tree
version=v4
num_class=1
num_tree_per_iteration=1
label_index=0
max_feature_idx=7
objective=regression
feature_names=Column_0 Column_1 Column_2 Column_3 Column_4 Column_5 Column_6 Column_7
feature_infos=[-1.570595979690552:1.570752859115601] [-1.570681214332581:1.5706571340560909] [-1.5706690549850459:1.5707360506057739] [-1.5702953338623051:1.5700980424880981] [-1.570364356040955:1.570599317550659] [-1.5702542066574101:1.5705970525741582] [-1.570304274559021:1.5705224275588989] [-1.5689036846160889:1.570236444473267]
tree_sizes=3078 3194 2996 2862 2653 2438 2156 2164 1661 1786 1516 1589 1587 1505 812 667 1662 1385 1453 376

Tree=0
num_leaves= 32
num_cat= 0
full_tree_array_lgbids= 0 1 3 4 2 7 8 12 21 5 14 26 9 16 13 23 20 24 28 11 6 17 15 27 29 25 10 19 30 18 22 -1 -25 -14 -22 -6 -26 -23 -30 -3 -13 -7 -8 -4 -19 -16 -17 -2 -29 -28 -31 -9 -27 -11 -12 -5 -21 -18 -32 -10 -20 -15 -24
split_feature= 2 4 2 2 2 6 5 4 6 3 5 1 1 3 6 5 0 5 5 5 6 4 5 5 5 0 5 3 0 0 1
split_gain= 107.644 23.4618 8.85922 5.65666 4.5944 4.21698 7.73069 3.40115 3.07424 2.79701 5.07481 2.5461 2.47582 2.31432 1.72887 2.3008 1.60982 1.39858 1.38897 1.38078 1.35222 1.18911 1.02974 0.987434 0.918013 0.882332 0.770713 0.902904 0.607897 0.504288 0.265608
threshold= 0.22240778803825376 -0.13487913459539411 -0.33504875004291529 0.831111639738083 -0.35692687332630152 1.0996640324592593 0.17076345533132556 -0.62264147400856007 0.23248040676116946 0.33348274230957037 -0.081027176231145845 -0.063510026782751069 -0.028266851790249341 0.047571904957294471 1.0996640324592593 -0.12362807989120483 0.48065467178821569 -1.3099576830863946 0.20172023028135302 0.90692374110221874 -1.1232284307479858 -0.9847588539123534 -0.88524380326271046 -0.84710562229156483 -0.89637285470962513 0.39113223552703863 -1.1129922270774844 -0.71507582068443287 0.62239006161689769 -0.26234114170074457 1.1314366459846499
decision_type= 2 2 2 2 2 2 2 2 2 2 2 2 2 2 2 2 2 2 2 2 2 2 2 2 2 2 2 2 2 2 2
left_child=1 4 5 7 12 11 -7 26 16 25 -11 -3 23 18 17 -16 19 -4 -10 -5 -14 24 -15 -1 -6 -9 27 -2 -23 -28 -18
right_child=3 2 14 8 21 6 -8 9 13 10 -12 -13 20 22 15 -17 30 -19 -20 -21 -22 28 -24 -25 -26 -27 29 -29 -30 -31 -32
leaf_value= 0.73410158763111721 0.68773465269904643 0.74576312192184147 0.71148853979584525 0.70572838207060729 0.71756021215053434 0.74459648144746271 0.70659498379572372 0.71618172766164567 0.70303461463790828 0.71463083717014075 0.69125707693110128 0.73621397801554389 0.72842719100532405 0.69636384723984901 0.72703529746200657 0.69548876485623845 0.69296731328049199 0.7280717060389289 0.68891320468961492 0.69321169944280825 0.71452330681801779 0.71745049404777961 0.68240325179970052 0.72375521021605105 0.7012707417551246 0.70808431163410079 0.70092590049137526 0.71675801006650219 0.70737397464394569 0.69204981261754484 0.70313676912358825
leaf_weight=124 17 546 60 476 48 107 108 344 185 170 209 586 86 71 48 47 266 464 120 115 482 215 266 461 182 241 126 41 101 204 37
leaf_count=124 17 546 60 476 48 107 108 344 185 170 209 586 86 71 48 47 266 464 120 115 482 215 266 461 182 241 126 41 101 204 37
model_size=3504
internal_value=0.715004 0.726381 0.733821 0.700565 0.717773 0.738376 0.725507 0.705287 0.696409 0.70848 0.701741 0.74082 0.721357 0.691109 0.72391 0.711428 0.700214 0.726173 0.697479 0.703293 0.716628 0.710203 0.685345 0.725948 0.70467 0.712846 0.697354 0.708251 0.71423 0.695439 0.694209
internal_weight=0 3665 1966 2888 1699 1347 215 1352 1536 964 379 1132 1153 642 619 95 894 524 305 591 568 546 337 585 230 585 388 58 316 330 303
internal_count=6553 3665 1966 2888 1699 1347 215 1352 1536 964 379 1132 1153 642 619 95 894 524 305 591 568 546 337 585 230 585 388 58 316 330 303
is_linear=0
shrinkage=1


Tree=1
num_leaves= 32
num_cat= 0
full_tree_array_lgbids= 0 1 3 6 2 10 7 14 24 4 18 15 11 17 8 21 16 28 25 9 5 22 19 29 26 27 12 23 30 20 13 -1 -23 -16 -18 -8 -30 -26 -27 -3 -11 -6 -7 -4 -24 -20 -21 -2 -31 -17 -28 -12 -29 -13 -14 -5 -25 -19 -32 -9 -22 -10 -15
split_feature= 2 4 2 2 5 6 2 6 3 4 6 3 5 5 0 4 5 0 6 3 5 4 5 5 6 3 3 7 3 5 7
split_gain= 86.9483 18.8179 7.164 4.47326 3.49951 7.83258 3.25284 2.7652 3.7478 2.15281 1.82428 3.50472 1.993 1.79475 1.78751 1.50658 1.41356 1.25999 1.15745 2.4999 0.980951 0.937844 0.855918 0.843617 0.830989 1.06058 0.589992 0.547333 0.473806 0.429175 0.00249413
threshold= 0.22240778803825376 -0.25070770084857935 -0.36874486505985254 0.6500774919986726 0.65354096889495861 0.42225234210491186 -0.35692687332630152 -0.08627330511808394 0.047571904957294471 0.56924891471862804 0.56632831692695629 -0.19819757342338556 -0.85936468839645375 -0.6967884600162505 -0.28396070003509516 -0.60982060432434071 -0.78617820143699635 0.46820004284381872 1.0996640324592593 0.2989127933979035 0.20172023028135302 -0.70120677351951588 -1.3099576830863946 1.1980468630790713 -0.5871194303035735 0.31131325662136083 -1.3288813829421993 -0.63094553351402272 -0.083273753523826585 -1.2652705907821657 -1.3497253656387327
decision_type= 2 2 2 2 2 2 2 2 2 2 2 2 2 2 2 2 2 2 2 2 2 2 2 2 2 2 2 2 2 2 2
left_child=1 6 4 10 9 -6 14 17 20 -3 15 27 -13 -10 21 29 -16 23 22 -20 -9 -1 -4 -5 28 -26 -17 -12 -8 -2 -19
right_child=3 2 18 7 5 -7 24 8 13 -11 11 12 -14 -15 16 26 -18 30 19 -21 -22 -23 -24 -25 25 -27 -28 -29 -30 -31 -32
leaf_value= 0.0064048114387390892 0.0047690336550162598 0.018401884147157314 -0.0025824752571777659 -0.0072116253591254249 0.024228242724984739 -0.0038281592378002962 -0.0052863421868784609 -0.0090822424219204612 -0.015188452361021624 0.028559743669367511 -0.012610995485738387 -0.0026173696110143941 -0.027659330331953242 -0.029913683519367885 0.010695058201733781 -0.014406983261661871 -0.0014988054723201229 -0.028868320855227388 0.010989642429922243 -0.021829866270788693 -0.019210110583017529 0.017395698757900393 0.011593666287685819 -0.020442068344079117 -0.002810194263516818 -0.015567297490148728 0.00088576625774712439 0.0054703559466214831 0.0092102781215754274 -0.014665668351728023 -0.016541564080684634
leaf_weight=283 22 409 65 538 256 172 74 289 129 549 36 47 160 366 152 42 473 22 64 44 212 160 534 75 208 144 409 87 78 159 295
leaf_count=283 22 409 65 538 256 172 74 289 129 549 36 47 160 366 152 42 473 22 64 44 212 160 534 75 208 144 409 87 78 159 295
model_size=3504
internal_value=0 0.0102399 0.016491 -0.0129949 0.0207429 0.0129532 0.00191704 -0.015853 -0.0196838 0.024223 -0.00727268 -0.0137169 -0.0219735 -0.0260762 0.0051616 -0.00390781 0.00146674 -0.0117504 0.00815556 -0.00238127 -0.0133679 0.0103744 0.0100554 -0.00883036 -0.00495833 -0.00802901 -0.000538392 0.000178253 0.00215271 -0.0123034 -0.017397
internal_weight=0 3665 2093 2888 1386 428 1572 1926 996 958 962 330 207 495 1068 632 625 930 707 108 501 443 599 613 504 352 451 123 152 181 317
internal_count=6553 3665 2093 2888 1386 428 1572 1926 996 958 962 330 207 495 1068 632 625 930 707 108 501 443 599 613 504 352 451 123 152 181 317
is_linear=0
shrinkage=0.1


Tree=2
num_leaves= 29
num_cat= 0
full_tree_array_lgbids= 0 1 2 6 3 8 7 23 12 4 17 16 9 14 18 -1 27 13 15 11 5 21 20 22 -18 24 10 26 19 25 -20 -2147483648 -2147483648 -25 -29 -8 -15 -14 -17 -3 -13 -6 -7 -5 -23 -19 -22 -2 -24 -2147483648 -2147483648 -10 -26 -11 -12 -4 -28 -16 -21 -9 -27 -2147483648 -2147483648
split_feature= 2 4 2 2 6 5 1 6 6 3 5 0 5 6 7 4 4 0 3 5 5 6 4 2 7 2 5 1
split_gain= 70.3694 15.509 5.29912 3.77435 2.46189 7.04557 2.15806 1.96796 1.84117 3.72301 2.32222 1.80854 1.47986 3.02254 1.33463 1.13658 1.09822 0.966363 0.926649 0.582062 0.438376 0.378587 0.374772 0.35302 0.277519 0.25259 0.210423 0.0607857
threshold= 0.11063466221094136 -0.13487913459539411 0.60325127840042125 -0.52795374393463124 0.63653609156608593 0.14603263139724734 -0.79297658801078785 0.81695055961608898 0.56632831692695629 -0.19819757342338556 -0.78617820143699635 0.065077152103185668 -0.77255976200103749 -0.26590463519096369 -1.1476808190345762 -0.81808331608772267 0.5883547067642213 0.20387880504131317 0.062065752223134048 0.67661032080650341 0.59622937440872203 0.20021943747997281 -1.2761357426643369 -1.1717493534088133 -0.76058852672576893 1.1354576945304873 -0.14943312853574753 -1.4288483262062073
decision_type= 2 2 2 2 2 2 2 2 2 2 2 2 2 2 2 2 2 2 2 2 2 2 2 2 2 2 2 2
left_child=1 6 8 4 11 -6 23 14 16 24 -11 -3 13 -8 26 -14 22 21 25 -16 -19 -5 -2 -1 -10 -9 -4 -25
right_child=2 3 7 17 5 -7 12 18 9 10 -12 -13 15 -15 19 -17 -18 20 -20 -21 -22 -23 -24 27 -26 -27 -28 -29
leaf_value= 0.018411708984870552 -0.016206899711922292 0.028960287409106222 -0.015544537839896018 0.018224033945757428 0.026214966212298619 -0.003368417516290008 0.018224722003695498 -0.0097139675929469801 -0.010893442953061877 0.00082371252905225989 -0.025365526538213168 0.018093400045802708 -0.0059967740628944369 -0.0032983218315236554 -0.0090596634919686853 0.0026325041334381077 0.0051254391605997911 0.0085497243181025875 -0.025488535839868418 -0.015326410511877431 -0.0039639478116187945 0.0085817741568288992 -0.0033186578847375428 0.01692200747999811 0.0067037457863556305 -0.021762016522956808 -0.028028270588997248 0.0052496306616567866
leaf_weight=86 62 390 99 232 185 161 149 135 33 53 184 388 490 156 974 402 232 218 252 392 86 168 423 54 105 90 88 266
leaf_count=86 62 390 99 232 185 161 149 135 33 53 184 388 490 156 974 402 232 218 252 392 86 168 423 54 105 90 88 266
model_size=3168
internal_value=0 0.00991817 -0.0108998 0.0163101 0.0201265 0.0124493 0.00262906 -0.0140545 -0.00503545 -0.0114112 -0.0195089 0.0235408 0.000267997 0.00721621 -0.0121297 -0.00210779 -0.00170086 0.0102168 -0.0203209 -0.010858 0.00500967 0.0141743 -0.00496623 0.00959014 0.00249572 -0.0145332 -0.0214192 0.00721934
internal_weight=0 3431 3122 1828 1124 346 1603 2030 1092 375 237 778 1197 305 1553 892 717 704 477 1366 304 400 485 406 138 225 187 320
internal_count=6553 3431 3122 1828 1124 346 1603 2030 1092 375 237 778 1197 305 1553 892 717 704 477 1366 304 400 485 406 138 225 187 320
is_linear=0
shrinkage=0.1


Tree=3
num_leaves= 27
num_cat= 0
full_tree_array_lgbids= 0 1 3 5 2 6 12 16 10 4 14 -2 7 21 13 22 24 11 17 19 9 18 15 -2147483648 -2147483648 25 8 -5 -23 23 20 -1 -24 -18 -26 -7 -13 -12 -19 -3 -21 -6 -11 -4 -20 -16 -17 -2147483648 -2147483648 -2147483648 -2147483648 -8 -27 -9 -10 -2147483648 -2147483648 -2147483648 -2147483648 -14 -25 -15 -22
split_feature= 2 4 2 2 1 0 4 3 5 6 6 5 6 5 3 6 1 4 5 4 3 0 4 3 5 0
split_gain= 56.856 11.9884 4.45837 2.73994 1.91659 1.78332 1.52437 1.32687 3.40182 1.04233 0.974701 1.30579 0.874458 0.961399 0.797249 2.40832 0.711445 0.525504 0.517763 0.466114 0.367857 0.16412 0.159078 0.139995 0.120851 0.0152398
threshold= 0.22240778803825376 -0.27586798369884485 -0.52795374393463124 0.89601022005081188 -0.4492183774709701 -0.15831713378429405 -0.62264147400856007 0.41326110064983373 0.37919975817203527 0.88111311197280895 -0.99024060368537892 0.029261186718940738 -0.10207844525575639 -0.41172227263450617 0.9665420949459077 0.16434586793184283 -0.028266851790249341 -1.2761357426643369 -1.2532984614372251 0.73437872529029857 -0.49994552135467524 0.49276305735111242 -1.4032559394836424 0.75222203135490429 -1.0718960165977478 0.88190972805023204
decision_type= 2 2 2 2 2 2 2 2 2 2 2 2 2 2 2 2 2 2 2 2 2 2 2 2 2 2
left_child=1 5 4 6 19 16 -2 25 -9 -6 11 -7 21 23 18 -16 22 -12 -4 -3 -15 -5 -1 -14 -18 -8
right_child=3 2 14 12 9 10 7 8 -10 -11 17 -13 13 20 15 -17 24 -19 -20 -21 -22 -23 -24 -25 -26 -27
leaf_value= -0.0036222725884900208 -0.013246716163107628 0.019040242290508977 -0.00083466292605461451 -0.0080065058082484271 0.016623810036511522 0.016789177670143547 0.00053665490493351117 -0.0021071420140935395 -0.023003553734563937 0.0052824023860773388 -0.012547620111215397 -0.0055792397990095596 -0.0075924505001037481 -0.014129545759388771 0.012222155000522941 -0.016351580647879269 0.013324161063955757 -0.0022106887624800411 0.011041710849690564 0.029498928088866467 -0.024397275177079347 -0.015673147961712701 0.011851008750660265 -0.02024720370064716 -0.00091991081613766615 -0.00707707950240569
leaf_weight=42 430 230 102 444 623 90 496 236 156 172 149 73 198 156 81 73 49 518 653 196 307 227 322 74 292 164
leaf_count=42 430 230 102 444 623 90 496 236 156 172 149 73 198 156 81 73 49 518 653 196 307 227 322 74 292 164
model_size=2944
internal_value=0 0.00831783 0.0133088 -0.0105557 0.0175481 0.00139229 -0.00720404 -0.00473413 -0.0104231 0.0141701 -0.0023024 0.00677142 -0.0140885 -0.0172732 0.00761434 -0.00132254 0.00574207 -0.00451984 0.00943722 0.0238522 -0.0209377 -0.0106001 0.0100656 -0.0110353 0.00112689 -0.00135524
internal_weight=0 3665 2130 2888 1221 1535 1482 1052 392 795 830 163 1406 735 909 154 705 667 755 426 463 671 364 272 341 660
internal_count=6553 3665 2130 2888 1221 1535 1482 1052 392 795 830 163 1406 735 909 154 705 667 755 426 463 671 364 272 341 660
is_linear=0
shrinkage=0.1


Tree=4
num_leaves= 24
num_cat= 0
full_tree_array_lgbids= 0 1 2 8 3 12 10 15 -10 5 4 18 13 16 11 -1 22 -2147483648 -2147483648 6 9 20 7 -2 -20 -14 14 -4 19 21 17 -2147483648 -2147483648 -17 -24 -2147483648 -2147483648 -2147483648 -2147483648 -3 -8 -7 -11 -5 -22 -6 -9 -2147483648 -2147483648 -2147483648 -2147483648 -2147483648 -2147483648 -15 -16 -2147483648 -2147483648 -18 -21 -12 -23 -13 -19
split_feature= 2 4 2 5 6 6 5 7 2 4 6 3 6 3 5 1 7 5 4 0 7 5 0
split_gain= 46.0746 9.82423 3.00489 2.35421 9.27996 3.11028 3.154 2.10864 1.49918 1.36603 1.26375 0.987234 0.903928 2.19998 1.24889 0.660251 0.350448 0.24352 0.229994 0.17759 0.175005 0.134677 0.0553165
threshold= 0.11063466221094136 -0.13487913459539411 0.52685046195983898 0.65354096889495861 -0.08627330511808394 -1.1006352305412288 -0.63327881693840016 0.13482514768838882 -0.35692687332630152 0.66168963909149181 0.51476114988327037 0.062065752223134048 0.40036414563655859 -0.17713720351457593 -0.25795789062976832 -0.028266851790249341 -1.1476808190345762 -0.88524380326271046 0.5883547067642213 0.31741669774055487 -0.57505470514297474 0.66465881466865551 -0.28396070003509516
decision_type= 2 2 2 2 2 2 2 2 2 2 2 2 2 2 2 2 2 2 2 2 2 2 2
left_child=1 8 12 5 20 6 -3 -6 15 -7 16 21 18 -14 -15 -1 -4 -13 -2 -18 -5 -12 -17
right_child=2 3 10 4 7 9 -8 -9 -10 -11 11 17 13 14 -16 22 19 -19 -20 -21 -22 -23 -24
leaf_value= 0.0081174820282573137 -0.0029280175534850163 -0.013304667147742803 -0.0167184990566198 0.012027464072141324 -0.014252309915207748 0.013229320577443825 0.015474162628691245 0.0057828060452847331 -0.0040376632402056006 0.022373660967015187 -0.0068790463767849147 -0.0099374951086313723 0.0023754795022533845 -0.0028586945309025513 -0.023597404716329807 0.0056526871969852649 -0.0054251434216579901 -0.023198898606748623 0.0067709069442673693 -0.011283494194002132 0.026505227048515476 -0.018882864871241078 -0.0026743735006681205
leaf_weight=585 364 86 180 71 168 475 112 133 450 615 253 82 149 77 142 237 758 302 178 538 168 99 331
leaf_count=585 364 86 180 71 168 475 112 133 450 615 253 82 149 77 142 237 758 302 178 538 168 99 331
model_size=2608
internal_value=0 0.00807357 -0.00887266 0.013301 0.00681769 0.0160191 0.00297427 -0.00539958 0.00211244 0.0183887 -0.0111315 -0.0155309 -0.00338196 -0.00874186 -0.0163057 0.00451275 -0.00893774 -0.020367 0.000257238 -0.00785708 0.0222043 -0.0102551 0.000800122
internal_weight=0 3431 3122 1828 540 1288 198 301 1603 1090 2212 736 910 368 219 1153 1476 384 542 1296 239 352 568
internal_count=6553 3431 3122 1828 540 1288 198 301 1603 1090 2212 736 910 368 219 1153 1476 384 542 1296 239 352 568
is_linear=0
shrinkage=0.1


Tree=5
num_leaves= 21
num_cat= 0
full_tree_array_lgbids= 0 1 2 8 3 6 16 13 -10 5 4 9 10 -4 17 -1 14 -2147483648 -2147483648 7 15 12 -6 19 18 -8 11 -2147483648 -2147483648 -18 -19 -2147483648 -2147483648 -15 -16 -2147483648 -2147483648 -2147483648 -2147483648 -3 -9 -7 -17 -5 -14 -2147483648 -2147483648 -2 -21 -11 -20 -2147483648 -2147483648 -12 -13 -2147483648 -2147483648 -2147483648 -2147483648 -2147483648 -2147483648 -2147483648 -2147483648
split_feature= 2 4 2 6 5 2 4 4 2 6 5 6 7 1 0 0 6 5 3 0
split_gain= 37.015 7.65224 2.29388 2.02168 4.02435 1.6182 1.21131 1.06809 0.908945 0.838217 0.735108 1.3944 0.619455 0.38549 0.292408 0.281857 0.196218 0.397557 0.168964 0.00806054
threshold= 0.11063466221094136 -0.13487913459539411 0.88075530529022228 1.0996640324592593 0.17076345533132556 -0.73440709710121144 0.29228626191616064 0.89232283830642711 -0.35692687332630152 0.82886412739753734 0.8343319594860078 0.085684716701507582 -0.72775903344154347 -1.1175977587699888 -0.28396070003509516 0.31741669774055487 -0.18491821736097333 -0.41172227263450617 -0.67650708556175221 0.25716689229011541
decision_type= 2 2 2 2 2 2 2 2 2 2 2 2 2 2 2 2 2 2 2 2
left_child=1 8 6 5 12 7 9 -3 13 19 -8 -12 -5 -1 -15 -7 -4 -18 -11 -2
right_child=2 3 16 4 -6 15 10 -9 -10 18 11 -13 -14 14 -16 -17 17 -19 -20 -21
leaf_value= 0.012676434464926939 -0.0024144313122732501 0.013579452525307865 -0.0082873295779472746 -0.002395693576918581 -0.011049946753638714 0.013087953425898788 0.0022099564780447899 0.024298722361208412 -0.0036338968081755514 -0.0026396067356163604 0.0026458634069079865 -0.021039853816513313 0.021323522665348333 0.0069393439548291738 -0.00049655247817322339 0.004829785797993728 -0.0085859477337078844 -0.017419227463709965 -0.019732881726490126 -0.0098703353874464855
leaf_weight=163 431 441 640 39 140 465 525 308 450 53 85 88 113 418 572 322 295 497 180 328
leaf_count=163 431 441 640 39 140 465 525 308 450 53 85 88 113 418 572 322 295 497 180 328
model_size=2272
internal_value=0 0.00726622 -0.00798539 0.0119709 0.00263402 0.0137459 -0.00499189 0.0179874 0.0019012 -0.00803418 -0.000668168 -0.00940236 0.0152377 0.00406147 0.00264305 0.00970914 -0.0115182 -0.0141291 -0.0158447 -0.00563648
internal_weight=0 3431 3122 1828 292 1536 1690 749 1603 992 698 173 152 1153 990 787 1432 792 233 759
internal_count=6553 3431 3122 1828 292 1536 1690 749 1603 992 698 173 152 1153 990 787 1432 792 233 759
is_linear=0
shrinkage=0.1


Tree=6
num_leaves= 17
num_cat= 0
full_tree_array_lgbids= 0 1 8 6 2 14 11 9 -8 4 3 -2 -16 12 -13 13 -11 -2147483648 -2147483648 5 10 15 7 -2147483648 -2147483648 -2147483648 -2147483648 -10 -14 -2147483648 -2147483648 -1 -15 -2147483648 -2147483648 -2147483648 -2147483648 -2147483648 -2147483648 -3 -7 -6 -12 -4 -17 -5 -9 -2147483648 -2147483648 -2147483648 -2147483648 -2147483648 -2147483648 -2147483648 -2147483648 -2147483648 -2147483648 -2147483648 -2147483648 -2147483648 -2147483648 -2147483648 -2147483648
split_feature= 2 4 5 6 6 5 2 7 7 4 2 2 4 6 3 6
split_gain= 29.818 6.20958 1.97355 7.49033 2.30696 3.19597 1.62432 1.15016 1.05614 0.734853 0.699238 0.423055 0.278666 0.0360617 0.0120811 0.00298908
threshold= 0.22240778803825376 0.29228626191616064 0.65354096889495861 0.16434586793184283 -0.89988881349563588 -0.62291163206100453 -0.35692687332630152 0.13482514768838882 -1.0123478770256038 -0.70120677351951588 -0.52795374393463124 0.89601022005081188 -0.5363030433654784 -0.95239326357841492 -0.059273347258567803 -0.49114532768726343
decision_type= 2 2 2 2 2 2 2 2 2 2 2 2 2 2 2 2
left_child=1 6 4 15 5 -3 9 -5 14 13 -6 12 -10 -1 -2 -4
right_child=8 2 3 7 10 -7 -8 -9 11 -11 -12 -13 -14 -15 -16 -17
leaf_value= 0.0089932735181853466 -0.0086382850898287355 -0.013275693289166236 0.023823124099640061 -0.017755886168346148 0.021549489867808511 0.015187700342812605 -0.0027777423744799472 0.0026532657711984629 -0.0089202427200212649 0.0082834202653034525 0.012123652597774757 -0.0091189565011795468 -0.0016193845459266905 -0.0010660861412211638 -0.018166080013697631 0.0087959408204859278
leaf_weight=149 242 92 143 132 464 128 704 94 395 761 374 1149 831 546 271 78
leaf_count=149 242 92 143 132 464 128 704 94 395 761 374 1149 831 546 271 78
model_size=1824
internal_value=0 0.00610105 0.0114646 0.00447074 0.0144195 0.00328483 0.00236392 -0.00926712 -0.00774251 0.00485 0.0173427 -0.00646185 -0.00397162 0.00109052 -0.0136715 0.0185194
internal_weight=0 3665 1505 447 1058 220 2160 226 2888 1456 838 2375 1226 695 513 221
internal_count=6553 3665 1505 447 1058 220 2160 226 2888 1456 838 2375 1226 695 513 221
is_linear=0
shrinkage=0.1


Tree=7
num_leaves= 17
num_cat= 0
full_tree_array_lgbids= 0 1 3 5 2 13 7 6 -7 4 9 -2 14 -5 10 -1 -8 -2147483648 -2147483648 8 -6 -4 -11 -2147483648 -2147483648 -15 15 -2147483648 -2147483648 12 11 -2147483648 -2147483648 -2147483648 -2147483648 -2147483648 -2147483648 -2147483648 -2147483648 -3 -10 -2147483648 -2147483648 -2147483648 -2147483648 -2147483648 -2147483648 -2147483648 -2147483648 -2147483648 -2147483648 -2147483648 -2147483648 -16 -17 -2147483648 -2147483648 -2147483648 -2147483648 -9 -14 -12 -13
split_feature= 2 4 0 2 1 5 6 7 2 2 5 3 0 6 3 5
split_gain= 23.8676 4.78758 1.47841 1.17422 0.691473 0.540358 1.5136 0.439971 0.154944 0.118556 0.0505364 0.988303 0.103375 0.00323525 0.952923 0.332783
threshold= 0.11063466221094136 -0.47479055821895594 0.53016069531440746 0.47420810163021093 -0.051532631739974015 -0.95036792755126931 -0.30622373521327967 -1.2809419631958008 -0.36874486505985254 -0.33504875004291529 0.4545369297266007 -0.10433290526270864 0.31741669774055487 0.40036414563655859 0.22494059801101687 -0.78617820143699635
decision_type= 2 2 2 2 2 2 2 2 2 2 2 2 2 2 2 2
left_child=1 5 4 13 8 6 -1 -5 -3 -4 12 -12 -9 -2 -15 -16
right_child=3 2 9 7 -6 -7 -8 10 -10 -11 11 -13 -14 14 15 -17
leaf_value= 0.02075708432057214 0.0015751968572305431 0.017988189166960541 0.0066831180484656144 -0.016497440483686256 0.0079197719923889531 -0.0016344151757279003 -0.0011717431731590063 -0.0028953311757340524 0.0083105130068628422 -0.0029223055562551197 -0.0046767496840024085 -0.015664157878070389 -0.0093587717809845185 0.001006998377649092 0.0058861862695603461 -0.021252593126181246
leaf_weight=99 469 514 548 216 743 978 137 842 211 201 346 404 534 172 27 112
leaf_count=99 469 514 548 216 743 978 137 842 211 201 346 404 534 172 27 112
model_size=1824
internal_value=0 0.00590346 0.00900262 -0.00648775 0.0115013 0.000243793 0.00802721 -0.0080894 0.0151717 0.00410543 -0.00723515 -0.0105953 -0.00540367 -0.00167871 -0.00658572 -0.015981
internal_weight=0 3431 2217 3122 1468 1214 236 2342 725 749 2126 750 1376 780 311 139
internal_count=6553 3431 2217 3122 1468 1214 236 2342 725 749 2126 750 1376 780 311 139
is_linear=0
shrinkage=0.1


Tree=8
num_leaves= 10
num_cat= 0
full_tree_array_lgbids= 0 1 2 5 3 4 6 -1 -7 -3 -5 -2 7 -4 -8 -2147483648 -2147483648 -2147483648 -2147483648 -2147483648 -2147483648 -2147483648 -2147483648 -2147483648 -2147483648 -6 8 -2147483648 -2147483648 -2147483648 -2147483648 -2147483648 -2147483648 -2147483648 -2147483648 -2147483648 -2147483648 -2147483648 -2147483648 -2147483648 -2147483648 -2147483648 -2147483648 -2147483648 -2147483648 -2147483648 -2147483648 -2147483648 -2147483648 -2147483648 -2147483648 -2147483648 -2147483648 -9 -10 -2147483648 -2147483648 -2147483648 -2147483648 -2147483648 -2147483648 -2147483648 -2147483648
split_feature= 2 4 2 1 0 4 6 5 3
split_gain= 19.224 3.90026 2.50556 0.612384 0.35587 0.265637 0.112269 0.0230027 2.86089
threshold= -0.21647498756647107 0.56924891471862804 0.47420810163021093 -0.051532631739974015 -1.2824143767356868 -0.77998724579811085 0.81695055961608898 0.18079009652137759 0.32302890717983251
decision_type= 2 2 2 2 2 2 2 2 2
left_child=1 5 4 -3 -2 -1 -4 -6 -9
right_child=2 3 6 -5 7 -7 -8 8 -10
leaf_value= -0.00014675762343459712 0.0093348139325777693 0.017964897960836442 -0.005874757530692715 0.008587504146820444 0.00091378325662277201 0.0058839272138537999 -0.011691287227961512 0.0013780553666373392 -0.016366523779834923
leaf_weight=720 150 408 1776 487 745 1141 566 339 221
leaf_count=720 150 408 1776 487 745 1141 566 339 221
model_size=1040
internal_value=0 0.00657463 -0.00477211 0.0128623 -0.000734605 0.00355072 -0.00728046 -0.00189201 -0.00562472
internal_weight=0 2756 3797 895 1455 1861 2342 1305 560
internal_count=6553 2756 3797 895 1455 1861 2342 1305 560
is_linear=0
shrinkage=0.1


Tree=9
num_leaves= 12
num_cat= 0
full_tree_array_lgbids= 0 1 2 8 3 6 10 -1 9 -3 4 -2 -8 -4 -12 -2147483648 -2147483648 -10 -11 -2147483648 -2147483648 7 5 -2147483648 -2147483648 -2147483648 -2147483648 -2147483648 -2147483648 -2147483648 -2147483648 -2147483648 -2147483648 -2147483648 -2147483648 -2147483648 -2147483648 -2147483648 -2147483648 -2147483648 -2147483648 -2147483648 -2147483648 -5 -9 -6 -7 -2147483648 -2147483648 -2147483648 -2147483648 -2147483648 -2147483648 -2147483648 -2147483648 -2147483648 -2147483648 -2147483648 -2147483648 -2147483648 -2147483648 -2147483648 -2147483648
split_feature= 2 4 2 1 5 6 0 7 1 0 7
split_gain= 15.3108 2.50063 1.83153 0.304892 0.173664 1.51143 0.15817 0.109289 0.0471778 0.039896 0.027938
threshold= -0.24277038127183911 0.56924891471862804 0.4504156112670899 -1.3718686103820799 1.0709915757179262 -0.24426137655973432 0.34253489971160894 1.2522990703582761 -0.72185000777244557 -0.61639648675918568 -1.1613988280296323
decision_type= 2 2 2 2 2 2 2 2 2 2 2
left_child=1 8 6 -3 7 -6 -2 -5 -1 -10 -4
right_child=2 3 10 4 5 -7 -8 -9 9 -11 -12
leaf_value= 0.008003600050893336 0.002250756831369083 0.029062679585499258 -0.012724218010752051 0.013941082499832266 0.018980560673154751 -0.011003624889001784 -0.0043924093825246776 -0.0016052993099271717 0.0068439040075661973 -0.00045135377062220931 -0.0055319065629828622
leaf_weight=496 849 52 319 617 53 84 606 70 389 943 2075
leaf_count=496 849 52 319 617 53 84 606 70 389 943 2075
model_size=1264
internal_value=0 0.00602391 -0.00423191 0.0115094 0.0104016 0.000596097 -0.000516088 0.012357 0.00339521 0.00167917 -0.00649028
internal_weight=0 2704 3849 876 824 137 1455 687 1828 1332 2394
internal_count=6553 2704 3849 876 824 137 1455 687 1828 1332 2394
is_linear=0
shrinkage=0.1


Tree=10
num_leaves= 8
num_cat= 0
full_tree_array_lgbids= 0 2 1 -1 4 3 -3 -2147483648 -2147483648 -4 5 -2 -5 -2147483648 -2147483648 -2147483648 -2147483648 -2147483648 -2147483648 -2147483648 -2147483648 -6 6 -2147483648 -2147483648 -2147483648 -2147483648 -2147483648 -2147483648 -2147483648 -2147483648 -2147483648 -2147483648 -2147483648 -2147483648 -2147483648 -2147483648 -2147483648 -2147483648 -2147483648 -2147483648 -2147483648 -2147483648 -2147483648 -2147483648 -7 -8 -2147483648 -2147483648 -2147483648 -2147483648 -2147483648 -2147483648 -2147483648 -2147483648 -2147483648 -2147483648 -2147483648 -2147483648 -2147483648 -2147483648 -2147483648 -2147483648
split_feature= 2 2 4 4 1 6 5
split_gain= 12.0742 1.54775 1.39389 0.682894 0.174622 0.0453499 1.80476
threshold= -0.31999127566814417 0.70152944326400768 -0.47479055821895594 0.26278324425220495 -0.72185000777244557 0.71536892652511608 -0.14943312853574753
decision_type= 2 2 2 2 2 2 2
left_child=2 3 -1 -2 -4 -6 -7
right_child=1 -3 4 -5 5 6 -8
leaf_value= 0.001074735331898079 -0.0038080338039850562 -0.0066394153355841916 0.01345080107088957 0.0025777587472339443 0.0085169337844240977 0.011564172335431741 -0.00782958603061586
leaf_weight=880 1262 1822 436 921 876 157 199
leaf_count=880 1262 1822 436 921 876 157 199
model_size=816
internal_value=0 -0.00362762 0.00570198 -0.00111389 0.00814321 0.00626487 0.000723279
internal_weight=0 4005 2548 2183 1668 1232 356
internal_count=6553 4005 2548 2183 1668 1232 356
is_linear=0
shrinkage=0.1


Tree=11
num_leaves= 9
num_cat= 0
full_tree_array_lgbids= 0 1 3 -1 2 -2 4 -2147483648 -2147483648 6 -4 -2147483648 -2147483648 -5 5 -2147483648 -2147483648 -2147483648 -2147483648 -3 7 -2147483648 -2147483648 -2147483648 -2147483648 -2147483648 -2147483648 -2147483648 -2147483648 -6 -7 -2147483648 -2147483648 -2147483648 -2147483648 -2147483648 -2147483648 -2147483648 -2147483648 -2147483648 -2147483648 -8 -9 -2147483648 -2147483648 -2147483648 -2147483648 -2147483648 -2147483648 -2147483648 -2147483648 -2147483648 -2147483648 -2147483648 -2147483648 -2147483648 -2147483648 -2147483648 -2147483648 -2147483648 -2147483648 -2147483648 -2147483648
split_feature= 2 4 0 6 3 5 6 5
split_gain= 9.70379 1.90959 0.847585 0.220618 0.776836 0.629717 0.1327 1.51316
threshold= 0.22240778803825376 -0.77998724579811085 0.24408297240734103 0.48795536160469061 -0.68933159112930287 -0.78617820143699635 0.75538641214370739 0.12283720821142197
decision_type= 2 2 2 2 2 2 2 2
left_child=1 -1 6 -2 -5 -6 -3 -8
right_child=3 2 -4 4 5 -7 7 -9
leaf_value= -0.0014545676768694541 -0.0028663744383200817 0.010025678188583263 0.0020036928558724615 -9.7560399732836805e-05 -0.0010259142170167144 -0.013905857809618847 0.010814734664333539 -0.0059618400751822523
leaf_weight=963 1883 1138 1129 269 170 566 226 209
leaf_count=963 1883 1138 1129 269 170 566 226 209
model_size=928
internal_value=0 0.00367497 0.00550314 -0.00466369 -0.00803121 -0.0109309 0.00801483 0.00275427
internal_weight=0 3665 2702 2888 1005 736 1573 435
internal_count=6553 3665 2702 2888 1005 736 1573 435
is_linear=0
shrinkage=0.1


Tree=12
num_leaves= 9
num_cat= 0
full_tree_array_lgbids= 0 5 1 7 -7 4 2 -1 -9 -2147483648 -2147483648 -2 -6 -3 3 -2147483648 -2147483648 -2147483648 -2147483648 -2147483648 -2147483648 -2147483648 -2147483648 -2147483648 -2147483648 -2147483648 -2147483648 -2147483648 -2147483648 6 -5 -2147483648 -2147483648 -2147483648 -2147483648 -2147483648 -2147483648 -2147483648 -2147483648 -2147483648 -2147483648 -2147483648 -2147483648 -2147483648 -2147483648 -2147483648 -2147483648 -2147483648 -2147483648 -2147483648 -2147483648 -2147483648 -2147483648 -2147483648 -2147483648 -2147483648 -2147483648 -2147483648 -2147483648 -4 -8 -2147483648 -2147483648
split_feature= 2 5 3 6 0 4 7 1
split_gain= 7.89705 0.828533 4.54235 1.17647 0.79826 0.726249 0.0793477 0.0692317
threshold= -0.33504875004291529 0.4545369297266007 -0.25675596296787256 -0.5871194303035735 0.30019079148769384 0.8823601007461549 -0.57505470514297474 -0.041156854480504983
decision_type= 2 2 2 2 2 2 2 2
left_child=5 4 -3 6 -2 7 -4 -1
right_child=1 2 3 -5 -6 -7 -8 -9
leaf_value= 0.0061135102972203204 0.0012553874491976174 0.0012687642736176107 -0.014859113722848587 -0.015881877975997851 -0.0048689959875980668 0.010451679818079825 0.0030555689234601996 0.00028629462336480138
leaf_weight=975 1566 600 78 565 1067 563 155 984
leaf_count=975 1566 600 78 565 1067 563 155 984
model_size=928
internal_value=0 -0.00300836 -0.00636438 -0.0121036 -0.00122646 0.00480836 -0.00294162 0.00318652
internal_weight=0 4031 1398 798 2633 2522 233 1959
internal_count=6553 4031 1398 798 2633 2522 233 1959
is_linear=0
shrinkage=0.1


Tree=13
num_leaves= 8
num_cat= 0
full_tree_array_lgbids= 0 1 -2 -1 2 -2147483648 -2147483648 -2147483648 -2147483648 4 3 -2147483648 -2147483648 -2147483648 -2147483648 -2147483648 -2147483648 -2147483648 -2147483648 5 -6 -4 6 -2147483648 -2147483648 -2147483648 -2147483648 -2147483648 -2147483648 -2147483648 -2147483648 -2147483648 -2147483648 -2147483648 -2147483648 -2147483648 -2147483648 -2147483648 -2147483648 -3 -7 -2147483648 -2147483648 -2147483648 -2147483648 -5 -8 -2147483648 -2147483648 -2147483648 -2147483648 -2147483648 -2147483648 -2147483648 -2147483648 -2147483648 -2147483648 -2147483648 -2147483648 -2147483648 -2147483648 -2147483648 -2147483648
split_feature= 2 4 5 6 6 5 3
split_gain= 6.27394 0.998954 0.62577 4.86229 1.32497 1.55757 0.241098
threshold= 0.29799550771713262 0.29228626191616064 0.65354096889495861 0.22223679721355438 -1.1006352305412288 -0.29158644378185267 0.03902785666286946
decision_type= 2 2 2 2 2 2 2
left_child=1 -1 4 -4 5 -3 -5
right_child=-2 2 3 6 -6 -7 -8
leaf_value= 0.00073902794523273948 -0.0041079691132623773 -0.015891246756717086 0.011678442923536848 -0.0030015396555232951 0.010696868111877238 0.012579007888801725 -0.021177227096737004
leaf_weight=2247 2732 94 242 117 942 68 111
leaf_count=2247 2732 94 242 117 942 68 111
model_size=816
internal_value=0 0.00293718 0.00607521 0.000264534 0.00854895 -0.00394077 -0.0118502
internal_weight=0 3821 1574 470 1104 162 228
internal_count=6553 3821 1574 470 1104 162 228
is_linear=0
shrinkage=0.1


Tree=14
num_leaves= 6
num_cat= 0
full_tree_array_lgbids= 0 4 1 -1 -6 2 3 -2147483648 -2147483648 -2147483648 -2147483648 -2 -4 -3 -5
split_feature= 2 7 3 4 1
split_gain= 5.03136 0.512082 0.453611 0.357845 0.108823
threshold= -0.36874486505985254 -0.63094553351402272 0.38624238967895513 0.64830824732780468 -0.041156854480504983
decision_type= 2 2 2 2 2
left_child=4 2 -2 -3 -1
right_child=1 3 -4 -5 -6
leaf_value= 0.0069355469905385513 -0.0027118425223200274 -0.0026947627610093938 -0.011304474241952314 0.0031153079532672315 0.0015228497026361372
leaf_weight=1186 750 2030 470 859 1258
leaf_count=1186 750 2030 470 859 1258
model_size=592
internal_value=0 -0.00246807 -0.00602212 -0.000967227 0.00414947
internal_weight=0 4109 1220 2889 2444
internal_count=6553 4109 1220 2889 2444
is_linear=0
shrinkage=0.1


Tree=15
num_leaves= 4
num_cat= 0
full_tree_array_lgbids= 0 1 -2 2 -3 -2147483648 -2147483648 -1 -4 -2147483648 -2147483648 -2147483648 -2147483648 -2147483648 -2147483648
split_feature= 2 0 1
split_gain= 3.9835 0.899389 0.156037
threshold= 0.4504156112670899 0.25716689229011541 -0.041156854480504983
decision_type= 2 2 2
left_child=1 2 -1
right_child=-2 -3 -4
leaf_value= 0.0071363507073049339 -0.0038854180239877947 -0.00072322767689341416 0.0015846906360952831
leaf_weight=1210 2394 1736 1213
leaf_count=1210 2394 1736 1213
model_size=368
internal_value=0 0.00223652 0.00435708
internal_weight=0 4159 2423
internal_count=6553 4159 2423
is_linear=0
shrinkage=0.1


Tree=16
num_leaves= 10
num_cat= 0
full_tree_array_lgbids= 0 -1 1 -2147483648 -2147483648 4 2 -2147483648 -2147483648 -2147483648 -2147483648 5 6 -3 3 -2147483648 -2147483648 -2147483648 -2147483648 -2147483648 -2147483648 -2147483648 -2147483648 -2 -7 8 7 -2147483648 -2147483648 -4 -5 -2147483648 -2147483648 -2147483648 -2147483648 -2147483648 -2147483648 -2147483648 -2147483648 -2147483648 -2147483648 -2147483648 -2147483648 -2147483648 -2147483648 -2147483648 -2147483648 -2147483648 -2147483648 -2147483648 -2147483648 -6 -10 -8 -9 -2147483648 -2147483648 -2147483648 -2147483648 -2147483648 -2147483648 -2147483648 -2147483648
split_feature= 2 6 3 5 3 5 5 3 0
split_gain= 3.38859 0.615714 3.43255 0.867595 0.197703 3.14657 1.32508 1.26974 0.167561
threshold= -0.73440709710121144 0.48795536160469061 0.03902785666286946 -0.88524380326271046 -1.1720492243766782 -0.3474139124155044 0.69890433549880993 0.46739728748798381 0.20387880504131317
decision_type= 2 2 2 2 2 2 2 2 2
left_child=-1 4 -3 -4 5 -2 8 -8 -6
right_child=1 2 3 -5 6 -7 7 -9 -10
leaf_value= 0.0047889759316997425 -0.018452125875124716 0.0010422391883396422 0.00071382767711225797 -0.012720799400827716 0.0057216451957578865 0.0029874989522059229 0.00040623871194392917 -0.012642214424307095 -0.00051432622407932243
leaf_weight=1664 186 829 181 698 1124 247 473 282 869
leaf_count=1664 186 829 181 698 1124 247 473 282 869
model_size=1040
internal_value=0 -0.00162996 -0.00461704 -0.0099544 -2.60789e-05 -0.00622213 0.000950228 -0.00446749 0.0030026
internal_weight=0 4889 1708 879 3181 433 2748 755 1993
internal_count=6553 4889 1708 879 3181 433 2748 755 1993
is_linear=0
shrinkage=0.1


Tree=17
num_leaves= 6
num_cat= 0
full_tree_array_lgbids= 0 -1 1 -2147483648 -2147483648 -2 2 -2147483648 -2147483648 -2147483648 -2147483648 -2147483648 -2147483648 -3 3 -2147483648 -2147483648 -2147483648 -2147483648 -2147483648 -2147483648 -2147483648 -2147483648 -2147483648 -2147483648 -2147483648 -2147483648 -2147483648 -2147483648 -4 4 -2147483648 -2147483648 -2147483648 -2147483648 -2147483648 -2147483648 -2147483648 -2147483648 -2147483648 -2147483648 -2147483648 -2147483648 -2147483648 -2147483648 -2147483648 -2147483648 -2147483648 -2147483648 -2147483648 -2147483648 -2147483648 -2147483648 -2147483648 -2147483648 -2147483648 -2147483648 -2147483648 -2147483648 -2147483648 -2147483648 -5 -6
split_feature= 2 7 4 3 6
split_gain= 2.45404 0.199548 0.304324 0.118254 1.01299
threshold= -0.62022417783737172 -1.2686905264854433 -0.3957854956388473 0.77286869287490856 -0.10207844525575639
decision_type= 2 2 2 2 2
left_child=-1 -2 -3 -4 -5
right_child=1 2 3 4 -6
leaf_value= 0.0039813767796584047 -0.0080628222088202899 -0.0038462780661627318 0.0022733687838102212 0.0033759078802132422 -0.0099729146204378324
leaf_weight=1898 434 1576 2007 285 353
leaf_count=1898 434 1576 2007 285 353
model_size=592
internal_value=0 -0.00162334 -0.000961239 0.000757787 -0.00400988
internal_weight=0 4655 4221 2645 638
internal_count=6553 4655 4221 2645 638
is_linear=0
shrinkage=0.1


Tree=18
num_leaves= 7
num_cat= 0
full_tree_array_lgbids= 0 1 -2 -1 2 -2147483648 -2147483648 -2147483648 -2147483648 -3 3 -2147483648 -2147483648 -2147483648 -2147483648 -2147483648 -2147483648 -2147483648 -2147483648 -2147483648 -2147483648 5 4 -2147483648 -2147483648 -2147483648 -2147483648 -2147483648 -2147483648 -2147483648 -2147483648 -2147483648 -2147483648 -2147483648 -2147483648 -2147483648 -2147483648 -2147483648 -2147483648 -2147483648 -2147483648 -2147483648 -2147483648 -4 -7 -5 -6 -2147483648 -2147483648 -2147483648 -2147483648 -2147483648 -2147483648 -2147483648 -2147483648 -2147483648 -2147483648 -2147483648 -2147483648 -2147483648 -2147483648 -2147483648 -2147483648
split_feature= 2 1 4 6 5 5
split_gain= 1.96083 0.570886 0.476397 0.204292 2.84232 0.0816058
threshold= 0.59416678547859203 -1.1882524490356443 -0.67562311887741078 0.64664298295974743 -0.18833094090223307 -1.3099576830863946
decision_type= 2 2 2 2 2 2
left_child=1 -1 -3 5 -5 -4
right_child=-2 2 3 4 -6 -7
leaf_value= 0.0078978661634549231 -0.003552560079441425 -0.0030214249669827217 -0.0059245794826314202 0.0067878545478771563 -0.0083762326453492211 0.0050075056629689668
leaf_weight=536 2056 1139 176 357 473 1816
leaf_count=536 2056 1139 176 357 473 1816
model_size=704
internal_value=0 0.00162421 0.000775261 0.00230766 -0.00185385 0.00404162
internal_weight=0 4497 3961 2822 830 1992
internal_count=6553 4497 3961 2822 830 1992
is_linear=0
shrinkage=0.1


Tree=19
num_leaves= 2
num_cat= 0
full_tree_array_lgbids= 0 -1 -2
split_feature= 2
split_gain= 1.28089
threshold= -0.6779712140560149
decision_type= 2
left_child=-1
right_child=-2
leaf_value= 0.0035698440623930512 -0.001345723928668662
leaf_weight=1794 4759
leaf_count=1794 4759
model_size=144
internal_value=0
internal_weight=0
internal_count=6553
is_linear=0
shrinkage=0.1


end of trees

feature_importances:
Column_5=55
Column_2=46
Column_6=43
Column_4=37
Column_3=30
Column_0=25
Column_1=18
Column_7=16

parameters:
[boosting: gbdt]
[objective: regression]
[metric: rmse]
[tree_learner: serial]
[device_type: cpu]
[data_sample_strategy: bagging]
[data: data/kin8nm.libsvm.train]
[valid: data/kin8nm.libsvm.test]
[num_iterations: 20]
[learning_rate: 0.1]
[num_leaves: 255]
[num_threads: 0]
[seed: 42]
[deterministic: 0]
[force_col_wise: 0]
[force_row_wise: 0]
[histogram_pool_size: -1]
[max_depth: 5]
[min_data_in_leaf: 10]
[min_sum_hessian_in_leaf: 0.001]
[bagging_fraction: 1]
[pos_bagging_fraction: 1]
[neg_bagging_fraction: 1]
[bagging_freq: 0]
[bagging_seed: 400]
[feature_fraction: 1]
[feature_fraction_bynode: 1]
[feature_fraction_seed: 30056]
[extra_trees: 0]
[extra_seed: 12879]
[early_stopping_round: 0]
[early_stopping_min_delta: 0]
[first_metric_only: 0]
[max_delta_step: 0]
[lambda_l1: 0]
[lambda_l2: 0]
[linear_lambda: 0]
[min_gain_to_split: 0]
[drop_rate: 0.1]
[max_drop: 50]
[skip_drop: 0.5]
[xgboost_dart_mode: 0]
[uniform_drop: 0]
[drop_seed: 17869]
[top_rate: 0.2]
[other_rate: 0.1]
[min_data_per_group: 100]
[max_cat_threshold: 32]
[cat_l2: 10]
[cat_smooth: 10]
[max_cat_to_onehot: 4]
[top_k: 20]
[monotone_constraints: ]
[monotone_constraints_method: basic]
[monotone_penalty: 0]
[feature_contri: ]
[forcedsplits_filename: ]
[refit_decay_rate: 0.9]
[tinygbdt_penalty_feature: 0.000976562]
[tinygbdt_penalty_split: 0.00390625]
[tinygbdt_forestsize: 64000]
[tinygbdt_precision: 7]
[cegb_tradeoff: 1]
[cegb_penalty_split: 0]
[cegb_penalty_feature_lazy: ]
[cegb_penalty_feature_coupled: ]
[path_smooth: 0]
[interaction_constraints: ]
[verbosity: 2]
[saved_feature_importance_type: 0]
[use_quantized_grad: 0]
[num_grad_quant_bins: 4]
[quant_train_renew_leaf: 0]
[stochastic_rounding: 1]
[linear_tree: 0]
[max_bin: 255]
[max_bin_by_feature: ]
[min_data_in_bin: 3]
[bin_construct_sample_cnt: 200000]
[data_random_seed: 175]
[is_enable_sparse: 1]
[enable_bundle: 1]
[use_missing: 1]
[zero_as_missing: 0]
[feature_pre_filter: 1]
[pre_partition: 0]
[two_round: 0]
[header: 0]
[label_column: ]
[weight_column: ]
[group_column: ]
[ignore_column: ]
[categorical_feature: ]
[forcedbins_filename: ]
[precise_float_parser: 0]
[parser_config_file: ]
[objective_seed: 16083]
[num_class: 1]
[is_unbalance: 0]
[scale_pos_weight: 1]
[sigmoid: 1]
[boost_from_average: 1]
[reg_sqrt: 0]
[alpha: 0.9]
[fair_c: 1]
[poisson_max_delta_step: 0.7]
[tweedie_variance_power: 1.5]
[lambdarank_truncation_level: 30]
[lambdarank_norm: 1]
[label_gain: ]
[lambdarank_position_bias_regularization: 0]
[eval_at: ]
[multi_error_top_k: 1]
[auc_mu_weights: ]
[num_machines: 1]
[local_listen_port: 12400]
[time_out: 120]
[machine_list_filename: ]
[machines: ]
[gpu_platform_id: -1]
[gpu_device_id: -1]
[gpu_use_dp: 0]
[num_gpu: 1]

end of parameters
