tree
version=v4
num_class=1
num_tree_per_iteration=1
label_index=0
max_feature_idx=7
objective=regression
feature_names=Column_0 Column_1 Column_2 Column_3 Column_4 Column_5 Column_6 Column_7
feature_infos=[-1.570595979690552:1.570752859115601] [-1.570681214332581:1.5706571340560909] [-1.5706690549850459:1.5707360506057739] [-1.5702953338623051:1.5700980424880981] [-1.570364356040955:1.570599317550659] [-1.5702542066574101:1.5705970525741582] [-1.570304274559021:1.5705224275588989] [-1.5689036846160889:1.570236444473267]
tree_sizes=8083 7478 6413 5826 3770 3215 3206 3139 3350 2646 2922 2355 1137 1733 739 1074 1880 4332 4033 1384 664 501 2863 1384 502 379 379 735 1730 931

Tree=0
num_leaves= 72
num_cat= 0
full_tree_array_lgbids= 0 1 3 4 2 7 8 13 28 5 16 48 9 18 14 36 26 40 57 12 6 22 17 49 67 44 10 25 -20 24 33 38 46 50 29 70 56 60 -59 15 30 45 51 23 27 21 35 -2 -51 -50 -69 47 54 20 11 65 52 -2147483648 -2147483648 -10 -26 68 -35 63 -40 62 55 -15 -52 41 37 -6 -72 -42 -58 -30 69 -2147483648 -2147483648 39 34 64 43 -7 -47 -8 -53 58 42 53 31 -18 -23 -19 -37 -2147483648 -2147483648 -2147483648 -2147483648 -2147483648 -2147483648 -2147483648 -2147483648 -9 66 -46 59 -11 32 19 -13 -5 -67 -27 61 -2147483648 -2147483648 -2147483648 -2147483648 -2147483648 -2147483648 -2147483648 -2147483648 -16 -70 -2147483648 -2147483648 -1 -65 -2147483648 -2147483648 -38 -64 -48 -57 -2147483648 -2147483648 -2147483648 -2147483648 -28 -43 -31 -39 -2147483648 -2147483648 -2147483648 -2147483648 -2147483648 -2147483648 -2147483648 -2147483648 -2147483648 -2147483648 -62 -71 -2147483648 -2147483648 -2147483648 -2147483648 -3 -41 -17 -36 -14 -66 -32 -45 -2147483648 -2147483648 -2147483648 -2147483648 -2147483648 -2147483648 -2147483648 -2147483648 -4 -60 -25 -44 -24 -55 -29 -33 -2147483648 -2147483648 -2147483648 -2147483648 -2147483648 -2147483648 -2147483648 -2147483648 -2147483648 -2147483648 -2147483648 -2147483648 -2147483648 -2147483648 -2147483648 -2147483648 -2147483648 -2147483648 -2147483648 -2147483648 -2147483648 -2147483648 -2147483648 -2147483648 -2147483648 -2147483648 -49 -68 -2147483648 -2147483648 -56 -61 -2147483648 -2147483648 -22 -34 -12 -21 -2147483648 -2147483648 -2147483648 -2147483648 -2147483648 -2147483648 -2147483648 -2147483648 -54 -63 -2147483648 -2147483648 -2147483648 -2147483648 -2147483648 -2147483648 -2147483648 -2147483648 -2147483648 -2147483648 -2147483648 -2147483648 -2147483648 -2147483648 -2147483648 -2147483648 -2147483648 -2147483648 -2147483648 -2147483648 -2147483648 -2147483648 -2147483648 -2147483648
split_feature= 2 4 2 2 2 6 5 4 6 3 5 6 1 1 3 4 6 5 0 7 6 3 5 6 5 5 6 0 4 5 0 3 7 5 6 3 5 0 6 0 5 6 7 5 0 5 4 1 5 3 5 7 3 1 6 0 4 0 4 7 5 7 1 3 7 7 3 0 7 3 6
split_gain= 107.152 22.9726 8.37289 5.16741 4.10807 3.73358 7.25608 2.92069 2.59377 2.32826 4.61192 3.60484 2.07149 1.99828 1.8485 1.26388 1.24548 1.84767 1.144 1.00224 0.98567 0.971603 0.945451 0.985656 0.936826 0.933517 0.897141 0.726745 0.711576 0.648919 0.625475 0.613056 0.599764 0.577591 0.559559 0.549971 0.532356 0.529927 0.504105 0.493117 0.480513 0.462911 0.44497 0.437551 0.419441 0.401965 0.379209 0.353101 0.301963 0.46638 0.297954 0.294988 0.28949 0.282319 0.239715 0.198711 0.1869 0.170397 0.142022 0.131967 0.125828 0.115933 0.108871 0.103174 0.0916569 0.08703 0.0865152 0.0677646 0.0568387 0.0541626 0.015155
threshold= 0.22240778803825376 -0.13487913459539411 -0.33504875004291529 0.831111639738083 -0.35692687332630152 1.0996640324592593 0.17076345533132556 -0.62264147400856007 0.23248040676116946 0.33348274230957037 -0.081027176231145845 0.05517734773457051 -0.063510026782751069 -0.028266851790249341 0.047571904957294471 0.85643300414085399 1.0996640324592593 -0.12362807989120483 0.48065467178821569 -0.84866309165954579 0.33271835744380956 0.63822954893112194 -1.3099576830863946 -0.21962230652570722 0.20172023028135302 0.90692374110221874 -1.1232284307479858 -1.1402159929275513 -0.9847588539123534 -1.2652705907821657 -0.42838852107524866 0.7839358150959016 -0.65860617160797108 -0.88524380326271046 -1.0479806065559383 -0.66475412249565113 -0.84710562229156483 -0.28396070003509516 0.108576238155365 0.55547255277633678 -0.89637285470962513 -0.24426137655973432 0.97444215416908275 1.0439303517341616 0.39113223552703863 -0.84710562229156483 -0.77998724579811085 0.53662991523742687 -1.1129922270774844 -0.71507582068443287 -0.22917296737432477 0.11116131395101546 -0.48799206316471094 0.44487559795379644 -1.1006352305412288 0.20387880504131317 -1.3555004000663753 0.62239006161689769 0.50127318501472484 -1.2969858646392818 0.23002466559410104 0.35052199661731726 -1.4077088832855222 -0.55495774745941151 0.8762398660182954 1.3988879323005678 -1.1821406483650208 -0.26234114170074457 -0.48185230791568751 0.26035444438457495 -0.4273798912763595
decision_type= 2 2 2 2 2 2 2 2 2 2 2 2 2 2 2 2 2 2 2 2 2 2 2 2 2 2 2 2 2 2 2 2 2 2 2 2 2 2 2 2 2 2 2 2 2 2 2 2 2 2 2 2 2 2 2 2 2 2 2 2 2 2 2 2 2 2 2 2 2 2 2
left_child=1 4 5 7 13 12 45 48 18 44 20 19 15 36 24 39 22 21 25 -12 -11 -18 23 58 -10 65 50 53 40 41 64 -29 -22 68 -17 -19 38 -31 63 -3 70 -28 -25 -32 47 -7 62 -9 49 -2 -15 -8 -27 -24 -46 -48 -42 60 -4 -56 -30 -54 -38 -1 -14 -5 -49 -50 -16 -62 -6
right_child=3 2 16 8 28 6 51 9 14 10 11 -13 30 26 33 34 17 35 -20 -21 32 -23 27 42 -26 52 29 31 57 37 43 -33 -34 -35 -36 -37 46 -39 -40 -41 56 -43 -44 -45 54 -47 55 66 67 -51 -52 -53 61 -55 59 -57 -58 -59 -60 -61 69 -63 -64 -65 -66 -67 -68 -69 -70 -71 -72
leaf_value= 0.72883654127852249 0.68773465269904643 0.74489149152412482 0.67573870019436444 0.70670658735120706 0.73207049518086076 0.75425368657136804 0.69731479758108428 0.71963433802352139 0.70303461463790828 0.72326966045916163 0.68164581000423452 0.67807165162977945 0.74538573610178616 0.7386779463063351 0.6843806664378278 0.7385923389478366 0.73720129677437429 0.71645724913189579 0.69420912802040802 0.71248537881551222 0.68591712580207398 0.69653729952490351 0.74786382402684726 0.73900817867696589 0.68891320468961492 0.70593057141790028 0.744839765219098 0.72892490500759122 0.7224092295062865 0.71865330174571918 0.73526158021104115 0.71632252658449824 0.71218799387697007 0.68240325179970052 0.75624118837186394 0.68466632135912509 0.73343642616651095 0.70859738878729206 0.72401342896587673 0.73297396084700317 0.6923756775252361 0.71689391801373181 0.70121780197685979 0.72179740424665018 0.69425870454688277 0.73580152678104904 0.73385338169620729 0.69153941556015963 0.70092590049137526 0.71675801006650219 0.71908761395329168 0.71459514432558535 0.68058105188971774 0.72385540782791025 0.68823531201157673 0.72200867834822857 0.70575503033382869 0.70737397464394569 0.70693538409043488 0.71192852532915496 0.71863533365158749 0.69942409472701839 0.7176982809355843 0.7493467643280759 0.73235933787739294 0.69259671724316296 0.7120566784663579 0.69204981261754484 0.70328746281435017 0.70246756289619494 0.70960296016616176
leaf_weight=23 17 224 11.000000000000002 443 17 51 50 236 185 92 20 111 154 41 26 43 36 15.999999999999998 303 78 23 11.999999999999998 47 21.000000000000004 120 35 22 303 121 180 320 94 55 266 175 31 30 250 56 104 61 30 9.9999999999999982 64 35 56 118 18 126 41 45 58 50 20 12.999999999999998 96 121 101 18 193 50 30 217 45 48 33 90 204 45 44 31
leaf_count=23 17 224 11 443 17 51 50 236 185 92 20 111 154 41 26 43 36 16 303 78 23 12 47 21 120 35 22 303 121 180 320 94 55 266 175 31 30 250 56 104 61 30 10 64 35 56 118 18 126 41 45 58 50 20 13 96 121 101 18 193 50 30 217 45 48 33 90 204 45 44 31
model_size=7984
internal_value=0.715004 0.726381 0.733821 0.700565 0.717773 0.738376 0.725507 0.705287 0.696409 0.70848 0.701741 0.691257 0.74082 0.721357 0.691109 0.745763 0.72391 0.711428 0.700214 0.706192 0.714631 0.727035 0.726173 0.711489 0.697479 0.703293 0.716628 0.728072 0.710203 0.714523 0.736214 0.725941 0.704441 0.685345 0.75276 0.695489 0.725948 0.712807 0.734102 0.741113 0.70467 0.728717 0.726818 0.733018 0.712846 0.744596 0.723755 0.716182 0.697354 0.708251 0.728427 0.706595 0.693212 0.740697 0.708084 0.72854 0.701271 0.71423 0.695102 0.710433 0.71745 0.687647 0.71961 0.742409 0.74229 0.705728 0.708637 0.695439 0.696364 0.711067 0.71756
internal_weight=0 3665 1966 2888 1699 1347 215 1352 1536 964 379 209 1132 1153 642 546 619 95 894 98 170 48 524 60 305 591 568 464 546 482 586 397 78 337 218 47 585 430 124 328 230 52 31 384 585 107 461 344 388 58 86 108 115 67 241 214 182 316 29 206 215 80 247 68 202 476 108 330 71 94 48
internal_count=6553 3665 1966 2888 1699 1347 215 1352 1536 964 379 209 1132 1153 642 546 619 95 894 98 170 48 524 60 305 591 568 464 546 482 586 397 78 337 218 47 585 430 124 328 230 52 31 384 585 107 461 344 388 58 86 108 115 67 241 214 182 316 29 206 215 80 247 68 202 476 108 330 71 94 48
is_linear=0
shrinkage=1


Tree=1
num_leaves= 60
num_cat= 0
full_tree_array_lgbids= 0 1 3 6 2 9 7 14 31 4 19 15 10 22 8 36 26 44 -33 12 5 29 20 55 39 48 11 24 -24 21 17 54 49 27 43 45 -46 -2147483648 -2147483648 13 25 18 23 30 37 33 35 -2 -57 40 41 -11 58 -12 -13 52 -26 -2147483648 -2147483648 51 47 -10 -19 -1 -56 -38 -51 53 -29 -28 -45 46 56 -2147483648 -2147483648 -2147483648 -2147483648 -2147483648 -2147483648 -3 16 -14 -27 28 32 -7 34 -4 50 -31 38 -21 -35 -22 -37 -2147483648 -2147483648 -2147483648 -2147483648 -17 -42 57 42 -2147483648 -2147483648 -50 -60 -2147483648 -2147483648 -2147483648 -2147483648 -5 -54 -2147483648 -2147483648 -2147483648 -2147483648 -2147483648 -2147483648 -9 -53 -23 -49 -2147483648 -2147483648 -2147483648 -2147483648 -2147483648 -2147483648 -2147483648 -2147483648 -2147483648 -2147483648 -2147483648 -2147483648 -16 -55 -2147483648 -2147483648 -2147483648 -2147483648 -2147483648 -2147483648 -8 -48 -47 -58 -2147483648 -2147483648 -2147483648 -2147483648 -2147483648 -2147483648 -2147483648 -2147483648 -2147483648 -2147483648 -2147483648 -2147483648 -2147483648 -2147483648 -15 -18 -2147483648 -2147483648 -2147483648 -2147483648 -6 -30 -20 -34 -2147483648 -2147483648 -25 -36 -2147483648 -2147483648 -32 -52 -2147483648 -2147483648 -39 -40 -2147483648 -2147483648 -2147483648 -2147483648 -2147483648 -2147483648 -2147483648 -2147483648 -2147483648 -2147483648 -2147483648 -2147483648 -2147483648 -2147483648 -2147483648 -2147483648 -2147483648 -2147483648 -2147483648 -2147483648 -41 -59 -43 -44 -2147483648 -2147483648 -2147483648 -2147483648 -2147483648 -2147483648 -2147483648 -2147483648 -2147483648 -2147483648 -2147483648 -2147483648 -2147483648 -2147483648 -2147483648 -2147483648 -2147483648 -2147483648 -2147483648 -2147483648 -2147483648 -2147483648 -2147483648 -2147483648 -2147483648 -2147483648 -2147483648 -2147483648 -2147483648 -2147483648 -2147483648 -2147483648 -2147483648 -2147483648 -2147483648 -2147483648 -2147483648 -2147483648 -2147483648 -2147483648 -2147483648 -2147483648 -2147483648 -2147483648 -2147483648 -2147483648 -2147483648 -2147483648
split_feature= 2 4 2 2 5 6 2 6 3 6 3 5 7 4 1 4 1 5 6 6 3 5 0 7 5 6 5 6 4 5 6 0 7 5 3 5 0 0 3 3 5 5 3 0 5 6 3 3 7 1 7 4 7 7 4 5 1 7 4
split_gain= 86.5606 18.415 6.75654 4.04981 2.94022 7.56434 2.87495 2.07148 2.74039 1.71372 3.54719 1.81017 1.67718 2.02587 1.42326 1.29052 1.1413 1.08846 0.994497 0.765977 1.81004 0.74644 0.641069 0.6346 0.629959 0.56356 0.546553 1.3474 0.540316 0.51576 0.531064 0.448198 0.435137 0.402281 0.400106 0.367435 0.351132 0.336507 0.561734 0.316033 0.43556 0.351691 0.41473 0.282295 0.224998 0.201259 0.227964 0.184867 0.170336 0.125925 0.10908 0.0929757 0.0705382 0.0691023 0.0495967 0.0490537 0.0451369 0.03628 0.0194346
threshold= 0.22240778803825376 -0.25070770084857935 -0.36874486505985254 0.70152944326400768 0.65354096889495861 0.42225234210491186 -0.35692687332630152 -0.08627330511808394 0.047571904957294471 0.56632831692695629 -0.19819757342338556 -0.85936468839645375 1.2305972576141355 0.35609744489192968 -0.028266851790249341 -0.60982060432434071 -0.4492183774709701 -0.88524380326271046 -0.37835273146629328 1.0996640324592593 0.2989127933979035 0.20172023028135302 0.49276305735111242 -0.25720979273319239 1.1980468630790713 -0.56123605370521534 -0.77255976200103749 -0.16419291496276853 0.59730964899063121 -1.3099576830863946 -0.21962230652570722 0.69481554627418529 0.099670447409152998 -0.12362807989120483 -0.48799206316471094 -0.65955945849418629 -0.012182130943983793 -1.1402159929275513 0.7839358150959016 -1.3288813829421993 -0.58890822529792775 1.1454110145568848 0.53811320662498485 -0.28396070003509516 0.048584572970867164 -0.3203322142362594 -0.083273753523826585 -0.66475412249565113 -0.63094553351402272 -1.0771715641021729 0.97444215416908275 -0.92291143536567677 1.3596149086952212 -0.67114660143852223 -1.3921977281570432 -1.2652705907821657 -0.75189125537872303 1.2522990703582761 -0.51402634382247914
decision_type= 2 2 2 2 2 2 2 2 2 2 2 2 2 2 2 2 2 2 2 2 2 2 2 2 2 2 2 2 2 2 2 2 2 2 2 2 2 2 2 2 2 2 2 2 2 2 2 2 2 2 2 2 2 2 2 2 2 2 2
left_child=1 6 4 9 12 18 14 22 21 15 48 -12 13 -3 36 55 -15 -10 28 29 33 51 24 -7 52 -14 27 53 -6 30 -4 44 -20 -21 -25 -22 54 -31 -39 40 -17 57 -43 -28 45 46 -8 -23 -11 -38 -32 -9 -5 -16 -1 -2 -47 -41 -50
right_child=3 2 19 7 5 23 31 8 17 10 11 -13 25 16 26 39 -18 -19 32 20 35 47 -24 34 -26 -27 43 -29 -30 37 50 -33 -34 -35 -36 -37 49 38 -40 41 -42 42 -44 -45 -46 56 -48 -49 58 -51 -52 -53 -54 -55 -56 -57 -58 -59 -60
leaf_value= -0.0017542511224746705 0.0031103672496974469 0.017662521248560523 -0.016334654783713633 -0.0065420557105952022 0.021603435311919533 -0.01454969489140742 0.00013910024493400542 -0.021015699670407114 -0.013895257828213894 -0.012896630068701743 -0.0022364262768879853 -0.027905695227964319 -0.002143803168513367 0.037092832460900983 0.0032311528388942988 -0.034903774191351503 0.025526864711195231 -0.028969403235619334 0.004450093261682643 0.021148176017890662 0.0075292468070983888 -0.015333753645412441 -0.017443741520312899 0.016994543368410733 -0.021866346192998917 0.019754122949338385 0.003903267156476012 -0.0049554177529377045 0.03905664905428842 0.022199450158759168 0.020793319525926012 -0.011721150726827299 0.025428994768794552 -0.004844816694794982 -0.0041171091487226278 -0.028798610541750404 0.013168709968194005 0.012695423627197291 0.00047395649152834004 0.0036257094490241126 -0.0032564393169577086 0.00046497572588527372 -0.025474918518889823 -0.0061155253388340842 -0.0070290890485612727 0.010090324769337331 0.022469966113567354 -0.028931657818935086 -0.0083240585060169302 0.001302888451570298 -0.012407357394695282 -0.0070965876762861735 -0.020905743933920015 0.024950577441707318 0.015340706657494478 -0.014733613723649659 -0.0079885778077122948 -0.01255756262689829 0.0098462268243209739
leaf_weight=27 25 273 32 474 74 67 35 46 96 38 47 180 46 208 21 17 375 370 52 37 9.9999999999999982 122 297 36 72 56 156 61 83 76 23 162 47 27 69 34 82 351 107 356 31 36 29 234 165 31 37 72 30 177 9.9999999999999982 235 38 58 252 179 74 29 69
leaf_count=27 25 273 32 474 74 67 35 46 96 38 47 180 46 208 21 17 375 370 52 37 10 122 297 36 72 56 156 61 83 76 23 162 47 27 69 34 82 351 107 356 31 36 29 234 165 31 37 72 30 177 10 235 38 58 252 179 74 29 69
model_size=6640
internal_value=0 0.0102399 0.0164885 -0.0129949 0.0207339 0.0131304 0.00192036 -0.0160765 -0.0198096 -0.00772783 -0.0142542 -0.0225909 0.0241309 0.0258291 0.00516809 -0.00434376 0.0296533 -0.025864 0.0244802 0.00816583 -0.00233507 -0.0138699 -0.0120891 -0.00376225 -0.00936598 0.00987859 0.000736951 0.00866219 0.0308303 0.0100591 -0.00259286 -0.00496175 0.0144098 0.0101824 0.00312117 -0.0205423 0.00953334 0.0115992 0.00984019 -0.000983462 -0.0144649 0.000454555 -0.0111082 -0.00210801 -0.00175993 0.00315199 0.0116147 -0.0203804 -0.000440905 0.00505964 0.0107325 -0.00937516 -0.00760811 0.0191771 0.0136864 -0.0125469 -0.002651 0.00240671 0.00434008
internal_weight=0 3665 2093 2888 1386 428 1572 1822 941 1066 364 227 958 856 1068 702 583 466 256 707 108 475 881 172 584 102 530 140 157 599 65 504 99 64 105 44 538 534 458 498 48 450 65 390 342 177 72 194 137 259 33 281 512 79 279 204 105 385 99
internal_count=6553 3665 2093 2888 1386 428 1572 1822 941 1066 364 227 958 856 1068 702 583 466 256 707 108 475 881 172 584 102 530 140 157 599 65 504 99 64 105 44 538 534 458 498 48 450 65 390 342 177 72 194 137 259 33 281 512 79 279 204 105 385 99
is_linear=0
shrinkage=0.1


Tree=2
num_leaves= 45
num_cat= 0
full_tree_array_lgbids= 0 1 2 6 3 8 7 13 43 4 15 14 9 12 21 36 27 -8 -45 11 5 18 16 34 -16 -10 10 -4 23 42 -23 40 -38 -15 37 -2147483648 -2147483648 -2147483648 -2147483648 28 29 22 38 20 -20 19 17 -2 41 -2147483648 -2147483648 -2147483648 -2147483648 -11 -12 -2147483648 -2147483648 25 24 -9 -44 -2147483648 -2147483648 -1 -42 -2147483648 -2147483648 -2147483648 -2147483648 -29 39 -2147483648 -2147483648 -2147483648 -2147483648 -2147483648 -2147483648 -2147483648 -2147483648 -3 35 32 31 -6 -24 -7 -40 33 -22 -2147483648 -2147483648 -17 -21 26 -19 -2147483648 -2147483648 -36 -43 -2147483648 -2147483648 -2147483648 -2147483648 -2147483648 -2147483648 -2147483648 -2147483648 -2147483648 -2147483648 -2147483648 -2147483648 -2147483648 -2147483648 -2147483648 -2147483648 -14 -27 -25 30 -2147483648 -2147483648 -2147483648 -2147483648 -2147483648 -2147483648 -2147483648 -2147483648 -2147483648 -2147483648 -2147483648 -2147483648 -2147483648 -2147483648 -2147483648 -2147483648 -2147483648 -2147483648 -2147483648 -2147483648 -2147483648 -2147483648 -39 -41 -2147483648 -2147483648 -2147483648 -2147483648 -2147483648 -2147483648 -2147483648 -2147483648 -2147483648 -2147483648 -2147483648 -2147483648 -2147483648 -2147483648 -2147483648 -2147483648 -2147483648 -2147483648 -30 -37 -13 -34 -31 -33 -2147483648 -2147483648 -2147483648 -2147483648 -2147483648 -2147483648 -2147483648 -2147483648 -5 -35 -2147483648 -2147483648 -2147483648 -2147483648 -2147483648 -2147483648 -2147483648 -2147483648 -2147483648 -2147483648 -18 -28 -2147483648 -2147483648 -2147483648 -2147483648 -2147483648 -2147483648 -2147483648 -2147483648 -2147483648 -2147483648 -2147483648 -2147483648 -2147483648 -2147483648 -2147483648 -2147483648 -2147483648 -2147483648 -2147483648 -2147483648 -2147483648 -2147483648 -2147483648 -2147483648 -2147483648 -2147483648 -2147483648 -2147483648 -2147483648 -2147483648 -2147483648 -2147483648 -2147483648 -2147483648 -2147483648 -2147483648 -2147483648 -2147483648 -2147483648 -2147483648 -2147483648 -2147483648 -2147483648 -2147483648 -2147483648 -2147483648 -2147483648 -2147483648 -26 -32 -2147483648 -2147483648 -2147483648 -2147483648 -2147483648 -2147483648 -2147483648 -2147483648 -2147483648 -2147483648 -2147483648 -2147483648 -2147483648 -2147483648 -2147483648 -2147483648
split_feature= 2 4 2 2 6 5 2 6 6 3 5 0 7 1 4 6 5 3 5 3 3 3 3 5 3 0 7 6 1 5 6 4 6 7 4 5 5 5 7 4 6 7 5 1
split_gain= 70.0738 15.1879 5.03357 3.44921 2.2422 6.61121 1.79054 1.65903 1.39763 3.26344 1.95452 1.27069 1.07826 0.906014 0.803215 0.705573 3.39388 1.49734 1.21677 1.03233 0.750673 0.65068 0.521897 0.382219 0.866646 0.481021 0.317174 0.315895 0.315645 0.295775 0.193561 0.161255 0.153058 0.125444 0.113604 0.109208 0.0969955 0.0881786 0.0865218 0.0818624 0.0730172 0.0570607 0.0160234 0.00972718
threshold= 0.11063466221094136 -0.13487913459539411 0.60325127840042125 -0.52795374393463124 0.63653609156608593 0.14603263139724734 -0.35692687332630152 0.81695055961608898 0.56632831692695629 -0.19819757342338556 -0.78617820143699635 0.065077152103185668 -1.1476808190345762 -0.028266851790249341 0.5883547067642213 0.45513948798179632 0.51925379037857067 0.03902785666286946 -1.0472639203071592 0.86136308312416088 0.26035444438457495 0.062065752223134048 0.17564638704061511 0.67661032080650341 -0.25675596296787256 0.67757943272590648 -0.035873169079422951 -1.1232284307479858 -0.31526258587837214 -1.0830603837966917 -0.33047428727149958 0.70985534787178051 -0.41202813386917109 0.19020587205886849 -1.2761357426643369 -0.61123171448707569 -0.84710562229156483 -1.2652705907821657 -0.17610128223896021 -0.81808331608772267 0.108576238155365 -1.2346154451370237 0.4545369297266007 -1.3931888937950132
decision_type= 2 2 2 2 2 2 2 2 2 2 2 2 2 2 2 2 2 2 2 2 2 2 2 2 2 2 2 2 2 2 2 2 2 2 2 2 2 2 2 2 2 2 2 2
left_child=1 6 8 4 11 22 13 12 14 -10 -11 28 -4 36 34 18 19 26 20 -17 33 42 -6 25 -25 -14 -18 -15 -3 32 -26 -31 -13 -5 -2 -30 40 -29 -7 -39 -1 -36 -9 -8
right_child=2 3 7 15 5 38 43 21 9 10 -12 29 23 27 -16 16 17 -19 -20 -21 -22 -23 -24 24 30 -27 -28 37 35 31 -32 -33 -34 -35 41 -37 -38 39 -40 -41 -42 -43 -44 -45
leaf_value= 0.023630130837452325 -0.016051122474093592 0.034778391951867556 -0.021402130617740201 0.0035489855799823999 0.03293829312746379 -0.011656647339901504 0.013504475285299123 -0.010521870014810131 0.0023940782881623633 0.00083962875189927389 -0.024765275589711762 -0.0079747451934963475 -0.0067874222090571548 0.011521443681856402 0.0048788249634651891 0.018667960617187104 -0.013659876577245692 -0.031373114033769342 0.0170904936683943 -0.0064070926313029818 0.01853477655677125 -0.025360850804570387 0.016168925179434673 -0.0077859772186741685 -0.014910382137919266 -0.014649766680429891 0.016483851586994919 0.011505635963672271 0.014424437980812331 0.014897851628076381 -0.027832733349253735 0.025405297217513906 0.018277284261529091 -0.020056472920001515 -0.01688834119917507 0.028091529193705667 0.0068784010762231607 -0.0056410260782144509 0.002868418391763924 0.003412364421929152 0.0071047780536381269 -0.0019911077085953128 -0.023054125003464935 -0.0046875108789776656
leaf_weight=68 62 162 187 32 108 68 24 153 138 53 184 26 693 86 232 133 24 39 354 36 32 252 77 163 124 281 23 52 65 157 105 178 27 31 41 163 461 257 93 173 56 382 72 426
leaf_count=68 62 162 187 32 108 68 24 153 138 53 184 26 693 86 232 133 24 39 354 36 32 252 77 163 124 281 23 52 65 157 105 178 27 31 41 163 461 257 93 173 56 382 72 426
model_size=4960
internal_value=0 0.00991601 -0.0108974 0.0162961 0.0200839 0.0123597 0.00264044 -0.014051 -0.00503501 -0.0111518 -0.0190393 0.0235191 -0.0121461 0.00512176 -0.00183585 0.0102484 0.00423499 -0.0136309 0.0136636 0.0133265 0.000893997 -0.020253 0.0259586 -0.010879 -0.0154093 -0.00905572 0.00109131 0.00128474 0.0285913 0.0184207 -0.0208355 0.0204809 0.00539893 -0.0080664 -0.00504782 0.0241952 0.00884728 -0.000541725 -0.00326639 -0.00199862 0.0161671 -0.00343505 -0.0145322 -0.00371727
internal_weight=0 3431 3122 1828 1124 346 1603 2030 1092 375 237 778 1553 1153 717 704 255 86 449 169 95 477 185 1366 392 974 47 568 390 388 229 335 53 63 485 228 585 482 161 430 124 423 225 450
internal_count=6553 3431 3122 1828 1124 346 1603 2030 1092 375 237 778 1553 1153 717 704 255 86 449 169 95 477 185 1366 392 974 47 568 390 388 229 335 53 63 485 228 585 482 161 430 124 423 225 450
is_linear=0
shrinkage=0.1


Tree=3
num_leaves= 36
num_cat= 0
full_tree_array_lgbids= 0 1 3 9 2 10 16 20 18 4 26 -2 11 21 -18 33 -22 19 22 6 5 -4 -28 -2147483648 -2147483648 -12 12 32 28 -2147483648 -2147483648 -1 -35 -2147483648 -2147483648 -11 -21 25 34 -3 7 27 15 -2147483648 -2147483648 -2147483648 -2147483648 -2147483648 -2147483648 -2147483648 -2147483648 -2147483648 -2147483648 13 17 -5 -34 -23 -30 -2147483648 -2147483648 -2147483648 -2147483648 -2147483648 -2147483648 -2147483648 -2147483648 -2147483648 -2147483648 -2147483648 -2147483648 -2147483648 -2147483648 -2147483648 -2147483648 -20 -27 -24 -36 -2147483648 -2147483648 8 14 -6 29 30 24 -2147483648 -2147483648 -2147483648 -2147483648 -2147483648 -2147483648 -2147483648 -2147483648 -2147483648 -2147483648 -2147483648 -2147483648 -2147483648 -2147483648 -2147483648 -2147483648 -2147483648 -2147483648 -2147483648 -2147483648 -13 31 23 -19 -2147483648 -2147483648 -2147483648 -2147483648 -2147483648 -2147483648 -2147483648 -2147483648 -2147483648 -2147483648 -2147483648 -2147483648 -2147483648 -2147483648 -2147483648 -2147483648 -2147483648 -2147483648 -2147483648 -2147483648 -2147483648 -2147483648 -2147483648 -2147483648 -2147483648 -2147483648 -2147483648 -2147483648 -2147483648 -2147483648 -2147483648 -2147483648 -2147483648 -2147483648 -2147483648 -2147483648 -2147483648 -2147483648 -2147483648 -2147483648 -2147483648 -2147483648 -2147483648 -2147483648 -2147483648 -2147483648 -2147483648 -2147483648 -2147483648 -2147483648 -2147483648 -2147483648 -8 -10 -9 -16 -2147483648 -2147483648 -29 -31 -7 -32 -17 -26 -2147483648 -2147483648 -2147483648 -2147483648 -2147483648 -2147483648 -2147483648 -2147483648 -2147483648 -2147483648 -2147483648 -2147483648 -2147483648 -2147483648 -2147483648 -2147483648 -2147483648 -2147483648 -2147483648 -2147483648 -2147483648 -2147483648 -2147483648 -2147483648 -2147483648 -2147483648 -2147483648 -2147483648 -2147483648 -2147483648 -2147483648 -2147483648 -2147483648 -2147483648 -2147483648 -2147483648 -2147483648 -2147483648 -2147483648 -2147483648 -2147483648 -2147483648 -15 -33 -14 -25 -2147483648 -2147483648 -2147483648 -2147483648 -2147483648 -2147483648 -2147483648 -2147483648 -2147483648 -2147483648 -2147483648 -2147483648 -2147483648 -2147483648 -2147483648 -2147483648 -2147483648 -2147483648 -2147483648 -2147483648 -2147483648 -2147483648 -2147483648 -2147483648 -2147483648 -2147483648 -2147483648 -2147483648 -2147483648 -2147483648 -2147483648 -2147483648 -2147483648 -2147483648
split_feature= 2 4 2 2 5 6 4 6 5 0 4 3 5 6 1 7 6 6 6 5 1 5 4 7 6 5 0 4 3 7 4 5 0 4 2
split_gain= 56.7281 11.8683 4.24327 2.60999 2.0603 5.92322 1.54166 1.8805 1.54373 1.36132 1.2961 1.0741 2.96364 1.33151 1.00955 0.801094 0.738083 0.727326 0.677109 1.06768 0.42311 0.366708 0.361836 0.313852 0.267149 0.261841 0.23453 0.21487 0.152838 0.142131 0.1416 0.139274 0.0748919 0.032066 0.00346946
threshold= 0.22240778803825376 -0.27586798369884485 -0.21647498756647107 0.89601022005081188 0.65354096889495861 -0.08627330511808394 0.57906588912010204 -1.0595405101776121 -0.26916088163852686 -0.15831713378429405 -0.62264147400856007 0.41326110064983373 0.37919975817203527 0.55544862151145946 -0.70965915918350209 0.13482514768838882 0.71536892652511608 -0.03681091591715812 -0.99024060368537892 0.029261186718940738 -0.028266851790249341 0.51925379037857067 -1.2761357426643369 -0.94845211505889881 1.1426041126251223 -1.1980215907096863 -0.67020726203918446 -0.066126946359872804 -0.070997606962919221 -0.68414372205734242 0.21189168095588687 -0.88524380326271046 0.31741669774055487 -0.80669787526130665 -0.33504875004291529
decision_type= 2 2 2 2 2 2 2 2 2 2 2 2 2 2 2 2 2 2 2 2 2 2 2 2 2 2 2 2 2 2 2 2 2 2 2
left_child=1 9 4 10 6 27 -3 8 -8 20 -2 -12 13 -13 -9 30 21 23 19 -11 33 32 25 -14 -17 -20 -4 -6 -23 -29 -7 -15 -5 -1 -24
right_child=3 2 26 16 5 15 7 14 -10 18 11 12 17 31 -16 24 -18 -19 22 -21 -22 28 34 -25 -26 -27 -28 29 -30 -31 -32 -33 -34 -35 -36
leaf_value= 0.0051828209712028294 -0.013109068050926421 0.013739080226010201 0.012512788941489479 -0.0069870113844232576 0.0047331128680005875 0.0081158294607403467 -0.0051230359392226595 0.035965177554048988 0.026709947811487396 0.016228406500692169 -0.0015167114875040363 0.0051293191899925922 -0.035597576300303142 -0.00035397039065437934 0.022398810473860345 0.014410949830935466 -0.019667527440390839 -0.031261801000299128 0.018260200169276108 -0.005464608487609315 0.0011340537337897634 -0.011475774673656619 0.00090002512179309388 -0.0044079157963602079 -0.0055567643217121565 -0.014477821728349598 0.0022707176821714537 0.013442625804786005 -0.022478823494974771 0.029609842580477042 -0.012326002480948102 -0.022192545907154426 -0.01430935390259732 0.014975633343285021 -0.0076303334152040062
leaf_weight=202 430 492 134 437 28 29 58 133 39 90 660 147 14.999999999999998 31 393 79 369 87 10.999999999999998 73 341 158 347 54 42 138 397 51 167 140 115 58 275 162 171
leaf_count=202 430 492 134 437 28 29 58 133 39 90 660 147 15 31 393 79 369 87 11 73 341 158 347 54 42 138 397 51 167 140 115 58 275 162 171
model_size=3952
internal_value=0 0.00831833 0.0133122 -0.0105563 0.0161205 0.0096827 0.018915 0.0230027 0.00767579 0.00138878 -0.00720231 -0.00478795 -0.0102957 -0.00230564 0.0258291 -0.00104547 -0.0140916 -0.0223831 -0.00208183 0.00651313 0.00547474 -0.0121076 -0.00418224 -0.0111883 0.00748001 -0.0120609 0.00485535 0.0226643 -0.0171296 0.0252929 -0.00820924 -0.0145859 -0.00981516 0.00954116 -0.00191598
internal_weight=0 3665 2130 2888 1599 484 1115 623 97 1535 1482 1052 392 236 526 265 1406 156 830 163 705 1037 667 69 121 149 531 219 325 191 144 89 712 364 518
internal_count=6553 3665 2130 2888 1599 484 1115 623 97 1535 1482 1052 392 236 526 265 1406 156 830 163 705 1037 667 69 121 149 531 219 325 191 144 89 712 364 518
is_linear=0
shrinkage=0.1


Tree=4
num_leaves= 29
num_cat= 0
full_tree_array_lgbids= 0 1 2 6 3 11 7 16 -8 5 4 22 12 18 8 -1 17 -2147483648 -2147483648 10 14 9 19 -2 -24 -13 13 26 25 24 20 -2147483648 -2147483648 -18 -19 -2147483648 -2147483648 -2147483648 -2147483648 27 -12 15 -16 21 -11 -6 -21 -2147483648 -2147483648 -2147483648 -2147483648 -2147483648 -2147483648 23 -15 -4 -28 -20 -27 -9 -26 -10 -22 -2147483648 -2147483648 -2147483648 -2147483648 -2147483648 -2147483648 -2147483648 -2147483648 -2147483648 -2147483648 -2147483648 -2147483648 -2147483648 -2147483648 -2147483648 -2147483648 -3 -29 -2147483648 -2147483648 -7 -17 -2147483648 -2147483648 -5 -23 -2147483648 -2147483648 -2147483648 -2147483648 -2147483648 -2147483648 -2147483648 -2147483648 -2147483648 -2147483648 -2147483648 -2147483648 -2147483648 -2147483648 -2147483648 -2147483648 -2147483648 -2147483648 -14 -25 -2147483648 -2147483648 -2147483648 -2147483648 -2147483648 -2147483648 -2147483648 -2147483648 -2147483648 -2147483648 -2147483648 -2147483648 -2147483648 -2147483648 -2147483648 -2147483648 -2147483648 -2147483648
split_feature= 2 4 2 6 5 2 2 6 3 3 4 6 3 5 5 6 1 0 7 7 5 7 4 7 5 0 5 0
split_gain= 45.8689 9.64704 3.03497 2.35072 5.67443 1.81544 1.02169 1.01352 0.940548 0.900793 0.692733 0.656355 1.98066 1.15993 0.586783 0.647823 0.515224 0.477319 0.312585 0.25414 0.25063 0.22865 0.195196 0.14471 0.118398 0.0775599 0.0258741 0.0169395
threshold= 0.11063466221094136 -0.13487913459539411 0.52685046195983898 0.88111311197280895 0.17076345533132556 -0.66439446806907643 -0.35692687332630152 0.51476114988327037 0.062065752223134048 1.1742224693298342 0.89232283830642711 0.40036414563655859 -0.17713720351457593 -0.25795789062976832 -1.0830603837966917 -0.62638506293296803 -1.1175977587699888 -0.28396070003509516 -1.1476808190345762 0.26313966512680059 -0.88524380326271046 -1.1773754954338072 0.5883547067642213 -0.54199442267417897 0.20172023028135302 0.9240403175354005 0.099228095263242735 0.51873663067817699
decision_type= 2 2 2 2 2 2 2 2 2 2 2 2 2 2 2 2 2 2 2 2 2 2 2 2 2 2 2 2
left_child=1 6 11 5 9 10 16 18 24 21 27 22 -13 23 15 -7 -1 -18 26 -6 -10 -5 -2 -14 -9 -20 -4 -3
right_child=2 3 7 4 19 14 -8 8 20 -11 -12 12 13 -15 -16 -17 17 -19 25 -21 -22 -23 -24 -25 -26 -27 -28 -29
leaf_value= 0.012858355472698533 -0.0030724358938731622 0.019008640159034296 -0.01066910893273806 -0.0017474268518743062 -0.015279757205704318 -0.012834044065022346 -0.0033632337915591457 -0.0054827724146025054 -0.0096146947903013452 -0.008239800490438938 0.025000385177220891 0.0023759919991826126 -0.021348768583543246 -0.022703152668537757 0.012993119743130825 0.010658259400770476 0.0072218916555627085 -0.00029068744384553008 -0.0065503159091513403 0.00020654454142197796 -0.022849126363505414 0.022510530848054169 0.0064194648162484054 0.0046016091297912806 -0.016246526361132663 -0.013124472383487892 -0.025104116239895426 0.0095261344459584649
leaf_weight=163 364 291 105 21 103 49 450 202 82 25 314 149 21 142 539 64 418 572 1010 87 302 183 178 56 150 286 75 152
leaf_count=163 364 291 105 21 103 49 450 202 82 25 314 149 21 142 539 64 418 572 1010 87 302 183 178 56 150 286 75 152
model_size=3168
internal_value=0 0.00805654 -0.00885393 0.0132424 0.00553912 0.0155331 0.00214282 -0.0111238 -0.0152627 0.016929 0.01959 -0.00333644 -0.00831646 -0.0155912 0.0108229 0.000471331 0.00429175 0.00288129 -0.00905995 -0.00818866 -0.020023 0.0200134 4.48304e-05 -0.00247577 -0.0100696 -0.00800109 -0.0166837 0.015755
internal_weight=0 3431 3122 1828 419 1409 1603 2212 736 229 757 910 368 219 652 113 1153 990 1476 190 384 204 542 77 352 1296 180 443
internal_count=6553 3431 3122 1828 419 1409 1603 2212 736 229 757 910 368 219 652 113 1153 990 1476 190 384 204 542 77 352 1296 180 443
is_linear=0
shrinkage=0.1


Tree=5
num_leaves= 21
num_cat= 0
full_tree_array_lgbids= 0 1 3 5 2 7 15 6 10 4 13 18 8 -5 16 -1 -8 -7 17 -3 11 -4 14 -2 19 -9 9 -2147483648 -2147483648 -17 -18 -2147483648 -2147483648 -2147483648 -2147483648 -2147483648 -2147483648 -12 -19 -2147483648 -2147483648 -6 -13 -2147483648 -2147483648 -15 -16 -2147483648 -2147483648 -20 -21 -2147483648 -2147483648 -10 12 -2147483648 -2147483648 -2147483648 -2147483648 -2147483648 -2147483648 -2147483648 -2147483648 -2147483648 -2147483648 -2147483648 -2147483648 -2147483648 -2147483648 -2147483648 -2147483648 -2147483648 -2147483648 -2147483648 -2147483648 -2147483648 -2147483648 -2147483648 -2147483648 -2147483648 -2147483648 -2147483648 -2147483648 -2147483648 -2147483648 -2147483648 -2147483648 -2147483648 -2147483648 -2147483648 -2147483648 -2147483648 -2147483648 -2147483648 -2147483648 -2147483648 -2147483648 -2147483648 -2147483648 -2147483648 -2147483648 -2147483648 -2147483648 -2147483648 -2147483648 -2147483648 -2147483648 -2147483648 -2147483648 -11 -14 -2147483648 -2147483648 -2147483648 -2147483648 -2147483648 -2147483648 -2147483648 -2147483648 -2147483648 -2147483648 -2147483648 -2147483648 -2147483648 -2147483648 -2147483648 -2147483648
split_feature= 2 4 2 2 1 5 6 4 3 5 4 4 6 6 5 6 5 0 6 3
split_gain= 37.0152 7.71022 3.04071 1.56527 1.15343 0.851034 1.34876 0.749142 0.569737 1.02769 0.383708 0.301621 0.291768 0.291449 0.571505 0.289085 0.690356 0.179673 0.0153579 0.0922416
threshold= 0.22240778803825376 -0.3957854956388473 -0.52795374393463124 0.89601022005081188 -0.4492183774709701 -0.95036792755126931 -0.30622373521327967 0.12483123317360877 0.33348274230957037 0.32027117908000952 -1.2474552989006038 0.8823601007461549 0.05517734773457051 1.2218647003173833 -0.24339744448661796 -0.18491821736097333 -0.41172227263450617 0.23191349208354953 0.82886412739753734 -0.82314318418502797
decision_type= 2 2 2 2 2 2 2 2 2 2 2 2 2 2 2 2 2 2 2 2
left_child=1 5 4 7 -3 6 -1 18 -9 -10 -7 -6 -11 -4 -15 -5 -17 -12 -2 -20
right_child=3 2 13 15 11 10 -8 8 9 12 17 -13 -14 14 -16 16 -18 -19 19 -21
leaf_value= 0.018074933309108018 -0.0069557742853047682 0.019500819485582382 0.0070496276747627042 -0.0082988228459656126 0.0082590496695717636 -0.0066490047451040913 -0.00038030943041667345 0.0016002217181472274 -0.00052101312257355544 -0.0062526845738690249 0.0041616887342264602 0.016119701696147716 -0.026773925531082429 0.0092570505386113007 -0.012903793006019746 -0.0083233288244978828 -0.017726588102220296 -0.0033212278111316457 0.0011525623369379901 -0.018537366704530493
leaf_weight=120 606 464 838 624 532 316 150 421 154 52 458 315 65 53 72 293 489 347 32 152
leaf_count=120 606 464 838 624 532 316 150 421 154 52 458 315 65 53 72 293 489 347 32 152
model_size=2272
internal_value=0 0.00675402 0.0105493 -0.00857115 0.0141265 0.000549567 0.00782202 -0.00571389 -0.00212715 -0.00791764 -0.00120205 0.0111824 -0.0176534 0.00567927 -0.0035076 -0.0115829 -0.0142034 0.000936133 -0.00885569 -0.015113
internal_weight=0 3665 2274 2888 1311 1391 270 1482 692 271 1121 847 117 963 125 1406 782 805 790 184
internal_count=6553 3665 2274 2888 1311 1391 270 1482 692 271 1121 847 117 963 125 1406 782 805 790 184
is_linear=0
shrinkage=0.1


Tree=6
num_leaves= 21
num_cat= 0
full_tree_array_lgbids= 0 1 2 7 3 10 6 -1 8 5 4 -2 11 -4 16 -2147483648 -2147483648 9 18 13 19 14 -6 -2147483648 -2147483648 -12 12 -2147483648 -2147483648 -8 -18 -2147483648 -2147483648 -2147483648 -2147483648 17 -11 -10 -20 -3 -15 -7 -21 -5 -16 -2147483648 -2147483648 -2147483648 -2147483648 -2147483648 -2147483648 -2147483648 -2147483648 15 -14 -2147483648 -2147483648 -2147483648 -2147483648 -2147483648 -2147483648 -2147483648 -2147483648 -2147483648 -2147483648 -2147483648 -2147483648 -2147483648 -2147483648 -2147483648 -2147483648 -9 -19 -2147483648 -2147483648 -2147483648 -2147483648 -2147483648 -2147483648 -2147483648 -2147483648 -2147483648 -2147483648 -2147483648 -2147483648 -2147483648 -2147483648 -2147483648 -2147483648 -2147483648 -2147483648 -2147483648 -2147483648 -2147483648 -2147483648 -2147483648 -2147483648 -2147483648 -2147483648 -2147483648 -2147483648 -2147483648 -2147483648 -2147483648 -2147483648 -2147483648 -2147483648 -13 -17 -2147483648 -2147483648 -2147483648 -2147483648 -2147483648 -2147483648 -2147483648 -2147483648 -2147483648 -2147483648 -2147483648 -2147483648 -2147483648 -2147483648 -2147483648 -2147483648 -2147483648 -2147483648
split_feature= 2 4 2 6 5 0 7 1 5 6 4 5 3 2 7 6 6 3 4 5
split_gain= 30.0281 6.14521 1.77154 1.58075 2.58676 1.08781 0.690972 0.641114 0.419236 1.49467 0.377651 0.42486 1.28965 0.372496 0.353853 0.281062 0.226976 0.194334 0.114643 0.0840088
threshold= 0.11063466221094136 -0.092393502593040452 0.6500774919986726 1.0996640324592593 0.17076345533132556 0.55547255277633678 -1.2809419631958008 -0.79297658801078785 -0.77255976200103749 0.59057074785232555 -0.60982060432434071 0.8343319594860078 -0.19819757342338556 -0.57306334376335133 -0.72775903344154347 0.80478918552398693 0.83954980969429027 -0.54486355185508717 -0.67562311887741078 -1.2652705907821657
decision_type= 2 2 2 2 2 2 2 2 2 2 2 2 2 2 2 2 2 2 2 2
left_child=1 7 10 5 14 13 -4 -1 9 17 -2 -12 15 -3 -5 -13 -8 -9 -10 -7
right_child=2 3 6 4 -6 19 16 8 18 -11 11 12 -14 -15 -16 -17 -18 -19 -20 -21
leaf_value= 0.0072123568185829424 -0.0087464285203627153 0.018282060788228492 -0.018996333122430816 -0.002808158572476644 -0.0092444404392786651 -0.0057172996104108524 -0.0072561179404931845 9.2338358365890127e-05 -0.0046826126979389636 -0.0088847698846503224 0.00090956176882788821 0.009989521525088042 -0.017418903830860342 0.010863507306735291 0.018496383684645366 -0.019539456131557623 -0.01352537159525688 0.015488626940288778 0.0023658053601887663 0.0089630697737960764
leaf_weight=410 341 581 168 39 138 54 1372 69 561 85 650 68 119 413 111 18 386 165 351 454
leaf_count=410 341 581 168 39 138 54 1372 69 561 85 650 68 119 413 111 18 386 165 351 454
model_size=2272
internal_value=0 0.00655907 -0.00720825 0.0109144 0.00231892 0.0125626 -0.00953664 0.00180823 8.3195e-06 0.00566392 -0.00345869 -0.00134977 -0.00851352 0.0151997 0.0129572 0.00380904 -0.00863264 0.0109487 -0.0019699 0.00740256
internal_weight=0 3431 3122 1790 288 1502 1926 1641 1231 319 1196 855 205 994 150 86 1758 234 912 508
internal_count=6553 3431 3122 1790 288 1502 1926 1641 1231 319 1196 855 205 994 150 86 1758 234 912 508
is_linear=0
shrinkage=0.1


Tree=7
num_leaves= 20
num_cat= 0
full_tree_array_lgbids= 0 1 6 8 2 9 15 11 -10 4 3 14 12 -8 -17 -1 -13 -2147483648 -2147483648 5 10 -4 7 18 -16 -11 13 -2147483648 -2147483648 -2147483648 -2147483648 -2147483648 -2147483648 -2147483648 -2147483648 -2147483648 -2147483648 -2147483648 -2147483648 17 -7 -6 16 -2147483648 -2147483648 -5 -9 -2 -20 -2147483648 -2147483648 -2147483648 -2147483648 -14 -15 -2147483648 -2147483648 -2147483648 -2147483648 -2147483648 -2147483648 -2147483648 -2147483648 -2147483648 -2147483648 -2147483648 -2147483648 -2147483648 -2147483648 -2147483648 -2147483648 -2147483648 -2147483648 -2147483648 -2147483648 -2147483648 -2147483648 -2147483648 -2147483648 -3 -19 -2147483648 -2147483648 -2147483648 -2147483648 -12 -18 -2147483648 -2147483648 -2147483648 -2147483648 -2147483648 -2147483648 -2147483648 -2147483648 -2147483648 -2147483648 -2147483648 -2147483648 -2147483648 -2147483648 -2147483648 -2147483648 -2147483648 -2147483648 -2147483648 -2147483648 -2147483648 -2147483648 -2147483648 -2147483648 -2147483648 -2147483648 -2147483648 -2147483648 -2147483648 -2147483648 -2147483648 -2147483648 -2147483648 -2147483648 -2147483648 -2147483648 -2147483648 -2147483648 -2147483648 -2147483648
split_feature= 2 4 5 6 6 5 2 7 2 4 1 4 5 6 6 3 2 7 0
split_gain= 24.1092 4.82985 1.69196 6.02197 2.18756 2.16597 1.29358 1.02993 0.953991 0.714858 0.492975 0.293311 0.273835 0.81901 0.27091 0.138025 0.0311794 0.00305031 0.00122477
threshold= 0.11063466221094136 0.21189168095588687 0.65354096889495861 -0.048602104187011712 -1.1006352305412288 -0.29158644378185267 0.88075530529022228 0.13482514768838882 -0.35692687332630152 0.29228626191616064 -0.99680390954017628 -0.70120677351951588 0.8343319594860078 0.085684716701507582 0.82886412739753734 0.46739728748798381 -0.53728005290031422 -0.095308460295200348 0.25716689229011541
decision_type= 2 2 2 2 2 2 2 2 2 2 2 2 2 2 2 2 2 2 2
left_child=1 8 4 -4 5 17 9 -5 11 14 -6 -1 -11 -14 18 -8 -12 -3 -2
right_child=6 2 3 7 10 -7 15 -9 -10 12 16 -13 13 -15 -16 -17 -18 -19 -20
leaf_value= 0.0012163874519178176 -0.0015304203718774273 0.00062596520599342786 0.018195174923681435 -0.014848599359739889 0.025048326470374645 0.016597054004395272 -0.0073995761281349494 0.0031735969264257433 -0.0027838337329068961 0.0022285867943705635 0.01708201866964373 0.0072721733170386538 0.0027833465695627693 -0.017683697171477518 -0.013098850053017599 -0.013313347365210018 0.0095341042475623698 -0.020704087247755729 -0.008837156930708372
leaf_weight=695 431 37 199 141 143 68 942 111 542 525 430 704 85 88 233 490 308 53 328
leaf_count=695 431 37 199 141 143 68 942 111 542 525 430 704 85 88 233 490 308 53 328
model_size=2160
internal_value=0 0.00590316 0.0106024 0.00416731 0.0133957 0.000344581 -0.00648743 -0.00691025 0.00229581 -0.00399988 0.0157363 0.00426376 -0.000214288 -0.00762764 -0.00666354 -0.00942314 0.0139319 -0.0119351 -0.00468801
internal_weight=0 3431 1490 451 1039 158 3122 252 1941 1690 881 1399 698 173 992 1432 738 90 759
internal_count=6553 3431 1490 451 1039 158 3122 252 1941 1690 881 1399 698 173 992 1432 738 90 759
is_linear=0
shrinkage=0.1


Tree=8
num_leaves= 23
num_cat= 0
full_tree_array_lgbids= 0 1 8 6 2 -2 9 14 -8 4 3 -2147483648 -2147483648 12 10 -1 18 -2147483648 -2147483648 5 16 -4 7 -2147483648 -2147483648 -2147483648 -2147483648 13 17 -11 11 -2147483648 -2147483648 -16 -20 -2147483648 -2147483648 -2147483648 -2147483648 -3 19 -6 20 -2147483648 -2147483648 15 -9 -2147483648 -2147483648 -2147483648 -2147483648 -2147483648 -2147483648 -2147483648 -2147483648 -10 -15 21 -19 -2147483648 -2147483648 -12 -13 -2147483648 -2147483648 -2147483648 -2147483648 -2147483648 -2147483648 -2147483648 -2147483648 -2147483648 -2147483648 -2147483648 -2147483648 -2147483648 -2147483648 -2147483648 -2147483648 -2147483648 -2147483648 -7 -21 -2147483648 -2147483648 -18 -22 -2147483648 -2147483648 -2147483648 -2147483648 -5 -17 -2147483648 -2147483648 -2147483648 -2147483648 -2147483648 -2147483648 -2147483648 -2147483648 -2147483648 -2147483648 -2147483648 -2147483648 -2147483648 -2147483648 -2147483648 -2147483648 -2147483648 -2147483648 -2147483648 -2147483648 -2147483648 -2147483648 -14 -23 -2147483648 -2147483648 -2147483648 -2147483648 -2147483648 -2147483648 -2147483648 -2147483648 -2147483648 -2147483648
split_feature= 2 4 5 6 6 5 2 3 7 5 3 6 3 6 1 7 1 2 0 7 2 0
split_gain= 19.3874 4.10814 1.22362 5.067 1.54526 2.25535 1.02075 0.920085 0.74442 0.28922 1.92935 0.68117 0.612235 0.39623 0.265071 0.250828 0.229224 0.226977 0.200921 0.111433 0.0511123 0.0281602
threshold= 0.22240778803825376 0.29228626191616064 0.65354096889495861 0.16434586793184283 -0.89988881349563588 -0.62291163206100453 -0.35692687332630152 0.03902785666286946 -0.99863114953041066 0.4545369297266007 -0.19819757342338556 -0.56123605370521534 -1.1821406483650208 0.22223679721355438 -0.77141305804252613 -0.67114660143852223 -1.0771715641021729 1.0982756614685056 -0.28396070003509516 0.46262291073799139 -0.51753544807434071 0.45643958449363714
decision_type= 2 2 2 2 2 2 2 2 2 2 2 2 2 2 2 2 2 2 2 2 2 2
left_child=1 6 4 -4 5 -3 14 15 -2 12 -11 -12 13 -10 -1 -5 -6 21 -16 -7 -18 -14
right_child=8 2 3 7 16 19 -8 -9 9 10 11 -13 17 -15 18 -17 20 -19 -20 -21 -22 -23
leaf_value= 0.0089658194907181171 -0.011524865406776025 -0.012052015595627777 0.015294873611411561 -0.014731649851374743 0.024089103245280748 0.02008212977619488 -0.0025847101598918181 -0.017632058946364517 -0.017898214337923168 -0.0016034414332473058 -0.0041813472014094353 -0.017198569135168165 0.0028649746561051066 0.0011494534327149658 0.0061946203838228291 0.007845151472159799 0.016346258083164231 -0.0061215243329952283 -0.00064557326845570762 0.0007438532409391233 0.0085813455867725583 -0.004609080291333831
leaf_weight=380 525 92 221 36 116 79 704 109 129 378 142 343 540 56 448 81 403 486 628 49 319 289
leaf_count=380 525 92 221 36 116 79 704 109 129 378 142 343 540 56 448 81 403 486 628 49 319 289
model_size=2496
internal_value=0 0.00495335 0.00943314 0.00349752 0.0119409 0.00233705 0.00183201 -0.00803883 -0.00628602 -0.00512207 -0.00822591 -0.0133873 -0.00333633 -0.0121324 0.00396757 0.000898443 0.0144622 -0.00209886 0.00220239 0.0126792 0.0129155 0.000259424
internal_weight=0 3665 1505 447 1058 220 2160 226 2888 2363 863 485 1500 185 1456 117 838 1315 1076 128 722 829
internal_count=6553 3665 1505 447 1058 220 2160 226 2888 2363 863 485 1500 185 1456 117 838 1315 1076 128 722 829
is_linear=0
shrinkage=0.1


Tree=9
num_leaves= 13
num_cat= 0
full_tree_array_lgbids= 0 1 2 -1 3 4 5 -2147483648 -2147483648 -3 6 8 -6 -4 11 -2147483648 -2147483648 -2147483648 -2147483648 -2147483648 -2147483648 -5 7 -2 9 -2147483648 -2147483648 -2147483648 -2147483648 -7 -13 -2147483648 -2147483648 -2147483648 -2147483648 -2147483648 -2147483648 -2147483648 -2147483648 -2147483648 -2147483648 -2147483648 -2147483648 -2147483648 -2147483648 -8 -9 -2147483648 -2147483648 -10 10 -2147483648 -2147483648 -2147483648 -2147483648 -2147483648 -2147483648 -2147483648 -2147483648 -2147483648 -2147483648 -2147483648 -2147483648 -2147483648 -2147483648 -2147483648 -2147483648 -2147483648 -2147483648 -2147483648 -2147483648 -2147483648 -2147483648 -2147483648 -2147483648 -2147483648 -2147483648 -2147483648 -2147483648 -2147483648 -2147483648 -2147483648 -2147483648 -2147483648 -2147483648 -2147483648 -2147483648 -2147483648 -2147483648 -2147483648 -2147483648 -2147483648 -2147483648 -2147483648 -2147483648 -2147483648 -2147483648 -2147483648 -2147483648 -2147483648 -2147483648 -11 -12 -2147483648 -2147483648 -2147483648 -2147483648 -2147483648 -2147483648 -2147483648 -2147483648 -2147483648 -2147483648 -2147483648 -2147483648 -2147483648 -2147483648 -2147483648 -2147483648 -2147483648 -2147483648 -2147483648 -2147483648 -2147483648 -2147483648 -2147483648 -2147483648
split_feature= 2 4 2 1 0 7 6 5 5 3 6 4
split_gain= 15.5799 2.72582 2.45206 0.650669 0.417429 0.284542 0.128661 1.59315 0.0169902 0.708051 1.39222 0.013334
threshold= -0.24277038127183911 -0.47479055821895594 0.47420810163021093 -0.72185000777244557 0.34253489971160894 -1.1613988280296323 0.71536892652511608 -0.14943312853574753 0.23002466559410104 -0.15349696576595304 -0.49114532768726343 0.26278324425220495
decision_type= 2 2 2 2 2 2 2 2 2 2 2 2
left_child=1 -1 4 -3 8 -4 -5 -8 -2 -10 -11 -7
right_child=2 3 5 6 -6 11 7 -9 9 10 -12 -13
leaf_value= 0.00087863415662576205 0.005116284450279643 0.013977164793523195 -0.012723507857494676 0.0088205998175179302 -0.0041915038195641146 -0.0076477018821744808 0.011494636976516204 -0.0052757371992746731 0.0053502871858654545 0.0082233476536501138 -0.015891287344086725 -0.0029960398414433896
leaf_weight=937 513 458 313 928 621 1181 170 211 176 61 136 848
leaf_count=937 513 458 313 928 621 1181 170 211 176 61 136 848
model_size=1376
internal_value=0 0.00601008 -0.0042222 0.00873116 -0.000461984 -0.00664177 0.00689566 0.00220711 0.00215205 -0.00192477 -0.00842432 -0.00570359
internal_weight=0 2704 3849 1767 1507 2342 1309 381 886 373 197 2029
internal_count=6553 2704 3849 1767 1507 2342 1309 381 886 373 197 2029
is_linear=0
shrinkage=0.1


Tree=10
num_leaves= 17
num_cat= 0
full_tree_array_lgbids= 0 1 9 7 2 13 10 8 -9 3 -4 14 -15 -11 11 -1 -10 -2147483648 -2147483648 12 4 -2147483648 -2147483648 -2 -16 -2147483648 -2147483648 -2147483648 -2147483648 15 -13 -2147483648 -2147483648 -2147483648 -2147483648 -2147483648 -2147483648 -2147483648 -2147483648 -3 -14 6 5 -2147483648 -2147483648 -2147483648 -2147483648 -2147483648 -2147483648 -2147483648 -2147483648 -2147483648 -2147483648 -2147483648 -2147483648 -2147483648 -2147483648 -2147483648 -2147483648 -12 -17 -2147483648 -2147483648 -2147483648 -2147483648 -2147483648 -2147483648 -2147483648 -2147483648 -2147483648 -2147483648 -2147483648 -2147483648 -2147483648 -2147483648 -2147483648 -2147483648 -2147483648 -2147483648 -2147483648 -2147483648 -2147483648 -2147483648 -5 -8 -6 -7 -2147483648 -2147483648 -2147483648 -2147483648 -2147483648 -2147483648 -2147483648 -2147483648 -2147483648 -2147483648 -2147483648 -2147483648 -2147483648 -2147483648 -2147483648 -2147483648 -2147483648 -2147483648 -2147483648 -2147483648 -2147483648 -2147483648 -2147483648 -2147483648 -2147483648 -2147483648 -2147483648 -2147483648 -2147483648 -2147483648 -2147483648 -2147483648 -2147483648 -2147483648 -2147483648 -2147483648 -2147483648 -2147483648 -2147483648 -2147483648
split_feature= 2 4 0 6 3 5 5 5 6 6 3 5 4 0 5 7
split_gain= 12.4506 2.58845 1.32311 0.4636 1.53603 0.486293 0.440382 0.26028 1.05929 0.211323 0.716168 0.75668 0.0590977 0.0299516 0.0540267 0.0236675
threshold= 0.29799550771713262 -0.80669787526130665 0.20387880504131317 0.64664298295974743 0.21350872516632083 -0.75430628657340992 0.49337825179100042 -0.95036792755126931 -0.30622373521327967 0.48795536160469061 -0.68933159112930287 -0.78617820143699635 0.57906588912010204 0.9240403175354005 1.2262418270111082 -0.36844958364963531
decision_type= 2 2 2 2 2 2 2 2 2 2 2 2 2 2 2 2
left_child=1 7 3 12 6 -6 -5 8 -1 13 -11 15 -3 14 -2 -12
right_child=9 2 -4 4 5 -7 -8 -9 -10 10 11 -13 -14 -15 -16 -17
leaf_value= 0.01720367145853945 -0.0014802496999749611 0.0075122414509906218 0.0023179119822838148 0.015684402174177183 0.010445200544694123 -0.009221374467097929 0.00014100679082377834 -0.0032882949079453372 -0.0041837896138775289 -0.0011831818608676688 -0.012295485374166585 -0.013846930128672745 0.013933079694011339 -0.0085361762469382367 -0.010517656620243379 0.0047253869478544683
leaf_weight=90 1244 655 1231 174 53 169 98 781 97 255 61 529 473 386 156 101
leaf_count=90 1244 655 1231 174 53 169 98 781 97 255 61 529 473 386 156 101
model_size=1824
internal_value=0 0.00384105 0.00564399 0.00816828 0.0035184 -0.0045262 0.0100842 -0.00147278 0.00610964 -0.00537213 -0.00835042 -0.0109953 0.0102047 -0.0037946 -0.00248728 -0.00168371
internal_weight=0 3821 2853 1622 494 222 272 968 187 2732 946 691 1128 1786 1400 162
internal_count=6553 3821 2853 1622 494 222 272 968 187 2732 946 691 1128 1786 1400 162
is_linear=0
shrinkage=0.1


Tree=11
num_leaves= 9
num_cat= 0
full_tree_array_lgbids= 0 1 2 -1 3 4 -4 -2147483648 -2147483648 -3 -5 -2 5 -2147483648 -2147483648 -2147483648 -2147483648 -2147483648 -2147483648 -2147483648 -2147483648 -2147483648 -2147483648 -2147483648 -2147483648 -6 6 -2147483648 -2147483648 -2147483648 -2147483648 -2147483648 -2147483648 -2147483648 -2147483648 -2147483648 -2147483648 -2147483648 -2147483648 -2147483648 -2147483648 -2147483648 -2147483648 -2147483648 -2147483648 -2147483648 -2147483648 -2147483648 -2147483648 -2147483648 -2147483648 -2147483648 -2147483648 -7 7 -2147483648 -2147483648 -2147483648 -2147483648 -2147483648 -2147483648 -2147483648 -2147483648 -2147483648 -2147483648 -2147483648 -2147483648 -2147483648 -2147483648 -2147483648 -2147483648 -2147483648 -2147483648 -2147483648 -2147483648 -2147483648 -2147483648 -2147483648 -2147483648 -2147483648 -2147483648 -2147483648 -2147483648 -2147483648 -2147483648 -2147483648 -2147483648 -2147483648 -2147483648 -2147483648 -2147483648 -2147483648 -2147483648 -2147483648 -2147483648 -2147483648 -2147483648 -2147483648 -2147483648 -2147483648 -2147483648 -2147483648 -2147483648 -2147483648 -2147483648 -2147483648 -2147483648 -2147483648 -2147483648 -8 -9 -2147483648 -2147483648 -2147483648 -2147483648 -2147483648 -2147483648 -2147483648 -2147483648 -2147483648 -2147483648 -2147483648 -2147483648 -2147483648 -2147483648 -2147483648 -2147483648
split_feature= 2 4 2 1 0 6 3 5
split_gain= 10.5342 1.84579 1.08876 0.188773 0.0380294 0.0430146 1.69979 0.955254
threshold= -0.24277038127183911 0.56924891471862804 0.47420810163021093 -0.051532631739974015 -1.2824143767356868 0.40036414563655859 0.35898013412952429 -0.82036203145980824
decision_type= 2 2 2 2 2 2 2 2
left_child=1 -1 4 -3 -2 -6 -7 -8
right_child=2 3 -4 -5 5 6 7 -9
leaf_value= 0.0027428073899317213 0.0076058800885411212 0.014001010537851806 -0.0054425723267706033 0.0063029394460524732 0.00086446327138671182 0.0010849595756289706 0.0055492022147195213 -0.018347796258361391
leaf_weight=1828 153 397 2342 479 819 310 45 180
leaf_count=1828 153 397 2342 479 819 310 45 180
model_size=928
internal_value=0 0.00502639 -0.00353114 0.00979168 -0.000560622 -0.00148342 -0.00507767 -0.0135684
internal_weight=0 2704 3849 876 1507 1354 535 225
internal_count=6553 2704 3849 876 1507 1354 535 225
is_linear=0
shrinkage=0.1


Tree=12
num_leaves= 8
num_cat= 0
full_tree_array_lgbids= 0 1 2 4 -3 3 -4 -1 -6 -2147483648 -2147483648 5 6 -2147483648 -2147483648 -2147483648 -2147483648 -2147483648 -2147483648 -2147483648 -2147483648 -2147483648 -2147483648 -2 -7 -5 -8 -2147483648 -2147483648 -2147483648 -2147483648
split_feature= 2 4 2 0 1 4 1
split_gain= 8.37179 1.01781 0.895568 0.421309 0.385514 0.253795 0.0279998
threshold= -0.31999127566814417 0.8823601007461549 0.70152944326400768 0.30019079148769384 -0.041156854480504983 0.73437872529029857 0.97508743405342113
decision_type= 2 2 2 2 2 2 2
left_child=1 4 3 5 -1 -2 -5
right_child=2 -3 -4 6 -6 -7 -8
leaf_value= 0.0059839094623860842 -0.00081878257131464674 0.010172298444949117 -0.0054843812666601714 -0.0057814987821601356 0.00048622011249749249 0.0064301739782274547 0.0035471325523861383
leaf_weight=986 916 567 1822 745 995 363 159
leaf_count=986 916 567 1822 745 995 363 159
model_size=816
internal_value=0 0.00476908 -0.00303411 -0.00098904 0.00322258 0.00123858 -0.00414073
internal_weight=0 2548 4005 2183 1981 1279 904
internal_count=6553 2548 4005 2183 1981 1279 904
is_linear=0
shrinkage=0.1


Tree=13
num_leaves= 11
num_cat= 0
full_tree_array_lgbids= 0 5 1 -1 7 2 6 -2147483648 -2147483648 9 8 -2 3 -3 -8 -2147483648 -2147483648 -2147483648 -2147483648 -7 -11 -9 -10 -2147483648 -2147483648 4 -5 -2147483648 -2147483648 -2147483648 -2147483648 -2147483648 -2147483648 -2147483648 -2147483648 -2147483648 -2147483648 -2147483648 -2147483648 -2147483648 -2147483648 -2147483648 -2147483648 -2147483648 -2147483648 -2147483648 -2147483648 -2147483648 -2147483648 -2147483648 -2147483648 -4 -6 -2147483648 -2147483648 -2147483648 -2147483648 -2147483648 -2147483648 -2147483648 -2147483648 -2147483648 -2147483648
split_feature= 2 7 3 6 5 4 4 5 6 7
split_gain= 6.56303 0.865001 0.91152 0.984751 1.51041 0.686742 0.648536 0.0724249 0.927316 0.14034
threshold= -0.36874486505985254 -0.63094553351402272 -0.059273347258567803 -0.34208901226520533 0.59622937440872203 -0.3957854956388473 0.64830824732780468 0.93321415781974804 -0.35292859375476832 1.3429158329963686
decision_type= 2 2 2 2 2 2 2 2 2 2
left_child=5 2 -2 4 -4 -1 -3 9 -9 -7
right_child=1 6 3 -5 -6 7 -8 8 -10 -11
leaf_value= 0.00094745313567851032 -0.0018407241247023042 -0.0028227414076425553 0.0048261517870898368 -0.014321844570184218 -0.019117696521660458 0.008975482890711638 0.0025948956393187094 0.011227767982283516 -0.0053539149872741517 -0.0027313017460406934
leaf_weight=923 595 2030 157 403 65 1105 859 122 193 101
leaf_count=923 595 2030 157 403 65 1105 859 122 193 101
model_size=1152
internal_value=0 -0.00264128 -0.00602613 -0.0100106 -0.00218443 0.00444068 -0.00121189 0.00656051 0.0010682 0.00799506
internal_weight=0 4109 1220 625 222 2444 2889 1521 315 1206
internal_count=6553 4109 1220 625 222 2444 2889 1521 315 1206
is_linear=0
shrinkage=0.1


Tree=14
num_leaves= 5
num_cat= 0
full_tree_array_lgbids= 0 1 -2 2 3 -2147483648 -2147483648 -1 -4 -3 -5 -2147483648 -2147483648 -2147483648 -2147483648
split_feature= 2 0 1 4
split_gain= 5.30402 1.18366 0.658177 0.023544
threshold= 0.41311286389827734 0.24408297240734103 -0.041156854480504983 -0.45289823412895197
decision_type= 2 2 2 2
left_child=1 2 -1 -3
right_child=-2 3 -4 -5
leaf_value= 0.0072493357280107654 -0.0040293819323169461 -0.0037912360183492474 0.0017223786654724988 0.001616003471363466
leaf_weight=1177 2472 627 1181 1096
leaf_count=1177 2472 627 1181 1096
model_size=480
internal_value=0 0.00244073 0.00448117 -0.000351692
internal_weight=0 4081 2358 1723
internal_count=6553 4081 2358 1723
is_linear=0
shrinkage=0.1


Tree=15
num_leaves= 7
num_cat= 0
full_tree_array_lgbids= 0 3 1 -1 4 2 -3 -2147483648 -2147483648 -5 -6 -2 5 -2147483648 -2147483648 -2147483648 -2147483648 -2147483648 -2147483648 -2147483648 -2147483648 -2147483648 -2147483648 -2147483648 -2147483648 -4 -7 -2147483648 -2147483648 -2147483648 -2147483648
split_feature= 2 2 4 1 0 0
split_gain= 4.42355 0.782312 0.631718 0.211969 0.232795 0.125939
threshold= -0.73440709710121144 0.84255495667457592 -1.1543310880661009 -1.3125545382499693 -0.57678207755088795 0.20387880504131317
decision_type= 2 2 2 2 2 2
left_child=3 2 -2 -1 -5 -4
right_child=1 -3 5 4 -6 -7
leaf_value= 0.015034650635492289 -0.0061574962881549376 -0.0046746876462600171 0.0023904580930235106 0.0088500501739100495 0.0022545804196524876 -0.0018245282239737087
leaf_weight=125 460 1510 1637 450 1089 1282
leaf_count=125 460 1510 1637 450 1089 1282
model_size=704
internal_value=0 -0.00170118 -0.000372392 0.00499825 0.00418308 0.000539272
internal_weight=0 4889 3379 1664 1539 2919
internal_count=6553 4889 3379 1664 1539 2919
is_linear=0
shrinkage=0.1


Tree=16
num_leaves= 13
num_cat= 0
full_tree_array_lgbids= 0 1 2 -1 -3 5 3 -2147483648 -2147483648 -2147483648 -2147483648 6 8 9 4 -2147483648 -2147483648 -2147483648 -2147483648 -2147483648 -2147483648 -2147483648 -2147483648 -2 -8 11 -10 -4 10 7 -6 -2147483648 -2147483648 -2147483648 -2147483648 -2147483648 -2147483648 -2147483648 -2147483648 -2147483648 -2147483648 -2147483648 -2147483648 -2147483648 -2147483648 -2147483648 -2147483648 -2147483648 -2147483648 -2147483648 -2147483648 -7 -13 -2147483648 -2147483648 -2147483648 -2147483648 -11 -12 -5 -9 -2147483648 -2147483648
split_feature= 2 4 5 3 6 3 6 7 0 4 6 1
split_gain= 3.46803 0.723875 0.531268 2.97104 2.31838 1.02161 1.66261 0.599365 0.451145 0.12619 0.247845 0.078872
threshold= -0.20515757799148557 0.56924891471862804 0.12283720821142197 -0.10433290526270864 -0.34208901226520533 -1.1720492243766782 1.0000000180025095e-35 -0.54943230748176564 -0.11098424345254898 -0.68695685267448414 0.79071232676506054 -0.15636894851922986
decision_type= 2 2 2 2 2 2 2 2 2 2 2 2
left_child=1 -1 5 9 7 6 -2 -5 11 -4 -11 -7
right_child=2 -3 3 4 -6 8 -8 -9 -10 10 -12 -13
leaf_value= 0.0012866396805915978 -0.018051945021159022 0.0068428506342647858 -0.0061199460307658953 -0.012626329528751199 -0.013916318561514408 0.008229448018707456 0.0032557863098595084 0.0038557970692894004 -0.0019694473083509668 0.0056244967376886564 -0.0059951823209891753 0.0005678730040144306
leaf_weight=1877 147 905 212 91 578 385 108 226 957 458 136 473
leaf_count=1877 147 905 212 91 578 385 108 226 957 458 136 473
model_size=1376
internal_value=0 0.00309411 -0.00228263 -0.00461962 -0.00929745 -0.000362237 -0.00902749 -0.000875665 0.000855196 0.000574747 0.0029641 0.00400576
internal_weight=0 2782 3771 1701 895 2070 255 317 1815 806 594 858
internal_count=6553 2782 3771 1701 895 2070 255 317 1815 806 594 858
is_linear=0
shrinkage=0.1


Tree=17
num_leaves= 15
num_cat= 0
full_tree_array_lgbids= 0 10 1 -1 -12 5 2 -2147483648 -2147483648 -2147483648 -2147483648 6 -7 4 3 -2147483648 -2147483648 -2147483648 -2147483648 -2147483648 -2147483648 -2147483648 -2147483648 7 9 -2147483648 -2147483648 -3 -6 11 -5 -2147483648 -2147483648 -2147483648 -2147483648 -2147483648 -2147483648 -2147483648 -2147483648 -2147483648 -2147483648 -2147483648 -2147483648 -2147483648 -2147483648 -2147483648 -2147483648 8 12 -8 -11 -2147483648 -2147483648 -2147483648 -2147483648 -2147483648 -2147483648 -2147483648 -2147483648 -4 -13 -2147483648 -2147483648 -2147483648 -2147483648 -2147483648 -2147483648 -2147483648 -2147483648 -2147483648 -2147483648 -2147483648 -2147483648 -2147483648 -2147483648 -2147483648 -2147483648 -2147483648 -2147483648 -2147483648 -2147483648 -2147483648 -2147483648 -2147483648 -2147483648 -2147483648 -2147483648 -2147483648 -2147483648 -2147483648 -2147483648 -2147483648 -2147483648 -2147483648 -2147483648 -2 -10 13 -14 -2147483648 -2147483648 -2147483648 -2147483648 -2147483648 -2147483648 -2147483648 -2147483648 -2147483648 -2147483648 -2147483648 -2147483648 -2147483648 -2147483648 -2147483648 -2147483648 -2147483648 -2147483648 -2147483648 -2147483648 -2147483648 -2147483648 -2147483648 -2147483648 -2147483648 -2147483648 -2147483648 -2147483648 -2147483648 -2147483648 -2147483648 -2147483648 -2147483648 -2147483648 -2147483648 -2147483648 -2147483648 -2147483648 -2147483648 -2147483648 -2147483648 -2147483648 -2147483648 -2147483648 -2147483648 -2147483648 -2147483648 -2147483648 -2147483648 -2147483648 -2147483648 -2147483648 -2147483648 -2147483648 -2147483648 -2147483648 -2147483648 -2147483648 -2147483648 -2147483648 -2147483648 -2147483648 -2147483648 -2147483648 -2147483648 -2147483648 -2147483648 -2147483648 -2147483648 -2147483648 -2147483648 -2147483648 -2147483648 -2147483648 -2147483648 -2147483648 -2147483648 -2147483648 -2147483648 -2147483648 -2147483648 -2147483648 -2147483648 -2147483648 -2147483648 -2147483648 -2147483648 -2147483648 -2147483648 -2147483648 -2147483648 -2147483648 -2147483648 -2147483648 -2147483648 -2147483648 -9 -15 -2147483648 -2147483648 -2147483648 -2147483648 -2147483648 -2147483648 -2147483648 -2147483648 -2147483648 -2147483648 -2147483648 -2147483648 -2147483648 -2147483648 -2147483648 -2147483648 -2147483648 -2147483648 -2147483648 -2147483648 -2147483648 -2147483648 -2147483648 -2147483648 -2147483648 -2147483648 -2147483648 -2147483648 -2147483648 -2147483648 -2147483648 -2147483648 -2147483648 -2147483648 -2147483648 -2147483648 -2147483648 -2147483648 -2147483648 -2147483648 -2147483648 -2147483648 -2147483648 -2147483648 -2147483648 -2147483648 -2147483648 -2147483648 -2147483648 -2147483648 -2147483648 -2147483648 -2147483648 -2147483648 -2147483648 -2147483648 -2147483648 -2147483648
split_feature= 2 6 3 5 2 0 5 3 5 3 1 7 7 5
split_gain= 2.72014 0.540518 3.01872 0.770776 0.226979 0.222644 0.162916 0.736122 2.15637 0.397682 0.0707593 0.0377375 0.0131146 0.454752
threshold= -0.73440709710121144 0.48795536160469061 0.03902785666286946 -0.78617820143699635 1.1354576945304873 0.20387880504131317 1.1980468630790713 -0.97511750459671009 -0.3474139124155044 -0.48799206316471094 -0.49102292954921717 -0.52889037132263172 -0.45464918017387385 -0.17590741813182828
decision_type= 2 2 2 2 2 2 2 2 2 2 2 2 2 2
left_child=10 5 4 11 -3 6 7 8 -2 -8 -1 -4 13 -9
right_child=1 2 3 -5 -6 -7 9 12 -10 -11 -12 -13 -14 -15
leaf_value= 0.0079400963098794335 -0.015496310295248537 0.0030038964153255906 -0.011757948169011684 -0.011385609057840248 -0.0079103698391447801 -0.0024354260477245579 0.0073180927464099078 0.005992347203397818 0.0056396563393004903 -0.011085481186890249 0.0021782286093022887 0.0050013860797376505 0.006735390860320354 -0.0063600420375558471
leaf_weight=579 142 686 63 676 143 1389 67 232 158 154 1085 140 838 201
leaf_count=579 142 686 63 676 143 1389 67 232 158 154 1085 140 838 201
model_size=1600
internal_value=0 -0.00142375 -0.0039858 -0.00880231 0.00112122 -4.80841e-05 0.00180237 0.00283049 -0.0043647 -0.00550612 0.00418311 -0.000199787 0.00452881 0.000258328
internal_weight=0 4889 1708 879 829 3181 1792 1571 300 221 1664 203 1271 433
internal_count=6553 4889 1708 879 829 3181 1792 1571 300 221 1664 203 1271 433
is_linear=0
shrinkage=0.1


Tree=18
num_leaves= 11
num_cat= 0
full_tree_array_lgbids= 0 1 -2 -1 2 -2147483648 -2147483648 -2147483648 -2147483648 -3 3 -2147483648 -2147483648 -2147483648 -2147483648 -2147483648 -2147483648 -2147483648 -2147483648 -2147483648 -2147483648 5 4 -2147483648 -2147483648 -2147483648 -2147483648 -2147483648 -2147483648 -2147483648 -2147483648 -2147483648 -2147483648 -2147483648 -2147483648 -2147483648 -2147483648 -2147483648 -2147483648 -2147483648 -2147483648 -2147483648 -2147483648 6 -7 -5 7 -2147483648 -2147483648 -2147483648 -2147483648 -2147483648 -2147483648 -2147483648 -2147483648 -2147483648 -2147483648 -2147483648 -2147483648 -2147483648 -2147483648 -2147483648 -2147483648 -2147483648 -2147483648 -2147483648 -2147483648 -2147483648 -2147483648 -2147483648 -2147483648 -2147483648 -2147483648 -2147483648 -2147483648 -2147483648 -2147483648 -2147483648 -2147483648 -2147483648 -2147483648 -2147483648 -2147483648 -2147483648 -2147483648 -2147483648 -2147483648 -4 -8 -2147483648 -2147483648 -2147483648 -2147483648 8 9 -2147483648 -2147483648 -2147483648 -2147483648 -2147483648 -2147483648 -2147483648 -2147483648 -2147483648 -2147483648 -2147483648 -2147483648 -2147483648 -2147483648 -2147483648 -2147483648 -2147483648 -2147483648 -2147483648 -2147483648 -2147483648 -2147483648 -2147483648 -2147483648 -2147483648 -2147483648 -2147483648 -2147483648 -2147483648 -2147483648 -2147483648 -2147483648 -2147483648 -2147483648 -2147483648 -2147483648 -2147483648 -2147483648 -2147483648 -2147483648 -2147483648 -2147483648 -2147483648 -2147483648 -2147483648 -2147483648 -2147483648 -2147483648 -2147483648 -2147483648 -2147483648 -2147483648 -2147483648 -2147483648 -2147483648 -2147483648 -2147483648 -2147483648 -2147483648 -2147483648 -2147483648 -2147483648 -2147483648 -2147483648 -2147483648 -2147483648 -2147483648 -2147483648 -2147483648 -2147483648 -2147483648 -2147483648 -2147483648 -2147483648 -2147483648 -2147483648 -2147483648 -2147483648 -2147483648 -2147483648 -2147483648 -2147483648 -2147483648 -2147483648 -2147483648 -2147483648 -2147483648 -2147483648 -2147483648 -2147483648 -2147483648 -2147483648 -6 -10 -9 -11 -2147483648 -2147483648 -2147483648 -2147483648 -2147483648 -2147483648 -2147483648 -2147483648 -2147483648 -2147483648 -2147483648 -2147483648 -2147483648 -2147483648 -2147483648 -2147483648 -2147483648 -2147483648 -2147483648 -2147483648 -2147483648 -2147483648 -2147483648 -2147483648 -2147483648 -2147483648 -2147483648 -2147483648 -2147483648 -2147483648 -2147483648 -2147483648 -2147483648 -2147483648 -2147483648 -2147483648 -2147483648 -2147483648 -2147483648 -2147483648 -2147483648 -2147483648 -2147483648 -2147483648 -2147483648 -2147483648 -2147483648 -2147483648 -2147483648 -2147483648 -2147483648 -2147483648 -2147483648 -2147483648 -2147483648 -2147483648 -2147483648 -2147483648 -2147483648 -2147483648 -2147483648 -2147483648 -2147483648 -2147483648
split_feature= 2 1 4 6 5 5 3 7 4 3
split_gain= 2.13122 0.622675 0.543406 0.311745 2.9183 0.717717 0.87724 0.606342 0.144752 0.0432094
threshold= 0.4504156112670899 -1.1882524490356443 -0.67562311887741078 0.48795536160469061 -0.14943312853574753 -1.0830603837966917 -0.56684127449989308 0.13482514768838882 -0.030961514450609681 0.07543653249740602
decision_type= 2 2 2 2 2 2 2 2 2 2
left_child=1 -1 -3 5 -5 6 -4 8 -6 -9
right_child=-2 2 3 4 7 -7 -8 9 -10 -11
leaf_value= 0.0074151299850347303 -0.0029735923870789359 -0.0024723942694477325 -0.01588264870275136 0.0065529268414082509 -0.00035654452662648903 0.0055582200284910012 0.00277948494624804 0.0075761001344049747 -0.01641240176231195 -0.0073871828376668724
leaf_weight=495 2394 1065 92 405 70 1428 171 106 209 118
leaf_count=495 2394 1065 92 405 70 1428 171 106 209 118
model_size=1152
internal_value=0 0.00171166 0.000941127 0.0023399 -0.000957969 0.00411072 -0.00374871 -0.00700551 -0.0123841 -0.000306344
internal_weight=0 4159 3664 2599 908 1691 263 503 279 224
internal_count=6553 4159 3664 2599 908 1691 263 503 279 224
is_linear=0
shrinkage=0.1


Tree=19
num_leaves= 6
num_cat= 0
full_tree_array_lgbids= 0 -1 1 -2147483648 -2147483648 -2 2 -2147483648 -2147483648 -2147483648 -2147483648 -2147483648 -2147483648 -3 3 -2147483648 -2147483648 -2147483648 -2147483648 -2147483648 -2147483648 -2147483648 -2147483648 -2147483648 -2147483648 -2147483648 -2147483648 -2147483648 -2147483648 -4 4 -2147483648 -2147483648 -2147483648 -2147483648 -2147483648 -2147483648 -2147483648 -2147483648 -2147483648 -2147483648 -2147483648 -2147483648 -2147483648 -2147483648 -2147483648 -2147483648 -2147483648 -2147483648 -2147483648 -2147483648 -2147483648 -2147483648 -2147483648 -2147483648 -2147483648 -2147483648 -2147483648 -2147483648 -2147483648 -2147483648 -5 -6
split_feature= 2 7 4 3 5
split_gain= 1.67635 0.42176 0.289538 0.0200978 0.0218242
threshold= -0.62022417783737172 -1.2686905264854433 0.19934169948101046 0.81707048416137706 0.4545369297266007
decision_type= 2 2 2 2 2
left_child=-1 -2 -3 -4 -5
right_child=1 2 3 4 -6
leaf_value= 0.0032922808583282395 -0.0072003927349994362 -0.0023938170984014011 0.0028224741265795521 0.00048891741656131242 -0.011210103439427166
leaf_weight=1898 434 2393 1420 271 137
leaf_count=1898 434 2393 1420 271 137
model_size=592
internal_value=0 -0.00134237 -0.000740057 0.00142485 -0.00343943
internal_weight=0 4655 4221 1828 408
internal_count=6553 4655 4221 1828 408
is_linear=0
shrinkage=0.1


Tree=20
num_leaves= 4
num_cat= 0
full_tree_array_lgbids= 0 1 -2 -1 2 -2147483648 -2147483648 -2147483648 -2147483648 -3 -4 -2147483648 -2147483648 -2147483648 -2147483648
split_feature= 2 0 1
split_gain= 1.23561 0.213838 0.109315
threshold= 0.11063466221094136 -0.80507585406303395 -1.3718686103820799
decision_type= 2 2 2
left_child=1 -1 -3
right_child=-2 2 -4
leaf_value= 0.0055129698681874234 -0.0020332536047768107 0.0098448424155990408 0.00014064375163240064
leaf_weight=819 3122 151 2461
leaf_count=819 3122 151 2461
model_size=368
internal_value=0 0.00185014 0.000701645
internal_weight=0 3431 2612
internal_count=6553 3431 2612
is_linear=0
shrinkage=0.1


Tree=21
num_leaves= 3
num_cat= 0
full_tree_array_lgbids= 0 -1 1 -2147483648 -2147483648 -2 -3
split_feature= 2 7
split_gain= 0.863421 0.0375016
threshold= -0.73440709710121144 -1.3602905869483948
decision_type= 2 2
left_child=-1 -2
right_child=1 -3
leaf_value= 0.0030675804651851789 -0.0072135691704579442 -0.00062207313838886363
leaf_weight=1664 313 4576
leaf_count=1664 313 4576
model_size=256
internal_value=0 -0.00104407
internal_weight=0 4889
internal_count=6553 4889
is_linear=0
shrinkage=0.1


Tree=22
num_leaves= 16
num_cat= 0
full_tree_array_lgbids= 0 9 1 10 12 3 2 -1 11 -11 13 4 -5 -3 -4 -2147483648 -2147483648 -12 -13 -2147483648 -2147483648 14 -15 5 6 -2147483648 -2147483648 -2147483648 -2147483648 -2147483648 -2147483648 -2147483648 -2147483648 -2147483648 -2147483648 -2147483648 -2147483648 -2147483648 -2147483648 -2147483648 -2147483648 -2147483648 -2147483648 -14 -16 -2147483648 -2147483648 8 -7 -6 7 -2147483648 -2147483648 -2147483648 -2147483648 -2147483648 -2147483648 -2147483648 -2147483648 -2147483648 -2147483648 -2147483648 -2147483648 -2147483648 -2147483648 -2147483648 -2147483648 -2147483648 -2147483648 -2147483648 -2147483648 -2147483648 -2147483648 -2147483648 -2147483648 -2147483648 -2147483648 -2147483648 -2147483648 -2147483648 -2147483648 -2147483648 -2147483648 -2147483648 -2147483648 -2147483648 -2147483648 -2147483648 -2147483648 -2147483648 -2147483648 -2147483648 -2147483648 -2147483648 -2147483648 -2 -10 -2147483648 -2147483648 -2147483648 -2147483648 -8 -9 -2147483648 -2147483648 -2147483648 -2147483648 -2147483648 -2147483648 -2147483648 -2147483648 -2147483648 -2147483648 -2147483648 -2147483648 -2147483648 -2147483648 -2147483648 -2147483648 -2147483648 -2147483648 -2147483648 -2147483648 -2147483648 -2147483648 -2147483648 -2147483648
split_feature= 4 5 6 2 6 5 3 7 7 6 3 5 3 5 6
split_gain= 0.697056 0.563713 1.18065 0.177138 0.176261 2.4896 0.390266 0.491951 0.0812704 0.0316794 1.99314 2.11522 1.04785 1.34537 0.176512
threshold= 0.26278324425220495 1.0940870046615603 -0.3203322142362594 0.9635407328605653 -1.1006352305412288 -0.29158644378185267 0.77286869287490856 -0.78701147437095631 -0.72036144137382496 -0.63884782791137684 -0.5971354842185973 0.67661032080650341 0.2989127933979035 -0.79602351784706105 0.52458319067955028
decision_type= 2 2 2 2 2 2 2 2 2 2 2 2 2 2 2
left_child=9 3 -3 4 5 8 -6 -8 -2 10 -1 -12 -11 14 -14
right_child=1 2 -4 -5 6 -7 7 -9 -10 12 11 -13 13 -15 -16
leaf_value= -0.0064644739787621322 0.0028088661464580307 0.0052905232742698812 -0.010167002711599701 -0.0019037596370585057 0.007353254122923464 0.009428519951819465 -0.011187057616641221 0.0037896899577049962 -0.020366340407564007 -0.00022470327312661023 0.0090339199643456238 -0.0052366727848673173 0.0092061790862246178 -0.0090483454247399561 -0.0052440967196933789
leaf_weight=368 33 169 253 450 1185 131 103 310 97 1573 566 233 141 809 132
leaf_count=368 33 169 253 450 1185 131 103 310 97 1573 566 233 141 809 132
model_size=1712
internal_value=0 0.00203354 -0.00397667 0.00313198 0.00435096 -0.00248163 0.00546692 5.45689e-05 -0.0144834 -0.00145306 0.00129745 0.00487241 -0.00266204 -0.00620542 0.00221923
internal_weight=0 2731 422 2309 1859 261 1598 413 130 3822 1167 799 2655 1082 273
internal_count=6553 2731 422 2309 1859 261 1598 413 130 3822 1167 799 2655 1082 273
is_linear=0
shrinkage=0.1


Tree=23
num_leaves= 6
num_cat= 0
full_tree_array_lgbids= 0 1 -2 -1 2 -2147483648 -2147483648 -2147483648 -2147483648 3 -4 -2147483648 -2147483648 -2147483648 -2147483648 -2147483648 -2147483648 -2147483648 -2147483648 -3 4 -2147483648 -2147483648 -2147483648 -2147483648 -2147483648 -2147483648 -2147483648 -2147483648 -2147483648 -2147483648 -2147483648 -2147483648 -2147483648 -2147483648 -2147483648 -2147483648 -2147483648 -2147483648 -2147483648 -2147483648 -5 -6 -2147483648 -2147483648 -2147483648 -2147483648 -2147483648 -2147483648 -2147483648 -2147483648 -2147483648 -2147483648 -2147483648 -2147483648 -2147483648 -2147483648 -2147483648 -2147483648 -2147483648 -2147483648 -2147483648 -2147483648
split_feature= 2 1 7 3 6
split_gain= 0.476536 0.0802186 0.0460394 0.354327 0.140661
threshold= 0.4504156112670899 -1.1882524490356443 -0.64305841922759999 -0.30049589276313776 -0.70509988069534291
decision_type= 2 2 2 2 2
left_child=1 -1 3 -3 -5
right_child=-2 2 -4 4 -6
leaf_value= 0.0061269740279966192 -0.0021478938776875712 0.0021214986948727243 0.0017747187621505009 0.0021860834716541564 -0.0087400675786074144
leaf_weight=495 2394 451 2613 161 439
leaf_count=495 2394 451 2613 161 439
model_size=592
internal_value=0 0.00123637 0.000575657 -0.00240546 -0.00580822
internal_weight=0 4159 3664 1051 600
internal_count=6553 4159 3664 1051 600
is_linear=0
shrinkage=0.1


Tree=24
num_leaves= 3
num_cat= 0
full_tree_array_lgbids= 0 1 -2 -1 -3 -2147483648 -2147483648
split_feature= 0 1
split_gain= 0.361483 0.0888643
threshold= -0.11098424345254898 0.15269324183464053
decision_type= 2 2
left_child=1 -1
right_child=-2 -3
leaf_value= 0.0036435836871206249 -0.0014648622591866892 -0.00061126606512081766
leaf_weight=1648 3522 1383
leaf_count=1648 3522 1383
model_size=256
internal_value=0 0.00170216
internal_weight=0 3031
internal_count=6553 3031
is_linear=0
shrinkage=0.1


Tree=25
num_leaves= 2
num_cat= 0
full_tree_array_lgbids= 0 -1 -2
split_feature= 4
split_gain= 0.289837
threshold= 0.73437872529029857
decision_type= 2
left_child=-1
right_child=-2
leaf_value= -0.00094009656409922585 0.0025423527336071988
leaf_weight=4784 1769
leaf_count=4784 1769
model_size=144
internal_value=0
internal_weight=0
internal_count=6553
is_linear=0
shrinkage=0.1


Tree=26
num_leaves= 2
num_cat= 0
full_tree_array_lgbids= 0 -1 -2
split_feature= 2
split_gain= 0.214114
threshold= -0.6779712140560149
decision_type= 2
left_child=-1
right_child=-2
leaf_value= 0.0024579562236173493 -0.00092657563374067486
leaf_weight=1794 4759
leaf_count=1794 4759
model_size=144
internal_value=0
internal_weight=0
internal_count=6553
is_linear=0
shrinkage=0.1


Tree=27
num_leaves= 5
num_cat= 0
full_tree_array_lgbids= 0 3 1 -1 -5 -2 2 -2147483648 -2147483648 -2147483648 -2147483648 -2147483648 -2147483648 -3 -4
split_feature= 6 3 5 0
split_gain= 0.18486 2.14135 0.564149 0.214794
threshold= 0.64664298295974743 -0.16804680228233337 -0.83265164494514454 0.25716689229011541
decision_type= 2 2 2 2
left_child=3 -2 -3 -1
right_child=1 2 -4 -5
leaf_value= 0.0025148059978999915 0.002460489699075594 0.0016363703667712935 -0.0082415643651762033 -0.0011247196677476919
leaf_weight=2656 845 244 843 1965
leaf_count=2656 845 244 843 1965
model_size=480
internal_value=0 -0.00231328 -0.00602425 0.000967161
internal_weight=0 1932 1087 4621
internal_count=6553 1932 1087 4621
is_linear=0
shrinkage=0.1


Tree=28
num_leaves= 11
num_cat= 0
full_tree_array_lgbids= 0 4 1 5 6 -2 2 9 -7 -6 7 -2147483648 -2147483648 3 -4 -1 -11 -2147483648 -2147483648 -2147483648 -2147483648 -8 8 -2147483648 -2147483648 -2147483648 -2147483648 -3 -5 -2147483648 -2147483648 -2147483648 -2147483648 -2147483648 -2147483648 -2147483648 -2147483648 -2147483648 -2147483648 -2147483648 -2147483648 -2147483648 -2147483648 -2147483648 -2147483648 -9 -10 -2147483648 -2147483648 -2147483648 -2147483648 -2147483648 -2147483648 -2147483648 -2147483648 -2147483648 -2147483648 -2147483648 -2147483648 -2147483648 -2147483648 -2147483648 -2147483648
split_feature= 5 3 6 7 3 6 6 4 7 7
split_gain= 0.0935848 2.61095 1.22043 0.580576 0.446092 2.65511 1.31428 1.17324 0.523567 0.193834
threshold= 0.18079009652137759 -0.19819757342338556 -0.59995731711387623 -0.57505470514297474 -0.86277875304222096 0.023997919633984569 0.64664298295974743 0.29228626191616064 -0.88851091265678395 0.17602325975894934
decision_type= 2 2 2 2 2 2 2 2 2 2
left_child=4 -2 3 -3 5 9 -6 -8 -9 -1
right_child=1 2 -4 -5 6 -7 7 8 -10 -11
leaf_value= -0.0040322719194654348 0.0024755643135057574 -0.0087259392989195751 -0.0074970553484342978 0.0052229149463049046 0.0043883137618335967 0.0045264928458198794 -0.0067685625260940413 -0.009380824219241933 0.0080033838842191608 -0.01589505578520721
leaf_weight=232 1277 135 1127 334 2022 386 495 77 274 194
leaf_count=232 1277 135 1127 334 2022 386 495 77 274 194
model_size=1152
internal_value=0 -0.00164338 -0.00493905 0.00120779 0.001283 -0.00279791 0.0024384 -0.00222203 0.00418975 -0.00943457
internal_weight=0 2873 1596 469 3680 812 2868 846 351 426
internal_count=6553 2873 1596 469 3680 812 2868 846 351 426
is_linear=0
shrinkage=0.1


Tree=29
num_leaves= 5
num_cat= 0
full_tree_array_lgbids= 0 -1 1 -2147483648 -2147483648 2 -3 -2147483648 -2147483648 -2147483648 -2147483648 -2 3 -2147483648 -2147483648 -2147483648 -2147483648 -2147483648 -2147483648 -2147483648 -2147483648 -2147483648 -2147483648 -2147483648 -2147483648 -4 -5 -2147483648 -2147483648 -2147483648 -2147483648
split_feature= 1 7 3 6
split_gain= 0.0418232 0.139371 0.065055 0.24887
threshold= -1.1993861794471739 -0.60024547576904286 -0.57537341117858876 -0.68856987357139576
decision_type= 2 2 2 2
left_child=-1 2 -2 -4
right_child=1 -3 3 -5
leaf_value= 0.0039767943873855755 0.0011123750395540218 0.00053169600852629579 0.00093863229650744317 -0.0070803799913001829
leaf_weight=754 577 4024 337 861
leaf_count=754 577 4024 337 861
model_size=480
internal_value=0 -0.000517072 -0.00289467 -0.00482461
internal_weight=0 5799 1775 1198
internal_count=6553 5799 1775 1198
is_linear=0
shrinkage=0.1


end of trees

feature_importances:
Column_5=89
Column_6=80
Column_3=60
Column_4=59
Column_2=55
Column_7=53
Column_0=40
Column_1=33

parameters:
[boosting: gbdt]
[objective: regression]
[metric: rmse]
[tree_learner: serial]
[device_type: cpu]
[data_sample_strategy: bagging]
[data: data/kin8nm.libsvm.train]
[valid: data/kin8nm.libsvm.test]
[num_iterations: 100]
[learning_rate: 0.1]
[num_leaves: 255]
[num_threads: 0]
[seed: 42]
[deterministic: 0]
[force_col_wise: 0]
[force_row_wise: 0]
[histogram_pool_size: -1]
[max_depth: 7]
[min_data_in_leaf: 10]
[min_sum_hessian_in_leaf: 0.001]
[bagging_fraction: 1]
[pos_bagging_fraction: 1]
[neg_bagging_fraction: 1]
[bagging_freq: 0]
[bagging_seed: 400]
[feature_fraction: 1]
[feature_fraction_bynode: 1]
[feature_fraction_seed: 30056]
[extra_trees: 0]
[extra_seed: 12879]
[early_stopping_round: 0]
[early_stopping_min_delta: 0]
[first_metric_only: 0]
[max_delta_step: 0]
[lambda_l1: 0]
[lambda_l2: 0]
[linear_lambda: 0]
[min_gain_to_split: 0]
[drop_rate: 0.1]
[max_drop: 50]
[skip_drop: 0.5]
[xgboost_dart_mode: 0]
[uniform_drop: 0]
[drop_seed: 17869]
[top_rate: 0.2]
[other_rate: 0.1]
[min_data_per_group: 100]
[max_cat_threshold: 32]
[cat_l2: 10]
[cat_smooth: 10]
[max_cat_to_onehot: 4]
[top_k: 20]
[monotone_constraints: ]
[monotone_constraints_method: basic]
[monotone_penalty: 0]
[feature_contri: ]
[forcedsplits_filename: ]
[refit_decay_rate: 0.9]
[tinygbdt_penalty_feature: 0.0625]
[tinygbdt_penalty_split: 0.000976562]
[tinygbdt_forestsize: 64000]
[tinygbdt_precision: 7]
[cegb_tradeoff: 1]
[cegb_penalty_split: 0]
[cegb_penalty_feature_lazy: ]
[cegb_penalty_feature_coupled: ]
[path_smooth: 0]
[interaction_constraints: ]
[verbosity: 2]
[saved_feature_importance_type: 0]
[use_quantized_grad: 0]
[num_grad_quant_bins: 4]
[quant_train_renew_leaf: 0]
[stochastic_rounding: 1]
[linear_tree: 0]
[max_bin: 255]
[max_bin_by_feature: ]
[min_data_in_bin: 3]
[bin_construct_sample_cnt: 200000]
[data_random_seed: 175]
[is_enable_sparse: 1]
[enable_bundle: 1]
[use_missing: 1]
[zero_as_missing: 0]
[feature_pre_filter: 1]
[pre_partition: 0]
[two_round: 0]
[header: 0]
[label_column: ]
[weight_column: ]
[group_column: ]
[ignore_column: ]
[categorical_feature: ]
[forcedbins_filename: ]
[precise_float_parser: 0]
[parser_config_file: ]
[objective_seed: 16083]
[num_class: 1]
[is_unbalance: 0]
[scale_pos_weight: 1]
[sigmoid: 1]
[boost_from_average: 1]
[reg_sqrt: 0]
[alpha: 0.9]
[fair_c: 1]
[poisson_max_delta_step: 0.7]
[tweedie_variance_power: 1.5]
[lambdarank_truncation_level: 30]
[lambdarank_norm: 1]
[label_gain: ]
[lambdarank_position_bias_regularization: 0]
[eval_at: ]
[multi_error_top_k: 1]
[auc_mu_weights: ]
[num_machines: 1]
[local_listen_port: 12400]
[time_out: 120]
[machine_list_filename: ]
[machines: ]
[gpu_platform_id: -1]
[gpu_device_id: -1]
[gpu_use_dp: 0]
[num_gpu: 1]

end of parameters
