tree
version=v4
num_class=1
num_tree_per_iteration=1
label_index=0
max_feature_idx=8
objective=regression
feature_names=Column_0 Column_1 Column_2 Column_3 Column_4 Column_5 Column_6 Column_7 Column_8
feature_infos=none [0.49990000000000001:15.0001] [1:52] [0.88888888888888884:141.90909090909091] [0.33333333333333331:25.63636363636364] [3:35682] [0.69230769230769229:1243.333333333333] [32.549999999999997:41.950000000000003] [-124.34999999999999:-114.31]
tree_sizes=5821 5926 5726 5127 5263 4847 5127 4643 4650 4992

Tree=0
num_leaves= 40
num_cat= 0
full_tree_array_lgbids= 0 1 2 5 3 4 10 9 11 6 7 16 13 20 33 15 14 35 21 37 8 19 17 -2 18 -6 29 -4 -22 34 -35 -1 -17 27 -16 -7 -37 -13 31 -3 38 12 36 22 25 24 -19 -2147483648 -2147483648 -18 23 -2147483648 -2147483648 -15 -31 -2147483648 -2147483648 -2147483648 -2147483648 -12 -36 -2147483648 -2147483648 -2147483648 -2147483648 -2147483648 -2147483648 30 -29 -2147483648 -2147483648 -2147483648 -2147483648 -2147483648 -2147483648 -2147483648 -2147483648 32 -33 -2147483648 -2147483648 -39 -40 28 26 -10 -38 -5 -24 -21 -27 -9 -26 -2147483648 -2147483648 -2147483648 -2147483648 -2147483648 -2147483648 -2147483648 -2147483648 -20 -25 -2147483648 -2147483648 -2147483648 -2147483648 -2147483648 -2147483648 -2147483648 -2147483648 -2147483648 -2147483648 -2147483648 -2147483648 -2147483648 -2147483648 -2147483648 -2147483648 -2147483648 -2147483648 -2147483648 -2147483648 -2147483648 -2147483648 -2147483648 -2147483648 -2147483648 -2147483648 -2147483648 -2147483648 -2147483648 -2147483648 -2147483648 -2147483648 -11 -32 -2147483648 -2147483648 -2147483648 -2147483648 -2147483648 -2147483648 -2147483648 -2147483648 -2147483648 -2147483648 -2147483648 -2147483648 -2147483648 -2147483648 -2147483648 -2147483648 -2147483648 -2147483648 -23 -34 -2147483648 -2147483648 -2147483648 -2147483648 -2147483648 -2147483648 -2147483648 -2147483648 -2147483648 -2147483648 -8 -30 -14 -28 -2147483648 -2147483648 -2147483648 -2147483648 -2147483648 -2147483648 -2147483648 -2147483648 -2147483648 -2147483648 -2147483648 -2147483648 -2147483648 -2147483648 -2147483648 -2147483648 -2147483648 -2147483648 -2147483648 -2147483648 -2147483648 -2147483648 -2147483648 -2147483648 -2147483648 -2147483648 -2147483648 -2147483648 -2147483648 -2147483648 -2147483648 -2147483648 -2147483648 -2147483648 -2147483648 -2147483648 -2147483648 -2147483648 -2147483648 -2147483648 -2147483648 -2147483648 -2147483648 -2147483648 -2147483648 -2147483648 -2147483648 -2147483648 -2147483648 -2147483648 -2147483648 -2147483648 -2147483648 -2147483648 -2147483648 -2147483648 -2147483648 -2147483648 -2147483648 -2147483648 -2147483648 -2147483648 -2147483648 -2147483648 -2147483648 -2147483648 -2147483648 -2147483648 -2147483648 -2147483648 -2147483648 -2147483648 -2147483648 -2147483648 -2147483648 -2147483648 -2147483648 -2147483648 -2147483648 -2147483648 -2147483648 -2147483648 -2147483648 -2147483648
split_feature= 1 1 1 6 6 3 2 1 7 1 1 1 6 1 6 3 2 6 6 2 2 6 3 1 2 8 8 8 1 2 7 7 8 1 2 7 7 1 2
split_gain= 6956.71 1654.21 1261.18 945.383 400.528 287.446 203.116 182.04 156.466 150.265 125.323 106.183 97.9832 90.1266 82.0392 80.5664 76.9369 74.7438 64.7383 54.6363 42.6112 36.2939 35.9365 29.6149 27.9506 23.3521 19.8164 18.6668 13.942 13.0327 9.0877 8.27554 12.5668 2.79412 6.50075 2.72593 0.39429 0.266078 5.24468
threshold= 5.0387000000000013 3.0679500000000002 6.8672000000000013 2.3489548886254448 2.671038674349933 4.3101408005062494 24.500000000000004 4.0775500000000013 37.815000000000005 2.2210000000000005 7.852450000000001 2.4115000000000006 1.9628175980828908 5.7307500000000013 2.4907552973342448 3.449226804123712 19.500000000000004 2.9005380231986346 2.0653737590585881 43.500000000000007 26.500000000000004 2.2906328481453726 5.1186051221335997 5.8308000000000009 41.500000000000007 -122.40499999999999 -117.88499999999998 -118.26499999999999 3.4298000000000006 27.500000000000004 37.815000000000005 34.525000000000013 -117.77499999999999 8.7395500000000013 28.500000000000004 35.335000000000008 37.995000000000012 3.5330000000000008 18.500000000000004
decision_type= 2 2 2 2 2 2 2 2 2 2 2 2 2 2 2 2 2 2 2 2 2 2 2 2 2 2 2 2 2 2 2 2 2 2 2 2 2 2 2
left_child=1 5 4 6 16 9 37 19 12 15 20 35 28 -6 27 -1 -2 24 -18 22 -4 -13 -5 -20 -9 -21 -14 30 -8 -15 -11 32 -23 34 -12 -7 -10 -3 -39
right_child=2 3 10 7 13 11 8 17 36 14 33 21 26 29 -16 -17 18 -19 23 25 -22 31 -24 -25 -26 -27 -28 -29 -30 -31 -32 -33 -34 -35 -36 -37 -38 38 -40
leaf_value= 2.0405687631288161 2.1558599736411375 2.0619325518895399 2.2105021416414852 2.0474118544579003 2.0994046620642437 1.9807571227445304 2.1965323452694219 2.0892426552552306 2.1212005317600884 2.1406373236940905 2.2611911907323741 2.043693994763716 2.1803908632616107 2.1410397950488846 2.0327038778370752 1.9814897297846104 2.3293276008777508 2.055796547371648 2.1893908157405639 2.1470309877511444 2.2958198799055269 2.0423423215696768 2.0155083659287123 2.255568014458782 2.1540272791155655 2.0584465939763881 2.0853910788377314 2.0508470150556986 2.2845502876908457 2.1974100577568745 2.0404662446165749 1.9795206760962585 1.9852344261613879 2.3422574193033054 2.3423931801380187 1.9518240180001829 2.0318246126680579 2.0905904528987551 2.1592166787599623
leaf_weight=503 248 198 263 1181 828 636 90 844 87 227 147 309 402 586 767 899 91 1158 322 94 168 272 1536 250 172 283 67 153 174 187 50 944 275 365 97 1194 76 254 115
leaf_count=503 248 198 263 1181 828 636 90 844 87 227 147 309 402 586 767 899 91 1158 322 94 168 272 1536 250 172 283 67 153 174 187 50 944 275 365 97 1194 76 254 115
model_size=4400
internal_value=2.07195 2.03789 2.19622 2.07259 2.15739 2.00039 2.1449 2.05251 2.17679 2.02716 2.28999 1.98123 2.19841 2.12609 2.05582 2.00269 2.2124 2.07655 2.23355 2.03561 2.24376 2.0009 2.02938 2.21831 2.10021 2.08053 2.16682 2.09704 2.25454 2.15468 2.12256 1.99203 2.01363 2.32271 2.29347 1.96188 2.07953 2.0945 2.11198
internal_weight=0 12960 3552 6731 2512 6229 1463 5268 896 2599 1040 3630 733 1601 1197 1402 911 2174 663 3094 431 1800 2717 572 1016 377 469 430 264 773 277 1491 547 609 244 1830 163 567 369
internal_count=16512 12960 3552 6731 2512 6229 1463 5268 896 2599 1040 3630 733 1601 1197 1402 911 2174 663 3094 431 1800 2717 572 1016 377 469 430 264 773 277 1491 547 609 244 1830 163 567 369
is_linear=0
shrinkage=1


Tree=1
num_leaves= 39
num_cat= 0
full_tree_array_lgbids= 0 1 2 5 3 4 14 16 6 7 10 19 15 21 -16 17 -18 9 12 8 -9 22 23 -2 24 28 25 -4 -23 -2147483648 -2147483648 26 -19 -2147483648 -2147483648 18 -11 13 35 29 11 -2147483648 -2147483648 31 34 33 -25 -2147483648 -2147483648 -21 36 -6 -30 -17 -27 -2147483648 -2147483648 -2147483648 -2147483648 -2147483648 -2147483648 -2147483648 -2147483648 -1 27 -2147483648 -2147483648 -2147483648 -2147483648 -2147483648 -2147483648 37 -20 -2147483648 -2147483648 20 -15 -14 -37 30 -31 -10 32 -2147483648 -2147483648 -2147483648 -2147483648 -5 -33 -24 -36 -12 -35 -2147483648 -2147483648 -2147483648 -2147483648 -2147483648 -2147483648 -2147483648 -2147483648 -26 -38 -2147483648 -2147483648 -2147483648 -2147483648 -2147483648 -2147483648 -2147483648 -2147483648 -2147483648 -2147483648 -2147483648 -2147483648 -2147483648 -2147483648 -2147483648 -2147483648 -2147483648 -2147483648 -2147483648 -2147483648 -2147483648 -2147483648 -2147483648 -2147483648 -2147483648 -2147483648 -28 -29 -2147483648 -2147483648 -2147483648 -2147483648 -2147483648 -2147483648 -2147483648 -2147483648 -2147483648 -2147483648 -2147483648 -2147483648 -7 -39 -2147483648 -2147483648 -2147483648 -2147483648 -2147483648 -2147483648 -8 -22 -2147483648 -2147483648 -2147483648 -2147483648 -2147483648 -2147483648 -3 -32 -2147483648 -2147483648 -2147483648 -2147483648 -13 -34 -2147483648 -2147483648 -2147483648 -2147483648 -2147483648 -2147483648 -2147483648 -2147483648 -2147483648 -2147483648 -2147483648 -2147483648 -2147483648 -2147483648 -2147483648 -2147483648 -2147483648 -2147483648 -2147483648 -2147483648 -2147483648 -2147483648 -2147483648 -2147483648 -2147483648 -2147483648 -2147483648 -2147483648 -2147483648 -2147483648 -2147483648 -2147483648 -2147483648 -2147483648 -2147483648 -2147483648 -2147483648 -2147483648 -2147483648 -2147483648 -2147483648 -2147483648 -2147483648 -2147483648 -2147483648 -2147483648 -2147483648 -2147483648 -2147483648 -2147483648 -2147483648 -2147483648 -2147483648 -2147483648 -2147483648 -2147483648 -2147483648 -2147483648 -2147483648 -2147483648 -2147483648 -2147483648 -2147483648 -2147483648 -2147483648 -2147483648 -2147483648 -2147483648 -2147483648 -2147483648 -2147483648 -2147483648 -2147483648 -2147483648 -2147483648 -2147483648 -2147483648 -2147483648 -2147483648 -2147483648 -2147483648 -2147483648 -2147483648 -2147483648 -2147483648 -2147483648 -2147483648 -2147483648
split_feature= 1 1 1 6 6 6 7 7 2 8 1 6 8 7 1 1 7 8 6 2 8 2 2 6 6 2 7 8 6 8 7 3 8 2 8 8 1 7
split_gain= 5628.78 1338.17 1015.4 761.329 324.208 257.164 178.637 166.72 166.11 133.652 110.989 109.262 96.3668 118.108 95.6111 88.8148 80.1938 89.4432 73.7903 54.0882 51.9997 49.8192 39.1698 35.0894 27.9391 24.5752 21.9794 34.8245 16.8647 16.016 20.2916 14.2968 13.9969 11.2472 9.90072 7.44422 3.36499 2.92093
threshold= 5.0387000000000013 3.1261000000000005 6.8672000000000013 2.4136952392348086 2.5763869593405579 2.1628386478062818 34.455000000000005 37.935000000000009 24.500000000000004 -117.77499999999999 4.1119000000000012 1.9628175980828908 -121.63499999999998 37.915000000000006 8.4454500000000028 5.8308000000000009 37.945000000000007 -118.24499999999999 3.442186331338819 21.500000000000004 -122.33499999999999 26.500000000000004 44.500000000000007 2.9291766686969298 2.0653737590585881 27.500000000000004 34.655000000000008 -120.02499999999999 2.9742256672023202 -118.29499999999999 34.155000000000008 5.1514547869129546 -122.33499999999999 42.500000000000007 -122.40499999999999 -119.94499999999998 5.5682000000000009 34.045000000000009
decision_type= 2 2 2 2 2 2 2 2 2 2 2 2 2 2 2 2 2 2 2 2 2 2 2 2 2 2 2 2 2 2 2 2 2 2 2 2 2 2
left_child=1 5 4 7 19 16 9 8 29 18 22 -10 13 20 21 28 17 26 37 -2 -8 -4 31 33 -21 -17 -1 -28 -6 30 -3 -5 -13 -12 -24 -14 -26 -7
right_child=2 3 14 10 15 6 12 -9 11 -11 23 32 35 -15 -16 25 -18 -19 -20 24 -22 -23 34 -25 36 -27 27 -29 -30 -31 -32 -33 -34 -35 -36 -37 -38 -39
leaf_value= 0.088905597877718748 0.084744883563069862 0.14252384118082231 0.13719190780792143 -0.022923803746691784 0.055224303761497145 -0.026736455006591442 0.062057756344162808 -0.022662504690588784 0.16789762428889499 -0.086745621265224018 0.013343390117455334 0.15316060340404514 -0.095358169870277995 -0.097062197165715319 0.23830663572970623 0.066607736207544802 -0.073256532576079031 -0.039489628816489132 -0.056418129154610211 0.23644229949906817 -0.042830382573270646 0.2117248531396887 0.071997750654470102 -0.014707765010809351 0.11142210116402972 0.12715199083241441 0.035244025791172494 -0.10832091185607409 0.011700731284818239 -0.0032243517232512483 0.03469254737725308 -0.050192797519986655 0.069510652413419277 0.075361057274946672 -0.010309029325028999 -0.1259944115227056 0.17120754930751222 0.014766734939021312
leaf_weight=155 216 57 368 1109 470 441 95 236 258 899 770 75 1076 602 426 550 233 325 973 86 391 246 86 1060 180 215 223 38 574 254 215 1426 540 132 222 692 221 377
leaf_count=155 216 57 368 1109 470 441 95 236 258 899 770 75 1076 602 426 550 233 325 973 86 391 246 86 1060 180 215 223 38 574 254 215 1426 540 132 222 692 221 377
model_size=4288
internal_value=0 -0.0306532 0.111843 0.0020642 0.076901 -0.0629691 -0.0717957 0.062236 0.0765577 -0.0517111 -0.0184105 0.105774 -0.0907129 -0.0636789 0.19624 0.0534238 -0.0127098 0.00632856 -0.0341254 0.137314 -0.0223276 0.167054 -0.0327451 0.00236077 0.16063 0.0836234 0.042124 0.0143419 0.0312947 0.028068 0.0572895 -0.0382633 0.0797119 0.0224191 0.0126727 -0.107349 0.144371 -0.00760846
internal_weight=0 12960 3552 6440 2512 6520 5546 1635 1399 2690 4805 873 2856 1088 1040 1809 974 741 1791 703 486 614 2843 1962 487 765 416 261 1044 526 272 2535 615 902 308 1768 401 818
internal_count=16512 12960 3552 6440 2512 6520 5546 1635 1399 2690 4805 873 2856 1088 1040 1809 974 741 1791 703 486 614 2843 1962 487 765 416 261 1044 526 272 2535 615 902 308 1768 401 818
is_linear=0
shrinkage=0.1


Tree=2
num_leaves= 36
num_cat= 0
full_tree_array_lgbids= 0 1 3 4 2 5 26 14 7 6 8 18 17 30 -28 15 -16 9 11 -3 10 21 13 -2 24 -7 -19 -5 -32 -2147483648 -2147483648 28 -17 -2147483648 -2147483648 16 -11 12 34 -2147483648 -2147483648 19 -12 22 -23 31 25 -2147483648 -2147483648 -20 -26 -2147483648 -2147483648 -2147483648 -2147483648 -2147483648 -2147483648 -2147483648 -2147483648 -2147483648 -2147483648 -2147483648 -2147483648 -1 29 -2147483648 -2147483648 -2147483648 -2147483648 -2147483648 -2147483648 -6 33 -2147483648 -2147483648 20 -14 -13 -36 -2147483648 -2147483648 -2147483648 -2147483648 27 32 -2147483648 -2147483648 -4 23 -2147483648 -2147483648 -10 -33 -15 -27 -2147483648 -2147483648 -2147483648 -2147483648 -2147483648 -2147483648 -2147483648 -2147483648 -2147483648 -2147483648 -2147483648 -2147483648 -2147483648 -2147483648 -2147483648 -2147483648 -2147483648 -2147483648 -2147483648 -2147483648 -2147483648 -2147483648 -2147483648 -2147483648 -2147483648 -2147483648 -2147483648 -2147483648 -2147483648 -2147483648 -2147483648 -2147483648 -2147483648 -2147483648 -30 -31 -2147483648 -2147483648 -2147483648 -2147483648 -2147483648 -2147483648 -2147483648 -2147483648 -2147483648 -2147483648 -2147483648 -2147483648 -2147483648 -2147483648 -18 -35 -2147483648 -2147483648 -2147483648 -2147483648 -9 -22 -2147483648 -2147483648 -2147483648 -2147483648 -2147483648 -2147483648 -2147483648 -2147483648 -2147483648 -2147483648 -2147483648 -2147483648 -2147483648 -2147483648 -8 -29 -21 -34 -2147483648 -2147483648 -2147483648 -2147483648 -2147483648 -2147483648 -24 -25 -2147483648 -2147483648 -2147483648 -2147483648 -2147483648 -2147483648 -2147483648 -2147483648 -2147483648 -2147483648 -2147483648 -2147483648 -2147483648 -2147483648 -2147483648 -2147483648 -2147483648 -2147483648 -2147483648 -2147483648 -2147483648 -2147483648 -2147483648 -2147483648 -2147483648 -2147483648 -2147483648 -2147483648 -2147483648 -2147483648 -2147483648 -2147483648 -2147483648 -2147483648 -2147483648 -2147483648 -2147483648 -2147483648 -2147483648 -2147483648 -2147483648 -2147483648 -2147483648 -2147483648 -2147483648 -2147483648 -2147483648 -2147483648 -2147483648 -2147483648 -2147483648 -2147483648 -2147483648 -2147483648 -2147483648 -2147483648 -2147483648 -2147483648 -2147483648 -2147483648 -2147483648 -2147483648 -2147483648 -2147483648 -2147483648 -2147483648 -2147483648 -2147483648 -2147483648 -2147483648 -2147483648 -2147483648 -2147483648 -2147483648 -2147483648 -2147483648
split_feature= 1 1 6 1 6 6 2 7 1 8 7 8 7 6 7 8 6 1 2 1 8 7 8 8 6 8 1 8 7 8 2 2 6 7 8
split_gain= 4565.78 1261.18 691.885 646.794 220.295 210.802 165.354 145.418 135.75 109.134 85.0912 83.5343 102.135 81.7091 62.6586 71.6188 61.3642 59.8669 46.7132 39.3743 29.3437 27.6587 66.3685 23.098 22.7288 20.213 20.0735 15.3799 14.9581 35.2183 11.1702 10.7044 2.66111 1.49798 1.36681
threshold= 5.2771000000000017 3.1792500000000001 2.2982753493904258 7.3930000000000016 2.1628386478062818 2.7472725830126556 19.500000000000004 34.455000000000005 4.0612500000000002 -117.77499999999999 37.815000000000005 -121.63499999999998 38.665000000000006 2.6829812717770039 37.935000000000009 -118.25499999999998 3.1336552646136835 6.2770500000000009 21.500000000000004 3.8769000000000005 -122.38499999999998 37.945000000000007 -122.19499999999998 -117.60499999999998 2.2038024706228287 -121.895 8.7395500000000013 -122.40499999999999 34.655000000000008 -122.31499999999998 28.500000000000004 20.500000000000004 1.9322222929778572 34.035000000000004 -119.84499999999998
decision_type= 2 2 2 2 2 2 2 2 2 2 2 2 2 2 2 2 2 2 2 2 2 2 2 2 2 2 2 2 2 2 2 2 2 2 2
left_child=1 4 6 5 14 18 -3 9 21 16 19 12 20 31 15 28 -6 -7 -2 27 -9 22 -4 -24 -20 -15 30 -8 -1 -30 -5 -10 -21 -18 -13
right_child=3 2 8 26 7 17 10 11 13 -11 -12 34 -14 25 -16 -17 33 -19 24 32 -22 -23 23 -25 -26 -27 -28 -29 29 -31 -32 -33 -34 -35 -36
leaf_value= 0.080786661256217474 0.077452010371302837 0.013771535054705032 0.057484799274545799 0.14288679715810401 0.0013357823758315566 0.036891070073128161 0.18162238215622695 0.028267984763801504 0.0015818753682721694 -0.077614761855687095 0.017357126251523591 -0.085819339476742598 -0.10090441670762487 0.02866164449651383 -0.064465695115718619 -0.034109802848837426 -0.058455091997050936 0.093361273326579189 0.2075931866273836 0.1921859975476734 -0.044323240790498451 -0.057066628259589094 -0.017303315064895533 -0.058487813347971221 0.12935704782915611 -0.012642234605520667 0.21944876598168728 0.073116730925074522 0.11975494829975829 -0.0095946997115635771 0.20833225766333141 0.054598096559385259 0.12648735593597429 -0.024236822117077464 -0.11373222338420058
leaf_weight=167 262 370 154 264 634 857 46 147 208 928 141 1134 415 380 245 348 783 435 108 122 566 530 1648 406 528 1596 365 330 49 226 164 571 238 454 693
leaf_count=167 262 370 154 264 634 857 46 147 208 928 141 1134 415 380 245 348 783 435 108 122 566 530 1648 406 528 1596 365 330 49 226 164 571 238 454 693
model_size=3952
internal_value=0 -0.0247785 0.00625238 0.11238 -0.0555854 0.0836716 0.0750414 -0.0637636 -0.00936385 -0.045714 0.100891 -0.0808604 -0.0556799 0.00806496 -0.0101192 0.00673513 -0.0298915 0.0559039 0.123623 0.116894 -0.029357 -0.0269009 -0.01966 -0.025444 0.142642 -0.00469918 0.191661 0.0863914 0.0388936 0.0134531 0.167964 0.0404423 0.148752 -0.0458964 -0.096407
internal_weight=0 13529 6740 2983 6789 2190 1247 5754 5493 2799 877 2955 1128 2755 1035 790 1871 1292 898 736 713 2738 2208 2054 636 1976 793 376 442 275 428 779 360 1237 1827
internal_count=16512 13529 6740 2983 6789 2190 1247 5754 5493 2799 877 2955 1128 2755 1035 790 1871 1292 898 736 713 2738 2208 2054 636 1976 793 376 442 275 428 779 360 1237 1827
is_linear=0
shrinkage=0.1


Tree=3
num_leaves= 27
num_cat= 0
full_tree_array_lgbids= 0 1 2 6 3 5 8 17 13 4 7 19 25 10 -10 23 -19 -8 21 9 -6 18 14 -2 20 -7 -27 -4 -12 -2147483648 -2147483648 24 -25 -2147483648 -2147483648 -2147483648 -2147483648 -15 -23 -3 11 -2147483648 -2147483648 -5 22 15 -16 -2147483648 -2147483648 -21 -22 -2147483648 -2147483648 -2147483648 -2147483648 -2147483648 -2147483648 -2147483648 -2147483648 -2147483648 -2147483648 -2147483648 -2147483648 -1 -26 -2147483648 -2147483648 -2147483648 -2147483648 -2147483648 -2147483648 -2147483648 -2147483648 -2147483648 -2147483648 -2147483648 -2147483648 -2147483648 -2147483648 -2147483648 -2147483648 -11 12 -2147483648 -2147483648 -2147483648 -2147483648 -2147483648 -2147483648 -20 -24 16 -17 -2147483648 -2147483648 -2147483648 -2147483648 -2147483648 -2147483648 -2147483648 -2147483648 -2147483648 -2147483648 -2147483648 -2147483648 -2147483648 -2147483648 -2147483648 -2147483648 -2147483648 -2147483648 -2147483648 -2147483648 -2147483648 -2147483648 -2147483648 -2147483648 -2147483648 -2147483648 -2147483648 -2147483648 -2147483648 -2147483648 -2147483648 -2147483648 -2147483648 -2147483648 -2147483648 -2147483648 -2147483648 -2147483648 -2147483648 -2147483648 -2147483648 -2147483648 -2147483648 -2147483648 -2147483648 -2147483648 -2147483648 -2147483648 -2147483648 -2147483648 -2147483648 -2147483648 -2147483648 -2147483648 -2147483648 -2147483648 -2147483648 -2147483648 -2147483648 -2147483648 -2147483648 -2147483648 -2147483648 -2147483648 -2147483648 -2147483648 -2147483648 -2147483648 -2147483648 -2147483648 -2147483648 -2147483648 -13 -14 -2147483648 -2147483648 -2147483648 -2147483648 -2147483648 -2147483648 -2147483648 -2147483648 -2147483648 -2147483648 -2147483648 -2147483648 -2147483648 -2147483648 -2147483648 -2147483648 -9 -18 -2147483648 -2147483648 -2147483648 -2147483648 -2147483648 -2147483648 -2147483648 -2147483648 -2147483648 -2147483648 -2147483648 -2147483648 -2147483648 -2147483648 -2147483648 -2147483648 -2147483648 -2147483648 -2147483648 -2147483648 -2147483648 -2147483648 -2147483648 -2147483648 -2147483648 -2147483648 -2147483648 -2147483648 -2147483648 -2147483648 -2147483648 -2147483648 -2147483648 -2147483648 -2147483648 -2147483648 -2147483648 -2147483648 -2147483648 -2147483648 -2147483648 -2147483648 -2147483648 -2147483648 -2147483648 -2147483648 -2147483648 -2147483648 -2147483648 -2147483648 -2147483648 -2147483648 -2147483648 -2147483648 -2147483648 -2147483648 -2147483648 -2147483648 -2147483648 -2147483648 -2147483648 -2147483648 -2147483648 -2147483648 -2147483648 -2147483648 -2147483648 -2147483648 -2147483648 -2147483648
split_feature= 1 1 1 6 7 6 3 1 1 8 2 2 1 1 6 7 8 6 3 2 6 6 2 7 8 6
split_gain= 3704.38 946.532 600.747 569.805 160.755 145.909 145.809 128.453 123.926 121.643 56.3834 54.767 57.5476 46.7027 36.3461 29.188 26.532 24.5621 23.5595 18.1291 23.9781 10.6151 8.20236 2.53131 4.89939 1.58405
threshold= 5.1326000000000009 2.7820000000000005 6.3963500000000009 2.4136952392348086 37.995000000000012 2.735488224282792 3.8792159595040387 3.8346500000000003 7.852450000000001 -122.35499999999998 26.500000000000004 19.500000000000004 3.8769000000000005 2.2210000000000005 3.016322398451238 37.875000000000007 -122.21499999999999 2.8941056667066012 4.8809487864875196 16.500000000000004 2.1628386478062818 2.2982753493904258 44.500000000000007 37.935000000000009 -118.21499999999999 3.1262267671728927
decision_type= 2 2 2 2 2 2 2 2 2 2 2 2 2 2 2 2 2 2 2 2 2 2 2 2 2 2
left_child=1 6 5 4 9 19 17 18 10 -3 -4 -11 -13 -8 15 16 -9 23 -5 -2 -21 -15 -20 24 -1 -7
right_child=2 3 8 7 -6 25 13 14 -10 11 -12 12 -14 21 -16 -17 -18 -19 22 20 -22 -23 -24 -25 -26 -27
leaf_value= 0.025033648318956443 0.04488049846519631 0.13544572498037222 0.090403503144720412 -0.017685872294439818 -0.034855178048889192 0.049171039840596092 -0.083928539333394447 0.093544746395722744 0.18402133289516609 0.0077460467197128305 0.15854686224021208 0.038392136645873855 0.096023293486875577 -0.023710099353689791 -0.018321548289664116 -0.025273891027253068 0.016085973657094361 -0.04466946133978985 -0.049706993298144923 0.17142959740012886 0.093024665944913487 -0.062376427510241118 0.0015728182016083829 -0.07164484263300451 -0.031044479130714144 0.014356865618886145
leaf_weight=329 163 213 491 1239 271 557 1893 107 609 451 312 739 426 358 1317 339 1151 833 1695 112 497 1432 169 67 184 558
leaf_count=329 163 213 491 1239 271 557 1893 107 609 451 312 739 426 358 1317 339 1151 833 1695 112 497 1432 169 67 184 558
model_size=2944
internal_value=0 -0.0237699 0.0952022 -0.00220501 0.043893 0.0573123 -0.0581189 -0.0182937 0.145838 0.055561 0.11688 0.0450317 0.0594658 -0.0696954 -0.00143208 0.0124962 0.0226743 -0.0279448 -0.0341284 0.0942343 0.107444 -0.0546432 -0.0450577 -0.00392469 0.00491986 0.0317483
internal_weight=0 13213 3299 8117 2100 1887 5096 6017 1412 1829 803 1616 1165 3683 2914 1597 1258 1413 3103 772 609 1790 1864 580 513 1115
internal_count=16512 13213 3299 8117 2100 1887 5096 6017 1412 1829 803 1616 1165 3683 2914 1597 1258 1413 3103 772 609 1790 1864 580 513 1115
is_linear=0
shrinkage=0.1


Tree=4
num_leaves= 29
num_cat= 0
full_tree_array_lgbids= 0 1 3 4 2 5 27 13 6 11 10 -2 22 -5 -29 14 -15 7 8 -3 12 20 18 -2147483648 -2147483648 24 -24 -2147483648 -2147483648 -2147483648 -2147483648 16 -16 -2147483648 -2147483648 15 -9 9 26 -2147483648 -2147483648 -13 17 -4 -22 -12 21 -2147483648 -2147483648 -2147483648 -2147483648 -7 -26 -2147483648 -2147483648 -2147483648 -2147483648 -2147483648 -2147483648 -2147483648 -2147483648 -2147483648 -2147483648 -1 25 -2147483648 -2147483648 -2147483648 -2147483648 -2147483648 -2147483648 -6 -17 -2147483648 -2147483648 19 -11 -10 -28 -2147483648 -2147483648 -2147483648 -2147483648 -2147483648 -2147483648 -14 -19 -2147483648 -2147483648 -2147483648 -2147483648 -2147483648 -2147483648 23 -23 -2147483648 -2147483648 -2147483648 -2147483648 -2147483648 -2147483648 -2147483648 -2147483648 -2147483648 -2147483648 -2147483648 -2147483648 -2147483648 -2147483648 -2147483648 -2147483648 -2147483648 -2147483648 -2147483648 -2147483648 -2147483648 -2147483648 -2147483648 -2147483648 -2147483648 -2147483648 -2147483648 -2147483648 -2147483648 -2147483648 -2147483648 -2147483648 -2147483648 -2147483648 -18 -27 -2147483648 -2147483648 -2147483648 -2147483648 -2147483648 -2147483648 -2147483648 -2147483648 -2147483648 -2147483648 -2147483648 -2147483648 -2147483648 -2147483648 -2147483648 -2147483648 -2147483648 -2147483648 -2147483648 -2147483648 -8 -21 -2147483648 -2147483648 -2147483648 -2147483648 -2147483648 -2147483648 -2147483648 -2147483648 -2147483648 -2147483648 -2147483648 -2147483648 -2147483648 -2147483648 -2147483648 -2147483648 -2147483648 -2147483648 -2147483648 -2147483648 -2147483648 -2147483648 -2147483648 -2147483648 -2147483648 -2147483648 -2147483648 -2147483648 -2147483648 -2147483648 -2147483648 -2147483648 -2147483648 -2147483648 -20 -25 -2147483648 -2147483648 -2147483648 -2147483648 -2147483648 -2147483648 -2147483648 -2147483648 -2147483648 -2147483648 -2147483648 -2147483648 -2147483648 -2147483648 -2147483648 -2147483648 -2147483648 -2147483648 -2147483648 -2147483648 -2147483648 -2147483648 -2147483648 -2147483648 -2147483648 -2147483648 -2147483648 -2147483648 -2147483648 -2147483648 -2147483648 -2147483648 -2147483648 -2147483648 -2147483648 -2147483648 -2147483648 -2147483648 -2147483648 -2147483648 -2147483648 -2147483648 -2147483648 -2147483648 -2147483648 -2147483648 -2147483648 -2147483648 -2147483648 -2147483648 -2147483648 -2147483648 -2147483648 -2147483648 -2147483648 -2147483648 -2147483648 -2147483648 -2147483648 -2147483648 -2147483648 -2147483648 -2147483648 -2147483648 -2147483648 -2147483648
split_feature= 1 1 6 1 6 6 7 8 8 7 1 2 6 7 8 6 8 7 2 8 2 8 2 7 1 2 8 2
split_gain= 3028.28 968.421 421.677 286.102 225.258 108.166 104.916 101.232 88.4859 92.9706 84.9708 84.7572 80.8668 72.726 60.3153 56.0956 37.5971 28.6924 27.455 26.8518 22.909 12.8591 10.0253 7.81298 7.49153 4.88776 1.39769 0.459806
threshold= 5.6042500000000013 3.4883000000000002 2.4136952392348086 7.7055000000000016 2.2352443515477258 2.6529733204757315 34.455000000000005 -117.77499999999999 -121.63499999999998 38.675000000000004 4.5301500000000017 20.500000000000004 1.9628175980828908 37.935000000000009 -117.145 3.4287187039764357 -122.33499999999999 37.935000000000009 16.500000000000004 -122.38499999999998 42.500000000000007 -117.65499999999999 36.500000000000007 37.915000000000006 6.3350000000000009 27.500000000000004 -120.09499999999998 18.500000000000004
decision_type= 2 2 2 2 2 2 2 2 2 2 2 2 2 2 2 2 2 2 2 2 2 2 2 2 2 2 2 2
left_child=1 4 11 5 13 -2 7 15 9 19 20 -3 -13 14 16 -6 -1 -14 -12 -8 -4 23 24 -20 -7 -18 -10 -5
right_child=3 2 10 27 6 22 8 -9 26 -11 18 12 17 -15 -16 -17 25 -19 21 -21 -22 -23 -24 -25 -26 -27 -28 -29
leaf_value= 0.11587566192941488 0.12237519432818403 0.019027161174273059 -0.02077505519959269 0.12975465627972055 0.00017201084847329184 0.03889654819471746 0.029898418816946784 -0.064351784391887851 -0.068221052011616184 -0.084311050659019837 -0.012494623679938817 0.1406889112096249 0.073692949232463723 -0.052001804284311552 -0.060000378455428105 -0.040124226419218659 -0.0064629914674458472 -0.0071851328733043944 0.03983439444086561 -0.032507796637674426 0.022399723802579884 -0.029348021546217403 0.12926229479354481 -0.014285149418477281 0.077399110348092603 0.033935387545995635 -0.094518289916472126 0.17756725663709461
leaf_weight=74 569 438 2425 207 1044 589 195 1041 1141 434 511 241 641 343 158 1136 431 109 1110 684 337 127 86 156 492 482 848 463
leaf_count=74 569 438 2425 207 1044 589 195 1041 1141 434 511 241 641 343 158 1136 431 109 1110 684 337 127 86 156 492 482 848 463
model_size=3168
internal_value=0 -0.0177805 0.0127545 0.104244 -0.0410124 0.0816466 -0.0495753 -0.0348934 -0.063897 -0.0403626 -0.00234785 0.0620671 0.0810898 -0.00347485 0.011062 -0.0208264 0.0224378 0.0619387 0.0167415 -0.0186634 -0.0155072 0.0274663 0.0617883 0.0331656 0.0564204 0.0148645 -0.0794327 0.162795
internal_weight=0 14106 6095 2406 8011 1736 6523 3221 3302 1313 4666 1429 991 1488 1145 2180 987 750 1904 879 2762 1393 1167 1266 1081 913 1989 670
internal_count=16512 14106 6095 2406 8011 1736 6523 3221 3302 1313 4666 1429 991 1488 1145 2180 987 750 1904 879 2762 1393 1167 1266 1081 913 1989 670
is_linear=0
shrinkage=0.1


Tree=5
num_leaves= 23
num_cat= 0
full_tree_array_lgbids= 0 2 1 5 3 4 6 16 19 7 8 13 14 12 -8 -1 -18 -7 21 -4 11 9 -10 -2 17 -6 18 -3 -14 -2147483648 -2147483648 -2147483648 -2147483648 -2147483648 -2147483648 -2147483648 -2147483648 -21 -23 -2147483648 -2147483648 20 -13 -5 10 -2147483648 -2147483648 -2147483648 -2147483648 -15 -19 -2147483648 -2147483648 -16 -20 -2147483648 -2147483648 -2147483648 -2147483648 -2147483648 -2147483648 -2147483648 -2147483648 -2147483648 -2147483648 -2147483648 -2147483648 -2147483648 -2147483648 -2147483648 -2147483648 -2147483648 -2147483648 -2147483648 -2147483648 -2147483648 -2147483648 -2147483648 -2147483648 -2147483648 -2147483648 -2147483648 -2147483648 -9 -22 -2147483648 -2147483648 -2147483648 -2147483648 15 -12 -2147483648 -2147483648 -2147483648 -2147483648 -2147483648 -2147483648 -2147483648 -2147483648 -2147483648 -2147483648 -2147483648 -2147483648 -2147483648 -2147483648 -2147483648 -2147483648 -2147483648 -2147483648 -2147483648 -2147483648 -2147483648 -2147483648 -2147483648 -2147483648 -2147483648 -2147483648 -2147483648 -2147483648 -2147483648 -2147483648 -2147483648 -2147483648 -2147483648 -2147483648 -2147483648 -2147483648 -2147483648 -2147483648 -2147483648 -2147483648 -2147483648 -2147483648 -2147483648 -2147483648 -2147483648 -2147483648 -2147483648 -2147483648 -2147483648 -2147483648 -2147483648 -2147483648 -2147483648 -2147483648 -2147483648 -2147483648 -2147483648 -2147483648 -2147483648 -2147483648 -2147483648 -2147483648 -2147483648 -2147483648 -2147483648 -2147483648 -2147483648 -2147483648 -2147483648 -2147483648 -2147483648 -2147483648 -2147483648 -2147483648 -2147483648 -2147483648 -2147483648 -2147483648 -2147483648 -2147483648 -2147483648 -2147483648 -2147483648 -2147483648 -2147483648 -2147483648 -2147483648 -2147483648 -11 -17 -2147483648 -2147483648 -2147483648 -2147483648 -2147483648 -2147483648 -2147483648 -2147483648 -2147483648 -2147483648 -2147483648 -2147483648 -2147483648 -2147483648 -2147483648 -2147483648 -2147483648 -2147483648 -2147483648 -2147483648 -2147483648 -2147483648 -2147483648 -2147483648 -2147483648 -2147483648 -2147483648 -2147483648 -2147483648 -2147483648 -2147483648 -2147483648 -2147483648 -2147483648 -2147483648 -2147483648 -2147483648 -2147483648 -2147483648 -2147483648 -2147483648 -2147483648 -2147483648 -2147483648 -2147483648 -2147483648 -2147483648 -2147483648 -2147483648 -2147483648 -2147483648 -2147483648 -2147483648 -2147483648 -2147483648 -2147483648 -2147483648 -2147483648 -2147483648 -2147483648 -2147483648 -2147483648 -2147483648 -2147483648 -2147483648 -2147483648 -2147483648 -2147483648 -2147483648 -2147483648 -2147483648 -2147483648 -2147483648 -2147483648
split_feature= 1 1 1 6 6 3 1 2 7 8 6 7 2 2 2 8 6 6 6 1 1 6
split_gain= 2450.73 640.166 443.917 339.778 179.136 93.9768 76.273 65.8409 55.5967 131.496 53.5759 36.5877 36.3881 26.9509 26.1734 19.7014 17.7955 15.5753 12.2836 8.88203 4.61101 0.657253
threshold= 4.5301500000000017 6.3350000000000009 2.7820000000000005 2.2147445135257553 2.5219735498882589 4.2015099382944241 7.852450000000001 24.500000000000004 37.945000000000007 -122.24499999999999 2.8941056667066012 37.815000000000005 26.500000000000004 21.500000000000004 16.500000000000004 -117.69499999999998 2.5039907448682843 2.0653737590585881 2.9742256672023202 1.9486000000000003 3.4105000000000003 2.2906328481453726
decision_type= 2 2 2 2 2 2 2 2 2 2 2 2 2 2 2 2 2 2 2 2 2 2
left_child=2 4 5 7 13 16 12 -4 9 -5 15 20 -3 -2 -6 -11 -1 -15 -16 -7 -9 -21
right_child=1 6 3 8 14 19 -8 11 -10 10 -12 -13 -14 17 18 -17 -18 -19 -20 21 -22 -23
leaf_value= -0.004154141140768992 0.040640631691318999 0.071778008028917581 0.0083452582231421085 0.059161383416050407 -0.003498535784715439 -0.078010015971093277 0.14929135334960908 0.056616168263768821 -0.043806347267747764 0.007100152350516916 -0.03005409760259721 -0.0016516551746269771 0.12961853303126433 0.15475667722236652 0.046304768950422064 -0.03302341453027445 -0.038563801310372382 0.082882185305855921 0.0146284350470839 -0.0273625456268713 0.10787351205525919 -0.058955473979364549
leaf_weight=599 267 530 426 305 696 939 609 264 1043 1534 2246 113 335 117 901 409 1439 445 876 409 300 1710
leaf_count=599 267 530 426 305 696 939 609 264 1043 1534 2246 113 335 117 901 409 1439 445 876 409 300 1710
model_size=2496
internal_value=0 0.060788 -0.0247378 -0.00709113 0.0357178 -0.0477312 0.116949 0.0459448 -0.0176562 -0.0115871 -0.0167382 0.0696043 0.0941787 0.0794212 0.0210676 -0.00134583 -0.0284503 0.0978454 0.0306894 -0.060581 0.0838807 -0.0528575
internal_weight=0 4776 11736 6640 3302 5096 1474 1103 5537 4494 4189 677 865 829 2473 1943 2038 562 1777 3058 564 2119
internal_count=16512 4776 11736 6640 3302 5096 1474 1103 5537 4494 4189 677 865 829 2473 1943 2038 562 1777 3058 564 2119
is_linear=0
shrinkage=0.1


Tree=6
num_leaves= 27
num_cat= 0
full_tree_array_lgbids= 0 1 3 4 2 7 -5 13 5 10 15 22 -9 -2147483648 -2147483648 14 -15 6 8 11 -12 -4 16 23 -24 -2147483648 -2147483648 -2147483648 -2147483648 -2147483648 -2147483648 18 -16 -2147483648 -2147483648 -6 19 9 -10 -3 12 -2147483648 -2147483648 -2147483648 -2147483648 17 -18 -2 -25 -2147483648 -2147483648 -2147483648 -2147483648 -2147483648 -2147483648 -2147483648 -2147483648 -2147483648 -2147483648 -2147483648 -2147483648 -2147483648 -2147483648 -1 25 -2147483648 -2147483648 -2147483648 -2147483648 -2147483648 -2147483648 -2147483648 -2147483648 24 -21 20 -11 -2147483648 -2147483648 -2147483648 -2147483648 -13 -14 -2147483648 -2147483648 -2147483648 -2147483648 -2147483648 -2147483648 -2147483648 -2147483648 21 -19 -2147483648 -2147483648 -2147483648 -2147483648 -2147483648 -2147483648 -2147483648 -2147483648 -2147483648 -2147483648 -2147483648 -2147483648 -2147483648 -2147483648 -2147483648 -2147483648 -2147483648 -2147483648 -2147483648 -2147483648 -2147483648 -2147483648 -2147483648 -2147483648 -2147483648 -2147483648 -2147483648 -2147483648 -2147483648 -2147483648 -2147483648 -2147483648 -2147483648 -2147483648 -2147483648 -2147483648 -20 -27 -2147483648 -2147483648 -2147483648 -2147483648 -2147483648 -2147483648 -2147483648 -2147483648 -2147483648 -2147483648 -2147483648 -2147483648 -2147483648 -2147483648 -2147483648 -2147483648 -8 -26 -2147483648 -2147483648 -7 -22 -2147483648 -2147483648 -2147483648 -2147483648 -2147483648 -2147483648 -2147483648 -2147483648 -2147483648 -2147483648 -2147483648 -2147483648 -2147483648 -2147483648 -2147483648 -2147483648 -2147483648 -2147483648 -2147483648 -2147483648 -2147483648 -2147483648 -2147483648 -2147483648 -2147483648 -2147483648 -2147483648 -2147483648 -2147483648 -2147483648 -17 -23 -2147483648 -2147483648 -2147483648 -2147483648 -2147483648 -2147483648 -2147483648 -2147483648 -2147483648 -2147483648 -2147483648 -2147483648 -2147483648 -2147483648 -2147483648 -2147483648 -2147483648 -2147483648 -2147483648 -2147483648 -2147483648 -2147483648 -2147483648 -2147483648 -2147483648 -2147483648 -2147483648 -2147483648 -2147483648 -2147483648 -2147483648 -2147483648 -2147483648 -2147483648 -2147483648 -2147483648 -2147483648 -2147483648 -2147483648 -2147483648 -2147483648 -2147483648 -2147483648 -2147483648 -2147483648 -2147483648 -2147483648 -2147483648 -2147483648 -2147483648 -2147483648 -2147483648 -2147483648 -2147483648 -2147483648 -2147483648 -2147483648 -2147483648 -2147483648 -2147483648 -2147483648 -2147483648 -2147483648 -2147483648 -2147483648 -2147483648 -2147483648 -2147483648 -2147483648 -2147483648
split_feature= 1 1 6 1 6 7 8 6 8 7 7 2 6 7 8 8 7 8 8 8 8 6 7 8 6 7
split_gain= 2019.28 640.236 265.145 170.366 155.9 76.8977 78.2614 70.8604 66.3077 71.0407 64.9694 54.9202 58.5979 49.3673 43.6571 34.4094 30.3017 37.1086 23.7949 19.6962 17.7633 14.7317 12.0426 14.5354 5.27719 3.29445
threshold= 5.6042500000000013 3.5488500000000003 2.5288691539219195 7.7055000000000016 2.2352443515477258 34.455000000000005 -118.29499999999999 3.0089663118548242 -121.63499999999998 37.895000000000003 37.935000000000009 17.500000000000004 2.0653737590585881 37.935000000000009 -117.145 -122.26499999999999 37.975000000000001 -117.79499999999999 -122.31499999999998 -117.675 -122.31499999999998 3.0298305221858191 37.955000000000005 -117.83499999999999 3.1424162072895592 34.455000000000005
decision_type= 2 2 2 2 2 2 2 2 2 2 2 2 2 2 2 2 2 2 2 2 2 2 2 2 2 2
left_child=1 4 10 7 13 6 -6 22 9 20 11 -3 -13 14 18 -4 17 21 -1 24 -7 -17 23 -2 -8 -20
right_child=3 2 15 -5 5 8 19 -9 -10 -11 -12 12 -14 -15 -16 16 -18 -19 25 -21 -22 -23 -24 -25 -26 -27
leaf_value= 0.097068199615799988 0.10259243332047095 0.010101961820963989 0.036683107608674596 0.13206789708932612 0.0093150023081259841 0.050725974903166431 -0.0012903699425429484 0.035768459941843848 -0.066597286168380121 -0.057546897979637426 -0.012163791581693846 0.11022765893678838 0.049732583194149332 -0.04387433496757509 -0.05249792800146949 0.019136372920218553 -0.042871736909911626 -0.029952499934340921 0.02901910378258726 -0.054275117030417069 -0.017217732366042019 -0.0083510145268919506 0.018511788118526006 0.047063986362421262 -0.034825319987423407 -0.01126891309754657
leaf_weight=89 811 341 373 670 663 139 464 649 2043 728 253 351 850 349 162 1219 445 731 588 1005 494 1273 89 187 1196 350
leaf_count=89 811 341 373 670 663 139 464 649 2043 728 253 351 850 349 162 1219 445 731 588 1005 494 1273 89 187 1196 350
model_size=2944
internal_value=0 -0.0145576 0.0114352 0.0853492 -0.0329004 -0.040111 -0.0272297 0.0673184 -0.0527048 -0.0318507 0.0453092 0.0547389 0.0674127 -0.00133851 0.0111468 -0.00361148 -0.00770905 -0.00285414 0.0211862 -0.0363213 -0.00229802 0.00509486 0.0861555 0.0921878 -0.0254517 0.0139863
internal_weight=0 14106 5836 2406 8270 6732 3328 1736 3404 1361 1795 1542 1201 1538 1189 4041 3668 3223 1027 2665 633 2492 1087 998 1660 938
internal_count=16512 14106 5836 2406 8270 6732 3328 1736 3404 1361 1795 1542 1201 1538 1189 4041 3668 3223 1027 2665 633 2492 1087 998 1660 938
is_linear=0
shrinkage=0.1


Tree=7
num_leaves= 20
num_cat= 0
full_tree_array_lgbids= 0 1 2 5 3 4 9 -1 16 6 7 -2 18 12 -11 -2147483648 -2147483648 -7 -18 -3 8 13 10 -2147483648 -2147483648 -6 -20 -4 -14 -2147483648 -2147483648 -2147483648 -2147483648 -2147483648 -2147483648 -2147483648 -2147483648 -2147483648 -2147483648 -2147483648 -2147483648 11 -10 -5 -15 -9 14 -2147483648 -2147483648 -2147483648 -2147483648 -2147483648 -2147483648 -2147483648 -2147483648 -2147483648 -2147483648 -2147483648 -2147483648 -2147483648 -2147483648 -2147483648 -2147483648 -2147483648 -2147483648 -2147483648 -2147483648 -2147483648 -2147483648 -2147483648 -2147483648 -2147483648 -2147483648 -2147483648 -2147483648 -2147483648 -2147483648 -2147483648 -2147483648 -2147483648 -2147483648 -2147483648 -2147483648 -8 17 -2147483648 -2147483648 -2147483648 -2147483648 -2147483648 -2147483648 -2147483648 -2147483648 15 -16 -2147483648 -2147483648 -2147483648 -2147483648 -2147483648 -2147483648 -2147483648 -2147483648 -2147483648 -2147483648 -2147483648 -2147483648 -2147483648 -2147483648 -2147483648 -2147483648 -2147483648 -2147483648 -2147483648 -2147483648 -2147483648 -2147483648 -2147483648 -2147483648 -2147483648 -2147483648 -2147483648 -2147483648 -2147483648 -2147483648 -2147483648 -2147483648 -2147483648 -2147483648 -2147483648 -2147483648 -2147483648 -2147483648 -2147483648 -2147483648 -2147483648 -2147483648 -2147483648 -2147483648 -2147483648 -2147483648 -2147483648 -2147483648 -2147483648 -2147483648 -2147483648 -2147483648 -2147483648 -2147483648 -2147483648 -2147483648 -2147483648 -2147483648 -2147483648 -2147483648 -2147483648 -2147483648 -2147483648 -2147483648 -2147483648 -2147483648 -2147483648 -2147483648 -2147483648 -2147483648 -2147483648 -2147483648 -2147483648 -2147483648 -13 -19 -2147483648 -2147483648 -2147483648 -2147483648 -2147483648 -2147483648 -2147483648 -2147483648 -2147483648 -2147483648 -2147483648 -2147483648 -2147483648 -2147483648 -2147483648 -2147483648 -12 -17 -2147483648 -2147483648 -2147483648 -2147483648 -2147483648 -2147483648 -2147483648 -2147483648 -2147483648 -2147483648 -2147483648 -2147483648 -2147483648 -2147483648 -2147483648 -2147483648 -2147483648 -2147483648 -2147483648 -2147483648 -2147483648 -2147483648 -2147483648 -2147483648 -2147483648 -2147483648 -2147483648 -2147483648 -2147483648 -2147483648 -2147483648 -2147483648 -2147483648 -2147483648 -2147483648 -2147483648 -2147483648 -2147483648 -2147483648 -2147483648 -2147483648 -2147483648 -2147483648 -2147483648 -2147483648 -2147483648 -2147483648 -2147483648 -2147483648 -2147483648 -2147483648 -2147483648 -2147483648 -2147483648 -2147483648 -2147483648 -2147483648 -2147483648 -2147483648 -2147483648 -2147483648 -2147483648 -2147483648 -2147483648 -2147483648 -2147483648
split_feature= 1 1 1 6 6 3 2 1 7 2 8 8 1 3 7 8 1 8 2
split_gain= 1647.27 393.997 278.064 251.335 71.9319 62.1151 61.5034 53.0063 43.3967 39.8641 31.2043 16.8393 9.82799 9.01986 7.85722 14.8528 6.05312 1.11541 0.256968
threshold= 5.0116000000000005 2.5894500000000007 6.3963500000000009 2.2982753493904258 2.5288691539219195 3.6482937607122259 24.500000000000004 3.8346500000000003 37.815000000000005 21.500000000000004 -122.27499999999999 -122.40499999999999 8.7395500000000013 4.7252880533656763 37.595000000000006 -117.79499999999999 1.9486000000000003 -117.145 36.500000000000007
decision_type= 2 2 2 2 2 2 2 2 2 2 2 2 2 2 2 2 2 2 2
left_child=1 5 4 6 -2 -1 -3 13 11 12 -9 -8 -4 -5 15 -12 -7 -13 -6
right_child=2 3 9 7 18 16 8 10 -10 -11 14 17 -14 -15 -16 -17 -18 -19 -20
leaf_value= -0.013508939949245303 0.073959534670544447 0.0023031887855768708 0.056357665393949201 -0.00894094665210096 0.019320267578060109 -0.063690639041286232 0.12219755380093807 0.043239396466800063 -0.0043938160040781051 0.11600321558759595 0.0098421638451491964 0.058879103618413253 0.12198324747864278 -0.03003493218186136 -0.029829903827039952 -0.025500474205054344 -0.041842659524041946 -0.033022964532886237 0.066068301326034209
leaf_weight=872 562 653 466 1444 1475 1326 122 304 204 822 1548 701 124 2611 524 500 2046 42 166
leaf_count=872 562 653 466 1444 1475 1326 122 304 204 822 1548 701 124 2611 524 500 2046 42 166
model_size=2160
internal_value=0 -0.0168856 0.0602416 -0.00415227 0.0367817 -0.0428472 0.0321737 -0.0131774 0.0504201 0.0968437 -2.29677e-07 0.0633473 0.0701502 -0.0225233 -0.00511098 0.00121359 -0.0504341 0.0536841 0.0240492
internal_weight=0 12897 3615 8653 2203 4244 1722 6931 1069 1412 2876 865 590 4055 2572 2048 3372 743 1641
internal_count=16512 12897 3615 8653 2203 4244 1722 6931 1069 1412 2876 865 590 4055 2572 2048 3372 743 1641
is_linear=0
shrinkage=0.1


Tree=8
num_leaves= 20
num_cat= 0
full_tree_array_lgbids= 0 2 1 8 3 4 9 -1 17 10 5 16 14 11 -11 -2147483648 -2147483648 18 -19 -4 13 6 -7 -2 -18 15 -16 -3 -13 -2147483648 -2147483648 -2147483648 -2147483648 -2147483648 -2147483648 -10 -20 -2147483648 -2147483648 -2147483648 -2147483648 -12 -15 7 -8 -2147483648 -2147483648 -2147483648 -2147483648 -2147483648 -2147483648 -6 -17 -2147483648 -2147483648 -2147483648 -2147483648 -2147483648 -2147483648 -2147483648 -2147483648 -2147483648 -2147483648 -2147483648 -2147483648 -2147483648 -2147483648 -2147483648 -2147483648 -2147483648 -2147483648 -2147483648 -2147483648 -2147483648 -2147483648 -2147483648 -2147483648 -2147483648 -2147483648 -2147483648 -2147483648 -2147483648 -2147483648 -2147483648 -2147483648 -2147483648 -2147483648 -5 12 -2147483648 -2147483648 -2147483648 -2147483648 -2147483648 -2147483648 -2147483648 -2147483648 -2147483648 -2147483648 -2147483648 -2147483648 -2147483648 -2147483648 -2147483648 -2147483648 -2147483648 -2147483648 -2147483648 -2147483648 -2147483648 -2147483648 -2147483648 -2147483648 -2147483648 -2147483648 -2147483648 -2147483648 -2147483648 -2147483648 -2147483648 -2147483648 -2147483648 -2147483648 -2147483648 -2147483648 -2147483648 -2147483648 -2147483648 -2147483648 -2147483648 -2147483648 -2147483648 -2147483648 -2147483648 -2147483648 -2147483648 -2147483648 -2147483648 -2147483648 -2147483648 -2147483648 -2147483648 -2147483648 -2147483648 -2147483648 -2147483648 -2147483648 -2147483648 -2147483648 -2147483648 -2147483648 -2147483648 -2147483648 -2147483648 -2147483648 -2147483648 -2147483648 -2147483648 -2147483648 -2147483648 -2147483648 -2147483648 -2147483648 -2147483648 -2147483648 -2147483648 -2147483648 -2147483648 -2147483648 -2147483648 -2147483648 -2147483648 -2147483648 -2147483648 -2147483648 -2147483648 -2147483648 -9 -14 -2147483648 -2147483648 -2147483648 -2147483648 -2147483648 -2147483648 -2147483648 -2147483648 -2147483648 -2147483648 -2147483648 -2147483648 -2147483648 -2147483648 -2147483648 -2147483648 -2147483648 -2147483648 -2147483648 -2147483648 -2147483648 -2147483648 -2147483648 -2147483648 -2147483648 -2147483648 -2147483648 -2147483648 -2147483648 -2147483648 -2147483648 -2147483648 -2147483648 -2147483648 -2147483648 -2147483648 -2147483648 -2147483648 -2147483648 -2147483648 -2147483648 -2147483648 -2147483648 -2147483648 -2147483648 -2147483648 -2147483648 -2147483648 -2147483648 -2147483648 -2147483648 -2147483648 -2147483648 -2147483648 -2147483648 -2147483648 -2147483648 -2147483648 -2147483648 -2147483648 -2147483648 -2147483648 -2147483648 -2147483648 -2147483648 -2147483648 -2147483648 -2147483648 -2147483648 -2147483648 -2147483648 -2147483648 -2147483648 -2147483648 -2147483648 -2147483648
split_feature= 1 1 1 6 6 6 7 8 3 1 2 2 7 7 7 8 2 7 8
split_gain= 1342.33 288.68 264.396 206.904 87.8243 52.2697 50.8295 65.0412 40.8809 32.782 32.2053 25.4674 16.9281 6.33802 4.24969 11.1284 3.62037 3.29842 1.93249
threshold= 4.6754000000000007 6.3350000000000009 2.5205000000000006 2.0653737590585881 2.5163636904584812 2.8079590171801518 37.935000000000009 -122.31499999999998 3.3654435698213785 8.7395500000000013 19.500000000000004 27.500000000000004 34.525000000000013 37.815000000000005 37.955000000000005 -118.01499999999999 21.500000000000004 35.335000000000008 -118.35499999999998
decision_type= 2 2 2 2 2 2 2 2 2 2 2 2 2 2 2 2 2 2 2
left_child=2 4 8 10 16 6 7 -5 -1 11 -4 -3 -9 -12 15 -6 -2 18 -10
right_child=1 9 3 5 14 -7 -8 12 17 -11 13 -13 -14 -15 -16 -17 -18 -19 -20
leaf_value= -0.0058889057890192447 0.03183135911489704 0.056079593524652006 -7.4099715724041608e-05 0.080524357399621674 0.033091491173042664 -0.022935278013982135 -0.027554371903887705 0.013653222424729151 0.0071911837659510121 0.12268935749332791 0.067635322019392471 0.10311977421380447 -0.016074471272211437 -0.00040842211218455773 -0.016162156917730739 0.001355824227268785 0.080461204835654887 -0.055188363105098948 -0.039759886828956453
leaf_weight=542 224 687 273 172 1265 3823 897 1501 175 365 570 422 888 98 285 656 475 1786 1408
leaf_count=542 224 687 273 172 1265 3823 897 1501 175 365 570 422 888 98 285 656 475 1786 1408
model_size=2160
internal_value=0 0.0480288 -0.0173344 -0.00654785 0.0287412 -0.0126807 -0.00134376 0.00783661 -0.0400107 0.0860413 0.0409053 0.0739795 0.00260333 0.0576529 0.017291 0.0222541 0.0648774 -0.0455001 -0.0345695
internal_weight=0 4379 12133 8222 2905 7281 3458 2561 3911 1474 941 1109 2389 668 2206 1921 699 3369 1583
internal_count=16512 4379 12133 8222 2905 7281 3458 2561 3911 1474 941 1109 2389 668 2206 1921 699 3369 1583
is_linear=0
shrinkage=0.1


Tree=9
num_leaves= 25
num_cat= 0
full_tree_array_lgbids= 0 1 3 6 2 7 -5 -1 8 4 15 23 -9 -2147483648 -2147483648 -2147483648 -2147483648 9 10 5 -6 18 16 -2 -25 -2147483648 -2147483648 -2147483648 -2147483648 -2147483648 -2147483648 -2147483648 -2147483648 -2147483648 -2147483648 -8 -11 11 -12 12 19 -2147483648 -2147483648 -4 -20 17 21 -2147483648 -2147483648 -2147483648 -2147483648 -2147483648 -2147483648 -2147483648 -2147483648 -2147483648 -2147483648 -2147483648 -2147483648 -2147483648 -2147483648 -2147483648 -2147483648 -2147483648 -2147483648 -2147483648 -2147483648 -2147483648 -2147483648 -2147483648 -2147483648 -2147483648 -2147483648 -2147483648 -2147483648 14 -13 -2147483648 -2147483648 -3 13 20 -21 -2147483648 -2147483648 -2147483648 -2147483648 -2147483648 -2147483648 -2147483648 -2147483648 22 -19 -18 -23 -2147483648 -2147483648 -2147483648 -2147483648 -2147483648 -2147483648 -2147483648 -2147483648 -2147483648 -2147483648 -2147483648 -2147483648 -2147483648 -2147483648 -2147483648 -2147483648 -2147483648 -2147483648 -2147483648 -2147483648 -2147483648 -2147483648 -2147483648 -2147483648 -2147483648 -2147483648 -2147483648 -2147483648 -2147483648 -2147483648 -2147483648 -2147483648 -2147483648 -2147483648 -2147483648 -2147483648 -2147483648 -2147483648 -2147483648 -2147483648 -2147483648 -2147483648 -2147483648 -2147483648 -2147483648 -2147483648 -2147483648 -2147483648 -2147483648 -2147483648 -2147483648 -2147483648 -2147483648 -2147483648 -2147483648 -2147483648 -10 -16 -2147483648 -2147483648 -2147483648 -2147483648 -2147483648 -2147483648 -2147483648 -2147483648 -14 -15 -7 -22 -2147483648 -2147483648 -2147483648 -2147483648 -2147483648 -2147483648 -2147483648 -2147483648 -2147483648 -2147483648 -2147483648 -2147483648 -2147483648 -2147483648 -2147483648 -2147483648 -2147483648 -2147483648 -17 -24 -2147483648 -2147483648 -2147483648 -2147483648 -2147483648 -2147483648 -2147483648 -2147483648 -2147483648 -2147483648 -2147483648 -2147483648 -2147483648 -2147483648 -2147483648 -2147483648 -2147483648 -2147483648 -2147483648 -2147483648 -2147483648 -2147483648 -2147483648 -2147483648 -2147483648 -2147483648 -2147483648 -2147483648 -2147483648 -2147483648 -2147483648 -2147483648 -2147483648 -2147483648 -2147483648 -2147483648 -2147483648 -2147483648 -2147483648 -2147483648 -2147483648 -2147483648 -2147483648 -2147483648 -2147483648 -2147483648 -2147483648 -2147483648 -2147483648 -2147483648 -2147483648 -2147483648 -2147483648 -2147483648 -2147483648 -2147483648 -2147483648 -2147483648 -2147483648 -2147483648 -2147483648 -2147483648 -2147483648 -2147483648 -2147483648 -2147483648 -2147483648 -2147483648 -2147483648 -2147483648
split_feature= 1 1 6 1 7 8 6 6 7 8 8 7 8 7 8 8 7 8 7 7 8 8 6 6
split_gain= 1098.85 320.571 183.595 114.641 54.2331 50.9752 46.0635 43.423 36.1799 43.934 30.5924 31.3809 25.7478 56.3861 19.3628 10.612 68.5214 30.7664 24.9824 9.2796 9.40278 8.97096 8.43337 1.78323
threshold= 5.3736000000000006 3.1792500000000001 2.6182831096480128 7.3930000000000016 37.895000000000003 -117.88499999999998 2.0376051459673437 3.0375944537846187 34.455000000000005 -118.30499999999999 -120.09499999999998 37.895000000000003 -122.29499999999999 34.175000000000004 -122.31499999999998 -121.48499999999999 34.525000000000013 -117.79499999999999 37.915000000000006 33.695000000000007 -117.145 -119.94499999999998 3.253673235601747 2.3578464509898605
decision_type= 2 2 2 2 2 2 2 2 2 2 2 2 2 2 2 2 2 2 2 2 2 2 2 2
left_child=1 6 4 7 5 12 -1 23 9 -8 11 14 -3 -14 -10 18 17 22 -4 20 -7 -18 -17 -2
right_child=3 2 15 -5 -6 19 8 -9 10 -11 -12 -13 13 -15 -16 16 21 -19 -20 -21 -22 -23 -24 -25
leaf_value= 0.0019100711863072703 0.090412187445944758 0.09368014002563238 0.025043660626801096 0.094449099144941817 -0.011803771103226769 0.045185919756816531 0.014790653730817289 0.017143802103607247 0.051155717822366234 -0.02820429881121686 -0.066080660382468778 -0.048140980621753295 0.062278149094064254 0.013550345395012079 -0.022499424315815086 0.019333180878160328 -0.030616058520497737 -0.029021186815062147 -0.022818081042717528 -0.046698067501037312 -0.035855317688301989 -0.079170793430634254 -0.012478089036951702 0.049796193222555254
leaf_weight=776 259 216 685 793 479 193 499 704 107 2395 814 1316 756 740 882 944 549 766 395 149 95 258 705 1037
leaf_count=776 259 216 685 793 479 193 499 704 107 2395 814 1316 756 740 882 944 549 766 395 149 95 258 705 1037
model_size=2720
internal_value=0 -0.0118101 0.00406606 0.0580103 0.0266541 0.0352262 -0.028016 0.0435623 -0.0318781 -0.0207909 -0.0421654 -0.0337199 0.0451778 0.0381748 -0.0145307 -0.00973251 -0.0155217 -0.00529058 0.00753867 -0.00376061 0.0184536 -0.0461391 0.00573285 0.0579131
internal_weight=0 13719 6930 2793 2628 2149 6789 2000 6013 2894 3119 2305 1712 1496 989 4302 3222 2415 1080 437 288 807 1649 1296
internal_count=16512 13719 6930 2793 2628 2149 6789 2000 6013 2894 3119 2305 1712 1496 989 4302 3222 2415 1080 437 288 807 1649 1296
is_linear=0
shrinkage=0.1


end of trees

feature_importances:
Column_1=60
Column_8=60
Column_6=57
Column_7=50
Column_2=39
Column_3=10

parameters:
[boosting: gbdt]
[objective: regression]
[metric: rmse]
[tree_learner: serial]
[device_type: cpu]
[data_sample_strategy: bagging]
[data: data/california_housing.libsvm.train]
[valid: data/california_housing.libsvm.test]
[num_iterations: 10]
[learning_rate: 0.1]
[num_leaves: 255]
[num_threads: 0]
[seed: 42]
[deterministic: 0]
[force_col_wise: 0]
[force_row_wise: 0]
[histogram_pool_size: -1]
[max_depth: 7]
[min_data_in_leaf: 10]
[min_sum_hessian_in_leaf: 0.001]
[bagging_fraction: 1]
[pos_bagging_fraction: 1]
[neg_bagging_fraction: 1]
[bagging_freq: 0]
[bagging_seed: 400]
[feature_fraction: 1]
[feature_fraction_bynode: 1]
[feature_fraction_seed: 30056]
[extra_trees: 0]
[extra_seed: 12879]
[early_stopping_round: 0]
[early_stopping_min_delta: 0]
[first_metric_only: 0]
[max_delta_step: 0]
[lambda_l1: 0]
[lambda_l2: 0]
[linear_lambda: 0]
[min_gain_to_split: 0]
[drop_rate: 0.1]
[max_drop: 50]
[skip_drop: 0.5]
[xgboost_dart_mode: 0]
[uniform_drop: 0]
[drop_seed: 17869]
[top_rate: 0.2]
[other_rate: 0.1]
[min_data_per_group: 100]
[max_cat_threshold: 32]
[cat_l2: 10]
[cat_smooth: 10]
[max_cat_to_onehot: 4]
[top_k: 20]
[monotone_constraints: ]
[monotone_constraints_method: basic]
[monotone_penalty: 0]
[feature_contri: ]
[forcedsplits_filename: ]
[refit_decay_rate: 0.9]
[tinygbdt_penalty_feature: 4]
[tinygbdt_penalty_split: 0.000976562]
[tinygbdt_forestsize: 64000]
[tinygbdt_precision: 7]
[cegb_tradeoff: 1]
[cegb_penalty_split: 0]
[cegb_penalty_feature_lazy: ]
[cegb_penalty_feature_coupled: ]
[path_smooth: 0]
[interaction_constraints: ]
[verbosity: 2]
[saved_feature_importance_type: 0]
[use_quantized_grad: 0]
[num_grad_quant_bins: 4]
[quant_train_renew_leaf: 0]
[stochastic_rounding: 1]
[linear_tree: 0]
[max_bin: 255]
[max_bin_by_feature: ]
[min_data_in_bin: 3]
[bin_construct_sample_cnt: 200000]
[data_random_seed: 175]
[is_enable_sparse: 1]
[enable_bundle: 1]
[use_missing: 1]
[zero_as_missing: 0]
[feature_pre_filter: 1]
[pre_partition: 0]
[two_round: 0]
[header: 0]
[label_column: ]
[weight_column: ]
[group_column: ]
[ignore_column: ]
[categorical_feature: ]
[forcedbins_filename: ]
[precise_float_parser: 0]
[parser_config_file: ]
[objective_seed: 16083]
[num_class: 1]
[is_unbalance: 0]
[scale_pos_weight: 1]
[sigmoid: 1]
[boost_from_average: 1]
[reg_sqrt: 0]
[alpha: 0.9]
[fair_c: 1]
[poisson_max_delta_step: 0.7]
[tweedie_variance_power: 1.5]
[lambdarank_truncation_level: 30]
[lambdarank_norm: 1]
[label_gain: ]
[lambdarank_position_bias_regularization: 0]
[eval_at: ]
[multi_error_top_k: 1]
[auc_mu_weights: ]
[num_machines: 1]
[local_listen_port: 12400]
[time_out: 120]
[machine_list_filename: ]
[machines: ]
[gpu_platform_id: -1]
[gpu_device_id: -1]
[gpu_use_dp: 0]
[num_gpu: 1]

end of parameters
