tree
version=v4
num_class=1
num_tree_per_iteration=1
label_index=0
max_feature_idx=21
objective=binary sigmoid:1
feature_names=Column_0 Column_1 Column_2 Column_3 Column_4 Column_5 Column_6 Column_7 Column_8 Column_9 Column_10 Column_11 Column_12 Column_13 Column_14 Column_15 Column_16 Column_17 Column_18 Column_19 Column_20 Column_21
feature_infos=[0:5] [0:3] [0:9] [0:1] [0:8] [0:1] [0:1] [0:1] [0:11] [0:1] [0:4] [0:3] [0:3] [0:8] [0:8] none [0:3] [0:2] [0:4] [0:8] [0:5] [0:6]
tree_sizes=2154 2060 1961 1789 1792

Tree=0
num_leaves= 14
num_cat= 0
full_tree_array_lgbids= 0 1 2 5 9 4 3 -1 -7 11 10 -2 -6 7 6 -2147483648 -2147483648 -2147483648 -2147483648 -3 -13 -11 -12 -2147483648 -2147483648 -2147483648 -2147483648 -4 12 8 -8 -2147483648 -2147483648 -2147483648 -2147483648 -2147483648 -2147483648 -2147483648 -2147483648 -2147483648 -2147483648 -2147483648 -2147483648 -2147483648 -2147483648 -2147483648 -2147483648 -2147483648 -2147483648 -2147483648 -2147483648 -2147483648 -2147483648 -2147483648 -2147483648 -2147483648 -2147483648 -9 -14 -5 -10 -2147483648 -2147483648
split_feature= 8 20 19 7 4 10 9 13 21 21 1 12 17
split_gain= 2179.18 1163.26 1105.77 747.295 232.223 192.989 139.463 107.784 70.8163 18.1532 20.9252 5.93091 4.73253
threshold= 3.5000000000000004 3.5000000000000004 1.5000000000000002 1.0000000180025095e-35 4.5000000000000009 1.0000000180025095e-35 1.0000000180025095e-35 1.5000000000000002 1.5000000000000002 4.5000000000000009 1.5000000000000002 1.0000000180025095e-35 1.5000000000000002
decision_type= 2 2 2 2 2 2 2 2 2 2 2 2 2
left_child=1 5 4 7 -2 -1 8 -4 -5 11 -11 -3 -9
right_child=2 9 3 6 -6 -7 -8 12 -10 10 -12 -13 -14
leaf_value= 0.13625295265526666 0.13625295265526666 -0.075779630963319758 0.13625295265526666 0.13625295265526666 -0.26425303862428545 -0.26425303862428545 -0.26425303862428545 -0.26425303862428545 -0.037299643565872592 -0.26425303862428551 0.1362529526552666 0.13625295265526666 -0.21434973619648184
leaf_weight=14.48168098926544 127.58860319852829 4.2446306347846976 7.7402088046073905 58.176408112049103 17.228206694126129 104.36797678470612 17.228206694126129 603.98597091436386 52.433672547340393 3.9949464797973615 4.4943147897720337 528.58135610818863 78.151140511035919
leaf_count=58 511 17 31 233 69 418 69 2419 210 16 18 2117 313
model_size=1488
internal_value=-0.0711178 0.0691485 -0.167321 -0.212646 0.0886066 -0.215452 0.0110948 -0.254106 0.053982 0.131635 -0.0522205 0.134564 -0.258536
internal_weight=0 660.165 962.532 817.716 144.817 118.85 127.838 689.877 110.61 541.315 8.48926 532.826 682.137
internal_count=6499 2644 3855 3275 580 476 512 2763 443 2168 34 2134 2732
is_linear=0
shrinkage=1


Tree=1
num_leaves= 13
num_cat= 0
full_tree_array_lgbids= 0 1 2 5 9 4 3 -1 -7 -3 10 -2 -6 7 6 -2147483648 -2147483648 -2147483648 -2147483648 -2147483648 -2147483648 -11 -12 -2147483648 -2147483648 -2147483648 -2147483648 -4 11 8 -8 -2147483648 -2147483648 -2147483648 -2147483648 -2147483648 -2147483648 -2147483648 -2147483648 -2147483648 -2147483648 -2147483648 -2147483648 -2147483648 -2147483648 -2147483648 -2147483648 -2147483648 -2147483648 -2147483648 -2147483648 -2147483648 -2147483648 -2147483648 -2147483648 -2147483648 -2147483648 -9 -13 -5 -10 -2147483648 -2147483648
split_feature= 8 20 19 7 4 10 9 13 1 21 4 2
split_gain= 1773.82 939.531 900.052 610.617 182.733 152.204 107.689 82.62 57.6062 8.04102 11.9955 0.188761
threshold= 3.5000000000000004 3.5000000000000004 1.5000000000000002 1.0000000180025095e-35 4.5000000000000009 1.0000000180025095e-35 1.0000000180025095e-35 1.5000000000000002 1.0000000180025095e-35 4.5000000000000009 4.5000000000000009 1.0000000180025095e-35
decision_type= 2 2 2 2 2 2 2 2 2 2 2 2
left_child=1 5 4 7 -2 -1 8 -4 -5 -3 -11 -9
right_child=2 9 3 6 -6 -7 -8 11 -10 10 -12 -13
leaf_value= 0.18726217829300001 0.18726217829300001 0.18573211660032196 0.18726217829300001 -0.0063099339957545537 -0.17677793099633521 -0.17677793099633521 -0.17677793099633521 -0.033574901671692629 0.16833112306567927 0.18726217829300007 -0.17677793099633518 -0.17311844735227278
leaf_weight=14.432910382747648 127.15891733765602 531.0451333373785 7.7141417562961569 35.162857502698898 16.952329516410828 102.69672083854675 16.952329516410828 8.1559575051069242 75.299371302127838 4.4791790843009931 3.9309749603271484 663.51634049415588
leaf_count=58 511 2134 31 141 69 418 69 33 302 18 16 2699
model_size=1376
internal_value=0 0.126905 -0.0877309 -0.129201 0.144439 -0.13192 0.0742188 -0.167351 0.112739 0.183103 0.0171068 -0.171424
internal_weight=0 656.585 950.912 806.801 144.111 117.13 127.415 679.386 110.462 539.455 8.41015 671.672
internal_count=6499 2644 3855 3275 580 476 512 2763 443 2168 34 2732
is_linear=0
shrinkage=0.1


Tree=2
num_leaves= 12
num_cat= 0
full_tree_array_lgbids= 0 1 2 5 9 4 3 -1 -7 -3 10 -2 -6 8 6 -2147483648 -2147483648 -2147483648 -2147483648 -2147483648 -2147483648 -11 -12 -2147483648 -2147483648 -2147483648 -2147483648 -4 -10 7 -8 -2147483648 -2147483648 -2147483648 -2147483648 -2147483648 -2147483648 -2147483648 -2147483648 -2147483648 -2147483648 -2147483648 -2147483648 -2147483648 -2147483648 -2147483648 -2147483648 -2147483648 -2147483648 -2147483648 -2147483648 -2147483648 -2147483648 -2147483648 -2147483648 -2147483648 -2147483648 -2147483648 -2147483648 -5 -9 -2147483648 -2147483648
split_feature= 8 20 19 7 4 10 4 4 13 21 4
split_gain= 1469.84 773.942 744.433 507.288 146.357 122.005 85.6259 64.311 63.7589 1.16156 4.36485
threshold= 3.5000000000000004 3.5000000000000004 1.5000000000000002 1.0000000180025095e-35 4.5000000000000009 1.0000000180025095e-35 5.5000000000000009 2.5000000000000004 1.5000000000000002 4.5000000000000009 4.5000000000000009
decision_type= 2 2 2 2 2 2 2 2 2 2 2
left_child=1 5 4 8 -2 -1 7 -5 -4 -3 -11
right_child=2 9 3 6 -6 -7 -8 -9 -10 10 -12
leaf_value= 0.17236010255125836 0.17236010255125836 0.17087960974436267 0.17236010255125836 0.10294421381851165 -0.16433727988382651 -0.16433727988382651 0.18118277615039513 -0.10472764105395577 -0.15910356207612728 0.17236010255125839 -0.16433727988382651
leaf_weight=14.127121359109877 124.46481059491634 520.00335648655891 7.5507027953863135 36.945734888315201 16.43764516711235 99.578777968883514 49.100935265421867 39.979457274079323 652.28804720938206 4.3842790424823743 3.8116278648376465
leaf_count=58 511 2134 31 151 69 418 199 162 2732 18 16
model_size=1264
internal_value=0 0.11693 -0.0811593 -0.119572 0.133081 -0.122505 0.0675466 -0.00498672 -0.155311 0.168473 0.015774
internal_weight=0 641.905 926.767 785.865 140.902 113.706 126.026 76.9252 659.839 528.199 8.19591
internal_count=6499 2644 3855 3275 580 476 512 313 2763 2168 34
is_linear=0
shrinkage=0.1


Tree=3
num_leaves= 10
num_cat= 0
full_tree_array_lgbids= 0 1 2 5 -3 4 3 -1 -7 -2147483648 -2147483648 -2 -6 7 6 -2147483648 -2147483648 -2147483648 -2147483648 -2147483648 -2147483648 -2147483648 -2147483648 -2147483648 -2147483648 -2147483648 -2147483648 -4 -9 8 -8 -2147483648 -2147483648 -2147483648 -2147483648 -2147483648 -2147483648 -2147483648 -2147483648 -2147483648 -2147483648 -2147483648 -2147483648 -2147483648 -2147483648 -2147483648 -2147483648 -2147483648 -2147483648 -2147483648 -2147483648 -2147483648 -2147483648 -2147483648 -2147483648 -2147483648 -2147483648 -2147483648 -2147483648 -5 -10 -2147483648 -2147483648
split_feature= 8 20 19 7 4 10 9 13 21
split_gain= 1232.83 645.974 621.784 426.5 117.945 98.0749 76.2802 48.612 43.2795
threshold= 3.5000000000000004 3.5000000000000004 1.5000000000000002 1.0000000180025095e-35 4.5000000000000009 1.0000000180025095e-35 1.0000000180025095e-35 1.5000000000000002 1.5000000000000002
decision_type= 2 2 2 2 2 2 2 2 2
left_child=1 5 4 7 -2 -1 8 -4 -5
right_child=2 -3 3 6 -6 -7 -8 -9 -10
leaf_value= 0.1609037703805144 0.1609037703805144 0.15718008999386601 0.1609037703805144 0.17018932750648399 -0.15458733496862687 -0.15458733496862687 -0.16487441731077176 -0.14929157204589255 0.015983426659172861
leaf_weight=13.6439371407032 120.20779101550579 510.42350368201733 7.2924491614103308 56.108075767755508 15.761341184377669 95.481748044490814 16.401857510209084 626.93535463511944 51.771796613931656
leaf_count=58 511 2168 31 233 69 418 69 2732 210
model_size=1040
internal_value=0 0.109214 -0.0758488 -0.111733 0.124333 -0.115142 0.0617326 -0.145725 0.0961856
internal_weight=0 619.549 894.479 758.51 135.969 109.126 124.282 634.228 107.88
internal_count=6499 2644 3855 3275 580 476 512 2763 443
is_linear=0
shrinkage=0.1


Tree=4
num_leaves= 10
num_cat= 0
full_tree_array_lgbids= 0 1 2 5 -3 4 3 -1 -7 -2147483648 -2147483648 -2 -6 8 6 -2147483648 -2147483648 -2147483648 -2147483648 -2147483648 -2147483648 -2147483648 -2147483648 -2147483648 -2147483648 -2147483648 -2147483648 -4 -10 7 -8 -2147483648 -2147483648 -2147483648 -2147483648 -2147483648 -2147483648 -2147483648 -2147483648 -2147483648 -2147483648 -2147483648 -2147483648 -2147483648 -2147483648 -2147483648 -2147483648 -2147483648 -2147483648 -2147483648 -2147483648 -2147483648 -2147483648 -2147483648 -2147483648 -2147483648 -2147483648 -2147483648 -2147483648 -5 -9 -2147483648 -2147483648
split_feature= 8 20 19 7 4 10 4 20 13
split_gain= 1043.69 544.111 524.043 361.561 95.6829 79.1894 62.7064 47.6349 36.7119
threshold= 3.5000000000000004 3.5000000000000004 1.5000000000000002 1.0000000180025095e-35 4.5000000000000009 1.0000000180025095e-35 5.5000000000000009 3.5000000000000004 1.5000000000000002
decision_type= 2 2 2 2 2 2 2 2 2
left_child=1 5 4 8 -2 -1 7 -5 -4
right_child=2 -3 3 6 -6 -7 -8 -9 -10
leaf_value= 0.15185187516794491 0.15185187516794491 0.14800241470667261 0.15185187516794491 0.16843763974126813 -0.14676872362570559 -0.14676872362570559 0.16290926540628103 -0.06200583945744409 -0.14129097847512154
leaf_weight=13.042239397764204 114.90662641823292 488.96494619548321 6.970852091908454 17.12907537817955 14.980887696146963 90.75378343462944 46.698561310768127 57.680425584316254 597.69519737362862
leaf_count=58 511 2168 31 72 69 418 199 241 2732
model_size=1040
internal_value=0 0.102957 -0.0715183 -0.105311 0.11741 -0.109246 0.0569204 -0.00924137 -0.137912
internal_weight=0 592.761 856.062 726.174 129.888 103.796 121.508 74.8095 604.666
internal_count=6499 2644 3855 3275 580 476 512 313 2763
is_linear=0
shrinkage=0.1


end of trees

feature_importances:
Column_4=10
Column_20=6
Column_7=5
Column_8=5
Column_10=5
Column_13=5
Column_19=5
Column_21=5
Column_9=3
Column_1=2
Column_2=1
Column_12=1
Column_17=1

parameters:
[boosting: gbdt]
[objective: binary]
[metric: auc, binary_logloss, rmse, l1, l2, mape, huber]
[tree_learner: serial]
[device_type: cpu]
[data_sample_strategy: bagging]
[data: data/mushroom.libsvm.train]
[valid: data/mushroom.libsvm.test]
[num_iterations: 5]
[learning_rate: 0.1]
[num_leaves: 255]
[num_threads: 1]
[seed: 42]
[deterministic: 0]
[force_col_wise: 0]
[force_row_wise: 0]
[histogram_pool_size: -1]
[max_depth: 5]
[min_data_in_leaf: 10]
[min_sum_hessian_in_leaf: 0.001]
[bagging_fraction: 1]
[pos_bagging_fraction: 1]
[neg_bagging_fraction: 1]
[bagging_freq: 0]
[bagging_seed: 400]
[feature_fraction: 1]
[feature_fraction_bynode: 1]
[feature_fraction_seed: 30056]
[extra_trees: 0]
[extra_seed: 12879]
[early_stopping_round: 0]
[early_stopping_min_delta: 0]
[first_metric_only: 0]
[max_delta_step: 0]
[lambda_l1: 0]
[lambda_l2: 0]
[linear_lambda: 0]
[min_gain_to_split: 0]
[drop_rate: 0.1]
[max_drop: 50]
[skip_drop: 0.5]
[xgboost_dart_mode: 0]
[uniform_drop: 0]
[drop_seed: 17869]
[top_rate: 0.2]
[other_rate: 0.1]
[min_data_per_group: 100]
[max_cat_threshold: 32]
[cat_l2: 10]
[cat_smooth: 10]
[max_cat_to_onehot: 4]
[top_k: 20]
[monotone_constraints: ]
[monotone_constraints_method: basic]
[monotone_penalty: 0]
[feature_contri: ]
[forcedsplits_filename: ]
[refit_decay_rate: 0.9]
[tinygbdt_penalty_feature: 0.5]
[tinygbdt_penalty_split: 0.25]
[tinygbdt_forestsize: 64000]
[tinygbdt_precision: 1]
[cegb_tradeoff: 1]
[cegb_penalty_split: 0]
[cegb_penalty_feature_lazy: ]
[cegb_penalty_feature_coupled: ]
[path_smooth: 0]
[interaction_constraints: ]
[verbosity: 1]
[saved_feature_importance_type: 0]
[use_quantized_grad: 0]
[num_grad_quant_bins: 4]
[quant_train_renew_leaf: 0]
[stochastic_rounding: 1]
[linear_tree: 0]
[max_bin: 255]
[max_bin_by_feature: ]
[min_data_in_bin: 3]
[bin_construct_sample_cnt: 200000]
[data_random_seed: 175]
[is_enable_sparse: 1]
[enable_bundle: 1]
[use_missing: 1]
[zero_as_missing: 0]
[feature_pre_filter: 1]
[pre_partition: 0]
[two_round: 0]
[header: 0]
[label_column: ]
[weight_column: ]
[group_column: ]
[ignore_column: ]
[categorical_feature: ]
[forcedbins_filename: ]
[precise_float_parser: 0]
[parser_config_file: ]
[objective_seed: 16083]
[num_class: 1]
[is_unbalance: 0]
[scale_pos_weight: 1]
[sigmoid: 1]
[boost_from_average: 1]
[reg_sqrt: 0]
[alpha: 0.9]
[fair_c: 1]
[poisson_max_delta_step: 0.7]
[tweedie_variance_power: 1.5]
[lambdarank_truncation_level: 30]
[lambdarank_norm: 1]
[label_gain: ]
[lambdarank_position_bias_regularization: 0]
[eval_at: ]
[multi_error_top_k: 1]
[auc_mu_weights: ]
[num_machines: 1]
[local_listen_port: 12400]
[time_out: 120]
[machine_list_filename: ]
[machines: ]
[gpu_platform_id: -1]
[gpu_device_id: -1]
[gpu_use_dp: 0]
[num_gpu: 1]

end of parameters
