tree
version=v4
num_class=1
num_tree_per_iteration=1
label_index=0
max_feature_idx=8
objective=regression
feature_names=Column_0 Column_1 Column_2 Column_3 Column_4 Column_5 Column_6 Column_7 Column_8
feature_infos=none [0.49990000000000001:15.0001] [1:52] [0.88888888888888884:141.90909090909091] [0.33333333333333331:25.63636363636364] [3:35682] [0.69230769230769229:1243.333333333333] [32.549999999999997:41.950000000000003] [-124.34999999999999:-114.31]
tree_sizes=2998 3077 3150 3017 2964 3157 3162 2808 2838 2924 2907 2542 2566 2402 2572 2407 2276 2213 2132 1938

Tree=0
num_leaves= 32
num_cat= 0
full_tree_array_lgbids= 0 1 2 5 3 4 10 9 11 6 7 15 12 19 22 14 13 24 20 25 8 18 16 27 17 26 21 30 29 23 28 -1 -16 -11 -15 -7 -26 -13 -22 -3 -27 -8 -10 -5 -20 -9 -18 -2 -29 -17 -19 -6 -28 -14 -23 -4 -32 -21 -31 -12 -25 -24 -30
split_feature= 1 1 1 6 6 3 2 1 7 1 1 1 1 6 3 2 6 6 2 2 6 2 1 2 7 1 6 1 5 7 4
split_gain= 6984.71 1682.19 1289.17 973.354 428.484 315.416 231.057 209.981 184.363 178.177 153.279 134.095 118.053 109.893 108.42 104.864 102.627 92.5049 82.5191 70.45 64.1181 40.8433 30.633 34.1736 30.5501 28.1635 27.7891 25.4232 22.888 13.2731 6.43415
threshold= 5.0387000000000013 3.0679500000000002 6.8672000000000013 2.3489548886254448 2.671038674349933 4.3101408005062494 24.500000000000004 4.0775500000000013 37.815000000000005 2.2210000000000005 7.852450000000001 2.4115000000000006 5.7307500000000013 2.4907552973342448 3.449226804123712 19.500000000000004 2.9005380231986346 2.0653737590585881 43.500000000000007 26.500000000000004 2.2906328481453726 27.500000000000004 8.7395500000000013 28.500000000000004 35.335000000000008 3.5330000000000008 2.9742256672023202 5.6402500000000009 139.50000000000003 37.645000000000003 1.0103851166134901
decision_type= 2 2 2 2 2 2 2 2 2 2 2 2 2 2 2 2 2 2 2 2 2 2 2 2 2 2 2 2 2 2 2
left_child=1 5 4 6 15 9 25 18 -8 14 19 24 26 -11 -1 27 -9 -17 -5 30 -13 -14 23 -12 -7 -3 -6 -2 -24 -21 -4
right_child=2 3 10 7 12 11 8 16 -10 13 22 20 21 -15 -16 17 -18 -19 -20 29 -22 -23 28 -25 -26 -27 -28 -29 -30 -31 -32
leaf_value= 2.0405687631288161 2.122367892078735 2.0619325518895399 2.1860943173854421 2.0293758741925956 2.1246833370498446 1.9807571227445304 2.1984147209355398 2.1002101309481218 2.0795283240852767 2.0970408790997888 2.2611911907323741 2.043693994763716 2.1410397950488846 2.0327038778370752 1.9814897297846104 2.3293276008777508 2.055796547371648 2.2183144165789459 2.080533949453383 2.3136092887030801 1.9920349409095919 2.1974100577568745 2.2256631944098948 2.3423931801380187 1.9518240180001829 2.1119780300641722 2.0841198818403921 2.1915848606410337 2.348659992346585 2.2369779892674675 2.2272434057145407
leaf_weight=503 128 198 107 2717 312 636 733 1016 163 430 147 309 586 767 899 91 1158 572 377 129 1491 187 19 97 1194 369 516 120 346 39 156
leaf_count=503 128 198 107 2717 312 636 733 1016 163 430 147 309 586 767 899 91 1158 572 377 129 1491 187 19 97 1194 369 516 120 346 39 156
model_size=3504
internal_value=2.07195 2.03789 2.19622 2.07259 2.15739 2.00039 2.1449 2.05251 2.17679 2.02716 2.28999 1.98123 2.12609 2.05582 2.00269 2.2124 2.07655 2.23355 2.03561 2.24376 2.0009 2.15468 2.32271 2.29347 1.96188 2.0945 2.0994 2.15586 2.34226 2.29582 2.2105
internal_weight=0 12960 3552 6731 2512 6229 1463 5268 896 2599 1040 3630 1601 1197 1402 911 2174 663 3094 431 1800 773 609 244 1830 567 828 248 365 168 263
internal_count=16512 12960 3552 6731 2512 6229 1463 5268 896 2599 1040 3630 1601 1197 1402 911 2174 663 3094 431 1800 773 609 244 1830 567 828 248 365 168 263
is_linear=0
shrinkage=1


Tree=1
num_leaves= 31
num_cat= 0
full_tree_array_lgbids= 0 1 2 5 3 4 12 13 6 7 9 18 16 19 23 14 29 8 10 27 11 17 15 24 20 22 21 26 25 -14 28 -1 -16 -15 -31 -7 -10 -8 -12 -3 -29 -9 -13 -5 -19 -11 -17 -2 -26 -20 -22 -6 -24 -18 -23 -4 -28 -21 -27 -2147483648 -2147483648 -25 -30
split_feature= 1 1 1 6 6 6 7 2 8 1 8 6 1 7 8 6 1 2 2 2 6 2 6 5 1 7 1 7 6 7
split_gain= 5656.98 1459.99 944.061 830.219 320.282 308.335 222.306 217.613 176.118 170.697 137.885 135.743 122.673 114.225 130.634 105.18 80.2992 77.688 77.0752 76.7489 58.6967 36.0354 24.1929 15.9308 15.2906 10.9908 10.6259 9.51481 6.91897 3.32826
threshold= 5.1326000000000009 3.1792500000000001 6.8672000000000013 2.2982753493904258 2.6585924622132828 2.1628386478062818 34.455000000000005 19.500000000000004 -117.77499999999999 4.1119000000000012 -121.63499999999998 1.9628175980828908 8.4454500000000028 37.935000000000009 -118.24499999999999 2.8335312747426764 5.8308000000000009 47.500000000000007 21.500000000000004 26.500000000000004 2.2038024706228287 27.500000000000004 3.1262267671728927 70.000000000000014 5.6402500000000009 37.645000000000003 7.3930000000000016 37.955000000000005 3.1747392355722384 38.815000000000005
decision_type= 2 2 2 2 2 2 2 2 2 2 2 2 2 2 2 2 2 2 2 2 2 2 2 2 2 2 2 2 2 2
left_child=1 5 4 7 18 13 8 27 -7 17 -8 -9 19 14 -1 -11 22 -5 24 26 -20 -18 -6 -14 -2 -21 -4 -3 -25 -15
right_child=2 3 12 9 16 6 10 11 -10 15 -12 -13 23 29 -16 -17 21 -19 20 25 -22 -23 -24 28 -26 -27 -28 -29 -30 -31
leaf_value= 0.044230430953254636 0.051710352190187048 0.021716185106585423 0.11257013540252361 -0.033517635639986235 0.048827385960445342 -0.032418481581660212 -0.062115720910071164 0.16254536505971776 -0.086464694131891839 0.033086021130256597 -0.10739158312721281 0.077517444901220187 0.10762568108427029 -0.060880741065378358 -0.039420649286328324 -0.010822406174656622 0.064840007462105109 0.030431795661703398 0.22015546661538954 0.22502748265708844 0.13662539405426799 0.12128281233978436 0.010032595539933747 0.25069624308012767 0.11076683308929205 0.16209582549591478 0.15471344836835946 -0.036636348605155945 0.20779113991926593 -0.10328082793857903
leaf_weight=447 107 300 153 2681 418 1871 1128 305 928 1009 1827 539 11.999999999999998 181 343 1321 524 219 117 194 423 172 367 331 131 52 215 50 83 64
leaf_count=447 107 300 153 2681 418 1871 1128 305 928 1009 1827 539 12 181 343 1321 524 219 117 194 423 172 367 331 131 52 215 50 83 64
model_size=3392
internal_value=0 -0.02926 0.117191 0.00497081 0.0807981 -0.0616504 -0.0707621 0.0804366 -0.0503373 -0.0122579 -0.0901086 0.108244 0.19624 -0.0109948 0.00791104 0.00819202 0.0532941 -0.0286884 0.133154 0.167054 0.154724 0.0787885 0.0306902 0.238307 0.0842162 0.211725 0.137192 0.0133801 0.242094 -0.0719567
internal_weight=0 13213 3299 6424 2259 6789 5754 1194 2799 5230 2955 844 1040 1035 790 2330 1481 2900 778 614 540 696 785 426 238 246 368 350 414 245
internal_count=16512 13213 3299 6424 2259 6789 5754 1194 2799 5230 2955 844 1040 1035 790 2330 1481 2900 778 614 540 696 785 426 238 246 368 350 414 245
is_linear=0
shrinkage=0.1


Tree=2
num_leaves= 32
num_cat= 0
full_tree_array_lgbids= 0 1 2 6 3 4 8 13 10 5 9 17 16 11 22 19 28 21 15 7 29 14 12 25 18 20 27 26 30 23 24 -1 -21 -15 -30 -8 -23 -12 -17 -3 -9 -7 -31 -5 -16 -11 -14 -2 -27 -19 -20 -6 -22 -18 -29 -4 -28 -13 -32 -10 -25 -24 -26
split_feature= 1 1 1 6 6 7 3 8 1 1 1 2 2 6 3 6 6 2 6 8 2 6 2 1 5 5 6 1 8 8 6
split_gain= 4593.14 1122.94 860.048 690.983 239.67 228.046 205.835 185.307 183.126 149.465 105.281 97.1262 81.6702 76.0307 71.5488 64.0356 51.7574 47.938 52.8147 41.238 26.6727 21.5306 18.946 14.598 12.8238 12.4873 12.3155 10.8232 10.3954 7.75882 7.10569
threshold= 5.0387000000000013 2.8762500000000002 6.3963500000000009 2.4136952392348086 2.5827178004959954 37.995000000000012 3.8792159595040387 -122.35499999999998 7.852450000000001 3.8346500000000003 2.2948000000000004 26.500000000000004 42.500000000000007 3.0973600929976173 5.1947827066293142 2.2906328481453726 3.0375944537846187 21.500000000000004 2.0653737590585881 -117.145 20.500000000000004 2.1718174014038287 20.500000000000004 9.1688500000000008 139.50000000000003 358.50000000000006 2.6585924622132828 5.6851000000000012 -117.79499999999999 -122.27499999999999 2.2820667453403218
decision_type= 2 2 2 2 2 2 2 2 2 2 2 2 2 2 2 2 2 2 2 2 2 2 2 2 2 2 2 2 2 2 2
left_child=1 6 4 5 17 7 13 -3 11 14 21 26 -11 19 -5 -12 20 25 -19 -1 -6 -8 23 -10 -24 -2 -4 -18 -15 -7 -13
right_child=2 3 8 9 16 29 10 -9 22 12 15 30 -14 28 -16 -17 27 18 -20 -21 -22 -23 24 -25 -26 -27 -28 -29 -30 -31 -32
leaf_value= 0.0049431311228497277 -0.032807712559588253 0.15525302710059363 0.14084475033302257 -0.021756683590240855 0.028230403204931018 -0.0085063570053042735 -0.060645489713293081 0.050020475173194502 0.14853231923033794 -0.0097105011414146177 -0.017268745650373115 0.22271335677554213 0.048191479024689475 -0.047618668565411859 -0.05477748556130882 -0.06618015511440789 0.0064548819710920071 0.21353098875597906 0.11639004326505781 -0.07594990942899775 0.072191242709795947 -0.094691603641533117 0.10804279883702597 0.2121658910191461 0.22251148384886901 0.079527981925297891 0.091775990409602978 0.037027274828742698 -0.098404657180820199 -0.05778816729577671 0.16594247938094972
leaf_weight=605 15.999999999999998 195 94 1556 249 85 273 1509 120 2424 363 48 293 699 1309 1511 434 76 348 82 529 1819 14.999999999999998 89 385 179 397 309 70 167 264
leaf_count=605 16 195 94 1556 249 85 273 1509 120 2424 363 48 293 699 1309 1511 434 76 348 82 529 1819 15 89 385 179 397 309 70 167 264
model_size=3504
internal_value=0 -0.027629 0.100809 -0.00259932 0.0607028 0.0487636 -0.0624268 0.0620629 0.161592 -0.0205975 -0.0743991 0.12973 -0.00346638 -0.0298153 -0.0368437 -0.0567059 0.0390936 0.113801 0.133802 -0.00471222 0.0581215 -0.0902487 0.203603 0.17563 0.218219 0.0703107 0.10117 0.0191694 -0.0522416 -0.0411653 0.174676
internal_weight=0 12960 3552 7538 2140 1956 5422 1704 1412 5582 3966 803 2717 1456 2865 1874 1521 619 424 687 778 2092 609 209 400 195 491 743 769 252 312
internal_count=16512 12960 3552 7538 2140 1956 5422 1704 1412 5582 3966 803 2717 1456 2865 1874 1521 619 424 687 778 2092 609 209 400 195 491 743 769 252 312
is_linear=0
shrinkage=0.1


Tree=3
num_leaves= 30
num_cat= 0
full_tree_array_lgbids= 0 1 3 4 2 5 18 12 7 6 9 15 16 20 24 13 28 10 11 23 8 14 17 26 19 21 22 25 27 -20 -26 -1 -15 -14 -30 -6 -12 -9 -13 -3 -25 -8 -10 -4 -16 -11 -19 -2 -28 -17 -21 -7 -23 -18 -24 -5 -27 -22 -29 -2147483648 -2147483648 -2147483648 -2147483648
split_feature= 1 1 6 1 6 6 2 7 6 1 8 8 7 8 8 2 1 2 1 6 2 7 2 8 5 8 4 7 7
split_gain= 3745.27 1104.88 602.894 487.002 205.197 176.334 175.993 167.186 161.29 142.455 137.737 104.352 81.0845 95.0565 78.4778 59.6815 57.3199 48.2415 39.1774 32.0644 30.5126 12.279 10.4669 9.70183 9.33783 7.51834 6.72945 1.43108 0.0408719
threshold= 5.3736000000000006 3.1913000000000005 2.4136952392348086 7.3930000000000016 2.1628386478062818 2.7472725830126556 19.500000000000004 34.455000000000005 1.9628175980828908 4.5301500000000017 -118.29499999999999 -121.63499999999998 37.935000000000009 -118.25499999999998 -122.38499999999998 21.500000000000004 6.2770500000000009 18.500000000000004 8.7395500000000013 2.2038024706228287 28.500000000000004 37.955000000000005 26.500000000000004 -117.26499999999999 70.000000000000014 -117.71499999999999 1.0671403331650682 37.805000000000007 38.515000000000008
decision_type= 2 2 2 2 2 2 2 2 2 2 2 2 2 2 2 2 2 2 2 2 2 2 2 2 2 2 2 2 2
left_child=1 4 6 5 12 15 23 10 -8 14 -6 -9 13 -1 -4 26 21 -11 20 -17 25 -7 -18 -3 -20 -5 -2 -22 -14
right_child=3 2 9 18 7 16 8 11 -10 17 -12 -13 28 -15 -16 19 22 -19 24 -21 27 -23 -24 -25 -26 -27 -28 -29 -30
leaf_value= 0.039451119854282381 0.050074562027042073 0.014673601934889589 0.030514567816019827 0.13942493334412576 0.005603701120295318 0.041814640331748476 0.14168041119293776 -0.049775768694974729 0.057326321117961099 -0.011524787454914474 -0.050956955529434571 -0.089487059237286545 -0.040077449281091748 -0.032641468240347297 -0.026036457895962137 0.19169570167078495 0.074722188845143797 0.028210208805655102 0.084323451295495039 0.12229882029350847 0.19785748734412825 -0.0098791204986628158 0.1249871934029986 -0.035042475343216216 0.20234714548918747 0.083465739440614903 0.097836052051910732 0.13821679582553251 -0.074009032937504313
leaf_weight=445 133 394 290 205 564 668 320 1141 901 515 2266 1841 98 350 3289 97 350 1076 11.999999999999998 480 136 80 85 80 353 59 107 28 149
leaf_count=445 133 394 290 205 564 668 320 1141 901 515 2266 1841 98 350 3289 97 350 1076 12 480 136 80 85 80 353 59 107 28 149
model_size=3280
internal_value=0 -0.0215082 0.00693386 0.105646 -0.0499958 0.0791724 0.0589774 -0.0574411 0.0794339 -0.0101288 -0.0396848 -0.0742924 -0.00846804 0.00771224 -0.0214542 0.115577 0.0540309 0.0153482 0.172416 0.133965 0.150199 0.0362859 0.0845441 0.0062827 0.198467 0.126919 0.0713682 0.187675 -0.0605463
internal_weight=0 13719 6865 2793 6854 2000 1695 5812 1221 5170 2830 2982 1042 795 3579 817 1183 1591 793 577 428 748 435 474 365 264 240 164 247
internal_count=16512 13719 6865 2793 6854 2000 1695 5812 1221 5170 2830 2982 1042 795 3579 817 1183 1591 793 577 428 748 435 474 365 264 240 164 247
is_linear=0
shrinkage=0.1


Tree=4
num_leaves= 29
num_cat= 0
full_tree_array_lgbids= 0 1 3 4 2 7 18 11 5 8 13 17 16 22 24 12 27 6 10 23 9 14 15 26 19 20 21 -5 -24 25 -26 -1 -14 -13 -29 -6 -8 -7 -12 -3 -25 -10 -11 -4 -16 -15 -17 -2 -28 -19 -21 -9 -22 -18 -23 -2147483648 -2147483648 -2147483648 -2147483648 -20 -27 -2147483648 -2147483648
split_feature= 1 1 6 1 6 7 8 6 2 6 8 7 8 6 7 8 1 2 2 4 2 2 1 8 7 5 5 7
split_gain= 3052.81 1012.64 446.487 306.488 260.261 141.566 157.783 129.848 126.85 125.695 124.501 113.589 108.345 97.1667 102.952 40.3037 37.9189 26.7137 20.0551 19.747 18.0996 13.5713 9.84852 5.80586 5.7329 5.17326 3.03527 2.76793
threshold= 5.6042500000000013 3.5488500000000003 2.4136952392348086 7.7055000000000016 2.2352443515477258 34.455000000000005 -117.77499999999999 2.6529733204757315 19.500000000000004 1.9628175980828908 -121.63499999999998 37.915000000000006 -122.31499999999998 2.9742256672023202 37.915000000000006 -121.48499999999999 6.3350000000000009 21.500000000000004 18.500000000000004 1.0435797675926601 36.500000000000007 25.500000000000004 8.7395500000000013 -117.98499999999999 37.975000000000001 139.50000000000003 565.50000000000011 39.505000000000003
decision_type= 2 2 2 2 2 2 2 2 2 2 2 2 2 2 2 2 2 2 2 2 2 2 2 2 2 2 2 2
left_child=1 4 8 7 11 6 -6 17 23 -10 -7 12 -1 14 -4 -15 20 26 22 -19 -9 -18 -5 -3 25 -20 -2 -13
right_child=3 2 13 18 5 10 -8 16 9 -11 -12 27 -14 15 -16 -17 21 19 24 -21 -22 -23 -24 -25 -26 -27 -28 -29
leaf_value= 0.12221329533233401 0.028301499305026873 0.030065627903550985 0.024989935387350698 0.10462860146520335 -0.01853103332494694 -0.039557564729227793 -0.066178408721960041 0.038478877448761661 0.1500604770951352 0.063741580624560895 -0.079747494244217509 -0.046868625673093543 0.0036107076454320389 0.010885972737028085 -0.028745861697969922 -0.024781538724009646 0.070774336081202927 0.11809887295596214 0.084424182000969142 0.17224842198446497 0.1151922637358942 0.11436277262430308 0.16263628825545312 -0.0078481021603303298 0.062066185176372524 0.18142992074777434 0.095506151175086818 -0.093185839004683912
leaf_weight=89 28 230 1823 109 2253 1361 1075 589 236 736 2043 293 1099 483 484 1690 373 253 13.999999999999998 147 47 158 98 154 9.9999999999999982 439 141 57
leaf_count=89 28 230 1823 109 2253 1361 1075 589 236 736 2043 293 1099 483 484 1690 373 253 14 147 47 158 98 154 10 439 141 57
model_size=3168
internal_value=0 -0.0177795 0.0142316 0.104238 -0.0403692 -0.0489682 -0.0339219 0.0817999 0.0649222 0.0846997 -0.0636786 -0.00273014 0.0124959 -0.00111143 0.0137164 -0.0168536 0.0621647 0.122071 0.162378 0.137999 0.0441479 0.0837442 0.132091 0.0148606 0.175919 0.178432 0.0843717 -0.0544117
internal_weight=0 14106 5836 2406 8270 6732 3328 1736 1356 972 3404 1538 1188 4480 2307 2173 1167 569 670 400 636 531 207 384 463 453 169 350
internal_count=16512 14106 5836 2406 8270 6732 3328 1736 1356 972 3404 1538 1188 4480 2307 2173 1167 569 670 400 636 531 207 384 463 453 169 350
is_linear=0
shrinkage=0.1


Tree=5
num_leaves= 32
num_cat= 0
full_tree_array_lgbids= 0 2 1 5 3 4 10 18 15 6 7 11 13 12 23 19 29 30 17 21 9 8 20 22 14 24 16 27 26 25 28 -1 -21 -20 -31 -7 -32 -17 -19 -4 -23 -8 -11 -5 -10 -9 -22 -2 -24 -13 -16 -6 -26 -15 -18 -3 -29 -14 -28 -12 -27 -25 -30
split_feature= 1 1 1 6 6 3 2 7 8 7 1 2 2 2 6 1 8 3 8 7 7 1 1 8 1 7 7 6 1 7 6
split_gain= 2525.1 650.871 493.514 378.464 210.924 131.578 123.549 118.531 202.695 108.386 97.344 53.9474 53.4597 49.987 43.9526 42.6089 41.4706 31.1684 23.2739 27.1617 13.7378 11.4737 11.2562 10.5728 6.95337 6.86231 5.74145 4.62683 3.61076 1.46806 0.406408
threshold= 4.5301500000000017 6.3350000000000009 2.5894500000000007 2.2634687595142249 2.5219735498882589 3.6482937607122259 24.500000000000004 37.935000000000009 -122.24499999999999 37.815000000000005 7.852450000000001 21.500000000000004 26.500000000000004 16.500000000000004 2.0653737590585881 1.9486000000000003 -117.65499999999999 4.4053436317780594 -118.27499999999999 37.935000000000009 39.355000000000011 3.3627000000000002 5.6402500000000009 -118.00499999999998 5.4090500000000015 38.275000000000013 37.615000000000002 3.102783329035586 10.027200000000002 34.115000000000002 2.0231950334409352
decision_type= 2 2 2 2 2 2 2 2 2 2 2 2 2 2 2 2 2 2 2 2 2 2 2 2 2 2 2 2 2 2 2
left_child=2 4 5 6 11 18 21 8 -5 -8 12 22 27 24 -13 30 -15 -17 19 -1 -9 -4 -2 25 -6 -12 -14 -3 -25 -20 -7
right_child=1 10 3 7 13 15 9 20 -10 -11 23 14 26 16 -16 17 -18 -19 29 -21 -22 -23 -24 28 -26 -27 -28 -29 -30 -31 -32
leaf_value= 0.012117743446681969 0.026387971632642556 0.086720859666820624 -0.02280445498773126 0.068901415246001643 -0.01534550204371116 -0.049344614402462655 0.078091628408663308 -0.044191697640284446 -0.018588063996571074 -0.014747681463675867 0.16139224917231085 0.15929502011873786 0.13895997546659605 0.036356463537148095 0.084308055511275515 -0.032343891037603385 -0.023574800258394431 -0.061684693709160313 -0.041331448148151761 -0.070271137153419358 -0.082670796677642489 0.015684306962861903 0.089867827136601727 0.097375489955710381 0.014511714554519382 0.037046435996890073 0.089890268893213943 0.055337522559659152 0.15777516571842895 0.013646502265972752 -0.07926172752628019
leaf_weight=397 204 304 244 293 404 104 728 1008 4591 166 453 117 261 1626 445 689 151 1357 380 60 173 289 63 97 292 9.9999999999999982 74 226 49 35 1222
leaf_count=397 204 304 244 293 404 104 728 1008 4591 166 453 117 261 1626 445 689 151 1357 380 60 173 289 63 97 292 10 74 226 49 35 1222
model_size=3504
internal_value=0 0.0613988 -0.0249864 -0.00942684 0.0365818 -0.052454 0.0374009 -0.0204447 -0.0133394 0.060853 0.116993 0.0810608 0.0945547 0.0216715 0.0999192 -0.0616787 0.0312638 -0.051804 -0.0167819 0.00130082 -0.0498283 -0.00193531 0.0413664 0.148863 -0.0028192 0.158707 0.128121 0.0733385 0.117647 -0.0366948 -0.0769153
internal_weight=0 4776 11736 7492 3302 4244 1427 6065 4884 894 1474 829 865 2473 562 3372 1777 2046 872 457 1181 533 267 609 696 463 335 530 146 415 1326
internal_count=16512 4776 11736 7492 3302 4244 1427 6065 4884 894 1474 829 865 2473 562 3372 1777 2046 872 457 1181 533 267 609 696 463 335 530 146 415 1326
is_linear=0
shrinkage=0.1


Tree=6
num_leaves= 32
num_cat= 0
full_tree_array_lgbids= 0 2 1 7 3 4 9 10 17 8 5 15 14 13 21 16 25 26 22 23 11 6 12 20 18 19 24 29 28 27 30 -1 -18 -12 -27 -9 -28 -19 -24 -4 -25 -10 -13 -5 -8 -7 -14 -2 -22 -17 -20 -6 -21 -16 -26 -3 -31 -15 -30 -11 -29 -23 -32
split_feature= 1 1 1 6 6 6 7 3 2 1 6 7 8 2 6 2 7 1 6 7 5 2 7 2 7 3 6 1 7 8 5
split_gain= 2043.79 473.706 446.215 311.205 162.154 111.933 122.962 111.258 90.6476 76.9155 47.2832 45.5953 36.6587 34.6471 34.5288 31.111 30.4978 26.9991 25.5485 24.4493 11.7033 11.1307 10.7867 7.02832 6.21049 5.47014 5.25814 3.37073 2.63909 2.53628 1.2585
threshold= 4.6754000000000007 6.3350000000000009 2.7820000000000005 2.0653737590585881 2.5288691539219195 2.8079590171801518 37.935000000000009 4.2015099382944241 24.500000000000004 7.7055000000000016 3.0973600929976173 37.815000000000005 -122.38499999999998 26.500000000000004 3.0375944537846187 21.500000000000004 37.915000000000006 2.2210000000000005 2.0653737590585881 37.955000000000005 374.50000000000006 18.500000000000004 39.285000000000004 16.500000000000004 37.775000000000013 3.0522493994321906 1.9139224725972623 8.7395500000000013 37.615000000000002 -122.21499999999999 139.50000000000003
decision_type= 2 2 2 2 2 2 2 2 2 2 2 2 2 2 2 2 2 2 2 2 2 2 2 2 2 2 2 2 2 2 2
left_child=2 4 7 8 15 6 -5 10 23 13 16 -10 -7 29 19 20 -1 26 -17 -6 -2 27 -19 -4 -16 -12 -9 -11 -15 -3 -23
right_child=1 9 3 5 14 12 -8 17 11 21 25 -13 -14 28 24 18 -18 22 -20 -21 -22 30 -24 -25 -26 -27 -28 -29 -30 -31 -32
leaf_value= 0.00063518148806396876 -0.049601518066430636 0.12282048540655524 -0.0091523677969496415 0.014145988078233342 0.041437028975974267 0.020198098520158789 -0.034518177096898313 -0.026211389813834102 0.097678374441017235 0.082694238766070904 -0.014401938209613397 -0.0029786853185449279 -0.028751953161978167 0.12312777996999408 0.010604784553332948 0.14550179829029367 -0.056761574735864996 -0.041817113313863681 0.079781015019075627 -0.0065733162661576099 0.052292475773720072 0.06213881065448125 -0.080258654335488552 0.035360831138379394 -0.026435008071481237 -0.046011706809321408 -0.069498946638094847 0.13156308664427119 0.076619283760479398 0.060864136692993426 0.1460178257581512
leaf_weight=828 22 32 167 2261 982 203 739 80 409 109 172 62 3040 240 900 100 140 1371 397 170 208 14.999999999999998 148 156 126 898 1459 98 69 463 448
leaf_count=828 22 32 167 2261 982 203 739 80 409 109 172 62 3040 240 900 100 140 1371 397 170 208 15 148 156 126 898 1459 98 69 463 448
model_size=3504
internal_value=0 0.0586889 -0.0211818 -0.00470043 0.0350417 -0.0123067 0.00215838 -0.0439407 0.0551053 0.105294 -0.0251307 0.0844284 -0.0256879 0.0832683 0.0210226 0.0770411 -0.007666 -0.0564766 0.0930045 0.0343522 0.0425461 0.131724 -0.0455626 0.0123463 0.00605604 -0.0409305 -0.0672488 0.10583 0.112742 0.0648694 0.1433
internal_weight=0 4379 12133 7037 2905 6243 3000 5096 794 1474 2038 471 3243 804 2178 727 968 3058 497 1152 230 670 1519 323 1026 1070 1539 207 309 495 463
internal_count=16512 4379 12133 7037 2905 6243 3000 5096 794 1474 2038 471 3243 804 2178 727 968 3058 497 1152 230 670 1519 323 1026 1070 1539 207 309 495 463
is_linear=0
shrinkage=0.1


Tree=7
num_leaves= 27
num_cat= 0
full_tree_array_lgbids= 0 1 3 4 2 6 16 13 7 5 11 15 19 20 25 23 14 8 9 10 22 12 17 -2 18 21 -21 24 -22 -18 -27 -1 -25 -15 -16 -6 -10 -9 -11 -3 -12 -7 -24 -4 -14 -13 -19 -2147483648 -2147483648 -17 -20 -8 -23 -2147483648 -2147483648 -5 -26 -2147483648 -2147483648 -2147483648 -2147483648 -2147483648 -2147483648
split_feature= 1 1 6 1 6 7 6 7 8 8 2 8 7 2 7 2 1 7 6 2 2 1 8 8 4 5
split_gain= 1677.68 484.931 276.979 218.929 125.395 116.641 93.8195 87.8903 122.376 116.348 86.6764 65.4275 73.3124 36.8024 33.2811 27.168 17.5475 16.3676 16.254 14.7382 10.9069 10.2179 9.21066 7.23058 2.18012 0.92755
threshold= 5.2771000000000017 3.3941500000000002 2.5102460737381374 7.2638000000000007 2.0376051459673437 37.935000000000009 2.7472725830126556 34.455000000000005 -118.30499999999999 -120.09499999999998 19.500000000000004 -117.79499999999999 37.915000000000006 27.500000000000004 37.975000000000001 16.500000000000004 9.1688500000000008 33.655000000000008 2.2038024706228287 40.500000000000007 28.500000000000004 6.0886500000000003 -122.35499999999998 -118.10499999999998 1.0076024985240879 139.50000000000003
decision_type= 2 2 2 2 2 2 2 2 2 2 2 2 2 2 2 2 2 2 2 2 2 2 2 2 2 2
left_child=1 4 5 6 13 10 15 8 -6 -9 -3 12 -4 23 -15 -2 20 -13 -17 21 24 -8 -7 -1 -5 -18
right_child=3 2 11 16 7 22 19 9 -10 -11 -12 17 -14 14 -16 18 25 -19 -20 -21 -22 -23 -24 -25 -26 -27
leaf_value= -0.0012619384543763267 0.035181626878980111 0.0095141289986474826 0.0066557830519129836 0.059928007370256109 0.019040572992765206 0.013489708609387772 0.018152575185137215 -0.037127621829279978 -0.033366659706953378 -0.080929786088976066 0.06699119924107462 -0.018802332390623636 -0.032428590558988897 0.042895697639095509 -0.042237113157785694 0.12808222957029347 0.063539577079446699 -0.056632968688626655 0.078058640684531153 0.10123672045064064 0.1232075851241296 0.044098109011995915 -0.042744827908355487 -0.04059110098808516 0.098202793671789634 0.14056561407584109
leaf_weight=270 170 396 2665 132 584 91 686 2638 2713 874 1104 384 682 357 71 126 19 345 579 49 209 519 172 183 209 285
leaf_count=270 170 396 2665 132 584 91 686 2638 2713 874 1104 384 682 357 71 126 19 345 579 49 209 519 172 183 209 285
model_size=2944
internal_value=0 -0.0150099 0.00692999 0.0680755 -0.0316688 0.0406133 0.0505474 -0.036434 -0.0240837 -0.0480283 0.0518173 -0.00763913 -0.00130823 0.00516008 0.0287732 0.0769316 0.111773 -0.0367057 0.086999 0.0321373 0.0985187 0.0293275 -0.0232873 -0.0171499 0.0833867 0.135751
internal_weight=0 13529 5839 2983 7690 1763 2129 6809 3297 3512 1500 4076 3347 881 428 875 854 729 705 1254 550 1205 263 453 341 304
internal_count=16512 13529 5839 2983 7690 1763 2129 6809 3297 3512 1500 4076 3347 881 428 875 854 729 705 1254 550 1205 263 453 341 304
is_linear=0
shrinkage=0.1


Tree=8
num_leaves= 27
num_cat= 0
full_tree_array_lgbids= 0 2 1 7 4 3 11 21 16 12 5 8 15 13 25 -1 22 17 19 23 14 6 10 -2 9 18 24 20 -15 -13 -27 -2147483648 -2147483648 -23 -24 -9 -19 -18 -21 -4 -25 -14 -16 -6 -8 -7 -12 -2147483648 -2147483648 -10 -11 -5 -20 -17 -26 -3 -22 -2147483648 -2147483648 -2147483648 -2147483648 -2147483648 -2147483648
split_feature= 1 1 1 6 6 2 3 3 2 6 8 1 2 6 7 1 7 8 8 8 2 7 7 8 6 7
split_gain= 1388.79 427.365 208.195 179.949 179.513 83.2869 76.3561 71.6908 66.8025 80.739 53.7686 50.7936 37.8972 32.0142 31.2148 28.4824 24.1678 26.1543 21.4633 17.3855 15.7345 11.0357 7.91692 4.21967 4.13611 0.331561
threshold= 4.125700000000001 6.2770500000000009 2.5205000000000006 2.735488224282792 2.0376051459673437 51.500000000000007 5.0372251488776927 3.3654435698213785 16.500000000000004 2.0653737590585881 -122.33499999999999 8.0125000000000011 22.500000000000004 3.0089663118548242 37.815000000000005 5.3357000000000001 35.335000000000008 -118.31499999999998 -122.33499999999999 -119.84499999999998 18.500000000000004 34.045000000000009 37.935000000000009 -118.29499999999999 3.1424162072895592 38.035000000000004
decision_type= 2 2 2 2 2 2 2 2 2 2 2 2 2 2 2 2 2 2 2 2 2 2 2 2 2 2
left_child=2 3 7 8 12 6 -6 21 -2 -10 -7 13 23 20 -14 18 17 -9 -5 -18 -3 -1 -23 -4 -17 -13
right_child=1 11 4 15 5 10 -8 16 9 -11 -12 25 14 -15 -16 24 19 -19 -20 -21 -22 22 -24 -25 -26 -27
leaf_value= -0.030651805759290579 0.0074632445492198154 0.051278933033902657 0.021803364104528027 0.045571184147810265 -0.0070455506758917309 0.095537202478905695 -0.032091023454820809 0.00029756721351765288 0.11586339936308963 0.046759206495802265 0.0033178928582670375 0.11320542393158775 0.068006756670622379 0.041232126998125174 -0.013385108052249496 0.035802470268293481 -0.049168390090471942 -0.042168252085787589 -0.0069194351060650446 -0.078630092192011392 0.096767213633636162 0.01797659225281208 -0.060303859621512169 -0.026717307282656078 0.0088242274027498496 0.0093104788661003118
leaf_weight=199 395 171 149 124 2663 113 2864 238 224 1274 225 538 408 341 74 427 1370 1345 1649 416 476 310 33 105 371 9.9999999999999982
leaf_count=199 395 171 149 124 2663 113 2864 238 224 1274 225 538 408 341 74 427 1370 1345 1649 416 476 310 33 105 371 10
model_size=2944
internal_value=0 0.0385271 -0.0219903 0.022687 -0.0108967 -0.0169017 -0.0200237 -0.0407142 0.0467367 0.0570925 0.0341486 0.0845623 0.036956 0.0697268 0.0555109 0.00497943 -0.0465172 -0.0357836 -0.00324835 -0.0560307 0.0847448 -0.0046439 0.0104452 0.00174561 0.02326 0.11131
internal_weight=0 6000 10512 4464 6601 5865 5527 3911 1893 1498 338 1536 736 988 482 2571 3369 1583 1773 1786 647 542 343 254 798 548
internal_count=16512 6000 10512 4464 6601 5865 5527 3911 1893 1498 338 1536 736 988 482 2571 3369 1583 1773 1786 647 542 343 254 798 548
is_linear=0
shrinkage=0.1


Tree=9
num_leaves= 28
num_cat= 0
full_tree_array_lgbids= 0 2 1 7 3 6 12 13 17 4 8 10 18 14 26 15 24 21 -19 5 25 9 22 11 16 20 19 23 -16 -14 -28 -1 -17 -15 -26 -9 -23 -2147483648 -2147483648 -4 -7 -6 -27 -5 -11 -10 -24 -2 -13 -12 -18 -8 -22 -20 -21 -3 -25 -2147483648 -2147483648 -2147483648 -2147483648 -2147483648 -2147483648
split_feature= 1 1 1 6 7 8 6 3 8 7 7 8 2 6 1 7 8 7 8 7 7 6 7 6 8 8 7
split_gain= 1125.56 267.383 224.655 176.01 105.359 119.824 97.0822 65.1961 36.0795 50.8748 33.972 43.6226 33.5085 32.9892 22.8831 19.7459 18.3637 15.2658 14.9017 50.989 14.7881 7.50393 6.70888 5.52228 3.90699 2.28095 0.183936
threshold= 4.5301500000000017 6.3963500000000009 2.7820000000000005 2.5763869593405579 37.935000000000009 -122.40499999999999 2.735488224282792 4.3101408005062494 -117.79499999999999 37.895000000000003 37.925000000000004 -118.30499999999999 29.500000000000004 2.8335312747426764 9.1688500000000008 37.915000000000006 -122.38499999999998 39.285000000000004 -121.52499999999999 34.655000000000008 37.915000000000006 2.8751854599406532 33.715000000000011 2.6585924622132828 -117.79499999999999 -122.35499999999998 37.985000000000007
decision_type= 2 2 2 2 2 2 2 2 2 2 2 2 2 2 2 2 2 2 2 2 2 2 2 2 2 2 2
left_child=2 6 7 4 5 -4 10 13 9 -5 11 -2 14 15 23 -1 -12 21 20 -20 -8 -9 -10 -3 -15 -6 -14
right_child=1 12 3 8 25 -7 18 17 22 -11 16 -13 26 24 -16 -17 -18 -19 19 -21 -22 -23 -24 -25 -26 -27 -28
leaf_value= 0.0063365612395891837 0.070223593923279426 0.083966248517390346 0.11172958847807622 -0.0054587074444795167 -0.00076475190635261355 0.019925145610162828 0.041261672131801069 -0.031522751650265267 -0.024765469068445633 -0.038562069578272115 0.057156757494833857 0.026339470639605917 0.10312088309338914 -0.026358676461989628 0.10677866306490241 -0.041411310901706355 -0.031608441836539318 -0.068689580271802941 0.012824430422848219 -0.042845128507824827 -0.0055885592451100641 -0.048863267445552958 -0.055568929041933085 0.047506884720466984 -0.055974301039643098 -0.03706411219494684 -0.0031161689758300785
leaf_weight=744 754 158 169 2653 139 1874 422 1229 367 715 56 453 523 1175 156 164 110 369 1166 241 162 1218 373 565 197 350 9.9999999999999982
leaf_count=744 754 158 169 2653 139 1874 422 1229 367 715 56 453 523 1175 156 164 110 369 1166 241 162 1218 373 565 197 350 10
model_size=3056
internal_value=0 0.0411234 -0.0167353 -0.00432631 0.0170392 0.0275193 0.0254872 -0.032904 -0.0174951 -0.0124863 0.0470533 0.0537534 0.0783758 -0.0193313 0.0645797 -0.0022875 -0.00166356 -0.0438932 0.0106151 0.00328899 0.0282655 -0.040154 -0.0402921 0.0554745 -0.0306111 -0.0267459 0.101128
internal_weight=0 4776 11736 6640 2532 2043 3364 5096 4108 3368 1373 1207 1412 2280 879 908 166 2816 1991 1407 584 2447 740 723 1372 489 533
internal_count=16512 4776 11736 6640 2532 2043 3364 5096 4108 3368 1373 1207 1412 2280 879 908 166 2816 1991 1407 584 2447 740 723 1372 489 533
is_linear=0
shrinkage=0.1


Tree=10
num_leaves= 28
num_cat= 0
full_tree_array_lgbids= 0 2 1 10 4 3 7 16 11 12 5 9 8 14 22 17 25 15 -13 26 -14 6 24 -2 19 18 13 21 20 -9 23 -1 -19 -18 -27 -12 -17 -2147483648 -2147483648 -4 -28 -2147483648 -2147483648 -6 -8 -7 -26 -2147483648 -2147483648 -11 -21 -5 -20 -10 -15 -3 -23 -16 -22 -2147483648 -2147483648 -24 -25
split_feature= 1 1 6 6 1 7 8 1 8 2 2 7 3 7 6 1 8 7 7 7 2 7 3 8 8 6 4
split_gain= 921.574 283.642 139.428 122.108 101.709 70.1463 158.348 55.1855 48.3467 45.2289 43.5713 42.3703 36.6064 36.0364 33.7078 21.8612 15.9659 52.0912 14.6416 10.8801 9.0727 8.78353 3.83795 5.17684 2.61848 1.7013 1.52971
threshold= 4.125700000000001 5.8308000000000009 2.0231950334409352 2.2982753493904258 2.2210000000000005 38.475000000000001 -122.35499999999998 7.7055000000000016 -122.19499999999998 16.500000000000004 27.500000000000004 37.815000000000005 3.4845502266762112 37.615000000000002 2.5949646725452555 3.4298000000000006 -118.19499999999998 34.965000000000011 37.615000000000002 38.435000000000009 32.500000000000007 37.615000000000002 5.396289833514504 -118.00499999999998 -121.34499999999998 1.5104297674263547 1.0291350557942953
decision_type= 2 2 2 2 2 2 2 2 2 2 2 2 2 2 2 2 2 2 2 2 2 2 2 2 2 2 2
left_child=2 3 10 9 12 6 -6 14 18 -2 16 15 26 -10 21 -12 17 -1 -5 -11 -16 -3 -9 -24 -7 -18 -4
right_child=1 7 4 8 5 24 -8 22 13 19 11 -13 -14 -15 20 -17 25 -19 -20 -21 -22 -23 23 -25 -26 -27 -28
leaf_value= 0.074369372236705797 0.0059937579879382006 0.091338765216563408 -0.031399482478930922 0.10188748862649968 0.054861412088356015 -0.052487739037409331 -0.0155943331368506 -0.034857671856880192 0.0084531888574102786 0.081522337639735099 0.039602640052872555 -0.020071712970777422 -0.046698011708465909 -0.025253024681874122 0.031413290679655211 0.10330312173713796 -0.080752448534423663 -0.016460555751250123 0.032882400287635394 -0.038789252075366681 0.067139495862415063 0.04004029864602042 0.098874306280055405 0.062242402768872322 -0.025602289233827243 -0.019779040762628226 0.0043490358884265131
leaf_weight=114 150 296 168 67 364 601 5659 9.9999999999999982 2445 424 307 117 2060 504 824 112 44 238 300 15.999999999999998 200 104 493 167 287 184 257
leaf_count=114 150 296 168 67 364 601 5659 10 2445 424 307 117 2060 504 824 112 44 238 300 16 200 104 493 167 287 184 257
model_size=3056
internal_value=0 0.0314632 -0.0179585 0.0152267 -0.0220867 -0.0155074 -0.0113363 0.0617497 0.00742814 0.0590575 0.0167989 0.0398873 -0.0403844 0.00269262 0.0495175 0.05663 -0.00453785 0.012956 0.0454801 0.0771474 0.0383911 0.0780012 0.0877477 0.0896053 -0.0437984 -0.0315458 -0.00978214
internal_weight=0 6000 10512 3906 9396 6911 6023 2094 3316 590 1116 536 2485 2949 1424 419 580 352 367 440 1024 400 670 660 888 228 425
internal_count=16512 6000 10512 3906 9396 6911 6023 2094 3316 590 1116 536 2485 2949 1424 419 580 352 367 440 1024 400 670 660 888 228 425
is_linear=0
shrinkage=0.1


Tree=11
num_leaves= 23
num_cat= 0
full_tree_array_lgbids= 0 1 4 3 2 12 20 10 5 8 13 15 -14 21 -22 11 -12 6 7 9 19 17 14 16 18 -2147483648 -2147483648 -6 -23 -2147483648 -2147483648 -1 -13 -2147483648 -2147483648 -5 -8 -7 -9 -3 -11 -10 -21 -4 -19 -15 -16 -2 -18 -17 -20 -2147483648 -2147483648 -2147483648 -2147483648 -2147483648 -2147483648 -2147483648 -2147483648 -2147483648 -2147483648 -2147483648 -2147483648
split_feature= 1 1 6 6 1 7 8 8 7 8 8 7 6 8 7 7 8 7 8 8 8 3
split_gain= 747.405 265.238 128.126 81.2535 56.111 55.6801 82.9981 76.4671 53.9851 62.9871 42.277 64.3821 38.8198 23.3169 35.0452 12.1383 20.1771 8.51432 5.96118 3.20438 2.57878 3.16582
threshold= 5.6042500000000013 3.6530500000000008 2.6829812717770039 2.2982753493904258 7.2638000000000007 34.455000000000005 -117.675 -120.09499999999998 37.935000000000009 -117.145 -117.145 37.805000000000007 3.0089663118548242 -121.85499999999998 34.525000000000013 37.955000000000005 -117.85499999999998 37.915000000000006 -122.40499999999999 -122.40499999999999 -117.99499999999999 4.9749804381846641
decision_type= 2 2 2 2 2 2 2 2 2 2 2 2 2 2 2 2 2 2 2 2 2 2
left_child=1 3 8 10 12 6 -5 -7 9 -3 11 -1 15 17 -15 16 -2 -4 -17 -10 21 -6
right_child=4 2 13 5 20 7 -8 -9 19 -11 -12 -13 -14 14 -16 18 -18 -19 -20 -21 -22 -23
leaf_value= 0.020394749762868231 0.067805730065042036 0.040858887563983946 0.030175009072334481 -0.0044710280801153511 -0.040618066191673283 -0.025805070632739388 -0.040902927888936236 -0.062676793113215001 0.021363525870706765 -0.045820743655170894 -0.050058195392290755 -0.025318353319608009 0.016128199406001877 -0.00093352550205267845 -0.030898770326265142 0.072946506842970854 0.019735376457094975 -0.0075029114029473726 -0.028802090729105063 -0.026610769224932714 0.051962368355609183 0.084142803444955797
leaf_weight=1140 711 1745 410 2406 9.9999999999999982 2556 1020 874 93 106 195 539 584 1827 737 25 174 225 58 233 214 630
leaf_count=1140 711 1745 410 2406 10 2556 1020 874 93 106 195 539 584 1827 737 25 174 225 58 233 214 630
model_size=2496
internal_value=0 -0.00885719 0.00900928 -0.0198595 0.0519283 -0.0252648 -0.0153177 -0.0352004 0.0285844 0.0358951 -8.4272e-05 0.00571973 0.0394432 -0.00431208 -0.00954678 0.0535093 0.0583546 0.0168246 0.00184508 -0.0129249 0.074618 0.0821934
internal_weight=0 14106 5376 8730 2406 6856 3426 3430 2177 1851 1874 1679 1552 3199 2564 968 885 635 83 326 854 640
internal_count=16512 14106 5376 8730 2406 6856 3426 3430 2177 1851 1874 1679 1552 3199 2564 968 885 635 83 326 854 640
is_linear=0
shrinkage=0.1


Tree=12
num_leaves= 23
num_cat= 0
full_tree_array_lgbids= 0 2 1 3 14 5 7 15 4 16 -16 9 8 12 18 -1 19 6 11 17 -18 -2147483648 -2147483648 -2 10 20 13 -3 -14 21 -20 -2147483648 -2147483648 -17 -21 -5 -8 -6 -13 -4 -19 -2147483648 -2147483648 -2147483648 -2147483648 -2147483648 -2147483648 -2147483648 -2147483648 -11 -12 -7 -22 -10 -15 -2147483648 -2147483648 -2147483648 -2147483648 -9 -23 -2147483648 -2147483648
split_feature= 1 1 7 8 6 6 8 2 8 2 6 7 1 8 7 7 8 7 7 2 7 5
split_gain= 609.951 189.205 95.7256 234.013 98.3311 87.8783 75.0493 35.4116 29.8015 29.3196 23.105 19.0231 18.7912 17.6777 14.3572 10.7556 6.972 13.4554 4.36005 2.71085 0.244854 0.182028
threshold= 4.0612500000000002 5.8308000000000009 37.925000000000004 -122.31499999999998 2.8941056667066012 2.4469862317432325 -117.77499999999999 26.500000000000004 -122.24499999999999 16.500000000000004 2.0653737590585881 34.435000000000009 7.2638000000000007 -117.77499999999999 39.355000000000011 37.755000000000003 -122.38499999999998 38.705000000000005 38.025000000000013 23.500000000000004 37.915000000000006 170.50000000000003
decision_type= 2 2 2 2 2 2 2 2 2 2 2 2 2 2 2 2 2 2 2 2 2 2
left_child=2 5 3 15 6 9 -5 12 20 -2 -11 -6 -3 -10 16 -1 17 -4 21 -17 -7 -9
right_child=1 7 14 4 11 8 -8 18 13 10 -12 -13 -14 -15 -16 19 -18 -19 -20 -21 -22 -23
leaf_value= 0.043263569837586294 0.00093188939510651346 0.024869835481452024 0.015355907423654572 0.0079334189742759215 -0.019281150894754975 0.056999060214427168 -0.026761779457912662 -0.00052802236378192901 0.0047000560529631974 0.084308027038187322 0.037037268869480992 -0.03856450358878992 0.057978450131974404 -0.021656758017395014 -0.054787510816463797 -0.025349908545613288 -0.034148828710984243 -0.044897321225601319 -0.027981973936160406 0.10172624328249209 0.01534282381649945 0.072157460842236815
leaf_weight=155 212 760 200 2756 2786 173 989 25 2362 228 533 1222 459 534 527 9.9999999999999982 1305 112 18 185 129 832
leaf_count=155 212 760 200 2756 2786 173 989 25 2362 228 533 1222 459 534 527 10 1305 112 18 185 129 832
model_size=2496
internal_value=0 0.0248314 -0.0151819 -0.0098944 -0.0136007 0.0121164 -0.00122908 0.0501582 0.0035575 0.0402473 0.0511999 -0.0251605 0.0373365 -0.000159937 -0.0351654 0.0722049 -0.0287703 -0.00627346 0.0680207 0.0952095 0.0392055 0.0700371
internal_weight=0 6265 10247 8103 7753 4171 3745 2094 3198 973 761 4008 1219 2896 2144 350 1617 312 875 195 302 857
internal_count=16512 6265 10247 8103 7753 4171 3745 2094 3198 973 761 4008 1219 2896 2144 350 1617 312 875 195 302 857
is_linear=0
shrinkage=0.1


Tree=13
num_leaves= 21
num_cat= 0
full_tree_array_lgbids= 0 1 2 8 3 4 15 17 14 7 5 9 -6 16 -17 -1 -19 -10 19 18 13 6 11 10 12 -2147483648 -2147483648 -4 -18 -2147483648 -2147483648 -2147483648 -2147483648 -2147483648 -2147483648 -2147483648 -2147483648 -16 -21 -3 -20 -9 -15 -5 -8 -7 -13 -2 -12 -11 -14 -2147483648 -2147483648 -2147483648 -2147483648 -2147483648 -2147483648 -2147483648 -2147483648 -2147483648 -2147483648 -2147483648 -2147483648
split_feature= 1 1 1 6 6 8 7 2 3 7 8 7 8 6 1 1 4 7 8 3
split_gain= 497.291 116.484 105.921 101.871 53.6158 49.712 78.0755 28.8418 27.4349 25.9054 34.8608 25.0668 15.3369 13.1449 10.8544 3.74673 5.57425 2.4462 2.40644 1.37336
threshold= 4.5993500000000003 2.5044000000000004 6.8672000000000013 2.0653737590585881 2.9742256672023202 -117.75499999999998 34.525000000000013 26.500000000000004 3.3654435698213785 37.925000000000004 -117.85499999999998 33.645000000000003 -122.40499999999999 1.6949612205182323 1.8344000000000003 9.1688500000000008 1.0097363099187924 34.045000000000009 -118.29499999999999 4.4797903738713609
decision_type= 2 2 2 2 2 2 2 2 2 2 2 2 2 2 2 2 2 2 2 2
left_child=1 8 4 7 9 6 -5 18 17 10 -2 -7 -11 -9 -10 16 -4 -1 -3 -16
right_child=2 3 15 5 -6 11 -8 13 14 12 -12 -13 -14 -15 19 -17 -18 -19 -20 -21
leaf_value= -0.022813854103758184 0.043870605114975272 0.021543373415593571 0.029633961282703642 0.010426935000530026 0.0027955777526167945 -0.0114612967280063 -0.014547064676183094 0.096215103280314421 -0.041659537581473963 0.046414976313901256 0.0033629967371186565 -0.04757888805905848 -0.025052802510422741 0.0377597261429653 -0.014434583526268301 0.077868785564542603 0.062442898069416268 0.012334055323262981 -0.01748846611779558 -0.0310587362823324
leaf_weight=199 1497 255 281 2551 1415 595 3422 94 1169 78 363 575 194 418 925 304 455 341 169 1212
leaf_count=199 1497 255 281 2551 1415 595 3422 94 1169 78 363 575 194 418 925 304 455 341 169 1212
model_size=2272
internal_value=0 -0.0109033 0.0283457 -0.0037124 0.0196253 -0.00803 -0.00388095 0.029237 -0.0260086 0.0307951 0.0359651 -0.0292114 -0.00455837 0.0484918 -0.0301558 0.0580873 0.0499167 -0.0006186 0.00598587 -0.023863
internal_weight=0 11925 4587 8079 3547 7143 5973 936 3846 2132 1860 1170 272 512 3306 1040 736 540 424 2137
internal_count=16512 11925 4587 8079 3547 7143 5973 936 3846 2132 1860 1170 272 512 3306 1040 736 540 424 2137
is_linear=0
shrinkage=0.1


Tree=14
num_leaves= 23
num_cat= 0
full_tree_array_lgbids= 0 3 1 4 9 2 15 5 -6 11 10 8 7 17 -17 19 6 -2147483648 -2147483648 12 21 13 -12 -2 16 18 14 20 -19 -2147483648 -2147483648 -1 -21 -7 -8 -2147483648 -2147483648 -2147483648 -2147483648 -5 -14 -13 -23 -11 -15 -2147483648 -2147483648 -2147483648 -2147483648 -10 -18 -4 -20 -9 -16 -3 -22 -2147483648 -2147483648 -2147483648 -2147483648 -2147483648 -2147483648
split_feature= 1 1 6 6 7 8 8 8 2 7 8 8 6 7 7 2 7 1 7 2 4 8
split_gain= 407.743 134.506 73.6575 61.1634 65.6849 87.7764 43.2688 30.1176 26.0662 23.0356 45.1704 37.7712 42.3293 34.9393 22.1376 21.1507 21.0946 8.69664 5.43323 2.23983 1.33252 0.0240981
threshold= 3.9221500000000007 5.8308000000000009 2.3055777777777782 2.6067607057324289 37.945000000000007 -122.35499999999998 -117.145 -122.24499999999999 16.500000000000004 34.455000000000005 -120.09499999999998 -117.79499999999999 3.442186331338819 37.915000000000006 37.615000000000002 26.500000000000004 37.805000000000007 9.1688500000000008 37.895000000000003 23.500000000000004 0.97061363405465817 -116.53499999999998
decision_type= 2 2 2 2 2 2 2 2 2 2 2 2 2 2 2 2 2 2 2 2 2 2
left_child=3 2 8 4 5 19 -7 18 -2 11 13 12 -5 -11 -9 17 -10 20 -4 -1 -3 -13
right_child=1 15 7 9 -6 6 -8 14 16 10 -12 21 -14 -15 -16 -17 -18 -19 -20 -21 -22 -23
leaf_value= -0.023597837583376812 0.00046452948653329448 -0.0017812716958909324 0.052838144805322333 0.01267149471227293 -0.025578705010515641 0.0077188766439060781 -0.036102960724247436 0.0043954622781339761 0.065201748258751371 -0.0045716843310284533 -0.052975692450823064 -0.028013861946176628 -0.018874318482624448 -0.035933315876045924 -0.021804755952557472 0.0564146075293189 0.00057640800086578524 0.067999391423926941 0.0099365268057413601 0.091157248973628729 0.030543081977791021 -0.065266585140065711
leaf_weight=12.999999999999998 186 169 233 1009 1051 2193 342 2887 464 1010 736 881 1266 963 634 875 101 139 185 154 911 110
leaf_count=13 186 169 233 1009 1051 2193 342 2887 464 1010 736 881 1266 963 634 875 101 139 185 154 911 110
model_size=2496
internal_value=0 0.0191261 0.00925656 -0.013338 -0.0022839 0.0067771 0.00180682 0.00330415 0.040477 -0.0202812 -0.0288709 -0.0131564 -0.00488323 -0.019879 -0.000322214 0.0412313 0.0536493 0.0303328 0.0338506 0.0822242 0.0254849 -0.0321489
internal_weight=0 6784 4690 9728 3753 2702 2535 3939 751 5975 2709 3266 2275 1973 3521 2094 565 1219 418 167 1080 991
internal_count=16512 6784 4690 9728 3753 2702 2535 3939 751 5975 2709 3266 2275 1973 3521 2094 565 1219 418 167 1080 991
is_linear=0
shrinkage=0.1


Tree=15
num_leaves= 21
num_cat= 0
full_tree_array_lgbids= 0 1 5 7 2 6 17 12 8 3 9 16 13 19 18 15 -14 -9 14 4 -5 11 10 -2 -18 -8 -15 -7 -21 -19 -20 -1 -17 -2147483648 -2147483648 -2147483648 -2147483648 -10 -16 -3 -6 -2147483648 -2147483648 -4 -13 -11 -12 -2147483648 -2147483648 -2147483648 -2147483648 -2147483648 -2147483648 -2147483648 -2147483648 -2147483648 -2147483648 -2147483648 -2147483648 -2147483648 -2147483648 -2147483648 -2147483648
split_feature= 1 1 6 7 8 1 6 3 1 8 7 7 8 2 6 7 7 8 7 7
split_gain= 332.285 99.5726 81.2529 49.7743 69.309 39.675 21.8766 17.3435 12.0302 11.2817 30.8751 29.8573 4.18076 3.73332 2.79156 2.61415 2.16663 1.01906 0.247972 0.173572
threshold= 5.1326000000000009 2.7820000000000005 2.8079590171801518 37.935000000000009 -122.31499999999998 6.8672000000000013 2.5498511575161031 3.6948656981308097 1.9486000000000003 -121.48499999999999 34.655000000000008 37.915000000000006 -118.27499999999999 38.500000000000007 2.3336834733893559 35.335000000000008 37.955000000000005 -117.71499999999999 33.565000000000005 38.155000000000008
decision_type= 2 2 2 2 2 2 2 2 2 2 2 2 2 2 2 2 2 2 2 2
left_child=1 7 3 4 -3 6 16 12 -9 11 -11 -4 15 -8 -10 -1 -2 19 -19 -7
right_child=5 2 9 -5 -6 17 13 8 14 10 -12 -13 -14 -15 -16 -17 -18 18 -20 -21
leaf_value= 0.024076552912242151 0.045938562860918623 0.066819609684481598 0.020826445133977411 -0.01370164267328973 0.01165973402807308 0.054272093039547609 0.010081817504346894 -0.034642507052264793 -0.0027110348279343896 -0.0088805490686341675 -0.037796317643891929 -0.026738740954520276 -0.01734162357408672 0.05141551947338624 -0.021603658886186379 -0.010701239932879655 -0.019838974336162211 0.04661178649875565 -0.020356465421490749 -0.025281817616854347
leaf_weight=312 551 300 544 878 3116 889 1557 1295 603 2276 702 301 510 111 2131 245 40 69 59 23
leaf_count=312 551 300 544 878 3116 889 1557 1295 603 2276 702 301 510 111 2131 245 40 69 59 23
model_size=2272
internal_value=0 -0.00723565 0.000108864 0.0103278 0.016504 0.0289799 0.020329 -0.0189341 -0.022967 -0.0113691 -0.0156968 0.00388311 -0.00370586 0.0128324 -0.0174368 0.00877932 0.0414866 0.0477708 0.0157436 0.0522658
internal_weight=0 13213 8117 4294 3416 3299 2259 5096 4029 3823 2978 845 1067 1668 2734 557 591 1040 128 912
internal_count=16512 13213 8117 4294 3416 3299 2259 5096 4029 3823 2978 845 1067 1668 2734 557 591 1040 128 912
is_linear=0
shrinkage=0.1


Tree=16
num_leaves= 19
num_cat= 0
full_tree_array_lgbids= 0 3 1 4 5 2 16 11 12 6 10 8 17 -3 -18 15 -13 14 -14 7 -8 13 -12 -2 9 -4 -19 -2147483648 -2147483648 -2147483648 -2147483648 -1 -17 -2147483648 -2147483648 -6 -16 -2147483648 -2147483648 -5 -9 -2147483648 -2147483648 -7 -15 -2147483648 -2147483648 -2147483648 -2147483648 -10 -11 -2147483648 -2147483648 -2147483648 -2147483648 -2147483648 -2147483648 -2147483648 -2147483648 -2147483648 -2147483648 -2147483648 -2147483648
split_feature= 1 1 6 7 8 8 7 8 2 6 8 6 8 7 6 7 2 8
split_gain= 271.934 87.5494 58.2979 39.2084 143.968 110.663 99.0773 44.7345 31.2716 44.0677 30.0957 26.5489 19.2382 11.3186 8.77791 8.10245 5.38766 0.839567
threshold= 3.8346500000000003 6.2770500000000009 3.1336552646136835 34.455000000000005 -118.30499999999999 -121.675 38.675000000000004 -122.38499999999998 16.500000000000004 2.0653737590585881 -119.94499999999998 2.5711174242424244 -116.53499999999998 35.955000000000005 3.2358284584328918 34.155000000000008 18.500000000000004 -117.75499999999998
decision_type= 2 2 2 2 2 2 2 2 2 2 2 2 2 2 2 2 2 2
left_child=3 2 8 4 11 6 7 -5 -2 -10 13 15 14 -7 -6 -1 -3 -4
right_child=1 16 17 5 12 10 -8 -9 9 -11 -12 -13 -14 -15 -16 -17 -18 -19
leaf_value= 0.070525541969563829 -0.0037721405936230121 0.022729506354582488 -0.004668144085895643 0.043998921006762733 -0.003431648549489138 0.014471928213002548 -0.041277013406986425 0.00067294156519584199 0.063417882995073394 0.017225730562653134 -0.051074842705864515 0.01256243448472792 -0.054276080552744799 -0.027823231052609587 -0.019628667186946377 0.024792722915009904 0.046436870605666022 -0.029623330042094873
leaf_weight=292 905 545 1218 432 1898 159 523 1165 304 2789 931 510 189 1524 1660 171 991 306
leaf_count=292 905 545 1218 432 1898 159 523 1165 304 2789 931 510 189 1524 1660 171 991 306
model_size=2048
internal_value=0 0.01524 0.00890208 -0.0113776 -0.00383796 -0.0188949 -0.000847343 0.0123929 0.0159849 0.0217658 -0.0335318 0.0321067 -0.0131719 -0.0238274 -0.0109884 0.053635 0.0380251 -0.00967883
internal_weight=0 7058 5522 9454 4720 4734 2120 1597 3998 3093 2614 973 3747 1683 3558 463 1536 1524
internal_count=16512 7058 5522 9454 4720 4734 2120 1597 3998 3093 2614 973 3747 1683 3558 463 1536 1524
is_linear=0
shrinkage=0.1


Tree=17
num_leaves= 18
num_cat= 0
full_tree_array_lgbids= 0 1 5 2 8 6 -7 3 7 14 9 11 -8 -2147483648 -2147483648 15 4 16 -9 -3 -16 10 -11 12 13 -2147483648 -2147483648 -2147483648 -2147483648 -2147483648 -2147483648 -1 -17 -5 -6 -4 -18 -2147483648 -2147483648 -2147483648 -2147483648 -2147483648 -2147483648 -10 -12 -2147483648 -2147483648 -2 -14 -13 -15 -2147483648 -2147483648 -2147483648 -2147483648 -2147483648 -2147483648 -2147483648 -2147483648 -2147483648 -2147483648 -2147483648 -2147483648
split_feature= 1 6 7 8 7 1 4 7 8 7 8 8 7 7 7 7 8
split_gain= 222.286 68.7726 87.8918 107.716 73.2812 19.029 12.2829 9.12916 7.79571 21.7809 12.9542 7.49093 12.3867 11.3565 7.29407 7.19672 6.72198
threshold= 5.2771000000000017 3.1100458715596333 37.915000000000006 -122.31499999999998 34.455000000000005 8.0125000000000011 1.0671403331650682 39.355000000000011 -121.48499999999999 34.885000000000012 -117.79499999999999 -122.02499999999999 37.595000000000006 34.655000000000008 37.895000000000003 37.765000000000008 -122.38499999999998
decision_type= 2 2 2 2 2 2 2 2 2 2 2 2 2 2 2 2 2
left_child=1 2 3 15 -5 6 11 16 14 10 -10 12 -2 -13 -3 -1 -4
right_child=5 8 7 4 -6 -7 -8 -9 9 -11 -12 13 -14 -15 -16 -17 -18
leaf_value= 0.038703822529327775 0.073156188169444511 0.011358953157641606 0.0083233688219498982 0.011494843361713442 -0.013174215095014647 0.047965487787142547 0.039120791263585336 -0.03765157310847974 -0.0083821570990177986 -0.037475057091252102 -0.030046188466333074 0.017544499081236353 0.016170705336070113 -0.011777518819989084 -0.027919462833110944 0.084561727095041533 -0.018739567885683341
leaf_weight=252 131 493 374 4030 2259 548 590 506 2156 887 816 1052 233 429 202 179 1375
leaf_count=252 131 493 374 4030 2259 548 590 506 2156 887 816 1052 233 429 202 179 1375
model_size=1936
internal_value=0 -0.00562657 -2.80872e-05 0.00616869 0.00263375 0.0255186 0.0204668 -0.0184948 -0.01666 -0.0196502 -0.0143303 0.0145016 0.0366792 0.00905082 -5.72195e-05 0.0577492 -0.0129525
internal_weight=0 13529 8975 6720 6289 2983 2435 2255 4554 3859 2972 1845 364 1481 695 431 1749
internal_count=16512 13529 8975 6720 6289 2983 2435 2255 4554 3859 2972 1845 364 1481 695 431 1749
is_linear=0
shrinkage=0.1


Tree=18
num_leaves= 17
num_cat= 0
full_tree_array_lgbids= 0 1 8 2 10 9 -10 4 3 11 -12 12 -11 -2147483648 -2147483648 6 -6 5 7 15 -13 -2147483648 -2147483648 14 13 -2147483648 -2147483648 -2147483648 -2147483648 -2147483648 -2147483648 -1 -8 -2147483648 -2147483648 -4 -7 -5 -9 -3 -17 -2147483648 -2147483648 -2147483648 -2147483648 -2147483648 -2147483648 -2 -16 -14 -15 -2147483648 -2147483648 -2147483648 -2147483648 -2147483648 -2147483648 -2147483648 -2147483648 -2147483648 -2147483648 -2147483648 -2147483648
split_feature= 1 8 7 8 6 7 8 8 1 2 7 8 6 8 5 6
split_gain= 184.274 41.3107 93.8913 116.046 95.2887 87.5234 49.8292 35.5259 33.8058 24.9124 21.4638 26.237 11.2874 6.71241 4.47948 0.863992
threshold= 4.405050000000001 -117.77499999999999 34.525000000000013 -121.63499999999998 3.1336552646136835 38.675000000000004 -118.36499999999999 -119.94499999999998 6.5626000000000007 38.500000000000007 33.695000000000007 -117.145 2.2982753493904258 -122.19499999999998 358.50000000000006 1.6125326273398461
decision_type= 2 2 2 2 2 2 2 2 2 2 2 2 2 2 2 2
left_child=1 2 4 5 6 -4 -1 -5 9 12 11 15 14 -14 -2 -3
right_child=8 10 3 7 -6 -7 -8 -9 -10 -11 -12 -13 13 -15 -16 -17
leaf_value= 0.053730481087603033 -0.047765214401962505 -0.047361914481262903 0.012628703549122201 -0.018718800749316998 -0.0088472731617330377 -0.035323161543128145 0.013773623161961191 -0.047164627563271957 0.033298623421930261 0.035752604338204756 -0.037332438586327642 -0.024859771764249351 0.031747492365725341 0.00077155357045698332 0.039713823576501592 0.021846016133255416
leaf_weight=567 28 37 2146 1891 1844 564 1444 937 1288 549 914 705 250 2666 319 363
leaf_count=567 28 37 2146 1891 1844 564 1444 937 1288 549 914 705 250 2666 319 363
model_size=1824
internal_value=0 -0.00734682 -0.00408513 -0.0130754 0.00883007 0.00264905 0.0250394 -0.0281437 0.0164396 0.0107433 -0.0225212 -0.0102701 0.00653543 0.00342724 0.032655 0.0154443
internal_weight=0 11412 9393 5538 3855 2710 2011 2828 5100 3812 2019 1105 3263 2916 347 400
internal_count=16512 11412 9393 5538 3855 2710 2011 2828 5100 3812 2019 1105 3263 2916 347 400
is_linear=0
shrinkage=0.1


Tree=19
num_leaves= 14
num_cat= 0
full_tree_array_lgbids= 0 1 11 2 9 12 -13 4 3 10 -11 -2 -14 -2147483648 -2147483648 5 8 6 7 -3 -12 -2147483648 -2147483648 -2147483648 -2147483648 -2147483648 -2147483648 -2147483648 -2147483648 -2147483648 -2147483648 -1 -7 -6 -10 -4 -8 -5 -9 -2147483648 -2147483648 -2147483648 -2147483648 -2147483648 -2147483648 -2147483648 -2147483648 -2147483648 -2147483648 -2147483648 -2147483648 -2147483648 -2147483648 -2147483648 -2147483648 -2147483648 -2147483648 -2147483648 -2147483648 -2147483648 -2147483648 -2147483648 -2147483648
split_feature= 1 8 7 8 8 7 7 8 6 7 8 6 4
split_gain= 147.647 51.6143 92.1603 155.239 120.045 97.955 88.5495 41.212 33.8735 28.3963 28.6751 11.9691 4.96985
threshold= 5.5682000000000009 -117.50499999999998 34.525000000000013 -121.56499999999998 -118.35499999999998 34.155000000000008 38.675000000000004 -119.94499999999998 3.442186331338819 33.915000000000006 -117.16499999999998 3.1424162072895592 1.0003353454057682
decision_type= 2 2 2 2 2 2 2 2 2 2 2 2 2
left_child=1 2 4 6 5 -1 -4 -5 -6 10 -3 12 -2
right_child=11 9 3 7 8 -7 -8 -9 -10 -11 -12 -13 -14
leaf_value= 0.077466353193093335 0.014689196244531091 0.015725300174473135 0.012828294995576126 -0.017263370323985349 0.0088822803488893733 0.014588603751489862 -0.031433235291350524 -0.045910827732432789 -0.014160893903715902 -0.04316951763722357 -0.022629413569473237 0.0062091770551459266 0.037458860742573409
leaf_weight=466 587 427 2994 2030 2598 748 646 1049 1451 617 1018 658 1223
leaf_count=466 587 427 2994 2030 2598 748 646 1049 1451 617 1018 658 1223
model_size=1488
internal_value=0 -0.00416693 -0.00129884 -0.0096894 0.00941294 0.0387245 0.00497309 -0.0270234 0.000624526 -0.020833 -0.0112955 0.0237117 0.0300744
internal_weight=0 14044 11982 6719 5263 1214 3640 3079 4049 2062 1445 2468 1810
internal_count=16512 14044 11982 6719 5263 1214 3640 3079 4049 2062 1445 2468 1810
is_linear=0
shrinkage=0.1


end of trees

feature_importances:
Column_7=108
Column_1=97
Column_8=96
Column_6=89
Column_2=59
Column_3=17
Column_5=12
Column_4=9

parameters:
[boosting: gbdt]
[objective: regression]
[metric: rmse]
[tree_learner: serial]
[device_type: cpu]
[data_sample_strategy: bagging]
[data: data/california_housing.libsvm.train]
[valid: data/california_housing.libsvm.test]
[num_iterations: 20]
[learning_rate: 0.1]
[num_leaves: 255]
[num_threads: 0]
[seed: 42]
[deterministic: 0]
[force_col_wise: 0]
[force_row_wise: 0]
[histogram_pool_size: -1]
[max_depth: 5]
[min_data_in_leaf: 10]
[min_sum_hessian_in_leaf: 0.001]
[bagging_fraction: 1]
[pos_bagging_fraction: 1]
[neg_bagging_fraction: 1]
[bagging_freq: 0]
[bagging_seed: 400]
[feature_fraction: 1]
[feature_fraction_bynode: 1]
[feature_fraction_seed: 30056]
[extra_trees: 0]
[extra_seed: 12879]
[early_stopping_round: 0]
[early_stopping_min_delta: 0]
[first_metric_only: 0]
[max_delta_step: 0]
[lambda_l1: 0]
[lambda_l2: 0]
[linear_lambda: 0]
[min_gain_to_split: 0]
[drop_rate: 0.1]
[max_drop: 50]
[skip_drop: 0.5]
[xgboost_dart_mode: 0]
[uniform_drop: 0]
[drop_seed: 17869]
[top_rate: 0.2]
[other_rate: 0.1]
[min_data_per_group: 100]
[max_cat_threshold: 32]
[cat_l2: 10]
[cat_smooth: 10]
[max_cat_to_onehot: 4]
[top_k: 20]
[monotone_constraints: ]
[monotone_constraints_method: basic]
[monotone_penalty: 0]
[feature_contri: ]
[forcedsplits_filename: ]
[refit_decay_rate: 0.9]
[tinygbdt_penalty_feature: 0.5]
[tinygbdt_penalty_split: 0.015625]
[tinygbdt_forestsize: 64000]
[tinygbdt_precision: 7]
[cegb_tradeoff: 1]
[cegb_penalty_split: 0]
[cegb_penalty_feature_lazy: ]
[cegb_penalty_feature_coupled: ]
[path_smooth: 0]
[interaction_constraints: ]
[verbosity: 2]
[saved_feature_importance_type: 0]
[use_quantized_grad: 0]
[num_grad_quant_bins: 4]
[quant_train_renew_leaf: 0]
[stochastic_rounding: 1]
[linear_tree: 0]
[max_bin: 255]
[max_bin_by_feature: ]
[min_data_in_bin: 3]
[bin_construct_sample_cnt: 200000]
[data_random_seed: 175]
[is_enable_sparse: 1]
[enable_bundle: 1]
[use_missing: 1]
[zero_as_missing: 0]
[feature_pre_filter: 1]
[pre_partition: 0]
[two_round: 0]
[header: 0]
[label_column: ]
[weight_column: ]
[group_column: ]
[ignore_column: ]
[categorical_feature: ]
[forcedbins_filename: ]
[precise_float_parser: 0]
[parser_config_file: ]
[objective_seed: 16083]
[num_class: 1]
[is_unbalance: 0]
[scale_pos_weight: 1]
[sigmoid: 1]
[boost_from_average: 1]
[reg_sqrt: 0]
[alpha: 0.9]
[fair_c: 1]
[poisson_max_delta_step: 0.7]
[tweedie_variance_power: 1.5]
[lambdarank_truncation_level: 30]
[lambdarank_norm: 1]
[label_gain: ]
[lambdarank_position_bias_regularization: 0]
[eval_at: ]
[multi_error_top_k: 1]
[auc_mu_weights: ]
[num_machines: 1]
[local_listen_port: 12400]
[time_out: 120]
[machine_list_filename: ]
[machines: ]
[gpu_platform_id: -1]
[gpu_device_id: -1]
[gpu_use_dp: 0]
[num_gpu: 1]

end of parameters
