tree
version=v4
num_class=1
num_tree_per_iteration=1
label_index=0
max_feature_idx=8
objective=regression
feature_names=Column_0 Column_1 Column_2 Column_3 Column_4 Column_5 Column_6 Column_7 Column_8
feature_infos=none [0.49990000000000001:15.0001] [1:52] [0.88888888888888884:141.90909090909091] [0.33333333333333331:25.63636363636364] [3:35682] [0.69230769230769229:1243.333333333333] [32.549999999999997:41.950000000000003] [-124.34999999999999:-114.31]
tree_sizes=2495 2055 1710 987 985 791 720 723 983 489 654 924 375 378 375 378 659 378

Tree=0
num_leaves= 24
num_cat= 0
full_tree_array_lgbids= 0 1 2 5 3 4 10 9 11 6 7 13 12 19 -12 15 14 -7 20 22 8 17 16 -2 18 -6 21 -4 -21 -2147483648 -2147483648 -1 -17 -11 -16 -2147483648 -2147483648 -13 -22 -3 -24 -8 -10 -5 -19 -9 -18 -2147483648 -2147483648 -15 -20 -2147483648 -2147483648 -14 -23 -2147483648 -2147483648 -2147483648 -2147483648 -2147483648 -2147483648 -2147483648 -2147483648
split_feature= 1 1 1 6 6 3 2 1 7 1 1 1 1 2 6 3 6 2 6 2 6 2 1
split_gain= 6972.71 1668.21 1275.18 957.385 410.531 299.448 211.12 190.044 158.472 154.27 135.326 110.189 96.1315 82.9418 78.049 76.5762 74.7516 54.6441 52.7549 36.6219 28.3056 3.04637 2.27291
threshold= 5.0387000000000013 3.0679500000000002 6.8672000000000013 2.3489548886254448 2.671038674349933 4.3101408005062494 24.500000000000004 4.0775500000000013 37.815000000000005 2.2210000000000005 7.852450000000001 2.4115000000000006 5.7307500000000013 19.500000000000004 2.4907552973342448 3.449226804123712 2.9005380231986346 43.500000000000007 2.0653737590585881 26.500000000000004 2.2906328481453726 27.500000000000004 3.5330000000000008
decision_type= 2 2 2 2 2 2 2 2 2 2 2 2 2 2 2 2 2 2 2 2 2 2 2
left_child=1 5 4 6 13 9 22 17 -8 15 19 -7 -6 -2 -11 -1 -9 -5 -15 -4 -13 -14 -3
right_child=2 3 10 7 12 11 8 16 -10 14 -12 20 21 18 -16 -17 -18 -19 -20 -21 -22 -23 -24
leaf_value= 2.0405687631288161 2.1558599736411375 2.0619325518895399 2.2105021416414852 2.0293758741925956 2.0994046620642437 1.961879457681825 2.1984147209355398 2.1002101309481218 2.0795283240852767 2.0970408790997888 2.3227113326055062 2.043693994763716 2.1410397950488846 2.3293276008777508 2.0327038778370752 1.9814897297846104 2.055796547371648 2.080533949453383 2.2183144165789459 2.2958198799055269 1.9920349409095919 2.1974100577568745 2.1119780300641722
leaf_weight=503 248 198 263 2717 828 1830 733 1016 163 430 609 309 586 91 767 899 1158 377 572 168 1491 187 369
leaf_count=503 248 198 263 2717 828 1830 733 1016 163 430 609 309 586 91 767 899 1158 377 572 168 1491 187 369
model_size=2608
internal_value=2.07195 2.03789 2.19622 2.07259 2.15739 2.00039 2.1449 2.05251 2.17679 2.02716 2.28999 1.98123 2.12609 2.2124 2.05582 2.00269 2.07655 2.03561 2.23355 2.24376 2.0009 2.15468 2.0945
internal_weight=0 12960 3552 6731 2512 6229 1463 5268 896 2599 1040 3630 1601 911 1197 1402 2174 3094 663 431 1800 773 567
internal_count=16512 12960 3552 6731 2512 6229 1463 5268 896 2599 1040 3630 1601 911 1197 1402 2174 3094 663 431 1800 773 567
is_linear=0
shrinkage=1


Tree=1
num_leaves= 16
num_cat= 0
full_tree_array_lgbids= 0 1 2 5 3 4 10 13 6 7 8 -2 -6 -4 -12 14 -15 9 11 -3 12 -5 -10 -2147483648 -2147483648 -2147483648 -2147483648 -2147483648 -2147483648 -2147483648 -2147483648 -1 -16 -2147483648 -2147483648 -7 -11 -8 -13 -2147483648 -2147483648 -9 -14 -2147483648 -2147483648 -2147483648 -2147483648 -2147483648 -2147483648 -2147483648 -2147483648 -2147483648 -2147483648 -2147483648 -2147483648 -2147483648 -2147483648 -2147483648 -2147483648 -2147483648 -2147483648 -2147483648 -2147483648
split_feature= 1 1 1 6 6 6 7 2 1 8 1 8 6 7 8
split_gain= 5553.18 1352.71 836.76 720.57 212.982 199.993 114.767 107.228 59.7377 56.928 21.6359 20.706 18.8216 0.893237 0.341716
threshold= 5.1326000000000009 3.1792500000000001 6.8672000000000013 2.2982753493904258 2.7472725830126556 2.1628386478062818 34.455000000000005 19.500000000000004 4.1119000000000012 -117.77499999999999 8.4454500000000028 -121.63499999999998 1.9628175980828908 37.935000000000009 -118.24499999999999
decision_type= 2 2 2 2 2 2 2 2 2 2 2 2 2 2 2
left_child=1 5 4 7 -2 13 9 -3 -5 -7 -4 -8 -9 14 -1
right_child=2 3 10 8 -6 6 11 12 -10 -11 -12 -13 -14 -15 -16
leaf_value= 0.044212795523989122 0.12563831954225987 0.013255709789693357 0.16615904289425174 -0.028688351000306912 0.04852269837885112 -0.032210635428670552 -0.062462490478324945 0.16254536505971776 0.0081929595094841663 -0.085917485510147135 0.23959604986930186 -0.10769764557730593 0.077517444901220187 -0.072313752364443276 -0.038986216597130072
leaf_weight=447 946 350 614 2900 1313 1871 1128 305 2330 928 426 1827 539 245 343
leaf_count=447 946 350 614 2900 1313 1871 1128 305 2330 928 426 1827 539 245 343
model_size=1712
internal_value=0 -0.0292631 0.117203 0.00496437 0.0808164 -0.0616504 -0.0707714 0.0804001 -0.0122575 -0.050017 0.19624 -0.0904302 0.108244 -0.010943 0.00808968
internal_weight=0 13213 3299 6424 2259 6789 5754 1194 5230 2799 1040 2955 844 1035 790
internal_count=16512 13213 3299 6424 2259 6789 5754 1194 5230 2799 1040 2955 844 1035 790
is_linear=0
shrinkage=0.1


Tree=2
num_leaves= 11
num_cat= 0
full_tree_array_lgbids= 0 1 3 4 2 7 -5 -1 8 6 5 -2 -9 -2147483648 -2147483648 -2147483648 -2147483648 -6 -10 -3 9 -4 -7 -2147483648 -2147483648 -2147483648 -2147483648 -2147483648 -2147483648 -2147483648 -2147483648 -2147483648 -2147483648 -2147483648 -2147483648 -2147483648 -2147483648 -2147483648 -2147483648 -2147483648 -2147483648 -8 -11 -2147483648 -2147483648 -2147483648 -2147483648 -2147483648 -2147483648 -2147483648 -2147483648 -2147483648 -2147483648 -2147483648 -2147483648 -2147483648 -2147483648 -2147483648 -2147483648 -2147483648 -2147483648 -2147483648 -2147483648
split_feature= 1 1 6 1 6 1 2 6 7 7
split_gain= 4471.09 1309.11 594.083 310.421 86.1182 50.788 41.7545 26.0265 15.6556 11.0549
threshold= 5.6042500000000013 3.1913000000000005 2.4136952392348086 7.7055000000000016 2.1628386478062818 4.5301500000000017 20.500000000000004 2.6529733204757315 34.455000000000005 37.995000000000012
decision_type= 2 2 2 2 2 2 2 2 2 2
left_child=1 4 6 7 -1 -4 -3 -2 -6 -8
right_child=3 2 5 -5 8 -7 9 -9 -10 -11
leaf_value= -0.0093676482446825998 0.14943713848413623 0.013842301258312126 -0.023639983606155778 0.20027107283969953 -0.044775740957671659 0.018888643805361687 0.10233980078167536 0.076761727893069953 -0.081106671132386926 -0.034090997476493363
leaf_weight=1042 569 536 3579 670 2830 1904 1120 1167 2982 113
leaf_count=1042 569 536 3579 670 2830 1904 1120 1167 2982 113
model_size=1152
internal_value=0 -0.0218908 0.00958966 0.128343 -0.0551994 -0.0088717 0.0668105 0.100582 -0.0634163 0.0898364
internal_weight=0 14106 7252 2406 6854 5483 1769 1736 5812 1233
internal_count=16512 14106 7252 2406 6854 5483 1769 1736 5812 1233
is_linear=0
shrinkage=0.1


Tree=3
num_leaves= 6
num_cat= 0
full_tree_array_lgbids= 0 1 3 -1 2 -2 -5 -2147483648 -2147483648 -3 4 -2147483648 -2147483648 -2147483648 -2147483648 -2147483648 -2147483648 -2147483648 -2147483648 -2147483648 -2147483648 -4 -6 -2147483648 -2147483648 -2147483648 -2147483648 -2147483648 -2147483648 -2147483648 -2147483648
split_feature= 1 1 6 1 1
split_gain= 3558.67 869.639 447.35 350.807 8.46273
threshold= 5.2771000000000017 2.7820000000000005 2.2634687595142249 6.3963500000000009 4.0612500000000002
decision_type= 2 2 2 2 2
left_child=1 -1 -3 -2 -4
right_child=3 2 4 -5 -6
leaf_value= -0.058727282639575988 0.060655035008139103 0.059909634751653146 -0.028068020737304786 0.14734170026803473 0.0082271709921624813
leaf_weight=5096 1571 1485 4138 1412 2810
leaf_count=5096 1571 1485 4138 1412 2810
model_size=592
internal_value=0 -0.0224211 -0.000481597 0.101688 -0.013389
internal_weight=0 13529 8433 2983 6948
internal_count=16512 13529 8433 2983 6948
is_linear=0
shrinkage=0.1


Tree=4
num_leaves= 6
num_cat= 0
full_tree_array_lgbids= 0 1 2 -1 3 -2 -4 -2147483648 -2147483648 4 -5 -2147483648 -2147483648 -2147483648 -2147483648 -2147483648 -2147483648 -2147483648 -2147483648 -3 -6 -2147483648 -2147483648 -2147483648 -2147483648 -2147483648 -2147483648 -2147483648 -2147483648 -2147483648 -2147483648
split_feature= 1 1 1 6 7
split_gain= 2842.59 541.953 365.945 275.641 2.50192
threshold= 5.0387000000000013 2.7820000000000005 6.3350000000000009 2.4469862317432325 37.935000000000009
decision_type= 2 2 2 2 2
left_child=1 -1 -2 4 -3
right_child=2 3 -4 -5 -6
leaf_value= -0.052854554416013548 0.04793157413065402 0.052143155125190334 0.13092389923615635 -0.018761744993614923 -0.035306801151296974
leaf_weight=5096 2078 1839 1474 5657 368
leaf_count=5096 2078 1839 1474 5657 368
model_size=592
internal_value=0 -0.0225759 0.0823715 -0.00295484 0.0375616
internal_weight=0 12960 3552 7864 2207
internal_count=16512 12960 3552 7864 2207
is_linear=0
shrinkage=0.1


Tree=5
num_leaves= 6
num_cat= 0
full_tree_array_lgbids= 0 2 1 -1 3 4 -3 -2147483648 -2147483648 -4 -5 -2 -6 -2147483648 -2147483648
split_feature= 1 1 1 6 6
split_gain= 2282.78 436.828 241.807 178.114 65.5059
threshold= 4.5301500000000017 6.3350000000000009 2.5205000000000006 2.0653737590585881 2.735488224282792
decision_type= 2 2 2 2 2
left_child=2 4 -1 -4 -2
right_child=1 -3 3 -5 -6
leaf_value= -0.053733549152864414 0.073071895046744315 0.11783151009908732 0.053565333999410214 -0.019021829729762855 0.010746103341719958
leaf_weight=3911 1343 1474 911 6914 1959
leaf_count=3911 1343 1474 911 6914 1959
model_size=592
internal_value=0 0.0613214 -0.0249549 -0.0105711 0.0360954
internal_weight=0 4776 11736 7825 3302
internal_count=16512 4776 11736 7825 3302
is_linear=0
shrinkage=0.1


Tree=6
num_leaves= 5
num_cat= 0
full_tree_array_lgbids= 0 1 3 -1 2 -2 -5 -2147483648 -2147483648 -3 -4 -2147483648 -2147483648 -2147483648 -2147483648
split_feature= 1 1 6 1
split_gain= 1818.15 492.591 142.515 18.1887
threshold= 5.6042500000000013 3.5488500000000003 2.6829812717770039 7.7055000000000016
decision_type= 2 2 2 2
left_child=1 -1 -3 -2
right_child=3 2 -4 -5
leaf_value= -0.03405519145030169 0.064775565824209083 0.044357222907492944 -0.0091509679077344443 0.14063425369154134
leaf_weight=8270 1736 2399 3437 670
leaf_count=8270 1736 2399 3437 670
model_size=480
internal_value=0 -0.0146516 0.0128446 0.0859
internal_weight=0 14106 5836 2406
internal_count=16512 14106 5836 2406
is_linear=0
shrinkage=0.1


Tree=7
num_leaves= 5
num_cat= 0
full_tree_array_lgbids= 0 2 1 -1 -4 3 -3 -2147483648 -2147483648 -2147483648 -2147483648 -2 -5 -2147483648 -2147483648
split_feature= 1 1 6 6
split_gain= 1431.05 289.987 55.7918 37.804
threshold= 4.125700000000001 6.2770500000000009 2.0376051459673437 2.5288691539219195
decision_type= 2 2 2 2
left_child=2 3 -1 -2
right_child=1 -3 -4 -5
leaf_value= 0.026045240905413672 0.067646356761215137 0.094893289768973932 -0.030549544458244229 0.0081146495483391482
leaf_weight=1165 1230 1536 9347 3234
leaf_count=1165 1230 1536 9347 3234
model_size=480
internal_value=0 0.042534 -0.0242774 0.0245179
internal_weight=0 6000 10512 4464
internal_count=16512 6000 10512 4464
is_linear=0
shrinkage=0.1


Tree=8
num_leaves= 6
num_cat= 0
full_tree_array_lgbids= 0 2 1 3 -4 -2 -3 -1 4 -2147483648 -2147483648 -2147483648 -2147483648 -2147483648 -2147483648 -2147483648 -2147483648 -5 -6 -2147483648 -2147483648 -2147483648 -2147483648 -2147483648 -2147483648 -2147483648 -2147483648 -2147483648 -2147483648 -2147483648 -2147483648
split_feature= 1 1 7 8 6
split_gain= 1112.64 86.183 73.9878 382.483 50.6083
threshold= 4.6754000000000007 7.3930000000000016 37.925000000000004 -122.31499999999998 2.8396278889382178
decision_type= 2 2 2 2 2
left_child=2 -2 3 -1 -5
right_child=1 -3 -4 4 -6
leaf_value= 0.1072691460646335 0.034692868296381074 0.11120707371875804 -0.052358233417002457 0.0060385588453214243 -0.033041460053388656
leaf_weight=480 3586 793 2426 4294 4933
leaf_count=480 3586 793 2426 4294 4933
model_size=592
internal_value=0 0.0485489 -0.0175221 -0.00881578 -0.0148547
internal_weight=0 4379 12133 9707 9227
internal_count=16512 4379 12133 9707 9227
is_linear=0
shrinkage=0.1


Tree=9
num_leaves= 3
num_cat= 0
full_tree_array_lgbids= 0 -1 1 -2147483648 -2147483648 -2 -3
split_feature= 1 1
split_gain= 862.793 136.247
threshold= 3.8346500000000003 5.8308000000000009
decision_type= 2 2
left_child=-1 -2
right_child=1 -3
leaf_value= -0.02306658094914003 0.014456398153150907 0.069871010507303835
leaf_weight=9454 4964 2094
leaf_count=9454 4964 2094
model_size=256
internal_value=0 0.0308971
internal_weight=0 7058
internal_count=16512 7058
is_linear=0
shrinkage=0.1


Tree=10
num_leaves= 4
num_cat= 0
full_tree_array_lgbids= 0 -1 1 -2147483648 -2147483648 2 -3 -2147483648 -2147483648 -2147483648 -2147483648 -2 -4 -2147483648 -2147483648
split_feature= 1 1 6
split_gain= 636.687 77.3557 37.3803
threshold= 3.6530500000000008 7.2638000000000007 2.5763869593405579
decision_type= 2 2 2
left_child=-1 2 -2
right_child=1 -3 -4
leaf_value= -0.022773488170005858 0.051617264458323521 0.090392293291088999 0.0020714165008740965
leaf_weight=8730 2165 854 4763
leaf_count=8730 2165 854 4763
model_size=368
internal_value=0 0.0255477 0.0175545
internal_weight=0 7782 6928
internal_count=16512 7782 6928
is_linear=0
shrinkage=0.1


Tree=11
num_leaves= 5
num_cat= 0
full_tree_array_lgbids= 0 1 -2 2 -3 -2147483648 -2147483648 -1 3 -2147483648 -2147483648 -2147483648 -2147483648 -2147483648 -2147483648 -2147483648 -2147483648 -4 -5 -2147483648 -2147483648 -2147483648 -2147483648 -2147483648 -2147483648 -2147483648 -2147483648 -2147483648 -2147483648 -2147483648 -2147483648
split_feature= 1 7 8 6
split_gain= 484.342 13.4653 237.147 3.29625
threshold= 5.3736000000000006 37.915000000000006 -122.31499999999998 2.9137341371666818
decision_type= 2 2 2 2
left_child=1 2 -1 -4
right_child=-2 -3 3 -5
leaf_value= 0.097285261465296854 0.049459784813890503 -0.042699192775474105 0.01035540286681768 -0.025937117733296152
leaf_weight=556 2793 2673 5345 5145
leaf_count=556 2793 2673 5345 5145
model_size=480
internal_value=0 -0.0100693 -0.0021733 -0.00744488
internal_weight=0 13719 11046 10490
internal_count=16512 13719 11046 10490
is_linear=0
shrinkage=0.1


Tree=12
num_leaves= 2
num_cat= 0
full_tree_array_lgbids= 0 -1 -2
split_feature= 1
split_gain= 330.283
threshold= 3.9004500000000006
decision_type= 2
left_child=-1
right_child=-2
leaf_value= -0.017145025466939658 0.024171182995212995
leaf_weight=9660 6852
leaf_count=9660 6852
model_size=144
internal_value=0
internal_weight=0
internal_count=16512
is_linear=0
shrinkage=0.1


Tree=13
num_leaves= 2
num_cat= 0
full_tree_array_lgbids= 0 -1 -2
split_feature= 1
split_gain= 261.657
threshold= 5.8308000000000009
decision_type= 2
left_child=-1
right_child=-2
leaf_value= -0.0073945437629744596 0.050914293538127237
leaf_weight=14418 2094
leaf_count=14418 2094
model_size=144
internal_value=0
internal_weight=0
internal_count=16512
is_linear=0
shrinkage=0.1


Tree=14
num_leaves= 2
num_cat= 0
full_tree_array_lgbids= 0 -1 -2
split_feature= 1
split_gain= 167.319
threshold= 3.3941500000000002
decision_type= 2
left_child=-1
right_child=-2
leaf_value= -0.019213136954812575 0.016747792367171128
leaf_weight=7690 8822
leaf_count=7690 8822
model_size=144
internal_value=0
internal_weight=0
internal_count=16512
is_linear=0
shrinkage=0.1


Tree=15
num_leaves= 2
num_cat= 0
full_tree_array_lgbids= 0 -1 -2
split_feature= 1
split_gain= 97.4068
threshold= 5.8308000000000009
decision_type= 2
left_child=-1
right_child=-2
leaf_value= -0.0064118524760066438 0.044148084620972264
leaf_weight=14418 2094
leaf_count=14418 2094
model_size=144
internal_value=0
internal_weight=0
internal_count=16512
is_linear=0
shrinkage=0.1


Tree=16
num_leaves= 4
num_cat= 0
full_tree_array_lgbids= 0 1 -2 2 -3 -2147483648 -2147483648 -1 -4 -2147483648 -2147483648 -2147483648 -2147483648 -2147483648 -2147483648
split_feature= 7 6 8
split_gain= 51.5755 173.805 116.333
threshold= 37.925000000000004 3.0375944537846187 -117.77499999999999
decision_type= 2 2 2
left_child=1 2 -1
right_child=-2 -3 -4
leaf_value= 0.036604312467703293 -0.03491318009922191 -0.016988173810588505 -0.023701472106467857
leaf_weight=6413 2882 5501 1716
leaf_count=6413 2882 5501 1716
model_size=368
internal_value=0 0.00738223 0.023874
internal_weight=0 13630 8129
internal_count=16512 13630 8129
is_linear=0
shrinkage=0.1


Tree=17
num_leaves= 2
num_cat= 0
full_tree_array_lgbids= 0 -1 -2
split_feature= 1
split_gain= 12.9907
threshold= 2.5894500000000007
decision_type= 2
left_child=-1
right_child=-2
leaf_value= -0.026362676443986634 0.0091199215972322025
leaf_weight=4244 12268
leaf_count=4244 12268
model_size=144
internal_value=0
internal_weight=0
internal_count=16512
is_linear=0
shrinkage=0.1


end of trees

feature_importances:
Column_1=45
Column_6=24
Column_7=9
Column_2=7
Column_8=6
Column_3=2

parameters:
[boosting: gbdt]
[objective: regression]
[metric: rmse]
[tree_learner: serial]
[device_type: cpu]
[data_sample_strategy: bagging]
[data: data/california_housing.libsvm.train]
[valid: data/california_housing.libsvm.test]
[num_iterations: 100]
[learning_rate: 0.1]
[num_leaves: 255]
[num_threads: 0]
[seed: 42]
[deterministic: 0]
[force_col_wise: 0]
[force_row_wise: 0]
[histogram_pool_size: -1]
[max_depth: 5]
[min_data_in_leaf: 10]
[min_sum_hessian_in_leaf: 0.001]
[bagging_fraction: 1]
[pos_bagging_fraction: 1]
[neg_bagging_fraction: 1]
[bagging_freq: 0]
[bagging_seed: 400]
[feature_fraction: 1]
[feature_fraction_bynode: 1]
[feature_fraction_seed: 30056]
[extra_trees: 0]
[extra_seed: 12879]
[early_stopping_round: 0]
[early_stopping_min_delta: 0]
[first_metric_only: 0]
[max_delta_step: 0]
[lambda_l1: 0]
[lambda_l2: 0]
[linear_lambda: 0]
[min_gain_to_split: 0]
[drop_rate: 0.1]
[max_drop: 50]
[skip_drop: 0.5]
[xgboost_dart_mode: 0]
[uniform_drop: 0]
[drop_seed: 17869]
[top_rate: 0.2]
[other_rate: 0.1]
[min_data_per_group: 100]
[max_cat_threshold: 32]
[cat_l2: 10]
[cat_smooth: 10]
[max_cat_to_onehot: 4]
[top_k: 20]
[monotone_constraints: ]
[monotone_constraints_method: basic]
[monotone_penalty: 0]
[feature_contri: ]
[forcedsplits_filename: ]
[refit_decay_rate: 0.9]
[tinygbdt_penalty_feature: 2]
[tinygbdt_penalty_split: 2]
[tinygbdt_forestsize: 64000]
[tinygbdt_precision: 7]
[cegb_tradeoff: 1]
[cegb_penalty_split: 0]
[cegb_penalty_feature_lazy: ]
[cegb_penalty_feature_coupled: ]
[path_smooth: 0]
[interaction_constraints: ]
[verbosity: 2]
[saved_feature_importance_type: 0]
[use_quantized_grad: 0]
[num_grad_quant_bins: 4]
[quant_train_renew_leaf: 0]
[stochastic_rounding: 1]
[linear_tree: 0]
[max_bin: 255]
[max_bin_by_feature: ]
[min_data_in_bin: 3]
[bin_construct_sample_cnt: 200000]
[data_random_seed: 175]
[is_enable_sparse: 1]
[enable_bundle: 1]
[use_missing: 1]
[zero_as_missing: 0]
[feature_pre_filter: 1]
[pre_partition: 0]
[two_round: 0]
[header: 0]
[label_column: ]
[weight_column: ]
[group_column: ]
[ignore_column: ]
[categorical_feature: ]
[forcedbins_filename: ]
[precise_float_parser: 0]
[parser_config_file: ]
[objective_seed: 16083]
[num_class: 1]
[is_unbalance: 0]
[scale_pos_weight: 1]
[sigmoid: 1]
[boost_from_average: 1]
[reg_sqrt: 0]
[alpha: 0.9]
[fair_c: 1]
[poisson_max_delta_step: 0.7]
[tweedie_variance_power: 1.5]
[lambdarank_truncation_level: 30]
[lambdarank_norm: 1]
[label_gain: ]
[lambdarank_position_bias_regularization: 0]
[eval_at: ]
[multi_error_top_k: 1]
[auc_mu_weights: ]
[num_machines: 1]
[local_listen_port: 12400]
[time_out: 120]
[machine_list_filename: ]
[machines: ]
[gpu_platform_id: -1]
[gpu_device_id: -1]
[gpu_use_dp: 0]
[num_gpu: 1]

end of parameters
