tree
version=v4
num_class=1
num_tree_per_iteration=1
label_index=0
max_feature_idx=21
objective=binary sigmoid:1
feature_names=Column_0 Column_1 Column_2 Column_3 Column_4 Column_5 Column_6 Column_7 Column_8 Column_9 Column_10 Column_11 Column_12 Column_13 Column_14 Column_15 Column_16 Column_17 Column_18 Column_19 Column_20 Column_21
feature_infos=[0:5] [0:3] [0:9] [0:1] [0:8] [0:1] [0:1] [0:1] [0:11] [0:1] [0:4] [0:3] [0:3] [0:8] [0:8] none [0:3] [0:2] [0:4] [0:8] [0:5] [0:6]
tree_sizes=2154 2155 2230 2136 2229 2144 2229 2151 2232 2233 2151 2140 2152 2149 2151 2315 2145 2145 2145 2056 2139 2316 2141 2062 2324 2327 2420 2329 2333 2245 2152 2250 2252 1983 2159 2162 1982 2248 1890 1550

Tree=0
num_leaves= 14
num_cat= 0
full_tree_array_lgbids= 0 1 2 5 9 4 3 -1 -7 11 10 -2 -6 7 6 -2147483648 -2147483648 -2147483648 -2147483648 -3 -13 -11 -12 -2147483648 -2147483648 -2147483648 -2147483648 -4 12 8 -8 -2147483648 -2147483648 -2147483648 -2147483648 -2147483648 -2147483648 -2147483648 -2147483648 -2147483648 -2147483648 -2147483648 -2147483648 -2147483648 -2147483648 -2147483648 -2147483648 -2147483648 -2147483648 -2147483648 -2147483648 -2147483648 -2147483648 -2147483648 -2147483648 -2147483648 -2147483648 -9 -14 -5 -10 -2147483648 -2147483648
split_feature= 8 20 19 7 4 10 9 13 21 21 1 12 17
split_gain= 2189.64 1173.97 1116.48 758.498 243.426 203.944 150.914 119.235 83.0116 29.1082 33.8647 18.8704 17.1759
threshold= 3.5000000000000004 3.5000000000000004 1.5000000000000002 1.0000000180025095e-35 4.5000000000000009 1.0000000180025095e-35 1.0000000180025095e-35 1.5000000000000002 1.5000000000000002 4.5000000000000009 1.5000000000000002 1.0000000180025095e-35 1.5000000000000002
decision_type= 2 2 2 2 2 2 2 2 2 2 2 2 2
left_child=1 5 4 7 -2 -1 8 -4 -5 11 -11 -3 -9
right_child=2 9 3 6 -6 -7 -8 12 -10 10 -12 -13 -14
leaf_value= 0.13625295265526666 0.13625295265526666 -0.075779630963319758 0.13625295265526666 0.13625295265526666 -0.26425303862428545 -0.26425303862428545 -0.26425303862428545 -0.26425303862428545 -0.037299643565872592 -0.26425303862428551 0.1362529526552666 0.13625295265526666 -0.21434973619648184
leaf_weight=14.48168098926544 127.58860319852829 4.2446306347846976 7.7402088046073905 58.176408112049103 17.228206694126129 104.36797678470612 17.228206694126129 603.98597091436386 52.433672547340393 3.9949464797973615 4.4943147897720337 528.58135610818863 78.151140511035919
leaf_count=58 511 17 31 233 69 418 69 2419 210 16 18 2117 313
model_size=1488
internal_value=-0.0711178 0.0691485 -0.167321 -0.212646 0.0886066 -0.215452 0.0110948 -0.254106 0.053982 0.131635 -0.0522205 0.134564 -0.258536
internal_weight=0 660.165 962.532 817.716 144.817 118.85 127.838 689.877 110.61 541.315 8.48926 532.826 682.137
internal_count=6499 2644 3855 3275 580 476 512 2763 443 2168 34 2134 2732
is_linear=0
shrinkage=1


Tree=1
num_leaves= 14
num_cat= 0
full_tree_array_lgbids= 0 1 2 5 9 4 3 -1 -7 12 10 -2 -6 7 6 -2147483648 -2147483648 -2147483648 -2147483648 -3 -14 -11 -12 -2147483648 -2147483648 -2147483648 -2147483648 -4 11 8 -8 -2147483648 -2147483648 -2147483648 -2147483648 -2147483648 -2147483648 -2147483648 -2147483648 -2147483648 -2147483648 -2147483648 -2147483648 -2147483648 -2147483648 -2147483648 -2147483648 -2147483648 -2147483648 -2147483648 -2147483648 -2147483648 -2147483648 -2147483648 -2147483648 -2147483648 -2147483648 -9 -13 -5 -10 -2147483648 -2147483648
split_feature= 8 20 19 7 4 10 9 13 1 21 4 2 12
split_gain= 1789.24 954.951 915.472 626.037 198.153 167.623 123.109 98.0399 73.0262 23.4609 27.6635 15.6087 15.3503
threshold= 3.5000000000000004 3.5000000000000004 1.5000000000000002 1.0000000180025095e-35 4.5000000000000009 1.0000000180025095e-35 1.0000000180025095e-35 1.5000000000000002 1.0000000180025095e-35 4.5000000000000009 4.5000000000000009 1.0000000180025095e-35 1.0000000180025095e-35
decision_type= 2 2 2 2 2 2 2 2 2 2 2 2 2
left_child=1 5 4 7 -2 -1 8 -4 -5 12 -11 -9 -3
right_child=2 9 3 6 -6 -7 -8 11 -10 10 -12 -13 -14
leaf_value= 0.18726217829300001 0.18726217829300001 -0.0041963809298885936 0.18726217829300001 -0.0063099339957545537 -0.17677793099633521 -0.17677793099633521 -0.17677793099633521 -0.033574901671692629 0.16833112306567927 0.18726217829300007 -0.17677793099633518 -0.17311844735227278 0.18726217829300001
leaf_weight=14.432910382747648 127.15891733765602 4.2439043670892707 7.7141417562961569 35.162857502698898 16.952329516410828 102.69672083854675 16.952329516410828 8.1559575051069242 75.299371302127838 4.4791790843009931 3.9309749603271484 663.51634049415588 526.80122897028923
leaf_count=58 511 17 31 141 69 418 69 33 302 18 16 2699 2117
model_size=1488
internal_value=0 0.126905 -0.0877309 -0.129201 0.144439 -0.13192 0.0742188 -0.167351 0.112739 0.183103 0.0171068 -0.171424 0.185732
internal_weight=0 656.585 950.912 806.801 144.111 117.13 127.415 679.386 110.462 539.455 8.41015 671.672 531.045
internal_count=6499 2644 3855 3275 580 476 512 2763 443 2168 34 2732 2134
is_linear=0
shrinkage=0.1


Tree=2
num_leaves= 15
num_cat= 0
full_tree_array_lgbids= 0 1 2 5 9 4 3 -1 -7 12 10 -2 -6 8 6 -2147483648 -2147483648 -2147483648 -2147483648 -3 -14 -11 -12 -2147483648 -2147483648 -2147483648 -2147483648 -4 11 7 13 -2147483648 -2147483648 -2147483648 -2147483648 -2147483648 -2147483648 -2147483648 -2147483648 -2147483648 -2147483648 -2147483648 -2147483648 -2147483648 -2147483648 -2147483648 -2147483648 -2147483648 -2147483648 -2147483648 -2147483648 -2147483648 -2147483648 -2147483648 -2147483648 -2147483648 -2147483648 -10 -13 -5 -9 -8 -15
split_feature= 8 20 19 7 4 10 4 4 13 21 4 17 12 21
split_gain= 1488.2 792.285 762.582 525.436 164.505 140.153 103.774 82.7075 81.9073 19.3207 23.0094 14.7888 12.9514 0.135253
threshold= 3.5000000000000004 3.5000000000000004 1.5000000000000002 1.0000000180025095e-35 4.5000000000000009 1.0000000180025095e-35 5.5000000000000009 2.5000000000000004 1.5000000000000002 4.5000000000000009 4.5000000000000009 1.5000000000000002 1.0000000180025095e-35 4.5000000000000009
decision_type= 2 2 2 2 2 2 2 2 2 2 2 2 2 2
left_child=1 5 4 8 -2 -1 7 -5 -4 12 -11 -10 -3 -8
right_child=2 9 3 6 -6 -7 13 -9 11 10 -12 -13 -14 -15
leaf_value= 0.17236010255125836 0.17236010255125836 -0.0037773991993575971 0.17236010255125836 0.10294421381851165 -0.16433727988382651 -0.16433727988382651 0.17374299921013994 -0.10472764105395577 -0.16457315402415634 0.17236010255125839 -0.16433727988382651 -0.11735670467610333 0.17236010255125836 0.18771900765793881
leaf_weight=14.127121359109877 124.46481059491634 4.2432112842798224 7.5507027953863135 36.945734888315201 16.43764516711235 99.578777968883514 22.963286072015762 39.979457274079323 576.72646856307983 4.3842790424823743 3.8116278648376465 75.561578646302223 515.63992960751057 26.137649193406105
leaf_count=58 511 17 31 151 69 418 94 162 2419 18 16 313 2117 105
model_size=1600
internal_value=0 0.116954 -0.0811593 -0.119572 0.133081 -0.122505 0.0675466 -0.00498672 -0.155311 0.168515 0.015774 -0.159104 0.170922 0.181183
internal_weight=0 641.785 926.767 785.865 140.902 113.706 126.026 76.9252 659.839 528.079 8.19591 652.288 519.883 49.1009
internal_count=6499 2644 3855 3275 580 476 512 313 2763 2168 34 2732 2134 199
is_linear=0
shrinkage=0.1


Tree=3
num_leaves= 14
num_cat= 0
full_tree_array_lgbids= 0 1 2 5 9 4 3 -1 -7 12 10 -2 -6 7 6 -2147483648 -2147483648 -2147483648 -2147483648 -3 -14 -11 -12 -2147483648 -2147483648 -2147483648 -2147483648 -4 11 8 -8 -2147483648 -2147483648 -2147483648 -2147483648 -2147483648 -2147483648 -2147483648 -2147483648 -2147483648 -2147483648 -2147483648 -2147483648 -2147483648 -2147483648 -2147483648 -2147483648 -2147483648 -2147483648 -2147483648 -2147483648 -2147483648 -2147483648 -2147483648 -2147483648 -2147483648 -2147483648 -9 -13 -5 -10 -2147483648 -2147483648
split_feature= 8 20 19 7 4 10 9 13 21 21 1 17 12
split_gain= 1254 667.008 642.505 447.252 138.57 118.7 96.8966 69.2516 64.3175 16.1536 19.4001 13.8466 11.2314
threshold= 3.5000000000000004 3.5000000000000004 1.5000000000000002 1.0000000180025095e-35 4.5000000000000009 1.0000000180025095e-35 1.0000000180025095e-35 1.5000000000000002 1.5000000000000002 4.5000000000000009 1.5000000000000002 1.5000000000000002 1.0000000180025095e-35
decision_type= 2 2 2 2 2 2 2 2 2 2 2 2 2
left_child=1 5 4 7 -2 -1 8 -4 -5 12 -11 -9 -3
right_child=2 9 3 6 -6 -7 -8 11 -10 10 -12 -13 -14
leaf_value= 0.1609037703805144 0.1609037703805144 -0.0034002145451034805 0.1609037703805144 0.17036499707119634 -0.15458733496862687 -0.15458733496862687 -0.16487441731077176 -0.15477454101215909 0.015668053249590128 -0.15458733496862687 0.16090377038051437 -0.10842536392602353 0.1609037703805144
leaf_weight=13.6439371407032 120.20779101550579 4.2425556927919379 7.2924491614103308 56.147106528282166 15.761341184377669 95.481748044490814 16.401857510209084 553.11517265439034 51.745612666010857 3.654803752899169 4.2343253195285797 73.703776583075523 498.00370563566685
leaf_count=58 511 17 31 233 69 418 69 2419 210 16 18 313 2117
model_size=1488
internal_value=0 0.109272 -0.0758616 -0.111753 0.124333 -0.115142 0.0617244 -0.145757 0.096172 0.157277 0.0147459 -0.149325 0.159516
internal_weight=0 619.261 894.375 758.406 135.969 109.126 124.295 634.111 107.893 510.135 7.88913 626.819 502.246
internal_count=6499 2644 3855 3275 580 476 512 2763 443 2168 34 2732 2134
is_linear=0
shrinkage=0.1


Tree=4
num_leaves= 15
num_cat= 0
full_tree_array_lgbids= 0 1 2 5 10 4 3 -1 -7 12 11 -2 -6 8 6 -2147483648 -2147483648 -2147483648 -2147483648 -3 -14 -12 -13 -2147483648 -2147483648 -2147483648 -2147483648 -4 9 7 13 -2147483648 -2147483648 -2147483648 -2147483648 -2147483648 -2147483648 -2147483648 -2147483648 -2147483648 -2147483648 -2147483648 -2147483648 -2147483648 -2147483648 -2147483648 -2147483648 -2147483648 -2147483648 -2147483648 -2147483648 -2147483648 -2147483648 -2147483648 -2147483648 -2147483648 -2147483648 -10 -11 -5 -9 -8 -15
split_feature= 8 20 19 7 4 10 4 20 13 2 21 1 12 21
split_gain= 1067.75 567.889 546.598 384.184 118.04 101.547 84.9971 69.9858 59.0993 13.8162 13.666 16.5278 9.94727 0.28886
threshold= 3.5000000000000004 3.5000000000000004 1.5000000000000002 1.0000000180025095e-35 4.5000000000000009 1.0000000180025095e-35 5.5000000000000009 3.5000000000000004 1.5000000000000002 1.0000000180025095e-35 4.5000000000000009 1.5000000000000002 1.0000000180025095e-35 4.5000000000000009
decision_type= 2 2 2 2 2 2 2 2 2 2 2 2 2 2
left_child=1 5 4 8 -2 -1 7 -5 -4 -10 12 -12 -3 -8
right_child=2 10 3 6 -6 -7 13 -9 9 -11 11 -13 -14 -15
leaf_value= 0.15185187516794491 0.15185187516794491 -0.0030606570657631363 0.15185187516794491 0.16843553498726016 -0.14676872362570559 -0.14676872362570559 0.15227290093036994 -0.062000436244937007 -0.0085007760946265824 -0.14312451081224237 -0.14676872362570559 0.15185187516794488 0.15185187516794491 0.17157541615673566
leaf_weight=13.042239397764204 114.90662641823292 4.2419396191835395 6.970852091908454 17.128522545099258 14.980887696146963 90.75378343462944 21.191379189491272 57.679383933544159 7.8039540052413932 589.62542541325092 3.4738290309905997 4.0475915372371674 476.04173801839352 25.529543235898018
leaf_count=58 511 17 31 72 69 418 94 241 33 2699 16 18 2117 105
model_size=1600
internal_value=0 0.103178 -0.0715475 -0.105357 0.11741 -0.109246 0.0569085 -0.00923826 -0.137984 -0.141366 0.148378 0.0139315 0.150484 0.16282
internal_weight=0 591.601 855.817 725.929 129.888 103.796 121.529 74.8079 604.4 597.429 487.805 7.52142 480.284 46.7209
internal_count=6499 2644 3855 3275 580 476 512 313 2763 2732 2168 34 2134 199
is_linear=0
shrinkage=0.1


Tree=5
num_leaves= 14
num_cat= 0
full_tree_array_lgbids= 0 1 2 5 10 4 3 -1 -7 12 11 -2 -6 8 6 -2147483648 -2147483648 -2147483648 -2147483648 -3 -14 -12 -13 -2147483648 -2147483648 -2147483648 -2147483648 -4 9 7 -8 -2147483648 -2147483648 -2147483648 -2147483648 -2147483648 -2147483648 -2147483648 -2147483648 -2147483648 -2147483648 -2147483648 -2147483648 -2147483648 -2147483648 -2147483648 -2147483648 -2147483648 -2147483648 -2147483648 -2147483648 -2147483648 -2147483648 -2147483648 -2147483648 -2147483648 -2147483648 -10 -11 -5 -9 -2147483648 -2147483648
split_feature= 8 20 19 7 4 10 9 21 13 17 21 1 12
split_gain= 916.2 487.802 468.082 333.141 101.442 87.5665 73.9297 56.7407 50.7949 14.2337 11.6618 14.1925 8.95505
threshold= 3.5000000000000004 3.5000000000000004 1.5000000000000002 1.0000000180025095e-35 4.5000000000000009 1.0000000180025095e-35 1.0000000180025095e-35 1.5000000000000002 1.5000000000000002 1.5000000000000002 4.5000000000000009 1.5000000000000002 1.0000000180025095e-35
decision_type= 2 2 2 2 2 2 2 2 2 2 2 2 2
left_child=1 5 4 8 -2 -1 7 -5 -4 -10 12 -12 -3
right_child=2 10 3 6 -6 -7 -8 -9 9 -11 11 -13 -14
leaf_value= 0.14454675775689577 0.14454675775689577 -0.0027549883843111991 0.14454675775689577 0.15597274400405703 -0.14038449805642142 -0.14038449805642142 -0.15176421107878138 0.0075072806426326154 -0.1406633157871611 -0.091813705212056368 -0.14038449805642142 0.14454675775689574 0.14454675775689577
leaf_weight=12.365946739912031 108.9482548981905 4.2413643300533286 6.6093853265047064 52.615734651684761 14.139219447970389 85.654981583356857 15.435086593031881 50.682920902967453 497.13803884387016 68.659254774451256 3.2786595821380606 3.8377076089382172 451.35705600678921
leaf_count=58 511 17 31 233 69 418 69 210 2419 313 16 18 2117
model_size=1488
internal_value=0 0.098242 -0.06788 -0.0998827 0.111816 -0.104439 0.0525935 0.083129 -0.131511 -0.134735 0.141178 0.013273 0.143175
internal_weight=0 560.736 814.228 691.14 123.087 98.0209 118.734 103.299 572.407 565.797 462.715 7.11637 455.598
internal_count=6499 2644 3855 3275 580 476 512 443 2763 2732 2168 34 2134
is_linear=0
shrinkage=0.1


Tree=6
num_leaves= 15
num_cat= 0
full_tree_array_lgbids= 0 1 2 5 10 4 3 -1 -7 12 11 -2 -6 8 6 -2147483648 -2147483648 -2147483648 -2147483648 -3 -14 -12 -13 -2147483648 -2147483648 -2147483648 -2147483648 -4 9 7 13 -2147483648 -2147483648 -2147483648 -2147483648 -2147483648 -2147483648 -2147483648 -2147483648 -2147483648 -2147483648 -2147483648 -2147483648 -2147483648 -2147483648 -2147483648 -2147483648 -2147483648 -2147483648 -2147483648 -2147483648 -2147483648 -2147483648 -2147483648 -2147483648 -2147483648 -2147483648 -10 -11 -5 -9 -8 -15
split_feature= 8 20 19 7 4 10 4 21 13 17 21 1 12 21
split_gain= 791.516 422.014 403.387 290.422 87.8014 76.0026 71.8755 63.8198 43.9158 14.1811 10.0213 12.2663 8.17193 0.310446
threshold= 3.5000000000000004 3.5000000000000004 1.5000000000000002 1.0000000180025095e-35 4.5000000000000009 1.0000000180025095e-35 5.5000000000000009 1.5000000000000002 1.5000000000000002 1.5000000000000002 4.5000000000000009 1.5000000000000002 1.0000000180025095e-35 4.5000000000000009
decision_type= 2 2 2 2 2 2 2 2 2 2 2 2 2 2
left_child=1 5 4 8 -2 -1 7 -5 -4 -10 12 -12 -3 -8
right_child=2 10 3 6 -6 -7 13 -9 9 -11 11 -13 -14 -15
leaf_value= 0.13855140791954978 0.13855140791954978 -0.0024798143532451006 0.13855140791954978 0.058575336729428509 -0.13509509769210032 -0.13509509769210032 0.1384067276016839 -0.13773152826982815 -0.13532756085405009 -0.085618383975310797 -0.13509509769210032 0.13855140791954976 0.13855140791954978 0.15983967778285615
leaf_weight=11.647865027189253 102.62170739471912 4.2408298254013053 6.2255830317735663 45.80478934943676 13.268332377076147 80.379172950983047 18.846066802740097 26.054038047790527 466.63462096452713 66.385105296969414 3.0767147541046134 3.6148546636104584 425.1470734924078 24.592877626419067
leaf_count=58 511 17 31 208 69 418 94 105 2419 313 16 18 2117 105
model_size=1600
internal_value=0 0.0941749 -0.0647817 -0.0952357 0.107221 -0.10046 0.048864 -0.0126001 -0.126046 -0.129137 0.135249 0.0127316 0.137159 0.150541
internal_weight=0 528.107 770.433 654.543 115.89 92.027 115.298 71.8588 539.245 533.02 436.079 6.69157 429.388 43.4389
internal_count=6499 2644 3855 3275 580 476 512 313 2763 2732 2168 34 2134 199
is_linear=0
shrinkage=0.1


Tree=7
num_leaves= 14
num_cat= 0
full_tree_array_lgbids= 0 1 2 5 10 4 3 -1 -7 12 11 -2 -6 8 6 -2147483648 -2147483648 -2147483648 -2147483648 -3 -14 -12 -13 -2147483648 -2147483648 -2147483648 -2147483648 -4 9 7 -8 -2147483648 -2147483648 -2147483648 -2147483648 -2147483648 -2147483648 -2147483648 -2147483648 -2147483648 -2147483648 -2147483648 -2147483648 -2147483648 -2147483648 -2147483648 -2147483648 -2147483648 -2147483648 -2147483648 -2147483648 -2147483648 -2147483648 -2147483648 -2147483648 -2147483648 -2147483648 -10 -11 -5 -9 -2147483648 -2147483648
split_feature= 8 20 19 7 4 10 9 21 13 17 21 1 12
split_gain= 687.096 367.234 348.902 255.09 76.4361 66.3159 63.6531 46.2768 38.1431 14.304 8.65547 10.6535 7.53779
threshold= 3.5000000000000004 3.5000000000000004 1.5000000000000002 1.0000000180025095e-35 4.5000000000000009 1.0000000180025095e-35 1.0000000180025095e-35 1.5000000000000002 1.5000000000000002 1.5000000000000002 4.5000000000000009 1.5000000000000002 1.0000000180025095e-35
decision_type= 2 2 2 2 2 2 2 2 2 2 2 2 2
left_child=1 5 4 8 -2 -1 7 -5 -4 -10 12 -12 -3
right_child=2 10 3 6 -6 -7 -8 -9 9 -11 11 -13 -14
leaf_value= 0.13356356395996258 0.13356356395996258 -0.0022321090491633213 0.13356356395996258 0.14449098766234314 -0.13066022980921915 -0.13066022980921915 -0.14717896685358842 0.0063963772576110401 -0.13085614071704596 -0.079920924595238807 -0.13066022980921915 0.13356356395996252 0.13356356395996258
leaf_weight=10.912395119667051 96.14196389913559 4.240334838628768 5.8324870467185965 48.252643719315529 12.391892105340956 75.069723188877106 14.953671738505362 49.241820767521858 435.90234760940075 64.125797122716904 2.8734822273254386 3.3866053819656372 398.30242186784744
leaf_count=58 511 17 31 233 69 418 69 210 2419 313 16 18 2117
model_size=1488
internal_value=0 0.0907768 -0.0620194 -0.0910553 0.103396 -0.0971263 0.0452313 0.0747431 -0.121351 -0.124324 0.130298 0.0122805 0.132133
internal_weight=0 494.785 726.843 618.309 108.534 85.9821 112.448 97.4945 505.861 500.028 408.803 6.26009 402.543
internal_count=6499 2644 3855 3275 580 476 512 443 2763 2732 2168 34 2134
is_linear=0
shrinkage=0.1


Tree=8
num_leaves= 15
num_cat= 0
full_tree_array_lgbids= 0 1 2 6 10 4 3 -1 -8 12 11 -2 -6 8 5 -2147483648 -2147483648 -2147483648 -2147483648 -3 -14 -12 -13 -2147483648 -2147483648 -2147483648 -2147483648 -4 9 7 13 -2147483648 -2147483648 -2147483648 -2147483648 -2147483648 -2147483648 -2147483648 -2147483648 -2147483648 -2147483648 -2147483648 -2147483648 -2147483648 -2147483648 -2147483648 -2147483648 -2147483648 -2147483648 -2147483648 -2147483648 -2147483648 -2147483648 -2147483648 -2147483648 -2147483648 -2147483648 -10 -11 -5 -9 -7 -15
split_feature= 8 20 19 7 4 4 10 20 13 17 21 1 12 21
split_gain= 599.296 321.116 303.201 224.653 66.8647 61.9497 58.1219 50.7571 33.2542 14.5535 7.50802 9.29148 7.01854 0.238278
threshold= 3.5000000000000004 3.5000000000000004 1.5000000000000002 1.0000000180025095e-35 4.5000000000000009 5.5000000000000009 1.0000000180025095e-35 3.5000000000000004 1.5000000000000002 1.5000000000000002 4.5000000000000009 1.5000000000000002 1.0000000180025095e-35 4.5000000000000009
decision_type= 2 2 2 2 2 2 2 2 2 2 2 2 2 2
left_child=1 6 4 8 -2 7 -1 -5 -4 -10 12 -12 -3 -7
right_child=2 10 3 5 -6 13 -8 -9 9 -11 11 -13 -14 -15
leaf_value= 0.12936717161346731 0.12936717161346731 -0.0020091349345018731 0.12936717161346731 0.14938854810681784 -0.12690484179902931 0.12894317562876376 -0.12690484179902931 -0.060147641944332336 -0.1270714533943762 -0.074634516098928003 -0.12690484179902931 0.12936717161346728 0.12936717161346731 0.15067501187639576
leaf_weight=10.177520692348478 89.667466789484024 4.2398781031370154 5.4397093355655661 14.778233557939528 11.527180284261702 16.363545149564743 69.83132404088974 54.153312116861343 405.55648639798164 61.918499350547791 2.6729693412780753 3.1585409045219421 371.47950527071953 23.436928689479828
leaf_count=58 511 17 31 72 69 94 418 241 2419 313 16 18 2117 105
model_size=1600
internal_value=0 0.0879038 -0.0596378 -0.087442 0.100175 0.0422307 -0.0943058 -0.0152252 -0.117256 -0.120126 0.126112 0.0119006 0.127885 0.14174
internal_weight=0 461.56 682.841 581.647 101.195 108.732 80.0088 68.9315 472.915 467.475 381.551 5.83151 375.719 39.8005
internal_count=6499 2644 3855 3275 580 512 476 313 2763 2732 2168 34 2134 199
is_linear=0
shrinkage=0.1


Tree=9
num_leaves= 15
num_cat= 0
full_tree_array_lgbids= 0 1 2 6 10 4 3 -1 -8 12 11 -2 -6 8 5 -2147483648 -2147483648 -2147483648 -2147483648 -3 -14 -12 -13 -2147483648 -2147483648 -2147483648 -2147483648 -4 9 7 13 -2147483648 -2147483648 -2147483648 -2147483648 -2147483648 -2147483648 -2147483648 -2147483648 -2147483648 -2147483648 -2147483648 -2147483648 -2147483648 -2147483648 -2147483648 -2147483648 -2147483648 -2147483648 -2147483648 -2147483648 -2147483648 -2147483648 -2147483648 -2147483648 -2147483648 -2147483648 -10 -11 -5 -9 -7 -15
split_feature= 8 20 19 7 4 4 10 21 13 17 21 1 12 21
split_gain= 524.397 281.927 264.137 198.965 58.7257 54.0473 51.1276 49.4561 29.0763 14.8878 6.53097 8.12747 6.58377 0.0607031
threshold= 3.5000000000000004 3.5000000000000004 1.5000000000000002 1.0000000180025095e-35 4.5000000000000009 5.5000000000000009 1.0000000180025095e-35 1.5000000000000002 1.5000000000000002 1.5000000000000002 4.5000000000000009 1.5000000000000002 1.0000000180025095e-35 4.5000000000000009
decision_type= 2 2 2 2 2 2 2 2 2 2 2 2 2 2
left_child=1 6 4 8 -2 7 -1 -5 -4 -10 12 -12 -3 -7
right_child=2 10 3 5 -6 13 -8 -9 9 -11 11 -13 -14 -15
leaf_value= 0.12580350276737742 0.12580350276737742 -0.001808403393882229 0.12580350276737742 0.052606614829927782 -0.12369825373571018 0.12544174952211101 -0.12369825373571018 -0.12403189990068786 -0.12384102792537373 -0.069695256537692304 -0.12369825373571018 0.1258035027673774 0.12580350276737742 0.14358695131967755
leaf_weight=9.456299960613249 83.313263446092606 4.2394580990076056 5.0542292892932883 42.342276141047478 10.686567977070807 15.19814673066139 64.738919049501419 25.528750702738762 376.03802298009396 59.789458870887756 2.4780447483062735 2.9347137808799744 345.15494856238365 22.198103293776512
leaf_count=58 511 17 31 208 69 94 418 105 2419 313 16 18 2117 105
model_size=1600
internal_value=0 0.08545 -0.0574648 -0.0841257 0.0974384 0.0394704 -0.0918989 -0.0138335 -0.113636 -0.116413 0.122536 0.0115777 0.124255 0.136213
internal_weight=0 429.002 640.149 546.149 93.9998 105.267 74.1952 67.871 440.882 435.827 354.807 5.41276 349.394 37.3963
internal_count=6499 2644 3855 3275 580 512 476 313 2763 2732 2168 34 2134 199
is_linear=0
shrinkage=0.1


Tree=10
num_leaves= 14
num_cat= 0
full_tree_array_lgbids= 0 1 2 6 10 4 3 -1 -8 12 11 -2 -6 8 5 -2147483648 -2147483648 -2147483648 -2147483648 -3 -14 -12 -13 -2147483648 -2147483648 -2147483648 -2147483648 -4 9 7 -7 -2147483648 -2147483648 -2147483648 -2147483648 -2147483648 -2147483648 -2147483648 -2147483648 -2147483648 -2147483648 -2147483648 -2147483648 -2147483648 -2147483648 -2147483648 -2147483648 -2147483648 -2147483648 -2147483648 -2147483648 -2147483648 -2147483648 -2147483648 -2147483648 -2147483648 -2147483648 -10 -11 -5 -9 -2147483648 -2147483648
split_feature= 8 20 19 7 4 9 10 2 13 17 21 1 12
split_gain= 460.216 248.364 230.615 176.746 51.7519 51.008 45.1153 40.6807 25.4825 15.2788 5.69333 7.12434 6.21447
threshold= 3.5000000000000004 3.5000000000000004 1.5000000000000002 1.0000000180025095e-35 4.5000000000000009 1.0000000180025095e-35 1.0000000180025095e-35 4.5000000000000009 1.5000000000000002 1.5000000000000002 4.5000000000000009 1.5000000000000002 1.0000000180025095e-35
decision_type= 2 2 2 2 2 2 2 2 2 2 2 2 2
left_child=1 6 4 8 -2 7 -1 -5 -4 -10 12 -12 -3
right_child=2 10 3 5 -6 -7 -8 -9 9 -11 11 -13 -14
leaf_value= 0.12275322415096231 0.12275322415096231 -0.0016277265246940941 0.12275322415096231 0.0038968728639045195 -0.12094088198253522 -0.14044414215133957 -0.12094088198253522 0.14111629654029689 -0.12106403128581611 -0.065055888989746208 -0.12094088198253522 0.12275322415096229 0.12275322415096231
leaf_weight=8.7580039203166944 77.161034539341927 4.2390727996826163 4.6810020953416815 48.724632158875465 9.8786517977714521 14.071153312921522 59.844586253166199 39.258086621761322 347.65392431616783 57.75649705529213 2.2907018661499015 2.7180012166500092 319.66714309155941
leaf_count=58 511 17 31 237 69 69 418 206 2419 313 16 18 2117
model_size=1488
internal_value=0 0.0833354 -0.0554762 -0.081066 0.0950949 0.0367808 -0.0898302 0.0651245 -0.110393 -0.113085 0.119453 0.0113011 0.121125
internal_weight=0 397.518 599.185 512.145 87.0397 102.054 68.6026 87.9827 410.091 405.41 328.915 5.0087 323.906
internal_count=6499 2644 3855 3275 580 512 476 443 2763 2732 2168 34 2134
is_linear=0
shrinkage=0.1


Tree=11
num_leaves= 14
num_cat= 0
full_tree_array_lgbids= 0 1 2 7 10 5 3 -1 -9 12 11 -2 -7 8 4 -2147483648 -2147483648 -2147483648 -2147483648 -3 -14 -12 -13 -2147483648 -2147483648 -2147483648 -2147483648 -4 9 6 -6 -2147483648 -2147483648 -2147483648 -2147483648 -2147483648 -2147483648 -2147483648 -2147483648 -2147483648 -2147483648 -2147483648 -2147483648 -2147483648 -2147483648 -2147483648 -2147483648 -2147483648 -2147483648 -2147483648 -2147483648 -2147483648 -2147483648 -2147483648 -2147483648 -2147483648 -2147483648 -10 -11 -5 -8 -2147483648 -2147483648
split_feature= 8 20 19 7 4 4 21 10 19 19 21 1 12
split_gain= 404.959 219.43 201.809 157.297 45.8497 45.7366 41.6551 39.9149 23.0707 173.76 4.96993 6.25547 5.89858
threshold= 3.5000000000000004 3.5000000000000004 1.5000000000000002 1.0000000180025095e-35 5.5000000000000009 4.5000000000000009 1.5000000000000002 1.0000000180025095e-35 4.5000000000000009 6.5000000000000009 4.5000000000000009 1.5000000000000002 1.0000000180025095e-35
decision_type= 2 2 2 2 2 2 2 2 2 2 2 2 2
left_child=1 7 5 8 6 -2 -5 -1 -4 -10 12 -12 -3
right_child=2 10 3 4 -6 -7 -8 -9 9 -11 11 -13 -14
leaf_value= 0.120124818310304 0.120124818310304 -0.0014650731409505684 -0.11866224577950012 0.048636545006034981 0.12954736942821618 -0.11855542649094364 -0.11637360417939629 -0.11855542649094364 0.41229220907506198 -0.11052500842920901 -0.11855542649094364 0.12012481831030396 0.120124818310304
leaf_weight=8.0889927148818952 71.26681512594223 4.2387201786041251 315.96950435638428 40.086524337530136 33.578195303678513 9.1091340333223325 25.005738094449043 55.18286994099617 7.1578689962625495 57.635339587926865 2.1122629642486563 2.510377049446106 295.24823409318924
leaf_count=58 511 17 2384 208 199 69 105 418 39 340 16 18 2117
model_size=1488
internal_value=0 0.0814985 -0.0536648 -0.0782654 0.034353 0.0930748 -0.0147535 -0.0880413 -0.107449 -0.0527681 0.116772 0.0110626 0.118404
internal_weight=0 367.381 559.809 479.433 98.6705 80.3759 65.0923 63.2719 380.763 64.7932 304.11 4.62264 299.487
internal_count=6499 2644 3855 3275 512 580 313 476 2763 379 2168 34 2134
is_linear=0
shrinkage=0.1


Tree=12
num_leaves= 14
num_cat= 0
full_tree_array_lgbids= 0 1 2 7 10 5 3 -1 -9 11 12 -2 -7 8 4 -2147483648 -2147483648 -2147483648 -2147483648 -3 -13 -12 -14 -2147483648 -2147483648 -2147483648 -2147483648 -4 9 6 -6 -2147483648 -2147483648 -2147483648 -2147483648 -2147483648 -2147483648 -2147483648 -2147483648 -2147483648 -2147483648 -2147483648 -2147483648 -2147483648 -2147483648 -2147483648 -2147483648 -2147483648 -2147483648 -2147483648 -2147483648 -2147483648 -2147483648 -2147483648 -2147483648 -2147483648 -2147483648 -10 -11 -5 -8 -2147483648 -2147483648
split_feature= 8 20 19 7 9 4 21 10 13 17 21 12 1
split_gain= 357.17 194.339 176.734 140.089 44.6612 40.5144 36.5826 35.3887 23.9636 15.0474 4.3373 5.62755 5.5004
threshold= 3.5000000000000004 3.5000000000000004 1.5000000000000002 1.0000000180025095e-35 1.0000000180025095e-35 4.5000000000000009 1.5000000000000002 1.0000000180025095e-35 1.5000000000000002 1.5000000000000002 4.5000000000000009 1.0000000180025095e-35 1.5000000000000002
decision_type= 2 2 2 2 2 2 2 2 2 2 2 2 2
left_child=1 7 5 8 6 -2 -5 -1 -4 -10 11 -3 -12
right_child=2 10 3 4 -6 -7 -8 -9 9 -11 12 -13 -14
leaf_value= 0.11784687452276783 0.11784687452276783 -0.0013186816803016483 0.12247668672957264 0.13113918115456399 -0.1369108225155822 -0.11648097729749039 -0.003303637134798549 -0.11648097729749039 -0.11657606371856746 -0.058738019693323346 -0.11648097729749039 0.11784687452276783 0.11784687452276779
leaf_weight=7.4533958137035361 65.666987255215645 4.2383979558944693 4.6450154334306708 38.557063847780228 13.509434282779692 8.3815043270587903 43.341718301177025 50.774910271167755 295.05173895508051 54.320438086986542 1.9435372352600087 272.0489472001791 2.3131228387355804
leaf_count=58 511 17 31 233 69 69 210 418 2419 313 16 2117 18
model_size=1488
internal_value=0 0.0798908 -0.0519449 -0.0755502 0.0321101 0.0913234 0.0599906 -0.0864863 -0.104565 -0.107583 0.114423 0.116019 0.0108557
internal_weight=0 338.772 523.474 449.425 95.4082 74.0485 81.8988 58.2283 354.017 349.372 280.544 276.287 4.25666
internal_count=6499 2644 3855 3275 512 580 443 476 2763 2732 2168 2134 34
is_linear=0
shrinkage=0.1


Tree=13
num_leaves= 14
num_cat= 0
full_tree_array_lgbids= 0 1 2 7 9 6 3 -1 -9 10 11 -2 -8 4 -5 -2147483648 -2147483648 -2147483648 -2147483648 -3 -12 -11 12 -2147483648 -2147483648 -2147483648 -2147483648 8 5 -2147483648 -2147483648 -2147483648 -2147483648 -2147483648 -2147483648 -2147483648 -2147483648 -2147483648 -2147483648 -2147483648 -2147483648 -2147483648 -2147483648 -2147483648 -2147483648 -13 -14 -2147483648 -2147483648 -2147483648 -2147483648 -2147483648 -2147483648 -2147483648 -2147483648 -4 -10 -6 -7 -2147483648 -2147483648 -2147483648 -2147483648
split_feature= 8 20 19 4 7 20 4 10 19 12 1 21 0
split_gain= 315.521 172.481 155.169 127.813 37.7379 37.2994 35.9649 31.4379 22.9077 4.0714 17.2051 5.55906 0.100584
threshold= 3.5000000000000004 3.5000000000000004 1.5000000000000002 5.5000000000000009 1.0000000180025095e-35 3.5000000000000004 4.5000000000000009 1.0000000180025095e-35 4.5000000000000009 1.0000000180025095e-35 2.5000000000000004 4.5000000000000009 4.5000000000000009
decision_type= 2 2 2 2 2 2 2 2 2 2 2 2 2
left_child=1 7 6 4 8 -6 -2 -1 -4 10 -3 -11 -13
right_child=2 9 3 -5 5 -7 -8 -9 -10 11 -12 12 -14
leaf_value= 0.11586288176687953 0.11586288176687953 0.17802489741405325 -0.11475032159957954 0.12554174716675207 0.14127705956677042 -0.055098996124745669 -0.11466884050498732 -0.11466884050498732 -0.046283396784498471 0.11586288176687953 -0.18995054229893427 -0.06299920918690434 0.014354939297663953
leaf_weight=6.8536426723003379 60.382955268025398 3.0578982084989539 267.05445635318756 30.13377570360899 12.146151736378668 49.545104891061783 7.6975774168968192 46.631700873374939 60.832920469343662 250.15795753896236 2.2437021732330322 1.5816487818956366 1.2667929828166962
leaf_count=58 511 17 2384 199 72 241 69 418 379 2117 9 14 11
model_size=1488
internal_value=0 0.0784739 -0.0503852 -0.0731239 -0.0884906 -0.0164353 0.0897976 -0.0851284 -0.102048 0.112349 0.0222932 0.114236 -0.0285973
internal_weight=0 311.793 487.793 419.712 389.579 61.6913 68.0805 53.4853 327.887 258.308 5.3016 253.006 2.84844
internal_count=6499 2644 3855 3275 3076 313 580 476 2763 2168 26 2142 25
is_linear=0
shrinkage=0.1


Tree=14
num_leaves= 14
num_cat= 0
full_tree_array_lgbids= 0 1 2 7 8 6 3 -1 -9 9 10 -2 -8 4 -5 -2147483648 -2147483648 -2147483648 -2147483648 -3 -11 -10 11 -2147483648 -2147483648 -2147483648 -2147483648 5 12 -2147483648 -2147483648 -2147483648 -2147483648 -2147483648 -2147483648 -2147483648 -2147483648 -2147483648 -2147483648 -2147483648 -2147483648 -2147483648 -2147483648 -2147483648 -2147483648 -12 -13 -2147483648 -2147483648 -2147483648 -2147483648 -2147483648 -2147483648 -2147483648 -2147483648 -4 -7 -6 -14 -2147483648 -2147483648 -2147483648 -2147483648
split_feature= 8 20 19 4 9 21 4 10 12 1 21 4 4
split_gain= 278.729 153.283 136.055 111.706 37.5703 107.151 31.9757 27.9664 3.86277 14.3596 5.11184 3.1662 0.00280386
threshold= 3.5000000000000004 3.5000000000000004 1.5000000000000002 5.5000000000000009 1.0000000180025095e-35 1.0000000180025095e-35 4.5000000000000009 1.0000000180025095e-35 1.0000000180025095e-35 2.5000000000000004 4.5000000000000009 4.5000000000000009 4.5000000000000009
decision_type= 2 2 2 2 2 2 2 2 2 2 2 2 2
left_child=1 7 6 4 5 -4 -2 -1 9 -3 -10 -12 -6
right_child=2 8 3 -5 12 -7 -8 -9 10 -11 11 -13 -14
leaf_value= 0.11412744279391081 0.11412744279391081 0.16767966274750057 0.12229037080179135 0.12260607978116417 -0.13048568159851148 -0.087946634743041499 -0.11307963800542431 -0.11307963800542431 0.11412744279391081 -0.17438910279418715 0.11607171173378324 -0.11413332873807676 -0.11315122082984022
leaf_weight=6.2908793091773978 55.424815982580185 2.9285820424556723 29.791765332221985 27.885219909250736 12.276695191860197 132.42242310196161 7.0579090341925612 42.756608352065086 229.61709478497505 2.2014718651771545 1.0725447311997405 1.734210267663002 190.43957832455635
leaf_count=58 511 17 177 199 69 976 69 418 2117 9 9 16 1854
model_size=1488
internal_value=0 0.0771887 -0.0487746 -0.070604 -0.0853677 -0.0493351 0.0884626 -0.0839378 0.110456 0.0208869 0.112433 -0.0261651 -0.114201
internal_weight=0 286.601 455.298 392.816 364.93 162.214 62.4827 49.0475 237.554 5.13005 232.424 2.80675 202.716
internal_count=6499 2644 3855 3275 3076 1153 580 476 2168 26 2142 25 1923
is_linear=0
shrinkage=0.1


Tree=15
num_leaves= 16
num_cat= 0
full_tree_array_lgbids= 0 1 2 7 10 6 3 -1 -9 11 12 -2 -8 8 4 -2147483648 -2147483648 -2147483648 -2147483648 -3 -13 -12 13 -2147483648 -2147483648 -2147483648 -2147483648 -4 9 14 5 -2147483648 -2147483648 -2147483648 -2147483648 -2147483648 -2147483648 -2147483648 -2147483648 -2147483648 -2147483648 -2147483648 -2147483648 -2147483648 -2147483648 -14 -15 -2147483648 -2147483648 -2147483648 -2147483648 -2147483648 -2147483648 -2147483648 -2147483648 -2147483648 -2147483648 -10 -11 -5 -16 -6 -7
split_feature= 8 20 19 7 20 4 4 10 19 19 12 1 21 1 19
split_gain= 247.218 136.569 120.004 98.7042 32.4669 29.683 28.4709 24.9115 24.2708 139.351 3.63188 12.107 4.50403 2.76349 0.830918
threshold= 3.5000000000000004 3.5000000000000004 1.5000000000000002 1.0000000180025095e-35 3.5000000000000004 5.5000000000000009 4.5000000000000009 1.0000000180025095e-35 4.5000000000000009 6.5000000000000009 1.0000000180025095e-35 2.5000000000000004 4.5000000000000009 1.5000000000000002 6.5000000000000009
decision_type= 2 2 2 2 2 2 2 2 2 2 2 2 2 2 2
left_child=1 7 6 8 14 -6 -2 -1 -4 -10 11 -3 -12 -14 -5
right_child=2 10 3 4 5 -7 -8 -9 9 -11 12 -13 13 -15 -16
leaf_value= 0.11260371998545887 0.11260371998545887 0.15892116779204271 -0.11181192060320654 0.11919417833504078 -0.049440595960638163 0.1199000833230741 -0.11168115789146256 -0.11168115789146256 0.35113766407664465 -0.1015532162942652 0.11260371998545887 -0.16248460918731719 -0.11260929436545129 0.11431095345800307 0.18296878784154647
leaf_weight=5.7652898132801047 50.794191285967827 2.7882375642657271 225.2225988805294 19.509196713566784 46.917858511209488 13.492716468870638 6.4621228650212279 39.147353008389473 7.9328850209712973 48.506198219954967 210.43307818472385 2.1300564408302307 1.5893238335847848 0.98465763777494419 3.4696747064590445
leaf_count=58 511 17 2384 152 241 105 69 418 39 340 2117 9 16 9 14
model_size=1712
internal_value=0 0.0761051 -0.0475169 -0.0686606 0.027082 -0.0116183 0.0872902 -0.0828904 -0.0970064 -0.0379245 0.108873 0.019724 0.110931 -0.0258026 0.128824
internal_weight=0 262.838 422.307 365.051 83.3894 60.4106 57.2563 44.9126 281.662 56.4391 217.925 4.91829 213.007 2.57398 22.9789
internal_count=6499 2644 3855 3275 512 346 580 476 2763 379 2168 26 2142 25 166
is_linear=0
shrinkage=0.1


Tree=16
num_leaves= 14
num_cat= 0
full_tree_array_lgbids= 0 1 2 7 8 3 4 -1 -9 9 10 -2 -5 5 -6 -2147483648 -2147483648 -2147483648 -2147483648 -3 -11 -10 11 -2147483648 -2147483648 -2147483648 -2147483648 12 6 -2147483648 -2147483648 -2147483648 -2147483648 -2147483648 -2147483648 -2147483648 -2147483648 -2147483648 -2147483648 -2147483648 -2147483648 -2147483648 -2147483648 -2147483648 -2147483648 -12 -13 -2147483648 -2147483648 -2147483648 -2147483648 -2147483648 -2147483648 -2147483648 -2147483648 -4 -14 -7 -8 -2147483648 -2147483648 -2147483648 -2147483648
split_feature= 8 20 4 4 4 19 19 10 12 1 21 1 21
split_gain= 219.361 121.863 106.009 98.0463 94.7857 36.8252 95.9196 22.2114 3.37957 10.2775 3.95778 2.39888 0.863881
threshold= 3.5000000000000004 3.5000000000000004 2.5000000000000004 1.0000000180025095e-35 5.5000000000000009 4.5000000000000009 5.5000000000000009 1.0000000180025095e-35 1.0000000180025095e-35 2.5000000000000004 4.5000000000000009 1.5000000000000002 4.5000000000000009
decision_type= 2 2 2 2 2 2 2 2 2 2 2 2 2
left_child=1 7 3 -2 5 12 -7 -1 9 -3 -10 -12 -4
right_child=2 8 4 -5 -6 6 -8 -9 10 -11 11 -13 -14
leaf_value= 0.11126147420147421 -0.11469175680636667 0.1514745488932869 -0.11069690535555887 0.11573691441119967 0.11784762182112146 0.27720543084127724 -0.07239834944796282 -0.11044680992112868 0.11126147420147421 -0.15311374537038583 -0.11126672119480224 0.11276551888785358 -0.14444384751190356
leaf_weight=5.2763521671295157 26.069527618587017 2.640416905283927 194.34446776658297 64.182910986244678 23.714171953499317 8.9743907153606397 64.632793046534061 35.797556668519974 192.58685410022736 2.0390181094408035 1.4545411542057984 0.90253785252571095 11.715916246175764
leaf_count=58 264 17 2241 627 199 39 430 418 2117 9 16 9 55
model_size=1488
internal_value=0 0.0751505 -0.0461447 0.0491773 -0.0745019 -0.090812 -0.0297737 -0.0819662 0.107478 0.0187532 0.109608 -0.0254836 -0.112616
internal_weight=0 240.697 393.634 90.2524 303.382 279.668 73.6072 41.0739 199.623 4.67944 194.944 2.35708 206.06
internal_count=6499 2644 3855 891 2964 2765 469 476 2168 26 2142 25 2296
is_linear=0
shrinkage=0.1


Tree=17
num_leaves= 14
num_cat= 0
full_tree_array_lgbids= 0 1 2 7 8 3 4 -1 -9 9 10 -2 -5 5 -6 -2147483648 -2147483648 -2147483648 -2147483648 -3 -11 -10 11 -2147483648 -2147483648 -2147483648 -2147483648 12 6 -2147483648 -2147483648 -2147483648 -2147483648 -2147483648 -2147483648 -2147483648 -2147483648 -2147483648 -2147483648 -2147483648 -2147483648 -2147483648 -2147483648 -2147483648 -2147483648 -12 -13 -2147483648 -2147483648 -2147483648 -2147483648 -2147483648 -2147483648 -2147483648 -2147483648 -4 -14 -7 -8 -2147483648 -2147483648 -2147483648 -2147483648
split_feature= 8 20 4 4 4 19 19 10 12 1 21 4 21
split_gain= 195.035 108.883 93.0487 87.3639 83.2869 36.1959 74.8211 19.8157 3.11385 8.77755 3.47533 2.07764 0.445073
threshold= 3.5000000000000004 3.5000000000000004 2.5000000000000004 1.0000000180025095e-35 5.5000000000000009 4.5000000000000009 5.5000000000000009 1.0000000180025095e-35 1.0000000180025095e-35 2.5000000000000004 4.5000000000000009 4.5000000000000009 4.5000000000000009
decision_type= 2 2 2 2 2 2 2 2 2 2 2 2 2
left_child=1 7 3 -2 5 12 -7 -1 9 -3 -10 -12 -4
right_child=2 8 4 -5 -6 6 -8 -9 10 -11 11 -13 -14
leaf_value= 0.1100756958889617 -0.11317216238739664 0.14511605384181478 -0.10957869695515138 0.11412251244146286 0.11590264037897512 0.23458097455477081 -0.067282300265031778 -0.10935442392955622 0.1100756958889617 -0.14557328904845077 0.11140454427537512 -0.11008060252555785 -0.13846630332577239
leaf_weight=4.8230335712432852 23.889160968363285 2.4883524775505057 177.55264403671026 58.854473061859608 21.799008868634701 9.5099291056394559 62.696964539587498 32.697951048612595 176.04072535037994 1.9354837685823438 0.82611438632011336 1.3295773044228554 11.034558713436125
leaf_count=58 264 17 2241 627 199 39 430 418 2117 9 9 16 55
model_size=1488
internal_value=0 0.0743071 -0.0449773 0.0484996 -0.0723474 -0.0880827 -0.0275257 -0.0811484 0.106247 0.0179358 0.108439 -0.025202 -0.111269
internal_weight=0 220.141 365.337 82.7436 282.593 260.794 72.2069 37.521 182.62 4.42384 178.196 2.15569 188.587
internal_count=6499 2644 3855 891 2964 2765 469 476 2168 26 2142 25 2296
is_linear=0
shrinkage=0.1


Tree=18
num_leaves= 14
num_cat= 0
full_tree_array_lgbids= 0 1 2 7 9 3 4 -1 -9 10 11 -2 -5 5 -6 -2147483648 -2147483648 -2147483648 -2147483648 -3 -12 -11 12 -2147483648 -2147483648 -2147483648 -2147483648 8 6 -2147483648 -2147483648 -2147483648 -2147483648 -2147483648 -2147483648 -2147483648 -2147483648 -2147483648 -2147483648 -2147483648 -2147483648 -2147483648 -2147483648 -2147483648 -2147483648 -13 -14 -2147483648 -2147483648 -2147483648 -2147483648 -2147483648 -2147483648 -2147483648 -2147483648 -4 -10 -7 -8 -2147483648 -2147483648 -2147483648 -2147483648
split_feature= 8 20 4 4 4 12 18 10 17 12 1 21 4
split_gain= 173.565 97.401 81.7234 77.9516 73.2486 36.1715 26.8435 17.6918 14.1213 2.84986 7.52545 3.04095 1.78662
threshold= 3.5000000000000004 3.5000000000000004 2.5000000000000004 1.0000000180025095e-35 5.5000000000000009 2.5000000000000004 3.5000000000000004 1.0000000180025095e-35 1.5000000000000002 1.0000000180025095e-35 2.5000000000000004 4.5000000000000009 4.5000000000000009
decision_type= 2 2 2 2 2 2 2 2 2 2 2 2 2
left_child=1 7 3 -2 5 8 -7 -1 -4 10 -3 -11 -13
right_child=2 9 4 -5 -6 6 -8 -9 -10 11 -12 12 -14
leaf_value= 0.10902547451640709 -0.11182231928682802 0.13966310377231403 -0.10885511100396837 0.11268721392396655 0.11419355259426781 0.14346416307498056 -0.11149523143837735 -0.10838542814819269 -0.043976313589025144 0.10902547451640709 -0.13939932361878057 0.11020252296239569 -0.10903003005284545
leaf_weight=4.4039455801248542 21.863360561430454 2.33487445116043 182.09638937562704 53.897243805229664 20.004587270319462 11.585220307111742 6.5851000547409049 29.837296485900879 42.740061655640602 160.74401367455721 1.8247776031494138 0.75523435324430344 1.2140495032072067
leaf_count=58 264 17 2325 627 199 61 79 418 300 2117 9 9 16
model_size=1488
internal_value=0 0.0735602 -0.0438664 0.0478972 -0.0702989 -0.0854866 0.0510644 -0.0804231 -0.096522 0.105157 0.0172426 0.107404 -0.0249528
internal_weight=0 201.114 338.772 75.7606 263.011 243.007 18.1703 34.2412 224.836 166.873 4.15965 162.713 1.96928
internal_count=6499 2644 3855 891 2964 2765 140 476 2625 2168 26 2142 25
is_linear=0
shrinkage=0.1


Tree=19
num_leaves= 13
num_cat= 0
full_tree_array_lgbids= 0 1 2 7 8 3 4 -1 -9 9 10 -2 -5 5 -6 -2147483648 -2147483648 -2147483648 -2147483648 -3 -11 -10 11 -2147483648 -2147483648 -2147483648 -2147483648 -4 6 -2147483648 -2147483648 -2147483648 -2147483648 -2147483648 -2147483648 -2147483648 -2147483648 -2147483648 -2147483648 -2147483648 -2147483648 -2147483648 -2147483648 -2147483648 -2147483648 -12 -13 -2147483648 -2147483648 -2147483648 -2147483648 -2147483648 -2147483648 -2147483648 -2147483648 -2147483648 -2147483648 -7 -8 -2147483648 -2147483648 -2147483648 -2147483648
split_feature= 8 20 4 4 4 19 19 10 12 1 21 4
split_gain= 154.693 87.2137 72.0149 69.6294 64.6291 34.2941 61.8575 15.7975 2.58506 6.47545 2.65574 1.52914
threshold= 3.5000000000000004 3.5000000000000004 2.5000000000000004 1.0000000180025095e-35 5.5000000000000009 4.5000000000000009 5.5000000000000009 1.0000000180025095e-35 1.0000000180025095e-35 2.5000000000000004 4.5000000000000009 4.5000000000000009
decision_type= 2 2 2 2 2 2 2 2 2 2 2 2
left_child=1 7 3 -2 5 -4 -7 -1 9 -3 -10 -12
right_child=2 8 4 -5 -6 6 -8 -9 10 -11 11 -13
leaf_value= 0.10809320877587317 -0.11062061398700357 0.13496671315732936 -0.10908801350194652 0.11140816046733976 0.1126869196508116 0.21138625630845709 -0.062546037965717019 -0.1075240907530273 0.10809320877587328 -0.13427271426751705 0.10913814037111379 -0.10809743709234734
leaf_weight=4.0174633711576488 19.986684866249561 2.1823687925934783 157.49260552972555 49.299457564949989 18.33047991245985 9.6866946816444379 58.317446984350681 27.203107580542564 146.63741304725409 1.7108637839555743 0.68968740105628845 1.1075095534324646
leaf_count=58 264 17 2296 627 199 39 430 418 2117 9 9 16
model_size=1376
internal_value=0 0.0728972 -0.0429027 0.0473604 -0.068552 -0.0832848 -0.0235264 -0.0797785 0.104189 0.0166506 0.106485 -0.0247317
internal_weight=0 183.548 313.113 69.2861 243.827 225.497 68.0041 31.2206 152.328 3.89323 148.435 1.7972
internal_count=6499 2644 3855 891 2964 2765 469 476 2168 26 2142 25
is_linear=0
shrinkage=0.1


Tree=20
num_leaves= 14
num_cat= 0
full_tree_array_lgbids= 0 1 2 7 9 3 4 -1 -9 10 11 -2 -5 5 -6 -2147483648 -2147483648 -2147483648 -2147483648 -3 -12 -11 12 -2147483648 -2147483648 -2147483648 -2147483648 8 6 -2147483648 -2147483648 -2147483648 -2147483648 -2147483648 -2147483648 -2147483648 -2147483648 -2147483648 -2147483648 -2147483648 -2147483648 -2147483648 -2147483648 -2147483648 -2147483648 -13 -14 -2147483648 -2147483648 -2147483648 -2147483648 -2147483648 -2147483648 -2147483648 -2147483648 -4 -10 -7 -8 -2147483648 -2147483648 -2147483648 -2147483648
split_feature= 8 20 4 4 4 12 18 10 17 12 1 21 1
split_gain= 137.88 78.1628 63.2826 62.2607 56.8925 34.2938 22.671 14.1117 12.5231 2.33098 5.58385 2.31015 1.2975
threshold= 3.5000000000000004 3.5000000000000004 2.5000000000000004 1.0000000180025095e-35 5.5000000000000009 2.5000000000000004 3.5000000000000004 1.0000000180025095e-35 1.5000000000000002 1.0000000180025095e-35 2.5000000000000004 4.5000000000000009 1.5000000000000002
decision_type= 2 2 2 2 2 2 2 2 2 2 2 2 2
left_child=1 7 3 -2 5 8 -7 -1 -4 10 -3 -11 -13
right_child=2 9 4 -5 -6 6 -8 -9 -10 11 -12 12 -14
leaf_value= 0.10726401292643045 -0.1095487552349038 0.13090515811775102 -0.10616422398148653 0.11026604579296434 0.11135501048825419 0.14035322102633294 -0.10954347493854777 -0.10675703993551194 -0.042261859457237483 0.10726401292643054 -0.12996639320213868 -0.10726791567938238 0.10819349626043931
leaf_weight=3.6618147641420391 18.252590019255877 2.0327749587595454 152.99761966615915 45.046384640038013 16.774311423301697 11.185543850064279 5.55287792533636 24.782199762761593 40.29794405400753 133.65623889118433 1.5966690033674242 1.0094692260026921 0.62922466546297062
leaf_count=58 264 17 2325 627 199 61 79 418 300 2117 9 16 9
model_size=1488
internal_value=0 0.0723075 -0.0418771 0.0468813 -0.0666483 -0.0808645 0.0574514 -0.0792045 -0.092842 0.103329 0.0161423 0.105668 -0.0245352
internal_weight=0 167.368 290.107 63.299 226.808 210.034 16.7384 28.444 193.296 138.924 3.62944 135.295 1.63869
internal_count=6499 2644 3855 891 2964 2765 140 476 2625 2168 26 2142 25
is_linear=0
shrinkage=0.1


Tree=21
num_leaves= 16
num_cat= 0
full_tree_array_lgbids= 0 1 2 9 10 7 3 -1 -11 11 12 -2 -9 5 4 -2147483648 -2147483648 -2147483648 -2147483648 -3 -13 -12 13 -2147483648 -2147483648 -2147483648 -2147483648 -4 6 14 8 -2147483648 -2147483648 -2147483648 -2147483648 -2147483648 -2147483648 -2147483648 -2147483648 -2147483648 -2147483648 -2147483648 -2147483648 -2147483648 -2147483648 -14 -15 -2147483648 -2147483648 -2147483648 -2147483648 -2147483648 -2147483648 -2147483648 -2147483648 -2147483648 -2147483648 -7 -8 -5 -16 -6 -10
split_feature= 8 20 19 7 20 19 19 4 4 10 12 1 21 1 20
split_gain= 123.022 70.101 55.8105 54.973 19.8447 19.08 61.2793 14.3416 13.2421 12.6035 2.08429 4.81855 1.99736 1.08653 0.955744
threshold= 3.5000000000000004 3.5000000000000004 1.5000000000000002 1.0000000180025095e-35 3.5000000000000004 4.5000000000000009 6.5000000000000009 4.5000000000000009 5.5000000000000009 1.0000000180025095e-35 1.0000000180025095e-35 2.5000000000000004 4.5000000000000009 1.5000000000000002 2.5000000000000004
decision_type= 2 2 2 2 2 2 2 2 2 2 2 2 2 2 2
left_child=1 9 7 5 14 -4 -7 -2 -6 -1 11 -3 -12 -14 -5
right_child=2 10 3 4 8 6 -8 -9 -10 -11 12 -13 13 -15 -16
leaf_value= 0.10652517821132974 0.10640556764713126 0.12737875662998754 -0.10611785339575359 0.18479108263400201 -0.034879550616484421 0.19417474985411975 -0.088963871725498009 -0.10606123437219994 0.11009324518791633 -0.10607284898161794 0.10652517821132985 -0.12631424399268437 -0.1065287719928249 0.10735343322095355 0.10973179786173404
leaf_weight=3.3351530358195332 28.91010307520628 1.8876124881207934 129.50977951660752 3.4128565043210957 35.702194631099701 9.7000383138656598 37.579279467463493 3.7178910970687857 8.0253881625831109 22.561109729111195 121.73308580741286 1.4843240082263947 0.91941914707422145 0.57357336580753326 11.57851830124855
leaf_count=58 511 17 2384 14 241 39 340 69 105 418 2117 9 16 9 152
model_size=1712
internal_value=0 0.0717822 -0.0409556 -0.0580173 0.0262175 -0.0859951 -0.0308739 0.0821954 -0.00827248 -0.0786926 0.102563 0.0157033 0.104939 -0.0243602 0.126819
internal_weight=0 152.494 268.136 235.508 58.719 176.789 47.2793 32.628 43.7276 25.8963 126.598 3.37194 123.226 1.49299 14.9914
internal_count=6499 2644 3855 3275 512 2763 379 580 346 476 2168 26 2142 25 166
is_linear=0
shrinkage=0.1


Tree=22
num_leaves= 14
num_cat= 0
full_tree_array_lgbids= 0 1 2 8 9 3 4 -1 -10 10 11 -2 -5 5 -6 -2147483648 -2147483648 -2147483648 -2147483648 -3 -12 -11 12 -2147483648 -2147483648 -2147483648 -2147483648 7 6 -2147483648 -2147483648 -2147483648 -2147483648 -2147483648 -2147483648 -2147483648 -2147483648 -2147483648 -2147483648 -2147483648 -2147483648 -2147483648 -2147483648 -2147483648 -2147483648 -13 -14 -2147483648 -2147483648 -2147483648 -2147483648 -2147483648 -2147483648 -2147483648 -2147483648 -4 -9 -7 -8 -2147483648 -2147483648 -2147483648 -2147483648
split_feature= 8 20 4 4 4 12 18 0 10 12 1 21 1
split_gain= 109.596 62.9039 50.8211 51.3318 44.4405 31.4828 18.4891 11.7809 11.2477 1.84271 4.1505 1.70735 0.887615
threshold= 3.5000000000000004 3.5000000000000004 2.5000000000000004 1.0000000180025095e-35 5.5000000000000009 2.5000000000000004 3.5000000000000004 1.5000000000000002 1.0000000180025095e-35 1.0000000180025095e-35 2.5000000000000004 4.5000000000000009 1.5000000000000002
decision_type= 2 2 2 2 2 2 2 2 2 2 2 2 2
left_child=1 8 3 -2 5 7 -7 -4 -1 10 -3 -11 -13
right_child=2 9 4 -5 -6 6 -8 -9 -10 11 -12 12 -14
leaf_value= 0.105865822596505 -0.1081193162970642 0.12430569584559044 -0.0086991998803860101 0.10910434548058856 0.1091285562043352 0.13463601030703207 -0.10782497492976564 -0.098854176250685738 -0.10546166888562683 0.10586582259650512 -0.12319173683012681 -0.10586912776957846 0.10660503444426431
leaf_weight=3.0356061831116703 15.423104416579006 1.7480227239429942 16.904910124838352 38.329556051641703 14.002655632793902 10.71174308657646 4.6465615257620803 149.39475009590387 20.526399090886116 110.79962568357587 1.3753480017185211 0.83684352412819751 0.52244783565402031
leaf_count=58 264 17 189 627 199 61 79 2436 418 2117 9 16 9
model_size=1488
internal_value=0 0.0713135 -0.0398203 0.046777 -0.0636106 -0.0769258 0.0612809 -0.0896896 -0.0782353 0.101879 0.0153224 0.104289 -0.024204
internal_weight=0 138.844 249.413 53.7527 195.661 181.658 15.3583 166.3 23.562 115.282 3.12337 112.159 1.35929
internal_count=6499 2644 3855 891 2964 2765 140 2625 476 2168 26 2142 25
is_linear=0
shrinkage=0.1


Tree=23
num_leaves= 13
num_cat= 0
full_tree_array_lgbids= 0 1 2 7 8 3 4 -1 -9 9 10 -2 -5 5 -6 -2147483648 -2147483648 -2147483648 -2147483648 -3 -11 -10 11 -2147483648 -2147483648 -2147483648 -2147483648 -4 6 -2147483648 -2147483648 -2147483648 -2147483648 -2147483648 -2147483648 -2147483648 -2147483648 -2147483648 -2147483648 -2147483648 -2147483648 -2147483648 -2147483648 -2147483648 -2147483648 -12 -13 -2147483648 -2147483648 -2147483648 -2147483648 -2147483648 -2147483648 -2147483648 -2147483648 -2147483648 -2147483648 -7 -8 -2147483648 -2147483648 -2147483648 -2147483648
split_feature= 8 20 4 4 4 19 19 10 12 1 21 1
split_gain= 97.8151 56.4773 44.6795 45.9734 39.1573 31.0096 44.0188 10.0356 1.61696 3.57718 1.45216 0.714017
threshold= 3.5000000000000004 3.5000000000000004 2.5000000000000004 1.0000000180025095e-35 5.5000000000000009 4.5000000000000009 5.5000000000000009 1.0000000180025095e-35 1.0000000180025095e-35 2.5000000000000004 4.5000000000000009 1.5000000000000002
decision_type= 2 2 2 2 2 2 2 2 2 2 2 2
left_child=1 7 3 -2 5 -4 -7 -1 9 -3 -10 -12
right_child=2 8 4 -5 -6 6 -8 -9 10 -11 11 -13
leaf_value= 0.10527657861010012 -0.10731605219234569 0.12161845692589049 -0.10626014208180673 0.10821709011992871 0.10819534670159577 0.18171187106822151 -0.054022719426683075 -0.10491500914327373 0.10527657861010027 -0.12050366754100877 -0.10527960127738999 0.10593723029459197
leaf_weight=2.7613188400864628 14.054522722959517 1.6148198992013922 110.38325001299381 34.951843742281199 12.773817226290701 9.6008541136980039 48.992993354797363 18.664889506995678 100.78813766315579 1.2707897275686264 0.76123088225722202 0.47555806115269661
leaf_count=58 264 17 2296 627 199 39 430 418 2117 9 16 9
model_size=1376
internal_value=0 0.0708947 -0.038895 0.0464044 -0.0618947 -0.0747526 -0.0153966 -0.0778264 0.101268 0.0149906 0.103709 -0.0240646
internal_weight=0 126.337 230.757 49.0064 181.751 168.977 58.5938 21.4262 104.911 2.88561 102.025 1.23679
internal_count=6499 2644 3855 891 2964 2765 469 476 2168 26 2142 25
is_linear=0
shrinkage=0.1


Tree=24
num_leaves= 16
num_cat= 0
full_tree_array_lgbids= 0 1 2 9 11 3 7 -1 -11 12 13 4 5 -4 -9 -2147483648 -2147483648 -2147483648 -2147483648 -3 -14 -13 14 10 8 6 -7 -2147483648 -2147483648 -2147483648 -2147483648 -2147483648 -2147483648 -2147483648 -2147483648 -2147483648 -2147483648 -2147483648 -2147483648 -2147483648 -2147483648 -2147483648 -2147483648 -2147483648 -2147483648 -15 -16 -2 -12 -6 -10 -5 -8 -2147483648 -2147483648 -2147483648 -2147483648 -2147483648 -2147483648 -2147483648 -2147483648 -2147483648 -2147483648
split_feature= 8 20 9 10 19 4 21 19 2 10 3 12 1 21 1
split_gain= 87.3193 50.7316 39.9879 42.9419 31.9819 31.5687 34.5818 26.1028 14.419 8.95117 1.84683 1.4075 3.07445 1.21892 0.553927
threshold= 3.5000000000000004 3.5000000000000004 1.0000000180025095e-35 1.0000000180025095e-35 6.5000000000000009 5.5000000000000009 1.0000000180025095e-35 1.5000000000000002 7.5000000000000009 1.0000000180025095e-35 1.0000000180025095e-35 1.0000000180025095e-35 2.5000000000000004 4.5000000000000009 1.5000000000000002
decision_type= 2 2 2 2 2 2 2 2 2 2 2 2 2 2 2
left_child=1 9 3 4 10 6 -5 -4 -6 -1 -2 12 -3 -13 -15
right_child=2 11 7 5 8 -7 -8 -9 -10 -11 -12 13 -14 14 -16
leaf_value= 0.10474930962181393 0.10814130047004891 0.11926118969690339 0.1046340878456727 0.10131518731093897 -0.12125246728899997 0.10736345354400943 -0.10269775926250768 -0.10505818191941373 0.19782785621725923 -0.10442548272911378 0.16823235881291143 0.10474930962181409 -0.11817596756445199 -0.10475208963290106 0.10534050726061482
leaf_weight=2.5104792863130596 25.288060560822487 1.4885411057621232 6.5606950782239428 9.915538437664507 9.4944707676768267 11.643205538392065 57.491198148578405 82.380457811057568 1.7488991022109992 16.963821515440941 9.345592260360716 91.632493950426579 1.171336904168129 0.69208175688981899 0.43261579424142838
leaf_count=58 472 17 155 83 74 199 903 1923 7 418 39 2117 9 16 9
model_size=1712
internal_value=0 0.0705199 -0.0379494 -0.00118389 0.0763273 -0.0461679 -0.0726874 -0.0895903 -0.0716197 -0.0774603 0.124356 0.100722 0.0147004 0.103189 -0.0239398
internal_weight=0 114.891 213.868 124.927 45.877 79.0499 67.4067 88.9412 11.2434 19.4743 34.6337 95.4171 2.65988 92.7572 1.1247
internal_count=6499 2644 3855 1777 592 1185 986 2078 81 476 511 2168 26 2142 25
is_linear=0
shrinkage=0.1


Tree=25
num_leaves= 16
num_cat= 0
full_tree_array_lgbids= 0 1 2 9 10 3 7 -1 -11 11 12 4 5 -4 -9 -2147483648 -2147483648 -2147483648 -2147483648 -3 -13 -12 14 13 8 6 -7 -2147483648 -2147483648 -2147483648 -2147483648 -2147483648 -2147483648 -2147483648 -2147483648 -2147483648 -2147483648 -2147483648 -2147483648 -2147483648 -2147483648 -2147483648 -2147483648 -2147483648 -2147483648 -14 -16 -2 -15 -6 -10 -5 -8 -2147483648 -2147483648 -2147483648 -2147483648 -2147483648 -2147483648 -2147483648 -2147483648 -2147483648 -2147483648
split_feature= 8 20 9 10 19 4 21 19 20 10 12 1 21 3 1
split_gain= 78.2648 45.5755 36.1619 37.7618 28.1729 27.9263 30.3362 23.4055 12.2657 7.96676 1.20072 2.63081 1.00492 0.989547 0.405571
threshold= 3.5000000000000004 3.5000000000000004 1.0000000180025095e-35 1.0000000180025095e-35 6.5000000000000009 5.5000000000000009 1.0000000180025095e-35 1.5000000000000002 3.5000000000000004 1.0000000180025095e-35 1.0000000180025095e-35 2.5000000000000004 4.5000000000000009 1.0000000180025095e-35 1.5000000000000002
decision_type= 2 2 2 2 2 2 2 2 2 2 2 2 2 2 2
left_child=1 9 3 4 13 6 -5 -4 -6 -1 11 -3 -12 -2 -14
right_child=2 10 7 5 8 -7 -8 -9 -10 -11 12 -13 14 -15 -16
leaf_value= 0.1042769941535199 0.10734954540785775 0.11718733490571021 0.10417371984150262 0.095017278346586437 0.18028444050793302 0.1066207487459323 -0.10081483177020643 -0.10456018853433249 -0.11891091530521956 -0.10398665302316219 0.10427699415352006 -0.11615006865146066 -0.10427953081685948 0.15774014331331887 0.10480661704692161
leaf_weight=2.2813395410776165 23.041730962693691 1.3694962896406642 5.9612586349248877 9.5358220450580102 1.7280140221118916 10.60484406724572 52.942762225866318 74.877830684185028 8.7513953074812871 15.41097132116556 83.268893249332905 1.0774026587605476 0.62891448289155849 8.9885827749967557 0.39333922415971756
leaf_count=58 472 17 155 83 7 199 903 1923 74 418 2117 9 16 39 9
model_size=1712
internal_value=0 0.0701843 -0.0374002 -0.00119708 0.0743895 -0.0451628 -0.0709259 -0.0891677 -0.0695748 -0.077132 0.100233 0.0144457 0.102723 0.121491 -0.0238281
internal_weight=0 104.43 196.432 115.593 42.5097 73.0834 62.4786 80.8391 10.4794 17.6923 86.738 2.4469 84.2911 32.0303 1.02225
internal_count=6499 2644 3855 1777 592 1185 986 2078 81 476 2168 26 2142 511 25
is_linear=0
shrinkage=0.1


Tree=26
num_leaves= 17
num_cat= 0
full_tree_array_lgbids= 0 1 2 10 11 3 6 -1 -12 12 13 4 5 -4 -8 -2147483648 -2147483648 -2147483648 -2147483648 -3 -14 -13 15 14 9 7 8 -2147483648 -2147483648 -2147483648 -2147483648 -2147483648 -2147483648 -2147483648 -2147483648 -2147483648 -2147483648 -2147483648 -2147483648 -2147483648 -2147483648 -2147483648 -2147483648 -2147483648 -2147483648 -15 -17 -2 -16 -6 -11 -5 -9 -7 -10 -2147483648 -2147483648 -2147483648 -2147483648 -2147483648 -2147483648 -2147483648 -2147483648
split_feature= 8 20 9 10 19 7 19 13 20 20 10 12 1 21 3 1
split_gain= 70.1685 40.9549 32.713 33.2558 24.8727 24.7845 20.9877 15.7276 10.9289 10.5241 7.08389 1.01012 2.23695 0.807804 0.427053 0.267407
threshold= 3.5000000000000004 3.5000000000000004 1.0000000180025095e-35 1.0000000180025095e-35 6.5000000000000009 1.0000000180025095e-35 1.5000000000000002 1.5000000000000002 4.5000000000000009 3.5000000000000004 1.0000000180025095e-35 1.0000000180025095e-35 2.5000000000000004 4.5000000000000009 1.0000000180025095e-35 1.5000000000000002
decision_type= 2 2 2 2 2 2 2 2 2 2 2 2 2 2 2 2
left_child=1 10 3 4 14 7 -4 -5 -7 -6 -1 12 -3 -13 -2 -15
right_child=2 11 6 5 9 8 -8 -9 -10 -11 -12 13 -14 15 -16 -17
leaf_value= 0.10385346582430799 0.10663659908283425 0.11535796942788296 0.10376080061598972 0.11557980847070946 0.16705175074848649 0.072938894382375594 -0.10411278871334217 -0.10672920176476386 -0.11359026148521192 -0.11685858674916945 -0.10359291491265815 0.10385346582430817 -0.11437908727122253 -0.10385578498168882 0.14936965096949012 0.10432840276859122
leaf_weight=2.0722302719950703 20.981298483908176 1.2578120622783893 5.4143402725458136 3.615428924560546 1.6807264685630769 19.234099723398689 68.028564624488354 40.730390287935734 4.0383347868919364 8.0504973009228706 13.994720868766306 75.636404927819967 0.98919171094894398 0.57126879692077537 8.5647602230310458 0.35745619609951973
leaf_count=58 472 17 155 31 7 269 1923 841 44 74 418 2117 9 16 39 9
model_size=1824
internal_value=0 0.0698834 -0.0368707 -0.00120084 0.0727313 -0.0441457 -0.088788 -0.0886048 0.0405715 -0.0678231 -0.0768376 0.0997946 0.0142215 0.102306 0.119024 -0.0237279
internal_weight=0 94.8791 180.338 106.896 39.2773 67.6183 73.4429 44.3458 23.2724 9.73122 16.067 78.8121 2.247 76.5651 29.5461 0.928725
internal_count=6499 2644 3855 1777 592 1185 2078 872 313 81 476 2168 26 2142 511 25
is_linear=0
shrinkage=0.1


Tree=27
num_leaves= 16
num_cat= 0
full_tree_array_lgbids= 0 1 2 9 10 3 7 -1 -11 11 12 6 4 -4 -9 -2147483648 -2147483648 -2147483648 -2147483648 -3 -13 -12 13 14 8 5 -6 -2147483648 -2147483648 -2147483648 -2147483648 -2147483648 -2147483648 -2147483648 -2147483648 -2147483648 -2147483648 -2147483648 -2147483648 -2147483648 -2147483648 -2147483648 -2147483648 -2147483648 -2147483648 -14 -15 -2 -16 -8 -10 -5 -7 -2147483648 -2147483648 -2147483648 -2147483648 -2147483648 -2147483648 -2147483648 -2147483648 -2147483648 -2147483648
split_feature= 8 20 9 10 4 12 19 19 20 10 12 1 21 1 3
split_gain= 62.9333 36.803 29.5767 29.3282 22.6334 24.745 21.9916 18.8114 9.07505 6.28405 0.827516 1.88721 0.62745 0.140038 0.0417815
threshold= 3.5000000000000004 3.5000000000000004 1.0000000180025095e-35 1.0000000180025095e-35 5.5000000000000009 2.5000000000000004 6.5000000000000009 1.5000000000000002 3.5000000000000004 1.0000000180025095e-35 1.0000000180025095e-35 2.5000000000000004 4.5000000000000009 1.5000000000000002 1.0000000180025095e-35
decision_type= 2 2 2 2 2 2 2 2 2 2 2 2 2 2 2
left_child=1 9 3 6 5 -5 14 -4 -8 -1 11 -3 -12 -14 -2
right_child=2 10 7 4 -6 -7 8 -9 -10 -11 12 -13 13 -15 -16
leaf_value= 0.10347335349041774 0.10599423254754972 0.11374039516060175 0.10339014307918126 -0.10779936219205591 0.10554102175404621 0.051452882025926974 0.15674501145650932 -0.10371055501333092 -0.11505338576597167 -0.10323934713330028 0.10347335349041774 -0.11282499500646211 -0.1034754643475488 0.1038996340602826 0.14256215550680004
leaf_weight=1.881568357348441 19.093849126249552 1.1534700524061912 4.9157658219337454 40.323691146448255 9.0448523182421905 13.369261786341665 1.615428164601324 61.781362008303404 7.3928056210279465 12.704103779047726 68.677245043218136 0.90675274282693852 0.51870839670300384 0.32470642402768135 8.1002332270145434
leaf_count=58 472 17 155 781 199 205 7 1923 74 418 2117 9 16 9 39
model_size=1712
internal_value=0 0.0696134 -0.0363581 -0.00124429 -0.043106 -0.0681464 0.0713012 -0.0884467 -0.0663123 -0.0765732 0.0994011 0.0140236 0.101931 -0.0236381 0.116887
internal_weight=0 86.1666 165.637 98.9401 62.7378 53.693 36.2023 66.6971 9.00823 14.5857 71.5809 2.06022 69.5207 0.843415 27.1941
internal_count=6499 2644 3855 1777 1185 986 592 2078 81 476 2168 26 2142 25 511
is_linear=0
shrinkage=0.1


Tree=28
num_leaves= 16
num_cat= 0
full_tree_array_lgbids= 0 1 2 10 11 3 6 -1 -12 12 13 5 4 -4 -8 -2147483648 -2147483648 -2147483648 -2147483648 -3 -14 -13 14 -2 9 7 8 -2147483648 -2147483648 -2147483648 -2147483648 -2147483648 -2147483648 -2147483648 -2147483648 -2147483648 -2147483648 -2147483648 -2147483648 -2147483648 -2147483648 -2147483648 -2147483648 -2147483648 -2147483648 -15 -16 -2147483648 -2147483648 -7 -11 -5 -9 -6 -10 -2147483648 -2147483648 -2147483648 -2147483648 -2147483648 -2147483648 -2147483648 -2147483648
split_feature= 8 20 9 10 7 19 19 13 1 20 10 12 1 21 1
split_gain= 56.4419 33.0777 26.7595 25.8718 20.4329 19.4737 16.8593 13.208 9.162 7.85724 5.56761 0.662181 1.57922 0.465949 0.0261905
threshold= 3.5000000000000004 3.5000000000000004 1.0000000180025095e-35 1.0000000180025095e-35 1.0000000180025095e-35 6.5000000000000009 1.5000000000000002 1.5000000000000002 1.5000000000000002 3.5000000000000004 1.0000000180025095e-35 1.0000000180025095e-35 2.5000000000000004 4.5000000000000009 1.5000000000000002
decision_type= 2 2 2 2 2 2 2 2 2 2 2 2 2 2 2
left_child=1 10 3 5 7 -2 -4 -5 -6 -7 -1 12 -3 -13 -15
right_child=2 11 6 4 8 9 -8 -9 -10 -11 -12 13 -14 14 -16
leaf_value= 0.10313192461089341 0.11502413906392586 0.1123069157535807 0.10305714545847865 0.11318319251462572 -0.048823389442192826 0.14851929153105278 -0.10334865544020054 -0.10547859973831197 0.09331483258473261 -0.11346064394814648 -0.10292161391218094 0.10313192461089341 -0.11145665110106139 -0.10313385026345062 0.10351482540799305
leaf_weight=1.7078625038266171 24.981398165225983 1.0563411433249701 4.4616085384041062 3.1902043670415869 7.9399436637759218 1.5383552014827708 56.087862703949213 34.319737510755658 12.833478301763535 6.7783667147159576 11.528827928006647 62.336981389671564 0.83001936972141255 0.47082216292619605 0.29484302178025246
leaf_count=58 511 17 155 31 67 7 1923 841 246 74 418 2117 9 16 9
model_size=1712
internal_value=0 0.0693709 -0.0358439 -0.00126838 -0.0420192 0.0700599 -0.0881396 -0.0868815 0.0389873 -0.0650019 -0.0763356 0.0990478 0.0138485 0.101595 -0.0235574
internal_weight=0 78.2257 152.131 91.5815 58.2834 33.2981 60.5495 37.5099 20.7734 8.31672 13.2367 64.989 1.88636 63.1026 0.765665
internal_count=6499 2644 3855 1777 1185 592 2078 872 313 81 476 2168 26 2142 25
is_linear=0
shrinkage=0.1


Tree=29
num_leaves= 15
num_cat= 0
full_tree_array_lgbids= 0 1 2 10 11 3 6 -1 -12 12 13 5 4 -4 -8 -2147483648 -2147483648 -2147483648 -2147483648 -3 -14 -13 -15 -2 9 7 8 -2147483648 -2147483648 -2147483648 -2147483648 -2147483648 -2147483648 -2147483648 -2147483648 -2147483648 -2147483648 -2147483648 -2147483648 -2147483648 -2147483648 -2147483648 -2147483648 -2147483648 -2147483648 -2147483648 -2147483648 -2147483648 -2147483648 -7 -11 -5 -9 -6 -10 -2147483648 -2147483648 -2147483648 -2147483648 -2147483648 -2147483648 -2147483648 -2147483648
split_feature= 8 20 9 10 7 19 19 13 20 2 10 12 1 21
split_gain= 50.6315 29.7275 24.1989 22.8796 18.2917 17.3119 15.1021 11.7674 7.93653 6.81629 4.92043 0.507679 1.30386 0.317793
threshold= 3.5000000000000004 3.5000000000000004 1.0000000180025095e-35 1.0000000180025095e-35 1.0000000180025095e-35 6.5000000000000009 1.5000000000000002 1.5000000000000002 4.5000000000000009 7.5000000000000009 1.0000000180025095e-35 1.0000000180025095e-35 2.5000000000000004 4.5000000000000009
decision_type= 2 2 2 2 2 2 2 2 2 2 2 2 2 2
left_child=1 10 3 5 7 -2 -4 -5 -6 -7 -1 12 -3 -13
right_child=2 11 6 4 8 9 -8 -9 -10 -11 -12 13 -14 -15
leaf_value= 0.10282502126035142 0.1137035273619228 0.11103406504456914 0.1027577769701382 0.11177242232685383 0.066497028502408587 -0.11205153280658009 -0.10302287563973025 -0.1049398913959136 -0.11039167476059304 0.14182802798377309 -0.10263586569556582 0.10282502126035142 -0.11024832483834231 -0.023484878387892344
leaf_weight=1.5497152991592873 22.853259909898046 0.96621245704591163 4.0481922775506964 2.9211793094873419 16.563512232154611 6.2064918242394915 50.902704995125532 31.20506433211267 3.347790300846099 1.4541657567024229 10.459277782589195 56.564608419314027 0.75884179025888443 0.69485806114971538
leaf_count=58 511 17 155 31 269 74 1923 841 44 7 418 2117 9 25
model_size=1600
internal_value=0 0.069153 -0.0353769 -0.00126552 -0.0410139 0.0691255 -0.0878632 -0.0863895 0.0367558 -0.0638595 -0.0761219 0.0987303 0.0136932 0.101292
internal_weight=0 70.9935 139.502 84.5515 54.0375 30.5139 54.9509 34.1262 19.9113 7.66066 12.009 58.9845 1.72505 57.2595
internal_count=6499 2644 3855 1777 1185 592 2078 872 313 81 476 2168 26 2142
is_linear=0
shrinkage=0.1


Tree=30
num_leaves= 14
num_cat= 0
full_tree_array_lgbids= 0 1 2 9 10 3 7 -1 -11 11 12 6 4 -4 -9 -2147483648 -2147483648 -2147483648 -2147483648 -3 -13 -12 -14 -2 8 5 -6 -2147483648 -2147483648 -2147483648 -2147483648 -2147483648 -2147483648 -2147483648 -2147483648 -2147483648 -2147483648 -2147483648 -2147483648 -2147483648 -2147483648 -2147483648 -2147483648 -2147483648 -2147483648 -2147483648 -2147483648 -2147483648 -2147483648 -8 -10 -5 -7 -2147483648 -2147483648 -2147483648 -2147483648 -2147483648 -2147483648 -2147483648 -2147483648 -2147483648 -2147483648
split_feature= 8 20 9 10 4 12 19 19 20 10 12 1 21
split_gain= 45.4 26.6846 21.8736 20.2392 16.43 20.0467 15.3891 13.521 5.91948 4.33714 0.362249 1.05872 0.240877
threshold= 3.5000000000000004 3.5000000000000004 1.0000000180025095e-35 1.0000000180025095e-35 5.5000000000000009 2.5000000000000004 6.5000000000000009 1.5000000000000002 3.5000000000000004 1.0000000180025095e-35 1.0000000180025095e-35 2.5000000000000004 4.5000000000000009
decision_type= 2 2 2 2 2 2 2 2 2 2 2 2 2
left_child=1 9 3 6 5 -5 -2 -4 -8 -1 11 -3 -12
right_child=2 10 7 4 -6 -7 8 -9 -10 -11 12 -13 -14
leaf_value= 0.10254897274617014 0.11248840533543732 0.10990179682751865 0.10248846623375388 -0.10623737452304234 0.10425743761610232 0.050176823952463562 0.1363011949348219 -0.10272943611489625 -0.11080191062890672 -0.10237875438803257 0.10254897274617014 -0.10917851482446908 -0.021246934353549497
leaf_weight=1.4058226719498623 20.890474919229749 0.8828110322356213 3.6720906291156998 31.407528974115849 7.1092864330857983 11.696901470422743 1.3663351833820332 46.18353370949626 5.6759548522531986 9.4865027219057065 51.312527526170015 0.69301173090934753 0.69143486395478149
leaf_count=58 511 17 155 781 199 205 7 1923 74 418 2117 9 25
model_size=1488
internal_value=0 0.0688928 -0.0349162 -0.00129605 -0.0399999 -0.0637925 0.0682805 -0.0876142 -0.0628593 -0.0759297 0.098334 0.0135552 0.100903
internal_weight=0 64.4721 128.002 78.1465 50.2137 43.1044 27.9328 49.8556 7.04229 10.8923 53.5798 1.57582 52.004
internal_count=6499 2644 3855 1777 1185 986 592 2078 81 476 2168 26 2142
is_linear=0
shrinkage=0.1


Tree=31
num_leaves= 15
num_cat= 0
full_tree_array_lgbids= 0 1 2 10 11 3 6 -1 -12 12 13 5 4 -4 -8 -2147483648 -2147483648 -2147483648 -2147483648 -3 -14 -13 -15 -2 9 7 8 -2147483648 -2147483648 -2147483648 -2147483648 -2147483648 -2147483648 -2147483648 -2147483648 -2147483648 -2147483648 -2147483648 -2147483648 -2147483648 -2147483648 -2147483648 -2147483648 -2147483648 -2147483648 -2147483648 -2147483648 -2147483648 -2147483648 -7 -11 -5 -9 -6 -10 -2147483648 -2147483648 -2147483648 -2147483648 -2147483648 -2147483648 -2147483648 -2147483648
split_feature= 8 20 9 10 7 19 19 13 1 2 10 12 3 21
split_gain= 40.6985 23.9461 19.7741 17.8946 15.1567 13.6775 12.0976 9.87598 6.56045 5.14114 3.81125 0.2286 0.840119 0.171737
threshold= 3.5000000000000004 3.5000000000000004 1.0000000180025095e-35 1.0000000180025095e-35 1.0000000180025095e-35 6.5000000000000009 1.5000000000000002 1.5000000000000002 1.5000000000000002 7.5000000000000009 1.0000000180025095e-35 1.0000000180025095e-35 1.0000000180025095e-35 4.5000000000000009
decision_type= 2 2 2 2 2 2 2 2 2 2 2 2 2 2
left_child=1 10 3 5 7 -2 -4 -5 -6 -7 -1 12 -3 -13
right_child=2 11 6 4 8 9 -8 -9 -10 -11 -12 13 -14 -15
leaf_value= 0.10230053385746335 0.11137229135620907 -0.1082291868498368 0.10224606473544334 0.11001225739631633 -0.043370445230368669 -0.10969138676847977 -0.10246501240961384 -0.10404698488358455 0.088032775401506294 0.13167887623720709 -0.10214726866567692 0.10230053385746335 0.10889293384134985 -0.01920506720760189
leaf_weight=1.2749728113412846 19.082261273637418 0.63228162378072628 3.3301211427897206 2.5645531713962582 7.1359911039471653 5.1851486749947062 41.890936639159918 26.271996824070811 10.695235053077338 1.277440160512924 8.6022045798599702 46.536507613956928 0.80582235381007195 0.68861158564686675
leaf_count=58 511 9 155 31 67 74 1923 841 246 7 418 2117 17 25
model_size=1600
internal_value=0 0.0686456 -0.034458 -0.00131097 -0.0389851 0.0675158 -0.0873899 -0.0850098 0.0354457 -0.0619805 -0.0757566 0.0979549 0.0134323 0.100529
internal_weight=0 58.5404 117.434 72.2126 46.6678 25.5449 45.2211 28.8365 17.8312 6.46259 9.87718 48.6632 1.4381 47.2251
internal_count=6499 2644 3855 1777 1185 592 2078 872 313 81 476 2168 26 2142
is_linear=0
shrinkage=0.1


Tree=32
num_leaves= 15
num_cat= 0
full_tree_array_lgbids= 0 1 2 10 11 3 6 -1 -12 12 13 5 4 -4 -8 -2147483648 -2147483648 -2147483648 -2147483648 -3 -14 -13 -15 -2 9 7 8 -2147483648 -2147483648 -2147483648 -2147483648 -2147483648 -2147483648 -2147483648 -2147483648 -2147483648 -2147483648 -2147483648 -2147483648 -2147483648 -2147483648 -2147483648 -2147483648 -2147483648 -2147483648 -2147483648 -2147483648 -2147483648 -2147483648 -7 -11 -5 -9 -6 -10 -2147483648 -2147483648 -2147483648 -2147483648 -2147483648 -2147483648 -2147483648 -2147483648
split_feature= 8 20 9 10 7 19 19 13 20 20 10 12 1 21
split_gain= 36.4676 21.4765 17.8731 15.8075 13.5617 12.1487 10.8117 8.78223 5.72859 4.45773 3.33312 0.102163 0.641036 0.105686
threshold= 3.5000000000000004 3.5000000000000004 1.0000000180025095e-35 1.0000000180025095e-35 1.0000000180025095e-35 6.5000000000000009 1.5000000000000002 1.5000000000000002 4.5000000000000009 3.5000000000000004 1.0000000180025095e-35 1.0000000180025095e-35 2.5000000000000004 4.5000000000000009
decision_type= 2 2 2 2 2 2 2 2 2 2 2 2 2 2
left_child=1 10 3 5 7 -2 -4 -5 -6 -7 -1 12 -3 -13
right_child=2 11 6 4 8 9 -8 -9 -10 -11 -12 13 -14 -15
leaf_value= 0.10207682855475966 0.11034876133906656 0.10799269879026636 0.10202775322460411 0.10896922234859899 0.060434630698303231 0.12777293254059205 -0.10222663218850897 -0.10365202621609187 -0.10804100122582604 -0.10870262124319284 -0.10193876027005029 0.10207682855475958 -0.10738504193603422 -0.017346524378226858
leaf_weight=1.1560426019132117 17.418336611241106 0.73490554653108009 3.0193372443318358 2.3415773585438755 14.393849577754738 1.1893691718578328 37.988375540822744 23.857849784195423 2.7662473618984214 4.7322083711624146 7.7987065017223358 42.195554969832301 0.57637929171323776 0.68628249876201053
leaf_count=58 511 17 155 31 269 7 1923 841 44 74 418 2117 9 25
model_size=1600
internal_value=0 0.0684085 -0.0340037 -0.00130553 -0.0379786 0.0668236 -0.0871877 -0.084649 0.033276 -0.0612057 -0.0756007 0.0975888 0.0133227 0.100166
internal_weight=0 53.1479 107.707 66.6994 43.3595 23.3399 41.0077 26.1994 17.1601 5.92158 8.95475 44.1931 1.31128 42.8818
internal_count=6499 2644 3855 1777 1185 592 2078 872 313 81 476 2168 26 2142
is_linear=0
shrinkage=0.1


Tree=33
num_leaves= 12
num_cat= 0
full_tree_array_lgbids= 0 1 2 10 -3 3 6 -1 -12 -2147483648 -2147483648 5 4 -4 -8 -2147483648 -2147483648 -2147483648 -2147483648 -2147483648 -2147483648 -2147483648 -2147483648 -2 9 7 8 -2147483648 -2147483648 -2147483648 -2147483648 -2147483648 -2147483648 -2147483648 -2147483648 -2147483648 -2147483648 -2147483648 -2147483648 -2147483648 -2147483648 -2147483648 -2147483648 -2147483648 -2147483648 -2147483648 -2147483648 -2147483648 -2147483648 -7 -11 -5 -9 -6 -10 -2147483648 -2147483648 -2147483648 -2147483648 -2147483648 -2147483648 -2147483648 -2147483648
split_feature= 8 20 9 10 7 19 19 13 12 2 10
split_gain= 32.6693 19.2476 16.1395 13.9579 12.1036 10.7814 9.64886 7.79708 5.39899 3.85391 2.89761
threshold= 3.5000000000000004 3.5000000000000004 1.0000000180025095e-35 1.0000000180025095e-35 1.0000000180025095e-35 6.5000000000000009 1.5000000000000002 1.5000000000000002 2.5000000000000004 7.5000000000000009 1.0000000180025095e-35
decision_type= 2 2 2 2 2 2 2 2 2 2 2
left_child=1 10 3 5 7 -2 -4 -5 -6 -7 -1
right_child=2 -3 6 4 8 9 -8 -9 -10 -11 -12
leaf_value= 0.1018752863209608 0.10941151486941225 0.097231781719551963 0.10183107649754049 0.10804321441809893 -0.0083572048288409109 -0.10782081430242202 -0.10201164083587821 -0.10329649265611969 0.12733206912049236 0.12444365018285171 -0.10175087166346962
leaf_weight=1.0479945987462977 15.888895299285652 40.130887191742659 2.7370172645896664 2.1359763443470028 11.783055715262892 4.3151072561740866 34.442058771848679 21.657991195097566 4.8066698908805838 1.1034817695617674 7.0689288079738617
leaf_count=58 511 2168 155 31 283 74 1923 841 30 7 418
model_size=1264
internal_value=0 0.0681791 -0.0335504 -0.00133497 -0.0369666 0.066197 -0.0870053 -0.0843246 0.0309571 -0.0605208 -0.0754602
internal_weight=0 48.2478 98.8703 61.6912 40.3837 21.3075 37.1791 23.794 16.5897 5.41859 8.11692
internal_count=6499 2644 3855 1777 1185 592 2078 872 313 81 476
is_linear=0
shrinkage=0.1


Tree=34
num_leaves= 14
num_cat= 0
full_tree_array_lgbids= 0 1 2 9 10 3 7 -1 -11 11 12 6 4 -4 -9 -2147483648 -2147483648 -2147483648 -2147483648 -3 -13 -12 -14 -2 8 5 -6 -2147483648 -2147483648 -2147483648 -2147483648 -2147483648 -2147483648 -2147483648 -2147483648 -2147483648 -2147483648 -2147483648 -2147483648 -2147483648 -2147483648 -2147483648 -2147483648 -2147483648 -2147483648 -2147483648 -2147483648 -2147483648 -2147483648 -8 -10 -5 -7 -2147483648 -2147483648 -2147483648 -2147483648 -2147483648 -2147483648 -2147483648 -2147483648 -2147483648 -2147483648
split_feature= 8 20 9 10 4 12 19 19 20 10 12 1 21
split_gain= 29.0716 17.1051 14.611 12.2737 11.9757 14.8051 9.56433 8.60397 3.32526 2.50798 0.140345 0.444501 0.187234
threshold= 3.5000000000000004 3.5000000000000004 1.0000000180025095e-35 1.0000000180025095e-35 5.5000000000000009 2.5000000000000004 6.5000000000000009 1.5000000000000002 3.5000000000000004 1.0000000180025095e-35 1.0000000180025095e-35 2.5000000000000004 4.5000000000000009
decision_type= 2 2 2 2 2 2 2 2 2 2 2 2 2
left_child=1 9 3 6 5 -5 -2 -4 -8 -1 11 -3 -12
right_child=2 10 7 4 -6 -7 8 -9 -10 -11 12 -13 -14
leaf_value= 0.10169365742564709 0.10855441154611707 0.1065324715352572 0.10165379006990408 -0.10502859222623613 0.1033388739587251 0.048737131764067937 0.12158504269039246 -0.10181768870472983 -0.1070332274622301 -0.10158148312983382 0.1017015276135067 -0.10731044103263206 -0.024992408747860753
leaf_weight=0.94987216591834922 14.484598847106101 0.61522051598876604 2.480654912069439 22.791689704172313 5.6676930990070096 9.3829340264201146 1.0207306295633305 31.220804831013083 3.9317325241863728 6.4063539579510689 34.826304171234369 0.5713503509759903 0.6973645780235519
leaf_count=58 511 17 155 781 199 205 7 1923 74 418 2117 9 25
model_size=1488
internal_value=0 0.0675007 -0.0329938 -0.00131185 -0.0356952 -0.0601866 0.0656296 -0.0868408 -0.0599137 -0.0753336 0.0961227 0.00356414 0.0992144
internal_weight=0 44.0665 90.9808 57.2794 37.8423 32.1746 19.4371 33.7015 4.95246 7.35623 36.7102 1.18657 35.5237
internal_count=6499 2644 3855 1777 1185 986 592 2078 81 476 2168 26 2142
is_linear=0
shrinkage=0.1


Tree=35
num_leaves= 14
num_cat= 0
full_tree_array_lgbids= 0 1 2 9 10 3 7 -1 -11 11 12 6 4 -4 -9 -2147483648 -2147483648 -2147483648 -2147483648 -3 -13 -12 -14 -2 8 5 -6 -2147483648 -2147483648 -2147483648 -2147483648 -2147483648 -2147483648 -2147483648 -2147483648 -2147483648 -2147483648 -2147483648 -2147483648 -2147483648 -2147483648 -2147483648 -2147483648 -2147483648 -2147483648 -2147483648 -2147483648 -2147483648 -2147483648 -8 -10 -5 -7 -2147483648 -2147483648 -2147483648 -2147483648 -2147483648 -2147483648 -2147483648 -2147483648 -2147483648 -2147483648
split_feature= 8 20 9 10 4 12 19 19 2 10 12 1 21
split_gain= 26.0248 15.3053 13.1722 10.825 10.5055 13.2795 8.47129 7.65584 2.85207 2.15041 0.0123452 0.279859 0.108638
threshold= 3.5000000000000004 3.5000000000000004 1.0000000180025095e-35 1.0000000180025095e-35 5.5000000000000009 2.5000000000000004 6.5000000000000009 1.5000000000000002 7.5000000000000009 1.0000000180025095e-35 1.0000000180025095e-35 2.5000000000000004 4.5000000000000009
decision_type= 2 2 2 2 2 2 2 2 2 2 2 2 2
left_child=1 9 3 6 5 -5 -2 -4 -8 -1 11 -3 -12
right_child=2 10 7 4 -6 -7 8 -9 -10 -11 12 -13 -14
leaf_value= 0.10152988912337245 0.10777152777963227 0.10588138571940629 0.10149394403678764 -0.10455041736250659 0.10301250010171877 0.044219926314178398 -0.10632886908514338 -0.1016426709167948 0.11911515681605583 -0.10142871599443681 0.10153699520950513 -0.10656658313164689 -0.022625513264954454
leaf_weight=0.86079569533467193 13.196564987301828 0.55992283485829719 2.2479446930810836 20.712288834154606 5.1437609046697608 9.3113271519541758 3.5799413826316586 28.295921429991722 0.94175626337528218 5.8049950171262026 31.56060841307044 0.52040333300828934 0.69350210018455882
leaf_count=58 511 17 155 781 199 205 74 1923 7 418 2117 9 25
model_size=1488
internal_value=0 0.0672824 -0.0325789 -0.00132588 -0.034801 -0.0584118 0.0651159 -0.0866924 -0.0593745 -0.0752194 0.095778 0.00354319 0.0988674
internal_weight=0 40.0002 83.4295 52.8856 35.1674 30.0236 17.7183 30.5439 4.5217 6.66579 33.3344 1.08033 32.2541
internal_count=6499 2644 3855 1777 1185 986 592 2078 81 476 2168 26 2142
is_linear=0
shrinkage=0.1


Tree=36
num_leaves= 12
num_cat= 0
full_tree_array_lgbids= 0 1 2 10 -3 3 6 -1 -12 -2147483648 -2147483648 5 4 -4 -8 -2147483648 -2147483648 -2147483648 -2147483648 -2147483648 -2147483648 -2147483648 -2147483648 -2 9 7 8 -2147483648 -2147483648 -2147483648 -2147483648 -2147483648 -2147483648 -2147483648 -2147483648 -2147483648 -2147483648 -2147483648 -2147483648 -2147483648 -2147483648 -2147483648 -2147483648 -2147483648 -2147483648 -2147483648 -2147483648 -2147483648 -2147483648 -7 -11 -5 -9 -6 -10 -2147483648 -2147483648 -2147483648 -2147483648 -2147483648 -2147483648 -2147483648 -2147483648
split_feature= 8 20 9 10 7 19 19 13 1 20 10
split_gain= 23.2775 13.6797 11.869 9.5291 9.37036 7.49159 6.79815 6.13151 4.02843 2.43011 1.82518
threshold= 3.5000000000000004 3.5000000000000004 1.0000000180025095e-35 1.0000000180025095e-35 1.0000000180025095e-35 6.5000000000000009 1.5000000000000002 1.5000000000000002 1.5000000000000002 3.5000000000000004 1.0000000180025095e-35
decision_type= 2 2 2 2 2 2 2 2 2 2 2
left_child=1 10 3 5 7 -2 -4 -5 -6 -7 -1
right_child=2 -3 6 4 8 9 -8 -9 -10 -11 -12
leaf_value= 0.10138218346564346 0.10705719219098481 0.095431758721361559 0.10134975409050039 0.10657864623675689 -0.039435623683667875 0.11696965498452122 -0.101484683734522 -0.10250499580717401 0.081638174277218728 -0.10569819742009617 -0.10129091468540452
leaf_weight=0.77995715104043384 12.016362354159357 30.270191788673401 2.0367709407582906 1.7953856214880968 5.8469789102673522 0.86696011573076148 25.641037518158555 16.934633708558977 8.1603704942390305 3.2576058376580477 5.2593590635806322
leaf_count=58 511 2168 155 31 67 7 1923 841 246 74 418
model_size=1264
internal_value=0 0.0670647 -0.0321482 -0.00133788 -0.0338731 0.0646507 -0.0865584 -0.0824631 0.0310993 -0.0588947 -0.0751164
internal_weight=0 36.3095 76.5561 48.8783 32.7374 16.1409 27.6778 18.73 14.0073 4.12457 6.03932
internal_count=6499 2644 3855 1777 1185 592 2078 872 313 81 476
is_linear=0
shrinkage=0.1


Tree=37
num_leaves= 15
num_cat= 0
full_tree_array_lgbids= 0 1 2 10 11 3 6 -1 -12 13 12 5 4 -4 -8 -2147483648 -2147483648 -2147483648 -2147483648 -3 -15 -13 -14 -2 9 7 8 -2147483648 -2147483648 -2147483648 -2147483648 -2147483648 -2147483648 -2147483648 -2147483648 -2147483648 -2147483648 -2147483648 -2147483648 -2147483648 -2147483648 -2147483648 -2147483648 -2147483648 -2147483648 -2147483648 -2147483648 -2147483648 -2147483648 -7 -11 -5 -9 -6 -10 -2147483648 -2147483648 -2147483648 -2147483648 -2147483648 -2147483648 -2147483648 -2147483648
split_feature= 8 20 9 10 7 19 19 13 12 2 10 12 21 1
split_gain= 20.6628 12.089 10.6962 8.36843 8.34664 6.61634 6.0257 5.4128 4.07002 2.0565 1.53294 0.033448 0.185718 0.105939
threshold= 3.5000000000000004 3.5000000000000004 1.0000000180025095e-35 1.0000000180025095e-35 1.0000000180025095e-35 6.5000000000000009 1.5000000000000002 1.5000000000000002 2.5000000000000004 7.5000000000000009 1.0000000180025095e-35 1.0000000180025095e-35 4.5000000000000009 2.5000000000000004
decision_type= 2 2 2 2 2 2 2 2 2 2 2 2 2 2
left_child=1 10 3 5 7 -2 -4 -5 -6 -7 -1 13 -13 -3
right_child=2 11 6 4 8 9 -8 -9 -10 -11 -12 12 -14 -15
leaf_value= 0.10124892270984971 0.10640602048249746 0.10482095033454326 0.10121965931120575 0.10591356840111864 -0.011377698921070241 -0.10513291848552907 -0.10134203691635513 -0.10226251975972062 0.12149116122517263 0.1150972293875898 -0.1011665588796799 0.10126220692485365 -0.029447084959145071 -0.10649387504692341
leaf_weight=0.70661601796746154 10.936004388146101 0.46719373203814285 1.8451946787536169 1.634211994707585 9.4076645988971013 2.9626435246318574 23.2319664824754 15.357572630979121 4.1200315803289405 0.79656235128641117 4.7644168231636286 26.058941423892978 0.70576571673154731 0.51534388214349747
leaf_count=58 511 17 155 31 283 74 1923 841 30 7 418 2117 25 9
model_size=1600
internal_value=0 0.0662779 -0.0316914 -0.00132792 -0.032894 0.0642296 -0.0864374 -0.0822409 0.0290892 -0.0584669 -0.0750234 0.0941389 0.0978155 -0.0060143
internal_weight=0 33.2183 70.2919 45.2147 30.5195 14.6952 25.0772 16.9918 13.5277 3.75921 5.47103 27.7472 26.7647 0.982538
internal_count=6499 2644 3855 1777 1185 592 2078 872 313 81 476 2168 2142 26
is_linear=0
shrinkage=0.1


Tree=38
num_leaves= 11
num_cat= 0
full_tree_array_lgbids= 0 1 2 9 -3 3 7 -1 -11 -2147483648 -2147483648 6 4 -4 -9 -2147483648 -2147483648 -2147483648 -2147483648 -2147483648 -2147483648 -2147483648 -2147483648 -2 8 5 -6 -2147483648 -2147483648 -2147483648 -2147483648 -2147483648 -2147483648 -2147483648 -2147483648 -2147483648 -2147483648 -2147483648 -2147483648 -2147483648 -2147483648 -2147483648 -2147483648 -2147483648 -2147483648 -2147483648 -2147483648 -2147483648 -2147483648 -8 -10 -5 -7 -2147483648 -2147483648 -2147483648 -2147483648 -2147483648 -2147483648 -2147483648 -2147483648 -2147483648 -2147483648
split_feature= 8 20 9 10 4 12 19 19 2 10
split_gain= 18.4207 10.7722 9.64117 7.30892 8.27089 10.3976 5.82453 5.32054 1.71578 1.26103
threshold= 3.5000000000000004 3.5000000000000004 1.0000000180025095e-35 1.0000000180025095e-35 5.5000000000000009 2.5000000000000004 6.5000000000000009 1.5000000000000002 7.5000000000000009 1.0000000180025095e-35
decision_type= 2 2 2 2 2 2 2 2 2 2
left_child=1 9 3 6 5 -5 -2 -4 -8 -1
right_child=2 -3 7 4 -6 -7 8 -9 -10 -11
leaf_value= 0.10112866489506633 0.10581292176372639 0.09378843686032734 0.10110224923583722 -0.10388786846831709 0.10253501212081076 0.042204761845415495 -0.10462576631376282 -0.10121321310079485 0.11345650082635401 -0.1010543172087755
leaf_weight=0.640094224363568 9.9479467989876849 25.200041791889817 1.671441495418551 16.286546344868846 4.3658918719738713 7.9636690542101851 2.6930419784039255 21.046545818448067 0.73064641654491413 4.3155672438442707
leaf_count=58 511 2168 155 781 199 205 74 1923 7 418
model_size=1152
internal_value=0 0.0660604 -0.0311512 -0.00129697 -0.0317378 -0.0559117 0.0638483 -0.0863282 -0.058085 -0.0749395
internal_weight=0 30.1557 64.7057 41.9877 28.6161 24.2502 13.3716 22.718 3.42369 4.95566
internal_count=6499 2644 3855 1777 1185 986 592 2078 81 476
is_linear=0
shrinkage=0.1


Tree=39
num_leaves= 7
num_cat= 0
full_tree_array_lgbids= 0 -1 1 -2147483648 -2147483648 2 3 -2147483648 -2147483648 -2147483648 -2147483648 -2 -4 4 -5 -2147483648 -2147483648 -2147483648 -2147483648 -2147483648 -2147483648 -2147483648 -2147483648 -2147483648 -2147483648 -2147483648 -2147483648 -3 5 -2147483648 -2147483648 -2147483648 -2147483648 -2147483648 -2147483648 -2147483648 -2147483648 -2147483648 -2147483648 -2147483648 -2147483648 -2147483648 -2147483648 -2147483648 -2147483648 -2147483648 -2147483648 -2147483648 -2147483648 -2147483648 -2147483648 -2147483648 -2147483648 -2147483648 -2147483648 -2147483648 -2147483648 -6 -7 -2147483648 -2147483648 -2147483648 -2147483648
split_feature= 8 4 4 4 19 12
split_gain= 16.4118 15.0871 12.8036 8.71936 11.1783 7.02093
threshold= 1.0000000180025095e-35 2.5000000000000004 1.0000000180025095e-35 5.5000000000000009 4.5000000000000009 2.5000000000000004
decision_type= 2 2 2 2 2 2
left_child=-1 2 -2 4 -3 -6
right_child=1 3 -4 -5 5 -7
leaf_value= 0.10103853941485082 -0.10166573338775527 -0.10213540147679656 0.10136163490910724 0.10228879416571712 -0.039268677977481355 0.10391639526700919
leaf_weight=14.22179335914552 4.2935226904228339 29.194747761823237 15.426082003396004 3.9594470448791972 14.554875731468202 5.3879326600581399
leaf_count=1398 320 2523 1411 199 574 74
model_size=704
internal_value=0 -0.020069 0.0571568 -0.0487498 -0.0609203 -0.000584481
internal_weight=0 72.8166 19.7196 53.097 49.1376 19.9428
internal_count=6499 5101 1731 3370 3171 648
is_linear=0
shrinkage=0.1


end of trees

feature_importances:
Column_4=66
Column_19=64
Column_20=56
Column_10=54
Column_21=54
Column_1=48
Column_12=47
Column_8=40
Column_7=24
Column_9=23
Column_13=20
Column_17=12
Column_2=10
Column_3=5
Column_18=3
Column_0=2

parameters:
[boosting: gbdt]
[objective: binary]
[metric: auc, binary_logloss, rmse, l1, l2, mape, huber]
[tree_learner: serial]
[device_type: cpu]
[data_sample_strategy: bagging]
[data: data/mushroom.libsvm.train]
[valid: data/mushroom.libsvm.test]
[num_iterations: 40]
[learning_rate: 0.1]
[num_leaves: 255]
[num_threads: 1]
[seed: 42]
[deterministic: 0]
[force_col_wise: 0]
[force_row_wise: 0]
[histogram_pool_size: -1]
[max_depth: 5]
[min_data_in_leaf: 10]
[min_sum_hessian_in_leaf: 0.001]
[bagging_fraction: 1]
[pos_bagging_fraction: 1]
[neg_bagging_fraction: 1]
[bagging_freq: 0]
[bagging_seed: 400]
[feature_fraction: 1]
[feature_fraction_bynode: 1]
[feature_fraction_seed: 30056]
[extra_trees: 0]
[extra_seed: 12879]
[early_stopping_round: 0]
[early_stopping_min_delta: 0]
[first_metric_only: 0]
[max_delta_step: 0]
[lambda_l1: 0]
[lambda_l2: 0]
[linear_lambda: 0]
[min_gain_to_split: 0]
[drop_rate: 0.1]
[max_drop: 50]
[skip_drop: 0.5]
[xgboost_dart_mode: 0]
[uniform_drop: 0]
[drop_seed: 17869]
[top_rate: 0.2]
[other_rate: 0.1]
[min_data_per_group: 100]
[max_cat_threshold: 32]
[cat_l2: 10]
[cat_smooth: 10]
[max_cat_to_onehot: 4]
[top_k: 20]
[monotone_constraints: ]
[monotone_constraints_method: basic]
[monotone_penalty: 0]
[feature_contri: ]
[forcedsplits_filename: ]
[refit_decay_rate: 0.9]
[tinygbdt_penalty_feature: 0.00195312]
[tinygbdt_penalty_split: 0.00195312]
[tinygbdt_forestsize: 64000]
[tinygbdt_precision: 1]
[cegb_tradeoff: 1]
[cegb_penalty_split: 0]
[cegb_penalty_feature_lazy: ]
[cegb_penalty_feature_coupled: ]
[path_smooth: 0]
[interaction_constraints: ]
[verbosity: 1]
[saved_feature_importance_type: 0]
[use_quantized_grad: 0]
[num_grad_quant_bins: 4]
[quant_train_renew_leaf: 0]
[stochastic_rounding: 1]
[linear_tree: 0]
[max_bin: 255]
[max_bin_by_feature: ]
[min_data_in_bin: 3]
[bin_construct_sample_cnt: 200000]
[data_random_seed: 175]
[is_enable_sparse: 1]
[enable_bundle: 1]
[use_missing: 1]
[zero_as_missing: 0]
[feature_pre_filter: 1]
[pre_partition: 0]
[two_round: 0]
[header: 0]
[label_column: ]
[weight_column: ]
[group_column: ]
[ignore_column: ]
[categorical_feature: ]
[forcedbins_filename: ]
[precise_float_parser: 0]
[parser_config_file: ]
[objective_seed: 16083]
[num_class: 1]
[is_unbalance: 0]
[scale_pos_weight: 1]
[sigmoid: 1]
[boost_from_average: 1]
[reg_sqrt: 0]
[alpha: 0.9]
[fair_c: 1]
[poisson_max_delta_step: 0.7]
[tweedie_variance_power: 1.5]
[lambdarank_truncation_level: 30]
[lambdarank_norm: 1]
[label_gain: ]
[lambdarank_position_bias_regularization: 0]
[eval_at: ]
[multi_error_top_k: 1]
[auc_mu_weights: ]
[num_machines: 1]
[local_listen_port: 12400]
[time_out: 120]
[machine_list_filename: ]
[machines: ]
[gpu_platform_id: -1]
[gpu_device_id: -1]
[gpu_use_dp: 0]
[num_gpu: 1]

end of parameters
