tree
version=v4
num_class=1
num_tree_per_iteration=1
label_index=0
max_feature_idx=21
objective=binary sigmoid:1
feature_names=Column_0 Column_1 Column_2 Column_3 Column_4 Column_5 Column_6 Column_7 Column_8 Column_9 Column_10 Column_11 Column_12 Column_13 Column_14 Column_15 Column_16 Column_17 Column_18 Column_19 Column_20 Column_21
feature_infos=[0:5] [0:3] [0:9] [0:1] [0:8] [0:1] [0:1] [0:1] [0:11] [0:1] [0:4] [0:3] [0:3] [0:8] [0:8] none [0:3] [0:2] [0:4] [0:8] [0:5] [0:6]
tree_sizes=2153 2154 2141 2139 2141 2147 2142 2146 2143 2150 2062 2139 2151 1979 1977 1980 1718 1976 2151 1886 2152 2157 1715 2155 1896 2155 1891 1547 1632 1628 1633 1632 1636 1640 1633 1630 1628 1630 1631 1634 1632 1634 1634 1634 723 1082 1085 723 406 716

Tree=0
num_leaves= 14
num_cat= 0
full_tree_array_lgbids= 0 1 2 5 9 4 3 -1 -7 11 10 -2 -6 7 6 -2147483648 -2147483648 -2147483648 -2147483648 -3 -13 -11 -12 -2147483648 -2147483648 -2147483648 -2147483648 -4 12 8 -8 -2147483648 -2147483648 -2147483648 -2147483648 -2147483648 -2147483648 -2147483648 -2147483648 -2147483648 -2147483648 -2147483648 -2147483648 -2147483648 -2147483648 -2147483648 -2147483648 -2147483648 -2147483648 -2147483648 -2147483648 -2147483648 -2147483648 -2147483648 -2147483648 -2147483648 -2147483648 -9 -14 -5 -10 -2147483648 -2147483648
split_feature= 8 20 19 7 4 10 9 13 21 21 1 12 17
split_gain= 2187.06 1171.38 1113.89 755.896 240.825 201.348 148.306 116.628 80.3866 26.5125 31.2221 16.2278 14.545
threshold= 3.5000000000000004 3.5000000000000004 1.5000000000000002 1.0000000180025095e-35 4.5000000000000009 1.0000000180025095e-35 1.0000000180025095e-35 1.5000000000000002 1.5000000000000002 4.5000000000000009 1.5000000000000002 1.0000000180025095e-35 1.5000000000000002
decision_type= 2 2 2 2 2 2 2 2 2 2 2 2 2
left_child=1 5 4 7 -2 -1 8 -4 -5 11 -11 -3 -9
right_child=2 9 3 6 -6 -7 -8 12 -10 10 -12 -13 -14
leaf_value= 0.13625295265526666 0.13625295265526666 -0.075779630963319758 0.13625295265526666 0.13625295265526666 -0.26425303862428545 -0.26425303862428545 -0.26425303862428545 -0.26425303862428545 -0.037299643565872592 -0.26425303862428551 0.1362529526552666 0.13625295265526666 -0.21434973619648184
leaf_weight=14.48168098926544 127.58860319852829 4.2446306347846976 7.7402088046073905 58.176408112049103 17.228206694126129 104.36797678470612 17.228206694126129 603.98597091436386 52.433672547340393 3.9949464797973615 4.4943147897720337 528.58135610818863 78.151140511035919
leaf_count=58 511 17 31 233 69 418 69 2419 210 16 18 2117 313
model_size=1488
internal_value=-0.0711178 0.0691485 -0.167321 -0.212646 0.0886066 -0.215452 0.0110948 -0.254106 0.053982 0.131635 -0.0522205 0.134564 -0.258536
internal_weight=0 660.165 962.532 817.716 144.817 118.85 127.838 689.877 110.61 541.315 8.48926 532.826 682.137
internal_count=6499 2644 3855 3275 580 476 512 2763 443 2168 34 2134 2732
is_linear=0
shrinkage=1


Tree=1
num_leaves= 14
num_cat= 0
full_tree_array_lgbids= 0 1 2 5 9 4 3 -1 -7 12 10 -2 -6 7 6 -2147483648 -2147483648 -2147483648 -2147483648 -3 -14 -11 -12 -2147483648 -2147483648 -2147483648 -2147483648 -4 11 8 -8 -2147483648 -2147483648 -2147483648 -2147483648 -2147483648 -2147483648 -2147483648 -2147483648 -2147483648 -2147483648 -2147483648 -2147483648 -2147483648 -2147483648 -2147483648 -2147483648 -2147483648 -2147483648 -2147483648 -2147483648 -2147483648 -2147483648 -2147483648 -2147483648 -2147483648 -2147483648 -9 -13 -5 -10 -2147483648 -2147483648
split_feature= 8 20 19 7 4 10 9 13 1 21 4 2 12
split_gain= 1786.54 952.249 912.771 623.336 195.452 164.922 120.407 95.3387 70.325 20.7598 24.9565 12.9075 12.6432
threshold= 3.5000000000000004 3.5000000000000004 1.5000000000000002 1.0000000180025095e-35 4.5000000000000009 1.0000000180025095e-35 1.0000000180025095e-35 1.5000000000000002 1.0000000180025095e-35 4.5000000000000009 4.5000000000000009 1.0000000180025095e-35 1.0000000180025095e-35
decision_type= 2 2 2 2 2 2 2 2 2 2 2 2 2
left_child=1 5 4 7 -2 -1 8 -4 -5 12 -11 -9 -3
right_child=2 9 3 6 -6 -7 -8 11 -10 10 -12 -13 -14
leaf_value= 0.18726217829300001 0.18726217829300001 -0.0041963809298885936 0.18726217829300001 -0.0063099339957545537 -0.17677793099633521 -0.17677793099633521 -0.17677793099633521 -0.033574901671692629 0.16833112306567927 0.18726217829300007 -0.17677793099633518 -0.17311844735227278 0.18726217829300001
leaf_weight=14.432910382747648 127.15891733765602 4.2439043670892707 7.7141417562961569 35.162857502698898 16.952329516410828 102.69672083854675 16.952329516410828 8.1559575051069242 75.299371302127838 4.4791790843009931 3.9309749603271484 663.51634049415588 526.80122897028923
leaf_count=58 511 17 31 141 69 418 69 33 302 18 16 2699 2117
model_size=1488
internal_value=0 0.126905 -0.0877309 -0.129201 0.144439 -0.13192 0.0742188 -0.167351 0.112739 0.183103 0.0171068 -0.171424 0.185732
internal_weight=0 656.585 950.912 806.801 144.111 117.13 127.415 679.386 110.462 539.455 8.41015 671.672 531.045
internal_count=6499 2644 3855 3275 580 476 512 2763 443 2168 34 2732 2134
is_linear=0
shrinkage=0.1


Tree=2
num_leaves= 14
num_cat= 0
full_tree_array_lgbids= 0 1 2 5 9 4 3 -1 -7 12 10 -2 -6 8 6 -2147483648 -2147483648 -2147483648 -2147483648 -3 -14 -11 -12 -2147483648 -2147483648 -2147483648 -2147483648 -4 11 7 -8 -2147483648 -2147483648 -2147483648 -2147483648 -2147483648 -2147483648 -2147483648 -2147483648 -2147483648 -2147483648 -2147483648 -2147483648 -2147483648 -2147483648 -2147483648 -2147483648 -2147483648 -2147483648 -2147483648 -2147483648 -2147483648 -2147483648 -2147483648 -2147483648 -2147483648 -2147483648 -10 -13 -5 -9 -2147483648 -2147483648
split_feature= 8 20 19 7 4 10 4 4 13 21 4 17 12
split_gain= 1485.43 789.519 759.816 522.67 161.739 137.387 101.009 79.936 79.1417 16.555 20.232 12.0114 10.1741
threshold= 3.5000000000000004 3.5000000000000004 1.5000000000000002 1.0000000180025095e-35 4.5000000000000009 1.0000000180025095e-35 5.5000000000000009 2.5000000000000004 1.5000000000000002 4.5000000000000009 4.5000000000000009 1.5000000000000002 1.0000000180025095e-35
decision_type= 2 2 2 2 2 2 2 2 2 2 2 2 2
left_child=1 5 4 8 -2 -1 7 -5 -4 12 -11 -10 -3
right_child=2 9 3 6 -6 -7 -8 -9 11 10 -12 -13 -14
leaf_value= 0.17236010255125836 0.17236010255125836 -0.0037773991993575971 0.17236010255125836 0.10294421381851165 -0.16433727988382651 -0.16433727988382651 0.18118277615039513 -0.10472764105395577 -0.16457315402415634 0.17236010255125839 -0.16433727988382651 -0.11735670467610333 0.17236010255125836
leaf_weight=14.127121359109877 124.46481059491634 4.2432112842798224 7.5507027953863135 36.945734888315201 16.43764516711235 99.578777968883514 49.100935265421867 39.979457274079323 576.72646856307983 4.3842790424823743 3.8116278648376465 75.561578646302223 515.63992960751057
leaf_count=58 511 17 31 151 69 418 199 162 2419 18 16 313 2117
model_size=1488
internal_value=0 0.116954 -0.0811593 -0.119572 0.133081 -0.122505 0.0675466 -0.00498672 -0.155311 0.168515 0.015774 -0.159104 0.170922
internal_weight=0 641.785 926.767 785.865 140.902 113.706 126.026 76.9252 659.839 528.079 8.19591 652.288 519.883
internal_count=6499 2644 3855 3275 580 476 512 313 2763 2168 34 2732 2134
is_linear=0
shrinkage=0.1


Tree=3
num_leaves= 14
num_cat= 0
full_tree_array_lgbids= 0 1 2 5 9 4 3 -1 -7 12 10 -2 -6 7 6 -2147483648 -2147483648 -2147483648 -2147483648 -3 -14 -11 -12 -2147483648 -2147483648 -2147483648 -2147483648 -4 11 8 -8 -2147483648 -2147483648 -2147483648 -2147483648 -2147483648 -2147483648 -2147483648 -2147483648 -2147483648 -2147483648 -2147483648 -2147483648 -2147483648 -2147483648 -2147483648 -2147483648 -2147483648 -2147483648 -2147483648 -2147483648 -2147483648 -2147483648 -2147483648 -2147483648 -2147483648 -2147483648 -9 -13 -5 -10 -2147483648 -2147483648
split_feature= 8 20 19 7 4 10 9 13 21 21 1 17 12
split_gain= 1251.18 664.18 639.684 444.421 135.742 115.872 94.077 66.4235 61.0764 13.3255 16.572 11.0185 8.40325
threshold= 3.5000000000000004 3.5000000000000004 1.5000000000000002 1.0000000180025095e-35 4.5000000000000009 1.0000000180025095e-35 1.0000000180025095e-35 1.5000000000000002 1.5000000000000002 4.5000000000000009 1.5000000000000002 1.5000000000000002 1.0000000180025095e-35
decision_type= 2 2 2 2 2 2 2 2 2 2 2 2 2
left_child=1 5 4 7 -2 -1 8 -4 -5 12 -11 -9 -3
right_child=2 9 3 6 -6 -7 -8 11 -10 10 -12 -13 -14
leaf_value= 0.1609037703805144 0.1609037703805144 -0.0034002145451034805 0.1609037703805144 0.17018932750648399 -0.15458733496862687 -0.15458733496862687 -0.16487441731077176 -0.15477454101215909 0.015983426659172861 -0.15458733496862687 0.16090377038051437 -0.10842536392602353 0.1609037703805144
leaf_weight=13.6439371407032 120.20779101550579 4.2425556927919379 7.2924491614103308 56.108075767755508 15.761341184377669 95.481748044490814 16.401857510209084 553.11517265439034 51.771796613931656 3.654803752899169 4.2343253195285797 73.703776583075523 498.00370563566685
leaf_count=58 511 17 31 233 69 418 69 2419 210 16 18 313 2117
model_size=1488
internal_value=0 0.109272 -0.0758624 -0.111755 0.124333 -0.115142 0.0617326 -0.145757 0.0961856 0.157277 0.0147459 -0.149325 0.159516
internal_weight=0 619.261 894.362 758.393 135.969 109.126 124.282 634.111 107.88 510.135 7.88913 626.819 502.246
internal_count=6499 2644 3855 3275 580 476 512 2763 443 2168 34 2732 2134
is_linear=0
shrinkage=0.1


Tree=4
num_leaves= 14
num_cat= 0
full_tree_array_lgbids= 0 1 2 5 10 4 3 -1 -7 12 11 -2 -6 8 6 -2147483648 -2147483648 -2147483648 -2147483648 -3 -14 -12 -13 -2147483648 -2147483648 -2147483648 -2147483648 -4 9 7 -8 -2147483648 -2147483648 -2147483648 -2147483648 -2147483648 -2147483648 -2147483648 -2147483648 -2147483648 -2147483648 -2147483648 -2147483648 -2147483648 -2147483648 -2147483648 -2147483648 -2147483648 -2147483648 -2147483648 -2147483648 -2147483648 -2147483648 -2147483648 -2147483648 -2147483648 -2147483648 -10 -11 -5 -9 -2147483648 -2147483648
split_feature= 8 20 19 7 4 10 4 20 13 2 21 1 12
split_gain= 1064.88 565.008 543.728 381.296 115.159 98.666 82.183 67.1115 56.2184 10.9353 10.7851 13.6469 7.06641
threshold= 3.5000000000000004 3.5000000000000004 1.5000000000000002 1.0000000180025095e-35 4.5000000000000009 1.0000000180025095e-35 5.5000000000000009 3.5000000000000004 1.5000000000000002 1.0000000180025095e-35 4.5000000000000009 1.5000000000000002 1.0000000180025095e-35
decision_type= 2 2 2 2 2 2 2 2 2 2 2 2 2
left_child=1 5 4 8 -2 -1 7 -5 -4 -10 12 -12 -3
right_child=2 10 3 6 -6 -7 -8 -9 9 -11 11 -13 -14
leaf_value= 0.15185187516794491 0.15185187516794491 -0.0030606570657631363 0.15185187516794491 0.16843763974126813 -0.14676872362570559 -0.14676872362570559 0.16290926540628103 -0.06200583945744409 -0.0085007760946265824 -0.14312451081224237 -0.14676872362570559 0.15185187516794488 0.15185187516794491
leaf_weight=13.042239397764204 114.90662641823292 4.2419396191835395 6.970852091908454 17.12907537817955 14.980887696146963 90.75378343462944 46.698561310768127 57.680425584316254 7.8039540052413932 589.62542541325092 3.4738290309905997 4.0475915372371674 476.04173801839352
leaf_count=58 511 17 31 72 69 418 199 241 33 2699 16 18 2117
model_size=1488
internal_value=0 0.103178 -0.071549 -0.10536 0.11741 -0.109246 0.0569204 -0.00924137 -0.137984 -0.141366 0.148378 0.0139315 0.150484
internal_weight=0 591.601 855.796 725.908 129.888 103.796 121.508 74.8095 604.4 597.429 487.805 7.52142 480.284
internal_count=6499 2644 3855 3275 580 476 512 313 2763 2732 2168 34 2134
is_linear=0
shrinkage=0.1


Tree=5
num_leaves= 14
num_cat= 0
full_tree_array_lgbids= 0 1 2 5 10 4 3 -1 -7 12 11 -2 -6 8 6 -2147483648 -2147483648 -2147483648 -2147483648 -3 -14 -12 -13 -2147483648 -2147483648 -2147483648 -2147483648 -4 9 7 -8 -2147483648 -2147483648 -2147483648 -2147483648 -2147483648 -2147483648 -2147483648 -2147483648 -2147483648 -2147483648 -2147483648 -2147483648 -2147483648 -2147483648 -2147483648 -2147483648 -2147483648 -2147483648 -2147483648 -2147483648 -2147483648 -2147483648 -2147483648 -2147483648 -2147483648 -2147483648 -10 -11 -5 -9 -2147483648 -2147483648
split_feature= 8 20 19 7 4 10 9 21 13 17 21 1 12
split_gain= 913.281 484.871 465.17 330.197 98.5105 84.6349 71.021 53.0537 47.8632 11.3021 8.73019 11.2608 6.02341
threshold= 3.5000000000000004 3.5000000000000004 1.5000000000000002 1.0000000180025095e-35 4.5000000000000009 1.0000000180025095e-35 1.0000000180025095e-35 1.5000000000000002 1.5000000000000002 1.5000000000000002 4.5000000000000009 1.5000000000000002 1.0000000180025095e-35
decision_type= 2 2 2 2 2 2 2 2 2 2 2 2 2
left_child=1 5 4 8 -2 -1 7 -5 -4 -10 12 -12 -3
right_child=2 10 3 6 -6 -7 -8 -9 9 -11 11 -13 -14
leaf_value= 0.14454675775689577 0.14454675775689577 -0.0027549883843111991 0.14454675775689577 0.15570592523777094 -0.14038449805642142 -0.14038449805642142 -0.15176394038718366 0.0082017486463181726 -0.1406633157871611 -0.091813705212056368 -0.14038449805642142 0.14454675775689574 0.14454675775689577
leaf_weight=12.365946739912031 108.9482548981905 4.2413643300533286 6.6093853265047064 52.479328766465187 14.139219447970389 85.654981583356857 15.435059905052183 50.773099780082703 497.13803884387016 68.659254774451256 3.2786595821380606 3.8377076089382172 451.35705600678921
leaf_count=58 511 17 31 233 69 418 69 210 2419 313 16 18 2117
model_size=1488
internal_value=0 0.098242 -0.067883 -0.0998884 0.111816 -0.104439 0.0526196 0.0831726 -0.131511 -0.134735 0.141178 0.013273 0.143175
internal_weight=0 560.736 814.182 691.094 123.087 98.0209 118.687 103.252 572.407 565.797 462.715 7.11637 455.598
internal_count=6499 2644 3855 3275 580 476 512 443 2763 2732 2168 34 2134
is_linear=0
shrinkage=0.1


Tree=6
num_leaves= 14
num_cat= 0
full_tree_array_lgbids= 0 1 2 5 10 4 3 -1 -7 12 11 -2 -6 8 6 -2147483648 -2147483648 -2147483648 -2147483648 -3 -14 -12 -13 -2147483648 -2147483648 -2147483648 -2147483648 -4 9 7 -8 -2147483648 -2147483648 -2147483648 -2147483648 -2147483648 -2147483648 -2147483648 -2147483648 -2147483648 -2147483648 -2147483648 -2147483648 -2147483648 -2147483648 -2147483648 -2147483648 -2147483648 -2147483648 -2147483648 -2147483648 -2147483648 -2147483648 -2147483648 -2147483648 -2147483648 -2147483648 -10 -11 -5 -9 -2147483648 -2147483648
split_feature= 8 20 19 7 4 10 4 21 13 17 21 1 12
split_gain= 788.547 419.029 400.426 287.419 84.817 73.0183 69.0708 60.9171 40.9315 11.1967 7.0369 9.28194 5.18756
threshold= 3.5000000000000004 3.5000000000000004 1.5000000000000002 1.0000000180025095e-35 4.5000000000000009 1.0000000180025095e-35 5.5000000000000009 1.5000000000000002 1.5000000000000002 1.5000000000000002 4.5000000000000009 1.5000000000000002 1.0000000180025095e-35
decision_type= 2 2 2 2 2 2 2 2 2 2 2 2 2
left_child=1 5 4 8 -2 -1 7 -5 -4 -10 12 -12 -3
right_child=2 10 3 6 -6 -7 -8 -9 9 -11 11 -13 -14
leaf_value= 0.13855140791954978 0.13855140791954978 -0.0024798143532451006 0.13855140791954978 0.058600415971375011 -0.13509509769210032 -0.13509509769210032 0.15079833911715412 -0.13782522773546024 -0.13532756085405009 -0.085618383975310797 -0.13509509769210032 0.13855140791954976 0.13855140791954978
leaf_weight=11.647865027189253 102.62170739471912 4.2408298254013053 6.2255830317735663 45.8089849203825 13.268332377076147 80.379172950983047 43.377158537507057 26.055332884192467 466.63462096452713 66.385105296969414 3.0767147541046134 3.6148546636104584 425.1470734924078
leaf_count=58 511 17 31 208 69 418 199 105 2419 313 16 18 2117
model_size=1488
internal_value=0 0.0941749 -0.0647856 -0.0952429 0.107221 -0.10046 0.0488934 -0.0126162 -0.126046 -0.129137 0.135249 0.0127316 0.137159
internal_weight=0 528.107 770.377 654.487 115.89 92.027 115.241 71.8643 539.245 533.02 436.079 6.69157 429.388
internal_count=6499 2644 3855 3275 580 476 512 313 2763 2732 2168 34 2134
is_linear=0
shrinkage=0.1


Tree=7
num_leaves= 14
num_cat= 0
full_tree_array_lgbids= 0 1 2 5 10 4 3 -1 -7 12 11 -2 -6 8 6 -2147483648 -2147483648 -2147483648 -2147483648 -3 -14 -12 -13 -2147483648 -2147483648 -2147483648 -2147483648 -4 9 7 -8 -2147483648 -2147483648 -2147483648 -2147483648 -2147483648 -2147483648 -2147483648 -2147483648 -2147483648 -2147483648 -2147483648 -2147483648 -2147483648 -2147483648 -2147483648 -2147483648 -2147483648 -2147483648 -2147483648 -2147483648 -2147483648 -2147483648 -2147483648 -2147483648 -2147483648 -2147483648 -10 -11 -5 -9 -2147483648 -2147483648
split_feature= 8 20 19 7 4 10 9 2 13 17 21 1 12
split_gain= 684.079 364.199 345.897 252.032 73.401 63.2808 60.655 42.7723 35.1079 11.261 5.62031 7.61048 4.49482
threshold= 3.5000000000000004 3.5000000000000004 1.5000000000000002 1.0000000180025095e-35 4.5000000000000009 1.0000000180025095e-35 1.0000000180025095e-35 4.5000000000000009 1.5000000000000002 1.5000000000000002 4.5000000000000009 1.5000000000000002 1.0000000180025095e-35
decision_type= 2 2 2 2 2 2 2 2 2 2 2 2 2
left_child=1 5 4 8 -2 -1 7 -5 -4 -10 12 -12 -3
right_child=2 10 3 6 -6 -7 -8 -9 9 -11 11 -13 -14
leaf_value= 0.13356356395996258 0.13356356395996258 -0.0022321090491633213 0.13356356395996258 0.012240624317947686 -0.13066022980921915 -0.13066022980921915 -0.14717989877992074 0.15029165653052368 -0.13085614071704596 -0.079920924595238807 -0.13066022980921915 0.13356356395996252 0.13356356395996258
leaf_weight=10.912395119667051 96.14196389913559 4.240334838628768 5.8324870467185965 53.255071118474007 12.391892105340956 75.069723188877106 14.95377905666828 44.155913725495338 435.90234760940075 64.125797122716904 2.8734822273254386 3.3866053819656372 398.30242186784744
leaf_count=58 511 17 31 237 69 418 69 206 2419 313 16 18 2117
model_size=1488
internal_value=0 0.0907768 -0.0620251 -0.0910659 0.103396 -0.0971263 0.0452744 0.0748185 -0.121351 -0.124324 0.130298 0.0122805 0.132133
internal_weight=0 494.785 726.759 618.225 108.534 85.9821 112.365 97.411 505.861 500.028 408.803 6.26009 402.543
internal_count=6499 2644 3855 3275 580 476 512 443 2763 2732 2168 34 2134
is_linear=0
shrinkage=0.1


Tree=8
num_leaves= 14
num_cat= 0
full_tree_array_lgbids= 0 1 2 6 10 4 3 -1 -8 12 11 -2 -6 8 5 -2147483648 -2147483648 -2147483648 -2147483648 -3 -14 -12 -13 -2147483648 -2147483648 -2147483648 -2147483648 -4 9 7 -7 -2147483648 -2147483648 -2147483648 -2147483648 -2147483648 -2147483648 -2147483648 -2147483648 -2147483648 -2147483648 -2147483648 -2147483648 -2147483648 -2147483648 -2147483648 -2147483648 -2147483648 -2147483648 -2147483648 -2147483648 -2147483648 -2147483648 -2147483648 -2147483648 -2147483648 -2147483648 -10 -11 -5 -9 -2147483648 -2147483648
split_feature= 8 20 19 7 4 4 10 21 13 17 21 1 12
split_gain= 596.12 318.021 300.001 221.681 63.769 57.0958 55.0262 50.3841 30.1585 11.4578 4.41232 6.19578 3.92284
threshold= 3.5000000000000004 3.5000000000000004 1.5000000000000002 1.0000000180025095e-35 4.5000000000000009 5.5000000000000009 1.0000000180025095e-35 1.5000000000000002 1.5000000000000002 1.5000000000000002 4.5000000000000009 1.5000000000000002 1.0000000180025095e-35
decision_type= 2 2 2 2 2 2 2 2 2 2 2 2 2
left_child=1 6 4 8 -2 7 -1 -5 -4 -10 12 -12 -3
right_child=2 10 3 5 -6 -7 -8 -9 9 -11 11 -13 -14
leaf_value= 0.12936717161346731 0.12936717161346731 -0.0020091349345018731 0.12936717161346731 0.053448382236489213 -0.12690484179902931 0.14061511637763133 -0.12690484179902931 -0.12864217821436466 -0.1270714533943762 -0.074634516098928003 -0.12690484179902931 0.12936717161346728 0.12936717161346731
leaf_weight=10.177520692348478 89.667466789484024 4.2398781031370154 5.4397093355655661 43.625215157866478 11.527180284261702 39.62559586763382 69.83132404088974 25.755781412124634 405.55648639798164 61.918499350547791 2.6729693412780753 3.1585409045219421 371.47950527071953
leaf_count=58 511 17 31 208 69 199 418 105 2419 313 16 18 2117
model_size=1488
internal_value=0 0.0879038 -0.059616 -0.0874033 0.100175 0.042111 -0.0943058 -0.0141477 -0.117256 -0.120126 0.126112 0.0119006 0.127885
internal_weight=0 461.56 683.116 581.921 101.195 109.007 80.0088 69.381 472.915 467.475 381.551 5.83151 375.719
internal_count=6499 2644 3855 3275 580 512 476 313 2763 2732 2168 34 2134
is_linear=0
shrinkage=0.1


Tree=9
num_leaves= 14
num_cat= 0
full_tree_array_lgbids= 0 1 2 6 10 4 3 -1 -8 12 11 -2 -6 8 5 -2147483648 -2147483648 -2147483648 -2147483648 -3 -14 -12 -13 -2147483648 -2147483648 -2147483648 -2147483648 -4 9 7 -7 -2147483648 -2147483648 -2147483648 -2147483648 -2147483648 -2147483648 -2147483648 -2147483648 -2147483648 -2147483648 -2147483648 -2147483648 -2147483648 -2147483648 -2147483648 -2147483648 -2147483648 -2147483648 -2147483648 -2147483648 -2147483648 -2147483648 -2147483648 -2147483648 -2147483648 -2147483648 -10 -11 -5 -9 -2147483648 -2147483648
split_feature= 8 20 19 7 4 9 10 21 13 17 21 1 12
split_gain= 521.162 278.78 260.825 195.921 55.5792 52.0599 47.9811 38.4025 25.9298 11.7413 3.38449 4.98098 3.43729
threshold= 3.5000000000000004 3.5000000000000004 1.5000000000000002 1.0000000180025095e-35 4.5000000000000009 1.0000000180025095e-35 1.0000000180025095e-35 1.5000000000000002 1.5000000000000002 1.5000000000000002 4.5000000000000009 1.5000000000000002 1.0000000180025095e-35
decision_type= 2 2 2 2 2 2 2 2 2 2 2 2 2
left_child=1 6 4 8 -2 7 -1 -5 -4 -10 12 -12 -3
right_child=2 10 3 5 -6 -7 -8 -9 9 -11 11 -13 -14
leaf_value= 0.12580350276737742 0.12580350276737742 -0.001808403393882229 0.12580350276737742 0.13773683451452087 -0.12369825373571018 -0.14297686425630796 -0.12369825373571018 0.0024361635404563865 -0.12384102792537373 -0.069695256537692304 -0.12369825373571018 0.1258035027673774 0.12580350276737742
leaf_weight=9.456299960613249 83.313263446092606 4.2394580990076056 5.0542292892932883 44.250705391168594 10.686567977070807 14.430013865232466 64.738919049501419 47.143529146909714 376.03802298009396 59.789458870887756 2.4780447483062735 2.9347137808799744 345.15494856238365
leaf_count=58 511 17 31 233 69 69 418 210 2419 313 16 18 2117
model_size=1488
internal_value=0 0.08545 -0.0574278 -0.0840552 0.0974384 0.0391842 -0.0918989 0.0679452 -0.113636 -0.116413 0.122536 0.0115777 0.124255
internal_weight=0 429.002 640.706 546.706 93.9998 105.824 74.1952 91.3942 440.882 435.827 354.807 5.41276 349.394
internal_count=6499 2644 3855 3275 580 512 476 443 2763 2732 2168 34 2134
is_linear=0
shrinkage=0.1


Tree=10
num_leaves= 13
num_cat= 0
full_tree_array_lgbids= 0 1 2 7 9 4 3 -1 -9 11 10 -2 -6 5 -5 -2147483648 -2147483648 -2147483648 -2147483648 -3 -13 -11 -12 -2147483648 -2147483648 -2147483648 -2147483648 8 6 -2147483648 -2147483648 -2147483648 -2147483648 -2147483648 -2147483648 -2147483648 -2147483648 -2147483648 -2147483648 -2147483648 -2147483648 -2147483648 -2147483648 -2147483648 -2147483648 -2147483648 -2147483648 -2147483648 -2147483648 -2147483648 -2147483648 -2147483648 -2147483648 -2147483648 -2147483648 -4 -10 -7 -8 -2147483648 -2147483648 -2147483648 -2147483648
split_feature= 8 20 19 4 4 7 20 10 13 21 1 12
split_gain= 457.099 245.167 227.448 175.739 48.5547 47.0027 43.1547 41.918 22.2852 2.49607 3.92903 3.01916
threshold= 3.5000000000000004 3.5000000000000004 1.5000000000000002 5.5000000000000009 4.5000000000000009 1.0000000180025095e-35 3.5000000000000004 1.0000000180025095e-35 1.5000000000000002 4.5000000000000009 1.5000000000000002 1.0000000180025095e-35
decision_type= 2 2 2 2 2 2 2 2 2 2 2 2
left_child=1 7 4 5 -2 8 -7 -1 -4 11 -11 -3
right_child=2 9 3 -5 -6 6 -8 -9 -10 10 -12 -13
leaf_value= 0.12275322415096231 0.12275322415096231 -0.0016277265246940941 0.12275322415096231 0.13434547340368044 -0.12094088198253522 0.14605417444027111 -0.059674759462011395 -0.12094088198253522 -0.11308487254921469 -0.12094088198253522 0.12275322415096229 0.12275322415096231
leaf_weight=8.7580039203166944 77.161034539341927 4.2390727996826163 4.6810020953416815 35.906226485967636 9.8786517977714521 13.954567417502401 52.223192781209946 59.844586253166199 405.41042137145996 2.2907018661499015 2.7180012166500092 319.66714309155941
leaf_count=58 511 17 31 199 69 72 241 418 2732 16 18 2117
model_size=1376
internal_value=0 0.0833354 -0.0554869 -0.081077 0.0950949 -0.0973178 -0.0162937 -0.0898302 -0.110393 0.119453 0.0113011 0.121125
internal_weight=0 397.518 599.215 512.175 87.0397 476.269 66.1778 68.6026 410.091 328.915 5.0087 323.906
internal_count=6499 2644 3855 3275 580 3076 313 476 2763 2168 34 2134
is_linear=0
shrinkage=0.1


Tree=11
num_leaves= 14
num_cat= 0
full_tree_array_lgbids= 0 1 2 7 10 5 3 -1 -9 12 11 -2 -7 8 4 -2147483648 -2147483648 -2147483648 -2147483648 -3 -14 -12 -13 -2147483648 -2147483648 -2147483648 -2147483648 -4 9 6 -6 -2147483648 -2147483648 -2147483648 -2147483648 -2147483648 -2147483648 -2147483648 -2147483648 -2147483648 -2147483648 -2147483648 -2147483648 -2147483648 -2147483648 -2147483648 -2147483648 -2147483648 -2147483648 -2147483648 -2147483648 -2147483648 -2147483648 -2147483648 -2147483648 -2147483648 -2147483648 -10 -11 -5 -8 -2147483648 -2147483648
split_feature= 8 20 19 7 4 4 21 10 19 19 21 1 12
split_gain= 401.538 216.19 198.446 153.847 42.952 42.4964 38.4137 36.6747 21.6351 175.28 1.72969 3.00351 2.64662
threshold= 3.5000000000000004 3.5000000000000004 1.5000000000000002 1.0000000180025095e-35 5.5000000000000009 4.5000000000000009 1.5000000000000002 1.0000000180025095e-35 4.5000000000000009 6.5000000000000009 4.5000000000000009 1.5000000000000002 1.0000000180025095e-35
decision_type= 2 2 2 2 2 2 2 2 2 2 2 2 2
left_child=1 7 5 8 6 -2 -5 -1 -4 -10 12 -12 -3
right_child=2 10 3 4 -6 -7 -8 -9 9 -11 11 -13 -14
leaf_value= 0.120124818310304 0.120124818310304 -0.0014650731409505684 -0.11881176516367616 0.048594506695766315 0.1301499710222708 -0.11855542649094364 -0.11641862518211971 -0.11855542649094364 0.42756344713332556 -0.10891269590473235 -0.11855542649094364 0.12012481831030396 0.120124818310304
leaf_weight=8.0889927148818952 71.26681512594223 4.2387201786041251 317.69968318939209 40.063467159867287 33.482031151652336 9.1091340333223325 25.012137830257416 55.18286994099617 6.9816292226314536 56.403908222913742 2.1122629642486563 2.510377049446106 295.24823409318924
leaf_count=58 511 17 2384 208 199 69 105 418 39 340 16 18 2117
model_size=1488
internal_value=0 0.0814985 -0.0536247 -0.0782078 0.0344232 0.0930748 -0.0148291 -0.0880413 -0.107337 -0.0498223 0.116772 0.0110626 0.118404
internal_weight=0 367.381 560.019 479.643 98.5576 80.3759 65.0756 63.2719 381.085 63.3855 304.11 4.62264 299.487
internal_count=6499 2644 3855 3275 512 580 313 476 2763 379 2168 34 2134
is_linear=0
shrinkage=0.1


Tree=12
num_leaves= 14
num_cat= 0
full_tree_array_lgbids= 0 1 2 7 10 5 3 -1 -9 11 12 -2 -7 8 4 -2147483648 -2147483648 -2147483648 -2147483648 -3 -13 -12 -14 -2147483648 -2147483648 -2147483648 -2147483648 -4 9 6 -6 -2147483648 -2147483648 -2147483648 -2147483648 -2147483648 -2147483648 -2147483648 -2147483648 -2147483648 -2147483648 -2147483648 -2147483648 -2147483648 -2147483648 -2147483648 -2147483648 -2147483648 -2147483648 -2147483648 -2147483648 -2147483648 -2147483648 -2147483648 -2147483648 -2147483648 -2147483648 -10 -11 -5 -8 -2147483648 -2147483648
split_feature= 8 20 19 7 9 4 21 10 19 19 21 12 1
split_gain= 353.721 191.029 173.317 136.591 41.3356 37.2038 32.1983 32.0782 21.4882 123.746 1.02675 2.317 2.18986
threshold= 3.5000000000000004 3.5000000000000004 1.5000000000000002 1.0000000180025095e-35 1.0000000180025095e-35 4.5000000000000009 1.5000000000000002 1.0000000180025095e-35 4.5000000000000009 6.5000000000000009 4.5000000000000009 1.0000000180025095e-35 1.5000000000000002
decision_type= 2 2 2 2 2 2 2 2 2 2 2 2 2
left_child=1 7 5 8 6 -2 -5 -1 -4 -10 11 -3 -12
right_child=2 10 3 4 -6 -7 -8 -9 9 -11 12 -13 -14
leaf_value= 0.11784687452276783 0.11784687452276783 -0.0013186816803016483 -0.11670437213545103 0.13093859275777989 -0.1368652283006043 -0.11648097729749039 -0.0016899864777488159 -0.11648097729749039 0.31419286511990191 -0.10360098896753107 -0.11648097729749039 0.11784687452276783 0.11784687452276779
leaf_weight=7.4533958137035361 65.666987255215645 4.2383979558944693 292.38972532749176 38.094595529139042 13.501687765121458 8.3815043270587903 43.717676296830177 50.774910271167755 8.4478134512901288 53.518025368452072 1.9435372352600087 272.0489472001791 2.3131228387355804
leaf_count=58 511 17 2384 233 69 69 210 418 39 340 16 2117 18
model_size=1488
internal_value=0 0.0798908 -0.0519074 -0.0754936 0.0321701 0.0913234 0.0600664 -0.0864863 -0.104453 -0.0466431 0.114423 0.116019 0.0108557
internal_weight=0 338.772 523.718 449.67 95.314 74.0485 81.8123 58.2283 354.356 61.9658 280.544 276.287 4.25666
internal_count=6499 2644 3855 3275 512 580 443 476 2763 379 2168 2134 34
is_linear=0
shrinkage=0.1


Tree=13
num_leaves= 12
num_cat= 0
full_tree_array_lgbids= 0 1 2 7 8 6 3 -1 -9 9 10 -2 -8 4 -5 -2147483648 -2147483648 -2147483648 -2147483648 -3 -11 -10 -12 -2147483648 -2147483648 -2147483648 -2147483648 5 -6 -2147483648 -2147483648 -2147483648 -2147483648 -2147483648 -2147483648 -2147483648 -2147483648 -2147483648 -2147483648 -2147483648 -2147483648 -2147483648 -2147483648 -2147483648 -2147483648 -2147483648 -2147483648 -2147483648 -2147483648 -2147483648 -2147483648 -2147483648 -2147483648 -2147483648 -2147483648 -4 -7 -2147483648 -2147483648 -2147483648 -2147483648 -2147483648 -2147483648
split_feature= 8 20 19 4 9 21 4 10 12 1 21
split_gain= 312.156 169.112 151.691 124.81 34.9271 110.877 32.5958 28.0688 0.702261 13.8281 2.18211
threshold= 3.5000000000000004 3.5000000000000004 1.5000000000000002 5.5000000000000009 1.0000000180025095e-35 1.0000000180025095e-35 4.5000000000000009 1.0000000180025095e-35 1.0000000180025095e-35 2.5000000000000004 4.5000000000000009
decision_type= 2 2 2 2 2 2 2 2 2 2 2
left_child=1 7 6 4 5 -4 -2 -1 9 -3 -10
right_child=2 8 3 -5 -6 -7 -8 -9 10 -11 -12
leaf_value= 0.11586288176687953 0.11586288176687953 0.17802489741405325 0.12257373989861936 0.1261669137386861 -0.1158508458195695 -0.091156060891683557 -0.11466884050498732 -0.11466884050498732 0.11586288176687953 -0.18995054229893427 -0.028597349999901392
leaf_weight=6.8536426723003379 60.382955268025398 3.0578982084989539 30.640997380018234 30.062471553683281 221.50276000797749 138.17693886905909 7.6975774168968192 46.631700873374939 250.15795753896236 2.2437021732330322 2.8484417647123328
leaf_count=58 511 17 177 199 1923 976 69 418 2117 9 25
model_size=1264
internal_value=0 0.0784739 -0.0503513 -0.0730483 -0.0883918 -0.0523634 0.0897976 -0.0851284 0.112349 0.0222932 0.114236
internal_weight=0 311.793 488.464 420.383 390.321 168.818 68.0805 53.4853 258.308 5.3016 253.006
internal_count=6499 2644 3855 3275 3076 1153 580 476 2168 26 2142
is_linear=0
shrinkage=0.1


Tree=14
num_leaves= 12
num_cat= 0
full_tree_array_lgbids= 0 1 2 7 8 6 3 -1 -9 9 10 -2 -8 4 -5 -2147483648 -2147483648 -2147483648 -2147483648 -3 -11 -10 -12 -2147483648 -2147483648 -2147483648 -2147483648 5 -6 -2147483648 -2147483648 -2147483648 -2147483648 -2147483648 -2147483648 -2147483648 -2147483648 -2147483648 -2147483648 -2147483648 -2147483648 -2147483648 -2147483648 -2147483648 -2147483648 -2147483648 -2147483648 -2147483648 -2147483648 -2147483648 -2147483648 -2147483648 -2147483648 -2147483648 -2147483648 -4 -7 -2147483648 -2147483648 -2147483648 -2147483648 -2147483648 -2147483648
split_feature= 8 20 19 4 9 21 4 10 12 1 21
split_gain= 275.933 149.838 133.226 109.202 33.0747 95.0597 28.546 24.5367 0.431968 10.9319 1.7125
threshold= 3.5000000000000004 3.5000000000000004 1.5000000000000002 5.5000000000000009 1.0000000180025095e-35 1.0000000180025095e-35 4.5000000000000009 1.0000000180025095e-35 1.0000000180025095e-35 2.5000000000000004 4.5000000000000009
decision_type= 2 2 2 2 2 2 2 2 2 2 2
left_child=1 7 6 4 5 -4 -2 -1 9 -3 -10
right_child=2 8 3 -5 -6 -7 -8 -9 10 -11 -12
leaf_value= 0.11412744279391081 0.11412744279391081 0.16767966274750057 0.11778517875223311 0.12316241872289363 -0.1141388719564098 -0.086845332249633644 -0.11307963800542431 -0.11307963800542431 0.11412744279391081 -0.17438910279418715 -0.025886622219772809
leaf_weight=6.2908793091773978 55.424815982580185 2.9285820424556723 28.794026866555214 27.830856077373028 203.27551330626011 130.91412032395601 7.0579090341925612 42.756608352065086 229.61709478497505 2.2014718651771545 2.8329103812575331
leaf_count=58 511 17 177 199 1923 976 69 418 2117 9 25
model_size=1264
internal_value=0 0.077182 -0.0490281 -0.0710099 -0.0858976 -0.0499522 0.0884626 -0.0839378 0.110445 0.0208869 0.112421
internal_weight=0 286.628 453.297 390.815 362.984 159.708 62.4827 49.0475 237.58 5.13005 232.45
internal_count=6499 2644 3855 3275 3076 1153 580 476 2168 26 2142
is_linear=0
shrinkage=0.1


Tree=15
num_leaves= 12
num_cat= 0
full_tree_array_lgbids= 0 1 2 7 8 6 3 -1 -9 9 10 -2 -8 4 -5 -2147483648 -2147483648 -2147483648 -2147483648 -3 -11 -10 -12 -2147483648 -2147483648 -2147483648 -2147483648 5 -6 -2147483648 -2147483648 -2147483648 -2147483648 -2147483648 -2147483648 -2147483648 -2147483648 -2147483648 -2147483648 -2147483648 -2147483648 -2147483648 -2147483648 -2147483648 -2147483648 -2147483648 -2147483648 -2147483648 -2147483648 -2147483648 -2147483648 -2147483648 -2147483648 -2147483648 -2147483648 -4 -7 -2147483648 -2147483648 -2147483648 -2147483648 -2147483648 -2147483648
split_feature= 8 20 19 4 9 10 4 10 12 1 21
split_gain= 244.202 132.947 117.08 95.6073 31.4018 83.9385 24.9943 21.435 0.144394 8.63048 1.30365
threshold= 3.5000000000000004 3.5000000000000004 1.5000000000000002 5.5000000000000009 1.0000000180025095e-35 1.0000000180025095e-35 4.5000000000000009 1.0000000180025095e-35 1.0000000180025095e-35 2.5000000000000004 4.5000000000000009
decision_type= 2 2 2 2 2 2 2 2 2 2 2
left_child=1 7 6 4 5 -4 -2 -1 9 -3 -10
right_child=2 8 3 -5 -6 -7 -8 -9 10 -11 -12
leaf_value= 0.11260371998545887 0.11260371998545887 0.15892116779204271 0.077020964154232097 0.12055510582975892 -0.11263210055233208 -0.094232407984745026 -0.11168115789146256 -0.11168115789146256 0.11260371998545887 -0.16248460918731719 -0.023415084936204037
leaf_weight=5.7652898132801047 50.794191285967827 2.7882375642657271 41.119581162929535 25.698886893689632 186.26547890901566 110.00722556561232 6.4621228650212279 39.147353008389473 210.43307818472385 2.1300564408302307 2.8194874525070182
leaf_count=58 511 17 236 199 1923 917 69 418 2117 9 25
model_size=1264
internal_value=0 0.0760356 -0.0477762 -0.069075 -0.0835189 -0.0476367 0.0872902 -0.0828904 0.108752 0.019724 0.110805
internal_weight=0 263.084 420.347 363.091 337.392 151.127 57.2563 44.9126 218.171 4.91829 213.253
internal_count=6499 2644 3855 3275 3076 1153 580 476 2168 26 2142
is_linear=0
shrinkage=0.1


Tree=16
num_leaves= 9
num_cat= 0
full_tree_array_lgbids= 0 1 2 7 -3 6 3 -1 -9 -2147483648 -2147483648 -2 -8 4 -5 -2147483648 -2147483648 -2147483648 -2147483648 -2147483648 -2147483648 -2147483648 -2147483648 -2147483648 -2147483648 -2147483648 -2147483648 5 -6 -2147483648 -2147483648 -2147483648 -2147483648 -2147483648 -2147483648 -2147483648 -2147483648 -2147483648 -2147483648 -2147483648 -2147483648 -2147483648 -2147483648 -2147483648 -2147483648 -2147483648 -2147483648 -2147483648 -2147483648 -2147483648 -2147483648 -2147483648 -2147483648 -2147483648 -2147483648 -4 -7 -2147483648 -2147483648 -2147483648 -2147483648 -2147483648 -2147483648
split_feature= 8 20 19 4 9 21 4 10
split_gain= 215.992 118.081 102.502 83.3463 30.6597 77.2692 21.8564 18.6899
threshold= 3.5000000000000004 3.5000000000000004 1.5000000000000002 5.5000000000000009 1.0000000180025095e-35 1.0000000180025095e-35 4.5000000000000009 1.0000000180025095e-35
decision_type= 2 2 2 2 2 2 2 2
left_child=1 7 6 4 5 -4 -2 -1
right_child=2 -3 3 -5 -6 -7 -8 -9
leaf_value= 0.11126147420147421 0.11126147420147421 0.10723934347605397 0.11255333389902328 0.11828148327836074 -0.11130179466800227 -0.080437154950770515 -0.11044680992112868 -0.11044680992112868
leaf_weight=5.2763521671295157 46.48648202419281 200.07415624707937 26.720888614654541 23.677235327661037 170.4510402828455 118.28464415669441 5.9091660529375067 35.797556668519974
leaf_count=58 511 2168 177 199 1923 976 69 418
model_size=928
internal_value=0 0.0750126 -0.0463781 -0.06687 -0.0807669 -0.0448738 0.0862573 -0.0819662
internal_weight=0 241.148 391.529 339.134 315.457 145.006 52.3956 41.0739
internal_count=6499 2644 3855 3275 3076 1153 580 476
is_linear=0
shrinkage=0.1


Tree=17
num_leaves= 12
num_cat= 0
full_tree_array_lgbids= 0 1 2 7 8 6 3 -1 -9 9 10 -2 -8 4 -5 -2147483648 -2147483648 -2147483648 -2147483648 -3 -11 -10 -12 -2147483648 -2147483648 -2147483648 -2147483648 5 -6 -2147483648 -2147483648 -2147483648 -2147483648 -2147483648 -2147483648 -2147483648 -2147483648 -2147483648 -2147483648 -2147483648 -2147483648 -2147483648 -2147483648 -2147483648 -2147483648 -2147483648 -2147483648 -2147483648 -2147483648 -2147483648 -2147483648 -2147483648 -2147483648 -2147483648 -2147483648 -4 -7 -2147483648 -2147483648 -2147483648 -2147483648 -2147483648 -2147483648
split_feature= 8 20 19 4 9 10 4 10 12 3 21
split_gain= 190.87 104.44 90.0835 72.9624 29.1949 68.9212 19.0909 16.2689 0.523121 6.78955 1.67413
threshold= 3.5000000000000004 3.5000000000000004 1.5000000000000002 5.5000000000000009 1.0000000180025095e-35 1.0000000180025095e-35 4.5000000000000009 1.0000000180025095e-35 1.0000000180025095e-35 1.0000000180025095e-35 4.5000000000000009
decision_type= 2 2 2 2 2 2 2 2 2 2 2
left_child=1 7 6 4 5 -4 -2 -1 9 -3 -10
right_child=2 8 3 -5 -6 -7 -8 -9 10 -11 -12
leaf_value= 0.1100756958889617 0.1100756958889617 -0.15912626410529032 0.07249958701491438 0.1162905230429485 -0.110124067365987 -0.088765777283055514 -0.10935442392955622 -0.10935442392955622 0.11011630608945021 0.14690066611954813 -0.031356088909759772
leaf_weight=4.8230335712432852 42.492588877677917 2.1015473753213874 39.225746750831604 21.771949671208858 155.79534536600113 98.176864221692085 5.397508665919303 32.697951048612595 176.61987392604351 2.5337382405996323 2.8651412054896346
leaf_count=58 511 9 236 199 1923 917 69 418 2117 17 25
model_size=1264
internal_value=0 0.0737765 -0.0452204 -0.0650724 -0.0785398 -0.0427277 0.0853446 -0.0811484 0.105348 0.00815407 0.107858
internal_weight=0 221.641 362.86 314.97 293.198 137.403 47.8901 37.521 184.12 4.63529 179.485
internal_count=6499 2644 3855 3275 3076 1153 580 476 2168 26 2142
is_linear=0
shrinkage=0.1


Tree=18
num_leaves= 14
num_cat= 0
full_tree_array_lgbids= 0 1 2 9 10 8 3 -1 -11 11 12 -2 -10 5 4 -2147483648 -2147483648 -2147483648 -2147483648 -3 -13 -12 -14 -2147483648 -2147483648 -2147483648 -2147483648 -4 6 -5 7 -2147483648 -2147483648 -2147483648 -2147483648 -2147483648 -2147483648 -2147483648 -2147483648 -2147483648 -2147483648 -2147483648 -2147483648 -2147483648 -2147483648 -2147483648 -2147483648 -2147483648 -2147483648 -2147483648 -2147483648 -2147483648 -2147483648 -2147483648 -2147483648 -2147483648 -2147483648 -7 -8 -2147483648 -2147483648 -6 -9
split_feature= 8 20 19 7 20 19 19 4 4 10 21 12 1
split_gain= 168.943 92.8475 78.7792 64.44 27.4143 24.4258 93.445 18.9084 16.6036 14.0844 0.142875 0.981813 0.373786
threshold= 3.5000000000000004 3.5000000000000004 1.5000000000000002 1.0000000180025095e-35 3.5000000000000004 4.5000000000000009 6.5000000000000009 5.5000000000000009 4.5000000000000009 1.0000000180025095e-35 4.5000000000000009 1.0000000180025095e-35 1.5000000000000002
decision_type= 2 2 2 2 2 2 2 2 2 2 2 2 2
left_child=1 9 8 5 -5 -4 -7 -6 -2 -1 11 -3 -12
right_child=2 10 3 4 7 6 -8 -9 -10 -11 12 -13 -14
leaf_value= 0.10902547451640709 0.10902547451640709 -0.007310694004797131 -0.10872166326659252 0.1328581032130477 -0.05176945600939864 0.27469941299452549 -0.089648236110839274 0.1144198123691101 -0.10838542814819269 -0.10838542814819269 -0.11463929788710377 0.10906147519018945 0.11291210198355728
leaf_weight=4.4039455801248542 38.800279162824154 3.8068220764398566 175.49487629532814 19.086511351168156 40.524948179721832 9.0092976540327054 39.750421233475208 10.460384473204611 4.9252953529357901 29.837296485900879 1.7822692394256583 161.27876159548759 1.6443014144897461
leaf_count=58 511 17 2384 166 241 39 340 105 69 418 16 2117 18
model_size=1488
internal_value=0 0.072941 -0.0438917 -0.0629712 0.0233292 -0.0899371 -0.022328 -0.0176733 0.0845361 -0.0804231 0.104104 0.106378 -0.00544468
internal_weight=0 202.753 338.052 294.326 70.0718 224.255 48.7597 50.9853 43.7256 34.2412 168.512 165.086 3.42657
internal_count=6499 2644 3855 3275 512 2763 379 346 580 476 2168 2134 34
is_linear=0
shrinkage=0.1


Tree=19
num_leaves= 11
num_cat= 0
full_tree_array_lgbids= 0 1 2 9 -3 8 3 -1 -11 -2147483648 -2147483648 -2 -10 5 4 -2147483648 -2147483648 -2147483648 -2147483648 -2147483648 -2147483648 -2147483648 -2147483648 -2147483648 -2147483648 -2147483648 -2147483648 -4 6 -5 7 -2147483648 -2147483648 -2147483648 -2147483648 -2147483648 -2147483648 -2147483648 -2147483648 -2147483648 -2147483648 -2147483648 -2147483648 -2147483648 -2147483648 -2147483648 -2147483648 -2147483648 -2147483648 -2147483648 -2147483648 -2147483648 -2147483648 -2147483648 -2147483648 -2147483648 -2147483648 -7 -8 -2147483648 -2147483648 -6 -9
split_feature= 8 20 19 7 20 19 19 4 4 10
split_gain= 149.696 82.5597 68.9349 57.4777 23.7493 23.3216 72.8607 15.6388 14.3778 12.1257
threshold= 3.5000000000000004 3.5000000000000004 1.5000000000000002 1.0000000180025095e-35 3.5000000000000004 4.5000000000000009 6.5000000000000009 5.5000000000000009 4.5000000000000009 1.0000000180025095e-35
decision_type= 2 2 2 2 2 2 2 2 2 2
left_child=1 9 8 5 -5 -4 -7 -6 -2 -1
right_child=2 -3 3 4 7 6 -8 -9 -10 -11
leaf_value= 0.10809320877587317 0.10809320877587328 0.10297934461013625 -0.10782350111044514 0.13029004438307676 -0.046993088008532316 0.233008623443589 -0.085167406887891012 0.11289213442081664 -0.1075240907530273 -0.1075240907530273
leaf_weight=4.0174633711576488 35.395237632095814 154.07517468184233 160.0493755787611 17.593177806586027 40.197488456964493 9.5257326364517194 37.762991540133953 9.5864505022764188 4.4904651269316664 27.203107580542564
leaf_count=58 511 2168 2384 166 241 39 340 105 69 418
model_size=1152
internal_value=0 0.0721864 -0.0426734 -0.0610386 0.0220468 -0.0880382 -0.0210748 -0.0162054 0.0838183 -0.0797785
internal_weight=0 185.296 314.601 274.715 67.3771 207.338 47.2887 49.7839 39.8857 31.2206
internal_count=6499 2644 3855 3275 512 2763 379 346 580 476
is_linear=0
shrinkage=0.1


Tree=20
num_leaves= 14
num_cat= 0
full_tree_array_lgbids= 0 1 2 9 10 8 3 -1 -11 11 12 -2 -10 4 6 -2147483648 -2147483648 -2147483648 -2147483648 -3 -13 -12 -14 -2147483648 -2147483648 -2147483648 -2147483648 -4 5 -5 7 -2147483648 -2147483648 -2147483648 -2147483648 -2147483648 -2147483648 -2147483648 -2147483648 -2147483648 -2147483648 -2147483648 -2147483648 -2147483648 -2147483648 -2147483648 -2147483648 -2147483648 -2147483648 -2147483648 -2147483648 -2147483648 -2147483648 -2147483648 -2147483648 -2147483648 -2147483648 -6 -7 -2147483648 -2147483648 -8 -9
split_feature= 8 20 19 7 19 19 20 21 4 10 12 1 21
split_gain= 132.087 72.9143 60.2753 51.3047 22.1915 58.402 20.5419 13.7086 12.4029 10.3871 0.593462 5.02237 1.26587
threshold= 3.5000000000000004 3.5000000000000004 1.5000000000000002 1.0000000180025095e-35 4.5000000000000009 6.5000000000000009 3.5000000000000004 1.5000000000000002 4.5000000000000009 1.0000000180025095e-35 1.0000000180025095e-35 2.5000000000000004 4.5000000000000009
decision_type= 2 2 2 2 2 2 2 2 2 2 2 2 2
left_child=1 9 8 4 -4 -6 -5 -8 -2 -1 11 -3 -12
right_child=2 10 3 6 5 -7 7 -9 -10 -11 12 -13 -14
leaf_value= 0.10726401292643045 0.10726401292643054 0.13839493884090664 -0.10702411825279592 0.12791718293347271 0.20554825923954981 -0.080706996962480626 0.0443641362795614 -0.077083764963920207 -0.10675703993551194 -0.10675703993551194 0.10733011193402456 -0.15549081286102065 -0.037438536528327293
leaf_weight=3.6618147641420391 32.261850766837597 2.2236426621675482 145.84502544999123 16.199178639799356 9.7058942914009076 35.960861876606941 24.944614715874195 23.724998392164707 4.0908415876328936 24.782199762761593 134.70650759339333 2.0656375586986542 2.6726857200264922
leaf_count=58 511 17 2384 166 39 340 201 145 69 418 2117 9 25
model_size=1488
internal_value=0 0.0710804 -0.0414794 -0.0591551 -0.0862412 -0.019867 0.020811 -0.0148381 0.0831798 -0.0792045 0.101254 -0.00313497 0.104514
internal_weight=0 170.112 292.733 256.381 191.512 45.6668 64.8688 48.6696 36.3527 28.444 141.668 4.28928 137.379
internal_count=6499 2644 3855 3275 2763 379 512 346 580 476 2168 26 2142
is_linear=0
shrinkage=0.1


Tree=21
num_leaves= 14
num_cat= 0
full_tree_array_lgbids= 0 1 2 9 10 8 3 -1 -11 11 12 -2 -10 4 6 -2147483648 -2147483648 -2147483648 -2147483648 -3 -13 -12 -14 -2147483648 -2147483648 -2147483648 -2147483648 -4 5 -5 7 -2147483648 -2147483648 -2147483648 -2147483648 -2147483648 -2147483648 -2147483648 -2147483648 -2147483648 -2147483648 -2147483648 -2147483648 -2147483648 -2147483648 -2147483648 -2147483648 -2147483648 -2147483648 -2147483648 -2147483648 -2147483648 -2147483648 -2147483648 -2147483648 -2147483648 -2147483648 -6 -7 -2147483648 -2147483648 -8 -9
split_feature= 8 20 19 7 19 19 20 4 4 10 12 3 21
split_gain= 116.904 64.7905 52.5285 45.8704 21.0273 47.5193 17.7316 13.2134 10.6111 8.80468 0.116573 3.66417 0.798663
threshold= 3.5000000000000004 3.5000000000000004 1.5000000000000002 1.0000000180025095e-35 4.5000000000000009 6.5000000000000009 3.5000000000000004 5.5000000000000009 4.5000000000000009 1.0000000180025095e-35 1.0000000180025095e-35 1.0000000180025095e-35 4.5000000000000009
decision_type= 2 2 2 2 2 2 2 2 2 2 2 2 2
left_child=1 9 8 4 -4 -6 -5 -8 -2 -1 11 -3 -12
right_child=2 10 3 6 5 -7 7 -9 -10 -11 12 -13 -14
leaf_value= 0.10652517821132974 0.10652517821132985 -0.14749985871977456 -0.10631143053847479 0.12571493458367786 0.18606954291845856 -0.07627403311552175 -0.042400542354875288 0.11237514116343816 -0.10607284898161794 -0.10607284898161794 0.10658412461061753 0.13385090271309302 -0.033997356245464058
leaf_weight=3.3351530358195332 29.383848298341036 1.9649503827095021 132.80548883229494 14.901289977133272 9.6509407907724363 34.332613281905651 39.20865660905838 9.004164405167101 3.7242023237049571 22.561109729111195 122.69697433710098 2.0767857916653156 2.6501447781920424
leaf_count=58 511 9 2384 166 39 340 241 105 69 418 2117 17 25
model_size=1488
internal_value=0 0.0704366 -0.0402324 -0.0571855 -0.084517 -0.0187102 0.0193727 -0.0134948 0.0826108 -0.0786926 0.100284 -0.00293197 0.103612
internal_weight=0 155.285 273.011 239.903 176.789 43.9836 63.1141 48.2128 33.1081 25.8963 129.389 4.04174 125.347
internal_count=6499 2644 3855 3275 2763 379 512 346 580 476 2168 26 2142
is_linear=0
shrinkage=0.1


Tree=22
num_leaves= 9
num_cat= 0
full_tree_array_lgbids= 0 1 2 7 -3 6 3 -1 -9 -2147483648 -2147483648 -2 -8 4 -5 -2147483648 -2147483648 -2147483648 -2147483648 -2147483648 -2147483648 -2147483648 -2147483648 -2147483648 -2147483648 -2147483648 -2147483648 -4 5 -2147483648 -2147483648 -2147483648 -2147483648 -2147483648 -2147483648 -2147483648 -2147483648 -2147483648 -2147483648 -2147483648 -2147483648 -2147483648 -2147483648 -2147483648 -2147483648 -2147483648 -2147483648 -2147483648 -2147483648 -2147483648 -2147483648 -2147483648 -2147483648 -2147483648 -2147483648 -2147483648 -2147483648 -6 -7 -2147483648 -2147483648 -2147483648 -2147483648
split_feature= 8 20 19 9 21 4 4 10
split_gain= 103.474 57.5426 45.7686 42.681 44.7354 36.6665 9.00082 7.38053
threshold= 3.5000000000000004 3.5000000000000004 1.5000000000000002 1.0000000180025095e-35 1.0000000180025095e-35 5.5000000000000009 4.5000000000000009 1.0000000180025095e-35
decision_type= 2 2 2 2 2 2 2 2
left_child=1 7 6 4 -4 -6 -2 -1
right_child=2 -3 3 -5 5 -7 -8 -9
leaf_value= 0.105865822596505 0.10586582259650511 0.099385358555832276 0.11361054997426843 -0.10643496513245065 -0.071734446002263294 0.11010762352980785 -0.10546166888562683 -0.10546166888562683
leaf_weight=3.0356061831116703 26.744737233966593 118.10254434868693 24.22269631922245 100.01472260802984 85.216077495366335 14.550448860973118 3.3883290365338317 20.526399090886116
leaf_count=58 511 2168 177 1923 976 199 69 418
model_size=928
internal_value=0 0.069843 -0.039073 -0.0553737 -0.0141856 -0.0452137 0.082103 -0.0782353
internal_weight=0 141.665 254.137 224.004 123.989 99.7665 30.1331 23.562
internal_count=6499 2644 3855 3275 1352 1175 580 476
is_linear=0
shrinkage=0.1


Tree=23
num_leaves= 14
num_cat= 0
full_tree_array_lgbids= 0 1 2 9 10 3 7 -1 -11 11 12 4 5 -4 -9 -2147483648 -2147483648 -2147483648 -2147483648 -3 -13 -12 -14 -2 8 6 -7 -2147483648 -2147483648 -2147483648 -2147483648 -2147483648 -2147483648 -2147483648 -2147483648 -2147483648 -2147483648 -2147483648 -2147483648 -2147483648 -2147483648 -2147483648 -2147483648 -2147483648 -2147483648 -2147483648 -2147483648 -2147483648 -2147483648 -6 -10 -5 -8 -2147483648 -2147483648 -2147483648 -2147483648 -2147483648 -2147483648 -2147483648 -2147483648 -2147483648 -2147483648
split_feature= 8 20 9 10 19 4 21 19 2 10 12 1 21
split_gain= 91.131 50.6303 41.0402 35.9445 44.8913 31.9107 34.2589 25.9196 8.10509 6.13522 0.255196 2.47157 1.03705
threshold= 3.5000000000000004 3.5000000000000004 1.0000000180025095e-35 1.0000000180025095e-35 6.5000000000000009 5.5000000000000009 1.0000000180025095e-35 1.5000000000000002 7.5000000000000009 1.0000000180025095e-35 1.0000000180025095e-35 2.5000000000000004 4.5000000000000009
decision_type= 2 2 2 2 2 2 2 2 2 2 2 2 2
left_child=1 9 3 4 -2 6 -5 -4 -6 -1 11 -3 -12
right_child=2 10 7 5 8 -7 -8 -9 -10 -11 12 -13 -14
leaf_value= 0.10527657861010012 0.12663195700852745 0.12727749882524084 0.10527657861010027 0.10297284029985476 -0.13182409925913893 0.10907294669549722 -0.10180685981163769 -0.10579987043821258 0.16254646011195542 -0.10491500914327373 0.10535853978644834 -0.14526852923029721 -0.039977909406339315
leaf_weight=2.7613188400864628 38.393864631652832 1.8264165595173827 7.3793865554034701 10.875712405890225 11.846830368041989 13.284288626164196 61.472061239182949 91.012566462159157 1.657088682055474 18.664889506995678 102.19460529461503 1.9306156933307648 2.6903866529464713
leaf_count=58 511 17 155 83 74 199 903 1923 7 418 2117 9 25
model_size=1488
internal_value=0 0.0687639 -0.03803 -0.000871605 0.0687803 -0.0430845 -0.0710233 -0.0899692 -0.0957014 -0.0778264 0.0976742 -0.012775 0.101631
internal_weight=0 130.068 235.922 137.53 51.8978 85.6321 72.3478 98.392 13.5039 21.4262 108.642 3.75703 104.885
internal_count=6499 2644 3855 1777 592 1185 986 2078 81 476 2168 26 2142
is_linear=0
shrinkage=0.1


Tree=24
num_leaves= 11
num_cat= 0
full_tree_array_lgbids= 0 1 2 9 -3 3 7 -1 -11 -2147483648 -2147483648 4 5 -4 -9 -2147483648 -2147483648 -2147483648 -2147483648 -2147483648 -2147483648 -2147483648 -2147483648 -2 8 6 -7 -2147483648 -2147483648 -2147483648 -2147483648 -2147483648 -2147483648 -2147483648 -2147483648 -2147483648 -2147483648 -2147483648 -2147483648 -2147483648 -2147483648 -2147483648 -2147483648 -2147483648 -2147483648 -2147483648 -2147483648 -2147483648 -2147483648 -6 -10 -5 -8 -2147483648 -2147483648 -2147483648 -2147483648 -2147483648 -2147483648 -2147483648 -2147483648 -2147483648 -2147483648
split_feature= 8 20 9 10 19 4 21 19 20 10
split_gain= 81.0217 44.8581 36.6447 31.1729 39.1947 27.6871 29.448 22.7538 6.35951 4.95898
threshold= 3.5000000000000004 3.5000000000000004 1.0000000180025095e-35 1.0000000180025095e-35 6.5000000000000009 5.5000000000000009 1.0000000180025095e-35 1.5000000000000002 3.5000000000000004 1.0000000180025095e-35
decision_type= 2 2 2 2 2 2 2 2 2 2
left_child=1 9 3 4 -2 6 -5 -4 -6 -1
right_child=2 -3 7 5 8 -7 -8 -9 -10 -11
leaf_value= 0.10474930962181393 0.1244917808170562 0.096876734427858338 0.10474930962181409 0.096397092923759767 0.15316303156617322 0.10815088168133369 -0.099863120679700615 -0.10522976467515682 -0.12808904073386482 -0.10442548272911378
leaf_weight=2.5104792863130596 35.307006105780602 99.094413839280605 6.7090394720435134 10.477179665118454 1.5863531678915013 12.117359183728693 56.650154165923595 82.774969644844532 11.015794783830641 16.963821515440941
leaf_count=58 511 2168 155 83 7 199 903 1923 74 418
model_size=1152
internal_value=0 0.0682428 -0.0374681 -0.000860283 0.067365 -0.0421074 -0.069231 -0.0894866 -0.0926851 -0.0774603
internal_weight=0 118.569 216.638 127.154 47.9092 79.2447 67.1273 89.484 12.6021 19.4743
internal_count=6499 2644 3855 1777 592 1185 986 2078 81 476
is_linear=0
shrinkage=0.1


Tree=25
num_leaves= 14
num_cat= 0
full_tree_array_lgbids= 0 1 2 9 10 3 7 -1 -11 11 12 4 5 -4 -9 -2147483648 -2147483648 -2147483648 -2147483648 -3 -13 -12 -14 -2 8 6 -7 -2147483648 -2147483648 -2147483648 -2147483648 -2147483648 -2147483648 -2147483648 -2147483648 -2147483648 -2147483648 -2147483648 -2147483648 -2147483648 -2147483648 -2147483648 -2147483648 -2147483648 -2147483648 -2147483648 -2147483648 -2147483648 -2147483648 -6 -10 -5 -8 -2147483648 -2147483648 -2147483648 -2147483648 -2147483648 -2147483648 -2147483648 -2147483648 -2147483648 -2147483648
split_feature= 8 20 9 10 19 4 21 19 2 10 12 3 21
split_gain= 71.5085 39.2556 32.706 26.9904 34.2105 23.957 25.2442 19.9383 4.90553 3.9238 0.280269 1.38693 1.20936
threshold= 3.5000000000000004 3.5000000000000004 1.0000000180025095e-35 1.0000000180025095e-35 6.5000000000000009 5.5000000000000009 1.0000000180025095e-35 1.5000000000000002 7.5000000000000009 1.0000000180025095e-35 1.0000000180025095e-35 1.0000000180025095e-35 4.5000000000000009
decision_type= 2 2 2 2 2 2 2 2 2 2 2 2 2
left_child=1 9 3 4 -2 6 -5 -4 -6 -1 11 -3 -12
right_child=2 10 7 5 8 -7 -8 -9 -10 -11 12 -13 -14
leaf_value= 0.1042769941535199 0.12248800361953532 -0.1431300629674393 0.10427699415352006 0.090063963314374496 -0.12486403063986305 0.10732788064130494 -0.097927133223445609 -0.10471752140734972 0.14561334095277662 -0.10398665302316219 0.10437740622022647 0.12208824651426159 -0.0450660435370333
leaf_weight=2.2813395410776165 32.443095181137323 1.8947891592979422 6.096683256328105 10.112151600420473 10.211605213582512 11.044016487896441 52.221411850303411 75.245580948889256 1.5058703720569617 15.41097132116556 85.059887900948524 1.5905080381780863 2.7286966890096656
leaf_count=58 511 9 155 83 74 199 903 1923 7 418 2117 17 25
model_size=1488
internal_value=0 0.0671189 -0.0369242 -0.000848399 0.0660794 -0.0411273 -0.06743 -0.0890532 -0.0901037 -0.077132 0.0950802 -0.0220982 0.0997323
internal_weight=0 108.966 198.88 117.538 44.1606 73.3776 62.3336 81.3423 11.7175 17.6923 91.2739 3.4853 87.7886
internal_count=6499 2644 3855 1777 592 1185 986 2078 81 476 2168 26 2142
is_linear=0
shrinkage=0.1


Tree=26
num_leaves= 11
num_cat= 0
full_tree_array_lgbids= 0 1 2 9 -3 3 7 -1 -11 -2147483648 -2147483648 4 5 -4 -9 -2147483648 -2147483648 -2147483648 -2147483648 -2147483648 -2147483648 -2147483648 -2147483648 -2 8 6 -7 -2147483648 -2147483648 -2147483648 -2147483648 -2147483648 -2147483648 -2147483648 -2147483648 -2147483648 -2147483648 -2147483648 -2147483648 -2147483648 -2147483648 -2147483648 -2147483648 -2147483648 -2147483648 -2147483648 -2147483648 -2147483648 -2147483648 -6 -10 -5 -8 -2147483648 -2147483648 -2147483648 -2147483648 -2147483648 -2147483648 -2147483648 -2147483648 -2147483648 -2147483648
split_feature= 8 20 9 10 19 4 12 19 2 10
split_gain= 63.4751 34.6606 29.1253 23.2687 29.7929 20.6098 23.8438 17.3826 3.63471 2.9628
threshold= 3.5000000000000004 3.5000000000000004 1.0000000180025095e-35 1.0000000180025095e-35 6.5000000000000009 5.5000000000000009 2.5000000000000004 1.5000000000000002 7.5000000000000009 1.0000000180025095e-35
decision_type= 2 2 2 2 2 2 2 2 2 2
left_child=1 9 3 4 -2 6 -5 -4 -6 -1
right_child=2 -3 7 5 8 -7 -8 -9 -10 -11
leaf_value= 0.10385346582430799 0.12061689136868117 0.09435080481984208 0.10385346582430817 -0.10814711258411172 -0.12206426477656498 0.10659227568409434 0.050622210420434167 -0.10425689079263918 0.13943236906186193 -0.10359291491265815
leaf_weight=2.0722302719950703 29.787913486361504 83.217599065974355 5.537856761366128 42.417582660913467 9.4408161267638171 10.05847862549126 15.524489164352415 68.370489202439785 1.4197885245084769 13.994720868766306
leaf_count=58 511 2168 155 781 74 199 205 1923 7 418
model_size=1152
internal_value=0 0.0666479 -0.0363927 -0.000835675 0.0649102 -0.0401364 -0.0656079 -0.0886635 -0.0878793 -0.0768376
internal_weight=0 99.2846 182.557 108.649 40.6485 68.0006 57.9421 73.9083 10.8606 16.067
internal_count=6499 2644 3855 1777 592 1185 986 2078 81 476
is_linear=0
shrinkage=0.1


Tree=27
num_leaves= 7
num_cat= 0
full_tree_array_lgbids= 0 -1 1 -2147483648 -2147483648 2 3 -2147483648 -2147483648 -2147483648 -2147483648 -2 -4 4 -5 -2147483648 -2147483648 -2147483648 -2147483648 -2147483648 -2147483648 -2147483648 -2147483648 -2147483648 -2147483648 -2147483648 -2147483648 -3 5 -2147483648 -2147483648 -2147483648 -2147483648 -2147483648 -2147483648 -2147483648 -2147483648 -2147483648 -2147483648 -2147483648 -2147483648 -2147483648 -2147483648 -2147483648 -2147483648 -2147483648 -2147483648 -2147483648 -2147483648 -2147483648 -2147483648 -2147483648 -2147483648 -2147483648 -2147483648 -2147483648 -2147483648 -6 -7 -2147483648 -2147483648 -2147483648 -2147483648
split_feature= 8 4 4 4 19 19
split_gain= 56.4633 61.7245 42.1924 21.983 24.483 21.2297
threshold= 1.0000000180025095e-35 2.5000000000000004 1.0000000180025095e-35 5.5000000000000009 4.5000000000000009 5.5000000000000009
decision_type= 2 2 2 2 2 2
left_child=-1 2 -2 4 -3 -6
right_child=1 3 -4 -5 5 -7
leaf_value= 0.10358848023598295 -0.10551432913252623 -0.10565229145833277 0.10508563314852036 0.10593396921679031 0.14398116284253365 -0.043742870966773983
leaf_weight=46.751402914524078 13.383553966879843 88.500276084989309 51.412405453622341 9.1549575664103013 9.0596427917480451 40.959337394684553
leaf_count=1398 320 2523 1411 199 58 590
model_size=704
internal_value=0 -0.0229545 0.0615864 -0.0600491 -0.0710191 -0.00974152
internal_weight=0 212.47 64.796 147.674 138.519 50.019
internal_count=6499 5101 1731 3370 3171 648
is_linear=0
shrinkage=0.1


Tree=28
num_leaves= 8
num_cat= 0
full_tree_array_lgbids= 0 -1 1 -2147483648 -2147483648 2 3 -2147483648 -2147483648 -2147483648 -2147483648 -2 -4 4 5 -2147483648 -2147483648 -2147483648 -2147483648 -2147483648 -2147483648 -2147483648 -2147483648 -2147483648 -2147483648 -2147483648 -2147483648 6 -6 -5 -7 -2147483648 -2147483648 -2147483648 -2147483648 -2147483648 -2147483648 -2147483648 -2147483648 -2147483648 -2147483648 -2147483648 -2147483648 -2147483648 -2147483648 -2147483648 -2147483648 -2147483648 -2147483648 -2147483648 -2147483648 -2147483648 -2147483648 -2147483648 -2147483648 -3 -8 -2147483648 -2147483648 -2147483648 -2147483648 -2147483648 -2147483648
split_feature= 8 4 4 12 4 18 17
split_gain= 50.1495 54.0338 37.4285 20.3073 23.2758 11.6653 5.65395
threshold= 1.0000000180025095e-35 2.5000000000000004 1.0000000180025095e-35 2.5000000000000004 5.5000000000000009 3.5000000000000004 1.5000000000000002
decision_type= 2 2 2 2 2 2 2
left_child=-1 2 -2 4 6 -5 -3
right_child=1 3 -4 5 -6 -7 -8
leaf_value= 0.10323536429930445 -0.1049752784104383 -0.10259046598761222 0.10460173577179351 0.13979505792616501 0.10534418629228531 -0.10759134221074435 -0.03193447724233732
leaf_weight=42.439738880842924 12.168953504413365 87.361361611634493 46.724108204245567 9.810709208250044 8.3277584053575975 3.7619580402970305 28.157115165144205
leaf_count=1398 320 2552 1411 61 199 79 479
model_size=816
internal_value=0 -0.0224522 0.0612973 -0.0583443 -0.0725443 0.0712266 -0.0853684
internal_weight=0 196.312 58.8931 137.419 123.846 13.5727 115.518
internal_count=6499 5101 1731 3370 3230 140 3031
is_linear=0
shrinkage=0.1


Tree=29
num_leaves= 8
num_cat= 0
full_tree_array_lgbids= 0 -1 1 -2147483648 -2147483648 2 3 -2147483648 -2147483648 -2147483648 -2147483648 -2 -4 4 5 -2147483648 -2147483648 -2147483648 -2147483648 -2147483648 -2147483648 -2147483648 -2147483648 -2147483648 -2147483648 -2147483648 -2147483648 6 -6 -5 -7 -2147483648 -2147483648 -2147483648 -2147483648 -2147483648 -2147483648 -2147483648 -2147483648 -2147483648 -2147483648 -2147483648 -2147483648 -2147483648 -2147483648 -2147483648 -2147483648 -2147483648 -2147483648 -2147483648 -2147483648 -2147483648 -2147483648 -2147483648 -2147483648 -3 -8 -2147483648 -2147483648 -2147483648 -2147483648 -2147483648 -2147483648
split_feature= 8 4 4 12 4 18 17
split_gain= 44.4973 47.2615 33.15 17.1543 19.8605 9.62087 5.69192
threshold= 1.0000000180025095e-35 2.5000000000000004 1.0000000180025095e-35 2.5000000000000004 5.5000000000000009 3.5000000000000004 1.5000000000000002
decision_type= 2 2 2 2 2 2 2
left_child=-1 2 -2 4 6 -5 -3
right_child=1 3 -4 5 -6 -7 -8
leaf_value= 0.10291802048811677 -0.10449027492261512 -0.10143867802894457 0.10416420316057257 0.13580711563296188 0.10481526973745381 -0.10686370575975618 -0.02921050175454756
leaf_weight=38.513437539339066 11.059427136555312 79.900435276329517 42.446258682757616 9.1242713257670385 7.5713516306132069 3.4259556233882895 27.728136779740453
leaf_count=1398 320 2552 1411 61 199 79 479
model_size=816
internal_value=0 -0.021972 0.0610361 -0.0567383 -0.0704979 0.0695629 -0.0828307
internal_weight=0 181.256 53.5057 127.75 115.2 12.5502 107.629
internal_count=6499 5101 1731 3370 3230 140 3031
is_linear=0
shrinkage=0.1


Tree=30
num_leaves= 8
num_cat= 0
full_tree_array_lgbids= 0 -1 1 -2147483648 -2147483648 2 3 -2147483648 -2147483648 -2147483648 -2147483648 -2 -4 4 5 -2147483648 -2147483648 -2147483648 -2147483648 -2147483648 -2147483648 -2147483648 -2147483648 -2147483648 -2147483648 -2147483648 -2147483648 6 -6 -5 -7 -2147483648 -2147483648 -2147483648 -2147483648 -2147483648 -2147483648 -2147483648 -2147483648 -2147483648 -2147483648 -2147483648 -2147483648 -2147483648 -2147483648 -2147483648 -2147483648 -2147483648 -2147483648 -2147483648 -2147483648 -2147483648 -2147483648 -2147483648 -2147483648 -3 -8 -2147483648 -2147483648 -2147483648 -2147483648 -2147483648 -2147483648
split_feature= 8 4 4 12 4 18 17
split_gain= 39.4233 41.2304 29.3113 14.3625 16.826 7.85191 5.66508
threshold= 1.0000000180025095e-35 2.5000000000000004 1.0000000180025095e-35 2.5000000000000004 5.5000000000000009 3.5000000000000004 1.5000000000000002
decision_type= 2 2 2 2 2 2 2
left_child=-1 2 -2 4 6 -5 -3
right_child=1 3 -4 5 -6 -7 -8
leaf_value= 0.10263264369371723 -0.10405363148900282 -0.10025526721768532 0.10376848819521632 0.13228998058755134 0.10434051368381286 -0.10620657969285333 -0.026676924567491784
leaf_weight=34.940360594540834 10.046835381537674 73.107607955113053 38.545967800542712 8.4641429185867292 6.8804240599274626 3.1181347221136084 27.346386451274157
leaf_count=1398 320 2552 1411 61 199 79 479
model_size=816
internal_value=0 -0.0214796 0.0608001 -0.0551014 -0.068394 0.0680829 -0.0802252
internal_weight=0 167.509 48.5928 118.917 107.334 11.5823 100.454
internal_count=6499 5101 1731 3370 3230 140 3031
is_linear=0
shrinkage=0.1


Tree=31
num_leaves= 8
num_cat= 0
full_tree_array_lgbids= 0 -1 1 -2147483648 -2147483648 2 3 -2147483648 -2147483648 -2147483648 -2147483648 -2 -4 4 5 -2147483648 -2147483648 -2147483648 -2147483648 -2147483648 -2147483648 -2147483648 -2147483648 -2147483648 -2147483648 -2147483648 -2147483648 6 -6 -5 -7 -2147483648 -2147483648 -2147483648 -2147483648 -2147483648 -2147483648 -2147483648 -2147483648 -2147483648 -2147483648 -2147483648 -2147483648 -2147483648 -2147483648 -2147483648 -2147483648 -2147483648 -2147483648 -2147483648 -2147483648 -2147483648 -2147483648 -2147483648 -2147483648 -3 -8 -2147483648 -2147483648 -2147483648 -2147483648 -2147483648 -2147483648
split_feature= 8 4 4 12 4 18 19
split_gain= 34.8593 35.8528 25.8578 11.8844 14.1254 6.30695 5.86187
threshold= 1.0000000180025095e-35 2.5000000000000004 1.0000000180025095e-35 2.5000000000000004 5.5000000000000009 3.5000000000000004 4.5000000000000009
decision_type= 2 2 2 2 2 2 2
left_child=-1 2 -2 4 6 -5 -3
right_child=1 3 -4 5 -6 -7 -8
leaf_value= 0.10237584383203524 -0.10366031838421624 -0.10394193890524511 0.10341051292079227 0.12916510539793588 0.10391403127215203 -0.10561293752978274 -0.033040890655620693
leaf_weight=31.69060917198658 9.1234875563532096 58.97281626611948 34.992422208189964 7.8344092369079572 6.2499135229736558 2.8364553898572922 34.961480708792806
leaf_count=1398 320 2457 1411 61 199 79 574
model_size=816
internal_value=0 -0.0209733 0.0605868 -0.0534309 -0.0662325 0.066758 -0.0775532
internal_weight=0 154.971 44.1159 110.855 100.184 10.6709 93.9343
internal_count=6499 5101 1731 3370 3230 140 3031
is_linear=0
shrinkage=0.1


Tree=32
num_leaves= 8
num_cat= 0
full_tree_array_lgbids= 0 -1 1 -2147483648 -2147483648 2 3 -2147483648 -2147483648 -2147483648 -2147483648 -2 -4 4 -5 -2147483648 -2147483648 -2147483648 -2147483648 -2147483648 -2147483648 -2147483648 -2147483648 -2147483648 -2147483648 -2147483648 -2147483648 5 6 -2147483648 -2147483648 -2147483648 -2147483648 -2147483648 -2147483648 -2147483648 -2147483648 -2147483648 -2147483648 -2147483648 -2147483648 -2147483648 -2147483648 -2147483648 -2147483648 -2147483648 -2147483648 -2147483648 -2147483648 -2147483648 -2147483648 -2147483648 -2147483648 -2147483648 -2147483648 -3 -7 -6 -8 -2147483648 -2147483648 -2147483648 -2147483648
split_feature= 8 4 4 9 10 1 12
split_gain= 30.7591 31.081 22.748 10.7817 11.6918 12.1242 1.76871
threshold= 1.0000000180025095e-35 2.5000000000000004 1.0000000180025095e-35 1.0000000180025095e-35 2.5000000000000004 1.0000000180025095e-35 2.5000000000000004
decision_type= 2 2 2 2 2 2 2
left_child=-1 2 -2 4 5 -3 -6
right_child=1 3 -4 -5 6 -7 -8
leaf_value= 0.10214465101337988 -0.10330586423735451 -0.11133017100386461 0.10308662091943369 -0.1021032351788686 -0.10575195375944198 0.056165929632278323 0.032942152873129411
leaf_weight=28.73644569888711 8.2821545582264644 7.7912215217947951 31.756869931705296 39.238137699663639 21.909658933058385 30.122368701733649 4.371937319636344
leaf_count=1398 320 87 1411 2041 586 567 89
model_size=816
internal_value=0 -0.0204691 0.0603939 -0.0517711 -0.0210065 0.0217456 -0.0826802
internal_weight=0 143.472 40.039 103.433 64.1952 37.9136 26.2816
internal_count=6499 5101 1731 3370 1329 654 675
is_linear=0
shrinkage=0.1


Tree=33
num_leaves= 8
num_cat= 0
full_tree_array_lgbids= 0 -1 1 -2147483648 -2147483648 2 3 -2147483648 -2147483648 -2147483648 -2147483648 -2 -4 4 -5 -2147483648 -2147483648 -2147483648 -2147483648 -2147483648 -2147483648 -2147483648 -2147483648 -2147483648 -2147483648 -2147483648 -2147483648 5 6 -2147483648 -2147483648 -2147483648 -2147483648 -2147483648 -2147483648 -2147483648 -2147483648 -2147483648 -2147483648 -2147483648 -2147483648 -2147483648 -2147483648 -2147483648 -2147483648 -2147483648 -2147483648 -2147483648 -2147483648 -2147483648 -2147483648 -2147483648 -2147483648 -2147483648 -2147483648 -3 -7 -6 -8 -2147483648 -2147483648 -2147483648 -2147483648
split_feature= 8 4 4 9 10 1 12
split_gain= 27.0956 26.8406 19.9376 9.78799 9.63548 9.61855 1.20965
threshold= 1.0000000180025095e-35 2.5000000000000004 1.0000000180025095e-35 1.0000000180025095e-35 2.5000000000000004 1.0000000180025095e-35 2.5000000000000004
decision_type= 2 2 2 2 2 2 2
left_child=-1 2 -2 4 5 -3 -6
right_child=1 3 -4 -5 6 -7 -8
leaf_value= 0.10193640439869743 -0.1029862998298792 -0.11014236419425505 0.10279354299064088 -0.10190001474101835 -0.10521360916319911 0.050926385336401828 0.029731703024290637
leaf_weight=26.052226200699806 7.5160724967718116 7.1219171881675711 28.812561226077378 35.571335263550282 19.920948535203937 29.911241789348423 4.360287617892026
leaf_count=1398 320 87 1411 2041 586 567 89
model_size=816
internal_value=0 -0.0200016 0.0602195 -0.0500816 -0.0200193 0.0199509 -0.0809809
internal_weight=0 133.214 36.3286 96.8857 61.3144 37.0332 24.2812
internal_count=6499 5101 1731 3370 1329 654 675
is_linear=0
shrinkage=0.1


Tree=34
num_leaves= 8
num_cat= 0
full_tree_array_lgbids= 0 -1 1 -2147483648 -2147483648 2 3 -2147483648 -2147483648 -2147483648 -2147483648 -2 -4 6 4 -2147483648 -2147483648 -2147483648 -2147483648 -2147483648 -2147483648 -2147483648 -2147483648 -2147483648 -2147483648 -2147483648 -2147483648 -3 -8 -5 5 -2147483648 -2147483648 -2147483648 -2147483648 -2147483648 -2147483648 -2147483648 -2147483648 -2147483648 -2147483648 -2147483648 -2147483648 -2147483648 -2147483648 -2147483648 -2147483648 -2147483648 -2147483648 -2147483648 -2147483648 -2147483648 -2147483648 -2147483648 -2147483648 -2147483648 -2147483648 -2147483648 -2147483648 -2147483648 -2147483648 -6 -7
split_feature= 8 4 4 19 19 12 4
split_gain= 23.7976 23.0605 17.4099 9.14233 16.4381 14.3455 14.3075
threshold= 1.0000000180025095e-35 2.5000000000000004 1.0000000180025095e-35 4.5000000000000009 5.5000000000000009 2.5000000000000004 5.5000000000000009
decision_type= 2 2 2 2 2 2 2
left_child=-1 2 -2 6 -5 -6 -3
right_child=1 3 -4 4 5 -7 -8
leaf_value= 0.10174873678757322 -0.10269807916472889 -0.10297460179736997 0.10252831397040219 0.1388125305328837 -0.089976387548735839 0.094343243688160591 0.10317452794331586
leaf_weight=23.614293538033962 6.8189382869750252 47.117258375510573 26.134693257510662 8.5698939617723209 22.278263282030824 7.8457217663526526 5.1340757021680465
leaf_count=1398 320 2523 1411 58 516 74 199
model_size=816
internal_value=0 -0.019513 0.0600618 -0.0483466 -0.00193101 -0.0419708 -0.0827189
internal_weight=0 123.899 32.9536 90.9452 38.6939 30.124 52.2513
internal_count=6499 5101 1731 3370 648 590 2722
is_linear=0
shrinkage=0.1


Tree=35
num_leaves= 8
num_cat= 0
full_tree_array_lgbids= 0 -1 1 -2147483648 -2147483648 2 3 -2147483648 -2147483648 -2147483648 -2147483648 -2 -4 5 4 -2147483648 -2147483648 -2147483648 -2147483648 -2147483648 -2147483648 -2147483648 -2147483648 -2147483648 -2147483648 -2147483648 -2147483648 -3 -7 -5 6 -2147483648 -2147483648 -2147483648 -2147483648 -2147483648 -2147483648 -2147483648 -2147483648 -2147483648 -2147483648 -2147483648 -2147483648 -2147483648 -2147483648 -2147483648 -2147483648 -2147483648 -2147483648 -2147483648 -2147483648 -2147483648 -2147483648 -2147483648 -2147483648 -2147483648 -2147483648 -2147483648 -2147483648 -2147483648 -2147483648 -6 -8
split_feature= 8 4 4 19 19 4 12
split_gain= 20.8698 20.0045 15.1282 7.92074 13.5739 12.3222 11.689
threshold= 1.0000000180025095e-35 2.5000000000000004 1.0000000180025095e-35 4.5000000000000009 5.5000000000000009 5.5000000000000009 2.5000000000000004
decision_type= 2 2 2 2 2 2 2
left_child=-1 2 -2 5 -5 -3 -6
right_child=1 3 -4 4 6 -7 -8
leaf_value= 0.10157956471534446 -0.10243804308794424 -0.10270158719392407 0.10228826962344389 0.13394478063914225 -0.087293395392873396 0.102865248625025 0.088877085541595624
leaf_weight=21.400870643556118 6.1848953608423498 42.741030273959041 23.700319069437683 8.021436892449854 20.746534733101729 4.6587595315650097 7.5132314935326567
leaf_count=1398 320 2523 1411 58 516 199 74
model_size=816
internal_value=0 -0.0192707 0.0599191 -0.047552 -0.00189772 -0.0824971 -0.0404561
internal_weight=0 113.566 29.8852 83.681 36.2812 47.3998 28.2598
internal_count=6499 5101 1731 3370 648 2722 590
is_linear=0
shrinkage=0.1


Tree=36
num_leaves= 8
num_cat= 0
full_tree_array_lgbids= 0 -1 1 -2147483648 -2147483648 2 3 -2147483648 -2147483648 -2147483648 -2147483648 -2 -4 5 4 -2147483648 -2147483648 -2147483648 -2147483648 -2147483648 -2147483648 -2147483648 -2147483648 -2147483648 -2147483648 -2147483648 -2147483648 -3 -7 -5 6 -2147483648 -2147483648 -2147483648 -2147483648 -2147483648 -2147483648 -2147483648 -2147483648 -2147483648 -2147483648 -2147483648 -2147483648 -2147483648 -2147483648 -2147483648 -2147483648 -2147483648 -2147483648 -2147483648 -2147483648 -2147483648 -2147483648 -2147483648 -2147483648 -2147483648 -2147483648 -2147483648 -2147483648 -2147483648 -2147483648 -6 -8
split_feature= 8 4 4 19 19 4 12
split_gain= 18.2247 17.2577 13.067 6.80309 11.1169 10.5289 9.34075
threshold= 1.0000000180025095e-35 2.5000000000000004 1.0000000180025095e-35 4.5000000000000009 5.5000000000000009 5.5000000000000009 2.5000000000000004
decision_type= 2 2 2 2 2 2 2
left_child=-1 2 -2 5 -5 -3 -6
right_child=1 3 -4 4 6 -7 -8
leaf_value= 0.10142699448593775 -0.10220336491269838 -0.10245304054054138 0.10207101156632559 0.1298089817859078 -0.084515723068071841 0.1025867351021917 0.083460933882774424
leaf_weight=19.391955060884356 5.608520787209275 38.762734157033265 21.488258142955601 7.4772976804524651 19.358056705445055 4.226281431503593 7.2166561782360068
leaf_count=1398 320 2523 1411 58 516 199 74
model_size=816
internal_value=0 -0.0190211 0.0597901 -0.0467404 -0.00185396 -0.0822954 -0.0388998
internal_weight=0 104.138 27.0968 77.041 34.052 42.989 26.5747
internal_count=6499 5101 1731 3370 648 2722 590
is_linear=0
shrinkage=0.1


Tree=37
num_leaves= 8
num_cat= 0
full_tree_array_lgbids= 0 -1 1 -2147483648 -2147483648 2 3 -2147483648 -2147483648 -2147483648 -2147483648 -2 -4 5 4 -2147483648 -2147483648 -2147483648 -2147483648 -2147483648 -2147483648 -2147483648 -2147483648 -2147483648 -2147483648 -2147483648 -2147483648 -3 -7 -5 6 -2147483648 -2147483648 -2147483648 -2147483648 -2147483648 -2147483648 -2147483648 -2147483648 -2147483648 -2147483648 -2147483648 -2147483648 -2147483648 -2147483648 -2147483648 -2147483648 -2147483648 -2147483648 -2147483648 -2147483648 -2147483648 -2147483648 -2147483648 -2147483648 -2147483648 -2147483648 -2147483648 -2147483648 -2147483648 -2147483648 -6 -8
split_feature= 8 4 4 19 19 4 12
split_gain= 15.8336 14.787 11.2038 5.77988 8.99557 8.90765 7.26774
threshold= 1.0000000180025095e-35 2.5000000000000004 1.0000000180025095e-35 4.5000000000000009 5.5000000000000009 5.5000000000000009 2.5000000000000004
decision_type= 2 2 2 2 2 2 2
left_child=-1 2 -2 5 -5 -3 -6
right_child=1 3 -4 4 6 -7 -8
leaf_value= 0.10128935408241856 -0.10199151249922259 -0.10222683983122212 0.10187436930942328 0.12626921149447104 -0.081646211233023389 0.1023358057596334 0.078117405760189579
leaf_weight=17.569196557626128 5.0848039677366641 35.147635000757873 19.479000695981085 6.9455545507371452 18.100375670939687 3.8329968871548763 6.9534665718674651
leaf_count=1398 320 2523 1411 58 516 199 74
model_size=816
internal_value=0 -0.0187621 0.0596733 -0.045906 -0.00180099 -0.082112 -0.0373053
internal_weight=0 95.5438 24.5638 70.98 31.9994 38.9806 25.0538
internal_count=6499 5101 1731 3370 648 2722 590
is_linear=0
shrinkage=0.1


Tree=38
num_leaves= 8
num_cat= 0
full_tree_array_lgbids= 0 -1 1 -2147483648 -2147483648 2 3 -2147483648 -2147483648 -2147483648 -2147483648 -2 -4 4 5 -2147483648 -2147483648 -2147483648 -2147483648 -2147483648 -2147483648 -2147483648 -2147483648 -2147483648 -2147483648 -2147483648 -2147483648 -3 -6 -5 6 -2147483648 -2147483648 -2147483648 -2147483648 -2147483648 -2147483648 -2147483648 -2147483648 -2147483648 -2147483648 -2147483648 -2147483648 -2147483648 -2147483648 -2147483648 -2147483648 -2147483648 -2147483648 -2147483648 -2147483648 -2147483648 -2147483648 -2147483648 -2147483648 -2147483648 -2147483648 -2147483648 -2147483648 -2147483648 -2147483648 -7 -8
split_feature= 8 4 4 19 4 19 17
split_gain= 13.6711 12.5633 9.51818 4.84224 7.44082 7.15427 6.2117
threshold= 1.0000000180025095e-35 2.5000000000000004 1.0000000180025095e-35 4.5000000000000009 5.5000000000000009 5.5000000000000009 1.5000000000000002
decision_type= 2 2 2 2 2 2 2
left_child=-1 2 -2 4 -3 -5 -7
right_child=1 3 -4 5 -6 6 -8
leaf_value= 0.1011651547629283 -0.10180022758265475 -0.1020210392054996 0.1016963901560255 0.12322020801291758 0.10210963809236712 0.037013130118866942 -0.10438969433472223
leaf_weight=15.915790362283586 4.6091262307018068 31.86378829088062 17.654606013558805 6.4320481978356865 3.4755298765376201 11.508093532174826 12.174643963575363
leaf_count=1398 320 2523 1411 58 199 156 434
model_size=816
internal_value=0 -0.0184921 0.0595677 -0.0450436 -0.0819453 -0.00173996 -0.0356782
internal_weight=0 87.7178 22.2637 65.4541 35.3393 30.1148 23.6827
internal_count=6499 5101 1731 3370 2722 648 590
is_linear=0
shrinkage=0.1


Tree=39
num_leaves= 8
num_cat= 0
full_tree_array_lgbids= 0 -1 1 -2147483648 -2147483648 2 3 -2147483648 -2147483648 -2147483648 -2147483648 -2 -4 4 5 -2147483648 -2147483648 -2147483648 -2147483648 -2147483648 -2147483648 -2147483648 -2147483648 -2147483648 -2147483648 -2147483648 -2147483648 -3 -6 -5 6 -2147483648 -2147483648 -2147483648 -2147483648 -2147483648 -2147483648 -2147483648 -2147483648 -2147483648 -2147483648 -2147483648 -2147483648 -2147483648 -2147483648 -2147483648 -2147483648 -2147483648 -2147483648 -2147483648 -2147483648 -2147483648 -2147483648 -2147483648 -2147483648 -2147483648 -2147483648 -2147483648 -2147483648 -2147483648 -2147483648 -7 -8
split_feature= 8 4 4 19 4 19 12
split_gain= 11.7202 10.5579 7.99218 3.97963 6.11263 5.55387 5.03666
threshold= 1.0000000180025095e-35 2.5000000000000004 1.0000000180025095e-35 4.5000000000000009 5.5000000000000009 5.5000000000000009 2.5000000000000004
decision_type= 2 2 2 2 2 2 2
left_child=-1 2 -2 4 -3 -5 -7
right_child=1 3 -4 5 -6 6 -8
leaf_value= 0.10105304350244913 -0.10162747208734249 -0.10183386248572146 0.10153528851400458 0.12057933765680606 0.10190570816304774 -0.077768705088524057 0.074576591281301952
leaf_weight=14.416366495192049 4.1772384522482762 28.881848271004856 15.998604321852326 5.9408335387706783 3.150762344710528 16.067433513700966 6.4792556799948207
leaf_count=1398 320 2523 1411 58 199 516 74
model_size=816
internal_value=0 -0.0182186 0.0594721 -0.0441187 -0.0817938 -0.00175519 -0.0339891
internal_weight=0 80.696 20.1758 60.5201 32.0326 28.4875 22.5467
internal_count=6499 5101 1731 3370 2722 648 590
is_linear=0
shrinkage=0.1


Tree=40
num_leaves= 8
num_cat= 0
full_tree_array_lgbids= 0 -1 1 -2147483648 -2147483648 2 3 -2147483648 -2147483648 -2147483648 -2147483648 -2 -4 4 5 -2147483648 -2147483648 -2147483648 -2147483648 -2147483648 -2147483648 -2147483648 -2147483648 -2147483648 -2147483648 -2147483648 -2147483648 -3 -6 -5 6 -2147483648 -2147483648 -2147483648 -2147483648 -2147483648 -2147483648 -2147483648 -2147483648 -2147483648 -2147483648 -2147483648 -2147483648 -2147483648 -2147483648 -2147483648 -2147483648 -2147483648 -2147483648 -2147483648 -2147483648 -2147483648 -2147483648 -2147483648 -2147483648 -2147483648 -2147483648 -2147483648 -2147483648 -2147483648 -2147483648 -7 -8
split_feature= 8 4 4 19 4 19 17
split_gain= 9.94936 8.76119 6.60966 3.18097 4.909 4.15315 4.71343
threshold= 1.0000000180025095e-35 2.5000000000000004 1.0000000180025095e-35 4.5000000000000009 5.5000000000000009 5.5000000000000009 1.5000000000000002
decision_type= 2 2 2 2 2 2 2
left_child=-1 2 -2 4 -3 -5 -7
right_child=1 3 -4 5 -6 6 -8
leaf_value= 0.10095183573948058 -0.10147142512919674 -0.10166366758285006 0.10138947574323859 0.11828086407349558 0.10172176908623094 0.035834696097437994 -0.10405912931454704
leaf_weight=13.056880401447414 3.7852385500445971 26.174902009777728 14.49589629471302 5.4745560362935093 2.8558204835280767 10.95437690615654 10.428925992920995
leaf_count=1398 320 2523 1411 58 199 156 434
model_size=816
internal_value=0 -0.0179324 0.0593857 -0.0432231 -0.0816562 -0.00168081 -0.0323934
internal_weight=0 74.1697 18.2811 55.8886 29.0307 26.8579 21.3833
internal_count=6499 5101 1731 3370 2722 648 590
is_linear=0
shrinkage=0.1


Tree=41
num_leaves= 8
num_cat= 0
full_tree_array_lgbids= 0 -1 1 -2147483648 -2147483648 2 3 -2147483648 -2147483648 -2147483648 -2147483648 -2 -4 4 5 -2147483648 -2147483648 -2147483648 -2147483648 -2147483648 -2147483648 -2147483648 -2147483648 -2147483648 -2147483648 -2147483648 -2147483648 -3 -6 -5 6 -2147483648 -2147483648 -2147483648 -2147483648 -2147483648 -2147483648 -2147483648 -2147483648 -2147483648 -2147483648 -2147483648 -2147483648 -2147483648 -2147483648 -2147483648 -2147483648 -2147483648 -2147483648 -2147483648 -2147483648 -2147483648 -2147483648 -2147483648 -2147483648 -2147483648 -2147483648 -2147483648 -2147483648 -2147483648 -2147483648 -7 -8
split_feature= 8 4 4 19 4 19 17
split_gain= 8.35157 7.14268 5.35619 2.43987 3.81734 2.92974 3.58068
threshold= 1.0000000180025095e-35 2.5000000000000004 1.0000000180025095e-35 4.5000000000000009 5.5000000000000009 5.5000000000000009 1.5000000000000002
decision_type= 2 2 2 2 2 2 2
left_child=-1 2 -2 4 -3 -5 -7
right_child=1 3 -4 5 -6 6 -8
leaf_value= 0.10086043801915152 -0.10133044449091294 -0.10150896909426919 0.10125749807532539 0.11627186644182226 0.10155580649803991 0.032293209443046658 -0.10368522939235031
leaf_weight=11.824515301734207 3.4295482439920315 23.718290590215478 13.132655604276806 5.0347636137157705 2.5880611157044759 10.940922660753131 9.4687802623957396
leaf_count=1398 320 2523 1411 58 199 156 434
model_size=816
internal_value=0 -0.0176479 0.0593075 -0.0422764 -0.0815311 -0.00169207 -0.030792
internal_weight=0 68.313 16.5622 51.7508 26.3064 25.4445 20.4097
internal_count=6499 5101 1731 3370 2722 648 590
is_linear=0
shrinkage=0.1


Tree=42
num_leaves= 8
num_cat= 0
full_tree_array_lgbids= 0 -1 1 -2147483648 -2147483648 2 3 -2147483648 -2147483648 -2147483648 -2147483648 -2 -4 4 5 -2147483648 -2147483648 -2147483648 -2147483648 -2147483648 -2147483648 -2147483648 -2147483648 -2147483648 -2147483648 -2147483648 -2147483648 -3 -6 -5 6 -2147483648 -2147483648 -2147483648 -2147483648 -2147483648 -2147483648 -2147483648 -2147483648 -2147483648 -2147483648 -2147483648 -2147483648 -2147483648 -2147483648 -2147483648 -2147483648 -2147483648 -2147483648 -2147483648 -2147483648 -2147483648 -2147483648 -2147483648 -2147483648 -2147483648 -2147483648 -2147483648 -2147483648 -2147483648 -2147483648 -7 -8
split_feature= 8 4 4 19 4 19 12
split_gain= 6.9031 5.68401 4.21888 1.75687 2.8264 1.85162 2.85997
threshold= 1.0000000180025095e-35 2.5000000000000004 1.0000000180025095e-35 4.5000000000000009 5.5000000000000009 5.5000000000000009 2.5000000000000004
decision_type= 2 2 2 2 2 2 2
left_child=-1 2 -2 4 -3 -5 -7
right_child=1 3 -4 5 -6 6 -8
leaf_value= 0.10077787996490038 -0.10120305356292503 -0.10136839723107466 0.10113803833793429 0.11450933578646803 0.10140602501412624 -0.072843240056637212 0.073204538723425486
leaf_weight=10.707582590170203 3.1068910360336277 21.489445158280436 11.896239774301648 4.6221555098891285 2.3450574022717765 13.691884081810715 5.8352248147130004
leaf_count=1398 320 2523 1411 58 199 516 74
model_size=816
internal_value=0 -0.0173485 0.0592367 -0.0412945 -0.0814176 -0.00169431 -0.0292002
internal_weight=0 62.9869 15.0031 47.9838 23.8345 24.1493 19.5271
internal_count=6499 5101 1731 3370 2722 648 590
is_linear=0
shrinkage=0.1


Tree=43
num_leaves= 8
num_cat= 0
full_tree_array_lgbids= 0 -1 1 -2147483648 -2147483648 2 3 -2147483648 -2147483648 -2147483648 -2147483648 -2 -4 4 5 -2147483648 -2147483648 -2147483648 -2147483648 -2147483648 -2147483648 -2147483648 -2147483648 -2147483648 -2147483648 -2147483648 -2147483648 -3 -6 -5 6 -2147483648 -2147483648 -2147483648 -2147483648 -2147483648 -2147483648 -2147483648 -2147483648 -2147483648 -2147483648 -2147483648 -2147483648 -2147483648 -2147483648 -2147483648 -2147483648 -2147483648 -2147483648 -2147483648 -2147483648 -2147483648 -2147483648 -2147483648 -2147483648 -2147483648 -2147483648 -2147483648 -2147483648 -2147483648 -2147483648 -7 -8
split_feature= 8 4 4 19 4 19 17
split_gain= 5.58609 4.3773 3.18616 1.12063 1.9261 0.898156 2.40618
threshold= 1.0000000180025095e-35 2.5000000000000004 1.0000000180025095e-35 4.5000000000000009 5.5000000000000009 5.5000000000000009 1.5000000000000002
decision_type= 2 2 2 2 2 2 2
left_child=-1 2 -2 4 -3 -5 -7
right_child=1 3 -4 5 -6 6 -8
leaf_value= 0.10070331138358485 -0.10108793207282514 -0.10124070729570978 0.10102991701026004 0.11295793211710595 0.10127081605110407 0.031462766986772493 -0.10348245206844271
leaf_weight=9.6954306950792652 2.8142698816955063 19.467732277698818 10.775096763391048 4.2367891306057599 2.1245845579542211 10.43885887786746 8.1526068691164255
leaf_count=1398 320 2523 1411 58 199 156 434
model_size=816
internal_value=0 -0.0170365 0.0591726 -0.0403508 -0.0813145 -0.00160492 -0.0277125
internal_weight=0 58.0099 13.5894 44.4206 21.5923 22.8283 18.5915
internal_count=6499 5101 1731 3370 2722 648 590
is_linear=0
shrinkage=0.1


Tree=44
num_leaves= 4
num_cat= 0
full_tree_array_lgbids= 0 -1 1 -2147483648 -2147483648 -2 2 -2147483648 -2147483648 -2147483648 -2147483648 -2147483648 -2147483648 -3 -4
split_feature= 8 19 9
split_gain= 4.39605 3.20185 1.68572
threshold= 1.0000000180025095e-35 1.5000000000000002 1.0000000180025095e-35
decision_type= 2 2 2
left_child=-1 -2 -3
right_child=1 2 -4
leaf_value= 0.10063593553003614 0.075939479452759598 -0.0090036293513982603 -0.10077521629135065
leaf_weight=8.7783630536869151 8.92441762331873 31.887077616993338 12.76633982406929
leaf_count=1398 1334 1691 2076
model_size=368
internal_value=0 -0.0167217 -0.035241
internal_weight=0 53.5778 44.6534
internal_count=6499 5101 3767
is_linear=0
shrinkage=0.1


Tree=45
num_leaves= 6
num_cat= 0
full_tree_array_lgbids= 0 -1 1 -2147483648 -2147483648 2 3 -2147483648 -2147483648 -2147483648 -2147483648 -2 -4 4 -5 -2147483648 -2147483648 -2147483648 -2147483648 -2147483648 -2147483648 -2147483648 -2147483648 -2147483648 -2147483648 -2147483648 -2147483648 -3 -6 -2147483648 -2147483648
split_feature= 8 4 4 19 4
split_gain= 3.28352 2.1956 1.91858 0.272244 1.09015
threshold= 1.0000000180025095e-35 2.5000000000000004 1.0000000180025095e-35 4.5000000000000009 5.5000000000000009
decision_type= 2 2 2 2 2
left_child=-1 2 -2 4 -3
right_child=1 3 -4 -5 -6
leaf_value= 0.10057504998636178 -0.10091839063418816 -0.10115393291743818 0.10090582011429428 -0.00049140621501940593 0.10115909417138449
leaf_weight=7.9475554358214131 2.4734248016029587 16.56997004989535 9.2096098326146585 21.633230280131102 1.9416141295805562
leaf_count=1398 320 2523 1411 648 199
model_size=592
internal_value=0 -0.0156412 0.0581775 -0.037124 -0.079934
internal_weight=0 51.8278 11.683 40.1448 18.5116
internal_count=6499 5101 1731 3370 2722
is_linear=0
shrinkage=0.1


Tree=46
num_leaves= 6
num_cat= 0
full_tree_array_lgbids= 0 -1 1 -2147483648 -2147483648 2 3 -2147483648 -2147483648 -2147483648 -2147483648 -2 -4 -3 4 -2147483648 -2147483648 -2147483648 -2147483648 -2147483648 -2147483648 -2147483648 -2147483648 -2147483648 -2147483648 -2147483648 -2147483648 -2147483648 -2147483648 -5 -6
split_feature= 8 4 4 2 8
split_gain= 2.29773 1.14119 1.10945 0.0845738 1.13116
threshold= 1.0000000180025095e-35 2.5000000000000004 1.0000000180025095e-35 4.5000000000000009 7.5000000000000009
decision_type= 2 2 2 2 2
left_child=-1 2 -2 -3 -5
right_child=1 3 -4 4 -6
leaf_value= 0.10052002783494791 -0.10083054446196799 -0.066080368061459366 0.10081979091980633 -0.073735141122089704 0.072088403628233835
leaf_weight=7.1949817305430761 2.2398979254066935 24.026491538155824 8.3399488250724954 5.4638285990804425 8.9080438110977394
leaf_count=1398 320 2506 1411 622 242
model_size=592
internal_value=0 -0.0149742 0.0581277 -0.0351158 0.0166499
internal_weight=0 48.9782 10.5798 38.3984 14.3719
internal_count=6499 5101 1731 3370 864
is_linear=0
shrinkage=0.1


Tree=47
num_leaves= 4
num_cat= 0
full_tree_array_lgbids= 0 -1 1 -2147483648 -2147483648 2 -3 -2147483648 -2147483648 -2147483648 -2147483648 -2 -4 -2147483648 -2147483648
split_feature= 8 4 4
split_gain= 1.38554 0.167435 0.366221
threshold= 1.0000000180025095e-35 2.5000000000000004 1.0000000180025095e-35
decision_type= 2 2 2
left_child=-1 2 -2
right_child=1 -3 -4
leaf_value= 0.10047029417723358 -0.10075114484884418 -0.032832410167081404 0.10074191055246642
leaf_weight=6.513347544707357 2.0282594701275212 37.073199939914048 7.5518347278703004
leaf_count=1398 320 3370 1411
model_size=368
internal_value=0 -0.0141633 0.0580826
internal_weight=0 46.6533 9.58009
internal_count=6499 5101 1731
is_linear=0
shrinkage=0.1


Tree=48
num_leaves= 2
num_cat= 0
full_tree_array_lgbids= 0 -1 -2
split_feature= 8
split_gain= 0.566506
threshold= 1.0000000180025095e-35
decision_type= 2
left_child=-1
right_child=-2
leaf_value= 0.10042534186453499 -0.013097863983124625
leaf_weight=5.8960244525223962 45.260935998288915
leaf_count=1398 5101
model_size=144
internal_value=0
internal_weight=0
internal_count=6499
is_linear=0
shrinkage=0.1


Tree=49
num_leaves= 4
num_cat= 0
full_tree_array_lgbids= 0 1 -2 -1 2 -2147483648 -2147483648 -2147483648 -2147483648 -3 -4 -2147483648 -2147483648 -2147483648 -2147483648
split_feature= 4 4 19
split_gain= 0.0352852 2.25517 3.19085
threshold= 5.5000000000000009 2.5000000000000004 4.5000000000000009
decision_type= 2 2 2
left_child=1 -1 -3
right_child=-2 2 -4
leaf_value= 0.066026551520291285 0.10066072585750688 -0.10094214762779859 0.0057936193975469293
leaf_weight=10.549105733167378 5.4670450855046502 13.53208663035184 20.928778833243996
leaf_count=2205 1123 2523 648
model_size=368
internal_value=0 -0.0121792 -0.0361194
internal_weight=0 45.01 34.4609
internal_count=6499 5376 3171
is_linear=0
shrinkage=0.1


end of trees

feature_importances:
Column_4=103
Column_19=69
Column_8=50
Column_21=38
Column_10=35
Column_12=35
Column_20=34
Column_1=20
Column_9=20
Column_7=17
Column_17=15
Column_13=11
Column_2=7
Column_18=4
Column_3=3

parameters:
[boosting: gbdt]
[objective: binary]
[metric: auc, binary_logloss, rmse, l1, l2, mape, huber]
[tree_learner: serial]
[device_type: cpu]
[data_sample_strategy: bagging]
[data: data/kr-vs-kp.libsvm.train]
[valid: data/kr-vs-kp.libsvm.test]
[num_iterations: 500]
[learning_rate: 0.1]
[num_leaves: 255]
[num_threads: 1]
[seed: 42]
[deterministic: 0]
[force_col_wise: 0]
[force_row_wise: 0]
[histogram_pool_size: -1]
[max_depth: 5]
[min_data_in_leaf: 10]
[min_sum_hessian_in_leaf: 0.001]
[bagging_fraction: 1]
[pos_bagging_fraction: 1]
[neg_bagging_fraction: 1]
[bagging_freq: 0]
[bagging_seed: 400]
[feature_fraction: 1]
[feature_fraction_bynode: 1]
[feature_fraction_seed: 30056]
[extra_trees: 0]
[extra_seed: 12879]
[early_stopping_round: 0]
[early_stopping_min_delta: 0]
[first_metric_only: 0]
[max_delta_step: 0]
[lambda_l1: 0]
[lambda_l2: 0]
[linear_lambda: 0]
[min_gain_to_split: 0]
[drop_rate: 0.1]
[max_drop: 50]
[skip_drop: 0.5]
[xgboost_dart_mode: 0]
[uniform_drop: 0]
[drop_seed: 17869]
[top_rate: 0.2]
[other_rate: 0.1]
[min_data_per_group: 100]
[max_cat_threshold: 32]
[cat_l2: 10]
[cat_smooth: 10]
[max_cat_to_onehot: 4]
[top_k: 20]
[monotone_constraints: ]
[monotone_constraints_method: basic]
[monotone_penalty: 0]
[feature_contri: ]
[forcedsplits_filename: ]
[refit_decay_rate: 0.9]
[tinygbdt_penalty_feature: 0.125]
[tinygbdt_penalty_split: 0.0078125]
[tinygbdt_forestsize: 64000]
[tinygbdt_precision: 1]
[cegb_tradeoff: 1]
[cegb_penalty_split: 0]
[cegb_penalty_feature_lazy: ]
[cegb_penalty_feature_coupled: ]
[path_smooth: 0]
[interaction_constraints: ]
[verbosity: 1]
[saved_feature_importance_type: 0]
[use_quantized_grad: 0]
[num_grad_quant_bins: 4]
[quant_train_renew_leaf: 0]
[stochastic_rounding: 1]
[linear_tree: 0]
[max_bin: 255]
[max_bin_by_feature: ]
[min_data_in_bin: 3]
[bin_construct_sample_cnt: 200000]
[data_random_seed: 175]
[is_enable_sparse: 1]
[enable_bundle: 1]
[use_missing: 1]
[zero_as_missing: 0]
[feature_pre_filter: 1]
[pre_partition: 0]
[two_round: 0]
[header: 0]
[label_column: ]
[weight_column: ]
[group_column: ]
[ignore_column: ]
[categorical_feature: ]
[forcedbins_filename: ]
[precise_float_parser: 0]
[parser_config_file: ]
[objective_seed: 16083]
[num_class: 1]
[is_unbalance: 0]
[scale_pos_weight: 1]
[sigmoid: 1]
[boost_from_average: 1]
[reg_sqrt: 0]
[alpha: 0.9]
[fair_c: 1]
[poisson_max_delta_step: 0.7]
[tweedie_variance_power: 1.5]
[lambdarank_truncation_level: 30]
[lambdarank_norm: 1]
[label_gain: ]
[lambdarank_position_bias_regularization: 0]
[eval_at: ]
[multi_error_top_k: 1]
[auc_mu_weights: ]
[num_machines: 1]
[local_listen_port: 12400]
[time_out: 120]
[machine_list_filename: ]
[machines: ]
[gpu_platform_id: -1]
[gpu_device_id: -1]
[gpu_use_dp: 0]
[num_gpu: 1]

end of parameters
