tree
version=v4
num_class=1
num_tree_per_iteration=1
label_index=0
max_feature_idx=8
objective=regression
feature_names=Column_0 Column_1 Column_2 Column_3 Column_4 Column_5 Column_6 Column_7 Column_8
feature_infos=none [0.49990000000000001:15.0001] [1:52] [0.88888888888888884:141.90909090909091] [0.33333333333333331:25.63636363636364] [3:35682] [0.69230769230769229:1243.333333333333] [32.549999999999997:41.950000000000003] [-124.34999999999999:-114.31]
tree_sizes=2939 2880 3021 2686 2598 2750 2551 2897 2616 2430 2546 2504 2606 2475 2570 2147 2352 2220 2133 2073 2071 1851 2061 1584 1868 2073 1790 1722 2222 1379 1999 1511 1388 2082 666 1721 1656

Tree=0
num_leaves= 31
num_cat= 0
full_tree_array_lgbids= 0 1 2 5 3 4 10 9 11 6 7 15 12 19 22 14 13 24 20 25 8 18 16 27 17 26 21 -4 29 23 28 -1 -16 -11 -15 -7 -26 -13 -22 -3 -27 -8 -10 -5 -20 -9 -18 -2 -29 -17 -19 -6 -28 -14 -23 -2147483648 -2147483648 -21 -31 -12 -25 -24 -30
split_feature= 1 1 1 6 6 3 2 1 7 1 1 1 1 6 3 2 6 6 2 2 6 2 1 2 7 1 6 1 5 7
split_gain= 6972.71 1670.21 1277.18 961.383 416.528 303.446 219.116 198.04 172.466 166.265 141.323 122.183 106.127 98.0392 96.5664 92.9369 90.7438 80.7393 70.6363 58.6112 52.2939 29.0337 18.7941 22.5105 18.7259 16.2661 15.9795 13.6576 11.2249 1.56608
threshold= 5.0387000000000013 3.0679500000000002 6.8672000000000013 2.3489548886254448 2.671038674349933 4.3101408005062494 24.500000000000004 4.0775500000000013 37.815000000000005 2.2210000000000005 7.852450000000001 2.4115000000000006 5.7307500000000013 2.4907552973342448 3.449226804123712 19.500000000000004 2.9005380231986346 2.0653737590585881 43.500000000000007 26.500000000000004 2.2906328481453726 27.500000000000004 8.7395500000000013 28.500000000000004 35.335000000000008 3.5330000000000008 2.9742256672023202 5.6402500000000009 139.50000000000003 37.645000000000003
decision_type= 2 2 2 2 2 2 2 2 2 2 2 2 2 2 2 2 2 2 2 2 2 2 2 2 2 2 2 2 2 2
left_child=1 5 4 6 15 9 25 18 -8 14 19 24 26 -11 -1 27 -9 -17 -5 -4 -13 -14 23 -12 -7 -3 -6 -2 -24 -21
right_child=2 3 10 7 12 11 8 16 -10 13 22 20 21 -15 -16 17 -18 -19 -20 29 -22 -23 28 -25 -26 -27 -28 -29 -30 -31
leaf_value= 2.0405687631288161 2.122367892078735 2.0619325518895399 2.2105021416414852 2.0293758741925956 2.1246833370498446 1.9807571227445304 2.1984147209355398 2.1002101309481218 2.0795283240852767 2.0970408790997888 2.2611911907323741 2.043693994763716 2.1410397950488846 2.0327038778370752 1.9814897297846104 2.3293276008777508 2.055796547371648 2.2183144165789459 2.080533949453383 2.3136092887030801 1.9920349409095919 2.1974100577568745 2.2256631944098948 2.3423931801380187 1.9518240180001829 2.1119780300641722 2.0841198818403921 2.1915848606410337 2.348659992346585 2.2369779892674675
leaf_weight=503 128 198 263 2717 312 636 733 1016 163 430 147 309 586 767 899 91 1158 572 377 129 1491 187 19 97 1194 369 516 120 346 39
leaf_count=503 128 198 263 2717 312 636 733 1016 163 430 147 309 586 767 899 91 1158 572 377 129 1491 187 19 97 1194 369 516 120 346 39
model_size=3392
internal_value=2.07195 2.03789 2.19622 2.07259 2.15739 2.00039 2.1449 2.05251 2.17679 2.02716 2.28999 1.98123 2.12609 2.05582 2.00269 2.2124 2.07655 2.23355 2.03561 2.24376 2.0009 2.15468 2.32271 2.29347 1.96188 2.0945 2.0994 2.15586 2.34226 2.29582
internal_weight=0 12960 3552 6731 2512 6229 1463 5268 896 2599 1040 3630 1601 1197 1402 911 2174 663 3094 431 1800 773 609 244 1830 567 828 248 365 168
internal_count=16512 12960 3552 6731 2512 6229 1463 5268 896 2599 1040 3630 1601 1197 1402 911 2174 663 3094 431 1800 773 609 244 1830 567 828 248 365 168
is_linear=0
shrinkage=1


Tree=1
num_leaves= 28
num_cat= 0
full_tree_array_lgbids= 0 1 2 5 3 4 12 13 6 7 9 18 16 19 23 14 -15 8 10 -3 11 17 15 24 20 22 21 25 26 -14 -25 -1 -16 -2147483648 -2147483648 -7 -10 -8 -12 -2147483648 -2147483648 -9 -13 -5 -19 -11 -17 -2 -26 -20 -22 -6 -24 -18 -23 -4 -27 -21 -28 -2147483648 -2147483648 -2147483648 -2147483648
split_feature= 1 1 1 6 6 6 7 2 8 1 8 6 1 7 8 6 1 2 2 2 6 2 6 5 1 4 7
split_gain= 5645.91 1448.93 933.001 819.173 309.236 297.289 211.304 206.582 165.131 159.666 126.898 124.756 111.627 103.223 119.734 94.222 69.2826 66.7299 66.0586 65.8348 47.8705 25.1799 13.3374 5.0167 4.46443 1.23551 0.164661
threshold= 5.1326000000000009 3.1792500000000001 6.8672000000000013 2.2982753493904258 2.6585924622132828 2.1628386478062818 34.455000000000005 19.500000000000004 -117.77499999999999 4.1119000000000012 -121.63499999999998 1.9628175980828908 8.4454500000000028 37.935000000000009 -118.24499999999999 2.8335312747426764 5.8308000000000009 47.500000000000007 21.500000000000004 26.500000000000004 2.2038024706228287 27.500000000000004 3.1262267671728927 70.000000000000014 5.6402500000000009 1.0097363099187924 37.645000000000003
decision_type= 2 2 2 2 2 2 2 2 2 2 2 2 2 2 2 2 2 2 2 2 2 2 2 2 2 2 2
left_child=1 5 4 7 18 13 8 -3 -7 17 -8 -9 19 14 -1 -11 22 -5 24 25 -20 -18 -6 -14 -2 -4 -21
right_child=2 3 12 9 16 6 10 11 -10 15 -12 -13 23 -15 -16 -17 21 -19 20 26 -22 -23 -24 -25 -26 -27 -28
leaf_value= 0.044230430953254636 0.051710352190187048 0.013380108862050941 0.11059793351965697 -0.033517635639986235 0.048827385960445342 -0.032418481581660212 -0.062115720910071164 0.16254536505971776 -0.086464694131891839 0.033086021130256597 -0.10739158312721281 0.077517444901220187 0.10762568108427029 -0.071956682126132807 -0.039420649286328324 -0.010822406174656622 0.064840007462105109 0.030431795661703398 0.22015546661538954 0.22502748265708844 0.13662539405426799 0.12128281233978436 0.010032595539933747 0.24209449534497904 0.11076683308929205 0.15488111242500233 0.16209582549591478
leaf_weight=447 107 350 147 2681 418 1871 1128 305 928 1009 1827 539 11.999999999999998 245 343 1321 524 219 117 194 423 172 367 414 131 221 52
leaf_count=447 107 350 147 2681 418 1871 1128 305 928 1009 1827 539 12 245 343 1321 524 219 117 194 423 172 367 414 131 221 52
model_size=3056
internal_value=0 -0.02926 0.117191 0.00497081 0.0807981 -0.0616504 -0.0707621 0.0804366 -0.0503373 -0.0122579 -0.0901086 0.108244 0.19624 -0.0109948 0.00791104 0.00819202 0.0532941 -0.0286884 0.133154 0.167054 0.154724 0.0787885 0.0306902 0.238307 0.0842162 0.137192 0.211725
internal_weight=0 13213 3299 6424 2259 6789 5754 1194 2799 5230 2955 844 1040 1035 790 2330 1481 2900 778 614 540 696 785 426 238 368 246
internal_count=16512 13213 3299 6424 2259 6789 5754 1194 2799 5230 2955 844 1040 1035 790 2330 1481 2900 778 614 540 696 785 426 238 368 246
is_linear=0
shrinkage=0.1


Tree=2
num_leaves= 30
num_cat= 0
full_tree_array_lgbids= 0 1 2 6 3 4 7 13 10 5 9 17 16 11 22 19 28 21 15 8 -7 14 12 25 18 20 27 26 -13 23 24 -1 -21 -15 -30 -8 -23 -12 -17 -3 -10 -2147483648 -2147483648 -5 -16 -11 -14 -2 -27 -19 -20 -6 -22 -18 -29 -4 -28 -2147483648 -2147483648 -9 -25 -24 -26
split_feature= 1 1 1 6 6 7 3 1 8 1 1 2 2 6 3 6 6 2 6 8 2 6 2 1 5 5 6 1 8
split_gain= 4583.16 1112.89 849.697 680.854 229.55 222.046 195.932 175.557 174.801 139.245 95.4658 87.9956 71.5238 66.0192 61.4023 54.1214 41.5523 37.6387 42.7414 31.1986 16.5994 10.9107 9.25729 3.58605 2.96303 2.41534 2.29107 0.750006 0.292898
threshold= 5.0387000000000013 2.8762500000000002 6.3963500000000009 2.4136952392348086 2.5827178004959954 37.995000000000012 3.8792159595040387 7.852450000000001 -122.35499999999998 3.8346500000000003 2.2948000000000004 26.500000000000004 42.500000000000007 3.0973600929976173 5.1947827066293142 2.2906328481453726 3.0375944537846187 21.500000000000004 2.0653737590585881 -117.145 20.500000000000004 2.1718174014038287 20.500000000000004 9.1688500000000008 139.50000000000003 358.50000000000006 2.6585924622132828 5.6851000000000012 -117.79499999999999
decision_type= 2 2 2 2 2 2 2 2 2 2 2 2 2 2 2 2 2 2 2 2 2 2 2 2 2 2 2 2 2
left_child=1 6 4 5 17 8 13 11 -3 14 21 26 -11 19 -5 -12 20 25 -19 -1 -6 -8 23 -9 -24 -2 -4 -18 -15
right_child=2 3 7 9 16 -7 10 22 -10 12 15 -13 -14 28 -16 -17 27 18 -20 -21 -22 -23 24 -25 -26 -27 -28 -29 -30
leaf_value= 0.004997166402595626 -0.032755612139590086 0.15530145615721361 0.14059486463071499 -0.021756683590240855 0.028230403204931018 -0.04196680344791117 -0.060948759344007286 0.14921526030947765 0.05015581119245003 -0.0097105011414146177 -0.017192798938548332 0.17467646051857932 0.048191479024689475 -0.047618668565411859 -0.05477748556130882 -0.06618015511440789 0.0064548819710920071 0.21353098875597906 0.11639004326505781 -0.07594990942899775 0.072191242709795947 -0.094691603641533117 0.10798614382743837 0.21131945063224 0.22296350458999734 0.079583866178843735 0.091382259151591025 0.037027274828742698 -0.098404657180820199
leaf_weight=605 15.999999999999998 195 94 1556 249 252 273 120 1509 2424 363 312 293 699 1309 1511 434 76 348 82 529 1819 14.999999999999998 89 385 179 397 309 70
leaf_count=605 16 195 94 1556 249 252 273 120 1509 2424 363 312 293 699 1309 1511 434 76 348 82 529 1819 15 89 385 179 397 309 70
model_size=3280
internal_value=0 -0.0276298 0.100812 -0.00259777 0.0607079 0.0487696 -0.062431 0.161592 0.0621883 -0.0205975 -0.0744131 0.129507 -0.00346638 -0.0297928 -0.0368437 -0.0566911 0.0390936 0.113818 0.133802 -0.00466464 0.0581215 -0.0902883 0.203898 0.175662 0.218652 0.0703663 0.100804 0.0191694 -0.0522416
internal_weight=0 12960 3552 7538 2140 1956 5422 1412 1704 5582 3966 803 2717 1456 2865 1874 1521 619 424 687 778 2092 609 209 400 195 491 743 769
internal_count=16512 12960 3552 7538 2140 1956 5422 1412 1704 5582 3966 803 2717 1456 2865 1874 1521 619 424 687 778 2092 609 209 400 195 491 743 769
is_linear=0
shrinkage=0.1


Tree=3
num_leaves= 25
num_cat= 0
full_tree_array_lgbids= 0 1 3 4 2 5 18 12 7 6 9 15 16 20 23 13 -14 10 11 -3 8 14 17 -2 19 21 22 -5 -22 -20 -25 -1 -15 -2147483648 -2147483648 -6 -12 -9 -13 -2147483648 -2147483648 -8 -10 -4 -16 -11 -19 -2147483648 -2147483648 -17 -21 -7 -23 -18 -24 -2147483648 -2147483648 -2147483648 -2147483648 -2147483648 -2147483648 -2147483648 -2147483648
split_feature= 1 1 6 1 6 6 2 7 6 1 8 8 7 8 8 2 1 2 1 6 2 7 2 5
split_gain= 3735.78 1095.76 593.773 484.454 195.618 168.376 166.442 157.766 151.807 133.015 128.307 95.2163 71.8422 85.6504 69.0666 50.804 45.8435 38.831 28.1793 24.5354 19.9052 2.92651 1.15646 6.91838e-05
threshold= 5.3736000000000006 3.1913000000000005 2.4136952392348086 7.3930000000000016 2.1628386478062818 2.7472725830126556 19.500000000000004 34.455000000000005 1.9628175980828908 4.5301500000000017 -118.29499999999999 -121.63499999999998 37.935000000000009 -118.25499999999998 -122.38499999999998 21.500000000000004 6.2770500000000009 18.500000000000004 8.7395500000000013 2.2038024706228287 28.500000000000004 37.955000000000005 26.500000000000004 70.000000000000014
decision_type= 2 2 2 2 2 2 2 2 2 2 2 2 2 2 2 2 2 2 2 2 2 2 2 2
left_child=1 4 6 5 12 15 -3 10 -8 14 -6 -9 13 -1 -4 -2 21 -11 20 -17 -5 -7 -18 -20
right_child=3 2 9 18 7 16 8 11 -10 17 -12 -13 -14 -15 -16 19 22 -19 23 -21 -22 -23 -24 -25
leaf_value= 0.039449816565343257 0.071148450605881708 0.0063168590952237509 0.030514567816019827 0.12816343231190166 0.0056021390580208909 0.041814640331748476 0.14168169151584151 -0.049746616803069653 0.057341792555223564 -0.011525013870101884 -0.050957618127716743 -0.089509773984031205 -0.060623086508748085 -0.032639370155254643 -0.026036457895962137 0.19308339802298657 0.073931474311410325 0.028210198413618527 0.084342273200551668 0.12206420742130529 0.18787776620990437 -0.0098791204986628158 0.12425764864420191 0.20236642362375773
leaf_weight=445 240 474 290 264 564 668 320 1141 901 515 2266 1841 247 350 3289 97 350 1076 11.999999999999998 480 164 80 85 353
leaf_count=445 240 474 290 264 564 668 320 1141 901 515 2266 1841 247 350 3289 97 350 1076 12 480 164 80 85 353
model_size=2720
internal_value=0 -0.0215081 0.00693829 0.105646 -0.0500002 0.0789877 0.0589954 -0.057443 0.0794456 -0.0101288 -0.0396856 -0.0742952 -0.0084861 0.00771244 -0.0214542 0.115539 0.0537445 0.0153481 0.172881 0.134003 0.151045 0.0362859 0.0837653 0.198486
internal_weight=0 13719 6865 2793 6854 2000 1695 5812 1221 5170 2830 2982 1042 795 3579 817 1183 1591 793 577 428 748 435 365
internal_count=16512 13719 6865 2793 6854 2000 1695 5812 1221 5170 2830 2982 1042 795 3579 817 1183 1591 793 577 428 748 435 365
is_linear=0
shrinkage=0.1


Tree=4
num_leaves= 24
num_cat= 0
full_tree_array_lgbids= 0 1 3 4 2 7 18 11 5 8 13 17 16 22 -20 12 -13 6 10 -3 9 14 15 -2 19 20 21 -5 -24 -2147483648 -2147483648 -1 -14 -2147483648 -2147483648 -6 -8 -7 -12 -2147483648 -2147483648 -10 -11 -4 -16 -15 -17 -2147483648 -2147483648 -19 -21 -9 -22 -18 -23 -2147483648 -2147483648 -2147483648 -2147483648 -2147483648 -2147483648 -2147483648 -2147483648
split_feature= 1 1 6 1 6 7 8 6 2 6 8 7 8 6 7 8 1 2 2 4 2 2 1
split_gain= 3043.37 1004.31 437.946 301.174 251.189 132.612 149.313 122.931 117.659 122.51 116.242 105.695 99.6174 88.4456 94.2513 31.5889 27.977 18.3548 12.0461 11.4157 9.44194 4.74757 0.267902
threshold= 5.6042500000000013 3.5488500000000003 2.4136952392348086 7.7055000000000016 2.2352443515477258 34.455000000000005 -117.77499999999999 2.6529733204757315 17.500000000000004 1.9628175980828908 -121.63499999999998 37.915000000000006 -122.31499999999998 2.9742256672023202 37.915000000000006 -121.48499999999999 6.3350000000000009 21.500000000000004 18.500000000000004 1.0435797675926601 36.500000000000007 25.500000000000004 8.7395500000000013
decision_type= 2 2 2 2 2 2 2 2 2 2 2 2 2 2 2 2 2 2 2 2 2 2 2
left_child=1 4 8 7 11 6 -6 17 -3 -10 -7 12 -1 14 -4 -15 20 -2 22 -19 -9 -18 -5
right_child=3 2 13 18 5 10 -8 16 9 -11 -12 -13 -14 15 -16 -17 21 19 -20 -21 -22 -23 -24
leaf_value= 0.12224515741795637 0.084296501359141837 0.0080649338440810948 0.025000313573359779 0.10523943945492081 -0.018526322908906302 -0.039501094678078982 -0.066215209411587136 0.038448232863852815 0.14603452961529509 0.061353095062966538 -0.07976693166764609 -0.054619338343651708 0.003641525550670854 0.010885976780086418 -0.028738952169198667 -0.024781535431307317 0.070262805894129574 0.1181955535654089 0.17641697250765229 0.17269579985109318 0.11520335489210297 0.11370815401336863 0.16173228819151314
leaf_weight=89 169 317 1823 109 2253 1361 1075 589 257 782 2043 350 1099 483 484 1690 373 253 463 147 47 158 98
leaf_count=89 169 317 1823 109 2253 1361 1075 589 257 782 2043 350 1099 483 484 1690 373 253 463 147 47 158 98
model_size=2608
internal_value=0 -0.0177777 0.0142407 0.104228 -0.0403725 -0.048967 -0.0339306 0.0816649 0.0649451 0.0822993 -0.0636677 -0.00275352 0.0125268 -0.00110646 0.013726 -0.0168536 0.0618976 0.122207 0.162689 0.138224 0.0441204 0.08319 0.131985
internal_weight=0 14106 5836 2406 8270 6732 3328 1736 1356 1039 3404 1538 1188 4480 2307 2173 1167 569 670 400 636 531 207
internal_count=16512 14106 5836 2406 8270 6732 3328 1736 1356 1039 3404 1538 1188 4480 2307 2173 1167 569 670 400 636 531 207
is_linear=0
shrinkage=0.1


Tree=5
num_leaves= 26
num_cat= 0
full_tree_array_lgbids= 0 2 1 5 3 4 10 18 15 6 7 11 13 12 23 19 -20 -7 17 21 9 8 20 22 14 -6 16 -3 -14 24 -25 -1 -21 -2147483648 -2147483648 -2147483648 -2147483648 -17 -19 -4 -23 -8 -11 -5 -10 -9 -22 -2 -24 -13 -16 -2147483648 -2147483648 -15 -18 -2147483648 -2147483648 -2147483648 -2147483648 -12 -26 -2147483648 -2147483648
split_feature= 1 1 1 6 6 3 2 7 8 7 1 2 2 2 6 1 8 3 8 7 7 8 1 8 7
split_gain= 2516.92 642.458 486.297 370.941 203.38 123.865 116.834 110.033 194.73 99.4081 90.84 46.2574 46.1978 41.8954 36.0086 35.1087 33.4063 23.16 15.267 18.7277 5.53452 4.88068 3.73631 3.25534 1.48685
threshold= 4.5301500000000017 6.3350000000000009 2.5894500000000007 2.2634687595142249 2.5219735498882589 3.6482937607122259 24.500000000000004 37.935000000000009 -122.24499999999999 37.815000000000005 7.852450000000001 21.500000000000004 26.500000000000004 16.500000000000004 2.0653737590585881 1.9486000000000003 -117.65499999999999 4.4053436317780594 -118.27499999999999 37.935000000000009 39.355000000000011 -117.91499999999998 5.6402500000000009 -118.00499999999998 38.275000000000013
decision_type= 2 2 2 2 2 2 2 2 2 2 2 2 2 2 2 2 2 2 2 2 2 2 2 2 2
left_child=2 4 5 6 11 18 21 8 -5 -8 12 22 -3 -6 -13 -7 -15 -17 19 -1 -9 -4 -2 24 -12
right_child=1 10 3 7 13 15 9 20 -10 -11 23 14 -14 16 -16 17 -18 -19 -20 -21 -22 -23 -24 -25 -26
leaf_value= 0.012112669580966769 0.026098626262426157 0.073009409474402251 0.010998911907275519 0.06892463442132056 -0.0028419964641216212 -0.0770463707949018 0.078205974105822959 -0.044156355453661589 -0.018594179679088531 -0.014285608098901113 0.16205496459944424 0.15951203833787869 0.12815935445615828 0.036342978898137562 0.084418795993917869 -0.032312003850620254 -0.023596004356586972 -0.061672989359398647 -0.036696325845634904 -0.069791151643730703 -0.082550108456456606 -0.032346705953165404 0.090507469896877579 0.1172468968577785 0.027450300678610803
leaf_weight=397 204 530 372 293 696 1326 728 1008 4591 166 453 117 335 1626 445 689 151 1357 415 60 173 161 63 146 9.9999999999999982
leaf_count=397 204 530 372 293 696 1326 728 1008 4591 166 453 117 335 1626 445 689 151 1357 415 60 173 161 63 146 10
model_size=2832
internal_value=0 0.0613986 -0.0249864 -0.0094121 0.0365863 -0.0524798 0.0374536 -0.0204389 -0.0133438 0.0610319 0.116982 0.0811283 0.0943681 0.0216549 0.100052 -0.0617191 0.0312497 -0.0517855 -0.016752 0.00135943 -0.0497805 -0.00209423 0.0412962 0.149103 0.159148
internal_weight=0 4776 11736 7492 3302 4244 1427 6065 4884 894 1474 829 865 2473 562 3372 1777 2046 872 457 1181 533 267 609 463
internal_count=16512 4776 11736 7492 3302 4244 1427 6065 4884 894 1474 829 865 2473 562 3372 1777 2046 872 457 1181 533 267 609 463
is_linear=0
shrinkage=0.1


Tree=6
num_leaves= 23
num_cat= 0
full_tree_array_lgbids= 0 1 3 7 2 6 16 9 15 4 8 10 21 19 -18 14 -11 -9 20 5 17 13 12 11 18 -8 -23 -5 -21 -2147483648 -2147483648 -1 -16 -2147483648 -2147483648 -2147483648 -2147483648 -17 -22 -3 -7 -6 -19 -4 -15 -10 -14 -2 -13 -12 -20 -2147483648 -2147483648 -2147483648 -2147483648 -2147483648 -2147483648 -2147483648 -2147483648 -2147483648 -2147483648 -2147483648 -2147483648
split_feature= 1 1 6 1 7 8 6 3 1 6 7 8 8 7 7 1 1 8 8 2 7 1
split_gain= 2041.68 597.612 362.388 270.333 189.05 127.941 105.996 104.523 77.7156 40.8267 38.6647 43.5372 35.9698 34.0684 22.3023 19.9914 15.4981 11.6509 11.6032 8.62727 4.05337 0.73972
threshold= 5.2771000000000017 2.7820000000000005 2.5102460737381374 7.2638000000000007 37.935000000000009 -122.33499999999999 2.9432978723404259 4.2015099382944241 4.125700000000001 3.0973600929976173 37.955000000000005 -117.85499999999998 -122.24499999999999 37.895000000000003 37.915000000000006 2.2210000000000005 9.1688500000000008 -122.35499999999998 -122.40499999999999 28.500000000000004 39.285000000000004 6.4774500000000002
decision_type= 2 2 2 2 2 2 2 2 2 2 2 2 2 2 2 2 2 2 2 2 2 2
left_child=1 7 4 6 5 -3 10 9 13 14 11 -2 -10 -4 -1 -9 19 -6 -12 -5 -17 -8
right_child=3 2 8 16 17 -7 21 15 12 -11 18 -13 -14 -15 -16 20 -18 -19 -20 -21 -22 -23
leaf_value= 0.00068666263073831823 0.094757445022117193 0.1195219784800429 -0.018885576942048347 0.093126261991290302 0.0069183274198480905 0.034936051334098717 0.020481137980373432 -0.067366855989662355 0.04923452556651596 -0.041041030004907782 0.087440176034236664 0.035948113115006237 -0.0032385272639798633 -0.049503606746866401 -0.056070541240540998 -0.041785574184076316 0.15006704356913503 -0.046413872432060327 -0.020068246617363433 0.13696544071810954 -0.080797299805625875 0.053026503687522986
leaf_weight=828 884 224 2901 341 142 2012 705 1539 210 1070 34 215 1967 659 140 1371 304 318 83 209 148 208
leaf_count=828 884 224 2901 341 142 2012 705 1539 210 1070 34 215 1967 659 140 1371 304 318 83 209 148 208
model_size=2496
internal_value=0 -0.0165772 -1.82401e-05 0.0751836 0.0308928 0.0434098 0.0555521 -0.0439794 -0.0145443 -0.0251203 0.0763172 0.0832524 0.00182318 -0.0245534 -0.00752202 -0.0565479 0.124124 -0.0299505 0.0111735 0.109785 -0.0455866 0.0278956
internal_weight=0 13529 8433 2983 2696 2236 2129 5096 5737 2038 1216 1099 2177 3560 968 3058 854 460 117 550 1519 913
internal_count=16512 13529 8433 2983 2696 2236 2129 5096 5737 2038 1216 1099 2177 3560 968 3058 854 460 117 550 1519 913
is_linear=0
shrinkage=0.1


Tree=7
num_leaves= 28
num_cat= 0
full_tree_array_lgbids= 0 2 1 7 3 4 10 19 14 6 5 11 17 15 22 23 20 -9 16 26 13 8 9 24 12 18 -19 21 -17 25 -24 -1 -25 -21 -22 -2147483648 -2147483648 -16 -18 -4 -28 -8 -15 -5 -10 -7 -11 -2 -26 -13 -14 -6 -20 -2147483648 -2147483648 -3 -23 -2147483648 -2147483648 -12 -27 -2147483648 -2147483648
split_feature= 1 1 1 6 6 2 2 3 7 8 1 2 6 7 1 6 3 7 8 7 7 7 8 8 5 7 8
split_gain= 1674.93 418.722 314.588 264.245 144.487 95.4748 80.6519 79.8222 57.8783 56.0276 53.1858 41.3309 42.1172 37.1222 30.0744 24.7372 20.9127 15.9869 22.2823 12.2901 10.1844 5.36117 2.8358 2.69161 1.09265 1.01101 0.508202
threshold= 4.5301500000000017 6.3350000000000009 2.6597500000000003 2.0653737590585881 2.735488224282792 47.500000000000007 24.500000000000004 3.6482937607122259 38.475000000000001 -122.29499999999999 7.7055000000000016 21.500000000000004 2.0653737590585881 37.815000000000005 1.9486000000000003 2.6529733204757315 4.3645181386446135 37.955000000000005 -121.46499999999999 34.045000000000009 37.935000000000009 37.615000000000002 -118.00499999999998 -118.35499999999998 544.50000000000011 38.305000000000007 -117.25499999999998
decision_type= 2 2 2 2 2 2 2 2 2 2 2 2 2 2 2 2 2 2 2 2 2 2 2 2 2 2 2
left_child=2 4 7 6 11 8 26 19 -5 -7 15 24 -13 -8 -9 21 -16 18 -6 23 -21 -3 25 -1 -2 -12 -4
right_child=1 10 3 5 17 9 13 14 -10 -11 22 12 -14 -15 16 -17 -18 -19 -20 20 -22 -23 -24 -25 -26 -27 -28
leaf_value= 0.085429912862869412 -0.02246163132644835 0.12373204442976725 0.016114092515364511 -0.013982136125678099 0.04240399138465864 0.085080296975274361 0.08851880388876765 -0.063644864251491226 -0.049125242060896093 0.0044351579709263874 0.13168273706353306 0.13668217095745425 0.061057056317124693 -0.0039916823075905649 -0.021820046149295228 0.059318998031293639 -0.048916991114636772 -0.022146021286631384 0.0078688382679501963 0.010298183094679541 -0.059197416137002648 0.059511472085412125 0.08990662200889174 -0.037559114073370953 0.03452628700286358 0.0048019094900651413 -0.042052577170314361
leaf_weight=12.999999999999998 63 202 268 5147 433 166 431 1326 680 337 491 117 805 73 747 531 1577 246 1280 476 62 71 168 372 358 10.999999999999998 61
leaf_count=13 63 202 268 5147 433 166 431 1326 680 337 491 117 805 73 747 531 1577 246 1280 476 62 71 168 372 358 11 61
model_size=3056
internal_value=0 0.0501684 -0.0204162 -0.00699981 0.030004 -0.014179 0.0475553 -0.0414311 -0.0180833 0.0310497 0.0953398 0.0566553 0.0706537 0.0751195 -0.0487219 0.0755194 -0.0402073 0.0117331 0.0165984 -0.0125999 0.0022894 0.10703 0.119124 -0.0334062 0.0259984 0.128902 0.00532939
internal_weight=0 4776 11736 7163 3302 6330 833 4573 5827 503 1474 1343 922 504 3650 804 2324 1959 1713 923 538 273 670 385 421 502 329
internal_count=16512 4776 11736 7163 3302 6330 833 4573 5827 503 1474 1343 922 504 3650 804 2324 1959 1713 923 538 273 670 385 421 502 329
is_linear=0
shrinkage=0.1


Tree=8
num_leaves= 24
num_cat= 0
full_tree_array_lgbids= 0 2 1 7 4 3 12 19 8 9 5 6 11 16 -14 20 -21 17 -10 -4 18 10 15 -2 13 14 21 22 -18 -2147483648 -2147483648 -1 -22 -2147483648 -2147483648 -9 -19 -2147483648 -2147483648 -2147483648 -2147483648 -11 -20 -6 -12 -7 -17 -2147483648 -2147483648 -8 -15 -5 -16 -13 -23 -3 -24 -2147483648 -2147483648 -2147483648 -2147483648 -2147483648 -2147483648
split_feature= 1 1 6 6 1 3 2 2 7 3 6 6 2 6 2 2 1 1 7 8 7 8 6
split_gain= 1366.84 427.795 204.085 191.534 134.333 74.8271 56.8211 55.8898 52.282 48.1129 47.8074 46.6863 45.5212 34.7162 33.7011 31.4969 31.4174 23.8004 19.5077 12.9416 51.6319 4.9876 0.309813
threshold= 4.125700000000001 6.2770500000000009 2.0376051459673437 2.4469862317432325 2.5205000000000006 5.0372251488776927 16.500000000000004 27.500000000000004 37.815000000000005 3.3133866958124387 3.1100458715596333 3.1336552646136835 29.500000000000004 2.0653737590585881 39.500000000000007 49.500000000000007 8.7395500000000013 3.4105000000000003 35.335000000000008 -118.15499999999999 34.965000000000011 -117.63499999999998 3.0089663118548242
decision_type= 2 2 2 2 2 2 2 2 2 2 2 2 2 2 2 2 2 2 2 2 2 2 2
left_child=2 3 7 6 9 10 -2 19 17 -4 -6 14 16 -8 -5 -7 22 -9 -11 20 -1 -13 -3
right_child=1 12 4 11 5 15 13 8 -10 18 -12 21 -14 -15 -16 -17 -18 -19 -20 -21 -22 -23 -24
leaf_value= 0.074746127099193982 0.011968620586289801 0.072561112271385439 -0.0054753391587203659 0.015195770805022752 0.0076078507653855711 -0.03245053837953267 0.11767112262563646 0.045192768083910179 -0.02085393490570207 -0.036918253715574514 -0.023134059027018407 -0.0012429629453562909 0.11067168103086433 0.060897280308831139 0.06037556528147045 0.021568290940044321 0.11410537905598941 0.11355922617581396 -0.058510539615852279 -0.032809900216244421 -0.017081051912094702 -0.035799701007143143 0.043176312486491827
leaf_weight=119 219 393 396 1972 1740 2838 224 323 124 1455 1113 1011 574 541 280 174 190 117 1631 232 250 217 379
leaf_count=119 219 393 396 1972 1740 2838 224 323 124 1455 1113 1011 574 541 280 174 190 117 1631 232 250 217 379
model_size=2608
internal_value=0 0.0383095 -0.0218661 0.0223501 -0.0269784 -0.0171956 0.0629318 0.0191506 0.0448543 -0.0434563 -0.00438505 0.0108753 0.0846913 0.0775213 0.0208132 -0.0293299 0.0691896 0.063372 -0.0483301 -0.00497067 0.0125326 -0.00734949 0.0581352
internal_weight=0 6000 10512 4464 9347 5865 984 1165 564 3482 2853 3480 1536 765 2252 3012 962 440 3086 601 369 1228 772
internal_count=16512 6000 10512 4464 9347 5865 984 1165 564 3482 2853 3480 1536 765 2252 3012 962 440 3086 601 369 1228 772
is_linear=0
shrinkage=0.1


Tree=9
num_leaves= 21
num_cat= 0
full_tree_array_lgbids= 0 1 5 4 2 10 19 13 7 3 11 15 -12 -7 -21 -1 14 8 9 6 17 12 18 -2 16 -2147483648 -2147483648 -2147483648 -2147483648 -2147483648 -2147483648 -2147483648 -2147483648 -15 -16 -6 -10 -9 -11 -3 -8 -5 -19 -4 -14 -13 -20 -2147483648 -2147483648 -17 -18 -2147483648 -2147483648 -2147483648 -2147483648 -2147483648 -2147483648 -2147483648 -2147483648 -2147483648 -2147483648 -2147483648 -2147483648
split_feature= 1 1 6 7 6 1 8 7 8 8 6 8 7 2 7 2 4 8 7 3
split_gain= 1135.39 388.906 207.025 105.489 88.9875 88.4263 87.571 60.2735 91.8026 88.4939 48.2361 31.3954 41.079 29.1405 33.1639 13.8468 11.9907 6.16272 3.1482 2.21943
threshold= 5.6042500000000013 3.4883000000000002 2.6829812717770039 37.935000000000009 2.2352443515477258 7.7055000000000016 -117.88499999999998 34.455000000000005 -117.77499999999999 -120.09499999999998 3.0089663118548242 -117.79499999999999 37.915000000000006 27.500000000000004 37.805000000000007 21.500000000000004 1.0435797675926601 -122.38499999999998 33.915000000000006 5.396289833514504
decision_type= 2 2 2 2 2 2 2 2 2 2 2 2 2 2 2 2 2 2 2 2
left_child=1 4 3 6 13 10 -3 8 -6 -9 15 12 -4 -1 -15 -2 -17 -5 -13 -7
right_child=5 2 11 17 7 19 -8 9 -10 -11 -12 18 -14 14 -16 16 -18 -19 -20 -21
leaf_value= -0.018891096043353654 0.041793761150471592 0.05193773266210832 0.0048401828125753908 0.017856732182987976 -0.0075300175826937821 -0.037812882512807844 -0.0033169562901529275 -0.031400357888130184 -0.046715234244250364 -0.072193648511508723 0.026015323012169828 -0.018024669894742003 -0.030775270766807711 0.032485707010846104 -0.02519908700621902 0.063961566875735301 0.10609059734923885 -0.034865649345059951 -0.053185420767781703 0.09959570358359171
leaf_weight=756 352 1696 2353 114 2180 9.9999999999999982 426 2454 1041 848 649 405 561 524 208 500 235 281 259 660
leaf_count=756 352 1696 2353 114 2180 10 426 2454 1041 848 649 405 561 524 208 500 235 281 259 660
model_size=2272
internal_value=0 -0.0109076 0.00852515 0.0313515 -0.0256926 0.0639495 0.0408451 -0.0311701 -0.0201943 -0.0418766 0.0509835 -0.00753242 -0.00201646 -0.00168049 0.0160944 0.065891 0.0774314 -0.0196496 -0.0317395 0.0975448
internal_weight=0 14106 6095 2517 8011 2406 2122 6523 3221 3302 1736 3578 2914 1488 732 1087 735 395 664 670
internal_count=16512 14106 6095 2517 8011 2406 2122 6523 3221 3302 1736 3578 2914 1488 732 1087 735 395 664 670
is_linear=0
shrinkage=0.1


Tree=10
num_leaves= 23
num_cat= 0
full_tree_array_lgbids= 0 1 2 8 3 4 11 10 18 9 5 17 12 -4 -13 16 15 21 -20 -3 14 6 7 20 19 -6 13 -2147483648 -2147483648 -2147483648 -2147483648 -1 -18 -12 -17 -10 -23 -2147483648 -2147483648 -2147483648 -2147483648 -11 -16 -5 -8 -7 -9 -2 -22 -19 -21 -2147483648 -2147483648 -14 -15 -2147483648 -2147483648 -2147483648 -2147483648 -2147483648 -2147483648 -2147483648 -2147483648
split_feature= 1 1 1 6 6 8 7 7 3 2 8 2 8 7 7 1 7 2 7 4 5 6
split_gain= 929.303 193.289 187.663 152.073 82.4801 78.5535 89.7042 68.5238 45.2706 44.4449 27.4845 20.8298 14.0209 27.7725 13.6832 13.6674 12.9631 12.952 8.84132 8.09511 2.94522 1.38939
threshold= 4.6754000000000007 2.7820000000000005 6.5626000000000007 2.0653737590585881 2.5219735498882589 -122.35499999999998 38.735000000000007 34.455000000000005 4.3101408005062494 24.500000000000004 -122.38499999999998 18.500000000000004 -122.21499999999999 37.965000000000011 37.815000000000005 2.2003500000000007 37.975000000000001 21.500000000000004 39.285000000000004 1.0423757776567768 374.50000000000006 2.8751854599406532
decision_type= 2 2 2 2 2 2 2 2 2 2 2 2 2 2 2 2 2 2 2 2 2 2
left_child=1 8 4 9 17 6 -5 -7 10 -3 16 -4 -6 -14 -11 -12 -1 20 21 -19 -2 -10
right_child=2 3 11 5 12 7 -8 -9 18 14 15 -13 13 -15 -16 -17 -18 19 -20 -21 -22 -23
leaf_value= 0.082323301881945254 -0.059074494727057128 0.0067676439947912176 0.049915560675603432 0.051614299538255685 0.052017223352034181 -0.0019795554255829183 -0.0595062194102145 -0.026678351117332372 -0.027557102405993562 0.072964283420928741 -0.030253214027137126 0.085652885189049843 0.016817328234825065 -0.032131613130617305 -0.0017965327677947861 -0.0061797274839310839 -0.025694710660415395 0.051421865228000942 -0.064109725848365287 0.095140301677696576 0.037469679605667709 -0.044615795239966033
leaf_weight=71 23 323 446 454 210 3244 106 2439 1229 409 1311 842 1919 204 62 859 39 293 369 228 214 1218
leaf_count=71 23 323 446 454 210 3244 106 2439 1229 409 1311 842 1919 204 62 859 39 293 369 228 214 1218
model_size=2496
internal_value=0 -0.0143775 0.039836 -0.00318999 0.0259009 -0.00870814 0.0305808 -0.0125797 -0.0298261 0.0401977 -0.0175998 0.073278 0.0157056 0.0121138 0.0631232 -0.0207237 0.044026 0.0572802 -0.0397252 0.0705539 0.0281004 -0.0360481
internal_weight=0 12133 4379 7037 3091 6243 560 5683 5096 794 2280 1288 2333 2123 471 2170 110 758 2816 521 237 2447
internal_count=16512 12133 4379 7037 3091 6243 560 5683 5096 794 2280 1288 2333 2123 471 2170 110 758 2816 521 237 2447
is_linear=0
shrinkage=0.1


Tree=11
num_leaves= 22
num_cat= 0
full_tree_array_lgbids= 0 1 3 6 2 9 17 7 14 4 10 12 -11 20 -19 16 8 15 -16 5 -6 11 19 13 18 -2147483648 -2147483648 -5 -22 -2147483648 -2147483648 -1 -18 -9 -10 -8 -17 -2147483648 -2147483648 -3 -7 -2147483648 -2147483648 -4 -13 -12 -21 -2 -15 -14 -20 -2147483648 -2147483648 -2147483648 -2147483648 -2147483648 -2147483648 -2147483648 -2147483648 -2147483648 -2147483648 -2147483648 -2147483648
split_feature= 1 1 6 1 7 8 3 1 8 6 8 7 8 7 7 8 3 8 7 7 3
split_gain= 758.734 219.496 162.921 86.785 79.135 71.2279 54.8189 58.1296 42.2507 36.182 27.1168 26.5845 16.0725 28.8356 14.5836 21.5347 13.7611 1.62163 1.48522 1.25781 1.13987
threshold= 5.2771000000000017 3.3277500000000004 2.6775496909791765 7.3930000000000016 37.935000000000009 -117.16499999999998 4.5044954944033631 2.2336500000000004 -118.25499999999998 3.0375944537846187 -117.79499999999999 37.925000000000004 -117.85499999999998 37.615000000000002 39.355000000000011 -121.60499999999998 3.3654435698213785 -117.71499999999999 33.605000000000011 33.655000000000008 4.9749804381846641
decision_type= 2 2 2 2 2 2 2 2 2 2 2 2 2 2 2 2 2 2 2 2 2
left_child=1 6 4 9 5 -3 7 16 -9 12 11 -4 13 -2 15 -8 -1 20 -14 -12 -5
right_child=3 2 10 17 -6 -7 14 8 -10 -11 19 -13 18 -15 -16 -17 -18 -19 -20 -21 -22
leaf_value= -0.0054078786994465819 0.065944539437734664 0.038616704642100083 0.0011940778266904869 -0.048997593522071836 -0.018737175820043628 -0.044659974955850182 -0.0067854807893821343 0.017966725993825098 -0.017503124745916372 0.013814527528556842 -0.017033294037412119 -0.029482702006011392 0.039035712430705791 0.022303251283786574 -0.057134865124371451 -0.033466316906322735 -0.035554906434258779 0.036392652265688712 -0.013581555673173158 -0.049835431945456095 0.08457318172782316
leaf_weight=458 831 1987 2327 9.9999999999999982 423 135 659 1021 859 766 331 569 138 333 421 2801 1211 96 122 327 687
leaf_count=458 831 1987 2327 10 423 135 659 1021 859 766 331 569 138 333 421 2801 1211 96 122 327 687
model_size=2384
internal_value=0 -0.010174 0.00440158 0.0461429 0.0246666 0.0333187 -0.0221386 -0.0118977 0.00176002 0.0349492 -0.0101101 -0.00483323 0.046318 0.0534595 -0.0315034 -0.0283846 -0.0272821 0.0770561 0.0143461 -0.0333347 0.0826568
internal_weight=0 13529 6099 2983 2545 2122 7430 3549 1880 2190 3554 2896 1424 1164 3881 3460 1669 793 260 658 697
internal_count=16512 13529 6099 2983 2545 2122 7430 3549 1880 2190 3554 2896 1424 1164 3881 3460 1669 793 260 658 697
is_linear=0
shrinkage=0.1


Tree=12
num_leaves= 24
num_cat= 0
full_tree_array_lgbids= 0 3 1 11 4 2 9 19 12 13 5 8 7 14 17 20 -21 16 -14 -5 -15 6 -7 -2 15 18 10 21 -16 22 -19 -1 -22 -2147483648 -2147483648 -13 -18 -2147483648 -2147483648 -2147483648 -2147483648 -2147483648 -2147483648 -6 -8 -2147483648 -2147483648 -2147483648 -2147483648 -10 -17 -4 -20 -9 -12 -3 -23 -2147483648 -2147483648 -11 -24 -2147483648 -2147483648
split_feature= 1 1 6 6 1 7 8 8 2 2 7 2 7 3 1 7 8 7 7 8 7 4 5
split_gain= 621.653 199.106 99.154 98.2815 55.9208 40.2512 128.583 36.1073 35.096 34.3979 26.6674 24.6617 20.91 19.5286 18.3638 12.2354 11.1461 4.96979 2.79129 2.72749 33.5668 0.708867 0.637301
threshold= 4.0612500000000002 5.8308000000000009 2.2982753493904258 2.0376051459673437 2.2210000000000005 37.915000000000006 -122.31499999999998 -122.24499999999999 16.500000000000004 26.500000000000004 37.615000000000002 27.500000000000004 37.815000000000005 3.3133866958124387 9.1688500000000008 34.155000000000008 -117.16499999999998 38.025000000000013 37.615000000000002 -118.26499999999999 34.965000000000011 1.0097363099187924 170.50000000000003
decision_type= 2 2 2 2 2 2 2 2 2 2 2 2 2 2 2 2 2 2 2 2 2 2 2
left_child=3 2 8 11 13 6 -6 18 -2 14 -9 19 16 -5 21 -10 -13 22 -4 20 -1 -3 -11
right_child=1 9 7 4 5 -7 -8 10 15 17 -12 12 -14 -15 -16 -17 -18 -19 -20 -21 -22 -23 -24
leaf_value= 0.068588778697600036 0.0012699115196847992 0.016515420020301774 0.091789284582820638 -0.0029310013972028899 0.07041179475825432 -0.031468082585682747 -0.012375472830941453 0.0062303141250329569 0.093570984851813255 -0.0095261192023754129 -0.02420981134344681 0.055611227855540173 -0.015171173957254118 -0.038458323963644875 0.085236827760479222 0.044712820636301207 -0.035888850311231284 -0.038292822200391034 0.030543976107746191 -0.025452198431834827 -0.013549628950700707 0.042290432138040165 0.074435964242645869
leaf_weight=106 157 429 62 329 221 1411 4998 2602 223 25 567 394 120 2143 139 261 36 18 299 242 247 651 832
leaf_count=106 157 429 62 329 221 1411 4998 2602 223 25 567 394 120 2143 139 261 36 18 299 242 247 651 832
model_size=2608
internal_value=0 0.0251414 0.011998 -0.0153714 -0.0191248 -0.0136792 -0.00886982 0.00490309 0.0510698 0.0513216 0.000783943 0.0144651 0.0341787 -0.03373 0.0381166 0.0672239 0.0479508 0.0697181 0.0410626 -0.00375761 0.0111152 0.032052 0.0719867
internal_weight=0 6265 4171 10247 9102 6630 5219 3530 641 2094 3169 1145 550 2472 1219 484 430 875 361 595 353 1080 857
internal_count=16512 6265 4171 10247 9102 6630 5219 3530 641 2094 3169 1145 550 2472 1219 484 430 875 361 595 353 1080 857
is_linear=0
shrinkage=0.1


Tree=13
num_leaves= 22
num_cat= 0
full_tree_array_lgbids= 0 1 4 2 7 6 19 3 11 8 -9 12 13 20 -21 14 5 15 -13 10 9 -2147483648 -2147483648 18 16 17 -15 -6 -22 -2147483648 -2147483648 -1 -16 -5 -7 -4 -17 -2147483648 -2147483648 -3 -12 -10 -11 -2147483648 -2147483648 -2147483648 -2147483648 -2 -20 -14 -18 -8 -19 -2147483648 -2147483648 -2147483648 -2147483648 -2147483648 -2147483648 -2147483648 -2147483648 -2147483648 -2147483648
split_feature= 1 6 7 8 1 8 6 8 7 8 6 7 7 2 7 8 8 8 2 8 7
split_gain= 502.575 137.277 138.427 136.798 100.259 86.9291 56.2765 19.9655 39.829 77.1132 33.5286 11.4025 10.1028 9.43969 8.8238 4.33487 4.31696 3.78112 3.45801 0.932308 1.04266
threshold= 4.6754000000000007 2.8079590171801518 37.945000000000007 -122.35499999999998 6.8672000000000013 -117.145 2.5498511575161031 -117.56499999999998 34.655000000000008 -120.09499999999998 3.442186331338819 39.355000000000011 37.875000000000007 38.500000000000007 37.765000000000008 -122.26499999999999 -122.40499999999999 -121.87499999999999 21.500000000000004 -117.83499999999999 38.155000000000008
decision_type= 2 2 2 2 2 2 2 2 2 2 2 2 2 2 2 2 2 2 2 2 2
left_child=1 2 3 14 6 -5 12 8 10 -10 -3 15 18 17 -1 -4 -14 -8 -2 20 -6
right_child=4 7 11 5 19 -7 13 -9 9 -11 -12 -13 16 -15 -16 -17 -18 -19 -20 -21 -22
leaf_value= 0.047131666848190777 0.027887093684844801 0.0073390264991710199 0.0027365604918616424 0.011002387955546538 0.067603506241151246 -0.036556505912136987 0.025819933293705896 -0.040234644242549328 -0.018429100695887789 -0.064049660723472943 -0.020365314405891219 -0.048641130854979092 0.059375029320760477 0.046737185392538377 0.10561218235383332 -0.026579867613101677 -0.028455339596147024 0.0034514801806365646 0.063183740749020265 0.032561969595011696 -0.020981973215289738
leaf_weight=135 232 1126 336 3688 813 522 528 929 1806 599 1548 409 41 194 164 871 79 1747 518 204 23
leaf_count=135 232 1126 336 3688 813 522 528 929 1806 599 1548 409 41 194 164 871 79 1747 518 204 23
model_size=2384
internal_value=0 -0.0106517 0.000498234 0.0100194 0.0295128 0.00510554 0.0203998 -0.0220187 -0.0186868 -0.0297916 -0.00869924 -0.0260679 0.0452706 0.0116362 0.0792079 -0.0184189 0.00155337 0.00864293 0.0522653 0.0587709 0.0651663
internal_weight=0 12133 6125 4509 4379 4210 3339 6008 5079 2405 2674 1616 870 2469 299 1207 120 2275 750 1040 836
internal_count=16512 12133 6125 4509 4379 4210 3339 6008 5079 2405 2674 1616 870 2469 299 1207 120 2275 750 1040 836
is_linear=0
shrinkage=0.1


Tree=14
num_leaves= 23
num_cat= 0
full_tree_array_lgbids= 0 3 1 4 9 2 15 5 -6 11 10 7 8 17 -17 21 6 -2147483648 -2147483648 12 -13 13 -12 -2 14 20 16 18 19 -2147483648 -2147483648 -1 -23 -7 -8 -2147483648 -2147483648 -2147483648 -2147483648 -5 -14 -2147483648 -2147483648 -11 -15 -2147483648 -2147483648 -2147483648 -2147483648 -9 -16 -4 -22 -10 -18 -3 -20 -19 -21 -2147483648 -2147483648 -2147483648 -2147483648
split_feature= 1 1 6 6 7 8 8 2 8 7 8 8 6 7 7 6 7 8 7 7 7 2
split_gain= 419.204 142.245 80.8048 57.4361 55.6112 69.4597 37.6846 29.8991 25.3013 24.6424 48.9439 42.4051 38.2409 26.7631 20.8852 20.0021 19.2983 7.63278 20.1945 4.39037 4.21807 1.96121
threshold= 3.9004500000000006 5.8308000000000009 2.3055777777777782 2.5827178004959954 37.925000000000004 -122.33499999999999 -117.145 16.500000000000004 -122.24499999999999 34.455000000000005 -120.09499999999998 -117.79499999999999 3.442186331338819 37.915000000000006 37.815000000000005 3.1424162072895592 37.615000000000002 -117.83499999999999 37.615000000000002 33.935000000000009 37.895000000000003 23.500000000000004
decision_type= 2 2 2 2 2 2 2 2 2 2 2 2 2 2 2 2 2 2 2 2 2 2
left_child=3 2 7 4 5 21 -7 -2 20 11 13 12 -5 -11 -9 17 -10 18 -3 -19 -4 -1
right_child=1 15 8 9 -6 6 -8 14 16 10 -12 -13 -14 -15 -16 -17 -18 19 -20 -21 -22 -23
leaf_value= -0.041780010641862951 -0.0013632850366040194 0.065635158267592086 0.0525709263035136 0.013114543698557933 -0.024781841440282358 0.0079006710702123999 -0.035674798108491022 0.067381824111410735 0.0041092304223572492 -0.0055949050814376733 -0.054655134009889944 -0.033078597571614285 -0.017960548235182786 -0.034856334060660209 -0.00014084941481776309 0.019854638061026549 -0.021915179341309293 0.033979116034086994 0.027156457819327542 -0.04627605934725388 0.0079537659317522533 0.087303331635288306
leaf_weight=11.999999999999998 188 956 234 1029 1022 2079 331 480 2923 1024 749 1003 1264 999 99 541 646 224 335 38 188 148
leaf_count=12 188 956 234 1029 1022 2079 331 480 2923 1024 749 1003 1264 999 99 541 646 224 335 38 188 148
model_size=2496
internal_value=0 0.0192882 0.00918958 -0.0136815 -0.00230801 0.00662905 0.00191582 0.0418162 0.00291931 -0.0204141 -0.0293966 -0.0128596 -0.00401538 -0.0200448 0.0558365 0.0422344 -0.000601268 0.0500306 0.0556504 0.0223391 0.0326941 0.0776221
internal_weight=0 6852 4758 9660 3592 2570 2410 767 3991 6068 2772 3296 2293 2023 579 2094 3569 1553 1291 262 422 160
internal_count=16512 6852 4758 9660 3592 2570 2410 767 3991 6068 2772 3296 2293 2023 579 2094 3569 1553 1291 262 422 160
is_linear=0
shrinkage=0.1


Tree=15
num_leaves= 17
num_cat= 0
full_tree_array_lgbids= 0 1 9 3 2 10 -11 4 5 7 13 -2 -12 -2147483648 -2147483648 11 12 6 -7 -3 8 15 14 -2147483648 -2147483648 -2147483648 -2147483648 -2147483648 -2147483648 -2147483648 -2147483648 -1 -13 -6 -14 -5 -8 -2147483648 -2147483648 -2147483648 -2147483648 -9 -10 -4 -17 -15 -16 -2147483648 -2147483648 -2147483648 -2147483648 -2147483648 -2147483648 -2147483648 -2147483648 -2147483648 -2147483648 -2147483648 -2147483648 -2147483648 -2147483648 -2147483648 -2147483648
split_feature= 1 1 6 7 8 8 7 2 6 1 6 6 8 8 7 7
split_gain= 337.296 116.066 72.1267 40.1099 151.52 100.452 61.8776 33.1553 37.4576 25.9153 19.0317 17.9258 16.5898 4.74423 24.5519 0.0975486
threshold= 5.5682000000000009 3.6530500000000008 2.7762783380468687 34.455000000000005 -118.30499999999999 -119.94499999999998 37.895000000000003 16.500000000000004 2.0653737590585881 8.0125000000000011 2.5949646725452555 2.5711174242424244 -116.47499999999998 -121.63499999999998 34.525000000000013 37.915000000000006
decision_type= 2 2 2 2 2 2 2 2 2 2 2 2 2 2 2 2
left_child=1 3 7 4 11 6 -5 -3 -9 10 -2 -1 -6 15 -15 -4
right_child=9 2 13 5 12 -7 -8 8 -10 -11 -12 -13 -14 14 -16 -17
leaf_value= 0.054738459622228543 0.049539925808929672 -0.0072457941614548372 0.02060199833948528 0.0026897356354435085 -0.013314094001656769 -0.054047705414402195 -0.027294433292875061 0.063236471309397399 0.019598843603507006 0.059477023080281959 0.019339804363538597 0.014856710812767557 -0.059788011160233745 -0.0032033011146707919 -0.036076349296975722 -0.013333526610997376
leaf_weight=411 545 536 447 1617 3295 892 1895 342 1664 548 1375 459 161 1613 498 214
leaf_count=411 545 536 447 1617 3295 892 1895 342 1664 548 1375 459 161 1613 498 214
model_size=1824
internal_value=0 -0.00613678 0.00631885 -0.0137186 -0.00558924 -0.021704 -0.0134891 0.0198094 0.0270386 0.0349209 0.0279122 0.0336974 -0.0154791 -0.00605239 -0.0109583 0.00961531
internal_weight=0 14044 5314 8730 4326 4404 3512 2542 2006 2468 1920 870 3456 2772 2111 661
internal_count=16512 14044 5314 8730 4326 4404 3512 2542 2006 2468 1920 870 3456 2772 2111 661
is_linear=0
shrinkage=0.1


Tree=16
num_leaves= 20
num_cat= 0
full_tree_array_lgbids= 0 3 1 4 13 2 10 5 6 14 -15 8 -4 12 18 11 17 7 -8 16 15 -2147483648 -2147483648 -2 9 -2147483648 -2147483648 -3 -14 -12 -20 -1 -13 -7 -19 -6 -9 -2147483648 -2147483648 -5 -18 -16 -17 -2147483648 -2147483648 -2147483648 -2147483648 -2147483648 -2147483648 -10 -11 -2147483648 -2147483648 -2147483648 -2147483648 -2147483648 -2147483648 -2147483648 -2147483648 -2147483648 -2147483648 -2147483648 -2147483648
split_feature= 1 1 6 6 7 8 8 7 2 6 2 8 1 8 7 8 6 7 5
split_gain= 273.344 87.2046 52.7405 41.0218 50.6644 103.448 75.098 51.7026 26.387 27.6148 12.6883 10.4983 4.31152 2.39194 18.3269 22.7517 9.19975 2.3388 0.113511
threshold= 3.9221500000000007 5.8308000000000009 2.9291766686969298 2.8024658054711251 34.455000000000005 -118.11499999999999 -119.94499999999998 37.805000000000007 21.500000000000004 2.0653737590585881 26.500000000000004 -118.35499999999998 9.1688500000000008 -117.56499999999998 34.885000000000012 -121.56499999999998 3.442186331338819 33.695000000000007 170.50000000000003
decision_type= 2 2 2 2 2 2 2 2 2 2 2 2 2 2 2 2 2 2 2
left_child=3 2 8 4 5 11 7 -6 -2 -10 12 -1 -3 14 16 -16 -5 -7 -12
right_child=1 10 -4 13 6 17 -8 -9 9 -11 18 -13 -14 -15 15 -17 -18 -19 -20
leaf_value= 0.056636356826670266 0.00021408544990364196 0.019663759904565439 -0.0066771549212124737 0.0064353588422328845 0.016420988204579007 0.0010344447686806654 -0.058653764719651502 -0.018503717316147084 0.069541685485265278 0.021141202217041615 -0.026289958025104018 0.021982443495515529 0.060861164901284973 -0.033390163239470881 -0.0083604202831310381 -0.037452925445562259 -0.01593559958069184 -0.025148922346518776 0.050893049910923263
leaf_weight=407 909 1080 1971 832 866 574 385 1584 214 1596 29 506 139 749 773 1166 1354 532 846
leaf_count=407 909 1080 1971 832 866 574 385 1584 214 1596 29 506 139 749 773 1166 1354 532 846
model_size=2160
internal_value=0 0.0158678 0.00760282 -0.0110657 -0.00335442 0.0105937 -0.0132878 -0.0061589 0.0179544 0.0268637 0.034379 0.0374306 0.0243614 -0.0187453 -0.0160861 -0.0258549 -0.00742113 -0.0115601 0.048335
internal_weight=0 6784 4690 9728 4854 2019 2835 2450 2719 1810 2094 913 1219 4874 4125 1939 2186 1106 875
internal_count=16512 6784 4690 9728 4854 2019 2835 2450 2719 1810 2094 913 1219 4874 4125 1939 2186 1106 875
is_linear=0
shrinkage=0.1


Tree=17
num_leaves= 18
num_cat= 0
full_tree_array_lgbids= 0 1 5 2 11 6 -7 3 16 14 12 7 -8 -2147483648 -2147483648 9 4 -4 -18 -3 -16 13 15 8 10 -2147483648 -2147483648 -2147483648 -2147483648 -2147483648 -2147483648 -1 -11 -5 -6 -2147483648 -2147483648 -2147483648 -2147483648 -2147483648 -2147483648 -2147483648 -2147483648 -13 -15 -14 -17 -2 -10 -9 -12 -2147483648 -2147483648 -2147483648 -2147483648 -2147483648 -2147483648 -2147483648 -2147483648 -2147483648 -2147483648 -2147483648 -2147483648
split_feature= 1 6 7 8 7 1 6 7 8 2 8 8 7 8 7 8 8
split_gain= 220.854 53.203 59.9909 75.0703 58.2465 48.4746 32.6972 17.2445 19.217 4.83909 4.78532 3.07911 9.28029 16.9045 7.83465 5.50948 0.830932
threshold= 4.405050000000001 2.8876678809691012 38.475000000000001 -122.35499999999998 34.455000000000005 6.8672000000000013 3.1424162072895592 37.955000000000005 -118.24499999999999 46.500000000000007 -122.40499999999999 -122.38499999999998 34.455000000000005 -118.29499999999999 38.685000000000009 -120.62499999999999 -121.34499999999998
decision_type= 2 2 2 2 2 2 2 2 2 2 2 2 2 2 2 2 2
left_child=1 2 3 9 -5 6 7 8 -2 -1 -9 14 13 -13 -3 -14 -4
right_child=5 11 16 4 -6 -7 -8 10 -10 -11 -12 12 15 -15 -16 -17 -18
leaf_value= 0.028003767490593075 0.032437822556949825 0.033893928623206775 -0.032321451814206724 0.011166101468267658 -0.014417434199746535 0.040259820439581609 -0.0059250212929035338 0.032118458472072113 0.0084034236391222605 0.072306566798560928 -0.023321399899722425 0.010639502597390011 -0.018519784575717329 -0.017059402110747263 -0.040341034738887706 -0.041015831342924185 -0.0052785632393534433
leaf_weight=244 1571 156 805 2668 2002 1040 1094 93 1025 198 277 526 1113 2579 62 720 339
leaf_count=244 1571 156 805 2668 2002 1040 1094 93 1025 198 277 526 1113 2579 62 720 339
model_size=1936
internal_value=0 -0.00801687 -0.000916101 0.00431868 0.000198599 0.0179389 0.0122213 0.0189145 0.0229481 0.0478498 -0.00938652 -0.0166326 -0.0179311 -0.0123671 0.0127812 -0.0273562 -0.0243079
internal_weight=0 11412 6256 5112 4670 5100 4060 2966 2596 442 370 5156 4938 3105 218 1833 1144
internal_count=16512 11412 6256 5112 4670 5100 4060 2966 2596 442 370 5156 4938 3105 218 1833 1144
is_linear=0
shrinkage=0.1


Tree=18
num_leaves= 17
num_cat= 0
full_tree_array_lgbids= 0 1 10 2 7 11 -12 4 3 9 -9 12 -13 -2147483648 -2147483648 6 15 5 8 14 -11 -2147483648 -2147483648 -2 13 -2147483648 -2147483648 -2147483648 -2147483648 -2147483648 -2147483648 -1 -8 -6 -17 -4 -7 -5 -10 -3 -16 -2147483648 -2147483648 -2147483648 -2147483648 -2147483648 -2147483648 -2147483648 -2147483648 -14 -15 -2147483648 -2147483648 -2147483648 -2147483648 -2147483648 -2147483648 -2147483648 -2147483648 -2147483648 -2147483648 -2147483648 -2147483648
split_feature= 1 8 7 8 6 7 8 7 8 8 1 4 8 7 6 8
split_gain= 180.03 58.2119 101.011 170.988 109.483 107.541 57.0427 39.1461 35.1298 30.7808 19.0697 16.903 8.58535 9.32047 1.18684 0.628286
threshold= 5.1326000000000009 -117.77499999999999 34.525000000000013 -121.63499999999998 3.1336552646136835 38.675000000000004 -118.36499999999999 33.695000000000007 -119.94499999999998 -117.145 8.0125000000000011 1.0626400004008962 -122.33499999999999 37.895000000000003 1.6125326273398461 -119.21499999999999
decision_type= 2 2 2 2 2 2 2 2 2 2 2 2 2 2 2 2
left_child=1 2 4 5 6 -4 -1 9 -5 14 11 12 -2 -14 -3 -6
right_child=10 7 3 8 15 -7 -8 -9 -10 -11 -12 -13 13 -15 -16 -17
leaf_value= 0.051766988382202478 0.055156630916254862 -0.049166142141544508 0.014746663078703683 -0.019503195179721725 0.068342725084773431 -0.03663179246534435 0.014207781625223037 -0.039449157963857284 -0.047172301806868537 -0.02298501945674248 0.04515050503070106 0.035400344516102279 0.011524017211863732 -0.02810461946758009 0.022167833795772043 -0.0093702350894491557
leaf_weight=739 119 38 2715 2075 29 569 1781 1010 1003 803 548 740 1709 183 448 2003
leaf_count=739 119 38 2715 2075 29 569 1781 1010 1003 803 548 740 1709 183 448 2003
model_size=1824
internal_value=0 -0.00545325 -0.0019989 -0.0107811 0.0102753 0.00584461 0.0252222 -0.021852 -0.0285195 -0.00806369 0.0218411 0.0171979 0.0104998 0.00769101 0.0165903 -0.00826114
internal_weight=0 13213 10914 6362 4552 3284 2520 2299 3078 1289 3299 2751 2011 1892 486 2032
internal_count=16512 13213 10914 6362 4552 3284 2520 2299 3078 1289 3299 2751 2011 1892 486 2032
is_linear=0
shrinkage=0.1


Tree=19
num_leaves= 16
num_cat= 0
full_tree_array_lgbids= 0 1 11 2 8 12 -13 4 3 9 -10 -2 -14 -2147483648 -2147483648 6 7 5 10 13 14 -2147483648 -2147483648 -2147483648 -2147483648 -2147483648 -2147483648 -2147483648 -2147483648 -2147483648 -2147483648 -1 -8 -6 -9 -4 -7 -5 -12 -3 -15 -11 -16 -2147483648 -2147483648 -2147483648 -2147483648 -2147483648 -2147483648 -2147483648 -2147483648 -2147483648 -2147483648 -2147483648 -2147483648 -2147483648 -2147483648 -2147483648 -2147483648 -2147483648 -2147483648 -2147483648 -2147483648
split_feature= 1 8 7 8 8 7 7 7 7 8 8 6 4 4 8
split_gain= 145.908 51.8239 94.292 154.734 96.1076 94.6288 94.5941 37.0231 32.1464 29.8851 29.4469 8.53537 5.00234 2.10512 0.125888
threshold= 5.6042500000000013 -117.77499999999999 34.525000000000013 -121.56499999999998 -118.35499999999998 38.675000000000004 34.155000000000008 33.625000000000007 33.695000000000007 -117.16499999999998 -119.94499999999998 3.1424162072895592 1.0003353454057682 1.1668343393695511 -116.22499999999998
decision_type= 2 2 2 2 2 2 2 2 2 2 2 2 2 2 2
left_child=1 2 4 5 6 -4 -1 -6 9 13 -5 12 -2 -3 -11
right_child=11 8 3 10 7 -7 -8 -9 -10 14 -12 -13 -14 -15 -16
leaf_value= 0.074904868349871909 0.014213793996207896 0.010082919451275043 0.013443981888925855 -0.017960724572136443 0.15083897352839512 -0.032296262898979043 0.013051353377174422 0.00079544576058371687 -0.035315382024164475 -0.015258749955498347 -0.043917129491938572 0.0070454484568988722 0.037872530966569382 0.066704975323313306 -0.056792788301502264
leaf_weight=471 573 420 3012 2035 24 646 760 3670 1070 788 1031 641 1192 68 111
leaf_count=471 573 420 3012 2035 24 646 760 3670 1070 788 1031 641 1192 68 111
model_size=1712
internal_value=0 -0.00409788 -0.00089794 -0.00925026 0.0105053 0.00536629 0.0367175 0.00177028 -0.0192693 -0.0068905 -0.0266891 0.0240252 0.0301918 0.0179729 -0.020387
internal_weight=0 14106 11649 6724 4925 3658 1231 3694 2457 1387 3066 2406 1765 488 899
internal_count=16512 14106 11649 6724 4925 3658 1231 3694 2457 1387 3066 2406 1765 488 899
is_linear=0
shrinkage=0.1


Tree=20
num_leaves= 16
num_cat= 0
full_tree_array_lgbids= 0 5 1 12 7 2 13 -1 14 8 -9 3 6 -3 -15 -2147483648 -2147483648 -14 -16 10 9 -2147483648 -2147483648 4 11 -4 -8 -2147483648 -2147483648 -2147483648 -2147483648 -2147483648 -2147483648 -2147483648 -2147483648 -2147483648 -2147483648 -2147483648 -2147483648 -7 -12 -10 -11 -2147483648 -2147483648 -2147483648 -2147483648 -2 -6 -5 -13 -2147483648 -2147483648 -2147483648 -2147483648 -2147483648 -2147483648 -2147483648 -2147483648 -2147483648 -2147483648 -2147483648 -2147483648
split_feature= 1 6 7 8 7 6 8 8 7 8 6 7 2 3 1
split_gain= 116.114 36.5797 33.9293 35.4197 66.6388 12.9855 10.8004 7.83408 26.2885 30.4288 26.9078 7.39983 6.14491 3.413 2.55905
threshold= 3.8346500000000003 3.1424162072895592 37.925000000000004 -118.24499999999999 34.165000000000006 1.9322222929778572 -122.40499999999999 -117.65499999999999 35.335000000000008 -121.56499999999998 3.442186331338819 34.235000000000007 27.500000000000004 8.0108708495805292 1.4214500000000003
decision_type= 2 2 2 2 2 2 2 2 2 2 2 2 2 2 2
left_child=5 2 3 4 -2 12 -4 8 10 -10 -7 -5 -1 -3 -14
right_child=1 13 6 11 -6 7 -8 -9 9 -11 -12 -13 14 -15 -16
leaf_value= -0.0041860474892444826 0.058270869863091337 -0.0069602009605006319 0.024412525958819865 0.008373660547965343 0.018052839065512315 0.011470234595491756 -0.019980859954991839 -0.02165845614066083 -0.0029886124038211071 -0.024411304500144667 -0.012147156075239862 -0.053219434223137796 -0.048709065573556087 0.032284301683531268 0.037868146344039642
leaf_weight=427 690 1742 187 1652 2032 1863 548 1375 2019 2088 1346 66 28 141 308
leaf_count=427 690 1742 187 1652 2032 1863 548 1375 2019 2088 1346 66 28 141 308
model_size=1712
internal_value=0 0.0103789 0.0156187 0.0196421 0.0282477 -0.00774848 -0.00868622 -0.00940815 -0.00710577 -0.0138799 0.00156403 0.00600745 0.0111561 -0.00402155 0.0306534
internal_weight=0 7058 5175 4440 2722 9454 735 8691 7316 4107 3209 1718 763 1883 336
internal_count=16512 7058 5175 4440 2722 9454 735 8691 7316 4107 3209 1718 763 1883 336
is_linear=0
shrinkage=0.1


Tree=21
num_leaves= 13
num_cat= 0
full_tree_array_lgbids= 0 1 5 2 -3 6 -7 3 -4 -2147483648 -2147483648 7 9 -2147483648 -2147483648 10 4 -2147483648 -2147483648 -2147483648 -2147483648 -2147483648 -2147483648 -2 8 -8 11 -2147483648 -2147483648 -2147483648 -2147483648 -1 -12 -5 -6 -2147483648 -2147483648 -2147483648 -2147483648 -2147483648 -2147483648 -2147483648 -2147483648 -2147483648 -2147483648 -2147483648 -2147483648 -2147483648 -2147483648 -9 -10 -2147483648 -2147483648 -11 -13 -2147483648 -2147483648 -2147483648 -2147483648 -2147483648 -2147483648 -2147483648 -2147483648
split_feature= 1 6 7 8 8 7 8 7 8 7 7 8
split_gain= 97.9979 37.2179 37.6212 69.574 32.9912 3.25341 3.86244 4.51775 10.0773 3.71791 0.731846 0.670757
threshold= 5.6851000000000012 2.9137341371666818 37.925000000000004 -122.31499999999998 -117.77499999999999 38.155000000000008 -118.02499999999999 34.145000000000003 -122.01499999999999 33.645000000000003 37.765000000000008 -117.46499999999999
decision_type= 2 2 2 2 2 2 2 2 2 2 2 2
left_child=1 2 3 10 -5 6 7 -2 -9 -8 -1 -11
right_child=5 -3 -4 4 -6 -7 9 8 -10 11 -12 -13
leaf_value= 0.03232283781853517 0.048026734017219179 -0.010310399499324316 -0.012105801495583757 0.0088992874874844041 -0.013293839206704825 -0.026424926272485147 0.028181483180808976 0.039429392615346698 0.008079101362610237 0.00027917579803337804 0.073952105366975385 -0.067948387217308795
leaf_weight=219 425 6231 2015 4259 1322 86 284 483 625 335 186 42
leaf_count=219 425 6231 2015 4259 1322 86 284 483 625 335 186 42
model_size=1376
internal_value=0 -0.00333585 0.00209576 0.00687628 0.00364229 0.0208228 0.0226748 0.0290314 0.0217453 0.00793227 0.0514415 -0.00732177
internal_weight=0 14232 8001 5986 5581 2280 2194 1533 1108 661 405 377
internal_count=16512 14232 8001 5986 5581 2280 2194 1533 1108 661 405 377
is_linear=0
shrinkage=0.1


Tree=22
num_leaves= 16
num_cat= 0
full_tree_array_lgbids= 0 8 1 -1 9 2 4 -2147483648 -2147483648 10 11 3 7 5 -6 -2147483648 -2147483648 -2147483648 -2147483648 -10 -12 12 13 6 14 -4 -9 -3 -7 -2147483648 -2147483648 -2147483648 -2147483648 -2147483648 -2147483648 -2147483648 -2147483648 -2147483648 -2147483648 -2147483648 -2147483648 -2147483648 -2147483648 -11 -14 -13 -15 -2 -8 -5 -16 -2147483648 -2147483648 -2147483648 -2147483648 -2147483648 -2147483648 -2147483648 -2147483648 -2147483648 -2147483648 -2147483648 -2147483648
split_feature= 1 8 7 6 7 8 7 8 1 8 7 7 8 8 3
split_gain= 78.5469 29.2698 37.9722 23.1658 22.6135 15.3719 12.8076 7.58763 6.46038 3.79658 31.5658 12.0416 35.286 8.75787 1.75408
threshold= 3.6530500000000008 -117.71499999999999 37.925000000000004 3.0089663118548242 33.645000000000003 -117.145 33.625000000000007 -122.40499999999999 1.8066500000000001 -122.38499999999998 38.305000000000007 34.655000000000008 -118.30499999999999 -119.94499999999998 6.1963000852514929
decision_type= 2 2 2 2 2 2 2 2 2 2 2 2 2 2 2
left_child=8 2 3 6 5 -3 -2 -4 -1 10 -10 12 -11 -13 -5
right_child=1 4 7 14 -6 -7 -8 -9 9 11 -12 13 -14 -15 -16
leaf_value= -0.019016484032132609 0.084801906556822362 0.023590041660630511 0.017705056674797864 -0.0038721116816555347 -0.034397994669970011 -0.017862674640459267 0.020119414423181724 -0.01872361530281753 0.047246873272772244 0.021591751641513061 -0.012057348490812376 -0.0089422906563877465 -0.0068428285840494282 -0.031384626958726666 0.01598783844855222
leaf_weight=1389 72 388 240 1220 427 360 3542 773 241 824 319 2384 2931 642 760
leaf_count=1389 72 388 240 1220 427 360 3542 773 241 824 319 2384 2931 642 760
model_size=1712
internal_value=0 0.00804495 0.0112867 0.0151583 -0.0101835 0.00363954 0.0214081 -0.0100929 -0.00717134 -0.0049301 0.0134646 -0.00644921 -0.000603123 -0.0137037 0.0037509
internal_weight=0 7782 6607 5594 1175 748 3614 1013 8730 7341 560 6781 3755 3026 1980
internal_count=16512 7782 6607 5594 1175 748 3614 1013 8730 7341 560 6781 3755 3026 1980
is_linear=0
shrinkage=0.1


Tree=23
num_leaves= 9
num_cat= 0
full_tree_array_lgbids= 0 1 7 2 3 -2 -9 -1 -4 4 -5 -2147483648 -2147483648 -2147483648 -2147483648 -2147483648 -2147483648 -2147483648 -2147483648 6 5 -2147483648 -2147483648 -2147483648 -2147483648 -2147483648 -2147483648 -2147483648 -2147483648 -2147483648 -2147483648 -2147483648 -2147483648 -2147483648 -2147483648 -2147483648 -2147483648 -2147483648 -2147483648 -3 -8 -6 -7 -2147483648 -2147483648 -2147483648 -2147483648 -2147483648 -2147483648 -2147483648 -2147483648 -2147483648 -2147483648 -2147483648 -2147483648 -2147483648 -2147483648 -2147483648 -2147483648 -2147483648 -2147483648 -2147483648 -2147483648
split_feature= 1 8 7 7 8 7 8 4
split_gain= 63.3944 23.3224 59.1056 42.0657 75.5692 120.77 6.21811 1.02839
threshold= 5.8308000000000009 -122.38499999999998 38.705000000000005 37.595000000000006 -121.32499999999997 35.335000000000008 -122.13499999999998 0.96895480831013081
decision_type= 2 2 2 2 2 2 2 2
left_child=1 2 -1 4 6 -6 -3 -2
right_child=7 3 -4 -5 5 -7 -8 -9
leaf_value= 0.030714415967358539 -0.0030527455902072433 0.064483397861236122 -0.025803046105011992 -0.016261616180067839 0.0010085836613119333 -0.035393207847752274 0.021623326435285015 0.022255462945215326
leaf_weight=853 329 145 329 3108 7884 1195 904 1765
leaf_count=853 329 145 329 3108 7884 1195 904 1765
model_size=928
internal_value=0 -0.00265477 0.0149832 -0.00422988 -0.000537681 -0.00378271 0.0275477 0.0182791
internal_weight=0 14418 1182 13236 10128 9079 1049 2094
internal_count=16512 14418 1182 13236 10128 9079 1049 2094
is_linear=0
shrinkage=0.1


Tree=24
num_leaves= 13
num_cat= 0
full_tree_array_lgbids= 0 1 8 2 -3 9 -10 3 4 -2147483648 -2147483648 11 -11 -2147483648 -2147483648 5 7 6 10 -2147483648 -2147483648 -2147483648 -2147483648 -2 -13 -2147483648 -2147483648 -2147483648 -2147483648 -2147483648 -2147483648 -1 -7 -5 -9 -4 -8 -6 -12 -2147483648 -2147483648 -2147483648 -2147483648 -2147483648 -2147483648 -2147483648 -2147483648 -2147483648 -2147483648 -2147483648 -2147483648 -2147483648 -2147483648 -2147483648 -2147483648 -2147483648 -2147483648 -2147483648 -2147483648 -2147483648 -2147483648 -2147483648 -2147483648
split_feature= 1 6 7 8 8 7 7 8 4 1 1 8
split_gain= 48.2198 19.6326 18.1707 64.9468 63.3484 52.9325 42.0979 12.6825 5.84458 4.95769 2.51264 0.367141
threshold= 5.1326000000000009 3.1100458715596333 34.525000000000013 -118.36499999999999 -119.94499999999998 34.155000000000008 37.595000000000006 -117.77499999999999 1.0626400004008962 9.1688500000000008 3.5488500000000003 -117.77499999999999
decision_type= 2 2 2 2 2 2 2 2 2 2 2 2
left_child=1 2 3 5 6 -1 -4 -5 9 11 -6 -2
right_child=8 -3 4 7 10 -7 -8 -9 -10 -11 -12 -13
leaf_value= 0.073572032555836275 0.0082106884084484615 -0.010488891879603663 0.022921901842995734 0.0094608450799180295 -0.028147620140788927 0.011055560092637071 -0.0061443581139819757 -0.0098136933814861327 0.026157405674360864 0.037918558083126483 -0.068631332203165279 -0.016779834665561159
leaf_weight=312 1873 4457 883 1749 496 416 3298 1448 891 214 154 321
leaf_count=312 1873 4457 883 1749 496 416 3298 1448 891 214 154 321
model_size=1376
internal_value=0 -0.00313427 0.000609397 0.00761538 -0.00508269 0.0378483 -5.75311e-06 0.000730932 0.0125532 0.00751946 -0.0377391 0.00455437
internal_weight=0 13213 8756 3925 4831 728 4181 3197 3299 2408 650 2194
internal_count=16512 13213 8756 3925 4831 728 4181 3197 3299 2408 650 2194
is_linear=0
shrinkage=0.1


Tree=25
num_leaves= 16
num_cat= 0
full_tree_array_lgbids= 0 5 1 6 -7 10 2 7 -8 -2147483648 -2147483648 11 12 3 -4 8 9 -2147483648 -2147483648 -2147483648 -2147483648 -2147483648 -2147483648 -2 -13 14 13 -3 4 -2147483648 -2147483648 -1 -10 -9 -11 -2147483648 -2147483648 -2147483648 -2147483648 -2147483648 -2147483648 -2147483648 -2147483648 -2147483648 -2147483648 -2147483648 -2147483648 -2147483648 -2147483648 -2147483648 -2147483648 -12 -16 -14 -15 -2147483648 -2147483648 -5 -6 -2147483648 -2147483648 -2147483648 -2147483648
split_feature= 1 4 6 2 7 8 7 8 7 7 8 7 7 8 8
split_gain= 37.9641 20.9413 11.711 10.3477 6.47516 4.74483 1.95411 18.8244 5.7099 4.10252 0.215866 5.51158 3.4064 25.6609 3.15986
threshold= 3.8346500000000003 1.0003353454057682 3.1336552646136835 16.500000000000004 37.615000000000002 -116.53499999999998 39.355000000000011 -122.38499999999998 38.32500000000001 35.335000000000008 -122.03499999999998 37.615000000000002 34.595000000000006 -120.34499999999998 -118.32499999999997
decision_type= 2 2 2 2 2 2 2 2 2 2 2 2 2 2 2
left_child=5 10 3 -3 -5 6 7 8 -1 -9 11 -2 14 -14 -12
right_child=1 2 -4 4 -6 -7 -8 9 -10 -11 12 -13 13 -15 -16
leaf_value= 0.038724932929869955 0.047182618218010168 0.0011199108739350656 -0.0013696922419017842 0.026490322647155531 0.0055852390727689069 -0.037499343688791646 -0.022780762651850389 -0.00060880130893177465 -0.0026788875230404265 -0.010862616316695071 0.019726608494632009 -0.002252313709540064 -0.013879290299282044 -0.096541146892640331 -0.0095500467457087443
leaf_weight=318 134 921 1281 2009 723 199 516 4830 223 3368 318 285 451 72 864
leaf_count=318 134 921 1281 2009 723 199 516 4830 223 3368 318 285 451 72 864
model_size=1712
internal_value=0 0.00666278 0.0114581 0.0159564 0.020958 -0.00497418 -0.00427483 -0.00318213 0.0216583 -0.0048214 -0.00447653 0.0135574 -0.00890833 -0.0252591 -0.00167359
internal_weight=0 7058 4934 3653 2732 9454 9255 8739 541 8198 2124 419 1705 523 1182
internal_count=16512 7058 4934 3653 2732 9454 9255 8739 541 8198 2124 419 1705 523 1182
is_linear=0
shrinkage=0.1


Tree=26
num_leaves= 12
num_cat= 0
full_tree_array_lgbids= 0 1 -2 2 8 -2147483648 -2147483648 4 3 9 -10 -2147483648 -2147483648 -2147483648 -2147483648 5 6 7 10 -3 -11 -2147483648 -2147483648 -2147483648 -2147483648 -2147483648 -2147483648 -2147483648 -2147483648 -2147483648 -2147483648 -1 -7 -6 -8 -4 -9 -5 -12 -2147483648 -2147483648 -2147483648 -2147483648 -2147483648 -2147483648 -2147483648 -2147483648 -2147483648 -2147483648 -2147483648 -2147483648 -2147483648 -2147483648 -2147483648 -2147483648 -2147483648 -2147483648 -2147483648 -2147483648 -2147483648 -2147483648 -2147483648 -2147483648
split_feature= 1 8 7 8 8 7 7 7 7 8 8
split_gain= 32.2459 18.7485 33.4076 60.3006 46.8236 64.8799 37.9977 36.8467 21.646 17.1791 9.81901
threshold= 6.1273500000000007 -117.77499999999999 34.525000000000013 -121.56499999999998 -118.36499999999999 34.155000000000008 34.045000000000009 38.815000000000005 33.895000000000003 -117.145 -119.94499999999998
decision_type= 2 2 2 2 2 2 2 2 2 2 2
left_child=1 2 4 7 5 -1 -6 -4 9 -3 -5
right_child=-2 8 3 10 6 -7 -8 -9 -10 -11 -12
leaf_value= 0.062028596659740899 0.015969302101488957 0.014149651926576041 0.009256821033741312 -0.010328835518880251 -0.0060284495548068515 0.0085895250659158619 0.019704005774199649 -0.022886771196386074 -0.029208188423846582 -0.015203124915499969 -0.029919611592155615
leaf_weight=442 1722 655 3298 2070 2790 810 1176 616 901 990 1042
leaf_count=442 1722 655 3298 2070 2790 810 1176 616 901 990 1042
model_size=1264
internal_value=0 -0.00185931 0.000375736 -0.00514178 0.00780504 0.0274554 0.00160175 0.00419794 -0.0126079 -0.00351555 -0.0168885
internal_weight=0 14790 12244 7026 5218 1252 3966 3914 2546 1645 3112
internal_count=16512 14790 12244 7026 5218 1252 3966 3914 2546 1645 3112
is_linear=0
shrinkage=0.1


Tree=27
num_leaves= 11
num_cat= 0
full_tree_array_lgbids= 0 1 5 2 6 -2 -7 -1 3 9 7 -2147483648 -2147483648 -2147483648 -2147483648 -2147483648 -2147483648 4 -5 -3 -11 8 -9 -2147483648 -2147483648 -2147483648 -2147483648 -2147483648 -2147483648 -2147483648 -2147483648 -2147483648 -2147483648 -2147483648 -2147483648 -4 -6 -2147483648 -2147483648 -2147483648 -2147483648 -2147483648 -2147483648 -8 -10 -2147483648 -2147483648 -2147483648 -2147483648 -2147483648 -2147483648 -2147483648 -2147483648 -2147483648 -2147483648 -2147483648 -2147483648 -2147483648 -2147483648 -2147483648 -2147483648 -2147483648 -2147483648
split_feature= 3 6 2 7 4 2 8 7 8 7
split_gain= 26.8592 20.5643 11.5323 9.54963 5.63728 3.17237 0.0954143 5.73468 15.6659 4.17745
threshold= 6.3286213786213787 2.4469862317432325 21.500000000000004 37.805000000000007 1.1321898918370887 32.500000000000007 -122.38499999999998 37.595000000000006 -121.34499999999998 38.415000000000006
decision_type= 2 2 2 2 2 2 2 2 2 2
left_child=1 2 -1 4 -4 -2 9 8 -8 -3
right_child=5 6 3 -5 -6 -7 7 -9 -10 -11
leaf_value= -0.0068348462974042517 0.0061575041873921559 0.025070405179154012 0.013402863852966164 -0.0057101168428870062 0.045312533179010919 0.024891142829457223 0.015646104313303391 -0.017149921536176383 -0.0066898881968881496 -0.013346919076448895
leaf_weight=1199 2388 372 1706 650 253 747 723 1734 6510 230
leaf_count=1199 2388 372 1706 650 253 747 723 1734 6510 230
model_size=1152
internal_value=0 -0.00248918 0.00588834 0.0117354 0.0175239 0.0106213 -0.00582303 -0.00691168 -0.00445722 0.0103927
internal_weight=0 13377 3808 2609 1959 3135 9569 8967 7233 602
internal_count=16512 13377 3808 2609 1959 3135 9569 8967 7233 602
is_linear=0
shrinkage=0.1


Tree=28
num_leaves= 18
num_cat= 0
full_tree_array_lgbids= 0 1 10 3 2 11 -12 4 7 5 13 -2 -13 -2147483648 -2147483648 -1 9 8 14 12 6 16 15 -2147483648 -2147483648 -2147483648 -2147483648 -2147483648 -2147483648 -2147483648 -2147483648 -2147483648 -2147483648 -6 -11 -5 -10 -9 -16 -3 -14 -7 -8 -4 -18 -15 -17 -2147483648 -2147483648 -2147483648 -2147483648 -2147483648 -2147483648 -2147483648 -2147483648 -2147483648 -2147483648 -2147483648 -2147483648 -2147483648 -2147483648 -2147483648 -2147483648
split_feature= 8 7 8 8 7 7 8 7 7 8 7 8 8 1 8 8 8
split_gain= 19.1338 33.9859 70.2123 46.7349 49.5871 44.5631 43.7445 29.6617 38.7791 26.1431 24.851 30.2713 16.8182 13.903 8.92212 4.77885 4.37683
threshold= -117.75499999999998 34.525000000000013 -121.56499999999998 -118.36499999999999 34.135000000000012 37.615000000000002 -122.40499999999999 34.045000000000009 33.645000000000003 -119.30499999999999 33.565000000000005 -117.16499999999998 -122.02499999999999 5.5358500000000008 -118.01499999999999 -119.94499999999998 -119.94499999999998
decision_type= 2 2 2 2 2 2 2 2 2 2 2 2 2 2 2 2 2
left_child=1 3 5 4 -1 12 -7 8 -5 -6 11 -2 -3 16 -9 -15 -4
right_child=10 2 13 7 9 6 -8 14 -10 -11 -12 -13 -14 15 -16 -17 -18
leaf_value= 0.052721189811778403 0.024799498520056047 0.042138475053477176 -0.0080167865260846807 0.06907232523997231 0.061449853113268726 0.014959909293396268 -0.013812755889704134 0.025081673384029324 -0.0063580244928558077 0.0021064383594111965 -0.023450975777883673 -0.012333995573047461 0.010836227884872408 -0.037638846384047464 -0.010991268195519764 -0.12853983350702233 -0.025632524438797457
leaf_weight=590 535 544 2027 101 142 1209 1852 1082 2995 865 1298 944 930 89 242 37 1030
leaf_count=590 535 544 2027 101 142 1209 1852 1082 2995 865 1298 944 930 89 242 37 1030
model_size=1936
internal_value=0 0.00209792 -0.00327171 0.00898553 0.0260823 0.00562433 -0.00244845 0.00280826 -0.00389728 0.0104746 -0.0103763 0.00109834 0.0223888 -0.0159464 0.0184883 -0.064332 -0.0139521
internal_weight=0 13735 7718 6017 1597 4535 3061 4420 3096 1007 2777 1479 1474 3183 1324 126 3057
internal_count=16512 13735 7718 6017 1597 4535 3061 4420 3096 1007 2777 1479 1474 3183 1324 126 3057
is_linear=0
shrinkage=0.1


Tree=29
num_leaves= 6
num_cat= 0
full_tree_array_lgbids= 0 1 -2 -1 2 -2147483648 -2147483648 -2147483648 -2147483648 3 -4 -2147483648 -2147483648 -2147483648 -2147483648 -2147483648 -2147483648 -2147483648 -2147483648 -3 4 -2147483648 -2147483648 -2147483648 -2147483648 -2147483648 -2147483648 -2147483648 -2147483648 -2147483648 -2147483648 -2147483648 -2147483648 -2147483648 -2147483648 -2147483648 -2147483648 -2147483648 -2147483648 -2147483648 -2147483648 -5 -6 -2147483648 -2147483648 -2147483648 -2147483648 -2147483648 -2147483648 -2147483648 -2147483648 -2147483648 -2147483648 -2147483648 -2147483648 -2147483648 -2147483648 -2147483648 -2147483648 -2147483648 -2147483648 -2147483648 -2147483648
split_feature= 3 4 6 2 7
split_gain= 18.7662 13.4284 7.75225 7.57978 6.38149
threshold= 6.3286213786213787 0.99160544721033084 2.5763869593405579 21.500000000000004 37.805000000000007
decision_type= 2 2 2 2 2
left_child=1 -1 3 -3 -5
right_child=-2 2 -4 4 -6
leaf_value= -0.01197104789994461 0.0095916401810700481 -0.0046439131461212769 -0.0036351133706773275 0.016973787294457358 -0.0046962951770997928
leaf_weight=2583 3135 1373 6723 2046 652
leaf_count=2583 3135 1373 6723 2046 652
model_size=592
internal_value=0 -0.00224787 7.88794e-05 0.0062123 0.011737
internal_weight=0 13377 10794 4071 2698
internal_count=16512 13377 10794 4071 2698
is_linear=0
shrinkage=0.1


Tree=30
num_leaves= 15
num_cat= 0
full_tree_array_lgbids= 0 1 7 5 2 12 -9 9 13 3 6 -2 -14 -2147483648 -2147483648 10 11 -7 -15 8 4 -4 -8 -2147483648 -2147483648 -2147483648 -2147483648 -2147483648 -2147483648 -2147483648 -2147483648 -1 -12 -11 -13 -2147483648 -2147483648 -2147483648 -2147483648 -3 -10 -5 -6 -2147483648 -2147483648 -2147483648 -2147483648 -2147483648 -2147483648 -2147483648 -2147483648 -2147483648 -2147483648 -2147483648 -2147483648 -2147483648 -2147483648 -2147483648 -2147483648 -2147483648 -2147483648 -2147483648 -2147483648
split_feature= 8 7 8 7 8 8 1 7 8 7 8 8 8 3
split_gain= 13.1379 22.251 62.4633 52.5484 37.9513 35.7265 30.4461 20.0316 14.3803 13.1964 20.9204 14.7419 12.933 11.8984
threshold= -117.50499999999998 34.655000000000008 -120.56499999999998 37.595000000000006 -122.40499999999999 -118.30499999999999 3.9819500000000003 33.885000000000012 -122.02499999999999 34.165000000000006 -118.38499999999998 -119.30499999999999 -117.145 5.4794457776435754
decision_type= 2 2 2 2 2 2 2 2 2 2 2 2 2 2
left_child=1 5 3 8 -5 9 -4 12 -3 10 -1 -11 -2 -7
right_child=7 2 6 4 -6 13 -8 -9 -10 11 -12 -13 -14 -15
leaf_value= 0.049580434612070338 0.016430232943141495 0.039423399546468119 -0.015656691150054598 0.013282051722358577 -0.011570762562605261 -0.004779582441220071 -0.062282948265543682 -0.030348321413947478 0.010021238492470266 0.044453049817264383 0.014721870734306954 -0.0014262715349466892 -0.01229839815791018 0.012707075379547562
leaf_weight=551 550 514 1174 1218 3266 2921 267 671 1215 183 713 834 1049 1386
leaf_count=551 550 514 1174 1218 3266 2921 267 671 1215 183 713 834 1049 1386
model_size=1600
internal_value=0 0.00170117 -0.00315961 0.00174261 -0.00481993 0.00734848 -0.024296 -0.0106732 0.018762 0.0196234 0.0299173 0.0068293 -0.00241676 0.000847654
internal_weight=0 14242 7654 6213 4484 6588 1441 2270 1729 2281 1264 1017 1599 4307
internal_count=16512 14242 7654 6213 4484 6588 1441 2270 1729 2281 1264 1017 1599 4307
is_linear=0
shrinkage=0.1


Tree=31
num_leaves= 8
num_cat= 0
full_tree_array_lgbids= 0 1 -2 -1 2 -2147483648 -2147483648 -2147483648 -2147483648 3 5 -2147483648 -2147483648 -2147483648 -2147483648 -2147483648 -2147483648 -2147483648 -2147483648 -3 4 6 -7 -2147483648 -2147483648 -2147483648 -2147483648 -2147483648 -2147483648 -2147483648 -2147483648 -2147483648 -2147483648 -2147483648 -2147483648 -2147483648 -2147483648 -2147483648 -2147483648 -2147483648 -2147483648 -5 -6 -4 -8 -2147483648 -2147483648 -2147483648 -2147483648 -2147483648 -2147483648 -2147483648 -2147483648 -2147483648 -2147483648 -2147483648 -2147483648 -2147483648 -2147483648 -2147483648 -2147483648 -2147483648 -2147483648
split_feature= 3 4 8 7 2 7 8
split_gain= 11.0765 7.57549 4.46254 8.7901 1.68618 1.2507 4.21251
threshold= 6.3286213786213787 0.98327525320217724 -117.77499999999999 33.625000000000007 51.500000000000007 33.565000000000005 -117.24499999999999
decision_type= 2 2 2 2 2 2 2
left_child=1 -1 3 -3 -5 6 -4
right_child=-2 2 5 4 -6 -7 -8
leaf_value= -0.011737035157788412 0.0084971257338834708 0.091183212643954903 0.030337582227621375 0.00023585010032954419 0.017237455653756437 -0.021010126788771732 -0.0077383091998938988
leaf_weight=2158 3135 32 177 8680 693 823 814
leaf_count=2158 3135 32 177 8680 693 823 814
model_size=816
internal_value=0 -0.00199136 -0.000116763 0.00179804 0.00149288 -0.0100444 -0.000937671
internal_weight=0 13377 11219 9405 9373 1814 991
internal_count=16512 13377 11219 9405 9373 1814 991
is_linear=0
shrinkage=0.1


Tree=32
num_leaves= 6
num_cat= 0
full_tree_array_lgbids= 0 1 -2 2 -3 -2147483648 -2147483648 -1 3 -2147483648 -2147483648 -2147483648 -2147483648 -2147483648 -2147483648 -2147483648 -2147483648 4 -5 -2147483648 -2147483648 -2147483648 -2147483648 -2147483648 -2147483648 -2147483648 -2147483648 -2147483648 -2147483648 -2147483648 -2147483648 -2147483648 -2147483648 -2147483648 -2147483648 -4 -6 -2147483648 -2147483648 -2147483648 -2147483648 -2147483648 -2147483648 -2147483648 -2147483648 -2147483648 -2147483648 -2147483648 -2147483648 -2147483648 -2147483648 -2147483648 -2147483648 -2147483648 -2147483648 -2147483648 -2147483648 -2147483648 -2147483648 -2147483648 -2147483648 -2147483648 -2147483648
split_feature= 8 3 4 6 7
split_gain= 8.67819 9.40788 4.0146 1.23443 0.823833
threshold= -116.53499999999998 6.5207558992324239 0.99160544721033084 3.2358284584328918 37.805000000000007
decision_type= 2 2 2 2 2
left_child=1 2 -1 4 -4
right_child=-2 -3 3 -5 -6
leaf_value= -0.0092080763201156414 -0.032668733210559402 0.0099424368798770816 0.0057719025610280285 -0.0059727105065939708 -0.0050710185285366433
leaf_weight=2652 236 2484 6145 3001 1994
leaf_count=2652 236 2484 6145 3001 1994
model_size=592
internal_value=0 0.000473693 -0.00123167 0.000667202 0.00311546
internal_weight=0 16276 13792 11140 8139
internal_count=16512 16276 13792 11140 8139
is_linear=0
shrinkage=0.1


Tree=33
num_leaves= 16
num_cat= 0
full_tree_array_lgbids= 0 1 7 5 2 8 -9 11 10 3 6 -2 -10 -2147483648 -2147483648 12 13 -7 14 9 4 -4 -8 -2147483648 -2147483648 -2147483648 -2147483648 -2147483648 -2147483648 -2147483648 -2147483648 -1 -14 -13 -15 -2147483648 -2147483648 -12 -16 -3 -11 -5 -6 -2147483648 -2147483648 -2147483648 -2147483648 -2147483648 -2147483648 -2147483648 -2147483648 -2147483648 -2147483648 -2147483648 -2147483648 -2147483648 -2147483648 -2147483648 -2147483648 -2147483648 -2147483648 -2147483648 -2147483648
split_feature= 8 7 8 7 8 3 1 7 8 8 8 8 7 7 6
split_gain= 4.28615 16.5601 39.4813 38.0102 26.1029 22.8812 16.5928 8.82598 10.9156 7.90295 7.27365 6.90062 32.8411 6.98819 4.39792
threshold= -117.75499999999998 34.525000000000013 -120.56499999999998 37.595000000000006 -122.40499999999999 5.4549101278228429 5.0387000000000013 33.565000000000005 -117.24499999999999 -122.02499999999999 -119.21499999999999 -118.37499999999999 34.085000000000008 34.045000000000009 2.3055777777777782
decision_type= 2 2 2 2 2 2 2 2 2 2 2 2 2 2 2
left_child=1 5 3 9 -5 11 -4 8 -2 -3 -7 12 -1 -13 -12
right_child=7 2 6 4 -6 10 -8 -9 -10 -11 14 13 -14 -15 -16
leaf_value= 0.049110493593736877 0.028751308060910464 0.035003848354049488 -0.016195494994440198 0.011655138590410279 -0.010356799318976534 0.072531087365415359 -0.076930451659082452 -0.018233304907335809 -0.005734445623640342 0.0088087302005136914 0.053088240739826521 -0.0080779087623003131 -0.0013283803316618279 0.010403391260779941 0.013541327670894984
leaf_weight=302 291 514 1408 1218 3266 81 97 1298 1188 1215 148 2225 554 1019 1688
leaf_count=302 291 514 1408 1218 3266 81 97 1298 1188 1215 148 2225 554 1019 1688
model_size=1712
internal_value=0 0.00160995 -0.00274686 0.00145908 -0.00437764 0.00719844 -0.02011 -0.00796281 0.00105078 0.0165961 0.019087 0.00163979 0.0164666 -0.00227259 0.0167292
internal_weight=0 13735 7718 6213 4484 6017 1505 2777 1479 1729 1917 4100 856 3244 1836
internal_count=16512 13735 7718 6213 4484 6017 1505 2777 1479 1729 1917 4100 856 3244 1836
is_linear=0
shrinkage=0.1


Tree=34
num_leaves= 4
num_cat= 0
full_tree_array_lgbids= 0 1 -2 2 -3 -2147483648 -2147483648 -1 -4 -2147483648 -2147483648 -2147483648 -2147483648 -2147483648 -2147483648
split_feature= 8 3 4
split_gain= 2.20831 3.60935 1.33374
threshold= -116.40499999999999 6.8025928032261413 1.0291350557942953
decision_type= 2 2 2
left_child=1 2 -1
right_child=-2 -3 -4
leaf_value= -0.0053877070416225191 -0.031699327979685166 0.010202116548609764 0.0019080048297269612
leaf_weight=5585 188 1876 8863
leaf_count=5585 188 1876 8863
model_size=368
internal_value=0 0.000365074 -0.000912216
internal_weight=0 16324 14448
internal_count=16512 16324 14448
is_linear=0
shrinkage=0.1


Tree=35
num_leaves= 11
num_cat= 0
full_tree_array_lgbids= 0 1 -2 3 2 -2147483648 -2147483648 8 -5 5 4 -2147483648 -2147483648 -2147483648 -2147483648 -1 9 -2147483648 -2147483648 7 6 -4 -6 -2147483648 -2147483648 -2147483648 -2147483648 -2147483648 -2147483648 -2147483648 -2147483648 -2147483648 -2147483648 -10 -11 -2147483648 -2147483648 -2147483648 -2147483648 -3 -9 -7 -8 -2147483648 -2147483648 -2147483648 -2147483648 -2147483648 -2147483648 -2147483648 -2147483648 -2147483648 -2147483648 -2147483648 -2147483648 -2147483648 -2147483648 -2147483648 -2147483648 -2147483648 -2147483648 -2147483648 -2147483648
split_feature= 6 7 8 8 1 7 8 8 7 7
split_gain= 1.48537 4.91548 45.5216 24.8541 22.6507 18.547 12.415 7.94907 3.8311 2.80173
threshold= 3.4159362260510577 34.655000000000008 -119.94499999999998 -118.27499999999999 3.5488500000000003 37.595000000000006 -122.40499999999999 -122.01499999999999 33.835000000000008 33.995000000000012
decision_type= 2 2 2 2 2 2 2 2 2 2
left_child=1 3 5 8 -4 7 -7 -3 -1 -10
right_child=-2 2 4 -5 -6 6 -8 -9 9 -11
leaf_value= 0.054162888516216201 -0.0066465887937998576 0.032191495263728845 -0.013798973294016657 0.00010158406709583702 -0.061303069092607458 0.010411139307983016 -0.0083496691864061723 0.0053788503603067767 -0.0046841823720243621 0.019536208773816757
leaf_weight=141 3325 516 598 4319 248 1134 3140 1048 424 1619
leaf_count=141 3325 516 598 4319 248 1134 3140 1048 424 1619
model_size=1152
internal_value=0 0.00167589 -0.00233675 0.00580021 -0.0277245 0.00134226 -0.00337195 0.014225 0.0170696 0.0145096
internal_weight=0 13187 6684 6503 846 5838 4274 1564 2184 2043
internal_count=16512 13187 6684 6503 846 5838 4274 1564 2184 2043
is_linear=0
shrinkage=0.1


Tree=36
num_leaves= 10
num_cat= 0
full_tree_array_lgbids= 0 1 -2 2 3 -2147483648 -2147483648 -1 -4 4 5 -2147483648 -2147483648 -2147483648 -2147483648 -2147483648 -2147483648 -2147483648 -2147483648 8 -6 7 6 -2147483648 -2147483648 -2147483648 -2147483648 -2147483648 -2147483648 -2147483648 -2147483648 -2147483648 -2147483648 -2147483648 -2147483648 -2147483648 -2147483648 -2147483648 -2147483648 -3 -10 -2147483648 -2147483648 -5 -9 -7 -8 -2147483648 -2147483648 -2147483648 -2147483648 -2147483648 -2147483648 -2147483648 -2147483648 -2147483648 -2147483648 -2147483648 -2147483648 -2147483648 -2147483648 -2147483648 -2147483648
split_feature= 7 8 7 7 8 8 1 7 7
split_gain= 1.4038 11.5482 5.63426 1.36611 29.5587 19.7634 22.1686 15.9572 5.18585
threshold= 39.82500000000001 -122.35499999999998 38.235000000000007 34.655000000000008 -118.30499999999999 -119.94499999999998 3.5488500000000003 37.57500000000001 34.155000000000008
decision_type= 2 2 2 2 2 2 2 2 2
left_child=1 2 -1 4 8 7 -7 -5 -3
right_child=-2 3 -4 5 -6 6 -8 -9 -10
leaf_value= 0.025592116578352864 -0.022474225761227862 0.023849691909938422 -0.0037784669937545989 0.0092199973735070159 -0.002041251450223075 -0.010696600021260383 -0.054771268914352536 -0.0074348211366140095 0.004128953392484775
leaf_weight=766 355 1204 397 1878 6537 817 267 3214 1077
leaf_count=766 355 1204 397 1878 6537 817 267 3214 1077
model_size=1040
internal_value=0 0.000493801 0.0155662 -0.000675281 0.00224748 -0.00484835 -0.0215526 -0.00129229 0.0145383
internal_weight=0 16157 1163 14994 8818 6176 1084 5092 2281
internal_count=16512 16157 1163 14994 8818 6176 1084 5092 2281
is_linear=0
shrinkage=0.1


end of trees

feature_importances:
Column_8=162
Column_7=155
Column_1=106
Column_6=90
Column_2=61
Column_3=26
Column_4=16
Column_5=9

parameters:
[boosting: gbdt]
[objective: regression]
[metric: rmse]
[tree_learner: serial]
[device_type: cpu]
[data_sample_strategy: bagging]
[data: data/california_housing.libsvm.train]
[valid: data/california_housing.libsvm.test]
[num_iterations: 10000]
[learning_rate: 0.1]
[num_leaves: 255]
[num_threads: 0]
[seed: 42]
[deterministic: 0]
[force_col_wise: 0]
[force_row_wise: 0]
[histogram_pool_size: -1]
[max_depth: 5]
[min_data_in_leaf: 10]
[min_sum_hessian_in_leaf: 0.001]
[bagging_fraction: 1]
[pos_bagging_fraction: 1]
[neg_bagging_fraction: 1]
[bagging_freq: 0]
[bagging_seed: 400]
[feature_fraction: 1]
[feature_fraction_bynode: 1]
[feature_fraction_seed: 30056]
[extra_trees: 0]
[extra_seed: 12879]
[early_stopping_round: 0]
[early_stopping_min_delta: 0]
[first_metric_only: 0]
[max_delta_step: 0]
[lambda_l1: 0]
[lambda_l2: 0]
[linear_lambda: 0]
[min_gain_to_split: 0]
[drop_rate: 0.1]
[max_drop: 50]
[skip_drop: 0.5]
[xgboost_dart_mode: 0]
[uniform_drop: 0]
[drop_seed: 17869]
[top_rate: 0.2]
[other_rate: 0.1]
[min_data_per_group: 100]
[max_cat_threshold: 32]
[cat_l2: 10]
[cat_smooth: 10]
[max_cat_to_onehot: 4]
[top_k: 20]
[monotone_constraints: ]
[monotone_constraints_method: basic]
[monotone_penalty: 0]
[feature_contri: ]
[forcedsplits_filename: ]
[refit_decay_rate: 0.9]
[tinygbdt_penalty_feature: 2]
[tinygbdt_penalty_split: 0.000976562]
[tinygbdt_forestsize: 64000]
[tinygbdt_precision: 7]
[cegb_tradeoff: 1]
[cegb_penalty_split: 0]
[cegb_penalty_feature_lazy: ]
[cegb_penalty_feature_coupled: ]
[path_smooth: 0]
[interaction_constraints: ]
[verbosity: 2]
[saved_feature_importance_type: 0]
[use_quantized_grad: 0]
[num_grad_quant_bins: 4]
[quant_train_renew_leaf: 0]
[stochastic_rounding: 1]
[linear_tree: 0]
[max_bin: 255]
[max_bin_by_feature: ]
[min_data_in_bin: 3]
[bin_construct_sample_cnt: 200000]
[data_random_seed: 175]
[is_enable_sparse: 1]
[enable_bundle: 1]
[use_missing: 1]
[zero_as_missing: 0]
[feature_pre_filter: 1]
[pre_partition: 0]
[two_round: 0]
[header: 0]
[label_column: ]
[weight_column: ]
[group_column: ]
[ignore_column: ]
[categorical_feature: ]
[forcedbins_filename: ]
[precise_float_parser: 0]
[parser_config_file: ]
[objective_seed: 16083]
[num_class: 1]
[is_unbalance: 0]
[scale_pos_weight: 1]
[sigmoid: 1]
[boost_from_average: 1]
[reg_sqrt: 0]
[alpha: 0.9]
[fair_c: 1]
[poisson_max_delta_step: 0.7]
[tweedie_variance_power: 1.5]
[lambdarank_truncation_level: 30]
[lambdarank_norm: 1]
[label_gain: ]
[lambdarank_position_bias_regularization: 0]
[eval_at: ]
[multi_error_top_k: 1]
[auc_mu_weights: ]
[num_machines: 1]
[local_listen_port: 12400]
[time_out: 120]
[machine_list_filename: ]
[machines: ]
[gpu_platform_id: -1]
[gpu_device_id: -1]
[gpu_use_dp: 0]
[num_gpu: 1]

end of parameters
