tree
version=v4
num_class=1
num_tree_per_iteration=1
label_index=0
max_feature_idx=8
objective=regression
feature_names=Column_0 Column_1 Column_2 Column_3 Column_4 Column_5 Column_6 Column_7 Column_8
feature_infos=none [0.49990000000000001:15.0001] [1:52] [0.88888888888888884:141.90909090909091] [0.33333333333333331:25.63636363636364] [3:35682] [0.69230769230769229:1243.333333333333] [32.549999999999997:41.950000000000003] [-124.34999999999999:-114.31]
tree_sizes=5825 5929 5520 4920 5056

Tree=0
num_leaves= 40
num_cat= 0
full_tree_array_lgbids= 0 1 2 5 3 4 10 9 11 6 7 16 13 20 33 15 14 35 21 37 8 19 17 -2 18 -6 29 -4 -22 34 -35 -1 -17 27 -16 -7 -37 -13 31 -3 38 12 36 22 25 24 -19 -2147483648 -2147483648 -18 23 -2147483648 -2147483648 -15 -31 -2147483648 -2147483648 -2147483648 -2147483648 -12 -36 -2147483648 -2147483648 -2147483648 -2147483648 -2147483648 -2147483648 30 -29 -2147483648 -2147483648 -2147483648 -2147483648 -2147483648 -2147483648 -2147483648 -2147483648 32 -33 -2147483648 -2147483648 -39 -40 28 26 -10 -38 -5 -24 -21 -27 -9 -26 -2147483648 -2147483648 -2147483648 -2147483648 -2147483648 -2147483648 -2147483648 -2147483648 -20 -25 -2147483648 -2147483648 -2147483648 -2147483648 -2147483648 -2147483648 -2147483648 -2147483648 -2147483648 -2147483648 -2147483648 -2147483648 -2147483648 -2147483648 -2147483648 -2147483648 -2147483648 -2147483648 -2147483648 -2147483648 -2147483648 -2147483648 -2147483648 -2147483648 -2147483648 -2147483648 -2147483648 -2147483648 -2147483648 -2147483648 -2147483648 -2147483648 -11 -32 -2147483648 -2147483648 -2147483648 -2147483648 -2147483648 -2147483648 -2147483648 -2147483648 -2147483648 -2147483648 -2147483648 -2147483648 -2147483648 -2147483648 -2147483648 -2147483648 -2147483648 -2147483648 -23 -34 -2147483648 -2147483648 -2147483648 -2147483648 -2147483648 -2147483648 -2147483648 -2147483648 -2147483648 -2147483648 -8 -30 -14 -28 -2147483648 -2147483648 -2147483648 -2147483648 -2147483648 -2147483648 -2147483648 -2147483648 -2147483648 -2147483648 -2147483648 -2147483648 -2147483648 -2147483648 -2147483648 -2147483648 -2147483648 -2147483648 -2147483648 -2147483648 -2147483648 -2147483648 -2147483648 -2147483648 -2147483648 -2147483648 -2147483648 -2147483648 -2147483648 -2147483648 -2147483648 -2147483648 -2147483648 -2147483648 -2147483648 -2147483648 -2147483648 -2147483648 -2147483648 -2147483648 -2147483648 -2147483648 -2147483648 -2147483648 -2147483648 -2147483648 -2147483648 -2147483648 -2147483648 -2147483648 -2147483648 -2147483648 -2147483648 -2147483648 -2147483648 -2147483648 -2147483648 -2147483648 -2147483648 -2147483648 -2147483648 -2147483648 -2147483648 -2147483648 -2147483648 -2147483648 -2147483648 -2147483648 -2147483648 -2147483648 -2147483648 -2147483648 -2147483648 -2147483648 -2147483648 -2147483648 -2147483648 -2147483648 -2147483648 -2147483648 -2147483648 -2147483648 -2147483648 -2147483648
split_feature= 1 1 1 6 6 3 2 1 7 1 1 1 6 1 6 3 2 6 6 2 2 6 3 1 2 8 8 8 1 2 7 7 8 1 2 7 7 1 2
split_gain= 6956.71 1654.18 1261.15 945.323 400.437 287.385 202.995 181.919 156.254 150.083 125.232 106.001 97.7108 89.9752 81.7365 80.2637 76.7855 74.5016 64.2237 54.3941 42.2782 35.9306 35.331 29.0397 27.4057 22.7466 19.4228 18.2127 13.5485 12.6089 8.24005 7.60953 11.6283 2.46112 5.50173 2.36265 0.121829 0.0541642 4.12457
threshold= 5.0387000000000013 3.0679500000000002 6.8672000000000013 2.3489548886254448 2.671038674349933 4.3101408005062494 24.500000000000004 4.0775500000000013 37.815000000000005 2.2210000000000005 7.852450000000001 2.4115000000000006 1.9628175980828908 5.7307500000000013 2.4907552973342448 3.449226804123712 19.500000000000004 2.9005380231986346 2.0653737590585881 43.500000000000007 26.500000000000004 2.2906328481453726 5.1186051221335997 5.8308000000000009 41.500000000000007 -122.40499999999999 -117.88499999999998 -118.26499999999999 3.4298000000000006 27.500000000000004 37.815000000000005 34.525000000000013 -117.77499999999999 8.7395500000000013 28.500000000000004 35.335000000000008 37.995000000000012 3.5330000000000008 18.500000000000004
decision_type= 2 2 2 2 2 2 2 2 2 2 2 2 2 2 2 2 2 2 2 2 2 2 2 2 2 2 2 2 2 2 2 2 2 2 2 2 2 2 2
left_child=1 5 4 6 16 9 37 19 12 15 20 35 28 -6 27 -1 -2 24 -18 22 -4 -13 -5 -20 -9 -21 -14 30 -8 -15 -11 32 -23 34 -12 -7 -10 -3 -39
right_child=2 3 10 7 13 11 8 17 36 14 33 21 26 29 -16 -17 18 -19 23 25 -22 31 -24 -25 -26 -27 -28 -29 -30 -31 -32 -33 -34 -35 -36 -37 -38 38 -40
leaf_value= 2.0405687631288161 2.1558599736411375 2.0619325518895399 2.2105021416414852 2.0474118544579003 2.0994046620642437 1.9807571227445304 2.1965323452694219 2.0892426552552306 2.1212005317600884 2.1406373236940905 2.2611911907323741 2.043693994763716 2.1803908632616107 2.1410397950488846 2.0327038778370752 1.9814897297846104 2.3293276008777508 2.055796547371648 2.1893908157405639 2.1470309877511444 2.2958198799055269 2.0423423215696768 2.0155083659287123 2.255568014458782 2.1540272791155655 2.0584465939763881 2.0853910788377314 2.0508470150556986 2.2845502876908457 2.1974100577568745 2.0404662446165749 1.9795206760962585 1.9852344261613879 2.3422574193033054 2.3423931801380187 1.9518240180001829 2.0318246126680579 2.0905904528987551 2.1592166787599623
leaf_weight=503 248 198 263 1181 828 636 90 844 87 227 147 309 402 586 767 899 91 1158 322 94 168 272 1536 250 172 283 67 153 174 187 50 944 275 365 97 1194 76 254 115
leaf_count=503 248 198 263 1181 828 636 90 844 87 227 147 309 402 586 767 899 91 1158 322 94 168 272 1536 250 172 283 67 153 174 187 50 944 275 365 97 1194 76 254 115
model_size=4400
internal_value=2.07195 2.03789 2.19622 2.07259 2.15739 2.00039 2.1449 2.05251 2.17679 2.02716 2.28999 1.98123 2.19841 2.12609 2.05582 2.00269 2.2124 2.07655 2.23355 2.03561 2.24376 2.0009 2.02938 2.21831 2.10021 2.08053 2.16682 2.09704 2.25454 2.15468 2.12256 1.99203 2.01363 2.32271 2.29347 1.96188 2.07953 2.0945 2.11198
internal_weight=0 12960 3552 6731 2512 6229 1463 5268 896 2599 1040 3630 733 1601 1197 1402 911 2174 663 3094 431 1800 2717 572 1016 377 469 430 264 773 277 1491 547 609 244 1830 163 567 369
internal_count=16512 12960 3552 6731 2512 6229 1463 5268 896 2599 1040 3630 733 1601 1197 1402 911 2174 663 3094 431 1800 2717 572 1016 377 469 430 264 773 277 1491 547 609 244 1830 163 567 369
is_linear=0
shrinkage=1


Tree=1
num_leaves= 39
num_cat= 0
full_tree_array_lgbids= 0 1 2 5 3 4 14 16 6 7 10 19 15 21 -16 17 -18 9 12 8 -9 22 23 -2 24 28 25 -4 -23 -2147483648 -2147483648 26 -19 -2147483648 -2147483648 18 -11 13 35 29 11 -2147483648 -2147483648 31 34 33 -25 -2147483648 -2147483648 -21 36 -6 -30 -17 -27 -2147483648 -2147483648 -2147483648 -2147483648 -2147483648 -2147483648 -2147483648 -2147483648 -1 27 -2147483648 -2147483648 -2147483648 -2147483648 -2147483648 -2147483648 37 -20 -2147483648 -2147483648 20 -15 -14 -37 30 -31 -10 32 -2147483648 -2147483648 -2147483648 -2147483648 -5 -33 -24 -36 -12 -35 -2147483648 -2147483648 -2147483648 -2147483648 -2147483648 -2147483648 -2147483648 -2147483648 -26 -38 -2147483648 -2147483648 -2147483648 -2147483648 -2147483648 -2147483648 -2147483648 -2147483648 -2147483648 -2147483648 -2147483648 -2147483648 -2147483648 -2147483648 -2147483648 -2147483648 -2147483648 -2147483648 -2147483648 -2147483648 -2147483648 -2147483648 -2147483648 -2147483648 -2147483648 -2147483648 -28 -29 -2147483648 -2147483648 -2147483648 -2147483648 -2147483648 -2147483648 -2147483648 -2147483648 -2147483648 -2147483648 -2147483648 -2147483648 -7 -39 -2147483648 -2147483648 -2147483648 -2147483648 -2147483648 -2147483648 -8 -22 -2147483648 -2147483648 -2147483648 -2147483648 -2147483648 -2147483648 -3 -32 -2147483648 -2147483648 -2147483648 -2147483648 -13 -34 -2147483648 -2147483648 -2147483648 -2147483648 -2147483648 -2147483648 -2147483648 -2147483648 -2147483648 -2147483648 -2147483648 -2147483648 -2147483648 -2147483648 -2147483648 -2147483648 -2147483648 -2147483648 -2147483648 -2147483648 -2147483648 -2147483648 -2147483648 -2147483648 -2147483648 -2147483648 -2147483648 -2147483648 -2147483648 -2147483648 -2147483648 -2147483648 -2147483648 -2147483648 -2147483648 -2147483648 -2147483648 -2147483648 -2147483648 -2147483648 -2147483648 -2147483648 -2147483648 -2147483648 -2147483648 -2147483648 -2147483648 -2147483648 -2147483648 -2147483648 -2147483648 -2147483648 -2147483648 -2147483648 -2147483648 -2147483648 -2147483648 -2147483648 -2147483648 -2147483648 -2147483648 -2147483648 -2147483648 -2147483648 -2147483648 -2147483648 -2147483648 -2147483648 -2147483648 -2147483648 -2147483648 -2147483648 -2147483648 -2147483648 -2147483648 -2147483648 -2147483648 -2147483648 -2147483648 -2147483648 -2147483648 -2147483648 -2147483648 -2147483648 -2147483648 -2147483648 -2147483648 -2147483648
split_feature= 1 1 1 6 6 6 7 7 2 8 1 6 8 7 1 1 7 8 6 2 8 2 2 6 6 2 7 8 6 8 7 3 8 2 8 8 1 7
split_gain= 5626.42 1335.81 1013.04 758.938 321.816 254.772 176.155 164.298 163.568 131.139 108.568 106.719 93.8541 115.505 93.2195 86.3626 77.7113 86.7489 71.2473 51.636 49.3659 47.1551 36.5965 32.5162 25.1539 21.9112 19.2548 31.9183 14.2006 13.473 17.2945 11.4511 11.4236 8.37126 7.05502 4.8407 0.489017 0.166047
threshold= 5.0387000000000013 3.1261000000000005 6.8672000000000013 2.4136952392348086 2.5763869593405579 2.1628386478062818 34.455000000000005 37.935000000000009 24.500000000000004 -117.77499999999999 4.1119000000000012 1.9628175980828908 -121.63499999999998 37.915000000000006 8.4454500000000028 5.8308000000000009 37.945000000000007 -118.24499999999999 3.442186331338819 21.500000000000004 -122.33499999999999 26.500000000000004 44.500000000000007 2.9291766686969298 2.0653737590585881 27.500000000000004 34.655000000000008 -120.02499999999999 2.9742256672023202 -118.29499999999999 34.155000000000008 5.1514547869129546 -122.33499999999999 42.500000000000007 -122.40499999999999 -119.94499999999998 5.5682000000000009 34.045000000000009
decision_type= 2 2 2 2 2 2 2 2 2 2 2 2 2 2 2 2 2 2 2 2 2 2 2 2 2 2 2 2 2 2 2 2 2 2 2 2 2 2
left_child=1 5 4 7 19 16 9 8 29 18 22 -10 13 20 21 28 17 26 37 -2 -8 -4 31 33 -21 -17 -1 -28 -6 30 -3 -5 -13 -12 -24 -14 -26 -7
right_child=2 3 14 10 15 6 12 -9 11 -11 23 32 35 -15 -16 25 -18 -19 -20 24 -22 -23 34 -25 36 -27 27 -29 -30 -31 -32 -33 -34 -35 -36 -37 -38 -39
leaf_value= 0.088905597877718748 0.084744883563069862 0.14252384118082231 0.13719190780792143 -0.022923803746691784 0.055224303761497145 -0.026736455006591442 0.062057756344162808 -0.022662504690588784 0.16789762428889499 -0.086745621265224018 0.013343390117455334 0.15316060340404514 -0.095358169870277995 -0.097062197165715319 0.23830663572970623 0.066607736207544802 -0.073256532576079031 -0.039489628816489132 -0.056418129154610211 0.23644229949906817 -0.042830382573270646 0.2117248531396887 0.071997750654470102 -0.014707765010809351 0.11142210116402972 0.12715199083241441 0.035244025791172494 -0.10832091185607409 0.011700731284818239 -0.0032243517232512483 0.03469254737725308 -0.050192797519986655 0.069510652413419277 0.075361057274946672 -0.010309029325028999 -0.1259944115227056 0.17120754930751222 0.014766734939021312
leaf_weight=155 216 57 368 1109 470 441 95 236 258 899 770 75 1076 602 426 550 233 325 973 86 391 246 86 1060 180 215 223 38 574 254 215 1426 540 132 222 692 221 377
leaf_count=155 216 57 368 1109 470 441 95 236 258 899 770 75 1076 602 426 550 233 325 973 86 391 246 86 1060 180 215 223 38 574 254 215 1426 540 132 222 692 221 377
model_size=4288
internal_value=0 -0.0306532 0.111843 0.0020642 0.076901 -0.0629691 -0.0717957 0.062236 0.0765577 -0.0517111 -0.0184105 0.105774 -0.0907129 -0.0636789 0.19624 0.0534238 -0.0127098 0.00632856 -0.0341254 0.137314 -0.0223276 0.167054 -0.0327451 0.00236077 0.16063 0.0836234 0.042124 0.0143419 0.0312947 0.028068 0.0572895 -0.0382633 0.0797119 0.0224191 0.0126727 -0.107349 0.144371 -0.00760846
internal_weight=0 12960 3552 6440 2512 6520 5546 1635 1399 2690 4805 873 2856 1088 1040 1809 974 741 1791 703 486 614 2843 1962 487 765 416 261 1044 526 272 2535 615 902 308 1768 401 818
internal_count=16512 12960 3552 6440 2512 6520 5546 1635 1399 2690 4805 873 2856 1088 1040 1809 974 741 1791 703 486 614 2843 1962 487 765 416 261 1044 526 272 2535 615 902 308 1768 401 818
is_linear=0
shrinkage=0.1


Tree=2
num_leaves= 33
num_cat= 0
full_tree_array_lgbids= 0 1 3 4 2 5 26 14 7 6 8 18 17 30 -28 15 -16 9 11 -3 10 21 13 -2 24 -7 -19 -5 -32 -2147483648 -2147483648 28 -17 -2147483648 -2147483648 16 -11 12 -13 -2147483648 -2147483648 19 -12 22 -23 31 25 -2147483648 -2147483648 -20 -26 -2147483648 -2147483648 -2147483648 -2147483648 -2147483648 -2147483648 -2147483648 -2147483648 -2147483648 -2147483648 -2147483648 -2147483648 -1 29 -2147483648 -2147483648 -2147483648 -2147483648 -2147483648 -2147483648 -6 -18 -2147483648 -2147483648 20 -14 -2147483648 -2147483648 -2147483648 -2147483648 -2147483648 -2147483648 27 -21 -2147483648 -2147483648 -4 23 -2147483648 -2147483648 -10 -33 -15 -27 -2147483648 -2147483648 -2147483648 -2147483648 -2147483648 -2147483648 -2147483648 -2147483648 -2147483648 -2147483648 -2147483648 -2147483648 -2147483648 -2147483648 -2147483648 -2147483648 -2147483648 -2147483648 -2147483648 -2147483648 -2147483648 -2147483648 -2147483648 -2147483648 -2147483648 -2147483648 -2147483648 -2147483648 -2147483648 -2147483648 -2147483648 -2147483648 -2147483648 -2147483648 -30 -31 -2147483648 -2147483648 -2147483648 -2147483648 -2147483648 -2147483648 -2147483648 -2147483648 -2147483648 -2147483648 -2147483648 -2147483648 -2147483648 -2147483648 -2147483648 -2147483648 -2147483648 -2147483648 -2147483648 -2147483648 -9 -22 -2147483648 -2147483648 -2147483648 -2147483648 -2147483648 -2147483648 -2147483648 -2147483648 -2147483648 -2147483648 -2147483648 -2147483648 -2147483648 -2147483648 -8 -29 -2147483648 -2147483648 -2147483648 -2147483648 -2147483648 -2147483648 -2147483648 -2147483648 -24 -25 -2147483648 -2147483648 -2147483648 -2147483648 -2147483648 -2147483648 -2147483648 -2147483648 -2147483648 -2147483648 -2147483648 -2147483648 -2147483648 -2147483648 -2147483648 -2147483648 -2147483648 -2147483648 -2147483648 -2147483648 -2147483648 -2147483648 -2147483648 -2147483648 -2147483648 -2147483648 -2147483648 -2147483648 -2147483648 -2147483648 -2147483648 -2147483648 -2147483648 -2147483648 -2147483648 -2147483648 -2147483648 -2147483648 -2147483648 -2147483648 -2147483648 -2147483648 -2147483648 -2147483648 -2147483648 -2147483648 -2147483648 -2147483648 -2147483648 -2147483648 -2147483648 -2147483648 -2147483648 -2147483648 -2147483648 -2147483648 -2147483648 -2147483648 -2147483648 -2147483648 -2147483648 -2147483648 -2147483648 -2147483648 -2147483648 -2147483648 -2147483648 -2147483648 -2147483648 -2147483648 -2147483648 -2147483648 -2147483648 -2147483648 -2147483648 -2147483648
split_feature= 1 1 6 1 6 6 2 7 1 8 7 8 7 6 7 8 6 1 2 1 8 7 8 8 6 8 1 8 7 8 2 2
split_gain= 4561.42 1256.79 687.465 642.404 215.875 206.322 160.904 140.938 131.299 104.623 80.5804 79.0235 97.594 77.168 58.1782 67.0173 56.8232 55.3561 42.2024 34.8333 24.7724 23.1177 61.6156 18.3148 18.0364 15.6114 15.593 10.6573 10.3263 30.3443 6.29619 6.10283
threshold= 5.2771000000000017 3.1792500000000001 2.2982753493904258 7.3930000000000016 2.1628386478062818 2.7472725830126556 19.500000000000004 34.455000000000005 4.0612500000000002 -117.77499999999999 37.815000000000005 -121.63499999999998 38.665000000000006 2.6829812717770039 37.935000000000009 -118.25499999999998 3.1336552646136835 6.2770500000000009 21.500000000000004 3.8769000000000005 -122.38499999999998 37.945000000000007 -122.19499999999998 -117.60499999999998 2.2038024706228287 -121.895 8.7395500000000013 -122.40499999999999 34.655000000000008 -122.31499999999998 28.500000000000004 20.500000000000004
decision_type= 2 2 2 2 2 2 2 2 2 2 2 2 2 2 2 2 2 2 2 2 2 2 2 2 2 2 2 2 2 2 2 2
left_child=1 4 6 5 14 18 -3 9 21 16 19 12 20 31 15 28 -6 -7 -2 27 -9 22 -4 -24 -20 -15 30 -8 -1 -30 -5 -10
right_child=3 2 8 26 7 17 10 11 13 -11 -12 -13 -14 25 -16 -17 -18 -19 24 -21 -22 -23 23 -25 -26 -27 -28 -29 29 -31 -32 -33
leaf_value= 0.080786661256217474 0.077452010371302837 0.013771535054705032 0.057484799274545799 0.14288679715810401 0.0013357823758315566 0.036891070073128161 0.18162238215622695 0.028267984763801504 0.0015818753682721694 -0.077614761855687095 0.017357126251523591 -0.096406985096812878 -0.10090441670762487 0.02866164449651383 -0.064465695115718619 -0.034109802848837426 -0.045896406042719523 0.093361273326579189 0.2075931866273836 0.14875189559327232 -0.044323240790498451 -0.057066628259589094 -0.017303315064895533 -0.058487813347971221 0.12935704782915611 -0.012642234605520667 0.21944876598168728 0.073116730925074522 0.11975494829975829 -0.0095946997115635771 0.20833225766333141 0.054598096559385259
leaf_weight=167 262 370 154 264 634 857 46 147 208 928 141 1827 415 380 245 348 1237 435 108 360 566 530 1648 406 528 1596 365 330 49 226 164 571
leaf_count=167 262 370 154 264 634 857 46 147 208 928 141 1827 415 380 245 348 1237 435 108 360 566 530 1648 406 528 1596 365 330 49 226 164 571
model_size=3616
internal_value=0 -0.0247785 0.00625238 0.11238 -0.0555854 0.0836716 0.0750414 -0.0637636 -0.00936385 -0.045714 0.100891 -0.0808604 -0.0556799 0.00806496 -0.0101192 0.00673513 -0.0298915 0.0559039 0.123623 0.116894 -0.029357 -0.0269009 -0.01966 -0.025444 0.142642 -0.00469918 0.191661 0.0863914 0.0388936 0.0134531 0.167964 0.0404423
internal_weight=0 13529 6740 2983 6789 2190 1247 5754 5493 2799 877 2955 1128 2755 1035 790 1871 1292 898 736 713 2738 2208 2054 636 1976 793 376 442 275 428 779
internal_count=16512 13529 6740 2983 6789 2190 1247 5754 5493 2799 877 2955 1128 2755 1035 790 1871 1292 898 736 713 2738 2208 2054 636 1976 793 376 442 275 428 779
is_linear=0
shrinkage=0.1


Tree=3
num_leaves= 24
num_cat= 0
full_tree_array_lgbids= 0 1 2 5 3 6 8 17 13 4 7 19 -8 10 -10 -1 -19 -7 21 9 -6 18 14 -2 20 -2147483648 -2147483648 -4 -12 -2147483648 -2147483648 -2147483648 -2147483648 -2147483648 -2147483648 -2147483648 -2147483648 -15 -23 -3 11 -2147483648 -2147483648 -5 22 15 -16 -2147483648 -2147483648 -21 -22 -2147483648 -2147483648 -2147483648 -2147483648 -2147483648 -2147483648 -2147483648 -2147483648 -2147483648 -2147483648 -2147483648 -2147483648 -2147483648 -2147483648 -2147483648 -2147483648 -2147483648 -2147483648 -2147483648 -2147483648 -2147483648 -2147483648 -2147483648 -2147483648 -2147483648 -2147483648 -2147483648 -2147483648 -2147483648 -2147483648 -11 12 -2147483648 -2147483648 -2147483648 -2147483648 -2147483648 -2147483648 -20 -24 16 -17 -2147483648 -2147483648 -2147483648 -2147483648 -2147483648 -2147483648 -2147483648 -2147483648 -2147483648 -2147483648 -2147483648 -2147483648 -2147483648 -2147483648 -2147483648 -2147483648 -2147483648 -2147483648 -2147483648 -2147483648 -2147483648 -2147483648 -2147483648 -2147483648 -2147483648 -2147483648 -2147483648 -2147483648 -2147483648 -2147483648 -2147483648 -2147483648 -2147483648 -2147483648 -2147483648 -2147483648 -2147483648 -2147483648 -2147483648 -2147483648 -2147483648 -2147483648 -2147483648 -2147483648 -2147483648 -2147483648 -2147483648 -2147483648 -2147483648 -2147483648 -2147483648 -2147483648 -2147483648 -2147483648 -2147483648 -2147483648 -2147483648 -2147483648 -2147483648 -2147483648 -2147483648 -2147483648 -2147483648 -2147483648 -2147483648 -2147483648 -2147483648 -2147483648 -2147483648 -2147483648 -2147483648 -2147483648 -13 -14 -2147483648 -2147483648 -2147483648 -2147483648 -2147483648 -2147483648 -2147483648 -2147483648 -2147483648 -2147483648 -2147483648 -2147483648 -2147483648 -2147483648 -2147483648 -2147483648 -9 -18 -2147483648 -2147483648 -2147483648 -2147483648 -2147483648 -2147483648 -2147483648 -2147483648 -2147483648 -2147483648 -2147483648 -2147483648 -2147483648 -2147483648 -2147483648 -2147483648 -2147483648 -2147483648 -2147483648 -2147483648 -2147483648 -2147483648 -2147483648 -2147483648 -2147483648 -2147483648 -2147483648 -2147483648 -2147483648 -2147483648 -2147483648 -2147483648 -2147483648 -2147483648 -2147483648 -2147483648 -2147483648 -2147483648 -2147483648 -2147483648 -2147483648 -2147483648 -2147483648 -2147483648 -2147483648 -2147483648 -2147483648 -2147483648 -2147483648 -2147483648 -2147483648 -2147483648 -2147483648 -2147483648 -2147483648 -2147483648 -2147483648 -2147483648 -2147483648 -2147483648 -2147483648 -2147483648 -2147483648 -2147483648 -2147483648 -2147483648 -2147483648 -2147483648 -2147483648 -2147483648
split_feature= 1 1 1 6 7 3 6 1 1 8 2 2 1 1 6 7 8 6 3 2 6 6 2
split_gain= 3698.48 941.27 594.781 563.861 154.15 141.137 139.898 122.301 117.908 117.599 50.274 48.2769 50.6777 41.848 30.2367 23.0181 20.3318 18.1695 17.5359 12.052 17.986 4.43975 1.88793
threshold= 5.1326000000000009 2.7820000000000005 6.3963500000000009 2.4136952392348086 37.995000000000012 3.8792159595040387 2.735488224282792 3.8346500000000003 7.852450000000001 -122.35499999999998 26.500000000000004 19.500000000000004 3.8769000000000005 2.2210000000000005 3.016322398451238 37.875000000000007 -122.21499999999999 2.8941056667066012 4.8809487864875196 16.500000000000004 2.1628386478062818 2.2982753493904258 44.500000000000007
decision_type= 2 2 2 2 2 2 2 2 2 2 2 2 2 2 2 2 2 2 2 2 2 2 2
left_child=1 5 6 4 9 17 19 18 10 -3 -4 -11 -13 -7 15 16 -9 -1 -5 -2 -21 -15 -20
right_child=2 3 8 7 -6 13 -8 14 -10 11 -12 12 -14 21 -16 -17 -18 -19 22 20 -22 -23 -24
leaf_value= -0.0038986325142142397 0.04488049846519631 0.13594831775331723 0.090403503144720412 -0.017659671613982263 -0.034726251057792472 -0.084090781563939426 0.031748340992421964 0.093544746395722744 0.18402133289516609 0.0077454064947603905 0.15854686224021208 0.038373120856680563 0.095769339915544802 -0.023664662304695949 -0.018321548289664116 -0.025273891027253068 0.016085973657094361 -0.044519499687495835 -0.049700500216399622 0.17161860990204983 0.092984347864076639 -0.062314852779534746 0.0015644529013282803
leaf_weight=580 163 213 491 1239 271 1893 1115 107 609 451 312 739 426 358 1317 339 1151 833 1695 112 497 1432 169
leaf_count=580 163 213 491 1239 271 1893 1115 107 609 451 312 739 426 358 1317 339 1151 833 1695 112 497 1432 169
model_size=2608
internal_value=0 -0.02377 0.0952025 -0.00219743 0.0439023 -0.0581312 0.0573129 -0.0182867 0.145838 0.0555526 0.11688 0.0449558 0.0593609 -0.0697504 -0.00143208 0.0124962 0.0226743 -0.0278457 -0.0341148 0.0942358 0.107446 -0.0545848 -0.0450526
internal_weight=0 13213 3299 8117 2100 5096 1887 6017 1412 1829 803 1616 1165 3683 2914 1597 1258 1413 3103 772 609 1790 1864
internal_count=16512 13213 3299 8117 2100 5096 1887 6017 1412 1829 803 1616 1165 3683 2914 1597 1258 1413 3103 772 609 1790 1864
is_linear=0
shrinkage=0.1


Tree=4
num_leaves= 26
num_cat= 0
full_tree_array_lgbids= 0 1 3 4 2 5 -5 13 6 11 10 21 -7 -2147483648 -2147483648 14 -15 7 8 -3 12 20 18 -2 24 -2147483648 -2147483648 -2147483648 -2147483648 -2147483648 -2147483648 16 -16 -2147483648 -2147483648 15 -9 9 -10 -2147483648 -2147483648 -13 19 -4 -22 -12 22 -2147483648 -2147483648 -23 -26 -2147483648 -2147483648 -2147483648 -2147483648 -2147483648 -2147483648 -2147483648 -2147483648 -2147483648 -2147483648 -2147483648 -2147483648 -1 -18 -2147483648 -2147483648 -2147483648 -2147483648 -2147483648 -2147483648 -6 -17 -2147483648 -2147483648 17 -11 -2147483648 -2147483648 -2147483648 -2147483648 -2147483648 -2147483648 -2147483648 -2147483648 -14 -21 -2147483648 -2147483648 -2147483648 -2147483648 -2147483648 -2147483648 23 -24 -2147483648 -2147483648 -2147483648 -2147483648 -2147483648 -2147483648 -2147483648 -2147483648 -2147483648 -2147483648 -2147483648 -2147483648 -2147483648 -2147483648 -2147483648 -2147483648 -2147483648 -2147483648 -2147483648 -2147483648 -2147483648 -2147483648 -2147483648 -2147483648 -2147483648 -2147483648 -2147483648 -2147483648 -2147483648 -2147483648 -2147483648 -2147483648 -2147483648 -2147483648 -2147483648 -2147483648 -2147483648 -2147483648 -2147483648 -2147483648 -2147483648 -2147483648 -2147483648 -2147483648 -2147483648 -2147483648 -2147483648 -2147483648 -2147483648 -2147483648 -2147483648 -2147483648 -2147483648 -2147483648 -2147483648 -2147483648 -8 -19 -2147483648 -2147483648 -2147483648 -2147483648 -2147483648 -2147483648 -2147483648 -2147483648 -2147483648 -2147483648 -2147483648 -2147483648 -2147483648 -2147483648 -2147483648 -2147483648 -2147483648 -2147483648 -2147483648 -2147483648 -2147483648 -2147483648 -2147483648 -2147483648 -2147483648 -2147483648 -2147483648 -2147483648 -2147483648 -2147483648 -2147483648 -2147483648 -2147483648 -2147483648 -20 -25 -2147483648 -2147483648 -2147483648 -2147483648 -2147483648 -2147483648 -2147483648 -2147483648 -2147483648 -2147483648 -2147483648 -2147483648 -2147483648 -2147483648 -2147483648 -2147483648 -2147483648 -2147483648 -2147483648 -2147483648 -2147483648 -2147483648 -2147483648 -2147483648 -2147483648 -2147483648 -2147483648 -2147483648 -2147483648 -2147483648 -2147483648 -2147483648 -2147483648 -2147483648 -2147483648 -2147483648 -2147483648 -2147483648 -2147483648 -2147483648 -2147483648 -2147483648 -2147483648 -2147483648 -2147483648 -2147483648 -2147483648 -2147483648 -2147483648 -2147483648 -2147483648 -2147483648 -2147483648 -2147483648 -2147483648 -2147483648 -2147483648 -2147483648 -2147483648 -2147483648 -2147483648 -2147483648 -2147483648 -2147483648 -2147483648 -2147483648
split_feature= 1 1 6 1 6 6 7 8 8 7 1 2 6 7 8 6 8 8 2 7 2 2 8 7 4
split_gain= 3021.77 961.222 414.653 278.929 217.252 101.695 97.8847 95.0551 82.0581 86.8303 77.7894 77.6509 81.2269 68.6759 55.0107 50.3949 31.217 27.2782 20.5565 20.3487 15.6549 15.2341 5.55381 0.333032 0.0280045
threshold= 5.6042500000000013 3.4883000000000002 2.4136952392348086 7.7055000000000016 2.2352443515477258 3.0089663118548242 34.455000000000005 -117.77499999999999 -121.63499999999998 37.895000000000003 4.5301500000000017 20.500000000000004 1.9628175980828908 37.935000000000009 -117.145 3.4287187039764357 -122.33499999999999 -122.31499999999998 16.500000000000004 37.935000000000009 42.500000000000007 21.500000000000004 -117.65499999999999 37.915000000000006 1.0435797675926601
decision_type= 2 2 2 2 2 2 2 2 2 2 2 2 2 2 2 2 2 2 2 2 2 2 2 2 2
left_child=1 4 11 5 13 21 7 15 9 17 20 -3 -13 14 16 -6 -1 -8 -12 -14 -4 -2 23 -20 -23
right_child=3 2 10 -5 6 -7 8 -9 -10 -11 18 12 19 -15 -16 -17 -18 -19 22 -21 -22 24 -24 -25 -26
leaf_value= 0.11674656527796508 0.071278985212715765 0.019028501416868574 -0.020775518618203634 0.16279530398936859 0.00042428094399151828 0.044766950964976467 0.05572900123004907 -0.064441792359009764 -0.079473980222154433 -0.069078610691139547 -0.012592894979410874 0.14266298745770425 0.072953899812033943 -0.052782206169978522 -0.06059693666948654 -0.040211192802593693 0.015083002854969458 -0.024419399202997356 0.039844677704842638 -0.0071983764392383603 0.022399546726930123 0.10329490802641959 -0.029333567405192874 -0.014184109210290423 0.15305947784334423
leaf_weight=74 352 438 2425 670 1044 649 133 1041 1989 705 511 241 641 343 158 1136 913 475 1110 109 337 500 127 156 235
leaf_count=74 352 438 2425 670 1044 649 133 1041 1989 705 511 241 641 343 158 1136 913 475 1110 109 337 500 127 156 235
model_size=2832
internal_value=0 -0.017782 0.012751 0.104253 -0.0410125 0.0816592 -0.0495604 -0.0348714 -0.063889 -0.04028 -0.00235265 0.0620679 0.0810904 -0.00354072 0.0112102 -0.0207509 0.0227052 -0.00688694 0.0167303 0.0613051 -0.0155076 0.103686 0.0274871 0.0331871 0.119206
internal_weight=0 14106 6095 2406 8011 1736 6523 3221 3302 1313 4666 1429 991 1488 1145 2180 987 608 1904 750 2762 1087 1393 1266 735
internal_count=16512 14106 6095 2406 8011 1736 6523 3221 3302 1313 4666 1429 991 1488 1145 2180 987 608 1904 750 2762 1087 1393 1266 735
is_linear=0
shrinkage=0.1


end of trees

feature_importances:
Column_1=37
Column_6=32
Column_8=30
Column_2=26
Column_7=25
Column_3=6
Column_4=1

parameters:
[boosting: gbdt]
[objective: regression]
[metric: rmse]
[tree_learner: serial]
[device_type: cpu]
[data_sample_strategy: bagging]
[data: data/california_housing.libsvm.train]
[valid: data/california_housing.libsvm.test]
[num_iterations: 5]
[learning_rate: 0.1]
[num_leaves: 255]
[num_threads: 0]
[seed: 42]
[deterministic: 0]
[force_col_wise: 0]
[force_row_wise: 0]
[histogram_pool_size: -1]
[max_depth: 7]
[min_data_in_leaf: 10]
[min_sum_hessian_in_leaf: 0.001]
[bagging_fraction: 1]
[pos_bagging_fraction: 1]
[neg_bagging_fraction: 1]
[bagging_freq: 0]
[bagging_seed: 400]
[feature_fraction: 1]
[feature_fraction_bynode: 1]
[feature_fraction_seed: 30056]
[extra_trees: 0]
[extra_seed: 12879]
[early_stopping_round: 0]
[early_stopping_min_delta: 0]
[first_metric_only: 0]
[max_delta_step: 0]
[lambda_l1: 0]
[lambda_l2: 0]
[linear_lambda: 0]
[min_gain_to_split: 0]
[drop_rate: 0.1]
[max_drop: 50]
[skip_drop: 0.5]
[xgboost_dart_mode: 0]
[uniform_drop: 0]
[drop_seed: 17869]
[top_rate: 0.2]
[other_rate: 0.1]
[min_data_per_group: 100]
[max_cat_threshold: 32]
[cat_l2: 10]
[cat_smooth: 10]
[max_cat_to_onehot: 4]
[top_k: 20]
[monotone_constraints: ]
[monotone_constraints_method: basic]
[monotone_penalty: 0]
[feature_contri: ]
[forcedsplits_filename: ]
[refit_decay_rate: 0.9]
[tinygbdt_penalty_feature: 4]
[tinygbdt_penalty_split: 0.03125]
[tinygbdt_forestsize: 64000]
[tinygbdt_precision: 7]
[cegb_tradeoff: 1]
[cegb_penalty_split: 0]
[cegb_penalty_feature_lazy: ]
[cegb_penalty_feature_coupled: ]
[path_smooth: 0]
[interaction_constraints: ]
[verbosity: 2]
[saved_feature_importance_type: 0]
[use_quantized_grad: 0]
[num_grad_quant_bins: 4]
[quant_train_renew_leaf: 0]
[stochastic_rounding: 1]
[linear_tree: 0]
[max_bin: 255]
[max_bin_by_feature: ]
[min_data_in_bin: 3]
[bin_construct_sample_cnt: 200000]
[data_random_seed: 175]
[is_enable_sparse: 1]
[enable_bundle: 1]
[use_missing: 1]
[zero_as_missing: 0]
[feature_pre_filter: 1]
[pre_partition: 0]
[two_round: 0]
[header: 0]
[label_column: ]
[weight_column: ]
[group_column: ]
[ignore_column: ]
[categorical_feature: ]
[forcedbins_filename: ]
[precise_float_parser: 0]
[parser_config_file: ]
[objective_seed: 16083]
[num_class: 1]
[is_unbalance: 0]
[scale_pos_weight: 1]
[sigmoid: 1]
[boost_from_average: 1]
[reg_sqrt: 0]
[alpha: 0.9]
[fair_c: 1]
[poisson_max_delta_step: 0.7]
[tweedie_variance_power: 1.5]
[lambdarank_truncation_level: 30]
[lambdarank_norm: 1]
[label_gain: ]
[lambdarank_position_bias_regularization: 0]
[eval_at: ]
[multi_error_top_k: 1]
[auc_mu_weights: ]
[num_machines: 1]
[local_listen_port: 12400]
[time_out: 120]
[machine_list_filename: ]
[machines: ]
[gpu_platform_id: -1]
[gpu_device_id: -1]
[gpu_use_dp: 0]
[num_gpu: 1]

end of parameters
