tree
version=v4
num_class=1
num_tree_per_iteration=1
label_index=0
max_feature_idx=8
objective=regression
feature_names=Column_0 Column_1 Column_2 Column_3 Column_4 Column_5 Column_6 Column_7 Column_8
feature_infos=none [0.49990000000000001:15.0001] [1:52] [0.88888888888888884:141.90909090909091] [0.33333333333333331:25.63636363636364] [3:35682] [0.69230769230769229:1243.333333333333] [32.549999999999997:41.950000000000003] [-124.34999999999999:-114.31]
tree_sizes=2689 1917 1708 1058 985 788 721 724 722 493 924 493 666 375 378 377 495 663

Tree=0
num_leaves= 27
num_cat= 0
full_tree_array_lgbids= 0 1 2 5 3 4 10 9 11 6 7 13 12 19 23 15 14 24 20 22 8 17 16 -2 18 25 21 -4 -21 -12 -25 -1 -17 -11 -16 -7 -26 -13 -22 -3 -24 -8 -10 -5 -19 -9 -18 -2147483648 -2147483648 -15 -20 -6 -27 -14 -23 -2147483648 -2147483648 -2147483648 -2147483648 -2147483648 -2147483648 -2147483648 -2147483648
split_feature= 1 1 1 6 6 3 2 1 7 1 1 1 1 2 6 3 6 2 6 2 6 2 1 1 7 6
split_gain= 6984.71 1680.21 1287.18 969.385 422.531 311.448 223.12 202.044 170.472 166.27 147.326 122.189 108.131 94.9418 90.049 88.5762 86.7516 66.6441 64.7549 48.6219 40.3056 15.0464 14.2729 8.80487 6.73765 1.99218
threshold= 5.0387000000000013 3.0679500000000002 6.8672000000000013 2.3489548886254448 2.671038674349933 4.3101408005062494 24.500000000000004 4.0775500000000013 37.815000000000005 2.2210000000000005 7.852450000000001 2.4115000000000006 5.7307500000000013 19.500000000000004 2.4907552973342448 3.449226804123712 2.9005380231986346 43.500000000000007 2.0653737590585881 26.500000000000004 2.2906328481453726 27.500000000000004 3.5330000000000008 8.7395500000000013 35.335000000000008 2.9742256672023202
decision_type= 2 2 2 2 2 2 2 2 2 2 2 2 2 2 2 2 2 2 2 2 2 2 2 2 2 2
left_child=1 5 4 6 13 9 22 17 -8 15 19 24 25 -2 -11 -1 -9 -5 -15 -4 -13 -14 -3 -12 -7 -6
right_child=2 3 10 7 12 11 8 16 -10 14 23 20 21 18 -16 -17 -18 -19 -20 -21 -22 -23 -24 -25 -26 -27
leaf_value= 2.0405687631288161 2.1558599736411375 2.0619325518895399 2.2105021416414852 2.0293758741925956 2.1246833370498446 1.9807571227445304 2.1984147209355398 2.1002101309481218 2.0795283240852767 2.0970408790997888 2.2934723094715035 2.043693994763716 2.1410397950488846 2.3293276008777508 2.0327038778370752 1.9814897297846104 2.055796547371648 2.080533949453383 2.2183144165789459 2.2958198799055269 1.9920349409095919 2.1974100577568745 2.1119780300641722 2.3422574193033054 1.9518240180001829 2.0841198818403921
leaf_weight=503 248 198 263 2717 312 636 733 1016 163 430 244 309 586 91 767 899 1158 377 572 168 1491 187 369 365 1194 516
leaf_count=503 248 198 263 2717 312 636 733 1016 163 430 244 309 586 91 767 899 1158 377 572 168 1491 187 369 365 1194 516
model_size=2944
internal_value=2.07195 2.03789 2.19622 2.07259 2.15739 2.00039 2.1449 2.05251 2.17679 2.02716 2.28999 1.98123 2.12609 2.2124 2.05582 2.00269 2.07655 2.03561 2.23355 2.24376 2.0009 2.15468 2.0945 2.32271 1.96188 2.0994
internal_weight=0 12960 3552 6731 2512 6229 1463 5268 896 2599 1040 3630 1601 911 1197 1402 2174 3094 663 431 1800 773 567 609 1830 828
internal_count=16512 12960 3552 6731 2512 6229 1463 5268 896 2599 1040 3630 1601 911 1197 1402 2174 3094 663 431 1800 773 567 609 1830 828
is_linear=0
shrinkage=1


Tree=1
num_leaves= 14
num_cat= 0
full_tree_array_lgbids= 0 1 2 5 3 4 12 -1 6 7 8 -2 -6 -4 -14 -2147483648 -2147483648 9 10 -3 11 -5 -10 -2147483648 -2147483648 -2147483648 -2147483648 -2147483648 -2147483648 -2147483648 -2147483648 -2147483648 -2147483648 -2147483648 -2147483648 -7 -11 -8 -12 -2147483648 -2147483648 -9 -13 -2147483648 -2147483648 -2147483648 -2147483648 -2147483648 -2147483648 -2147483648 -2147483648 -2147483648 -2147483648 -2147483648 -2147483648 -2147483648 -2147483648 -2147483648 -2147483648 -2147483648 -2147483648 -2147483648 -2147483648
split_feature= 1 1 1 6 6 6 7 2 1 8 8 6 1
split_gain= 5554.62 1352.37 836.403 720.739 212.124 199.351 107.368 107.228 59.537 59.1963 20.963 18.8216 13.8908
threshold= 5.1326000000000009 3.1792500000000001 6.8672000000000013 2.2982753493904258 2.6585924622132828 2.1628386478062818 34.455000000000005 19.500000000000004 4.1119000000000012 -117.77499999999999 -121.63499999999998 1.9628175980828908 8.4454500000000028
decision_type= 2 2 2 2 2 2 2 2 2 2 2 2 2
left_child=1 5 4 7 -2 -1 9 -3 -5 -7 -8 -9 -4
right_child=2 3 12 8 -6 6 10 11 -10 -11 -12 -13 -14
leaf_value= -0.010994847526578097 0.13326096579542918 0.013255709789693357 0.16703049837374995 -0.028688351000306912 0.05329926337731266 -0.032418481581660212 -0.062115720910071164 0.16254536505971776 0.0081718917872432972 -0.086464694131891839 -0.10739158312721281 0.077517444901220187 0.23833999359814073
leaf_weight=1035 778 350 614 2900 1481 1871 1128 305 2330 928 1827 539 426
leaf_count=1035 778 350 614 2900 1481 1871 1128 305 2330 928 1827 539 426
model_size=1488
internal_value=0 -0.0292668 0.117218 0.00495673 0.0808381 -0.0616504 -0.0707621 0.0804001 -0.0122669 -0.0503373 -0.0901086 0.108244 0.19624
internal_weight=0 13213 3299 6424 2259 6789 5754 1194 5230 2799 2955 844 1040
internal_count=16512 13213 3299 6424 2259 6789 5754 1194 5230 2799 2955 844 1040
is_linear=0
shrinkage=0.1


Tree=2
num_leaves= 11
num_cat= 0
full_tree_array_lgbids= 0 1 3 4 2 7 -5 -1 9 6 5 -2 -9 -2147483648 -2147483648 -2147483648 -2147483648 -6 -11 -3 8 -4 -7 -2147483648 -2147483648 -2147483648 -2147483648 -2147483648 -2147483648 -2147483648 -2147483648 -2147483648 -2147483648 -2147483648 -2147483648 -2147483648 -2147483648 -2147483648 -2147483648 -2147483648 -2147483648 -8 -10 -2147483648 -2147483648 -2147483648 -2147483648 -2147483648 -2147483648 -2147483648 -2147483648 -2147483648 -2147483648 -2147483648 -2147483648 -2147483648 -2147483648 -2147483648 -2147483648 -2147483648 -2147483648 -2147483648 -2147483648
split_feature= 1 1 6 1 6 1 2 6 7 7
split_gain= 4481.4 1316.63 600.272 318.639 93.5966 59.1134 49.7764 28.7428 18.9206 17.6683
threshold= 5.6042500000000013 3.1913000000000005 2.4136952392348086 7.7055000000000016 2.1628386478062818 4.5301500000000017 20.500000000000004 2.6529733204757315 37.995000000000012 34.455000000000005
decision_type= 2 2 2 2 2 2 2 2 2 2
left_child=1 4 6 7 -1 -4 -3 -2 -8 -6
right_child=3 2 5 -5 9 -7 8 -9 -10 -11
leaf_value= -0.0094139820941113433 0.14881962712985908 0.013761389107061567 -0.023639414823856002 0.20031919768754283 -0.045060907291049342 0.018919986011129951 0.10225835532083563 0.0771008737750081 -0.034124483672522868 -0.080819850310473298
leaf_weight=1042 569 536 3579 670 2830 1904 1120 1167 113 2982
leaf_count=1042 569 536 3579 670 2830 1904 1120 1167 113 2982
model_size=1152
internal_value=0 -0.0218963 0.00957909 0.128374 -0.0551994 -0.00886044 0.0667323 0.100608 0.0897594 -0.063408
internal_weight=0 14106 7252 2406 6854 5483 1769 1736 1233 5812
internal_count=16512 14106 7252 2406 6854 5483 1769 1736 1233 5812
is_linear=0
shrinkage=0.1


Tree=3
num_leaves= 7
num_cat= 0
full_tree_array_lgbids= 0 1 3 5 2 -2 -5 -1 -7 -3 4 -2147483648 -2147483648 -2147483648 -2147483648 -2147483648 -2147483648 -2147483648 -2147483648 -2147483648 -2147483648 -4 -6 -2147483648 -2147483648 -2147483648 -2147483648 -2147483648 -2147483648 -2147483648 -2147483648
split_feature= 1 1 6 1 1 3
split_gain= 3567.21 883.171 460.858 358.859 16.4674 6.10596
threshold= 5.2771000000000017 2.7820000000000005 2.2634687595142249 6.3963500000000009 4.0612500000000002 3.8792159595040387
decision_type= 2 2 2 2 2 2
left_child=1 5 -3 -2 -4 -1
right_child=3 2 4 -5 -6 -7
leaf_value= -0.026196445126194567 0.060660438006336227 0.060216749403058295 -0.028067504576195008 0.14735106807828699 0.0082280752331769774 -0.071338885238988001
leaf_weight=1413 1571 1485 4138 1412 2810 3683
leaf_count=1413 1571 1485 4138 1412 2810 3683
model_size=704
internal_value=0 -0.0224227 -0.000426962 0.101695 -0.0133884 -0.058822
internal_weight=0 13529 8433 2983 6948 5096
internal_count=16512 13529 8433 2983 6948 5096
is_linear=0
shrinkage=0.1


Tree=4
num_leaves= 6
num_cat= 0
full_tree_array_lgbids= 0 1 2 -1 3 -2 -4 -2147483648 -2147483648 4 -5 -2147483648 -2147483648 -2147483648 -2147483648 -2147483648 -2147483648 -2147483648 -2147483648 -3 -6 -2147483648 -2147483648 -2147483648 -2147483648 -2147483648 -2147483648 -2147483648 -2147483648 -2147483648 -2147483648
split_feature= 1 1 1 6 7
split_gain= 2846.22 550.363 370.165 283.28 11.9561
threshold= 5.0387000000000013 2.7820000000000005 6.3350000000000009 2.4469862317432325 37.935000000000009
decision_type= 2 2 2 2 2
left_child=1 -1 -2 4 -3
right_child=2 3 -4 -5 -6
leaf_value= -0.052939760637385196 0.047920148729827257 0.052515356573321487 0.13092790159060061 -0.018761266674982235 -0.035945737158307685
leaf_weight=5096 2078 1839 1474 5657 368
leaf_count=5096 2078 1839 1474 5657 368
model_size=592
internal_value=0 -0.0225745 0.0823665 -0.00289735 0.0377652
internal_weight=0 12960 3552 7864 2207
internal_count=16512 12960 3552 7864 2207
is_linear=0
shrinkage=0.1


Tree=5
num_leaves= 6
num_cat= 0
full_tree_array_lgbids= 0 2 1 -1 3 4 -3 -2147483648 -2147483648 -4 -5 -2 -6 -2147483648 -2147483648
split_feature= 1 1 1 6 6
split_gain= 2284.32 439.048 250.985 184.467 70.2406
threshold= 4.5301500000000017 6.3350000000000009 2.5205000000000006 2.0653737590585881 2.735488224282792
decision_type= 2 2 2 2 2
left_child=2 4 -1 -4 -2
right_child=1 -3 3 -5 -6
leaf_value= -0.053943128669034383 0.073225283004760985 0.11783511137762806 0.0540017324670128 -0.018956959001393187 0.010624757018005058
leaf_weight=3911 1343 1474 911 6914 1959
leaf_count=3911 1343 1474 911 6914 1959
model_size=592
internal_value=0 0.0613158 -0.0249527 -0.010463 0.0360858
internal_weight=0 4776 11736 7825 3302
internal_count=16512 4776 11736 7825 3302
is_linear=0
shrinkage=0.1


Tree=6
num_leaves= 5
num_cat= 0
full_tree_array_lgbids= 0 1 3 -1 2 -2 -5 -2147483648 -2147483648 -3 -4 -2147483648 -2147483648 -2147483648 -2147483648
split_feature= 1 1 6 1
split_gain= 1821.53 493.37 142.921 20.3317
threshold= 5.6042500000000013 3.5488500000000003 2.6829812717770039 7.852450000000001
decision_type= 2 2 2 2
left_child=1 -1 -3 -2
right_child=3 2 -4 -5
leaf_value= -0.034044296705512248 0.066128263172854404 0.04426791103209278 -0.0091347415575441775 0.14435341973316493
leaf_weight=8270 1797 2399 3437 609
leaf_count=8270 1797 2399 3437 609
model_size=480
internal_value=0 -0.0146564 0.0128174 0.0859284
internal_weight=0 14106 5836 2406
internal_count=16512 14106 5836 2406
is_linear=0
shrinkage=0.1


Tree=7
num_leaves= 5
num_cat= 0
full_tree_array_lgbids= 0 2 1 -1 -4 3 -3 -2147483648 -2147483648 -2147483648 -2147483648 -2 -5 -2147483648 -2147483648
split_feature= 1 1 6 6
split_gain= 1432.46 293.496 53.0462 35.6555
threshold= 4.125700000000001 6.2770500000000009 2.0376051459673437 2.5288691539219195
decision_type= 2 2 2 2
left_child=2 3 -1 -2
right_child=1 -3 -4 -5
leaf_value= 0.025688310726565741 0.067330695511375716 0.094955619041638795 -0.030500279244582609 0.008191293838024848
leaf_weight=1165 1230 1536 9347 3234
leaf_count=1165 1230 1536 9347 3234
model_size=480
internal_value=0 0.0425265 -0.0242731 0.0244864
internal_weight=0 6000 10512 4464
internal_count=16512 6000 10512 4464
is_linear=0
shrinkage=0.1


Tree=8
num_leaves= 5
num_cat= 0
full_tree_array_lgbids= 0 2 1 -1 3 -2 -3 -2147483648 -2147483648 -4 -5 -2147483648 -2147483648 -2147483648 -2147483648
split_feature= 1 1 1 6
split_gain= 1114.3 91.6763 75.5297 3.99631
threshold= 4.6754000000000007 7.3930000000000016 2.5894500000000007 2.2982753493904258
decision_type= 2 2 2 2
left_child=2 -2 -1 -4
right_child=1 -3 3 -5
leaf_value= -0.041249326362288195 0.034623494954282623 0.11148842593879893 0.033517241539569413 -0.014690574589253588
leaf_weight=4244 3586 793 1626 6263
leaf_count=4244 3586 793 1626 6263
model_size=480
internal_value=0 0.0485431 -0.01752 -0.00475447
internal_weight=0 4379 12133 7889
internal_count=16512 4379 12133 7889
is_linear=0
shrinkage=0.1


Tree=9
num_leaves= 3
num_cat= 0
full_tree_array_lgbids= 0 1 -2 -1 -3 -2147483648 -2147483648
split_feature= 1 1
split_gain= 865.771 174.401
threshold= 5.8308000000000009 3.5488500000000003
decision_type= 2 2
left_child=1 -1
right_child=-2 -3
leaf_value= -0.025923367188920923 0.069901384862861085 0.011062580582872246
leaf_weight=8270 2094 6148
leaf_count=8270 2094 6148
model_size=256
internal_value=0 -0.0101521
internal_weight=0 14418
internal_count=16512 14418
is_linear=0
shrinkage=0.1


Tree=10
num_leaves= 5
num_cat= 0
full_tree_array_lgbids= 0 1 -2 2 -3 -2147483648 -2147483648 -1 3 -2147483648 -2147483648 -2147483648 -2147483648 -2147483648 -2147483648 -2147483648 -2147483648 -4 -5 -2147483648 -2147483648 -2147483648 -2147483648 -2147483648 -2147483648 -2147483648 -2147483648 -2147483648 -2147483648 -2147483648 -2147483648
split_feature= 1 7 8 6
split_gain= 643.397 107.806 373.725 90.0864
threshold= 5.3736000000000006 37.925000000000004 -122.31499999999998 2.8751854599406532
decision_type= 2 2 2 2
left_child=1 2 -1 -4
right_child=-2 -3 3 -5
leaf_value= 0.10562255938400363 0.05336689911238908 -0.046786213115066345 0.012078491833026079 -0.027444296845841577
leaf_weight=564 2793 2650 5153 5352
leaf_count=564 2793 2650 5153 5352
model_size=480
internal_value=0 -0.0108648 -0.00226491 -0.00805725
internal_weight=0 13719 11069 10505
internal_count=16512 13719 11069 10505
is_linear=0
shrinkage=0.1


Tree=11
num_leaves= 3
num_cat= 0
full_tree_array_lgbids= 0 -1 1 -2147483648 -2147483648 -2 -3
split_feature= 1 6
split_gain= 506.046 20.1697
threshold= 3.8346500000000003 2.9742256672023202
decision_type= 2 2
left_child=-1 -2
right_child=1 -3
leaf_value= -0.019465567773200979 0.043785083288163391 -0.0022582458638291101
leaf_weight=9454 4343 2715
leaf_count=9454 4343 2715
model_size=256
internal_value=0 0.0260736
internal_weight=0 7058
internal_count=16512 7058
is_linear=0
shrinkage=0.1


Tree=12
num_leaves= 4
num_cat= 0
full_tree_array_lgbids= 0 1 -2 2 -3 -2147483648 -2147483648 -1 -4 -2147483648 -2147483648 -2147483648 -2147483648 -2147483648 -2147483648
split_feature= 1 7 8
split_gain= 384.422 30.0731 221.639
threshold= 5.8308000000000009 37.925000000000004 -122.31499999999998
decision_type= 2 2 2
left_child=1 2 -1
right_child=-2 -3 -4
leaf_value= 0.094924123473591943 0.054961701168161618 -0.04110217249075352 -0.0052840712569255368
leaf_weight=589 2094 2734 11095
leaf_count=589 2094 2734 11095
model_size=368
internal_value=0 -0.00798237 -0.000232494
internal_weight=0 14418 11684
internal_count=16512 14418 11684
is_linear=0
shrinkage=0.1


Tree=13
num_leaves= 2
num_cat= 0
full_tree_array_lgbids= 0 -1 -2
split_feature= 1
split_gain= 260.735
threshold= 3.6530500000000008
decision_type= 2
left_child=-1
right_child=-2
leaf_value= -0.018128117666837081 0.020336477624941059
leaf_weight=8730 7782
leaf_count=8730 7782
model_size=144
internal_value=0
internal_weight=0
internal_count=16512
is_linear=0
shrinkage=0.1


Tree=14
num_leaves= 2
num_cat= 0
full_tree_array_lgbids= 0 -1 -2
split_feature= 1
split_gain= 185.526
threshold= 5.8308000000000009
decision_type= 2
left_child=-1
right_child=-2
leaf_value= -0.0068887753897818862 0.047431883289656182
leaf_weight=14418 2094
leaf_count=14418 2094
model_size=144
internal_value=0
internal_weight=0
internal_count=16512
is_linear=0
shrinkage=0.1


Tree=15
num_leaves= 2
num_cat= 0
full_tree_array_lgbids= 0 -1 -2
split_feature= 1
split_gain= 106.349
threshold= 4.5301500000000017
decision_type= 2
left_child=-1
right_child=-2
leaf_value= -0.010697806492552971 0.026287574661070501
leaf_weight=11736 4776
leaf_count=11736 4776
model_size=144
internal_value=0
internal_weight=0
internal_count=16512
is_linear=0
shrinkage=0.1


Tree=16
num_leaves= 3
num_cat= 0
full_tree_array_lgbids= 0 1 -2 -1 -3 -2147483648 -2147483648
split_feature= 1 6
split_gain= 50.9058 15.7919
threshold= 7.3930000000000016 2.5288691539219195
decision_type= 2 2
left_child=1 -1
right_child=-2 -3
leaf_value= 0.019210549652828233 0.070404675697806812 -0.014110509802900099
leaf_weight=4981 793 10738
leaf_count=4981 793 10738
model_size=256
internal_value=0 -0.00355181
internal_weight=0 15719
internal_count=16512 15719
is_linear=0
shrinkage=0.1


Tree=17
num_leaves= 4
num_cat= 0
full_tree_array_lgbids= 0 1 -2 2 -3 -2147483648 -2147483648 -1 -4 -2147483648 -2147483648 -2147483648 -2147483648 -2147483648 -2147483648
split_feature= 7 8 6
split_gain= 42.775 166.787 173.033
threshold= 37.925000000000004 -117.75499999999998 3.0298305221858191
decision_type= 2 2 2
left_child=1 2 -1
right_child=-2 -3 -4
leaf_value= 0.035909549170664828 -0.034300709820909957 -0.031906081742916773 -0.0095747101174977478
leaf_weight=6406 2882 2777 4447
leaf_count=6406 2882 2777 4447
model_size=368
internal_value=0 0.00725273 0.0172724
internal_weight=0 13630 10853
internal_count=16512 13630 10853
is_linear=0
shrinkage=0.1


end of trees

feature_importances:
Column_1=46
Column_6=26
Column_7=9
Column_2=7
Column_8=5
Column_3=3

parameters:
[boosting: gbdt]
[objective: regression]
[metric: rmse]
[tree_learner: serial]
[device_type: cpu]
[data_sample_strategy: bagging]
[data: data/california_housing.libsvm.train]
[valid: data/california_housing.libsvm.test]
[num_iterations: 40]
[learning_rate: 0.1]
[num_leaves: 255]
[num_threads: 0]
[seed: 42]
[deterministic: 0]
[force_col_wise: 0]
[force_row_wise: 0]
[histogram_pool_size: -1]
[max_depth: 5]
[min_data_in_leaf: 10]
[min_sum_hessian_in_leaf: 0.001]
[bagging_fraction: 1]
[pos_bagging_fraction: 1]
[neg_bagging_fraction: 1]
[bagging_freq: 0]
[bagging_seed: 400]
[feature_fraction: 1]
[feature_fraction_bynode: 1]
[feature_fraction_seed: 30056]
[extra_trees: 0]
[extra_seed: 12879]
[early_stopping_round: 0]
[early_stopping_min_delta: 0]
[first_metric_only: 0]
[max_delta_step: 0]
[lambda_l1: 0]
[lambda_l2: 0]
[linear_lambda: 0]
[min_gain_to_split: 0]
[drop_rate: 0.1]
[max_drop: 50]
[skip_drop: 0.5]
[xgboost_dart_mode: 0]
[uniform_drop: 0]
[drop_seed: 17869]
[top_rate: 0.2]
[other_rate: 0.1]
[min_data_per_group: 100]
[max_cat_threshold: 32]
[cat_l2: 10]
[cat_smooth: 10]
[max_cat_to_onehot: 4]
[top_k: 20]
[monotone_constraints: ]
[monotone_constraints_method: basic]
[monotone_penalty: 0]
[feature_contri: ]
[forcedsplits_filename: ]
[refit_decay_rate: 0.9]
[tinygbdt_penalty_feature: 0.5]
[tinygbdt_penalty_split: 2]
[tinygbdt_forestsize: 64000]
[tinygbdt_precision: 7]
[cegb_tradeoff: 1]
[cegb_penalty_split: 0]
[cegb_penalty_feature_lazy: ]
[cegb_penalty_feature_coupled: ]
[path_smooth: 0]
[interaction_constraints: ]
[verbosity: 2]
[saved_feature_importance_type: 0]
[use_quantized_grad: 0]
[num_grad_quant_bins: 4]
[quant_train_renew_leaf: 0]
[stochastic_rounding: 1]
[linear_tree: 0]
[max_bin: 255]
[max_bin_by_feature: ]
[min_data_in_bin: 3]
[bin_construct_sample_cnt: 200000]
[data_random_seed: 175]
[is_enable_sparse: 1]
[enable_bundle: 1]
[use_missing: 1]
[zero_as_missing: 0]
[feature_pre_filter: 1]
[pre_partition: 0]
[two_round: 0]
[header: 0]
[label_column: ]
[weight_column: ]
[group_column: ]
[ignore_column: ]
[categorical_feature: ]
[forcedbins_filename: ]
[precise_float_parser: 0]
[parser_config_file: ]
[objective_seed: 16083]
[num_class: 1]
[is_unbalance: 0]
[scale_pos_weight: 1]
[sigmoid: 1]
[boost_from_average: 1]
[reg_sqrt: 0]
[alpha: 0.9]
[fair_c: 1]
[poisson_max_delta_step: 0.7]
[tweedie_variance_power: 1.5]
[lambdarank_truncation_level: 30]
[lambdarank_norm: 1]
[label_gain: ]
[lambdarank_position_bias_regularization: 0]
[eval_at: ]
[multi_error_top_k: 1]
[auc_mu_weights: ]
[num_machines: 1]
[local_listen_port: 12400]
[time_out: 120]
[machine_list_filename: ]
[machines: ]
[gpu_platform_id: -1]
[gpu_device_id: -1]
[gpu_use_dp: 0]
[num_gpu: 1]

end of parameters
