tree
version=v4
num_class=1
num_tree_per_iteration=1
label_index=0
max_feature_idx=21
objective=binary sigmoid:1
feature_names=Column_0 Column_1 Column_2 Column_3 Column_4 Column_5 Column_6 Column_7 Column_8 Column_9 Column_10 Column_11 Column_12 Column_13 Column_14 Column_15 Column_16 Column_17 Column_18 Column_19 Column_20 Column_21
feature_infos=[0:5] [0:3] [0:9] [0:1] [0:8] [0:1] [0:1] [0:1] [0:11] [0:1] [0:4] [0:3] [0:3] [0:8] [0:8] none [0:3] [0:2] [0:4] [0:8] [0:5] [0:6]
tree_sizes=2152 2152 2143 2140 2143 2148 2050 1884 1881 1888

Tree=0
num_leaves= 14
num_cat= 0
full_tree_array_lgbids= 0 1 2 5 9 4 3 -1 -7 11 10 -2 -6 7 6 -2147483648 -2147483648 -2147483648 -2147483648 -3 -13 -11 -12 -2147483648 -2147483648 -2147483648 -2147483648 -4 12 8 -8 -2147483648 -2147483648 -2147483648 -2147483648 -2147483648 -2147483648 -2147483648 -2147483648 -2147483648 -2147483648 -2147483648 -2147483648 -2147483648 -2147483648 -2147483648 -2147483648 -2147483648 -2147483648 -2147483648 -2147483648 -2147483648 -2147483648 -2147483648 -2147483648 -2147483648 -2147483648 -9 -14 -5 -10 -2147483648 -2147483648
split_feature= 8 20 19 7 4 10 9 13 21 21 1 12 17
split_gain= 2189.6 1173.8 1116.31 758.088 243.016 203.657 150.381 118.702 82.1092 28.8211 32.5932 17.5989 16.1505
threshold= 3.5000000000000004 3.5000000000000004 1.5000000000000002 1.0000000180025095e-35 4.5000000000000009 1.0000000180025095e-35 1.0000000180025095e-35 1.5000000000000002 1.5000000000000002 4.5000000000000009 1.5000000000000002 1.0000000180025095e-35 1.5000000000000002
decision_type= 2 2 2 2 2 2 2 2 2 2 2 2 2
left_child=1 5 4 7 -2 -1 8 -4 -5 11 -11 -3 -9
right_child=2 9 3 6 -6 -7 -8 12 -10 10 -12 -13 -14
leaf_value= 0.13625295265526666 0.13625295265526666 -0.075779630963319758 0.13625295265526666 0.13625295265526666 -0.26425303862428545 -0.26425303862428545 -0.26425303862428545 -0.26425303862428545 -0.037299643565872592 -0.26425303862428551 0.1362529526552666 0.13625295265526666 -0.21434973619648184
leaf_weight=14.48168098926544 127.58860319852829 4.2446306347846976 7.7402088046073905 58.176408112049103 17.228206694126129 104.36797678470612 17.228206694126129 603.98597091436386 52.433672547340393 3.9949464797973615 4.4943147897720337 528.58135610818863 78.151140511035919
leaf_count=58 511 17 31 233 69 418 69 2419 210 16 18 2117 313
model_size=1488
internal_value=-0.0711178 0.0691485 -0.167321 -0.212646 0.0886066 -0.215452 0.0110948 -0.254106 0.053982 0.131635 -0.0522205 0.134564 -0.258536
internal_weight=0 660.165 962.532 817.716 144.817 118.85 127.838 689.877 110.61 541.315 8.48926 532.826 682.137
internal_count=6499 2644 3855 3275 580 476 512 2763 443 2168 34 2134 2732
is_linear=0
shrinkage=1


Tree=1
num_leaves= 14
num_cat= 0
full_tree_array_lgbids= 0 1 2 5 9 4 3 -1 -7 12 10 -2 -6 7 6 -2147483648 -2147483648 -2147483648 -2147483648 -3 -14 -11 -12 -2147483648 -2147483648 -2147483648 -2147483648 -4 11 8 -8 -2147483648 -2147483648 -2147483648 -2147483648 -2147483648 -2147483648 -2147483648 -2147483648 -2147483648 -2147483648 -2147483648 -2147483648 -2147483648 -2147483648 -2147483648 -2147483648 -2147483648 -2147483648 -2147483648 -2147483648 -2147483648 -2147483648 -2147483648 -2147483648 -2147483648 -2147483648 -9 -13 -5 -10 -2147483648 -2147483648
split_feature= 8 20 19 7 4 10 9 13 1 21 4 2 12
split_gain= 1786.74 952.449 912.97 623.535 195.651 165.121 120.607 95.538 70.5242 20.959 25.0385 13.1067 12.7253
threshold= 3.5000000000000004 3.5000000000000004 1.5000000000000002 1.0000000180025095e-35 4.5000000000000009 1.0000000180025095e-35 1.0000000180025095e-35 1.5000000000000002 1.0000000180025095e-35 4.5000000000000009 4.5000000000000009 1.0000000180025095e-35 1.0000000180025095e-35
decision_type= 2 2 2 2 2 2 2 2 2 2 2 2 2
left_child=1 5 4 7 -2 -1 8 -4 -5 12 -11 -9 -3
right_child=2 9 3 6 -6 -7 -8 11 -10 10 -12 -13 -14
leaf_value= 0.18726217829300001 0.18726217829300001 -0.0041963809298885936 0.18726217829300001 -0.0063099339957545537 -0.17677793099633521 -0.17677793099633521 -0.17677793099633521 -0.033574901671692629 0.16833112306567927 0.18726217829300007 -0.17677793099633518 -0.17311844735227278 0.18726217829300001
leaf_weight=14.432910382747648 127.15891733765602 4.2439043670892707 7.7141417562961569 35.162857502698898 16.952329516410828 102.69672083854675 16.952329516410828 8.1559575051069242 75.299371302127838 4.4791790843009931 3.9309749603271484 663.51634049415588 526.80122897028923
leaf_count=58 511 17 31 141 69 418 69 33 302 18 16 2699 2117
model_size=1488
internal_value=0 0.126905 -0.0877309 -0.129201 0.144439 -0.13192 0.0742188 -0.167351 0.112739 0.183103 0.0171068 -0.171424 0.185732
internal_weight=0 656.585 950.912 806.801 144.111 117.13 127.415 679.386 110.462 539.455 8.41015 671.672 531.045
internal_count=6499 2644 3855 3275 580 476 512 2763 443 2168 34 2732 2134
is_linear=0
shrinkage=0.1


Tree=2
num_leaves= 14
num_cat= 0
full_tree_array_lgbids= 0 1 2 5 9 4 3 -1 -7 12 10 -2 -6 8 6 -2147483648 -2147483648 -2147483648 -2147483648 -3 -14 -11 -12 -2147483648 -2147483648 -2147483648 -2147483648 -4 11 7 -8 -2147483648 -2147483648 -2147483648 -2147483648 -2147483648 -2147483648 -2147483648 -2147483648 -2147483648 -2147483648 -2147483648 -2147483648 -2147483648 -2147483648 -2147483648 -2147483648 -2147483648 -2147483648 -2147483648 -2147483648 -2147483648 -2147483648 -2147483648 -2147483648 -2147483648 -2147483648 -10 -13 -5 -9 -2147483648 -2147483648
split_feature= 8 20 19 7 4 10 4 4 13 21 4 17 12
split_gain= 1484.34 788.429 758.726 521.58 160.65 136.298 99.9189 78.7289 78.0518 15.4652 18.9078 10.6872 8.84984
threshold= 3.5000000000000004 3.5000000000000004 1.5000000000000002 1.0000000180025095e-35 4.5000000000000009 1.0000000180025095e-35 5.5000000000000009 2.5000000000000004 1.5000000000000002 4.5000000000000009 4.5000000000000009 1.5000000000000002 1.0000000180025095e-35
decision_type= 2 2 2 2 2 2 2 2 2 2 2 2 2
left_child=1 5 4 8 -2 -1 7 -5 -4 12 -11 -10 -3
right_child=2 9 3 6 -6 -7 -8 -9 11 10 -12 -13 -14
leaf_value= 0.17236010255125836 0.17236010255125836 -0.0037773991993575971 0.17236010255125836 0.10294421381851165 -0.16433727988382651 -0.16433727988382651 0.18118277615039513 -0.10472764105395577 -0.16457315402415634 0.17236010255125839 -0.16433727988382651 -0.11735670467610333 0.17236010255125836
leaf_weight=14.127121359109877 124.46481059491634 4.2432112842798224 7.5507027953863135 36.945734888315201 16.43764516711235 99.578777968883514 49.100935265421867 39.979457274079323 576.72646856307983 4.3842790424823743 3.8116278648376465 75.561578646302223 515.63992960751057
leaf_count=58 511 17 31 151 69 418 199 162 2419 18 16 313 2117
model_size=1488
internal_value=0 0.116954 -0.0811593 -0.119572 0.133081 -0.122505 0.0675466 -0.00498672 -0.155311 0.168515 0.015774 -0.159104 0.170922
internal_weight=0 641.785 926.767 785.865 140.902 113.706 126.026 76.9252 659.839 528.079 8.19591 652.288 519.883
internal_count=6499 2644 3855 3275 580 476 512 313 2763 2168 34 2732 2134
is_linear=0
shrinkage=0.1


Tree=3
num_leaves= 14
num_cat= 0
full_tree_array_lgbids= 0 1 2 5 9 4 3 -1 -7 12 10 -2 -6 7 6 -2147483648 -2147483648 -2147483648 -2147483648 -3 -14 -11 -12 -2147483648 -2147483648 -2147483648 -2147483648 -4 11 8 -8 -2147483648 -2147483648 -2147483648 -2147483648 -2147483648 -2147483648 -2147483648 -2147483648 -2147483648 -2147483648 -2147483648 -2147483648 -2147483648 -2147483648 -2147483648 -2147483648 -2147483648 -2147483648 -2147483648 -2147483648 -2147483648 -2147483648 -2147483648 -2147483648 -2147483648 -2147483648 -9 -13 -5 -10 -2147483648 -2147483648
split_feature= 8 20 19 7 4 10 9 13 21 21 1 17 12
split_gain= 1248.8 661.801 637.305 442.042 133.363 113.493 91.6981 64.0446 58.6975 10.9466 14.1931 8.6396 6.02434
threshold= 3.5000000000000004 3.5000000000000004 1.5000000000000002 1.0000000180025095e-35 4.5000000000000009 1.0000000180025095e-35 1.0000000180025095e-35 1.5000000000000002 1.5000000000000002 4.5000000000000009 1.5000000000000002 1.5000000000000002 1.0000000180025095e-35
decision_type= 2 2 2 2 2 2 2 2 2 2 2 2 2
left_child=1 5 4 7 -2 -1 8 -4 -5 12 -11 -9 -3
right_child=2 9 3 6 -6 -7 -8 11 -10 10 -12 -13 -14
leaf_value= 0.1609037703805144 0.1609037703805144 -0.0034002145451034805 0.1609037703805144 0.17018932750648399 -0.15458733496862687 -0.15458733496862687 -0.16487441731077176 -0.15477454101215909 0.015983426659172861 -0.15458733496862687 0.16090377038051437 -0.10842536392602353 0.1609037703805144
leaf_weight=13.6439371407032 120.20779101550579 4.2425556927919379 7.2924491614103308 56.108075767755508 15.761341184377669 95.481748044490814 16.401857510209084 553.11517265439034 51.771796613931656 3.654803752899169 4.2343253195285797 73.703776583075523 498.00370563566685
leaf_count=58 511 17 31 233 69 418 69 2419 210 16 18 313 2117
model_size=1488
internal_value=0 0.109272 -0.0758624 -0.111755 0.124333 -0.115142 0.0617326 -0.145757 0.0961856 0.157277 0.0147459 -0.149325 0.159516
internal_weight=0 619.261 894.362 758.393 135.969 109.126 124.282 634.111 107.88 510.135 7.88913 626.819 502.246
internal_count=6499 2644 3855 3275 580 476 512 2763 443 2168 34 2732 2134
is_linear=0
shrinkage=0.1


Tree=4
num_leaves= 14
num_cat= 0
full_tree_array_lgbids= 0 1 2 5 10 4 3 -1 -7 12 11 -2 -6 8 6 -2147483648 -2147483648 -2147483648 -2147483648 -3 -14 -12 -13 -2147483648 -2147483648 -2147483648 -2147483648 -4 9 7 -8 -2147483648 -2147483648 -2147483648 -2147483648 -2147483648 -2147483648 -2147483648 -2147483648 -2147483648 -2147483648 -2147483648 -2147483648 -2147483648 -2147483648 -2147483648 -2147483648 -2147483648 -2147483648 -2147483648 -2147483648 -2147483648 -2147483648 -2147483648 -2147483648 -2147483648 -2147483648 -10 -11 -5 -9 -2147483648 -2147483648
split_feature= 8 20 19 7 4 10 4 20 13 2 21 1 12
split_gain= 1061.45 561.574 540.294 377.862 111.726 95.2324 78.7494 63.6779 52.7848 7.50175 7.35153 10.2133 3.63282
threshold= 3.5000000000000004 3.5000000000000004 1.5000000000000002 1.0000000180025095e-35 4.5000000000000009 1.0000000180025095e-35 5.5000000000000009 3.5000000000000004 1.5000000000000002 1.0000000180025095e-35 4.5000000000000009 1.5000000000000002 1.0000000180025095e-35
decision_type= 2 2 2 2 2 2 2 2 2 2 2 2 2
left_child=1 5 4 8 -2 -1 7 -5 -4 -10 12 -12 -3
right_child=2 10 3 6 -6 -7 -8 -9 9 -11 11 -13 -14
leaf_value= 0.15185187516794491 0.15185187516794491 -0.0030606570657631363 0.15185187516794491 0.16843763974126813 -0.14676872362570559 -0.14676872362570559 0.16290926540628103 -0.06200583945744409 -0.0085007760946265824 -0.14312451081224237 -0.14676872362570559 0.15185187516794488 0.15185187516794491
leaf_weight=13.042239397764204 114.90662641823292 4.2419396191835395 6.970852091908454 17.12907537817955 14.980887696146963 90.75378343462944 46.698561310768127 57.680425584316254 7.8039540052413932 589.62542541325092 3.4738290309905997 4.0475915372371674 476.04173801839352
leaf_count=58 511 17 31 72 69 418 199 241 33 2699 16 18 2117
model_size=1488
internal_value=0 0.103178 -0.071549 -0.10536 0.11741 -0.109246 0.0569204 -0.00924137 -0.137984 -0.141366 0.148378 0.0139315 0.150484
internal_weight=0 591.601 855.796 725.908 129.888 103.796 121.508 74.8095 604.4 597.429 487.805 7.52142 480.284
internal_count=6499 2644 3855 3275 580 476 512 313 2763 2732 2168 34 2134
is_linear=0
shrinkage=0.1


Tree=5
num_leaves= 14
num_cat= 0
full_tree_array_lgbids= 0 1 2 5 10 4 3 -1 -7 12 11 -2 -6 8 6 -2147483648 -2147483648 -2147483648 -2147483648 -3 -14 -12 -13 -2147483648 -2147483648 -2147483648 -2147483648 -4 9 7 -8 -2147483648 -2147483648 -2147483648 -2147483648 -2147483648 -2147483648 -2147483648 -2147483648 -2147483648 -2147483648 -2147483648 -2147483648 -2147483648 -2147483648 -2147483648 -2147483648 -2147483648 -2147483648 -2147483648 -2147483648 -2147483648 -2147483648 -2147483648 -2147483648 -2147483648 -2147483648 -10 -11 -5 -9 -2147483648 -2147483648
split_feature= 8 20 19 7 4 10 9 21 13 17 21 1 12
split_gain= 908.792 480.382 460.682 325.708 94.0223 80.1466 66.5327 48.5655 43.375 6.81382 4.24191 6.77253 1.53513
threshold= 3.5000000000000004 3.5000000000000004 1.5000000000000002 1.0000000180025095e-35 4.5000000000000009 1.0000000180025095e-35 1.0000000180025095e-35 1.5000000000000002 1.5000000000000002 1.5000000000000002 4.5000000000000009 1.5000000000000002 1.0000000180025095e-35
decision_type= 2 2 2 2 2 2 2 2 2 2 2 2 2
left_child=1 5 4 8 -2 -1 7 -5 -4 -10 12 -12 -3
right_child=2 10 3 6 -6 -7 -8 -9 9 -11 11 -13 -14
leaf_value= 0.14454675775689577 0.14454675775689577 -0.0027549883843111991 0.14454675775689577 0.15570592523777094 -0.14038449805642142 -0.14038449805642142 -0.15176394038718366 0.0082017486463181726 -0.1406633157871611 -0.091813705212056368 -0.14038449805642142 0.14454675775689574 0.14454675775689577
leaf_weight=12.365946739912031 108.9482548981905 4.2413643300533286 6.6093853265047064 52.479328766465187 14.139219447970389 85.654981583356857 15.435059905052183 50.773099780082703 497.13803884387016 68.659254774451256 3.2786595821380606 3.8377076089382172 451.35705600678921
leaf_count=58 511 17 31 233 69 418 69 210 2419 313 16 18 2117
model_size=1488
internal_value=0 0.098242 -0.067883 -0.0998884 0.111816 -0.104439 0.0526196 0.0831726 -0.131511 -0.134735 0.141178 0.013273 0.143175
internal_weight=0 560.736 814.182 691.094 123.087 98.0209 118.687 103.252 572.407 565.797 462.715 7.11637 455.598
internal_count=6499 2644 3855 3275 580 476 512 443 2763 2732 2168 34 2134
is_linear=0
shrinkage=0.1


Tree=6
num_leaves= 13
num_cat= 0
full_tree_array_lgbids= 0 1 2 5 10 4 3 -1 -7 -3 11 -2 -6 8 6 -2147483648 -2147483648 -2147483648 -2147483648 -2147483648 -2147483648 -12 -13 -2147483648 -2147483648 -2147483648 -2147483648 -4 9 7 -8 -2147483648 -2147483648 -2147483648 -2147483648 -2147483648 -2147483648 -2147483648 -2147483648 -2147483648 -2147483648 -2147483648 -2147483648 -2147483648 -2147483648 -2147483648 -2147483648 -2147483648 -2147483648 -2147483648 -2147483648 -2147483648 -2147483648 -2147483648 -2147483648 -2147483648 -2147483648 -10 -11 -5 -9 -2147483648 -2147483648
split_feature= 8 20 19 7 4 10 4 21 13 17 21 1
split_gain= 783.004 413.486 394.883 281.876 79.274 67.4753 63.5279 55.3741 35.3885 5.65373 1.49393 3.73897
threshold= 3.5000000000000004 3.5000000000000004 1.5000000000000002 1.0000000180025095e-35 4.5000000000000009 1.0000000180025095e-35 5.5000000000000009 1.5000000000000002 1.5000000000000002 1.5000000000000002 4.5000000000000009 1.5000000000000002
decision_type= 2 2 2 2 2 2 2 2 2 2 2 2
left_child=1 5 4 8 -2 -1 7 -5 -4 -10 -3 -12
right_child=2 10 3 6 -6 -7 -8 -9 9 -11 11 -13
leaf_value= 0.13855140791954978 0.13855140791954978 0.13715851955658956 0.13855140791954978 0.058600415971375011 -0.13509509769210032 -0.13509509769210032 0.15079833911715412 -0.13782522773546024 -0.13532756085405009 -0.085618383975310797 -0.13509509769210032 0.13855140791954976
leaf_weight=11.647865027189253 102.62170739471912 429.3879033178091 6.2255830317735663 45.8089849203825 13.268332377076147 80.379172950983047 43.377158537507057 26.055332884192467 466.63462096452713 66.385105296969414 3.0767147541046134 3.6148546636104584
leaf_count=58 511 2134 31 208 69 418 199 105 2419 313 16 18
model_size=1376
internal_value=0 0.0941749 -0.0647856 -0.0952429 0.107221 -0.10046 0.0488934 -0.0126162 -0.126046 -0.129137 0.135249 0.0127316
internal_weight=0 528.107 770.377 654.487 115.89 92.027 115.241 71.8643 539.245 533.02 436.079 6.69157
internal_count=6499 2644 3855 3275 580 476 512 313 2763 2732 2168 34
is_linear=0
shrinkage=0.1


Tree=7
num_leaves= 11
num_cat= 0
full_tree_array_lgbids= 0 1 2 5 -3 4 3 -1 -7 -2147483648 -2147483648 -2 -6 8 6 -2147483648 -2147483648 -2147483648 -2147483648 -2147483648 -2147483648 -2147483648 -2147483648 -2147483648 -2147483648 -2147483648 -2147483648 -4 9 7 -8 -2147483648 -2147483648 -2147483648 -2147483648 -2147483648 -2147483648 -2147483648 -2147483648 -2147483648 -2147483648 -2147483648 -2147483648 -2147483648 -2147483648 -2147483648 -2147483648 -2147483648 -2147483648 -2147483648 -2147483648 -2147483648 -2147483648 -2147483648 -2147483648 -2147483648 -2147483648 -10 -11 -5 -9 -2147483648 -2147483648
split_feature= 8 20 19 7 4 10 9 2 13 17
split_gain= 677.179 357.324 339.3 245.435 66.8033 56.6831 54.0573 36.1747 28.5103 4.54617
threshold= 3.5000000000000004 3.5000000000000004 1.5000000000000002 1.0000000180025095e-35 4.5000000000000009 1.0000000180025095e-35 1.0000000180025095e-35 4.5000000000000009 1.5000000000000002 1.5000000000000002
decision_type= 2 2 2 2 2 2 2 2 2 2
left_child=1 5 4 8 -2 -1 7 -5 -4 -10
right_child=2 -3 3 6 -6 -7 -8 -9 9 -11
leaf_value= 0.13356356395996258 0.13356356395996258 0.13019817083621621 0.13356356395996258 0.012240624317947686 -0.13066022980921915 -0.13066022980921915 -0.14717989877992074 0.15029165653052368 -0.13085614071704596 -0.079920924595238807
leaf_weight=10.912395119667051 96.14196389913559 409.08633449673653 5.8324870467185965 53.255071118474007 12.391892105340956 75.069723188877106 14.95377905666828 44.155913725495338 435.90234760940075 64.125797122716904
leaf_count=58 511 2168 31 237 69 418 69 206 2419 313
model_size=1152
internal_value=0 0.0907171 -0.0620251 -0.0910659 0.103396 -0.0971263 0.0452744 0.0748185 -0.121351 -0.124324
internal_weight=0 495.068 726.759 618.225 108.534 85.9821 112.365 97.411 505.861 500.028
internal_count=6499 2644 3855 3275 580 476 512 443 2763 2732
is_linear=0
shrinkage=0.1


Tree=8
num_leaves= 11
num_cat= 0
full_tree_array_lgbids= 0 1 2 6 -3 4 3 -1 -8 -2147483648 -2147483648 -2 -6 8 5 -2147483648 -2147483648 -2147483648 -2147483648 -2147483648 -2147483648 -2147483648 -2147483648 -2147483648 -2147483648 -2147483648 -2147483648 -4 9 7 -7 -2147483648 -2147483648 -2147483648 -2147483648 -2147483648 -2147483648 -2147483648 -2147483648 -2147483648 -2147483648 -2147483648 -2147483648 -2147483648 -2147483648 -2147483648 -2147483648 -2147483648 -2147483648 -2147483648 -2147483648 -2147483648 -2147483648 -2147483648 -2147483648 -2147483648 -2147483648 -10 -11 -5 -9 -2147483648 -2147483648
split_feature= 8 20 19 7 4 4 10 21 13 17
split_gain= 587.223 309.187 292.357 214.036 56.1245 49.4513 47.3817 42.7396 22.514 3.81323
threshold= 3.5000000000000004 3.5000000000000004 1.5000000000000002 1.0000000180025095e-35 4.5000000000000009 5.5000000000000009 1.0000000180025095e-35 1.5000000000000002 1.5000000000000002 1.5000000000000002
decision_type= 2 2 2 2 2 2 2 2 2 2
left_child=1 6 4 8 -2 7 -1 -5 -4 -10
right_child=2 -3 3 5 -6 -7 -8 -9 9 -11
leaf_value= 0.12936717161346731 0.12936717161346731 0.12563684040267739 0.12936717161346731 0.053448382236489213 -0.12690484179902931 0.14061511637763133 -0.12690484179902931 -0.12864217821436466 -0.1270714533943762 -0.074634516098928003
leaf_weight=10.177520692348478 89.667466789484024 382.89602951705456 5.4397093355655661 43.625215157866478 11.527180284261702 39.62559586763382 69.83132404088974 25.755781412124634 405.55648639798164 61.918499350547791
leaf_count=58 511 2168 31 208 69 199 418 105 2419 313
model_size=1152
internal_value=0 0.0876218 -0.059616 -0.0874033 0.100175 0.042111 -0.0943058 -0.0141477 -0.117256 -0.120126
internal_weight=0 462.905 683.116 581.921 101.195 109.007 80.0088 69.381 472.915 467.475
internal_count=6499 2644 3855 3275 580 512 476 313 2763 2732
is_linear=0
shrinkage=0.1


Tree=9
num_leaves= 11
num_cat= 0
full_tree_array_lgbids= 0 1 2 6 -3 4 3 -1 -8 -2147483648 -2147483648 -2 -6 8 5 -2147483648 -2147483648 -2147483648 -2147483648 -2147483648 -2147483648 -2147483648 -2147483648 -2147483648 -2147483648 -2147483648 -2147483648 -4 9 7 -7 -2147483648 -2147483648 -2147483648 -2147483648 -2147483648 -2147483648 -2147483648 -2147483648 -2147483648 -2147483648 -2147483648 -2147483648 -2147483648 -2147483648 -2147483648 -2147483648 -2147483648 -2147483648 -2147483648 -2147483648 -2147483648 -2147483648 -2147483648 -2147483648 -2147483648 -2147483648 -10 -11 -5 -9 -2147483648 -2147483648
split_feature= 8 20 19 7 4 9 10 21 13 17
split_gain= 510.476 268.196 252.25 187.347 47.005 43.4857 39.4069 29.8283 17.3556 3.16711
threshold= 3.5000000000000004 3.5000000000000004 1.5000000000000002 1.0000000180025095e-35 4.5000000000000009 1.0000000180025095e-35 1.0000000180025095e-35 1.5000000000000002 1.5000000000000002 1.5000000000000002
decision_type= 2 2 2 2 2 2 2 2 2 2
left_child=1 6 4 8 -2 7 -1 -5 -4 -10
right_child=2 -3 3 5 -6 -7 -8 -9 9 -11
leaf_value= 0.12580350276737742 0.12580350276737742 0.12164549537869847 0.12580350276737742 0.13773683451452087 -0.12369825373571018 -0.14297686425630796 -0.12369825373571018 0.0024361635404563865 -0.12384102792537373 -0.069695256537692304
leaf_weight=9.456299960613249 83.313263446092606 357.2371214479208 5.0542292892932883 44.250705391168594 10.686567977070807 14.430013865232466 64.738919049501419 47.143529146909714 376.03802298009396 59.789458870887756
leaf_count=58 511 2168 31 233 69 69 418 210 2419 313
model_size=1152
internal_value=0 0.0849214 -0.0574278 -0.0840552 0.0974384 0.0391842 -0.0918989 0.0679452 -0.113636 -0.116413
internal_weight=0 431.432 640.706 546.706 93.9998 105.824 74.1952 91.3942 440.882 435.827
internal_count=6499 2644 3855 3275 580 512 476 443 2763 2732
is_linear=0
shrinkage=0.1


end of trees

feature_importances:
Column_4=17
Column_21=13
Column_20=11
Column_7=10
Column_8=10
Column_10=10
Column_13=10
Column_19=10
Column_17=8
Column_1=6
Column_9=6
Column_12=6
Column_2=3

parameters:
[boosting: gbdt]
[objective: binary]
[metric: auc, binary_logloss, rmse, l1, l2, mape, huber]
[tree_learner: serial]
[device_type: cpu]
[data_sample_strategy: bagging]
[data: data/mushroom.libsvm.train]
[valid: data/mushroom.libsvm.test]
[num_iterations: 10]
[learning_rate: 0.1]
[num_leaves: 255]
[num_threads: 1]
[seed: 42]
[deterministic: 0]
[force_col_wise: 0]
[force_row_wise: 0]
[histogram_pool_size: -1]
[max_depth: 5]
[min_data_in_leaf: 10]
[min_sum_hessian_in_leaf: 0.001]
[bagging_fraction: 1]
[pos_bagging_fraction: 1]
[neg_bagging_fraction: 1]
[bagging_freq: 0]
[bagging_seed: 400]
[feature_fraction: 1]
[feature_fraction_bynode: 1]
[feature_fraction_seed: 30056]
[extra_trees: 0]
[extra_seed: 12879]
[early_stopping_round: 0]
[early_stopping_min_delta: 0]
[first_metric_only: 0]
[max_delta_step: 0]
[lambda_l1: 0]
[lambda_l2: 0]
[linear_lambda: 0]
[min_gain_to_split: 0]
[drop_rate: 0.1]
[max_drop: 50]
[skip_drop: 0.5]
[xgboost_dart_mode: 0]
[uniform_drop: 0]
[drop_seed: 17869]
[top_rate: 0.2]
[other_rate: 0.1]
[min_data_per_group: 100]
[max_cat_threshold: 32]
[cat_l2: 10]
[cat_smooth: 10]
[max_cat_to_onehot: 4]
[top_k: 20]
[monotone_constraints: ]
[monotone_constraints_method: basic]
[monotone_penalty: 0]
[feature_contri: ]
[forcedsplits_filename: ]
[refit_decay_rate: 0.9]
[tinygbdt_penalty_feature: 0.00390625]
[tinygbdt_penalty_split: 0.125]
[tinygbdt_forestsize: 64000]
[tinygbdt_precision: 1]
[cegb_tradeoff: 1]
[cegb_penalty_split: 0]
[cegb_penalty_feature_lazy: ]
[cegb_penalty_feature_coupled: ]
[path_smooth: 0]
[interaction_constraints: ]
[verbosity: 1]
[saved_feature_importance_type: 0]
[use_quantized_grad: 0]
[num_grad_quant_bins: 4]
[quant_train_renew_leaf: 0]
[stochastic_rounding: 1]
[linear_tree: 0]
[max_bin: 255]
[max_bin_by_feature: ]
[min_data_in_bin: 3]
[bin_construct_sample_cnt: 200000]
[data_random_seed: 175]
[is_enable_sparse: 1]
[enable_bundle: 1]
[use_missing: 1]
[zero_as_missing: 0]
[feature_pre_filter: 1]
[pre_partition: 0]
[two_round: 0]
[header: 0]
[label_column: ]
[weight_column: ]
[group_column: ]
[ignore_column: ]
[categorical_feature: ]
[forcedbins_filename: ]
[precise_float_parser: 0]
[parser_config_file: ]
[objective_seed: 16083]
[num_class: 1]
[is_unbalance: 0]
[scale_pos_weight: 1]
[sigmoid: 1]
[boost_from_average: 1]
[reg_sqrt: 0]
[alpha: 0.9]
[fair_c: 1]
[poisson_max_delta_step: 0.7]
[tweedie_variance_power: 1.5]
[lambdarank_truncation_level: 30]
[lambdarank_norm: 1]
[label_gain: ]
[lambdarank_position_bias_regularization: 0]
[eval_at: ]
[multi_error_top_k: 1]
[auc_mu_weights: ]
[num_machines: 1]
[local_listen_port: 12400]
[time_out: 120]
[machine_list_filename: ]
[machines: ]
[gpu_platform_id: -1]
[gpu_device_id: -1]
[gpu_use_dp: 0]
[num_gpu: 1]

end of parameters
