tree
version=v4
num_class=1
num_tree_per_iteration=1
label_index=0
max_feature_idx=8
objective=regression
feature_names=Column_0 Column_1 Column_2 Column_3 Column_4 Column_5 Column_6 Column_7 Column_8
feature_infos=none [0.49990000000000001:15.0001] [1:52] [0.88888888888888884:141.90909090909091] [0.33333333333333331:25.63636363636364] [3:35682] [0.69230769230769229:1243.333333333333] [32.549999999999997:41.950000000000003] [-124.34999999999999:-114.31]
tree_sizes=8308 5653 4847 2969 4280 4430 2691 2481 1640 1556 1577 988 727 2418 3824 647 919 914 378 378 661 375 660 376 377

Tree=0
num_leaves= 79
num_cat= 0
full_tree_array_lgbids= 0 1 2 5 3 4 10 9 11 6 7 16 13 20 33 15 14 34 21 35 8 19 17 40 18 39 29 69 57 36 50 43 49 27 47 52 60 51 30 70 38 12 37 22 25 24 46 -2 67 -18 23 71 72 62 58 -4 -71 -22 -59 -12 -38 -35 -52 -1 54 -17 64 32 73 76 -49 53 -54 -36 75 74 -53 31 45 -3 -72 77 56 28 26 59 -39 42 41 48 66 44 61 -19 65 -2147483648 -2147483648 -42 -69 -2147483648 -2147483648 55 63 -6 -73 -41 -74 -15 -64 68 -60 -2147483648 -2147483648 -2147483648 -2147483648 -2147483648 -2147483648 -2147483648 -2147483648 -2147483648 -2147483648 -2147483648 -2147483648 -2147483648 -2147483648 -2147483648 -2147483648 -2147483648 -2147483648 -45 -56 -2147483648 -2147483648 -51 -66 -11 -34 -29 -75 -16 -78 -2147483648 -2147483648 -7 -55 -2147483648 -2147483648 -2147483648 -2147483648 -62 -77 -13 -76 -2147483648 -2147483648 -23 -33 -32 -47 -2147483648 -2147483648 -2147483648 -2147483648 -37 -79 -40 -58 -8 -30 -14 -28 -10 -61 -2147483648 -2147483648 -5 -44 -24 -43 -21 -50 -27 -68 -9 -46 -26 -63 -2147483648 -2147483648 -48 -67 -2147483648 -2147483648 -2147483648 -2147483648 -2147483648 -2147483648 -2147483648 -2147483648 -2147483648 -2147483648 -2147483648 -2147483648 -20 -57 -25 -65 -2147483648 -2147483648 -2147483648 -2147483648 -2147483648 -2147483648 -2147483648 -2147483648 -2147483648 -2147483648 -2147483648 -2147483648 -31 -70 -2147483648 -2147483648 -2147483648 -2147483648 -2147483648 -2147483648 -2147483648 -2147483648 -2147483648 -2147483648 -2147483648 -2147483648 -2147483648 -2147483648 -2147483648 -2147483648 -2147483648 -2147483648 -2147483648 -2147483648 -2147483648 -2147483648 -2147483648 -2147483648 -2147483648 -2147483648 -2147483648 -2147483648 -2147483648 -2147483648 -2147483648 -2147483648 -2147483648 -2147483648
split_feature= 1 1 1 6 6 3 2 1 7 1 1 1 6 1 6 3 2 6 6 2 2 6 3 1 2 8 8 8 1 2 7 8 7 1 7 1 2 7 2 6 1 7 6 4 7 8 8 6 7 6 5 7 8 6 7 7 5 7 6 8 7 8 1 4 7 8 6 7 2 4 3 2 2 8 2 7 8 8
split_gain= 6987.71 1684.96 1291.93 975.885 430.781 317.948 233.12 212.044 185.722 179.77 155.576 135.689 126.742 119.881 110.549 109.076 106.692 103.752 91.5049 83.6441 70.8719 64.3056 61.956 55.8835 54.4682 49.3716 47.5791 45.9314 41.7047 40.5464 33.797 35.8471 33.115 31.0549 30.7376 29.5229 29.283 29.1531 27.5308 27.4922 24.4232 24.1404 24.0005 23.0255 22.749 21.6714 19.7613 19.6135 19.3292 18.6069 17.9974 16.8487 16.3877 17.2518 14.6749 13.8758 11.5668 11.3356 11.0174 10.8124 10.3742 10.1841 9.40546 7.33024 6.78072 6.71314 6.14075 5.28576 4.54343 4.49665 4.19593 3.13497 2.7597 2.13449 1.49925 1.23366 1.1486 0.460747
threshold= 5.0387000000000013 3.0679500000000002 6.8672000000000013 2.3489548886254448 2.671038674349933 4.3101408005062494 24.500000000000004 4.0775500000000013 37.815000000000005 2.2210000000000005 7.852450000000001 2.4115000000000006 1.9628175980828908 5.7307500000000013 2.4907552973342448 3.449226804123712 19.500000000000004 2.9005380231986346 2.0653737590585881 43.500000000000007 26.500000000000004 2.2906328481453726 5.1186051221335997 5.8308000000000009 41.500000000000007 -122.40499999999999 -117.88499999999998 -118.26499999999999 3.4298000000000006 27.500000000000004 34.525000000000013 -117.77499999999999 37.815000000000005 8.7395500000000013 35.335000000000008 3.5330000000000008 28.500000000000004 37.995000000000012 18.500000000000004 2.9742256672023202 5.6402500000000009 34.415000000000006 3.0817415934345274 1.0291350557942953 38.545000000000009 -120.44499999999998 -122.33499999999999 3.458170981799539 38.435000000000009 2.10671797776953 139.50000000000003 37.945000000000007 -117.35499999999998 2.254419630548663 34.045000000000009 38.005000000000003 534.50000000000011 37.645000000000003 3.458170981799539 -122.425 36.835000000000008 -122.28499999999998 6.2770500000000009 1.0435797675926601 35.335000000000008 -117.75499999999998 2.8079590171801518 37.955000000000005 40.500000000000007 1.0103851166134901 4.5820434769673541 22.500000000000004 16.500000000000004 -117.145 26.500000000000004 38.925000000000004 -122.38499999999998 -118.26499999999999
decision_type= 2 2 2 2 2 2 2 2 2 2 2 2 2 2 2 2 2 2 2 2 2 2 2 2 2 2 2 2 2 2 2 2 2 2 2 2 2 2 2 2 2 2 2 2 2 2 2 2 2 2 2 2 2 2 2 2 2 2 2 2 2 2 2 2 2 2 2 2 2 2 2 2 2 2 2 2 2 2
left_child=1 5 4 6 16 9 35 19 12 15 20 34 28 39 27 43 40 24 -18 22 69 51 42 55 44 48 -14 32 -8 62 31 -23 -11 36 52 70 -12 59 77 71 -2 -24 -5 -1 -9 -32 -19 76 -21 -17 -35 74 53 -7 -45 -20 -40 -22 68 -10 -36 -26 -15 -25 -51 -48 -27 -42 -31 -4 -3 -6 -41 -29 -13 -62 -16 -37
right_child=2 3 10 7 13 11 8 17 37 14 33 21 26 29 47 49 18 46 23 25 57 30 41 63 61 66 -28 73 -30 58 45 -33 -34 50 60 38 -38 -39 56 72 67 -43 -44 54 -46 -47 65 -49 -50 64 -52 -53 -54 -55 -56 -57 -58 -59 -60 -61 75 -63 -64 -65 -66 -67 -68 -69 -70 -71 -72 -73 -74 -75 -76 -77 -78 -79
leaf_value= 2.0090854045861635 2.122367892078735 2.0864073930973754 2.1860943173854421 2.0623490992633817 2.0974488249216678 2.0841138599801572 2.1965323452694219 2.0954689418246426 2.2142838774901663 2.1406373236940905 2.2611911907323741 2.0345072442712553 2.1803908632616107 2.1259617740146308 2.1369577986748349 2.0262926385334912 2.3293276008777508 2.1135874555732319 2.1957668316364023 2.1654641714581091 2.3136092887030801 2.0423423215696768 2.0333915413355754 2.2374554972134808 2.2091709412441252 2.0795638084043055 2.0853910788377314 2.0653824157377607 2.2845502876908457 2.1919918556662772 1.9910892755883369 1.9852344261613879 2.0404662446165749 2.2256631944098948 1.930502243003837 2.1091870245220798 2.3423931801380187 2.0318246126680579 2.0245249734293451 2.0614350028621407 2.2049731315304464 2.0042626363250329 2.0299805008867327 2.0195706739465327 2.0321558591188165 1.9516641567416866 2.0588902430478546 2.0155875827794167 1.9921922446126408 1.9876247733728514 2.348659992346585 2.0039542439775833 1.9596066990438676 1.9888444208027325 2.0794739076624724 2.087710141191141 2.1734629168237776 2.2369779892674675 2.0880122439150677 2.0951919498649194 1.9717715616073146 2.1356460584060457 2.1613046553189226 2.2872151599752977 1.9546252503190962 2.0262876156140166 2.035621369557977 2.0902165239069102 2.2838810687809143 2.2272434057145407 2.0331544418979091 2.1410240443267505 2.0956613114959937 2.0052765696740975 2.0885806931844439 1.9436251819951067 2.0468548239882924 2.0673858812271733
leaf_weight=181 128 107 107 636 117 39 90 761 19 227 147 100 402 336 18 104 91 71 303 84 129 272 593 159 43 147 67 116 174 144 667 275 50 19 320 141 97 76 10.999999999999998 174 106 943 545 114 83 277 858 399 9.9999999999999982 506 346 100 303 294 208 19 104 39 14.999999999999998 68 497 129 250 91 289 229 136 13.999999999999998 28 156 91 195 342 37 109 377 350 113
leaf_count=181 128 107 107 636 117 39 90 761 19 227 147 100 402 336 18 104 91 71 303 84 129 272 593 159 43 147 67 116 174 144 667 275 50 19 320 141 97 76 11 174 106 943 545 114 83 277 858 399 10 506 346 100 303 294 208 19 104 39 15 68 497 129 250 91 289 229 136 14 28 156 91 195 342 37 109 377 350 113
model_size=8768
internal_value=2.07195 2.03789 2.19622 2.07259 2.15739 2.00039 2.1449 2.05251 2.17679 2.02716 2.28999 1.98123 2.19841 2.12609 2.05582 2.00269 2.2124 2.07655 2.23355 2.03561 2.24376 2.0009 2.02938 2.21831 2.10021 2.08053 2.16682 2.09704 2.25454 2.15468 1.99203 2.01363 2.12256 2.32271 1.96188 2.0945 2.29347 2.07953 2.11198 2.0994 2.15586 2.01551 2.04741 2.04057 2.08924 1.97952 2.0558 2.0327 2.14703 1.98149 2.34226 2.04369 1.98076 2 2.05827 2.18939 2.15922 2.29582 2.19741 2.1212 1.95182 2.15403 2.14104 2.25557 1.97563 2.05202 2.05845 2.19158 2.20695 2.2105 2.06193 2.12468 2.08412 2.05085 2.06271 1.95963 2.05126 2.09059
internal_weight=0 12960 3552 6731 2512 6229 1463 5268 896 2599 1040 3630 733 1601 1197 1402 911 2174 663 3094 431 1800 2717 572 1016 377 469 430 264 773 1491 547 277 609 1830 567 244 163 369 828 248 1536 1181 503 844 944 1158 767 94 899 365 309 636 333 322 322 115 168 187 87 1194 172 586 250 795 1087 283 120 172 263 198 312 516 153 209 874 368 254
internal_count=16512 12960 3552 6731 2512 6229 1463 5268 896 2599 1040 3630 733 1601 1197 1402 911 2174 663 3094 431 1800 2717 572 1016 377 469 430 264 773 1491 547 277 609 1830 567 244 163 369 828 248 1536 1181 503 844 944 1158 767 94 899 365 309 636 333 322 322 115 168 187 87 1194 172 586 250 795 1087 283 120 172 263 198 312 516 153 209 874 368 254
is_linear=0
shrinkage=1


Tree=1
num_leaves= 35
num_cat= 0
full_tree_array_lgbids= 0 1 2 5 3 4 12 16 6 7 10 19 13 20 -14 17 -18 9 14 8 -9 22 23 -2 24 32 25 -4 -22 -2147483648 -2147483648 26 -19 -2147483648 -2147483648 18 -11 15 -16 30 11 -2147483648 -2147483648 28 -24 33 -25 -2147483648 -2147483648 -21 -26 -6 -34 -15 -27 -2147483648 -2147483648 -2147483648 -2147483648 -2147483648 -2147483648 -2147483648 -2147483648 -1 27 -2147483648 -2147483648 -2147483648 -2147483648 -2147483648 -2147483648 -7 -20 -2147483648 -2147483648 21 -17 -2147483648 -2147483648 31 -32 -10 29 -2147483648 -2147483648 -2147483648 -2147483648 -5 -30 -2147483648 -2147483648 -12 -35 -2147483648 -2147483648 -2147483648 -2147483648 -2147483648 -2147483648 -2147483648 -2147483648 -2147483648 -2147483648 -2147483648 -2147483648 -2147483648 -2147483648 -2147483648 -2147483648 -2147483648 -2147483648 -2147483648 -2147483648 -2147483648 -2147483648 -2147483648 -2147483648 -2147483648 -2147483648 -2147483648 -2147483648 -2147483648 -2147483648 -2147483648 -2147483648 -2147483648 -2147483648 -2147483648 -2147483648 -28 -29 -2147483648 -2147483648 -2147483648 -2147483648 -2147483648 -2147483648 -2147483648 -2147483648 -2147483648 -2147483648 -2147483648 -2147483648 -2147483648 -2147483648 -2147483648 -2147483648 -2147483648 -2147483648 -2147483648 -2147483648 -8 -23 -2147483648 -2147483648 -2147483648 -2147483648 -2147483648 -2147483648 -3 -33 -2147483648 -2147483648 -2147483648 -2147483648 -13 -31 -2147483648 -2147483648 -2147483648 -2147483648 -2147483648 -2147483648 -2147483648 -2147483648 -2147483648 -2147483648 -2147483648 -2147483648 -2147483648 -2147483648 -2147483648 -2147483648 -2147483648 -2147483648 -2147483648 -2147483648 -2147483648 -2147483648 -2147483648 -2147483648 -2147483648 -2147483648 -2147483648 -2147483648 -2147483648 -2147483648 -2147483648 -2147483648 -2147483648 -2147483648 -2147483648 -2147483648 -2147483648 -2147483648 -2147483648 -2147483648 -2147483648 -2147483648 -2147483648 -2147483648 -2147483648 -2147483648 -2147483648 -2147483648 -2147483648 -2147483648 -2147483648 -2147483648 -2147483648 -2147483648 -2147483648 -2147483648 -2147483648 -2147483648 -2147483648 -2147483648 -2147483648 -2147483648 -2147483648 -2147483648 -2147483648 -2147483648 -2147483648 -2147483648 -2147483648 -2147483648 -2147483648 -2147483648 -2147483648 -2147483648 -2147483648 -2147483648 -2147483648 -2147483648 -2147483648 -2147483648 -2147483648 -2147483648 -2147483648 -2147483648 -2147483648 -2147483648 -2147483648 -2147483648
split_feature= 1 1 1 6 6 6 7 7 2 8 1 6 1 1 8 7 7 8 6 2 2 8 2 6 6 2 7 8 3 8 8 7 6 2
split_gain= 5621.86 1330.79 1008.48 752.846 316.525 235.119 161.664 159.777 152.108 116.78 107.254 99.0071 88.4382 79.1804 78.8168 103.092 66.3557 72.3715 56.2306 46.2808 40.9051 40.5794 30.1444 26.2428 17.8768 15.9968 10.1648 23.8533 6.5815 5.76564 4.74353 9.5496 1.28483 0.367088
threshold= 5.0387000000000013 3.1097000000000006 6.8672000000000013 2.4136952392348086 2.5763869593405579 2.1628386478062818 34.455000000000005 37.935000000000009 24.500000000000004 -117.77499999999999 4.1119000000000012 1.9628175980828908 8.4454500000000028 5.8308000000000009 -121.63499999999998 37.895000000000003 37.945000000000007 -118.24499999999999 3.442186331338819 21.500000000000004 26.500000000000004 -122.31499999999998 44.500000000000007 2.9291766686969298 2.0653737590585881 27.500000000000004 34.655000000000008 -122.35499999999998 4.7926201822371182 -122.33499999999999 -118.29499999999999 34.155000000000008 3.0298305221858191 42.500000000000007
decision_type= 2 2 2 2 2 2 2 2 2 2 2 2 2 2 2 2 2 2 2 2 2 2 2 2 2 2 2 2 2 2 2 2 2 2
left_child=1 5 4 7 19 16 9 8 30 18 22 -10 20 32 15 21 17 26 -7 -2 -4 -8 28 33 -21 -15 -1 -28 -5 -13 31 -3 -6 -12
right_child=2 3 12 10 13 6 14 -9 11 -11 23 29 -14 25 -16 -17 -18 -19 -20 24 -22 -23 -24 -25 -26 -27 27 -29 -30 -31 -32 -33 -34 -35
leaf_value= 0.086013461080820947 0.084743222884005986 0.13942323764165243 0.13719190792332445 -0.015758661295886017 0.051578705208770594 -0.0092689003483766765 0.059159465322348607 -0.023174414422052605 0.16476471049633501 -0.086617276461658177 0.013312633508308367 0.15200140062967937 0.23830664142214217 0.066327991797842767 -0.1067953810126689 -0.097289249923192711 -0.073265246880841461 -0.039833282341787263 -0.056367263605401001 0.23644229949906817 0.21172485594009238 -0.044301874909227296 0.012005613874479867 -0.014686000370025144 0.14429618788005186 0.1270513048229627 0.12937748295868315 -0.010273212100004901 -0.046821869069460842 0.068068334948991935 -0.0024997582931973739 0.03273989045116709 0.011328061957326996 0.075349674228522373
leaf_weight=152 216 60 368 700 523 799 96 240 264 885 770 75 426 550 1748 596 231 322 960 86 246 381 312 1060 401 215 41 214 1896 552 256 218 521 132
leaf_count=152 216 60 368 700 523 799 96 240 264 885 770 75 426 550 1748 596 231 322 960 86 246 381 312 1060 401 215 41 214 1896 552 256 218 521 132
model_size=3840
internal_value=0 -0.0306532 0.111843 0.00158267 0.076901 -0.0634409 -0.0721019 0.0611247 0.0753224 -0.0522597 -0.0187741 0.103784 0.19624 0.0534406 -0.0906992 -0.0644773 -0.014136 0.00460046 -0.0349735 0.137271 0.167054 -0.0234795 -0.0330329 0.0023597 0.160568 0.083394 0.0397544 0.0121804 -0.0384458 0.0781082 0.0278329 0.0557651 0.0314919 0.0223912
internal_weight=0 12960 3552 6535 2512 6425 5465 1665 1425 2644 4870 891 1040 1809 2821 1073 960 729 1759 703 614 477 2908 1962 487 765 407 255 2596 627 534 278 1044 902
internal_count=16512 12960 3552 6535 2512 6425 5465 1665 1425 2644 4870 891 1040 1809 2821 1073 960 729 1759 703 614 477 2908 1962 487 765 407 255 2596 627 534 278 1044 902
is_linear=0
shrinkage=0.1


Tree=2
num_leaves= 23
num_cat= 0
full_tree_array_lgbids= 0 1 3 4 2 5 -5 14 7 6 8 18 17 -2147483648 -2147483648 15 -16 9 12 -3 10 20 11 -2 -20 -7 -19 -2147483648 -2147483648 -2147483648 -2147483648 -1 -17 -2147483648 -2147483648 16 -11 13 -14 -2147483648 -2147483648 19 -12 -4 -22 -10 -13 -2147483648 -2147483648 -2147483648 -2147483648 -2147483648 -2147483648 -2147483648 -2147483648 -2147483648 -2147483648 -2147483648 -2147483648 -2147483648 -2147483648 -2147483648 -2147483648 -2147483648 -2147483648 -2147483648 -2147483648 -2147483648 -2147483648 -2147483648 -2147483648 -6 -18 -2147483648 -2147483648 21 -15 -2147483648 -2147483648 -2147483648 -2147483648 -2147483648 -2147483648 -8 -21 -2147483648 -2147483648 -2147483648 -2147483648 -2147483648 -2147483648 -2147483648 -2147483648 -2147483648 -2147483648 -2147483648 -2147483648 -2147483648 -2147483648 -2147483648 -2147483648 -2147483648 -2147483648 -2147483648 -2147483648 -2147483648 -2147483648 -2147483648 -2147483648 -2147483648 -2147483648 -2147483648 -2147483648 -2147483648 -2147483648 -2147483648 -2147483648 -2147483648 -2147483648 -2147483648 -2147483648 -2147483648 -2147483648 -2147483648 -2147483648 -2147483648 -2147483648 -2147483648 -2147483648 -2147483648 -2147483648 -2147483648 -2147483648 -2147483648 -2147483648 -2147483648 -2147483648 -2147483648 -2147483648 -2147483648 -2147483648 -2147483648 -2147483648 -2147483648 -2147483648 -2147483648 -2147483648 -2147483648 -2147483648 -2147483648 -2147483648 -9 -23 -2147483648 -2147483648 -2147483648 -2147483648 -2147483648 -2147483648 -2147483648 -2147483648 -2147483648 -2147483648 -2147483648 -2147483648 -2147483648 -2147483648 -2147483648 -2147483648 -2147483648 -2147483648 -2147483648 -2147483648 -2147483648 -2147483648 -2147483648 -2147483648 -2147483648 -2147483648 -2147483648 -2147483648 -2147483648 -2147483648 -2147483648 -2147483648 -2147483648 -2147483648 -2147483648 -2147483648 -2147483648 -2147483648 -2147483648 -2147483648 -2147483648 -2147483648 -2147483648 -2147483648 -2147483648 -2147483648 -2147483648 -2147483648 -2147483648 -2147483648 -2147483648 -2147483648 -2147483648 -2147483648 -2147483648 -2147483648 -2147483648 -2147483648 -2147483648 -2147483648 -2147483648 -2147483648 -2147483648 -2147483648 -2147483648 -2147483648 -2147483648 -2147483648 -2147483648 -2147483648 -2147483648 -2147483648 -2147483648 -2147483648 -2147483648 -2147483648 -2147483648 -2147483648 -2147483648 -2147483648 -2147483648 -2147483648 -2147483648 -2147483648 -2147483648 -2147483648 -2147483648 -2147483648 -2147483648 -2147483648 -2147483648 -2147483648 -2147483648 -2147483648 -2147483648 -2147483648 -2147483648 -2147483648 -2147483648 -2147483648 -2147483648 -2147483648
split_feature= 1 1 6 1 6 6 2 7 1 8 7 6 8 7 7 8 6 1 2 1 2 8
split_gain= 4547.62 1241.77 670.848 623.799 190.095 188.185 141.481 121.491 112.764 84.0952 62.3789 58.6223 55.3114 75.1519 37.5088 46.5925 33.6278 31.0412 26.8578 15.9617 4.71018 4.23133
threshold= 5.2771000000000017 3.1792500000000001 2.2982753493904258 7.3930000000000016 2.1628386478062818 2.7472725830126556 19.500000000000004 34.455000000000005 4.0612500000000002 -117.77499999999999 37.815000000000005 2.6829812717770039 -121.63499999999998 38.665000000000006 37.935000000000009 -118.25499999999998 3.1336552646136835 6.2770500000000009 21.500000000000004 3.8769000000000005 47.500000000000007 -122.38499999999998
decision_type= 2 2 2 2 2 2 2 2 2 2 2 2 2 2 2 2 2 2 2 2 2 2
left_child=1 4 6 5 14 18 -3 9 20 16 19 -10 13 21 15 -1 -6 -7 -2 -8 -4 -9
right_child=3 2 8 -5 7 17 10 12 11 -11 -12 -13 -14 -15 -16 -17 -18 -19 -20 -21 -22 -23
leaf_value= 0.037590401065383083 0.076700997613246003 0.014102850888379476 -0.031047189003951599 0.19161933940937473 0.00039408279986868835 0.037628448993193647 0.086444232442033572 0.02661267641288716 0.040372295698135455 -0.077317271060913087 0.017336294835050267 -0.004722909904915207 -0.095847364132647883 -0.1006880329495453 -0.064451122245019574 -0.03482146196913017 -0.04558838523153394 0.092156209654827737 0.14301798178057998 0.1485605483019026 0.025063602755800253 -0.044932274823169582
leaf_weight=442 262 370 2533 793 634 857 376 147 779 928 141 1976 1827 415 245 348 1237 435 636 360 205 566
leaf_count=442 262 370 2533 793 634 857 376 147 779 928 141 1976 1827 415 245 348 1237 435 636 360 205 566
model_size=2496
internal_value=0 -0.0247871 0.00627008 0.112419 -0.0556201 0.08374 0.0750981 -0.0636621 -0.00935499 -0.0456925 0.100832 0.00802815 -0.080683 -0.0561216 -0.0109115 0.00569252 -0.0300069 0.0559873 0.123669 0.116827 -0.0268461 -0.0301818
internal_weight=0 13529 6740 2983 6789 2190 1247 5754 5493 2799 877 2755 2955 1128 1035 790 1871 1292 898 736 2738 713
internal_count=16512 13529 6740 2983 6789 2190 1247 5754 5493 2799 877 2755 2955 1128 1035 790 1871 1292 898 736 2738 713
is_linear=0
shrinkage=0.1


Tree=3
num_leaves= 18
num_cat= 0
full_tree_array_lgbids= 0 1 3 4 2 6 -5 13 9 7 5 -2 -8 -2147483648 -2147483648 -1 -15 10 11 -3 8 16 -7 -2147483648 -2147483648 -2147483648 -2147483648 -2147483648 -2147483648 -2147483648 -2147483648 -2147483648 -2147483648 -2147483648 -2147483648 15 -12 12 -13 -2147483648 -2147483648 -9 14 -4 -18 -2147483648 -2147483648 -2147483648 -2147483648 -2147483648 -2147483648 -2147483648 -2147483648 -2147483648 -2147483648 -2147483648 -2147483648 -2147483648 -2147483648 -2147483648 -2147483648 -2147483648 -2147483648 -2147483648 -2147483648 -2147483648 -2147483648 -2147483648 -2147483648 -2147483648 -2147483648 -6 -17 -2147483648 -2147483648 -11 -14 -2147483648 -2147483648 -2147483648 -2147483648 -2147483648 -2147483648 -2147483648 -2147483648 -10 -16 -2147483648 -2147483648 -2147483648 -2147483648 -2147483648 -2147483648 -2147483648 -2147483648 -2147483648 -2147483648 -2147483648 -2147483648 -2147483648 -2147483648 -2147483648 -2147483648 -2147483648 -2147483648 -2147483648 -2147483648 -2147483648 -2147483648 -2147483648 -2147483648 -2147483648 -2147483648 -2147483648 -2147483648 -2147483648 -2147483648 -2147483648 -2147483648 -2147483648 -2147483648 -2147483648 -2147483648 -2147483648 -2147483648 -2147483648 -2147483648
split_feature= 1 1 6 1 6 1 6 2 6 7 8 8 7 1 7 6 8
split_gain= 3677.29 1154.59 523.44 339.735 185.056 106.17 102.944 86.9453 76.4795 75.3079 67.3485 41.3438 54.138 36.8265 18.8152 17.0338 3.3696
threshold= 5.6042500000000013 3.3277500000000004 2.4136952392348086 7.7055000000000016 2.2352443515477258 4.5301500000000017 2.6529733204757315 19.500000000000004 1.9628175980828908 34.455000000000005 -117.77499999999999 -121.63499999999998 37.915000000000006 2.5510500000000005 37.935000000000009 3.4287187039764357 -122.38499999999998
decision_type= 2 2 2 2 2 2 2 2 2 2 2 2 2 2 2 2 2
left_child=1 4 7 6 13 16 -2 -3 -9 10 15 12 -11 -1 -10 -6 -4
right_child=3 2 5 -5 9 -7 -8 8 14 11 -12 -13 -14 -15 -16 -17 -18
leaf_value= -0.03505235844335787 0.13410582751717406 0.015293430617056743 0.02887503408516447 0.18104509119806228 -0.004836943534206539 0.01833374828908264 0.068239468361483299 0.14375764427248994 0.076110859118588392 -0.013971700069553176 -0.071195847551414934 -0.085756475359048026 -0.077063166312450693 0.018875314701958402 -0.011573169323512251 -0.045015666743236434 -0.023679922546079438
leaf_weight=719 569 447 264 670 937 1904 1167 289 727 552 961 1888 639 660 126 1074 2919
leaf_count=719 569 447 264 670 937 1904 1167 289 727 552 961 1888 639 660 126 1074 2919
model_size=1936
internal_value=0 -0.0196542 0.0113339 0.115229 -0.0474976 -0.00522729 0.0898282 0.0643527 0.0835555 -0.0562159 -0.0408137 -0.0710828 -0.0478218 -0.00924216 0.0631587 -0.0262949 -0.019321
internal_weight=0 14106 6676 2406 7430 5087 1736 1589 1142 6051 2972 3079 1191 1379 853 2011 3183
internal_count=16512 14106 6676 2406 7430 5087 1736 1589 1142 6051 2972 3079 1191 1379 853 2011 3183
is_linear=0
shrinkage=0.1


Tree=4
num_leaves= 15
num_cat= 0
full_tree_array_lgbids= 0 1 2 5 3 6 8 -1 13 4 9 -2 -8 10 -10 -2147483648 -2147483648 -7 -15 7 -6 -5 -11 -2147483648 -2147483648 -2147483648 -2147483648 -4 -12 -2147483648 -2147483648 -2147483648 -2147483648 -2147483648 -2147483648 -2147483648 -2147483648 -2147483648 -2147483648 -3 11 -2147483648 -2147483648 -2147483648 -2147483648 -2147483648 -2147483648 -2147483648 -2147483648 -2147483648 -2147483648 -2147483648 -2147483648 -2147483648 -2147483648 -2147483648 -2147483648 -2147483648 -2147483648 -2147483648 -2147483648 -2147483648 -2147483648 -2147483648 -2147483648 -2147483648 -2147483648 -2147483648 -2147483648 -2147483648 -2147483648 -2147483648 -2147483648 -2147483648 -2147483648 -2147483648 -2147483648 -2147483648 -2147483648 -2147483648 -2147483648 12 -13 -2147483648 -2147483648 -2147483648 -2147483648 -2147483648 -2147483648 -2147483648 -2147483648 -2147483648 -2147483648 -2147483648 -2147483648 -2147483648 -2147483648 -2147483648 -2147483648 -2147483648 -2147483648 -2147483648 -2147483648 -2147483648 -2147483648 -2147483648 -2147483648 -2147483648 -2147483648 -2147483648 -2147483648 -2147483648 -2147483648 -2147483648 -2147483648 -2147483648 -2147483648 -2147483648 -2147483648 -2147483648 -2147483648 -2147483648 -2147483648 -2147483648 -2147483648 -2147483648 -2147483648 -2147483648 -2147483648 -2147483648 -2147483648 -2147483648 -2147483648 -2147483648 -2147483648 -2147483648 -2147483648 -2147483648 -2147483648 -2147483648 -2147483648 -2147483648 -2147483648 -2147483648 -2147483648 -2147483648 -2147483648 -2147483648 -2147483648 -2147483648 -2147483648 -2147483648 -2147483648 -2147483648 -2147483648 -2147483648 -2147483648 -2147483648 -2147483648 -2147483648 -2147483648 -2147483648 -2147483648 -9 -14 -2147483648 -2147483648 -2147483648 -2147483648 -2147483648 -2147483648 -2147483648 -2147483648 -2147483648 -2147483648 -2147483648 -2147483648 -2147483648 -2147483648 -2147483648 -2147483648 -2147483648 -2147483648 -2147483648 -2147483648 -2147483648 -2147483648 -2147483648 -2147483648 -2147483648 -2147483648 -2147483648 -2147483648 -2147483648 -2147483648 -2147483648 -2147483648 -2147483648 -2147483648 -2147483648 -2147483648 -2147483648 -2147483648 -2147483648 -2147483648 -2147483648 -2147483648 -2147483648 -2147483648 -2147483648 -2147483648 -2147483648 -2147483648 -2147483648 -2147483648 -2147483648 -2147483648 -2147483648 -2147483648 -2147483648 -2147483648 -2147483648 -2147483648 -2147483648 -2147483648 -2147483648 -2147483648 -2147483648 -2147483648 -2147483648 -2147483648 -2147483648 -2147483648 -2147483648 -2147483648 -2147483648 -2147483648 -2147483648 -2147483648 -2147483648 -2147483648 -2147483648 -2147483648 -2147483648 -2147483648 -2147483648 -2147483648 -2147483648 -2147483648 -2147483648 -2147483648 -2147483648 -2147483648 -2147483648 -2147483648
split_feature= 1 1 1 6 7 3 6 8 1 1 2 8 7 1
split_gain= 2986.69 750.191 457.156 421.187 116.388 94.851 86.118 77.121 57.0021 53.3251 17.8961 17.84 53.3366 6.15584
threshold= 5.1326000000000009 2.7820000000000005 6.3963500000000009 2.4469862317432325 37.935000000000009 3.8792159595040387 2.5949646725452555 -122.35499999999998 7.852450000000001 3.8346500000000003 26.500000000000004 -117.895 34.175000000000004 2.2210000000000005
decision_type= 2 2 2 2 2 2 2 2 2 2 2 2 2 2
left_child=1 5 6 4 7 -1 -2 -3 10 -5 -4 12 -9 -7
right_child=2 3 8 9 -6 13 -8 11 -10 -11 -12 -13 -14 -15
leaf_value= -0.023931616445932176 0.095836299898732658 0.13264195682337651 0.07973024711779142 -0.031177677522297328 -0.027132368803832609 -0.078054649727709299 0.032891557763841443 0.084970309464467986 0.16667466214101012 -0.0021184669960651139 0.14780034020032662 -9.6924159990245033e-05 0.023180952752037173 -0.049236750883967603
leaf_weight=1413 559 195 491 3011 371 1893 1328 641 609 2836 312 401 662 1790
leaf_count=1413 559 195 491 3011 371 1893 1328 641 609 2836 312 401 662 1790
model_size=1600
internal_value=0 -0.0214954 0.0860923 -0.00176321 0.0376969 -0.0529252 0.0515381 0.0503623 0.132271 -0.0170829 0.106178 0.0409465 0.0535777 -0.0640487
internal_weight=0 13213 3299 8117 2270 5096 1887 1899 1412 5847 803 1704 1303 3683
internal_count=16512 13213 3299 8117 2270 5096 1887 1899 1412 5847 803 1704 1303 3683
is_linear=0
shrinkage=0.1


Tree=5
num_leaves= 17
num_cat= 0
full_tree_array_lgbids= 0 2 1 5 3 4 7 -1 -7 6 9 13 -6 8 -9 -2147483648 -2147483648 -2147483648 -2147483648 -4 14 10 -11 -2 15 -2147483648 -2147483648 -3 -10 -2147483648 -2147483648 -2147483648 -2147483648 -2147483648 -2147483648 -2147483648 -2147483648 -2147483648 -2147483648 -2147483648 -2147483648 -8 -16 -5 11 -2147483648 -2147483648 -2147483648 -2147483648 -15 -17 -2147483648 -2147483648 -2147483648 -2147483648 -2147483648 -2147483648 -2147483648 -2147483648 -2147483648 -2147483648 -2147483648 -2147483648 -2147483648 -2147483648 -2147483648 -2147483648 -2147483648 -2147483648 -2147483648 -2147483648 -2147483648 -2147483648 -2147483648 -2147483648 -2147483648 -2147483648 -2147483648 -2147483648 -2147483648 -2147483648 -2147483648 -2147483648 -2147483648 -2147483648 -2147483648 -2147483648 -2147483648 -2147483648 12 -13 -2147483648 -2147483648 -2147483648 -2147483648 -2147483648 -2147483648 -2147483648 -2147483648 -2147483648 -2147483648 -2147483648 -2147483648 -2147483648 -2147483648 -2147483648 -2147483648 -2147483648 -2147483648 -2147483648 -2147483648 -2147483648 -2147483648 -2147483648 -2147483648 -2147483648 -2147483648 -2147483648 -2147483648 -2147483648 -2147483648 -2147483648 -2147483648 -2147483648 -2147483648 -2147483648 -2147483648 -2147483648 -2147483648 -2147483648 -2147483648 -2147483648 -2147483648 -2147483648 -2147483648 -2147483648 -2147483648 -2147483648 -2147483648 -2147483648 -2147483648 -2147483648 -2147483648 -2147483648 -2147483648 -2147483648 -2147483648 -2147483648 -2147483648 -2147483648 -2147483648 -2147483648 -2147483648 -2147483648 -2147483648 -2147483648 -2147483648 -2147483648 -2147483648 -2147483648 -2147483648 -2147483648 -2147483648 -2147483648 -2147483648 -2147483648 -2147483648 -2147483648 -2147483648 -2147483648 -2147483648 -2147483648 -2147483648 -2147483648 -2147483648 -2147483648 -2147483648 -2147483648 -2147483648 -12 -14 -2147483648 -2147483648 -2147483648 -2147483648 -2147483648 -2147483648 -2147483648 -2147483648 -2147483648 -2147483648 -2147483648 -2147483648 -2147483648 -2147483648 -2147483648 -2147483648 -2147483648 -2147483648 -2147483648 -2147483648 -2147483648 -2147483648 -2147483648 -2147483648 -2147483648 -2147483648 -2147483648 -2147483648 -2147483648 -2147483648 -2147483648 -2147483648 -2147483648 -2147483648 -2147483648 -2147483648 -2147483648 -2147483648 -2147483648 -2147483648 -2147483648 -2147483648 -2147483648 -2147483648 -2147483648 -2147483648 -2147483648 -2147483648 -2147483648 -2147483648 -2147483648 -2147483648 -2147483648 -2147483648 -2147483648 -2147483648 -2147483648 -2147483648 -2147483648 -2147483648 -2147483648 -2147483648 -2147483648 -2147483648 -2147483648 -2147483648 -2147483648 -2147483648 -2147483648 -2147483648 -2147483648 -2147483648 -2147483648 -2147483648
split_feature= 1 1 1 6 6 3 2 1 2 7 8 8 7 2 7 6
split_gain= 2421.4 604.826 395.759 293.957 149.373 55.4039 42.3201 36.9659 25.9812 25.4889 101.63 13.7622 26.3388 10.6712 10.5012 6.5406
threshold= 4.5301500000000017 6.3350000000000009 2.6597500000000003 2.2634687595142249 2.735488224282792 3.6482937607122259 24.500000000000004 8.7395500000000013 27.500000000000004 37.945000000000007 -122.21499999999999 -117.79499999999999 34.525000000000013 21.500000000000004 37.815000000000005 2.0653737590585881
decision_type= 2 2 2 2 2 2 2 2 2 2 2 2 2 2 2 2
left_child=2 4 5 6 13 -1 -4 8 -3 10 -5 12 -12 -2 -8 -15
right_child=1 7 3 9 -6 -7 14 -9 -10 -11 11 -13 -14 15 -16 -17
leaf_value= -0.016225425321606261 0.029650328589731614 0.077794905571372752 -0.00019699907292227223 0.060207339074517252 0.014148916204651293 -0.058378536227079073 0.075855334439477687 0.16551485562850149 0.14032985744424059 -0.046974730855307477 0.0030160773387006108 -0.04482603433778487 -0.032933686835438201 0.16324938372032258 -0.0064150116590272858 0.072952538248591173
leaf_weight=923 421 687 506 307 1959 3650 698 365 422 1109 2090 1006 1290 117 157 805
leaf_count=923 421 687 506 307 1959 3650 698 365 422 1109 2090 1006 1290 117 157 805
model_size=1824
internal_value=0 0.0609516 -0.0248044 -0.00880176 0.0357442 -0.0498705 0.0380898 0.11742 0.101591 -0.0198013 -0.01338 -0.0185307 -0.0107044 0.0672448 0.0607484 0.084411
internal_weight=0 4776 11736 7163 3302 4573 1361 1474 1109 5802 4693 4386 3380 1343 855 922
internal_count=16512 4776 11736 7163 3302 4573 1361 1474 1109 5802 4693 4386 3380 1343 855 922
is_linear=0
shrinkage=0.1


Tree=6
num_leaves= 14
num_cat= 0
full_tree_array_lgbids= 0 1 3 4 2 5 -5 10 6 7 -4 -2 -7 -2147483648 -2147483648 11 -12 -6 12 8 -9 -2147483648 -2147483648 -2147483648 -2147483648 -2147483648 -2147483648 -2147483648 -2147483648 -2147483648 -2147483648 -1 -13 -2147483648 -2147483648 -2147483648 -2147483648 -8 -14 -3 9 -2147483648 -2147483648 -2147483648 -2147483648 -2147483648 -2147483648 -2147483648 -2147483648 -2147483648 -2147483648 -2147483648 -2147483648 -2147483648 -2147483648 -2147483648 -2147483648 -2147483648 -2147483648 -2147483648 -2147483648 -2147483648 -2147483648 -2147483648 -2147483648 -2147483648 -2147483648 -2147483648 -2147483648 -2147483648 -2147483648 -2147483648 -2147483648 -2147483648 -2147483648 -2147483648 -2147483648 -2147483648 -2147483648 -2147483648 -2147483648 -10 -11 -2147483648 -2147483648 -2147483648 -2147483648 -2147483648 -2147483648 -2147483648 -2147483648 -2147483648 -2147483648 -2147483648 -2147483648 -2147483648 -2147483648 -2147483648 -2147483648 -2147483648 -2147483648 -2147483648 -2147483648 -2147483648 -2147483648 -2147483648 -2147483648 -2147483648 -2147483648 -2147483648 -2147483648 -2147483648 -2147483648 -2147483648 -2147483648 -2147483648 -2147483648 -2147483648 -2147483648 -2147483648 -2147483648 -2147483648 -2147483648 -2147483648 -2147483648 -2147483648 -2147483648
split_feature= 1 1 6 1 6 6 1 7 2 6 7 8 3
split_gain= 1969.92 617.034 240.458 130.389 116.738 30.183 23.522 21.7608 15.1083 14.2819 7.33664 5.69589 1.58796
threshold= 5.6042500000000013 3.5488500000000003 2.5288691539219195 7.7055000000000016 2.2352443515477258 3.0089663118548242 2.2210000000000005 37.935000000000009 17.500000000000004 2.0653737590585881 37.935000000000009 -122.31499999999998 4.7252880533656763
decision_type= 2 2 2 2 2 2 2 2 2 2 2 2 2
left_child=1 4 7 5 10 -2 -6 8 -3 -10 11 -1 -8
right_child=3 2 -4 -5 6 -7 12 -9 9 -11 -12 -13 -14
leaf_value= 0.10762713197200152 0.086519571331879278 0.0098336339213330945 -0.0037225156562058063 0.13304758509621026 -0.057976128156858743 0.034095428452010156 -0.015759226844708273 -0.012059702196530263 0.11428445326403165 0.052028515485972204 -0.045231475021868923 0.0044248739621146919 -0.043480593679010082
leaf_weight=89 1087 341 4041 670 2300 649 1893 253 351 850 349 1100 2539
leaf_count=89 1087 341 4041 670 2300 649 1893 253 351 850 349 1100 2539
model_size=1488
internal_value=0 -0.0145553 0.0119256 0.0853352 -0.0332423 0.0669209 -0.0406379 0.0471533 0.0568686 0.0702232 -0.000871007 0.0121499 -0.0316402
internal_weight=0 14106 5836 2406 8270 1736 6732 1795 1542 1201 1538 1189 4432
internal_count=16512 14106 5836 2406 8270 1736 6732 1795 1542 1201 1538 1189 4432
is_linear=0
shrinkage=0.1


Tree=7
num_leaves= 11
num_cat= 0
full_tree_array_lgbids= 0 2 1 5 3 4 -3 -1 -7 -4 6 -2 -6 -2147483648 -2147483648 -2147483648 -2147483648 -2147483648 -2147483648 -2147483648 -2147483648 7 8 -2147483648 -2147483648 -2147483648 -2147483648 -2147483648 -2147483648 -2147483648 -2147483648 -2147483648 -2147483648 -2147483648 -2147483648 -2147483648 -2147483648 -2147483648 -2147483648 -2147483648 -2147483648 -2147483648 -2147483648 -5 -9 9 -10 -2147483648 -2147483648 -2147483648 -2147483648 -2147483648 -2147483648 -2147483648 -2147483648 -2147483648 -2147483648 -2147483648 -2147483648 -2147483648 -2147483648 -2147483648 -2147483648 -2147483648 -2147483648 -2147483648 -2147483648 -2147483648 -2147483648 -2147483648 -2147483648 -2147483648 -2147483648 -2147483648 -2147483648 -2147483648 -2147483648 -2147483648 -2147483648 -2147483648 -2147483648 -2147483648 -2147483648 -2147483648 -2147483648 -2147483648 -2147483648 -2147483648 -2147483648 -2147483648 -2147483648 -8 -11 -2147483648 -2147483648 -2147483648 -2147483648 -2147483648 -2147483648 -2147483648 -2147483648 -2147483648 -2147483648 -2147483648 -2147483648 -2147483648 -2147483648 -2147483648 -2147483648 -2147483648 -2147483648 -2147483648 -2147483648 -2147483648 -2147483648 -2147483648 -2147483648 -2147483648 -2147483648 -2147483648 -2147483648 -2147483648 -2147483648 -2147483648 -2147483648 -2147483648 -2147483648
split_feature= 1 1 1 6 6 3 8 7 7 6
split_gain= 1602.52 319.732 266.432 172.838 71.3964 27.8847 24.3727 30.7902 4.09398 19.2746
threshold= 4.6754000000000007 6.3963500000000009 2.7820000000000005 2.0653737590585881 2.5219735498882589 4.2015099382944241 -122.35499999999998 38.735000000000007 37.945000000000007 2.8941056667066012
decision_type= 2 2 2 2 2 2 2 2 2 2
left_child=2 4 5 -4 -2 -1 7 -5 9 -8
right_child=1 -3 3 6 -6 -7 8 -9 -10 -11
leaf_value= -0.020925680866082652 0.072509087403397246 0.097349143923906992 0.04907190473433537 0.052925112105305087 0.019057373932774034 -0.051441612682649462 0.0044769384989157054 -0.063902081756518694 -0.045396479084440139 -0.025210370557596642
leaf_weight=2038 731 1412 794 454 2236 3058 2409 106 871 2403
leaf_count=2038 731 1412 794 454 2236 3058 2409 106 871 2403
model_size=1152
internal_value=0 0.0532253 -0.0192099 -0.00470633 0.0322266 -0.0392376 -0.011546 0.0308114 -0.0157199 -0.0103482
internal_weight=0 4379 12133 7037 2967 5096 6243 560 5683 4812
internal_count=16512 4379 12133 7037 2967 5096 6243 560 5683 4812
is_linear=0
shrinkage=0.1


Tree=8
num_leaves= 10
num_cat= 0
full_tree_array_lgbids= 0 1 3 4 2 6 -5 -1 8 5 -4 -2 -8 -2147483648 -2147483648 -2147483648 -2147483648 -6 -10 7 -7 -2147483648 -2147483648 -2147483648 -2147483648 -2147483648 -2147483648 -2147483648 -2147483648 -2147483648 -2147483648 -2147483648 -2147483648 -2147483648 -2147483648 -2147483648 -2147483648 -2147483648 -2147483648 -3 -9 -2147483648 -2147483648 -2147483648 -2147483648 -2147483648 -2147483648 -2147483648 -2147483648 -2147483648 -2147483648 -2147483648 -2147483648 -2147483648 -2147483648 -2147483648 -2147483648 -2147483648 -2147483648 -2147483648 -2147483648 -2147483648 -2147483648
split_feature= 1 1 6 1 6 7 6 2 1
split_gain= 1291.01 332.082 138.925 97.7701 53.6871 20.7243 7.46996 6.43188 2.99113
threshold= 5.3736000000000006 3.5488500000000003 2.7762783380468687 7.2638000000000007 2.0376051459673437 37.935000000000009 3.0375944537846187 18.500000000000004 2.2210000000000005
decision_type= 2 2 2 2 2 2 2 2 2
left_child=1 4 5 6 -1 7 -2 -3 -6
right_child=3 2 -4 -5 8 -7 -8 -9 -10
leaf_value= 0.0095447941423591909 0.063457490275512937 0.0010161819621974317 -0.01140471052389075 0.10315873963992883 -0.04785671186701506 -0.015831916886683912 0.016399843368006362 0.050466028911227784 -0.023937381295893675
leaf_weight=939 1256 520 2796 854 2472 447 683 1686 4859
leaf_count=939 1256 520 2796 854 2472 447 683 1686 4859
model_size=1040
internal_value=0 -0.0130477 0.00856115 0.0640892 -0.0272855 0.0296032 0.0468817 0.0388097 -0.0320029
internal_weight=0 13719 5449 2793 8270 2653 1939 2206 7331
internal_count=16512 13719 5449 2793 8270 2653 1939 2206 7331
is_linear=0
shrinkage=0.1


Tree=9
num_leaves= 9
num_cat= 0
full_tree_array_lgbids= 0 2 1 3 6 5 -3 4 -5 -4 -8 -2 -7 -2147483648 -2147483648 -1 7 -2147483648 -2147483648 -2147483648 -2147483648 -2147483648 -2147483648 -2147483648 -2147483648 -2147483648 -2147483648 -2147483648 -2147483648 -2147483648 -2147483648 -2147483648 -2147483648 -6 -9 -2147483648 -2147483648 -2147483648 -2147483648 -2147483648 -2147483648 -2147483648 -2147483648 -2147483648 -2147483648 -2147483648 -2147483648 -2147483648 -2147483648 -2147483648 -2147483648 -2147483648 -2147483648 -2147483648 -2147483648 -2147483648 -2147483648 -2147483648 -2147483648 -2147483648 -2147483648 -2147483648 -2147483648
split_feature= 1 1 6 7 8 6 1 8
split_gain= 1044.4 202.976 136.602 68.5611 52.9381 26.5047 19.6293 18.3265
threshold= 4.5301500000000017 6.3350000000000009 2.4469862317432325 37.965000000000011 -122.40499999999999 2.3578464509898605 2.5205000000000006 -117.145
decision_type= 2 2 2 2 2 2 2 2
left_child=2 5 3 4 -1 -2 -4 -6
right_child=1 -3 6 -5 7 -7 -8 -9
leaf_value= 0.10224133992686552 0.069369867982332467 0.078441883295895617 -0.04190255753518244 -0.034743058612422502 0.018516701380230476 0.016404051830994852 -0.017319199601410325 -0.047442213657436061
leaf_weight=188 505 1474 2837 782 2133 2797 5503 293
leaf_count=188 505 1474 2837 782 2133 2797 5503 293
model_size=928
internal_value=0 0.041151 -0.0167465 0.00519666 0.017145 0.0245045 -0.0256817 0.0105505
internal_weight=0 4776 11736 3396 2614 3302 8340 2426
internal_count=16512 4776 11736 3396 2614 3302 8340 2426
is_linear=0
shrinkage=0.1


Tree=10
num_leaves= 9
num_cat= 0
full_tree_array_lgbids= 0 2 1 -1 4 3 -3 -2147483648 -2147483648 6 5 -2 -5 -2147483648 -2147483648 -2147483648 -2147483648 -2147483648 -2147483648 -4 -8 7 -7 -2147483648 -2147483648 -2147483648 -2147483648 -2147483648 -2147483648 -2147483648 -2147483648 -2147483648 -2147483648 -2147483648 -2147483648 -2147483648 -2147483648 -2147483648 -2147483648 -2147483648 -2147483648 -2147483648 -2147483648 -6 -9 -2147483648 -2147483648 -2147483648 -2147483648 -2147483648 -2147483648 -2147483648 -2147483648 -2147483648 -2147483648 -2147483648 -2147483648 -2147483648 -2147483648 -2147483648 -2147483648 -2147483648 -2147483648
split_feature= 1 1 6 6 7 8 8 7
split_gain= 839.827 203.771 62.6353 55.2359 7.00901 103.406 65.6737 60.1222
threshold= 4.125700000000001 6.2770500000000009 2.0376051459673437 2.4469862317432325 34.455000000000005 -121.63499999999998 -118.30499999999999 38.675000000000004
decision_type= 2 2 2 2 2 2 2 2
left_child=2 3 -1 -2 6 7 -4 -6
right_child=1 -3 4 -5 5 -7 -8 -9
leaf_value= 0.016887587821455833 0.05309189890392442 0.069672554068051798 0.027010015665024735 0.0085799571611162983 0.0064472231192672369 -0.051149006724064416 -0.020764105129907409 -0.056350994585168984
leaf_weight=1165 984 1536 878 3480 1551 2627 3756 535
leaf_count=1165 984 1536 878 3480 1551 2627 3756 535
model_size=928
internal_value=0 0.0315196 -0.0179907 0.0183917 -0.0223378 -0.0327852 -0.0117124 -0.00965874
internal_weight=0 6000 10512 4464 9347 4713 4634 2086
internal_count=16512 6000 10512 4464 9347 4713 4634 2086
is_linear=0
shrinkage=0.1


Tree=11
num_leaves= 6
num_cat= 0
full_tree_array_lgbids= 0 1 3 -1 2 -2 -5 -2147483648 -2147483648 4 -4 -2147483648 -2147483648 -2147483648 -2147483648 -2147483648 -2147483648 -2147483648 -2147483648 -3 -6 -2147483648 -2147483648 -2147483648 -2147483648 -2147483648 -2147483648 -2147483648 -2147483648 -2147483648 -2147483648
split_feature= 1 1 6 2 2
split_gain= 673.412 175.331 81.0201 25.992 1.89449
threshold= 5.6042500000000013 3.1792500000000001 2.671038674349933 26.500000000000004 20.500000000000004
decision_type= 2 2 2 2 2
left_child=1 -1 4 -2 -3
right_child=3 2 -4 -5 -6
leaf_value= -0.023426214513663959 0.033076522476512792 -0.0048606060272748438 -0.0086840599348995805 0.079397379683543295 0.035142364998762228
leaf_weight=6789 1403 903 4290 1003 2124
leaf_count=6789 1403 903 4290 1003 2124
model_size=592
internal_value=0 -0.00893534 0.00450986 0.0523865 0.0232089
internal_weight=0 14106 7317 2406 3027
internal_count=16512 14106 7317 2406 3027
is_linear=0
shrinkage=0.1


Tree=12
num_leaves= 5
num_cat= 0
full_tree_array_lgbids= 0 3 1 -1 -5 2 -3 -2147483648 -2147483648 -2147483648 -2147483648 -2 -4 -2147483648 -2147483648
split_feature= 1 1 6 6
split_gain= 538.562 117.891 46.8889 23.7975
threshold= 4.125700000000001 6.8672000000000013 2.9742256672023202 2.0376051459673437
decision_type= 2 2 2 2
left_child=3 2 -2 -1
right_child=1 -3 -4 -5
leaf_value= 0.016021896944962876 0.031108513051812621 0.067791124634252173 -0.0043315013893978245 -0.018722199258268204
leaf_weight=1165 3028 1040 1932 9347
leaf_count=1165 3028 1040 1932 9347
model_size=480
internal_value=0 0.0260551 0.0173041 -0.0148717
internal_weight=0 6000 4960 10512
internal_count=16512 6000 4960 10512
is_linear=0
shrinkage=0.1


Tree=13
num_leaves= 10
num_cat= 0
full_tree_array_lgbids= 0 1 4 -1 2 -2 -6 -2147483648 -2147483648 3 5 -2147483648 -2147483648 -2147483648 -2147483648 -2147483648 -2147483648 -2147483648 -2147483648 -3 -5 6 7 -2147483648 -2147483648 -2147483648 -2147483648 -2147483648 -2147483648 -2147483648 -2147483648 -2147483648 -2147483648 -2147483648 -2147483648 -2147483648 -2147483648 -2147483648 -2147483648 -2147483648 -2147483648 -2147483648 -2147483648 -4 -8 8 -9 -2147483648 -2147483648 -2147483648 -2147483648 -2147483648 -2147483648 -2147483648 -2147483648 -2147483648 -2147483648 -2147483648 -2147483648 -2147483648 -2147483648 -2147483648 -2147483648 -2147483648 -2147483648 -2147483648 -2147483648 -2147483648 -2147483648 -2147483648 -2147483648 -2147483648 -2147483648 -2147483648 -2147483648 -2147483648 -2147483648 -2147483648 -2147483648 -2147483648 -2147483648 -2147483648 -2147483648 -2147483648 -2147483648 -2147483648 -2147483648 -2147483648 -2147483648 -2147483648 -2147483648 -7 -10 -2147483648 -2147483648 -2147483648 -2147483648 -2147483648 -2147483648 -2147483648 -2147483648 -2147483648 -2147483648 -2147483648 -2147483648 -2147483648 -2147483648 -2147483648 -2147483648 -2147483648 -2147483648 -2147483648 -2147483648 -2147483648 -2147483648 -2147483648 -2147483648 -2147483648 -2147483648 -2147483648 -2147483648 -2147483648 -2147483648 -2147483648 -2147483648 -2147483648 -2147483648
split_feature= 1 1 8 7 2 7 8 8 7
split_gain= 432.014 68.7827 37.6542 29.5759 23.351 18.8088 135.141 53.443 28.7441
threshold= 5.0116000000000005 2.5044000000000004 -122.35499999999998 38.32500000000001 17.500000000000004 34.455000000000005 -118.30499999999999 -121.52499999999999 37.595000000000006
decision_type= 2 2 2 2 2 2 2 2 2
left_child=1 -1 3 -3 -2 6 -4 8 -7
right_child=4 2 5 -5 -6 7 -8 -9 -10
leaf_value= -0.027217367795356346 0.0063224921954720447 0.066772497503422512 0.042855309063191668 -0.016490101007858735 0.046594370335192203 0.035191754173923985 -0.0086612158013914808 -0.040248666889699372 -0.022039421285795238
leaf_weight=3846 1132 537 1206 297 2483 700 3520 1837 954
leaf_count=3846 1132 537 1206 297 2483 700 3520 1837 954
model_size=1040
internal_value=0 -0.00952554 -0.00200783 0.0371214 0.0339836 -0.00597933 0.00448498 -0.0201456 0.00218175
internal_weight=0 12897 9051 834 3615 8217 4726 3491 1654
internal_count=16512 12897 9051 834 3615 8217 4726 3491 1654
is_linear=0
shrinkage=0.1


Tree=14
num_leaves= 8
num_cat= 0
full_tree_array_lgbids= 0 1 -2 2 -3 -2147483648 -2147483648 -1 3 -2147483648 -2147483648 -2147483648 -2147483648 -2147483648 -2147483648 -2147483648 -2147483648 4 -5 -2147483648 -2147483648 -2147483648 -2147483648 -2147483648 -2147483648 -2147483648 -2147483648 -2147483648 -2147483648 -2147483648 -2147483648 -2147483648 -2147483648 -2147483648 -2147483648 5 -6 -2147483648 -2147483648 -2147483648 -2147483648 -2147483648 -2147483648 -2147483648 -2147483648 -2147483648 -2147483648 -2147483648 -2147483648 -2147483648 -2147483648 -2147483648 -2147483648 -2147483648 -2147483648 -2147483648 -2147483648 -2147483648 -2147483648 -2147483648 -2147483648 -2147483648 -2147483648 -2147483648 -2147483648 -2147483648 -2147483648 -2147483648 -2147483648 -2147483648 -2147483648 -4 6 -2147483648 -2147483648 -2147483648 -2147483648 -2147483648 -2147483648 -2147483648 -2147483648 -2147483648 -2147483648 -2147483648 -2147483648 -2147483648 -2147483648 -2147483648 -2147483648 -2147483648 -2147483648 -2147483648 -2147483648 -2147483648 -2147483648 -2147483648 -2147483648 -2147483648 -2147483648 -2147483648 -2147483648 -2147483648 -2147483648 -2147483648 -2147483648 -2147483648 -2147483648 -2147483648 -2147483648 -2147483648 -2147483648 -2147483648 -2147483648 -2147483648 -2147483648 -2147483648 -2147483648 -2147483648 -2147483648 -2147483648 -2147483648 -2147483648 -2147483648 -2147483648 -2147483648 -2147483648 -2147483648 -2147483648 -2147483648 -2147483648 -2147483648 -2147483648 -2147483648 -2147483648 -2147483648 -2147483648 -2147483648 -2147483648 -2147483648 -2147483648 -2147483648 -2147483648 -2147483648 -2147483648 -2147483648 -7 -8 -2147483648 -2147483648 -2147483648 -2147483648 -2147483648 -2147483648 -2147483648 -2147483648 -2147483648 -2147483648 -2147483648 -2147483648 -2147483648 -2147483648 -2147483648 -2147483648 -2147483648 -2147483648 -2147483648 -2147483648 -2147483648 -2147483648 -2147483648 -2147483648 -2147483648 -2147483648 -2147483648 -2147483648 -2147483648 -2147483648 -2147483648 -2147483648 -2147483648 -2147483648 -2147483648 -2147483648 -2147483648 -2147483648 -2147483648 -2147483648 -2147483648 -2147483648 -2147483648 -2147483648 -2147483648 -2147483648 -2147483648 -2147483648 -2147483648 -2147483648 -2147483648 -2147483648 -2147483648 -2147483648 -2147483648 -2147483648 -2147483648 -2147483648 -2147483648 -2147483648 -2147483648 -2147483648 -2147483648 -2147483648 -2147483648 -2147483648 -2147483648 -2147483648 -2147483648 -2147483648 -2147483648 -2147483648 -2147483648 -2147483648 -2147483648 -2147483648 -2147483648 -2147483648 -2147483648 -2147483648 -2147483648 -2147483648 -2147483648 -2147483648 -2147483648 -2147483648 -2147483648 -2147483648 -2147483648 -2147483648 -2147483648 -2147483648 -2147483648 -2147483648 -2147483648 -2147483648 -2147483648 -2147483648 -2147483648 -2147483648 -2147483648 -2147483648 -2147483648 -2147483648 -2147483648 -2147483648 -2147483648 -2147483648
split_feature= 1 7 8 6 8 7 8
split_gain= 348.563 68.6881 170.882 80.0684 35.0012 102.956 140.248
threshold= 5.8308000000000009 37.925000000000004 -122.31499999999998 3.0375944537846187 -117.77499999999999 34.655000000000008 -120.47499999999998
decision_type= 2 2 2 2 2 2 2
left_child=1 2 -1 4 5 -4 -7
right_child=-2 -3 3 -5 -6 6 -8
leaf_value= 0.065876210651143838 0.043549259109899568 -0.029096094484980226 0.033560921230209116 -0.019650378734204565 -0.019887539196435867 0.013276304725217333 -0.061329516648714034
leaf_weight=589 2094 2734 2693 4708 1534 1537 623
leaf_count=589 2094 2734 2693 4708 1534 1537 623
model_size=816
internal_value=0 -0.00632488 -0.000996528 -0.0045466 0.00658673 0.0149551 -0.00824195
internal_weight=0 14418 11684 11095 6387 4853 2160
internal_count=16512 14418 11684 11095 6387 4853 2160
is_linear=0
shrinkage=0.1


Tree=15
num_leaves= 4
num_cat= 0
full_tree_array_lgbids= 0 -1 1 -2147483648 -2147483648 2 -3 -2147483648 -2147483648 -2147483648 -2147483648 -2 -4 -2147483648 -2147483648
split_feature= 1 1 6
split_gain= 265.76 58.016 19.4047
threshold= 3.8346500000000003 7.852450000000001 2.2634687595142249
decision_type= 2 2 2
left_child=-1 2 -2
right_child=1 -3 -4
leaf_value= -0.013012616202046995 0.049208468998356181 0.067450832367273686 0.0072623357897449274
leaf_weight=9454 837 609 5612
leaf_count=9454 837 609 5612
model_size=368
internal_value=0 0.01743 0.0127064
internal_weight=0 7058 6449
internal_count=16512 7058 6449
is_linear=0
shrinkage=0.1


Tree=16
num_leaves= 5
num_cat= 0
full_tree_array_lgbids= 0 1 -2 2 -3 -2147483648 -2147483648 3 -4 -2147483648 -2147483648 -2147483648 -2147483648 -2147483648 -2147483648 -1 -5 -2147483648 -2147483648 -2147483648 -2147483648 -2147483648 -2147483648 -2147483648 -2147483648 -2147483648 -2147483648 -2147483648 -2147483648 -2147483648 -2147483648
split_feature= 1 6 7 8
split_gain= 208.921 30.3185 52.9001 26.436
threshold= 5.8308000000000009 2.8396278889382178 38.475000000000001 -122.35499999999998
decision_type= 2 2 2 2
left_child=1 2 3 -1
right_child=-2 -3 -4 -5
leaf_value= 0.057201046280540124 0.036453215314430937 -0.015487290694215963 -0.029884137298525605 0.0059639008655994032
leaf_weight=573 2094 6967 1178 5700
leaf_count=573 2094 6967 1178 5700
model_size=480
internal_value=0 -0.00529429 0.0042366 0.0106441
internal_weight=0 14418 7451 6273
internal_count=16512 14418 7451 6273
is_linear=0
shrinkage=0.1


Tree=17
num_leaves= 5
num_cat= 0
full_tree_array_lgbids= 0 -1 1 -2147483648 -2147483648 -2 2 -2147483648 -2147483648 -2147483648 -2147483648 -2147483648 -2147483648 -3 3 -2147483648 -2147483648 -2147483648 -2147483648 -2147483648 -2147483648 -2147483648 -2147483648 -2147483648 -2147483648 -2147483648 -2147483648 -2147483648 -2147483648 -4 -5
split_feature= 1 2 6 1
split_gain= 159.979 18.395 2.06582 11.2222
threshold= 3.6530500000000008 17.500000000000004 2.0653737590585881 6.1273500000000007
decision_type= 2 2 2 2
left_child=-1 -2 -3 -4
right_child=1 2 3 -5
leaf_value= -0.012106161079343349 -0.0070706713666275223 0.073356194886487133 0.0096713318063930583 0.047085391469081521
leaf_weight=8730 2192 396 4074 1120
leaf_count=8730 2192 396 4074 1120
model_size=480
internal_value=0 0.0135809 0.021679 0.0177391
internal_weight=0 7782 5590 5194
internal_count=16512 7782 5590 5194
is_linear=0
shrinkage=0.1


Tree=18
num_leaves= 2
num_cat= 0
full_tree_array_lgbids= 0 -1 -2
split_feature= 1
split_gain= 116.592
threshold= 4.5993500000000003
decision_type= 2
left_child=-1
right_child=-2
leaf_value= -0.0073172822276595731 0.019023019386528301
leaf_weight=11925 4587
leaf_count=11925 4587
model_size=144
internal_value=0
internal_weight=0
internal_count=16512
is_linear=0
shrinkage=0.1


Tree=19
num_leaves= 2
num_cat= 0
full_tree_array_lgbids= 0 -1 -2
split_feature= 1
split_gain= 81.0086
threshold= 5.3357000000000001
decision_type= 2
left_child=-1
right_child=-2
leaf_value= -0.0049709142872595632 0.023758430064361524
leaf_weight=13655 2857
leaf_count=13655 2857
model_size=144
internal_value=0
internal_weight=0
internal_count=16512
is_linear=0
shrinkage=0.1


Tree=20
num_leaves= 4
num_cat= 0
full_tree_array_lgbids= 0 1 -2 2 -3 -2147483648 -2147483648 -1 -4 -2147483648 -2147483648 -2147483648 -2147483648 -2147483648 -2147483648
split_feature= 7 8 6
split_gain= 67.022 129.152 99.259
threshold= 37.925000000000004 -117.75499999999998 3.102783329035586
decision_type= 2 2 2
left_child=1 2 -1
right_child=-2 -3 -4
leaf_value= 0.022391877695673523 -0.022817318365128708 -0.021620598819540777 -0.0066659147464687976
leaf_weight=6819 2882 2777 4034
leaf_count=6819 2882 2777 4034
model_size=368
internal_value=0 0.00482462 0.0115913
internal_weight=0 13630 10853
internal_count=16512 13630 10853
is_linear=0
shrinkage=0.1


Tree=21
num_leaves= 2
num_cat= 0
full_tree_array_lgbids= 0 -1 -2
split_feature= 1
split_gain= 45.8933
threshold= 3.6530500000000008
decision_type= 2
left_child=-1
right_child=-2
leaf_value= -0.009348740764663549 0.010487600401737115
leaf_weight=8730 7782
leaf_count=8730 7782
model_size=144
internal_value=0
internal_weight=0
internal_count=16512
is_linear=0
shrinkage=0.1


Tree=22
num_leaves= 4
num_cat= 0
full_tree_array_lgbids= 0 1 -2 2 -3 -2147483648 -2147483648 -1 -4 -2147483648 -2147483648 -2147483648 -2147483648 -2147483648 -2147483648
split_feature= 7 8 6
split_gain= 27.3474 79.2053 53.1111
threshold= 37.925000000000004 -117.77499999999999 3.102783329035586
decision_type= 2 2 2
left_child=1 2 -1
right_child=-2 -3 -4
leaf_value= 0.020077238767111583 -0.02029794406046119 -0.019085239732795078 -0.005860787929412541
leaf_weight=6781 2882 2836 4013
leaf_count=6781 2882 2836 4013
model_size=368
internal_value=0 0.00429191 0.010434
internal_weight=0 13630 10794
internal_count=16512 13630 10794
is_linear=0
shrinkage=0.1


Tree=23
num_leaves= 2
num_cat= 0
full_tree_array_lgbids= 0 -1 -2
split_feature= 1
split_gain= 20.1492
threshold= 8.0125000000000011
decision_type= 2
left_child=-1
right_child=-2
leaf_value= -0.0016916341438013825 0.049279646803777888
leaf_weight=15964 548
leaf_count=15964 548
model_size=144
internal_value=0
internal_weight=0
internal_count=16512
is_linear=0
shrinkage=0.1


Tree=24
num_leaves= 2
num_cat= 0
full_tree_array_lgbids= 0 -1 -2
split_feature= 1
split_gain= 9.17547
threshold= 2.3096500000000004
decision_type= 2
left_child=-1
right_child=-2
leaf_value= -0.018178548492313307 0.004245192175959092
leaf_weight=3126 13386
leaf_count=3126 13386
model_size=144
internal_value=0
internal_weight=0
internal_count=16512
is_linear=0
shrinkage=0.1


end of trees

feature_importances:
Column_1=74
Column_6=60
Column_7=50
Column_8=46
Column_2=32
Column_3=9
Column_4=3
Column_5=2

parameters:
[boosting: gbdt]
[objective: regression]
[metric: rmse]
[tree_learner: serial]
[device_type: cpu]
[data_sample_strategy: bagging]
[data: data/california_housing.libsvm.train]
[valid: data/california_housing.libsvm.test]
[num_iterations: 30]
[learning_rate: 0.1]
[num_leaves: 255]
[num_threads: 0]
[seed: 42]
[deterministic: 0]
[force_col_wise: 0]
[force_row_wise: 0]
[histogram_pool_size: -1]
[max_depth: 7]
[min_data_in_leaf: 10]
[min_sum_hessian_in_leaf: 0.001]
[bagging_fraction: 1]
[pos_bagging_fraction: 1]
[neg_bagging_fraction: 1]
[bagging_freq: 0]
[bagging_seed: 400]
[feature_fraction: 1]
[feature_fraction_bynode: 1]
[feature_fraction_seed: 30056]
[extra_trees: 0]
[extra_seed: 12879]
[early_stopping_round: 0]
[early_stopping_min_delta: 0]
[first_metric_only: 0]
[max_delta_step: 0]
[lambda_l1: 0]
[lambda_l2: 0]
[linear_lambda: 0]
[min_gain_to_split: 0]
[drop_rate: 0.1]
[max_drop: 50]
[skip_drop: 0.5]
[xgboost_dart_mode: 0]
[uniform_drop: 0]
[drop_seed: 17869]
[top_rate: 0.2]
[other_rate: 0.1]
[min_data_per_group: 100]
[max_cat_threshold: 32]
[cat_l2: 10]
[cat_smooth: 10]
[max_cat_to_onehot: 4]
[top_k: 20]
[monotone_constraints: ]
[monotone_constraints_method: basic]
[monotone_penalty: 0]
[feature_contri: ]
[forcedsplits_filename: ]
[refit_decay_rate: 0.9]
[tinygbdt_penalty_feature: 0.125]
[tinygbdt_penalty_split: 0.25]
[tinygbdt_forestsize: 64000]
[tinygbdt_precision: 7]
[cegb_tradeoff: 1]
[cegb_penalty_split: 0]
[cegb_penalty_feature_lazy: ]
[cegb_penalty_feature_coupled: ]
[path_smooth: 0]
[interaction_constraints: ]
[verbosity: 2]
[saved_feature_importance_type: 0]
[use_quantized_grad: 0]
[num_grad_quant_bins: 4]
[quant_train_renew_leaf: 0]
[stochastic_rounding: 1]
[linear_tree: 0]
[max_bin: 255]
[max_bin_by_feature: ]
[min_data_in_bin: 3]
[bin_construct_sample_cnt: 200000]
[data_random_seed: 175]
[is_enable_sparse: 1]
[enable_bundle: 1]
[use_missing: 1]
[zero_as_missing: 0]
[feature_pre_filter: 1]
[pre_partition: 0]
[two_round: 0]
[header: 0]
[label_column: ]
[weight_column: ]
[group_column: ]
[ignore_column: ]
[categorical_feature: ]
[forcedbins_filename: ]
[precise_float_parser: 0]
[parser_config_file: ]
[objective_seed: 16083]
[num_class: 1]
[is_unbalance: 0]
[scale_pos_weight: 1]
[sigmoid: 1]
[boost_from_average: 1]
[reg_sqrt: 0]
[alpha: 0.9]
[fair_c: 1]
[poisson_max_delta_step: 0.7]
[tweedie_variance_power: 1.5]
[lambdarank_truncation_level: 30]
[lambdarank_norm: 1]
[label_gain: ]
[lambdarank_position_bias_regularization: 0]
[eval_at: ]
[multi_error_top_k: 1]
[auc_mu_weights: ]
[num_machines: 1]
[local_listen_port: 12400]
[time_out: 120]
[machine_list_filename: ]
[machines: ]
[gpu_platform_id: -1]
[gpu_device_id: -1]
[gpu_use_dp: 0]
[num_gpu: 1]

end of parameters
