tree
version=v4
num_class=1
num_tree_per_iteration=1
label_index=0
max_feature_idx=8
objective=regression
feature_names=Column_0 Column_1 Column_2 Column_3 Column_4 Column_5 Column_6 Column_7 Column_8
feature_infos=none [0.49990000000000001:15.0001] [1:52] [0.88888888888888884:141.90909090909091] [0.33333333333333331:25.63636363636364] [3:35682] [0.69230769230769229:1243.333333333333] [32.549999999999997:41.950000000000003] [-124.34999999999999:-114.31]
tree_sizes=5630 5451 5123 3030 4497 4506 4504 2623 4299 4139 795 2630 1435 1490 1113 3889 913 1060 667 917 1510 378 920 377 376 2352 495

Tree=0
num_leaves= 37
num_cat= 0
full_tree_array_lgbids= 0 1 2 5 3 4 10 9 11 6 7 16 13 20 33 15 14 35 21 -3 8 19 17 -2 18 -6 29 -4 -22 34 -35 -1 -17 27 -16 -7 -37 -13 31 -2147483648 -2147483648 12 -10 22 25 24 -19 -2147483648 -2147483648 -18 23 -2147483648 -2147483648 -15 -31 -2147483648 -2147483648 -2147483648 -2147483648 -12 -36 -2147483648 -2147483648 -2147483648 -2147483648 -2147483648 -2147483648 30 -29 -2147483648 -2147483648 -2147483648 -2147483648 -2147483648 -2147483648 -2147483648 -2147483648 32 -33 -2147483648 -2147483648 -2147483648 -2147483648 28 26 -2147483648 -2147483648 -5 -24 -21 -27 -9 -26 -2147483648 -2147483648 -2147483648 -2147483648 -2147483648 -2147483648 -2147483648 -2147483648 -20 -25 -2147483648 -2147483648 -2147483648 -2147483648 -2147483648 -2147483648 -2147483648 -2147483648 -2147483648 -2147483648 -2147483648 -2147483648 -2147483648 -2147483648 -2147483648 -2147483648 -2147483648 -2147483648 -2147483648 -2147483648 -2147483648 -2147483648 -2147483648 -2147483648 -2147483648 -2147483648 -2147483648 -2147483648 -2147483648 -2147483648 -2147483648 -2147483648 -11 -32 -2147483648 -2147483648 -2147483648 -2147483648 -2147483648 -2147483648 -2147483648 -2147483648 -2147483648 -2147483648 -2147483648 -2147483648 -2147483648 -2147483648 -2147483648 -2147483648 -2147483648 -2147483648 -23 -34 -2147483648 -2147483648 -2147483648 -2147483648 -2147483648 -2147483648 -2147483648 -2147483648 -2147483648 -2147483648 -8 -30 -14 -28 -2147483648 -2147483648 -2147483648 -2147483648 -2147483648 -2147483648 -2147483648 -2147483648 -2147483648 -2147483648 -2147483648 -2147483648 -2147483648 -2147483648 -2147483648 -2147483648 -2147483648 -2147483648 -2147483648 -2147483648 -2147483648 -2147483648 -2147483648 -2147483648 -2147483648 -2147483648 -2147483648 -2147483648 -2147483648 -2147483648 -2147483648 -2147483648 -2147483648 -2147483648 -2147483648 -2147483648 -2147483648 -2147483648 -2147483648 -2147483648 -2147483648 -2147483648 -2147483648 -2147483648 -2147483648 -2147483648 -2147483648 -2147483648 -2147483648 -2147483648 -2147483648 -2147483648 -2147483648 -2147483648 -2147483648 -2147483648 -2147483648 -2147483648 -2147483648 -2147483648 -2147483648 -2147483648 -2147483648 -2147483648 -2147483648 -2147483648 -2147483648 -2147483648 -2147483648 -2147483648 -2147483648 -2147483648 -2147483648 -2147483648 -2147483648 -2147483648 -2147483648 -2147483648 -2147483648 -2147483648 -2147483648 -2147483648 -2147483648 -2147483648
split_feature= 1 1 1 6 6 3 2 1 7 1 1 1 6 1 6 3 2 6 6 2 2 6 3 1 2 8 8 8 1 2 7 7 8 1 2 7
split_gain= 6956.71 1654.08 1261.06 945.135 400.156 287.198 202.62 181.544 155.597 149.52 124.951 105.439 96.867 89.5065 80.799 79.3262 76.3168 73.7516 62.6299 53.6441 41.2469 34.8056 33.456 27.2585 25.7182 20.8716 18.2041 16.8064 12.3297 11.2964 5.61505 5.54703 8.7221 1.42987 2.40798 1.23765
threshold= 5.0387000000000013 3.0679500000000002 6.8672000000000013 2.3489548886254448 2.671038674349933 4.3101408005062494 24.500000000000004 4.0775500000000013 37.815000000000005 2.2210000000000005 7.852450000000001 2.4115000000000006 1.9628175980828908 5.7307500000000013 2.4907552973342448 3.449226804123712 19.500000000000004 2.9005380231986346 2.0653737590585881 43.500000000000007 26.500000000000004 2.2906328481453726 5.1186051221335997 5.8308000000000009 41.500000000000007 -122.40499999999999 -117.88499999999998 -118.26499999999999 3.4298000000000006 27.500000000000004 37.815000000000005 34.525000000000013 -117.77499999999999 8.7395500000000013 28.500000000000004 35.335000000000008
decision_type= 2 2 2 2 2 2 2 2 2 2 2 2 2 2 2 2 2 2 2 2 2 2 2 2 2 2 2 2 2 2 2 2 2 2 2 2
left_child=1 5 4 6 16 9 -3 19 12 15 20 35 28 -6 27 -1 -2 24 -18 22 -4 -13 -5 -20 -9 -21 -14 30 -8 -15 -11 32 -23 34 -12 -7
right_child=2 3 10 7 13 11 8 17 -10 14 33 21 26 29 -16 -17 18 -19 23 25 -22 31 -24 -25 -26 -27 -28 -29 -30 -31 -32 -33 -34 -35 -36 -37
leaf_value= 2.0405687631288161 2.1558599736411375 2.0945018313365229 2.2105021416414852 2.0474118544579003 2.0994046620642437 1.9807571227445304 2.1965323452694219 2.0892426552552306 2.0795283240852767 2.1406373236940905 2.2611911907323741 2.043693994763716 2.1803908632616107 2.1410397950488846 2.0327038778370752 1.9814897297846104 2.3293276008777508 2.055796547371648 2.1893908157405639 2.1470309877511444 2.2958198799055269 2.0423423215696768 2.0155083659287123 2.255568014458782 2.1540272791155655 2.0584465939763881 2.0853910788377314 2.0508470150556986 2.2845502876908457 2.1974100577568745 2.0404662446165749 1.9795206760962585 1.9852344261613879 2.3422574193033054 2.3423931801380187 1.9518240180001829
leaf_weight=503 248 567 263 1181 828 636 90 844 163 227 147 309 402 586 767 899 91 1158 322 94 168 272 1536 250 172 283 67 153 174 187 50 944 275 365 97 1194
leaf_count=503 248 567 263 1181 828 636 90 844 163 227 147 309 402 586 767 899 91 1158 322 94 168 272 1536 250 172 283 67 153 174 187 50 944 275 365 97 1194
model_size=4064
internal_value=2.07195 2.03789 2.19622 2.07259 2.15739 2.00039 2.1449 2.05251 2.17679 2.02716 2.28999 1.98123 2.19841 2.12609 2.05582 2.00269 2.2124 2.07655 2.23355 2.03561 2.24376 2.0009 2.02938 2.21831 2.10021 2.08053 2.16682 2.09704 2.25454 2.15468 2.12256 1.99203 2.01363 2.32271 2.29347 1.96188
internal_weight=0 12960 3552 6731 2512 6229 1463 5268 896 2599 1040 3630 733 1601 1197 1402 911 2174 663 3094 431 1800 2717 572 1016 377 469 430 264 773 277 1491 547 609 244 1830
internal_count=16512 12960 3552 6731 2512 6229 1463 5268 896 2599 1040 3630 733 1601 1197 1402 911 2174 663 3094 431 1800 2717 572 1016 377 469 430 264 773 277 1491 547 609 244 1830
is_linear=0
shrinkage=1


Tree=1
num_leaves= 32
num_cat= 0
full_tree_array_lgbids= 0 1 2 5 3 4 13 15 6 7 12 20 14 21 -15 16 -17 9 10 -3 8 23 22 -2 24 29 25 -4 -23 -2147483648 -2147483648 26 -18 -2147483648 -2147483648 17 -11 11 -12 -2147483648 -2147483648 -9 18 -5 -25 30 -24 -2147483648 -2147483648 -22 -26 -6 -31 -16 -27 -2147483648 -2147483648 -2147483648 -2147483648 -2147483648 -2147483648 -2147483648 -2147483648 -1 27 -2147483648 -2147483648 -2147483648 -2147483648 -2147483648 -2147483648 -7 -19 -2147483648 -2147483648 19 -13 -2147483648 -2147483648 -2147483648 -2147483648 -2147483648 -2147483648 -2147483648 -2147483648 28 -20 -2147483648 -2147483648 -2147483648 -2147483648 -14 -32 -2147483648 -2147483648 -2147483648 -2147483648 -2147483648 -2147483648 -2147483648 -2147483648 -2147483648 -2147483648 -2147483648 -2147483648 -2147483648 -2147483648 -2147483648 -2147483648 -2147483648 -2147483648 -2147483648 -2147483648 -2147483648 -2147483648 -2147483648 -2147483648 -2147483648 -2147483648 -2147483648 -2147483648 -2147483648 -2147483648 -2147483648 -2147483648 -2147483648 -2147483648 -2147483648 -2147483648 -28 -29 -2147483648 -2147483648 -2147483648 -2147483648 -2147483648 -2147483648 -2147483648 -2147483648 -2147483648 -2147483648 -2147483648 -2147483648 -2147483648 -2147483648 -2147483648 -2147483648 -2147483648 -2147483648 -2147483648 -2147483648 -8 -21 -2147483648 -2147483648 -2147483648 -2147483648 -2147483648 -2147483648 -2147483648 -2147483648 -2147483648 -2147483648 -2147483648 -2147483648 -2147483648 -2147483648 -2147483648 -2147483648 -2147483648 -2147483648 -10 -30 -2147483648 -2147483648 -2147483648 -2147483648 -2147483648 -2147483648 -2147483648 -2147483648 -2147483648 -2147483648 -2147483648 -2147483648 -2147483648 -2147483648 -2147483648 -2147483648 -2147483648 -2147483648 -2147483648 -2147483648 -2147483648 -2147483648 -2147483648 -2147483648 -2147483648 -2147483648 -2147483648 -2147483648 -2147483648 -2147483648 -2147483648 -2147483648 -2147483648 -2147483648 -2147483648 -2147483648 -2147483648 -2147483648 -2147483648 -2147483648 -2147483648 -2147483648 -2147483648 -2147483648 -2147483648 -2147483648 -2147483648 -2147483648 -2147483648 -2147483648 -2147483648 -2147483648 -2147483648 -2147483648 -2147483648 -2147483648 -2147483648 -2147483648 -2147483648 -2147483648 -2147483648 -2147483648 -2147483648 -2147483648 -2147483648 -2147483648 -2147483648 -2147483648 -2147483648 -2147483648 -2147483648 -2147483648 -2147483648 -2147483648 -2147483648 -2147483648 -2147483648 -2147483648 -2147483648 -2147483648 -2147483648 -2147483648
split_feature= 1 1 1 6 6 6 7 2 6 8 8 7 1 1 1 7 8 6 7 8 2 2 6 2 6 2 7 8 8 6 2
split_gain= 5619.86 1330.95 1006.48 758.738 315.16 272.313 176.971 159.572 146.496 131.803 99.7047 117.782 90.885 86.5632 79.5189 76.3505 85.8421 71.584 57.5619 45.8709 44.7923 39.6551 25.0474 24.7111 17.0289 14.4112 12.5509 27.3958 9.14628 6.70063 0.215006
threshold= 5.0387000000000013 3.1792500000000001 6.8672000000000013 2.4136952392348086 2.5763869593405579 2.1628386478062818 34.455000000000005 19.500000000000004 2.0231950334409352 -117.77499999999999 -121.63499999999998 37.915000000000006 4.1119000000000012 8.4454500000000028 5.8308000000000009 37.935000000000009 -118.24499999999999 3.442186331338819 37.995000000000012 -122.33499999999999 21.500000000000004 26.500000000000004 2.9291766686969298 44.500000000000007 2.0653737590585881 27.500000000000004 34.655000000000008 -122.31499999999998 -122.33499999999999 2.9742256672023202 42.500000000000007
decision_type= 2 2 2 2 2 2 2 2 2 2 2 2 2 2 2 2 2 2 2 2 2 2 2 2 2 2 2 2 2 2 2
left_child=1 5 4 7 20 15 9 -3 -9 17 11 19 23 21 29 16 26 -7 28 -8 -2 -4 30 -5 -22 -16 -1 -28 -10 -6 -14
right_child=2 3 13 12 14 6 10 8 18 -11 -12 -13 22 -15 25 -17 -18 -19 -20 -21 24 -23 -24 -25 -26 -27 27 -29 -30 -31 -32
leaf_value= 0.087445429939949929 0.084744883563069862 0.0075273270675777597 0.13719190780792143 -0.037394195577966964 0.055224303761497145 -0.0069194909310954346 0.064288296567269074 0.14628103319906965 0.1459767325326454 -0.086109381709809835 -0.10693428822363343 -0.095850597410253174 0.013343390117455334 0.23830663572970623 0.066607736207544802 -0.071604004222519543 -0.03820915346365808 -0.056253295187149679 -0.032532979591576132 -0.040758568198529944 0.23644229949906817 0.2117248531396887 -0.014707765010809351 0.01330764887564216 0.14437118854485173 0.12715199083241441 0.12426456913960225 -0.0083041409475613486 0.062523197400964486 0.011700731284818239 0.075361057274946672
leaf_weight=172 216 428 368 2372 470 873 99 371 86 928 1827 622 770 426 550 245 343 998 102 407 86 246 1060 292 401 215 49 226 558 574 132
leaf_count=172 216 428 368 2372 470 873 99 371 86 928 1827 622 770 426 550 245 343 998 102 407 86 246 1060 292 401 215 49 226 558 574 132
model_size=3504
internal_value=0 -0.0306532 0.111843 0.00347337 0.076901 -0.0616732 -0.0707861 0.0657706 0.0880876 -0.0507649 -0.0897503 -0.0619178 -0.0173328 0.19624 0.0534238 -0.0110105 0.00778114 -0.0332344 0.0591469 -0.0202059 0.137314 0.167054 0.00236077 -0.0318368 0.16063 0.0836234 0.0430712 0.0153172 0.0736676 0.0312947 0.0224191
internal_weight=0 12960 3552 6171 2512 6789 5754 1545 1117 2799 2955 1128 4626 1040 1809 1035 790 1871 746 506 703 614 1962 2664 487 765 447 275 644 1044 902
internal_count=16512 12960 3552 6171 2512 6789 5754 1545 1117 2799 2955 1128 4626 1040 1809 1035 790 1871 746 506 703 614 1962 2664 487 765 447 275 644 1044 902
is_linear=0
shrinkage=0.1


Tree=2
num_leaves= 27
num_cat= 0
full_tree_array_lgbids= 0 1 3 4 2 5 23 14 7 6 8 18 17 -5 -25 15 -16 9 11 -3 10 20 13 -2 22 -7 -19 -2147483648 -2147483648 -2147483648 -2147483648 -1 -17 -2147483648 -2147483648 16 -11 12 -13 -2147483648 -2147483648 19 -12 -4 -22 24 -15 -2147483648 -2147483648 -20 -24 -2147483648 -2147483648 -2147483648 -2147483648 -2147483648 -2147483648 -2147483648 -2147483648 -2147483648 -2147483648 -2147483648 -2147483648 -2147483648 -2147483648 -2147483648 -2147483648 -2147483648 -2147483648 -2147483648 -2147483648 -6 -18 -2147483648 -2147483648 21 -14 -2147483648 -2147483648 -2147483648 -2147483648 -2147483648 -2147483648 25 -21 -2147483648 -2147483648 -2147483648 -2147483648 -2147483648 -2147483648 -10 -26 -2147483648 -2147483648 -2147483648 -2147483648 -2147483648 -2147483648 -2147483648 -2147483648 -2147483648 -2147483648 -2147483648 -2147483648 -2147483648 -2147483648 -2147483648 -2147483648 -2147483648 -2147483648 -2147483648 -2147483648 -2147483648 -2147483648 -2147483648 -2147483648 -2147483648 -2147483648 -2147483648 -2147483648 -2147483648 -2147483648 -2147483648 -2147483648 -2147483648 -2147483648 -2147483648 -2147483648 -2147483648 -2147483648 -2147483648 -2147483648 -2147483648 -2147483648 -2147483648 -2147483648 -2147483648 -2147483648 -2147483648 -2147483648 -2147483648 -2147483648 -2147483648 -2147483648 -2147483648 -2147483648 -2147483648 -2147483648 -2147483648 -2147483648 -9 -23 -2147483648 -2147483648 -2147483648 -2147483648 -2147483648 -2147483648 -2147483648 -2147483648 -2147483648 -2147483648 -2147483648 -2147483648 -2147483648 -2147483648 -8 -27 -2147483648 -2147483648 -2147483648 -2147483648 -2147483648 -2147483648 -2147483648 -2147483648 -2147483648 -2147483648 -2147483648 -2147483648 -2147483648 -2147483648 -2147483648 -2147483648 -2147483648 -2147483648 -2147483648 -2147483648 -2147483648 -2147483648 -2147483648 -2147483648 -2147483648 -2147483648 -2147483648 -2147483648 -2147483648 -2147483648 -2147483648 -2147483648 -2147483648 -2147483648 -2147483648 -2147483648 -2147483648 -2147483648 -2147483648 -2147483648 -2147483648 -2147483648 -2147483648 -2147483648 -2147483648 -2147483648 -2147483648 -2147483648 -2147483648 -2147483648 -2147483648 -2147483648 -2147483648 -2147483648 -2147483648 -2147483648 -2147483648 -2147483648 -2147483648 -2147483648 -2147483648 -2147483648 -2147483648 -2147483648 -2147483648 -2147483648 -2147483648 -2147483648 -2147483648 -2147483648 -2147483648 -2147483648 -2147483648 -2147483648 -2147483648 -2147483648 -2147483648 -2147483648 -2147483648 -2147483648 -2147483648 -2147483648 -2147483648 -2147483648 -2147483648 -2147483648
split_feature= 1 1 6 1 6 6 2 7 1 8 7 8 7 6 7 8 6 1 2 1 2 8 6 1 2 8
split_gain= 4558.58 1237.49 668.982 629.302 209.809 197.151 145.73 130.228 116.638 95.6327 76.0306 67.8589 86.1546 58.1439 47.0305 54.7857 46.8716 43.6374 31.6536 23.8914 19.7008 11.9718 5.96385 3.96802 3.80161 0.0952756
threshold= 5.2771000000000017 3.1913000000000005 2.2982753493904258 7.3930000000000016 2.1628386478062818 2.7472725830126556 19.500000000000004 34.455000000000005 4.1119000000000012 -117.77499999999999 37.815000000000005 -121.63499999999998 38.675000000000004 2.9291766686969298 37.935000000000009 -118.25499999999998 3.1336552646136835 6.2770500000000009 21.500000000000004 3.8769000000000005 47.500000000000007 -122.38499999999998 2.2038024706228287 8.7395500000000013 21.500000000000004 -122.40499999999999
decision_type= 2 2 2 2 2 2 2 2 2 2 2 2 2 2 2 2 2 2 2 2 2 2 2 2 2 2
left_child=1 4 6 5 14 18 -3 9 20 16 19 12 21 24 15 -1 -6 -7 -2 25 -4 -9 -20 -5 -10 -8
right_child=3 2 8 23 7 17 10 11 13 -11 -12 -13 -14 -15 -16 -17 -18 -19 22 -21 -22 -23 -24 -25 -26 -27
leaf_value= 0.039406231482502788 0.077452010371302837 0.014198741623154799 -0.030238947592327772 0.16796402968814439 0.0016911290208368004 0.036891070073128161 0.18306041664403419 0.027013897566435238 -0.00083446403448724784 -0.077429530285224521 0.01451198381039181 -0.096045493438881913 -0.10101316347537836 -0.011367165450199944 -0.063665527400060734 -0.033202644858908441 -0.04567344695382268 0.093361273326579189 0.20805053537090623 0.14931863515715424 0.028285912468726207 -0.044243954353487269 0.12984385103839238 0.21944876598168728 0.042527195390320051 0.072660360994093398
leaf_weight=445 262 367 2630 428 644 857 46 150 402 940 140 1841 413 1288 247 350 1246 435 108 360 215 578 528 365 903 324
leaf_count=445 262 367 2630 428 644 857 46 150 402 940 140 1841 413 1288 247 350 1246 435 108 360 215 578 528 365 903 324
model_size=2944
internal_value=0 -0.0248011 0.00643278 0.112482 -0.0552194 0.0838115 0.0751496 -0.0634313 -0.00919847 -0.045443 0.100861 -0.0805027 -0.0554245 0.00903421 -0.0094151 0.00744006 -0.0295344 0.0559039 0.123964 0.117421 -0.0258162 -0.0295617 0.143124 0.191661 0.0291698 0.0863858
internal_weight=0 13529 6675 2983 6854 2190 1237 5812 5438 2830 870 2982 1141 2593 1042 795 1890 1292 898 730 2845 728 636 793 1305 370
internal_count=16512 13529 6675 2983 6854 2190 1237 5812 5438 2830 870 2982 1141 2593 1042 795 1890 1292 898 730 2845 728 636 793 1305 370
is_linear=0
shrinkage=0.1


Tree=3
num_leaves= 19
num_cat= 0
full_tree_array_lgbids= 0 1 3 4 2 6 -5 9 5 7 11 -2 17 -2147483648 -2147483648 -1 14 10 12 -3 8 15 16 -2147483648 -2147483648 -8 -19 -2147483648 -2147483648 -2147483648 -2147483648 -2147483648 -2147483648 -11 -16 -6 -12 -7 -14 -2147483648 -2147483648 -9 13 -4 -17 -13 -18 -2147483648 -2147483648 -2147483648 -2147483648 -2147483648 -2147483648 -2147483648 -2147483648 -2147483648 -2147483648 -2147483648 -2147483648 -2147483648 -2147483648 -2147483648 -2147483648 -2147483648 -2147483648 -2147483648 -2147483648 -2147483648 -2147483648 -2147483648 -2147483648 -2147483648 -2147483648 -2147483648 -2147483648 -2147483648 -2147483648 -2147483648 -2147483648 -2147483648 -2147483648 -2147483648 -2147483648 -2147483648 -2147483648 -10 -15 -2147483648 -2147483648 -2147483648 -2147483648 -2147483648 -2147483648 -2147483648 -2147483648 -2147483648 -2147483648 -2147483648 -2147483648 -2147483648 -2147483648 -2147483648 -2147483648 -2147483648 -2147483648 -2147483648 -2147483648 -2147483648 -2147483648 -2147483648 -2147483648 -2147483648 -2147483648 -2147483648 -2147483648 -2147483648 -2147483648 -2147483648 -2147483648 -2147483648 -2147483648 -2147483648 -2147483648 -2147483648 -2147483648 -2147483648 -2147483648
split_feature= 1 1 6 1 6 1 6 2 6 1 3 1 3 7 2 2 2 1
split_gain= 3695.31 1163.88 475.796 342.95 275.286 117.86 114.728 85.0381 85.4565 81.8218 74.8729 72.3377 43.8737 26.2248 17.3913 11.5182 7.724 3.86217
threshold= 5.6042500000000013 3.5488500000000003 2.4136952392348086 7.7055000000000016 2.2352443515477258 2.5205000000000006 2.6529733204757315 19.500000000000004 1.9628175980828908 2.5510500000000005 3.6193833748516839 4.5301500000000017 5.0006134969325169 37.935000000000009 21.500000000000004 42.500000000000007 16.500000000000004 6.3963500000000009
decision_type= 2 2 2 2 2 2 2 2 2 2 2 2 2 2 2 2 2 2
left_child=1 4 7 6 9 10 -2 -3 -9 -1 -6 15 -7 -10 -11 -4 -13 -8
right_child=3 2 11 -5 5 12 17 8 13 14 -12 16 -14 -15 -16 -17 -18 -19
leaf_value= -0.034293531952749666 0.1346943896982585 0.019237085380397426 -0.021634683658815074 0.18064987906796942 -0.029134219085653446 -0.022722437481702024 0.049388612231937828 0.15682417948156108 0.082068357646809198 -0.020101871109733618 -0.080165451434284801 -0.011517292399728514 -0.056023184664387042 -0.012039582686764853 0.04428423006555228 0.026800807579215498 0.029074132817759168 0.094236924644041389
leaf_weight=719 569 384 2258 670 607 1837 671 236 631 244 2610 511 1678 105 575 318 1393 496
leaf_count=719 569 384 2258 670 607 1837 671 236 631 244 2610 511 1678 105 575 318 1393 496
model_size=2048
internal_value=0 -0.0196766 0.0152853 0.115361 -0.0443486 -0.0538717 0.0901627 0.0699989 0.090053 -0.00266481 -0.0705366 -0.00127534 -0.0386196 0.0686426 0.025102 -0.0156555 0.0181801 0.0684501
internal_weight=0 14106 5836 2406 8270 6732 1736 1356 972 1538 3217 4480 3515 736 819 2576 1904 1167
internal_count=16512 14106 5836 2406 8270 6732 1736 1356 972 1538 3217 4480 3515 736 819 2576 1904 1167
is_linear=0
shrinkage=0.1


Tree=4
num_leaves= 18
num_cat= 0
full_tree_array_lgbids= 0 1 2 5 3 6 8 -1 14 4 9 15 -8 12 -10 -2147483648 -2147483648 -7 -16 7 -6 -5 13 -2 16 -2147483648 -2147483648 -4 -14 -2147483648 -2147483648 -2147483648 -2147483648 -2147483648 -2147483648 -2147483648 -2147483648 -2147483648 -2147483648 -3 10 -2147483648 -2147483648 -2147483648 -2147483648 -11 -15 -2147483648 -2147483648 -17 -18 -2147483648 -2147483648 -2147483648 -2147483648 -2147483648 -2147483648 -2147483648 -2147483648 -2147483648 -2147483648 -2147483648 -2147483648 -2147483648 -2147483648 -2147483648 -2147483648 -2147483648 -2147483648 -2147483648 -2147483648 -2147483648 -2147483648 -2147483648 -2147483648 -2147483648 -2147483648 -2147483648 -2147483648 -2147483648 -2147483648 11 -12 -2147483648 -2147483648 -2147483648 -2147483648 -2147483648 -2147483648 -2147483648 -2147483648 -2147483648 -2147483648 -2147483648 -2147483648 -2147483648 -2147483648 -2147483648 -2147483648 -2147483648 -2147483648 -2147483648 -2147483648 -2147483648 -2147483648 -2147483648 -2147483648 -2147483648 -2147483648 -2147483648 -2147483648 -2147483648 -2147483648 -2147483648 -2147483648 -2147483648 -2147483648 -2147483648 -2147483648 -2147483648 -2147483648 -2147483648 -2147483648 -2147483648 -2147483648 -2147483648 -2147483648 -2147483648 -2147483648 -2147483648 -2147483648 -2147483648 -2147483648 -2147483648 -2147483648 -2147483648 -2147483648 -2147483648 -2147483648 -2147483648 -2147483648 -2147483648 -2147483648 -2147483648 -2147483648 -2147483648 -2147483648 -2147483648 -2147483648 -2147483648 -2147483648 -2147483648 -2147483648 -2147483648 -2147483648 -2147483648 -2147483648 -2147483648 -2147483648 -2147483648 -2147483648 -2147483648 -2147483648 -9 -13 -2147483648 -2147483648 -2147483648 -2147483648 -2147483648 -2147483648 -2147483648 -2147483648 -2147483648 -2147483648 -2147483648 -2147483648 -2147483648 -2147483648 -2147483648 -2147483648 -2147483648 -2147483648 -2147483648 -2147483648 -2147483648 -2147483648 -2147483648 -2147483648 -2147483648 -2147483648 -2147483648 -2147483648 -2147483648 -2147483648 -2147483648 -2147483648 -2147483648 -2147483648 -2147483648 -2147483648 -2147483648 -2147483648 -2147483648 -2147483648 -2147483648 -2147483648 -2147483648 -2147483648 -2147483648 -2147483648 -2147483648 -2147483648 -2147483648 -2147483648 -2147483648 -2147483648 -2147483648 -2147483648 -2147483648 -2147483648 -2147483648 -2147483648 -2147483648 -2147483648 -2147483648 -2147483648 -2147483648 -2147483648 -2147483648 -2147483648 -2147483648 -2147483648 -2147483648 -2147483648 -2147483648 -2147483648 -2147483648 -2147483648 -2147483648 -2147483648 -2147483648 -2147483648 -2147483648 -2147483648 -2147483648 -2147483648 -2147483648 -2147483648 -2147483648 -2147483648 -2147483648 -2147483648 -2147483648 -2147483648
split_feature= 1 1 1 6 7 3 6 8 1 1 8 7 2 8 1 2 6
split_gain= 2998.71 753.182 457.434 444.221 149.734 105.908 95.3473 84.2565 68.8745 66.0222 36.1502 90.356 32.0381 18.3792 12.7948 5.74313 2.86544
threshold= 5.1326000000000009 2.7820000000000005 6.3963500000000009 2.4469862317432325 37.935000000000009 3.8792159595040387 2.9742256672023202 -122.35499999999998 7.852450000000001 3.8346500000000003 -117.99499999999999 34.155000000000008 26.500000000000004 -122.26499999999999 1.9486000000000003 21.500000000000004 2.1628386478062818
decision_type= 2 2 2 2 2 2 2 2 2 2 2 2 2 2 2 2 2
left_child=1 5 6 4 7 -1 15 -3 12 -5 11 -9 -4 -11 -7 -2 -17
right_child=2 3 8 9 -6 14 -8 10 -10 13 -12 -13 -14 -15 -16 16 -18
leaf_value= -0.023886109148710255 0.042146425632385437 0.1319615453663163 0.079156215867307894 -0.031435551219741988 -0.030276311021436238 -0.084017041276159873 0.017501875127994108 0.099282546319181528 0.16599401254910359 0.046773341992632195 0.004562927879975422 0.028404784886882951 0.14756889922263769 -0.0078428546309628911 -0.054415728805384145 0.16782055054140349 0.081432865029418752
leaf_weight=1413 378 195 491 3011 371 1169 764 490 609 282 477 737 312 2554 2514 93 652
leaf_count=1413 378 195 491 3011 371 1169 764 490 609 282 477 737 312 2554 2514 93 652
model_size=1936
internal_value=0 -0.0214941 0.0860873 -0.00187677 0.0379997 -0.052741 0.0519366 0.0513385 0.131726 -0.0173581 0.0421123 0.0567097 0.105737 -0.00241205 -0.0638113 0.0753632 0.0922168
internal_weight=0 13213 3299 8117 2270 5096 1887 1899 1412 5847 1704 1227 803 2836 3683 1123 745
internal_count=16512 13213 3299 8117 2270 5096 1887 1899 1412 5847 1704 1227 803 2836 3683 1123 745
is_linear=0
shrinkage=0.1


Tree=5
num_leaves= 18
num_cat= 0
full_tree_array_lgbids= 0 2 1 5 3 4 6 16 -7 9 7 14 -6 12 -8 -1 -18 -2147483648 -2147483648 -4 13 8 -9 -2 15 -2147483648 -2147483648 -3 -14 -2147483648 -2147483648 -2147483648 -2147483648 -2147483648 -2147483648 -2147483648 -2147483648 -2147483648 -2147483648 -2147483648 -2147483648 -11 -15 -5 10 -2147483648 -2147483648 -2147483648 -2147483648 -16 -17 -2147483648 -2147483648 -2147483648 -2147483648 -2147483648 -2147483648 -2147483648 -2147483648 -2147483648 -2147483648 -2147483648 -2147483648 -2147483648 -2147483648 -2147483648 -2147483648 -2147483648 -2147483648 -2147483648 -2147483648 -2147483648 -2147483648 -2147483648 -2147483648 -2147483648 -2147483648 -2147483648 -2147483648 -2147483648 -2147483648 -2147483648 -2147483648 -2147483648 -2147483648 -2147483648 -2147483648 -2147483648 -2147483648 11 -12 -2147483648 -2147483648 -2147483648 -2147483648 -2147483648 -2147483648 -2147483648 -2147483648 -2147483648 -2147483648 -2147483648 -2147483648 -2147483648 -2147483648 -2147483648 -2147483648 -2147483648 -2147483648 -2147483648 -2147483648 -2147483648 -2147483648 -2147483648 -2147483648 -2147483648 -2147483648 -2147483648 -2147483648 -2147483648 -2147483648 -2147483648 -2147483648 -2147483648 -2147483648 -2147483648 -2147483648 -2147483648 -2147483648 -2147483648 -2147483648 -2147483648 -2147483648 -2147483648 -2147483648 -2147483648 -2147483648 -2147483648 -2147483648 -2147483648 -2147483648 -2147483648 -2147483648 -2147483648 -2147483648 -2147483648 -2147483648 -2147483648 -2147483648 -2147483648 -2147483648 -2147483648 -2147483648 -2147483648 -2147483648 -2147483648 -2147483648 -2147483648 -2147483648 -2147483648 -2147483648 -2147483648 -2147483648 -2147483648 -2147483648 -2147483648 -2147483648 -2147483648 -2147483648 -2147483648 -2147483648 -2147483648 -2147483648 -2147483648 -2147483648 -2147483648 -2147483648 -2147483648 -2147483648 -10 -13 -2147483648 -2147483648 -2147483648 -2147483648 -2147483648 -2147483648 -2147483648 -2147483648 -2147483648 -2147483648 -2147483648 -2147483648 -2147483648 -2147483648 -2147483648 -2147483648 -2147483648 -2147483648 -2147483648 -2147483648 -2147483648 -2147483648 -2147483648 -2147483648 -2147483648 -2147483648 -2147483648 -2147483648 -2147483648 -2147483648 -2147483648 -2147483648 -2147483648 -2147483648 -2147483648 -2147483648 -2147483648 -2147483648 -2147483648 -2147483648 -2147483648 -2147483648 -2147483648 -2147483648 -2147483648 -2147483648 -2147483648 -2147483648 -2147483648 -2147483648 -2147483648 -2147483648 -2147483648 -2147483648 -2147483648 -2147483648 -2147483648 -2147483648 -2147483648 -2147483648 -2147483648 -2147483648 -2147483648 -2147483648 -2147483648 -2147483648 -2147483648 -2147483648 -2147483648 -2147483648 -2147483648 -2147483648 -2147483648 -2147483648
split_feature= 1 1 1 6 6 3 2 7 8 2 8 7 1 7 2 6 6
split_gain= 2431.34 612.134 403.467 300.573 161.213 77.696 49.4418 48.3754 135.119 42.9448 34.4153 39.2697 21.9113 11.7498 10.9085 11.6691 2.43292
threshold= 4.5301500000000017 6.3350000000000009 2.7820000000000005 2.2147445135257553 2.735488224282792 4.2015099382944241 26.500000000000004 37.945000000000007 -122.24499999999999 24.500000000000004 -117.79499999999999 34.525000000000013 8.7395500000000013 37.815000000000005 21.500000000000004 2.0653737590585881 2.8335312747426764
decision_type= 2 2 2 2 2 2 2 2 2 2 2 2 2 2 2 2 2
left_child=2 4 5 9 14 16 12 8 -5 -4 11 -10 -3 -11 -2 -16 -1
right_child=1 6 3 7 -6 -7 -8 -9 10 13 -12 -13 -14 -15 15 -17 -18
leaf_value= -0.0054313190822431355 0.03297871740450839 0.077384833280887952 0.0062780088528350195 0.066348730633493322 0.014381760633077258 -0.060898359590086486 0.14840154623136101 -0.046863206182088619 0.0054677669116092297 0.083799337380539296 -0.044371507161510032 -0.030742628263810502 0.15507683850348342 -0.0040337231416106888 0.15632456474654921 0.071981478750702835 -0.041453218576244434
leaf_weight=800 421 667 426 305 1959 3058 635 1043 1990 564 957 1242 172 113 117 805 1238
leaf_count=800 421 667 426 305 1959 3058 635 1043 1990 564 957 1242 172 113 117 805 1238
model_size=1936
internal_value=0 0.0608913 -0.0247799 -0.0073683 0.0358246 -0.0474669 0.117045 -0.0177726 -0.0110211 0.0448608 -0.0166543 -0.00844724 0.0933122 0.0691389 0.0671028 0.0826845 -0.0273131
internal_weight=0 4776 11736 6640 3302 5096 1474 5537 4494 1103 4189 3232 839 677 1343 922 2038
internal_count=16512 4776 11736 6640 3302 5096 1474 5537 4494 1103 4189 3232 839 677 1343 922 2038
is_linear=0
shrinkage=0.1


Tree=6
num_leaves= 18
num_cat= 0
full_tree_array_lgbids= 0 1 3 4 2 7 -5 -1 5 6 12 -2 -9 -2147483648 -2147483648 -2147483648 -2147483648 11 9 8 -8 16 13 -2147483648 -2147483648 -2147483648 -2147483648 -2147483648 -2147483648 -2147483648 -2147483648 -2147483648 -2147483648 -2147483648 -2147483648 -6 -13 -7 -11 -3 10 -2147483648 -2147483648 -4 -18 14 -15 -2147483648 -2147483648 -2147483648 -2147483648 -2147483648 -2147483648 -2147483648 -2147483648 -2147483648 -2147483648 -2147483648 -2147483648 -2147483648 -2147483648 -2147483648 -2147483648 -2147483648 -2147483648 -2147483648 -2147483648 -2147483648 -2147483648 -2147483648 -2147483648 -2147483648 -2147483648 -2147483648 -2147483648 -2147483648 -2147483648 -2147483648 -2147483648 -2147483648 -2147483648 -10 -12 -2147483648 -2147483648 -2147483648 -2147483648 -2147483648 -2147483648 -2147483648 -2147483648 15 -16 -2147483648 -2147483648 -2147483648 -2147483648 -2147483648 -2147483648 -2147483648 -2147483648 -2147483648 -2147483648 -2147483648 -2147483648 -2147483648 -2147483648 -2147483648 -2147483648 -2147483648 -2147483648 -2147483648 -2147483648 -2147483648 -2147483648 -2147483648 -2147483648 -2147483648 -2147483648 -2147483648 -2147483648 -2147483648 -2147483648 -2147483648 -2147483648 -2147483648 -2147483648 -2147483648 -2147483648 -2147483648 -2147483648 -2147483648 -2147483648 -2147483648 -2147483648 -2147483648 -2147483648 -2147483648 -2147483648 -2147483648 -2147483648 -2147483648 -2147483648 -2147483648 -2147483648 -2147483648 -2147483648 -2147483648 -2147483648 -2147483648 -2147483648 -2147483648 -2147483648 -2147483648 -2147483648 -2147483648 -2147483648 -2147483648 -2147483648 -2147483648 -2147483648 -2147483648 -2147483648 -2147483648 -2147483648 -2147483648 -2147483648 -2147483648 -2147483648 -2147483648 -2147483648 -2147483648 -2147483648 -2147483648 -2147483648 -2147483648 -2147483648 -2147483648 -2147483648 -2147483648 -2147483648 -2147483648 -2147483648 -14 -17 -2147483648 -2147483648 -2147483648 -2147483648 -2147483648 -2147483648 -2147483648 -2147483648 -2147483648 -2147483648 -2147483648 -2147483648 -2147483648 -2147483648 -2147483648 -2147483648 -2147483648 -2147483648 -2147483648 -2147483648 -2147483648 -2147483648 -2147483648 -2147483648 -2147483648 -2147483648 -2147483648 -2147483648 -2147483648 -2147483648 -2147483648 -2147483648 -2147483648 -2147483648 -2147483648 -2147483648 -2147483648 -2147483648 -2147483648 -2147483648 -2147483648 -2147483648 -2147483648 -2147483648 -2147483648 -2147483648 -2147483648 -2147483648 -2147483648 -2147483648 -2147483648 -2147483648 -2147483648 -2147483648 -2147483648 -2147483648 -2147483648 -2147483648 -2147483648 -2147483648 -2147483648 -2147483648 -2147483648 -2147483648 -2147483648 -2147483648 -2147483648 -2147483648 -2147483648 -2147483648
split_feature= 1 1 6 1 6 1 7 6 2 3 6 3 8 7 8 6 7
split_gain= 1994.81 616.467 279.175 149.111 119.946 58.7263 54.9753 44.6557 32.666 28.5793 24.4746 16.352 7.37416 41.0992 31.2373 6.23197 5.85979
threshold= 5.6042500000000013 3.4883000000000002 2.5288691539219195 7.7055000000000016 2.0376051459673437 2.2210000000000005 37.995000000000012 3.0089663118548242 17.500000000000004 4.7252880533656763 2.0653737590585881 3.4845502266762112 -121.85499999999998 34.655000000000008 -117.79499999999999 3.1747392355722384 37.915000000000006
decision_type= 2 2 2 2 2 2 2 2 2 2 2 2 2 2 2 2 2
left_child=1 4 6 7 -1 11 8 -2 -3 -7 -10 -6 16 14 15 -14 -4
right_child=3 2 12 -5 5 9 -8 -9 10 -11 -12 -13 13 -15 -16 -17 -18
leaf_value= 0.0085942399233574131 0.086322064899621853 0.010089311600344986 0.041556307152935422 0.13332221852017762 -0.017551242511934722 -0.013744723621457101 -0.023323651867995569 0.034702620476728972 0.1083073169868391 -0.042163607533964059 0.051043922614562753 -0.065303957864887782 0.029839309654873677 -0.040645186234155445 -0.030678736247128541 -0.0119902911377911 -0.017018058144682904
leaf_weight=908 1087 370 556 670 424 2056 218 649 383 2575 913 2048 970 925 745 691 324
leaf_count=908 1087 370 556 670 424 2056 218 649 383 2575 913 2048 970 925 745 691 324
model_size=1936
internal_value=0 -0.014581 0.0105876 0.0854863 -0.03373 -0.0391405 0.0460368 0.0670242 0.0551128 -0.0295466 0.0679667 -0.0571134 -0.00527242 -0.0119464 -0.000913059 0.0124376 0.0199903
internal_weight=0 14106 6095 2406 8011 7103 1884 1736 1666 4631 1296 2472 4211 3331 2406 1661 880
internal_count=16512 14106 6095 2406 8011 7103 1884 1736 1666 4631 1296 2472 4211 3331 2406 1661 880
is_linear=0
shrinkage=0.1


Tree=7
num_leaves= 13
num_cat= 0
full_tree_array_lgbids= 0 2 1 6 3 4 7 -1 -8 5 9 -2 -6 -3 -9 -2147483648 -2147483648 -2147483648 -2147483648 -4 8 10 -11 -2147483648 -2147483648 -2147483648 -2147483648 -2147483648 -2147483648 -2147483648 -2147483648 -2147483648 -2147483648 -2147483648 -2147483648 -2147483648 -2147483648 -2147483648 -2147483648 -2147483648 -2147483648 -7 -10 -5 11 -2147483648 -2147483648 -2147483648 -2147483648 -2147483648 -2147483648 -2147483648 -2147483648 -2147483648 -2147483648 -2147483648 -2147483648 -2147483648 -2147483648 -2147483648 -2147483648 -2147483648 -2147483648 -2147483648 -2147483648 -2147483648 -2147483648 -2147483648 -2147483648 -2147483648 -2147483648 -2147483648 -2147483648 -2147483648 -2147483648 -2147483648 -2147483648 -2147483648 -2147483648 -2147483648 -2147483648 -2147483648 -2147483648 -2147483648 -2147483648 -2147483648 -2147483648 -2147483648 -2147483648 -12 -13 -2147483648 -2147483648 -2147483648 -2147483648 -2147483648 -2147483648 -2147483648 -2147483648 -2147483648 -2147483648 -2147483648 -2147483648 -2147483648 -2147483648 -2147483648 -2147483648 -2147483648 -2147483648 -2147483648 -2147483648 -2147483648 -2147483648 -2147483648 -2147483648 -2147483648 -2147483648 -2147483648 -2147483648 -2147483648 -2147483648 -2147483648 -2147483648 -2147483648 -2147483648 -2147483648 -2147483648
split_feature= 1 1 1 6 6 2 3 2 7 7 8 6
split_gain= 1611.5 334.242 279.128 206.658 89.1262 31.2859 27.9835 18.5925 14.0574 12.7873 94.2254 11.6896
threshold= 4.6754000000000007 6.3350000000000009 2.6597500000000003 2.2982753493904258 2.5219735498882589 24.500000000000004 3.8792159595040387 21.500000000000004 37.815000000000005 37.925000000000004 -122.24499999999999 3.0375944537846187
decision_type= 2 2 2 2 2 2 2 2 2 2 2 2
left_child=2 4 6 5 -2 -4 -1 -3 -7 10 -5 -12
right_child=1 7 3 9 -6 8 -8 -9 -10 -11 11 -13
leaf_value= -0.018289223247708403 0.072140215595120891 0.067255518204545353 -0.0011783338232144818 0.0629146874534873 0.018291924351825421 0.064894588191322003 -0.050065710645079455 0.11604438978464518 -0.0079450421863676689 -0.039449504916665892 -0.0023455759578384135 -0.028685827455840435
leaf_weight=1324 713 619 583 285 2192 786 3249 855 190 1146 2432 2138
leaf_count=1324 713 619 583 285 2192 786 3249 855 190 1146 2432 2138
model_size=1376
internal_value=0 0.0530671 -0.0191528 -0.00601886 0.0315084 0.0313089 -0.0408656 0.0955557 0.0507147 -0.0157162 -0.0101141 -0.0146684
internal_weight=0 4379 12133 7560 2905 1559 4573 1474 976 6001 4855 4570
internal_count=16512 4379 12133 7560 2905 1559 4573 1474 976 6001 4855 4570
is_linear=0
shrinkage=0.1


Tree=8
num_leaves= 15
num_cat= 0
full_tree_array_lgbids= 0 1 3 4 2 11 -5 -1 7 5 -4 -2 -13 -2147483648 -2147483648 -2147483648 -2147483648 9 8 6 -7 -2147483648 -2147483648 -2147483648 -2147483648 -2147483648 -2147483648 -2147483648 -2147483648 -2147483648 -2147483648 -2147483648 -2147483648 -2147483648 -2147483648 -6 -11 10 -10 13 -8 -2147483648 -2147483648 -2147483648 -2147483648 -2147483648 -2147483648 -2147483648 -2147483648 -2147483648 -2147483648 -2147483648 -2147483648 -2147483648 -2147483648 -2147483648 -2147483648 -2147483648 -2147483648 -2147483648 -2147483648 -2147483648 -2147483648 -2147483648 -2147483648 -2147483648 -2147483648 -2147483648 -2147483648 -2147483648 -2147483648 -2147483648 -2147483648 -2147483648 -2147483648 12 -12 -2147483648 -2147483648 -3 -15 -2147483648 -2147483648 -2147483648 -2147483648 -2147483648 -2147483648 -2147483648 -2147483648 -2147483648 -2147483648 -2147483648 -2147483648 -2147483648 -2147483648 -2147483648 -2147483648 -2147483648 -2147483648 -2147483648 -2147483648 -2147483648 -2147483648 -2147483648 -2147483648 -2147483648 -2147483648 -2147483648 -2147483648 -2147483648 -2147483648 -2147483648 -2147483648 -2147483648 -2147483648 -2147483648 -2147483648 -2147483648 -2147483648 -2147483648 -2147483648 -2147483648 -2147483648 -2147483648 -2147483648 -2147483648 -2147483648 -2147483648 -2147483648 -2147483648 -2147483648 -2147483648 -2147483648 -2147483648 -2147483648 -2147483648 -2147483648 -2147483648 -2147483648 -2147483648 -2147483648 -2147483648 -2147483648 -2147483648 -2147483648 -2147483648 -2147483648 -2147483648 -2147483648 -2147483648 -2147483648 -9 -14 -2147483648 -2147483648 -2147483648 -2147483648 -2147483648 -2147483648 -2147483648 -2147483648 -2147483648 -2147483648 -2147483648 -2147483648 -2147483648 -2147483648 -2147483648 -2147483648 -2147483648 -2147483648 -2147483648 -2147483648 -2147483648 -2147483648 -2147483648 -2147483648 -2147483648 -2147483648 -2147483648 -2147483648 -2147483648 -2147483648 -2147483648 -2147483648 -2147483648 -2147483648 -2147483648 -2147483648 -2147483648 -2147483648 -2147483648 -2147483648 -2147483648 -2147483648 -2147483648 -2147483648 -2147483648 -2147483648 -2147483648 -2147483648 -2147483648 -2147483648 -2147483648 -2147483648 -2147483648 -2147483648 -2147483648 -2147483648 -2147483648 -2147483648 -2147483648 -2147483648 -2147483648 -2147483648 -2147483648 -2147483648 -2147483648 -2147483648 -2147483648 -2147483648 -2147483648 -2147483648 -2147483648 -2147483648 -2147483648 -2147483648 -2147483648 -2147483648 -2147483648 -2147483648 -2147483648 -2147483648 -2147483648 -2147483648 -2147483648 -2147483648 -2147483648 -2147483648 -2147483648 -2147483648 -2147483648 -2147483648 -2147483648 -2147483648 -2147483648 -2147483648 -2147483648 -2147483648 -2147483648 -2147483648 -2147483648 -2147483648 -2147483648 -2147483648
split_feature= 1 1 6 1 6 7 8 7 8 8 7 6 8 8
split_gain= 1314.14 352.098 187.335 120.629 49.9238 48.6887 31.251 26.2905 51.6948 51.2848 32.8834 19.4639 16.4667 8.7785
threshold= 5.3736000000000006 3.3277500000000004 2.6829812717770039 7.3930000000000016 2.0376051459673437 37.935000000000009 -117.16499999999998 34.455000000000005 -120.09499999999998 -118.30499999999999 37.895000000000003 2.5763869593405579 -122.31499999999998 -122.31499999999998
decision_type= 2 2 2 2 2 2 2 2 2 2 2 2 2 2
left_child=1 4 5 11 -1 6 13 9 10 -6 12 -2 -9 -3
right_child=3 2 -4 -5 7 -7 -8 8 -10 -11 -12 -13 -14 -15
leaf_value= 0.0061275658795446235 0.082652265221795695 0.10087239381076921 -0.011176991121968518 0.10553847377013514 0.020900418145138249 -0.01771879254457236 -0.042538782264640994 0.064584829339771777 -0.07775384586265037 -0.030263101637251905 -0.052169742776322796 0.035011468706670594 -0.021830070194833191 0.038006028400584008
leaf_weight=847 534 222 3652 793 560 437 141 131 863 2621 1423 1466 985 1837
leaf_count=847 534 222 3652 793 560 437 141 131 863 2621 1423 1466 985 1837
model_size=1600
internal_value=0 -0.0130589 0.00598685 0.0641443 -0.0291799 0.0297572 0.0391876 -0.0337227 -0.0453795 -0.021256 -0.0343756 0.0477316 -0.0116864 0.0447842
internal_weight=0 13719 6289 2793 7430 2637 2200 6583 3402 3181 2539 2000 1116 2059
internal_count=16512 13719 6289 2793 7430 2637 2200 6583 3402 3181 2539 2000 1116 2059
is_linear=0
shrinkage=0.1


Tree=9
num_leaves= 13
num_cat= 0
full_tree_array_lgbids= 0 2 1 3 6 7 11 4 -5 -4 -8 -2 -9 -3 -13 5 -6 -2147483648 -2147483648 -2147483648 -2147483648 -2147483648 -2147483648 -2147483648 -2147483648 -2147483648 -2147483648 -2147483648 -2147483648 -2147483648 -2147483648 -1 8 -2147483648 -2147483648 -2147483648 -2147483648 -2147483648 -2147483648 -2147483648 -2147483648 -2147483648 -2147483648 -2147483648 -2147483648 -2147483648 -2147483648 -2147483648 -2147483648 -2147483648 -2147483648 -2147483648 -2147483648 -2147483648 -2147483648 -2147483648 -2147483648 -2147483648 -2147483648 -2147483648 -2147483648 -2147483648 -2147483648 -2147483648 -2147483648 9 10 -2147483648 -2147483648 -2147483648 -2147483648 -2147483648 -2147483648 -2147483648 -2147483648 -2147483648 -2147483648 -2147483648 -2147483648 -2147483648 -2147483648 -2147483648 -2147483648 -2147483648 -2147483648 -2147483648 -2147483648 -2147483648 -2147483648 -2147483648 -2147483648 -2147483648 -2147483648 -2147483648 -2147483648 -2147483648 -2147483648 -2147483648 -2147483648 -2147483648 -2147483648 -2147483648 -2147483648 -2147483648 -2147483648 -2147483648 -2147483648 -2147483648 -2147483648 -2147483648 -2147483648 -2147483648 -2147483648 -2147483648 -2147483648 -2147483648 -2147483648 -2147483648 -2147483648 -2147483648 -2147483648 -2147483648 -2147483648 -2147483648 -2147483648 -2147483648 -2147483648 -2147483648 -2147483648 -2147483648 -2147483648 -7 -11 -10 -12 -2147483648 -2147483648 -2147483648 -2147483648 -2147483648 -2147483648 -2147483648 -2147483648 -2147483648 -2147483648 -2147483648 -2147483648 -2147483648 -2147483648 -2147483648 -2147483648 -2147483648 -2147483648 -2147483648 -2147483648 -2147483648 -2147483648 -2147483648 -2147483648 -2147483648 -2147483648 -2147483648 -2147483648 -2147483648 -2147483648 -2147483648 -2147483648 -2147483648 -2147483648 -2147483648 -2147483648 -2147483648 -2147483648 -2147483648 -2147483648 -2147483648 -2147483648 -2147483648 -2147483648 -2147483648 -2147483648 -2147483648 -2147483648 -2147483648 -2147483648 -2147483648 -2147483648 -2147483648 -2147483648 -2147483648 -2147483648 -2147483648 -2147483648 -2147483648 -2147483648 -2147483648 -2147483648 -2147483648 -2147483648 -2147483648 -2147483648 -2147483648 -2147483648 -2147483648 -2147483648 -2147483648 -2147483648 -2147483648 -2147483648 -2147483648 -2147483648 -2147483648 -2147483648 -2147483648 -2147483648 -2147483648 -2147483648 -2147483648 -2147483648 -2147483648 -2147483648 -2147483648 -2147483648 -2147483648 -2147483648 -2147483648 -2147483648 -2147483648 -2147483648 -2147483648 -2147483648 -2147483648 -2147483648 -2147483648 -2147483648 -2147483648 -2147483648 -2147483648 -2147483648 -2147483648 -2147483648 -2147483648 -2147483648 -2147483648 -2147483648 -2147483648 -2147483648 -2147483648 -2147483648 -2147483648 -2147483648 -2147483648 -2147483648 -2147483648 -2147483648
split_feature= 1 1 6 7 8 8 1 6 7 8 8 2
split_gain= 1066.26 220.253 156.64 98.587 64.9048 39.0581 38.0352 38.0149 14.5717 49.8504 44.0729 1.66867
threshold= 4.5301500000000017 6.2770500000000009 2.4469862317432325 37.965000000000011 -117.145 -122.40499999999999 2.5205000000000006 2.735488224282792 34.455000000000005 -118.30499999999999 -120.09499999999998 29.500000000000004
decision_type= 2 2 2 2 2 2 2 2 2 2 2 2
left_child=2 7 3 4 5 -1 -4 -2 9 -7 -10 -3
right_child=1 11 6 -5 -6 8 -8 -9 10 -11 -12 -13
leaf_value= 0.099171819465551925 0.046312439515057924 0.060177001832433054 -0.041628529254532379 -0.035832775587895903 -0.047017997945261542 0.071704923076041524 -0.017411246015083492 0.008856959496730021 0.012590907181286769 0.0089430192820266017 -0.079968741318831846 0.10536836002149599
leaf_weight=188 1321 962 2837 782 293 539 5503 1919 700 726 168 574
leaf_count=188 1321 962 2837 782 293 539 5503 1919 700 726 168 574
model_size=1376
internal_value=0 0.041153 -0.0167474 0.00511404 0.0173636 0.0254911 -0.0256492 0.0241282 0.0189969 0.035685 -0.00532386 0.0770649
internal_weight=0 4776 11736 3396 2614 2321 8340 3240 2133 1265 868 1536
internal_count=16512 4776 11736 3396 2614 2321 8340 3240 2133 1265 868 1536
is_linear=0
shrinkage=0.1


Tree=10
num_leaves= 6
num_cat= 0
full_tree_array_lgbids= 0 3 1 -1 4 2 -3 -2147483648 -2147483648 -5 -6 -2 -4 -2147483648 -2147483648
split_feature= 1 1 6 6 1
split_gain= 859.589 224.147 81.2382 77.6997 29.7373
threshold= 4.125700000000001 6.5626000000000007 2.4469862317432325 2.0376051459673437 2.2210000000000005
decision_type= 2 2 2 2 2
left_child=3 2 -2 -1 -5
right_child=1 -3 -4 4 -6
leaf_value= 0.016050989277153215 0.054071185199272467 0.074097147536640651 0.010199247582932398 -0.039770106446105756 -0.015884129915758917
leaf_weight=1165 1033 1288 3679 2472 6875
leaf_count=1165 1033 1288 3679 2472 6875
model_size=592
internal_value=0 0.0314693 0.0198172 -0.0179619 -0.0222013
internal_weight=0 6000 4712 10512 9347
internal_count=16512 6000 4712 10512 9347
is_linear=0
shrinkage=0.1


Tree=11
num_leaves= 13
num_cat= 0
full_tree_array_lgbids= 0 1 8 3 2 9 -10 4 -5 10 -4 -2 -11 -2147483648 -2147483648 -1 5 -2147483648 -2147483648 -3 11 -2147483648 -2147483648 -2147483648 -2147483648 -2147483648 -2147483648 -2147483648 -2147483648 -2147483648 -2147483648 -2147483648 -2147483648 6 7 -2147483648 -2147483648 -2147483648 -2147483648 -2147483648 -2147483648 -12 -13 -2147483648 -2147483648 -2147483648 -2147483648 -2147483648 -2147483648 -2147483648 -2147483648 -2147483648 -2147483648 -2147483648 -2147483648 -2147483648 -2147483648 -2147483648 -2147483648 -2147483648 -2147483648 -2147483648 -2147483648 -2147483648 -2147483648 -2147483648 -2147483648 -6 -8 -7 -9 -2147483648 -2147483648 -2147483648 -2147483648 -2147483648 -2147483648 -2147483648 -2147483648 -2147483648 -2147483648 -2147483648 -2147483648 -2147483648 -2147483648 -2147483648 -2147483648 -2147483648 -2147483648 -2147483648 -2147483648 -2147483648 -2147483648 -2147483648 -2147483648 -2147483648 -2147483648 -2147483648 -2147483648 -2147483648 -2147483648 -2147483648 -2147483648 -2147483648 -2147483648 -2147483648 -2147483648 -2147483648 -2147483648 -2147483648 -2147483648 -2147483648 -2147483648 -2147483648 -2147483648 -2147483648 -2147483648 -2147483648 -2147483648 -2147483648 -2147483648 -2147483648 -2147483648 -2147483648 -2147483648 -2147483648 -2147483648
split_feature= 1 1 6 7 8 7 8 8 1 2 2 6
split_gain= 706.44 197.291 67.2327 27.9535 83.6206 25.6781 123.878 88.555 20.8137 1.21475 1.01873 13.3944
threshold= 5.6042500000000013 3.6530500000000008 2.7762783380468687 38.475000000000001 -122.38499999999998 34.455000000000005 -118.30499999999999 -121.36499999999999 8.0125000000000011 26.500000000000004 16.500000000000004 2.0653737590585881
decision_type= 2 2 2 2 2 2 2 2 2 2 2 2
left_child=1 3 10 4 -1 6 -6 -7 9 -2 -3 -12
right_child=8 2 -4 -5 5 7 -8 -9 -10 -11 11 -13
leaf_value= 0.051748369787778109 0.025454360029890412 -0.0076819263391290213 -0.0068170884349705307 -0.046306424332932306 0.033737475349589242 -0.0035024545087080773 -0.019771438778124664 -0.0528764637062819 0.089363328954136942 0.066995646430850972 0.080890951587596571 0.025141933386772154
leaf_weight=336 1125 538 2811 1260 870 1111 3456 1697 548 733 344 1683
leaf_count=336 1125 538 2811 1260 870 1111 3456 1697 548 733 344 1683
model_size=1376
internal_value=0 -0.00898306 0.00871366 -0.0198808 -0.0154235 -0.0185872 -0.00901028 -0.0333414 0.0526663 0.0418428 0.0257339 0.034603
internal_weight=0 14106 5376 8730 7470 7134 4326 2808 2406 1858 2565 2027
internal_count=16512 14106 5376 8730 7470 7134 4326 2808 2406 1858 2565 2027
is_linear=0
shrinkage=0.1


Tree=12
num_leaves= 7
num_cat= 0
full_tree_array_lgbids= 0 1 3 -1 2 -2 -5 -2147483648 -2147483648 4 -4 -2147483648 -2147483648 -2147483648 -2147483648 -2147483648 -2147483648 -2147483648 -2147483648 5 -6 -2147483648 -2147483648 -2147483648 -2147483648 -2147483648 -2147483648 -2147483648 -2147483648 -2147483648 -2147483648 -2147483648 -2147483648 -2147483648 -2147483648 -2147483648 -2147483648 -2147483648 -2147483648 -3 -7 -2147483648 -2147483648 -2147483648 -2147483648 -2147483648 -2147483648 -2147483648 -2147483648 -2147483648 -2147483648 -2147483648 -2147483648 -2147483648 -2147483648 -2147483648 -2147483648 -2147483648 -2147483648 -2147483648 -2147483648 -2147483648 -2147483648
split_feature= 1 1 6 1 7 8
split_gain= 557.764 116.971 68.4219 25.4347 1.84228 12.5388
threshold= 5.2771000000000017 3.0251000000000006 2.6775496909791765 7.852450000000001 37.895000000000003 -122.29499999999999
decision_type= 2 2 2 2 2 2
left_child=1 -1 4 -2 5 -3
right_child=3 2 -4 -5 -6 -7
leaf_value= -0.022553609403113725 0.032369725453130771 0.082955703945767498 -0.010572970489514661 0.07834255668778245 -0.014561384962464969 0.019237528676808845
leaf_weight=6033 2374 244 4271 609 619 2362
leaf_count=6033 2374 244 4271 609 619 2362
model_size=704
internal_value=0 -0.00920662 0.00153543 0.0417554 0.0175711 0.0252035
internal_weight=0 13529 7496 2983 3225 2606
internal_count=16512 13529 7496 2983 3225 2606
is_linear=0
shrinkage=0.1


Tree=13
num_leaves= 8
num_cat= 0
full_tree_array_lgbids= 0 2 1 3 -4 5 -3 4 -5 -2147483648 -2147483648 -2 -7 -2147483648 -2147483648 -1 6 -2147483648 -2147483648 -2147483648 -2147483648 -2147483648 -2147483648 -2147483648 -2147483648 -2147483648 -2147483648 -2147483648 -2147483648 -2147483648 -2147483648 -2147483648 -2147483648 -6 -8 -2147483648 -2147483648 -2147483648 -2147483648 -2147483648 -2147483648 -2147483648 -2147483648 -2147483648 -2147483648 -2147483648 -2147483648 -2147483648 -2147483648 -2147483648 -2147483648 -2147483648 -2147483648 -2147483648 -2147483648 -2147483648 -2147483648 -2147483648 -2147483648 -2147483648 -2147483648 -2147483648 -2147483648
split_feature= 1 1 6 7 8 6 8
split_gain= 449.291 66.05 47.7992 48.8655 28.4016 24.7372 1.53156
threshold= 4.405050000000001 6.8672000000000013 2.5949646725452555 37.935000000000009 -122.35499999999998 3.0298305221858191 -117.145
decision_type= 2 2 2 2 2 2 2
left_child=2 5 3 4 -1 -2 -6
right_child=1 -3 -4 -5 6 -7 -8
leaf_value= 0.079120937516828152 0.02998453427399041 0.05998700450821931 -0.02013422142026788 -0.027102407740813014 0.013094217610179948 -0.003368379810364034 -0.036699737398916736
leaf_weight=220 2628 1040 7106 1140 2577 1432 369
leaf_count=220 2628 1040 7106 1140 2577 1432 369
model_size=816
internal_value=0 0.0267377 -0.011949 0.00155863 0.0118788 0.0182206 0.0068573
internal_weight=0 5100 11412 4306 3166 4060 2946
internal_count=16512 5100 11412 4306 3166 4060 2946
is_linear=0
shrinkage=0.1


Tree=14
num_leaves= 8
num_cat= 0
full_tree_array_lgbids= 0 3 1 4 5 2 -3 -1 -6 6 -7 -2 -4 -2147483648 -2147483648 -2147483648 -2147483648 -2147483648 -2147483648 -5 -8 -2147483648 -2147483648 -2147483648 -2147483648 -2147483648 -2147483648 -2147483648 -2147483648 -2147483648 -2147483648
split_feature= 1 1 6 7 8 8 7
split_gain= 358.544 83.0775 13.9788 12.4474 99.0827 95.5136 45.2499
threshold= 3.9221500000000007 5.8308000000000009 2.3055777777777782 34.455000000000005 -118.29499999999999 -121.675 38.675000000000004
decision_type= 2 2 2 2 2 2 2
left_child=3 2 -2 4 -1 6 -5
right_child=1 -3 -4 5 -6 -7 -8
leaf_value= 0.031326177679115802 0.041530991208363829 0.042692606501185254 0.0029822747676756128 0.011040665308668639 -0.014323769240306233 -0.040538218863828468 -0.044952199817413802
leaf_weight=1114 751 2094 3939 1668 3748 2672 526
leaf_count=1114 751 2094 3939 1668 3748 2672 526
model_size=816
internal_value=0 0.019507 0.009155 -0.0136035 -0.00386428 -0.0233348 -0.00238333
internal_weight=0 6784 4690 9728 4862 4866 2194
internal_count=16512 6784 4690 9728 4862 4866 2194
is_linear=0
shrinkage=0.1


Tree=15
num_leaves= 9
num_cat= 0
full_tree_array_lgbids= 0 1 -2 2 -3 -2147483648 -2147483648 -1 3 -2147483648 -2147483648 -2147483648 -2147483648 -2147483648 -2147483648 -2147483648 -2147483648 4 -5 -2147483648 -2147483648 -2147483648 -2147483648 -2147483648 -2147483648 -2147483648 -2147483648 -2147483648 -2147483648 -2147483648 -2147483648 -2147483648 -2147483648 -2147483648 -2147483648 5 -6 -2147483648 -2147483648 -2147483648 -2147483648 -2147483648 -2147483648 -2147483648 -2147483648 -2147483648 -2147483648 -2147483648 -2147483648 -2147483648 -2147483648 -2147483648 -2147483648 -2147483648 -2147483648 -2147483648 -2147483648 -2147483648 -2147483648 -2147483648 -2147483648 -2147483648 -2147483648 -2147483648 -2147483648 -2147483648 -2147483648 -2147483648 -2147483648 -2147483648 -2147483648 7 6 -2147483648 -2147483648 -2147483648 -2147483648 -2147483648 -2147483648 -2147483648 -2147483648 -2147483648 -2147483648 -2147483648 -2147483648 -2147483648 -2147483648 -2147483648 -2147483648 -2147483648 -2147483648 -2147483648 -2147483648 -2147483648 -2147483648 -2147483648 -2147483648 -2147483648 -2147483648 -2147483648 -2147483648 -2147483648 -2147483648 -2147483648 -2147483648 -2147483648 -2147483648 -2147483648 -2147483648 -2147483648 -2147483648 -2147483648 -2147483648 -2147483648 -2147483648 -2147483648 -2147483648 -2147483648 -2147483648 -2147483648 -2147483648 -2147483648 -2147483648 -2147483648 -2147483648 -2147483648 -2147483648 -2147483648 -2147483648 -2147483648 -2147483648 -2147483648 -2147483648 -2147483648 -2147483648 -2147483648 -2147483648 -2147483648 -2147483648 -2147483648 -2147483648 -2147483648 -2147483648 -4 -9 -7 -8 -2147483648 -2147483648 -2147483648 -2147483648 -2147483648 -2147483648 -2147483648 -2147483648 -2147483648 -2147483648 -2147483648 -2147483648 -2147483648 -2147483648 -2147483648 -2147483648 -2147483648 -2147483648 -2147483648 -2147483648 -2147483648 -2147483648 -2147483648 -2147483648 -2147483648 -2147483648 -2147483648 -2147483648 -2147483648 -2147483648 -2147483648 -2147483648 -2147483648 -2147483648 -2147483648 -2147483648 -2147483648 -2147483648 -2147483648 -2147483648 -2147483648 -2147483648 -2147483648 -2147483648 -2147483648 -2147483648 -2147483648 -2147483648 -2147483648 -2147483648 -2147483648 -2147483648 -2147483648 -2147483648 -2147483648 -2147483648 -2147483648 -2147483648 -2147483648 -2147483648 -2147483648 -2147483648 -2147483648 -2147483648 -2147483648 -2147483648 -2147483648 -2147483648 -2147483648 -2147483648 -2147483648 -2147483648 -2147483648 -2147483648 -2147483648 -2147483648 -2147483648 -2147483648 -2147483648 -2147483648 -2147483648 -2147483648 -2147483648 -2147483648 -2147483648 -2147483648 -2147483648 -2147483648 -2147483648 -2147483648 -2147483648 -2147483648 -2147483648 -2147483648 -2147483648 -2147483648 -2147483648 -2147483648 -2147483648 -2147483648 -2147483648 -2147483648 -2147483648 -2147483648 -2147483648 -2147483648 -2147483648 -2147483648
split_feature= 1 7 8 6 8 7 8 8
split_gain= 274.926 56.9625 130.392 68.9924 39.8062 106.97 123.647 14.0565
threshold= 5.6042500000000013 37.925000000000004 -122.31499999999998 3.0973600929976173 -117.77499999999999 34.525000000000013 -119.94499999999998 -118.36499999999999
decision_type= 2 2 2 2 2 2 2 2
left_child=1 2 -1 4 5 7 -7 -4
right_child=-2 -3 3 -5 -6 6 -8 -9
leaf_value= 0.057739967569205602 0.035555815314472695 -0.026418995209754111 0.059097355262502031 -0.018957800359321639 -0.018852265632023083 0.0092784742469147509 -0.059618333820893703 0.018240305549617666
leaf_weight=577 2406 2696 819 4282 1594 1671 582 1885
leaf_count=577 2406 2696 819 4282 1594 1671 582 1885
model_size=928
internal_value=0 -0.0060646 -0.00125519 -0.00439746 0.00511978 0.0128284 -0.0085191 0.0306153
internal_weight=0 14106 11410 10833 6551 4957 2253 2704
internal_count=16512 14106 11410 10833 6551 4957 2253 2704
is_linear=0
shrinkage=0.1


Tree=16
num_leaves= 5
num_cat= 0
full_tree_array_lgbids= 0 -1 1 -2147483648 -2147483648 -2 2 -2147483648 -2147483648 -2147483648 -2147483648 -2147483648 -2147483648 3 -4 -2147483648 -2147483648 -2147483648 -2147483648 -2147483648 -2147483648 -2147483648 -2147483648 -2147483648 -2147483648 -2147483648 -2147483648 -3 -5 -2147483648 -2147483648
split_feature= 1 2 1 6
split_gain= 221.37 39.1114 20.5318 8.3535
threshold= 3.8346500000000003 17.500000000000004 6.1273500000000007 2.0653737590585881
decision_type= 2 2 2 2
left_child=-1 -2 3 -3
right_child=1 2 -4 -5
leaf_value= -0.011723745443535119 -0.0049581969767020749 0.070982928130194856 0.050046086061691114 0.011847892859367772
leaf_weight=9454 2031 281 1171 3575
leaf_count=9454 2031 281 1171 3575
model_size=480
internal_value=0 0.0157036 0.0240514 0.0161573
internal_weight=0 7058 5027 3856
internal_count=16512 7058 5027 3856
is_linear=0
shrinkage=0.1


Tree=17
num_leaves= 7
num_cat= 0
full_tree_array_lgbids= 0 1 4 2 -3 5 -6 3 -4 -2147483648 -2147483648 -2 -7 -2147483648 -2147483648 -1 -5 -2147483648 -2147483648 -2147483648 -2147483648 -2147483648 -2147483648 -2147483648 -2147483648 -2147483648 -2147483648 -2147483648 -2147483648 -2147483648 -2147483648
split_feature= 1 6 7 8 7 8
split_gain= 166.814 8.31762 13.2888 12.7452 8.22741 29.5683
threshold= 4.5993500000000003 2.8079590171801518 38.475000000000001 -122.35499999999998 37.955000000000005 -118.02499999999999
decision_type= 2 2 2 2 2 2
left_child=1 2 3 -1 5 -2
right_child=4 -3 -4 -5 -6 -7
leaf_value= 0.050958700186111427 0.035674765035027194 -0.016492585031361376 -0.026309758939338547 0.0025216897409352686 -0.023786122317120451 0.00015263458566553749
leaf_weight=452 2837 5906 1065 4502 436 1314
leaf_count=452 2837 5906 1065 4502 436 1314
model_size=704
internal_value=0 -0.00763431 0.00105767 0.00694105 0.0198472 0.0244302
internal_weight=0 11925 6019 4954 4587 4151
internal_count=16512 11925 6019 4954 4587 4151
is_linear=0
shrinkage=0.1


Tree=18
num_leaves= 4
num_cat= 0
full_tree_array_lgbids= 0 1 -2 -1 2 -2147483648 -2147483648 -2147483648 -2147483648 -3 -4 -2147483648 -2147483648 -2147483648 -2147483648
split_feature= 1 1 6
split_gain= 129.153 21.0609 9.27155
threshold= 5.8308000000000009 2.3096500000000004 2.0653737590585881
decision_type= 2 2 2
left_child=1 -1 -3
right_child=-2 2 -4
leaf_value= -0.020619394151312805 0.029865717178995839 0.027001196516543841 -0.0029375482620304432
leaf_weight=3126 2094 1172 10120
leaf_count=3126 2094 1172 10120
model_size=368
internal_value=0 -0.00433755 0.000169803
internal_weight=0 14418 11292
internal_count=16512 14418 11292
is_linear=0
shrinkage=0.1


Tree=19
num_leaves= 5
num_cat= 0
full_tree_array_lgbids= 0 -1 1 -2147483648 -2147483648 2 -3 -2147483648 -2147483648 -2147483648 -2147483648 3 -4 -2147483648 -2147483648 -2147483648 -2147483648 -2147483648 -2147483648 -2147483648 -2147483648 -2147483648 -2147483648 -2 -5 -2147483648 -2147483648 -2147483648 -2147483648 -2147483648 -2147483648
split_feature= 1 6 7 8
split_gain= 97.2965 15.6591 3.49753 7.75951
threshold= 3.6530500000000008 2.9742256672023202 37.925000000000004 -117.85499999999998
decision_type= 2 2 2 2
left_child=-1 2 3 -2
right_child=1 -3 -4 -5
leaf_value= -0.0099305671985681007 0.033005215812552426 -0.0033474157767980762 -0.01277908677195197 -0.0054259295636034759
leaf_weight=8730 3328 2974 702 778
leaf_count=8730 3328 2974 702 778
model_size=480
internal_value=0 0.0111403 0.0201017 0.0257233
internal_weight=0 7782 4808 4106
internal_count=16512 7782 4808 4106
is_linear=0
shrinkage=0.1


Tree=20
num_leaves= 8
num_cat= 0
full_tree_array_lgbids= 0 1 -2 2 -3 -2147483648 -2147483648 5 3 -2147483648 -2147483648 -2147483648 -2147483648 -2147483648 -2147483648 6 -7 4 -5 -2147483648 -2147483648 -2147483648 -2147483648 -2147483648 -2147483648 -2147483648 -2147483648 -2147483648 -2147483648 -2147483648 -2147483648 -1 -8 -2147483648 -2147483648 -4 -6 -2147483648 -2147483648 -2147483648 -2147483648 -2147483648 -2147483648 -2147483648 -2147483648 -2147483648 -2147483648 -2147483648 -2147483648 -2147483648 -2147483648 -2147483648 -2147483648 -2147483648 -2147483648 -2147483648 -2147483648 -2147483648 -2147483648 -2147483648 -2147483648 -2147483648 -2147483648
split_feature= 1 8 7 8 7 8 7
split_gain= 70.5199 9.56102 91.5421 172.12 43.5014 18.8647 26.7039
threshold= 5.8308000000000009 -117.77499999999999 34.525000000000013 -121.56499999999998 38.815000000000005 -118.35499999999998 34.155000000000008
decision_type= 2 2 2 2 2 2 2
left_child=1 2 5 4 -4 6 -1
right_child=-2 -3 3 -5 -6 -7 -8
leaf_value= 0.076378538148245786 0.025557744317528105 -0.021507523760210187 0.015235837028801338 -0.031906887250487875 -0.034959845706116315 0.0058417646446988058 0.01538051666771482
leaf_weight=496 2094 2498 3166 3088 615 3768 787
leaf_count=496 2094 2498 3166 3088 615 3768 787
model_size=816
internal_value=0 -0.00371188 1.74394e-05 -0.0104516 0.00707124 0.0142546 0.038962
internal_weight=0 14418 11920 6869 3781 5051 1283
internal_count=16512 14418 11920 6869 3781 5051 1283
is_linear=0
shrinkage=0.1


Tree=21
num_leaves= 2
num_cat= 0
full_tree_array_lgbids= 0 -1 -2
split_feature= 1
split_gain= 39.3824
threshold= 5.8308000000000009
decision_type= 2
left_child=-1
right_child=-2
leaf_value= -0.0033406939173882978 0.023001969825841764
leaf_weight=14418 2094
leaf_count=14418 2094
model_size=144
internal_value=0
internal_weight=0
internal_count=16512
is_linear=0
shrinkage=0.1


Tree=22
num_leaves= 5
num_cat= 0
full_tree_array_lgbids= 0 1 -2 2 -3 -2147483648 -2147483648 -1 3 -2147483648 -2147483648 -2147483648 -2147483648 -2147483648 -2147483648 -2147483648 -2147483648 -4 -5 -2147483648 -2147483648 -2147483648 -2147483648 -2147483648 -2147483648 -2147483648 -2147483648 -2147483648 -2147483648 -2147483648 -2147483648
split_feature= 6 7 8 7
split_gain= 31.3936 59.8366 41.5396 13.6921
threshold= 3.1336552646136835 37.925000000000004 -117.75499999999998 33.565000000000005
decision_type= 2 2 2 2
left_child=1 2 -1 -4
right_child=-2 -3 3 -5
leaf_value= 0.018024168851645584 -0.012495295290694536 -0.01588770353880321 0.0083416316188716644 -0.039153888417381377
leaf_weight=6988 5219 2460 1065 780
leaf_count=6988 5219 2460 1065 780
model_size=480
internal_value=0 0.00577463 0.0118076 -0.0117378
internal_weight=0 11293 8833 1845
internal_count=16512 11293 8833 1845
is_linear=0
shrinkage=0.1


Tree=23
num_leaves= 2
num_cat= 0
full_tree_array_lgbids= 0 -1 -2
split_feature= 1
split_gain= 17.2859
threshold= 3.8346500000000003
decision_type= 2
left_child=-1
right_child=-2
leaf_value= -0.0069199602968248791 0.0092690995537245933
leaf_weight=9454 7058
leaf_count=9454 7058
model_size=144
internal_value=0
internal_weight=0
internal_count=16512
is_linear=0
shrinkage=0.1


Tree=24
num_leaves= 2
num_cat= 0
full_tree_array_lgbids= 0 -1 -2
split_feature= 1
split_gain= 11.1945
threshold= 7.2638000000000007
decision_type= 2
left_child=-1
right_child=-2
leaf_value= -0.0018180753280332231 0.033334219470686675
leaf_weight=15658 854
leaf_count=15658 854
model_size=144
internal_value=0
internal_weight=0
internal_count=16512
is_linear=0
shrinkage=0.1


Tree=25
num_leaves= 9
num_cat= 0
full_tree_array_lgbids= 0 1 -2 -1 2 -2147483648 -2147483648 -2147483648 -2147483648 3 -4 -2147483648 -2147483648 -2147483648 -2147483648 -2147483648 -2147483648 -2147483648 -2147483648 6 4 -2147483648 -2147483648 -2147483648 -2147483648 -2147483648 -2147483648 -2147483648 -2147483648 -2147483648 -2147483648 -2147483648 -2147483648 -2147483648 -2147483648 -2147483648 -2147483648 -2147483648 -2147483648 7 -8 5 -6 -2147483648 -2147483648 -2147483648 -2147483648 -2147483648 -2147483648 -2147483648 -2147483648 -2147483648 -2147483648 -2147483648 -2147483648 -2147483648 -2147483648 -2147483648 -2147483648 -2147483648 -2147483648 -2147483648 -2147483648 -2147483648 -2147483648 -2147483648 -2147483648 -2147483648 -2147483648 -2147483648 -2147483648 -2147483648 -2147483648 -2147483648 -2147483648 -2147483648 -2147483648 -2147483648 -2147483648 -3 -9 -2147483648 -2147483648 -5 -7 -2147483648 -2147483648 -2147483648 -2147483648 -2147483648 -2147483648 -2147483648 -2147483648 -2147483648 -2147483648 -2147483648 -2147483648 -2147483648 -2147483648 -2147483648 -2147483648 -2147483648 -2147483648 -2147483648 -2147483648 -2147483648 -2147483648 -2147483648 -2147483648 -2147483648 -2147483648 -2147483648 -2147483648 -2147483648 -2147483648 -2147483648 -2147483648 -2147483648 -2147483648 -2147483648 -2147483648 -2147483648 -2147483648 -2147483648 -2147483648 -2147483648 -2147483648
split_feature= 7 8 8 7 8 7 8 7
split_gain= 6.36736 52.6594 22.5162 52.7469 193.009 39.7798 26.8533 43.2881
threshold= 37.915000000000006 -122.31499999999998 -117.75499999999998 34.525000000000013 -120.56499999999998 37.57500000000001 -118.36499999999999 34.155000000000008
decision_type= 2 2 2 2 2 2 2 2
left_child=1 -1 3 6 5 -5 7 -3
right_child=-2 2 -4 4 -6 -7 -8 -9
leaf_value= 0.048401404690734152 -0.016414530798325746 0.073690434087830617 -0.016574599015584706 0.028086244261787775 -0.046059856600642296 -0.015509350477640594 0.0075159915739619375 0.015023642303662316
leaf_weight=670 2921 652 2777 1625 1334 1168 4420 945
leaf_count=670 2921 652 2777 1625 1334 1168 4420 945
model_size=928
internal_value=0 0.00352784 0.00120098 0.00606719 -0.00821871 0.00985508 0.0158657 0.0389753
internal_weight=0 13591 12921 10144 4127 2793 6017 1597
internal_count=16512 13591 12921 10144 4127 2793 6017 1597
is_linear=0
shrinkage=0.1


Tree=26
num_leaves= 3
num_cat= 0
full_tree_array_lgbids= 0 1 -2 -1 -3 -2147483648 -2147483648
split_feature= 6 7
split_gain= 1.23775 4.37374
threshold= 3.1100458715596333 37.925000000000004
decision_type= 2 2
left_child=1 -1
right_child=-2 -3
leaf_value= 0.010108959254707818 -0.010679061963357807 -0.012285104986295115
leaf_weight=8670 5414 2428
leaf_count=8670 5414 2428
model_size=256
internal_value=0 0.00520963
internal_weight=0 11098
internal_count=16512 11098
is_linear=0
shrinkage=0.1


end of trees

feature_importances:
Column_1=78
Column_6=60
Column_8=55
Column_7=50
Column_2=33
Column_3=10

parameters:
[boosting: gbdt]
[objective: regression]
[metric: rmse]
[tree_learner: serial]
[device_type: cpu]
[data_sample_strategy: bagging]
[data: data/california_housing.libsvm.train]
[valid: data/california_housing.libsvm.test]
[num_iterations: 30]
[learning_rate: 0.1]
[num_leaves: 255]
[num_threads: 0]
[seed: 42]
[deterministic: 0]
[force_col_wise: 0]
[force_row_wise: 0]
[histogram_pool_size: -1]
[max_depth: 7]
[min_data_in_leaf: 10]
[min_sum_hessian_in_leaf: 0.001]
[bagging_fraction: 1]
[pos_bagging_fraction: 1]
[neg_bagging_fraction: 1]
[bagging_freq: 0]
[bagging_seed: 400]
[feature_fraction: 1]
[feature_fraction_bynode: 1]
[feature_fraction_seed: 30056]
[extra_trees: 0]
[extra_seed: 12879]
[early_stopping_round: 0]
[early_stopping_min_delta: 0]
[first_metric_only: 0]
[max_delta_step: 0]
[lambda_l1: 0]
[lambda_l2: 0]
[linear_lambda: 0]
[min_gain_to_split: 0]
[drop_rate: 0.1]
[max_drop: 50]
[skip_drop: 0.5]
[xgboost_dart_mode: 0]
[uniform_drop: 0]
[drop_seed: 17869]
[top_rate: 0.2]
[other_rate: 0.1]
[min_data_per_group: 100]
[max_cat_threshold: 32]
[cat_l2: 10]
[cat_smooth: 10]
[max_cat_to_onehot: 4]
[top_k: 20]
[monotone_constraints: ]
[monotone_constraints_method: basic]
[monotone_penalty: 0]
[feature_contri: ]
[forcedsplits_filename: ]
[refit_decay_rate: 0.9]
[tinygbdt_penalty_feature: 4]
[tinygbdt_penalty_split: 0.125]
[tinygbdt_forestsize: 64000]
[tinygbdt_precision: 7]
[cegb_tradeoff: 1]
[cegb_penalty_split: 0]
[cegb_penalty_feature_lazy: ]
[cegb_penalty_feature_coupled: ]
[path_smooth: 0]
[interaction_constraints: ]
[verbosity: 2]
[saved_feature_importance_type: 0]
[use_quantized_grad: 0]
[num_grad_quant_bins: 4]
[quant_train_renew_leaf: 0]
[stochastic_rounding: 1]
[linear_tree: 0]
[max_bin: 255]
[max_bin_by_feature: ]
[min_data_in_bin: 3]
[bin_construct_sample_cnt: 200000]
[data_random_seed: 175]
[is_enable_sparse: 1]
[enable_bundle: 1]
[use_missing: 1]
[zero_as_missing: 0]
[feature_pre_filter: 1]
[pre_partition: 0]
[two_round: 0]
[header: 0]
[label_column: ]
[weight_column: ]
[group_column: ]
[ignore_column: ]
[categorical_feature: ]
[forcedbins_filename: ]
[precise_float_parser: 0]
[parser_config_file: ]
[objective_seed: 16083]
[num_class: 1]
[is_unbalance: 0]
[scale_pos_weight: 1]
[sigmoid: 1]
[boost_from_average: 1]
[reg_sqrt: 0]
[alpha: 0.9]
[fair_c: 1]
[poisson_max_delta_step: 0.7]
[tweedie_variance_power: 1.5]
[lambdarank_truncation_level: 30]
[lambdarank_norm: 1]
[label_gain: ]
[lambdarank_position_bias_regularization: 0]
[eval_at: ]
[multi_error_top_k: 1]
[auc_mu_weights: ]
[num_machines: 1]
[local_listen_port: 12400]
[time_out: 120]
[machine_list_filename: ]
[machines: ]
[gpu_platform_id: -1]
[gpu_device_id: -1]
[gpu_use_dp: 0]
[num_gpu: 1]

end of parameters
