tree
version=v4
num_class=1
num_tree_per_iteration=1
label_index=0
max_feature_idx=21
objective=binary sigmoid:1
feature_names=Column_0 Column_1 Column_2 Column_3 Column_4 Column_5 Column_6 Column_7 Column_8 Column_9 Column_10 Column_11 Column_12 Column_13 Column_14 Column_15 Column_16 Column_17 Column_18 Column_19 Column_20 Column_21
feature_infos=[0:5] [0:3] [0:9] [0:1] [0:8] [0:1] [0:1] [0:1] [0:11] [0:1] [0:4] [0:3] [0:3] [0:8] [0:8] none [0:3] [0:2] [0:4] [0:8] [0:5] [0:6]
tree_sizes=2154 2152 2050 1961 1789 1797 1791 1796 1795 1885 1803 1880 1714 1633 1553 1549 1548 1546 1547 1080 806 1543 717 722 720 538 715 797

Tree=0
num_leaves= 14
num_cat= 0
full_tree_array_lgbids= 0 1 2 5 9 4 3 -1 -7 11 10 -2 -6 7 6 -2147483648 -2147483648 -2147483648 -2147483648 -3 -13 -11 -12 -2147483648 -2147483648 -2147483648 -2147483648 -4 12 8 -8 -2147483648 -2147483648 -2147483648 -2147483648 -2147483648 -2147483648 -2147483648 -2147483648 -2147483648 -2147483648 -2147483648 -2147483648 -2147483648 -2147483648 -2147483648 -2147483648 -2147483648 -2147483648 -2147483648 -2147483648 -2147483648 -2147483648 -2147483648 -2147483648 -2147483648 -2147483648 -9 -14 -5 -10 -2147483648 -2147483648
split_feature= 8 20 19 7 4 10 9 13 21 21 1 12 17
split_gain= 2184.43 1168.51 1111.02 752.545 237.473 198.239 144.713 113.034 76.0663 23.4032 26.1752 11.1809 9.98253
threshold= 3.5000000000000004 3.5000000000000004 1.5000000000000002 1.0000000180025095e-35 4.5000000000000009 1.0000000180025095e-35 1.0000000180025095e-35 1.5000000000000002 1.5000000000000002 4.5000000000000009 1.5000000000000002 1.0000000180025095e-35 1.5000000000000002
decision_type= 2 2 2 2 2 2 2 2 2 2 2 2 2
left_child=1 5 4 7 -2 -1 8 -4 -5 11 -11 -3 -9
right_child=2 9 3 6 -6 -7 -8 12 -10 10 -12 -13 -14
leaf_value= 0.13625295265526666 0.13625295265526666 -0.075779630963319758 0.13625295265526666 0.13625295265526666 -0.26425303862428545 -0.26425303862428545 -0.26425303862428545 -0.26425303862428545 -0.037299643565872592 -0.26425303862428551 0.1362529526552666 0.13625295265526666 -0.21434973619648184
leaf_weight=14.48168098926544 127.58860319852829 4.2446306347846976 7.7402088046073905 58.176408112049103 17.228206694126129 104.36797678470612 17.228206694126129 603.98597091436386 52.433672547340393 3.9949464797973615 4.4943147897720337 528.58135610818863 78.151140511035919
leaf_count=58 511 17 31 233 69 418 69 2419 210 16 18 2117 313
model_size=1488
internal_value=-0.0711178 0.0691485 -0.167321 -0.212646 0.0886066 -0.215452 0.0110948 -0.254106 0.053982 0.131635 -0.0522205 0.134564 -0.258536
internal_weight=0 660.165 962.532 817.716 144.817 118.85 127.838 689.877 110.61 541.315 8.48926 532.826 682.137
internal_count=6499 2644 3855 3275 580 476 512 2763 443 2168 34 2134 2732
is_linear=0
shrinkage=1


Tree=1
num_leaves= 14
num_cat= 0
full_tree_array_lgbids= 0 1 2 5 9 4 3 -1 -7 12 10 -2 -6 7 6 -2147483648 -2147483648 -2147483648 -2147483648 -3 -14 -11 -12 -2147483648 -2147483648 -2147483648 -2147483648 -4 11 8 -8 -2147483648 -2147483648 -2147483648 -2147483648 -2147483648 -2147483648 -2147483648 -2147483648 -2147483648 -2147483648 -2147483648 -2147483648 -2147483648 -2147483648 -2147483648 -2147483648 -2147483648 -2147483648 -2147483648 -2147483648 -2147483648 -2147483648 -2147483648 -2147483648 -2147483648 -2147483648 -9 -13 -5 -10 -2147483648 -2147483648
split_feature= 8 20 19 7 4 10 9 13 1 21 4 2 12
split_gain= 1779.07 944.781 905.302 615.867 187.983 157.454 112.939 87.87 62.8562 13.291 17.2455 5.43876 4.93229
threshold= 3.5000000000000004 3.5000000000000004 1.5000000000000002 1.0000000180025095e-35 4.5000000000000009 1.0000000180025095e-35 1.0000000180025095e-35 1.5000000000000002 1.0000000180025095e-35 4.5000000000000009 4.5000000000000009 1.0000000180025095e-35 1.0000000180025095e-35
decision_type= 2 2 2 2 2 2 2 2 2 2 2 2 2
left_child=1 5 4 7 -2 -1 8 -4 -5 12 -11 -9 -3
right_child=2 9 3 6 -6 -7 -8 11 -10 10 -12 -13 -14
leaf_value= 0.18726217829300001 0.18726217829300001 -0.0041963809298885936 0.18726217829300001 -0.0063099339957545537 -0.17677793099633521 -0.17677793099633521 -0.17677793099633521 -0.033574901671692629 0.16833112306567927 0.18726217829300007 -0.17677793099633518 -0.17311844735227278 0.18726217829300001
leaf_weight=14.432910382747648 127.15891733765602 4.2439043670892707 7.7141417562961569 35.162857502698898 16.952329516410828 102.69672083854675 16.952329516410828 8.1559575051069242 75.299371302127838 4.4791790843009931 3.9309749603271484 663.51634049415588 526.80122897028923
leaf_count=58 511 17 31 141 69 418 69 33 302 18 16 2699 2117
model_size=1488
internal_value=0 0.126905 -0.0877309 -0.129201 0.144439 -0.13192 0.0742188 -0.167351 0.112739 0.183103 0.0171068 -0.171424 0.185732
internal_weight=0 656.585 950.912 806.801 144.111 117.13 127.415 679.386 110.462 539.455 8.41015 671.672 531.045
internal_count=6499 2644 3855 3275 580 476 512 2763 443 2168 34 2732 2134
is_linear=0
shrinkage=0.1


Tree=2
num_leaves= 13
num_cat= 0
full_tree_array_lgbids= 0 1 2 5 9 4 3 -1 -7 -3 10 -2 -6 8 6 -2147483648 -2147483648 -2147483648 -2147483648 -2147483648 -2147483648 -11 -12 -2147483648 -2147483648 -2147483648 -2147483648 -4 11 7 -8 -2147483648 -2147483648 -2147483648 -2147483648 -2147483648 -2147483648 -2147483648 -2147483648 -2147483648 -2147483648 -2147483648 -2147483648 -2147483648 -2147483648 -2147483648 -2147483648 -2147483648 -2147483648 -2147483648 -2147483648 -2147483648 -2147483648 -2147483648 -2147483648 -2147483648 -2147483648 -10 -13 -5 -9 -2147483648 -2147483648
split_feature= 8 20 19 7 4 10 4 4 13 21 4 17
split_gain= 1475.3 779.386 749.683 512.537 151.607 127.255 90.8759 69.561 69.0089 6.42222 9.61485 1.39423
threshold= 3.5000000000000004 3.5000000000000004 1.5000000000000002 1.0000000180025095e-35 4.5000000000000009 1.0000000180025095e-35 5.5000000000000009 2.5000000000000004 1.5000000000000002 4.5000000000000009 4.5000000000000009 1.5000000000000002
decision_type= 2 2 2 2 2 2 2 2 2 2 2 2
left_child=1 5 4 8 -2 -1 7 -5 -4 -3 -11 -10
right_child=2 9 3 6 -6 -7 -8 -9 11 10 -12 -13
leaf_value= 0.17236010255125836 0.17236010255125836 0.17092249364220424 0.17236010255125836 0.10294421381851165 -0.16433727988382651 -0.16433727988382651 0.18118277615039513 -0.10472764105395577 -0.16457315402415634 0.17236010255125839 -0.16433727988382651 -0.11735670467610333
leaf_weight=14.127121359109877 124.46481059491634 519.88314089179039 7.5507027953863135 36.945734888315201 16.43764516711235 99.578777968883514 49.100935265421867 39.979457274079323 576.72646856307983 4.3842790424823743 3.8116278648376465 75.561578646302223
leaf_count=58 511 2134 31 151 69 418 199 162 2419 18 16 313
model_size=1376
internal_value=0 0.116954 -0.0811593 -0.119572 0.133081 -0.122505 0.0675466 -0.00498672 -0.155311 0.168515 0.015774 -0.159104
internal_weight=0 641.785 926.767 785.865 140.902 113.706 126.026 76.9252 659.839 528.079 8.19591 652.288
internal_count=6499 2644 3855 3275 580 476 512 313 2763 2168 34 2732
is_linear=0
shrinkage=0.1


Tree=3
num_leaves= 12
num_cat= 0
full_tree_array_lgbids= 0 1 2 5 9 4 3 -1 -7 -3 10 -2 -6 7 6 -2147483648 -2147483648 -2147483648 -2147483648 -2147483648 -2147483648 -11 -12 -2147483648 -2147483648 -2147483648 -2147483648 -4 -9 8 -8 -2147483648 -2147483648 -2147483648 -2147483648 -2147483648 -2147483648 -2147483648 -2147483648 -2147483648 -2147483648 -2147483648 -2147483648 -2147483648 -2147483648 -2147483648 -2147483648 -2147483648 -2147483648 -2147483648 -2147483648 -2147483648 -2147483648 -2147483648 -2147483648 -2147483648 -2147483648 -2147483648 -2147483648 -5 -10 -2147483648 -2147483648
split_feature= 8 20 19 7 4 10 9 13 21 21 1
split_gain= 1238.12 651.137 626.887 431.624 122.945 103.075 81.2802 53.6266 48.2795 0.515217 3.77511
threshold= 3.5000000000000004 3.5000000000000004 1.5000000000000002 1.0000000180025095e-35 4.5000000000000009 1.0000000180025095e-35 1.0000000180025095e-35 1.5000000000000002 1.5000000000000002 4.5000000000000009 1.5000000000000002
decision_type= 2 2 2 2 2 2 2 2 2 2 2
left_child=1 5 4 7 -2 -1 8 -4 -5 -3 -11
right_child=2 9 3 6 -6 -7 -8 -9 -10 10 -12
leaf_value= 0.1609037703805144 0.1609037703805144 0.15945595467977614 0.1609037703805144 0.17018932750648399 -0.15458733496862687 -0.15458733496862687 -0.16487441731077176 -0.14932462697091692 0.015983426659172861 -0.15458733496862687 0.16090377038051437
leaf_weight=13.6439371407032 120.20779101550579 502.4186836630106 7.2924491614103308 56.108075767755508 15.761341184377669 95.481748044490814 16.401857510209084 626.81894923746586 51.771796613931656 3.654803752899169 4.2343253195285797
leaf_count=58 511 2134 31 233 69 418 69 2732 210 16 18
model_size=1264
internal_value=0 0.109237 -0.0758624 -0.111755 0.124333 -0.115142 0.0617326 -0.145757 0.0961856 0.157219 0.0147459
internal_weight=0 619.433 894.362 758.393 135.969 109.126 124.282 634.111 107.88 510.308 7.88913
internal_count=6499 2644 3855 3275 580 476 512 2763 443 2168 34
is_linear=0
shrinkage=0.1


Tree=4
num_leaves= 10
num_cat= 0
full_tree_array_lgbids= 0 1 2 5 -3 4 3 -1 -7 -2147483648 -2147483648 -2 -6 8 6 -2147483648 -2147483648 -2147483648 -2147483648 -2147483648 -2147483648 -2147483648 -2147483648 -2147483648 -2147483648 -2147483648 -2147483648 -4 -10 7 -8 -2147483648 -2147483648 -2147483648 -2147483648 -2147483648 -2147483648 -2147483648 -2147483648 -2147483648 -2147483648 -2147483648 -2147483648 -2147483648 -2147483648 -2147483648 -2147483648 -2147483648 -2147483648 -2147483648 -2147483648 -2147483648 -2147483648 -2147483648 -2147483648 -2147483648 -2147483648 -2147483648 -2147483648 -5 -9 -2147483648 -2147483648
split_feature= 8 20 19 7 4 10 4 20 13
split_gain= 1049.5 549.804 528.876 366.414 100.433 83.9394 67.4564 52.3849 41.4738
threshold= 3.5000000000000004 3.5000000000000004 1.5000000000000002 1.0000000180025095e-35 4.5000000000000009 1.0000000180025095e-35 5.5000000000000009 3.5000000000000004 1.5000000000000002
decision_type= 2 2 2 2 2 2 2 2 2
left_child=1 5 4 8 -2 -1 7 -5 -4
right_child=2 -3 3 6 -6 -7 -8 -9 -10
leaf_value= 0.15185187516794491 0.15185187516794491 0.14825241105789413 0.15185187516794491 0.16843763974126813 -0.14676872362570559 -0.14676872362570559 0.16290926540628103 -0.06200583945744409 -0.14132079159066319
leaf_weight=13.042239397764204 114.90662641823292 488.18205505609512 6.970852091908454 17.12907537817955 14.980887696146963 90.75378343462944 46.698561310768127 57.680425584316254 597.59011694788933
leaf_count=58 511 2168 31 72 69 418 199 241 2732
model_size=1040
internal_value=0 0.103103 -0.0715305 -0.10533 0.11741 -0.109246 0.0569204 -0.00924137 -0.13794
internal_weight=0 591.978 855.957 726.069 129.888 103.796 121.508 74.8095 604.561
internal_count=6499 2644 3855 3275 580 476 512 313 2763
is_linear=0
shrinkage=0.1


Tree=5
num_leaves= 10
num_cat= 0
full_tree_array_lgbids= 0 1 2 5 -3 4 3 -1 -7 -2147483648 -2147483648 -2 -6 8 6 -2147483648 -2147483648 -2147483648 -2147483648 -2147483648 -2147483648 -2147483648 -2147483648 -2147483648 -2147483648 -2147483648 -2147483648 -4 -10 7 -8 -2147483648 -2147483648 -2147483648 -2147483648 -2147483648 -2147483648 -2147483648 -2147483648 -2147483648 -2147483648 -2147483648 -2147483648 -2147483648 -2147483648 -2147483648 -2147483648 -2147483648 -2147483648 -2147483648 -2147483648 -2147483648 -2147483648 -2147483648 -2147483648 -2147483648 -2147483648 -2147483648 -2147483648 -5 -9 -2147483648 -2147483648
split_feature= 8 20 19 7 4 10 9 21 13
split_gain= 895.092 466.977 448.567 313.54 82.1043 68.2286 54.6148 36.6475 31.4283
threshold= 3.5000000000000004 3.5000000000000004 1.5000000000000002 1.0000000180025095e-35 4.5000000000000009 1.0000000180025095e-35 1.0000000180025095e-35 1.5000000000000002 1.5000000000000002
decision_type= 2 2 2 2 2 2 2 2 2
left_child=1 5 4 8 -2 -1 7 -5 -4
right_child=2 -3 3 6 -6 -7 -8 -9 -10
leaf_value= 0.14454675775689577 0.14454675775689577 0.14074117469197855 0.14454675775689577 0.15570592523777094 -0.14038449805642142 -0.14038449805642142 -0.15176394038718366 0.0082017486463181726 -0.1346560013017466
leaf_weight=12.365946739912031 108.9482548981905 464.0537995249033 6.6093853265047064 52.479328766465187 14.139219447970389 85.654981583356857 15.435059905052183 50.773099780082703 566.07632298767567
leaf_count=58 511 2168 31 233 69 418 69 210 2732
model_size=1040
internal_value=0 0.097984 -0.0678507 -0.0998374 0.111816 -0.104439 0.0526196 0.0831726 -0.131434
internal_weight=0 562.075 814.461 691.373 123.087 98.0209 118.687 103.252 572.686
internal_count=6499 2644 3855 3275 580 476 512 443 2763
is_linear=0
shrinkage=0.1


Tree=6
num_leaves= 10
num_cat= 0
full_tree_array_lgbids= 0 1 2 5 -3 4 3 -1 -7 -2147483648 -2147483648 -2 -6 8 6 -2147483648 -2147483648 -2147483648 -2147483648 -2147483648 -2147483648 -2147483648 -2147483648 -2147483648 -2147483648 -2147483648 -2147483648 -4 -10 7 -8 -2147483648 -2147483648 -2147483648 -2147483648 -2147483648 -2147483648 -2147483648 -2147483648 -2147483648 -2147483648 -2147483648 -2147483648 -2147483648 -2147483648 -2147483648 -2147483648 -2147483648 -2147483648 -2147483648 -2147483648 -2147483648 -2147483648 -2147483648 -2147483648 -2147483648 -2147483648 -2147483648 -2147483648 -5 -9 -2147483648 -2147483648
split_feature= 8 20 19 7 4 10 4 21 13
split_gain= 767.617 398.547 382.046 268.95 66.7311 54.9323 50.9849 42.8312 22.8024
threshold= 3.5000000000000004 3.5000000000000004 1.5000000000000002 1.0000000180025095e-35 4.5000000000000009 1.0000000180025095e-35 5.5000000000000009 1.5000000000000002 1.5000000000000002
decision_type= 2 2 2 2 2 2 2 2 2
left_child=1 5 4 8 -2 -1 7 -5 -4
right_child=2 -3 3 6 -6 -7 -8 -9 -10
leaf_value= 0.13855140791954978 0.13855140791954978 0.1344686098306864 0.13855140791954978 0.058600415971375011 -0.13509509769210032 -0.13509509769210032 0.15079833911715412 -0.13782522773546024 -0.1290042627456516
leaf_weight=11.647865027189253 102.62170739471912 438.45086579024792 6.2255830317735663 45.8089849203825 13.268332377076147 80.379172950983047 43.377158537507057 26.055332884192467 533.47226984798908
leaf_count=58 511 2168 31 208 69 418 199 105 2732
model_size=1040
internal_value=0 0.0937134 -0.0647318 -0.0951586 0.107221 -0.10046 0.0488934 -0.0126162 -0.125918
internal_weight=0 530.478 770.829 654.939 115.89 92.027 115.241 71.8643 539.698
internal_count=6499 2644 3855 3275 580 476 512 313 2763
is_linear=0
shrinkage=0.1


Tree=7
num_leaves= 10
num_cat= 0
full_tree_array_lgbids= 0 1 2 5 -3 4 3 -1 -7 -2147483648 -2147483648 -2 -6 8 6 -2147483648 -2147483648 -2147483648 -2147483648 -2147483648 -2147483648 -2147483648 -2147483648 -2147483648 -2147483648 -2147483648 -2147483648 -4 -10 7 -8 -2147483648 -2147483648 -2147483648 -2147483648 -2147483648 -2147483648 -2147483648 -2147483648 -2147483648 -2147483648 -2147483648 -2147483648 -2147483648 -2147483648 -2147483648 -2147483648 -2147483648 -2147483648 -2147483648 -2147483648 -2147483648 -2147483648 -2147483648 -2147483648 -2147483648 -2147483648 -2147483648 -2147483648 -5 -9 -2147483648 -2147483648
split_feature= 8 20 19 7 4 10 9 2 13
split_gain= 660.517 341.229 325.752 231.757 53.6354 43.5152 40.8893 23.0067 15.286
threshold= 3.5000000000000004 3.5000000000000004 1.5000000000000002 1.0000000180025095e-35 4.5000000000000009 1.0000000180025095e-35 1.0000000180025095e-35 4.5000000000000009 1.5000000000000002
decision_type= 2 2 2 2 2 2 2 2 2
left_child=1 5 4 8 -2 -1 7 -5 -4
right_child=2 -3 3 6 -6 -7 -8 -9 -10
leaf_value= 0.13356356395996258 0.13356356395996258 0.12913984534587639 0.13356356395996258 0.012240624317947686 -0.13066022980921915 -0.13066022980921915 -0.14717989877992074 0.15029165653052368 -0.12413270413405929
leaf_weight=10.912395119667051 96.14196389913559 412.24125750362873 5.8324870467185965 53.255071118474007 12.391892105340956 75.069723188877106 14.95377905666828 44.155913725495338 500.6621790677309
leaf_count=58 511 2168 31 237 69 418 69 206 2732
model_size=1040
internal_value=0 0.0900914 -0.0619477 -0.0909452 0.103396 -0.0971263 0.0452744 0.0748185 -0.121165
internal_weight=0 498.223 727.393 618.859 108.534 85.9821 112.365 97.411 506.495
internal_count=6499 2644 3855 3275 580 476 512 443 2763
is_linear=0
shrinkage=0.1


Tree=8
num_leaves= 10
num_cat= 0
full_tree_array_lgbids= 0 1 2 6 -3 4 3 -1 -8 -2147483648 -2147483648 -2 -6 8 5 -2147483648 -2147483648 -2147483648 -2147483648 -2147483648 -2147483648 -2147483648 -2147483648 -2147483648 -2147483648 -2147483648 -2147483648 -4 -10 7 -7 -2147483648 -2147483648 -2147483648 -2147483648 -2147483648 -2147483648 -2147483648 -2147483648 -2147483648 -2147483648 -2147483648 -2147483648 -2147483648 -2147483648 -2147483648 -2147483648 -2147483648 -2147483648 -2147483648 -2147483648 -2147483648 -2147483648 -2147483648 -2147483648 -2147483648 -2147483648 -2147483648 -2147483648 -5 -9 -2147483648 -2147483648
split_feature= 8 20 19 7 4 4 10 21 13
split_gain= 569.789 292.417 277.86 199.365 42.0815 35.4083 33.3387 28.6966 8.40298
threshold= 3.5000000000000004 3.5000000000000004 1.5000000000000002 1.0000000180025095e-35 4.5000000000000009 5.5000000000000009 1.0000000180025095e-35 1.5000000000000002 1.5000000000000002
decision_type= 2 2 2 2 2 2 2 2 2
left_child=1 6 4 8 -2 7 -1 -5 -4
right_child=2 -3 3 5 -6 -7 -8 -9 -10
leaf_value= 0.12936717161346731 0.12936717161346731 0.12454251081352077 0.12936717161346731 0.053448382236489213 -0.12690484179902931 0.14061511637763133 -0.12690484179902931 -0.12864217821436466 -0.11986988584153005
leaf_weight=10.177520692348478 89.667466789484024 386.06382328271866 5.4397093355655661 43.625215157866478 11.527180284261702 39.62559586763382 69.83132404088974 25.755781412124634 468.29195368289948
leaf_count=58 511 2168 31 208 69 199 418 105 2732
model_size=1040
internal_value=0 0.0869737 -0.0595129 -0.0872433 0.100175 0.042111 -0.0943058 -0.0141477 -0.117008
internal_weight=0 466.073 683.933 582.738 101.195 109.007 80.0088 69.381 473.732
internal_count=6499 2644 3855 3275 580 512 476 313 2763
is_linear=0
shrinkage=0.1


Tree=9
num_leaves= 11
num_cat= 0
full_tree_array_lgbids= 0 1 2 6 -3 4 3 -1 -8 -2147483648 -2147483648 -2 -6 8 5 -2147483648 -2147483648 -2147483648 -2147483648 -2147483648 -2147483648 -2147483648 -2147483648 -2147483648 -2147483648 -2147483648 -2147483648 -4 9 7 -7 -2147483648 -2147483648 -2147483648 -2147483648 -2147483648 -2147483648 -2147483648 -2147483648 -2147483648 -2147483648 -2147483648 -2147483648 -2147483648 -2147483648 -2147483648 -2147483648 -2147483648 -2147483648 -2147483648 -2147483648 -2147483648 -2147483648 -2147483648 -2147483648 -2147483648 -2147483648 -10 -11 -5 -9 -2147483648 -2147483648
split_feature= 8 20 19 7 4 9 10 21 19 19
split_gain= 492.404 250.873 236.941 171.816 32.212 28.6927 24.6139 15.0353 6.99132 159.46
threshold= 3.5000000000000004 3.5000000000000004 1.5000000000000002 1.0000000180025095e-35 4.5000000000000009 1.0000000180025095e-35 1.0000000180025095e-35 1.5000000000000002 4.5000000000000009 6.5000000000000009
decision_type= 2 2 2 2 2 2 2 2 2 2
left_child=1 6 4 8 -2 7 -1 -5 -4 -10
right_child=2 -3 3 5 -6 -7 -8 -9 9 -11
leaf_value= 0.12580350276737742 0.12580350276737742 0.1205193241033056 -0.12465346204544057 0.13773683451452087 -0.12369825373571018 -0.14297686425630796 -0.12369825373571018 0.0024361635404563865 0.45253698538963216 -0.10473185143907382
leaf_weight=9.456299960613249 83.313263446092606 360.38154029846191 378.24695467948914 44.250705391168594 10.686567977070807 14.430013865232466 64.738919049501419 47.143529146909714 6.7122869789600363 56.919218629598618
leaf_count=58 511 2168 2384 233 69 69 418 210 39 340
model_size=1152
internal_value=0 0.0842532 -0.057297 -0.0838536 0.0974384 0.0391842 -0.0918989 0.0679452 -0.11332 -0.0459473
internal_weight=0 434.577 641.703 547.703 93.9998 105.824 74.1952 91.3942 441.878 63.6315
internal_count=6499 2644 3855 3275 580 512 476 443 2763 379
is_linear=0
shrinkage=0.1


Tree=10
num_leaves= 10
num_cat= 0
full_tree_array_lgbids= 0 1 2 7 -3 4 3 -1 -9 -2147483648 -2147483648 -2 -6 5 -5 -2147483648 -2147483648 -2147483648 -2147483648 -2147483648 -2147483648 -2147483648 -2147483648 -2147483648 -2147483648 -2147483648 -2147483648 8 6 -2147483648 -2147483648 -2147483648 -2147483648 -2147483648 -2147483648 -2147483648 -2147483648 -2147483648 -2147483648 -2147483648 -2147483648 -2147483648 -2147483648 -2147483648 -2147483648 -2147483648 -2147483648 -2147483648 -2147483648 -2147483648 -2147483648 -2147483648 -2147483648 -2147483648 -2147483648 -4 -10 -7 -8 -2147483648 -2147483648 -2147483648 -2147483648
split_feature= 8 20 19 4 4 7 20 10 19
split_gain= 425.269 214.038 200.722 149.106 22.5078 20.3978 17.1078 15.8711 3.39306
threshold= 3.5000000000000004 3.5000000000000004 1.5000000000000002 5.5000000000000009 4.5000000000000009 1.0000000180025095e-35 3.5000000000000004 1.0000000180025095e-35 4.5000000000000009
decision_type= 2 2 2 2 2 2 2 2 2
left_child=1 7 4 5 -2 8 -7 -1 -4
right_child=2 -3 3 -5 -6 6 -8 -9 -10
leaf_value= 0.12275322415096231 0.12275322415096231 0.11695079912733114 -0.1217641527016607 0.13434547340368044 -0.12094088198253522 0.14605417444027111 -0.059674759462011395 -0.12094088198253522 -0.042972971583223545
leaf_weight=8.7580039203166944 77.161034539341927 335.52244351804256 349.95239925384521 35.906226485967636 9.8786517977714521 13.954567417502401 52.223192781209946 59.844586253166199 62.43793597817421
leaf_count=58 511 2168 2384 199 69 72 241 418 379
model_size=1040
internal_value=0 0.0818485 -0.0553141 -0.0807606 0.0950949 -0.0968997 -0.0162937 -0.0898302 -0.109835
internal_weight=0 404.125 601.514 514.474 87.0397 478.568 66.1778 68.6026 412.39
internal_count=6499 2644 3855 3275 580 3076 313 476 2763
is_linear=0
shrinkage=0.1


Tree=11
num_leaves= 11
num_cat= 0
full_tree_array_lgbids= 0 1 2 7 -3 5 3 -1 -9 -2147483648 -2147483648 -2 -7 8 4 -2147483648 -2147483648 -2147483648 -2147483648 -2147483648 -2147483648 -2147483648 -2147483648 -2147483648 -2147483648 -2147483648 -2147483648 -4 9 6 -6 -2147483648 -2147483648 -2147483648 -2147483648 -2147483648 -2147483648 -2147483648 -2147483648 -2147483648 -2147483648 -2147483648 -2147483648 -2147483648 -2147483648 -2147483648 -2147483648 -2147483648 -2147483648 -2147483648 -2147483648 -2147483648 -2147483648 -2147483648 -2147483648 -2147483648 -2147483648 -10 -11 -5 -8 -2147483648 -2147483648
split_feature= 8 20 19 7 4 4 21 10 19 19
split_gain= 367.156 182.657 169.635 124.42 14.9676 14.512 10.4294 8.69028 1.19492 100.304
threshold= 3.5000000000000004 3.5000000000000004 1.5000000000000002 1.0000000180025095e-35 5.5000000000000009 4.5000000000000009 1.5000000000000002 1.0000000180025095e-35 4.5000000000000009 6.5000000000000009
decision_type= 2 2 2 2 2 2 2 2 2 2
left_child=1 7 5 8 6 -2 -5 -1 -4 -10
right_child=2 -3 3 4 -6 -7 -8 -9 9 -11
leaf_value= 0.120124818310304 0.120124818310304 0.11374422380746696 -0.11926904023923175 0.048594506695766315 0.1301499710222708 -0.11855542649094364 -0.11641862518211971 -0.11855542649094364 0.33421715147348968 -0.097192127853282614
leaf_weight=8.0889927148818952 71.26681512594223 311.71104714274406 322.93185424804688 40.063467159867287 33.482031151652336 9.1091340333223325 25.012137830257416 55.18286994099617 8.1744966208934766 52.984080657362938
leaf_count=58 511 2168 2384 208 199 69 105 418 39 340
model_size=1152
internal_value=0 0.0796964 -0.0533897 -0.0777806 0.0344232 0.0930748 -0.0148291 -0.0880413 -0.106572 -0.0395297
internal_weight=0 374.983 563.024 482.648 98.5576 80.3759 65.0756 63.2719 384.09 61.1586
internal_count=6499 2644 3855 3275 512 580 313 476 2763 379
is_linear=0
shrinkage=0.1


Tree=12
num_leaves= 9
num_cat= 0
full_tree_array_lgbids= 0 1 2 7 -3 5 3 -1 -9 -2147483648 -2147483648 -2 -7 -4 4 -2147483648 -2147483648 -2147483648 -2147483648 -2147483648 -2147483648 -2147483648 -2147483648 -2147483648 -2147483648 -2147483648 -2147483648 -2147483648 -2147483648 6 -6 -2147483648 -2147483648 -2147483648 -2147483648 -2147483648 -2147483648 -2147483648 -2147483648 -2147483648 -2147483648 -2147483648 -2147483648 -2147483648 -2147483648 -2147483648 -2147483648 -2147483648 -2147483648 -2147483648 -2147483648 -2147483648 -2147483648 -2147483648 -2147483648 -2147483648 -2147483648 -2147483648 -2147483648 -5 -8 -2147483648 -2147483648
split_feature= 8 20 19 7 9 4 21 10
split_gain= 316.716 154.94 142.468 105.202 11.195 7.0632 2.05768 1.93757
threshold= 3.5000000000000004 3.5000000000000004 1.5000000000000002 1.0000000180025095e-35 1.0000000180025095e-35 4.5000000000000009 1.5000000000000002 1.0000000180025095e-35
decision_type= 2 2 2 2 2 2 2 2
left_child=1 7 5 -4 6 -2 -5 -1
right_child=2 -3 3 4 -6 -7 -8 -9
leaf_value= 0.11784687452276783 0.11784687452276783 0.11082624900973817 -0.10374119755180318 0.13093859275777989 -0.1368652283006043 -0.11648097729749039 -0.0016899864777488159 -0.11648097729749039
leaf_weight=7.4533958137035361 65.666987255215645 289.09252129495144 356.87677888572216 38.094595529139042 13.501687765121458 8.3815043270587903 43.717676296830177 50.774910271167755
leaf_count=58 511 2168 2763 233 69 69 210 418
model_size=928
internal_value=0 0.0777468 -0.0516765 -0.0750935 0.0321701 0.0913234 0.0600664 -0.0864863
internal_weight=0 347.321 526.239 452.191 95.314 74.0485 81.8123 58.2283
internal_count=6499 2644 3855 3275 512 580 443 476
is_linear=0
shrinkage=0.1


Tree=13
num_leaves= 8
num_cat= 0
full_tree_array_lgbids= 0 1 2 -1 -3 6 3 -2147483648 -2147483648 -2147483648 -2147483648 -2 -8 4 -5 -2147483648 -2147483648 -2147483648 -2147483648 -2147483648 -2147483648 -2147483648 -2147483648 -2147483648 -2147483648 -2147483648 -2147483648 5 -6 -2147483648 -2147483648 -2147483648 -2147483648 -2147483648 -2147483648 -2147483648 -2147483648 -2147483648 -2147483648 -2147483648 -2147483648 -2147483648 -2147483648 -2147483648 -2147483648 -2147483648 -2147483648 -2147483648 -2147483648 -2147483648 -2147483648 -2147483648 -2147483648 -2147483648 -2147483648 -4 -7 -2147483648 -2147483648 -2147483648 -2147483648 -2147483648 -2147483648
split_feature= 8 20 19 4 9 21 4
split_gain= 272.383 131.015 118.654 91.9458 9.32619 82.7313 0.783308
threshold= 3.5000000000000004 3.5000000000000004 1.5000000000000002 5.5000000000000009 1.0000000180025095e-35 1.0000000180025095e-35 4.5000000000000009
decision_type= 2 2 2 2 2 2 2
left_child=1 -1 6 4 5 -4 -2
right_child=2 -3 3 -5 -6 -7 -8
leaf_value= -0.085128373073342464 0.11586288176687953 0.10813777404510963 0.1258544176052718 0.1261669137386861 -0.11634829081603403 -0.088800017585730126 -0.11466884050498732
leaf_weight=53.485343545675278 60.382955268025398 267.75193720310926 31.662162095308304 30.062471553683281 227.20179997384548 135.35335931181908 7.6975774168968192
leaf_count=476 511 2168 177 199 1923 976 69
model_size=816
internal_value=0 0.0759594 -0.0498877 -0.0723018 -0.0874368 -0.0481067 0.0897976
internal_weight=0 321.237 492.36 424.28 394.217 167.016 68.0805
internal_count=6499 2644 3855 3275 3076 1153 580
is_linear=0
shrinkage=0.1


Tree=14
num_leaves= 7
num_cat= 0
full_tree_array_lgbids= 0 1 2 -1 -3 -2 3 -2147483648 -2147483648 -2147483648 -2147483648 -2147483648 -2147483648 4 -5 -2147483648 -2147483648 -2147483648 -2147483648 -2147483648 -2147483648 -2147483648 -2147483648 -2147483648 -2147483648 -2147483648 -2147483648 5 -6 -2147483648 -2147483648 -2147483648 -2147483648 -2147483648 -2147483648 -2147483648 -2147483648 -2147483648 -2147483648 -2147483648 -2147483648 -2147483648 -2147483648 -2147483648 -2147483648 -2147483648 -2147483648 -2147483648 -2147483648 -2147483648 -2147483648 -2147483648 -2147483648 -2147483648 -2147483648 -4 -7 -2147483648 -2147483648 -2147483648 -2147483648 -2147483648 -2147483648
split_feature= 8 20 19 4 9 21
split_gain= 232.954 108.86 98.1804 74.3056 4.66092 64.2508
threshold= 3.5000000000000004 3.5000000000000004 1.5000000000000002 5.5000000000000009 1.0000000180025095e-35 1.0000000180025095e-35
decision_type= 2 2 2 2 2 2
left_child=1 -1 -2 4 5 -4
right_child=2 -3 3 -5 -6 -7
leaf_value= -0.080526869261431266 0.088462638517598002 0.10563046942159444 0.12085579786441203 0.12316241872289363 -0.11457281197462731 -0.084605310869071249
leaf_weight=51.018966272473335 62.482725016772747 247.72882768511772 29.77265565097332 27.830856077373028 208.60254094004631 128.23250467330217
leaf_count=476 580 2168 177 199 1923 976
model_size=704
internal_value=0 0.0738393 -0.0485774 -0.0702858 -0.0849713 -0.0458906
internal_weight=0 298.748 456.921 394.439 366.608 158.005
internal_count=6499 2644 3855 3275 3076 1153
is_linear=0
shrinkage=0.1


Tree=15
num_leaves= 7
num_cat= 0
full_tree_array_lgbids= 0 -1 1 -2147483648 -2147483648 2 3 -2147483648 -2147483648 -2147483648 -2147483648 -2 -4 4 -5 -2147483648 -2147483648 -2147483648 -2147483648 -2147483648 -2147483648 -2147483648 -2147483648 -2147483648 -2147483648 -2147483648 -2147483648 -3 5 -2147483648 -2147483648 -2147483648 -2147483648 -2147483648 -2147483648 -2147483648 -2147483648 -2147483648 -2147483648 -2147483648 -2147483648 -2147483648 -2147483648 -2147483648 -2147483648 -2147483648 -2147483648 -2147483648 -2147483648 -2147483648 -2147483648 -2147483648 -2147483648 -2147483648 -2147483648 -2147483648 -2147483648 -6 -7 -2147483648 -2147483648 -2147483648 -2147483648
split_feature= 8 4 4 4 19 19
split_gain= 198.344 253.896 110.204 73.0779 9.93754 74.6501
threshold= 1.0000000180025095e-35 2.5000000000000004 1.0000000180025095e-35 5.5000000000000009 4.5000000000000009 5.5000000000000009
decision_type= 2 2 2 2 2 2
left_child=-1 2 -2 4 -3 -6
right_child=1 3 -4 -5 5 -7
leaf_value= 0.11344117642233316 -0.1154620858202396 -0.11879432730958631 0.11469473767777161 0.12055510582975892 0.28137231495848897 -0.073319068573347357
leaf_weight=146.01690562069416 34.748399302363396 257.40444468706846 152.73500688374043 25.698886893689632 10.342174522578715 76.693435683846474
leaf_count=1398 320 2523 1411 199 58 590
model_size=704
internal_value=0 -0.0299259 0.0720372 -0.0815725 -0.0966533 -0.0311722
internal_weight=0 557.622 187.483 370.139 344.44 87.0356
internal_count=6499 5101 1731 3370 3171 648
is_linear=0
shrinkage=0.1


Tree=16
num_leaves= 7
num_cat= 0
full_tree_array_lgbids= 0 -1 1 -2147483648 -2147483648 2 3 -2147483648 -2147483648 -2147483648 -2147483648 -2 -4 4 -5 -2147483648 -2147483648 -2147483648 -2147483648 -2147483648 -2147483648 -2147483648 -2147483648 -2147483648 -2147483648 -2147483648 -2147483648 -3 5 -2147483648 -2147483648 -2147483648 -2147483648 -2147483648 -2147483648 -2147483648 -2147483648 -2147483648 -2147483648 -2147483648 -2147483648 -2147483648 -2147483648 -2147483648 -2147483648 -2147483648 -2147483648 -2147483648 -2147483648 -2147483648 -2147483648 -2147483648 -2147483648 -2147483648 -2147483648 -2147483648 -2147483648 -6 -7 -2147483648 -2147483648 -2147483648 -2147483648
split_feature= 8 4 4 4 19 19
split_gain= 169.943 217.449 91.7142 57.3861 6.61563 49.3638
threshold= 1.0000000180025095e-35 2.5000000000000004 1.0000000180025095e-35 5.5000000000000009 4.5000000000000009 5.5000000000000009
decision_type= 2 2 2 2 2 2
left_child=-1 2 -2 4 -3 -6
right_child=1 3 -4 -5 5 -7
leaf_value= 0.11199970434889076 -0.11382102841925656 -0.11739654648827658 0.11312266558345313 0.11828148327836074 0.24381150260410031 -0.068596435819944915
leaf_weight=133.73466047644615 31.871676124632359 235.53990210592747 140.02222553640604 23.677235327661037 10.718453399837015 73.924715228378773
leaf_count=1398 320 2523 1411 199 58 590
model_size=704
internal_value=0 -0.029271 0.0710439 -0.079418 -0.0940376 -0.0290359
internal_weight=0 515.754 171.894 343.86 320.183 84.6432
internal_count=6499 5101 1731 3370 3171 648
is_linear=0
shrinkage=0.1


Tree=17
num_leaves= 7
num_cat= 0
full_tree_array_lgbids= 0 -1 1 -2147483648 -2147483648 2 3 -2147483648 -2147483648 -2147483648 -2147483648 -2 -4 4 -5 -2147483648 -2147483648 -2147483648 -2147483648 -2147483648 -2147483648 -2147483648 -2147483648 -2147483648 -2147483648 -2147483648 -2147483648 -3 5 -2147483648 -2147483648 -2147483648 -2147483648 -2147483648 -2147483648 -2147483648 -2147483648 -2147483648 -2147483648 -2147483648 -2147483648 -2147483648 -2147483648 -2147483648 -2147483648 -2147483648 -2147483648 -2147483648 -2147483648 -2147483648 -2147483648 -2147483648 -2147483648 -2147483648 -2147483648 -2147483648 -2147483648 -6 -7 -2147483648 -2147483648 -2147483648 -2147483648
split_feature= 8 4 4 4 19 19
split_gain= 145.343 185.655 75.6679 43.86 3.54256 30.3563
threshold= 1.0000000180025095e-35 2.5000000000000004 1.0000000180025095e-35 5.5000000000000009 4.5000000000000009 5.5000000000000009
decision_type= 2 2 2 2 2 2
left_child=-1 2 -2 4 -3 -6
right_child=1 3 -4 -5 5 -7
leaf_value= 0.11072827076160985 -0.11237121087844829 -0.11616299977261593 0.11173583241605865 0.1162905230429485 0.21630648166410604 -0.064045751004240911
leaf_weight=122.32629990577698 29.191663846373558 215.27246508747339 128.18915947526693 21.771949671208858 10.863212309777735 71.395589485764503
leaf_count=1398 320 2523 1411 199 58 590
model_size=704
internal_value=0 -0.028645 0.0701675 -0.0773485 -0.0915181 -0.027022
internal_weight=0 476.684 157.381 319.303 297.531 82.2588
internal_count=6499 5101 1731 3370 3171 648
is_linear=0
shrinkage=0.1


Tree=18
num_leaves= 7
num_cat= 0
full_tree_array_lgbids= 0 -1 1 -2147483648 -2147483648 2 3 -2147483648 -2147483648 -2147483648 -2147483648 -2 -4 4 -5 -2147483648 -2147483648 -2147483648 -2147483648 -2147483648 -2147483648 -2147483648 -2147483648 -2147483648 -2147483648 -2147483648 -2147483648 -3 5 -2147483648 -2147483648 -2147483648 -2147483648 -2147483648 -2147483648 -2147483648 -2147483648 -2147483648 -2147483648 -2147483648 -2147483648 -2147483648 -2147483648 -2147483648 -2147483648 -2147483648 -2147483648 -2147483648 -2147483648 -2147483648 -2147483648 -2147483648 -2147483648 -2147483648 -2147483648 -2147483648 -2147483648 -6 -7 -2147483648 -2147483648 -2147483648 -2147483648
split_feature= 8 4 4 4 19 19
split_gain= 123.385 157.454 61.296 31.7712 0.45196 15.4472
threshold= 1.0000000180025095e-35 2.5000000000000004 1.0000000180025095e-35 5.5000000000000009 4.5000000000000009 5.5000000000000009
decision_type= 2 2 2 2 2 2
left_child=-1 2 -2 4 -3 -6
right_child=1 3 -4 -5 5 -7
leaf_value= 0.10960375798415062 -0.11108684794991297 -0.11506826077783797 0.11050896164348807 0.11454072127739484 0.19569598604963429 -0.05967157794236233
leaf_weight=111.76281559467316 26.703439474105835 196.5448727235198 117.21203981339931 19.985548913478851 10.807923026382921 69.090463899075985
leaf_count=1398 320 2523 1411 199 58 590
model_size=704
internal_value=0 -0.0280417 0.069392 -0.0753455 -0.0890734 -0.0251278
internal_weight=0 440.344 143.915 296.429 276.443 79.8984
internal_count=6499 5101 1731 3370 3171 648
is_linear=0
shrinkage=0.1


Tree=19
num_leaves= 6
num_cat= 0
full_tree_array_lgbids= 0 -1 1 -2147483648 -2147483648 2 3 -2147483648 -2147483648 -2147483648 -2147483648 -2 -4 4 -5 -2147483648 -2147483648 -2147483648 -2147483648 -2147483648 -2147483648 -2147483648 -2147483648 -2147483648 -2147483648 -2147483648 -2147483648 -3 -6 -2147483648 -2147483648
split_feature= 8 4 4 4 12
split_gain= 103.724 132.372 48.374 20.9257 1.44103
threshold= 1.0000000180025095e-35 2.5000000000000004 1.0000000180025095e-35 5.5000000000000009 2.5000000000000004
decision_type= 2 2 2 2 2
left_child=-1 2 -2 4 -3
right_child=1 3 -4 -5 -6
leaf_value= 0.10860678331374377 -0.10994632699318166 -0.098932640845747266 0.10942092013563427 0.11299795373332387 0.068049709095594171
leaf_weight=102.00794975459576 24.400077134370804 238.027906101197 107.05841261893511 18.31788731366396 18.845098912715912
leaf_count=1398 320 3031 1411 199 140
model_size=592
internal_value=0 -0.0274554 0.0687041 -0.0733907 -0.0866822
internal_weight=0 406.649 131.458 275.191 256.873
internal_count=6499 5101 1731 3370 3171
is_linear=0
shrinkage=0.1


Tree=20
num_leaves= 5
num_cat= 0
full_tree_array_lgbids= 0 -1 1 -2147483648 -2147483648 2 3 -2147483648 -2147483648 -2147483648 -2147483648 -2 -4 -3 -5
split_feature= 8 4 4 4
split_gain= 85.9399 109.426 36.7129 10.9096
threshold= 1.0000000180025095e-35 2.5000000000000004 1.0000000180025095e-35 5.5000000000000009
decision_type= 2 2 2 2
left_child=-1 2 -2 -3
right_child=1 3 -4 -5
leaf_value= 0.10772100406253125 -0.10893140950904064 -0.083886541203133949 0.10845388956036872 0.11163392440713692
leaf_weight=93.020747020840645 22.273275010287762 239.90500882640481 97.689989879727364 16.766841564327478
leaf_count=1398 320 3171 1411 199
model_size=480
internal_value=0 -0.0267751 0.0680925 -0.0711144
internal_weight=0 376.635 119.963 256.672
internal_count=6499 5101 1731 3370
is_linear=0
shrinkage=0.1


Tree=21
num_leaves= 7
num_cat= 0
full_tree_array_lgbids= 0 -1 1 -2147483648 -2147483648 2 3 -2147483648 -2147483648 -2147483648 -2147483648 -2 -4 4 -5 -2147483648 -2147483648 -2147483648 -2147483648 -2147483648 -2147483648 -2147483648 -2147483648 -2147483648 -2147483648 -2147483648 -2147483648 -3 5 -2147483648 -2147483648 -2147483648 -2147483648 -2147483648 -2147483648 -2147483648 -2147483648 -2147483648 -2147483648 -2147483648 -2147483648 -2147483648 -2147483648 -2147483648 -2147483648 -2147483648 -2147483648 -2147483648 -2147483648 -2147483648 -2147483648 -2147483648 -2147483648 -2147483648 -2147483648 -2147483648 -2147483648 -6 -7 -2147483648 -2147483648 -2147483648 -2147483648
split_feature= 8 4 4 4 19 19
split_gain= 70.2073 88.5142 26.6527 1.98148 1.53476 2.87225
threshold= 1.0000000180025095e-35 2.5000000000000004 1.0000000180025095e-35 5.5000000000000009 4.5000000000000009 5.5000000000000009
decision_type= 2 2 2 2 2 2
left_child=-1 2 -2 4 -3 -6
right_child=1 3 -4 -5 5 -7
leaf_value= 0.10693252097682356 -0.1080266206816724 -0.11273407129466646 0.10759276394658708 0.1104249458101194 0.19457552633611244 -0.046238453089851
leaf_weight=84.75754389166832 20.313857819885015 155.05051929876208 89.06483219563961 15.328852314501999 10.798665039241312 60.3797617405653
leaf_count=1398 320 2523 1411 199 58 590
model_size=704
internal_value=0 -0.0258999 0.0675478 -0.0682135 -0.0803177 -0.00970394
internal_weight=0 350.936 109.379 241.558 226.229 71.1784
internal_count=6499 5101 1731 3370 3171 648
is_linear=0
shrinkage=0.1


Tree=22
num_leaves= 4
num_cat= 0
full_tree_array_lgbids= 0 -1 1 -2147483648 -2147483648 2 -3 -2147483648 -2147483648 -2147483648 -2147483648 -2 -4 -2147483648 -2147483648
split_feature= 8 4 4
split_gain= 55.92 70.824 17.057
threshold= 1.0000000180025095e-35 2.5000000000000004 1.0000000180025095e-35
decision_type= 2 2 2
left_child=-1 2 -2
right_child=1 -3 -4
leaf_value= 0.10622946341402845 -0.10721870285216334 -0.066322646653458328 0.10682465755476554
leaf_weight=77.173421747982502 18.512162033468485 224.70325762405992 81.139036402106285
leaf_count=1398 320 3370 1411
model_size=368
internal_value=0 -0.025343 0.0670619
internal_weight=0 324.354 99.6512
internal_count=6499 5101 1731
is_linear=0
shrinkage=0.1


Tree=23
num_leaves= 4
num_cat= 0
full_tree_array_lgbids= 0 -1 1 -2147483648 -2147483648 2 -3 -2147483648 -2147483648 -2147483648 -2147483648 -2 -4 -2147483648 -2147483648
split_feature= 8 4 4
split_gain= 43.1539 53.1108 9.05915
threshold= 1.0000000180025095e-35 2.5000000000000004 1.0000000180025095e-35
decision_type= 2 2 2
left_child=-1 2 -2
right_child=1 -3 -4
leaf_value= 0.10560164605708544 -0.10649625906938293 -0.062251344132654797 0.10613847636517011
leaf_weight=70.223336979746819 16.858322747051716 215.93051601201296 73.868030413985252
leaf_count=1398 320 3370 1411
model_size=368
internal_value=0 -0.0241217 0.0666277
internal_weight=0 306.657 90.7264
internal_count=6499 5101 1731
is_linear=0
shrinkage=0.1


Tree=24
num_leaves= 4
num_cat= 0
full_tree_array_lgbids= 0 -1 1 -2147483648 -2147483648 2 -3 -2147483648 -2147483648 -2147483648 -2147483648 -2 -4 -2147483648 -2147483648
split_feature= 8 4 4
split_gain= 31.6966 37.6003 1.80849
threshold= 1.0000000180025095e-35 2.5000000000000004 1.0000000180025095e-35
decision_type= 2 2 2
left_child=-1 2 -2
right_child=1 -3 -4
leaf_value= 0.10504027049455188 -0.10584943064774702 -0.058251781798810277 0.10552467403196285
leaf_weight=63.862954258918762 15.342496182769535 208.10238797962666 67.207483042031527
leaf_count=1398 320 3370 1411
model_size=368
internal_value=0 -0.0228943 0.0662393
internal_weight=0 290.652 82.55
internal_count=6499 5101 1731
is_linear=0
shrinkage=0.1


Tree=25
num_leaves= 3
num_cat= 0
full_tree_array_lgbids= 0 -1 1 -2147483648 -2147483648 -2 -3
split_feature= 8 4
split_gain= 21.4006 24.032
threshold= 1.0000000180025095e-35 2.5000000000000004
decision_type= 2 2
left_child=-1 -2
right_child=1 -3
leaf_value= 0.10453769287076498 0.065891377913810528 -0.054347732727377009
leaf_weight=58.049224622547626 75.069059051573277 201.12317505478859
leaf_count=1398 1731 3370
model_size=256
internal_value=0 -0.0216667
internal_weight=0 276.192
internal_count=6499 5101
is_linear=0
shrinkage=0.1


Tree=26
num_leaves= 4
num_cat= 0
full_tree_array_lgbids= 0 1 -2 -1 2 -2147483648 -2147483648 -2147483648 -2147483648 -3 -4 -2147483648 -2147483648 -2147483648 -2147483648
split_feature= 4 4 19
split_gain= 14.2649 55.2419 8.74574
threshold= 5.5000000000000009 2.5000000000000004 4.5000000000000009
decision_type= 2 2 2
left_child=1 -1 -3
right_child=-2 2 -4
leaf_value= 0.070050423607320264 0.10663569614479983 -0.11055188553346862 0.01546863586022359
leaf_weight=90.250503625720739 51.881236132234335 115.14148187637329 62.740648038685322
leaf_count=2205 1123 2523 648
model_size=368
internal_value=0 -0.0202754 -0.0661033
internal_weight=0 268.133 177.882
internal_count=6499 5376 3171
is_linear=0
shrinkage=0.1


Tree=27
num_leaves= 5
num_cat= 0
full_tree_array_lgbids= 0 1 -2 3 2 -2147483648 -2147483648 -1 -5 -3 -4 -2147483648 -2147483648 -2147483648 -2147483648
split_feature= 4 4 19 4
split_gain= 5.87782 38.7187 3.62032 0.218478
threshold= 5.5000000000000009 2.5000000000000004 4.5000000000000009 1.0000000180025095e-35
decision_type= 2 2 2 2
left_child=1 3 -3 -1
right_child=-2 2 -4 -5
leaf_value= -0.10602546444500599 0.10599179133648842 -0.10996576961192872 0.013824814566578206 0.10421939870919619
leaf_weight=15.758355345577 47.21472255140543 104.71146770194173 63.15737471729517 70.754069779068232
leaf_count=320 1123 2523 648 1885
model_size=480
internal_value=0 -0.0194133 -0.063392 0.065923
internal_weight=0 254.381 167.869 86.5124
internal_count=6499 5376 3171 2205
is_linear=0
shrinkage=0.1


end of trees

feature_importances:
Column_4=58
Column_19=32
Column_8=26
Column_20=17
Column_21=14
Column_7=13
Column_10=13
Column_9=9
Column_13=9
Column_1=3
Column_12=3
Column_2=2
Column_17=2

parameters:
[boosting: gbdt]
[objective: binary]
[metric: auc, binary_logloss, rmse, l1, l2, mape, huber]
[tree_learner: serial]
[device_type: cpu]
[data_sample_strategy: bagging]
[data: data/mushroom.libsvm.train]
[valid: data/mushroom.libsvm.test]
[num_iterations: 200]
[learning_rate: 0.1]
[num_leaves: 255]
[num_threads: 1]
[seed: 42]
[deterministic: 0]
[force_col_wise: 0]
[force_row_wise: 0]
[histogram_pool_size: -1]
[max_depth: 5]
[min_data_in_leaf: 10]
[min_sum_hessian_in_leaf: 0.001]
[bagging_fraction: 1]
[pos_bagging_fraction: 1]
[neg_bagging_fraction: 1]
[bagging_freq: 0]
[bagging_seed: 400]
[feature_fraction: 1]
[feature_fraction_bynode: 1]
[feature_fraction_seed: 30056]
[extra_trees: 0]
[extra_seed: 12879]
[early_stopping_round: 0]
[early_stopping_min_delta: 0]
[first_metric_only: 0]
[max_delta_step: 0]
[lambda_l1: 0]
[lambda_l2: 0]
[linear_lambda: 0]
[min_gain_to_split: 0]
[drop_rate: 0.1]
[max_drop: 50]
[skip_drop: 0.5]
[xgboost_dart_mode: 0]
[uniform_drop: 0]
[drop_seed: 17869]
[top_rate: 0.2]
[other_rate: 0.1]
[min_data_per_group: 100]
[max_cat_threshold: 32]
[cat_l2: 10]
[cat_smooth: 10]
[max_cat_to_onehot: 4]
[top_k: 20]
[monotone_constraints: ]
[monotone_constraints_method: basic]
[monotone_penalty: 0]
[feature_contri: ]
[forcedsplits_filename: ]
[refit_decay_rate: 0.9]
[tinygbdt_penalty_feature: 0.25]
[tinygbdt_penalty_split: 0.25]
[tinygbdt_forestsize: 64000]
[tinygbdt_precision: 1]
[cegb_tradeoff: 1]
[cegb_penalty_split: 0]
[cegb_penalty_feature_lazy: ]
[cegb_penalty_feature_coupled: ]
[path_smooth: 0]
[interaction_constraints: ]
[verbosity: 1]
[saved_feature_importance_type: 0]
[use_quantized_grad: 0]
[num_grad_quant_bins: 4]
[quant_train_renew_leaf: 0]
[stochastic_rounding: 1]
[linear_tree: 0]
[max_bin: 255]
[max_bin_by_feature: ]
[min_data_in_bin: 3]
[bin_construct_sample_cnt: 200000]
[data_random_seed: 175]
[is_enable_sparse: 1]
[enable_bundle: 1]
[use_missing: 1]
[zero_as_missing: 0]
[feature_pre_filter: 1]
[pre_partition: 0]
[two_round: 0]
[header: 0]
[label_column: ]
[weight_column: ]
[group_column: ]
[ignore_column: ]
[categorical_feature: ]
[forcedbins_filename: ]
[precise_float_parser: 0]
[parser_config_file: ]
[objective_seed: 16083]
[num_class: 1]
[is_unbalance: 0]
[scale_pos_weight: 1]
[sigmoid: 1]
[boost_from_average: 1]
[reg_sqrt: 0]
[alpha: 0.9]
[fair_c: 1]
[poisson_max_delta_step: 0.7]
[tweedie_variance_power: 1.5]
[lambdarank_truncation_level: 30]
[lambdarank_norm: 1]
[label_gain: ]
[lambdarank_position_bias_regularization: 0]
[eval_at: ]
[multi_error_top_k: 1]
[auc_mu_weights: ]
[num_machines: 1]
[local_listen_port: 12400]
[time_out: 120]
[machine_list_filename: ]
[machines: ]
[gpu_platform_id: -1]
[gpu_device_id: -1]
[gpu_use_dp: 0]
[num_gpu: 1]

end of parameters
