tree
version=v4
num_class=1
num_tree_per_iteration=1
label_index=0
max_feature_idx=8
objective=regression
feature_names=Column_0 Column_1 Column_2 Column_3 Column_4 Column_5 Column_6 Column_7 Column_8
feature_infos=none [0.49990000000000001:15.0001] [1:52] [0.88888888888888884:141.90909090909091] [0.33333333333333331:25.63636363636364] [3:35682] [0.69230769230769229:1243.333333333333] [32.549999999999997:41.950000000000003] [-124.34999999999999:-114.31]
tree_sizes=894 917 921 921 914 922 922 924 920 922 922 927 934 927 929 945 922 928 934 925 925 927 939 926 926 920 936 922 924 933 930 929 916 939 921 929 922 912 935 919 932 928 922 865 936 922 935 937 924 943 797 931 933 933 934 930 800 925 935 929 933 733 949 930 731 934 928 932 928 735 871 876 933 930 937 732 933 922 936 863 733 941 922 919 935 939 874 731 731 861 941 738 733 865 931 889

Tree=0
num_leaves= 8
num_cat= 0
full_tree_array_lgbids= 0 1 2 5 3 4 6 -1 -7 -3 -5 -2 -6 -4 -8
split_feature= 1 1 1 6 6 3 1
split_gain= 6988.7 1686.19 1293.16 977.362 432.503 319.424 157.298
threshold= 5.0387000000000013 3.0679500000000002 6.8672000000000013 2.3489548886254448 2.671038674349933 4.3101408005062494 7.852450000000001
decision_type= 2 2 2 2 2 2 2
left_child=1 5 4 -3 -2 -1 -4
right_child=2 3 6 -5 -6 -7 -8
leaf_value= 2.0271553702362852 2.2124016810384575 2.1448965452081059 2.2437582437954506 2.0525059688733616 2.1260912310358373 1.9812300134534242 2.3227113326055062
leaf_weight=2599 911 1463 431 5268 1601 3630 609
leaf_count=2599 911 1463 431 5268 1601 3630 609
model_size=816
internal_value=2.07195 2.03789 2.19622 2.07259 2.15739 2.00039 2.28999
internal_weight=0 12960 3552 6731 2512 6229 1040
internal_count=16512 12960 3552 6731 2512 6229 1040
is_linear=0
shrinkage=1


Tree=1
num_leaves= 8
num_cat= 0
full_tree_array_lgbids= 0 1 3 4 2 5 6 -1 -6 -3 -4 -2 -7 -5 -8
split_feature= 1 1 6 1 6 2 2
split_gain= 5690.63 1848.43 921.392 585.89 347.801 234.721 46.0155
threshold= 5.6042500000000013 3.1913000000000005 2.4136952392348086 7.7055000000000016 2.1628386478062818 27.500000000000004 18.500000000000004
decision_type= 2 2 2 2 2 2 2
left_child=1 4 -3 5 -1 -2 -5
right_child=3 2 -4 6 -6 -7 -8
leaf_value= -0.0082740533818989534 0.08366184650830015 0.073703667606659334 -0.009300027036995534 0.18235227567940088 -0.071020922948427975 0.16009667489878079 0.23912470343303474
leaf_weight=1042 1104 1769 5483 207 5812 632 463
leaf_count=1042 1104 1769 5483 207 5812 632 463
model_size=816
internal_value=0 -0.0242454 0.0109473 0.142147 -0.0614816 0.111488 0.221585
internal_weight=0 14106 7252 2406 6854 1736 670
internal_count=16512 14106 7252 2406 6854 1736 670
is_linear=0
shrinkage=0.1


Tree=2
num_leaves= 8
num_cat= 0
full_tree_array_lgbids= 0 2 1 5 3 4 6 -1 -7 -4 -5 -2 -6 -3 -8
split_feature= 1 1 1 6 6 3 1
split_gain= 4715.04 1256.44 859.163 745.03 396.387 248.411 192.414
threshold= 4.5301500000000017 6.3350000000000009 2.6597500000000003 2.2634687595142249 2.735488224282792 3.8792159595040387 8.4454500000000028
decision_type= 2 2 2 2 2 2 2
left_child=2 4 5 -4 -2 -1 -3
right_child=1 6 3 -5 -6 -7 -8
leaf_value= -0.031434199577858646 0.09135010436317291 0.13749602040931769 0.054125912536775955 -0.028090511297110696 0.020804448647833221 -0.082837807867825727 0.2172294901010576
leaf_weight=1324 1343 1048 1361 5802 1959 3249 426
leaf_count=1324 1343 1048 1361 5802 1959 3249 426
model_size=816
internal_value=0 0.0837677 -0.0340895 -0.012469 0.049497 -0.0679552 0.16054
internal_weight=0 4776 11736 7163 3302 4573 1474
internal_count=16512 4776 11736 7163 3302 4573 1474
is_linear=0
shrinkage=0.1


Tree=3
num_leaves= 8
num_cat= 0
full_tree_array_lgbids= 0 1 2 4 3 5 6 -1 -6 -3 -5 -2 -7 -4 -8
split_feature= 1 1 1 6 6 6 2
split_gain= 3865.87 996.716 624.829 499.463 383.879 265.404 90.7364
threshold= 5.1326000000000009 3.5488500000000003 6.8672000000000013 2.4136952392348086 2.2352443515477258 2.5891438608419741 26.500000000000004
decision_type= 2 2 2 2 2 2 2
left_child=1 4 5 -3 -1 -2 -4
right_child=2 3 6 -5 -6 -7 -8
leaf_value= -0.00032717859172592273 0.1209627634686425 0.068317707879618536 0.1342409225415204 -0.00639358281591507 -0.055714748827192177 0.045392299710737806 0.19367872728995034
leaf_weight=1538 655 1174 572 3769 6732 1604 468
leaf_count=1538 655 1174 572 3769 6732 1604 468
model_size=816
internal_value=0 -0.0241783 0.0968376 0.0113509 -0.0454141 0.0673041 0.160988
internal_weight=0 13213 3299 4943 8270 2259 1040
internal_count=16512 13213 3299 4943 8270 2259 1040
is_linear=0
shrinkage=0.1


Tree=4
num_leaves= 8
num_cat= 0
full_tree_array_lgbids= 0 2 1 5 4 3 6 -1 -7 -4 -6 -2 -5 -3 -8
split_feature= 1 1 6 6 1 7 1
split_gain= 3164.51 1048.81 486.27 393.921 339.116 195.007 149.8
threshold= 4.125700000000001 6.2770500000000009 2.0376051459673437 2.735488224282792 2.4115000000000006 37.935000000000009 7.852450000000001
decision_type= 2 2 2 2 2 2 2
left_child=2 3 5 -2 -4 -1 -3
right_child=1 6 4 -5 -6 -7 -8
leaf_value= 0.046723925516650888 0.068050297178407743 0.10389827527151019 -0.067531376630762072 0.0079221475636292223 -0.027153371211985456 -0.060995450262528131 0.16779304719078914
leaf_weight=961 1893 927 3129 2571 6218 204 609
leaf_count=961 1893 927 3129 2571 6218 204 609
model_size=816
internal_value=0 0.0579478 -0.0330752 0.03342 -0.0406703 0.0278615 0.129232
internal_weight=0 6000 10512 4464 9347 1165 1536
internal_count=16512 6000 10512 4464 9347 1165 1536
is_linear=0
shrinkage=0.1


Tree=5
num_leaves= 8
num_cat= 0
full_tree_array_lgbids= 0 1 3 4 2 5 6 -1 -6 -3 -4 -2 -7 -5 -8
split_feature= 1 1 6 1 3 6 1
split_gain= 2618.36 775.592 536.687 356.036 205.165 183.258 43.7719
threshold= 5.2771000000000017 2.7820000000000005 2.2982753493904258 7.3930000000000016 3.8792159595040387 2.9432978723404259 8.7395500000000013
decision_type= 2 2 2 2 2 2 2
left_child=1 4 -3 5 -1 -2 -5
right_child=3 2 -4 6 -6 -7 -8
leaf_value= -0.017088251020950487 0.08918849631232631 0.051351511427174826 -0.012463528092660263 0.1204733240796758 -0.061943468674109083 0.030718887030665023 0.16777664620582372
leaf_weight=1413 1247 1636 6797 428 3683 943 365
leaf_count=1413 1247 1636 6797 428 3683 943 365
model_size=816
internal_value=0 -0.0186996 -8.34256e-05 0.0848096 -0.0495062 0.0640119 0.142246
internal_weight=0 13529 8433 2983 5096 2190 793
internal_count=16512 13529 8433 2983 5096 2190 793
is_linear=0
shrinkage=0.1


Tree=6
num_leaves= 8
num_cat= 0
full_tree_array_lgbids= 0 2 1 5 3 4 6 -1 -7 -4 -5 -2 -6 -3 -8
split_feature= 1 1 1 6 6 3 2
split_gain= 2176.79 545.921 434.174 415.981 215.432 167.353 120.253
threshold= 4.5301500000000017 6.3963500000000009 2.5044000000000004 2.0653737590585881 2.5219735498882589 3.4845502266762112 26.500000000000004
decision_type= 2 2 2 2 2 2 2
left_child=2 4 5 -4 -2 -1 -3
right_child=1 6 3 -5 -6 -7 -8
leaf_value= -0.0042477867484233996 0.07866960336471257 0.083560118447945586 0.053497639492713425 -0.018075561737046775 0.020317901281742174 -0.060106526585978828 0.14253657404181178
leaf_weight=646 847 800 920 6970 2517 3200 612
leaf_count=646 847 800 920 6970 2517 3200 612
model_size=816
internal_value=0 0.0569208 -0.0231641 -0.00972989 0.0350099 -0.0507241 0.109122
internal_weight=0 4776 11736 7890 3364 3846 1412
internal_count=16512 4776 11736 7890 3364 3846 1412
is_linear=0
shrinkage=0.1


Tree=7
num_leaves= 8
num_cat= 0
full_tree_array_lgbids= 0 2 1 3 6 4 5 -1 -5 -4 -8 -2 -6 -3 -7
split_feature= 1 1 7 8 6 2 7
split_gain= 1807.93 588.775 347.866 569.129 256.413 162.947 34.5569
threshold= 4.0612500000000002 5.8308000000000009 37.925000000000004 -122.31499999999998 2.6829812717770039 26.500000000000004 39.355000000000011
decision_type= 2 2 2 2 2 2 2
left_child=2 4 3 -1 -2 -3 -4
right_child=1 5 6 -5 -6 -7 -8
leaf_value= 0.10838538720591794 0.051811183091518311 0.0619402061765865 -0.054425619176352469 -0.02202612074400441 0.00087018854092307026 0.11857025996137943 -0.084086331967582528
leaf_weight=350 1615 1219 1617 7753 2556 875 527
leaf_count=350 1615 1219 1617 7753 2556 875 527
model_size=816
internal_value=0 0.042323 -0.0258762 -0.0163931 0.0205944 0.0856037 -0.0617163
internal_weight=0 6265 10247 8103 4171 2094 2144
internal_count=16512 6265 10247 8103 4171 2094 2144
is_linear=0
shrinkage=0.1


Tree=8
num_leaves= 8
num_cat= 0
full_tree_array_lgbids= 0 2 1 4 5 3 6 -1 -6 -4 -7 -2 -5 -3 -8
split_feature= 1 1 6 2 7 7 2
split_gain= 1464.8 464.662 299.792 242.291 233.615 204.451 85.6728
threshold= 4.125700000000001 6.3350000000000009 2.2982753493904258 36.500000000000007 37.935000000000009 34.455000000000005 21.500000000000004
decision_type= 2 2 2 2 2 2 2
left_child=2 3 4 -2 -1 -4 -3
right_child=1 6 5 -5 -6 -7 -8
leaf_value= 0.027675047371731838 0.012195252455326041 0.059808731187561526 -0.015743577798094818 0.070813532204159368 -0.050431692911272398 -0.04717121675472255 0.10878518466581727
leaf_weight=1718 3650 619 4210 876 494 4090 855
leaf_count=1718 3650 619 4210 876 494 4090 855
model_size=816
internal_value=0 0.0394297 -0.0225055 0.0235407 0.0102317 -0.0312302 0.0882177
internal_weight=0 6000 10512 4526 2212 8300 1474
internal_count=16512 6000 10512 4526 2212 8300 1474
is_linear=0
shrinkage=0.1


Tree=9
num_leaves= 8
num_cat= 0
full_tree_array_lgbids= 0 1 4 3 2 5 6 -1 -5 -3 -4 -2 -7 -6 -8
split_feature= 1 1 6 3 1 2 5
split_gain= 1205.79 469.589 324.759 183.13 139.436 104.411 27.6955
threshold= 5.6042500000000013 3.3277500000000004 2.5357030921530415 4.5044954944033631 7.7055000000000016 26.500000000000004 139.50000000000003
decision_type= 2 2 2 2 2 2 2
left_child=1 3 -3 -1 5 -2 -6
right_child=4 2 -4 -5 6 -7 -8
leaf_value= -0.012027113350361926 0.030807123625507218 0.040532129713628573 -0.0069246226770622145 -0.043500314997658246 0.0021546067240146493 0.081210531299379926 0.10838713973546575
leaf_weight=3549 1059 2113 4563 3881 26 677 644
leaf_count=3549 1059 2113 4563 3881 26 677 644
model_size=816
internal_value=0 -0.0111627 0.00809577 -0.0284669 0.0654454 0.0504633 0.104265
internal_weight=0 14106 6676 7430 2406 1736 670
internal_count=16512 14106 6676 7430 2406 1736 670
is_linear=0
shrinkage=0.1


Tree=10
num_leaves= 8
num_cat= 0
full_tree_array_lgbids= 0 1 3 5 2 4 6 -1 -7 -3 -4 -2 -6 -5 -8
split_feature= 1 1 6 1 2 3 1
split_gain= 1004.3 304.11 287.195 226.302 173.22 102.319 30.341
threshold= 4.6754000000000007 2.2336500000000004 2.0376051459673437 7.3930000000000016 21.500000000000004 3.5232617427316812 8.7395500000000013
decision_type= 2 2 2 2 2 2 2
left_child=1 5 -3 4 -2 -1 -5
right_child=3 2 -4 6 -6 -7 -8
leaf_value= -0.0051177343893241065 0.0037956615427647694 0.045083177825450196 -0.012107711162889131 0.071236168988218759 0.048601540192292118 -0.052875654570378718 0.11083567272310389
leaf_weight=562 1460 984 8303 428 2126 2284 365
leaf_count=562 1460 984 8303 428 2126 2284 365
model_size=816
internal_value=0 -0.0148201 -0.00604808 0.0410625 0.0303593 -0.0434449 0.0894629
internal_weight=0 12133 9287 4379 3586 2846 793
internal_count=16512 12133 9287 4379 3586 2846 793
is_linear=0
shrinkage=0.1


Tree=11
num_leaves= 8
num_cat= 0
full_tree_array_lgbids= 0 3 1 4 6 2 5 -1 -6 -5 -8 -2 -4 -3 -7
split_feature= 1 1 2 7 8 2 7
split_gain= 847.958 304.671 227.132 187.178 375.709 84.9855 21.1343
threshold= 3.8346500000000003 5.8308000000000009 18.500000000000004 37.915000000000006 -122.31499999999998 26.500000000000004 38.475000000000001
decision_type= 2 2 2 2 2 2 2
left_child=3 2 -2 4 -1 -3 -5
right_child=1 5 -4 6 -6 -7 -8
leaf_value= 0.099601954853349092 -0.019649023068574932 0.041129200948059247 0.026897534540647017 -0.032134002325449745 -0.016787709813313595 0.082117198194456953 -0.054149143877061358
leaf_weight=289 1511 1219 3453 676 7158 875 1331
leaf_count=289 1511 1219 3453 676 7158 875 1331
model_size=816
internal_value=0 0.0262364 0.0127292 -0.0195871 -0.0122709 0.0582565 -0.046734
internal_weight=0 7058 4964 9454 7447 2094 2007
internal_count=16512 7058 4964 9454 7447 2094 2007
is_linear=0
shrinkage=0.1


Tree=12
num_leaves= 8
num_cat= 0
full_tree_array_lgbids= 0 3 1 4 5 2 6 -1 -6 -5 -7 -2 -4 -3 -8
split_feature= 1 6 2 6 7 7 1
split_gain= 687.685 271.766 229.407 177.065 168.657 132.387 122.358
threshold= 3.9004500000000006 2.9742256672023202 20.500000000000004 2.4716480639382667 37.945000000000007 34.455000000000005 6.8672000000000013
decision_type= 2 2 2 2 2 2 2
left_child=3 2 -2 4 -1 -5 -3
right_child=1 6 -4 5 -6 -7 -8
leaf_value= 0.017357973354222341 0.0046041341521176008 -0.0098838752882973446 0.055432879179652172 -0.012873186969560036 -0.036699276965727987 -0.041143131343877232 0.051276384538236866
leaf_weight=2196 1278 2253 2936 3515 787 3162 385
leaf_count=2196 1278 2253 2936 3515 787 3162 385
model_size=816
internal_value=0 0.0242423 0.0400178 -0.0171955 0.00309614 -0.0262609 -0.000957909
internal_weight=0 6852 4214 9660 2983 6677 2638
internal_count=16512 6852 4214 9660 2983 6677 2638
is_linear=0
shrinkage=0.1


Tree=13
num_leaves= 8
num_cat= 0
full_tree_array_lgbids= 0 1 3 2 4 5 6 -1 -4 -3 -6 -2 -7 -5 -8
split_feature= 1 6 7 6 8 7 1
split_gain= 590.826 280.258 364.068 93.2452 91.8843 63.6982 37.2452
threshold= 5.3736000000000006 2.8396278889382178 37.945000000000007 3.1424162072895592 -117.77499999999999 37.955000000000005 9.1688500000000008
decision_type= 2 2 2 2 2 2 2
left_child=1 2 -1 5 -3 -2 -5
right_child=3 4 -4 6 -6 -7 -8
leaf_value= 0.018223219283070823 0.058180759069477707 -0.017808752452322187 -0.034125292666712888 0.004752511194697666 -0.048440849261851028 -0.0084725125372828031 0.084691355090874887
leaf_weight=5358 1886 5382 1771 685 1208 157 65
leaf_count=5358 1886 5382 1771 685 1208 157 65
model_size=816
internal_value=0 -0.00853992 0.0052187 0.0419474 -0.0234239 0.0530586 0.0116805
internal_weight=0 13719 7129 2793 6590 2043 750
internal_count=16512 13719 7129 2793 6590 2043 750
is_linear=0
shrinkage=0.1


Tree=14
num_leaves= 8
num_cat= 0
full_tree_array_lgbids= 0 3 1 4 6 2 5 -1 -6 -5 -8 -2 -4 -3 -7
split_feature= 1 7 8 3 1 8 2
split_gain= 502.16 225.799 272.087 132.394 169.839 75.6661 42.6244
threshold= 3.6530500000000008 37.965000000000011 -118.02499999999999 4.7136159068371946 2.2210000000000005 -122.40499999999999 43.500000000000007
decision_type= 2 2 2 2 2 2 2
left_child=3 2 -2 4 -1 -3 -5
right_child=1 5 -4 6 -6 -7 -8
leaf_value= -0.028046601784448136 0.038411964017363485 0.023346933497318621 -0.0042036676822332954 -0.033704452710411156 0.01106573414924762 -0.044817534056596914 -0.0040017056727550413
leaf_weight=1879 4660 216 2217 3537 2743 689 571
leaf_count=1879 4660 216 2217 3537 2743 689 571
model_size=816
internal_value=0 0.0184842 0.0246736 -0.016477 -0.00483476 -0.0285484 -0.0295759
internal_weight=0 7782 6877 8730 4622 905 4108
internal_count=16512 7782 6877 8730 4622 905 4108
is_linear=0
shrinkage=0.1


Tree=15
num_leaves= 8
num_cat= 0
full_tree_array_lgbids= 0 1 4 2 3 5 6 -1 -4 -3 -5 -2 -7 -6 -8
split_feature= 1 8 7 7 1 6 5
split_gain= 433.759 243.968 366.197 74.5677 66.8091 70.7055 24.7267
threshold= 5.6851000000000012 -117.77499999999999 34.525000000000013 33.565000000000005 8.7395500000000013 2.5949646725452555 70.000000000000014
decision_type= 2 2 2 2 2 2 2
left_child=1 2 -1 -3 5 -2 -6
right_child=4 3 -4 -5 6 -7 -8
leaf_value= 0.020135571781320572 0.063928636896067398 -0.018385128867526787 -0.015614123601812689 -0.05336692391377839 -0.06347245511909326 0.020934416052922806 0.084849676401182891
leaf_weight=4978 538 1287 6786 1181 11.999999999999998 1377 353
leaf_count=4978 538 1287 6786 1181 12 1377 353
model_size=816
internal_value=0 -0.00649315 -0.000486447 -0.0351248 0.0405309 0.0330132 0.0799733
internal_weight=0 14232 11764 2468 2280 1915 365
internal_count=16512 14232 11764 2468 2280 1915 365
is_linear=0
shrinkage=0.1


Tree=16
num_leaves= 8
num_cat= 0
full_tree_array_lgbids= 0 4 1 6 5 2 3 -1 -8 -6 -7 -2 -4 -3 -5
split_feature= 1 6 2 1 1 3 3
split_gain= 365.438 197.45 194.814 186.113 105.222 138.905 66.4542
threshold= 3.6530500000000008 2.0653737590585881 17.500000000000004 6.3963500000000009 2.2210000000000005 4.5689898008742116 3.3654435698213785
decision_type= 2 2 2 2 2 2 2
left_child=4 2 -2 -3 6 -6 -1
right_child=1 3 -4 -5 5 -7 -8
leaf_value= 0.0053169222771560151 -0.018444986986648999 0.0035817605813822429 0.11116563453700046 0.044759214625673116 0.012223728565151895 -0.019055055019266402 -0.03700036219726574
leaf_weight=448 165 5863 396 1358 2383 3566 2333
leaf_count=448 165 5863 396 1358 2383 3566 2333
model_size=816
internal_value=0 0.015775 0.0730449 0.0113257 -0.014062 -0.00652566 -0.0301833
internal_weight=0 7782 561 7221 8730 5949 2781
internal_count=16512 7782 561 7221 8730 5949 2781
is_linear=0
shrinkage=0.1


Tree=17
num_leaves= 8
num_cat= 0
full_tree_array_lgbids= 0 1 4 2 3 5 6 -1 -4 -3 -5 -2 -7 -6 -8
split_feature= 1 8 7 7 6 2 3
split_gain= 302.983 216.267 283.161 216.606 81.4706 65.8886 27.2349
threshold= 5.0116000000000005 -122.38499999999998 38.415000000000006 34.455000000000005 3.1424162072895592 16.500000000000004 8.0108708495805292
decision_type= 2 2 2 2 2 2 2
left_child=1 2 -1 -3 5 -2 -6
right_child=4 3 -4 -5 6 -7 -8
leaf_value= 0.079837342826250254 0.0044376295177151635 0.00099570850082109845 -0.023841387174325063 -0.026316212345297674 -0.0060264616112942959 0.04308233002404506 0.043967760357146085
leaf_weight=621 570 6580 460 5236 839 2076 130
leaf_count=621 570 6580 460 5236 839 2076 130
model_size=816
internal_value=0 -0.00718213 0.0357187 -0.011107 0.0256232 0.0347575 0.00068071
internal_weight=0 12897 1081 11816 3615 2646 969
internal_count=16512 12897 1081 11816 3615 2646 969
is_linear=0
shrinkage=0.1


Tree=18
num_leaves= 8
num_cat= 0
full_tree_array_lgbids= 0 1 3 2 5 6 4 -1 -4 -3 -7 -2 -8 -5 -6
split_feature= 6 7 8 8 7 8 7
split_gain= 271.216 325.293 362.765 72.8997 134.19 43.5544 38.6552
threshold= 3.1100458715596333 37.925000000000004 -117.75499999999998 -121.56499999999998 34.525000000000013 -122.40499999999999 37.895000000000003
decision_type= 2 2 2 2 2 2 2
left_child=1 2 -1 6 -5 -3 -2
right_child=3 5 -4 4 -6 -7 -8
leaf_value= 0.028553390901530997 0.019453963486265519 -0.00026423410139478739 -0.021861717292848019 -0.014243169365368048 -0.055576444338007673 -0.031342036347319788 -0.028086578111539525
leaf_weight=6862 689 618 1808 3465 1025 1810 235
leaf_count=6862 689 618 1808 3465 1025 1810 235
model_size=816
internal_value=0 0.00896693 0.0180401 -0.018381 -0.0236789 -0.0234318 0.00736302
internal_weight=0 11098 8670 5414 4490 2428 924
internal_count=16512 11098 8670 5414 4490 2428 924
is_linear=0
shrinkage=0.1


Tree=19
num_leaves= 8
num_cat= 0
full_tree_array_lgbids= 0 4 1 6 5 2 3 -1 -8 -6 -7 -2 -4 -3 -5
split_feature= 1 2 1 8 3 1 7
split_gain= 234.634 198.911 143.335 98.6504 51.5372 57.467 30.8105
threshold= 2.8762500000000002 47.500000000000007 6.2770500000000009 -122.29499999999999 3.3654435698213785 1.9486000000000003 33.995000000000012
decision_type= 2 2 2 2 2 2 2
left_child=4 2 -2 -3 6 -6 -1
right_child=1 3 -4 -5 5 -7 -8
leaf_value= -0.028552456832473067 -0.00038794387119818257 0.10019139126750023 0.034224743971060206 0.029840511072815087 -0.037411147020109198 -0.01336937474124616 0.023546974257076185
leaf_weight=157 8791 303 1396 600 1448 3355 462
leaf_count=157 8791 303 1396 600 1448 3355 462
model_size=816
internal_value=0 0.00835254 0.00435529 0.0534466 -0.017084 -0.0206174 0.0103327
internal_weight=0 11090 10187 903 5422 4803 619
internal_count=16512 11090 10187 903 5422 4803 619
is_linear=0
shrinkage=0.1


Tree=20
num_leaves= 8
num_cat= 0
full_tree_array_lgbids= 0 1 3 2 5 4 6 -1 -4 -3 -7 -2 -6 -5 -8
split_feature= 6 7 8 1 8 8 1
split_gain= 210.171 238.38 265.74 83.734 56.8723 31.2118 30.8978
threshold= 2.9137341371666818 37.925000000000004 -117.85499999999998 5.8308000000000009 -121.56499999999998 -122.40499999999999 9.1688500000000008
decision_type= 2 2 2 2 2 2 2
left_child=1 2 -1 4 -2 -3 -5
right_child=3 5 -4 6 -6 -7 -8
leaf_value= 0.029129091450645867 0.0035981665706795382 0.0009640265052750915 -0.017142377401394297 0.008134646200935956 -0.021372035993816894 -0.027014872124108781 0.062160768835094027
leaf_weight=5547 1131 561 1607 791 5197 1551 127
leaf_count=5547 1131 561 1607 791 5197 1551 127
model_size=816
internal_value=0 0.0100013 0.0187352 -0.0127894 -0.0169091 -0.019583 0.0156088
internal_weight=0 9266 7154 7246 6328 2112 918
internal_count=16512 9266 7154 7246 6328 2112 918
is_linear=0
shrinkage=0.1


Tree=21
num_leaves= 8
num_cat= 0
full_tree_array_lgbids= 0 1 3 2 6 5 4 -1 -4 -3 -8 -2 -7 -5 -6
split_feature= 1 6 2 6 1 2 7
split_gain= 179.899 122.666 121.896 86.5201 83.5919 78.795 45.6847
threshold= 4.405050000000001 2.5949646725452555 20.500000000000004 2.2820667453403218 8.0125000000000011 17.500000000000004 34.455000000000005
decision_type= 2 2 2 2 2 2 2
left_child=1 2 -1 5 -5 -2 -3
right_child=3 6 -4 4 -6 -7 -8
leaf_value= -0.018695872612738963 -0.0079115140407035756 -0.007718099753969131 0.017767994192043481 0.0060437797522580753 0.049421456108545737 0.074532198210880071 -0.024013756376956307
leaf_weight=1345 162 3885 2961 4003 507 428 3221
leaf_count=1345 162 3885 2961 4003 507 428 3221
model_size=816
internal_value=0 -0.0069986 0.00637833 0.0156604 0.0109202 0.0518951 -0.0151046
internal_weight=0 11412 4306 5100 4510 590 7106
internal_count=16512 11412 4306 5100 4510 590 7106
is_linear=0
shrinkage=0.1


Tree=22
num_leaves= 8
num_cat= 0
full_tree_array_lgbids= 0 3 1 5 6 2 4 -1 -7 -5 -8 -2 -4 -3 -6
split_feature= 8 7 8 7 8 8 7
split_gain= 169.467 469.644 491.306 198.915 187.937 124.606 57.8757
threshold= -121.85499999999998 34.525000000000013 -118.30499999999999 37.805000000000007 -119.94499999999998 -122.25499999999998 38.705000000000005
decision_type= 2 2 2 2 2 2 2
left_child=3 2 -2 5 -3 -1 -5
right_child=1 4 -4 6 -6 -7 -8
leaf_value= 0.071993749970035589 0.047681832606003102 -0.020376568201553771 -0.006752097501538469 0.0044215599592221603 -0.068806574231981582 0.021250278222559791 -0.036515418558965951
leaf_weight=736 2235 2723 6481 1251 1145 1451 490
leaf_count=736 2235 2723 6481 1251 1145 1451 490
model_size=816
internal_value=0 -0.00567867 0.00720612 0.0181926 -0.0347128 0.0383272 -0.00710005
internal_weight=0 12584 8716 3928 3868 2187 1741
internal_count=16512 12584 8716 3928 3868 2187 1741
is_linear=0
shrinkage=0.1


Tree=23
num_leaves= 8
num_cat= 0
full_tree_array_lgbids= 0 1 4 3 2 5 6 -1 -5 -3 -4 -2 -7 -6 -8
split_feature= 8 7 8 8 7 8 8
split_gain= 156.475 213.868 469.855 209.639 79.9466 104.756 10.1299
threshold= -117.75499999999998 34.525000000000013 -121.63499999999998 -118.30499999999999 33.695000000000007 -117.145 -117.50499999999998
decision_type= 2 2 2 2 2 2 2
left_child=1 3 -3 -1 5 -2 -6
right_child=4 2 -4 -5 6 -7 -8
leaf_value= 0.042913649325234032 0.021624377836486096 0.014690748118043009 -0.035246226760023751 0.0041756548193877434 -0.025930948738267942 -0.029678889703740559 -0.048349542512543218
leaf_weight=2235 709 4419 3299 3782 309 931 828
leaf_count=2235 709 4419 3299 3782 309 931 828
model_size=816
internal_value=0 0.00439355 -0.00665443 0.0185648 -0.0217304 -0.00749961 -0.0422569
internal_weight=0 13735 7718 6017 2777 1640 1137
internal_count=16512 13735 7718 6017 2777 1640 1137
is_linear=0
shrinkage=0.1


Tree=24
num_leaves= 8
num_cat= 0
full_tree_array_lgbids= 0 1 3 2 6 5 4 -1 -4 -3 -8 -2 -7 -5 -6
split_feature= 6 7 8 8 7 7 7
split_gain= 139.188 150.575 188.726 32.4481 52.0395 27.176 20.6126
threshold= 3.1424162072895592 37.935000000000009 -122.31499999999998 -121.48499999999999 35.135000000000012 37.895000000000003 39.355000000000011
decision_type= 2 2 2 2 2 2 2
left_child=1 2 -1 5 -5 -2 -3
right_child=3 6 -4 4 -6 -7 -8
leaf_value= 0.067535666514527887 0.014601993632660203 -0.011011979960501224 0.0084004977591527249 -0.011774224800231839 -0.039671042349372306 -0.026493336727937467 -0.034197206773695726
leaf_weight=581 657 1921 8342 3414 856 226 515
leaf_count=581 657 1921 8342 3414 856 226 515
model_size=816
internal_value=0 0.0062109 0.0122509 -0.013691 -0.0173667 0.00408382 -0.0159136
internal_weight=0 11359 8923 5153 4270 883 2436
internal_count=16512 11359 8923 5153 4270 883 2436
is_linear=0
shrinkage=0.1


Tree=25
num_leaves= 8
num_cat= 0
full_tree_array_lgbids= 0 1 4 3 2 5 6 -1 -5 -3 -4 -2 -7 -6 -8
split_feature= 8 7 8 6 7 8 8
split_gain= 128.648 171.224 348.553 171.815 63.345 83.0622 8.4217
threshold= -117.75499999999998 34.525000000000013 -121.56499999999998 3.0004492362982935 33.695000000000007 -117.145 -117.46499999999999
decision_type= 2 2 2 2 2 2 2
left_child=1 3 -3 -1 5 -2 -6
right_child=4 2 -4 -5 6 -7 -8
leaf_value= 0.032725928211404104 0.018957661417341162 0.011929622063045341 -0.03131799538690002 -0.0012460245193440073 -0.024234186495625101 -0.026814272247959344 -0.044211160261631272
leaf_weight=3175 709 4535 3183 2842 351 931 786
leaf_count=3175 709 4535 3183 2842 351 931 786
model_size=816
internal_value=0 0.0039883 -0.00590624 0.01668 -0.0197261 -0.00702628 -0.0380441
internal_weight=0 13735 7718 6017 2777 1640 1137
internal_count=16512 13735 7718 6017 2777 1640 1137
is_linear=0
shrinkage=0.1


Tree=26
num_leaves= 8
num_cat= 0
full_tree_array_lgbids= 0 1 4 3 2 5 6 -1 -5 -3 -4 -2 -7 -6 -8
split_feature= 8 7 8 8 7 8 7
split_gain= 103.927 138.414 292.111 155.397 53.6594 88.0022 7.90007
threshold= -117.75499999999998 34.525000000000013 -119.94499999999998 -118.35499999999998 33.565000000000005 -117.16499999999998 34.965000000000011
decision_type= 2 2 2 2 2 2 2
left_child=1 3 -3 -1 5 -2 -6
right_child=4 2 -4 -5 6 -7 -8
leaf_value= 0.040675315720817284 0.028065865523416861 0.0024938682380915992 -0.053994964466966167 0.0048645280469491632 -0.031542793900460768 -0.023073351306824006 -0.090535285296263535
leaf_weight=1705 535 6651 1067 4312 1271 944 27
leaf_count=1705 535 6651 1067 4312 1271 944 27
model_size=816
internal_value=0 0.00358947 -0.00531561 0.015012 -0.0177535 -0.00457472 -0.0327699
internal_weight=0 13735 7718 6017 2777 1479 1298
internal_count=16512 13735 7718 6017 2777 1479 1298
is_linear=0
shrinkage=0.1


Tree=27
num_leaves= 8
num_cat= 0
full_tree_array_lgbids= 0 1 2 3 5 6 4 -1 -5 -3 -7 -2 -8 -4 -6
split_feature= 2 1 8 6 7 1 8
split_gain= 95.1667 89.3546 69.627 61.0635 32.3482 28.0457 19.1609
threshold= 51.500000000000007 5.8308000000000009 -122.31499999999998 2.0376051459673437 37.635000000000012 8.7395500000000013 -122.61499999999999
decision_type= 2 2 2 2 2 2 2
left_child=1 3 6 -1 -4 -3 -2
right_child=2 5 4 -5 -6 -7 -8
leaf_value= 0.016615438931255978 -0.016534283234236332 0.012770929903793077 0.030583824611927286 -0.007017112357039332 -0.013822830540278011 0.045996630184188397 0.076089262961397397
leaf_weight=1229 26 1635 406 12307 295 318 296
leaf_count=1229 26 1635 406 12307 295 318 296
model_size=816
internal_value=0 -0.00196474 0.0297476 -0.0048714 0.0118963 0.018181 0.0686103
internal_weight=0 15489 1023 13536 701 1953 322
internal_count=16512 15489 1023 13536 701 1953 322
is_linear=0
shrinkage=0.1


Tree=28
num_leaves= 8
num_cat= 0
full_tree_array_lgbids= 0 1 3 2 5 4 6 -1 -4 -3 -7 -2 -6 -5 -8
split_feature= 6 7 8 3 8 7 1
split_gain= 86.0408 104.68 143.67 23.2319 19.8755 19.0451 3.3396
threshold= 3.1424162072895592 37.895000000000003 -122.29499999999999 8.0108708495805292 -117.50499999999998 39.355000000000011 10.027200000000002
decision_type= 2 2 2 2 2 2 2
left_child=1 2 -1 4 -2 -3 -5
right_child=3 5 -4 6 -6 -7 -8
leaf_value= 0.058994869258325269 -0.0094107699247084498 -0.0085182116728222072 0.0067447630707766666 0.018663932264602761 -0.028373767831519986 -0.030796130909550558 0.059370019610383011
leaf_weight=568 4316 2050 8226 114 685 515 38
leaf_count=568 4316 2050 8226 114 685 515 38
model_size=816
internal_value=0 0.00490089 0.0101196 -0.0108033 -0.0120082 -0.0129912 0.0288405
internal_weight=0 11359 8794 5153 5001 2565 152
internal_count=16512 11359 8794 5153 5001 2565 152
is_linear=0
shrinkage=0.1


Tree=29
num_leaves= 8
num_cat= 0
full_tree_array_lgbids= 0 1 4 3 2 5 6 -1 -5 -3 -4 -2 -7 -6 -8
split_feature= 8 7 8 6 7 8 6
split_gain= 79.744 111.943 240.042 125.029 41.7986 66.189 6.56127
threshold= -117.75499999999998 34.655000000000008 -121.56499999999998 2.4652231585518112 33.565000000000005 -117.16499999999998 2.7822627965043698
decision_type= 2 2 2 2 2 2 2
left_child=1 3 -3 -1 5 -2 -6
right_child=4 2 -4 -5 6 -7 -8
leaf_value= 0.039465581980300639 0.024496419037009262 0.0097327197205782558 -0.026483442451298946 0.0053890913308537979 -0.039114851927378937 -0.020001738266396927 -0.022879493526474393
leaf_weight=1419 535 4535 3099 4682 482 944 816
leaf_count=1419 535 4535 3099 4682 482 944 816
model_size=816
internal_value=0 0.00315246 -0.00496913 0.0133148 -0.015592 -0.00390538 -0.0289083
internal_weight=0 13735 7634 6101 2777 1479 1298
internal_count=16512 13735 7634 6101 2777 1479 1298
is_linear=0
shrinkage=0.1


Tree=30
num_leaves= 8
num_cat= 0
full_tree_array_lgbids= 0 1 2 4 6 3 5 -1 -6 -3 -8 -2 -5 -4 -7
split_feature= 8 7 7 8 2 2 1
split_gain= 70.1592 121.299 92.042 150.605 19.1642 12.9148 1.98096
threshold= -122.40499999999999 38.705000000000005 37.615000000000002 -122.02499999999999 47.500000000000007 23.500000000000004 3.2758000000000007
decision_type= 2 2 2 2 2 2 2
left_child=1 4 3 -2 -1 -4 -3
right_child=2 6 5 -5 -6 -7 -8
leaf_value= 0.030496361725479745 0.055362017655193919 -0.025382818834868644 -0.0087498904231321992 -9.4373317497443456e-05 0.061743309339437863 -0.021926752997116595 -0.052314302717046492
leaf_weight=587 517 261 1415 11347 330 1997 58
leaf_count=587 517 261 1415 11347 330 1997 58
model_size=816
internal_value=0 0.0231533 -0.00187336 0.00232226 0.0417412 -0.0164621 -0.0302795
internal_weight=0 1236 15276 11864 917 3412 319
internal_count=16512 1236 15276 11864 917 3412 319
is_linear=0
shrinkage=0.1


Tree=31
num_leaves= 8
num_cat= 0
full_tree_array_lgbids= 0 1 4 2 3 6 5 -1 -4 -3 -5 -2 -8 -6 -7
split_feature= 6 7 8 7 8 7 7
split_gain= 65.1042 69.7914 99.0015 14.102 13.3629 8.43719 7.72286
threshold= 3.442186331338819 37.895000000000003 -122.31499999999998 39.82500000000001 -121.32499999999997 35.335000000000008 37.925000000000004
decision_type= 2 2 2 2 2 2 2
left_child=1 2 -1 -3 6 -6 -2
right_child=4 3 -4 -5 5 -7 -8
leaf_value= 0.047283228399624885 0.010451935365379928 -0.008234371210223931 0.0045249158644526796 -0.030810463305920296 -0.013267588210665406 -0.029958149614898469 -0.021894147788052973
leaf_weight=582 381 2456 9928 350 2276 424 115
leaf_count=582 381 2456 9928 350 2276 424 115
model_size=816
internal_value=0 0.00311166 0.00689269 -0.0110503 -0.0129646 -0.0158886 0.00295234
internal_weight=0 13316 10510 2806 3196 2700 496
internal_count=16512 13316 10510 2806 3196 2700 496
is_linear=0
shrinkage=0.1


Tree=32
num_leaves= 8
num_cat= 0
full_tree_array_lgbids= 0 1 4 3 2 5 6 -1 -5 -3 -4 -2 -7 -6 -8
split_feature= 8 7 8 8 7 8 1
split_gain= 65.5291 84.8453 221.995 122.8 36.4274 42.683 4.1457
threshold= -117.50499999999998 34.655000000000008 -119.94499999999998 -118.30499999999999 33.915000000000006 -117.145 5.453450000000001
decision_type= 2 2 2 2 2 2 2
left_child=1 3 -3 -1 5 -2 -6
right_child=4 2 -4 -5 6 -7 -8
leaf_value= 0.029819057912910448 0.014850943405445375 0.0021105140261780254 -0.047683838382753606 0.00094166767455872592 -0.034048289775515238 -0.019850286283935429 -0.074476658130014264
leaf_weight=2281 564 6610 1044 4307 615 1054 37
leaf_count=2281 564 6610 1044 4307 615 1054 37
model_size=816
internal_value=0 0.0025447 -0.0046814 0.01094 -0.0159655 -0.00775418 -0.0363425
internal_weight=0 14242 7654 6588 2270 1618 652
internal_count=16512 14242 7654 6588 2270 1618 652
is_linear=0
shrinkage=0.1


Tree=33
num_leaves= 8
num_cat= 0
full_tree_array_lgbids= 0 1 4 2 3 6 5 -1 -4 -3 -5 -2 -8 -6 -7
split_feature= 8 6 2 3 8 1 7
split_gain= 53.6843 53.4592 59.1583 44.4823 1.83044 1.29914 0.385619
threshold= -116.53499999999998 2.8396278889382178 21.500000000000004 7.5573198511601065 -116.11499999999999 4.0170500000000011 33.745000000000012
decision_type= 2 2 2 2 2 2 2
left_child=1 2 -1 -3 6 -6 -2
right_child=4 3 -4 -5 5 -7 -8
leaf_value= -0.0059892103408555513 -0.021300806345435672 -0.0071823276247406547 0.01224728149530256 0.025264189558664482 -0.053826804739346201 -0.10076171457767487 -0.048005667136255974
leaf_weight=2698 53 7455 5658 465 109 14.999999999999998 59
leaf_count=2698 53 7455 5658 465 109 15 59
model_size=816
internal_value=0 0.000696721 0.00635905 -0.00527732 -0.0480501 -0.0595044 -0.0353685
internal_weight=0 16276 8356 7920 236 124 112
internal_count=16512 16276 8356 7920 236 124 112
is_linear=0
shrinkage=0.1


Tree=34
num_leaves= 8
num_cat= 0
full_tree_array_lgbids= 0 4 1 6 5 3 2 -1 -8 -6 -7 -2 -5 -3 -4
split_feature= 4 1 6 8 8 7 7
split_gain= 49.5319 57.273 43.0797 37.1591 14.7268 35.91 20.3986
threshold= 0.99160544721033084 4.1408500000000013 2.2634687595142249 -117.77499999999999 -121.675 35.335000000000008 37.595000000000006
decision_type= 2 2 2 2 2 2 2
left_child=4 3 -3 -2 6 -6 -1
right_child=1 2 -4 -5 5 -7 -8
leaf_value= 0.020543652105569729 0.0010747445195711043 0.037983733186326779 0.0081786790104586473 -0.015949471542290972 -0.0091500788443859751 -0.040354139367294373 -0.012583039024216956
leaf_weight=323 7421 579 3864 1634 1656 503 532
leaf_count=323 7421 579 3864 1634 1656 503 532
model_size=816
internal_value=0 0.0026307 0.0120628 -0.00199732 -0.0117814 -0.0164199 -6.85113e-05
internal_weight=0 13498 4443 9055 3014 2159 855
internal_count=16512 13498 4443 9055 3014 2159 855
is_linear=0
shrinkage=0.1


Tree=35
num_leaves= 8
num_cat= 0
full_tree_array_lgbids= 0 4 1 5 6 3 2 -1 -7 -6 -8 -2 -5 -3 -4
split_feature= 1 8 7 7 3 5 5
split_gain= 46.6269 53.4997 79.3797 62.9102 15.9303 8.32841 4.04534
threshold= 1.9486000000000003 -122.40499999999999 37.615000000000002 38.705000000000005 2.6633984153933228 1499.5000000000002 494.50000000000006
decision_type= 2 2 2 2 2 2 2
left_child=4 3 -3 -2 5 -1 -6
right_child=1 2 -4 -5 6 -7 -8
leaf_value= -0.0070356035292315393 0.035634385705785795 0.004197126255139288 -0.014515853620382008 -0.024094263436844607 -0.0041888379644541467 0.048526489566124625 -0.020804295481040985
leaf_weight=67 880 10666 2957 228 244 63 1407
leaf_count=67 880 10666 2957 228 244 63 1407
model_size=816
internal_value=0 0.00188093 0.000135298 0.0233437 -0.0155575 0.0198906 -0.0183487
internal_weight=0 14731 13623 1108 1781 130 1651
internal_count=16512 14731 13623 1108 1781 130 1651
is_linear=0
shrinkage=0.1


Tree=36
num_leaves= 8
num_cat= 0
full_tree_array_lgbids= 0 1 3 6 2 4 5 -1 -8 -3 -4 -2 -6 -5 -7
split_feature= 8 7 7 7 8 6 1
split_gain= 44.2544 71.2868 58.3114 29.6583 46.2676 8.7475 6.99127
threshold= -117.77499999999999 33.625000000000007 34.655000000000008 33.565000000000005 -117.24499999999999 1.5681615996735363 5.3357000000000001
decision_type= 2 2 2 2 2 2 2
left_child=1 6 -3 4 -2 -5 -1
right_child=3 2 -4 5 -6 -7 -8
leaf_value= 0.16193666476756335 0.034166355405002839 0.0094306429710677431 -0.003946692602268923 -0.091101631077683792 -0.010601075126717536 -0.021506108330492435 0.082171686366200453
leaf_weight=24 300 5988 7632 22 1188 1326 32
leaf_count=24 300 5988 7632 22 1188 1326 32
model_size=816
internal_value=0 0.00240315 0.00193462 -0.0115887 -0.00157538 -0.0226419 0.116357
internal_weight=0 13676 13620 2836 1488 1348 56
internal_count=16512 13676 13620 2836 1488 1348 56
is_linear=0
shrinkage=0.1


Tree=37
num_leaves= 8
num_cat= 0
full_tree_array_lgbids= 0 1 3 2 6 4 5 -1 -4 -3 -8 -2 -6 -5 -7
split_feature= 2 1 8 8 7 7 4
split_gain= 42.6432 43.6096 33.6248 26.8614 17.2582 14.2252 9.32714
threshold= 51.500000000000007 7.2638000000000007 -116.53499999999998 -122.425 37.755000000000003 37.635000000000012 1.0069504830917877
decision_type= 2 2 2 2 2 2 2
left_child=1 2 -1 4 -2 -5 -3
right_child=3 6 -4 5 -6 -7 -8
leaf_value= -0.0019536262200598735 0.0031654818515692443 0.0062228627090946701 -0.041330891626019932 0.025253087723325563 0.071262412855564922 -0.0028287469975783021 0.031213530640715595
leaf_weight=14483 56 277 232 420 154 393 497
leaf_count=14483 56 277 232 420 154 393 497
model_size=816
internal_value=0 -0.00133296 -0.00257446 0.0201821 0.0531032 0.0116785 0.0222698
internal_weight=0 15489 14715 1023 210 813 774
internal_count=16512 15489 14715 1023 210 813 774
is_linear=0
shrinkage=0.1


Tree=38
num_leaves= 8
num_cat= 0
full_tree_array_lgbids= 0 1 4 3 2 6 5 -1 -5 -3 -4 -2 -8 -6 -7
split_feature= 6 7 8 8 8 2 7
split_gain= 41.0833 45.4925 172.524 119.633 8.78292 4.59755 4.52099
threshold= 3.442186331338819 34.525000000000013 -119.94499999999998 -118.27499999999999 -121.32499999999997 31.500000000000004 37.925000000000004
decision_type= 2 2 2 2 2 2 2
left_child=1 3 -3 -1 6 -6 -2
right_child=4 2 -4 -5 5 -7 -8
leaf_value= 0.027977282850102644 0.009251839118527512 0.0029147057804771196 -0.044330533542980749 -0.0010382581190380674 -0.0078043123326314197 -0.017568359338394773 -0.01755749063242389
leaf_weight=2160 381 5912 900 4344 1298 1402 115
leaf_count=2160 381 5912 900 4344 1298 1402 115
model_size=816
internal_value=0 0.00249737 -0.00332733 0.0085979 -0.0104052 -0.0128744 0.00303597
internal_weight=0 13316 6812 6504 3196 2700 496
internal_count=16512 13316 6812 6504 3196 2700 496
is_linear=0
shrinkage=0.1


Tree=39
num_leaves= 8
num_cat= 0
full_tree_array_lgbids= 0 4 1 5 6 2 3 -1 -7 -6 -8 -2 -4 -3 -5
split_feature= 4 1 6 5 3 8 8
split_gain= 39.5643 37.4199 37.7838 14.0825 11.5798 5.80154 3.55133
threshold= 0.99160544721033084 5.7307500000000013 1.9322222929778572 170.50000000000003 6.7080251109600555 -121.675 -122.03499999999998
decision_type= 2 2 2 2 2 2 2
left_child=4 2 -2 -3 5 -1 -6
right_child=1 3 -4 -5 6 -7 -8
leaf_value= -0.0039918649841041935 0.020505073761725036 -0.051835146546363835 -0.0012836653750219419 0.018405467597826394 0.035510736385670802 -0.015926479834598214 0.0025891345848671897
leaf_weight=738 904 33 10974 1587 66 2002 208
leaf_count=738 904 33 10974 1587 66 2002 208
model_size=816
internal_value=0 0.00236691 0.000374612 0.0169746 -0.0106001 -0.012712 0.0105192
internal_weight=0 13498 11878 1620 3014 2740 274
internal_count=16512 13498 11878 1620 3014 2740 274
is_linear=0
shrinkage=0.1


Tree=40
num_leaves= 8
num_cat= 0
full_tree_array_lgbids= 0 4 1 5 6 3 2 -1 -7 -6 -8 -2 -5 -3 -4
split_feature= 4 1 6 1 8 7 1
split_gain= 33.292 36.8108 39.2883 17.2626 15.4114 22.3693 13.6076
threshold= 1.0117321169808868 3.4883000000000002 2.0653737590585881 1.8066500000000001 -122.19499999999998 37.595000000000006 8.7395500000000013
decision_type= 2 2 2 2 2 2 2
left_child=4 3 -3 -2 5 -1 -6
right_child=1 2 -4 -5 6 -7 -8
leaf_value= 0.059432336329851621 -0.014186937978882878 0.034976431775330143 0.0061306739320421411 0.00012481648981568793 -0.010753879059726901 0.00044765568233536056 0.025772689677154029
leaf_weight=82 1141 550 4977 5229 3942 471 120
leaf_count=82 1141 550 4977 5229 3942 471 120
model_size=816
internal_value=0 0.00287592 0.00900116 -0.00243872 -0.00741382 0.00919403 -0.00967481
internal_weight=0 11897 5527 6370 4615 553 4062
internal_count=16512 11897 5527 6370 4615 553 4062
is_linear=0
shrinkage=0.1


Tree=41
num_leaves= 8
num_cat= 0
full_tree_array_lgbids= 0 1 2 4 6 3 5 -1 -6 -3 -8 -2 -5 -4 -7
split_feature= 8 7 7 8 7 2 1
split_gain= 30.7777 62.236 53.5468 95.3554 15.7707 11.7129 0.840648
threshold= -122.40499999999999 38.705000000000005 37.615000000000002 -122.01499999999999 37.755000000000003 23.500000000000004 3.2758000000000007
decision_type= 2 2 2 2 2 2 2
left_child=1 4 3 -2 -1 -4 -3
right_child=2 6 5 -5 -6 -7 -8
leaf_value= 0.008013589345856751 0.042657163520689212 -0.018568222570233939 -0.0049864432295782714 -4.9758317039230738e-05 0.038267816079141731 -0.017835811640772935 -0.042865805135204882
leaf_weight=278 560 261 1415 11304 639 1997 58
leaf_count=278 560 261 1415 11304 639 1997 58
model_size=816
internal_value=0 0.015654 -0.00126659 0.00196608 0.0290959 -0.012507 -0.022986
internal_weight=0 1236 15276 11864 917 3412 319
internal_count=16512 1236 15276 11864 917 3412 319
is_linear=0
shrinkage=0.1


Tree=42
num_leaves= 8
num_cat= 0
full_tree_array_lgbids= 0 1 3 5 2 4 6 -1 -7 -3 -4 -2 -6 -5 -8
split_feature= 8 7 7 7 8 2 6
split_gain= 29.3849 53.9513 40.778 21.9968 33.8371 8.72799 7.31351
threshold= -117.77499999999999 33.645000000000003 34.175000000000004 33.565000000000005 -117.24499999999999 24.500000000000004 1.5681615996735363
decision_type= 2 2 2 2 2 2 2
left_child=1 5 -3 4 -2 -1 -5
right_child=3 2 -4 6 -6 -7 -8
leaf_value= 0.034044939053781108 0.03006543565137933 0.008989487582364614 -0.002722931998040942 -0.083782059767029515 -0.0086177964378281579 0.1052433096077609 -0.018166099663770818
leaf_weight=33 300 4850 8734 22 1188 59 1326
leaf_count=33 300 4850 8734 22 1188 59 1326
model_size=816
internal_value=0 0.00198521 0.00145884 -0.00957326 -0.000818758 0.0797048 -0.019237
internal_weight=0 13676 13584 2836 1488 92 1348
internal_count=16512 13676 13584 2836 1488 92 1348
is_linear=0
shrinkage=0.1


Tree=43
num_leaves= 7
num_cat= 0
full_tree_array_lgbids= 0 1 3 2 5 4 -5 -1 -4 -3 -7 -2 -6 -2147483648 -2147483648
split_feature= 3 6 2 8 7 8
split_gain= 29.9382 38.0928 89.9169 12.7724 14.8237 12.571
threshold= 6.3652809400434434 2.4469862317432325 21.500000000000004 -116.22499999999998 37.645000000000003 -122.24499999999999
decision_type= 2 2 2 2 2 2
left_child=1 2 -1 4 -2 -3
right_child=3 5 -4 -5 -6 -7
leaf_value= -0.01631846099239715 0.015112157345028854 0.0066994739132190534 0.017077568146550638 -0.056310598935712788 -0.0011952546738140885 -0.0067429790467626082
leaf_weight=1202 2055 891 2626 34 918 8786
leaf_count=1202 2055 891 2626 34 918 8786
model_size=704
internal_value=0 -0.00207654 0.00659115 0.00932613 0.0100768 -0.00550528
internal_weight=0 13505 3828 3007 2973 9677
internal_count=16512 13505 3828 3007 2973 9677
is_linear=0
shrinkage=0.1


Tree=44
num_leaves= 8
num_cat= 0
full_tree_array_lgbids= 0 3 1 5 4 6 2 -1 -7 -5 -6 -2 -8 -3 -4
split_feature= 4 1 6 8 7 7 8
split_gain= 27.0211 27.7827 28.9559 14.8269 36.0649 29.558 11.7361
threshold= 1.0291350557942953 3.3941500000000002 1.8179079789978452 -121.56499999999998 35.335000000000008 37.595000000000006 -116.22499999999998
decision_type= 2 2 2 2 2 2 2
left_child=3 6 -3 5 -5 -1 -2
right_child=1 2 -4 4 -6 -7 -8
leaf_value= 0.020116289664581996 -0.0010357553299796846 0.047075889953378212 0.0073781366194379666 -0.0038246607574266272 -0.026337059289903642 -0.0073460220944314009 -0.03893716009749499
leaf_weight=664 5464 206 4523 3453 963 1141 98
leaf_count=664 5464 206 4523 3453 963 1141 98
model_size=816
internal_value=0 0.00326438 0.00910741 -0.00540005 -0.00873395 0.00275646 -0.00170356
internal_weight=0 10291 4729 6221 4416 1805 5562
internal_count=16512 10291 4729 6221 4416 1805 5562
is_linear=0
shrinkage=0.1


Tree=45
num_leaves= 8
num_cat= 0
full_tree_array_lgbids= 0 1 3 2 6 4 5 -1 -4 -3 -8 -2 -6 -5 -7
split_feature= 2 1 4 8 7 5 5
split_gain= 25.5944 21.3802 20.1262 16.0543 11.4271 9.82084 3.13834
threshold= 51.500000000000007 8.0125000000000011 1.0598844094540727 -122.425 37.755000000000003 107.50000000000001 139.50000000000003
decision_type= 2 2 2 2 2 2 2
left_child=1 2 -1 4 -2 -5 -3
right_child=3 6 -4 5 -6 -7 -8
leaf_value= -0.0051596988911966164 3.6863028071820736e-05 -0.035905421804636718 0.0026031405144774202 -0.057544109039008619 0.057499361159461373 0.011372115419846195 0.022433116059933925
leaf_weight=8424 56 15.999999999999998 6576 26 154 787 473
leaf_count=8424 56 16 6576 26 154 787 473
model_size=816
internal_value=0 -0.00105305 -0.00175647 0.015944 0.042176 0.00916815 0.0205243
internal_weight=0 15489 15000 1023 210 813 489
internal_count=16512 15489 15000 1023 210 813 489
is_linear=0
shrinkage=0.1


Tree=46
num_leaves= 8
num_cat= 0
full_tree_array_lgbids= 0 1 4 2 3 5 6 -1 -4 -3 -5 -2 -7 -6 -8
split_feature= 6 7 8 8 8 1 5
split_gain= 23.721 30.7822 178.634 56.0263 4.11149 4.17512 2.2694
threshold= 3.6402605459057074 34.175000000000004 -118.36499999999999 -120.56499999999998 -121.36499999999999 4.2118000000000011 1906.5000000000002
decision_type= 2 2 2 2 2 2 2
left_child=1 2 -1 -3 5 -2 -6
right_child=4 3 -4 -5 6 -7 -8
leaf_value= 0.053797800822129233 0.013276879968511505 0.0028304132725145634 0.00078883259212321672 -0.015903587049028094 -0.014901565242904233 -0.015692650751284381 -0.0047712100097165484
leaf_weight=732 215 5770 5319 2327 1404 117 628
leaf_count=732 215 5770 5319 2327 1404 117 628
model_size=816
internal_value=0 0.00161858 0.00720142 -0.00255356 -0.00968681 0.00306774 -0.0117707
internal_weight=0 14148 6051 8097 2364 332 2032
internal_count=16512 14148 6051 8097 2364 332 2032
is_linear=0
shrinkage=0.1


Tree=47
num_leaves= 8
num_cat= 0
full_tree_array_lgbids= 0 1 4 3 2 5 6 -1 -5 -3 -4 -2 -7 -6 -8
split_feature= 7 8 7 7 8 8 1
split_gain= 22.8718 53.1115 122.059 24.5835 14.0481 9.83075 2.75022
threshold= 37.895000000000003 -121.24499999999999 35.335000000000008 37.595000000000006 -121.24499999999999 -122.38499999999998 5.5011500000000009
decision_type= 2 2 2 2 2 2 2
left_child=1 3 -3 -1 5 -2 -6
right_child=4 2 -4 -5 6 -7 -8
leaf_value= 0.023467584494586163 -0.00058358876479297831 0.0027893577398100319 -0.028677496594950738 0.0043401096553557193 0.010975174396071057 -0.015968378975163774 -0.029794054635931391
leaf_weight=1479 713 9139 1455 1452 460 1782 32
leaf_count=1479 713 9139 1455 1452 460 1782 32
model_size=816
internal_value=0 0.00183191 -0.00153236 0.0139919 -0.0082948 -0.0115718 0.00832352
internal_weight=0 13525 10594 2931 2987 2495 492
internal_count=16512 13525 10594 2931 2987 2495 492
is_linear=0
shrinkage=0.1


Tree=48
num_leaves= 8
num_cat= 0
full_tree_array_lgbids= 0 1 4 3 2 5 6 -1 -5 -3 -4 -2 -7 -6 -8
split_feature= 8 7 8 8 7 8 1
split_gain= 22.657 31.5831 96.5865 58.0219 19.1701 18.389 4.6741
threshold= -117.50499999999998 34.655000000000008 -119.94499999999998 -118.35499999999998 33.915000000000006 -117.145 3.0679500000000002
decision_type= 2 2 2 2 2 2 2
left_child=1 3 -3 -1 5 -2 -6
right_child=4 2 -4 -5 6 -7 -8
leaf_value= 0.022709557225027155 0.011880270622701406 0.0015446936818781852 -0.031566068147896996 0.0010519573425233576 -0.014692341417821948 -0.011825573610015298 -0.035314531768145273
leaf_weight=1750 564 6610 1044 4838 325 1054 327
leaf_count=1750 564 6610 1044 4838 325 1054 327
model_size=816
internal_value=0 0.0015508 -0.00297159 0.00680496 -0.00972976 -0.00356223 -0.0250351
internal_weight=0 14242 7654 6588 2270 1618 652
internal_count=16512 14242 7654 6588 2270 1618 652
is_linear=0
shrinkage=0.1


Tree=49
num_leaves= 8
num_cat= 0
full_tree_array_lgbids= 0 3 1 5 4 2 6 -1 -7 -5 -6 -2 -4 -3 -8
split_feature= 4 7 8 3 5 1 1
split_gain= 20.8673 22.0186 35.2117 5.00268 9.70922 6.8889 0.285358
threshold= 0.98548810139184051 39.355000000000011 -122.35499999999998 5.5511074737062058 229.50000000000003 7.2638000000000007 3.7789000000000006
decision_type= 2 2 2 2 2 2 2
left_child=3 2 -2 5 -5 -1 -3
right_child=1 6 -4 4 -6 -7 -8
leaf_value= -0.011811583363650331 0.021210766597680494 -0.018695420462222018 0.00093825439026308164 0.069973984036756601 -0.0032206010430420096 -0.096209157086335706 -0.054509278883536662
leaf_weight=1703 985 470 12412 23 885 12.999999999999998 21
leaf_count=1703 985 470 12412 23 885 13 21
model_size=816
internal_value=0 0.00162778 0.00242877 -0.00861535 -0.00136655 -0.012451 -0.0202272
internal_weight=0 13888 13397 2624 908 1716 491
internal_count=16512 13888 13397 2624 908 1716 491
is_linear=0
shrinkage=0.1


Tree=50
num_leaves= 6
num_cat= 0
full_tree_array_lgbids= 0 1 4 2 3 -2 -6 -1 -4 -3 -5 -2147483648 -2147483648 -2147483648 -2147483648
split_feature= 8 3 6 7 1
split_gain= 19.5956 21.1145 17.7897 9.92251 0.653527
threshold= -116.53499999999998 6.5207558992324239 2.4469862317432325 33.645000000000003 3.1792500000000001
decision_type= 2 2 2 2 2
left_child=1 2 -1 -3 -2
right_child=4 3 -4 -5 -6
leaf_value= 0.0049516958588893519 -0.022508959684173532 0.028023678911277203 -0.003555399784380694 0.0067347489732375171 -0.046596135654927873
leaf_weight=3864 160 309 9928 2175 76
leaf_count=3864 160 309 9928 2175 76
model_size=592
internal_value=0 0.000438851 -0.00117203 0.00938301 -0.0302658
internal_weight=0 16276 13792 2484 236
internal_count=16512 16276 13792 2484 236
is_linear=0
shrinkage=0.1


Tree=51
num_leaves= 8
num_cat= 0
full_tree_array_lgbids= 0 1 4 2 3 5 6 -1 -4 -3 -5 -2 -7 -6 -8
split_feature= 7 8 7 8 8 7 1
split_gain= 18.7675 42.0931 23.0771 21.5396 11.0185 7.24797 1.74106
threshold= 37.895000000000003 -122.31499999999998 37.765000000000008 -118.27499999999999 -121.24499999999999 38.815000000000005 5.5011500000000009
decision_type= 2 2 2 2 2 2 2
left_child=1 2 -1 -3 5 -2 -6
right_child=4 3 -4 -5 6 -7 -8
leaf_value= 0.013301060915587885 -0.0067504227300037431 0.0046191607539504288 0.055321326591507639 -0.0040012777106657989 0.009873350608575731 -0.020638215026718698 -0.027200142963556575
leaf_weight=437 1806 6559 215 6314 460 689 32
leaf_count=437 1806 6559 215 6314 460 689 32
model_size=816
internal_value=0 0.00168131 0.0271574 0.000390974 -0.00761287 -0.0105856 0.00746207
internal_weight=0 13525 652 12873 2987 2495 492
internal_count=16512 13525 652 12873 2987 2495 492
is_linear=0
shrinkage=0.1


Tree=52
num_leaves= 8
num_cat= 0
full_tree_array_lgbids= 0 4 1 5 6 3 2 -1 -7 -6 -8 -2 -5 -3 -4
split_feature= 4 1 2 3 8 7 7
split_gain= 16.4635 15.9725 14.8142 8.51803 5.93323 10.7748 4.00281
threshold= 1.0117321169808868 1.8066500000000001 18.500000000000004 2.6633984153933228 -122.19499999999998 37.615000000000002 37.57500000000001
decision_type= 2 2 2 2 2 2 2
left_child=4 3 -3 -2 5 -1 -6
right_child=1 2 -4 -5 6 -7 -8
leaf_value= 0.04207005701352691 0.025434654072662932 -0.0028557576256842592 0.0059507714365238506 -0.012666989674369964 -0.0051152295319885138 -0.00053194084932983504 -0.015384565923386129
leaf_weight=86 81 3133 7623 1060 3318 467 744
leaf_count=86 81 3133 7623 1060 3318 467 744
model_size=816
internal_value=0 0.00210548 0.00338561 -0.00996214 -0.0054277 0.00609332 -0.00699617
internal_weight=0 11897 10756 1141 4615 553 4062
internal_count=16512 11897 10756 1141 4615 553 4062
is_linear=0
shrinkage=0.1


Tree=53
num_leaves= 8
num_cat= 0
full_tree_array_lgbids= 0 1 4 2 3 5 6 -1 -4 -3 -5 -2 -7 -6 -8
split_feature= 6 7 8 8 1 8 7
split_gain= 15.7893 22.4027 122.239 35.9124 2.16402 3.52153 1.49279
threshold= 3.6402605459057074 34.175000000000004 -118.36499999999999 -120.56499999999998 3.3627000000000002 -121.36499999999999 38.105000000000011
decision_type= 2 2 2 2 2 2 2
left_child=1 2 -1 -3 5 -2 -6
right_child=4 3 -4 -5 6 -7 -8
leaf_value= 0.044899737907165171 0.013307743588661623 0.0021064014169671626 0.00088061955130877816 -0.013101885320348124 -0.013396276779287531 -0.0071057162159154866 -0.060730768274515873
leaf_weight=732 159 5770 5319 2327 747 1440 18
leaf_count=732 159 5770 5319 2327 747 1440 18
model_size=816
internal_value=0 0.00135825 0.00620569 -0.00226431 -0.0081288 -0.00507586 -0.01451
internal_weight=0 14148 6051 8097 2364 1599 765
internal_count=16512 14148 6051 8097 2364 1599 765
is_linear=0
shrinkage=0.1


Tree=54
num_leaves= 8
num_cat= 0
full_tree_array_lgbids= 0 1 4 2 3 5 6 -1 -4 -3 -5 -2 -7 -6 -8
split_feature= 3 8 7 6 7 2 8
split_gain= 14.8318 14.8647 29.5358 10.6478 7.04496 7.43221 3.16041
threshold= 6.3286213786213787 -117.79499999999999 33.625000000000007 1.5104297674263547 38.345000000000006 33.500000000000007 -121.26499999999999
decision_type= 2 2 2 2 2 2 2
left_child=1 2 -1 -3 5 -2 -6
right_child=4 3 -4 -5 6 -7 -8
leaf_value= 0.10150852393839629 0.0055631849205285012 -0.070549121882234306 -0.00027054067761615415 -0.0087824496482789977 -0.016810439041058767 0.019916254701908487 0.0062715318410799074
leaf_weight=31 2072 35 11191 2120 251 628 184
leaf_count=31 2072 35 11191 2120 251 628 184
model_size=816
internal_value=0 -0.00156753 1.0617e-05 -0.00978562 0.00668863 0.0089016 -0.00704703
internal_weight=0 13377 11222 2155 3135 2700 435
internal_count=16512 13377 11222 2155 3135 2700 435
is_linear=0
shrinkage=0.1


Tree=55
num_leaves= 8
num_cat= 0
full_tree_array_lgbids= 0 1 4 2 3 5 6 -1 -4 -3 -5 -2 -7 -6 -8
split_feature= 7 8 7 7 8 8 7
split_gain= 13.7476 30.8908 18.2195 16.1657 8.51894 5.85625 1.23223
threshold= 37.895000000000003 -122.31499999999998 37.765000000000008 37.57500000000001 -121.24499999999999 -122.38499999999998 39.355000000000011
decision_type= 2 2 2 2 2 2 2
left_child=1 2 -1 -3 5 -2 -6
right_child=4 3 -4 -5 6 -7 -8
leaf_value= 0.011050965887647831 -0.00021518984779148647 0.0015461417600797784 0.0490018018287455 -0.011858969074514926 0.01043125917530887 -0.013051908792755624 -0.015411099321567097
leaf_weight=437 713 11731 215 1142 427 1782 65
leaf_count=437 713 11731 215 1142 427 1782 65
model_size=816
internal_value=0 0.00147575 0.0235654 0.000356937 -0.00668212 -0.00938354 0.00701713
internal_weight=0 13525 652 12873 2987 2495 492
internal_count=16512 13525 652 12873 2987 2495 492
is_linear=0
shrinkage=0.1


Tree=56
num_leaves= 6
num_cat= 0
full_tree_array_lgbids= 0 1 4 3 2 -2 -6 -1 -5 -3 -4 -2147483648 -2147483648 -2147483648 -2147483648
split_feature= 8 4 7 8 1
split_gain= 13.8472 15.4153 17.2428 6.97518 0.0840907
threshold= -116.53499999999998 1.0396863811675041 34.655000000000008 -121.56499999999998 3.0523500000000001
decision_type= 2 2 2 2 2
left_child=1 3 -3 -1 -2
right_child=4 2 -4 -5 -6
leaf_value= 0.0023516655130663231 -0.018377510381647953 0.0079021997485292199 -0.001486681880985212 -0.0056319594369134314 -0.040571475299411873
leaf_weight=2109 153 4654 4347 5166 83
leaf_count=2109 153 4654 4347 5166 83
model_size=592
internal_value=0 0.000379651 0.00336787 -0.00331753 -0.026183
internal_weight=0 16276 9001 7275 236
internal_count=16512 16276 9001 7275 236
is_linear=0
shrinkage=0.1


Tree=57
num_leaves= 8
num_cat= 0
full_tree_array_lgbids= 0 1 3 6 2 4 5 -1 -8 -3 -4 -2 -6 -5 -7
split_feature= 8 7 7 7 8 5 2
split_gain= 12.3607 33.4278 17.9839 12.7267 19.636 5.86949 5.05053
threshold= -117.77499999999999 33.645000000000003 35.335000000000008 33.565000000000005 -117.24499999999999 139.50000000000003 24.500000000000004
decision_type= 2 2 2 2 2 2 2
left_child=1 6 -3 4 -2 -5 -1
right_child=3 2 -4 5 -6 -7 -8
leaf_value= 0.025183579133767071 0.024711945777720151 0.0051747836042018193 -0.00263656767984894 0.036492252058815212 -0.0057556548191219576 -0.015568526140105449 0.085299593554336139
leaf_weight=33 300 6234 7350 32 1188 1316 59
leaf_count=33 300 6234 7350 32 1188 1316 59
model_size=816
internal_value=0 0.00137062 0.000948235 -0.00660951 0.000387007 -0.0143327 0.0637362
internal_weight=0 13676 13584 2836 1488 1348 92
internal_count=16512 13676 13584 2836 1488 1348 92
is_linear=0
shrinkage=0.1


Tree=58
num_leaves= 8
num_cat= 0
full_tree_array_lgbids= 0 1 4 3 2 5 6 -1 -5 -3 -4 -2 -7 -6 -8
split_feature= 6 7 8 8 1 5 2
split_gain= 12.4104 14.9472 75.8868 45.0956 1.17605 2.71503 1.49078
threshold= 3.6402605459057074 34.655000000000008 -119.94499999999998 -118.27499999999999 3.3627000000000002 459.50000000000006 21.500000000000004
decision_type= 2 2 2 2 2 2 2
left_child=1 3 -3 -1 5 -2 -6
right_child=4 2 -4 -5 6 -7 -8
leaf_value= 0.016493459185563396 0.019204099990657711 0.0017873652627184032 -0.02954713206113134 -0.00096852381141888369 -0.0027439043305909974 -0.0060116234755002631 -0.01834185040255534
leaf_weight=2325 89 6114 920 4789 253 1510 512
leaf_count=2325 89 6114 920 4789 253 1510 512
model_size=816
internal_value=0 0.00123365 -0.00231098 0.00473841 -0.00738309 -0.00460812 -0.0131833
internal_weight=0 14148 7034 7114 2364 1599 765
internal_count=16512 14148 7034 7114 2364 1599 765
is_linear=0
shrinkage=0.1


Tree=59
num_leaves= 8
num_cat= 0
full_tree_array_lgbids= 0 4 1 5 6 3 2 -1 -7 -6 -8 -2 -5 -3 -4
split_feature= 4 2 7 8 6 4 1
split_gain= 11.6067 13.0949 11.4354 9.45895 4.84192 3.76729 1.15668
threshold= 0.96627490177155873 51.500000000000007 37.805000000000007 -116.40499999999999 1.8972600116432272 0.89316682724375618 3.3449500000000003
decision_type= 2 2 2 2 2 2 2
left_child=4 3 -3 -2 5 -1 -6
right_child=1 2 -4 -5 6 -7 -8
leaf_value= -0.093292454453675372 0.0004768088757121031 0.020576974866304748 -0.0085977878278305896 -0.02564402316037255 -0.00048370211484062185 -0.017306191419009808 -0.011049662315701807
leaf_weight=19 13781 700 217 180 501 27 1087
leaf_count=19 13781 700 217 180 501 27 1087
model_size=816
internal_value=0 0.000974132 0.013673 0.000140031 -0.00886973 -0.0486918 -0.0077162
internal_weight=0 14878 917 13961 1634 46 1588
internal_count=16512 14878 917 13961 1634 46 1588
is_linear=0
shrinkage=0.1


Tree=60
num_leaves= 8
num_cat= 0
full_tree_array_lgbids= 0 1 4 2 3 5 6 -1 -4 -3 -5 -2 -7 -6 -8
split_feature= 3 8 7 6 7 8 1
split_gain= 11.5358 11.2012 80.6227 21.0063 4.98266 5.06755 0.460503
threshold= 6.3286213786213787 -118.27499999999999 34.155000000000008 1.5104297674263547 39.085000000000008 -121.85499999999998 3.8136000000000005
decision_type= 2 2 2 2 2 2 2
left_child=1 2 -1 -3 5 -2 -6
right_child=4 3 -4 -5 6 -7 -8
leaf_value= 0.024110156058351286 0.015744242780025338 -0.070222389717985487 -0.0032780004178706449 -0.0047869738874079032 -0.007282158494311965 0.0041269914965064427 -0.040369054088369015
leaf_weight=1324 781 56 6904 5093 106 2208 40
leaf_count=1324 781 56 6904 5093 106 2208 40
model_size=816
internal_value=0 -0.00142199 0.00112914 -0.00549864 0.00606762 0.00716248 -0.0163471
internal_weight=0 13377 8228 5149 3135 2989 146
internal_count=16512 13377 8228 5149 3135 2989 146
is_linear=0
shrinkage=0.1


Tree=61
num_leaves= 5
num_cat= 0
full_tree_array_lgbids= 0 1 -2 3 2 -2147483648 -2147483648 -1 -5 -3 -4 -2147483648 -2147483648 -2147483648 -2147483648
split_feature= 7 8 7 7
split_gain= 10.8264 18.901 18.3773 9.33771
threshold= 39.82500000000001 -122.35499999999998 37.595000000000006 38.705000000000005
decision_type= 2 2 2 2
left_child=1 3 -3 -1
right_child=-2 2 -4 -5
leaf_value= 0.017403336147668719 -0.019347354925998397 0.0013605663786385785 -0.0078029982214627624 -0.013554013979672971
leaf_weight=1019 355 11795 3199 144
leaf_count=1019 355 11795 3199 144
model_size=480
internal_value=0 0.000425098 -0.000594499 0.0135703
internal_weight=0 16157 14994 1163
internal_count=16512 16157 14994 1163
is_linear=0
shrinkage=0.1


Tree=62
num_leaves= 8
num_cat= 0
full_tree_array_lgbids= 0 1 4 2 3 5 6 -1 -4 -3 -5 -2 -7 -6 -8
split_feature= 6 7 8 8 8 5 2
split_gain= 9.63835 11.7083 54.1452 17.4755 5.96494 1.71138 0.784894
threshold= 3.9901635114651532 37.595000000000006 -120.62499999999999 -122.40499999999999 -122.24499999999999 2014.5000000000002 32.500000000000007
decision_type= 2 2 2 2 2 2 2
left_child=1 2 -1 -3 5 -2 -6
right_child=4 3 -4 -5 6 -7 -8
leaf_value= 0.020535499803298135 0.016102075049032768 0.0073061368890976162 -0.00018403540742179843 -0.0078141403244835848 -0.0050269952900689431 0.093278115031055431 -0.015237657065382403
leaf_weight=1556 24 1200 8968 3384 668 10.999999999999998 701
leaf_count=1556 24 1200 8968 3384 668 11 701
model_size=816
internal_value=0 0.00083579 0.0028794 -0.00385595 -0.00899368 0.0403574 -0.0102554
internal_weight=0 15108 10524 4584 1404 35 1369
internal_count=16512 15108 10524 4584 1404 35 1369
is_linear=0
shrinkage=0.1


Tree=63
num_leaves= 8
num_cat= 0
full_tree_array_lgbids= 0 2 1 3 5 6 4 -1 -5 -4 -7 -2 -8 -3 -6
split_feature= 4 1 8 7 8 1 6
split_gain= 9.67595 9.62354 8.17874 9.41187 8.04103 5.90845 0.475747
threshold= 1.0593161893629457 1.7507000000000001 -122.21499999999999 37.615000000000002 -117.24499999999999 9.1688500000000008 4.6953379263705157
decision_type= 2 2 2 2 2 2 2
left_child=2 6 3 -1 -3 -4 -2
right_child=1 4 5 -5 -6 -7 -8
leaf_value= 0.034394983766296655 -0.0099423420772674093 0.0059960546449153449 -0.0041940707731890617 0.0028873906603840011 -0.0070749424470643923 0.018650547017708248 0.027719396081132192
leaf_weight=141 760 5752 7967 982 715 171 24
leaf_count=141 760 5752 7967 982 715 171 24
model_size=816
internal_value=0 0.00310851 -0.00243384 0.00684338 0.00455091 -0.00371405 -0.00878943
internal_weight=0 7251 9261 1123 6467 8138 784
internal_count=16512 7251 9261 1123 6467 8138 784
is_linear=0
shrinkage=0.1


Tree=64
num_leaves= 5
num_cat= 0
full_tree_array_lgbids= 0 1 -2 3 2 -2147483648 -2147483648 -1 -5 -3 -4 -2147483648 -2147483648 -2147483648 -2147483648
split_feature= 7 8 7 7
split_gain= 8.37766 11.7128 11.4963 9.59599
threshold= 39.82500000000001 -122.41499999999998 37.615000000000002 38.415000000000006
decision_type= 2 2 2 2
left_child=1 3 -3 -1
right_child=-2 2 -4 -5
leaf_value= 0.019390268228867396 -0.017602230571013629 0.0012439758547983897 -0.0062126235654562101 -0.0053343118876202633
leaf_weight=698 355 11869 3302 288
leaf_count=698 355 11869 3302 288
model_size=480
internal_value=0 0.000386754 -0.000378969 0.0121685
internal_weight=0 16157 15171 986
internal_count=16512 16157 15171 986
is_linear=0
shrinkage=0.1


Tree=65
num_leaves= 8
num_cat= 0
full_tree_array_lgbids= 0 1 4 2 3 6 5 -1 -4 -3 -5 -2 -8 -6 -7
split_feature= 3 2 6 6 7 8 8
split_gain= 8.19028 9.13087 26.6663 25.6771 4.11689 6.58811 4.96776
threshold= 6.4946700411501865 16.500000000000004 2.1816923581397725 2.1496330815790889 33.645000000000003 -117.46499999999999 -116.53499999999998
decision_type= 2 2 2 2 2 2 2
left_child=1 2 -1 -3 6 -6 -2
right_child=4 3 -4 -5 5 -7 -8
leaf_value= -0.03218164683888515 0.023424279094376027 0.012954005754345715 -0.0025239868069654153 -0.001738655450398903 0.0059457509983359734 -0.017063371114295015 -0.038418053615499631
leaf_weight=406 316 1525 1950 10008 2089 196 22
leaf_count=406 316 1525 1950 10008 2089 196 22
model_size=816
internal_value=0 -0.00112558 -0.00763477 0.000204144 0.00596002 0.0039721 0.019399
internal_weight=0 13889 2356 11533 2623 2285 338
internal_count=16512 13889 2356 11533 2623 2285 338
is_linear=0
shrinkage=0.1


Tree=66
num_leaves= 8
num_cat= 0
full_tree_array_lgbids= 0 3 1 4 5 2 6 -1 -6 -5 -7 -2 -4 -3 -8
split_feature= 4 6 7 4 6 5 1
split_gain= 7.72905 8.69202 9.2062 1.56649 6.36887 1.281 0.904795
threshold= 0.99160544721033084 3.2358284584328918 34.165000000000006 0.89316682724375618 1.9322222929778572 252.50000000000003 0.86630000000000018
decision_type= 2 2 2 2 2 2 2
left_child=3 2 -2 4 -1 -5 -3
right_child=1 6 -4 5 -6 -7 -8
leaf_value= -0.085279217872180443 0.0071409847729329142 0.042308592403100601 4.7161002982160815e-05 0.01953548597656701 -0.012619079569102737 -0.0048290209011771605 -0.003988667369842558
leaf_weight=19 4073 18 5917 73 244 2678 3490
leaf_count=19 4073 18 5917 73 244 2678 3490
model_size=816
internal_value=0 0.00120058 0.00293937 -0.0053767 -0.0178683 -0.00418249 -0.00375111
internal_weight=0 13498 9990 3014 263 2751 3508
internal_count=16512 13498 9990 3014 263 2751 3508
is_linear=0
shrinkage=0.1


Tree=67
num_leaves= 8
num_cat= 0
full_tree_array_lgbids= 0 1 3 6 2 4 5 -1 -8 -3 -4 -2 -6 -5 -7
split_feature= 8 7 7 7 8 6 8
split_gain= 7.14557 20.9736 23.936 13.125 21.3127 15.8164 4.98353
threshold= -117.98499999999999 33.755000000000003 33.995000000000012 33.655000000000008 -117.73499999999999 2.5891438608419741 -118.05499999999999
decision_type= 2 2 2 2 2 2 2
left_child=1 6 -3 4 -2 -5 -1
right_child=3 2 -4 5 -6 -7 -8
leaf_value= 0.063634947998319522 0.042950931121254962 -0.010212783593519155 0.0028817422222899552 -0.027414210863236206 -0.00064730931905082883 -0.0051789273604226187 0.014837355312794962
leaf_weight=79 139 1844 10556 485 1590 1761 58
leaf_count=79 139 1844 10556 485 1590 1761 58
model_size=816
internal_value=0 0.00139388 0.00093446 -0.00439623 0.0028577 -0.0099804 0.0429761
internal_weight=0 12537 12400 3975 1729 2246 137
internal_count=16512 12537 12400 3975 1729 2246 137
is_linear=0
shrinkage=0.1


Tree=68
num_leaves= 8
num_cat= 0
full_tree_array_lgbids= 0 4 1 5 6 2 3 -1 -7 -6 -8 -2 -4 -3 -5
split_feature= 4 6 2 1 8 7 7
split_gain= 6.72715 6.725 35.8372 5.73149 4.48276 8.72188 4.127
threshold= 1.0777590915099038 1.9322222929778572 21.500000000000004 5.6402500000000009 -122.43499999999999 38.235000000000007 37.595000000000006
decision_type= 2 2 2 2 2 2 2
left_child=4 2 -2 -3 5 -1 -6
right_child=1 3 -4 -5 6 -7 -8
leaf_value= 0.02205978898531916 -0.01677814351283901 0.00078657160074293978 0.038975255892379962 0.015551139340576331 -0.00097082728752608839 -0.0061298456071362572 -0.0073032728378811182
leaf_weight=323 210 4741 309 439 7910 273 2307
leaf_count=323 210 4741 309 439 7910 273 2307
model_size=816
internal_value=0 0.00334726 0.0164161 0.00203785 -0.00176418 0.00914742 -0.00240069
internal_weight=0 5699 519 5180 10813 596 10217
internal_count=16512 5699 519 5180 10813 596 10217
is_linear=0
shrinkage=0.1


Tree=69
num_leaves= 5
num_cat= 0
full_tree_array_lgbids= 0 1 -2 2 3 -2147483648 -2147483648 -1 -4 -3 -5 -2147483648 -2147483648 -2147483648 -2147483648
split_feature= 7 8 7 7
split_gain= 6.01898 6.91137 18.8659 12.2266
threshold= 39.82500000000001 -118.01499999999999 34.165000000000006 33.855000000000011
decision_type= 2 2 2 2
left_child=1 2 -1 -3
right_child=-2 3 -4 -5
leaf_value= 0.0084386030969383821 -0.015828192631687815 0.00083097509736310994 -0.0009482190791833009 -0.011690563451621941
leaf_weight=3527 355 2598 8469 1563
leaf_count=3527 355 2598 8469 1563
model_size=480
internal_value=0 0.000347775 0.00181164 -0.0038725
internal_weight=0 16157 11996 4161
internal_count=16512 16157 11996 4161
is_linear=0
shrinkage=0.1


Tree=70
num_leaves= 7
num_cat= 0
full_tree_array_lgbids= 0 1 4 3 2 5 -6 -1 -5 -3 -4 -2 -7 -2147483648 -2147483648
split_feature= 3 7 7 8 8 7
split_gain= 5.54775 6.71214 36.6803 21.4146 1.10401 3.14154
threshold= 6.8025928032261413 33.995000000000012 34.155000000000008 -118.38499999999998 -116.22499999999998 33.565000000000005
decision_type= 2 2 2 2 2 2
left_child=1 3 -3 -1 5 -2
right_child=4 2 -4 -5 -6 -7
leaf_value= 0.037153569352726838 0.024603283493233295 0.012696011110926895 -0.0024233965542320123 -0.0061353436690686344 -0.036194069213841273 0.0049722312799603784
leaf_weight=135 179 2224 8001 4233 23 1717
leaf_count=135 179 2224 8001 4233 23 1717
model_size=704
internal_value=0 -0.000829771 0.000865167 -0.00479743 0.00630998 0.00682558
internal_weight=0 14593 10225 4368 1919 1896
internal_count=16512 14593 10225 4368 1919 1896
is_linear=0
shrinkage=0.1


Tree=71
num_leaves= 7
num_cat= 0
full_tree_array_lgbids= 0 1 3 4 2 5 -5 -1 -6 -3 -4 -2 -7 -2147483648 -2147483648
split_feature= 6 1 7 8 2 5
split_gain= 5.5963 7.48058 6.99889 3.7484 0.549407 0.535974
threshold= 3.9901635114651532 1.6618000000000002 34.165000000000006 -122.24499999999999 22.500000000000004 2014.5000000000002
decision_type= 2 2 2 2 2 2
left_child=1 4 -3 5 -1 -2
right_child=3 2 -4 -5 -6 -7
leaf_value= 0.00064457522044655781 0.014311279403045774 0.0044003041536343135 -0.00098015413766976145 -0.0086617113457363362 -0.014279023721216264 0.084090216889638802
leaf_weight=227 24 6162 8108 1369 611 10.999999999999998
leaf_count=227 24 6162 8108 1369 611 11
model_size=704
internal_value=0 0.000700915 0.00134321 -0.00754232 -0.0102365 0.0362418
internal_weight=0 15108 14270 1404 838 35
internal_count=16512 15108 14270 1404 838 35
is_linear=0
shrinkage=0.1


Tree=72
num_leaves= 8
num_cat= 0
full_tree_array_lgbids= 0 4 1 6 5 2 3 -1 -8 -6 -7 -2 -4 -3 -5
split_feature= 4 8 7 6 8 7 7
split_gain= 5.06412 4.80991 23.1934 4.34806 3.40341 25.7679 14.5053
threshold= 1.0396863811675041 -117.24499999999999 33.005000000000003 2.089835823648774 -120.62499999999999 35.135000000000012 37.595000000000006
decision_type= 2 2 2 2 2 2 2
left_child=4 2 -2 -3 6 -6 -1
right_child=1 3 -4 -5 5 -7 -8
leaf_value= 0.013078284684093082 0.079347717706114054 -0.024637498067742264 0.0025986849148905847 -0.0023105408955491117 -0.0021285144782793542 -0.028299271402715931 -0.0040521280064158274
leaf_weight=876 45 185 8152 815 4037 472 1930
leaf_count=876 45 185 8152 815 4037 472 1930
model_size=816
internal_value=0 0.00199131 0.00302002 -0.00644103 -0.00250364 -0.00486806 0.00129578
internal_weight=0 9197 8197 1000 7315 4509 2806
internal_count=16512 9197 8197 1000 7315 4509 2806
is_linear=0
shrinkage=0.1


Tree=73
num_leaves= 8
num_cat= 0
full_tree_array_lgbids= 0 4 1 6 5 3 2 -1 -8 -6 -7 -2 -5 -3 -4
split_feature= 4 2 7 8 6 1 4
split_gain= 4.31011 5.4396 4.58577 4.02813 2.14153 0.99749 0.983287
threshold= 0.96627490177155873 51.500000000000007 37.805000000000007 -116.22499999999998 1.8972600116432272 3.3449500000000003 0.89316682724375618
decision_type= 2 2 2 2 2 2 2
left_child=4 3 -3 -2 6 -6 -1
right_child=1 2 -4 -5 5 -7 -8
leaf_value= -0.076032799835267825 0.00031671654404125045 0.015246195491923055 -0.00644346233162265 -0.022694618761728427 0.0021147203197523379 -0.0089578869372549299 -0.014735158667382267
leaf_weight=19 13823 700 217 138 501 1087 27
leaf_count=19 13823 700 217 138 501 1087 27
model_size=816
internal_value=0 0.000707099 0.0101135 8.92569e-05 -0.00643832 -0.00546458 -0.0400537
internal_weight=0 14878 917 13961 1634 1588 46
internal_count=16512 14878 917 13961 1634 1588 46
is_linear=0
shrinkage=0.1


Tree=74
num_leaves= 8
num_cat= 0
full_tree_array_lgbids= 0 1 3 4 2 6 5 -1 -6 -3 -4 -2 -8 -5 -7
split_feature= 6 1 8 8 2 2 5
split_gain= 3.87662 5.32358 5.38118 2.33588 0.120232 0.0141515 0.00675184
threshold= 3.9901635114651532 1.5822000000000003 -117.895 -122.15499999999999 20.500000000000004 30.500000000000004 2014.5000000000002
decision_type= 2 2 2 2 2 2 2
left_child=1 4 -3 6 -1 -5 -2
right_child=3 2 -4 5 -6 -7 -8
leaf_value= 0.0022118368814260047 0.012513958922389781 0.0023757896639158387 -0.0037004537814147396 -0.002131354043688275 -0.014463158830859708 -0.012072737370177413 0.07534371296113189
leaf_weight=159 33 11514 2930 565 505 795 10.999999999999998
leaf_count=159 33 11514 2930 565 505 795 11
model_size=816
internal_value=0 0.000632797 0.00114321 -0.00680933 -0.0104702 -0.00794268 0.0282214
internal_weight=0 15108 14444 1404 664 1360 44
internal_count=16512 15108 14444 1404 664 1360 44
is_linear=0
shrinkage=0.1


Tree=75
num_leaves= 5
num_cat= 0
full_tree_array_lgbids= 0 1 -2 2 3 -2147483648 -2147483648 -1 -4 -3 -5 -2147483648 -2147483648 -2147483648 -2147483648
split_feature= 7 8 3 7
split_gain= 3.89831 6.25577 7.13031 6.29714
threshold= 39.82500000000001 -122.35499999999998 3.3133866958124387 37.57500000000001
decision_type= 2 2 2 2
left_child=1 2 -1 -3
right_child=-2 3 -4 -5
leaf_value= -0.038135259721117719 -0.014071272811397393 0.0009580858409911693 0.010933149168408941 -0.0051882998511950948
leaf_weight=45 355 11760 1118 3234
leaf_count=45 355 11760 1118 3234
model_size=480
internal_value=0 0.000309173 0.00903454 -0.000367605
internal_weight=0 16157 1163 14994
internal_count=16512 16157 1163 14994
is_linear=0
shrinkage=0.1


Tree=76
num_leaves= 8
num_cat= 0
full_tree_array_lgbids= 0 1 4 3 2 5 6 -1 -5 -3 -4 -2 -7 -6 -8
split_feature= 4 8 7 7 6 2 7
split_gain= 3.90703 4.20396 37.734 18.964 3.89792 27.0056 4.68474
threshold= 1.0777590915099038 -120.62499999999999 35.135000000000012 37.595000000000006 1.9322222929778572 21.500000000000004 33.625000000000007
decision_type= 2 2 2 2 2 2 2
left_child=1 3 -3 -1 5 -2 -6
right_child=4 2 -4 -5 6 -7 -8
leaf_value= 0.013080276538335002 -0.015202542334528907 -0.00086708489322451547 -0.026138547277749037 -0.0029754953958628918 0.013732266715955949 0.034037396468977146 0.00046561637355847243
leaf_weight=1235 210 5982 720 2876 503 309 4677
leaf_count=1235 210 5982 720 2876 503 309 4677
model_size=816
internal_value=0 -0.00151762 -0.00358201 0.00184788 0.00287946 0.0141137 0.00175386
internal_weight=0 10813 6702 4111 5699 519 5180
internal_count=16512 10813 6702 4111 5699 519 5180
is_linear=0
shrinkage=0.1


Tree=77
num_leaves= 8
num_cat= 0
full_tree_array_lgbids= 0 1 4 3 2 6 5 -1 -5 -3 -4 -2 -8 -6 -7
split_feature= 3 7 7 8 7 8 8
split_gain= 3.39822 9.52433 23.3976 16.7562 2.75806 36.1461 22.4132
threshold= 5.5511074737062058 33.995000000000012 34.115000000000002 -118.395 34.655000000000008 -119.94499999999998 -119.21499999999999
decision_type= 2 2 2 2 2 2 2
left_child=1 3 -3 -1 6 -6 -2
right_child=4 2 -4 -5 5 -7 -8
leaf_value= 0.042485397886921419 0.05726064631537079 0.012493109582197751 -0.002537110222000608 -0.0082942026215757324 0.0038183956778111423 -0.02770636467362525 0.0040992464612458401
leaf_weight=80 94 1518 5372 3019 2961 459 3009
leaf_count=80 94 1518 5372 3019 2961 459 3009
model_size=816
internal_value=0 -0.00163241 0.000774337 -0.00698334 0.0024998 -0.000412559 0.00570968
internal_weight=0 9989 6890 3099 6523 3420 3103
internal_count=16512 9989 6890 3099 6523 3420 3103
is_linear=0
shrinkage=0.1


Tree=78
num_leaves= 8
num_cat= 0
full_tree_array_lgbids= 0 1 3 5 2 6 4 -1 -7 -3 -4 -2 -8 -5 -6
split_feature= 8 7 7 6 7 1 2
split_gain= 3.0824 18.7911 8.47853 7.68737 9.09208 2.69711 1.95061
threshold= -117.77499999999999 33.625000000000007 33.995000000000012 1.6538990040802002 33.895000000000003 5.3357000000000001 26.500000000000004
decision_type= 2 2 2 2 2 2 2
left_child=1 5 -3 6 -5 -1 -2
right_child=3 2 -4 4 -6 -7 -8
leaf_value= 0.10174502342318495 -0.055359806972792594 -0.0051608549068000633 0.0021434318125774601 0.0015283598308225433 -0.012586903386146106 0.035162140370812271 0.023646294958889487
leaf_weight=24 59 2798 10822 1809 958 32 9.9999999999999982
leaf_count=24 59 2798 10822 1809 958 32 10
model_size=816
internal_value=0 0.000901083 0.000642889 -0.00434528 -0.00335867 0.0636977 -0.0439096
internal_weight=0 13676 13620 2836 2767 56 69
internal_count=16512 13676 13620 2836 2767 56 69
is_linear=0
shrinkage=0.1


Tree=79
num_leaves= 7
num_cat= 0
full_tree_array_lgbids= 0 1 3 2 -3 4 5 -1 -4 -2147483648 -2147483648 -2 -6 -5 -7
split_feature= 5 8 7 3 8 8
split_gain= 2.74009 4.96886 19.5144 1.88916 6.3065 4.04934
threshold= 1427.5000000000002 -117.145 33.755000000000003 3.0522493994321906 -122.25499999999998 -122.23499999999999
decision_type= 2 2 2 2 2 2
left_child=1 2 -1 4 -2 -5
right_child=3 -3 -4 5 -6 -7
leaf_value= 0.01569335129603619 -0.060254026523658216 -0.011951204081881025 -0.0021296929339981495 0.013373818645070682 0.02667193121236304 0.00090850215870804827
leaf_weight=785 13.999999999999998 711 9002 529 161 5310
leaf_count=785 14 711 9002 529 161 5310
model_size=704
internal_value=0 -0.00146214 -0.000700134 0.0025523 0.0197179 0.00203783
internal_weight=0 10498 9787 6014 175 5839
internal_count=16512 10498 9787 6014 175 5839
is_linear=0
shrinkage=0.1


Tree=80
num_leaves= 5
num_cat= 0
full_tree_array_lgbids= 0 1 -2 2 3 -2147483648 -2147483648 -1 -4 -3 -5 -2147483648 -2147483648 -2147483648 -2147483648
split_feature= 7 8 7 7
split_gain= 2.56622 3.84002 13.843 6.47136
threshold= 40.035000000000004 -122.21499999999999 37.595000000000006 35.335000000000008
decision_type= 2 2 2 2
left_child=1 2 -1 -3
right_child=-2 3 -4 -5
leaf_value= 0.034591008232867655 -0.013395136979402901 0.0014884415380899988 0.0028944002414490917 -0.0039929855918789487
leaf_weight=192 329 9139 1673 5179
leaf_count=192 329 9139 1673 5179
model_size=480
internal_value=0 0.000272323 0.00615754 -0.000494259
internal_weight=0 16183 1865 14318
internal_count=16512 16183 1865 14318
is_linear=0
shrinkage=0.1


Tree=81
num_leaves= 8
num_cat= 0
full_tree_array_lgbids= 0 1 3 6 2 5 4 -1 -8 -3 -4 -2 -7 -5 -6
split_feature= 8 7 7 6 7 2 2
split_gain= 2.53712 13.8868 17.3353 9.07615 9.79669 3.85348 2.58823
threshold= -117.98499999999999 33.755000000000003 33.995000000000012 1.6538990040802002 33.895000000000003 26.500000000000004 26.500000000000004
decision_type= 2 2 2 2 2 2 2
left_child=1 6 -3 5 -5 -2 -1
right_child=3 2 -4 4 -6 -7 -8
leaf_value= 0.018984425760069749 -0.053887775024189288 -0.0091191730556335789 0.0023961605219753167 0.0016274858707840988 -0.010690848783081283 0.033862867697396062 0.061797008107948519
leaf_weight=81 71 1844 10556 2565 1328 10.999999999999998 56
leaf_count=81 71 1844 10556 2565 1328 11 56
model_size=816
internal_value=0 0.00107494 0.000683719 -0.00339031 -0.00257461 -0.0421163 0.0364845
internal_weight=0 12537 12400 3975 3893 82 137
internal_count=16512 12537 12400 3975 3893 82 137
is_linear=0
shrinkage=0.1


Tree=82
num_leaves= 8
num_cat= 0
full_tree_array_lgbids= 0 4 1 5 6 3 2 -1 -7 -6 -8 -2 -5 -3 -4
split_feature= 4 7 3 8 6 8 1
split_gain= 2.44689 3.18853 3.07617 2.78212 1.76059 2.78872 0.707958
threshold= 1.0777590915099038 38.815000000000005 19.048314718787399 -117.23499999999999 4.0313335151349889 -117.895 1.1272500000000003
decision_type= 2 2 2 2 2 2 2
left_child=4 3 -3 -2 5 -1 -6
right_child=1 2 -4 -5 6 -7 -8
leaf_value= 0.00049816101135338915 0.0050561898563091512 -0.010675982014616708 0.039156445934038081 -0.0053863701164044353 0.040709506720304489 -0.0059678410858456793 -0.0096589027786438096
leaf_weight=8055 4504 505 28 662 17 1858 883
leaf_count=8055 4504 505 28 662 17 1858 883
model_size=816
internal_value=0 0.00261665 -0.00805814 0.00371802 -0.00137911 -0.000713766 -0.0087075
internal_weight=0 5699 533 5166 10813 9913 900
internal_count=16512 5699 533 5166 10813 9913 900
is_linear=0
shrinkage=0.1


Tree=83
num_leaves= 8
num_cat= 0
full_tree_array_lgbids= 0 1 4 2 3 5 6 -1 -4 -3 -5 -2 -7 -6 -8
split_feature= 3 2 6 6 4 1 1
split_gain= 2.2639 2.25829 8.44993 3.96187 1.2685 4.88092 1.0785
threshold= 7.5573198511601065 10.500000000000002 2.254419630548663 2.7951513370555392 1.6248535049560022 6.0065500000000007 2.6992500000000006
decision_type= 2 2 2 2 2 2 2
left_child=1 2 -1 -3 5 -2 -6
right_child=4 3 -4 -5 6 -7 -8
leaf_value= -0.03207270620436508 0.037840156838161138 0.002409783766166709 -0.003024882055648841 -0.0021447984132530948 0.016137771333305864 0.0072684040234780424 -0.012999632276110243
leaf_weight=168 109 7097 933 7419 80 532 174
leaf_count=168 109 7097 933 7419 80 532 174
model_size=816
internal_value=0 -0.000449539 -0.00745725 8.19769e-05 0.00784408 0.012467 -0.0038225
internal_weight=0 15617 1101 14516 895 641 254
internal_count=16512 15617 1101 14516 895 641 254
is_linear=0
shrinkage=0.1


Tree=84
num_leaves= 8
num_cat= 0
full_tree_array_lgbids= 0 1 3 2 5 4 6 -1 -4 -3 -7 -2 -6 -5 -8
split_feature= 7 8 1 8 7 7 7
split_gain= 2.16791 76.9275 24.6972 18.7247 31.7774 18.3184 15.5449
threshold= 34.165000000000006 -118.37499999999999 5.9398000000000009 -120.56499999999998 37.595000000000006 34.045000000000009 34.885000000000012
decision_type= 2 2 2 2 2 2 2
left_child=1 2 -1 4 -2 -3 -5
right_child=3 5 -4 6 -6 -7 -8
leaf_value= 0.053268368784555389 0.013808824455369344 -0.004133228044568775 0.0087614586984016626 -0.0010680529862303046 -0.0030339213080637062 0.0093160493801491932 -0.017536678916800618
leaf_weight=386 1729 5283 227 1455 4484 1574 1374
leaf_count=386 1729 5283 227 1455 4484 1574 1374
model_size=816
internal_value=0 0.00205864 0.036787 -0.00170074 0.0016532 -0.00104599 -0.0090666
internal_weight=0 7470 613 9042 6213 6857 2829
internal_count=16512 7470 613 9042 6213 6857 2829
is_linear=0
shrinkage=0.1


Tree=85
num_leaves= 8
num_cat= 0
full_tree_array_lgbids= 0 1 3 6 2 4 5 -1 -8 -3 -4 -2 -6 -5 -7
split_feature= 3 1 2 7 8 8 5
split_gain= 1.84922 7.48846 10.7906 2.581 9.87946 8.77187 1.84746
threshold= 5.5511074737062058 4.1119000000000012 16.500000000000004 34.165000000000006 -118.01499999999999 -120.02499999999999 41.500000000000007
decision_type= 2 2 2 2 2 2 2
left_child=1 6 -3 4 -2 -5 -1
right_child=3 2 -4 5 -6 -7 -8
leaf_value= 0.051188350664008231 0.017405646637770916 -0.028413547723302471 -0.0044917927949134013 0.0031988231084012159 0.0013577232381751338 -0.0093331548410720815 -0.00010666229453664056
leaf_weight=21 752 310 1364 2938 1749 1084 8294
leaf_count=21 752 310 1364 2938 1749 1084 8294
model_size=816
internal_value=0 -0.00147609 -0.00892175 0.00226042 0.00618301 -0.000178766 2.28861e-05
internal_weight=0 9989 1674 6523 2501 4022 8315
internal_count=16512 9989 1674 6523 2501 4022 8315
is_linear=0
shrinkage=0.1


Tree=86
num_leaves= 7
num_cat= 0
full_tree_array_lgbids= 0 1 4 2 3 -2 5 -1 -4 -3 -5 -2147483648 -2147483648 -6 -7
split_feature= 5 3 1 7 1 6
split_gain= 1.60083 2.2155 6.27573 2.39593 0.687313 0.0788367
threshold= 1427.5000000000002 5.5511074737062058 4.1960500000000005 34.655000000000008 1.0218000000000003 2.9562431619256024
decision_type= 2 2 2 2 2 2
left_child=1 2 -1 -3 -2 -6
right_child=4 3 -4 -5 5 -7
leaf_value= -0.001578355929430319 0.051681549805733897 0.0055849028735370527 -0.012493519992259698 -0.0019263940456936933 0.0048870476968109191 -0.00014986090917611409
leaf_weight=5130 18 1967 1001 2400 2821 3175
leaf_count=5130 18 1967 1001 2400 2821 3175
model_size=704
internal_value=0 -0.00135653 -0.00336046 0.00145687 0.00236794 0.00221991
internal_weight=0 10498 6131 4367 6014 5996
internal_count=16512 10498 6131 4367 6014 5996
is_linear=0
shrinkage=0.1


Tree=87
num_leaves= 5
num_cat= 0
full_tree_array_lgbids= 0 1 -2 3 2 -2147483648 -2147483648 -1 -5 -3 -4 -2147483648 -2147483648 -2147483648 -2147483648
split_feature= 8 4 7 6
split_gain= 1.3314 1.99456 6.83463 4.39763
threshold= -116.11499999999999 1.1321898918370887 33.625000000000007 1.4183788552305943
decision_type= 2 2 2 2
left_child=1 3 -3 -1
right_child=-2 2 -4 -5
leaf_value= -0.041360527273191484 -0.020151606501237821 0.024044879145142306 0.0023804395229437493 -0.00052027407583972939
leaf_weight=49 124 249 2382 13708
leaf_count=49 124 249 2382 13708
model_size=480
internal_value=0 0.000152477 0.00443078 -0.00066574
internal_weight=0 16388 2631 13757
internal_count=16512 16388 2631 13757
is_linear=0
shrinkage=0.1


Tree=88
num_leaves= 5
num_cat= 0
full_tree_array_lgbids= 0 1 -2 2 3 -2147483648 -2147483648 -1 -4 -3 -5 -2147483648 -2147483648 -2147483648 -2147483648
split_feature= 7 8 7 7
split_gain= 0.84024 2.57161 4.7648 3.73712
threshold= 40.035000000000004 -122.41499999999998 38.415000000000006 37.615000000000002
decision_type= 2 2 2 2
left_child=1 2 -1 -3
right_child=-2 3 -4 -5
leaf_value= 0.013991873897954003 -0.011718484181093371 0.00091007419433034454 -0.006417821564406543 -0.0044652584037648199
leaf_weight=698 329 11869 290 3326
leaf_count=698 329 11869 290 3326
model_size=480
internal_value=0 0.000238236 0.00800117 -0.00026652
internal_weight=0 16183 988 15195
internal_count=16512 16183 988 15195
is_linear=0
shrinkage=0.1


Tree=89
num_leaves= 7
num_cat= 0
full_tree_array_lgbids= 0 1 3 2 -3 5 4 -1 -4 -2147483648 -2147483648 -2 -7 -5 -6
split_feature= 4 2 1 8 7 7
split_gain= 0.718671 5.10867 11.7917 1.24163 6.5206 4.87824
threshold= 0.89316682724375618 25.500000000000004 3.9004500000000006 -117.50499999999998 33.925000000000004 34.165000000000006
decision_type= 2 2 2 2 2 2
left_child=1 2 -1 5 -5 -2
right_child=3 -3 -4 4 -6 -7
leaf_value= 0.073545455303171581 0.0041136766774583109 -0.024604696853109884 -0.020060054350482383 4.5164122757364403e-05 -0.015061417948951423 -0.0010205695070588817
leaf_weight=29 5278 188 46 1612 628 8731
leaf_count=29 5278 188 46 1612 628 8731
model_size=704
internal_value=0 -0.0129872 0.0161341 0.000210205 -0.00419007 0.000913798
internal_weight=0 263 75 16249 2240 14009
internal_count=16512 263 75 16249 2240 14009
is_linear=0
shrinkage=0.1


Tree=90
num_leaves= 8
num_cat= 0
full_tree_array_lgbids= 0 4 1 6 5 2 3 -1 -8 -6 -7 -2 -4 -3 -5
split_feature= 4 6 2 7 5 8 1
split_gain= 0.681176 0.943899 17.4096 1.43442 0.78864 2.92589 0.594482
threshold= 1.0777590915099038 1.9322222929778572 21.500000000000004 33.625000000000007 1140.5000000000002 -122.01499999999999 3.8584500000000004
decision_type= 2 2 2 2 2 2 2
left_child=4 2 -2 -3 6 -6 -1
right_child=1 3 -4 -5 5 -7 -8
leaf_value= -0.00039794685933527453 -0.013122400991019925 0.011075375284272881 0.028088211617696257 0.00031484254617216193 0.0087250838134904501 -0.00073269349590183845 -0.0063319864235155442
leaf_weight=2466 210 503 309 4677 892 4900 2555
leaf_count=2466 210 503 309 4677 892 4900 2555
model_size=816
internal_value=0 0.00227531 0.0114134 0.00135974 -0.0011992 0.000723856 -0.00341756
internal_weight=0 5699 519 5180 10813 5792 5021
internal_count=16512 5699 519 5180 10813 5792 5021
is_linear=0
shrinkage=0.1


Tree=91
num_leaves= 5
num_cat= 0
full_tree_array_lgbids= 0 1 -2 3 2 -2147483648 -2147483648 -1 -5 -3 -4 -2147483648 -2147483648 -2147483648 -2147483648
split_feature= 3 7 7 7
split_gain= 0.648987 0.757769 18.7131 17.577
threshold= 7.5573198511601065 33.995000000000012 34.155000000000008 33.885000000000012
decision_type= 2 2 2 2
left_child=1 3 -3 -1
right_child=-2 2 -4 -5
leaf_value= 0.0012970673321219442 0.0069023474932055759 0.0094451542449486663 -0.0016368949965976272 -0.013657820175364196
leaf_weight=3311 895 2336 8621 1349
leaf_count=3311 895 2336 8621 1349
model_size=480
internal_value=0 -0.000395569 0.000725765 -0.00303215
internal_weight=0 15617 10957 4660
internal_count=16512 15617 10957 4660
is_linear=0
shrinkage=0.1


Tree=92
num_leaves= 5
num_cat= 0
full_tree_array_lgbids= 0 1 -2 3 2 -2147483648 -2147483648 -1 -5 -3 -4 -2147483648 -2147483648 -2147483648 -2147483648
split_feature= 8 4 7 8
split_gain= 0.478523 1.04378 8.86947 1.76296
threshold= -116.40499999999999 1.1699514563106796 33.625000000000007 -120.62499999999999
decision_type= 2 2 2 2
left_child=1 3 -3 -1
right_child=-2 2 -4 -5
leaf_value= 0.0021095532167944258 -0.01514412829336776 0.031472580334437748 0.0023943134447016365 -0.001936821308315401
leaf_weight=5547 188 168 1479 9130
leaf_count=5547 188 168 1479 9130
model_size=480
internal_value=0 0.000174412 0.0053604 -0.000407542
internal_weight=0 16324 1647 14677
internal_count=16512 16324 1647 14677
is_linear=0
shrinkage=0.1


Tree=93
num_leaves= 7
num_cat= 0
full_tree_array_lgbids= 0 1 3 5 2 4 -5 -1 -7 -3 -4 -2 -6 -2147483648 -2147483648
split_feature= 8 7 7 7 6 6
split_gain= 0.131805 9.37349 10.9403 6.28923 7.64403 1.35527
threshold= -117.98499999999999 33.755000000000003 33.995000000000012 34.025000000000013 1.6538990040802002 1.8972600116432272
decision_type= 2 2 2 2 2 2
left_child=1 5 -3 4 -2 -1
right_child=3 2 -4 -5 -6 -7
leaf_value= 0.082232562286986249 -0.037187635615743973 -0.0077404230149003099 0.0019846794976167213 -0.01178335380973904 0.0010975652083036363 0.024222138501359389
leaf_weight=18 81 1844 10556 955 2939 119
leaf_count=18 81 1844 10556 955 2939 119
model_size=704
internal_value=0 0.000880558 0.000538463 -0.00277725 7.07105e-05 0.0318439
internal_weight=0 12537 12400 3975 3020 137
internal_count=16512 12537 12400 3975 3020 137
is_linear=0
shrinkage=0.1


Tree=94
num_leaves= 8
num_cat= 0
full_tree_array_lgbids= 0 1 2 5 6 3 4 -1 -7 -3 -8 -2 -5 -4 -6
split_feature= 7 8 8 7 1 8 7
split_gain= 0.338651 27.3045 24.8011 19.9065 17.7938 11.0407 5.60665
threshold= 35.335000000000008 -119.55499999999999 -120.62499999999999 37.595000000000006 4.3633500000000014 -120.34499999999998 34.205000000000005
decision_type= 2 2 2 2 2 2 2
left_child=1 5 3 -2 -4 -1 -3
right_child=2 6 4 -5 -6 -7 -8
leaf_value= 0.012453703298880202 0.011333360729203348 0.0014464191126963811 -0.011020714350806454 -0.002748942188693526 -0.053630252610787812 0.05548308291345784 -0.0092926800727177218
leaf_weight=180 1645 7887 1123 4471 134 147 925
leaf_count=180 1645 7887 1123 4471 134 147 925
model_size=816
internal_value=0 0.00144544 -0.00179165 0.00103873 -0.015563 0.0317972 0.000319131
internal_weight=0 9139 7373 6116 1257 327 8812
internal_count=16512 9139 7373 6116 1257 327 8812
is_linear=0
shrinkage=0.1


Tree=95
num_leaves= 7
num_cat= 0
full_tree_array_lgbids= 0 1 3 2 -3 4 5 -1 -4 -2147483648 -2147483648 -2 -6 -5 -7
split_feature= 3 1 2 6 2 8
split_gain= 0.00427869 4.95618 4.35308 0.593858 3.23694 0.313894
threshold= 5.5511074737062058 7.7055000000000016 17.500000000000004 1.8427212551791066 25.500000000000004 -116.22499999999998
decision_type= 2 2 2 2 2 2
left_child=1 2 -1 4 -2 -5
right_child=3 -3 -4 5 -6 -7
leaf_value= -0.0075680029319586803 0.0092209370542232962 -0.081113097124866085 0.0001572077197662073 0.0019240927841876971 0.089588303565979008 -0.024545122343190617
leaf_weight=1680 44 13.999999999999998 8295 6402 14.999999999999998 62
leaf_count=1680 44 14 8295 6402 15 62
model_size=704
internal_value=0 -0.00125596 -0.00114388 0.00192332 0.0296533 0.00167021
internal_weight=0 9989 9975 6523 59 6464
internal_count=16512 9989 9975 6523 59 6464
is_linear=0
shrinkage=0.1


end of trees

feature_importances:
Column_7=169
Column_8=155
Column_1=106
Column_6=77
Column_2=50
Column_3=32
Column_4=25
Column_5=19

parameters:
[boosting: gbdt]
[objective: regression]
[metric: rmse]
[tree_learner: serial]
[device_type: cpu]
[data_sample_strategy: bagging]
[data: data/california_housing.libsvm.train]
[valid: data/california_housing.libsvm.test]
[num_iterations: 5000]
[learning_rate: 0.1]
[num_leaves: 255]
[num_threads: 0]
[seed: 42]
[deterministic: 0]
[force_col_wise: 0]
[force_row_wise: 0]
[histogram_pool_size: -1]
[max_depth: 3]
[min_data_in_leaf: 10]
[min_sum_hessian_in_leaf: 0.001]
[bagging_fraction: 1]
[pos_bagging_fraction: 1]
[neg_bagging_fraction: 1]
[bagging_freq: 0]
[bagging_seed: 400]
[feature_fraction: 1]
[feature_fraction_bynode: 1]
[feature_fraction_seed: 30056]
[extra_trees: 0]
[extra_seed: 12879]
[early_stopping_round: 0]
[early_stopping_min_delta: 0]
[first_metric_only: 0]
[max_delta_step: 0]
[lambda_l1: 0]
[lambda_l2: 0]
[linear_lambda: 0]
[min_gain_to_split: 0]
[drop_rate: 0.1]
[max_drop: 50]
[skip_drop: 0.5]
[xgboost_dart_mode: 0]
[uniform_drop: 0]
[drop_seed: 17869]
[top_rate: 0.2]
[other_rate: 0.1]
[min_data_per_group: 100]
[max_cat_threshold: 32]
[cat_l2: 10]
[cat_smooth: 10]
[max_cat_to_onehot: 4]
[top_k: 20]
[monotone_constraints: ]
[monotone_constraints_method: basic]
[monotone_penalty: 0]
[feature_contri: ]
[forcedsplits_filename: ]
[refit_decay_rate: 0.9]
[tinygbdt_penalty_feature: 0.00195312]
[tinygbdt_penalty_split: 0.00390625]
[tinygbdt_forestsize: 64000]
[tinygbdt_precision: 7]
[cegb_tradeoff: 1]
[cegb_penalty_split: 0]
[cegb_penalty_feature_lazy: ]
[cegb_penalty_feature_coupled: ]
[path_smooth: 0]
[interaction_constraints: ]
[verbosity: 2]
[saved_feature_importance_type: 0]
[use_quantized_grad: 0]
[num_grad_quant_bins: 4]
[quant_train_renew_leaf: 0]
[stochastic_rounding: 1]
[linear_tree: 0]
[max_bin: 255]
[max_bin_by_feature: ]
[min_data_in_bin: 3]
[bin_construct_sample_cnt: 200000]
[data_random_seed: 175]
[is_enable_sparse: 1]
[enable_bundle: 1]
[use_missing: 1]
[zero_as_missing: 0]
[feature_pre_filter: 1]
[pre_partition: 0]
[two_round: 0]
[header: 0]
[label_column: ]
[weight_column: ]
[group_column: ]
[ignore_column: ]
[categorical_feature: ]
[forcedbins_filename: ]
[precise_float_parser: 0]
[parser_config_file: ]
[objective_seed: 16083]
[num_class: 1]
[is_unbalance: 0]
[scale_pos_weight: 1]
[sigmoid: 1]
[boost_from_average: 1]
[reg_sqrt: 0]
[alpha: 0.9]
[fair_c: 1]
[poisson_max_delta_step: 0.7]
[tweedie_variance_power: 1.5]
[lambdarank_truncation_level: 30]
[lambdarank_norm: 1]
[label_gain: ]
[lambdarank_position_bias_regularization: 0]
[eval_at: ]
[multi_error_top_k: 1]
[auc_mu_weights: ]
[num_machines: 1]
[local_listen_port: 12400]
[time_out: 120]
[machine_list_filename: ]
[machines: ]
[gpu_platform_id: -1]
[gpu_device_id: -1]
[gpu_use_dp: 0]
[num_gpu: 1]

end of parameters
