tree
version=v4
num_class=1
num_tree_per_iteration=1
label_index=0
max_feature_idx=21
objective=binary sigmoid:1
feature_names=Column_0 Column_1 Column_2 Column_3 Column_4 Column_5 Column_6 Column_7 Column_8 Column_9 Column_10 Column_11 Column_12 Column_13 Column_14 Column_15 Column_16 Column_17 Column_18 Column_19 Column_20 Column_21
feature_infos=[0:5] [0:3] [0:9] [0:1] [0:8] [0:1] [0:1] [0:1] [0:11] [0:1] [0:4] [0:3] [0:3] [0:8] [0:8] none [0:3] [0:2] [0:4] [0:8] [0:5] [0:6]
tree_sizes=1057 1047 1049 1038 1042 1046 1040 1053 1049 1051 1054 1063 1061 1062 1063 888 980 884 800 803 885 808 799 800 801 801 802 800 801 800 798 801 801 716 972 805 712 717 807 802 806 810 809 719 808 720 810 720 721 970 804 715 720 888 718 800 721 720 888 801 720 720 802 717 806 802 720

Tree=0
num_leaves= 8
num_cat= 0
full_tree_array_lgbids= 0 1 2 5 6 4 3 -1 -7 -3 -8 -2 -6 -4 -5
split_feature= 8 20 19 7 4 10 21
split_gain= 2184.43 1168.76 1111.27 753.289 238.217 198.735 23.8993
threshold= 3.5000000000000004 3.5000000000000004 1.5000000000000002 1.0000000180025095e-35 4.5000000000000009 1.0000000180025095e-35 4.5000000000000009
decision_type= 2 2 2 2 2 2 2
left_child=1 5 4 -4 -2 -1 -3
right_child=2 6 3 -5 -6 -7 -8
leaf_value= 0.13625295265526666 0.13625295265526666 0.13456384585043257 -0.25410630703196962 0.011094830380406609 -0.26425303862428545 -0.26425303862428545 -0.052220455005699037
leaf_weight=14.48168098926544 127.58860319852829 532.82598674297333 689.87732023000717 127.83828735351562 17.228206694126129 104.36797678470612 8.4892612695693952
leaf_count=58 511 2134 2763 512 69 418 34
model_size=816
internal_value=-0.0711178 0.0691485 -0.167321 -0.212646 0.0886066 -0.215452 0.131635
internal_weight=0 660.165 962.532 817.716 144.817 118.85 541.315
internal_count=6499 2644 3855 3275 580 476 2168
is_linear=0
shrinkage=1


Tree=1
num_leaves= 8
num_cat= 0
full_tree_array_lgbids= 0 1 2 5 6 4 3 -1 -7 -3 -8 -2 -6 -4 -5
split_feature= 8 20 19 7 4 10 21
split_gain= 1783.03 949.529 909.405 621.139 192.958 162.428 18.5234
threshold= 3.5000000000000004 3.5000000000000004 1.5000000000000002 1.0000000180025095e-35 4.5000000000000009 1.0000000180025095e-35 4.5000000000000009
decision_type= 2 2 2 2 2 2 2
left_child=1 5 4 -4 -2 -1 -3
right_child=2 6 3 -5 -6 -7 -8
leaf_value= 0.18726217829300001 0.18726217829300001 0.18571508241162918 -0.16726255154856101 0.073892799984502308 -0.17677793099633521 -0.17677793099633521 0.016997149351572715
leaf_weight=14.432910382747648 127.15891733765602 531.09220561385155 679.71848121285439 127.99606323242188 16.952329516410828 102.69672083854675 8.4942075908184034
leaf_count=58 511 2134 2763 512 69 418 34
model_size=816
internal_value=0 0.12688 -0.0876402 -0.129047 0.144439 -0.13192 0.183059
internal_weight=0 656.716 951.826 807.715 144.111 117.13 539.586
internal_count=6499 2644 3855 3275 580 476 2168
is_linear=0
shrinkage=0.1


Tree=2
num_leaves= 8
num_cat= 0
full_tree_array_lgbids= 0 1 2 5 6 4 3 -1 -7 -3 -8 -2 -6 -4 -5
split_feature= 8 20 19 7 4 10 21
split_gain= 1480.24 786.398 755.086 520.747 159.319 134.967 14.9483
threshold= 3.5000000000000004 3.5000000000000004 1.5000000000000002 1.0000000180025095e-35 4.5000000000000009 1.0000000180025095e-35 4.5000000000000009
decision_type= 2 2 2 2 2 2 2
left_child=1 5 4 -4 -2 -1 -3
right_child=2 6 3 -5 -6 -7 -8
leaf_value= 0.17236010255125836 0.17236010255125836 0.17086405170974694 -0.15502436945878606 0.066626512356841902 -0.16433727988382651 -0.16433727988382651 0.015291415035553924
leaf_weight=14.127121359109877 124.46481059491634 520.04911720752716 660.97406414151192 127.76914215087891 16.43764516711235 99.578777968883514 8.4973639547824842
leaf_count=58 511 2134 2763 512 69 418 34
model_size=816
internal_value=0 0.116867 -0.0808941 -0.119119 0.133081 -0.122505 0.168363
internal_weight=0 642.252 929.646 788.743 140.902 113.706 528.546
internal_count=6499 2644 3855 3275 580 476 2168
is_linear=0
shrinkage=0.1


Tree=3
num_leaves= 8
num_cat= 0
full_tree_array_lgbids= 0 1 2 5 6 4 3 -1 -7 -3 -8 -2 -6 -4 -5
split_feature= 8 20 19 4 4 10 21
split_gain= 1244.38 660.595 633.704 460.915 133.396 113.526 12.4296
threshold= 3.5000000000000004 3.5000000000000004 1.5000000000000002 5.5000000000000009 4.5000000000000009 1.0000000180025095e-35 4.5000000000000009
decision_type= 2 2 2 2 2 2 2
left_child=1 5 4 -4 -2 -1 -3
right_child=2 6 3 -5 -6 -7 -8
leaf_value= 0.1609037703805144 0.1609037703805144 0.15940188087544543 -0.13152452094662784 0.18593198198927297 -0.15458733496862687 -0.15458733496862687 0.013759198216872701
leaf_weight=13.6439371407032 120.20779101550579 502.57771798968315 714.21368005871773 49.465191811323166 15.761341184377669 95.481748044490814 8.4991559386253339
leaf_count=58 511 2134 3076 199 69 418 34
model_size=816
internal_value=0 0.1091 -0.0754007 -0.110962 0.124333 -0.115142 0.15698
internal_weight=0 620.203 899.648 763.679 135.969 109.126 511.077
internal_count=6499 2644 3855 3275 580 476 2168
is_linear=0
shrinkage=0.1


Tree=4
num_leaves= 8
num_cat= 0
full_tree_array_lgbids= 0 1 2 5 6 4 3 -1 -7 -3 -8 -2 -6 -4 -5
split_feature= 8 20 19 7 4 10 21
split_gain= 1054.05 560.955 534.163 411.055 112.87 96.3769 10.5756
threshold= 3.5000000000000004 3.5000000000000004 1.5000000000000002 1.0000000180025095e-35 4.5000000000000009 1.0000000180025095e-35 4.5000000000000009
decision_type= 2 2 2 2 2 2 2
left_child=1 5 4 -4 -2 -1 -3
right_child=2 6 3 -5 -6 -7 -8
leaf_value= 0.15185187516794491 0.15185187516794491 0.150304303522415 -0.13780942792587297 0.06144696400678909 -0.14676872362570559 -0.14676872362570559 0.01238208966845589
leaf_weight=13.042239397764204 114.90662641823292 480.80972275137901 610.95480671525002 126.60149097442627 14.980887696146963 90.75378343462944 8.4999189376831037
leaf_count=58 511 2134 2763 512 69 418 34
model_size=816
internal_value=0 0.102905 -0.0705129 -0.103607 0.11741 -0.109246 0.147908
internal_weight=0 593.106 867.444 737.556 129.888 103.796 489.31
internal_count=6499 2644 3855 3275 580 476 2168
is_linear=0
shrinkage=0.1


Tree=5
num_leaves= 8
num_cat= 0
full_tree_array_lgbids= 0 1 2 5 6 4 3 -1 -7 -3 -8 -2 -6 -4 -5
split_feature= 8 20 19 7 4 10 21
split_gain= 901.117 480.39 454.515 354.549 96.2801 82.4044 9.1665
threshold= 3.5000000000000004 3.5000000000000004 1.5000000000000002 1.0000000180025095e-35 4.5000000000000009 1.0000000180025095e-35 4.5000000000000009
decision_type= 2 2 2 2 2 2 2
left_child=1 5 4 -4 -2 -1 -3
right_child=2 6 3 -5 -6 -7 -8
leaf_value= 0.14454675775689577 0.14454675775689577 0.14292252037587155 -0.1308679037201633 0.05560725653805107 -0.14038449805642142 -0.14038449805642142 0.011143876139678986
leaf_weight=12.365946739912031 108.9482548981905 456.33597576618195 580.59435327351093 125.94146846234798 14.139219447970389 85.654981583356857 8.4999179244041425
leaf_count=58 511 2134 2763 512 69 418 34
model_size=816
internal_value=0 0.0978548 -0.066554 -0.0976283 0.111816 -0.104439 0.140513
internal_weight=0 562.857 829.623 706.536 123.087 98.0209 464.836
internal_count=6499 2644 3855 3275 580 476 2168
is_linear=0
shrinkage=0.1


Tree=6
num_leaves= 8
num_cat= 0
full_tree_array_lgbids= 0 1 2 5 6 4 3 -1 -7 -3 -8 -2 -6 -4 -5
split_feature= 8 20 19 4 4 10 21
split_gain= 774.947 414.17 388.633 327.37 82.6451 70.8464 8.06365
threshold= 3.5000000000000004 3.5000000000000004 1.5000000000000002 5.5000000000000009 4.5000000000000009 1.0000000180025095e-35 4.5000000000000009
decision_type= 2 2 2 2 2 2 2
left_child=1 5 4 -4 -2 -1 -3
right_child=2 6 3 -5 -6 -7 -8
leaf_value= 0.13855140791954978 0.13855140791954978 0.13682439039250779 -0.11166128405514984 0.16347015136058904 -0.13509509769210032 -0.13509509769210032 0.010030179016638035
leaf_weight=11.647865027189253 102.62170739471912 430.34496757388115 626.97010035812855 47.265657484531403 13.268332377076147 80.379172950983047 8.499360114336012
leaf_count=58 511 2134 3076 199 69 418 34
model_size=816
internal_value=0 0.093661 -0.0630986 -0.0923739 0.107221 -0.10046 0.134369
internal_weight=0 530.871 790.126 674.236 115.89 92.027 438.844
internal_count=6499 2644 3855 3275 580 476 2168
is_linear=0
shrinkage=0.1


Tree=7
num_leaves= 8
num_cat= 0
full_tree_array_lgbids= 0 1 2 5 6 3 4 -1 -7 -3 -8 -2 -5 -4 -6
split_feature= 8 20 4 4 4 10 21
split_gain= 667.953 359.01 339.267 311.059 304.695 61.1675 7.17945
threshold= 3.5000000000000004 3.5000000000000004 2.5000000000000004 1.0000000180025095e-35 5.5000000000000009 1.0000000180025095e-35 4.5000000000000009
decision_type= 2 2 2 2 2 2 2
left_child=1 5 3 -2 -4 -1 -3
right_child=2 6 4 -5 -6 -7 -8
leaf_value= 0.13356356395996258 -0.14529282149684927 0.13171005731933175 -0.11869843311920447 0.14837441881911215 0.15389833784723783 -0.13066022980921915 0.0090282261165076112
leaf_weight=10.912395119667051 51.908115670084953 403.72099873423576 530.46725672483444 125.13725709915161 45.285649582743645 75.069723188877106 8.4984066188335401
leaf_count=58 264 2134 2765 627 199 418 34
model_size=816
internal_value=0 0.0901236 -0.0597384 0.0622738 -0.0972574 -0.0971263 0.129181
internal_weight=0 498.202 752.798 177.045 575.753 85.9821 412.219
internal_count=6499 2644 3855 891 2964 476 2168
is_linear=0
shrinkage=0.1


Tree=8
num_leaves= 8
num_cat= 0
full_tree_array_lgbids= 0 1 2 5 6 3 4 -1 -7 -3 -8 -2 -5 -4 -6
split_feature= 8 20 4 4 4 10 21
split_gain= 579.818 312.55 291.866 269.052 261.697 52.9715 6.44762
threshold= 3.5000000000000004 3.5000000000000004 2.5000000000000004 1.0000000180025095e-35 5.5000000000000009 1.0000000180025095e-35 4.5000000000000009
decision_type= 2 2 2 2 2 2 2
left_child=1 5 3 -2 -4 -1 -3
right_child=2 6 4 -5 -6 -7 -8
leaf_value= 0.12936717161346731 -0.13978814497319475 0.12736450175659514 -0.11343085486951202 0.14240819835891569 0.14621023574542055 -0.12690484179902931 0.0081266281495820016
leaf_weight=10.177520692348478 48.72111688554287 377.11591854691505 501.11881312727928 117.72383327782154 43.016563415527344 69.83132404088974 8.4971830844879133
leaf_count=58 264 2134 2765 627 199 418 34
model_size=816
internal_value=0 0.0870984 -0.0571345 0.0598048 -0.092905 -0.0943058 0.124737
internal_weight=0 465.622 710.58 166.445 544.135 80.0088 385.613
internal_count=6499 2644 3855 891 2964 476 2168
is_linear=0
shrinkage=0.1


Tree=9
num_leaves= 8
num_cat= 0
full_tree_array_lgbids= 0 1 2 5 6 3 4 -1 -7 -3 -8 -2 -5 -4 -6
split_feature= 8 20 4 4 4 10 21
split_gain= 505.012 273.068 251.703 233.836 225.488 45.9811 5.83944
threshold= 3.5000000000000004 3.5000000000000004 2.5000000000000004 1.0000000180025095e-35 5.5000000000000009 1.0000000180025095e-35 4.5000000000000009
decision_type= 2 2 2 2 2 2 2
left_child=1 5 3 -2 -4 -1 -3
right_child=2 6 4 -5 -6 -7 -8
leaf_value= 0.12580350276737742 -0.1351172420254087 0.12362912245979391 -0.10863248417510525 0.13735862927931936 0.13992454436181059 -0.12369825373571018 0.0073152391151233565
leaf_weight=9.456299960613249 45.529184013605118 351.00311988592148 472.42269667983055 110.23233403265476 40.579360768198967 64.738919049501419 8.4957862794399244
leaf_count=58 264 2134 2765 627 199 418 34
model_size=816
internal_value=0 0.0844787 -0.0548068 0.0577138 -0.0889712 -0.0918989 0.12088
internal_weight=0 433.694 668.764 155.762 513.002 74.1952 359.499
internal_count=6499 2644 3855 891 2964 476 2168
is_linear=0
shrinkage=0.1


Tree=10
num_leaves= 8
num_cat= 0
full_tree_array_lgbids= 0 1 2 5 6 3 4 -1 -7 -3 -8 -2 -5 -4 -6
split_feature= 8 20 4 4 4 10 21
split_gain= 441.036 239.253 217.432 204.033 194.735 39.9727 5.32228
threshold= 3.5000000000000004 3.5000000000000004 2.5000000000000004 1.0000000180025095e-35 5.5000000000000009 1.0000000180025095e-35 4.5000000000000009
decision_type= 2 2 2 2 2 2 2
left_child=1 5 3 -2 -4 -1 -3
right_child=2 6 4 -5 -6 -7 -8
leaf_value= 0.12275322415096231 -0.13111353004825663 0.12038400087870281 -0.10419879614795335 0.13304018591668704 0.13471134256417225 -0.12094088198253522 0.0065849330255211939
leaf_weight=8.7580039203166944 42.389104306697845 325.71884620189667 444.71579402685165 102.81145115196705 38.064152121543884 59.844586253166199 8.4942886531352979
leaf_count=58 264 2134 2765 627 199 418 34
model_size=816
internal_value=0 0.0821832 -0.0526942 0.0559245 -0.0853622 -0.0898302 0.117492
internal_weight=0 402.816 627.981 145.201 482.78 68.6026 334.213
internal_count=6499 2644 3855 891 2964 476 2168
is_linear=0
shrinkage=0.1


Tree=11
num_leaves= 8
num_cat= 0
full_tree_array_lgbids= 0 1 2 5 6 3 4 -1 -7 -3 -8 -2 -5 -4 -6
split_feature= 8 20 9 10 19 10 12
split_gain= 385.977 210.102 201.791 162.351 109.708 34.7762 5.46822
threshold= 3.5000000000000004 3.5000000000000004 1.0000000180025095e-35 1.0000000180025095e-35 1.5000000000000002 1.0000000180025095e-35 1.0000000180025095e-35
decision_type= 2 2 2 2 2 2 2
left_child=1 5 3 -2 -4 -1 -3
right_child=2 6 4 -5 -6 -7 -8
leaf_value= 0.120124818310304 0.11845687264494929 -0.037351347476324619 0.11914917803331171 -0.044425029081011702 -0.12390419260381205 -0.11855542649094364 0.11679102756216418
leaf_weight=8.0889927148818952 96.194051325321198 4.6498577296733847 20.907384902238846 184.56234389543533 287.0092796087265 55.18286994099617 305.33662542700768
leaf_count=58 592 26 155 1185 1923 418 2142
model_size=816
internal_value=0 0.0801492 -0.0507496 0.0113823 -0.107401 -0.0880413 0.114479
internal_weight=0 373.258 588.673 280.756 307.917 63.2719 309.986
internal_count=6499 2644 3855 1777 2078 476 2168
is_linear=0
shrinkage=0.1


Tree=12
num_leaves= 8
num_cat= 0
full_tree_array_lgbids= 0 1 2 5 6 3 4 -1 -7 -3 -8 -2 -5 -4 -6
split_feature= 8 20 9 21 19 10 21
split_gain= 336.632 184.592 181.208 153.763 96.3984 30.254 5.74111
threshold= 3.5000000000000004 3.5000000000000004 1.0000000180025095e-35 1.0000000180025095e-35 1.5000000000000002 1.0000000180025095e-35 4.5000000000000009
decision_type= 2 2 2 2 2 2 2
left_child=1 5 3 -2 -4 -1 -3
right_child=2 6 4 -5 -6 -7 -8
leaf_value= 0.11784687452276783 0.16176047170754049 0.11505914457152307 0.11699825558672441 -0.027872088327229951 -0.12121741064661151 -0.11648097729749039 -0.0016544567310483661
leaf_weight=7.4533958137035361 55.518957577645779 278.8628446161747 19.247628077864647 218.49145960062742 265.15523092448711 50.774910271167755 8.4520173668861371
leaf_count=58 327 2134 155 1450 1923 418 34
model_size=816
internal_value=0 0.0782414 -0.0483487 0.0105505 -0.105096 -0.0864863 0.111626
internal_weight=0 345.543 558.413 274.01 284.403 58.2283 287.315
internal_count=6499 2644 3855 1777 2078 476 2168
is_linear=0
shrinkage=0.1


Tree=13
num_leaves= 8
num_cat= 0
full_tree_array_lgbids= 0 2 1 5 6 3 4 -1 -7 -4 -8 -2 -5 -3 -6
split_feature= 8 9 20 21 19 10 21
split_gain= 293.495 163.825 162.603 128.391 84.8525 26.3051 5.23838
threshold= 3.5000000000000004 1.0000000180025095e-35 3.5000000000000004 1.0000000180025095e-35 1.5000000000000002 1.0000000180025095e-35 4.5000000000000009
decision_type= 2 2 2 2 2 2 2
left_child=2 3 5 -2 -3 -1 -4
right_child=1 4 6 -5 -6 -7 -8
leaf_value= 0.11586288176687953 0.15129025961332676 0.11512141722890622 0.11279886524970545 -0.025253665266398134 -0.11887957130473133 -0.11466884050498732 -0.0014888349550752592
leaf_weight=6.8536426723003379 53.530377008020878 17.685282006859779 257.12191674113274 217.10759344696999 244.3970792889595 46.631700873374939 8.4529476314783079
leaf_count=58 327 155 2134 1450 1923 418 34
model_size=816
internal_value=0 -0.0458064 0.0765917 0.00966554 -0.103089 -0.0851284 0.109161
internal_weight=0 532.72 319.06 270.638 262.082 53.4853 265.575
internal_count=6499 3855 2644 1777 2078 476 2168
is_linear=0
shrinkage=0.1


Tree=14
num_leaves= 8
num_cat= 0
full_tree_array_lgbids= 0 2 1 5 6 3 4 -1 -7 -4 -8 -2 -5 -3 -6
split_feature= 8 9 20 10 19 10 12
split_gain= 256.075 148.453 143.372 125.497 74.7907 22.8433 5.12473
threshold= 3.5000000000000004 1.0000000180025095e-35 3.5000000000000004 2.5000000000000004 1.5000000000000002 1.0000000180025095e-35 1.0000000180025095e-35
decision_type= 2 2 2 2 2 2 2
left_child=2 3 5 -2 -3 -1 -4
right_child=1 4 6 -5 -6 -7 -8
leaf_value= 0.11412744279391081 0.055457580236322392 0.11347708495761999 -0.04761728167434795 -0.096215427175568871 -0.11683512550344111 -0.11307963800542431 0.10968933299357203
leaf_weight=6.2908793091773978 185.26800959557295 16.222259104251862 4.3576593250036231 82.182155251502991 224.80988821387291 42.756608352065086 240.81556466221809
leaf_count=58 1193 155 26 584 1923 418 2142
model_size=816
internal_value=0 -0.0433791 0.0750813 0.00885146 -0.101334 -0.0839378 0.106893
internal_weight=0 508.482 294.221 267.45 241.032 49.0475 245.173
internal_count=6499 3855 2644 1777 2078 476 2168
is_linear=0
shrinkage=0.1


Tree=15
num_leaves= 6
num_cat= 0
full_tree_array_lgbids= 0 2 1 4 -4 3 -3 -1 -6 -2147483648 -2147483648 -2 -5 -2147483648 -2147483648
split_feature= 11 4 6 4 17
split_gain= 232.786 248.165 234.948 128.248 48.3365
threshold= 1.5000000000000002 5.5000000000000009 1.0000000180025095e-35 2.5000000000000004 1.0000000180025095e-35
decision_type= 2 2 2 2 2
left_child=2 3 4 -2 -1
right_child=1 -3 -4 -5 -6
leaf_value= 0.43505805407055287 0.026459009038000827 0.12134591725746335 -0.11927252211112389 -0.10434997484132796 0.11761918450189164
leaf_weight=5.4876615256071082 104.13730286061764 81.308389708399773 49.549070492386818 313.28170424699783 200.52699418365955
leaf_count=31 828 640 446 2671 1883
model_size=592
internal_value=0 -0.0402407 0.0785066 -0.0717159 0.126075
internal_weight=0 498.727 255.564 417.419 206.015
internal_count=6499 4139 2360 3499 1914
is_linear=0
shrinkage=0.1


Tree=16
num_leaves= 7
num_cat= 0
full_tree_array_lgbids= 0 2 1 5 -4 4 3 -1 -7 -2147483648 -2147483648 -2 -6 -3 -5
split_feature= 11 7 6 1 2 12
split_gain= 203.281 217.77 206.964 64.1074 37.2109 22.9308
threshold= 1.5000000000000002 1.0000000180025095e-35 1.0000000180025095e-35 1.0000000180025095e-35 1.0000000180025095e-35 2.5000000000000004
decision_type= 2 2 2 2 2 2
left_child=2 4 5 -3 -2 -1
right_child=1 3 -4 -5 -6 -7
leaf_value= 0.11288220363698427 0.099063505840692997 -0.0641524950006091 -0.11742645145810873 0.089303012805497517 -0.097187036996106105 0.26936197519521915
leaf_weight=178.08107206225395 11.528539434075354 38.341260701417923 45.502514541149139 129.06466440111399 291.6406784504652 12.421853497624396
leaf_count=1860 104 192 446 1049 2794 54
model_size=704
internal_value=0 -0.0385389 0.0767142 0.0541568 -0.0897243 0.123086
internal_weight=0 470.575 236.005 167.406 303.169 190.503
internal_count=6499 4139 2360 1241 2898 1914
is_linear=0
shrinkage=0.1


Tree=17
num_leaves= 6
num_cat= 0
full_tree_array_lgbids= 0 2 1 4 -4 3 -3 -1 -6 -2147483648 -2147483648 -2 -5 -2147483648 -2147483648
split_feature= 11 4 6 4 12
split_gain= 177.676 193.63 182.606 109.692 11.6507
threshold= 1.5000000000000002 5.5000000000000009 1.0000000180025095e-35 2.5000000000000004 2.5000000000000004
decision_type= 2 2 2 2 2
left_child=2 3 4 -2 -1
right_child=1 -3 -4 -5 -6
leaf_value= 0.11156915128433154 0.026082825169863502 0.11747516822654694 -0.11577505641606914 -0.099312397219089396 0.23100420500061158
leaf_weight=162.93354564160109 99.944852590560913 70.397174879908562 41.729552537202835 274.56253988295794 12.998622983694075
leaf_count=1860 828 640 446 2671 54
model_size=592
internal_value=0 -0.0368409 0.0751159 -0.0658482 0.120394
internal_weight=0 444.905 217.662 374.507 175.932
internal_count=6499 4139 2360 3499 1914
is_linear=0
shrinkage=0.1


Tree=18
num_leaves= 5
num_cat= 0
full_tree_array_lgbids= 0 -1 1 -2147483648 -2147483648 3 2 -2147483648 -2147483648 -2147483648 -2147483648 -2 -5 -3 -4
split_feature= 8 19 4 4
split_gain= 159.135 184.906 100.084 68.171
threshold= 1.0000000180025095e-35 1.5000000000000002 5.5000000000000009 4.5000000000000009
decision_type= 2 2 2 2
left_child=-1 3 -3 -2
right_child=1 2 -4 -5
leaf_value= 0.10968872198745293 0.11274586758775945 -0.072192751142538994 0.12279006458947464 -0.18228199539028545
leaf_weight=112.02261102199554 105.59088303893805 363.57709722220898 30.079600840806961 9.2062423825263959
leaf_count=1398 1256 3568 199 78
model_size=480
internal_value=0 -0.0242448 -0.057294 0.0890859
internal_weight=0 508.454 393.657 114.797
internal_count=6499 5101 3767 1334
is_linear=0
shrinkage=0.1


Tree=19
num_leaves= 5
num_cat= 0
full_tree_array_lgbids= 0 -1 1 -2147483648 -2147483648 3 2 -2147483648 -2147483648 -2147483648 -2147483648 -2 -5 -3 -4
split_feature= 8 19 7 4
split_gain= 140.846 160.558 94.4942 60.5837
threshold= 1.0000000180025095e-35 1.5000000000000002 1.0000000180025095e-35 4.5000000000000009
decision_type= 2 2 2 2
left_child=-1 3 -3 -2
right_child=1 2 -4 -5
leaf_value= 0.1086831579069167 0.11156966557735944 -0.085136485086063751 0.03178946582260004 -0.1816367932117294
leaf_weight=102.25205159932375 96.498303540050983 276.10312858968973 99.556955017149448 8.3583102822303754
leaf_count=1398 1256 3200 567 78
model_size=480
internal_value=0 -0.0230866 -0.0541489 0.0881976
internal_weight=0 480.517 375.66 104.857
internal_count=6499 5101 3767 1334
is_linear=0
shrinkage=0.1


Tree=20
num_leaves= 6
num_cat= 0
full_tree_array_lgbids= 0 1 2 4 -3 3 -4 -1 -6 -2147483648 -2147483648 -2 -5 -2147483648 -2147483648
split_feature= 11 6 4 4 12
split_gain= 125.466 141.126 135.256 83.5324 8.71552
threshold= 1.5000000000000002 1.0000000180025095e-35 5.5000000000000009 2.5000000000000004 2.5000000000000004
decision_type= 2 2 2 2 2
left_child=1 4 3 -2 -1
right_child=2 -3 -4 -5 -6
leaf_value= 0.10841767983685964 0.025034420548098808 -0.11329177113704512 0.11336709839221176 -0.091925133782798721 0.21856701076580107
leaf_weight=123.76784134656191 91.087092399597168 33.968870148062706 55.960999608039856 228.48031459748745 12.996667280793188
leaf_count=1860 828 446 640 2671 54
model_size=592
internal_value=0 0.0726915 -0.0329632 -0.0585879 0.118885
internal_weight=0 170.733 375.528 319.567 136.765
internal_count=6499 2360 4139 3499 1914
is_linear=0
shrinkage=0.1


Tree=21
num_leaves= 5
num_cat= 0
full_tree_array_lgbids= 0 -1 1 -2147483648 -2147483648 3 2 -2147483648 -2147483648 -2147483648 -2147483648 -2 -5 -3 -4
split_feature= 8 19 9 4
split_gain= 112.954 123.468 85.5072 50.3388
threshold= 1.0000000180025095e-35 1.5000000000000002 1.0000000180025095e-35 4.5000000000000009
decision_type= 2 2 2 2
left_child=-1 3 -3 -2
right_child=1 2 -4 -5
leaf_value= 0.10714186545033783 0.10981147506511468 -0.0049953283953281784 -0.10998148389500005 -0.18001613718411671
leaf_weight=86.009487275034189 81.133112885057926 194.16743687540293 143.83910707756877 7.2501074075698844
leaf_count=1398 1256 1691 2076 78
model_size=480
internal_value=0 -0.0215422 -0.0496723 0.0860368
internal_weight=0 426.39 338.007 88.3832
internal_count=6499 5101 3767 1334
is_linear=0
shrinkage=0.1


Tree=22
num_leaves= 5
num_cat= 0
full_tree_array_lgbids= 0 1 -2 2 3 -2147483648 -2147483648 -1 -4 -3 -5 -2147483648 -2147483648 -2147483648 -2147483648
split_feature= 4 4 4 19
split_gain= 101.072 176.584 146.299 90.0854
threshold= 5.5000000000000009 2.5000000000000004 1.0000000180025095e-35 4.5000000000000009
decision_type= 2 2 2 2
left_child=1 2 -1 -3
right_child=-2 3 -4 -5
leaf_value= -0.117759118840738 0.10990562719497576 -0.1146890277444218 0.11264577843769899 0.023355333021159122
leaf_weight=36.833290509879589 74.747867226600647 173.7505285218358 128.12870688736439 70.596041414886713
leaf_count=320 1123 2523 1885 648
model_size=480
internal_value=0 -0.0199917 0.0612002 -0.0748056
internal_weight=0 409.309 164.962 244.347
internal_count=6499 5376 2205 3171
is_linear=0
shrinkage=0.1


Tree=23
num_leaves= 5
num_cat= 0
full_tree_array_lgbids= 0 1 -2 2 3 -2147483648 -2147483648 -1 -4 -3 -5 -2147483648 -2147483648 -2147483648 -2147483648
split_feature= 4 4 4 19
split_gain= 89.7504 154.215 130.13 83.438
threshold= 5.5000000000000009 2.5000000000000004 1.0000000180025095e-35 4.5000000000000009
decision_type= 2 2 2 2
left_child=1 2 -1 -3
right_child=-2 3 -4 -5
leaf_value= -0.11587542506550963 0.10891951938675136 -0.11369432489898908 0.11149153592572031 0.020756718994473178
leaf_weight=33.842059038579464 68.215688779950142 158.52133155614138 117.07463157922029 71.443202063441277
leaf_count=320 1123 2523 1885 648
model_size=480
internal_value=0 -0.0194514 0.060506 -0.0719243
internal_weight=0 380.881 150.917 229.965
internal_count=6499 5376 2205 3171
is_linear=0
shrinkage=0.1


Tree=24
num_leaves= 5
num_cat= 0
full_tree_array_lgbids= 0 1 -2 2 3 -2147483648 -2147483648 -1 -4 -3 -5 -2147483648 -2147483648 -2147483648 -2147483648
split_feature= 4 4 4 19
split_gain= 79.6914 134.534 115.819 77.3568
threshold= 5.5000000000000009 2.5000000000000004 1.0000000180025095e-35 4.5000000000000009
decision_type= 2 2 2 2
left_child=1 2 -1 -3
right_child=-2 3 -4 -5
leaf_value= -0.11421198627659408 0.10803575977217694 -0.11278442762266766 0.11044223966718612 0.018474074630734302
leaf_weight=31.044636338949203 62.203222282230854 144.53429706022143 106.88861893117428 72.2010756470263
leaf_count=320 1123 2523 1885 648
model_size=480
internal_value=0 -0.0189135 0.0598793 -0.0690583
internal_weight=0 354.669 137.933 216.735
internal_count=6499 5376 2205 3171
is_linear=0
shrinkage=0.1


Tree=25
num_leaves= 5
num_cat= 0
full_tree_array_lgbids= 0 1 -2 2 3 -2147483648 -2147483648 -1 -4 -3 -5 -2147483648 -2147483648 -2147483648 -2147483648
split_feature= 4 4 4 19
split_gain= 70.7396 117.214 103.126 71.7576
threshold= 5.5000000000000009 2.5000000000000004 1.0000000180025095e-35 4.5000000000000009
decision_type= 2 2 2 2
left_child=1 2 -1 -3
right_child=-2 3 -4 -5
leaf_value= -0.11273871278007613 0.10724288462420808 -0.11194805230140362 0.1094878311301901 0.016463304631768459
leaf_weight=28.43859751522541 56.678669434040785 131.70741706341505 97.516908831894398 72.879495959728956
leaf_count=320 1123 2523 1885 648
model_size=480
internal_value=0 -0.0183752 0.0593129 -0.0662044
internal_weight=0 330.542 125.956 204.587
internal_count=6499 5376 2205 3171
is_linear=0
shrinkage=0.1


Tree=26
num_leaves= 5
num_cat= 0
full_tree_array_lgbids= 0 1 -2 2 3 -2147483648 -2147483648 -1 -4 -3 -5 -2147483648 -2147483648 -2147483648 -2147483648
split_feature= 4 4 4 19
split_gain= 62.7625 101.975 91.8479 66.5738
threshold= 5.5000000000000009 2.5000000000000004 1.0000000180025095e-35 4.5000000000000009
decision_type= 2 2 2 2
left_child=1 2 -1 -3
right_child=-2 3 -4 -5
leaf_value= -0.1114305337284377 0.10653089288716762 -0.11117561060733488 0.10861945594745422 0.014687659060343063
leaf_weight=26.018914766609669 51.610241636633873 119.95973821729422 88.906410735100508 73.487126849591732
leaf_count=320 1123 2523 1885 648
model_size=480
internal_value=0 -0.0178342 0.0588005 -0.0633623
internal_weight=0 308.372 114.925 193.447
internal_count=6499 5376 2205 3171
is_linear=0
shrinkage=0.1


Tree=27
num_leaves= 5
num_cat= 0
full_tree_array_lgbids= 0 1 -2 2 3 -2147483648 -2147483648 -1 -4 -3 -5 -2147483648 -2147483648 -2147483648 -2147483648
split_feature= 4 4 4 12
split_gain= 55.6458 88.5705 81.8111 64.8532
threshold= 5.5000000000000009 2.5000000000000004 1.0000000180025095e-35 2.5000000000000004
decision_type= 2 2 2 2
left_child=1 2 -1 -3
right_child=-2 3 -4 -5
leaf_value= -0.11026637856444509 0.1058910072813007 -0.082039664155674416 0.10782923775866696 0.11831319771583182
leaf_weight=23.77871485799551 46.966671299189329 163.57484753057361 81.005346151068807 19.669326722621918
leaf_count=320 1123 3031 1885 140
model_size=480
internal_value=0 -0.017289 0.0583367 -0.0605339
internal_weight=0 288.028 104.784 183.244
internal_count=6499 5376 2205 3171
is_linear=0
shrinkage=0.1


Tree=28
num_leaves= 5
num_cat= 0
full_tree_array_lgbids= 0 1 -2 2 3 -2147483648 -2147483648 -1 -4 -3 -5 -2147483648 -2147483648 -2147483648 -2147483648
split_feature= 4 4 4 19
split_gain= 49.2627 76.8011 72.866 62.5134
threshold= 5.5000000000000009 2.5000000000000004 1.0000000180025095e-35 4.5000000000000009
decision_type= 2 2 2 2
left_child=1 2 -1 -3
right_child=-2 3 -4 -5
leaf_value= -0.10922839966732006 0.10531551693667972 -0.10997516984134065 0.10711012533847267 0.01744651460206742
leaf_weight=21.709868967533112 42.717578832060099 102.45819710381329 73.763693822547793 71.102419123053551
leaf_count=320 1123 2523 1885 648
model_size=480
internal_value=0 -0.0167186 0.0579166 -0.0577744
internal_weight=0 269.034 95.4736 173.561
internal_count=6499 5376 2205 3171
is_linear=0
shrinkage=0.1


Tree=29
num_leaves= 5
num_cat= 0
full_tree_array_lgbids= 0 1 -2 2 3 -2147483648 -2147483648 -1 -4 -3 -5 -2147483648 -2147483648 -2147483648 -2147483648
split_feature= 4 4 4 19
split_gain= 43.5945 66.4906 64.883 57.5815
threshold= 5.5000000000000009 2.5000000000000004 1.0000000180025095e-35 4.5000000000000009
decision_type= 2 2 2 2
left_child=1 2 -1 -3
right_child=-2 3 -4 -5
leaf_value= -0.10830136877935792 0.10479761117920278 -0.10933532002542275 0.10645576467814011 0.015560003435161916
leaf_weight=19.803448721766472 38.833741029724479 93.223050434142351 67.133514136075974 71.716277055442333
leaf_count=320 1123 2523 1885 648
model_size=480
internal_value=0 -0.0161772 0.057536 -0.0550303
internal_weight=0 251.876 86.937 164.939
internal_count=6499 5376 2205 3171
is_linear=0
shrinkage=0.1


Tree=30
num_leaves= 5
num_cat= 0
full_tree_array_lgbids= 0 1 -2 2 3 -2147483648 -2147483648 -1 -4 -3 -5 -2147483648 -2147483648 -2147483648 -2147483648
split_feature= 4 4 4 19
split_gain= 38.523 57.434 57.7502 53.0124
threshold= 5.5000000000000009 2.5000000000000004 1.0000000180025095e-35 4.5000000000000009
decision_type= 2 2 2 2
left_child=1 2 -1 -3
right_child=-2 3 -4 -5
leaf_value= -0.10747221507834795 0.10433127120708351 -0.10873557415595858 0.10586041976292922 0.013891447824113065
leaf_weight=18.050080921500921 35.287276292219758 84.793389994651079 61.069140480831265 72.26656524091959
leaf_count=320 1123 2523 1885 648
model_size=480
internal_value=0 -0.015629 0.0571912 -0.0523123
internal_weight=0 236.179 79.1192 157.06
internal_count=6499 5376 2205 3171
is_linear=0
shrinkage=0.1


Tree=31
num_leaves= 5
num_cat= 0
full_tree_array_lgbids= 0 1 -2 2 3 -2147483648 -2147483648 -1 -4 -3 -5 -2147483648 -2147483648 -2147483648 -2147483648
split_feature= 4 4 4 12
split_gain= 33.9825 49.4853 51.3699 50.9619
threshold= 5.5000000000000009 2.5000000000000004 1.0000000180025095e-35 2.5000000000000004
decision_type= 2 2 2 2
left_child=1 2 -1 -3
right_child=-2 3 -4 -5
leaf_value= -0.10672965488449818 0.10391114087720438 -0.073110030058568767 0.10531887439508375 0.11128168597438935
leaf_weight=16.440215583890676 32.051763653755188 130.77828569337726 55.527309713885188 19.085777424275875
leaf_count=320 1123 3031 1885 140
model_size=480
internal_value=0 -0.015074 0.0568786 -0.049627
internal_weight=0 221.832 71.9675 149.864
internal_count=6499 5376 2205 3171
is_linear=0
shrinkage=0.1


Tree=32
num_leaves= 5
num_cat= 0
full_tree_array_lgbids= 0 1 -2 3 2 -2147483648 -2147483648 -1 -5 -3 -4 -2147483648 -2147483648 -2147483648 -2147483648
split_feature= 4 4 19 4
split_gain= 29.8924 42.5307 49.1298 45.6567
threshold= 5.5000000000000009 2.5000000000000004 4.5000000000000009 1.0000000180025095e-35
decision_type= 2 2 2 2
left_child=1 3 -3 -1
right_child=-2 2 -4 -5
leaf_value= -0.1060638857837639 0.10353248303438506 -0.10782449882515369 0.016070944009505372 0.10482638689477426
leaf_weight=14.964329991489647 29.102300411090255 72.78228278644383 70.083782896399498 50.467221207916737
leaf_count=320 1123 2523 648 1885
model_size=480
internal_value=0 -0.0144902 -0.0470469 0.0565953
internal_weight=0 208.298 142.866 65.4316
internal_count=6499 5376 3171 2205
is_linear=0
shrinkage=0.1


Tree=33
num_leaves= 4
num_cat= 0
full_tree_array_lgbids= 0 -1 1 -2147483648 -2147483648 2 -3 -2147483648 -2147483648 -2147483648 -2147483648 -2 -4 -2147483648 -2147483648
split_feature= 14 4 4
split_gain= 26.855 33.0544 38.9671
threshold= 1.5000000000000002 5.5000000000000009 2.5000000000000004
decision_type= 2 2 2
left_child=-1 2 -2
right_child=1 -3 -4
leaf_value= 0.14698173103818488 0.050832549581960852 0.10319106723373622 -0.058141344298017955
leaf_weight=14.100091751664875 53.058575129136443 26.415537409484386 129.08896571397781
leaf_count=378 1858 1123 3140
model_size=368
internal_value=0 -0.00998478 -0.0263978
internal_weight=0 208.563 182.148
internal_count=6499 6121 4998
is_linear=0
shrinkage=0.1


Tree=34
num_leaves= 7
num_cat= 0
full_tree_array_lgbids= 0 1 4 3 2 5 -6 -1 -5 -3 -4 -2 -7 -2147483648 -2147483648
split_feature= 6 19 19 11 11 4
split_gain= 24.3297 53.4791 145.862 36.1096 11.5076 5.73107
threshold= 1.0000000180025095e-35 4.5000000000000009 6.5000000000000009 1.5000000000000002 2.5000000000000004 2.5000000000000004
decision_type= 2 2 2 2 2 2
left_child=1 3 -3 -1 5 -2
right_child=4 2 -4 -5 -6 -7
leaf_value= 0.10222810387829823 0.028666337700324302 0.53308268643712653 0.041652374855526406 -0.059744530210408466 0.24697535587849948 -0.099655465168169172
leaf_weight=19.954619390890002 8.3649854864925128 7.0709724202752104 55.788431046530604 79.098919136449695 1.686690181493758 40.792665008455515
leaf_count=1139 114 58 1690 2564 7 927
model_size=704
internal_value=0 0.0210442 0.0969327 -0.0271147 -0.0670448 -0.0778194
internal_weight=0 161.913 62.8594 99.0535 50.8443 49.1577
internal_count=6499 5451 1748 3703 1048 1041
is_linear=0
shrinkage=0.1


Tree=35
num_leaves= 5
num_cat= 0
full_tree_array_lgbids= 0 1 -2 2 3 -2147483648 -2147483648 -1 -4 -3 -5 -2147483648 -2147483648 -2147483648 -2147483648
split_feature= 4 10 17 8
split_gain= 23.0376 30.1697 50.6061 23.3248
threshold= 5.5000000000000009 1.5000000000000002 1.5000000000000002 1.0000000180025095e-35
decision_type= 2 2 2 2
left_child=1 2 -1 -3
right_child=-2 3 -4 -5
leaf_value= -0.0035743446271456567 0.10303179671151291 0.10197141145042754 0.21988493167472001 -0.091615481110539854
leaf_weight=96.880391826853156 23.866430066525936 8.8179527968168241 12.765237614512442 63.915659679099917
leaf_count=3363 1123 474 96 1443
model_size=480
internal_value=0 -0.0136851 0.0224414 -0.0681457
internal_weight=0 182.379 109.646 72.7336
internal_count=6499 5376 3459 1917
is_linear=0
shrinkage=0.1


Tree=36
num_leaves= 4
num_cat= 0
full_tree_array_lgbids= 0 -1 1 -2147483648 -2147483648 2 -3 -2147483648 -2147483648 -2147483648 -2147483648 -2 -4 -2147483648 -2147483648
split_feature= 13 4 4
split_gain= 21.9708 25.3928 29.3641
threshold= 1.5000000000000002 5.5000000000000009 2.5000000000000004
decision_type= 2 2 2
left_child=-1 2 -2
right_child=1 -3 -4
leaf_value= 0.14164813056895145 0.04658824852555285 0.1027400933749168 -0.054439795074734447
leaf_weight=12.870979117229579 48.698096877895296 21.653431234881282 116.95509021915495
leaf_count=377 1859 1123 3140
model_size=368
internal_value=0 -0.0100027 -0.02474
internal_weight=0 187.307 165.653
internal_count=6499 6122 4999
is_linear=0
shrinkage=0.1


Tree=37
num_leaves= 4
num_cat= 0
full_tree_array_lgbids= 0 -1 1 -2147483648 -2147483648 2 -3 -2147483648 -2147483648 -2147483648 -2147483648 -2 -4 -2147483648 -2147483648
split_feature= 14 4 4
split_gain= 18.5325 21.8484 23.7866
threshold= 1.5000000000000002 5.5000000000000009 2.5000000000000004
decision_type= 2 2 2
left_child=-1 2 -2
right_child=1 -3 -4
leaf_value= 0.13766784528695356 0.042754125657037026 0.10247673342927695 -0.051070077689774465
leaf_weight=11.971066156402228 47.791194820776582 19.640623349696398 112.44660643208772
leaf_count=378 1858 1123 3140
model_size=368
internal_value=0 -0.00937677 -0.0230869
internal_weight=0 179.878 160.238
internal_count=6499 6121 4998
is_linear=0
shrinkage=0.1


Tree=38
num_leaves= 5
num_cat= 0
full_tree_array_lgbids= 0 1 2 -1 -3 -2 3 -2147483648 -2147483648 -2147483648 -2147483648 -2147483648 -2147483648 -4 -5
split_feature= 11 6 14 19
split_gain= 15.9391 46.6369 18.1739 32.6276
threshold= 1.5000000000000002 1.0000000180025095e-35 5.5000000000000009 4.5000000000000009
decision_type= 2 2 2 2
left_child=1 -1 -2 -4
right_child=2 -3 3 -5
leaf_value= 0.11799003211064185 -0.11252011374307734 -0.11168124201246482 -0.045479697918627132 0.077632631133850716
leaf_weight=36.690077397041023 23.610557017847896 13.615274136885999 71.083421603776515 39.32434288226068
leaf_count=1914 728 446 2404 1007
model_size=480
internal_value=0 0.0558289 -0.0211662 -0.00163032
internal_weight=0 50.3054 134.018 110.408
internal_count=6499 2360 4139 3411
is_linear=0
shrinkage=0.1


Tree=39
num_leaves= 5
num_cat= 0
full_tree_array_lgbids= 0 1 -2 2 3 -2147483648 -2147483648 -1 -4 -3 -5 -2147483648 -2147483648 -2147483648 -2147483648
split_feature= 4 10 17 8
split_gain= 14.1678 22.1074 39.3769 15.0465
threshold= 5.5000000000000009 1.5000000000000002 1.5000000000000002 1.0000000180025095e-35
decision_type= 2 2 2 2
left_child=1 2 -1 -3
right_child=-2 3 -4 -5
leaf_value= -0.0054138445704533592 0.10234109984238374 0.10148947161437177 0.19047293719821579 -0.085570056615169698
leaf_weight=86.482334940694273 17.129230293445289 6.686559695750474 13.6135176718235 53.605744505301118
leaf_count=3363 1123 474 96 1443
model_size=480
internal_value=0 -0.0111207 0.0212277 -0.0648247
internal_weight=0 160.388 100.096 60.2923
internal_count=6499 5376 3459 1917
is_linear=0
shrinkage=0.1


Tree=40
num_leaves= 5
num_cat= 0
full_tree_array_lgbids= 0 1 2 -1 -3 -2 3 -2147483648 -2147483648 -2147483648 -2147483648 -2147483648 -2147483648 -4 -5
split_feature= 11 6 14 19
split_gain= 14.6936 39.4278 15.411 22.2189
threshold= 1.5000000000000002 1.0000000180025095e-35 5.5000000000000009 4.5000000000000009
decision_type= 2 2 2 2
left_child=1 -1 -2 -4
right_child=2 -3 3 -5
leaf_value= 0.11779546650032034 -0.11218246795000285 -0.11082929504086214 -0.041370734345991145 0.064691981897112671
leaf_weight=33.045585752464831 21.076428441330791 11.710222613066433 67.934060923755169 39.249428116716444
leaf_count=1914 728 446 2404 1007
model_size=480
internal_value=0 0.0579765 -0.0205502 -0.00253172
internal_weight=0 44.7558 128.26 107.183
internal_count=6499 2360 4139 3411
is_linear=0
shrinkage=0.1


Tree=41
num_leaves= 5
num_cat= 0
full_tree_array_lgbids= 0 1 2 -1 -3 3 -4 -2147483648 -2147483648 -2147483648 -2147483648 -2 -5 -2147483648 -2147483648
split_feature= 11 6 20 10
split_gain= 12.199 34.6685 14.3533 19.7898
threshold= 1.5000000000000002 1.0000000180025095e-35 4.5000000000000009 1.0000000180025095e-35
decision_type= 2 2 2 2
left_child=1 -1 3 -2
right_child=2 -3 -4 -5
leaf_value= 0.11647924019266057 0.053176765903840344 -0.10990439369398518 -0.10975262883318092 -0.045694200312324254
leaf_weight=30.221685633063316 47.419857081957161 10.680483292788265 20.442705498076975 58.321792108938098
leaf_count=1914 1130 446 850 2159
model_size=480
internal_value=0 0.0573653 -0.0189166 -0.0013555
internal_weight=0 40.9022 126.184 105.742
internal_count=6499 2360 4139 3289
is_linear=0
shrinkage=0.1


Tree=42
num_leaves= 5
num_cat= 0
full_tree_array_lgbids= 0 1 -2 2 3 -2147483648 -2147483648 -1 -4 -3 -5 -2147483648 -2147483648 -2147483648 -2147483648
split_feature= 4 10 9 8
split_gain= 11.7399 16.0203 32.8469 10.7972
threshold= 5.5000000000000009 1.5000000000000002 1.0000000180025095e-35 1.0000000180025095e-35
decision_type= 2 2 2 2
left_child=1 2 -1 -3
right_child=-2 3 -4 -5
leaf_value= 0.06337837618946518 0.10235695830327129 0.10126322715048247 -0.071452713716104316 -0.082989345262484096
leaf_weight=62.571206861175597 15.088907686527817 5.4676751047372809 32.181564337573946 45.845024669542909
leaf_count=1774 1123 474 1685 1443
model_size=480
internal_value=0 -0.0108497 0.0175847 -0.0633561
internal_weight=0 146.065 94.7528 51.3127
internal_count=6499 5376 3459 1917
is_linear=0
shrinkage=0.1


Tree=43
num_leaves= 4
num_cat= 0
full_tree_array_lgbids= 0 -1 1 -2147483648 -2147483648 -2 2 -2147483648 -2147483648 -2147483648 -2147483648 -2147483648 -2147483648 -3 -4
split_feature= 4 4 19
split_gain= 10.4404 27.3607 24.018
threshold= 1.0000000180025095e-35 2.5000000000000004 4.5000000000000009
decision_type= 2 2 2
left_child=-1 -2 -3
right_child=1 2 -4
leaf_value= -0.10605932831890481 0.10432584815995097 -0.075519696951550086 0.028739363401836374
leaf_weight=13.269640773534773 29.326083352789283 47.294001147150993 65.30075527029112
leaf_count=320 1885 2722 1572
model_size=368
internal_value=0 0.00961481 -0.0150533
internal_weight=0 141.921 112.595
internal_count=6499 6179 4294
is_linear=0
shrinkage=0.1


Tree=44
num_leaves= 5
num_cat= 0
full_tree_array_lgbids= 0 1 -2 2 3 -2147483648 -2147483648 -1 -4 -3 -5 -2147483648 -2147483648 -2147483648 -2147483648
split_feature= 4 10 9 7
split_gain= 10.4098 13.1056 24.5655 9.74943
threshold= 5.5000000000000009 1.5000000000000002 1.0000000180025095e-35 1.0000000180025095e-35
decision_type= 2 2 2 2
left_child=1 2 -1 -3
right_child=-2 3 -4 -5
leaf_value= 0.05676278337149783 0.10233091317785165 -0.10431151437070746 -0.068242407271666986 0.016762764508073784
leaf_weight=60.020729458425194 13.964892449788747 30.55424269195646 28.742331202141941 16.255840566009283
leaf_count=1774 1123 1311 1685 606
model_size=480
internal_value=0 -0.0108367 0.0162849 -0.0622658
internal_weight=0 135.573 88.7631 46.8101
internal_count=6499 5376 3459 1917
is_linear=0
shrinkage=0.1


Tree=45
num_leaves= 4
num_cat= 0
full_tree_array_lgbids= 0 -1 1 -2147483648 -2147483648 -2 2 -2147483648 -2147483648 -2147483648 -2147483648 -2147483648 -2147483648 -3 -4
split_feature= 4 4 19
split_gain= 8.75724 23.1502 19.3662
threshold= 1.0000000180025095e-35 2.5000000000000004 4.5000000000000009
decision_type= 2 2 2
left_child=-1 -2 -3
right_child=1 2 -4
leaf_value= -0.10531588427146327 0.10388992879109998 -0.073181358550046857 0.026063554489954972
leaf_weight=12.112918753176926 25.998466528952122 42.771104351617396 63.551231447607279
leaf_count=320 1885 2722 1572
model_size=368
internal_value=0 0.0092752 -0.0138605
internal_weight=0 132.321 106.322
internal_count=6499 6179 4294
is_linear=0
shrinkage=0.1


Tree=46
num_leaves= 5
num_cat= 0
full_tree_array_lgbids= 0 1 -2 2 3 -2147483648 -2147483648 -1 -4 -3 -5 -2147483648 -2147483648 -2147483648 -2147483648
split_feature= 4 10 9 21
split_gain= 9.22414 10.5914 18.1169 8.42251
threshold= 5.5000000000000009 1.5000000000000002 1.0000000180025095e-35 1.0000000180025095e-35
decision_type= 2 2 2 2
left_child=1 2 -1 -3
right_child=-2 3 -4 -5
leaf_value= 0.050714997986281034 0.10230525214714113 0.057662537922333869 -0.065143421825217096 -0.089078685677368832
leaf_weight=57.805648051667958 12.959029566030948 8.1723330682143551 25.791290374472737 34.72214015154168
leaf_count=1774 1123 220 1685 1697
model_size=480
internal_value=0 -0.010833 0.0149704 -0.0611213
internal_weight=0 126.491 83.5969 42.8945
internal_count=6499 5376 3459 1917
is_linear=0
shrinkage=0.1


Tree=47
num_leaves= 4
num_cat= 0
full_tree_array_lgbids= 0 1 -2 -1 2 -2147483648 -2147483648 -2147483648 -2147483648 -3 -4 -2147483648 -2147483648 -2147483648 -2147483648
split_feature= 4 13 10
split_gain= 7.67113 8.31035 11.5479
threshold= 5.5000000000000009 1.5000000000000002 1.0000000180025095e-35
decision_type= 2 2 2
left_child=1 -1 -3
right_child=-2 2 -4
leaf_value= 0.12175605690743814 0.10208500269601753 0.017497780930607592 -0.060174728193047346
leaf_weight=7.630460104905068 11.749825695529578 61.644403074402362 54.081865448504686
leaf_count=377 1123 2661 2338
model_size=368
internal_value=0 -0.0101062 -0.0188006
internal_weight=0 123.357 115.726
internal_count=6499 5376 4999
is_linear=0
shrinkage=0.1


Tree=48
num_leaves= 4
num_cat= 0
full_tree_array_lgbids= 0 -1 1 -2147483648 -2147483648 -2 2 -2147483648 -2147483648 -2147483648 -2147483648 -2147483648 -2147483648 -3 -4
split_feature= 4 4 19
split_gain= 6.77111 19.7209 15.3198
threshold= 1.0000000180025095e-35 2.5000000000000004 4.5000000000000009
decision_type= 2 2 2
left_child=-1 -2 -3
right_child=1 2 -4
leaf_value= -0.10465340044295163 0.10346526012580798 -0.072586234694977519 0.023095056862708806
leaf_weight=10.643982261419294 23.114652939606458 37.395461150910705 60.515857412014157
leaf_count=320 1885 2722 1572
model_size=368
internal_value=0 0.00888061 -0.0134487
internal_weight=0 121.026 97.9113
internal_count=6499 6179 4294
is_linear=0
shrinkage=0.1


Tree=49
num_leaves= 7
num_cat= 0
full_tree_array_lgbids= 0 1 3 -1 2 4 5 -2147483648 -2147483648 -3 -4 -2 -6 -5 -7
split_feature= 6 11 20 20 7 4
split_gain= 7.3428 18.5752 13.2341 11.4665 6.36669 1.9039
threshold= 1.0000000180025095e-35 1.5000000000000002 4.5000000000000009 1.5000000000000002 1.0000000180025095e-35 2.5000000000000004
decision_type= 2 2 2 2 2 2
left_child=1 -1 -3 4 -2 -5
right_child=3 2 -4 5 -6 -7
leaf_value= 0.11510002403618569 -0.10061339449326122 0.016252710353538723 -0.11187563426574487 0.014823483706187869 0.21964734411775774 -0.11822489642748701
leaf_weight=20.440239574294537 1.820662854239347 61.070955687202513 14.355429560877381 5.5657072104513672 3.4442315548658371 20.56080381013453
leaf_count=1914 307 2687 850 114 14 613
model_size=704
internal_value=0 0.0181421 -0.00813315 -0.0565429 0.108897 -0.0898817
internal_weight=0 95.8666 75.4264 31.3914 5.26489 26.1265
internal_count=6499 5451 3537 1048 321 727
is_linear=0
shrinkage=0.1


Tree=50
num_leaves= 5
num_cat= 0
full_tree_array_lgbids= 0 1 -2 2 3 -2147483648 -2147483648 -1 -4 -3 -5 -2147483648 -2147483648 -2147483648 -2147483648
split_feature= 4 10 17 7
split_gain= 6.26159 5.60728 15.9447 7.48604
threshold= 5.5000000000000009 1.5000000000000002 1.5000000000000002 1.0000000180025095e-35
decision_type= 2 2 2 2
left_child=1 2 -1 -3
right_child=-2 3 -4 -5
leaf_value= -0.015753524341637199 0.10205401196808916 -0.10350816124990024 0.1153005495073901 0.021351342896013092
leaf_weight=59.554740599356592 10.569375487510113 22.573188664857298 16.138086963444948 13.796186635270713
leaf_count=3363 1123 1311 96 606
model_size=480
internal_value=0 -0.00998917 0.0121879 -0.0561445
internal_weight=0 112.062 75.6928 36.3694
internal_count=6499 5376 3459 1917
is_linear=0
shrinkage=0.1


Tree=51
num_leaves= 4
num_cat= 0
full_tree_array_lgbids= 0 -1 1 -2147483648 -2147483648 -2 2 -2147483648 -2147483648 -2147483648 -2147483648 -2147483648 -2147483648 -3 -4
split_feature= 4 4 0
split_gain= 5.26114 16.0572 12.0087
threshold= 1.0000000180025095e-35 2.5000000000000004 1.5000000000000002
decision_type= 2 2 2
left_child=-1 -2 -3
right_child=1 2 -4
leaf_value= -0.10422217853314353 0.103212236012932 0.093813326593862628 -0.031039320915182925
leaf_weight=9.5079663414508087 20.035386987030506 13.481635171920059 76.930889601120725
leaf_count=320 1885 261 4033
model_size=368
internal_value=0 0.008554 -0.0124222
internal_weight=0 110.448 90.4125
internal_count=6499 6179 4294
is_linear=0
shrinkage=0.1


Tree=52
num_leaves= 4
num_cat= 0
full_tree_array_lgbids= 0 1 -2 -1 2 -2147483648 -2147483648 -2147483648 -2147483648 -3 -4 -2147483648 -2147483648 -2147483648 -2147483648
split_feature= 4 14 10
split_gain= 5.39316 5.14195 6.26868
threshold= 5.5000000000000009 1.5000000000000002 1.0000000180025095e-35
decision_type= 2 2 2
left_child=1 -1 -3
right_child=-2 2 -4
leaf_value= 0.1188602720098943 0.10191542382255983 0.013424611716334231 -0.056466398938134377
leaf_weight=6.2709220163524142 9.871841421350835 55.680592012125999 44.965603234712034
leaf_count=378 1123 2660 2338
model_size=368
internal_value=0 -0.00978507 -0.0178005
internal_weight=0 106.917 100.646
internal_count=6499 5376 4998
is_linear=0
shrinkage=0.1


Tree=53
num_leaves= 6
num_cat= 0
full_tree_array_lgbids= 0 1 4 2 3 -2 -6 -1 -4 -3 -5 -2147483648 -2147483648 -2147483648 -2147483648
split_feature= 20 6 19 20 11
split_gain= 5.18891 9.43605 16.0226 10.1563 3.02148
threshold= 4.5000000000000009 1.0000000180025095e-35 4.5000000000000009 1.5000000000000002 1.5000000000000002
decision_type= 2 2 2 2 2
left_child=1 2 -1 -3 -2
right_child=4 3 -4 -5 -6
leaf_value= -0.01955328604353454 0.10046588385032501 0.11340500795090594 0.091123789025112201 -0.087387352083308056 -0.11240973410557678
leaf_weight=35.482427701354027 2.3218924005050203 4.8370231627486673 36.07933132420294 22.466989866923541 12.854406679049132
leaf_count=2354 524 321 1723 727 850
model_size=592
internal_value=0 0.0119263 0.0362468 -0.0518161 -0.0798409
internal_weight=0 98.8658 71.5618 27.304 15.1763
internal_count=6499 5125 4077 1048 1374
is_linear=0
shrinkage=0.1


Tree=54
num_leaves= 4
num_cat= 0
full_tree_array_lgbids= 0 1 -2 2 -3 -2147483648 -2147483648 -1 -4 -2147483648 -2147483648 -2147483648 -2147483648 -2147483648 -2147483648
split_feature= 4 14 10
split_gain= 3.96 3.46888 6.26279
threshold= 5.5000000000000009 7.5000000000000009 1.0000000180025095e-35
decision_type= 2 2 2
left_child=1 2 -1
right_child=-2 -3 -4
leaf_value= 0.016128888254938762 0.10180945478664188 0.15150837607138393 -0.054467809257683235
leaf_weight=55.921556430170313 8.7115092561580223 3.5127382427453986 43.327758099883795
leaf_count=3007 1123 17 2352
model_size=368
internal_value=0 -0.00900922 -0.0146904
internal_weight=0 102.762 99.2493
internal_count=6499 5376 5359
is_linear=0
shrinkage=0.1


Tree=55
num_leaves= 5
num_cat= 0
full_tree_array_lgbids= 0 1 3 2 -3 -2 -5 -1 -4 -2147483648 -2147483648 -2147483648 -2147483648 -2147483648 -2147483648
split_feature= 20 12 19 11
split_gain= 4.01623 7.18285 11.2556 1.97877
threshold= 4.5000000000000009 2.5000000000000004 5.5000000000000009 1.5000000000000002
decision_type= 2 2 2 2
left_child=1 2 -1 -2
right_child=3 -3 -4 -5
leaf_value= 0.034635750730459082 0.10041462380143062 0.11395822508357439 -0.057277432638591134 -0.11144615943854018
leaf_weight=50.729318998754025 2.0684687006287268 10.965806435793636 33.90248672128655 11.713490553665904
leaf_count=3075 524 131 1919 850
model_size=480
internal_value=0 0.0111388 -0.00218357 -0.079649
internal_weight=0 95.5976 84.6318 13.782
internal_count=6499 5125 4994 1374
is_linear=0
shrinkage=0.1


Tree=56
num_leaves= 4
num_cat= 0
full_tree_array_lgbids= 0 -1 1 -2147483648 -2147483648 -2 2 -2147483648 -2147483648 -2147483648 -2147483648 -2147483648 -2147483648 -3 -4
split_feature= 4 4 19
split_gain= 3.14847 13.2528 10.4448
threshold= 1.0000000180025095e-35 2.5000000000000004 4.5000000000000009
decision_type= 2 2 2
left_child=-1 -2 -3
right_child=1 2 -4
leaf_value= -0.10352890360308667 0.10289560006564245 -0.071682462284007806 0.021339489524679359
leaf_weight=7.8894200045615426 17.499528676038608 29.704011905007064 52.088176559656858
leaf_count=320 1885 2722 1572
model_size=368
internal_value=0 0.00788488 -0.0124428
internal_weight=0 99.2917 81.7922
internal_count=6499 6179 4294
is_linear=0
shrinkage=0.1


Tree=57
num_leaves= 4
num_cat= 0
full_tree_array_lgbids= 0 1 -2 -1 2 -2147483648 -2147483648 -2147483648 -2147483648 -3 -4 -2147483648 -2147483648 -2147483648 -2147483648
split_feature= 4 13 10
split_gain= 3.30599 2.25678 3.98686
threshold= 5.5000000000000009 1.5000000000000002 1.0000000180025095e-35
decision_type= 2 2 2
left_child=1 -1 -3
right_child=-2 2 -4
leaf_value= 0.1143566191618431 0.10169794707463858 0.01284819198856979 -0.054001377697795838
leaf_weight=5.0923670621123156 8.1797038055956346 51.487920554354787 39.010989364003763
leaf_count=377 1123 2661 2338
model_size=368
internal_value=0 -0.00902566 -0.0159684
internal_weight=0 95.5913 90.4989
internal_count=6499 5376 4999
is_linear=0
shrinkage=0.1


Tree=58
num_leaves= 6
num_cat= 0
full_tree_array_lgbids= 0 1 4 2 3 -2 -6 -1 -4 -3 -5 -2147483648 -2147483648 -2147483648 -2147483648
split_feature= 20 6 19 20 11
split_gain= 3.07328 6.37455 11.8222 7.31232 0.320171
threshold= 4.5000000000000009 1.0000000180025095e-35 4.5000000000000009 1.5000000000000002 1.5000000000000002
decision_type= 2 2 2 2 2
left_child=1 2 -1 -3 -2
right_child=4 3 -4 -5 -6
leaf_value= -0.020890451899283735 0.10032794815946143 0.10141145303295299 0.083640436295384535 -0.085410259872603408 -0.11103678645281617
leaf_weight=31.323093930725008 1.6231049651978526 4.6932599600404528 33.79174534464255 19.87786428607069 10.246039973571895
leaf_count=2354 524 321 1723 727 850
model_size=592
internal_value=0 0.0105945 0.0333565 -0.049726 -0.0821327
internal_weight=0 89.686 65.1148 24.5711 11.8691
internal_count=6499 5125 4077 1048 1374
is_linear=0
shrinkage=0.1


Tree=59
num_leaves= 5
num_cat= 0
full_tree_array_lgbids= 0 1 -2 2 3 -2147483648 -2147483648 -1 -4 -3 -5 -2147483648 -2147483648 -2147483648 -2147483648
split_feature= 4 0 10 4
split_gain= 2.18868 1.95068 13.6943 10.2381
threshold= 5.5000000000000009 1.5000000000000002 1.0000000180025095e-35 2.5000000000000004
decision_type= 2 2 2 2
left_child=1 2 -1 -3
right_child=-2 3 -4 -5
leaf_value= 0.18383874637330866 0.10160554150085466 0.0553460739603302 -0.049503545555254505 -0.048309918991107287
leaf_weight=6.767734616994856 7.2652010582387438 20.459179533529095 7.7282090233638883 57.173218885436654
leaf_count=36 1123 2110 320 2910
model_size=480
internal_value=0 -0.00833728 0.0594372 -0.0209925
internal_weight=0 92.1283 14.4959 77.6324
internal_count=6499 5376 356 5020
is_linear=0
shrinkage=0.1


Tree=60
num_leaves= 4
num_cat= 0
full_tree_array_lgbids= 0 1 -2 2 -3 -2147483648 -2147483648 -1 -4 -2147483648 -2147483648 -2147483648 -2147483648 -2147483648 -2147483648
split_feature= 20 12 19
split_gain= 1.92062 4.98378 9.52295
threshold= 4.5000000000000009 2.5000000000000004 5.5000000000000009
decision_type= 2 2 2
left_child=1 2 -1
right_child=-2 -3 -4
leaf_value= 0.03365028912556027 -0.082239503988680976 0.10901303032409443 -0.058445256608094825
leaf_weight=45.719384849304333 10.458891095360739 9.8276643231511098 30.391135921003297
leaf_count=3075 1374 131 1919
model_size=368
internal_value=0 0.00969995 -0.00312371
internal_weight=0 85.9382 76.1105
internal_count=6499 5125 4994
is_linear=0
shrinkage=0.1


Tree=61
num_leaves= 4
num_cat= 0
full_tree_array_lgbids= 0 -1 1 -2147483648 -2147483648 -2 2 -2147483648 -2147483648 -2147483648 -2147483648 -2147483648 -2147483648 -3 -4
split_feature= 4 4 19
split_gain= 1.97202 10.1129 7.57004
threshold= 1.0000000180025095e-35 2.5000000000000004 4.5000000000000009
decision_type= 2 2 2
left_child=-1 -2 -3
right_child=1 2 -4
leaf_value= -0.10309732644735688 0.10249675265588172 -0.070573877981292193 0.019888340751240838
leaf_weight=6.9596165996044865 14.913506214739753 25.31388621032238 47.755055588902906
leaf_count=320 1885 2722 1572
model_size=368
internal_value=0 0.00786356 -0.0114512
internal_weight=0 87.9824 73.0689
internal_count=6499 6179 4294
is_linear=0
shrinkage=0.1


Tree=62
num_leaves= 5
num_cat= 0
full_tree_array_lgbids= 0 1 -2 3 2 -2147483648 -2147483648 -1 -5 -3 -4 -2147483648 -2147483648 -2147483648 -2147483648
split_feature= 4 19 19 4
split_gain= 1.66031 1.08614 40.2796 10.4291
threshold= 5.5000000000000009 4.5000000000000009 5.5000000000000009 2.5000000000000004
decision_type= 2 2 2 2
left_child=1 3 -3 -1
right_child=-2 2 -4 -5
leaf_value= 0.032910990122223018 0.10150558112627098 0.20490930168774099 -0.033675839453675846 -0.10265769944545532
leaf_weight=16.157764961593784 6.8277376664336762 10.278392054140566 38.806960059795529 19.945143591146916
leaf_count=1714 1123 58 1081 2523
model_size=480
internal_value=0 -0.00841047 0.0162835 -0.0419843
internal_weight=0 85.1883 49.0854 36.1029
internal_count=6499 5376 1139 4237
is_linear=0
shrinkage=0.1


Tree=63
num_leaves= 4
num_cat= 0
full_tree_array_lgbids= 0 -1 1 -2147483648 -2147483648 -2 2 -2147483648 -2147483648 -2147483648 -2147483648 -2147483648 -2147483648 -3 -4
split_feature= 4 4 2
split_gain= 1.3427 8.14956 5.11953
threshold= 1.0000000180025095e-35 2.5000000000000004 4.5000000000000009
decision_type= 2 2 2
left_child=-1 -2 -3
right_child=1 2 -4
leaf_value= -0.10282681946663655 0.10218343010326857 -0.041796608431039294 0.04080691752523969
leaf_weight=6.4653134522959581 13.292002953239715 42.856275626225397 26.243069474585354
leaf_count=320 1885 3430 864
model_size=368
internal_value=0 0.00774201 -0.0104248
internal_weight=0 82.3913 69.0993
internal_count=6499 6179 4294
is_linear=0
shrinkage=0.1


Tree=64
num_leaves= 5
num_cat= 0
full_tree_array_lgbids= 0 1 -2 2 3 -2147483648 -2147483648 -1 -4 -3 -5 -2147483648 -2147483648 -2147483648 -2147483648
split_feature= 4 12 10 18
split_gain= 1.00064 0.967341 10.5672 6.64174
threshold= 5.5000000000000009 2.5000000000000004 1.0000000180025095e-35 3.5000000000000004
decision_type= 2 2 2 2
left_child=1 2 -1 -3
right_child=-2 3 -4 -5
leaf_value= 0.018365586638297789 0.10135064010700807 0.12479451566159994 -0.082646327930069735 -0.11445909071034431
leaf_weight=42.394106224179268 6.2841394296847275 8.6172803938388807 26.305837380699813 2.9682592167519024
leaf_count=2994 1123 61 2164 157
model_size=480
internal_value=0 -0.00821871 -0.0203128 0.0634968
internal_weight=0 80.2855 68.6999 11.5855
internal_count=6499 5376 5158 218
is_linear=0
shrinkage=0.1


Tree=65
num_leaves= 5
num_cat= 0
full_tree_array_lgbids= 0 1 -2 3 2 -2147483648 -2147483648 -1 -5 -3 -4 -2147483648 -2147483648 -2147483648 -2147483648
split_feature= 4 19 19 4
split_gain= 0.282936 0.132776 30.7233 7.98769
threshold= 5.5000000000000009 4.5000000000000009 5.5000000000000009 2.5000000000000004
decision_type= 2 2 2 2
left_child=1 3 -3 -1
right_child=-2 2 -4 -5
leaf_value= 0.032233862641695123 0.1012217097771959 0.18379389663197535 -0.031376303783061131 -0.10232862265240138
leaf_weight=14.014370874851013 5.6929986577015361 10.130557058379052 36.583271482028067 17.234726603375748
leaf_count=1714 1123 58 1081 2523
model_size=480
internal_value=0 -0.00766751 0.0152864 -0.041981
internal_weight=0 77.9629 46.7138 31.2491
internal_count=6499 5376 1139 4237
is_linear=0
shrinkage=0.1


Tree=66
num_leaves= 4
num_cat= 0
full_tree_array_lgbids= 0 -1 1 -2147483648 -2147483648 -2 2 -2147483648 -2147483648 -2147483648 -2147483648 -2147483648 -2147483648 -3 -4
split_feature= 4 4 0
split_gain= 0.357825 6.62427 2.89693
threshold= 1.0000000180025095e-35 2.5000000000000004 3.5000000000000004
decision_type= 2 2 2
left_child=-1 -2 -3
right_child=1 2 -4
leaf_value= -0.10255616804229428 0.10186482165015581 0.015417014019348033 -0.065059760448482856
leaf_weight=5.6675416594371191 11.925910616759209 42.923314822022803 20.261783925816417
leaf_count=320 1885 2425 1869
model_size=368
internal_value=0 0.00743371 -0.0103898
internal_weight=0 75.111 63.1851
internal_count=6499 6179 4294
is_linear=0
shrinkage=0.1


end of trees

feature_importances:
Column_4=105
Column_19=40
Column_10=30
Column_20=24
Column_8=21
Column_21=16
Column_11=13
Column_6=11
Column_7=10
Column_12=10
Column_9=8
Column_14=6
Column_17=4
Column_0=3
Column_13=3
Column_2=2
Column_1=1
Column_18=1

parameters:
[boosting: gbdt]
[objective: binary]
[metric: auc, binary_logloss, rmse, l1, l2, mape, huber]
[tree_learner: serial]
[device_type: cpu]
[data_sample_strategy: bagging]
[data: data/kr-vs-kp.libsvm.train]
[valid: data/kr-vs-kp.libsvm.test]
[num_iterations: 10000]
[learning_rate: 0.1]
[num_leaves: 255]
[num_threads: 1]
[seed: 42]
[deterministic: 0]
[force_col_wise: 0]
[force_row_wise: 0]
[histogram_pool_size: -1]
[max_depth: 3]
[min_data_in_leaf: 10]
[min_sum_hessian_in_leaf: 0.001]
[bagging_fraction: 1]
[pos_bagging_fraction: 1]
[neg_bagging_fraction: 1]
[bagging_freq: 0]
[bagging_seed: 400]
[feature_fraction: 1]
[feature_fraction_bynode: 1]
[feature_fraction_seed: 30056]
[extra_trees: 0]
[extra_seed: 12879]
[early_stopping_round: 0]
[early_stopping_min_delta: 0]
[first_metric_only: 0]
[max_delta_step: 0]
[lambda_l1: 0]
[lambda_l2: 0]
[linear_lambda: 0]
[min_gain_to_split: 0]
[drop_rate: 0.1]
[max_drop: 50]
[skip_drop: 0.5]
[xgboost_dart_mode: 0]
[uniform_drop: 0]
[drop_seed: 17869]
[top_rate: 0.2]
[other_rate: 0.1]
[min_data_per_group: 100]
[max_cat_threshold: 32]
[cat_l2: 10]
[cat_smooth: 10]
[max_cat_to_onehot: 4]
[top_k: 20]
[monotone_constraints: ]
[monotone_constraints_method: basic]
[monotone_penalty: 0]
[feature_contri: ]
[forcedsplits_filename: ]
[refit_decay_rate: 0.9]
[tinygbdt_penalty_feature: 0.25]
[tinygbdt_penalty_split: 0.00195312]
[tinygbdt_forestsize: 64000]
[tinygbdt_precision: 1]
[cegb_tradeoff: 1]
[cegb_penalty_split: 0]
[cegb_penalty_feature_lazy: ]
[cegb_penalty_feature_coupled: ]
[path_smooth: 0]
[interaction_constraints: ]
[verbosity: 1]
[saved_feature_importance_type: 0]
[use_quantized_grad: 0]
[num_grad_quant_bins: 4]
[quant_train_renew_leaf: 0]
[stochastic_rounding: 1]
[linear_tree: 0]
[max_bin: 255]
[max_bin_by_feature: ]
[min_data_in_bin: 3]
[bin_construct_sample_cnt: 200000]
[data_random_seed: 175]
[is_enable_sparse: 1]
[enable_bundle: 1]
[use_missing: 1]
[zero_as_missing: 0]
[feature_pre_filter: 1]
[pre_partition: 0]
[two_round: 0]
[header: 0]
[label_column: ]
[weight_column: ]
[group_column: ]
[ignore_column: ]
[categorical_feature: ]
[forcedbins_filename: ]
[precise_float_parser: 0]
[parser_config_file: ]
[objective_seed: 16083]
[num_class: 1]
[is_unbalance: 0]
[scale_pos_weight: 1]
[sigmoid: 1]
[boost_from_average: 1]
[reg_sqrt: 0]
[alpha: 0.9]
[fair_c: 1]
[poisson_max_delta_step: 0.7]
[tweedie_variance_power: 1.5]
[lambdarank_truncation_level: 30]
[lambdarank_norm: 1]
[label_gain: ]
[lambdarank_position_bias_regularization: 0]
[eval_at: ]
[multi_error_top_k: 1]
[auc_mu_weights: ]
[num_machines: 1]
[local_listen_port: 12400]
[time_out: 120]
[machine_list_filename: ]
[machines: ]
[gpu_platform_id: -1]
[gpu_device_id: -1]
[gpu_use_dp: 0]
[num_gpu: 1]

end of parameters
