tree
version=v4
num_class=1
num_tree_per_iteration=1
label_index=0
max_feature_idx=8
objective=regression
feature_names=Column_0 Column_1 Column_2 Column_3 Column_4 Column_5 Column_6 Column_7 Column_8
feature_infos=none [0.49990000000000001:15.0001] [1:52] [0.88888888888888884:141.90909090909091] [0.33333333333333331:25.63636363636364] [3:35682] [0.69230769230769229:1243.333333333333] [32.549999999999997:41.950000000000003] [-124.34999999999999:-114.31]
tree_sizes=895 918 921 921 915 922 922 855 920 861 863 858 920 796 933 797 925 796 786 730 799 723 870 730 727 729 729 734 658 731 495 657 651 380

Tree=0
num_leaves= 8
num_cat= 0
full_tree_array_lgbids= 0 1 2 5 3 4 6 -1 -7 -3 -5 -2 -6 -4 -8
split_feature= 1 1 1 6 6 3 1
split_gain= 6956.71 1654.08 1261.06 945.135 400.156 287.198 124.951
threshold= 5.0387000000000013 3.0679500000000002 6.8672000000000013 2.3489548886254448 2.671038674349933 4.3101408005062494 7.852450000000001
decision_type= 2 2 2 2 2 2 2
left_child=1 5 4 -3 -2 -1 -4
right_child=2 3 6 -5 -6 -7 -8
leaf_value= 2.0271553702362852 2.2124016810384575 2.1448965452081059 2.2437582437954506 2.0525059688733616 2.1260912310358373 1.9812300134534242 2.3227113326055062
leaf_weight=2599 911 1463 431 5268 1601 3630 609
leaf_count=2599 911 1463 431 5268 1601 3630 609
model_size=816
internal_value=2.07195 2.03789 2.19622 2.07259 2.15739 2.00039 2.28999
internal_weight=0 12960 3552 6731 2512 6229 1040
internal_count=16512 12960 3552 6731 2512 6229 1040
is_linear=0
shrinkage=1


Tree=1
num_leaves= 8
num_cat= 0
full_tree_array_lgbids= 0 1 3 4 2 5 6 -1 -6 -3 -4 -2 -7 -5 -8
split_feature= 1 1 6 1 6 2 2
split_gain= 5656.83 1814.51 887.349 551.968 313.758 200.436 11.7304
threshold= 5.6042500000000013 3.1913000000000005 2.4136952392348086 7.7055000000000016 2.1628386478062818 27.500000000000004 18.500000000000004
decision_type= 2 2 2 2 2 2 2
left_child=1 4 -3 5 -1 -2 -5
right_child=3 2 -4 6 -6 -7 -8
leaf_value= -0.0082740533818989534 0.08366184650830015 0.073703667606659334 -0.009300027036995534 0.18235227567940088 -0.071020922948427975 0.16009667489878079 0.23912470343303474
leaf_weight=1042 1104 1769 5483 207 5812 632 463
leaf_count=1042 1104 1769 5483 207 5812 632 463
model_size=816
internal_value=0 -0.0242454 0.0109473 0.142147 -0.0614816 0.111488 0.221585
internal_weight=0 14106 7252 2406 6854 1736 670
internal_count=16512 14106 7252 2406 6854 1736 670
is_linear=0
shrinkage=0.1


Tree=2
num_leaves= 8
num_cat= 0
full_tree_array_lgbids= 0 2 1 5 3 4 6 -1 -7 -4 -5 -2 -6 -3 -8
split_feature= 1 1 1 6 6 3 1
split_gain= 4679.42 1220.71 823.424 709.05 360.528 212.431 156.555
threshold= 4.5301500000000017 6.3350000000000009 2.6597500000000003 2.2634687595142249 2.735488224282792 3.8792159595040387 8.4454500000000028
decision_type= 2 2 2 2 2 2 2
left_child=2 4 5 -4 -2 -1 -3
right_child=1 6 3 -5 -6 -7 -8
leaf_value= -0.031434199577858646 0.09135010436317291 0.13749602040931769 0.054125912536775955 -0.028090511297110696 0.020804448647833221 -0.082837807867825727 0.2172294901010576
leaf_weight=1324 1343 1048 1361 5802 1959 3249 426
leaf_count=1324 1343 1048 1361 5802 1959 3249 426
model_size=816
internal_value=0 0.0837677 -0.0340895 -0.012469 0.049497 -0.0679552 0.16054
internal_weight=0 4776 11736 7163 3302 4573 1474
internal_count=16512 4776 11736 7163 3302 4573 1474
is_linear=0
shrinkage=0.1


Tree=3
num_leaves= 8
num_cat= 0
full_tree_array_lgbids= 0 1 2 4 3 5 6 -1 -6 -3 -5 -2 -7 -4 -8
split_feature= 1 1 1 6 6 6 2
split_gain= 3828.44 959.162 587.274 461.787 346.203 227.728 53.0606
threshold= 5.1326000000000009 3.5488500000000003 6.8672000000000013 2.4136952392348086 2.2352443515477258 2.5891438608419741 26.500000000000004
decision_type= 2 2 2 2 2 2 2
left_child=1 4 5 -3 -1 -2 -4
right_child=2 3 6 -5 -6 -7 -8
leaf_value= -0.00032717859172592273 0.1209627634686425 0.068317707879618536 0.1342409225415204 -0.00639358281591507 -0.055714748827192177 0.045392299710737806 0.19367872728995034
leaf_weight=1538 655 1174 572 3769 6732 1604 468
leaf_count=1538 655 1174 572 3769 6732 1604 468
model_size=816
internal_value=0 -0.0241783 0.0968376 0.0113509 -0.0454141 0.0673041 0.160988
internal_weight=0 13213 3299 4943 8270 2259 1040
internal_count=16512 13213 3299 4943 8270 2259 1040
is_linear=0
shrinkage=0.1


Tree=4
num_leaves= 8
num_cat= 0
full_tree_array_lgbids= 0 2 1 5 4 3 6 -1 -7 -4 -6 -2 -5 -3 -8
split_feature= 1 1 6 6 1 7 1
split_gain= 3125.5 1009.68 447.141 354.671 299.745 155.636 110.55
threshold= 4.125700000000001 6.2770500000000009 2.0376051459673437 2.735488224282792 2.4115000000000006 37.935000000000009 7.852450000000001
decision_type= 2 2 2 2 2 2 2
left_child=2 3 5 -2 -4 -1 -3
right_child=1 6 4 -5 -6 -7 -8
leaf_value= 0.046723925516650888 0.068050297178407743 0.10389827527151019 -0.067531376630762072 0.0079221475636292223 -0.027153371211985456 -0.060995450262528131 0.16779304719078914
leaf_weight=961 1893 927 3129 2571 6218 204 609
leaf_count=961 1893 927 3129 2571 6218 204 609
model_size=816
internal_value=0 0.0579478 -0.0330752 0.03342 -0.0406703 0.0278615 0.129232
internal_weight=0 6000 10512 4464 9347 1165 1536
internal_count=16512 6000 10512 4464 9347 1165 1536
is_linear=0
shrinkage=0.1


Tree=5
num_leaves= 8
num_cat= 0
full_tree_array_lgbids= 0 1 3 4 2 5 6 -1 -6 -3 -4 -2 -7 -5 -8
split_feature= 1 1 6 1 3 6 1
split_gain= 2577.77 734.889 495.863 315.333 164.341 142.192 2.70552
threshold= 5.2771000000000017 2.7820000000000005 2.2982753493904258 7.3930000000000016 3.8792159595040387 2.9432978723404259 8.7395500000000013
decision_type= 2 2 2 2 2 2 2
left_child=1 4 -3 5 -1 -2 -5
right_child=3 2 -4 6 -6 -7 -8
leaf_value= -0.017088251020950487 0.08918849631232631 0.051351511427174826 -0.012463528092660263 0.1204733240796758 -0.061943468674109083 0.030718887030665023 0.16777664620582372
leaf_weight=1413 1247 1636 6797 428 3683 943 365
leaf_count=1413 1247 1636 6797 428 3683 943 365
model_size=816
internal_value=0 -0.0186996 -8.34256e-05 0.0848096 -0.0495062 0.0640119 0.142246
internal_weight=0 13529 8433 2983 5096 2190 793
internal_count=16512 13529 8433 2983 5096 2190 793
is_linear=0
shrinkage=0.1


Tree=6
num_leaves= 8
num_cat= 0
full_tree_array_lgbids= 0 2 1 5 3 4 6 -1 -7 -4 -5 -2 -6 -3 -8
split_feature= 1 1 1 6 6 3 2
split_gain= 2134.51 503.644 391.897 373.461 173.033 124.834 77.8547
threshold= 4.5301500000000017 6.3963500000000009 2.5044000000000004 2.0653737590585881 2.5219735498882589 3.4845502266762112 26.500000000000004
decision_type= 2 2 2 2 2 2 2
left_child=2 4 5 -4 -2 -1 -3
right_child=1 6 3 -5 -6 -7 -8
leaf_value= -0.0042477867484233996 0.07866960336471257 0.083560118447945586 0.053497639492713425 -0.018075561737046775 0.020317901281742174 -0.060106526585978828 0.14253657404181178
leaf_weight=646 847 800 920 6970 2517 3200 612
leaf_count=646 847 800 920 6970 2517 3200 612
model_size=816
internal_value=0 0.0569208 -0.0231641 -0.00972989 0.0350099 -0.0507241 0.109122
internal_weight=0 4776 11736 7890 3364 3846 1412
internal_count=16512 4776 11736 7890 3364 3846 1412
is_linear=0
shrinkage=0.1


Tree=7
num_leaves= 7
num_cat= 0
full_tree_array_lgbids= 0 2 1 3 -4 4 5 -1 -5 -2147483648 -2147483648 -2 -6 -3 -7
split_feature= 1 1 7 8 6 2
split_gain= 1764.07 544.803 303.893 524.914 212.32 118.854
threshold= 4.0612500000000002 5.8308000000000009 37.925000000000004 -122.31499999999998 2.6829812717770039 26.500000000000004
decision_type= 2 2 2 2 2 2
left_child=2 4 3 -1 -2 -3
right_child=1 5 -4 -5 -6 -7
leaf_value= 0.10838538720591794 0.051811183091518311 0.0619402061765865 -0.061716288785017684 -0.02202612074400441 0.00087018854092307026 0.11857025996137943
leaf_weight=350 1615 1219 2144 7753 2556 875
leaf_count=350 1615 1219 2144 7753 2556 875
model_size=704
internal_value=0 0.042323 -0.0258762 -0.0163931 0.0205944 0.0856037
internal_weight=0 6265 10247 8103 4171 2094
internal_count=16512 6265 10247 8103 4171 2094
is_linear=0
shrinkage=0.1


Tree=8
num_leaves= 8
num_cat= 0
full_tree_array_lgbids= 0 2 1 4 5 3 6 -1 -6 -4 -7 -2 -5 -3 -8
split_feature= 1 1 6 2 7 7 2
split_gain= 1419.5 419.365 255.423 196.994 187.02 159.511 40.3759
threshold= 4.125700000000001 6.3350000000000009 2.2982753493904258 36.500000000000007 37.935000000000009 34.455000000000005 21.500000000000004
decision_type= 2 2 2 2 2 2 2
left_child=2 3 4 -2 -1 -4 -3
right_child=1 6 5 -5 -6 -7 -8
leaf_value= 0.027677169219891232 0.012195252455326041 0.059808731187561526 -0.015743577798094818 0.070813532204159368 -0.050212679848712138 -0.047198561054087311 0.10878518466581727
leaf_weight=1718 3650 619 4210 876 494 4090 855
leaf_count=1718 3650 619 4210 876 494 4090 855
model_size=816
internal_value=0 0.0394297 -0.0225055 0.0235407 0.0102822 -0.0312437 0.0882177
internal_weight=0 6000 10512 4526 2212 8300 1474
internal_count=16512 6000 10512 4526 2212 8300 1474
is_linear=0
shrinkage=0.1


Tree=9
num_leaves= 7
num_cat= 0
full_tree_array_lgbids= 0 1 4 3 2 5 -6 -1 -5 -3 -4 -2 -7 -2147483648 -2147483648
split_feature= 1 1 6 3 1 2
split_gain= 1159.16 424.515 278.222 137.726 92.8066 57.4191
threshold= 5.6042500000000013 3.3277500000000004 2.5357030921530415 4.5044954944033631 7.7055000000000016 26.500000000000004
decision_type= 2 2 2 2 2 2
left_child=1 3 -3 -1 5 -2
right_child=4 2 -4 -5 -6 -7
leaf_value= -0.011995530527089954 0.030807123625507218 0.040574548417619455 -0.0068976996281434185 -0.043583944966277294 0.10426468323054378 0.081210531299379926
leaf_weight=3549 1059 2113 4563 3881 670 677
leaf_count=3549 1059 2113 4563 3881 670 677
model_size=704
internal_value=0 -0.0111627 0.00812759 -0.0284955 0.0654454 0.0504633
internal_weight=0 14106 6676 7430 2406 1736
internal_count=16512 14106 6676 7430 2406 1736
is_linear=0
shrinkage=0.1


Tree=10
num_leaves= 7
num_cat= 0
full_tree_array_lgbids= 0 1 3 5 2 4 -5 -1 -7 -3 -4 -2 -6 -2147483648 -2147483648
split_feature= 1 1 6 1 2 3
split_gain= 956.397 258.044 239.56 178.362 125.018 54.8345
threshold= 4.6754000000000007 2.2336500000000004 2.4206262209680918 7.3930000000000016 21.500000000000004 3.5232617427316812
decision_type= 2 2 2 2 2 2
left_child=1 5 -3 4 -2 -1
right_child=3 2 -4 -5 -6 -7
leaf_value= -0.0050960416290155054 0.0037941093572490363 0.02238937679764148 -0.016943073929151783 0.089462924566075727 0.048599732341614438 -0.052990638473904617
leaf_weight=562 1460 2579 6708 793 2126 2284
leaf_count=562 1460 2579 6708 793 2126 2284
model_size=704
internal_value=0 -0.0148196 -0.00602045 0.0410611 0.0303576 -0.0435329
internal_weight=0 12133 9287 4379 3586 2846
internal_count=16512 12133 9287 4379 3586 2846
is_linear=0
shrinkage=0.1


Tree=11
num_leaves= 7
num_cat= 0
full_tree_array_lgbids= 0 3 1 4 -5 2 5 -1 -6 -2147483648 -2147483648 -2 -4 -3 -7
split_feature= 1 1 2 7 8 2
split_gain= 799.477 255.186 176.724 141.492 270.918 36.3481
threshold= 3.8346500000000003 5.8308000000000009 18.500000000000004 38.475000000000001 -122.38499999999998 26.500000000000004
decision_type= 2 2 2 2 2 2
left_child=3 2 -2 4 -1 -3
right_child=1 5 -4 -5 -6 -7
leaf_value= 0.073964531853121254 -0.019554125750618434 0.041064599079282005 0.026877531885454282 -0.054742510812734915 -0.018335547009414203 0.082207449403090049
leaf_weight=396 1511 1219 3453 1331 7727 875
leaf_count=396 1511 1219 3453 1331 7727 875
model_size=704
internal_value=0 0.026247 0.0127441 -0.019595 -0.0138359 0.0582566
internal_weight=0 7058 4964 9454 8123 2094
internal_count=16512 7058 4964 9454 8123 2094
is_linear=0
shrinkage=0.1


Tree=12
num_leaves= 8
num_cat= 0
full_tree_array_lgbids= 0 3 1 4 5 2 6 -1 -6 -5 -7 -2 -4 -3 -8
split_feature= 1 6 7 7 8 8 1
split_gain= 637.383 217.644 178.77 127.959 371.639 328.307 70.8132
threshold= 3.9004500000000006 2.9742256672023202 37.925000000000004 34.455000000000005 -118.30499999999999 -121.675 6.8672000000000013
decision_type= 2 2 2 2 2 2 2
left_child=3 2 -2 4 -1 -5 -3
right_child=1 6 -4 5 -6 -7 -8
leaf_value= 0.05440182754671237 0.049200615601310012 -0.0096803389143565594 -0.01886148891205211 0.0001653258005179192 -0.018681838237040227 -0.056174254516994863 0.051247931429791241
leaf_weight=998 3639 2253 575 2175 3831 2656 385
leaf_count=998 3639 2253 575 2175 3831 2656 385
model_size=816
internal_value=0 0.0242435 0.0399135 -0.0171963 -0.00357778 -0.0308092 -0.00078823
internal_weight=0 6852 4214 9660 4829 4831 2638
internal_count=16512 6852 4214 9660 4829 4831 2638
is_linear=0
shrinkage=0.1


Tree=13
num_leaves= 6
num_cat= 0
full_tree_array_lgbids= 0 1 3 2 -3 4 -5 -1 -4 -2147483648 -2147483648 -2 -6 -2147483648 -2147483648
split_feature= 1 7 8 1 6
split_gain= 534.513 227.618 489.227 47.2766 40.5527
threshold= 5.3736000000000006 37.915000000000006 -122.31499999999998 8.7395500000000013 2.5763869593405579
decision_type= 2 2 2 2 2
left_child=1 2 -1 4 -2
right_child=3 -3 -4 -5 -6
leaf_value= 0.094737381634200687 0.06670696867952472 -0.037561640853929705 -0.0065762764590611908 0.090566370523254058 0.022540119086164614
leaf_weight=556 655 2673 10490 365 1773
leaf_count=556 655 2673 10490 365 1773
model_size=592
internal_value=0 -0.00850743 -0.00147666 0.0417878 0.034455
internal_weight=0 13719 11046 2793 2428
internal_count=16512 13719 11046 2793 2428
is_linear=0
shrinkage=0.1


Tree=14
num_leaves= 8
num_cat= 0
full_tree_array_lgbids= 0 3 1 4 5 2 6 -1 -6 -5 -7 -2 -4 -3 -8
split_feature= 1 6 2 6 7 7 1
split_gain= 444.623 180.021 174.943 78.0286 64.0966 48.3263 37.4548
threshold= 3.6530500000000008 2.9742256672023202 20.500000000000004 2.4839226633581473 37.895000000000003 34.455000000000005 8.0125000000000011
decision_type= 2 2 2 2 2 2 2
left_child=3 2 -2 4 -1 -5 -3
right_child=1 6 -4 5 -6 -7 -8
leaf_value= 0.014698274336426346 -0.0011595378009550241 -0.0084287096892205777 0.04636127999121447 -0.012292160916146414 -0.030980948945166828 -0.038528796879848906 0.060387311851890349
leaf_weight=1977 1450 2767 3358 3124 793 2836 207
leaf_count=1977 1450 2767 3358 3124 793 2836 207
model_size=816
internal_value=0 0.0183986 0.0320299 -0.0164007 0.00162115 -0.0247766 -0.00363889
internal_weight=0 7782 4808 8730 2770 5960 2974
internal_count=16512 7782 4808 8730 2770 5960 2974
is_linear=0
shrinkage=0.1


Tree=15
num_leaves= 6
num_cat= 0
full_tree_array_lgbids= 0 1 4 2 3 -2 -6 -1 -4 -3 -5 -2147483648 -2147483648 -2147483648 -2147483648
split_feature= 1 8 7 7 6
split_gain= 372.986 208.408 305.873 22.663 14.54
threshold= 5.5682000000000009 -117.77499999999999 34.525000000000013 33.655000000000008 3.1424162072895592
decision_type= 2 2 2 2 2
left_child=1 2 -1 -3 -2
right_child=4 3 -4 -5 -6
leaf_value= 0.020197807120108886 0.048564354242288728 -0.020439502852781177 -0.01554490416844917 -0.056355902751685463 0.010501139738071869
leaf_weight=4896 1810 1349 6699 1100 658
leaf_count=4896 1810 1349 6699 1100 658
model_size=592
internal_value=0 -0.00675101 -0.00045251 -0.0365718 0.0384162
internal_weight=0 14044 11595 2449 2468
internal_count=16512 14044 11595 2449 2468
is_linear=0
shrinkage=0.1


Tree=16
num_leaves= 8
num_cat= 0
full_tree_array_lgbids= 0 4 1 6 5 2 3 -1 -8 -6 -7 -2 -4 -3 -5
split_feature= 1 6 2 1 1 3 3
split_gain= 304.951 148.606 139.159 129.212 62.1191 101.032 5.58525
threshold= 3.6530500000000008 2.0653737590585881 17.500000000000004 6.3963500000000009 2.2210000000000005 4.5689898008742116 3.3654435698213785
decision_type= 2 2 2 2 2 2 2
left_child=4 2 -2 -3 6 -6 -1
right_child=1 3 -4 -5 5 -7 -8
leaf_value= 0.003170447988798385 -0.017582931089017428 0.0034261614529853056 0.11206942919049075 0.044480125837450486 0.013932650913869353 -0.019315654518326213 -0.037596292762533699
leaf_weight=448 165 5863 396 1358 2383 3566 2333
leaf_count=448 165 5863 396 1358 2383 3566 2333
model_size=816
internal_value=0 0.0156733 0.0739364 0.0111469 -0.0139714 -0.00599733 -0.0310291
internal_weight=0 7782 561 7221 8730 5949 2781
internal_count=16512 7782 561 7221 8730 5949 2781
is_linear=0
shrinkage=0.1


Tree=17
num_leaves= 6
num_cat= 0
full_tree_array_lgbids= 0 1 3 2 -3 -2 4 -1 -4 -2147483648 -2147483648 -2147483648 -2147483648 -5 -6
split_feature= 1 6 7 2 6
split_gain= 242.813 144.968 155.563 39.3823 53.9209
threshold= 4.6754000000000007 2.8079590171801518 37.945000000000007 17.500000000000004 2.2634687595142249
decision_type= 2 2 2 2 2
left_child=1 2 -1 -2 -5
right_child=3 -3 -4 4 -6
leaf_value= 0.015888540435736703 -3.6750180509551614e-05 -0.021173645270066672 -0.026505960179360279 0.088303356940315533 0.02576524065256644
leaf_weight=4509 1337 6008 1616 321 2721
leaf_count=4509 1337 6008 1616 321 2721
model_size=592
internal_value=0 -0.0081104 0.00470331 0.0224717 0.0323644
internal_weight=0 12133 6125 4379 3042
internal_count=16512 12133 6125 4379 3042
is_linear=0
shrinkage=0.1


Tree=18
num_leaves= 6
num_cat= 0
full_tree_array_lgbids= 0 1 3 2 -3 4 -5 -1 -4 -2147483648 -2147483648 -2 -6 -2147483648 -2147483648
split_feature= 8 7 6 7 8
split_gain= 201.561 311.099 326.805 30.3606 54.8905
threshold= -117.75499999999998 37.925000000000004 3.102783329035586 33.695000000000007 -117.145
decision_type= 2 2 2 2 2
left_child=1 2 -1 4 -2
right_child=3 -3 -4 -5 -6
leaf_value= 0.028617926785790032 0.017277298950145552 -0.026215582687287277 -0.010409629112760303 -0.049517920155020018 -0.03603396332824866
leaf_weight=6819 709 2882 4034 1137 931
leaf_count=6819 709 2882 4034 1137 931
model_size=592
internal_value=0 0.00564979 0.0141116 -0.0279438 -0.0129866
internal_weight=0 13735 10853 2777 1640
internal_count=16512 13735 10853 2777 1640
is_linear=0
shrinkage=0.1


Tree=19
num_leaves= 5
num_cat= 0
full_tree_array_lgbids= 0 1 -2 2 3 -2147483648 -2147483648 -1 -4 -3 -5 -2147483648 -2147483648 -2147483648 -2147483648
split_feature= 1 8 7 7
split_gain= 180.746 133.642 184.246 139.885
threshold= 5.8308000000000009 -122.38499999999998 38.705000000000005 34.455000000000005
decision_type= 2 2 2 2
left_child=1 2 -1 -3
right_child=-2 3 -4 -5
leaf_value= 0.062465950590339991 0.031708978127870296 0.0027915169914876116 -0.039038135317128755 -0.021999350035667505
leaf_weight=853 2094 7436 329 5800
leaf_count=853 2094 7436 329 5800
model_size=480
internal_value=0 -0.00460526 0.0342131 -0.00807181
internal_weight=0 14418 1182 13236
internal_count=16512 14418 1182 13236
is_linear=0
shrinkage=0.1


Tree=20
num_leaves= 6
num_cat= 0
full_tree_array_lgbids= 0 1 3 2 -3 4 -5 -1 -4 -2147483648 -2147483648 -2 -6 -2147483648 -2147483648
split_feature= 8 7 6 7 8
split_gain= 158.735 216.572 248.461 9.60286 50.1534
threshold= -117.75499999999998 37.925000000000004 3.0298305221858191 33.565000000000005 -117.16499999999998
decision_type= 2 2 2 2 2
left_child=1 2 -1 4 -2
right_child=3 -3 -4 -5 -6
leaf_value= 0.02658785142332892 0.025765013342536114 -0.022404449413927441 -0.0077551780716889097 -0.042698008144134082 -0.031384685986845941
leaf_weight=6406 535 2882 4447 1298 944
leaf_count=6406 535 2882 4447 1298 944
model_size=592
internal_value=0 0.00518856 0.0125158 -0.0256625 -0.0107119
internal_weight=0 13735 10853 2777 1479
internal_count=16512 13735 10853 2777 1479
is_linear=0
shrinkage=0.1


Tree=21
num_leaves= 5
num_cat= 0
full_tree_array_lgbids= 0 -1 1 -2147483648 -2147483648 2 3 -2147483648 -2147483648 -2147483648 -2147483648 -2 -4 -3 -5
split_feature= 1 2 1 8
split_gain= 136.415 120.666 57.7254 28.4707
threshold= 2.7820000000000005 47.500000000000007 7.2638000000000007 -122.29499999999999
decision_type= 2 2 2 2
left_child=-1 2 -2 -3
right_child=1 3 -4 -5
leaf_value= -0.016417355478039127 0.00057862626109208236 0.093634599848030506 0.04193019269411348 0.027507836996900809
leaf_weight=5096 9731 314 757 614
leaf_count=5096 9731 314 757 614
model_size=480
internal_value=0 0.00732856 0.00356329 0.0498826
internal_weight=0 11416 10488 928
internal_count=16512 11416 10488 928
is_linear=0
shrinkage=0.1


Tree=22
num_leaves= 7
num_cat= 0
full_tree_array_lgbids= 0 4 1 5 -6 2 3 -1 -7 -2147483648 -2147483648 -2 -4 -3 -5
split_feature= 8 7 8 8 7 8
split_gain= 116.744 395.256 415.142 139.3 134.268 38.8519
threshold= -121.85499999999998 34.525000000000013 -118.30499999999999 -119.94499999999998 37.805000000000007 -122.25499999999998
decision_type= 2 2 2 2 2 2
left_child=4 2 -2 -3 5 -1
right_child=1 3 -4 -5 -6 -7
leaf_value= 0.069095090228122144 0.046784422340101883 -0.019647180832434556 -0.0068751979034748466 -0.069790906731576119 -0.0064532589293517673 0.023284612334738369
leaf_weight=736 2235 2723 6481 1145 1741 1451
leaf_count=736 2235 2723 6481 1145 1741 1451
model_size=704
internal_value=0 -0.00583319 0.00688447 -0.0344907 0.0186876 0.0387014
internal_weight=0 12584 8716 3868 3928 2187
internal_count=16512 12584 8716 3868 3928 2187
is_linear=0
shrinkage=0.1


Tree=23
num_leaves= 5
num_cat= 0
full_tree_array_lgbids= 0 1 -2 3 2 -2147483648 -2147483648 -1 -5 -3 -4 -2147483648 -2147483648 -2147483648 -2147483648
split_feature= 8 7 8 6
split_gain= 95.5307 140.472 421.59 148.51
threshold= -117.75499999999998 34.525000000000013 -121.56499999999998 3.1424162072895592
decision_type= 2 2 2 2
left_child=1 3 -3 -1
right_child=-2 2 -4 -5
leaf_value= 0.033710872904364024 -0.02190270689358749 0.014666511949774969 -0.036320480380211309 -0.0046695682995565868
leaf_weight=3596 2777 4535 3183 2421
leaf_count=3596 2777 4535 3183 2421
model_size=480
internal_value=0 0.00442838 -0.00636116 0.0182681
internal_weight=0 13735 7718 6017
internal_count=16512 13735 7718 6017
is_linear=0
shrinkage=0.1


Tree=24
num_leaves= 5
num_cat= 0
full_tree_array_lgbids= 0 1 3 2 -3 -2 -5 -1 -4 -2147483648 -2147483648 -2147483648 -2147483648 -2147483648 -2147483648
split_feature= 6 7 8 3
split_gain= 69.1269 74.1688 105.502 10.5557
threshold= 2.8876678809691012 37.945000000000007 -117.85499999999998 7.5573198511601065
decision_type= 2 2 2 2
left_child=1 2 -1 -2
right_child=3 -3 -4 -5
leaf_value= 0.023188584651432947 -0.012361425045712826 -0.015181330764057439 -0.014386526132632433 0.031048895849598242
leaf_weight=5465 7078 1985 1556 428
leaf_count=5465 7078 1985 1556 428
model_size=480
internal_value=0 0.00823953 0.0148612 -0.00988612
internal_weight=0 9006 7021 7506
internal_count=16512 9006 7021 7506
is_linear=0
shrinkage=0.1


Tree=25
num_leaves= 5
num_cat= 0
full_tree_array_lgbids= 0 -1 1 -2147483648 -2147483648 3 2 -2147483648 -2147483648 -2147483648 -2147483648 -2 -5 -3 -4
split_feature= 1 8 7 7
split_gain= 59.2466 61.4912 71.2602 45.5254
threshold= 2.2210000000000005 -122.35499999999998 37.595000000000006 38.415000000000006
decision_type= 2 2 2 2
left_child=-1 3 -3 -2
right_child=1 2 -4 -5
leaf_value= -0.019381300990605449 0.055863849704811376 0.0064859576935215107 -0.019005677131307751 -0.013597372230984129
leaf_weight=2781 813 9895 2698 325
leaf_count=2781 813 9895 2698 325
model_size=480
internal_value=0 0.00392538 0.00102448 0.0360265
internal_weight=0 13731 12593 1138
internal_count=16512 13731 12593 1138
is_linear=0
shrinkage=0.1


Tree=26
num_leaves= 5
num_cat= 0
full_tree_array_lgbids= 0 1 -2 2 3 -2147483648 -2147483648 -1 -4 -3 -5 -2147483648 -2147483648 -2147483648 -2147483648
split_feature= 1 6 2 8
split_gain= 49.81 54.3752 74.8863 13.9325
threshold= 5.6851000000000012 2.0376051459673437 26.500000000000004 -121.63499999999998
decision_type= 2 2 2 2
left_child=1 2 -1 -3
right_child=-2 3 -4 -5
leaf_value= -0.0079412334000923939 0.021047556384404295 0.0075467686044635336 0.055427725866340621 -0.010991635511288686
leaf_weight=694 2280 3138 725 9675
leaf_count=694 2280 3138 725 9675
model_size=480
internal_value=0 -0.00337187 0.0244354 -0.00645144
internal_weight=0 14232 1419 12813
internal_count=16512 14232 1419 12813
is_linear=0
shrinkage=0.1


Tree=27
num_leaves= 5
num_cat= 0
full_tree_array_lgbids= 0 1 -2 3 2 -2147483648 -2147483648 -1 -5 -3 -4 -2147483648 -2147483648 -2147483648 -2147483648
split_feature= 8 7 8 8
split_gain= 43.0845 94.6256 271.964 100.516
threshold= -117.77499999999999 34.525000000000013 -119.94499999999998 -118.35499999999998
decision_type= 2 2 2 2
left_child=1 3 -3 -1
right_child=-2 2 -4 -5
leaf_value= 0.042739595281949989 -0.018031896948989469 0.0025505797177842694 -0.058326503010772773 0.0055044111016584662
leaf_weight=1705 2836 6651 1065 4255
leaf_count=1705 2836 6651 1065 4255
model_size=480
internal_value=0 0.00373928 -0.00585197 0.0161564
internal_weight=0 13676 7716 5960
internal_count=16512 13676 7716 5960
is_linear=0
shrinkage=0.1


Tree=28
num_leaves= 4
num_cat= 0
full_tree_array_lgbids= 0 1 -2 2 -3 -2147483648 -2147483648 -1 -4 -2147483648 -2147483648 -2147483648 -2147483648 -2147483648 -2147483648
split_feature= 6 7 8
split_gain= 31.3722 41.0074 55.1926
threshold= 3.1424162072895592 37.945000000000007 -122.33499999999999
decision_type= 2 2 2
left_child=1 2 -1
right_child=-2 -3 -4
leaf_value= 0.055548632796853785 -0.011575687060212413 -0.013792512323237841 0.0072727033970819742
leaf_weight=569 5153 2394 8396
leaf_count=569 5153 2394 8396
model_size=368
internal_value=0 0.0052513 0.0103367
internal_weight=0 11359 8965
internal_count=16512 11359 8965
is_linear=0
shrinkage=0.1


Tree=29
num_leaves= 5
num_cat= 0
full_tree_array_lgbids= 0 1 -2 3 2 -2147483648 -2147483648 -1 -5 -3 -4 -2147483648 -2147483648 -2147483648 -2147483648
split_feature= 8 7 8 8
split_gain= 22.9212 52.014 221.761 81.016
threshold= -117.50499999999998 34.525000000000013 -121.56499999999998 -118.30499999999999
decision_type= 2 2 2 2
left_child=1 3 -3 -1
right_child=-2 2 -4 -5
leaf_value= 0.034116898043569092 -0.018752186285082604 0.010826249457239395 -0.028577265522751638 0.0020573367569710001
leaf_weight=2235 2270 4535 3204 4268
leaf_count=2235 2270 4535 3204 4268
model_size=480
internal_value=0 0.00298887 -0.00548708 0.0130758
internal_weight=0 14242 7739 6503
internal_count=16512 14242 7739 6503
is_linear=0
shrinkage=0.1


Tree=30
num_leaves= 3
num_cat= 0
full_tree_array_lgbids= 0 1 -2 -1 -3 -2147483648 -2147483648
split_feature= 2 1
split_gain= 11.5197 10.1326
threshold= 51.500000000000007 8.7395500000000013
decision_type= 2 2
left_child=1 -1
right_child=-2 -3
leaf_value= -0.0028544980805499925 0.027403238589601378 0.048025400309718025
leaf_weight=15171 1023 318
leaf_count=15171 1023 318
model_size=256
internal_value=0 -0.0018099
internal_weight=0 15489
internal_count=16512 15489
is_linear=0
shrinkage=0.1


Tree=31
num_leaves= 4
num_cat= 0
full_tree_array_lgbids= 0 -1 1 -2147483648 -2147483648 2 -3 -2147483648 -2147483648 -2147483648 -2147483648 -2 -4 -2147483648 -2147483648
split_feature= 1 6 2
split_gain= 7.8537 15.8321 55.4138
threshold= 1.9486000000000003 2.0653737590585881 21.500000000000004
decision_type= 2 2 2
left_child=-1 2 -2
right_child=1 -3 -4
leaf_value= -0.01985870167957798 -0.01448648926144163 -9.4936460742507623e-05 0.048184019411222301
leaf_weight=1781 498 13323 910
leaf_count=1781 498 13323 910
model_size=368
internal_value=0 0.00240095 0.0260179
internal_weight=0 14731 1408
internal_count=16512 14731 1408
is_linear=0
shrinkage=0.1


Tree=32
num_leaves= 4
num_cat= 0
full_tree_array_lgbids= 0 1 -2 2 -3 -2147483648 -2147483648 -1 -4 -2147483648 -2147483648 -2147483648 -2147483648 -2147483648 -2147483648
split_feature= 8 7 8
split_gain= 4.71236 9.68 50.4406
threshold= -117.145 37.895000000000003 -122.29499999999999
decision_type= 2 2 2
left_child=1 2 -1
right_child=-2 -3 -4
leaf_value= 0.046264832607161584 -0.024311959041888168 -0.012892542419002699 0.0030567897968113811
leaf_weight=692 1196 2987 11637
leaf_count=692 1196 2987 11637
model_size=368
internal_value=0 0.00189848 0.00548196
internal_weight=0 15316 12329
internal_count=16512 15316 12329
is_linear=0
shrinkage=0.1


Tree=33
num_leaves= 2
num_cat= 0
full_tree_array_lgbids= 0 -1 -2
split_feature= 6
split_gain= 0.974636
threshold= 3.1424162072895592
decision_type= 2
left_child=-1
right_child=-2
leaf_value= 0.0044776088113372648 -0.0098702034869833435
leaf_weight=11359 5153
leaf_count=11359 5153
model_size=144
internal_value=0
internal_weight=0
internal_count=16512
is_linear=0
shrinkage=0.1


end of trees

feature_importances:
Column_1=55
Column_6=35
Column_8=30
Column_7=29
Column_2=18
Column_3=9

parameters:
[boosting: gbdt]
[objective: regression]
[metric: rmse]
[tree_learner: serial]
[device_type: cpu]
[data_sample_strategy: bagging]
[data: data/california_housing.libsvm.train]
[valid: data/california_housing.libsvm.test]
[num_iterations: 1000]
[learning_rate: 0.1]
[num_leaves: 255]
[num_threads: 0]
[seed: 42]
[deterministic: 0]
[force_col_wise: 0]
[force_row_wise: 0]
[histogram_pool_size: -1]
[max_depth: 3]
[min_data_in_leaf: 10]
[min_sum_hessian_in_leaf: 0.001]
[bagging_fraction: 1]
[pos_bagging_fraction: 1]
[neg_bagging_fraction: 1]
[bagging_freq: 0]
[bagging_seed: 400]
[feature_fraction: 1]
[feature_fraction_bynode: 1]
[feature_fraction_seed: 30056]
[extra_trees: 0]
[extra_seed: 12879]
[early_stopping_round: 0]
[early_stopping_min_delta: 0]
[first_metric_only: 0]
[max_delta_step: 0]
[lambda_l1: 0]
[lambda_l2: 0]
[linear_lambda: 0]
[min_gain_to_split: 0]
[drop_rate: 0.1]
[max_drop: 50]
[skip_drop: 0.5]
[xgboost_dart_mode: 0]
[uniform_drop: 0]
[drop_seed: 17869]
[top_rate: 0.2]
[other_rate: 0.1]
[min_data_per_group: 100]
[max_cat_threshold: 32]
[cat_l2: 10]
[cat_smooth: 10]
[max_cat_to_onehot: 4]
[top_k: 20]
[monotone_constraints: ]
[monotone_constraints_method: basic]
[monotone_penalty: 0]
[feature_contri: ]
[forcedsplits_filename: ]
[refit_decay_rate: 0.9]
[tinygbdt_penalty_feature: 4]
[tinygbdt_penalty_split: 0.125]
[tinygbdt_forestsize: 64000]
[tinygbdt_precision: 7]
[cegb_tradeoff: 1]
[cegb_penalty_split: 0]
[cegb_penalty_feature_lazy: ]
[cegb_penalty_feature_coupled: ]
[path_smooth: 0]
[interaction_constraints: ]
[verbosity: 2]
[saved_feature_importance_type: 0]
[use_quantized_grad: 0]
[num_grad_quant_bins: 4]
[quant_train_renew_leaf: 0]
[stochastic_rounding: 1]
[linear_tree: 0]
[max_bin: 255]
[max_bin_by_feature: ]
[min_data_in_bin: 3]
[bin_construct_sample_cnt: 200000]
[data_random_seed: 175]
[is_enable_sparse: 1]
[enable_bundle: 1]
[use_missing: 1]
[zero_as_missing: 0]
[feature_pre_filter: 1]
[pre_partition: 0]
[two_round: 0]
[header: 0]
[label_column: ]
[weight_column: ]
[group_column: ]
[ignore_column: ]
[categorical_feature: ]
[forcedbins_filename: ]
[precise_float_parser: 0]
[parser_config_file: ]
[objective_seed: 16083]
[num_class: 1]
[is_unbalance: 0]
[scale_pos_weight: 1]
[sigmoid: 1]
[boost_from_average: 1]
[reg_sqrt: 0]
[alpha: 0.9]
[fair_c: 1]
[poisson_max_delta_step: 0.7]
[tweedie_variance_power: 1.5]
[lambdarank_truncation_level: 30]
[lambdarank_norm: 1]
[label_gain: ]
[lambdarank_position_bias_regularization: 0]
[eval_at: ]
[multi_error_top_k: 1]
[auc_mu_weights: ]
[num_machines: 1]
[local_listen_port: 12400]
[time_out: 120]
[machine_list_filename: ]
[machines: ]
[gpu_platform_id: -1]
[gpu_device_id: -1]
[gpu_use_dp: 0]
[num_gpu: 1]

end of parameters
