tree
version=v4
num_class=1
num_tree_per_iteration=1
label_index=0
max_feature_idx=7
objective=regression
feature_names=Column_0 Column_1 Column_2 Column_3 Column_4 Column_5 Column_6 Column_7
feature_infos=[-1.570595979690552:1.570752859115601] [-1.570681214332581:1.5706571340560909] [-1.5706690549850459:1.5707360506057739] [-1.5702953338623051:1.5700980424880981] [-1.570364356040955:1.570599317550659] [-1.5702542066574101:1.5705970525741582] [-1.570304274559021:1.5705224275588989] [-1.5689036846160889:1.570236444473267]
tree_sizes=11034 8007 6796 5895 3352 3269 3136 3084 2705 867 1280 732 805 2501 668 2573 1658 930 663 1589 922 933 579 1381 2649 380 1379 380 501

Tree=0
num_leaves= 112
num_cat= 0
full_tree_array_lgbids= 0 1 3 4 2 7 8 13 27 5 16 48 9 18 14 36 26 40 57 12 6 22 17 49 68 43 10 25 79 24 33 39 46 51 29 70 56 60 88 15 30 45 50 23 28 21 35 -2 77 107 100 47 54 20 11 64 52 106 92 71 81 67 80 63 75 62 55 96 82 41 37 -6 99 83 85 89 69 -59 109 38 34 65 44 76 78 97 86 58 42 53 31 95 -23 -19 105 -2147483648 -2147483648 -51 102 -50 108 -70 101 73 66 74 59 91 32 19 94 72 90 93 61 -20 -108 -81 -94 104 98 84 -83 -16 87 103 110 -1 -65 -41 -77 -38 -64 -48 -57 -15 -98 -53 -84 -28 -43 -31 -39 -2147483648 -2147483648 -72 -101 -42 -85 -58 -87 -29 -91 -62 -71 -2147483648 -2147483648 -90 -111 -3 -40 -17 -36 -14 -67 -32 -46 -7 -78 -47 -80 -8 -99 -52 -88 -4 -60 -25 -44 -24 -55 -30 -33 -18 -97 -2147483648 -2147483648 -2147483648 -2147483648 -37 -107 -2147483648 -2147483648 -2147483648 -2147483648 -2147483648 -2147483648 -79 -104 -2147483648 -2147483648 -109 -110 -2147483648 -2147483648 -102 -103 -9 -75 -49 -68 -45 -76 -56 -61 -11 -93 -22 -34 -12 -21 -13 -96 -5 -74 -66 -92 -27 -95 -54 -63 -2147483648 -2147483648 -2147483648 -2147483648 -2147483648 -2147483648 -2147483648 -2147483648 -10 -106 -73 -100 -26 -86 -2147483648 -2147483648 -2147483648 -2147483648 -69 -89 -35 -105 -82 -112
split_feature= 2 4 2 2 2 6 5 4 6 3 5 6 1 1 3 4 6 5 0 7 6 3 5 6 5 5 6 4 0 5 0 3 7 5 6 3 5 0 0 6 5 6 7 0 5 5 4 1 5 3 7 5 3 1 6 0 4 0 4 7 5 7 1 3 7 7 3 7 0 3 6 0 3 4 3 4 3 7 7 1 5 3 4 3 6 6 3 6 3 1 3 2 4 6 5 6 3 5 4 0 0 0 3 7 7 3 7 3 6 6 3
split_gain= 107.621 23.4404 8.83969 5.63518 4.57487 4.1994 7.71898 3.38553 3.05862 2.7892 5.07091 4.06285 2.53438 2.46215 2.30846 1.71993 1.7113 2.3008 1.60396 1.45928 1.44368 1.42375 1.39858 1.43292 1.39093 1.38469 1.35222 1.17544 1.17401 1.09228 1.08153 1.05349 1.04898 1.03169 1.01268 1.00212 0.987434 0.970356 0.946242 0.937698 0.923872 0.903341 0.891259 0.878426 0.877004 0.863879 0.812803 0.780835 0.7629 0.889232 0.756902 0.741313 0.733826 0.722749 0.667449 0.623516 0.616587 0.613756 0.588311 0.548959 0.53989 0.534879 0.533676 0.532861 0.531366 0.53111 0.510343 0.493362 0.490616 0.465295 0.444842 0.404685 0.390761 0.36115 0.358018 0.333154 0.324214 0.293715 0.277983 0.269514 0.256905 0.251469 0.24947 0.239158 0.230145 0.224572 0.212008 0.196509 0.166631 0.160623 0.149269 0.120478 0.101378 0.0932822 0.0900074 0.0883955 0.0863408 0.0738514 0.0703956 0.0640707 0.0575117 0.172586 0.05671 0.0541538 0.0449402 0.0373371 0.0313156 0.0265228 0.626266 0.0112099 0.00157638
threshold= 0.22240778803825376 -0.13487913459539411 -0.33504875004291529 0.831111639738083 -0.35692687332630152 1.0996640324592593 0.17076345533132556 -0.62264147400856007 0.23248040676116946 0.33348274230957037 -0.081027176231145845 0.05517734773457051 -0.063510026782751069 -0.028266851790249341 0.047571904957294471 0.85643300414085399 1.0996640324592593 -0.12362807989120483 0.48065467178821569 -0.84866309165954579 0.33271835744380956 0.63822954893112194 -1.3099576830863946 -0.21962230652570722 0.20172023028135302 0.90692374110221874 -1.1232284307479858 -0.9847588539123534 -1.1402159929275513 -1.2652705907821657 -0.42838852107524866 0.7839358150959016 -0.65860617160797108 -0.88524380326271046 -1.0479806065559383 -0.66475412249565113 -0.84710562229156483 -0.28396070003509516 0.55547255277633678 0.108576238155365 -0.89637285470962513 -0.24426137655973432 0.97444215416908275 0.39113223552703863 1.0439303517341616 -0.84710562229156483 -0.77998724579811085 0.53662991523742687 -1.1129922270774844 -0.71507582068443287 0.11116131395101546 -0.22917296737432477 -0.48799206316471094 0.44487559795379644 -1.1006352305412288 0.20387880504131317 -1.3555004000663753 0.62239006161689769 0.50127318501472484 -1.2969858646392818 0.23002466559410104 0.35052199661731726 -1.4077088832855222 -0.55495774745941151 1.3988879323005678 0.8762398660182954 -1.1821406483650208 -0.48185230791568751 -0.26234114170074457 0.26035444438457495 -0.4273798912763595 0.12342416867613791 0.72470727562904369 -0.04123223572969436 -0.56684127449989308 -1.1141936779022215 0.62055370211601268 -0.74209830164909352 -0.70626717805862416 1.1314366459846499 1.1454110145568848 -0.49994552135467524 -0.51402634382247914 0.5044558346271516 0.81695055961608898 -1.0367676615715025 -0.11726282164454459 1.0052476525306702 0.47984139621257788 0.18642173707485196 -0.28869111835956568 0.46336591243743902 -0.078835777938365922 -0.44725497066974634 0.32027117908000952 1.2910702824592593 -0.74964094161987294 0.61260387301445018 -1.0103801488876336 -0.57678207755088795 -0.057510569691658013 0.19077471643686297 0.67114278674125682 -1.2346154451370237 -0.63094553351402272 0.31131325662136083 -1.2969858646392818 0.2989127933979035 -0.59995731711387623 0.44125115871429449 1.1742224693298342
decision_type= 2 2 2 2 2 2 2 2 2 2 2 2 2 2 2 2 2 2 2 2 2 2 2 2 2 2 2 2 2 2 2 2 2 2 2 2 2 2 2 2 2 2 2 2 2 2 2 2 2 2 2 2 2 2 2 2 2 2 2 2 2 2 2 2 2 2 2 2 2 2 2 2 2 2 2 2 2 2 2 2 2 2 2 2 2 2 2 2 2 2 2 2 2 2 2 2 2 2 2 2 2 2 2 2 2 2 2 2 2 2 2
left_child=1 4 5 7 13 12 45 48 18 43 20 19 15 36 24 38 22 21 25 -12 91 95 23 58 71 64 51 40 53 41 65 -30 -22 67 -17 -19 39 -31 -3 63 70 -28 -25 47 -32 76 62 73 49 -2 97 96 93 -24 74 -48 83 60 -4 -56 89 -54 -38 -1 72 -14 -49 -16 107 -62 -6 104 -5 -9 -45 -41 -7 -51 -47 106 103 84 -53 -42 -26 -58 -52 -69 -59 -29 -66 -11 -81 -27 -13 -18 -15 -8 -73 -72 -70 -102 -79 -35 -10 -37 -20 -50 -109 -90 -82
right_child=3 2 16 8 27 6 50 9 14 10 11 94 30 26 33 34 17 35 79 -21 32 -23 28 42 81 52 29 57 31 37 44 -33 -34 80 -36 105 46 -39 -40 75 56 -43 -44 54 -46 78 55 66 68 77 86 82 61 -55 59 -57 85 88 -60 -61 69 -63 -64 -65 90 -67 -68 87 100 -71 99 98 -74 -75 -76 -77 -78 102 -80 92 110 -83 -84 -85 -86 -87 -88 -89 109 -91 -92 -93 -94 -95 -96 -97 -98 -99 -100 -101 101 -103 -104 -105 -106 -107 -108 108 -110 -111 -112
leaf_value= 0.72883654127852249 0.68773465269904643 0.74489149152412482 0.67573870019436444 0.70869821946974954 0.73207049518086076 0.76112454313177613 0.70655286630874425 0.71245502177397346 0.69979660510324948 0.72846191153247297 0.68164581000423452 0.68459976775333531 0.74538573610178616 0.72671216798988136 0.6843806664378278 0.7385923389478366 0.72642943352079403 0.71645724913189579 0.68372828924566009 0.71248537881551222 0.68591712580207398 0.69653729952490351 0.74786382402684726 0.73900817867696589 0.69948656467048376 0.71208216373638888 0.744839765219098 0.72656531360556709 0.72892490500759122 0.71865330174571918 0.73526158021104115 0.71632252658449824 0.71218799387697007 0.6727189967184366 0.75624118837186394 0.69429805144286172 0.73343642616651095 0.70859738878729206 0.73297396084700317 0.70498970731711408 0.69828669768782625 0.71689391801373181 0.70121780197685979 0.68513745064719711 0.72179740424665018 0.72251937687190171 0.73385338169620729 0.69153941556015963 0.70376017583737582 0.69896505765235439 0.72698099459605681 0.71292536989719724 0.68058105188971774 0.72385540782791025 0.68823531201157673 0.72200867834822857 0.71930688316607139 0.71087441048410382 0.70693538409043488 0.71192852532915496 0.71863533365158749 0.69942409472701839 0.7176982809355843 0.7493467643280759 0.68271040811753292 0.73235933787739294 0.7120566784663579 0.71089798158662909 0.68306410041877152 0.70246756289619494 0.72208754859017599 0.68318305801218759 0.70052883957609824 0.72248057582659664 0.70969467268481234 0.72814902062865117 0.7416571162106198 0.71404242650689942 0.74111438674470798 0.69188813286851147 0.68698215413658537 0.67941342170900121 0.73273258293464372 0.68189705087337182 0.68589511861696939 0.70353982362086587 0.70987672517492961 0.69287306870491583 0.70886899910097712 0.71630233042162939 0.70190147877316766 0.71927562117199906 0.70998376510493932 0.69552018441738095 0.67607481610963294 0.74134432110267434 0.74306539835570151 0.69296747112100898 0.69957015712157733 0.7036579180594883 0.70653441162398478 0.69158709457155587 0.73151660080617686 0.68208514199773496 0.71067239156678552 0.6800797832240123 0.69384178880642255 0.72146147283809647 0.68805042102551472 0.69149328793948905 0.70239958271002789
leaf_weight=23 17 224 11.000000000000002 335 17 33 15.999999999999998 67 24 40 20 26 154 10.999999999999998 26 43 9.9999999999999982 15.999999999999998 23 78 23 11.999999999999998 47 21.000000000000004 40 22 22 72 303 180 320 94 55 32 175 10.000000000000002 30 250 104 9.9999999999999982 39 30 9.9999999999999982 22 64 15.999999999999998 118 18 82 9.9999999999999982 15.999999999999998 31 50 20 12.999999999999998 96 17 72 18 193 50 30 217 45 15.999999999999998 48 90 26 24 44 10.000000000000002 9.9999999999999982 108 169 12.999999999999998 46 18 16.000000000000004 40 13.999999999999998 37 28 13.999999999999998 22 52 104 42 19 12.000000000000002 49 17 52 23 12.999999999999998 85 26 30 34 79 21 20 160 14.999999999999998 187 72 21 243 9.9999999999999982 34 17 9.9999999999999982
leaf_count=23 17 224 11 335 17 33 16 67 24 40 20 26 154 11 26 43 10 16 23 78 23 12 47 21 40 22 22 72 303 180 320 94 55 32 175 10 30 250 104 10 39 30 10 22 64 16 118 18 82 10 16 31 50 20 13 96 17 72 18 193 50 30 217 45 16 48 90 26 24 44 10 10 108 169 13 46 18 16 40 14 37 28 14 22 52 104 42 19 12 49 17 52 23 13 85 26 30 34 79 21 20 160 15 187 72 21 243 10 34 17 10
model_size=12464
internal_value=0.715004 0.726381 0.733821 0.700565 0.717773 0.738376 0.725507 0.705287 0.696409 0.70848 0.701741 0.691257 0.74082 0.721357 0.691109 0.745763 0.72391 0.711428 0.700214 0.706192 0.714631 0.727035 0.726173 0.711489 0.697479 0.703293 0.716628 0.710203 0.728072 0.714523 0.736214 0.725941 0.704441 0.685345 0.75276 0.695489 0.725948 0.712807 0.741113 0.734102 0.70467 0.728717 0.726818 0.712846 0.733018 0.744596 0.723755 0.716182 0.697354 0.708251 0.706595 0.728427 0.693212 0.740697 0.708084 0.72854 0.701271 0.71423 0.695102 0.710433 0.71745 0.687647 0.71961 0.742409 0.705728 0.74229 0.708637 0.696364 0.695439 0.711067 0.71756 0.703035 0.706707 0.719634 0.694259 0.724013 0.754254 0.716758 0.735802 0.694209 0.682403 0.688913 0.719088 0.692376 0.691804 0.705755 0.714595 0.703287 0.707374 0.722409 0.692597 0.72327 0.703137 0.705931 0.678072 0.737201 0.738678 0.697315 0.697729 0.709603 0.69205 0.693248 0.722498 0.680717 0.707953 0.684666 0.692967 0.700926 0.695644 0.698683 0.690262
internal_weight=0 3665 1966 2888 1699 1347 215 1352 1536 964 379 209 1132 1153 642 546 619 95 894 98 170 48 524 60 305 591 568 546 464 482 586 397 78 337 218 47 585 430 328 124 230 52 31 585 384 107 461 344 388 58 108 86 115 67 241 214 182 316 29 206 215 80 247 68 476 202 108 71 330 94 48 185 443 236 35 56 51 41 56 303 266 120 45 61 92 121 58 45 101 121 33 92 37 35 111 36 41 50 89 31 204 180 31 219 96 31 266 126 44 29 47
internal_count=6553 3665 1966 2888 1699 1347 215 1352 1536 964 379 209 1132 1153 642 546 619 95 894 98 170 48 524 60 305 591 568 546 464 482 586 397 78 337 218 47 585 430 328 124 230 52 31 585 384 107 461 344 388 58 108 86 115 67 241 214 182 316 29 206 215 80 247 68 476 202 108 71 330 94 48 185 443 236 35 56 51 41 56 303 266 120 45 61 92 121 58 45 101 121 33 92 37 35 111 36 41 50 89 31 204 180 31 219 96 31 266 126 44 29 47
is_linear=0
shrinkage=1


Tree=1
num_leaves= 67
num_cat= 0
full_tree_array_lgbids= 0 1 3 6 2 11 7 14 33 4 19 15 12 23 8 36 27 44 -35 9 5 30 20 53 39 47 13 24 -25 22 17 57 49 28 43 45 64 -2147483648 -2147483648 10 26 18 25 31 37 21 34 -2 -55 40 41 -13 58 61 -15 50 65 -2147483648 -2147483648 51 48 63 -19 -1 -59 -38 -51 52 60 -29 -45 46 59 -46 -66 -2147483648 -2147483648 -2147483648 -2147483648 62 16 -11 -28 29 32 -7 35 54 -33 -32 38 -21 -23 55 -36 -2147483648 -2147483648 -2147483648 -2147483648 -17 -42 56 42 -2147483648 -2147483648 -49 -60 -14 -63 -2147483648 -2147483648 -5 -52 -26 -67 -2147483648 -2147483648 -2147483648 -2147483648 -9 -53 -24 -50 -10 -65 -2147483648 -2147483648 -2147483648 -2147483648 -2147483648 -2147483648 -2147483648 -2147483648 -2147483648 -2147483648 -16 -54 -30 -62 -2147483648 -2147483648 -2147483648 -2147483648 -8 -48 -47 -61 -2147483648 -2147483648 -2147483648 -2147483648 -2147483648 -2147483648 -2147483648 -2147483648 -2147483648 -2147483648 -2147483648 -2147483648 -3 -64 -12 -18 -2147483648 -2147483648 -2147483648 -2147483648 -6 -31 -20 -34 -2147483648 -2147483648 -27 -37 -4 -56 -2147483648 -2147483648 -2147483648 -2147483648 -39 -40 -2147483648 -2147483648 -2147483648 -2147483648 -22 -57 -2147483648 -2147483648 -2147483648 -2147483648 -2147483648 -2147483648 -2147483648 -2147483648 -2147483648 -2147483648 -2147483648 -2147483648 -2147483648 -2147483648 -41 -58 -43 -44 -2147483648 -2147483648 -2147483648 -2147483648 -2147483648 -2147483648 -2147483648 -2147483648 -2147483648 -2147483648 -2147483648 -2147483648 -2147483648 -2147483648 -2147483648 -2147483648 -2147483648 -2147483648 -2147483648 -2147483648 -2147483648 -2147483648 -2147483648 -2147483648 -2147483648 -2147483648 -2147483648 -2147483648 -2147483648 -2147483648 -2147483648 -2147483648 -2147483648 -2147483648 -2147483648 -2147483648 -2147483648 -2147483648 -2147483648 -2147483648 -2147483648 -2147483648 -2147483648 -2147483648 -2147483648 -2147483648 -2147483648 -2147483648
split_feature= 2 4 2 2 5 6 2 6 3 7 4 6 3 5 1 4 1 5 6 6 5 3 5 0 5 7 6 5 6 4 5 7 7 0 3 3 0 0 3 3 5 5 3 0 5 6 3 7 2 1 7 4 7 5 6 7 7 4 4 1 4 7 6 7 3 7
split_gain= 86.7374 18.563 6.93117 4.23811 3.09351 7.68837 3.05613 2.22631 2.88365 1.85223 2.18848 1.84418 3.68062 1.94762 1.58901 1.46712 1.32071 1.25851 1.16118 0.943063 1.90627 0.9612 0.90094 0.806791 0.801654 0.787347 0.733901 0.712492 1.51102 0.710968 0.676092 0.690258 0.598223 0.583451 0.558638 0.511553 0.509204 0.495517 0.71006 0.460755 0.566574 0.493365 0.560709 0.438645 0.369054 0.326768 0.37642 0.322321 0.300338 0.273969 0.2248 0.222198 0.214728 0.195469 0.193529 0.190079 0.186444 0.173895 0.17246 0.155728 0.0833825 0.0710533 0.0501875 0.0501214 0.0297889 0.0153796
threshold= 0.22240778803825376 -0.25070770084857935 -0.36874486505985254 0.70152944326400768 0.65354096889495861 0.42225234210491186 -0.35692687332630152 -0.08627330511808394 0.047571904957294471 1.2305972576141355 0.35609744489192968 0.56632831692695629 -0.19819757342338556 -0.85936468839645375 -0.028266851790249341 -0.60982060432434071 -0.4492183774709701 -0.88524380326271046 -0.37835273146629328 1.0996640324592593 -0.12362807989120483 0.63822954893112194 0.20172023028135302 0.49276305735111242 1.1980468630790713 -0.25720979273319239 -0.56123605370521534 -0.77255976200103749 -0.16419291496276853 0.59730964899063121 -1.3099576830863946 0.28514099121093756 0.099670447409152998 0.69481554627418529 0.13399814814329147 -0.48799206316471094 -0.012182130943983793 -1.1402159929275513 0.7839358150959016 -1.3288813829421993 -0.58890822529792775 1.1454110145568848 0.53811320662498485 -0.28396070003509516 0.048584572970867164 -0.3203322142362594 -0.083273753523826585 -0.63094553351402272 0.93685343861579906 -1.0771715641021729 1.3596149086952212 -0.92291143536567677 -0.67114660143852223 -1.2652705907821657 -0.34208901226520533 -0.64305841922759999 1.2522990703582761 -1.3921977281570432 -0.51402634382247914 -0.75189125537872303 -0.71548467874526966 0.28514099121093756 1.1687197089195251 -0.48185230791568751 -1.0064677000045779 -0.90090325474739064
decision_type= 2 2 2 2 2 2 2 2 2 2 2 2 2 2 2 2 2 2 2 2 2 2 2 2 2 2 2 2 2 2 2 2 2 2 2 2 2 2 2 2 2 2 2 2 2 2 2 2 2 2 2 2 2 2 2 2 2 2 2 2 2 2 2 2 2 2
left_child=1 6 4 11 9 18 14 23 22 10 62 15 47 61 36 53 -12 63 29 30 21 -21 51 24 50 -7 -11 28 52 -6 31 54 -20 44 55 -27 57 -32 -39 40 -17 56 -43 -29 45 46 -8 -13 -24 -38 -5 -9 -16 -2 -4 -22 -41 -1 -49 -47 -30 -14 -3 -10 -46 -26
right_child=3 2 19 7 5 25 33 8 17 26 16 12 13 -15 27 39 -18 -19 32 20 34 -23 48 -25 65 35 -28 43 60 -31 37 -33 -34 -35 -36 -37 49 38 -40 41 -42 42 -44 -45 64 59 -48 58 -50 -51 -52 -53 -54 -55 -56 -57 -58 -59 -60 -61 -62 -63 -64 -65 -66 -67
leaf_value= -0.0014724181551072333 0.0028529937900602818 0.019292538946222824 -0.0084756314832096294 -0.0065659420148168404 0.021548117862108189 -0.014400458370627306 -5.5885976180434228e-05 -0.020781963721484595 -0.023958611230858986 -0.0021533411021506335 0.037086672507743619 -0.01278352427516917 -0.012875034817261622 -0.027776413544294581 0.0033963946182103385 -0.0345959484577179 0.025496377692682051 -0.028934560431343681 0.004450093261682643 0.020846930479760783 -0.020468733089122296 -0.01725915544308149 -0.010472357620101161 -0.017450722408762817 -0.039021021234137671 0.016686719601663451 0.019721870752982797 0.0039096583934270972 -0.012300401429335278 0.03905664905428842 0.022204583874707553 -0.016333606181433424 0.025428994768794552 -0.011605716678730707 -0.031453406314055125 -0.0039315244803826014 0.013171736005602813 0.012685949731375386 0.00047966387475379438 0.0035862490705808291 -0.0032286807271321456 0.00046017915010452274 -0.025426718837517348 -0.006094039295206511 0.004705518021364697 0.0097578153630057656 0.02228736682870501 -0.0084003429083774495 -0.024469416236409743 0.0013309263312494604 -0.02084204507256417 -0.0071920741461663253 0.024927196206910345 -0.014751492075715734 0.021745360438667594 0.013020766182587698 -0.01259441291672531 0.015294755573452834 0.0098430252429840253 -0.0078481722305327444 0.0080652351279489019 0.0088333976029863828 0.0058177801103077159 -0.0083284037007439523 -0.009887796233872502 -0.017806414700241698
leaf_weight=27 25 240 11.999999999999998 474 74 67 35 46 34 46 208 38 24 180 21 17 375 370 52 43 12.000000000000002 12.999999999999998 57 297 13.999999999999998 36 56 156 39 83 76 32 47 162 27 69 82 351 107 356 31 36 29 234 32 31 37 30 137 177 38 235 58 179 21 12.999999999999998 29 252 69 74 22 23 33 62 133 58
leaf_count=27 25 240 12 474 74 67 35 46 34 46 208 38 24 180 21 17 375 370 52 43 12 13 57 297 14 36 56 156 39 83 76 32 47 162 27 69 82 351 107 356 31 36 29 234 32 31 37 30 137 177 38 235 58 179 21 13 29 252 69 74 22 23 33 62 133 58
model_size=7424
internal_value=0 0.0102399 0.0164838 -0.0129949 0.0207288 0.0131482 0.00192664 -0.0160803 -0.0198003 0.0241156 0.0258147 -0.00772135 -0.0141874 -0.0224916 0.00517687 -0.0043686 0.0296315 -0.0258299 0.0244642 0.00816176 -0.00234766 0.0120009 -0.0138849 -0.0121069 -0.00938925 -0.00369409 0.00985658 0.000752307 0.00867729 0.0308042 0.0100566 -0.00258047 0.0144098 -0.00496076 -0.0177999 0.00313759 0.00953565 0.0115948 0.00983426 -0.00099912 -0.0143379 0.000423685 -0.0110894 -0.00209256 -0.00181315 0.00307573 0.0114261 -0.00042785 -0.0203569 0.00507975 -0.0076255 -0.00941675 0.0192038 -0.0125941 0.0107559 -0.00305419 0.00236745 0.0136721 0.00431473 -0.00265021 -0.00495542 -0.00225176 0.0176637 -0.0138641 -0.00705758 -0.0219315
internal_weight=0 3665 2093 2888 1386 428 1572 1822 941 958 856 1066 364 227 1068 702 583 466 256 707 108 56 475 881 584 172 102 530 140 157 599 65 99 504 52 105 538 534 458 498 48 450 65 390 342 177 72 137 194 259 512 281 79 204 33 25 385 279 99 105 61 47 273 96 165 72
internal_count=6553 3665 2093 2888 1386 428 1572 1822 941 958 856 1066 364 227 1068 702 583 466 256 707 108 56 475 881 584 172 102 530 140 157 599 65 99 504 52 105 538 534 458 498 48 450 65 390 342 177 72 137 194 259 512 281 79 204 33 25 385 279 99 105 61 47 273 96 165 72
is_linear=0
shrinkage=0.1


Tree=2
num_leaves= 50
num_cat= 0
full_tree_array_lgbids= 0 1 2 6 3 8 7 13 48 4 15 14 9 21 11 38 24 -8 -50 12 5 18 16 36 -16 46 10 44 23 30 32 41 -40 -15 40 -2147483648 -2147483648 -2147483648 -2147483648 25 28 22 39 20 -20 19 17 -2 43 -2147483648 -2147483648 -10 -48 -11 -12 -4 -46 26 -25 45 -32 -13 -34 -1 -43 -2147483648 -2147483648 -2147483648 -2147483648 -26 42 -2147483648 -2147483648 -2147483648 -2147483648 -2147483648 -2147483648 -2147483648 -2147483648 -3 37 34 33 -6 -24 -7 -41 35 -22 -2147483648 -2147483648 -17 47 29 -19 -2147483648 -2147483648 -38 -45 -2147483648 -2147483648 -2147483648 -2147483648 -2147483648 -2147483648 -2147483648 -2147483648 -2147483648 -2147483648 -2147483648 -2147483648 -2147483648 -2147483648 -2147483648 -2147483648 31 27 -2147483648 -2147483648 -9 -47 -2147483648 -2147483648 -2147483648 -2147483648 -2147483648 -2147483648 -2147483648 -2147483648 -2147483648 -2147483648 -2147483648 -2147483648 -2147483648 -2147483648 -2147483648 -2147483648 -2147483648 -2147483648 -2147483648 -2147483648 -42 -44 -2147483648 -2147483648 -2147483648 -2147483648 -2147483648 -2147483648 -2147483648 -2147483648 -2147483648 -2147483648 -2147483648 -2147483648 -2147483648 -2147483648 -2147483648 -2147483648 -2147483648 -2147483648 -27 -39 -14 -36 -30 -35 -2147483648 -2147483648 -2147483648 -2147483648 -2147483648 -2147483648 -2147483648 -2147483648 -5 -37 -2147483648 -2147483648 -2147483648 -2147483648 -2147483648 -2147483648 -2147483648 -2147483648 -21 -49 -18 -31 -2147483648 -2147483648 -2147483648 -2147483648 -2147483648 -2147483648 -2147483648 -2147483648 -2147483648 -2147483648 -2147483648 -2147483648 -2147483648 -2147483648 -2147483648 -2147483648 -2147483648 -2147483648 -2147483648 -2147483648 -2147483648 -2147483648 -2147483648 -2147483648 -2147483648 -2147483648 -2147483648 -2147483648 -2147483648 -2147483648 -2147483648 -2147483648 -2147483648 -2147483648 -2147483648 -2147483648 -2147483648 -2147483648 -2147483648 -2147483648 -2147483648 -2147483648 -23 -33 -28 -29 -2147483648 -2147483648 -2147483648 -2147483648 -2147483648 -2147483648 -2147483648 -2147483648 -2147483648 -2147483648 -2147483648 -2147483648 -2147483648 -2147483648 -2147483648 -2147483648 -2147483648 -2147483648 -2147483648 -2147483648
split_feature= 2 4 2 2 6 5 2 6 6 3 5 3 0 1 4 6 5 3 5 3 3 7 3 0 6 1 5 3 5 7 5 3 5 4 6 6 4 5 5 7 5 6 4 7 5 4 7 7 1
split_gain= 70.1487 15.2352 5.09045 3.50666 2.25024 6.68007 1.84202 1.65943 1.38568 3.26681 1.99304 1.37082 1.32193 0.960492 0.828301 0.757507 3.39587 1.4802 1.25656 0.998554 0.820732 0.518121 0.499863 0.412547 0.361452 0.360551 0.356222 0.573921 0.347476 0.304512 0.257143 0.229783 0.211747 0.209454 0.193391 0.165315 0.16155 0.15425 0.142598 0.137035 0.110706 0.101551 0.0863272 0.0812273 0.0808213 0.054474 0.044759 0.0418954 0.0338824
threshold= 0.11063466221094136 -0.13487913459539411 0.60325127840042125 -0.52795374393463124 0.63653609156608593 0.14603263139724734 -0.35692687332630152 0.51476114988327037 0.56632831692695629 -0.19819757342338556 -0.78617820143699635 0.062065752223134048 0.065077152103185668 -0.028266851790249341 0.5883547067642213 0.45513948798179632 0.51925379037857067 0.03902785666286946 -1.0472639203071592 0.77286869287490856 0.26035444438457495 -1.1476808190345762 0.17564638704061511 0.48065467178821569 -1.1232284307479858 -0.31526258587837214 0.51925379037857067 0.53811320662498485 -1.0830603837966917 -0.035873169079422951 0.66465881466865551 -0.97511750459671009 -0.6967884600162505 0.70985534787178051 -0.41202813386917109 -0.24426137655973432 -1.2761357426643369 -0.61123171448707569 -0.84710562229156483 -0.17610128223896021 -1.2652705907821657 0.108576238155365 -0.81808331608772267 -1.2346154451370237 -0.14943312853574753 -0.45289823412895197 -0.61173316836357106 -0.65860617160797108 -1.4540496468544004
decision_type= 2 2 2 2 2 2 2 2 2 2 2 2 2 2 2 2 2 2 2 2 2 2 2 2 2 2 2 2 2 2 2 2 2 2 2 2 2 2 2 2 2 2 2 2 2 2 2 2 2
left_child=1 6 8 4 12 22 13 21 14 46 -11 30 25 38 36 18 19 29 20 -17 35 44 -6 26 -15 -3 31 -28 34 -18 45 -23 -13 -30 -14 -5 -2 -27 41 -7 -26 -1 -42 -38 -4 -9 -10 -21 -8
right_child=2 3 7 15 5 39 48 11 9 10 -12 32 28 24 -16 16 17 -19 -20 47 -22 23 -24 -25 40 37 27 -29 33 -31 -32 -33 -34 -35 -36 -37 43 -39 -40 -41 42 -43 -44 -45 -46 -47 -48 -49 -50
leaf_value= 0.023618135383516991 -0.016088329741896522 0.034750132954012559 -0.01279562184891592 -0.016475434018121588 0.032809302677115841 -0.011614226807347116 0.017909414917230606 -0.018028579086163326 -0.0088393781595386394 0.00093817312340691407 -0.024613081439051516 -0.015637494360461184 -0.0080300589414456711 0.011512237428525073 0.0047750404932544212 0.019144169925638138 -0.013379392625453571 -0.031037867508637601 0.017082945304714922 -0.021985920500010254 0.018712485453579574 -0.01431436242978984 0.016530085565498124 -0.014703031687916921 0.011357483228829762 0.014383980475652678 -0.0091356861439101343 -0.025242517944425349 0.014857784222150046 0.015968141040724259 -0.021604244400698105 -0.0036705943181830343 -0.027209128650142651 0.025406129229709175 0.018212148794662899 0.0085424499674921946 -0.016844409965432999 0.028075061235548301 0.0068855103105811685 0.0029084871001090976 -0.0055712760430520611 0.0071195639270756929 0.0033484920820307444 -0.0020204180174724184 -0.027061520956862622 -0.0057225056112978961 0.0071644821807024433 0.0057765997231139675 -0.004455716478664779
leaf_weight=68 62 162 78 42 108 68 14.999999999999998 76 41 53 184 92 26 86 232 126 24 39 354 14.999999999999998 32 104 77 423 52 65 172 70 157 23 95 425 259 178 27 21 41 163 461 93 257 56 173 382 78 158 97 28 435
leaf_count=68 62 162 78 42 108 68 15 76 41 53 184 92 26 86 232 126 24 39 354 15 32 104 77 423 52 65 172 70 157 23 95 425 259 178 27 21 41 163 461 93 257 56 173 382 78 158 97 28 435
model_size=5520
internal_value=0 0.00991735 -0.0108989 0.0162959 0.020085 0.0124189 0.00264346 -0.0140531 -0.00503538 -0.0110574 -0.0188991 -0.018842 0.0234944 0.00512321 -0.00188576 0.0102463 0.00423453 -0.0135385 0.0136605 0.0132788 0.000907608 -0.0116409 0.0260336 -0.0105581 0.00128189 0.0285659 -0.00828406 -0.0137947 0.0183967 0.000982166 -0.0131512 -0.00576313 -0.0241761 0.0204626 0.00533861 -0.00813614 -0.00507195 0.0241719 0.0088529 -0.00322533 -0.000543443 0.0161672 -0.00198263 -0.00345726 -0.0199286 -0.00971935 0.00240971 -0.003908 -0.00371021
internal_weight=0 3431 3122 1828 1124 346 1603 2030 1092 375 237 680 778 1153 717 704 255 86 449 169 95 1350 185 1194 568 390 771 242 388 47 329 529 351 335 53 63 485 228 585 161 482 124 430 423 156 234 138 43 450
internal_count=6553 3431 3122 1828 1124 346 1603 2030 1092 375 237 680 778 1153 717 704 255 86 449 169 95 1350 185 1194 568 390 771 242 388 47 329 529 351 335 53 63 485 228 585 161 482 124 430 423 156 234 138 43 450
is_linear=0
shrinkage=0.1


Tree=3
num_leaves= 37
num_cat= 0
full_tree_array_lgbids= 0 1 3 4 2 7 13 14 33 5 15 -2 8 18 -15 32 17 35 -35 11 6 24 16 -2147483648 -2147483648 -9 9 34 19 -2147483648 -2147483648 -1 -34 -16 20 -6 -37 -2147483648 -2147483648 23 28 -7 -8 25 26 -17 31 -2147483648 -2147483648 -2147483648 -2147483648 -2147483648 -2147483648 12 10 -5 -36 -20 -21 -2147483648 -2147483648 -2147483648 -2147483648 -2147483648 -2147483648 -2147483648 -2147483648 -2147483648 -2147483648 21 -22 -2147483648 -2147483648 -2147483648 -2147483648 -2147483648 -2147483648 -2147483648 -2147483648 -3 -25 -13 29 -2147483648 -2147483648 -2147483648 -2147483648 -4 -27 -26 27 -2147483648 -2147483648 -18 -33 -2147483648 -2147483648 -2147483648 -2147483648 -2147483648 -2147483648 -2147483648 -2147483648 -2147483648 -2147483648 -2147483648 -2147483648 -10 30 22 -12 -2147483648 -2147483648 -2147483648 -2147483648 -2147483648 -2147483648 -2147483648 -2147483648 -2147483648 -2147483648 -2147483648 -2147483648 -2147483648 -2147483648 -2147483648 -2147483648 -2147483648 -2147483648 -2147483648 -2147483648 -2147483648 -2147483648 -2147483648 -2147483648 -2147483648 -2147483648 -2147483648 -2147483648 -19 -23 -2147483648 -2147483648 -2147483648 -2147483648 -2147483648 -2147483648 -2147483648 -2147483648 -2147483648 -2147483648 -2147483648 -2147483648 -2147483648 -2147483648 -2147483648 -2147483648 -2147483648 -2147483648 -2147483648 -2147483648 -2147483648 -2147483648 -2147483648 -2147483648 -30 -31 -2147483648 -2147483648 -2147483648 -2147483648 -2147483648 -2147483648 -2147483648 -2147483648 -2147483648 -2147483648 -2147483648 -2147483648 -2147483648 -2147483648 -28 -29 -2147483648 -2147483648 -2147483648 -2147483648 -2147483648 -2147483648 -2147483648 -2147483648 -2147483648 -2147483648 -2147483648 -2147483648 -2147483648 -2147483648 -2147483648 -2147483648 -2147483648 -2147483648 -2147483648 -2147483648 -2147483648 -2147483648 -2147483648 -2147483648 -2147483648 -2147483648 -2147483648 -2147483648 -2147483648 -2147483648 -2147483648 -2147483648 -2147483648 -2147483648 -14 -32 -11 -24 -2147483648 -2147483648 -2147483648 -2147483648 -2147483648 -2147483648 -2147483648 -2147483648 -2147483648 -2147483648 -2147483648 -2147483648 -2147483648 -2147483648 -2147483648 -2147483648 -2147483648 -2147483648 -2147483648 -2147483648 -2147483648 -2147483648 -2147483648 -2147483648 -2147483648 -2147483648 -2147483648 -2147483648 -2147483648 -2147483648 -2147483648 -2147483648 -2147483648 -2147483648
split_feature= 2 4 2 2 2 6 5 4 3 5 6 4 6 6 0 6 5 1 5 3 5 6 7 0 5 7 3 5 5 5 7 3 4 4 0 5
split_gain= 56.6879 11.8006 4.00999 2.55725 1.69471 1.5842 4.50916 1.21992 1.00693 2.84017 1.35164 0.803436 0.767798 0.686314 0.648637 0.547681 0.971459 0.368451 0.357342 0.36296 0.293964 0.735971 0.279627 0.243325 0.215138 0.778317 0.222643 1.61656 0.16901 0.21439 0.144583 0.129682 0.113586 0.0382702 0.0195532 0.0145598
threshold= 0.22240778803825376 -0.092393502593040452 -0.52795374393463124 0.89601022005081188 -0.35692687332630152 0.88111311197280895 0.15950413048267367 -0.62264147400856007 0.41326110064983373 0.12283720821142197 -0.33047428727149958 0.89232283830642711 0.37240265309810644 0.80478918552398693 -0.28396070003509516 1.1107921600341804 -0.24339744448661796 -0.70965915918350209 0.4545369297266007 -0.36263959109783167 -0.77255976200103749 0.067459635436534895 -0.84866309165954579 0.51873663067817699 -1.2532984614372251 -0.23212756961584091 0.77286869287490856 0.51925379037857067 -1.3869000673294063 1.0583420991897587 -1.1276774406433103 0.31131325662136083 -0.70120677351951588 -1.0816750526428223 0.31741669774055487 -1.0472639203071592
decision_type= 2 2 2 2 2 2 2 2 2 2 2 2 2 2 2 2 2 2 2 2 2 2 2 2 2 2 2 2 2 2 2 2 2 2 2 2
left_child=1 4 5 7 14 11 -7 -2 -9 12 22 23 -10 18 32 24 -17 -16 34 -20 21 -19 -11 -3 25 -4 -26 -28 -13 -30 -14 -18 -1 35 -5 -6
right_child=3 2 15 13 33 6 -8 8 9 10 -12 28 30 -15 17 16 31 20 19 -21 -22 -23 -24 -25 26 -27 27 -29 29 -31 -32 -33 -34 -35 -36 -37
leaf_value= 0.0051992177328834474 -0.013055068185487979 0.020467587654330752 0.014760813040828165 -0.0071298636483448329 0.0084745858885491125 0.0235649211819863 -0.0062332248719125663 -0.0015855760893530467 0.0070344696722091432 -0.030085808395718533 -0.028229321768825373 0.006391507047403139 -0.034661303361256918 -0.020090517610957148 0.0086687675151215105 0.012908670809387192 -0.0016019044920455581 0.016369037716112173 -0.0095922017879986575 -0.021634303170965822 -0.0035653114757098988 -0.0070537872790814721 0.0011002491254640638 0.010613893452849797 0.013918815639413273 -0.01117322854448243 0.013361278237183192 -0.014200115582090804 0.030068056819617179 0.014928148525510113 -0.0061952330531817607 -0.024911815748782831 0.014251234957601342 -0.00051666322697596829 -0.014373828461487187 -0.011584095322822561
leaf_weight=283 430 327 44 446 26 127 115 660 114 14.999999999999998 123 25 14.999999999999998 326 189 52 43 78 138 222 378 47 53 174 450 56 96 50 274 58 72 32 206 368 274 167
leaf_count=283 430 327 44 446 26 127 115 660 114 15 123 25 15 326 189 52 43 78 138 222 378 47 53 174 450 56 96 50 274 58 72 32 206 368 274 167
model_size=4064
internal_value=0 0.00831754 0.013908 -0.0105553 0.00214625 0.0182545 0.00940465 -0.00721281 -0.00482482 -0.0102786 -0.0202365 0.0207506 -0.000816153 -0.0140785 0.00477824 0.00809855 -0.00153393 0.00178608 -0.0122638 -0.0170182 -0.000800061 0.00756206 -0.00577903 0.0170453 0.00985621 0.00023775 0.01147 0.00392244 0.0259503 0.0274231 -0.0111032 -0.0115475 0.00901254 -0.00339454 -0.00988659 -0.00888189
internal_weight=0 3665 1923 2888 1742 1100 242 1482 1052 392 191 858 201 1406 1181 823 127 692 1080 360 503 125 68 501 696 100 596 146 357 332 87 75 489 561 720 193
internal_count=6553 3665 1923 2888 1742 1100 242 1482 1052 392 191 858 201 1406 1181 823 127 692 1080 360 503 125 68 501 696 100 596 146 357 332 87 75 489 561 720 193
is_linear=0
shrinkage=0.1


Tree=4
num_leaves= 23
num_cat= 0
full_tree_array_lgbids= 0 1 2 6 3 10 5 7 9 4 16 21 11 17 8 18 -9 -8 20 -3 13 -5 -18 -2 -23 -12 12 -4 -19 -7 19 -1 -20 -2147483648 -2147483648 -2147483648 -2147483648 -11 -22 -2147483648 -2147483648 15 14 -2147483648 -2147483648 -2147483648 -2147483648 -2147483648 -2147483648 -2147483648 -2147483648 -2147483648 -2147483648 -13 -14 -2147483648 -2147483648 -2147483648 -2147483648 -2147483648 -2147483648 -10 -21 -2147483648 -2147483648 -2147483648 -2147483648 -2147483648 -2147483648 -2147483648 -2147483648 -2147483648 -2147483648 -2147483648 -2147483648 -2147483648 -2147483648 -2147483648 -2147483648 -2147483648 -2147483648 -2147483648 -2147483648 -6 -17 -15 -16 -2147483648 -2147483648 -2147483648 -2147483648 -2147483648 -2147483648 -2147483648 -2147483648 -2147483648 -2147483648 -2147483648 -2147483648 -2147483648 -2147483648 -2147483648 -2147483648 -2147483648 -2147483648 -2147483648 -2147483648 -2147483648 -2147483648 -2147483648 -2147483648 -2147483648 -2147483648 -2147483648 -2147483648 -2147483648 -2147483648 -2147483648 -2147483648 -2147483648 -2147483648 -2147483648 -2147483648 -2147483648 -2147483648 -2147483648 -2147483648
split_feature= 2 4 2 2 1 6 5 6 3 1 6 3 5 6 5 4 0 7 3 5 0 4
split_gain= 45.7542 9.59574 2.95053 1.86909 1.13714 0.86352 0.861523 1.4008 0.786118 0.605079 0.508346 1.80544 0.968275 0.486317 1.43739 0.220356 0.16876 0.163706 0.126027 0.0827368 0.0755177 0.0505926
threshold= 0.11063466221094136 -0.27586798369884485 0.52685046195983898 -0.52795374393463124 -0.4492183774709701 0.51476114988327037 -0.82036203145980824 -0.30622373521327967 0.062065752223134048 -0.7610255479812621 0.40036414563655859 -0.17713720351457593 -0.25795789062976832 0.88111311197280895 -0.57459700107574452 0.86877706646919262 0.20387880504131317 -1.1476808190345762 0.40500774979591375 -0.88524380326271046 -0.58922353386878956 0.5883547067642213
decision_type= 2 2 2 2 2 2 2 2 2 2 2 2 2 2 2 2 2 2 2 2 2 2
left_child=1 6 10 4 -3 17 7 18 -7 -8 21 -12 -13 15 -15 -6 -5 -4 -1 -10 -11 -2
right_child=2 3 5 16 13 8 9 -9 19 20 11 12 -14 14 -16 -17 -18 -19 -20 -21 -22 -23
leaf_value= 0.010508514922380877 -0.0030547289781200134 0.021462554057995558 -0.016523135717596029 0.011367314078139587 0.011450616805767888 -0.010098655232143663 0.0058271306376342629 0.00014898403428929128 -0.0098128934666264541 0.0027955989783179209 0.0023213444396403414 -0.0025877521818582355 -0.022334343549618368 0.023391781950236432 -0.0028763283902544499 0.020432049273967565 0.0035427255271733996 -0.0080583653257976784 0.027592430393985012 -0.022605596645272629 -0.0050657893947441031 0.00621478510242259
leaf_weight=104 364 426 180 432 377 352 296 185 82 243 149 77 142 49 123 246 326 1296 59 302 565 178
leaf_count=104 364 426 180 432 377 352 296 185 82 243 149 77 142 49 123 246 326 1296 59 302 565 178
model_size=2496
internal_value=0 0.00805439 -0.00885158 0.0128066 0.0157892 -0.011123 0.0015774 0.0078977 -0.0151987 -0.000414864 -0.00333027 -0.00821971 -0.0153915 0.0127492 0.00460703 0.0149971 0.00800212 -0.00909065 0.0166923 -0.0198738 -0.00270154 -1.04974e-05
internal_weight=0 3431 3122 1979 1221 2212 1452 348 736 1104 910 368 219 795 172 623 758 1476 163 384 808 542
internal_count=6553 3431 3122 1979 1221 2212 1452 348 736 1104 910 368 219 795 172 623 758 1476 163 384 808 542
is_linear=0
shrinkage=0.1


Tree=5
num_leaves= 22
num_cat= 0
full_tree_array_lgbids= 0 1 7 6 2 12 16 9 -8 4 3 -2 13 -9 17 19 -11 -2147483648 -2147483648 5 10 15 8 -2147483648 -2147483648 -14 14 -2147483648 -2147483648 -18 -19 20 -21 -2147483648 -2147483648 -2147483648 -2147483648 -2147483648 -2147483648 -3 -7 11 -12 -4 -17 -5 -10 -2147483648 -2147483648 -2147483648 -2147483648 -2147483648 -2147483648 -15 18 -2147483648 -2147483648 -2147483648 -2147483648 -2147483648 -2147483648 -2147483648 -2147483648 -1 -22 -2147483648 -2147483648 -2147483648 -2147483648 -2147483648 -2147483648 -2147483648 -2147483648 -2147483648 -2147483648 -2147483648 -2147483648 -2147483648 -2147483648 -2147483648 -2147483648 -2147483648 -2147483648 -6 -13 -2147483648 -2147483648 -2147483648 -2147483648 -2147483648 -2147483648 -2147483648 -2147483648 -2147483648 -2147483648 -2147483648 -2147483648 -2147483648 -2147483648 -2147483648 -2147483648 -2147483648 -2147483648 -2147483648 -2147483648 -2147483648 -2147483648 -2147483648 -2147483648 -16 -20 -2147483648 -2147483648 -2147483648 -2147483648 -2147483648 -2147483648 -2147483648 -2147483648 -2147483648 -2147483648 -2147483648 -2147483648 -2147483648 -2147483648 -2147483648 -2147483648
split_feature= 2 4 5 6 6 5 2 2 7 4 2 1 4 3 5 7 6 5 6 6 5
split_gain= 36.8928 7.59404 2.28671 7.87157 2.84183 2.71675 1.83213 1.41835 1.01041 0.934453 0.914396 0.624032 0.570662 0.353608 0.918656 0.186386 0.163051 0.535433 0.0678722 0.0134207 0.00666421
threshold= 0.22240778803825376 0.26278324425220495 0.65354096889495861 0.16434586793184283 -1.1006352305412288 -0.29158644378185267 -0.35692687332630152 0.89601022005081188 0.13482514768838882 -0.70120677351951588 -0.17614524066448206 -0.99680390954017628 0.12483123317360877 0.33348274230957037 0.37919975817203527 -0.68414372205734242 -0.18491821736097333 -0.41172227263450617 0.05517734773457051 -1.2407286167144773 -0.43606400489807123
decision_type= 2 2 2 2 2 2 2 2 2 2 2 2 2 2 2 2 2 2 2 2 2
left_child=1 6 4 15 5 -3 9 12 -5 19 11 -6 -2 -14 -15 -4 -9 -18 -16 20 -1
right_child=7 2 3 8 10 -7 -8 16 -10 -11 -12 -13 13 14 18 -17 17 -19 -20 -21 -22
leaf_value= 0.024529597465250946 -0.0088168062200133183 -0.012021617181966102 0.0062217732343857217 -0.016623029710822985 0.032089234838505912 0.018963303915498889 -0.0026380761622160878 -0.0082880348830799058 0.0025402582056509955 0.0087668605222819516 0.009783767167788511 0.018522778092035078 0.001398466486682078 -0.00056102602009640735 -0.0066148511059582237 0.0234640340822765 -0.0083514423061912379 -0.017661734069635664 -0.026560389127917007 -9.804680636706076e-05 0.0019707516039488837
leaf_weight=37 790 92 54 133 107 68 694 624 96 744 219 590 421 157 50 173 293 489 64 610 48
leaf_count=37 790 92 54 133 107 68 694 624 96 744 219 590 421 157 50 173 293 489 64 610 48
model_size=2384
internal_value=0 0.00675321 0.0124781 0.00532512 0.0155094 0.00114697 0.0026414 -0.00857012 -0.00858951 0.00518758 0.0180182 0.0206054 -0.00573226 -0.00221089 -0.00781804 0.0193624 -0.0115614 -0.0141734 -0.0178123 0.00135595 0.0117905
internal_weight=0 3665 1532 456 1076 160 2133 2888 229 1439 916 697 1482 692 271 227 1406 782 114 695 85
internal_count=6553 3665 1532 456 1076 160 2133 2888 229 1439 916 697 1482 692 271 227 1406 782 114 695 85
is_linear=0
shrinkage=0.1


Tree=6
num_leaves= 20
num_cat= 0
full_tree_array_lgbids= 0 1 2 9 3 12 10 -1 18 5 4 -2 13 -4 15 -2147483648 -2147483648 -11 -20 6 11 7 8 -2147483648 -2147483648 -14 14 -2147483648 -2147483648 -12 -17 -2147483648 -2147483648 -2147483648 -2147483648 -2147483648 -2147483648 -2147483648 -2147483648 -3 -8 -7 -13 -5 -9 -6 17 -2147483648 -2147483648 -2147483648 -2147483648 -2147483648 -2147483648 16 -16 -2147483648 -2147483648 -2147483648 -2147483648 -2147483648 -2147483648 -2147483648 -2147483648 -2147483648 -2147483648 -2147483648 -2147483648 -2147483648 -2147483648 -2147483648 -2147483648 -2147483648 -2147483648 -2147483648 -2147483648 -2147483648 -2147483648 -2147483648 -2147483648 -2147483648 -2147483648 -2147483648 -2147483648 -2147483648 -2147483648 -2147483648 -2147483648 -2147483648 -2147483648 -2147483648 -2147483648 -2147483648 -2147483648 -10 -19 -2147483648 -2147483648 -2147483648 -2147483648 -2147483648 -2147483648 -2147483648 -2147483648 -2147483648 -2147483648 -2147483648 -2147483648 -15 -18 -2147483648 -2147483648 -2147483648 -2147483648 -2147483648 -2147483648 -2147483648 -2147483648 -2147483648 -2147483648 -2147483648 -2147483648 -2147483648 -2147483648 -2147483648 -2147483648 -2147483648 -2147483648
split_feature= 2 4 2 6 5 5 6 7 7 1 7 0 4 5 3 6 6 3 0
split_gain= 29.7035 6.09588 1.65571 1.34197 5.38479 1.40773 1.60306 0.812743 0.779062 0.455479 0.437505 0.299298 0.195843 0.263129 1.12834 0.12859 0.118048 0.077564 0.0489555
threshold= 0.11063466221094136 -0.13487913459539411 0.6500774919986726 0.64664298295974743 0.12283720821142197 -1.0830603837966917 -0.4273798912763595 -0.88851091265678395 0.36710415780544287 -0.79297658801078785 -1.2809419631958008 0.065077152103185668 -0.60982060432434071 0.8343319594860078 -0.20790822058916092 0.83954980969429027 0.80478918552398693 -0.43925549089908594 -0.28396070003509516
decision_type= 2 2 2 2 2 2 2 2 2 2 2 2 2 2 2 2 2 2 2
left_child=1 9 12 5 7 6 -3 -5 -6 -1 -4 -7 -2 -14 16 -12 -15 -10 -11
right_child=2 3 10 4 8 11 -8 -9 17 18 15 -13 13 14 -16 -17 -18 -19 -20
leaf_value= 0.0070006601830853808 -0.0086355656024226998 -0.0088777852140138943 -0.018679677348423174 0.00064230464454537823 -0.013648009264992701 0.018800912448636225 0.014133400906956643 0.019615352839362957 0.017091840591917679 0.0035674976260791219 -0.0072452873770682651 0.011518813652633422 0.00091848312783538583 0.010199172302660075 -0.017283903721933409 -0.013665908103229096 -0.019306856186853516 -0.0042780404674335262 -0.002762245215909561
leaf_weight=406 341 98 168 69 148 540 107 234 41 491 1372 520 650 67 120 386 18 71 706
leaf_count=406 341 98 168 69 148 540 107 234 41 491 1372 520 650 67 120 386 18 71 706
model_size=2160
internal_value=0 0.00654029 -0.00718761 0.0108293 0.0053489 0.0132684 0.00313293 0.0152948 -0.00624185 0.00164926 -0.00952947 0.0152286 -0.00341636 -0.00133478 -0.00847926 -0.00865505 0.00395084 0.00354486 -0.000165834
internal_weight=0 3431 3122 1828 563 1265 205 303 260 1603 1926 1060 1196 855 205 1758 85 112 1197
internal_count=6553 3431 3122 1828 563 1265 205 303 260 1603 1926 1060 1196 855 205 1758 85 112 1197
is_linear=0
shrinkage=0.1


Tree=7
num_leaves= 19
num_cat= 0
full_tree_array_lgbids= 0 1 3 7 2 5 4 8 11 6 13 12 -7 10 9 -1 -10 -9 15 -3 16 14 -15 -2 -14 -2147483648 -2147483648 -5 -12 -6 -11 -2147483648 -2147483648 -2147483648 -2147483648 -2147483648 -2147483648 -13 -17 -2147483648 -2147483648 -8 17 -4 -16 -2147483648 -2147483648 -2147483648 -2147483648 -2147483648 -2147483648 -2147483648 -2147483648 -2147483648 -2147483648 -2147483648 -2147483648 -2147483648 -2147483648 -2147483648 -2147483648 -2147483648 -2147483648 -2147483648 -2147483648 -2147483648 -2147483648 -2147483648 -2147483648 -2147483648 -2147483648 -2147483648 -2147483648 -2147483648 -2147483648 -2147483648 -2147483648 -2147483648 -2147483648 -2147483648 -2147483648 -2147483648 -2147483648 -2147483648 -2147483648 -18 -19 -2147483648 -2147483648 -2147483648 -2147483648 -2147483648 -2147483648 -2147483648 -2147483648 -2147483648 -2147483648 -2147483648 -2147483648 -2147483648 -2147483648 -2147483648 -2147483648 -2147483648 -2147483648 -2147483648 -2147483648 -2147483648 -2147483648 -2147483648 -2147483648 -2147483648 -2147483648 -2147483648 -2147483648 -2147483648 -2147483648 -2147483648 -2147483648 -2147483648 -2147483648 -2147483648 -2147483648 -2147483648 -2147483648 -2147483648 -2147483648
split_feature= 2 4 2 5 3 0 1 6 5 6 6 1 2 7 6 0 5 6
split_gain= 23.8444 4.82632 1.96934 0.549738 2.06676 0.653039 0.47218 0.346873 1.06351 0.264881 0.141706 0.110152 0.0967669 0.0257451 0.0653506 0.0201381 0.00215509 0.996367
threshold= 0.22240778803825376 -0.47479055821895594 -0.66439446806907643 0.4545369297266007 -0.20790822058916092 0.30019079148769384 -0.60376766324043263 -0.95239326357841492 0.012622401118278507 -0.56123605370521534 0.83954980969429027 -1.4288483262062073 1.0447960495948794 -1.2588718533515932 0.23248040676116946 -0.11098424345254898 0.65354096889495861 -0.08627330511808394
decision_type= 2 2 2 2 2 2 2 2 2 2 2 2 2 2 2 2 2 2
left_child=1 7 6 5 10 12 -3 8 -1 -6 -5 -9 -2 14 -4 -13 -8 -18
right_child=3 2 13 4 9 -7 16 11 -10 -11 -12 15 -14 -15 -16 -17 17 -19
leaf_value= 0.015071664554355988 0.00018902221759478774 0.017759240972219217 0.0045632519428768469 -0.0011976437315994798 -0.0074609990598187058 -0.0089626135330312922 0.01223744129466821 0.013841177086345852 -0.0032885697565316302 -0.01836938904870181 -0.014912778299253131 0.0011971319876425382 -0.0066675754378223186 0.0058400839436706809 -0.016513743062558421 -0.0058369907206710734 0.014769476924955503 -0.0033822237675606159
leaf_weight=145 662 355 62 360 170 749 569 50 122 409 86 451 452 1070 51 519 114 157
leaf_count=145 662 355 62 360 170 749 569 50 122 409 86 451 452 1070 51 519 114 157
model_size=2048
internal_value=0 0.00548341 0.00845667 -0.00695869 -0.0102391 -0.00515384 0.0120672 -1.02929e-05 0.00668234 -0.0151666 -0.00384227 -0.00176219 -0.00259301 0.00480948 -0.00494937 -0.00256649 0.00966168 0.00425355
internal_weight=0 3665 2378 2888 1025 1863 1195 1287 267 579 446 1020 1114 1183 113 970 840 271
internal_count=6553 3665 2378 2888 1025 1863 1195 1287 267 579 446 1020 1114 1183 113 970 840 271
is_linear=0
shrinkage=0.1


Tree=8
num_leaves= 14
num_cat= 0
full_tree_array_lgbids= 0 1 2 5 3 6 8 -1 -7 7 4 -2 10 -4 -10 -2147483648 -2147483648 -2147483648 -2147483648 9 -9 -5 -6 -2147483648 -2147483648 -8 11 -2147483648 -2147483648 -2147483648 -2147483648 -2147483648 -2147483648 -2147483648 -2147483648 -2147483648 -2147483648 -2147483648 -2147483648 -3 -11 -2147483648 -2147483648 -2147483648 -2147483648 -2147483648 -2147483648 -2147483648 -2147483648 -2147483648 -2147483648 -2147483648 -2147483648 -12 12 -2147483648 -2147483648 -2147483648 -2147483648 -2147483648 -2147483648 -2147483648 -2147483648 -2147483648 -2147483648 -2147483648 -2147483648 -2147483648 -2147483648 -2147483648 -2147483648 -2147483648 -2147483648 -2147483648 -2147483648 -2147483648 -2147483648 -2147483648 -2147483648 -2147483648 -2147483648 -2147483648 -2147483648 -2147483648 -2147483648 -2147483648 -2147483648 -2147483648 -2147483648 -2147483648 -2147483648 -2147483648 -2147483648 -2147483648 -2147483648 -2147483648 -2147483648 -2147483648 -2147483648 -2147483648 -2147483648 -2147483648 -2147483648 -2147483648 -2147483648 -2147483648 -2147483648 -2147483648 -2147483648 -13 -14 -2147483648 -2147483648 -2147483648 -2147483648 -2147483648 -2147483648 -2147483648 -2147483648 -2147483648 -2147483648 -2147483648 -2147483648 -2147483648 -2147483648 -2147483648 -2147483648
split_feature= 2 4 2 5 6 4 0 7 7 1 6 3 5
split_gain= 19.3104 3.76441 2.66088 0.309496 2.3771 0.289497 0.271614 0.21859 0.216654 0.0685926 0.0328825 1.64354 0.900028
threshold= -0.20515757799148557 0.56924891471862804 0.47420810163021093 0.93321415781974804 -0.24426137655973432 -0.77998724579811085 -1.2824143767356868 1.2773535251617438 -1.1613988280296323 -0.56474837660789479 0.40036414563655859 0.2989127933979035 -0.82036203145980824
decision_type= 2 2 2 2 2 2 2 2 2 2 2 2 2
left_child=1 5 6 7 -5 -1 -2 9 -4 -3 -8 -12 -13
right_child=2 3 8 4 -6 -7 10 -9 -10 -11 11 12 -14
leaf_value= 1.7899482824618637e-05 0.0087768689637469297 0.022728417531399085 -0.013624494099549165 0.021545331256642736 -0.0072101262551398206 0.005837788717981819 0.00074441201230523155 0.00057003052876980021 -0.0063390262987772896 0.013115674336594378 0.00097259964526897962 0.0050045676698968955 -0.019162632216565251
leaf_weight=729 149 203 313 73 108 1148 771 66 2029 455 286 46 177
leaf_count=729 149 203 313 73 108 1148 771 66 2029 455 286 46 177
model_size=1488
internal_value=0 0.0065162 -0.00480723 0.0126113 0.00438738 0.00357743 -0.000700992 0.0146673 -0.0073127 0.0160813 -0.00180427 -0.00566486 -0.0141775
internal_weight=0 2782 3771 905 181 1877 1429 724 2342 658 1280 509 223
internal_count=6553 2782 3771 905 181 1877 1429 724 2342 658 1280 509 223
is_linear=0
shrinkage=0.1


Tree=9
num_leaves= 7
num_cat= 0
full_tree_array_lgbids= 0 1 2 5 4 3 -4 -1 -7 -3 -6 -2 -5 -2147483648 -2147483648
split_feature= 2 4 2 0 1 4
split_gain= 15.4607 2.49142 2.03493 0.1733 0.0896214 0.0429974
threshold= -0.24277038127183911 0.56924891471862804 0.47420810163021093 0.34253489971160894 -1.3718686103820799 -0.77998724579811085
decision_type= 2 2 2 2 2 2
left_child=1 5 3 -2 -3 -1
right_child=2 4 -4 -5 -6 -7
leaf_value= 7.576040360508553e-05 0.0019980021292697286 0.027043250797746273 -0.0065814329462316303 -0.0042713520833615988 0.010421793067836157 0.0055643617228271778
leaf_weight=705 886 52 2342 621 824 1123
leaf_count=705 886 52 2342 621 824 1123
model_size=704
internal_value=0 0.00602663 -0.00423383 -0.000585454 0.0114085 0.00344759
internal_weight=0 2704 3849 1507 876 1828
internal_count=6553 2704 3849 1507 876 1828
is_linear=0
shrinkage=0.1


Tree=10
num_leaves= 10
num_cat= 0
full_tree_array_lgbids= 0 1 4 -1 2 7 5 -2147483648 -2147483648 8 3 -2 -9 -6 6 -2147483648 -2147483648 -2147483648 -2147483648 -3 -10 -4 -5 -2147483648 -2147483648 -2147483648 -2147483648 -2147483648 -2147483648 -7 -8
split_feature= 2 4 6 5 6 3 5 0 0
split_gain= 12.2969 2.30718 0.600689 1.38178 0.394126 1.63347 1.23321 0.337515 0.256278
threshold= 0.11063466221094136 -0.13487913459539411 1.1426041126251223 0.17076345533132556 0.40036414563655859 -0.53535610437393177 -0.78617820143699635 0.9240403175354005 0.55547255277633678
decision_type= 2 2 2 2 2 2 2 2 2
left_child=1 -1 8 -4 7 -6 -7 -2 -3
right_child=4 2 3 -5 5 6 -8 -9 -10
leaf_value= 0.00088926788173073878 -0.0014756296103588325 0.010925228590145259 0.0090905050003701558 -0.010948646240054614 -0.00038810339089281659 -0.0009624364094788884 -0.014165042408527149 -0.0085564531455794048 0.0042834714508748475
leaf_weight=1603 1533 1037 140 126 370 188 622 409 525
leaf_count=1603 1533 1037 140 126 370 188 622 409 525
model_size=1040
internal_value=0 0.00434186 0.00736949 -0.000401725 -0.0047716 -0.00774169 -0.0111007 -0.00296691 0.00869288
internal_weight=0 3431 1828 266 3122 1180 810 1942 1562
internal_count=6553 3431 1828 266 3122 1180 810 1942 1562
is_linear=0
shrinkage=0.1


Tree=11
num_leaves= 5
num_cat= 0
full_tree_array_lgbids= 0 3 1 -1 -5 2 -3 -2147483648 -2147483648 -2147483648 -2147483648 -2 -4 -2147483648 -2147483648
split_feature= 2 2 4 4
split_gain= 10.246 1.2877 1.0527 0.985828
threshold= -0.31999127566814417 0.84255495667457592 0.26278324425220495 0.56924891471862804
decision_type= 2 2 2 2
left_child=3 2 -2 -1
right_child=1 -3 -4 -5
leaf_value= 0.0031843406183998386 -0.003982538847277472 -0.0066203335542565252 0.0022520850329576631 0.009590654584937847
leaf_weight=1721 1449 1510 1046 827
leaf_count=1721 1449 1510 1046 827
model_size=480
internal_value=0 -0.00334874 -0.00136874 0.00526363
internal_weight=0 4005 2495 2548
internal_count=6553 4005 2495 2548
is_linear=0
shrinkage=0.1


Tree=12
num_leaves= 6
num_cat= 0
full_tree_array_lgbids= 0 2 1 4 -4 3 -3 -1 -6 -2147483648 -2147483648 -2 -5 -2147483648 -2147483648
split_feature= 2 2 1 4 0
split_gain= 8.05316 1.02194 0.810374 0.110235 0.0582954
threshold= -0.36874486505985254 0.4504156112670899 -0.041156854480504983 -0.99983337521553006 0.270839273929596
decision_type= 2 2 2 2 2
left_child=2 3 4 -2 -1
right_child=1 -3 -4 -5 -6
leaf_value= 0.010840703426331928 -0.0062697944373448751 -0.0049364726213425398 0.0020378816035533228 0.0012544137470689937 0.0039258600518780147
leaf_weight=689 308 2394 1258 1407 497
leaf_count=689 308 2394 1258 1407 497
model_size=592
internal_value=0 -0.00291654 0.00490346 -9.68726e-05 0.007943
internal_weight=0 4109 2444 1715 1186
internal_count=6553 4109 2444 1715 1186
is_linear=0
shrinkage=0.1


Tree=13
num_leaves= 11
num_cat= 0
full_tree_array_lgbids= 0 2 1 -1 -4 -2 3 -2147483648 -2147483648 -2147483648 -2147483648 -2147483648 -2147483648 4 -5 -2147483648 -2147483648 -2147483648 -2147483648 -2147483648 -2147483648 -2147483648 -2147483648 -2147483648 -2147483648 -2147483648 -2147483648 7 5 -2147483648 -2147483648 -2147483648 -2147483648 -2147483648 -2147483648 -2147483648 -2147483648 -2147483648 -2147483648 -2147483648 -2147483648 -2147483648 -2147483648 -2147483648 -2147483648 -2147483648 -2147483648 -2147483648 -2147483648 -2147483648 -2147483648 -2147483648 -2147483648 -2147483648 -2147483648 8 9 -6 6 -2147483648 -2147483648 -2147483648 -2147483648 -2147483648 -2147483648 -2147483648 -2147483648 -2147483648 -2147483648 -2147483648 -2147483648 -2147483648 -2147483648 -2147483648 -2147483648 -2147483648 -2147483648 -2147483648 -2147483648 -2147483648 -2147483648 -2147483648 -2147483648 -2147483648 -2147483648 -2147483648 -2147483648 -2147483648 -2147483648 -2147483648 -2147483648 -2147483648 -2147483648 -2147483648 -2147483648 -2147483648 -2147483648 -2147483648 -2147483648 -2147483648 -2147483648 -2147483648 -2147483648 -2147483648 -2147483648 -2147483648 -2147483648 -2147483648 -2147483648 -2147483648 -2147483648 -3 -10 -9 -11 -2147483648 -2147483648 -7 -8 -2147483648 -2147483648 -2147483648 -2147483648 -2147483648 -2147483648 -2147483648 -2147483648
split_feature= 2 7 4 4 5 3 6 3 6 6
split_gain= 6.26286 0.760979 0.559118 0.526854 0.0297094 1.55859 1.50495 1.49349 1.08091 0.536585
threshold= -0.33504875004291529 -0.99863114953041066 -0.3957854956388473 0.66168963909149181 0.12283720821142197 -0.16804680228233337 -0.5871194303035735 -0.76961690187454213 0.023997919633984569 1.0653086304664612
decision_type= 2 2 2 2 2 2 2 2 2 2
left_child=2 -2 -1 4 7 -6 -7 8 -3 -9
right_child=1 3 -4 -5 5 6 -8 9 -10 -11
leaf_value= 0.00077173466722231434 -0.00750993996387107 -0.017390512754320211 0.0064341362958703786 0.002112348190531944 2.9569444165075011e-05 0.00034689741373846762 -0.014911303521951644 0.0036713663211205894 0.000900419696699828 -0.0081488753715044989
leaf_weight=948 739 168 1574 955 477 173 419 810 128 162
leaf_count=948 739 168 1574 955 477 173 419 810 128 162
model_size=1152
internal_value=0 -0.00269386 0.00430568 -0.00161272 -0.00313495 -0.00577523 -0.0104524 -0.000909041 -0.00948092 0.00170133
internal_weight=0 4031 2522 3292 2337 1069 592 1268 296 972
internal_count=6553 4031 2522 3292 2337 1069 592 1268 296 972
is_linear=0
shrinkage=0.1


Tree=14
num_leaves= 4
num_cat= 0
full_tree_array_lgbids= 0 1 -2 2 -3 -2147483648 -2147483648 -1 -4 -2147483648 -2147483648 -2147483648 -2147483648 -2147483648 -2147483648
split_feature= 2 0 1
split_gain= 5.19016 1.09187 0.561485
threshold= 0.41311286389827734 0.24408297240734103 -0.041156854480504983
decision_type= 2 2 2
left_child=1 2 -1
right_child=-2 -3 -4
leaf_value= 0.0074394216588315742 -0.0040668840572705093 -0.00041389055609281555 0.0017021774993706438
leaf_weight=1177 2472 1723 1181
leaf_count=1177 2472 1723 1181
model_size=368
internal_value=0 0.00246345 0.00456593
internal_weight=0 4081 2358
internal_count=6553 4081 2358
is_linear=0
shrinkage=0.1


Tree=15
num_leaves= 12
num_cat= 0
full_tree_array_lgbids= 0 9 1 -1 -11 4 2 -2147483648 -2147483648 -2147483648 -2147483648 5 -6 10 3 -2147483648 -2147483648 -2147483648 -2147483648 -2147483648 -2147483648 -2147483648 -2147483648 6 8 -2147483648 -2147483648 -3 -12 -4 -5 -2147483648 -2147483648 -2147483648 -2147483648 -2147483648 -2147483648 -2147483648 -2147483648 -2147483648 -2147483648 -2147483648 -2147483648 -2147483648 -2147483648 -2147483648 -2147483648 7 -8 -7 -10 -2147483648 -2147483648 -2147483648 -2147483648 -2147483648 -2147483648 -2147483648 -2147483648 -2147483648 -2147483648 -2147483648 -2147483648 -2147483648 -2147483648 -2147483648 -2147483648 -2147483648 -2147483648 -2147483648 -2147483648 -2147483648 -2147483648 -2147483648 -2147483648 -2147483648 -2147483648 -2147483648 -2147483648 -2147483648 -2147483648 -2147483648 -2147483648 -2147483648 -2147483648 -2147483648 -2147483648 -2147483648 -2147483648 -2147483648 -2147483648 -2147483648 -2147483648 -2147483648 -2147483648 -2 -9 -2147483648 -2147483648 -2147483648 -2147483648 -2147483648 -2147483648 -2147483648 -2147483648 -2147483648 -2147483648 -2147483648 -2147483648 -2147483648 -2147483648 -2147483648 -2147483648 -2147483648 -2147483648 -2147483648 -2147483648 -2147483648 -2147483648 -2147483648 -2147483648 -2147483648 -2147483648 -2147483648 -2147483648 -2147483648 -2147483648
split_feature= 2 6 3 5 0 5 3 5 3 4 2
split_gain= 4.15004 0.727325 3.41533 0.836658 0.572231 0.141072 0.651852 1.35238 0.357597 0.139418 0.0600196
threshold= -0.73440709710121144 0.48795536160469061 0.03902785666286946 -0.88524380326271046 0.20387880504131317 1.1980468630790713 -1.1720492243766782 -0.29158644378185267 -0.48799206316471094 0.73437872529029857 1.1354576945304873
decision_type= 2 2 2 2 2 2 2 2 2 2 2
left_child=9 4 10 -4 5 6 7 -2 -7 -1 -3
right_child=1 2 3 -5 -6 8 -8 -9 -10 -11 -12
leaf_value= 0.003100872311841826 -0.016578580257625795 0.0028371085004073923 0.00019874343756606894 -0.012249702539285451 -0.0029928623083415621 0.0077049354223339868 0.00454791355111027 0.0060612954824037927 -0.011645762549029881 0.0098630891354768643 -0.0082349329558567483
leaf_weight=1201 114 686 181 698 1389 67 1356 101 154 463 143
leaf_count=1201 114 686 181 698 1389 67 1356 101 154 463 143
model_size=1264
internal_value=0 -0.0016958 -0.00453493 -0.00968637 -0.000171361 0.00201562 0.00311216 -0.0059431 -0.00577926 0.00498243 0.000927215
internal_weight=0 4889 1708 879 3181 1792 1571 215 221 1664 829
internal_count=6553 4889 1708 879 3181 1792 1571 215 221 1664 829
is_linear=0
shrinkage=0.1


Tree=16
num_leaves= 10
num_cat= 0
full_tree_array_lgbids= 0 1 -2 -1 2 -2147483648 -2147483648 -2147483648 -2147483648 5 3 -2147483648 -2147483648 -2147483648 -2147483648 -2147483648 -2147483648 -2147483648 -2147483648 6 7 8 4 -2147483648 -2147483648 -2147483648 -2147483648 -2147483648 -2147483648 -2147483648 -2147483648 -2147483648 -2147483648 -2147483648 -2147483648 -2147483648 -2147483648 -2147483648 -2147483648 -3 -8 -7 -9 -4 -10 -5 -6 -2147483648 -2147483648 -2147483648 -2147483648 -2147483648 -2147483648 -2147483648 -2147483648 -2147483648 -2147483648 -2147483648 -2147483648 -2147483648 -2147483648 -2147483648 -2147483648
split_feature= 2 4 5 6 3 6 5 4 4
split_gain= 3.34609 0.82477 0.351059 2.13105 0.916178 0.188227 1.14388 0.65681 0.0905314
threshold= 0.29799550771713262 -0.80669787526130665 0.65354096889495861 -0.30622373521327967 -0.58303743600845326 -1.0934035181999204 -0.64607253670692433 0.26278324425220495 -0.078835777938365922
decision_type= 2 2 2 2 2 2 2 2 2
left_child=1 -1 5 8 -5 6 -3 -7 -4
right_child=-2 2 3 4 -6 7 -8 -9 -10
leaf_value= -0.0018824692028299392 -0.0031893770232757513 -0.011648927183191785 -0.0020071123431747158 0.0049181123006003073 -0.0099692699662442888 0.0025905267528754765 0.0065063733737305051 0.0096315184116250174 0.01255768125160543
leaf_weight=968 2732 136 105 151 351 755 183 949 223
leaf_count=968 2732 136 105 151 351 755 183 949 223
model_size=1040
internal_value=0 0.00228039 0.00369282 -0.00020116 -0.00549119 0.00529045 -0.00123382 0.00651183 0.00789517
internal_weight=0 3821 2853 830 502 2023 319 1704 328
internal_count=6553 3821 2853 830 502 2023 319 1704 328
is_linear=0
shrinkage=0.1


Tree=17
num_leaves= 5
num_cat= 0
full_tree_array_lgbids= 0 -1 1 -2147483648 -2147483648 2 -3 -2147483648 -2147483648 -2147483648 -2147483648 -2 3 -2147483648 -2147483648 -2147483648 -2147483648 -2147483648 -2147483648 -2147483648 -2147483648 -2147483648 -2147483648 -2147483648 -2147483648 -4 -5 -2147483648 -2147483648 -2147483648 -2147483648
split_feature= 2 7 3 5
split_gain= 2.65195 0.375749 0.610701 0.109081
threshold= -0.62022417783737172 -0.63094553351402272 0.38624238967895513 -0.77255976200103749
decision_type= 2 2 2 2
left_child=-1 2 -2 -4
right_child=1 -3 3 -5
leaf_value= 0.003917827691737606 -0.0016339684849094923 -0.00030681343712033219 -0.00027135385373266719 -0.012786908668842023
leaf_weight=1898 863 3268 134 390
leaf_count=1898 863 3268 134 390
model_size=480
internal_value=0 -0.00159743 -0.00463833 -0.00958637
internal_weight=0 4655 1387 524
internal_count=6553 4655 1387 524
is_linear=0
shrinkage=0.1


Tree=18
num_leaves= 4
num_cat= 0
full_tree_array_lgbids= 0 1 -2 -1 2 -2147483648 -2147483648 -2147483648 -2147483648 -3 -4 -2147483648 -2147483648 -2147483648 -2147483648
split_feature= 2 1 4
split_gain= 2.05076 0.757645 0.346964
threshold= 0.4504156112670899 -1.1882524490356443 -0.99983337521553006
decision_type= 2 2 2
left_child=1 -1 -3
right_child=-2 2 -4
leaf_value= 0.0080433255148995107 -0.0030520475085238103 -0.0036322506226186923 0.0019967584853867078
leaf_weight=495 2394 709 2955
leaf_count=495 2394 709 2955
model_size=368
internal_value=0 0.00175682 0.000907521
internal_weight=0 4159 3664
internal_count=6553 4159 3664
is_linear=0
shrinkage=0.1


Tree=19
num_leaves= 9
num_cat= 0
full_tree_array_lgbids= 0 -1 1 -2147483648 -2147483648 4 2 -2147483648 -2147483648 -2147483648 -2147483648 5 6 -3 3 -2147483648 -2147483648 -2147483648 -2147483648 -2147483648 -2147483648 -2147483648 -2147483648 -2 -7 -6 -8 -2147483648 -2147483648 7 -5 -2147483648 -2147483648 -2147483648 -2147483648 -2147483648 -2147483648 -2147483648 -2147483648 -2147483648 -2147483648 -2147483648 -2147483648 -2147483648 -2147483648 -2147483648 -2147483648 -2147483648 -2147483648 -2147483648 -2147483648 -2147483648 -2147483648 -2147483648 -2147483648 -2147483648 -2147483648 -2147483648 -2147483648 -4 -9 -2147483648 -2147483648
split_feature= 2 5 3 6 3 6 0 7
split_gain= 1.56988 0.274239 2.97265 2.1669 0.545176 1.53604 0.261279 0.239024
threshold= -0.49034024775028223 0.12283720821142197 -0.10433290526270864 -0.51789262890815724 -1.1720492243766782 1.0000000180025095e-35 -0.11098424345254898 -0.54943230748176564
decision_type= 2 2 2 2 2 2 2 2
left_child=-1 4 -3 7 5 -2 -6 -4
right_child=1 2 3 -5 6 -7 -8 -9
leaf_value= 0.0030476296947004552 -0.0161731191186824 0.0012624085904358573 -0.010814944137667266 -0.012137603661158311 0.0044711501813770619 0.0042628002289261313 -0.0013111460766477199 0.0053926618152145564
leaf_weight=2184 169 942 92 724 978 126 1112 226
leaf_count=2184 169 942 92 724 978 126 1112 226
model_size=928
internal_value=0 -0.00152347 -0.00371707 -0.00821867 0.000301319 -0.00744456 0.00139464 0.000703669
internal_weight=0 4369 1984 1042 2385 295 2090 318
internal_count=6553 4369 1984 1042 2385 295 2090 318
is_linear=0
shrinkage=0.1


Tree=20
num_leaves= 5
num_cat= 0
full_tree_array_lgbids= 0 1 -2 -1 2 -2147483648 -2147483648 -2147483648 -2147483648 -3 3 -2147483648 -2147483648 -2147483648 -2147483648 -2147483648 -2147483648 -2147483648 -2147483648 -2147483648 -2147483648 -4 -5 -2147483648 -2147483648 -2147483648 -2147483648 -2147483648 -2147483648 -2147483648 -2147483648
split_feature= 2 4 5 6
split_gain= 1.10121 0.497889 0.140336 0.494947
threshold= 0.70152944326400768 0.56924891471862804 1.2487433552742007 -0.08627330511808394
decision_type= 2 2 2 2
left_child=1 -1 -3 -4
right_child=-2 2 3 -5
leaf_value= -0.00019943515930615779 -0.0032104772256823255 0.0052408979570333809 0.0067395324663569525 -0.016410774356507004
leaf_weight=3179 1822 1402 69 81
leaf_count=3179 1822 1402 69 81
model_size=480
internal_value=0 0.00123642 0.00417751 -0.00576163
internal_weight=0 4731 1552 150
internal_count=6553 4731 1552 150
is_linear=0
shrinkage=0.1


Tree=21
num_leaves= 5
num_cat= 0
full_tree_array_lgbids= 0 -1 1 -2147483648 -2147483648 -2 2 -2147483648 -2147483648 -2147483648 -2147483648 -2147483648 -2147483648 -3 3 -2147483648 -2147483648 -2147483648 -2147483648 -2147483648 -2147483648 -2147483648 -2147483648 -2147483648 -2147483648 -2147483648 -2147483648 -2147483648 -2147483648 -4 -5
split_feature= 2 6 3 5
split_gain= 0.862458 0.0683048 1.71576 0.0337973
threshold= -0.73440709710121144 0.48795536160469061 -0.048922840505838387 -0.78617820143699635
decision_type= 2 2 2 2
left_child=-1 -2 -3 -4
right_child=1 2 3 -5
leaf_value= 0.0032626445988512389 0.00020683713101903262 0.0011331648548474533 -0.00022721931753106581 -0.0098723498706213692
leaf_weight=1664 3181 788 218 702
leaf_count=1664 3181 788 218 702
model_size=480
internal_value=0 -0.00111046 -0.00356381 -0.00758687
internal_weight=0 4889 1708 920
internal_count=6553 4889 1708 920
is_linear=0
shrinkage=0.1


Tree=22
num_leaves= 4
num_cat= 0
full_tree_array_lgbids= 0 1 2 -1 -3 -2 -4
split_feature= 0 1 4
split_gain= 0.627112 0.187294 0.0965249
threshold= -0.11098424345254898 -0.041156854480504983 -0.45289823412895197
decision_type= 2 2 2
left_child=1 -1 -2
right_child=2 -3 -4
leaf_value= 0.0043928888433009102 -0.004563005197469972 -0.00036027848828735988 -8.4846134193022438e-05
leaf_weight=1475 1255 1556 2267
leaf_count=1475 1255 1556 2267
model_size=368
internal_value=0 0.00195279 -0.00168056
internal_weight=0 3031 3522
internal_count=6553 3031 3522
is_linear=0
shrinkage=0.1


Tree=23
num_leaves= 6
num_cat= 0
full_tree_array_lgbids= 0 -1 1 -2147483648 -2147483648 2 -3 -2147483648 -2147483648 -2147483648 -2147483648 -2 3 -2147483648 -2147483648 -2147483648 -2147483648 -2147483648 -2147483648 -2147483648 -2147483648 -2147483648 -2147483648 -2147483648 -2147483648 4 -5 -2147483648 -2147483648 -2147483648 -2147483648 -2147483648 -2147483648 -2147483648 -2147483648 -2147483648 -2147483648 -2147483648 -2147483648 -2147483648 -2147483648 -2147483648 -2147483648 -2147483648 -2147483648 -2147483648 -2147483648 -2147483648 -2147483648 -2147483648 -2147483648 -4 -6 -2147483648 -2147483648 -2147483648 -2147483648 -2147483648 -2147483648 -2147483648 -2147483648 -2147483648 -2147483648
split_feature= 1 7 3 6 5
split_gain= 0.480248 0.589254 0.398329 0.614934 0.133204
threshold= -1.1993861794471739 -0.60024547576904286 -0.048922840505838387 -0.68856987357139576 0.49337825179100042
decision_type= 2 2 2 2 2
left_child=-1 2 -2 4 -4
right_child=1 -3 3 -5 -6
leaf_value= 0.0048588180361333732 -0.00019133492600151113 0.00063885711677847919 0.0073102992212936233 -0.0097586159095675792 -0.010351171525752885
leaf_weight=754 882 4024 158 654 81
leaf_count=754 882 4024 158 654 81
model_size=592
internal_value=0 -0.000631755 -0.00351229 -0.00679233 0.00132461
internal_weight=0 5799 1775 893 239
internal_count=6553 5799 1775 893 239
is_linear=0
shrinkage=0.1


Tree=24
num_leaves= 13
num_cat= 0
full_tree_array_lgbids= 0 1 -2 -1 2 -2147483648 -2147483648 -2147483648 -2147483648 5 3 -2147483648 -2147483648 -2147483648 -2147483648 -2147483648 -2147483648 -2147483648 -2147483648 6 9 4 11 -2147483648 -2147483648 -2147483648 -2147483648 -2147483648 -2147483648 -2147483648 -2147483648 -2147483648 -2147483648 -2147483648 -2147483648 -2147483648 -2147483648 -2147483648 -2147483648 7 8 -7 10 -4 -6 -5 -13 -2147483648 -2147483648 -2147483648 -2147483648 -2147483648 -2147483648 -2147483648 -2147483648 -2147483648 -2147483648 -2147483648 -2147483648 -2147483648 -2147483648 -2147483648 -2147483648 -2147483648 -2147483648 -2147483648 -2147483648 -2147483648 -2147483648 -2147483648 -2147483648 -2147483648 -2147483648 -2147483648 -2147483648 -2147483648 -2147483648 -2147483648 -2147483648 -3 -9 -8 -10 -2147483648 -2147483648 -11 -12 -2147483648 -2147483648 -2147483648 -2147483648 -2147483648 -2147483648 -2147483648 -2147483648 -2147483648 -2147483648 -2147483648 -2147483648 -2147483648 -2147483648 -2147483648 -2147483648 -2147483648 -2147483648 -2147483648 -2147483648 -2147483648 -2147483648 -2147483648 -2147483648 -2147483648 -2147483648 -2147483648 -2147483648 -2147483648 -2147483648 -2147483648 -2147483648 -2147483648 -2147483648 -2147483648 -2147483648 -2147483648 -2147483648 -2147483648 -2147483648
split_feature= 2 4 6 5 3 5 3 7 6 3 7 3
split_gain= 0.436247 0.280745 0.124746 2.90445 0.346641 0.154077 2.7957 1.07268 0.436389 0.204735 1.13548 0.000399685
threshold= 0.93685343861579906 -0.67562311887741078 0.64664298295974743 -0.10170334950089453 0.62852618098258983 -0.75430628657340992 -0.63953381776809681 0.38181754946708685 -1.0479806065559383 0.43861338496208196 -0.48185230791568751 -1.1940956711769102
decision_type= 2 2 2 2 2 2 2 2 2 2 2 2
left_child=1 -1 5 4 -4 6 7 -3 -8 -7 -11 -5
right_child=-2 2 3 11 -6 9 8 -9 -10 10 -12 -13
leaf_value= -0.0020656324087942263 -0.0034540298698421874 -0.0029753870910655626 0.0097101830905159479 0.0080816970938209776 -0.0032759692062708464 0.007250462840495216 -0.0069517406915630478 -0.024673389427766781 0.0083177953577283151 -0.0083833480345207115 0.0052955301633418987 -0.008765774278511591
leaf_weight=1505 1328 134 356 61 165 1237 112 96 364 214 443 538
leaf_count=1505 1328 134 356 61 165 1237 112 96 364 214 443 538
model_size=1376
internal_value=0 0.000877885 0.00206874 -0.00116671 0.00559749 0.00346248 -0.000734086 -0.0120319 0.00472496 0.00502677 0.000840005 -0.00705009
internal_weight=0 5225 3720 1120 521 2600 706 230 476 1894 657 599
internal_count=6553 5225 3720 1120 521 2600 706 230 476 1894 657 599
is_linear=0
shrinkage=0.1


Tree=25
num_leaves= 2
num_cat= 0
full_tree_array_lgbids= 0 -1 -2
split_feature= 2
split_gain= 0.197919
threshold= -0.73440709710121144
decision_type= 2
left_child=-1
right_child=-2
leaf_value= 0.0028327305070044639 -0.00096413655050716588
leaf_weight=1664 4889
leaf_count=1664 4889
model_size=144
internal_value=0
internal_weight=0
internal_count=6553
is_linear=0
shrinkage=0.1


Tree=26
num_leaves= 6
num_cat= 0
full_tree_array_lgbids= 0 1 -2 -1 2 -2147483648 -2147483648 -2147483648 -2147483648 -3 3 -2147483648 -2147483648 -2147483648 -2147483648 -2147483648 -2147483648 -2147483648 -2147483648 -2147483648 -2147483648 4 -5 -2147483648 -2147483648 -2147483648 -2147483648 -2147483648 -2147483648 -2147483648 -2147483648 -2147483648 -2147483648 -2147483648 -2147483648 -2147483648 -2147483648 -2147483648 -2147483648 -2147483648 -2147483648 -2147483648 -2147483648 -4 -6 -2147483648 -2147483648 -2147483648 -2147483648 -2147483648 -2147483648 -2147483648 -2147483648 -2147483648 -2147483648 -2147483648 -2147483648 -2147483648 -2147483648 -2147483648 -2147483648 -2147483648 -2147483648
split_feature= 0 5 3 6 7
split_gain= 0.176283 0.224913 1.12489 0.981308 0.104839
threshold= 0.25716689229011541 0.099228095263242735 -0.16804680228233337 -0.5871194303035735 -0.57505470514297474
decision_type= 2 2 2 2 2
left_child=1 -1 -3 4 -4
right_child=-2 2 3 -5 -6
leaf_value= 0.0034122875261131482 -0.0019325678318847265 0.0033626394775610226 -0.0092436173353223263 -0.0079620118485980856 0.0082063333068480276
leaf_weight=2060 2752 789 77 670 205
leaf_count=2060 2752 789 77 670 205
model_size=592
internal_value=0 0.00139922 -0.000982703 -0.00458404 0.00344163
internal_weight=0 3801 1741 952 282
internal_count=6553 3801 1741 952 282
is_linear=0
shrinkage=0.1


Tree=27
num_leaves= 2
num_cat= 0
full_tree_array_lgbids= 0 -1 -2
split_feature= 4
split_gain= 0.0619608
threshold= 0.73437872529029857
decision_type= 2
left_child=-1
right_child=-2
leaf_value= -0.00097227032046929857 0.0026293619007087604
leaf_weight=4784 1769
leaf_count=4784 1769
model_size=144
internal_value=0
internal_weight=0
internal_count=6553
is_linear=0
shrinkage=0.1


Tree=28
num_leaves= 3
num_cat= 0
full_tree_array_lgbids= 0 -1 1 -2147483648 -2147483648 -2 -3
split_feature= 1 7
split_gain= 0.0240013 0.0169821
threshold= -1.0771715641021729 -1.2588718533515932
decision_type= 2 2
left_child=-1 -2
right_child=1 -3
leaf_value= 0.0036987577521086397 -0.005996492449314393 -0.00012248302285636391
leaf_weight=1014 523 5016
leaf_count=1014 523 5016
model_size=256
internal_value=0 -0.000677115
internal_weight=0 5539
internal_count=6553 5539
is_linear=0
shrinkage=0.1


end of trees

feature_importances:
Column_5=85
Column_6=79
Column_3=70
Column_4=59
Column_7=52
Column_2=51
Column_0=39
Column_1=29

parameters:
[boosting: gbdt]
[objective: regression]
[metric: rmse]
[tree_learner: serial]
[device_type: cpu]
[data_sample_strategy: bagging]
[data: data/kin8nm.libsvm.train]
[valid: data/kin8nm.libsvm.test]
[num_iterations: 10000]
[learning_rate: 0.1]
[num_leaves: 255]
[num_threads: 0]
[seed: 42]
[deterministic: 0]
[force_col_wise: 0]
[force_row_wise: 0]
[histogram_pool_size: -1]
[max_depth: 7]
[min_data_in_leaf: 10]
[min_sum_hessian_in_leaf: 0.001]
[bagging_fraction: 1]
[pos_bagging_fraction: 1]
[neg_bagging_fraction: 1]
[bagging_freq: 0]
[bagging_seed: 400]
[feature_fraction: 1]
[feature_fraction_bynode: 1]
[feature_fraction_seed: 30056]
[extra_trees: 0]
[extra_seed: 12879]
[early_stopping_round: 0]
[early_stopping_min_delta: 0]
[first_metric_only: 0]
[max_delta_step: 0]
[lambda_l1: 0]
[lambda_l2: 0]
[linear_lambda: 0]
[min_gain_to_split: 0]
[drop_rate: 0.1]
[max_drop: 50]
[skip_drop: 0.5]
[xgboost_dart_mode: 0]
[uniform_drop: 0]
[drop_seed: 17869]
[top_rate: 0.2]
[other_rate: 0.1]
[min_data_per_group: 100]
[max_cat_threshold: 32]
[cat_l2: 10]
[cat_smooth: 10]
[max_cat_to_onehot: 4]
[top_k: 20]
[monotone_constraints: ]
[monotone_constraints_method: basic]
[monotone_penalty: 0]
[feature_contri: ]
[forcedsplits_filename: ]
[refit_decay_rate: 0.9]
[tinygbdt_penalty_feature: 0.00390625]
[tinygbdt_penalty_split: 0.00195312]
[tinygbdt_forestsize: 64000]
[tinygbdt_precision: 7]
[cegb_tradeoff: 1]
[cegb_penalty_split: 0]
[cegb_penalty_feature_lazy: ]
[cegb_penalty_feature_coupled: ]
[path_smooth: 0]
[interaction_constraints: ]
[verbosity: 2]
[saved_feature_importance_type: 0]
[use_quantized_grad: 0]
[num_grad_quant_bins: 4]
[quant_train_renew_leaf: 0]
[stochastic_rounding: 1]
[linear_tree: 0]
[max_bin: 255]
[max_bin_by_feature: ]
[min_data_in_bin: 3]
[bin_construct_sample_cnt: 200000]
[data_random_seed: 175]
[is_enable_sparse: 1]
[enable_bundle: 1]
[use_missing: 1]
[zero_as_missing: 0]
[feature_pre_filter: 1]
[pre_partition: 0]
[two_round: 0]
[header: 0]
[label_column: ]
[weight_column: ]
[group_column: ]
[ignore_column: ]
[categorical_feature: ]
[forcedbins_filename: ]
[precise_float_parser: 0]
[parser_config_file: ]
[objective_seed: 16083]
[num_class: 1]
[is_unbalance: 0]
[scale_pos_weight: 1]
[sigmoid: 1]
[boost_from_average: 1]
[reg_sqrt: 0]
[alpha: 0.9]
[fair_c: 1]
[poisson_max_delta_step: 0.7]
[tweedie_variance_power: 1.5]
[lambdarank_truncation_level: 30]
[lambdarank_norm: 1]
[label_gain: ]
[lambdarank_position_bias_regularization: 0]
[eval_at: ]
[multi_error_top_k: 1]
[auc_mu_weights: ]
[num_machines: 1]
[local_listen_port: 12400]
[time_out: 120]
[machine_list_filename: ]
[machines: ]
[gpu_platform_id: -1]
[gpu_device_id: -1]
[gpu_use_dp: 0]
[num_gpu: 1]

end of parameters
