tree
version=v4
num_class=1
num_tree_per_iteration=1
label_index=0
max_feature_idx=21
objective=binary sigmoid:1
feature_names=Column_0 Column_1 Column_2 Column_3 Column_4 Column_5 Column_6 Column_7 Column_8 Column_9 Column_10 Column_11 Column_12 Column_13 Column_14 Column_15 Column_16 Column_17 Column_18 Column_19 Column_20 Column_21
feature_infos=[0:5] [0:3] [0:9] [0:1] [0:8] [0:1] [0:1] [0:1] [0:11] [0:1] [0:4] [0:3] [0:3] [0:8] [0:8] none [0:3] [0:2] [0:4] [0:8] [0:5] [0:6]
tree_sizes=2656 2649 2648 2640 1317 1327 1791 2567 1244 1881 1247 880 4021 4201 1539 1542 1077 622 1544 1076

Tree=0
num_leaves= 11
num_cat= 0
full_tree_array_lgbids= 0 1 2 5 -3 4 3 -1 -7 -2147483648 -2147483648 -2 -6 7 6 -2147483648 -2147483648 -2147483648 -2147483648 -2147483648 -2147483648 -2147483648 -2147483648 -2147483648 -2147483648 -2147483648 -2147483648 -4 -9 8 -8 -2147483648 -2147483648 -2147483648 -2147483648 -2147483648 -2147483648 -2147483648 -2147483648 -2147483648 -2147483648 -2147483648 -2147483648 -2147483648 -2147483648 -2147483648 -2147483648 -2147483648 -2147483648 -2147483648 -2147483648 -2147483648 -2147483648 -2147483648 -2147483648 -2147483648 -2147483648 -2147483648 -2147483648 -5 9 -2147483648 -2147483648 -2147483648 -2147483648 -2147483648 -2147483648 -2147483648 -2147483648 -2147483648 -2147483648 -2147483648 -2147483648 -2147483648 -2147483648 -2147483648 -2147483648 -2147483648 -2147483648 -2147483648 -2147483648 -2147483648 -2147483648 -2147483648 -2147483648 -2147483648 -2147483648 -2147483648 -2147483648 -2147483648 -2147483648 -2147483648 -2147483648 -2147483648 -2147483648 -2147483648 -2147483648 -2147483648 -2147483648 -2147483648 -2147483648 -2147483648 -2147483648 -2147483648 -2147483648 -2147483648 -2147483648 -2147483648 -2147483648 -2147483648 -2147483648 -2147483648 -2147483648 -2147483648 -2147483648 -2147483648 -2147483648 -2147483648 -2147483648 -2147483648 -2147483648 -10 -11 -2147483648 -2147483648 -2147483648 -2147483648
split_feature= 8 20 19 7 4 10 9 13 21 3
split_gain= 2147.68 1131.99 1074.51 716.498 201.426 161.958 108.9 77.2214 40.9569 138.354
threshold= 3.5000000000000004 3.5000000000000004 1.5000000000000002 1.0000000180025095e-35 4.5000000000000009 1.0000000180025095e-35 1.0000000180025095e-35 1.5000000000000002 1.5000000000000002 1.0000000180025095e-35
decision_type= 2 2 2 2 2 2 2 2 2 2
left_child=1 5 4 7 -2 -1 8 -4 -5 -10
right_child=2 -3 3 6 -6 -7 -8 -9 9 -11
leaf_value= 0.13625295265526666 0.13625295265526666 0.13163457175951537 0.13625295265526666 0.13625295265526666 -0.26425303862428545 -0.26425303862428545 -0.26425303862428545 -0.25853571298010442 -0.23564546781860313 0.13625295265526666
leaf_weight=14.48168098926544 127.58860319852829 541.31524801254272 7.7402088046073905 58.176408112049103 17.228206694126129 104.36797678470612 17.228206694126129 682.13711142539978 24.46904718875885 27.964625358581543
leaf_count=58 511 2168 31 233 69 418 69 2732 98 112
model_size=1152
internal_value=-0.0711178 0.0691485 -0.167321 -0.212646 0.0886066 -0.215452 0.0110948 -0.254106 0.053982 -0.0372996
internal_weight=0 660.165 962.532 817.716 144.817 118.85 127.838 689.877 110.61 52.4337
internal_count=6499 2644 3855 3275 580 476 512 2763 443 210
is_linear=0
shrinkage=1


Tree=1
num_leaves= 11
num_cat= 0
full_tree_array_lgbids= 0 1 2 5 -3 4 3 -1 -7 -2147483648 -2147483648 -2 -6 7 6 -2147483648 -2147483648 -2147483648 -2147483648 -2147483648 -2147483648 -2147483648 -2147483648 -2147483648 -2147483648 -2147483648 -2147483648 -4 -9 8 -8 -2147483648 -2147483648 -2147483648 -2147483648 -2147483648 -2147483648 -2147483648 -2147483648 -2147483648 -2147483648 -2147483648 -2147483648 -2147483648 -2147483648 -2147483648 -2147483648 -2147483648 -2147483648 -2147483648 -2147483648 -2147483648 -2147483648 -2147483648 -2147483648 -2147483648 -2147483648 -2147483648 -2147483648 -5 9 -2147483648 -2147483648 -2147483648 -2147483648 -2147483648 -2147483648 -2147483648 -2147483648 -2147483648 -2147483648 -2147483648 -2147483648 -2147483648 -2147483648 -2147483648 -2147483648 -2147483648 -2147483648 -2147483648 -2147483648 -2147483648 -2147483648 -2147483648 -2147483648 -2147483648 -2147483648 -2147483648 -2147483648 -2147483648 -2147483648 -2147483648 -2147483648 -2147483648 -2147483648 -2147483648 -2147483648 -2147483648 -2147483648 -2147483648 -2147483648 -2147483648 -2147483648 -2147483648 -2147483648 -2147483648 -2147483648 -2147483648 -2147483648 -2147483648 -2147483648 -2147483648 -2147483648 -2147483648 -2147483648 -2147483648 -2147483648 -2147483648 -2147483648 -2147483648 -2147483648 -10 -11 -2147483648 -2147483648 -2147483648 -2147483648
split_feature= 8 20 19 7 4 10 9 13 21 3
split_gain= 1747.08 912.438 873.693 583.245 155.999 125.469 81.2627 55.8792 25.045 105.011
threshold= 3.5000000000000004 3.5000000000000004 1.5000000000000002 1.0000000180025095e-35 4.5000000000000009 1.0000000180025095e-35 1.0000000180025095e-35 1.5000000000000002 1.5000000000000002 1.0000000180025095e-35
decision_type= 2 2 2 2 2 2 2 2 2 2
left_child=1 5 4 7 -2 -1 8 -4 -5 -10
right_child=2 -3 3 6 -6 -7 -8 -9 9 -11
leaf_value= 0.18726217829300001 0.18726217829300001 0.18303357315159141 0.18726217829300001 0.18726217829300001 -0.17677793099633521 -0.17677793099633521 -0.17677793099633521 -0.17141208706049235 -0.15003617003733646 0.18726217829300001
leaf_weight=14.432910382747648 127.15891733765602 539.65886926651001 7.7141417562961569 57.980484813451767 16.952329516410828 102.69672083854675 16.952329516410828 671.71291589736938 24.163009226322174 27.870447635650635
leaf_count=58 511 2168 31 233 69 418 69 2732 98 112
model_size=1152
internal_value=0 0.126866 -0.0877696 -0.129268 0.144439 -0.13192 0.0744647 -0.16734 0.113179 0.0306294
internal_weight=0 656.789 950.505 806.393 144.111 117.13 126.966 679.427 110.014 52.0335
internal_count=6499 2644 3855 3275 580 476 512 2763 443 210
is_linear=0
shrinkage=0.1


Tree=2
num_leaves= 11
num_cat= 0
full_tree_array_lgbids= 0 1 2 5 -3 4 3 -1 -7 -2147483648 -2147483648 -2 -6 7 6 -2147483648 -2147483648 -2147483648 -2147483648 -2147483648 -2147483648 -2147483648 -2147483648 -2147483648 -2147483648 -2147483648 -2147483648 -4 -9 8 -8 -2147483648 -2147483648 -2147483648 -2147483648 -2147483648 -2147483648 -2147483648 -2147483648 -2147483648 -2147483648 -2147483648 -2147483648 -2147483648 -2147483648 -2147483648 -2147483648 -2147483648 -2147483648 -2147483648 -2147483648 -2147483648 -2147483648 -2147483648 -2147483648 -2147483648 -2147483648 -2147483648 -2147483648 -5 9 -2147483648 -2147483648 -2147483648 -2147483648 -2147483648 -2147483648 -2147483648 -2147483648 -2147483648 -2147483648 -2147483648 -2147483648 -2147483648 -2147483648 -2147483648 -2147483648 -2147483648 -2147483648 -2147483648 -2147483648 -2147483648 -2147483648 -2147483648 -2147483648 -2147483648 -2147483648 -2147483648 -2147483648 -2147483648 -2147483648 -2147483648 -2147483648 -2147483648 -2147483648 -2147483648 -2147483648 -2147483648 -2147483648 -2147483648 -2147483648 -2147483648 -2147483648 -2147483648 -2147483648 -2147483648 -2147483648 -2147483648 -2147483648 -2147483648 -2147483648 -2147483648 -2147483648 -2147483648 -2147483648 -2147483648 -2147483648 -2147483648 -2147483648 -2147483648 -2147483648 -10 -11 -2147483648 -2147483648 -2147483648 -2147483648
split_feature= 8 20 19 7 4 10 9 13 21 3
split_gain= 1446.01 748.964 721.756 481.346 122.294 97.942 60.5253 39.683 13.4445 79.8767
threshold= 3.5000000000000004 3.5000000000000004 1.5000000000000002 1.0000000180025095e-35 4.5000000000000009 1.0000000180025095e-35 1.0000000180025095e-35 1.5000000000000002 1.5000000000000002 1.0000000180025095e-35
decision_type= 2 2 2 2 2 2 2 2 2 2
left_child=1 5 4 7 -2 -1 8 -4 -5 -10
right_child=2 -3 3 6 -6 -7 -8 -9 9 -11
leaf_value= 0.17236010255125836 0.17236010255125836 0.16827544029991481 0.17236010255125836 0.17236010255125836 -0.16433727988382651 -0.16433727988382651 -0.16433727988382651 -0.15907622354297757 -0.13835152866400741 0.17236010255125836
leaf_weight=14.127121359109877 124.46481059491634 528.80166065692902 7.5507027953863135 56.752056494355202 16.43764516711235 99.578777968883514 16.43764516711235 652.38357675075531 23.611025214195251 27.279958486557007
leaf_count=58 511 2168 31 233 69 418 69 2732 98 112
model_size=1152
internal_value=0 0.116815 -0.0813154 -0.119846 0.133081 -0.122505 0.0686314 -0.155284 0.104207 0.0282045
internal_weight=0 642.508 924.917 784.015 140.902 113.706 124.081 659.934 107.643 50.891
internal_count=6499 2644 3855 3275 580 476 512 2763 443 210
is_linear=0
shrinkage=0.1


Tree=3
num_leaves= 11
num_cat= 0
full_tree_array_lgbids= 0 1 2 5 -3 4 3 -1 -7 -2147483648 -2147483648 -2 -6 7 6 -2147483648 -2147483648 -2147483648 -2147483648 -2147483648 -2147483648 -2147483648 -2147483648 -2147483648 -2147483648 -2147483648 -2147483648 -4 -9 8 -8 -2147483648 -2147483648 -2147483648 -2147483648 -2147483648 -2147483648 -2147483648 -2147483648 -2147483648 -2147483648 -2147483648 -2147483648 -2147483648 -2147483648 -2147483648 -2147483648 -2147483648 -2147483648 -2147483648 -2147483648 -2147483648 -2147483648 -2147483648 -2147483648 -2147483648 -2147483648 -2147483648 -2147483648 -5 9 -2147483648 -2147483648 -2147483648 -2147483648 -2147483648 -2147483648 -2147483648 -2147483648 -2147483648 -2147483648 -2147483648 -2147483648 -2147483648 -2147483648 -2147483648 -2147483648 -2147483648 -2147483648 -2147483648 -2147483648 -2147483648 -2147483648 -2147483648 -2147483648 -2147483648 -2147483648 -2147483648 -2147483648 -2147483648 -2147483648 -2147483648 -2147483648 -2147483648 -2147483648 -2147483648 -2147483648 -2147483648 -2147483648 -2147483648 -2147483648 -2147483648 -2147483648 -2147483648 -2147483648 -2147483648 -2147483648 -2147483648 -2147483648 -2147483648 -2147483648 -2147483648 -2147483648 -2147483648 -2147483648 -2147483648 -2147483648 -2147483648 -2147483648 -2147483648 -2147483648 -10 -11 -2147483648 -2147483648 -2147483648 -2147483648
split_feature= 8 20 19 7 4 10 9 13 21 3
split_gain= 1212.07 622.788 603.059 401.103 96.304 76.4342 44.388 26.9605 4.60955 60.297
threshold= 3.5000000000000004 3.5000000000000004 1.5000000000000002 1.0000000180025095e-35 4.5000000000000009 1.0000000180025095e-35 1.0000000180025095e-35 1.5000000000000002 1.5000000000000002 1.0000000180025095e-35
decision_type= 2 2 2 2 2 2 2 2 2 2
left_child=1 5 4 7 -2 -1 8 -4 -5 -10
right_child=2 -3 3 6 -6 -7 -8 -9 9 -11
leaf_value= 0.1609037703805144 0.1609037703805144 0.15680970282924556 0.1609037703805144 0.1609037703805144 -0.15458733496862687 -0.15458733496862687 -0.15458733496862687 -0.14926698634497582 -0.12863452077162127 0.1609037703805144
leaf_weight=13.6439371407032 120.20779101550579 511.58581459522247 7.2924491614103308 54.810988858342171 15.761341184377669 95.481748044490814 15.761341184377669 627.02297377586365 22.892099589109421 26.34691309928894
leaf_count=58 511 2168 31 233 69 418 69 2732 98 112
model_size=1152
internal_value=0 0.108999 -0.0762139 -0.112372 0.124333 -0.115142 0.064079 -0.145701 0.0972023 0.0262922
internal_weight=0 620.711 890.096 754.127 135.969 109.126 119.811 634.315 104.05 49.239
internal_count=6499 2644 3855 3275 580 476 512 2763 443 210
is_linear=0
shrinkage=0.1


Tree=4
num_leaves= 9
num_cat= 0
full_tree_array_lgbids= 0 1 2 5 -3 4 3 -1 -7 -2147483648 -2147483648 -2 -6 7 6 -2147483648 -2147483648 -2147483648 -2147483648 -2147483648 -2147483648 -2147483648 -2147483648 -2147483648 -2147483648 -2147483648 -2147483648 -4 -9 -5 -8
split_feature= 8 20 19 7 4 10 9 13
split_gain= 1025.7 522.786 508.1 336.511 75.7142 59.2207 31.5127 16.7342
threshold= 3.5000000000000004 3.5000000000000004 1.5000000000000002 1.0000000180025095e-35 4.5000000000000009 1.0000000180025095e-35 1.0000000180025095e-35 1.5000000000000002
decision_type= 2 2 2 2 2 2 2 2
left_child=1 5 4 7 -2 -1 -5 -4
right_child=2 -3 3 6 -6 -7 -8 -9
leaf_value= 0.15185187516794491 0.15185187516794491 0.1476414249541286 0.15185187516794491 0.091576492443839044 -0.14676872362570559 -0.14676872362570559 -0.14676872362570559 -0.14126879850160642
leaf_weight=13.042239397764204 114.90662641823292 490.1167916059494 6.970852091908454 99.644386634230614 14.980887696146963 90.75378343462944 14.980887696146963 597.77432417869568
leaf_count=58 511 2168 31 443 69 418 69 2732
model_size=928
internal_value=0 0.102746 -0.0720769 -0.10629 0.11741 -0.109246 0.0604261 -0.13789
internal_weight=0 593.913 849.258 719.37 129.888 103.796 114.625 604.745
internal_count=6499 2644 3855 3275 580 476 512 2763
is_linear=0
shrinkage=0.1


Tree=5
num_leaves= 9
num_cat= 0
full_tree_array_lgbids= 0 1 2 5 -3 4 3 -1 -7 -2147483648 -2147483648 -2 -6 7 6 -2147483648 -2147483648 -2147483648 -2147483648 -2147483648 -2147483648 -2147483648 -2147483648 -2147483648 -2147483648 -2147483648 -2147483648 -4 -9 -5 -8
split_feature= 8 20 19 7 4 10 9 13
split_gain= 873.069 441.885 429.077 285.291 59.0574 45.1818 19.6451 8.36445
threshold= 3.5000000000000004 3.5000000000000004 1.5000000000000002 1.0000000180025095e-35 4.5000000000000009 1.0000000180025095e-35 1.0000000180025095e-35 1.5000000000000002
decision_type= 2 2 2 2 2 2 2 2
left_child=1 5 4 7 -2 -1 -5 -4
right_child=2 -3 3 6 -6 -7 -8 -9
leaf_value= 0.14454675775689577 0.14454675775689577 0.14013768328774553 0.14454675775689577 0.083978915232105766 -0.14038449805642142 -0.14038449805642142 -0.14038449805642142 -0.13460902529786994
leaf_weight=12.365946739912031 108.9482548981905 465.96678173542023 6.6093853265047064 97.886595532298088 14.139219447970389 85.654981583356857 14.139219447970389 566.24058312177658
leaf_count=58 511 2168 31 443 69 418 69 2732
model_size=928
internal_value=0 0.0976304 -0.0684029 -0.100792 0.111816 -0.104439 0.0556611 -0.131388
internal_weight=0 563.988 807.963 684.876 123.087 98.0209 112.026 572.85
internal_count=6499 2644 3855 3275 580 476 512 2763
is_linear=0
shrinkage=0.1


Tree=6
num_leaves= 10
num_cat= 0
full_tree_array_lgbids= 0 1 2 5 -3 4 3 -1 -7 -2147483648 -2147483648 -2 -6 8 6 -2147483648 -2147483648 -2147483648 -2147483648 -2147483648 -2147483648 -2147483648 -2147483648 -2147483648 -2147483648 -2147483648 -2147483648 -4 -10 7 -8 -2147483648 -2147483648 -2147483648 -2147483648 -2147483648 -2147483648 -2147483648 -2147483648 -2147483648 -2147483648 -2147483648 -2147483648 -2147483648 -2147483648 -2147483648 -2147483648 -2147483648 -2147483648 -2147483648 -2147483648 -2147483648 -2147483648 -2147483648 -2147483648 -2147483648 -2147483648 -2147483648 -2147483648 -5 -9 -2147483648 -2147483648
split_feature= 8 20 19 7 4 10 4 20 13
split_gain= 747.071 375.36 363.621 242.907 45.3561 33.5573 15.3795 9.95793 1.41354
threshold= 3.5000000000000004 3.5000000000000004 1.5000000000000002 1.0000000180025095e-35 4.5000000000000009 1.0000000180025095e-35 5.5000000000000009 3.5000000000000004 1.5000000000000002
decision_type= 2 2 2 2 2 2 2 2 2
left_child=1 5 4 8 -2 -1 7 -5 -4
right_child=2 -3 3 6 -6 -7 -8 -9 -10
leaf_value= 0.13855140791954978 0.13855140791954978 0.13387504904060721 0.13855140791954978 0.15615044197132735 -0.13509509769210032 -0.13509509769210032 0.14350325087512711 -0.054385527567239633 -0.1289617739380628
leaf_weight=11.647865027189253 102.62170739471912 440.31109929084778 6.2255830317735663 15.385368168354033 13.268332377076147 80.379172950983047 42.038899689912796 51.882543876767159 533.61723965406418
leaf_count=58 511 2168 31 72 69 418 199 241 2732
model_size=1040
internal_value=0 0.0933648 -0.065244 -0.0960336 0.107221 -0.10046 0.0513554 -0.00623221 -0.125877
internal_weight=0 532.338 765.04 649.15 115.89 92.027 109.307 67.2679 539.843
internal_count=6499 2644 3855 3275 580 476 512 313 2763
is_linear=0
shrinkage=0.1


Tree=7
num_leaves= 10
num_cat= 0
full_tree_array_lgbids= 0 1 2 5 -3 4 3 -1 -7 -2147483648 -2147483648 -2 -6 -4 6 -2147483648 -2147483648 -2147483648 -2147483648 -2147483648 -2147483648 -2147483648 -2147483648 -2147483648 -2147483648 -2147483648 -2147483648 -2147483648 -2147483648 7 -8 -2147483648 -2147483648 -2147483648 -2147483648 -2147483648 -2147483648 -2147483648 -2147483648 -2147483648 -2147483648 -2147483648 -2147483648 -2147483648 -2147483648 -2147483648 -2147483648 -2147483648 -2147483648 -2147483648 -2147483648 -2147483648 -2147483648 -2147483648 -2147483648 -2147483648 -2147483648 -2147483648 -2147483648 8 -9 -2147483648 -2147483648 -2147483648 -2147483648 -2147483648 -2147483648 -2147483648 -2147483648 -2147483648 -2147483648 -2147483648 -2147483648 -2147483648 -2147483648 -2147483648 -2147483648 -2147483648 -2147483648 -2147483648 -2147483648 -2147483648 -2147483648 -2147483648 -2147483648 -2147483648 -2147483648 -2147483648 -2147483648 -2147483648 -2147483648 -2147483648 -2147483648 -2147483648 -2147483648 -2147483648 -2147483648 -2147483648 -2147483648 -2147483648 -2147483648 -2147483648 -2147483648 -2147483648 -2147483648 -2147483648 -2147483648 -2147483648 -2147483648 -2147483648 -2147483648 -2147483648 -2147483648 -2147483648 -2147483648 -2147483648 -2147483648 -2147483648 -2147483648 -5 -10 -2147483648 -2147483648 -2147483648 -2147483648 -2147483648 -2147483648
split_feature= 8 20 19 7 4 10 4 21 3
split_gain= 641.767 319.88 308.976 207.466 33.8854 23.7652 8.09174 2.45557 25.1449
threshold= 3.5000000000000004 3.5000000000000004 1.5000000000000002 1.0000000180025095e-35 4.5000000000000009 1.0000000180025095e-35 5.5000000000000009 1.5000000000000002 1.0000000180025095e-35
decision_type= 2 2 2 2 2 2 2 2 2
left_child=1 5 4 -4 -2 -1 7 8 -5
right_child=2 -3 3 6 -6 -7 -8 -9 -10
leaf_value= 0.13356356395996258 0.13356356395996258 0.12855856953112202 -0.12112793504569393 0.14247953808438116 -0.13066022980921915 -0.13066022980921915 0.13768766371501784 -0.11408955465540899 -0.13323740906421469
leaf_weight=10.912395119667051 96.14196389913559 414.02451848983765 506.62144923210144 28.934677734971046 12.391892105340956 75.069723188877106 39.560535281896591 24.305346846580505 12.918849840760229
leaf_count=58 511 2168 2763 139 69 418 199 105 69
model_size=1040
internal_value=0 0.0897494 -0.0625195 -0.091927 0.103396 -0.0971263 0.0480076 -0.0056177 0.0573745
internal_weight=0 500.007 720.875 612.341 108.534 85.9821 105.719 66.1589 41.8535
internal_count=6499 2644 3855 3275 580 476 512 313 208
is_linear=0
shrinkage=0.1


Tree=8
num_leaves= 8
num_cat= 0
full_tree_array_lgbids= 0 1 2 5 -3 4 3 -1 -7 -2147483648 -2147483648 -2 -6 -4 6 -2147483648 -2147483648 -2147483648 -2147483648 -2147483648 -2147483648 -2147483648 -2147483648 -2147483648 -2147483648 -2147483648 -2147483648 -2147483648 -2147483648 -5 -8
split_feature= 8 20 19 7 4 10 4
split_gain= 553.026 273.136 263.003 175.152 24.2065 15.4637 1.58924
threshold= 3.5000000000000004 3.5000000000000004 1.5000000000000002 1.0000000180025095e-35 4.5000000000000009 1.0000000180025095e-35 5.5000000000000009
decision_type= 2 2 2 2 2 2 2
left_child=1 5 4 -4 -2 -1 -5
right_child=2 -3 3 6 -6 -7 -8
leaf_value= 0.12936717161346731 0.12936717161346731 0.12397573686413772 -0.11658215217658292 -0.0052724561952492872 -0.12690484179902931 -0.12690484179902931 0.13283991718417218
leaf_weight=10.177520692348478 89.667466789484024 387.75211989879608 475.35808815062046 62.903646320104599 11.527180284261702 69.83132404088974 37.033773705363274
leaf_count=58 511 2168 2763 313 69 418 199
model_size=816
internal_value=0 0.0866395 -0.0601534 -0.0883552 0.100175 -0.0943058 0.0459078
internal_weight=0 467.761 676.49 575.296 101.195 80.0088 99.9374
internal_count=6499 2644 3855 3275 580 476 512
is_linear=0
shrinkage=0.1


Tree=9
num_leaves= 11
num_cat= 0
full_tree_array_lgbids= 0 1 2 5 8 4 3 -1 -7 -3 9 -2 -6 6 -5 -2147483648 -2147483648 -2147483648 -2147483648 -2147483648 -2147483648 -10 -11 -2147483648 -2147483648 -2147483648 -2147483648 -4 7 -2147483648 -2147483648 -2147483648 -2147483648 -2147483648 -2147483648 -2147483648 -2147483648 -2147483648 -2147483648 -2147483648 -2147483648 -2147483648 -2147483648 -2147483648 -2147483648 -2147483648 -2147483648 -2147483648 -2147483648 -2147483648 -2147483648 -2147483648 -2147483648 -2147483648 -2147483648 -2147483648 -2147483648 -8 -9 -2147483648 -2147483648 -2147483648 -2147483648
split_feature= 8 20 19 7 4 10 19 19 21 1
split_gain= 476.432 233.424 222.603 149.109 15.9933 8.39515 0.867755 154.377 0.629834 7.71955
threshold= 3.5000000000000004 3.5000000000000004 1.5000000000000002 1.0000000180025095e-35 4.5000000000000009 1.0000000180025095e-35 4.5000000000000009 6.5000000000000009 4.5000000000000009 1.5000000000000002
decision_type= 2 2 2 2 2 2 2 2 2 2
left_child=1 5 4 6 -2 -1 -4 -8 -3 -10
right_child=2 8 3 -5 -6 -7 7 -9 9 -11
leaf_value= 0.12580350276737742 0.12580350276737742 0.124349792918217 -0.12513672006809154 0.042555835486801828 -0.12369825373571018 -0.12369825373571018 0.49782448162966664 -0.094151811449025208 -0.47208111751500853 0.12687585324475767
leaf_weight=9.456299960613249 83.313263446092606 356.2860279083252 382.6883533000946 97.419655248522758 10.686567977070807 64.738919049501419 6.2604218870401374 56.094264268875122 2.6713104248046866 3.0052242279052734
leaf_count=58 511 2134 2384 512 69 418 39 340 16 18
model_size=1152
internal_value=0 0.083928 -0.0577382 -0.0846277 0.0974384 -0.0918989 -0.112468 -0.0347173 0.119969 -0.154986
internal_weight=0 436.158 636.463 542.463 93.9998 74.1952 445.043 62.3547 361.963 5.67653
internal_count=6499 2644 3855 3275 580 476 2763 379 2168 34
is_linear=0
shrinkage=0.1


Tree=10
num_leaves= 8
num_cat= 0
full_tree_array_lgbids= 0 1 2 5 -3 4 3 -1 -7 -2147483648 -2147483648 -2 -6 6 -5 -2147483648 -2147483648 -2147483648 -2147483648 -2147483648 -2147483648 -2147483648 -2147483648 -2147483648 -2147483648 -2147483648 -2147483648 -4 -8 -2147483648 -2147483648
split_feature= 8 20 19 7 4 10 13
split_gain= 411.593 199.499 187.768 127.475 8.83592 2.19925 1.54964
threshold= 3.5000000000000004 3.5000000000000004 1.5000000000000002 1.0000000180025095e-35 4.5000000000000009 1.0000000180025095e-35 1.5000000000000002
decision_type= 2 2 2 2 2 2 2
left_child=1 5 4 6 -2 -1 -4
right_child=2 -3 3 -5 -6 -7 -8
leaf_value= 0.12275322415096231 0.12275322415096231 0.11650704141027393 0.14677284916376721 0.038640983348751115 -0.12094088198253522 -0.12094088198253522 -0.11310526001225457
leaf_weight=8.7580039203166944 77.161034539341927 336.96374288201332 6.7307599335908881 96.605232492089272 9.8786517977714521 59.844586253166199 409.10727469623089
leaf_count=58 511 2168 31 512 69 418 2732
model_size=816
internal_value=0 0.0816046 -0.0555051 -0.0810848 0.0950949 -0.0898302 -0.108899
internal_weight=0 405.566 599.483 512.443 87.0397 68.6026 415.838
internal_count=6499 2644 3855 3275 580 476 2763
is_linear=0
shrinkage=0.1


Tree=11
num_leaves= 6
num_cat= 0
full_tree_array_lgbids= 0 1 2 -1 -3 4 3 -2147483648 -2147483648 -2147483648 -2147483648 -2 -6 -4 -5
split_feature= 8 20 19 7 4
split_gain= 355.056 170.131 158.027 109.252 2.74639
threshold= 3.5000000000000004 3.5000000000000004 1.5000000000000002 1.0000000180025095e-35 4.5000000000000009
decision_type= 2 2 2 2 2
left_child=1 -1 4 -4 -2
right_child=2 -3 3 -5 -6
leaf_value= -0.088041345186208167 0.120124818310304 0.11331319478290183 -0.1058530606924617 0.03506866727941596 -0.11855542649094364
leaf_weight=63.271862655878067 71.26681512594223 313.04847732186317 386.54776960611343 95.843227997422218 9.1091340333223325
leaf_count=476 511 2168 2763 512 69
model_size=592
internal_value=0 0.0794589 -0.0534417 -0.0778542 0.0930748
internal_weight=0 376.32 562.767 482.391 80.3759
internal_count=6499 2644 3855 3275 580
is_linear=0
shrinkage=0.1


Tree=12
num_leaves= 9
num_cat= 0
full_tree_array_lgbids= 0 1 2 -1 -3 -2 3 -2147483648 -2147483648 -2147483648 -2147483648 -2147483648 -2147483648 4 -5 -2147483648 -2147483648 -2147483648 -2147483648 -2147483648 -2147483648 -2147483648 -2147483648 -2147483648 -2147483648 -2147483648 -2147483648 5 -6 -2147483648 -2147483648 -2147483648 -2147483648 -2147483648 -2147483648 -2147483648 -2147483648 -2147483648 -2147483648 -2147483648 -2147483648 -2147483648 -2147483648 -2147483648 -2147483648 -2147483648 -2147483648 -2147483648 -2147483648 -2147483648 -2147483648 -2147483648 -2147483648 -2147483648 -2147483648 -4 6 -2147483648 -2147483648 -2147483648 -2147483648 -2147483648 -2147483648 -2147483648 -2147483648 -2147483648 -2147483648 -2147483648 -2147483648 -2147483648 -2147483648 -2147483648 -2147483648 -2147483648 -2147483648 -2147483648 -2147483648 -2147483648 -2147483648 -2147483648 -2147483648 -2147483648 -2147483648 -2147483648 -2147483648 -2147483648 -2147483648 -2147483648 -2147483648 -2147483648 -2147483648 -2147483648 -2147483648 -2147483648 -2147483648 -2147483648 -2147483648 -2147483648 -2147483648 -2147483648 -2147483648 -2147483648 -2147483648 -2147483648 -2147483648 -2147483648 -2147483648 -2147483648 -2147483648 -2147483648 -2147483648 -2147483648 -2147483648 7 -8 -2147483648 -2147483648 -2147483648 -2147483648 -2147483648 -2147483648 -2147483648 -2147483648 -2147483648 -2147483648 -2147483648 -2147483648 -2147483648 -2147483648 -2147483648 -2147483648 -2147483648 -2147483648 -2147483648 -2147483648 -2147483648 -2147483648 -2147483648 -2147483648 -2147483648 -2147483648 -2147483648 -2147483648 -2147483648 -2147483648 -2147483648 -2147483648 -2147483648 -2147483648 -2147483648 -2147483648 -2147483648 -2147483648 -2147483648 -2147483648 -2147483648 -2147483648 -2147483648 -2147483648 -2147483648 -2147483648 -2147483648 -2147483648 -2147483648 -2147483648 -2147483648 -2147483648 -2147483648 -2147483648 -2147483648 -2147483648 -2147483648 -2147483648 -2147483648 -2147483648 -2147483648 -2147483648 -2147483648 -2147483648 -2147483648 -2147483648 -2147483648 -2147483648 -2147483648 -2147483648 -2147483648 -2147483648 -2147483648 -2147483648 -2147483648 -2147483648 -2147483648 -2147483648 -2147483648 -2147483648 -2147483648 -2147483648 -2147483648 -2147483648 -2147483648 -2147483648 -2147483648 -2147483648 -2147483648 -2147483648 -2147483648 -2147483648 -2147483648 -2147483648 -2147483648 -2147483648 -2147483648 -2147483648 -2147483648 -2147483648 -2147483648 -2147483648 -2147483648 -2147483648 -2147483648 -2147483648 -2147483648 -2147483648 -2147483648 -2147483648 -2147483648 -2147483648 -7 -9 -2147483648 -2147483648 -2147483648 -2147483648 -2147483648 -2147483648 -2147483648 -2147483648 -2147483648 -2147483648 -2147483648 -2147483648 -2147483648 -2147483648 -2147483648 -2147483648 -2147483648 -2147483648 -2147483648 -2147483648 -2147483648 -2147483648 -2147483648 -2147483648 -2147483648 -2147483648
split_feature= 8 20 19 4 9 21 10 19
split_gain= 304.333 144.073 131.766 95.786 7.71488 85.0462 14.1188 84.9342
threshold= 3.5000000000000004 3.5000000000000004 1.5000000000000002 5.5000000000000009 1.0000000180025095e-35 1.0000000180025095e-35 1.0000000180025095e-35 6.5000000000000009
decision_type= 2 2 2 2 2 2 2 2
left_child=1 -1 -2 4 5 -4 7 -7
right_child=2 -3 3 -5 -6 6 -8 -9
leaf_value= -0.08312926754473475 0.091323445591069932 0.11040990897433245 0.12844319185301412 0.12559864910642146 -0.11856668386769149 0.40101036877823548 -0.11727011113169804 -0.11714581018578329
leaf_weight=60.459376499056816 74.048491582274437 290.32377281785011 33.325090035796165 32.29238723218441 250.7613790333271 7.3002018034458169 118.09260125458241 13.83767269551754
leaf_count=476 580 2168 177 199 1923 39 863 74
model_size=928
internal_value=0 0.0770524 -0.0513079 -0.0744892 -0.0897528 -0.0478798 -0.090083 0.0618052
internal_weight=0 350.783 529.658 455.609 423.317 172.556 139.23 21.1379
internal_count=6499 2644 3855 3275 3076 1153 976 113
is_linear=0
shrinkage=0.1


Tree=13
num_leaves= 11
num_cat= 0
full_tree_array_lgbids= 0 1 2 9 8 -2 3 -1 -11 -3 -10 -2147483648 -2147483648 4 -5 -2147483648 -2147483648 -2147483648 -2147483648 -2147483648 -2147483648 -2147483648 -2147483648 -2147483648 -2147483648 -2147483648 -2147483648 5 -6 -2147483648 -2147483648 -2147483648 -2147483648 -2147483648 -2147483648 -2147483648 -2147483648 -2147483648 -2147483648 -2147483648 -2147483648 -2147483648 -2147483648 -2147483648 -2147483648 -2147483648 -2147483648 -2147483648 -2147483648 -2147483648 -2147483648 -2147483648 -2147483648 -2147483648 -2147483648 -4 6 -2147483648 -2147483648 -2147483648 -2147483648 -2147483648 -2147483648 -2147483648 -2147483648 -2147483648 -2147483648 -2147483648 -2147483648 -2147483648 -2147483648 -2147483648 -2147483648 -2147483648 -2147483648 -2147483648 -2147483648 -2147483648 -2147483648 -2147483648 -2147483648 -2147483648 -2147483648 -2147483648 -2147483648 -2147483648 -2147483648 -2147483648 -2147483648 -2147483648 -2147483648 -2147483648 -2147483648 -2147483648 -2147483648 -2147483648 -2147483648 -2147483648 -2147483648 -2147483648 -2147483648 -2147483648 -2147483648 -2147483648 -2147483648 -2147483648 -2147483648 -2147483648 -2147483648 -2147483648 -2147483648 -2147483648 -2147483648 7 -8 -2147483648 -2147483648 -2147483648 -2147483648 -2147483648 -2147483648 -2147483648 -2147483648 -2147483648 -2147483648 -2147483648 -2147483648 -2147483648 -2147483648 -2147483648 -2147483648 -2147483648 -2147483648 -2147483648 -2147483648 -2147483648 -2147483648 -2147483648 -2147483648 -2147483648 -2147483648 -2147483648 -2147483648 -2147483648 -2147483648 -2147483648 -2147483648 -2147483648 -2147483648 -2147483648 -2147483648 -2147483648 -2147483648 -2147483648 -2147483648 -2147483648 -2147483648 -2147483648 -2147483648 -2147483648 -2147483648 -2147483648 -2147483648 -2147483648 -2147483648 -2147483648 -2147483648 -2147483648 -2147483648 -2147483648 -2147483648 -2147483648 -2147483648 -2147483648 -2147483648 -2147483648 -2147483648 -2147483648 -2147483648 -2147483648 -2147483648 -2147483648 -2147483648 -2147483648 -2147483648 -2147483648 -2147483648 -2147483648 -2147483648 -2147483648 -2147483648 -2147483648 -2147483648 -2147483648 -2147483648 -2147483648 -2147483648 -2147483648 -2147483648 -2147483648 -2147483648 -2147483648 -2147483648 -2147483648 -2147483648 -2147483648 -2147483648 -2147483648 -2147483648 -2147483648 -2147483648 -2147483648 -2147483648 -2147483648 -2147483648 -2147483648 -2147483648 -2147483648 -2147483648 -2147483648 -2147483648 -2147483648 -2147483648 -2147483648 -2147483648 -2147483648 -2147483648 -7 -9 -2147483648 -2147483648 -2147483648 -2147483648 -2147483648 -2147483648 -2147483648 -2147483648 -2147483648 -2147483648 -2147483648 -2147483648 -2147483648 -2147483648 -2147483648 -2147483648 -2147483648 -2147483648 -2147483648 -2147483648 -2147483648 -2147483648 -2147483648 -2147483648 -2147483648 -2147483648
split_feature= 8 20 19 4 9 21 10 19 21 10
split_gain= 261.897 121.384 109.523 79.0144 3.73115 67.9143 7.22255 45.1863 2.33898 0.19301
threshold= 3.5000000000000004 3.5000000000000004 1.5000000000000002 5.5000000000000009 1.0000000180025095e-35 1.0000000180025095e-35 1.0000000180025095e-35 6.5000000000000009 4.5000000000000009 1.0000000180025095e-35
decision_type= 2 2 2 2 2 2 2 2 2 2
left_child=1 9 -2 4 5 -4 7 -7 -3 -1
right_child=2 8 3 -5 -6 6 -8 -9 -10 -11
leaf_value= 0.12388197918858085 0.086570462006799034 0.1134768683040188 0.12316091438583138 0.12257720660824445 -0.11650449773513052 0.30156951650963609 -0.11444129473719181 -0.10984633561702256 -0.18941593026653736 -0.11563623703929493
leaf_weight=9.0257245600223523 70.491537854075432 263.78295522928238 31.379878163337708 29.902247354388237 230.7074181586504 8.6439962536096573 109.36024820059538 13.309360139071941 5.0946337431669226 48.878823697566986
leaf_count=58 580 2134 177 199 1923 39 863 74 34 418
model_size=1152
internal_value=0 0.0747722 -0.0498515 -0.0725695 -0.0874025 -0.0461344 -0.0865908 0.0521461 0.107738 -0.0783019
internal_weight=0 326.782 493.795 423.303 393.401 162.693 131.314 21.9534 268.878 57.9045
internal_count=6499 2644 3855 3275 3076 1153 976 113 2168 476
is_linear=0
shrinkage=0.1


Tree=14
num_leaves= 7
num_cat= 0
full_tree_array_lgbids= 0 2 1 -1 -4 3 -3 -2147483648 -2147483648 -2147483648 -2147483648 -2 4 -2147483648 -2147483648 -2147483648 -2147483648 -2147483648 -2147483648 -2147483648 -2147483648 -2147483648 -2147483648 -2147483648 -2147483648 -5 5 -2147483648 -2147483648 -2147483648 -2147483648 -2147483648 -2147483648 -2147483648 -2147483648 -2147483648 -2147483648 -2147483648 -2147483648 -2147483648 -2147483648 -2147483648 -2147483648 -2147483648 -2147483648 -2147483648 -2147483648 -2147483648 -2147483648 -2147483648 -2147483648 -2147483648 -2147483648 -6 -7 -2147483648 -2147483648 -2147483648 -2147483648 -2147483648 -2147483648 -2147483648 -2147483648
split_feature= 4 4 4 19 19 12
split_gain= 229.525 414.078 125.294 7.63759 44.1489 13.2773
threshold= 2.5000000000000004 5.5000000000000009 1.0000000180025095e-35 4.5000000000000009 5.5000000000000009 2.5000000000000004
decision_type= 2 2 2 2 2 2
left_child=2 3 -1 -2 -5 -6
right_child=1 -3 -4 4 5 -7
leaf_value= -0.11590059931605728 -0.12093911769889223 0.11609489516798094 0.11617868392961124 0.2239589536262232 -0.1125362674625387 0.11610423249189819
leaf_weight=36.547532461583614 283.32193664461374 132.8123374581337 221.77098616957664 11.534463956952093 62.14554338157177 13.226969495415686
leaf_count=320 2523 1123 1885 58 516 74
model_size=704
internal_value=0 -0.0431785 0.0833435 -0.100315 -0.0330776 -0.0724126
internal_weight=0 503.041 258.319 370.229 86.907 75.3725
internal_count=6499 4294 2205 3171 648 590
is_linear=0
shrinkage=0.1


Tree=15
num_leaves= 7
num_cat= 0
full_tree_array_lgbids= 0 2 1 -1 -4 3 -3 -2147483648 -2147483648 -2147483648 -2147483648 -2 4 -2147483648 -2147483648 -2147483648 -2147483648 -2147483648 -2147483648 -2147483648 -2147483648 -2147483648 -2147483648 -2147483648 -2147483648 -5 5 -2147483648 -2147483648 -2147483648 -2147483648 -2147483648 -2147483648 -2147483648 -2147483648 -2147483648 -2147483648 -2147483648 -2147483648 -2147483648 -2147483648 -2147483648 -2147483648 -2147483648 -2147483648 -2147483648 -2147483648 -2147483648 -2147483648 -2147483648 -2147483648 -2147483648 -2147483648 -6 -7 -2147483648 -2147483648 -2147483648 -2147483648 -2147483648 -2147483648 -2147483648 -2147483648
split_feature= 4 4 4 19 19 12
split_gain= 199.275 362.719 106.63 3.80956 29.4307 5.86373
threshold= 2.5000000000000004 5.5000000000000009 1.0000000180025095e-35 4.5000000000000009 5.5000000000000009 2.5000000000000004
decision_type= 2 2 2 2 2 2
left_child=2 3 -1 -2 -5 -6
right_child=1 -3 -4 4 5 -7
leaf_value= -0.11418516239294713 -0.11938473537487158 0.11433642952648451 0.11441758944242826 0.20218656922480169 -0.10976134358919989 0.10803105292014495
leaf_weight=33.540834508836269 259.52620898932219 121.9266861975193 203.59636824578047 11.499121002852915 57.58066575974226 12.815845429897307
leaf_count=320 2523 1123 1885 58 516 74
model_size=704
internal_value=0 -0.0424161 0.0820839 -0.0983948 -0.0318778 -0.0701117
internal_weight=0 463.349 237.137 341.422 81.8956 70.3965
internal_count=6499 4294 2205 3171 648 590
is_linear=0
shrinkage=0.1


Tree=16
num_leaves= 6
num_cat= 0
full_tree_array_lgbids= 0 2 1 -1 -4 3 -3 -2147483648 -2147483648 -2147483648 -2147483648 -2 4 -2147483648 -2147483648 -2147483648 -2147483648 -2147483648 -2147483648 -2147483648 -2147483648 -2147483648 -2147483648 -2147483648 -2147483648 -5 -6 -2147483648 -2147483648 -2147483648 -2147483648
split_feature= 4 4 4 19 19
split_gain= 172.748 317.697 90.2723 0.341564 17.8647
threshold= 2.5000000000000004 5.5000000000000009 1.0000000180025095e-35 4.5000000000000009 5.5000000000000009
decision_type= 2 2 2 2 2
left_child=2 3 -1 -2 -5
right_child=1 -3 -4 4 -6
leaf_value= -0.11267471552874507 -0.11803252340320364 0.11279210207712183 0.11286987497642896 0.18535191968887857 -0.067890002961821835
leaf_weight=30.734942682087421 237.380963280797 111.75672339648008 186.61790465563536 11.298610314726828 65.745996341109276
leaf_count=320 2523 1123 1885 58 590
model_size=592
internal_value=0 -0.0417255 0.0809766 -0.0966459 -0.030752
internal_weight=0 426.182 217.353 314.426 77.0446
internal_count=6499 4294 2205 3171 648
is_linear=0
shrinkage=0.1


Tree=17
num_leaves= 4
num_cat= 0
full_tree_array_lgbids= 0 2 1 -1 -4 -2 -3
split_feature= 4 4 4
split_gain= 148.938 276.459 75.8664
threshold= 2.5000000000000004 5.5000000000000009 1.0000000180025095e-35
decision_type= 2 2 2
left_child=2 -2 -1
right_child=1 -3 -4
leaf_value= -0.11134070249260281 -0.094329166119165087 0.11143139079023588 0.11150529347280931
leaf_weight=28.126231342554092 291.28437305241823 102.29309294372797 170.81925078481436
leaf_count=320 3171 1123 1885
model_size=368
internal_value=0 -0.0408508 0.0800001
internal_weight=0 393.577 198.945
internal_count=6499 4294 2205
is_linear=0
shrinkage=0.1


Tree=18
num_leaves= 7
num_cat= 0
full_tree_array_lgbids= 0 2 1 -1 -4 3 -3 -2147483648 -2147483648 -2147483648 -2147483648 -2 4 -2147483648 -2147483648 -2147483648 -2147483648 -2147483648 -2147483648 -2147483648 -2147483648 -2147483648 -2147483648 -2147483648 -2147483648 -5 5 -2147483648 -2147483648 -2147483648 -2147483648 -2147483648 -2147483648 -2147483648 -2147483648 -2147483648 -2147483648 -2147483648 -2147483648 -2147483648 -2147483648 -2147483648 -2147483648 -2147483648 -2147483648 -2147483648 -2147483648 -2147483648 -2147483648 -2147483648 -2147483648 -2147483648 -2147483648 -6 -7 -2147483648 -2147483648 -2147483648 -2147483648 -2147483648 -2147483648 -2147483648 -2147483648
split_feature= 4 4 4 19 19 12
split_gain= 127.198 237.648 63.1617 4.30165 8.11233 3.08709
threshold= 2.5000000000000004 5.5000000000000009 1.0000000180025095e-35 4.5000000000000009 5.5000000000000009 2.5000000000000004
decision_type= 2 2 2 2 2 2
left_child=2 3 -1 -2 -5 -6
right_child=1 -3 -4 4 5 -7
leaf_value= -0.1101593873180772 -0.11600201143690277 0.11022902409411005 0.11029876825905782 0.17859019688012304 -0.10325360472475027 0.11180164608891728
leaf_weight=25.708591043949127 201.43746739625931 93.516459539532661 156.16768278181553 11.154074534773825 47.410046979784966 13.009484767913817
leaf_count=320 2523 1123 1885 58 516 74
model_size=704
internal_value=0 -0.0395815 0.0791365 -0.0908971 -0.0202417 -0.0569481
internal_weight=0 366.528 181.876 273.011 71.5736 60.4195
internal_count=6499 4294 2205 3171 648 590
is_linear=0
shrinkage=0.1


Tree=19
num_leaves= 6
num_cat= 0
full_tree_array_lgbids= 0 2 1 -1 -4 3 -3 -2147483648 -2147483648 -2147483648 -2147483648 -2 4 -2147483648 -2147483648 -2147483648 -2147483648 -2147483648 -2147483648 -2147483648 -2147483648 -2147483648 -2147483648 -2147483648 -2147483648 -5 -6 -2147483648 -2147483648 -2147483648 -2147483648
split_feature= 4 4 4 19 19
split_gain= 109.022 207.148 51.8568 0.662524 0.274736
threshold= 2.5000000000000004 5.5000000000000009 1.0000000180025095e-35 4.5000000000000009 5.5000000000000009
decision_type= 2 2 2 2 2
left_child=2 3 -1 -2 -5
right_child=1 -3 -4 4 -6
leaf_value= -0.10911084958533668 -0.11506070264638298 0.10916388811322136 0.10922932571530253 0.1666865932509983 -0.055093305435090792
leaf_weight=23.474191918969154 183.68294979631901 85.400517836213112 142.61898606270552 10.774770572781561 56.500245288014412
leaf_count=320 2523 1123 1885 58 590
model_size=592
internal_value=0 -0.0390322 0.078371 -0.089463 -0.019573
internal_weight=0 336.358 166.093 250.958 67.275
internal_count=6499 4294 2205 3171 648
is_linear=0
shrinkage=0.1


end of trees

feature_importances:
Column_4=35
Column_19=28
Column_20=15
Column_8=14
Column_10=14
Column_7=12
Column_21=9
Column_9=8
Column_13=8
Column_3=5
Column_12=3
Column_1=1

parameters:
[boosting: gbdt]
[objective: binary]
[metric: auc, binary_logloss, rmse, l1, l2, mape, huber]
[tree_learner: serial]
[device_type: cpu]
[data_sample_strategy: bagging]
[data: data/kr-vs-kp.libsvm.train]
[valid: data/kr-vs-kp.libsvm.test]
[num_iterations: 20]
[learning_rate: 0.1]
[num_leaves: 255]
[num_threads: 1]
[seed: 42]
[deterministic: 0]
[force_col_wise: 0]
[force_row_wise: 0]
[histogram_pool_size: -1]
[max_depth: 7]
[min_data_in_leaf: 10]
[min_sum_hessian_in_leaf: 0.001]
[bagging_fraction: 1]
[pos_bagging_fraction: 1]
[neg_bagging_fraction: 1]
[bagging_freq: 0]
[bagging_seed: 400]
[feature_fraction: 1]
[feature_fraction_bynode: 1]
[feature_fraction_seed: 30056]
[extra_trees: 0]
[extra_seed: 12879]
[early_stopping_round: 0]
[early_stopping_min_delta: 0]
[first_metric_only: 0]
[max_delta_step: 0]
[lambda_l1: 0]
[lambda_l2: 0]
[linear_lambda: 0]
[min_gain_to_split: 0]
[drop_rate: 0.1]
[max_drop: 50]
[skip_drop: 0.5]
[xgboost_dart_mode: 0]
[uniform_drop: 0]
[drop_seed: 17869]
[top_rate: 0.2]
[other_rate: 0.1]
[min_data_per_group: 100]
[max_cat_threshold: 32]
[cat_l2: 10]
[cat_smooth: 10]
[max_cat_to_onehot: 4]
[top_k: 20]
[monotone_constraints: ]
[monotone_constraints_method: basic]
[monotone_penalty: 0]
[feature_contri: ]
[forcedsplits_filename: ]
[refit_decay_rate: 0.9]
[tinygbdt_penalty_feature: 2]
[tinygbdt_penalty_split: 0.015625]
[tinygbdt_forestsize: 64000]
[tinygbdt_precision: 1]
[cegb_tradeoff: 1]
[cegb_penalty_split: 0]
[cegb_penalty_feature_lazy: ]
[cegb_penalty_feature_coupled: ]
[path_smooth: 0]
[interaction_constraints: ]
[verbosity: 1]
[saved_feature_importance_type: 0]
[use_quantized_grad: 0]
[num_grad_quant_bins: 4]
[quant_train_renew_leaf: 0]
[stochastic_rounding: 1]
[linear_tree: 0]
[max_bin: 255]
[max_bin_by_feature: ]
[min_data_in_bin: 3]
[bin_construct_sample_cnt: 200000]
[data_random_seed: 175]
[is_enable_sparse: 1]
[enable_bundle: 1]
[use_missing: 1]
[zero_as_missing: 0]
[feature_pre_filter: 1]
[pre_partition: 0]
[two_round: 0]
[header: 0]
[label_column: ]
[weight_column: ]
[group_column: ]
[ignore_column: ]
[categorical_feature: ]
[forcedbins_filename: ]
[precise_float_parser: 0]
[parser_config_file: ]
[objective_seed: 16083]
[num_class: 1]
[is_unbalance: 0]
[scale_pos_weight: 1]
[sigmoid: 1]
[boost_from_average: 1]
[reg_sqrt: 0]
[alpha: 0.9]
[fair_c: 1]
[poisson_max_delta_step: 0.7]
[tweedie_variance_power: 1.5]
[lambdarank_truncation_level: 30]
[lambdarank_norm: 1]
[label_gain: ]
[lambdarank_position_bias_regularization: 0]
[eval_at: ]
[multi_error_top_k: 1]
[auc_mu_weights: ]
[num_machines: 1]
[local_listen_port: 12400]
[time_out: 120]
[machine_list_filename: ]
[machines: ]
[gpu_platform_id: -1]
[gpu_device_id: -1]
[gpu_use_dp: 0]
[num_gpu: 1]

end of parameters
