tree
version=v4
num_class=1
num_tree_per_iteration=1
label_index=0
max_feature_idx=7
objective=regression
feature_names=Column_0 Column_1 Column_2 Column_3 Column_4 Column_5 Column_6 Column_7
feature_infos=[-1.570595979690552:1.570752859115601] [-1.570681214332581:1.5706571340560909] [-1.5706690549850459:1.5707360506057739] [-1.5702953338623051:1.5700980424880981] [-1.570364356040955:1.570599317550659] [-1.5702542066574101:1.5705970525741582] [-1.570304274559021:1.5705224275588989] [-1.5689036846160889:1.570236444473267]
tree_sizes=910 932 933 937 938 936 935 939 938 932 934 941 936 946 940 945 865 877 944 877 876 940 736 940 938 872 878 883 660 735 940 878 739 738 666 809 663 739 379 876 568 876

Tree=0
num_leaves= 8
num_cat= 0
full_tree_array_lgbids= 0 1 3 4 2 5 6 -1 -6 -3 -4 -2 -7 -5 -8
split_feature= 2 4 2 2 2 4 6
split_gain= 107.152 22.9726 8.37289 5.16741 4.10807 2.92069 2.59377
threshold= 0.22240778803825376 -0.13487913459539411 -0.33504875004291529 0.831111639738083 -0.35692687332630152 -0.62264147400856007 0.23248040676116946
decision_type= 2 2 2 2 2 2 2
left_child=1 4 -3 5 -1 -2 -5
right_child=3 2 -4 6 -6 -7 -8
leaf_value= 0.7213570868071123 0.69735410501160522 0.73837575163418767 0.72390993572897133 0.7002141175522546 0.71020291729298435 0.70848008798438644 0.69110916885282936
leaf_weight=1153 388 1347 619 894 546 964 642
leaf_count=1153 388 1347 619 894 546 964 642
model_size=816
internal_value=0.715004 0.726381 0.733821 0.700565 0.717773 0.705287 0.696409
internal_weight=0 3665 1966 2888 1699 1352 1536
internal_count=6553 3665 1966 2888 1699 1352 1536
is_linear=0
shrinkage=1


Tree=1
num_leaves= 8
num_cat= 0
full_tree_array_lgbids= 0 1 3 4 2 6 5 -1 -6 -3 -4 -2 -8 -5 -7
split_feature= 2 4 2 2 2 6 6
split_gain= 86.6837 18.6265 6.85026 4.2572 3.01199 2.51759 1.59953
threshold= 0.22240778803825376 -0.25070770084857935 -0.36874486505985254 0.6500774919986726 -0.35692687332630152 -0.08627330511808394 0.56632831692695629
decision_type= 2 2 2 2 2 2 2
left_child=1 4 -3 6 -1 -5 -2
right_child=3 2 -4 5 -6 -7 -8
leaf_value= 0.0051552576205408911 -0.0038534662303889009 0.020739963801197244 0.0081968422868237845 -0.011759475566418539 -0.0049947355027063801 -0.019703645498932942 -0.013735429696371836
leaf_weight=1068 632 1386 707 930 504 996 330
leaf_count=1068 632 1386 707 930 504 996 330
model_size=816
internal_value=0 0.0102399 0.016503 -0.0129949 0.00190106 -0.0158677 -0.00724333
internal_weight=0 3665 2093 2888 1572 1926 962
internal_count=6553 3665 2093 2888 1572 1926 962
is_linear=0
shrinkage=0.1


Tree=2
num_leaves= 8
num_cat= 0
full_tree_array_lgbids= 0 1 2 4 3 6 5 -1 -6 -3 -5 -2 -8 -4 -7
split_feature= 2 4 2 6 1 3 6
split_gain= 70.3691 15.5676 5.26677 4.98937 2.42908 2.09895 1.95311
threshold= 0.11063466221094136 -0.13487913459539411 0.60325127840042125 1.0996640324592593 -0.7610255479812621 0.4248598068952561 0.56632831692695629
decision_type= 2 2 2 2 2 2 2
left_child=1 4 6 -3 -1 -4 -2
right_child=2 3 5 -5 -6 -7 -8
leaf_value= 0.0096794581127782036 -0.0015816725431822315 0.018731387599230705 -0.011436426607955928 0.003735236153134132 -1.130703668344494e-06 -0.018991432937807615 -0.011622565505337358
leaf_weight=432 717 1536 1324 292 1171 706 375
leaf_count=432 717 1536 1324 292 1171 706 375
model_size=816
internal_value=0 0.00992198 -0.010904 0.0163359 0.00260774 -0.0140639 -0.00502978
internal_weight=0 3431 3122 1828 1603 2030 1092
internal_count=6553 3431 3122 1828 1603 2030 1092
is_linear=0
shrinkage=0.1


Tree=3
num_leaves= 8
num_cat= 0
full_tree_array_lgbids= 0 1 3 5 2 6 4 -1 -7 -3 -4 -2 -8 -5 -6
split_feature= 2 4 2 5 3 5 0
split_gain= 57.0356 12.6765 5.97258 3.4993 6.3109 2.2121 1.94694
threshold= 0.22240778803825376 -0.47479055821895594 -0.52795374393463124 0.12283720821142197 -0.10433290526270864 -0.95036792755126931 0.14897394180297854
decision_type= 2 2 2 2 2 2 2
left_child=1 5 -3 6 -5 -1 -2
right_child=3 2 -4 4 -6 -7 -8
leaf_value= 0.0096962771564425079 -0.0035068845649347362 0.017204623351928901 0.0066054166631739188 -0.0070360980870565436 -0.021386771203920574 -0.0020847809053262546 -0.011564090911946941
leaf_weight=245 862 1376 1002 632 703 1042 691
leaf_count=245 862 1376 1002 632 703 1042 691
model_size=816
internal_value=0 0.00832072 0.0127385 -0.0105594 -0.014593 0.000157922 -0.0070919
internal_weight=0 3665 2378 2888 1335 1287 1553
internal_count=6553 3665 2378 2888 1335 1287 1553
is_linear=0
shrinkage=0.1


Tree=4
num_leaves= 8
num_cat= 0
full_tree_array_lgbids= 0 1 3 5 2 4 6 -1 -7 -3 -4 -2 -6 -5 -8
split_feature= 2 4 5 2 4 0 6
split_gain= 46.3536 10.5267 4.03286 3.93208 2.80679 1.99165 1.27138
threshold= 0.11063466221094136 -0.092393502593040452 0.65354096889495861 0.89601022005081188 -0.62264147400856007 -0.15831713378429405 0.80478918552398693
decision_type= 2 2 2 2 2 2 2
left_child=1 5 -3 4 -2 -1 -5
right_child=3 2 -4 6 -6 -7 -8
leaf_value= 0.0064130585305646297 -0.012411314755527994 0.016803975915545537 0.005727016841038656 -0.011075984423709828 -0.0026273860996949474 -0.0014920579954222221 -0.019620015967260204
leaf_weight=753 493 1258 532 1080 1223 888 326
leaf_count=753 493 1258 532 1080 1223 888 326
model_size=816
internal_value=0 0.00807061 0.0135118 -0.0088694 -0.00543827 0.00213534 -0.013057
internal_weight=0 3431 1790 3122 1716 1641 1406
internal_count=6553 3431 1790 3122 1716 1641 1406
is_linear=0
shrinkage=0.1


Tree=5
num_leaves= 8
num_cat= 0
full_tree_array_lgbids= 0 1 2 4 3 6 5 -1 -6 -3 -5 -2 -8 -4 -7
split_feature= 2 4 2 1 4 5 6
split_gain= 37.9564 8.59764 6.68243 2.64898 2.31594 2.18454 2.03372
threshold= -0.21647498756647107 0.56924891471862804 0.47420810163021093 -0.051532631739974015 -0.77998724579811085 0.4545369297266007 0.40036414563655859
decision_type= 2 2 2 2 2 2 2
left_child=1 4 6 -3 -1 -4 -2
right_child=2 3 5 -5 -6 -7 -8
leaf_value= 4.4485060985203343e-05 0.0023865379778194506 0.023865484427455265 -0.0074498999258856089 0.011827176784091578 0.0081277012651817648 -0.014630583927436359 -0.0062893503101290327
leaf_weight=720 889 408 1518 487 1141 824 566
leaf_count=720 889 408 1518 487 1141 824 566
model_size=816
internal_value=0 0.00899952 -0.00653218 0.017315 0.0050004 -0.00997632 -0.000988412
internal_weight=0 2756 3797 895 1861 2342 1455
internal_count=6553 2756 3797 895 1861 2342 1455
is_linear=0
shrinkage=0.1


Tree=6
num_leaves= 8
num_cat= 0
full_tree_array_lgbids= 0 1 2 5 3 4 6 -1 -7 -3 -5 -2 -6 -4 -8
split_feature= 2 4 2 5 4 1 6
split_gain= 30.7294 6.32163 5.54331 2.51672 2.11302 2.04742 1.86169
threshold= -0.24277038127183911 0.56924891471862804 0.52685046195983898 0.65354096889495861 0.29228626191616064 -0.015152493026107548 0.51476114988327037
decision_type= 2 2 2 2 2 2 2
left_child=1 5 4 -3 -2 -1 -4
right_child=2 3 6 -5 -6 -7 -8
leaf_value= 0.0085005411317003021 -0.0046118426572064573 0.01943129102429644 -0.0068779283556965722 0.0064412383898072483 0.0036098105375035523 0.00091475412548193283 -0.013933347059980367
leaf_weight=924 949 614 1476 262 688 904 736
leaf_count=924 949 614 1476 262 688 904 736
model_size=816
internal_value=0 0.00824699 -0.00579367 0.0155461 -0.00115644 0.00474915 -0.00922548
internal_weight=0 2704 3849 876 1637 1828 2212
internal_count=6553 2704 3849 876 1637 1828 2212
is_linear=0
shrinkage=0.1


Tree=7
num_leaves= 8
num_cat= 0
full_tree_array_lgbids= 0 1 3 5 2 6 4 -1 -7 -3 -4 -2 -8 -5 -6
split_feature= 2 4 6 5 3 5 0
split_gain= 24.9043 6.48025 4.02418 2.29362 4.89788 1.79934 1.42318
threshold= 0.22240778803825376 -0.67562311887741078 0.64664298295974743 0.12283720821142197 -0.10433290526270864 -0.47944049537181849 0.30019079148769384
decision_type= 2 2 2 2 2 2 2
left_child=1 5 -3 6 -5 -1 -2
right_child=3 2 -4 4 -6 -7 -8
leaf_value= 0.004985530902542841 -0.0011522962629530017 0.011099379739862643 0.0018596358057854805 -0.0036717746645553227 -0.016519677648893765 -0.0048563697403354693 -0.0085124578001432236
leaf_weight=387 932 1825 769 632 703 684 621
leaf_count=387 932 1825 769 632 703 684 621
model_size=816
internal_value=0 0.00553726 0.00836023 -0.00702703 -0.0104374 -0.00130005 -0.00409541
internal_weight=0 3665 2594 2888 1335 1071 1553
internal_count=6553 3665 2594 2888 1335 1071 1553
is_linear=0
shrinkage=0.1


Tree=8
num_leaves= 8
num_cat= 0
full_tree_array_lgbids= 0 2 1 5 4 3 6 -1 -7 -4 -6 -2 -5 -3 -8
split_feature= 2 2 4 4 5 1 7
split_gain= 21.3535 4.00195 3.74328 2.73878 1.95644 1.80964 1.61038
threshold= -0.33504875004291529 0.70152944326400768 0.56924891471862804 0.26278324425220495 0.65354096889495861 -0.041156854480504983 -1.2809419631958008
decision_type= 2 2 2 2 2 2 2
left_child=2 3 5 -2 -4 -1 -3
right_child=1 6 4 -5 -6 -7 -8
leaf_value= 0.0082253429731786037 -0.0048328873113003953 -0.019467161129585204 0.017003672689979637 0.0030467643255467553 0.0048426758131408787 0.00069204235218438671 -0.0072117353074719745
leaf_weight=847 1277 162 570 932 249 856 1660
leaf_count=847 1277 162 570 932 249 856 1660
model_size=816
internal_value=0 -0.00457881 0.00731847 -0.00150838 0.0133064 0.00443879 -0.00830141
internal_weight=0 4031 2522 2209 819 1703 1822
internal_count=6553 4031 2522 2209 819 1703 1822
is_linear=0
shrinkage=0.1


Tree=9
num_leaves= 8
num_cat= 0
full_tree_array_lgbids= 0 2 1 6 3 4 5 -1 -8 -4 -5 -2 -6 -3 -7
split_feature= 2 2 4 6 0 7 6
split_gain= 17.1848 3.2537 3.2059 2.42424 2.05944 1.70101 0.988258
threshold= -0.34356653690338129 0.4504156112670899 -0.3957854956388473 0.64664298295974743 0.34253489971160894 -1.1613988280296323 -1.2407286167144773
decision_type= 2 2 2 2 2 2 2
left_child=2 4 6 -4 -2 -3 -1
right_child=1 5 3 -5 -6 -7 -8
leaf_value= 0.013206680209314415 0.0029273587676685899 -0.014602803481526698 0.012618903848129368 0.003021016647416669 -0.005249247021106419 -0.005442381076888294 0.00012838662922603727
leaf_weight=106 990 319 1081 476 673 2075 833
leaf_count=106 990 319 1081 476 673 2075 833
model_size=816
internal_value=0 -0.00408822 0.00664499 0.00968468 -0.000381634 -0.00666301 0.00160474
internal_weight=0 4057 2496 1557 1663 2394 939
internal_count=6553 4057 2496 1557 1663 2394 939
is_linear=0
shrinkage=0.1


Tree=10
num_leaves= 8
num_cat= 0
full_tree_array_lgbids= 0 3 1 5 6 4 2 -1 -7 -5 -8 -2 -6 -3 -4
split_feature= 2 6 3 1 0 0 6
split_gain= 13.8467 3.28329 9.34177 3.10265 2.11312 1.8807 1.23761
threshold= -0.36874486505985254 0.40036414563655859 0.03902785666286946 -0.041156854480504983 0.20387880504131317 0.24408297240734103 -0.08627330511808394
decision_type= 2 2 2 2 2 2 2
left_child=3 4 -3 5 -2 -1 -5
right_child=1 2 -4 6 -6 -7 -8
leaf_value= 0.014097221392266513 0.001655800183651893 0.000587726225016845 -0.015421735534052759 0.006368866659613559 -0.0049606205189195174 0.0047934317983378324 -0.0013522779719509343
leaf_weight=679 1445 763 794 595 1107 507 663
leaf_count=679 1445 763 794 595 1107 507 663
model_size=816
internal_value=0 -0.00362502 -0.00757638 0.0060946 -0.00121425 0.01012 0.00229961
internal_weight=0 4109 1557 2444 2552 1186 1258
internal_count=6553 4109 1557 2444 2552 1186 1258
is_linear=0
shrinkage=0.1


Tree=11
num_leaves= 8
num_cat= 0
full_tree_array_lgbids= 0 1 4 3 2 6 5 -1 -5 -3 -4 -2 -8 -6 -7
split_feature= 2 4 5 5 5 3 4
split_gain= 11.4207 3.99398 3.2335 1.54273 1.46246 2.49239 0.984525
threshold= 0.29799550771713262 -0.80669787526130665 0.65354096889495861 -0.95036792755126931 0.4545369297266007 -0.36263959109783167 0.24804390221834183
decision_type= 2 2 2 2 2 2 2
left_child=1 3 -3 -1 6 -6 -2
right_child=4 2 -4 -5 5 -7 -8
leaf_value= 0.0073598060990997501 -0.0055690654732610161 0.0080181421937592003 -9.8287609511185504e-05 -0.0046779340763964481 -0.0017930440907610375 -0.013453877011763694 0.00059431369500687233
leaf_weight=187 1038 2023 830 781 382 582 730
leaf_count=187 1038 2023 830 781 382 582 730
model_size=816
internal_value=0 0.00362783 0.0056569 -0.00235246 -0.00507392 -0.00883309 -0.00302423
internal_weight=0 3821 2853 968 2732 964 1768
internal_count=6553 3821 2853 968 2732 964 1768
is_linear=0
shrinkage=0.1


Tree=12
num_leaves= 8
num_cat= 0
full_tree_array_lgbids= 0 2 1 5 6 3 4 -1 -7 -4 -8 -2 -5 -3 -6
split_feature= 2 7 4 3 4 0 6
split_gain= 9.61318 2.61488 2.59566 2.21174 2.12008 1.83997 1.13181
threshold= -0.36874486505985254 -0.63094553351402272 0.8823601007461549 0.38624238967895513 0.64830824732780468 -0.091760963201522827 1.0996640324592593
decision_type= 2 2 2 2 2 2 2
left_child=2 3 5 -2 -3 -1 -4
right_child=1 4 6 -5 -6 -7 -8
leaf_value= 0.0069627216578729712 -0.0035556424252339638 -0.0032357698544117812 0.014522356816072009 -0.013515221902994102 0.0035439580657764154 -0.00029573650641432692 -0.00069635308833332159
leaf_weight=908 750 2030 453 470 859 990 93
leaf_count=908 750 2030 453 470 859 990 93
model_size=816
internal_value=0 -0.00305263 0.00513226 -0.00739253 -0.00121992 0.0031767 0.0119302
internal_weight=0 4109 2444 1220 2889 1898 546
internal_count=6553 4109 2444 1220 2889 1898 546
is_linear=0
shrinkage=0.1


Tree=13
num_leaves= 8
num_cat= 0
full_tree_array_lgbids= 0 1 4 2 3 6 5 -1 -4 -3 -5 -2 -8 -6 -7
split_feature= 2 0 1 4 6 5 0
split_gain= 8.05507 3.4189 2.12848 1.06218 1.05822 1.80063 0.642966
threshold= 0.41311286389827734 0.24408297240734103 -0.041156854480504983 -0.30422538518905634 0.50101613998413097 -0.78617820143699635 0.9240403175354005
decision_type= 2 2 2 2 2 2 2
left_child=1 2 -1 -3 6 -6 -2
right_child=4 3 -4 -5 5 -7 -8
leaf_value= 0.0089930324373290443 -0.0013159021896378209 -0.0046463392588554251 0.0021067282540821173 0.0017898325729625152 0.0014690559175654259 -0.011346067897156392 -0.0082537613370111933
leaf_weight=1177 1284 710 1181 1013 196 646 346
leaf_count=1177 1284 710 1181 1013 196 646 346
model_size=816
internal_value=0 0.00283927 0.00554404 -0.000862333 -0.00468732 -0.00836297 -0.0027886
internal_weight=0 4081 2358 1723 2472 842 1630
internal_count=6553 4081 2358 1723 2472 842 1630
is_linear=0
shrinkage=0.1


Tree=14
num_leaves= 8
num_cat= 0
full_tree_array_lgbids= 0 3 1 6 5 4 2 -1 -8 -5 -7 -2 -6 -3 -4
split_feature= 2 6 3 1 0 0 4
split_gain= 6.97428 2.57801 7.26245 2.17742 1.68787 1.60725 0.590034
threshold= -0.62022417783737172 0.48795536160469061 0.03902785666286946 -0.47579921782016749 0.20387880504131317 -0.50676029920577992 0.73437872529029857
decision_type= 2 2 2 2 2 2 2
left_child=3 4 -3 6 -2 -5 -1
right_child=1 2 -4 5 -6 -7 -8
leaf_value= 0.0080023037638248633 0.0022176505719671826 0.0013320506809905057 -0.01262356276358962 0.0087907352940490534 -0.0034284946651856624 -0.00041656073418548509 0.017901341389508895
leaf_weight=479 1708 800 832 397 1315 844 178
leaf_count=479 1708 800 832 397 1315 844 178
model_size=816
internal_value=0 -0.00218215 -0.00578258 0.00535189 -0.000238413 0.00252888 0.0106842
internal_weight=0 4655 1632 1898 3023 1241 657
internal_count=6553 4655 1632 1898 3023 1241 657
is_linear=0
shrinkage=0.1


Tree=15
num_leaves= 8
num_cat= 0
full_tree_array_lgbids= 0 1 4 3 2 6 5 -1 -5 -3 -4 -2 -8 -6 -7
split_feature= 2 4 5 5 7 5 5
split_gain= 5.6935 2.79632 3.07085 1.07343 0.999904 0.517182 0.0804764
threshold= 0.4504156112670899 0.21189168095588687 0.65354096889495861 -0.82036203145980824 -1.1476808190345762 0.4545369297266007 -0.4911639392375946
decision_type= 2 2 2 2 2 2 2
left_child=1 3 -3 -1 6 -6 -2
right_child=4 2 -4 -5 5 -7 -8
leaf_value= 0.0047257324324177048 -0.0049347930280033113 0.0086434621236970415 -0.0013367044307628206 -0.0017035468442062531 -0.0012543221211529614 -0.0062991816422644275 -0.014887316114209171
leaf_weight=561 132 1269 538 1791 1328 742 192
leaf_count=561 132 1269 538 1791 1328 742 192
model_size=816
internal_value=0 0.00236824 0.00567206 -0.000170033 -0.00411424 -0.00306267 -0.0108326
internal_weight=0 4159 1807 2352 2394 2070 324
internal_count=6553 4159 1807 2352 2394 2070 324
is_linear=0
shrinkage=0.1


Tree=16
num_leaves= 7
num_cat= 0
full_tree_array_lgbids= 0 4 1 -1 5 3 2 -2147483648 -2147483648 -6 -7 -2 -5 -3 -4
split_feature= 2 5 3 3 1 4
split_gain= 4.95828 1.96431 6.37746 2.16951 1.69634 1.0521
threshold= -0.6779712140560149 0.19179127365350723 0.2989127933979035 -1.1720492243766782 -1.1786590814590452 0.8823601007461549
decision_type= 2 2 2 2 2 2
left_child=4 3 -3 -2 -1 -6
right_child=1 2 -4 -5 5 -7
leaf_value= 0.01499944062402481 -0.008429003599717445 0.00027836479982641589 -0.011710958721251854 0.0014795332444197348 0.0016641268355192295 0.0095831560501879968
leaf_weight=204 334 1230 822 2373 1226 364
leaf_count=204 334 1230 822 2373 1226 364
model_size=704
internal_value=0 -0.00180466 -0.00452438 0.00025698 0.00478728 0.00347704
internal_weight=0 4759 2052 2707 1794 1590
internal_count=6553 4759 2052 2707 1794 1590
is_linear=0
shrinkage=0.1


Tree=17
num_leaves= 7
num_cat= 0
full_tree_array_lgbids= 0 1 4 3 2 -2 5 -1 -5 -3 -4 -2147483648 -2147483648 -6 -7
split_feature= 2 4 6 1 6 5
split_gain= 4.15857 3.26879 2.80883 0.949457 0.195474 0.769598
threshold= 0.88075530529022228 -0.67562311887741078 0.64664298295974743 -1.2389149069786067 -0.18491821736097333 -0.41172227263450617
decision_type= 2 2 2 2 2 2
left_child=1 3 -3 -1 -2 -6
right_child=4 2 -4 -5 5 -7
leaf_value= 0.0072941094464329366 -0.002350787122809379 0.0052400348870577321 -0.0015434498184642602 -0.0040646357986074437 -0.0017998664759067914 -0.010763480006042547
leaf_weight=143 640 2560 1093 1325 295 497
leaf_count=143 640 2560 1093 1325 295 497
model_size=704
internal_value=0 0.00144208 0.00321037 -0.00295816 -0.00515706 -0.00742476
internal_weight=0 5121 3653 1468 1432 792
internal_count=6553 5121 3653 1468 1432 792
is_linear=0
shrinkage=0.1


Tree=18
num_leaves= 8
num_cat= 0
full_tree_array_lgbids= 0 3 1 6 5 4 2 -1 -8 -5 -7 -2 -6 -3 -4
split_feature= 2 7 4 1 3 0 5
split_gain= 3.59298 1.88042 1.43085 1.2274 1.10745 0.893792 0.15338
threshold= -0.73440709710121144 -0.88851091265678395 0.29228626191616064 -0.49102292954921717 -0.3748409897089004 -0.50676029920577992 0.26159095764160162
decision_type= 2 2 2 2 2 2 2
left_child=3 4 -3 6 -2 -5 -1
right_child=1 2 -4 5 -6 -7 -8
leaf_value= 0.012481318616421161 -0.00071522880646369643 -0.0022549955836084347 0.0025708070813361271 0.0075481839002723428 -0.009279410991221199 -0.00074881803851161301 0.0045983226732565947
leaf_weight=330 412 2277 1563 346 637 739 249
leaf_count=330 412 2277 1563 346 637 739 249
model_size=816
internal_value=0 -0.00149767 -0.000290743 0.00440031 -0.00591579 0.00189705 0.00909122
internal_weight=0 4889 3840 1664 1049 1085 579
internal_count=6553 4889 3840 1664 1049 1085 579
is_linear=0
shrinkage=0.1


Tree=19
num_leaves= 7
num_cat= 0
full_tree_array_lgbids= 0 1 3 2 4 -2 5 -1 -4 -3 -6 -2147483648 -2147483648 -5 -7
split_feature= 2 0 5 7 1 6
split_gain= 2.97872 2.30755 1.62952 0.365095 0.304905 0.173118
threshold= 0.6500774919986726 0.25716689229011541 0.12283720821142197 -1.2809419631958008 -1.3559966683387754 0.83954980969429027
decision_type= 2 2 2 2 2 2
left_child=1 2 -1 -2 -3 -5
right_child=3 4 -4 5 -6 -7
leaf_value= 0.0063954838284277955 -0.011434088453062855 0.0081567201583277234 0.0004358342274223177 -0.0017431950787109925 -0.0020521521955345831 -0.0072465245812714232
leaf_weight=1480 168 106 1214 1372 1827 386
leaf_count=1480 168 106 1214 1372 1827 386
model_size=704
internal_value=0 0.00153658 0.00370988 -0.00369146 -0.00149233 -0.00295155
internal_weight=0 4627 2694 1926 1933 1758
internal_count=6553 4627 2694 1926 1933 1758
is_linear=0
shrinkage=0.1


Tree=20
num_leaves= 7
num_cat= 0
full_tree_array_lgbids= 0 3 1 5 4 -2 2 -1 -7 -5 -6 -2147483648 -2147483648 -3 -4
split_feature= 2 7 4 1 6 4
split_gain= 2.52763 1.38678 1.07314 0.955855 0.601914 0.0186843
threshold= -0.49034024775028223 -1.2686905264854433 -0.62264147400856007 -0.47579921782016749 -0.08627330511808394 0.73437872529029857
decision_type= 2 2 2 2 2 2
left_child=3 -2 -3 5 -5 -1
right_child=1 2 -4 4 -6 -7
leaf_value= 0.0050962210737153747 -0.0084145571330666562 -0.0041879992734743512 0.00052197578447041825 0.0043338294351901721 -0.0018250106840460752 0.01233692460297958
leaf_weight=557 414 1165 2790 685 743 199
leaf_count=557 414 1165 2790 685 743 199
model_size=704
internal_value=0 -0.00158076 -0.000865413 0.00316224 0.00112933 0.00700217
internal_weight=0 4369 3955 2184 1428 756
internal_count=6553 4369 3955 2184 1428 756
is_linear=0
shrinkage=0.1


Tree=21
num_leaves= 8
num_cat= 0
full_tree_array_lgbids= 0 3 1 4 6 5 2 -1 -6 -5 -8 -2 -7 -3 -4
split_feature= 6 3 5 0 1 5 4
split_gain= 2.1979 6.64862 4.83943 2.1945 1.21951 1.19417 0.452364
threshold= 0.64664298295974743 -0.16804680228233337 -0.79602351784706105 0.25716689229011541 -0.17818199843168256 0.2974898517131806 -0.37489584088325495
decision_type= 2 2 2 2 2 2 2
left_child=3 5 -3 4 -1 -2 -5
right_child=1 2 -4 6 -6 -7 -8
leaf_value= 0.006580557138600264 0.0076236854329451908 0.0041530262335957345 -0.012735669780969662 -0.0047216484053265034 0.0010916143724552015 -0.002206963380487792 0.00038753448657871187
leaf_weight=1188 511 257 830 751 1468 334 1214
leaf_count=1188 511 257 830 751 1468 334 1214
model_size=816
internal_value=0 -0.00328401 -0.00874267 0.00137301 0.00354676 0.00373796 -0.00156514
internal_weight=0 1932 1087 4621 2656 845 1965
internal_count=6553 1932 1087 4621 2656 845 1965
is_linear=0
shrinkage=0.1


Tree=22
num_leaves= 5
num_cat= 0
full_tree_array_lgbids= 0 1 -2 3 2 -2147483648 -2147483648 -1 -5 -3 -4 -2147483648 -2147483648 -2147483648 -2147483648
split_feature= 2 4 5 6
split_gain= 2.15107 1.99212 2.23937 0.855084
threshold= 0.93685343861579906 0.29228626191616064 0.65354096889495861 -0.59995731711387623
decision_type= 2 2 2 2
left_child=1 3 -3 -1
right_child=-2 2 -4 -5
leaf_value= 0.0025084402196362855 -0.0041875487724829302 0.0063103830244498494 -0.0018342024184291709 -0.0024194145949927737
leaf_weight=982 1328 1487 653 2103
leaf_count=982 1328 1487 653 2103
model_size=480
internal_value=0 0.00106432 0.00382514 -0.000850807
internal_weight=0 5225 2140 3085
internal_count=6553 5225 2140 3085
is_linear=0
shrinkage=0.1


Tree=23
num_leaves= 8
num_cat= 0
full_tree_array_lgbids= 0 4 1 5 6 2 3 -1 -7 -6 -8 -2 -4 -3 -5
split_feature= 2 7 3 0 4 1 6
split_gain= 1.73271 1.01981 1.09026 0.762093 0.637158 0.531425 0.073636
threshold= -0.73440709710121144 -0.63094553351402272 0.41326110064983373 -1.1630021333694454 1.2177543640136721 -0.29146754741668696 0.85133880376815807
decision_type= 2 2 2 2 2 2 2
left_child=4 2 -2 -3 5 -1 -6
right_child=1 3 -4 -5 6 -7 -8
leaf_value= 0.0058858692618472402 -0.0013920674479233012 0.0058785229604783025 -0.0088830515731067421 -0.00067488675005265484 0.0151262566661874 -0.00018801950208303681 -0.00034945688477935313
leaf_weight=601 917 406 522 3044 147 869 47
leaf_count=601 917 406 522 3044 147 869 47
model_size=816
internal_value=0 -0.00114157 -0.00410944 9.63261e-05 0.00335406 0.00229525 0.011377
internal_weight=0 4889 1439 3450 1664 1470 194
internal_count=6553 4889 1439 3450 1664 1470 194
is_linear=0
shrinkage=0.1


Tree=24
num_leaves= 8
num_cat= 0
full_tree_array_lgbids= 0 3 1 4 5 6 2 -1 -6 -5 -7 -2 -8 -3 -4
split_feature= 5 3 6 3 6 0 2
split_gain= 1.58691 5.49304 5.74234 1.62483 4.85926 1.06837 1.00884
threshold= 0.18079009652137759 -0.19819757342338556 -0.34208901226520533 -1.1821406483650208 0.023997919633984569 0.31741669774055487 1.0982756614685056
decision_type= 2 2 2 2 2 2 2
left_child=3 6 -3 4 -1 -5 -2
right_child=1 2 -4 5 -6 -7 -8
leaf_value= -0.01523578277440045 0.0046328697555911838 0.001894248623468529 -0.011310670266317888 0.0045651534385371794 0.0076517802136840483 -0.00033525428253247582 -0.0059626424769335922
leaf_weight=248 1089 601 995 1958 191 1283 188
leaf_count=248 1089 601 995 1958 191 1283 188
model_size=816
internal_value=0 -0.00215505 -0.00633814 0.00168246 -0.00527787 0.00262525 0.003073
internal_weight=0 2873 1596 3680 439 3241 1277
internal_count=6553 2873 1596 3680 439 3241 1277
is_linear=0
shrinkage=0.1


Tree=25
num_leaves= 7
num_cat= 0
full_tree_array_lgbids= 0 4 1 5 -6 3 2 -1 -7 -2147483648 -2147483648 -2 -5 -3 -4
split_feature= 1 6 3 4 2 4
split_gain= 1.4965 1.6805 4.17459 0.906104 0.0989522 0.0320027
threshold= -1.1993861794471739 0.38282012939453131 0.26035444438457495 0.33036214113235479 0.831111639738083 0.85643300414085399
decision_type= 2 2 2 2 2 2
left_child=4 3 -3 -2 5 -1
right_child=1 2 -4 -5 -6 -7
leaf_value= 0.0048394118158868208 -0.00078888579920100238 0.00088139365304502025 -0.0087158632495261384 0.0036876355257385745 -0.0014481204738071287 0.013553914687989064
leaf_weight=446 2211 1233 963 1392 161 147
leaf_count=446 2211 1233 963 1392 161 147
model_size=704
internal_value=0 -0.000675574 -0.00332724 0.000940595 0.00519583 0.00699967
internal_weight=0 5799 2196 3603 754 593
internal_count=6553 5799 2196 3603 754 593
is_linear=0
shrinkage=0.1


Tree=26
num_leaves= 7
num_cat= 0
full_tree_array_lgbids= 0 1 3 -1 2 5 4 -2147483648 -2147483648 -3 -4 -2 -7 -5 -6
split_feature= 7 3 6 4 6 5
split_gain= 1.31956 1.03854 2.33213 0.980492 0.803136 0.795889
threshold= -0.63094553351402272 -0.5971354842185973 -0.36684532463550562 0.73437872529029857 -1.0934035181999204 0.08840771391987802
decision_type= 2 2 2 2 2 2
left_child=1 -1 -3 5 -5 -2
right_child=3 2 -4 4 -6 -7
leaf_value= 0.0016701668178898466 0.0020450927001339114 0.0014106517437262912 -0.0087657860791941281 -0.0044397046921155628 0.0059275084650043282 -0.0023170154285544866
leaf_weight=626 1791 486 812 176 1052 1610
leaf_count=626 1791 486 812 176 1052 1610
model_size=704
internal_value=0 -0.00279975 -0.0049555 0.00116369 0.00444165 -1.98864e-05
internal_weight=0 1924 1298 4629 1228 3401
internal_count=6553 1924 1298 4629 1228 3401
is_linear=0
shrinkage=0.1


Tree=27
num_leaves= 7
num_cat= 0
full_tree_array_lgbids= 0 1 3 2 -3 5 4 -1 -4 -2147483648 -2147483648 -2 -7 -5 -6
split_feature= 0 1 2 4 5 6
split_gain= 1.20918 0.856196 0.648303 0.39924 0.493581 0.0441169
threshold= -0.11098424345254898 0.98973819613456748 0.11063466221094136 -0.45289823412895197 0.90692374110221874 -1.2407286167144773
decision_type= 2 2 2 2 2 2
left_child=1 2 -1 5 -5 -2
right_child=3 -3 -4 4 -6 -7
leaf_value= 0.0053498523474344341 0.0035185367107055244 -0.0030451649159953763 0.00045411559606162958 0.0010251807446945516 -0.0048344706106280043 -0.0050510735285625389
leaf_weight=1296 133 561 1174 1775 492 1122
leaf_count=1296 133 561 1174 1775 492 1122
model_size=704
internal_value=0 0.00189977 0.00302289 -0.00163492 -0.000246521 -0.0041429
internal_weight=0 3031 2470 3522 2267 1255
internal_count=6553 3031 2470 3522 2267 1255
is_linear=0
shrinkage=0.1


Tree=28
num_leaves= 4
num_cat= 0
full_tree_array_lgbids= 0 1 -2 -1 2 -2147483648 -2147483648 -2147483648 -2147483648 -3 -4 -2147483648 -2147483648 -2147483648 -2147483648
split_feature= 2 1 4
split_gain= 1.0408 1.01372 1.05358
threshold= 1.0605511665344243 -1.1993861794471739 -0.99983337521553006
decision_type= 2 2 2
left_child=1 -1 -3
right_child=-2 2 -4
leaf_value= 0.0058181647584591573 -0.0038212135372396429 -0.0039813980491062257 0.0010442932688440791
leaf_weight=637 1075 926 3915
leaf_count=637 1075 926 3915
model_size=368
internal_value=0 0.000749873 8.2965e-05
internal_weight=0 5478 4841
internal_count=6553 5478 4841
is_linear=0
shrinkage=0.1


Tree=29
num_leaves= 5
num_cat= 0
full_tree_array_lgbids= 0 -1 1 -2147483648 -2147483648 2 3 -2147483648 -2147483648 -2147483648 -2147483648 -2 -4 -3 -5
split_feature= 7 2 4 4
split_gain= 0.936305 0.68495 0.253136 0.210341
threshold= -1.2588718533515932 -0.73440709710121144 1.2177543640136721 -1.2474552989006038
decision_type= 2 2 2 2
left_child=-1 2 -2 -3
right_child=1 3 -4 -5
leaf_value= -0.0050789721550711714 0.0023182812656181249 -0.0049683601495841652 0.010823410447027906 0.00011852012808031836
leaf_weight=624 1339 454 171 3965
leaf_count=624 1339 454 171 3965
model_size=480
internal_value=0 0.000534538 0.00328144 -0.000404097
internal_weight=0 5929 1510 4419
internal_count=6553 5929 1510 4419
is_linear=0
shrinkage=0.1


Tree=30
num_leaves= 8
num_cat= 0
full_tree_array_lgbids= 0 3 1 5 6 4 2 -1 -7 -5 -8 -2 -6 -3 -4
split_feature= 6 3 5 0 5 5 1
split_gain= 0.871112 2.79591 2.11058 1.09429 0.886704 0.684652 0.107584
threshold= 0.79071232676506054 -0.16804680228233337 -0.82036203145980824 0.25716689229011541 0.2974898517131806 1.1454110145568848 1.0931738018989565
decision_type= 2 2 2 2 2 2 2
left_child=3 4 -3 5 -2 -1 -5
right_child=1 2 -4 6 -6 -7 -8
leaf_value= 0.0035434888432848647 0.0063137414972512093 0.0033681921074979605 -0.010110677267059005 -0.0022881406755685427 -0.0037367942597274838 -0.0033812226767780808 0.0037316634085675449
leaf_weight=2463 451 212 705 1765 278 368 311
leaf_count=2463 451 212 705 1765 278 368 311
model_size=816
internal_value=0 -0.00279787 -0.00699452 0.000938517 0.00248103 0.00264335 -0.00138633
internal_weight=0 1646 917 4907 729 2831 2076
internal_count=6553 1646 917 4907 729 2831 2076
is_linear=0
shrinkage=0.1


Tree=31
num_leaves= 7
num_cat= 0
full_tree_array_lgbids= 0 1 4 2 3 -2 5 -1 -4 -3 -5 -2147483648 -2147483648 -6 -7
split_feature= 7 5 4 3 0 4
split_gain= 0.689971 0.680424 1.36333 0.874176 0.486015 0.263831
threshold= -0.63094553351402272 0.18079009652137759 -0.29606220126152027 -0.68933159112930287 -1.1630021333694454 0.73437872529029857
decision_type= 2 2 2 2 2 2
left_child=1 2 -1 -3 -2 -6
right_child=4 3 -4 -5 5 -7
leaf_value= -0.005658139031037155 0.005631287918935704 0.0011550930764197428 0.0035631280756142519 -0.0087917237755141733 -0.00063014219246708327 0.0031404327469009979
leaf_weight=423 551 255 685 561 3002 1076
leaf_count=423 551 255 685 561 3002 1076
model_size=704
internal_value=0 -0.00238579 4.27346e-05 -0.00568334 0.000991631 0.000364742
internal_weight=0 1924 1108 816 4629 4078
internal_count=6553 1924 1108 816 4629 4078
is_linear=0
shrinkage=0.1


Tree=32
num_leaves= 5
num_cat= 0
full_tree_array_lgbids= 0 -1 1 -2147483648 -2147483648 3 2 -2147483648 -2147483648 -2147483648 -2147483648 -2 -5 -3 -4
split_feature= 1 6 3 3
split_gain= 0.657811 0.796332 3.51124 1.94346
threshold= -1.0771715641021729 -0.12266848236322404 0.26035444438457495 -0.76961690187454213
decision_type= 2 2 2 2
left_child=-1 3 -3 -2
right_child=1 2 -4 -5
leaf_value= 0.0035677074523494789 -0.004500892482448839 0.0010532681004399801 -0.0066918580920914839 0.0031476683751586292
leaf_weight=1014 643 1709 1276 1911
leaf_count=1014 643 1709 1276 1911
model_size=480
internal_value=0 -0.000653124 -0.00225755 0.00122205
internal_weight=0 5539 2985 2554
internal_count=6553 5539 2985 2554
is_linear=0
shrinkage=0.1


Tree=33
num_leaves= 5
num_cat= 0
full_tree_array_lgbids= 0 1 3 -1 2 -2 -5 -2147483648 -2147483648 -3 -4 -2147483648 -2147483648 -2147483648 -2147483648
split_feature= 2 1 0 7
split_gain= 0.60841 0.155825 0.168432 0.0677233
threshold= -0.21647498756647107 -1.3125545382499693 -0.81635904312133778 -1.0472885966300958
decision_type= 2 2 2 2
left_child=1 -1 -3 -2
right_child=3 2 -4 -5
leaf_value= 0.0087251171498130796 -0.0047793318371261648 0.0048545653206166625 0.00010046666213466994 -0.00057114855822366873
leaf_weight=198 642 607 1951 3155
leaf_count=198 642 607 1951 3155
model_size=480
internal_value=0 0.00176716 0.00122859 -0.00128267
internal_weight=0 2756 2558 3797
internal_count=6553 2756 2558 3797
is_linear=0
shrinkage=0.1


Tree=34
num_leaves= 4
num_cat= 0
full_tree_array_lgbids= 0 1 -2 2 -3 -2147483648 -2147483648 -1 -4 -2147483648 -2147483648 -2147483648 -2147483648 -2147483648 -2147483648
split_feature= 2 0 5
split_gain= 0.453193 0.453586 0.37114
threshold= 1.0605511665344243 0.53016069531440746 0.12283720821142197
decision_type= 2 2 2
left_child=1 2 -1
right_child=-2 -3 -4
leaf_value= 0.003471541209532181 -0.0032255817901436154 -0.0015241189314195544 -0.0002855325825893025
leaf_weight=1961 1075 1886 1631
leaf_count=1961 1075 1886 1631
model_size=368
internal_value=0 0.000632987 0.00176559
internal_weight=0 5478 3592
internal_count=6553 5478 3592
is_linear=0
shrinkage=0.1


Tree=35
num_leaves= 6
num_cat= 0
full_tree_array_lgbids= 0 3 1 4 -5 -2 2 -1 -6 -2147483648 -2147483648 -2147483648 -2147483648 -3 -4
split_feature= 6 3 5 0 4
split_gain= 0.373038 2.27752 2.83416 0.398532 0.266146
threshold= 0.64664298295974743 -0.69823873043060292 -0.87143251299858082 0.67757943272590648 0.33036214113235479
decision_type= 2 2 2 2 2
left_child=3 -2 -3 4 -1
right_child=1 2 -4 -5 -6
leaf_value= 0.00048719915020573133 0.0045338561860851223 0.0052263417303686647 -0.0072831304462155676 -0.0016704296882216454 0.0043679491468081692
leaf_weight=1996 519 303 1110 1373 1252
leaf_count=1996 519 303 1110 1373 1252
model_size=592
internal_value=0 -0.0021468 -0.00460063 0.000897559 0.0019831
internal_weight=0 1932 1413 4621 3248
internal_count=6553 1932 1413 4621 3248
is_linear=0
shrinkage=0.1


Tree=36
num_leaves= 4
num_cat= 0
full_tree_array_lgbids= 0 -1 1 -2147483648 -2147483648 2 -3 -2147483648 -2147483648 -2147483648 -2147483648 -2 -4 -2147483648 -2147483648
split_feature= 7 2 4
split_gain= 0.279759 0.241496 0.339462
threshold= -1.3602905869483948 0.60325127840042125 -1.2474552989006038
decision_type= 2 2 2
left_child=-1 2 -2
right_child=1 -3 -4
leaf_value= -0.0051501525111234516 -0.003804878092625804 -0.0016846728149459648 0.0018405440646957812
leaf_weight=416 433 1903 3801
leaf_count=416 433 1903 3801
model_size=368
internal_value=0 0.000349106 0.0012632
internal_weight=0 6137 4234
internal_count=6553 6137 4234
is_linear=0
shrinkage=0.1


Tree=37
num_leaves= 5
num_cat= 0
full_tree_array_lgbids= 0 -1 1 -2147483648 -2147483648 3 2 -2147483648 -2147483648 -2147483648 -2147483648 -2 -5 -3 -4
split_feature= 1 6 3 3
split_gain= 0.214956 0.288797 2.40704 1.37963
threshold= -1.0771715641021729 -0.12266848236322404 0.26035444438457495 -0.76961690187454213
decision_type= 2 2 2 2
left_child=-1 3 -3 -2
right_child=1 2 -4 -5
leaf_value= 0.0030531711585967567 -0.0041271391458947695 0.0009615923495043746 -0.0057699327339060316 0.0027613332128127704
leaf_weight=1014 643 1709 1276 1911
leaf_count=1014 643 1709 1276 1911
model_size=480
internal_value=0 -0.00055893 -0.00191594 0.00102708
internal_weight=0 5539 2985 2554
internal_count=6553 5539 2985 2554
is_linear=0
shrinkage=0.1


Tree=38
num_leaves= 2
num_cat= 0
full_tree_array_lgbids= 0 -1 -2
split_feature= 2
split_gain= 0.148657
threshold= -0.6779712140560149
decision_type= 2
left_child=-1
right_child=-2
leaf_value= 0.0020684033975964019 -0.00077972593095671156
leaf_weight=1794 4759
leaf_count=1794 4759
model_size=144
internal_value=0
internal_weight=0
internal_count=6553
is_linear=0
shrinkage=0.1


Tree=39
num_leaves= 7
num_cat= 0
full_tree_array_lgbids= 0 4 1 -1 5 2 3 -2147483648 -2147483648 -6 -7 -2 -4 -3 -5
split_feature= 7 7 4 6 3 6
split_gain= 0.107029 0.207018 0.276653 0.201877 0.0913814 0.229844
threshold= -0.88851091265678395 1.3596149086952212 0.73437872529029857 -0.97836294770240773 -0.67650708556175221 -0.61201331019401539
decision_type= 2 2 2 2 2 2
left_child=4 2 -2 -3 -1 -6
right_child=1 3 -4 -5 5 -7
leaf_value= 0.0016540888438723216 0.00014666500240993131 -0.014267967135013862 0.0037401704233897149 -0.0016745698060192549 0.0011256229735235764 -0.0063683825435154459
leaf_weight=427 3444 87 1255 363 289 688
leaf_count=427 3444 87 1255 363 289 688
model_size=704
internal_value=0 0.000650582 0.00110641 -0.00410929 -0.00238593 -0.00415163
internal_weight=0 5149 4699 450 1404 977
internal_count=6553 5149 4699 450 1404 977
is_linear=0
shrinkage=0.1


Tree=40
num_leaves= 4
num_cat= 0
full_tree_array_lgbids= 0 1 2 -1 -3 -2 -4
split_feature= 0 1 1
split_gain= 0.0855289 0.269904 0.141448
threshold= -0.11098424345254898 0.98973819613456748 1.2215964794158938
decision_type= 2 2 2
left_child=1 -1 -2
right_child=2 -3 -4
leaf_value= 0.0022805225442116281 -0.0017616341739823552 -0.0028231518618150745 0.0037791706221824597
leaf_weight=2470 3133 561 389
leaf_count=2470 3133 561 389
model_size=368
internal_value=0 0.0013359 -0.00114966
internal_weight=0 3031 3522
internal_count=6553 3031 3522
is_linear=0
shrinkage=0.1


Tree=41
num_leaves= 7
num_cat= 0
full_tree_array_lgbids= 0 2 1 4 3 5 -3 -1 -6 -4 -5 -2 -7 -2147483648 -2147483648
split_feature= 5 3 4 3 6 6
split_gain= 0.0320075 0.929512 0.360731 0.8601 0.687034 0.0139637
threshold= 1.2112971544265752 -0.38981260359287256 -0.67562311887741078 0.77286869287490856 -0.39972449839115137 0.80478918552398693
decision_type= 2 2 2 2 2 2
left_child=2 5 4 -4 -1 -2
right_child=1 -3 3 -5 -6 -7
leaf_value= 0.0020897126854223674 0.0063303868397261449 -0.0071265471529189219 0.0025477068552960365 -0.0022789906145463724 -0.0043790387501535756 -0.0078527322062291217
leaf_weight=620 213 477 3146 1015 1022 60
leaf_count=620 213 477 3146 1015 1022 60
model_size=704
internal_value=0 -0.00336287 0.000434629 0.00137032 -0.00193651 0.00321322
internal_weight=0 750 5803 4161 1642 273
internal_count=6553 750 5803 4161 1642 273
is_linear=0
shrinkage=0.1


end of trees

feature_importances:
Column_2=45
Column_4=43
Column_6=37
Column_5=33
Column_3=26
Column_0=23
Column_1=23
Column_7=15

parameters:
[boosting: gbdt]
[objective: regression]
[metric: rmse]
[tree_learner: serial]
[device_type: cpu]
[data_sample_strategy: bagging]
[data: data/kin8nm.libsvm.train]
[valid: data/kin8nm.libsvm.test]
[num_iterations: 10000]
[learning_rate: 0.1]
[num_leaves: 255]
[num_threads: 0]
[seed: 42]
[deterministic: 0]
[force_col_wise: 0]
[force_row_wise: 0]
[histogram_pool_size: -1]
[max_depth: 3]
[min_data_in_leaf: 10]
[min_sum_hessian_in_leaf: 0.001]
[bagging_fraction: 1]
[pos_bagging_fraction: 1]
[neg_bagging_fraction: 1]
[bagging_freq: 0]
[bagging_seed: 400]
[feature_fraction: 1]
[feature_fraction_bynode: 1]
[feature_fraction_seed: 30056]
[extra_trees: 0]
[extra_seed: 12879]
[early_stopping_round: 0]
[early_stopping_min_delta: 0]
[first_metric_only: 0]
[max_delta_step: 0]
[lambda_l1: 0]
[lambda_l2: 0]
[linear_lambda: 0]
[min_gain_to_split: 0]
[drop_rate: 0.1]
[max_drop: 50]
[skip_drop: 0.5]
[xgboost_dart_mode: 0]
[uniform_drop: 0]
[drop_seed: 17869]
[top_rate: 0.2]
[other_rate: 0.1]
[min_data_per_group: 100]
[max_cat_threshold: 32]
[cat_l2: 10]
[cat_smooth: 10]
[max_cat_to_onehot: 4]
[top_k: 20]
[monotone_constraints: ]
[monotone_constraints_method: basic]
[monotone_penalty: 0]
[feature_contri: ]
[forcedsplits_filename: ]
[refit_decay_rate: 0.9]
[tinygbdt_penalty_feature: 0.0625]
[tinygbdt_penalty_split: 0.000976562]
[tinygbdt_forestsize: 64000]
[tinygbdt_precision: 7]
[cegb_tradeoff: 1]
[cegb_penalty_split: 0]
[cegb_penalty_feature_lazy: ]
[cegb_penalty_feature_coupled: ]
[path_smooth: 0]
[interaction_constraints: ]
[verbosity: 2]
[saved_feature_importance_type: 0]
[use_quantized_grad: 0]
[num_grad_quant_bins: 4]
[quant_train_renew_leaf: 0]
[stochastic_rounding: 1]
[linear_tree: 0]
[max_bin: 255]
[max_bin_by_feature: ]
[min_data_in_bin: 3]
[bin_construct_sample_cnt: 200000]
[data_random_seed: 175]
[is_enable_sparse: 1]
[enable_bundle: 1]
[use_missing: 1]
[zero_as_missing: 0]
[feature_pre_filter: 1]
[pre_partition: 0]
[two_round: 0]
[header: 0]
[label_column: ]
[weight_column: ]
[group_column: ]
[ignore_column: ]
[categorical_feature: ]
[forcedbins_filename: ]
[precise_float_parser: 0]
[parser_config_file: ]
[objective_seed: 16083]
[num_class: 1]
[is_unbalance: 0]
[scale_pos_weight: 1]
[sigmoid: 1]
[boost_from_average: 1]
[reg_sqrt: 0]
[alpha: 0.9]
[fair_c: 1]
[poisson_max_delta_step: 0.7]
[tweedie_variance_power: 1.5]
[lambdarank_truncation_level: 30]
[lambdarank_norm: 1]
[label_gain: ]
[lambdarank_position_bias_regularization: 0]
[eval_at: ]
[multi_error_top_k: 1]
[auc_mu_weights: ]
[num_machines: 1]
[local_listen_port: 12400]
[time_out: 120]
[machine_list_filename: ]
[machines: ]
[gpu_platform_id: -1]
[gpu_device_id: -1]
[gpu_use_dp: 0]
[num_gpu: 1]

end of parameters
