tree
version=v4
num_class=1
num_tree_per_iteration=1
label_index=0
max_feature_idx=7
objective=regression
feature_names=Column_0 Column_1 Column_2 Column_3 Column_4 Column_5 Column_6 Column_7
feature_infos=[-1.570595979690552:1.570752859115601] [-1.570681214332581:1.5706571340560909] [-1.5706690549850459:1.5707360506057739] [-1.5702953338623051:1.5700980424880981] [-1.570364356040955:1.570599317550659] [-1.5702542066574101:1.5705970525741582] [-1.570304274559021:1.5705224275588989] [-1.5689036846160889:1.570236444473267]
tree_sizes=2485 2501 2009 1728 1270 1578 1784 735 565 1513 663 998 1506 667 667 924 498 377 1452 923 378 378 379 666 380

Tree=0
num_leaves= 23
num_cat= 0
full_tree_array_lgbids= 0 1 3 4 2 7 8 12 21 5 14 -2 9 16 13 -1 20 -6 -23 11 6 17 15 -2147483648 -2147483648 -9 10 19 -18 18 -15 -2147483648 -2147483648 -14 -22 -2147483648 -2147483648 -2147483648 -2147483648 -3 -13 -7 -8 -4 -19 -16 -17 -2147483648 -2147483648 -2147483648 -2147483648 -2147483648 -2147483648 -11 -12 -5 -21 -2147483648 -2147483648 -10 -20 -2147483648 -2147483648
split_feature= 2 4 2 2 2 6 5 4 6 3 5 1 1 3 6 5 0 5 5 5 6 4
split_gain= 106.652 22.4657 7.85922 4.66057 3.5944 3.21307 6.71507 2.39334 2.06643 1.77357 4.04356 1.53047 1.4641 1.28698 0.724968 1.25392 0.582476 0.351701 0.342099 0.326095 0.30925 0.177396
threshold= 0.22240778803825376 -0.13487913459539411 -0.33504875004291529 0.831111639738083 -0.35692687332630152 1.0996640324592593 0.17076345533132556 -0.62264147400856007 0.23248040676116946 0.33348274230957037 -0.081027176231145845 -0.063510026782751069 -0.028266851790249341 0.047571904957294471 1.0996640324592593 -0.12362807989120483 0.48065467178821569 -1.3099576830863946 0.20172023028135302 0.90692374110221874 -1.1232284307479858 -0.9847588539123534
decision_type= 2 2 2 2 2 2 2 2 2 2 2 2 2 2 2 2 2 2 2 2 2 2
left_child=1 4 5 7 12 11 -7 -2 16 -9 -11 -3 -1 18 17 -16 19 -4 -10 -5 -14 -6
right_child=3 2 14 8 21 6 -8 9 13 10 -12 -13 20 -15 15 -17 -18 -19 -20 -21 -22 -23
leaf_value= 0.72594828850574022 0.69735410501160522 0.74576312192184147 0.71148853979584525 0.70572838207060729 0.70467028340286231 0.74459648144746271 0.70659498379572372 0.71284586909303327 0.70303461463790828 0.71463083717014075 0.69125707693110128 0.73621397801554389 0.72842719100532405 0.68534450484495435 0.72703529746200657 0.69548876485623845 0.69420912802040802 0.7280717060389289 0.68891320468961492 0.69321169944280825 0.71452330681801779 0.71422983436490872
leaf_weight=585 388 546 60 476 230 107 108 585 185 170 209 586 86 337 48 47 303 464 120 115 482 316
leaf_count=585 388 546 60 476 230 107 108 585 185 170 209 586 86 337 48 47 303 464 120 115 482 316
model_size=2496
internal_value=0.715004 0.726381 0.733821 0.700565 0.717773 0.738376 0.725507 0.705287 0.696409 0.70848 0.701741 0.74082 0.721357 0.691109 0.72391 0.711428 0.700214 0.726173 0.697479 0.703293 0.716628 0.710203
internal_weight=0 3665 1966 2888 1699 1347 215 1352 1536 964 379 1132 1153 642 619 95 894 524 305 591 568 546
internal_count=6553 3665 1966 2888 1699 1347 215 1352 1536 964 379 1132 1153 642 619 95 894 524 305 591 568 546
is_linear=0
shrinkage=1


Tree=1
num_leaves= 22
num_cat= 0
full_tree_array_lgbids= 0 1 3 6 2 13 7 11 -8 4 19 17 14 18 8 12 16 -2147483648 -2147483648 9 5 -4 20 -2 -19 -15 15 -5 -20 -9 10 -1 -14 -13 -18 -2147483648 -2147483648 -2147483648 -2147483648 -3 -11 -6 -7 -2147483648 -2147483648 -21 -22 -2147483648 -2147483648 -2147483648 -2147483648 -2147483648 -2147483648 -16 -17 -2147483648 -2147483648 -2147483648 -2147483648 -2147483648 -2147483648 -10 -12
split_feature= 2 4 2 2 5 6 2 6 3 4 5 5 6 6 3 5 1 4 0 6 3
split_gain= 85.8546 17.7284 6.06454 3.43603 2.40505 6.7212 2.15713 1.66473 2.61772 1.03956 0.899969 0.836916 1.70828 0.719539 2.36497 0.912981 0.520223 0.326699 0.180639 0.0557514 1.33854
threshold= 0.22240778803825376 -0.25070770084857935 -0.36874486505985254 0.6500774919986726 0.65354096889495861 0.42225234210491186 -0.35692687332630152 -0.08627330511808394 0.047571904957294471 0.56924891471862804 -0.6967884600162505 -0.82036203145980824 -0.16419291496276853 0.56632831692695629 -0.19819757342338556 -0.85936468839645375 -0.67561626434326161 -0.60982060432434071 0.46820004284381872 1.0996640324592593 0.2989127933979035
decision_type= 2 2 2 2 2 2 2 2 2 2 2 2 2 2 2 2 2 2 2 2 2
left_child=1 6 4 13 9 -6 11 18 -9 -3 -10 12 -1 17 -15 -16 -13 -2 -5 -4 -21
right_child=3 2 19 7 5 -7 -8 8 10 -11 -12 16 -14 14 15 -17 -18 -19 -20 20 -22
leaf_value= 0.024063114485994894 -0.012194572789794923 0.01841002239345876 0.010056983965610541 -0.0088082151697511015 0.024219676024131331 -0.0038332594201228652 -0.0049611780509867323 -0.013398228482471176 -0.014627937978501758 0.028559743669367511 -0.030124709658105882 0.0099118106994807494 0.0017832652300072849 0.00022720598649542128 -0.0022889847787929342 -0.027725325602223169 -0.00062636658158161549 -0.0005334323483966849 -0.017479954759883388 0.010988994741637725 -0.021823488641530275
leaf_weight=131 181 409 599 613 256 172 504 501 129 549 366 252 121 123 47 160 564 451 317 64 44
leaf_count=131 181 409 599 613 256 172 504 501 129 549 366 252 121 123 47 160 564 451 317 64 44
model_size=2384
internal_value=0 0.0102399 0.0164917 -0.0129949 0.0207431 0.0129461 0.0019161 -0.0158701 -0.019704 0.0242265 -0.0260862 0.00516156 0.0133653 -0.00723855 -0.0136839 -0.0219499 0.00262807 -0.00387309 -0.0117641 0.00815728 -0.00237905
internal_weight=0 3665 2093 2888 1386 428 1572 1926 996 958 495 1068 252 962 330 207 816 632 930 707 108
internal_count=6553 3665 2093 2888 1386 428 1572 1926 996 958 495 1068 252 962 330 207 816 632 930 707 108
is_linear=0
shrinkage=0.1


Tree=2
num_leaves= 15
num_cat= 0
full_tree_array_lgbids= 0 1 2 6 3 8 7 12 -8 4 -5 -2 9 13 -9 -1 -14 -2147483648 -2147483648 11 5 -2147483648 -2147483648 -2147483648 -2147483648 -10 10 -4 -15 -2147483648 -2147483648 -2147483648 -2147483648 -2147483648 -2147483648 -2147483648 -2147483648 -2147483648 -2147483648 -3 -13 -6 -7 -2147483648 -2147483648 -2147483648 -2147483648 -2147483648 -2147483648 -2147483648 -2147483648 -2147483648 -2147483648 -11 -12 -2147483648 -2147483648 -2147483648 -2147483648 -2147483648 -2147483648 -2147483648 -2147483648
split_feature= 2 4 2 2 6 5 2 6 6 3 5 0 0 7
split_gain= 69.2138 14.3339 4.16705 2.58948 1.27443 5.85388 0.881493 0.774075 0.697165 2.56571 1.19034 0.617119 0.312784 0.201362
threshold= 0.11063466221094136 -0.13487913459539411 0.60325127840042125 -0.52795374393463124 0.63653609156608593 0.14603263139724734 -0.35692687332630152 0.81695055961608898 0.56632831692695629 -0.19819757342338556 -0.78617820143699635 0.065077152103185668 -0.28396070003509516 -1.1476808190345762
decision_type= 2 2 2 2 2 2 2 2 2 2 2 2 2 2
left_child=1 6 8 4 11 -6 12 13 -2 -10 -11 -3 -1 -4
right_child=2 3 7 -5 5 -7 -8 -9 9 10 -12 -13 -14 -15
leaf_value= 0.010073563774664002 -0.0016499729275128985 0.028960303878531053 -0.021593591495246481 0.010222884768208216 0.026214658268727365 -0.0033681680052830426 -0.0037394942485940797 -0.020322256809819503 0.0025266062559187075 0.00098303395657325693 -0.025498893910021848 0.01809344922414274 0.0016163368383043629 -0.010855280157523501
leaf_weight=477 717 390 187 704 185 161 450 477 138 53 184 388 676 1366
leaf_count=477 717 390 187 704 185 161 450 477 138 53 184 388 676 1366
model_size=1600
internal_value=0 0.00991958 -0.0109014 0.0163124 0.0201265 0.0124492 0.00262942 -0.014069 -0.00501287 -0.0114427 -0.0195768 0.0235408 0.00511512 -0.0121483
internal_weight=0 3431 3122 1828 1124 346 1603 2030 1092 375 237 778 1153 1553
internal_count=6553 3431 3122 1828 1124 346 1603 2030 1092 375 237 778 1153 1553
is_linear=0
shrinkage=0.1


Tree=3
num_leaves= 11
num_cat= 0
full_tree_array_lgbids= 0 1 3 5 2 7 -5 6 -7 4 -4 -2 8 -2147483648 -2147483648 -1 -8 -2147483648 -2147483648 -3 -6 -2147483648 -2147483648 -2147483648 -2147483648 -9 9 -2147483648 -2147483648 -2147483648 -2147483648 -2147483648 -2147483648 -2147483648 -2147483648 -2147483648 -2147483648 -2147483648 -2147483648 -2147483648 -2147483648 -2147483648 -2147483648 -2147483648 -2147483648 -2147483648 -2147483648 -2147483648 -2147483648 -2147483648 -2147483648 -2147483648 -2147483648 -10 -11 -2147483648 -2147483648 -2147483648 -2147483648 -2147483648 -2147483648 -2147483648 -2147483648
split_feature= 2 4 2 2 1 5 6 4 5 3
split_gain= 55.7408 11.1245 3.58632 1.59211 0.91015 0.609278 0.922629 0.521528 0.165898 0.991158
threshold= 0.22240778803825376 -0.3957854956388473 -0.52795374393463124 0.89601022005081188 -0.4492183774709701 -0.95036792755126931 -0.30622373521327967 -0.62264147400856007 0.8343319594860078 -0.083273753523826585
decision_type= 2 2 2 2 2 2 2 2 2 2
left_child=1 5 4 7 -3 6 -1 -2 -9 -10
right_child=3 2 -4 -5 -6 -7 -8 8 9 -11
leaf_value= 0.020666764051323602 -0.013469896887071692 0.023365974027277345 0.0072680231701047864 -0.014101376745664994 0.013767771814661729 -0.0013485020979010817 0.00018154026607711179 -0.00207081075551164 -0.0010009445908774691 -0.021877117499943588
leaf_weight=120 430 464 963 1406 847 1121 150 786 123 143
leaf_count=120 430 464 963 1406 847 1121 150 786 123 143
model_size=1152
internal_value=0 0.00832136 0.0129737 -0.0105602 0.0171648 0.000715724 0.00928608 -0.00720058 -0.00463802 -0.0122238
internal_weight=0 3665 2274 2888 1311 1391 270 1482 1052 266
internal_count=6553 3665 2274 2888 1311 1391 270 1482 1052 266
is_linear=0
shrinkage=0.1


Tree=4
num_leaves= 10
num_cat= 0
full_tree_array_lgbids= 0 1 2 7 3 -2 6 -1 -9 5 4 -2147483648 -2147483648 -4 8 -2147483648 -2147483648 -2147483648 -2147483648 -3 -7 -5 -6 -2147483648 -2147483648 -2147483648 -2147483648 -2147483648 -2147483648 -8 -10
split_feature= 2 4 2 6 5 0 6 1 3
split_gain= 44.956 8.90232 1.92008 1.56763 3.65227 0.678507 0.377636 0.367465 0.331952
threshold= 0.11063466221094136 -0.13487913459539411 0.52685046195983898 1.0996640324592593 0.17076345533132556 0.55547255277633678 0.51476114988327037 -0.79297658801078785 0.062065752223134048
decision_type= 2 2 2 2 2 2 2 2 2
left_child=1 7 -2 5 -5 -3 -4 -1 -8
right_child=2 3 6 4 -6 -7 8 -9 -10
leaf_value= 0.0086350265611651288 -0.0033589146074894586 0.01824046339348102 -0.0088294525906676812 0.016581598200565695 -0.011248620535978783 0.0094162635668225917 -0.0098869932895137361 -0.00017263428519001056 -0.021174239568305591
leaf_weight=406 910 1019 1476 152 140 517 352 1197 384
leaf_count=406 910 1019 1476 152 140 517 352 1197 384
model_size=1040
internal_value=0 0.00807345 -0.00887252 0.0133484 0.00323834 0.0152703 -0.0111408 0.00205813 -0.015776
internal_weight=0 3431 3122 1828 292 1536 2212 1603 736
internal_count=6553 3431 3122 1828 292 1536 2212 1603 736
is_linear=0
shrinkage=0.1


Tree=5
num_leaves= 9
num_cat= 0
full_tree_array_lgbids= 0 1 2 -1 3 5 -4 -2147483648 -2147483648 4 -5 -2 6 -2147483648 -2147483648 -2147483648 -2147483648 -2147483648 -2147483648 -3 -6 -2147483648 -2147483648 -2147483648 -2147483648 -7 7 -2147483648 -2147483648 -2147483648 -2147483648 -2147483648 -2147483648 -2147483648 -2147483648 -2147483648 -2147483648 -2147483648 -2147483648 -2147483648 -2147483648 -2147483648 -2147483648 -2147483648 -2147483648 -2147483648 -2147483648 -2147483648 -2147483648 -2147483648 -2147483648 -2147483648 -2147483648 -8 -9 -2147483648 -2147483648 -2147483648 -2147483648 -2147483648 -2147483648 -2147483648 -2147483648
split_feature= 2 4 2 2 4 6 3 5
split_gain= 35.9201 6.77961 1.21433 1.21069 0.594335 0.0802766 2.00329 1.00069
threshold= 0.11063466221094136 -0.47479055821895594 0.70152944326400768 -0.51753544807434071 0.8823601007461549 0.40036414563655859 -0.19819757342338556 -0.76341748237609852
decision_type= 2 2 2 2 2 2 2 2
left_child=1 -1 5 4 -3 -2 -7 -8
right_child=2 3 -4 -5 -6 6 7 -9
leaf_value= 0.00039070259405980779 -0.00079695081349038144 0.010803649376841924 -0.010738111421397571 0.0060042831625429574 0.02010257827467285 0.0020544581309368368 0.0021618885998155031 -0.021737511066784777
leaf_weight=1214 785 912 1822 825 480 200 71 244
leaf_count=1214 785 912 1822 825 480 200 71 244
model_size=928
internal_value=0 0.00726611 -0.00798527 0.011031 0.0140102 -0.00412706 -0.00920304 -0.0163507
internal_weight=0 3431 3122 2217 1392 1300 515 315
internal_count=6553 3431 3122 2217 1392 1300 515 315
is_linear=0
shrinkage=0.1


Tree=6
num_leaves= 12
num_cat= 0
full_tree_array_lgbids= 0 1 7 6 2 10 8 -1 -8 4 3 -2 -12 -9 -10 -2147483648 -2147483648 -2147483648 -2147483648 5 -6 -4 9 -2147483648 -2147483648 -2147483648 -2147483648 -2147483648 -2147483648 -2147483648 -2147483648 -2147483648 -2147483648 -2147483648 -2147483648 -2147483648 -2147483648 -2147483648 -2147483648 -3 -7 -2147483648 -2147483648 -2147483648 -2147483648 -5 -11 -2147483648 -2147483648 -2147483648 -2147483648 -2147483648 -2147483648 -2147483648 -2147483648 -2147483648 -2147483648 -2147483648 -2147483648 -2147483648 -2147483648 -2147483648 -2147483648
split_feature= 2 4 5 6 6 5 2 5 3 7 0
split_gain= 28.754 5.82589 1.72315 8.29675 2.10238 2.1656 0.905926 0.708549 1.92447 0.539078 0.181256
threshold= 0.22240778803825376 0.26278324425220495 0.65354096889495861 0.16434586793184283 -1.1006352305412288 -0.29158644378185267 -0.35692687332630152 0.4545369297266007 -0.25675596296787256 0.13482514768838882 0.30019079148769384
decision_type= 2 2 2 2 2 2 2 2 2 2 2
left_child=1 6 4 -4 5 -3 -1 10 -9 -5 -2
right_child=7 2 3 9 -6 -7 -8 8 -10 -11 -12
leaf_value= 0.0047936139595910849 -0.0024163417849162299 -0.014509644791605356 0.019089366047282084 -0.020643257859856226 0.017587378369715457 0.019065802374868379 -0.0033859476473860808 -0.004507924842532607 -0.0174563451284045 0.0016599200282750343 -0.0097959777610427436
leaf_weight=1439 1114 92 227 133 916 68 694 429 596 96 749
leaf_count=1439 1114 92 227 133 916 68 694 429 596 96 749
model_size=1264
internal_value=0 0.00610283 0.011631 0.00383133 0.0149365 -0.00024008 0.00213228 -0.00774476 -0.012037 -0.0112935 -0.00538325
internal_weight=0 3665 1532 456 1076 160 2133 2888 1025 229 1863
internal_count=6553 3665 1532 456 1076 160 2133 2888 1025 229 1863
is_linear=0
shrinkage=0.1


Tree=7
num_leaves= 5
num_cat= 0
full_tree_array_lgbids= 0 1 2 -1 3 -2 -4 -2147483648 -2147483648 -3 -5 -2147483648 -2147483648 -2147483648 -2147483648
split_feature= 2 4 2 1
split_gain= 23.1453 3.59961 2.67929 0.286758
threshold= -0.24277038127183911 -0.70120677351951588 0.47420810163021093 -0.041156854480504983
decision_type= 2 2 2 2
left_child=1 -1 -2 -3
right_child=2 3 -4 -5
leaf_value= -9.104503480850236e-05 -0.00070967258021252316 0.014206515466571232 -0.0081396819003580305 0.006784526140063237
leaf_weight=758 1507 943 2342 1003
leaf_count=758 1507 943 2342 1003
model_size=480
internal_value=0 0.00744549 -0.00523061 0.0103811
internal_weight=0 2704 3849 1946
internal_count=6553 2704 3849 1946
is_linear=0
shrinkage=0.1


Tree=8
num_leaves= 4
num_cat= 0
full_tree_array_lgbids= 0 1 2 -1 -3 -2 -4
split_feature= 2 4 2
split_gain= 18.2406 3.41273 1.49595
threshold= -0.21647498756647107 0.56924891471862804 0.4504156112670899
decision_type= 2 2 2
left_child=1 -1 -2
right_child=2 -3 -4
leaf_value= 0.0033953726625201089 -0.00057400115772684166 0.013247287731618341 -0.0072555503040034417
leaf_weight=1861 1403 895 2394
leaf_count=1861 1403 895 2394
model_size=368
internal_value=0 0.00659474 -0.0047867
internal_weight=0 2756 3797
internal_count=6553 2756 3797
is_linear=0
shrinkage=0.1


Tree=9
num_leaves= 8
num_cat= 0
full_tree_array_lgbids= 0 1 2 -1 -3 5 3 -2147483648 -2147483648 -2147483648 -2147483648 -2 -7 -4 4 -2147483648 -2147483648 -2147483648 -2147483648 -2147483648 -2147483648 -2147483648 -2147483648 -2147483648 -2147483648 -2147483648 -2147483648 -2147483648 -2147483648 6 -6 -2147483648 -2147483648 -2147483648 -2147483648 -2147483648 -2147483648 -2147483648 -2147483648 -2147483648 -2147483648 -2147483648 -2147483648 -2147483648 -2147483648 -2147483648 -2147483648 -2147483648 -2147483648 -2147483648 -2147483648 -2147483648 -2147483648 -2147483648 -2147483648 -2147483648 -2147483648 -2147483648 -2147483648 -5 -8 -2147483648 -2147483648
split_feature= 2 4 5 3 6 0 7
split_gain= 14.315 1.90827 1.1746 3.99875 2.76415 0.872728 0.193394
threshold= -0.24277038127183911 -0.70120677351951588 0.21436554193496707 -0.10433290526270864 -0.34208901226520533 0.30019079148769384 -0.54943230748176564
decision_type= 2 2 2 2 2 2 2
left_child=1 -1 5 -4 6 -2 -5
right_child=2 -3 3 4 -6 -7 -8
leaf_value= -0.00042147768213994817 0.001641728506227792 0.0085599661565503981 -0.001225828551821568 -0.017524922316711721 -0.01967762762935335 -0.0062861560482026253 0.0030682021083865032
leaf_weight=758 1312 1946 776 92 552 908 209
leaf_count=758 1312 1946 776 92 552 908 209
model_size=816
internal_value=0 0.00604224 -0.00424479 -0.00784796 -0.0138723 -0.00160085 -0.00322604
internal_weight=0 2704 3849 1629 853 2220 301
internal_count=6553 2704 3849 1629 853 2220 301
is_linear=0
shrinkage=0.1


Tree=10
num_leaves= 4
num_cat= 0
full_tree_array_lgbids= 0 1 -2 -1 2 -2147483648 -2147483648 -2147483648 -2147483648 -3 -4 -2147483648 -2147483648 -2147483648 -2147483648
split_feature= 2 4 0
split_gain= 11.7516 2.11239 1.03263
threshold= 0.29799550771713262 -0.80669787526130665 0.20387880504131317
decision_type= 2 2 2
left_child=1 -1 -3
right_child=-2 2 -4
leaf_value= -0.0020697942643876986 -0.0055317905924626336 0.0091087020212195814 0.0019025979609752755
leaf_weight=968 2732 1622 1231
leaf_count=968 2732 1622 1231
model_size=368
internal_value=0 0.00395521 0.00599944
internal_weight=0 3821 2853
internal_count=6553 3821 2853
is_linear=0
shrinkage=0.1


Tree=11
num_leaves= 6
num_cat= 0
full_tree_array_lgbids= 0 4 1 -1 -6 -2 2 -2147483648 -2147483648 -2147483648 -2147483648 -2147483648 -2147483648 -3 3 -2147483648 -2147483648 -2147483648 -2147483648 -2147483648 -2147483648 -2147483648 -2147483648 -2147483648 -2147483648 -2147483648 -2147483648 -2147483648 -2147483648 -4 -5
split_feature= 2 6 3 5 1
split_gain= 9.26929 0.88131 3.36794 1.31996 0.555654
threshold= -0.34356653690338129 0.40036414563655859 0.03902785666286946 -0.88524380326271046 -0.041156854480504983
decision_type= 2 2 2 2 2
left_child=4 -2 -3 -4 -1
right_child=1 2 3 -5 -6
leaf_value= 0.0091288550896497928 -0.0010427235941980698 -0.00071141064293773972 0.0004053520207803342 -0.016944544471000304 0.0019598056097353072
leaf_weight=1210 2522 749 168 618 1286
leaf_count=1210 2522 749 168 618 1286
model_size=592
internal_value=0 -0.00334391 -0.00712474 -0.0132362 0.00543519
internal_weight=0 4057 1535 786 2496
internal_count=6553 4057 1535 786 2496
is_linear=0
shrinkage=0.1


Tree=12
num_leaves= 8
num_cat= 0
full_tree_array_lgbids= 0 1 -2 -1 2 -2147483648 -2147483648 -2147483648 -2147483648 5 3 -2147483648 -2147483648 -2147483648 -2147483648 -2147483648 -2147483648 -2147483648 -2147483648 6 -7 -4 4 -2147483648 -2147483648 -2147483648 -2147483648 -2147483648 -2147483648 -2147483648 -2147483648 -2147483648 -2147483648 -2147483648 -2147483648 -2147483648 -2147483648 -2147483648 -2147483648 -3 -8 -2147483648 -2147483648 -2147483648 -2147483648 -5 -6 -2147483648 -2147483648 -2147483648 -2147483648 -2147483648 -2147483648 -2147483648 -2147483648 -2147483648 -2147483648 -2147483648 -2147483648 -2147483648 -2147483648 -2147483648 -2147483648
split_feature= 2 4 5 6 7 6 5
split_gain= 7.59191 1.98332 0.928751 7.41811 1.09496 0.590564 1.00246
threshold= 0.4504156112670899 0.29228626191616064 0.65354096889495861 -0.24426137655973432 0.13482514768838882 -1.1006352305412288 -0.29158644378185267
decision_type= 2 2 2 2 2 2 2
left_child=1 -1 5 -4 -5 6 -3
right_child=-2 2 3 4 -6 -7 -8
leaf_value= 0.00020240439359860124 -0.0052262580230528887 -0.015053043317725407 0.017878045095850895 -0.020837402488157322 0.0014733132308659455 0.012226126323805604 0.01409965935405102
leaf_weight=2450 2394 102 194 178 135 1023 77
leaf_count=2450 2394 102 194 178 135 1023 77
model_size=816
internal_value=0 0.00300833 0.00703088 -8.24844e-05 -0.0112146 0.0100313 -0.0025125
internal_weight=0 4159 1709 507 313 1202 179
internal_count=6553 4159 1709 507 313 1202 179
is_linear=0
shrinkage=0.1


Tree=13
num_leaves= 4
num_cat= 0
full_tree_array_lgbids= 0 -1 1 -2147483648 -2147483648 -2 2 -2147483648 -2147483648 -2147483648 -2147483648 -2147483648 -2147483648 -3 -4
split_feature= 2 7 4
split_gain= 5.74797 0.46461 0.00139731
threshold= -0.36874486505985254 -1.0472885966300958 0.29228626191616064
decision_type= 2 2 2
left_child=-1 -2 -3
right_child=1 2 -4
leaf_value= 0.0046800540474456094 -0.009047544882982355 -0.0039032349151140963 0.0019139770564651764
leaf_weight=2444 690 2018 1401
leaf_count=2444 690 2018 1401
model_size=368
internal_value=0 -0.00278366 -0.00151952
internal_weight=0 4109 3419
internal_count=6553 4109 3419
is_linear=0
shrinkage=0.1


Tree=14
num_leaves= 4
num_cat= 0
full_tree_array_lgbids= 0 1 -2 2 -3 -2147483648 -2147483648 -1 -4 -2147483648 -2147483648 -2147483648 -2147483648 -2147483648 -2147483648
split_feature= 2 0 1
split_gain= 4.54913 1.23616 0.00667404
threshold= 0.41311286389827734 0.24408297240734103 -0.041156854480504983
decision_type= 2 2 2
left_child=1 2 -1
right_child=-2 -3 -4
leaf_value= 0.0087942990987837002 -0.0043110824522188118 -0.00108397495415051 0.0018406390337535241
leaf_weight=1177 2472 1723 1181
leaf_count=1177 2472 1723 1181
model_size=368
internal_value=0 0.00261137 0.00531157
internal_weight=0 4081 2358
internal_count=6553 4081 2358
is_linear=0
shrinkage=0.1


Tree=15
num_leaves= 5
num_cat= 0
full_tree_array_lgbids= 0 -1 1 -2147483648 -2147483648 -2 2 -2147483648 -2147483648 -2147483648 -2147483648 -2147483648 -2147483648 -3 3 -2147483648 -2147483648 -2147483648 -2147483648 -2147483648 -2147483648 -2147483648 -2147483648 -2147483648 -2147483648 -2147483648 -2147483648 -2147483648 -2147483648 -4 -5
split_feature= 2 6 3 5
split_gain= 3.42494 0.604694 3.10478 0.358727
threshold= -0.73440709710121144 0.48795536160469061 0.03902785666286946 -0.78617820143699635
decision_type= 2 2 2 2
left_child=-1 -2 -3 -4
right_child=1 2 3 -5
leaf_value= 0.005314733141480588 0.00014818386019251127 0.00064694052948647347 -0.00011246105619231342 -0.014539308947599795
leaf_weight=1664 3181 829 203 676
leaf_count=1664 3181 829 203 676
model_size=480
internal_value=0 -0.0018089 -0.0054538 -0.0112075
internal_weight=0 4889 1708 879
internal_count=6553 4889 1708 879
is_linear=0
shrinkage=0.1


Tree=16
num_leaves= 3
num_cat= 0
full_tree_array_lgbids= 0 1 -2 -1 -3 -2147483648 -2147483648
split_feature= 2 4
split_gain= 2.55521 0.924413
threshold= 0.47420810163021093 0.66168963909149181
decision_type= 2 2
left_child=1 -1
right_child=-2 -3
leaf_value= 0.00019751629745721157 -0.0038793883644310072 0.0068270637007476018
leaf_weight=2966 2342 1245
leaf_count=2966 2342 1245
model_size=256
internal_value=0 0.00215757
internal_weight=0 4211
internal_count=6553 4211
is_linear=0
shrinkage=0.1


Tree=17
num_leaves= 2
num_cat= 0
full_tree_array_lgbids= 0 -1 -2
split_feature= 2
split_gain= 1.71179
threshold= -0.6779712140560149
decision_type= 2
left_child=-1
right_child=-2
leaf_value= 0.0043492241861181101 -0.0016395268290849982
leaf_weight=1794 4759
leaf_count=1794 4759
model_size=144
internal_value=0
internal_weight=0
internal_count=6553
is_linear=0
shrinkage=0.1


Tree=18
num_leaves= 7
num_cat= 0
full_tree_array_lgbids= 0 1 -2 -1 2 -2147483648 -2147483648 -2147483648 -2147483648 -3 3 -2147483648 -2147483648 -2147483648 -2147483648 -2147483648 -2147483648 -2147483648 -2147483648 -2147483648 -2147483648 4 5 -2147483648 -2147483648 -2147483648 -2147483648 -2147483648 -2147483648 -2147483648 -2147483648 -2147483648 -2147483648 -2147483648 -2147483648 -2147483648 -2147483648 -2147483648 -2147483648 -2147483648 -2147483648 -2147483648 -2147483648 -4 -6 -5 -7 -2147483648 -2147483648 -2147483648 -2147483648 -2147483648 -2147483648 -2147483648 -2147483648 -2147483648 -2147483648 -2147483648 -2147483648 -2147483648 -2147483648 -2147483648 -2147483648
split_feature= 2 4 6 5 3 3
split_gain= 1.38915 1.26558 0.398366 5.08429 0.0661286 0.0453881
threshold= 0.89601022005081188 -0.67562311887741078 0.64664298295974743 -0.081027176231145845 0.62852618098258983 -0.68933159112930287
decision_type= 2 2 2 2 2 2
left_child=1 -1 -3 4 -4 -5
right_child=-2 2 3 5 -6 -7
leaf_value= -0.0031836420835244421 -0.0049428834714391901 0.0051586652772714209 0.012721979122104217 0.0023849242938343775 -0.0037204232398933925 -0.014044259126912345
leaf_weight=1475 1406 2572 358 154 166 422
leaf_count=1475 1406 2572 358 154 166 422
model_size=704
internal_value=0 0.00135024 0.00317145 -0.00147502 0.00751313 -0.00965173
internal_weight=0 5147 3672 1100 524 576
internal_count=6553 5147 3672 1100 524 576
is_linear=0
shrinkage=0.1


Tree=19
num_leaves= 5
num_cat= 0
full_tree_array_lgbids= 0 1 -2 -1 2 -2147483648 -2147483648 -2147483648 -2147483648 -3 3 -2147483648 -2147483648 -2147483648 -2147483648 -2147483648 -2147483648 -2147483648 -2147483648 -2147483648 -2147483648 -4 -5 -2147483648 -2147483648 -2147483648 -2147483648 -2147483648 -2147483648 -2147483648 -2147483648
split_feature= 0 5 3 6
split_gain= 0.946911 0.370559 1.89322 1.01785
threshold= 0.25716689229011541 0.12283720821142197 -0.16804680228233337 -0.56123605370521534
decision_type= 2 2 2 2
left_child=1 -1 -3 -4
right_child=-2 2 3 -5
leaf_value= 0.0048307230837914576 -0.0029098302607799059 0.0047029105476291489 0.004005577443926346 -0.010472528950085968
leaf_weight=2091 2752 775 280 655
leaf_count=2091 2752 775 280 655
model_size=480
internal_value=0 0.00210678 -0.00122409 -0.00613684
internal_weight=0 3801 1710 935
internal_count=6553 3801 1710 935
is_linear=0
shrinkage=0.1


Tree=20
num_leaves= 2
num_cat= 0
full_tree_array_lgbids= 0 -1 -2
split_feature= 4
split_gain= 0.656376
threshold= 0.21189168095588687
decision_type= 2
left_child=-1
right_child=-2
leaf_value= -0.0021019486571676213 0.0027566296662923429
leaf_weight=3718 2835
leaf_count=3718 2835
model_size=144
internal_value=0
internal_weight=0
internal_count=6553
is_linear=0
shrinkage=0.1


Tree=21
num_leaves= 2
num_cat= 0
full_tree_array_lgbids= 0 -1 -2
split_feature= 2
split_gain= 0.475213
threshold= 0.11063466221094136
decision_type= 2
left_child=-1
right_child=-2
leaf_value= 0.0022479852012374183 -0.0024704795479903682
leaf_weight=3431 3122
leaf_count=3431 3122
model_size=144
internal_value=0
internal_weight=0
internal_count=6553
is_linear=0
shrinkage=0.1


Tree=22
num_leaves= 2
num_cat= 0
full_tree_array_lgbids= 0 -1 -2
split_feature= 0
split_gain= 0.172743
threshold= -0.11098424345254898
decision_type= 2
left_child=-1
right_child=-2
leaf_value= 0.0024381560602185267 -0.0020982541283922295
leaf_weight=3031 3522
leaf_count=3031 3522
model_size=144
internal_value=0
internal_weight=0
internal_count=6553
is_linear=0
shrinkage=0.1


Tree=23
num_leaves= 4
num_cat= 0
full_tree_array_lgbids= 0 -1 1 -2147483648 -2147483648 -2 2 -2147483648 -2147483648 -2147483648 -2147483648 -2147483648 -2147483648 -3 -4
split_feature= 1 6 3
split_gain= 0.13405 0.168843 1.2295
threshold= -1.0771715641021729 0.38282012939453131 0.26035444438457495
decision_type= 2 2 2
left_child=-1 -2 -3
right_child=1 2 -4
leaf_value= 0.0052743157396734561 0.00095513184489247945 -3.9321249085950743e-05 -0.009337049592491117
leaf_weight=1014 3452 1166 921
leaf_count=1014 3452 1166 921
model_size=368
internal_value=0 -0.000965545 -0.00414244
internal_weight=0 5539 2087
internal_count=6553 5539 2087
is_linear=0
shrinkage=0.1


Tree=24
num_leaves= 2
num_cat= 0
full_tree_array_lgbids= 0 -1 -2
split_feature= 7
split_gain= 0.0141306
threshold= -0.63094553351402272
decision_type= 2
left_child=-1
right_child=-2
leaf_value= -0.0034659623992845967 0.0014405944379037635
leaf_weight=1924 4629
leaf_count=1924 4629
model_size=144
internal_value=0
internal_weight=0
internal_count=6553
is_linear=0
shrinkage=0.1


end of trees

feature_importances:
Column_2=37
Column_5=26
Column_6=26
Column_4=22
Column_3=17
Column_0=11
Column_1=9
Column_7=6

parameters:
[boosting: gbdt]
[objective: regression]
[metric: rmse]
[tree_learner: serial]
[device_type: cpu]
[data_sample_strategy: bagging]
[data: data/kin8nm.libsvm.train]
[valid: data/kin8nm.libsvm.test]
[num_iterations: 1000]
[learning_rate: 0.1]
[num_leaves: 255]
[num_threads: 0]
[seed: 42]
[deterministic: 0]
[force_col_wise: 0]
[force_row_wise: 0]
[histogram_pool_size: -1]
[max_depth: 5]
[min_data_in_leaf: 10]
[min_sum_hessian_in_leaf: 0.001]
[bagging_fraction: 1]
[pos_bagging_fraction: 1]
[neg_bagging_fraction: 1]
[bagging_freq: 0]
[bagging_seed: 400]
[feature_fraction: 1]
[feature_fraction_bynode: 1]
[feature_fraction_seed: 30056]
[extra_trees: 0]
[extra_seed: 12879]
[early_stopping_round: 0]
[early_stopping_min_delta: 0]
[first_metric_only: 0]
[max_delta_step: 0]
[lambda_l1: 0]
[lambda_l2: 0]
[linear_lambda: 0]
[min_gain_to_split: 0]
[drop_rate: 0.1]
[max_drop: 50]
[skip_drop: 0.5]
[xgboost_dart_mode: 0]
[uniform_drop: 0]
[drop_seed: 17869]
[top_rate: 0.2]
[other_rate: 0.1]
[min_data_per_group: 100]
[max_cat_threshold: 32]
[cat_l2: 10]
[cat_smooth: 10]
[max_cat_to_onehot: 4]
[top_k: 20]
[monotone_constraints: ]
[monotone_constraints_method: basic]
[monotone_penalty: 0]
[feature_contri: ]
[forcedsplits_filename: ]
[refit_decay_rate: 0.9]
[tinygbdt_penalty_feature: 0.125]
[tinygbdt_penalty_split: 0.0078125]
[tinygbdt_forestsize: 64000]
[tinygbdt_precision: 7]
[cegb_tradeoff: 1]
[cegb_penalty_split: 0]
[cegb_penalty_feature_lazy: ]
[cegb_penalty_feature_coupled: ]
[path_smooth: 0]
[interaction_constraints: ]
[verbosity: 2]
[saved_feature_importance_type: 0]
[use_quantized_grad: 0]
[num_grad_quant_bins: 4]
[quant_train_renew_leaf: 0]
[stochastic_rounding: 1]
[linear_tree: 0]
[max_bin: 255]
[max_bin_by_feature: ]
[min_data_in_bin: 3]
[bin_construct_sample_cnt: 200000]
[data_random_seed: 175]
[is_enable_sparse: 1]
[enable_bundle: 1]
[use_missing: 1]
[zero_as_missing: 0]
[feature_pre_filter: 1]
[pre_partition: 0]
[two_round: 0]
[header: 0]
[label_column: ]
[weight_column: ]
[group_column: ]
[ignore_column: ]
[categorical_feature: ]
[forcedbins_filename: ]
[precise_float_parser: 0]
[parser_config_file: ]
[objective_seed: 16083]
[num_class: 1]
[is_unbalance: 0]
[scale_pos_weight: 1]
[sigmoid: 1]
[boost_from_average: 1]
[reg_sqrt: 0]
[alpha: 0.9]
[fair_c: 1]
[poisson_max_delta_step: 0.7]
[tweedie_variance_power: 1.5]
[lambdarank_truncation_level: 30]
[lambdarank_norm: 1]
[label_gain: ]
[lambdarank_position_bias_regularization: 0]
[eval_at: ]
[multi_error_top_k: 1]
[auc_mu_weights: ]
[num_machines: 1]
[local_listen_port: 12400]
[time_out: 120]
[machine_list_filename: ]
[machines: ]
[gpu_platform_id: -1]
[gpu_device_id: -1]
[gpu_use_dp: 0]
[num_gpu: 1]

end of parameters
