tree
version=v4
num_class=1
num_tree_per_iteration=1
label_index=0
max_feature_idx=8
objective=regression
feature_names=Column_0 Column_1 Column_2 Column_3 Column_4 Column_5 Column_6 Column_7 Column_8
feature_infos=none [0.49990000000000001:15.0001] [1:52] [0.88888888888888884:141.90909090909091] [0.33333333333333331:25.63636363636364] [3:35682] [0.69230769230769229:1243.333333333333] [32.549999999999997:41.950000000000003] [-124.34999999999999:-114.31]
tree_sizes=2622 2754 1774 1709 2768 1113 790 1500 1495 858

Tree=0
num_leaves= 14
num_cat= 0
full_tree_array_lgbids= 0 1 2 5 3 4 10 9 11 6 7 -2 -6 -4 -12 -1 -11 -7 -13 -3 8 -5 -9 -2147483648 -2147483648 -2147483648 -2147483648 -2147483648 -2147483648 -2147483648 -2147483648 -2147483648 -2147483648 -2147483648 -2147483648 -2147483648 -2147483648 -2147483648 -2147483648 -2147483648 -2147483648 12 -10 -2147483648 -2147483648 -2147483648 -2147483648 -2147483648 -2147483648 -2147483648 -2147483648 -2147483648 -2147483648 -2147483648 -2147483648 -2147483648 -2147483648 -2147483648 -2147483648 -2147483648 -2147483648 -2147483648 -2147483648 -2147483648 -2147483648 -2147483648 -2147483648 -2147483648 -2147483648 -2147483648 -2147483648 -2147483648 -2147483648 -2147483648 -2147483648 -2147483648 -2147483648 -2147483648 -2147483648 -2147483648 -2147483648 -2147483648 -2147483648 -8 -14 -2147483648 -2147483648 -2147483648 -2147483648 -2147483648 -2147483648 -2147483648 -2147483648 -2147483648 -2147483648 -2147483648 -2147483648 -2147483648 -2147483648 -2147483648 -2147483648 -2147483648 -2147483648 -2147483648 -2147483648 -2147483648 -2147483648 -2147483648 -2147483648 -2147483648 -2147483648 -2147483648 -2147483648 -2147483648 -2147483648 -2147483648 -2147483648 -2147483648 -2147483648 -2147483648 -2147483648 -2147483648 -2147483648 -2147483648 -2147483648 -2147483648 -2147483648
split_feature= 1 1 1 6 6 3 2 1 7 1 1 1 6
split_gain= 6860.71 1558.14 1165.12 849.26 304.343 191.323 106.87 85.7937 60.035 53.8955 29.1381 9.81356 1.4295
threshold= 5.0387000000000013 3.0679500000000002 6.8672000000000013 2.3489548886254448 2.671038674349933 4.3101408005062494 24.500000000000004 4.0775500000000013 37.815000000000005 2.2210000000000005 7.852450000000001 2.4115000000000006 1.9628175980828908
decision_type= 2 2 2 2 2 2 2 2 2 2 2 2 2
left_child=1 5 4 6 -2 9 -3 -5 12 -1 -4 -7 -8
right_child=2 3 10 7 -6 11 8 -9 -10 -11 -12 -13 -14
leaf_value= 2.0026857025179452 2.2124016810384575 2.0945018313365229 2.2437582437954506 2.0356094211781537 2.1260912310358373 1.961879457681825 2.2545441709562692 2.076552849539862 2.0795283240852767 2.0558157496357108 2.3227113326055062 2.0009030784878834 2.1668194654867707
leaf_weight=1402 911 567 431 3094 1601 1830 264 2174 163 1197 609 1800 469
leaf_count=1402 911 567 431 3094 1601 1830 264 2174 163 1197 609 1800 469
model_size=1488
internal_value=2.07195 2.03789 2.19622 2.07259 2.15739 2.00039 2.1449 2.05251 2.17679 2.02716 2.28999 1.98123 2.19841
internal_weight=0 12960 3552 6731 2512 6229 1463 5268 896 2599 1040 3630 733
internal_count=16512 12960 3552 6731 2512 6229 1463 5268 896 2599 1040 3630 733
is_linear=0
shrinkage=1


Tree=1
num_leaves= 15
num_cat= 0
full_tree_array_lgbids= 0 1 3 4 2 8 -5 -1 7 6 5 -2 -10 -2147483648 -2147483648 -2147483648 -2147483648 10 12 -3 9 -4 -7 -2147483648 -2147483648 -2147483648 -2147483648 -2147483648 -2147483648 -2147483648 -2147483648 -2147483648 -2147483648 -2147483648 -2147483648 -6 -12 13 -14 -2147483648 -2147483648 11 -11 -2147483648 -2147483648 -2147483648 -2147483648 -2147483648 -2147483648 -2147483648 -2147483648 -2147483648 -2147483648 -2147483648 -2147483648 -2147483648 -2147483648 -2147483648 -2147483648 -2147483648 -2147483648 -2147483648 -2147483648 -2147483648 -2147483648 -2147483648 -2147483648 -2147483648 -2147483648 -2147483648 -2147483648 -2147483648 -2147483648 -2147483648 -2147483648 -9 -15 -2147483648 -2147483648 -2147483648 -2147483648 -2147483648 -2147483648 -8 -13 -2147483648 -2147483648 -2147483648 -2147483648 -2147483648 -2147483648 -2147483648 -2147483648 -2147483648 -2147483648 -2147483648 -2147483648 -2147483648 -2147483648 -2147483648 -2147483648 -2147483648 -2147483648 -2147483648 -2147483648 -2147483648 -2147483648 -2147483648 -2147483648 -2147483648 -2147483648 -2147483648 -2147483648 -2147483648 -2147483648 -2147483648 -2147483648 -2147483648 -2147483648 -2147483648 -2147483648 -2147483648 -2147483648 -2147483648 -2147483648 -2147483648 -2147483648
split_feature= 1 1 6 1 6 1 2 7 2 7 8 6 8 7
split_gain= 5561.02 1707.3 793.674 456.218 212.866 137.543 125.383 105.201 104.874 81.9342 53.4164 29.7662 16.502 33.8456
threshold= 5.6042500000000013 3.1913000000000005 2.4136952392348086 7.7055000000000016 2.1628386478062818 4.5301500000000017 19.500000000000004 34.455000000000005 27.500000000000004 37.995000000000012 -117.77499999999999 1.9628175980828908 -121.63499999999998 37.915000000000006
decision_type= 2 2 2 2 2 2 2 2 2 2 2 2 2 2
left_child=1 4 6 8 -1 -4 -3 10 -2 11 -6 -8 13 -9
right_child=3 2 5 -5 7 -7 9 12 -10 -11 -12 -13 -14 -15
leaf_value= -0.0085579163397996628 0.08366184650830015 0.01280747661202763 -0.025539330222435121 0.22158456530616577 -0.03222066029546556 0.020846985792563867 0.17029801821234922 -0.020200618916328496 0.16009667489878079 -0.030318206854724972 -0.086300996710011305 0.087273305050996869 -0.10789164463428672 -0.096492601217130505
leaf_weight=1042 1104 496 3579 670 1890 1904 322 512 632 118 940 833 1841 629
leaf_count=1042 1104 496 3579 670 1890 1904 322 512 632 118 940 833 1841 629
model_size=1600
internal_value=0 -0.0242454 0.010838 0.142147 -0.061366 -0.00943144 0.0736629 -0.0708336 0.111488 0.097374 -0.0501837 0.11042 -0.0904309 -0.0622582
internal_weight=0 14106 7252 2406 6854 5483 1769 5812 1736 1273 2830 1155 2982 1141
internal_count=16512 14106 7252 2406 6854 5483 1769 5812 1736 1273 2830 1155 2982 1141
is_linear=0
shrinkage=0.1


Tree=2
num_leaves= 12
num_cat= 0
full_tree_array_lgbids= 0 1 2 6 3 4 7 -1 -8 8 5 -2 -6 9 -9 -2147483648 -2147483648 -2147483648 -2147483648 -3 -10 -5 10 -2147483648 -2147483648 -2147483648 -2147483648 -4 -11 -2147483648 -2147483648 -2147483648 -2147483648 -2147483648 -2147483648 -2147483648 -2147483648 -2147483648 -2147483648 -2147483648 -2147483648 -2147483648 -2147483648 -2147483648 -2147483648 -7 -12 -2147483648 -2147483648 -2147483648 -2147483648 -2147483648 -2147483648 -2147483648 -2147483648 -2147483648 -2147483648 -2147483648 -2147483648 -2147483648 -2147483648 -2147483648 -2147483648
split_feature= 1 1 1 6 6 1 3 1 2 2 6
split_gain= 4509.79 1062.72 663.466 596.901 123.556 96.8029 89.0961 50.1537 42.0873 15.9029 13.4662
threshold= 5.1326000000000009 2.8762500000000002 6.3963500000000009 2.2634687595142249 2.7472725830126556 4.0612500000000002 3.8792159595040387 8.4454500000000028 24.500000000000004 26.500000000000004 2.8335312747426764
decision_type= 2 2 2 2 2 2 2 2 2 2 2
left_child=1 6 4 8 -2 -5 -1 9 -3 -4 -7
right_child=2 3 7 5 -6 10 -8 -9 -10 -11 -12
leaf_value= -0.029234499694199997 0.10692603038411996 0.020152072621911793 0.10794332149632324 -0.030862692966726148 0.032398520796009272 0.034465969288078768 -0.074752493286578139 0.21743759357068743 0.092985982802212153 0.18713499928776844 -0.013663092612005854
leaf_weight=1456 791 537 596 3874 1096 1129 3966 426 840 390 1411
leaf_count=1456 791 537 596 3874 1096 1129 3966 426 840 390 1411
model_size=1264
internal_value=0 -0.0264915 0.106103 -0.00141172 0.0636393 -0.0155798 -0.0625293 0.162851 0.0645823 0.139267 0.00772971
internal_weight=0 13213 3299 7791 1887 6414 5422 1412 1377 986 2540
internal_count=16512 13213 3299 7791 1887 6414 5422 1412 1377 986 2540
is_linear=0
shrinkage=0.1


Tree=3
num_leaves= 11
num_cat= 0
full_tree_array_lgbids= 0 1 3 4 2 5 -5 -1 6 7 8 -2 -7 -2147483648 -2147483648 -2147483648 -2147483648 9 -8 -3 -9 -4 -10 -2147483648 -2147483648 -2147483648 -2147483648 -2147483648 -2147483648 -2147483648 -2147483648 -2147483648 -2147483648 -2147483648 -2147483648 -6 -11 -2147483648 -2147483648 -2147483648 -2147483648 -2147483648 -2147483648 -2147483648 -2147483648 -2147483648 -2147483648 -2147483648 -2147483648 -2147483648 -2147483648 -2147483648 -2147483648 -2147483648 -2147483648 -2147483648 -2147483648 -2147483648 -2147483648 -2147483648 -2147483648 -2147483648 -2147483648
split_feature= 1 1 6 1 6 6 7 2 2 8
split_gain= 3645.78 927.998 482.675 422.923 118.069 97.0044 47.1957 42.1181 31.2783 12.5053
threshold= 5.2771000000000017 3.1792500000000001 2.2982753493904258 7.3930000000000016 2.2352443515477258 2.6585924622132828 34.455000000000005 18.500000000000004 42.500000000000007 -118.30499999999999
decision_type= 2 2 2 2 2 2 2 2 2 2
left_child=1 4 7 5 -1 -2 9 -3 -4 -6
right_child=3 2 8 -5 6 -7 -8 -9 -10 -11
leaf_value= -0.010026046340996526 0.12155118765555793 0.007865446515463512 -0.015296387110743099 0.17360865720348084 0.0099403093971531312 0.052888553844623744 -0.077266967116464691 0.092015742150715757 0.03698229126630858 -0.051647743378998717
leaf_weight=1257 734 340 4806 793 463 1456 2815 907 687 2254
leaf_count=1257 734 340 4806 793 463 1456 2815 907 687 2254
model_size=1152
internal_value=0 -0.0224626 0.00564168 0.101876 -0.050364 0.0759015 -0.0595297 0.0690718 -0.00875798 -0.0411526
internal_weight=0 13529 6740 2983 6789 2190 5532 1247 5493 2717
internal_count=16512 13529 6740 2983 6789 2190 5532 1247 5493 2717
is_linear=0
shrinkage=0.1


Tree=4
num_leaves= 15
num_cat= 0
full_tree_array_lgbids= 0 1 3 4 2 7 -5 6 9 5 -4 -2 -9 -2147483648 -2147483648 13 -8 10 11 8 -7 -2147483648 -2147483648 -2147483648 -2147483648 -2147483648 -2147483648 -2147483648 -2147483648 -2147483648 -2147483648 -1 -15 -2147483648 -2147483648 -6 -12 12 -13 -3 -10 -2147483648 -2147483648 -2147483648 -2147483648 -2147483648 -2147483648 -2147483648 -2147483648 -2147483648 -2147483648 -2147483648 -2147483648 -2147483648 -2147483648 -2147483648 -2147483648 -2147483648 -2147483648 -2147483648 -2147483648 -2147483648 -2147483648 -2147483648 -2147483648 -2147483648 -2147483648 -2147483648 -2147483648 -2147483648 -2147483648 -2147483648 -2147483648 -2147483648 -2147483648 -11 -14 -2147483648 -2147483648 -2147483648 -2147483648 -2147483648 -2147483648 -2147483648 -2147483648 -2147483648 -2147483648 -2147483648 -2147483648 -2147483648 -2147483648 -2147483648 -2147483648 -2147483648 -2147483648 -2147483648 -2147483648 -2147483648 -2147483648 -2147483648 -2147483648 -2147483648 -2147483648 -2147483648 -2147483648 -2147483648 -2147483648 -2147483648 -2147483648 -2147483648 -2147483648 -2147483648 -2147483648 -2147483648 -2147483648 -2147483648 -2147483648 -2147483648 -2147483648 -2147483648 -2147483648 -2147483648 -2147483648 -2147483648 -2147483648 -2147483648 -2147483648
split_feature= 1 1 6 1 6 7 7 6 2 7 8 8 7 8
split_gain= 2969.91 908.744 359.083 179.371 165.183 41.5008 34.8571 23.7599 17.9231 17.8422 37.3865 28.6031 34.8405 3.17085
threshold= 5.6042500000000013 3.5488500000000003 2.5288691539219195 7.7055000000000016 2.2352443515477258 37.935000000000009 37.935000000000009 3.0089663118548242 19.500000000000004 34.455000000000005 -117.77499999999999 -121.63499999999998 38.675000000000004 -118.26499999999999
decision_type= 2 2 2 2 2 2 2 2 2 2 2 2 2 2
left_child=1 4 5 7 6 8 13 -2 -3 10 -6 12 -11 -1
right_child=3 2 -4 -5 9 -7 -8 -9 -10 11 -12 -13 -14 -15
leaf_value= 0.045977275179788953 0.10586604610267125 0.018203310511838256 -0.004914965464773542 0.1630797887043402 -0.018951783746537679 -0.019157686306940383 -0.062137968752020836 0.043522145021265557 0.089531128833934909 -0.013323160503303642 -0.067524309862058526 -0.082554705826854619 -0.088475273442402316 -0.022891543778422056
leaf_weight=689 1087 406 4041 670 2253 253 349 649 1136 916 1075 2043 445 500
leaf_count=689 1087 406 4041 670 2253 253 349 649 1136 916 1075 2043 445 500
model_size=1600
internal_value=0 -0.0179063 0.0144602 0.104982 -0.0407467 0.0580786 -0.000945111 0.0825589 0.0707509 -0.0498398 -0.0346415 -0.0646988 -0.0378953 0.0170165
internal_weight=0 14106 5836 2406 8270 1795 1538 1736 1542 6732 3328 3404 1361 1189
internal_count=16512 14106 5836 2406 8270 1795 1538 1736 1542 6732 3328 3404 1361 1189
is_linear=0
shrinkage=0.1


Tree=5
num_leaves= 8
num_cat= 0
full_tree_array_lgbids= 0 2 1 6 3 4 -3 -1 -8 -4 5 -2 -6 -2147483648 -2147483648 -2147483648 -2147483648 -2147483648 -2147483648 -2147483648 -2147483648 -5 -7 -2147483648 -2147483648 -2147483648 -2147483648 -2147483648 -2147483648 -2147483648 -2147483648
split_feature= 1 1 1 6 6 2 3
split_gain= 2447.92 576.06 375.489 284.731 128.37 29.7817 25.4205
threshold= 4.5301500000000017 6.3350000000000009 2.5894500000000007 2.0653737590585881 2.735488224282792 47.500000000000007 3.4845502266762112
decision_type= 2 2 2 2 2 2 2
left_child=2 4 6 -4 -2 -5 -1
right_child=1 -3 3 5 -6 -7 -8
leaf_value= -0.0086451739954980424 0.070354324193971793 0.11976973907072717 0.055725857942339113 -0.022768157065529745 0.0128134443829429 0.035667697357723377 -0.0615107576220301
leaf_weight=687 1343 1474 872 6094 1959 526 3557
leaf_count=687 1343 1474 872 6094 1959 526 3557
model_size=816
internal_value=0 0.0620033 -0.0252324 -0.0095295 0.0362167 -0.0181251 -0.0529531
internal_weight=0 4776 11736 7492 3302 6620 4244
internal_count=16512 4776 11736 7492 3302 6620 4244
is_linear=0
shrinkage=0.1


Tree=6
num_leaves= 6
num_cat= 0
full_tree_array_lgbids= 0 2 1 -1 4 3 -3 -2147483648 -2147483648 -4 -6 -2 -5 -2147483648 -2147483648
split_feature= 1 1 6 6 1
split_gain= 1959.28 585.04 188.773 179.114 96.2953
threshold= 4.125700000000001 6.2770500000000009 2.0376051459673437 2.4469862317432325 2.5044000000000004
decision_type= 2 2 2 2 2
left_child=2 3 -1 -2 -4
right_child=1 -3 4 -5 -6
leaf_value= 0.022897397579141603 0.076808872341496873 0.10626399659649906 -0.053866738977619913 0.012678034947286882 -0.021119576186963935
leaf_weight=1165 984 1536 3426 3480 5921
leaf_count=1165 984 1536 3426 3480 5921
model_size=592
internal_value=0 0.0471535 -0.0269141 0.0268144 -0.0331225
internal_weight=0 6000 10512 4464 9347
internal_count=16512 6000 10512 4464 9347
is_linear=0
shrinkage=0.1


Tree=7
num_leaves= 8
num_cat= 0
full_tree_array_lgbids= 0 1 3 -1 2 5 -5 -2147483648 -2147483648 4 -4 -2 -7 -2147483648 -2147483648 -2147483648 -2147483648 -2147483648 -2147483648 6 -6 -2147483648 -2147483648 -2147483648 -2147483648 -2147483648 -2147483648 -2147483648 -2147483648 -2147483648 -2147483648 -2147483648 -2147483648 -2147483648 -2147483648 -2147483648 -2147483648 -2147483648 -2147483648 -3 -8 -2147483648 -2147483648 -2147483648 -2147483648 -2147483648 -2147483648 -2147483648 -2147483648 -2147483648 -2147483648 -2147483648 -2147483648 -2147483648 -2147483648 -2147483648 -2147483648 -2147483648 -2147483648 -2147483648 -2147483648 -2147483648 -2147483648
split_feature= 1 1 6 1 7 6 8
split_gain= 1598.46 318.393 205.825 199.228 39.8647 39.4198 28.1692
threshold= 5.0387000000000013 2.7820000000000005 2.4469862317432325 6.8672000000000013 37.935000000000009 2.5498511575161031 -122.33499999999999
decision_type= 2 2 2 2 2 2 2
left_child=1 -1 4 5 6 -2 -3
right_child=3 2 -4 -5 -6 -7 -8
leaf_value= -0.040256602035323358 0.086341467452448029 0.13147601202399153 -0.014924618463371701 0.10973664158905966 -0.031738504409414107 0.026245074518537956 0.033916046809685338
leaf_weight=5096 664 194 5657 1040 368 1848 1645
leaf_count=5096 664 194 5657 1040 368 1848 1645
model_size=816
internal_value=0 -0.016972 -0.00188328 0.061925 0.0315444 0.0421304 0.0442079
internal_weight=0 12960 7864 3552 2207 2512 1839
internal_count=16512 12960 7864 3552 2207 2512 1839
is_linear=0
shrinkage=0.1


Tree=8
num_leaves= 8
num_cat= 0
full_tree_array_lgbids= 0 2 1 3 -4 5 -3 4 -5 -2147483648 -2147483648 -2 -7 -2147483648 -2147483648 -1 6 -2147483648 -2147483648 -2147483648 -2147483648 -2147483648 -2147483648 -2147483648 -2147483648 -2147483648 -2147483648 -2147483648 -2147483648 -2147483648 -2147483648 -2147483648 -2147483648 -6 -8 -2147483648 -2147483648 -2147483648 -2147483648 -2147483648 -2147483648 -2147483648 -2147483648 -2147483648 -2147483648 -2147483648 -2147483648 -2147483648 -2147483648 -2147483648 -2147483648 -2147483648 -2147483648 -2147483648 -2147483648 -2147483648 -2147483648 -2147483648 -2147483648 -2147483648 -2147483648 -2147483648 -2147483648
split_feature= 1 1 6 7 8 6 8
split_gain= 1294.58 240.065 170.972 134.517 75.8928 43.1241 14.8671
threshold= 4.5301500000000017 6.3963500000000009 2.4530432249902163 37.945000000000007 -122.40499999999999 2.9742256672023202 -117.145
decision_type= 2 2 2 2 2 2 2
left_child=2 5 3 4 -1 -2 -6
right_child=1 -3 -4 -5 6 -7 -8
leaf_value= 0.12580844031596505 0.046831877407005049 0.089572450361213474 -0.029229651563883071 -0.043607458828705196 0.023670419289723774 -0.00050496133701936235 -0.052973099873791375
leaf_weight=185 2022 1412 8296 827 2132 1342 296
leaf_count=185 2022 1412 8296 827 2132 1342 296
model_size=816
internal_value=0 0.0461668 -0.0187877 0.00639433 0.0222196 0.0279478 0.0143267
internal_weight=0 4776 11736 3440 2613 3364 2428
internal_count=16512 4776 11736 3440 2613 3364 2428
is_linear=0
shrinkage=0.1


Tree=9
num_leaves= 7
num_cat= 0
full_tree_array_lgbids= 0 2 1 -1 3 4 5 -2147483648 -2147483648 -4 -5 -2 -6 -3 -7
split_feature= 1 1 1 6 6 2
split_gain= 1049.67 250.574 79.9502 65.7196 48.7066 39.0753
threshold= 4.125700000000001 5.8308000000000009 2.2336500000000004 2.1496330815790889 2.735488224282792 26.500000000000004
decision_type= 2 2 2 2 2 2
left_child=2 4 -1 -4 -2 -3
right_child=1 5 3 -5 -6 -7
leaf_value= -0.043921535688852313 0.042260491830484199 0.045609765548067643 0.02783751326910416 -0.018260467419316331 -0.0020083941079884773 0.10465348578946931
leaf_weight=2846 1665 1219 1127 6539 2241 875
leaf_count=2846 1665 1219 1127 6539 2241 875
model_size=704
internal_value=0 0.0355055 -0.0202657 -0.0114835 0.016862 0.0702818
internal_weight=0 6000 10512 7666 3906 2094
internal_count=16512 6000 10512 7666 3906 2094
is_linear=0
shrinkage=0.1


end of trees

feature_importances:
Column_1=36
Column_6=25
Column_7=11
Column_2=10
Column_8=9
Column_3=3

parameters:
[boosting: gbdt]
[objective: regression]
[metric: rmse]
[tree_learner: serial]
[device_type: cpu]
[data_sample_strategy: bagging]
[data: data/california_housing.libsvm.train]
[valid: data/california_housing.libsvm.test]
[num_iterations: 10]
[learning_rate: 0.1]
[num_leaves: 255]
[num_threads: 0]
[seed: 42]
[deterministic: 0]
[force_col_wise: 0]
[force_row_wise: 0]
[histogram_pool_size: -1]
[max_depth: 7]
[min_data_in_leaf: 10]
[min_sum_hessian_in_leaf: 0.001]
[bagging_fraction: 1]
[pos_bagging_fraction: 1]
[neg_bagging_fraction: 1]
[bagging_freq: 0]
[bagging_seed: 400]
[feature_fraction: 1]
[feature_fraction_bynode: 1]
[feature_fraction_seed: 30056]
[extra_trees: 0]
[extra_seed: 12879]
[early_stopping_round: 0]
[early_stopping_min_delta: 0]
[first_metric_only: 0]
[max_delta_step: 0]
[lambda_l1: 0]
[lambda_l2: 0]
[linear_lambda: 0]
[min_gain_to_split: 0]
[drop_rate: 0.1]
[max_drop: 50]
[skip_drop: 0.5]
[xgboost_dart_mode: 0]
[uniform_drop: 0]
[drop_seed: 17869]
[top_rate: 0.2]
[other_rate: 0.1]
[min_data_per_group: 100]
[max_cat_threshold: 32]
[cat_l2: 10]
[cat_smooth: 10]
[max_cat_to_onehot: 4]
[top_k: 20]
[monotone_constraints: ]
[monotone_constraints_method: basic]
[monotone_penalty: 0]
[feature_contri: ]
[forcedsplits_filename: ]
[refit_decay_rate: 0.9]
[tinygbdt_penalty_feature: 16]
[tinygbdt_penalty_split: 0.0625]
[tinygbdt_forestsize: 64000]
[tinygbdt_precision: 7]
[cegb_tradeoff: 1]
[cegb_penalty_split: 0]
[cegb_penalty_feature_lazy: ]
[cegb_penalty_feature_coupled: ]
[path_smooth: 0]
[interaction_constraints: ]
[verbosity: 2]
[saved_feature_importance_type: 0]
[use_quantized_grad: 0]
[num_grad_quant_bins: 4]
[quant_train_renew_leaf: 0]
[stochastic_rounding: 1]
[linear_tree: 0]
[max_bin: 255]
[max_bin_by_feature: ]
[min_data_in_bin: 3]
[bin_construct_sample_cnt: 200000]
[data_random_seed: 175]
[is_enable_sparse: 1]
[enable_bundle: 1]
[use_missing: 1]
[zero_as_missing: 0]
[feature_pre_filter: 1]
[pre_partition: 0]
[two_round: 0]
[header: 0]
[label_column: ]
[weight_column: ]
[group_column: ]
[ignore_column: ]
[categorical_feature: ]
[forcedbins_filename: ]
[precise_float_parser: 0]
[parser_config_file: ]
[objective_seed: 16083]
[num_class: 1]
[is_unbalance: 0]
[scale_pos_weight: 1]
[sigmoid: 1]
[boost_from_average: 1]
[reg_sqrt: 0]
[alpha: 0.9]
[fair_c: 1]
[poisson_max_delta_step: 0.7]
[tweedie_variance_power: 1.5]
[lambdarank_truncation_level: 30]
[lambdarank_norm: 1]
[label_gain: ]
[lambdarank_position_bias_regularization: 0]
[eval_at: ]
[multi_error_top_k: 1]
[auc_mu_weights: ]
[num_machines: 1]
[local_listen_port: 12400]
[time_out: 120]
[machine_list_filename: ]
[machines: ]
[gpu_platform_id: -1]
[gpu_device_id: -1]
[gpu_use_dp: 0]
[num_gpu: 1]

end of parameters
