tree
version=v4
num_class=1
num_tree_per_iteration=1
label_index=0
max_feature_idx=8
objective=regression
feature_names=Column_0 Column_1 Column_2 Column_3 Column_4 Column_5 Column_6 Column_7 Column_8
feature_infos=none [0.49990000000000001:15.0001] [1:52] [0.88888888888888884:141.90909090909091] [0.33333333333333331:25.63636363636364] [3:35682] [0.69230769230769229:1243.333333333333] [32.549999999999997:41.950000000000003] [-124.34999999999999:-114.31]
tree_sizes=3264 4976 3108 1988 4441

Tree=0
num_leaves= 24
num_cat= 0
full_tree_array_lgbids= 0 1 2 5 3 4 10 9 11 6 7 16 13 20 -12 15 14 -7 21 -3 8 19 17 -2 18 -6 -15 -4 -22 -2147483648 -2147483648 -1 -17 -11 -16 -2147483648 -2147483648 -13 -23 -2147483648 -2147483648 12 -10 22 -21 -9 -19 -2147483648 -2147483648 -18 -20 -2147483648 -2147483648 -2147483648 -2147483648 -2147483648 -2147483648 -2147483648 -2147483648 -2147483648 -2147483648 -2147483648 -2147483648 -2147483648 -2147483648 -2147483648 -2147483648 -2147483648 -2147483648 -2147483648 -2147483648 -2147483648 -2147483648 -2147483648 -2147483648 -2147483648 -2147483648 -2147483648 -2147483648 -2147483648 -2147483648 -2147483648 -2147483648 -8 -14 -2147483648 -2147483648 -5 -24 -2147483648 -2147483648 -2147483648 -2147483648 -2147483648 -2147483648 -2147483648 -2147483648 -2147483648 -2147483648 -2147483648 -2147483648 -2147483648 -2147483648 -2147483648 -2147483648 -2147483648 -2147483648 -2147483648 -2147483648 -2147483648 -2147483648 -2147483648 -2147483648 -2147483648 -2147483648 -2147483648 -2147483648 -2147483648 -2147483648 -2147483648 -2147483648 -2147483648 -2147483648 -2147483648 -2147483648 -2147483648 -2147483648
split_feature= 1 1 1 6 6 3 2 1 7 1 1 1 6 1 6 3 2 6 6 2 2 6 3
split_gain= 6924.71 1622.08 1229.06 913.135 368.156 255.198 170.62 149.544 123.597 117.52 92.9506 73.4386 64.867 57.5065 48.799 47.3262 44.3168 41.7516 30.6299 21.6441 9.24692 2.80563 1.456
threshold= 5.0387000000000013 3.0679500000000002 6.8672000000000013 2.3489548886254448 2.671038674349933 4.3101408005062494 24.500000000000004 4.0775500000000013 37.815000000000005 2.2210000000000005 7.852450000000001 2.4115000000000006 1.9628175980828908 5.7307500000000013 2.4907552973342448 3.449226804123712 19.500000000000004 2.9005380231986346 2.0653737590585881 43.500000000000007 26.500000000000004 2.2906328481453726 5.1186051221335997
decision_type= 2 2 2 2 2 2 2 2 2 2 2 2 2 2 2 2 2 2 2 2 2 2 2
left_child=1 5 4 6 16 9 -3 19 12 15 20 -7 -8 -6 -11 -1 -2 -9 -18 22 -4 -13 -5
right_child=2 3 10 7 13 11 8 17 -10 14 -12 21 -14 -15 -16 -17 18 -19 -20 -21 -22 -23 -24
leaf_value= 2.0405687631288161 2.1558599736411375 2.0945018313365229 2.2105021416414852 2.0474118544579003 2.0994046620642437 1.961879457681825 2.2545441709562692 2.1002101309481218 2.0795283240852767 2.0970408790997888 2.3227113326055062 2.043693994763716 2.1668194654867707 2.154676585639304 2.0327038778370752 1.9814897297846104 2.3293276008777508 2.055796547371648 2.2183144165789459 2.080533949453383 2.2958198799055269 1.9920349409095919 2.0155083659287123
leaf_weight=503 248 567 263 1181 828 1830 264 1016 163 430 609 309 469 773 767 899 91 1158 572 377 168 1491 1536
leaf_count=503 248 567 263 1181 828 1830 264 1016 163 430 609 309 469 773 767 899 91 1158 572 377 168 1491 1536
model_size=2608
internal_value=2.07195 2.03789 2.19622 2.07259 2.15739 2.00039 2.1449 2.05251 2.17679 2.02716 2.28999 1.98123 2.19841 2.12609 2.05582 2.00269 2.2124 2.07655 2.23355 2.03561 2.24376 2.0009 2.02938
internal_weight=0 12960 3552 6731 2512 6229 1463 5268 896 2599 1040 3630 733 1601 1197 1402 911 2174 663 3094 431 1800 2717
internal_count=16512 12960 3552 6731 2512 6229 1463 5268 896 2599 1040 3630 733 1601 1197 1402 911 2174 663 3094 431 1800 2717
is_linear=0
shrinkage=1


Tree=1
num_leaves= 25
num_cat= 0
full_tree_array_lgbids= 0 1 2 5 3 4 13 14 6 7 10 18 21 20 -15 15 -16 9 11 -3 8 -5 22 -2 23 -6 -23 -4 -22 -2147483648 -2147483648 -1 -17 -2147483648 -2147483648 16 -11 12 -13 -2147483648 -2147483648 -9 17 -2147483648 -2147483648 -12 -24 -2147483648 -2147483648 -20 -25 -2147483648 -2147483648 -2147483648 -2147483648 -2147483648 -2147483648 -2147483648 -2147483648 -2147483648 -2147483648 -2147483648 -2147483648 -2147483648 -2147483648 -2147483648 -2147483648 -2147483648 -2147483648 -2147483648 -2147483648 -7 -18 -2147483648 -2147483648 19 -14 -2147483648 -2147483648 -2147483648 -2147483648 -2147483648 -2147483648 -2147483648 -2147483648 -10 -19 -2147483648 -2147483648 -2147483648 -2147483648 -2147483648 -2147483648 -2147483648 -2147483648 -2147483648 -2147483648 -2147483648 -2147483648 -2147483648 -2147483648 -2147483648 -2147483648 -2147483648 -2147483648 -2147483648 -2147483648 -2147483648 -2147483648 -2147483648 -2147483648 -2147483648 -2147483648 -2147483648 -2147483648 -2147483648 -2147483648 -2147483648 -2147483648 -2147483648 -2147483648 -2147483648 -2147483648 -2147483648 -2147483648 -2147483648 -2147483648 -2147483648 -2147483648 -2147483648 -2147483648 -2147483648 -2147483648 -2147483648 -2147483648 -2147483648 -2147483648 -2147483648 -2147483648 -2147483648 -2147483648 -2147483648 -2147483648 -2147483648 -2147483648 -2147483648 -2147483648 -2147483648 -2147483648 -2147483648 -2147483648 -8 -21 -2147483648 -2147483648 -2147483648 -2147483648 -2147483648 -2147483648 -2147483648 -2147483648 -2147483648 -2147483648 -2147483648 -2147483648 -2147483648 -2147483648 -2147483648 -2147483648 -2147483648 -2147483648 -2147483648 -2147483648 -2147483648 -2147483648 -2147483648 -2147483648 -2147483648 -2147483648 -2147483648 -2147483648 -2147483648 -2147483648 -2147483648 -2147483648 -2147483648 -2147483648 -2147483648 -2147483648 -2147483648 -2147483648 -2147483648 -2147483648 -2147483648 -2147483648 -2147483648 -2147483648 -2147483648 -2147483648 -2147483648 -2147483648 -2147483648 -2147483648 -2147483648 -2147483648 -2147483648 -2147483648 -2147483648 -2147483648 -2147483648 -2147483648 -2147483648 -2147483648 -2147483648 -2147483648 -2147483648 -2147483648 -2147483648 -2147483648 -2147483648 -2147483648 -2147483648 -2147483648 -2147483648 -2147483648 -2147483648 -2147483648 -2147483648 -2147483648 -2147483648 -2147483648 -2147483648 -2147483648 -2147483648 -2147483648 -2147483648 -2147483648 -2147483648 -2147483648 -2147483648 -2147483648 -2147483648 -2147483648 -2147483648 -2147483648 -2147483648 -2147483648 -2147483648 -2147483648 -2147483648 -2147483648 -2147483648 -2147483648 -2147483648 -2147483648
split_feature= 1 1 1 6 6 6 7 2 6 8 1 8 7 1 7 8 6 7 2 8 2 1 6 6
split_gain= 5593.3 1400.2 878.76 766.461 258.132 241.643 163.455 138.455 124.833 107.649 83.3264 71.6121 91.8412 65.5109 49.604 62.6354 43.6442 32.6404 21.9886 17.6747 15.3198 8.7732 8.5821 5.41551
threshold= 5.1326000000000009 3.1792500000000001 6.8672000000000013 2.4136952392348086 2.7472725830126556 2.1628386478062818 34.455000000000005 19.500000000000004 2.0231950334409352 -117.77499999999999 4.1119000000000012 -121.63499999999998 37.915000000000006 8.4454500000000028 37.935000000000009 -118.24499999999999 3.442186331338819 37.995000000000012 21.500000000000004 -122.33499999999999 26.500000000000004 5.8308000000000009 2.9291766686969298 2.2038024706228287
decision_type= 2 2 2 2 2 2 2 2 2 2 2 2 2 2 2 2 2 2 2 2 2 2 2 2
left_child=1 5 4 7 18 14 9 -3 -9 16 -5 12 19 20 15 -1 -7 -10 -2 -8 -4 -6 -12 -20
right_child=2 3 13 10 21 6 11 8 17 -11 22 -13 -14 -15 -16 -17 -18 -19 23 -21 -22 -23 -24 -25
leaf_value= 0.043882271269507195 0.078495193351611509 0.0093796961059319783 0.13543657874890969 -0.031827599660215679 0.025589329777513981 -0.0058552652882198179 0.064638579792032635 0.14868768062454762 0.075589220413444097 -0.085916063414295987 0.024593510791449415 -0.10766344181607063 -0.096785305672507871 0.23959604986930186 -0.07235363311457392 -0.039252818217290618 -0.055446351101412716 -0.031555246701240179 0.22015546661538954 -0.041036280650469298 0.21211785104663333 0.074817116627675775 -0.013891626500723456 0.13044659851494206
leaf_weight=447 288 444 368 2664 703 873 99 381 672 928 1007 1827 622 426 245 343 998 104 117 407 246 610 1152 541
leaf_count=447 288 444 368 2664 703 873 99 381 672 928 1007 1827 622 426 245 343 998 104 117 407 246 610 1152 541
model_size=2720
internal_value=0 -0.0292631 0.117203 0.00502842 0.0808164 -0.061711 -0.0707997 0.0676632 0.0900296 -0.0500812 -0.0157633 -0.0904244 -0.0625027 0.19624 -0.0111836 0.00778691 -0.0323074 0.0612297 0.125726 -0.0203608 0.166159 0.0484598 0.0040586 0.146398
internal_weight=0 13213 3299 6424 2259 6789 5754 1601 1157 2799 4823 2955 1128 1040 1035 790 1871 776 946 506 614 1313 2159 658
internal_count=16512 13213 3299 6424 2259 6789 5754 1601 1157 2799 4823 2955 1128 1040 1035 790 1871 776 946 506 614 1313 2159 658
is_linear=0
shrinkage=0.1


Tree=2
num_leaves= 20
num_cat= 0
full_tree_array_lgbids= 0 1 3 4 2 5 -5 14 7 6 8 -2 16 -2147483648 -2147483648 15 -16 9 11 -3 10 -4 13 -2147483648 -2147483648 -7 -18 -2147483648 -2147483648 -2147483648 -2147483648 -1 -17 -2147483648 -2147483648 17 -11 12 -13 -2147483648 -2147483648 18 -12 -2147483648 -2147483648 -10 -15 -2147483648 -2147483648 -2147483648 -2147483648 -2147483648 -2147483648 -2147483648 -2147483648 -2147483648 -2147483648 -2147483648 -2147483648 -2147483648 -2147483648 -2147483648 -2147483648 -2147483648 -2147483648 -2147483648 -2147483648 -2147483648 -2147483648 -2147483648 -2147483648 -6 -19 -2147483648 -2147483648 -9 -14 -2147483648 -2147483648 -2147483648 -2147483648 -2147483648 -2147483648 -8 -20 -2147483648 -2147483648 -2147483648 -2147483648 -2147483648 -2147483648 -2147483648 -2147483648 -2147483648 -2147483648 -2147483648 -2147483648 -2147483648 -2147483648 -2147483648 -2147483648 -2147483648 -2147483648 -2147483648 -2147483648 -2147483648 -2147483648 -2147483648 -2147483648 -2147483648 -2147483648 -2147483648 -2147483648 -2147483648 -2147483648 -2147483648 -2147483648 -2147483648 -2147483648 -2147483648 -2147483648 -2147483648 -2147483648 -2147483648 -2147483648 -2147483648 -2147483648
split_feature= 1 1 6 1 6 6 2 7 1 8 7 8 7 6 7 8 1 6 1
split_gain= 4531.83 1212.54 645.954 600.694 180.444 169.019 118.695 114.76 88.5943 71.7408 47.9459 40.8321 60.3508 37.9527 20.9204 31.3417 19.7647 19.6756 0.0743594
threshold= 5.2771000000000017 3.1913000000000005 2.2982753493904258 7.3930000000000016 2.1628386478062818 2.6585924622132828 19.500000000000004 34.455000000000005 4.0612500000000002 -117.77499999999999 37.815000000000005 -121.63499999999998 38.675000000000004 2.6829812717770039 37.935000000000009 -118.25499999999998 6.2770500000000009 3.1336552646136835 3.8769000000000005
decision_type= 2 2 2 2 2 2 2 2 2 2 2 2 2 2 2 2 2 2 2
left_child=1 4 6 5 14 -2 -3 9 -4 17 18 12 -9 -10 15 -1 -7 -6 -8
right_child=3 2 8 -5 7 16 10 11 13 -11 -12 -13 -14 -15 -16 -17 -18 -19 -20
leaf_value= 0.040107759142482886 0.13096242774606554 0.014331179516255472 -0.026848086059024313 0.19163208317720951 0.0026420050861855528 0.041852615536129088 0.085806379202671507 -0.029857449651891521 0.040394433726486663 -0.077268019934640608 0.014904926550308509 -0.096699421238412187 -0.10188975532969897 -0.0048405348631112713 -0.064335876221293484 -0.034128205722430721 0.096253002483729797 -0.044922074988423842 0.15053498352619096
leaf_weight=445 734 367 2683 793 644 968 370 728 779 940 140 1841 413 1976 247 350 488 1246 360
leaf_count=445 734 367 2683 793 644 968 370 728 779 940 140 1841 413 1976 247 350 488 1246 360
model_size=2160
internal_value=0 -0.0248042 0.00646534 0.112496 -0.055257 0.0838407 0.0754141 -0.0634452 -0.00921866 -0.0448422 0.101181 -0.0811 -0.0559305 0.00795004 -0.0095853 0.00742526 0.0600857 -0.0287151 0.117727
internal_weight=0 13529 6675 2983 6854 2190 1237 5812 5438 2830 870 2982 1141 2755 1042 795 1456 1890 730
internal_count=16512 13529 6675 2983 6854 2190 1237 5812 5438 2830 870 2982 1141 2755 1042 795 1456 1890 730
is_linear=0
shrinkage=0.1


Tree=3
num_leaves= 15
num_cat= 0
full_tree_array_lgbids= 0 1 3 4 2 5 -5 9 6 7 11 -2 -7 -2147483648 -2147483648 -1 -11 10 12 -3 8 13 -13 -2147483648 -2147483648 -2147483648 -2147483648 -2147483648 -2147483648 -2147483648 -2147483648 -2147483648 -2147483648 -2147483648 -2147483648 -6 -12 -8 -14 -2147483648 -2147483648 -9 -10 -4 -15 -2147483648 -2147483648 -2147483648 -2147483648 -2147483648 -2147483648 -2147483648 -2147483648 -2147483648 -2147483648 -2147483648 -2147483648 -2147483648 -2147483648 -2147483648 -2147483648 -2147483648 -2147483648
split_feature= 1 1 6 1 6 2 1 2 6 1 3 1 3 2
split_gain= 3688.32 1138.11 455.015 317.059 244.842 100.758 92.1925 63.8391 67.3609 54.2122 48.2381 45.385 21.5809 7.598
threshold= 5.6042500000000013 3.5488500000000003 2.4136952392348086 7.7055000000000016 2.2352443515477258 27.500000000000004 2.5205000000000006 19.500000000000004 1.9628175980828908 2.5510500000000005 3.6193833748516839 4.5301500000000017 5.0006134969325169 42.500000000000007
decision_type= 2 2 2 2 2 2 2 2 2 2 2 2 2 2
left_child=1 4 7 5 9 -2 10 -3 -9 -1 -6 13 -8 -4
right_child=3 2 11 -5 6 -7 12 8 -10 -11 -12 -13 -14 -15
leaf_value= -0.034497921958372063 0.066022364041002243 0.01848212062420013 -0.022732251996790145 0.18103643864518337 -0.029145393984797343 0.13308491490020924 -0.022299930056655037 0.15958749482850151 0.068662927916327887 0.024735917386962722 -0.08024924069825895 0.018042701285307005 -0.056397101538784744 0.033566110664334313
leaf_weight=719 1104 384 2258 670 607 632 1837 236 736 819 2610 1904 1678 318
leaf_count=719 1104 384 2258 670 607 632 1837 236 736 819 2610 1904 1678 318
model_size=1600
internal_value=0 -0.0197287 0.0152491 0.115666 -0.0444119 0.0904368 -0.0538831 0.0702771 0.0907393 -0.00295532 -0.0706067 -0.00140672 -0.0385773 -0.0157824
internal_weight=0 14106 5836 2406 8270 1736 6732 1356 972 1538 3217 4480 3515 2576
internal_count=16512 14106 5836 2406 8270 1736 6732 1356 972 1538 3217 4480 3515 2576
is_linear=0
shrinkage=0.1


Tree=4
num_leaves= 17
num_cat= 0
full_tree_array_lgbids= 0 1 2 7 3 5 8 -1 -9 4 9 -2 -7 12 -10 -2147483648 -2147483648 -2147483648 -2147483648 6 -6 10 -11 -2147483648 -2147483648 -2147483648 -2147483648 -4 -14 -2147483648 -2147483648 -2147483648 -2147483648 -2147483648 -2147483648 -2147483648 -2147483648 -2147483648 -2147483648 -3 13 -2147483648 -2147483648 -5 11 -2147483648 -2147483648 -2147483648 -2147483648 -2147483648 -2147483648 -2147483648 -2147483648 -2147483648 -2147483648 -2147483648 -2147483648 -2147483648 -2147483648 -2147483648 -2147483648 -2147483648 -2147483648 -2147483648 -2147483648 -2147483648 -2147483648 -2147483648 -2147483648 -2147483648 -2147483648 -2147483648 -2147483648 -2147483648 -2147483648 -2147483648 -2147483648 -2147483648 -2147483648 -2147483648 -2147483648 14 -15 -2147483648 -2147483648 -2147483648 -2147483648 -2147483648 -2147483648 15 -13 -2147483648 -2147483648 -2147483648 -2147483648 -2147483648 -2147483648 -2147483648 -2147483648 -2147483648 -2147483648 -2147483648 -2147483648 -2147483648 -2147483648 -2147483648 -2147483648 -2147483648 -2147483648 -2147483648 -2147483648 -2147483648 -2147483648 -2147483648 -2147483648 -2147483648 -2147483648 -2147483648 -2147483648 -2147483648 -2147483648 -2147483648 -2147483648 -2147483648 -2147483648 -2147483648 -2147483648 -2147483648 -2147483648 -2147483648 -2147483648 -2147483648 -2147483648 -2147483648 -2147483648 -2147483648 -2147483648 -2147483648 -2147483648 -2147483648 -2147483648 -2147483648 -2147483648 -2147483648 -2147483648 -2147483648 -2147483648 -2147483648 -2147483648 -2147483648 -2147483648 -2147483648 -2147483648 -2147483648 -2147483648 -2147483648 -2147483648 -2147483648 -2147483648 -2147483648 -2147483648 -2147483648 -2147483648 -8 -16 -2147483648 -2147483648 -2147483648 -2147483648 -2147483648 -2147483648 -2147483648 -2147483648 -2147483648 -2147483648 -2147483648 -2147483648 -2147483648 -2147483648 -12 -17 -2147483648 -2147483648 -2147483648 -2147483648 -2147483648 -2147483648 -2147483648 -2147483648 -2147483648 -2147483648 -2147483648 -2147483648 -2147483648 -2147483648 -2147483648 -2147483648 -2147483648 -2147483648 -2147483648 -2147483648 -2147483648 -2147483648 -2147483648 -2147483648 -2147483648 -2147483648 -2147483648 -2147483648 -2147483648 -2147483648 -2147483648 -2147483648 -2147483648 -2147483648 -2147483648 -2147483648 -2147483648 -2147483648 -2147483648 -2147483648 -2147483648 -2147483648 -2147483648 -2147483648 -2147483648 -2147483648 -2147483648 -2147483648 -2147483648 -2147483648 -2147483648 -2147483648 -2147483648 -2147483648 -2147483648 -2147483648 -2147483648 -2147483648 -2147483648 -2147483648 -2147483648 -2147483648 -2147483648 -2147483648 -2147483648 -2147483648 -2147483648 -2147483648 -2147483648 -2147483648 -2147483648 -2147483648 -2147483648 -2147483648
split_feature= 1 1 1 6 7 6 8 3 2 7 8 8 1 8 7 7
split_gain= 2979.93 687.39 516.755 395.176 106.906 105.149 87.8444 83.3491 46.4336 32.7775 141.134 33.2322 23.6507 13.5572 60.6789 4.05758
threshold= 5.0387000000000013 2.7820000000000005 6.3963500000000009 2.4136952392348086 37.935000000000009 2.5763869593405579 -122.33499999999999 3.8792159595040387 26.500000000000004 37.895000000000003 -122.24499999999999 -117.79499999999999 8.7395500000000013 -117.99499999999999 34.155000000000008 34.525000000000013
decision_type= 2 2 2 2 2 2 2 2 2 2 2 2 2 2 2 2
left_child=1 7 5 4 6 -2 -3 -1 12 10 -5 15 -4 14 -8 -12
right_child=2 3 8 9 -6 -7 13 -9 -10 -11 11 -13 -14 -15 -16 -17
leaf_value= -0.023662807662086133 0.096247614644352775 0.14075747426250018 0.087213160929134392 0.079147415406262606 -0.032216681989470385 0.030313998871571074 0.10035250787508379 -0.064022975370941315 0.16748152863922122 -0.047371249721990374 0.0049731540163039552 -0.046000604566254703 0.17624492608010769 0.00066929144248684081 0.026463919254729403 -0.02778060333069729
leaf_weight=1413 603 192 628 262 319 1537 446 3683 612 1064 2165 1013 172 434 653 1316
leaf_count=1413 603 192 628 262 319 1537 446 3683 612 1064 2165 1013 172 434 653 1316
model_size=1824
internal_value=0 -0.0225473 0.0822671 -0.00292223 0.0386874 0.0488925 0.0517995 -0.0528321 0.132849 -0.0175356 -0.0108609 -0.0161084 0.106355 0.0406579 0.0564496 -0.00740948
internal_weight=0 12960 3552 7864 2044 2140 1725 5096 1412 5820 4756 4494 800 1533 1099 3481
internal_count=16512 12960 3552 7864 2044 2140 1725 5096 1412 5820 4756 4494 800 1533 1099 3481
is_linear=0
shrinkage=0.1


end of trees

feature_importances:
Column_1=30
Column_6=24
Column_7=13
Column_2=12
Column_8=11
Column_3=6

parameters:
[boosting: gbdt]
[objective: regression]
[metric: rmse]
[tree_learner: serial]
[device_type: cpu]
[data_sample_strategy: bagging]
[data: data/california_housing.libsvm.train]
[valid: data/california_housing.libsvm.test]
[num_iterations: 5]
[learning_rate: 0.1]
[num_leaves: 255]
[num_threads: 0]
[seed: 42]
[deterministic: 0]
[force_col_wise: 0]
[force_row_wise: 0]
[histogram_pool_size: -1]
[max_depth: 7]
[min_data_in_leaf: 10]
[min_sum_hessian_in_leaf: 0.001]
[bagging_fraction: 1]
[pos_bagging_fraction: 1]
[neg_bagging_fraction: 1]
[bagging_freq: 0]
[bagging_seed: 400]
[feature_fraction: 1]
[feature_fraction_bynode: 1]
[feature_fraction_seed: 30056]
[extra_trees: 0]
[extra_seed: 12879]
[early_stopping_round: 0]
[early_stopping_min_delta: 0]
[first_metric_only: 0]
[max_delta_step: 0]
[lambda_l1: 0]
[lambda_l2: 0]
[linear_lambda: 0]
[min_gain_to_split: 0]
[drop_rate: 0.1]
[max_drop: 50]
[skip_drop: 0.5]
[xgboost_dart_mode: 0]
[uniform_drop: 0]
[drop_seed: 17869]
[top_rate: 0.2]
[other_rate: 0.1]
[min_data_per_group: 100]
[max_cat_threshold: 32]
[cat_l2: 10]
[cat_smooth: 10]
[max_cat_to_onehot: 4]
[top_k: 20]
[monotone_constraints: ]
[monotone_constraints_method: basic]
[monotone_penalty: 0]
[feature_contri: ]
[forcedsplits_filename: ]
[refit_decay_rate: 0.9]
[tinygbdt_penalty_feature: 8]
[tinygbdt_penalty_split: 0.125]
[tinygbdt_forestsize: 64000]
[tinygbdt_precision: 7]
[cegb_tradeoff: 1]
[cegb_penalty_split: 0]
[cegb_penalty_feature_lazy: ]
[cegb_penalty_feature_coupled: ]
[path_smooth: 0]
[interaction_constraints: ]
[verbosity: 2]
[saved_feature_importance_type: 0]
[use_quantized_grad: 0]
[num_grad_quant_bins: 4]
[quant_train_renew_leaf: 0]
[stochastic_rounding: 1]
[linear_tree: 0]
[max_bin: 255]
[max_bin_by_feature: ]
[min_data_in_bin: 3]
[bin_construct_sample_cnt: 200000]
[data_random_seed: 175]
[is_enable_sparse: 1]
[enable_bundle: 1]
[use_missing: 1]
[zero_as_missing: 0]
[feature_pre_filter: 1]
[pre_partition: 0]
[two_round: 0]
[header: 0]
[label_column: ]
[weight_column: ]
[group_column: ]
[ignore_column: ]
[categorical_feature: ]
[forcedbins_filename: ]
[precise_float_parser: 0]
[parser_config_file: ]
[objective_seed: 16083]
[num_class: 1]
[is_unbalance: 0]
[scale_pos_weight: 1]
[sigmoid: 1]
[boost_from_average: 1]
[reg_sqrt: 0]
[alpha: 0.9]
[fair_c: 1]
[poisson_max_delta_step: 0.7]
[tweedie_variance_power: 1.5]
[lambdarank_truncation_level: 30]
[lambdarank_norm: 1]
[label_gain: ]
[lambdarank_position_bias_regularization: 0]
[eval_at: ]
[multi_error_top_k: 1]
[auc_mu_weights: ]
[num_machines: 1]
[local_listen_port: 12400]
[time_out: 120]
[machine_list_filename: ]
[machines: ]
[gpu_platform_id: -1]
[gpu_device_id: -1]
[gpu_use_dp: 0]
[num_gpu: 1]

end of parameters
