tree
version=v4
num_class=1
num_tree_per_iteration=1
label_index=0
max_feature_idx=21
objective=binary sigmoid:1
feature_names=Column_0 Column_1 Column_2 Column_3 Column_4 Column_5 Column_6 Column_7 Column_8 Column_9 Column_10 Column_11 Column_12 Column_13 Column_14 Column_15 Column_16 Column_17 Column_18 Column_19 Column_20 Column_21
feature_infos=[0:5] [0:3] [0:9] [0:1] [0:8] [0:1] [0:1] [0:1] [0:11] [0:1] [0:4] [0:3] [0:3] [0:8] [0:8] none [0:3] [0:2] [0:4] [0:8] [0:5] [0:6]
tree_sizes=3095 4707 3082 3078 3084 4704 3088 4711 4538 4711 4717 4269 4717 4274 4717

Tree=0
num_leaves= 16
num_cat= 0
full_tree_array_lgbids= 0 1 2 5 10 4 3 -1 -7 12 11 -2 -6 7 6 -2147483648 -2147483648 -2147483648 -2147483648 -3 -14 -12 -13 -2147483648 -2147483648 -2147483648 -2147483648 -4 13 8 -8 -2147483648 -2147483648 -2147483648 -2147483648 -2147483648 -2147483648 -2147483648 -2147483648 -2147483648 -2147483648 -2147483648 -2147483648 -2147483648 -2147483648 -2147483648 -2147483648 -2147483648 -2147483648 -2147483648 -2147483648 -2147483648 -2147483648 -2147483648 -2147483648 -2147483648 -2147483648 -9 14 -5 9 -2147483648 -2147483648 -2147483648 -2147483648 -2147483648 -2147483648 -2147483648 -2147483648 -2147483648 -2147483648 -2147483648 -2147483648 -2147483648 -2147483648 -2147483648 -2147483648 -2147483648 -2147483648 -2147483648 -2147483648 -2147483648 -2147483648 -2147483648 -2147483648 -2147483648 -2147483648 -2147483648 -2147483648 -2147483648 -2147483648 -2147483648 -2147483648 -2147483648 -2147483648 -2147483648 -2147483648 -2147483648 -2147483648 -2147483648 -2147483648 -2147483648 -2147483648 -2147483648 -2147483648 -2147483648 -2147483648 -2147483648 -2147483648 -2147483648 -2147483648 -2147483648 -2147483648 -2147483648 -2147483648 -2147483648 -2147483648 -15 -16 -2147483648 -2147483648 -10 -11 -2147483648 -2147483648 -2147483648 -2147483648
split_feature= 8 20 19 7 4 10 9 13 21 3 21 1 12 17 19
split_gain= 2184.43 1168.76 1111.27 753.289 238.217 198.735 145.705 114.026 77.8026 175.227 23.8993 28.6537 13.6594 11.9669 131.458
threshold= 3.5000000000000004 3.5000000000000004 1.5000000000000002 1.0000000180025095e-35 4.5000000000000009 1.0000000180025095e-35 1.0000000180025095e-35 1.5000000000000002 1.5000000000000002 1.0000000180025095e-35 4.5000000000000009 1.5000000000000002 1.0000000180025095e-35 1.5000000000000002 6.5000000000000009
decision_type= 2 2 2 2 2 2 2 2 2 2 2 2 2 2 2
left_child=1 5 4 7 -2 -1 8 -4 -5 -10 12 -12 -3 -9 -15
right_child=2 10 3 6 -6 -7 -8 13 9 -11 11 -13 -14 14 -16
leaf_value= 0.13625295265526666 0.13625295265526666 -0.075779630963319758 0.13625295265526666 0.13625295265526666 -0.26425303862428545 -0.26425303862428545 -0.26425303862428545 -0.26425303862428545 -0.23564546781860313 0.13625295265526666 -0.26425303862428551 0.1362529526552666 0.13625295265526666 0.13625295265526666 -0.26425303862428545
leaf_weight=14.48168098926544 127.58860319852829 4.2446306347846976 7.7402088046073905 58.176408112049103 17.228206694126129 104.36797678470612 17.228206694126129 603.98597091436386 24.46904718875885 27.964625358581543 3.9949464797973615 4.4943147897720337 528.58135610818863 9.7376820445060712 68.413458466529846
leaf_count=58 511 17 31 233 69 418 69 2419 98 112 16 18 2117 39 274
model_size=1712
internal_value=-0.0711178 0.0691485 -0.167321 -0.212646 0.0886066 -0.215452 0.0110948 -0.254106 0.053982 -0.0372996 0.131635 -0.0522205 0.134564 -0.258536 -0.21435
internal_weight=0 660.165 962.532 817.716 144.817 118.85 127.838 689.877 110.61 52.4337 541.315 8.48926 532.826 682.137 78.1511
internal_count=6499 2644 3855 3275 580 476 512 2763 443 210 2168 34 2134 2732 313
is_linear=0
shrinkage=1


Tree=1
num_leaves= 17
num_cat= 0
full_tree_array_lgbids= 0 1 2 5 10 4 3 -1 -7 12 11 -2 -6 7 6 -2147483648 -2147483648 -2147483648 -2147483648 -3 -14 -12 -13 -2147483648 -2147483648 -2147483648 -2147483648 -4 13 8 -8 -2147483648 -2147483648 -2147483648 -2147483648 -2147483648 -2147483648 -2147483648 -2147483648 -2147483648 -2147483648 -2147483648 -2147483648 -2147483648 -2147483648 -2147483648 -2147483648 -2147483648 -2147483648 -2147483648 -2147483648 -2147483648 -2147483648 -2147483648 -2147483648 -2147483648 -2147483648 -9 14 -5 9 -2147483648 -2147483648 -2147483648 -2147483648 -2147483648 -2147483648 -2147483648 -2147483648 -2147483648 -2147483648 -2147483648 -2147483648 -2147483648 -2147483648 -2147483648 -2147483648 -2147483648 -2147483648 -2147483648 -2147483648 -2147483648 -2147483648 -2147483648 -2147483648 -2147483648 -2147483648 -2147483648 -2147483648 -2147483648 -2147483648 -2147483648 -2147483648 -2147483648 -2147483648 -2147483648 -2147483648 -2147483648 -2147483648 -2147483648 -2147483648 -2147483648 -2147483648 -2147483648 -2147483648 -2147483648 -2147483648 -2147483648 -2147483648 -2147483648 -2147483648 -2147483648 -2147483648 -2147483648 -2147483648 -2147483648 -2147483648 -15 -16 -2147483648 -2147483648 15 -11 -2147483648 -2147483648 -2147483648 -2147483648 -2147483648 -2147483648 -2147483648 -2147483648 -2147483648 -2147483648 -2147483648 -2147483648 -2147483648 -2147483648 -2147483648 -2147483648 -2147483648 -2147483648 -2147483648 -2147483648 -2147483648 -2147483648 -2147483648 -2147483648 -2147483648 -2147483648 -2147483648 -2147483648 -2147483648 -2147483648 -2147483648 -2147483648 -2147483648 -2147483648 -2147483648 -2147483648 -2147483648 -2147483648 -2147483648 -2147483648 -2147483648 -2147483648 -2147483648 -2147483648 -2147483648 -2147483648 -2147483648 -2147483648 -2147483648 -2147483648 -2147483648 -2147483648 -2147483648 -2147483648 -2147483648 -2147483648 -2147483648 -2147483648 -2147483648 -2147483648 -2147483648 -2147483648 -2147483648 -2147483648 -2147483648 -2147483648 -2147483648 -2147483648 -2147483648 -2147483648 -2147483648 -2147483648 -2147483648 -2147483648 -2147483648 -2147483648 -2147483648 -2147483648 -2147483648 -2147483648 -2147483648 -2147483648 -2147483648 -2147483648 -2147483648 -2147483648 -2147483648 -2147483648 -2147483648 -2147483648 -2147483648 -2147483648 -2147483648 -2147483648 -2147483648 -2147483648 -2147483648 -2147483648 -2147483648 -2147483648 -2147483648 -2147483648 -2147483648 -2147483648 -2147483648 -2147483648 -2147483648 -2147483648 -2147483648 -2147483648 -2147483648 -2147483648 -2147483648 -2147483648 -2147483648 -2147483648 -2147483648 -2147483648 -2147483648 -2147483648 -10 -17 -2147483648 -2147483648 -2147483648 -2147483648 -2147483648 -2147483648 -2147483648 -2147483648 -2147483648 -2147483648
split_feature= 8 20 19 7 4 10 9 13 21 3 21 4 12 17 19 1
split_gain= 1784.74 949.74 911.016 620.65 192.942 162.413 118.206 92.8784 61.9884 141.954 18.25 22.4545 10.1413 9.05514 107.118 0.0415919
threshold= 3.5000000000000004 3.5000000000000004 1.5000000000000002 1.0000000180025095e-35 4.5000000000000009 1.0000000180025095e-35 1.0000000180025095e-35 1.5000000000000002 1.5000000000000002 1.0000000180025095e-35 4.5000000000000009 4.5000000000000009 1.0000000180025095e-35 1.5000000000000002 6.5000000000000009 2.5000000000000004
decision_type= 2 2 2 2 2 2 2 2 2 2 2 2 2 2 2 2
left_child=1 5 4 7 -2 -1 8 -4 -5 15 12 -12 -3 -9 -15 -10
right_child=2 10 3 6 -6 -7 -8 13 9 -11 11 -13 -14 14 -16 -17
leaf_value= 0.18726217829300001 0.18726217829300001 -0.0041963809298885936 0.18726217829300001 0.18726217829300001 -0.17677793099633521 -0.17677793099633521 -0.17677793099633521 -0.17677793099633521 -0.17900607078859812 0.18726217829300001 0.18726217829300007 -0.17677793099633518 0.18726217829300001 0.18726217829300001 -0.17677793099633521 -0.073856060654389002
leaf_weight=14.432910382747648 127.15891733765602 4.2439043670892707 7.7141417562961569 57.980484813451767 16.952329516410828 102.69672083854675 16.952329516410828 594.31427681446075 17.505853623151783 27.870447635650635 4.4791790843009931 3.9309749603271484 526.80122897028923 9.7048880159854871 67.317946195602417 6.657155603170394
leaf_count=58 511 17 31 233 69 418 69 2419 71 112 18 16 2117 39 274 27
model_size=1824
internal_value=0 0.126905 -0.0878094 -0.129334 0.144439 -0.13192 0.0744647 -0.16744 0.113179 0.0306294 0.183103 0.0171068 0.185732 -0.171515 -0.130909 -0.150036
internal_weight=0 656.585 950.129 806.018 144.111 117.13 126.966 679.051 110.014 52.0335 539.455 8.41015 531.045 671.337 77.0228 24.163
internal_count=6499 2644 3855 3275 580 476 512 2763 443 210 2168 34 2134 2732 313 98
is_linear=0
shrinkage=0.1


Tree=2
num_leaves= 16
num_cat= 0
full_tree_array_lgbids= 0 1 2 5 10 4 3 -1 -7 12 11 -2 -6 7 6 -2147483648 -2147483648 -2147483648 -2147483648 -3 -14 -12 -13 -2147483648 -2147483648 -2147483648 -2147483648 -4 13 8 -8 -2147483648 -2147483648 -2147483648 -2147483648 -2147483648 -2147483648 -2147483648 -2147483648 -2147483648 -2147483648 -2147483648 -2147483648 -2147483648 -2147483648 -2147483648 -2147483648 -2147483648 -2147483648 -2147483648 -2147483648 -2147483648 -2147483648 -2147483648 -2147483648 -2147483648 -2147483648 -9 14 -5 9 -2147483648 -2147483648 -2147483648 -2147483648 -2147483648 -2147483648 -2147483648 -2147483648 -2147483648 -2147483648 -2147483648 -2147483648 -2147483648 -2147483648 -2147483648 -2147483648 -2147483648 -2147483648 -2147483648 -2147483648 -2147483648 -2147483648 -2147483648 -2147483648 -2147483648 -2147483648 -2147483648 -2147483648 -2147483648 -2147483648 -2147483648 -2147483648 -2147483648 -2147483648 -2147483648 -2147483648 -2147483648 -2147483648 -2147483648 -2147483648 -2147483648 -2147483648 -2147483648 -2147483648 -2147483648 -2147483648 -2147483648 -2147483648 -2147483648 -2147483648 -2147483648 -2147483648 -2147483648 -2147483648 -2147483648 -2147483648 -15 -16 -2147483648 -2147483648 -10 -11 -2147483648 -2147483648 -2147483648 -2147483648
split_feature= 8 20 19 7 4 10 9 13 21 3 21 4 12 17 19
split_gain= 1485.24 787.08 759.921 519.73 159.3 134.948 97.535 76.8594 50.4458 116.92 14.1156 17.8082 7.75023 6.80294 88.7011
threshold= 3.5000000000000004 3.5000000000000004 1.5000000000000002 1.0000000180025095e-35 4.5000000000000009 1.0000000180025095e-35 1.0000000180025095e-35 1.5000000000000002 1.5000000000000002 1.0000000180025095e-35 4.5000000000000009 4.5000000000000009 1.0000000180025095e-35 1.5000000000000002 6.5000000000000009
decision_type= 2 2 2 2 2 2 2 2 2 2 2 2 2 2 2
left_child=1 5 4 7 -2 -1 8 -4 -5 -10 12 -12 -3 -9 -15
right_child=2 10 3 6 -6 -7 -8 13 9 -11 11 -13 -14 14 -16
leaf_value= 0.17236010255125836 0.17236010255125836 -0.0037773991993575971 0.17236010255125836 0.17236010255125836 -0.16433727988382651 -0.16433727988382651 -0.16433727988382651 -0.16433727988382651 -0.13844064655780539 0.17236010255125836 0.17236010255125839 -0.16433727988382651 0.17236010255125836 0.17236010255125836 -0.16433727988382651
leaf_weight=14.127121359109877 124.46481059491634 4.2432112842798224 7.5507027953863135 56.752056494355202 16.43764516711235 99.578777968883514 16.43764516711235 576.27048781514168 23.599276050925255 27.279958486557007 4.3842790424823743 3.8116278648376465 515.63992960751057 9.4992712587118131 65.274127185344696
leaf_count=58 511 17 31 233 69 418 69 2419 98 112 18 16 2117 39 274
model_size=1712
internal_value=0 0.116954 -0.0814497 -0.120072 0.133081 -0.122505 0.068634 -0.155621 0.104214 0.0282016 0.168515 0.015774 0.170922 -0.159425 -0.121563
internal_weight=0 641.785 923.566 782.664 140.902 113.706 124.069 658.595 107.631 50.8792 528.079 8.19591 519.883 651.044 74.7734
internal_count=6499 2644 3855 3275 580 476 512 2763 443 210 2168 34 2134 2732 313
is_linear=0
shrinkage=0.1


Tree=3
num_leaves= 16
num_cat= 0
full_tree_array_lgbids= 0 1 2 5 10 4 3 -1 -7 12 11 -2 -6 7 6 -2147483648 -2147483648 -2147483648 -2147483648 -3 -14 -12 -13 -2147483648 -2147483648 -2147483648 -2147483648 -4 13 8 -8 -2147483648 -2147483648 -2147483648 -2147483648 -2147483648 -2147483648 -2147483648 -2147483648 -2147483648 -2147483648 -2147483648 -2147483648 -2147483648 -2147483648 -2147483648 -2147483648 -2147483648 -2147483648 -2147483648 -2147483648 -2147483648 -2147483648 -2147483648 -2147483648 -2147483648 -2147483648 -9 14 -5 9 -2147483648 -2147483648 -2147483648 -2147483648 -2147483648 -2147483648 -2147483648 -2147483648 -2147483648 -2147483648 -2147483648 -2147483648 -2147483648 -2147483648 -2147483648 -2147483648 -2147483648 -2147483648 -2147483648 -2147483648 -2147483648 -2147483648 -2147483648 -2147483648 -2147483648 -2147483648 -2147483648 -2147483648 -2147483648 -2147483648 -2147483648 -2147483648 -2147483648 -2147483648 -2147483648 -2147483648 -2147483648 -2147483648 -2147483648 -2147483648 -2147483648 -2147483648 -2147483648 -2147483648 -2147483648 -2147483648 -2147483648 -2147483648 -2147483648 -2147483648 -2147483648 -2147483648 -2147483648 -2147483648 -2147483648 -2147483648 -15 -16 -2147483648 -2147483648 -10 -11 -2147483648 -2147483648 -2147483648 -2147483648
split_feature= 8 20 19 7 4 10 9 13 21 3 21 1 12 17 19
split_gain= 1253.07 661.816 642.168 440.65 133.378 113.508 81.4652 64.3375 41.6803 97.4016 10.9622 14.2087 6.03997 5.0159 74.3262
threshold= 3.5000000000000004 3.5000000000000004 1.5000000000000002 1.0000000180025095e-35 4.5000000000000009 1.0000000180025095e-35 1.0000000180025095e-35 1.5000000000000002 1.5000000000000002 1.0000000180025095e-35 4.5000000000000009 1.5000000000000002 1.0000000180025095e-35 1.5000000000000002 6.5000000000000009
decision_type= 2 2 2 2 2 2 2 2 2 2 2 2 2 2 2
left_child=1 5 4 7 -2 -1 8 -4 -5 -10 12 -12 -3 -9 -15
right_child=2 10 3 6 -6 -7 -8 13 9 -11 11 -13 -14 14 -16
leaf_value= 0.1609037703805144 0.1609037703805144 -0.0034002145451034805 0.1609037703805144 0.1609037703805144 -0.15458733496862687 -0.15458733496862687 -0.15458733496862687 -0.15458733496862687 -0.12871413836695375 0.1609037703805144 -0.15458733496862687 0.16090377038051437 0.1609037703805144 0.1609037703805144 -0.15458733496862687
leaf_weight=13.6439371407032 120.20779101550579 4.2425556927919379 7.2924491614103308 54.810988858342171 15.761341184377669 95.481748044490814 15.761341184377669 552.56064239144325 22.881256029009819 26.34691309928894 3.654803752899169 4.2343253195285797 498.00370563566685 9.1743715256452543 62.588514268398285
leaf_count=58 511 17 31 233 69 418 69 2419 98 112 16 18 2117 39 274
model_size=1712
internal_value=0 0.109272 -0.0764745 -0.112811 0.124333 -0.115142 0.0640813 -0.146362 0.0972083 0.0262893 0.157277 0.0147459 0.159516 -0.149951 -0.114254
internal_weight=0 619.261 887.386 751.416 135.969 109.126 119.8 631.616 104.039 49.2282 510.135 7.88913 502.246 624.324 71.7629
internal_count=6499 2644 3855 3275 580 476 512 2763 443 210 2168 34 2134 2732 313
is_linear=0
shrinkage=0.1


Tree=4
num_leaves= 16
num_cat= 0
full_tree_array_lgbids= 0 1 2 5 10 4 3 -1 -7 12 11 -2 -6 7 6 -2147483648 -2147483648 -2147483648 -2147483648 -3 -14 -12 -13 -2147483648 -2147483648 -2147483648 -2147483648 -4 13 8 -8 -2147483648 -2147483648 -2147483648 -2147483648 -2147483648 -2147483648 -2147483648 -2147483648 -2147483648 -2147483648 -2147483648 -2147483648 -2147483648 -2147483648 -2147483648 -2147483648 -2147483648 -2147483648 -2147483648 -2147483648 -2147483648 -2147483648 -2147483648 -2147483648 -2147483648 -2147483648 -9 14 -5 9 -2147483648 -2147483648 -2147483648 -2147483648 -2147483648 -2147483648 -2147483648 -2147483648 -2147483648 -2147483648 -2147483648 -2147483648 -2147483648 -2147483648 -2147483648 -2147483648 -2147483648 -2147483648 -2147483648 -2147483648 -2147483648 -2147483648 -2147483648 -2147483648 -2147483648 -2147483648 -2147483648 -2147483648 -2147483648 -2147483648 -2147483648 -2147483648 -2147483648 -2147483648 -2147483648 -2147483648 -2147483648 -2147483648 -2147483648 -2147483648 -2147483648 -2147483648 -2147483648 -2147483648 -2147483648 -2147483648 -2147483648 -2147483648 -2147483648 -2147483648 -2147483648 -2147483648 -2147483648 -2147483648 -2147483648 -2147483648 -15 -16 -2147483648 -2147483648 -10 -11 -2147483648 -2147483648 -2147483648 -2147483648
split_feature= 8 20 19 7 4 10 9 13 21 3 21 1 12 17 19
split_gain= 1068.45 562.705 548.148 377.219 112.857 96.3632 68.6576 54.3118 34.8139 81.8364 8.48239 11.3442 4.76368 3.56564 62.8302
threshold= 3.5000000000000004 3.5000000000000004 1.5000000000000002 1.0000000180025095e-35 4.5000000000000009 1.0000000180025095e-35 1.0000000180025095e-35 1.5000000000000002 1.5000000000000002 1.0000000180025095e-35 4.5000000000000009 1.5000000000000002 1.0000000180025095e-35 1.5000000000000002 6.5000000000000009
decision_type= 2 2 2 2 2 2 2 2 2 2 2 2 2 2 2
left_child=1 5 4 7 -2 -1 8 -4 -5 -10 12 -12 -3 -9 -15
right_child=2 10 3 6 -6 -7 -8 13 9 -11 11 -13 -14 14 -16
leaf_value= 0.15185187516794491 0.15185187516794491 -0.0030606570657631363 0.15185187516794491 0.15185187516794491 -0.14676872362570559 -0.14676872362570559 -0.14676872362570559 -0.14676872362570559 -0.12041324789923978 0.15185187516794491 -0.14676872362570559 0.15185187516794488 0.15185187516794491 0.15185187516794491 -0.14676872362570559
leaf_weight=13.042239397764204 114.90662641823292 4.2419396191835395 6.970852091908454 52.39382378757 14.980887696146963 90.75378343462944 14.980887696146963 525.19952662289143 22.055629283189774 25.185014009475708 3.4738290309905997 4.0475915372371674 476.04173801839352 8.7697816640138608 59.489322155714035
leaf_count=58 511 17 31 233 69 418 69 2419 98 112 16 18 2117 39 274
model_size=1712
internal_value=0 0.103178 -0.0724884 -0.106983 0.11741 -0.109246 0.060428 -0.13894 0.0915818 0.0247372 0.148378 0.0139315 0.150484 -0.142356 -0.108403
internal_weight=0 591.601 844.932 715.045 129.888 103.796 114.615 600.429 99.6345 47.2406 487.805 7.52142 480.284 593.459 68.2591
internal_count=6499 2644 3855 3275 580 476 512 2763 443 210 2168 34 2134 2732 313
is_linear=0
shrinkage=0.1


Tree=5
num_leaves= 17
num_cat= 0
full_tree_array_lgbids= 0 1 2 5 10 4 3 -1 -7 12 11 -2 -6 7 6 -2147483648 -2147483648 -2147483648 -2147483648 -3 -14 -12 -13 -2147483648 -2147483648 -2147483648 -2147483648 -4 13 8 -8 -2147483648 -2147483648 -2147483648 -2147483648 -2147483648 -2147483648 -2147483648 -2147483648 -2147483648 -2147483648 -2147483648 -2147483648 -2147483648 -2147483648 -2147483648 -2147483648 -2147483648 -2147483648 -2147483648 -2147483648 -2147483648 -2147483648 -2147483648 -2147483648 -2147483648 -2147483648 -9 14 -5 9 -2147483648 -2147483648 -2147483648 -2147483648 -2147483648 -2147483648 -2147483648 -2147483648 -2147483648 -2147483648 -2147483648 -2147483648 -2147483648 -2147483648 -2147483648 -2147483648 -2147483648 -2147483648 -2147483648 -2147483648 -2147483648 -2147483648 -2147483648 -2147483648 -2147483648 -2147483648 -2147483648 -2147483648 -2147483648 -2147483648 -2147483648 -2147483648 -2147483648 -2147483648 -2147483648 -2147483648 -2147483648 -2147483648 -2147483648 -2147483648 -2147483648 -2147483648 -2147483648 -2147483648 -2147483648 -2147483648 -2147483648 -2147483648 -2147483648 -2147483648 -2147483648 -2147483648 -2147483648 -2147483648 -2147483648 -2147483648 -15 -16 -2147483648 -2147483648 15 -11 -2147483648 -2147483648 -2147483648 -2147483648 -2147483648 -2147483648 -2147483648 -2147483648 -2147483648 -2147483648 -2147483648 -2147483648 -2147483648 -2147483648 -2147483648 -2147483648 -2147483648 -2147483648 -2147483648 -2147483648 -2147483648 -2147483648 -2147483648 -2147483648 -2147483648 -2147483648 -2147483648 -2147483648 -2147483648 -2147483648 -2147483648 -2147483648 -2147483648 -2147483648 -2147483648 -2147483648 -2147483648 -2147483648 -2147483648 -2147483648 -2147483648 -2147483648 -2147483648 -2147483648 -2147483648 -2147483648 -2147483648 -2147483648 -2147483648 -2147483648 -2147483648 -2147483648 -2147483648 -2147483648 -2147483648 -2147483648 -2147483648 -2147483648 -2147483648 -2147483648 -2147483648 -2147483648 -2147483648 -2147483648 -2147483648 -2147483648 -2147483648 -2147483648 -2147483648 -2147483648 -2147483648 -2147483648 -2147483648 -2147483648 -2147483648 -2147483648 -2147483648 -2147483648 -2147483648 -2147483648 -2147483648 -2147483648 -2147483648 -2147483648 -2147483648 -2147483648 -2147483648 -2147483648 -2147483648 -2147483648 -2147483648 -2147483648 -2147483648 -2147483648 -2147483648 -2147483648 -2147483648 -2147483648 -2147483648 -2147483648 -2147483648 -2147483648 -2147483648 -2147483648 -2147483648 -2147483648 -2147483648 -2147483648 -2147483648 -2147483648 -2147483648 -2147483648 -2147483648 -2147483648 -2147483648 -2147483648 -2147483648 -2147483648 -2147483648 -2147483648 -10 -17 -2147483648 -2147483648 -2147483648 -2147483648 -2147483648 -2147483648 -2147483648 -2147483648 -2147483648 -2147483648
split_feature= 8 20 19 7 4 10 9 13 21 3 21 1 12 17 19 1
split_gain= 918.694 482.629 471.635 325.415 96.2683 82.3927 58.25 46.1344 29.3094 69.1894 6.488 9.01863 3.78122 2.36969 53.4626 0.038198
threshold= 3.5000000000000004 3.5000000000000004 1.5000000000000002 1.0000000180025095e-35 4.5000000000000009 1.0000000180025095e-35 1.0000000180025095e-35 1.5000000000000002 1.5000000000000002 1.0000000180025095e-35 4.5000000000000009 1.5000000000000002 1.0000000180025095e-35 1.5000000000000002 6.5000000000000009 2.5000000000000004
decision_type= 2 2 2 2 2 2 2 2 2 2 2 2 2 2 2 2
left_child=1 5 4 7 -2 -1 8 -4 -5 15 12 -12 -3 -9 -15 -10
right_child=2 10 3 6 -6 -7 -8 13 9 -11 11 -13 -14 14 -16 -17
leaf_value= 0.14454675775689577 0.14454675775689577 -0.0027549883843111991 0.14454675775689577 0.14454675775689577 -0.14038449805642142 -0.14038449805642142 -0.14038449805642142 -0.14038449805642142 -0.1448332758260911 0.14454675775689577 -0.14038449805642142 0.14454675775689574 0.14454675775689577 0.14454675775689577 -0.14038449805642142 -0.032984557803230917
leaf_weight=12.365946739912031 108.9482548981905 4.2413643300533286 6.6093853265047064 49.676992937922478 14.139219447970389 85.654981583356857 14.139219447970389 495.69234557449818 15.17477022111416 23.879069566726685 3.2786595821380606 3.8377076089382172 451.35705600678921 8.3150331526994687 56.147045344114304 5.9921396970748892
leaf_count=58 511 17 31 233 69 418 69 2419 71 112 16 18 2117 39 274 27
model_size=1824
internal_value=0 0.098242 -0.069233 -0.102217 0.111816 -0.104439 0.0574295 -0.132881 0.0869571 0.0234468 0.141178 0.013273 0.143175 -0.136155 -0.103631 -0.11317
internal_weight=0 560.736 798.713 675.626 123.087 98.0209 108.862 566.764 94.723 45.046 462.715 7.11637 455.598 560.154 64.4621 21.1669
internal_count=6499 2644 3855 3275 580 476 512 2763 443 210 2168 34 2134 2732 313 98
is_linear=0
shrinkage=0.1


Tree=6
num_leaves= 16
num_cat= 0
full_tree_array_lgbids= 0 1 2 5 10 4 3 -1 -7 12 11 -2 -6 7 6 -2147483648 -2147483648 -2147483648 -2147483648 -3 -14 -12 -13 -2147483648 -2147483648 -2147483648 -2147483648 -4 13 8 -8 -2147483648 -2147483648 -2147483648 -2147483648 -2147483648 -2147483648 -2147483648 -2147483648 -2147483648 -2147483648 -2147483648 -2147483648 -2147483648 -2147483648 -2147483648 -2147483648 -2147483648 -2147483648 -2147483648 -2147483648 -2147483648 -2147483648 -2147483648 -2147483648 -2147483648 -2147483648 -9 14 -5 9 -2147483648 -2147483648 -2147483648 -2147483648 -2147483648 -2147483648 -2147483648 -2147483648 -2147483648 -2147483648 -2147483648 -2147483648 -2147483648 -2147483648 -2147483648 -2147483648 -2147483648 -2147483648 -2147483648 -2147483648 -2147483648 -2147483648 -2147483648 -2147483648 -2147483648 -2147483648 -2147483648 -2147483648 -2147483648 -2147483648 -2147483648 -2147483648 -2147483648 -2147483648 -2147483648 -2147483648 -2147483648 -2147483648 -2147483648 -2147483648 -2147483648 -2147483648 -2147483648 -2147483648 -2147483648 -2147483648 -2147483648 -2147483648 -2147483648 -2147483648 -2147483648 -2147483648 -2147483648 -2147483648 -2147483648 -2147483648 -15 -16 -2147483648 -2147483648 -10 -11 -2147483648 -2147483648 -2147483648 -2147483648
split_feature= 8 20 19 7 4 10 9 13 21 3 21 1 12 17 19
split_gain= 795.31 416.846 408.435 282.427 82.6334 70.8347 49.6619 39.3627 24.8117 58.8195 4.85331 7.09835 3.00396 1.36849 45.7117
threshold= 3.5000000000000004 3.5000000000000004 1.5000000000000002 1.0000000180025095e-35 4.5000000000000009 1.0000000180025095e-35 1.0000000180025095e-35 1.5000000000000002 1.5000000000000002 1.0000000180025095e-35 4.5000000000000009 1.5000000000000002 1.0000000180025095e-35 1.5000000000000002 6.5000000000000009
decision_type= 2 2 2 2 2 2 2 2 2 2 2 2 2 2 2
left_child=1 5 4 7 -2 -1 8 -4 -5 -10 12 -12 -3 -9 -15
right_child=2 10 3 6 -6 -7 -8 13 9 -11 11 -13 -14 14 -16
leaf_value= 0.13855140791954978 0.13855140791954978 -0.0024798143532451006 0.13855140791954978 0.13855140791954978 -0.13509509769210032 -0.13509509769210032 -0.13509509769210032 -0.13509509769210032 -0.10692679687515683 0.13855140791954978 -0.13509509769210032 0.13855140791954976 0.13855140791954978 0.13855140791954978 -0.13509509769210032
leaf_weight=11.647865027189253 102.62170739471912 4.2408298254013053 6.2255830317735663 46.792285367846489 13.268332377076147 80.379172950983047 13.268332377076147 465.16081188619137 20.222122251987457 22.49242901802063 3.0767147541046134 3.6148546636104584 425.1470734924078 7.8321851044893256 52.688740164041519
leaf_count=58 511 17 31 233 69 418 69 2419 98 112 16 18 2117 39 274
model_size=1712
internal_value=0 0.0941749 -0.0665367 -0.0982641 0.107221 -0.10046 0.054923 -0.127863 0.0830909 0.022336 0.135249 0.0127316 0.137159 -0.131018 -0.0996817
internal_weight=0 528.107 750.573 634.682 115.89 92.027 102.775 531.907 89.5068 42.7146 436.079 6.69157 429.388 525.682 60.5209
internal_count=6499 2644 3855 3275 580 476 512 2763 443 210 2168 34 2134 2732 313
is_linear=0
shrinkage=0.1


Tree=7
num_leaves= 17
num_cat= 0
full_tree_array_lgbids= 0 1 2 5 11 4 3 -1 -7 13 12 -2 -6 7 6 -2147483648 -2147483648 -2147483648 -2147483648 -3 -15 -13 -14 -2147483648 -2147483648 -2147483648 -2147483648 -4 14 8 -8 -2147483648 -2147483648 -2147483648 -2147483648 -2147483648 -2147483648 -2147483648 -2147483648 -2147483648 -2147483648 -2147483648 -2147483648 -2147483648 -2147483648 -2147483648 -2147483648 -2147483648 -2147483648 -2147483648 -2147483648 -2147483648 -2147483648 -2147483648 -2147483648 -2147483648 -2147483648 -9 15 9 -10 -2147483648 -2147483648 -2147483648 -2147483648 -2147483648 -2147483648 -2147483648 -2147483648 -2147483648 -2147483648 -2147483648 -2147483648 -2147483648 -2147483648 -2147483648 -2147483648 -2147483648 -2147483648 -2147483648 -2147483648 -2147483648 -2147483648 -2147483648 -2147483648 -2147483648 -2147483648 -2147483648 -2147483648 -2147483648 -2147483648 -2147483648 -2147483648 -2147483648 -2147483648 -2147483648 -2147483648 -2147483648 -2147483648 -2147483648 -2147483648 -2147483648 -2147483648 -2147483648 -2147483648 -2147483648 -2147483648 -2147483648 -2147483648 -2147483648 -2147483648 -2147483648 -2147483648 -2147483648 -2147483648 -2147483648 -2147483648 -16 -17 10 -11 -2147483648 -2147483648 -2147483648 -2147483648 -2147483648 -2147483648 -2147483648 -2147483648 -2147483648 -2147483648 -2147483648 -2147483648 -2147483648 -2147483648 -2147483648 -2147483648 -2147483648 -2147483648 -2147483648 -2147483648 -2147483648 -2147483648 -2147483648 -2147483648 -2147483648 -2147483648 -2147483648 -2147483648 -2147483648 -2147483648 -2147483648 -2147483648 -2147483648 -2147483648 -2147483648 -2147483648 -2147483648 -2147483648 -2147483648 -2147483648 -2147483648 -2147483648 -2147483648 -2147483648 -2147483648 -2147483648 -2147483648 -2147483648 -2147483648 -2147483648 -2147483648 -2147483648 -2147483648 -2147483648 -2147483648 -2147483648 -2147483648 -2147483648 -2147483648 -2147483648 -2147483648 -2147483648 -2147483648 -2147483648 -2147483648 -2147483648 -2147483648 -2147483648 -2147483648 -2147483648 -2147483648 -2147483648 -2147483648 -2147483648 -2147483648 -2147483648 -2147483648 -2147483648 -2147483648 -2147483648 -2147483648 -2147483648 -2147483648 -2147483648 -2147483648 -2147483648 -2147483648 -2147483648 -2147483648 -2147483648 -2147483648 -2147483648 -2147483648 -2147483648 -2147483648 -2147483648 -2147483648 -2147483648 -2147483648 -2147483648 -2147483648 -2147483648 -2147483648 -2147483648 -2147483648 -2147483648 -2147483648 -2147483648 -2147483648 -2147483648 -2147483648 -2147483648 -2147483648 -2147483648 -2147483648 -2147483648 -2147483648 -2147483648 -5 -12 -2147483648 -2147483648 -2147483648 -2147483648 -2147483648 -2147483648 -2147483648 -2147483648 -2147483648 -2147483648 -2147483648 -2147483648 -2147483648 -2147483648
split_feature= 8 20 19 7 4 10 9 13 2 3 21 21 1 12 17 19
split_gain= 692.288 362.076 355.542 246.434 71.2779 61.1577 42.4823 33.6898 21.8009 28.6631 39.668 3.49727 5.49329 2.37763 0.524445 39.2204
threshold= 3.5000000000000004 3.5000000000000004 1.5000000000000002 1.0000000180025095e-35 4.5000000000000009 1.0000000180025095e-35 1.0000000180025095e-35 1.5000000000000002 4.5000000000000009 1.0000000180025095e-35 1.5000000000000002 4.5000000000000009 1.5000000000000002 1.0000000180025095e-35 1.5000000000000002 6.5000000000000009
decision_type= 2 2 2 2 2 2 2 2 2 2 2 2 2 2 2 2
left_child=1 5 4 7 -2 -1 8 -4 9 10 -5 13 -13 -3 -9 -16
right_child=2 11 3 6 -6 -7 -8 14 -10 -11 -12 12 -14 -15 15 -17
leaf_value= 0.13356356395996258 0.13356356395996258 -0.0022321090491633213 0.13356356395996258 0.13356356395996249 -0.13066022980921915 -0.13066022980921915 -0.13066022980921915 -0.13066022980921915 0.141049636477175 0.13356356395996258 -0.13685323470885974 -0.13066022980921915 0.13356356395996252 0.13356356395996258 0.13356356395996258 -0.13066022980921915
leaf_weight=10.912395119667051 96.14196389913559 4.240334838628768 5.8324870467185965 9.4072371721267718 12.391892105340956 75.069723188877106 12.391892105340956 434.43459424376488 38.916849806904793 18.061895370483398 17.825077950954437 2.8734822273254386 3.3866053819656372 398.30242186784744 7.3376449942588797 49.208383142948151
leaf_count=58 511 17 31 50 69 418 69 2419 206 96 91 16 18 2117 39 274
model_size=1824
internal_value=0 0.0907768 -0.0642672 -0.0949322 0.103396 -0.0971263 0.0527886 -0.123656 0.0797836 0.0271438 -0.0434394 0.130298 0.0122805 0.132133 -0.126711 -0.0963735
internal_weight=0 494.785 701.95 593.416 108.534 85.9821 96.603 496.813 84.2111 45.2942 27.2323 408.803 6.26009 402.543 490.981 56.546
internal_count=6499 2644 3855 3275 580 476 512 2763 443 237 141 2168 34 2134 2732 313
is_linear=0
shrinkage=0.1


Tree=8
num_leaves= 15
num_cat= 0
full_tree_array_lgbids= 0 1 2 5 11 4 3 -1 -7 13 12 -2 -6 7 6 -2147483648 -2147483648 -2147483648 -2147483648 -3 -15 -13 -14 -2147483648 -2147483648 -2147483648 -2147483648 -4 -9 8 -8 -2147483648 -2147483648 -2147483648 -2147483648 -2147483648 -2147483648 -2147483648 -2147483648 -2147483648 -2147483648 -2147483648 -2147483648 -2147483648 -2147483648 -2147483648 -2147483648 -2147483648 -2147483648 -2147483648 -2147483648 -2147483648 -2147483648 -2147483648 -2147483648 -2147483648 -2147483648 -2147483648 -2147483648 9 -10 -2147483648 -2147483648 -2147483648 -2147483648 -2147483648 -2147483648 -2147483648 -2147483648 -2147483648 -2147483648 -2147483648 -2147483648 -2147483648 -2147483648 -2147483648 -2147483648 -2147483648 -2147483648 -2147483648 -2147483648 -2147483648 -2147483648 -2147483648 -2147483648 -2147483648 -2147483648 -2147483648 -2147483648 -2147483648 -2147483648 -2147483648 -2147483648 -2147483648 -2147483648 -2147483648 -2147483648 -2147483648 -2147483648 -2147483648 -2147483648 -2147483648 -2147483648 -2147483648 -2147483648 -2147483648 -2147483648 -2147483648 -2147483648 -2147483648 -2147483648 -2147483648 -2147483648 -2147483648 -2147483648 -2147483648 -2147483648 -2147483648 -2147483648 10 -11 -2147483648 -2147483648 -2147483648 -2147483648 -2147483648 -2147483648 -2147483648 -2147483648 -2147483648 -2147483648 -2147483648 -2147483648 -2147483648 -2147483648 -2147483648 -2147483648 -2147483648 -2147483648 -2147483648 -2147483648 -2147483648 -2147483648 -2147483648 -2147483648 -2147483648 -2147483648 -2147483648 -2147483648 -2147483648 -2147483648 -2147483648 -2147483648 -2147483648 -2147483648 -2147483648 -2147483648 -2147483648 -2147483648 -2147483648 -2147483648 -2147483648 -2147483648 -2147483648 -2147483648 -2147483648 -2147483648 -2147483648 -2147483648 -2147483648 -2147483648 -2147483648 -2147483648 -2147483648 -2147483648 -2147483648 -2147483648 -2147483648 -2147483648 -2147483648 -2147483648 -2147483648 -2147483648 -2147483648 -2147483648 -2147483648 -2147483648 -2147483648 -2147483648 -2147483648 -2147483648 -2147483648 -2147483648 -2147483648 -2147483648 -2147483648 -2147483648 -2147483648 -2147483648 -2147483648 -2147483648 -2147483648 -2147483648 -2147483648 -2147483648 -2147483648 -2147483648 -2147483648 -2147483648 -2147483648 -2147483648 -2147483648 -2147483648 -2147483648 -2147483648 -2147483648 -2147483648 -2147483648 -2147483648 -2147483648 -2147483648 -2147483648 -2147483648 -2147483648 -2147483648 -2147483648 -2147483648 -2147483648 -2147483648 -2147483648 -2147483648 -2147483648 -2147483648 -2147483648 -2147483648 -2147483648 -2147483648 -2147483648 -2147483648 -5 -12 -2147483648 -2147483648 -2147483648 -2147483648 -2147483648 -2147483648 -2147483648 -2147483648 -2147483648 -2147483648 -2147483648 -2147483648 -2147483648 -2147483648
split_feature= 8 20 19 7 4 10 9 13 2 3 21 21 1 12
split_gain= 605.506 315.96 310.982 215.706 61.7085 52.9656 36.5063 28.8819 18.3642 24.3859 33.9436 2.35177 4.13523 1.86229
threshold= 3.5000000000000004 3.5000000000000004 1.5000000000000002 1.0000000180025095e-35 4.5000000000000009 1.0000000180025095e-35 1.0000000180025095e-35 1.5000000000000002 4.5000000000000009 1.0000000180025095e-35 1.5000000000000002 4.5000000000000009 1.5000000000000002 1.0000000180025095e-35
decision_type= 2 2 2 2 2 2 2 2 2 2 2 2 2 2
left_child=1 5 4 7 -2 -1 8 -4 9 10 -5 13 -13 -3
right_child=2 11 3 6 -6 -7 -8 -9 -10 -11 -12 12 -14 -15
leaf_value= 0.12936717161346731 0.12936717161346731 -0.0020091349345018731 0.12936717161346731 0.12936717161346725 -0.12690484179902931 -0.12690484179902931 -0.12690484179902931 -0.1230650032149089 0.13648048340102456 0.12936717161346731 -0.13215511418120904 -0.12690484179902931 0.12936717161346728 0.12936717161346731
leaf_weight=10.177520692348478 89.667466789484024 4.2398781031370154 5.4397093355655661 8.7737247347831744 11.527180284261702 69.83132404088974 11.527180284261702 456.73765754699707 36.330756679177284 16.845551490783691 16.672188252210617 2.6729693412780753 3.1585409045219421 371.47950527071953
leaf_count=58 511 17 31 50 69 418 69 2732 206 96 91 16 18 2117
model_size=1600
internal_value=0 0.0879038 -0.0623713 -0.0921522 0.100175 -0.0943058 0.0510992 -0.120094 0.0771972 0.0262696 -0.0419825 0.126112 0.0119006 0.127885
internal_weight=0 461.56 653.521 552.327 101.195 80.0088 90.1494 462.177 78.6222 42.2915 25.4459 381.551 5.83151 375.719
internal_count=6499 2644 3855 3275 580 476 512 2763 443 237 141 2168 34 2134
is_linear=0
shrinkage=0.1


Tree=9
num_leaves= 17
num_cat= 0
full_tree_array_lgbids= 0 1 2 5 11 4 3 -1 -7 13 12 -2 -6 7 6 -2147483648 -2147483648 -2147483648 -2147483648 -3 -15 -13 -14 -2147483648 -2147483648 -2147483648 -2147483648 -4 14 8 -8 -2147483648 -2147483648 -2147483648 -2147483648 -2147483648 -2147483648 -2147483648 -2147483648 -2147483648 -2147483648 -2147483648 -2147483648 -2147483648 -2147483648 -2147483648 -2147483648 -2147483648 -2147483648 -2147483648 -2147483648 -2147483648 -2147483648 -2147483648 -2147483648 -2147483648 -2147483648 -9 15 9 -10 -2147483648 -2147483648 -2147483648 -2147483648 -2147483648 -2147483648 -2147483648 -2147483648 -2147483648 -2147483648 -2147483648 -2147483648 -2147483648 -2147483648 -2147483648 -2147483648 -2147483648 -2147483648 -2147483648 -2147483648 -2147483648 -2147483648 -2147483648 -2147483648 -2147483648 -2147483648 -2147483648 -2147483648 -2147483648 -2147483648 -2147483648 -2147483648 -2147483648 -2147483648 -2147483648 -2147483648 -2147483648 -2147483648 -2147483648 -2147483648 -2147483648 -2147483648 -2147483648 -2147483648 -2147483648 -2147483648 -2147483648 -2147483648 -2147483648 -2147483648 -2147483648 -2147483648 -2147483648 -2147483648 -2147483648 -2147483648 -16 -17 10 -11 -2147483648 -2147483648 -2147483648 -2147483648 -2147483648 -2147483648 -2147483648 -2147483648 -2147483648 -2147483648 -2147483648 -2147483648 -2147483648 -2147483648 -2147483648 -2147483648 -2147483648 -2147483648 -2147483648 -2147483648 -2147483648 -2147483648 -2147483648 -2147483648 -2147483648 -2147483648 -2147483648 -2147483648 -2147483648 -2147483648 -2147483648 -2147483648 -2147483648 -2147483648 -2147483648 -2147483648 -2147483648 -2147483648 -2147483648 -2147483648 -2147483648 -2147483648 -2147483648 -2147483648 -2147483648 -2147483648 -2147483648 -2147483648 -2147483648 -2147483648 -2147483648 -2147483648 -2147483648 -2147483648 -2147483648 -2147483648 -2147483648 -2147483648 -2147483648 -2147483648 -2147483648 -2147483648 -2147483648 -2147483648 -2147483648 -2147483648 -2147483648 -2147483648 -2147483648 -2147483648 -2147483648 -2147483648 -2147483648 -2147483648 -2147483648 -2147483648 -2147483648 -2147483648 -2147483648 -2147483648 -2147483648 -2147483648 -2147483648 -2147483648 -2147483648 -2147483648 -2147483648 -2147483648 -2147483648 -2147483648 -2147483648 -2147483648 -2147483648 -2147483648 -2147483648 -2147483648 -2147483648 -2147483648 -2147483648 -2147483648 -2147483648 -2147483648 -2147483648 -2147483648 -2147483648 -2147483648 -2147483648 -2147483648 -2147483648 -2147483648 -2147483648 -2147483648 -2147483648 -2147483648 -2147483648 -2147483648 -2147483648 -2147483648 -5 -12 -2147483648 -2147483648 -2147483648 -2147483648 -2147483648 -2147483648 -2147483648 -2147483648 -2147483648 -2147483648 -2147483648 -2147483648 -2147483648 -2147483648
split_feature= 8 20 19 7 4 10 9 13 2 3 21 21 1 12 17 19
split_gain= 530.792 276.774 272.099 188.292 53.5734 45.9752 31.4238 24.6379 15.4467 20.7517 29.0967 1.37863 2.97512 1.43143 0.845382 35.7619
threshold= 3.5000000000000004 3.5000000000000004 1.5000000000000002 1.0000000180025095e-35 4.5000000000000009 1.0000000180025095e-35 1.0000000180025095e-35 1.5000000000000002 4.5000000000000009 1.0000000180025095e-35 1.5000000000000002 4.5000000000000009 1.5000000000000002 1.0000000180025095e-35 1.5000000000000002 6.5000000000000009
decision_type= 2 2 2 2 2 2 2 2 2 2 2 2 2 2 2 2
left_child=1 5 4 7 -2 -1 8 -4 9 10 -5 13 -13 -3 -9 -16
right_child=2 11 3 6 -6 -7 -8 14 -10 -11 -12 12 -14 -15 15 -17
leaf_value= 0.12580350276737742 0.12580350276737742 -0.001808403393882229 0.12580350276737742 0.1258035027673774 -0.12369825373571018 -0.12369825373571018 -0.12369825373571018 -0.12378942775286861 0.13259957124205765 0.12580350276737742 -0.12818680825940773 -0.12369825373571018 0.1258035027673774 0.12580350276737742 0.13321304289532709 -0.12378942775286861
leaf_weight=9.456299960613249 83.313263446092606 4.2394580990076056 5.0542292892932883 8.1519827246665955 10.686567977070807 64.738919049501419 10.686567977070807 375.53694880008698 33.785518065094948 15.651806831359862 15.52829147875309 2.4780447483062735 2.9347137808799744 345.15494856238365 7.2992754578590384 42.537050008773804
leaf_count=58 511 17 31 50 69 418 69 2419 206 96 91 16 18 2117 39 274
model_size=1824
internal_value=0 0.08545 -0.0605421 -0.0894205 0.0974384 -0.0918989 0.0496648 -0.1165 0.0750028 0.0255282 -0.0407501 0.122536 0.0115777 0.124255 -0.119379 -0.0861476
internal_weight=0 429.002 608.232 514.232 93.9998 74.1952 83.8042 430.428 73.1176 39.3321 23.6803 354.807 5.41276 349.394 425.373 49.8363
internal_count=6499 2644 3855 3275 580 476 512 2763 443 237 141 2168 34 2134 2732 313
is_linear=0
shrinkage=0.1


Tree=10
num_leaves= 17
num_cat= 0
full_tree_array_lgbids= 0 1 2 5 11 4 3 -1 -7 13 12 -2 -6 7 6 -2147483648 -2147483648 -2147483648 -2147483648 -3 -15 -13 -14 -2147483648 -2147483648 -2147483648 -2147483648 -4 14 8 -8 -2147483648 -2147483648 -2147483648 -2147483648 -2147483648 -2147483648 -2147483648 -2147483648 -2147483648 -2147483648 -2147483648 -2147483648 -2147483648 -2147483648 -2147483648 -2147483648 -2147483648 -2147483648 -2147483648 -2147483648 -2147483648 -2147483648 -2147483648 -2147483648 -2147483648 -2147483648 -9 15 9 -10 -2147483648 -2147483648 -2147483648 -2147483648 -2147483648 -2147483648 -2147483648 -2147483648 -2147483648 -2147483648 -2147483648 -2147483648 -2147483648 -2147483648 -2147483648 -2147483648 -2147483648 -2147483648 -2147483648 -2147483648 -2147483648 -2147483648 -2147483648 -2147483648 -2147483648 -2147483648 -2147483648 -2147483648 -2147483648 -2147483648 -2147483648 -2147483648 -2147483648 -2147483648 -2147483648 -2147483648 -2147483648 -2147483648 -2147483648 -2147483648 -2147483648 -2147483648 -2147483648 -2147483648 -2147483648 -2147483648 -2147483648 -2147483648 -2147483648 -2147483648 -2147483648 -2147483648 -2147483648 -2147483648 -2147483648 -2147483648 -16 -17 10 -11 -2147483648 -2147483648 -2147483648 -2147483648 -2147483648 -2147483648 -2147483648 -2147483648 -2147483648 -2147483648 -2147483648 -2147483648 -2147483648 -2147483648 -2147483648 -2147483648 -2147483648 -2147483648 -2147483648 -2147483648 -2147483648 -2147483648 -2147483648 -2147483648 -2147483648 -2147483648 -2147483648 -2147483648 -2147483648 -2147483648 -2147483648 -2147483648 -2147483648 -2147483648 -2147483648 -2147483648 -2147483648 -2147483648 -2147483648 -2147483648 -2147483648 -2147483648 -2147483648 -2147483648 -2147483648 -2147483648 -2147483648 -2147483648 -2147483648 -2147483648 -2147483648 -2147483648 -2147483648 -2147483648 -2147483648 -2147483648 -2147483648 -2147483648 -2147483648 -2147483648 -2147483648 -2147483648 -2147483648 -2147483648 -2147483648 -2147483648 -2147483648 -2147483648 -2147483648 -2147483648 -2147483648 -2147483648 -2147483648 -2147483648 -2147483648 -2147483648 -2147483648 -2147483648 -2147483648 -2147483648 -2147483648 -2147483648 -2147483648 -2147483648 -2147483648 -2147483648 -2147483648 -2147483648 -2147483648 -2147483648 -2147483648 -2147483648 -2147483648 -2147483648 -2147483648 -2147483648 -2147483648 -2147483648 -2147483648 -2147483648 -2147483648 -2147483648 -2147483648 -2147483648 -2147483648 -2147483648 -2147483648 -2147483648 -2147483648 -2147483648 -2147483648 -2147483648 -2147483648 -2147483648 -2147483648 -2147483648 -2147483648 -2147483648 -5 -12 -2147483648 -2147483648 -2147483648 -2147483648 -2147483648 -2147483648 -2147483648 -2147483648 -2147483648 -2147483648 -2147483648 -2147483648 -2147483648 -2147483648
split_feature= 8 20 19 7 4 10 9 13 2 3 21 21 1 12 17 19
split_gain= 467.529 243.216 239.572 165.774 46.6035 39.9668 27.0666 21.1181 12.9474 17.6405 24.9591 0.544893 1.97786 1.06798 0.138866 30.8815
threshold= 3.5000000000000004 3.5000000000000004 1.5000000000000002 1.0000000180025095e-35 4.5000000000000009 1.0000000180025095e-35 1.0000000180025095e-35 1.5000000000000002 4.5000000000000009 1.0000000180025095e-35 1.5000000000000002 4.5000000000000009 1.5000000000000002 1.0000000180025095e-35 1.5000000000000002 6.5000000000000009
decision_type= 2 2 2 2 2 2 2 2 2 2 2 2 2 2 2 2
left_child=1 5 4 7 -2 -1 8 -4 9 10 -5 13 -13 -3 -9 -16
right_child=2 11 3 6 -6 -7 -8 14 -10 -11 -12 12 -14 -15 15 -17
leaf_value= 0.12275322415096231 0.12275322415096231 -0.0016277265246940941 0.12275322415096231 0.12275322415096229 -0.12094088198253522 -0.12094088198253522 -0.12094088198253522 -0.12101952623144958 0.1292665883254436 0.12275322415096231 -0.12480547814409096 -0.12094088198253522 0.12275322415096229 0.12275322415096231 0.12907066545431942 -0.12101952623144958
leaf_weight=8.7580039203166944 77.161034539341927 4.2390727996826163 4.6810020953416815 7.5500033795833597 9.8786517977714521 59.844586253166199 9.8786517977714521 347.17451372742653 31.317754909396172 14.496006488800047 14.411471292376518 2.2907018661499015 2.7180012166500092 319.66714309155941 6.8055692911148062 39.324438512325287
leaf_count=58 511 17 31 50 69 418 69 2419 206 96 91 16 18 2117 39 274
model_size=1824
internal_value=0 0.0833354 -0.0591504 -0.0873765 0.0950949 -0.0898302 0.0484354 -0.113876 0.073123 0.0248944 -0.0396988 0.119453 0.0113011 0.121125 -0.116692 -0.0841237
internal_weight=0 397.518 562.679 475.639 87.0397 68.6026 77.6539 397.986 67.7752 36.4575 21.9615 328.915 5.0087 323.906 393.305 46.13
internal_count=6499 2644 3855 3275 580 476 512 2763 443 237 141 2168 34 2134 2732 313
is_linear=0
shrinkage=0.1


Tree=11
num_leaves= 12
num_cat= 0
full_tree_array_lgbids= 0 1 2 5 -3 4 3 -1 -7 -2147483648 -2147483648 -2 -6 7 6 -2147483648 -2147483648 -2147483648 -2147483648 -2147483648 -2147483648 -2147483648 -2147483648 -2147483648 -2147483648 -2147483648 -2147483648 -4 -9 8 -8 -2147483648 -2147483648 -2147483648 -2147483648 -2147483648 -2147483648 -2147483648 -2147483648 -2147483648 -2147483648 -2147483648 -2147483648 -2147483648 -2147483648 -2147483648 -2147483648 -2147483648 -2147483648 -2147483648 -2147483648 -2147483648 -2147483648 -2147483648 -2147483648 -2147483648 -2147483648 -2147483648 -2147483648 9 -10 -2147483648 -2147483648 -2147483648 -2147483648 -2147483648 -2147483648 -2147483648 -2147483648 -2147483648 -2147483648 -2147483648 -2147483648 -2147483648 -2147483648 -2147483648 -2147483648 -2147483648 -2147483648 -2147483648 -2147483648 -2147483648 -2147483648 -2147483648 -2147483648 -2147483648 -2147483648 -2147483648 -2147483648 -2147483648 -2147483648 -2147483648 -2147483648 -2147483648 -2147483648 -2147483648 -2147483648 -2147483648 -2147483648 -2147483648 -2147483648 -2147483648 -2147483648 -2147483648 -2147483648 -2147483648 -2147483648 -2147483648 -2147483648 -2147483648 -2147483648 -2147483648 -2147483648 -2147483648 -2147483648 -2147483648 -2147483648 -2147483648 -2147483648 10 -11 -2147483648 -2147483648 -2147483648 -2147483648 -2147483648 -2147483648 -2147483648 -2147483648 -2147483648 -2147483648 -2147483648 -2147483648 -2147483648 -2147483648 -2147483648 -2147483648 -2147483648 -2147483648 -2147483648 -2147483648 -2147483648 -2147483648 -2147483648 -2147483648 -2147483648 -2147483648 -2147483648 -2147483648 -2147483648 -2147483648 -2147483648 -2147483648 -2147483648 -2147483648 -2147483648 -2147483648 -2147483648 -2147483648 -2147483648 -2147483648 -2147483648 -2147483648 -2147483648 -2147483648 -2147483648 -2147483648 -2147483648 -2147483648 -2147483648 -2147483648 -2147483648 -2147483648 -2147483648 -2147483648 -2147483648 -2147483648 -2147483648 -2147483648 -2147483648 -2147483648 -2147483648 -2147483648 -2147483648 -2147483648 -2147483648 -2147483648 -2147483648 -2147483648 -2147483648 -2147483648 -2147483648 -2147483648 -2147483648 -2147483648 -2147483648 -2147483648 -2147483648 -2147483648 -2147483648 -2147483648 -2147483648 -2147483648 -2147483648 -2147483648 -2147483648 -2147483648 -2147483648 -2147483648 -2147483648 -2147483648 -2147483648 -2147483648 -2147483648 -2147483648 -2147483648 -2147483648 -2147483648 -2147483648 -2147483648 -2147483648 -2147483648 -2147483648 -2147483648 -2147483648 -2147483648 -2147483648 -2147483648 -2147483648 -2147483648 -2147483648 -2147483648 -2147483648 -2147483648 -2147483648 -2147483648 -2147483648 -2147483648 -2147483648 -5 -12 -2147483648 -2147483648 -2147483648 -2147483648 -2147483648 -2147483648 -2147483648 -2147483648 -2147483648 -2147483648 -2147483648 -2147483648 -2147483648 -2147483648
split_feature= 8 20 19 7 4 10 9 13 2 3 21
split_gain= 412.934 214.286 211.477 146.286 40.5921 34.7704 23.3062 18.0733 10.7901 14.9586 21.4014
threshold= 3.5000000000000004 3.5000000000000004 1.5000000000000002 1.0000000180025095e-35 4.5000000000000009 1.0000000180025095e-35 1.0000000180025095e-35 1.5000000000000002 4.5000000000000009 1.0000000180025095e-35 1.5000000000000002
decision_type= 2 2 2 2 2 2 2 2 2 2 2
left_child=1 5 4 7 -2 -1 8 -4 9 10 -5
right_child=2 -3 3 6 -6 -7 -8 -9 -10 -11 -12
leaf_value= 0.120124818310304 0.120124818310304 0.11677227374427138 0.120124818310304 0.12012481831030393 -0.11855542649094364 -0.11855542649094364 -0.11855542649094364 -0.11436831254709386 0.12637566473601364 0.120124818310304 -0.12190292297074684
leaf_weight=8.0889927148818952 71.26681512594223 304.10959428548813 4.3234271407127371 6.9732695817947414 9.1091340333223325 55.18286994099617 9.1091340333223325 362.73870825767517 28.952203571796417 13.388677597045897 13.334438309073446
leaf_count=58 511 2168 31 50 69 418 69 2732 206 96 91
model_size=1264
internal_value=0 0.0814985 -0.0579475 -0.0856093 0.0930748 -0.0880413 0.0473731 -0.111606 0.0714992 0.0243488 -0.0387953
internal_weight=0 367.381 519.196 438.82 80.3759 63.2719 71.7577 367.062 62.6486 33.6964 20.3077
internal_count=6499 2644 3855 3275 580 476 512 2763 443 237 141
is_linear=0
shrinkage=0.1


Tree=12
num_leaves= 17
num_cat= 0
full_tree_array_lgbids= 0 1 2 5 11 4 3 -1 -7 12 13 -2 -6 7 6 -2147483648 -2147483648 -2147483648 -2147483648 -3 -14 -13 -15 -2147483648 -2147483648 -2147483648 -2147483648 -4 14 8 -8 -2147483648 -2147483648 -2147483648 -2147483648 -2147483648 -2147483648 -2147483648 -2147483648 -2147483648 -2147483648 -2147483648 -2147483648 -2147483648 -2147483648 -2147483648 -2147483648 -2147483648 -2147483648 -2147483648 -2147483648 -2147483648 -2147483648 -2147483648 -2147483648 -2147483648 -2147483648 -9 15 9 -10 -2147483648 -2147483648 -2147483648 -2147483648 -2147483648 -2147483648 -2147483648 -2147483648 -2147483648 -2147483648 -2147483648 -2147483648 -2147483648 -2147483648 -2147483648 -2147483648 -2147483648 -2147483648 -2147483648 -2147483648 -2147483648 -2147483648 -2147483648 -2147483648 -2147483648 -2147483648 -2147483648 -2147483648 -2147483648 -2147483648 -2147483648 -2147483648 -2147483648 -2147483648 -2147483648 -2147483648 -2147483648 -2147483648 -2147483648 -2147483648 -2147483648 -2147483648 -2147483648 -2147483648 -2147483648 -2147483648 -2147483648 -2147483648 -2147483648 -2147483648 -2147483648 -2147483648 -2147483648 -2147483648 -2147483648 -2147483648 -16 -17 10 -11 -2147483648 -2147483648 -2147483648 -2147483648 -2147483648 -2147483648 -2147483648 -2147483648 -2147483648 -2147483648 -2147483648 -2147483648 -2147483648 -2147483648 -2147483648 -2147483648 -2147483648 -2147483648 -2147483648 -2147483648 -2147483648 -2147483648 -2147483648 -2147483648 -2147483648 -2147483648 -2147483648 -2147483648 -2147483648 -2147483648 -2147483648 -2147483648 -2147483648 -2147483648 -2147483648 -2147483648 -2147483648 -2147483648 -2147483648 -2147483648 -2147483648 -2147483648 -2147483648 -2147483648 -2147483648 -2147483648 -2147483648 -2147483648 -2147483648 -2147483648 -2147483648 -2147483648 -2147483648 -2147483648 -2147483648 -2147483648 -2147483648 -2147483648 -2147483648 -2147483648 -2147483648 -2147483648 -2147483648 -2147483648 -2147483648 -2147483648 -2147483648 -2147483648 -2147483648 -2147483648 -2147483648 -2147483648 -2147483648 -2147483648 -2147483648 -2147483648 -2147483648 -2147483648 -2147483648 -2147483648 -2147483648 -2147483648 -2147483648 -2147483648 -2147483648 -2147483648 -2147483648 -2147483648 -2147483648 -2147483648 -2147483648 -2147483648 -2147483648 -2147483648 -2147483648 -2147483648 -2147483648 -2147483648 -2147483648 -2147483648 -2147483648 -2147483648 -2147483648 -2147483648 -2147483648 -2147483648 -2147483648 -2147483648 -2147483648 -2147483648 -2147483648 -2147483648 -2147483648 -2147483648 -2147483648 -2147483648 -2147483648 -2147483648 -5 -12 -2147483648 -2147483648 -2147483648 -2147483648 -2147483648 -2147483648 -2147483648 -2147483648 -2147483648 -2147483648 -2147483648 -2147483648 -2147483648 -2147483648
split_feature= 8 20 19 7 4 10 9 13 2 3 21 21 12 1 17 19
split_gain= 364.06 188.487 186.295 128.345 35.3796 30.254 20.0439 15.3074 8.9183 12.6351 18.3253 0.710069 1.7516 1.12607 0.564912 28.3568
threshold= 3.5000000000000004 3.5000000000000004 1.5000000000000002 1.0000000180025095e-35 4.5000000000000009 1.0000000180025095e-35 1.0000000180025095e-35 1.5000000000000002 4.5000000000000009 1.0000000180025095e-35 1.5000000000000002 4.5000000000000009 1.0000000180025095e-35 1.5000000000000002 1.5000000000000002 6.5000000000000009
decision_type= 2 2 2 2 2 2 2 2 2 2 2 2 2 2 2 2
left_child=1 5 4 7 -2 -1 8 -4 9 10 -5 12 -3 -13 -9 -16
right_child=2 11 3 6 -6 -7 -8 14 -10 -11 -12 13 -14 -15 15 -17
leaf_value= 0.11784687452276783 0.11784687452276783 -0.013129881990107306 0.11784687452276783 0.11784687452276776 -0.11648097729749039 -0.11648097729749039 -0.11648097729749039 -0.11661097475303982 0.12384571005689204 0.11784687452276779 -0.11939557134667411 -0.12085377066563137 0.11790681125987131 0.11790681125987126 0.1286463846588792 -0.11661097475303982
leaf_weight=7.4533958137035361 65.666987255215645 4.2498021572828284 3.9837115556001654 6.4253412187099483 8.3815043270587903 50.774910271167755 8.3815043270587903 295.49639524519444 26.704599380493164 12.336655139923097 12.305778250098227 2.2844624519348136 272.68509896099567 2.3185317814350128 6.7505511045455924 33.470860809087753
leaf_count=58 511 17 31 50 69 418 69 2419 206 96 91 16 2117 18 39 274
model_size=1824
internal_value=0 0.0796341 -0.0566534 -0.0836518 0.0913234 -0.0864863 0.0464485 -0.108988 0.070086 0.0238764 -0.0380142 0.113991 0.115896 -0.00058988 -0.111679 -0.0754483
internal_weight=0 339.766 479.904 405.855 74.0485 58.2283 66.1539 339.702 57.7724 31.0678 18.7311 281.538 276.935 4.60299 335.718 40.2214
internal_count=6499 2644 3855 3275 580 476 512 2763 443 237 141 2168 2134 34 2732 313
is_linear=0
shrinkage=0.1


Tree=13
num_leaves= 12
num_cat= 0
full_tree_array_lgbids= 0 1 2 5 -3 4 3 -1 -7 -2147483648 -2147483648 -2 -6 7 6 -2147483648 -2147483648 -2147483648 -2147483648 -2147483648 -2147483648 -2147483648 -2147483648 -2147483648 -2147483648 -2147483648 -2147483648 -4 -9 8 -8 -2147483648 -2147483648 -2147483648 -2147483648 -2147483648 -2147483648 -2147483648 -2147483648 -2147483648 -2147483648 -2147483648 -2147483648 -2147483648 -2147483648 -2147483648 -2147483648 -2147483648 -2147483648 -2147483648 -2147483648 -2147483648 -2147483648 -2147483648 -2147483648 -2147483648 -2147483648 -2147483648 -2147483648 9 -10 -2147483648 -2147483648 -2147483648 -2147483648 -2147483648 -2147483648 -2147483648 -2147483648 -2147483648 -2147483648 -2147483648 -2147483648 -2147483648 -2147483648 -2147483648 -2147483648 -2147483648 -2147483648 -2147483648 -2147483648 -2147483648 -2147483648 -2147483648 -2147483648 -2147483648 -2147483648 -2147483648 -2147483648 -2147483648 -2147483648 -2147483648 -2147483648 -2147483648 -2147483648 -2147483648 -2147483648 -2147483648 -2147483648 -2147483648 -2147483648 -2147483648 -2147483648 -2147483648 -2147483648 -2147483648 -2147483648 -2147483648 -2147483648 -2147483648 -2147483648 -2147483648 -2147483648 -2147483648 -2147483648 -2147483648 -2147483648 -2147483648 -2147483648 10 -11 -2147483648 -2147483648 -2147483648 -2147483648 -2147483648 -2147483648 -2147483648 -2147483648 -2147483648 -2147483648 -2147483648 -2147483648 -2147483648 -2147483648 -2147483648 -2147483648 -2147483648 -2147483648 -2147483648 -2147483648 -2147483648 -2147483648 -2147483648 -2147483648 -2147483648 -2147483648 -2147483648 -2147483648 -2147483648 -2147483648 -2147483648 -2147483648 -2147483648 -2147483648 -2147483648 -2147483648 -2147483648 -2147483648 -2147483648 -2147483648 -2147483648 -2147483648 -2147483648 -2147483648 -2147483648 -2147483648 -2147483648 -2147483648 -2147483648 -2147483648 -2147483648 -2147483648 -2147483648 -2147483648 -2147483648 -2147483648 -2147483648 -2147483648 -2147483648 -2147483648 -2147483648 -2147483648 -2147483648 -2147483648 -2147483648 -2147483648 -2147483648 -2147483648 -2147483648 -2147483648 -2147483648 -2147483648 -2147483648 -2147483648 -2147483648 -2147483648 -2147483648 -2147483648 -2147483648 -2147483648 -2147483648 -2147483648 -2147483648 -2147483648 -2147483648 -2147483648 -2147483648 -2147483648 -2147483648 -2147483648 -2147483648 -2147483648 -2147483648 -2147483648 -2147483648 -2147483648 -2147483648 -2147483648 -2147483648 -2147483648 -2147483648 -2147483648 -2147483648 -2147483648 -2147483648 -2147483648 -2147483648 -2147483648 -2147483648 -2147483648 -2147483648 -2147483648 -2147483648 -2147483648 -2147483648 -2147483648 -2147483648 -2147483648 -5 -12 -2147483648 -2147483648 -2147483648 -2147483648 -2147483648 -2147483648 -2147483648 -2147483648 -2147483648 -2147483648 -2147483648 -2147483648 -2147483648 -2147483648
split_feature= 8 20 19 7 4 10 9 13 2 3 21
split_gain= 322.88 166.693 165.063 113.605 30.8263 26.2992 17.1886 12.9954 7.2747 10.6005 15.6401
threshold= 3.5000000000000004 3.5000000000000004 1.5000000000000002 1.0000000180025095e-35 4.5000000000000009 1.0000000180025095e-35 1.0000000180025095e-35 1.5000000000000002 4.5000000000000009 1.0000000180025095e-35 1.5000000000000002
decision_type= 2 2 2 2 2 2 2 2 2 2 2
left_child=1 5 4 7 -2 -1 8 -4 9 10 -5
right_child=2 -3 3 6 -6 -7 -8 -9 -10 -11 -12
leaf_value= 0.11586288176687953 0.11586288176687953 0.11191675896648208 0.11586288176687953 0.11586288176687948 -0.11466884050498732 -0.11466884050498732 -0.11466884050498732 -0.10990575185821816 0.12161388064083041 0.11586288176687949 -0.11721785118138993
leaf_weight=6.8536426723003379 60.382955268025398 259.24491659551859 3.6631538420915595 5.9083126485347774 7.6975774168968192 46.631700873374939 7.6975774168968192 308.42721806466579 24.583943851292133 11.343960285186769 11.33091966062784
leaf_count=58 511 2168 31 50 69 418 69 2732 206 96 91
model_size=1264
internal_value=0 0.0782167 -0.0557375 -0.082304 0.0897976 -0.0851284 0.0456387 -0.107256 0.0688482 0.0234653 -0.0373353
internal_weight=0 312.73 441.036 372.955 68.0805 53.4853 60.8647 312.09 53.1671 28.5832 17.2392
internal_count=6499 2644 3855 3275 580 476 512 2763 443 237 141
is_linear=0
shrinkage=0.1


Tree=14
num_leaves= 17
num_cat= 0
full_tree_array_lgbids= 0 1 2 5 13 4 3 -1 -7 14 15 -2 -6 7 6 -2147483648 -2147483648 -2147483648 -2147483648 -3 -16 -15 -17 -2147483648 -2147483648 -2147483648 -2147483648 -4 11 8 -8 -2147483648 -2147483648 -2147483648 -2147483648 -2147483648 -2147483648 -2147483648 -2147483648 -2147483648 -2147483648 -2147483648 -2147483648 -2147483648 -2147483648 -2147483648 -2147483648 -2147483648 -2147483648 -2147483648 -2147483648 -2147483648 -2147483648 -2147483648 -2147483648 -2147483648 -2147483648 -9 12 9 -10 -2147483648 -2147483648 -2147483648 -2147483648 -2147483648 -2147483648 -2147483648 -2147483648 -2147483648 -2147483648 -2147483648 -2147483648 -2147483648 -2147483648 -2147483648 -2147483648 -2147483648 -2147483648 -2147483648 -2147483648 -2147483648 -2147483648 -2147483648 -2147483648 -2147483648 -2147483648 -2147483648 -2147483648 -2147483648 -2147483648 -2147483648 -2147483648 -2147483648 -2147483648 -2147483648 -2147483648 -2147483648 -2147483648 -2147483648 -2147483648 -2147483648 -2147483648 -2147483648 -2147483648 -2147483648 -2147483648 -2147483648 -2147483648 -2147483648 -2147483648 -2147483648 -2147483648 -2147483648 -2147483648 -2147483648 -2147483648 -13 -14 10 -11 -2147483648 -2147483648 -2147483648 -2147483648 -2147483648 -2147483648 -2147483648 -2147483648 -2147483648 -2147483648 -2147483648 -2147483648 -2147483648 -2147483648 -2147483648 -2147483648 -2147483648 -2147483648 -2147483648 -2147483648 -2147483648 -2147483648 -2147483648 -2147483648 -2147483648 -2147483648 -2147483648 -2147483648 -2147483648 -2147483648 -2147483648 -2147483648 -2147483648 -2147483648 -2147483648 -2147483648 -2147483648 -2147483648 -2147483648 -2147483648 -2147483648 -2147483648 -2147483648 -2147483648 -2147483648 -2147483648 -2147483648 -2147483648 -2147483648 -2147483648 -2147483648 -2147483648 -2147483648 -2147483648 -2147483648 -2147483648 -2147483648 -2147483648 -2147483648 -2147483648 -2147483648 -2147483648 -2147483648 -2147483648 -2147483648 -2147483648 -2147483648 -2147483648 -2147483648 -2147483648 -2147483648 -2147483648 -2147483648 -2147483648 -2147483648 -2147483648 -2147483648 -2147483648 -2147483648 -2147483648 -2147483648 -2147483648 -2147483648 -2147483648 -2147483648 -2147483648 -2147483648 -2147483648 -2147483648 -2147483648 -2147483648 -2147483648 -2147483648 -2147483648 -2147483648 -2147483648 -2147483648 -2147483648 -2147483648 -2147483648 -2147483648 -2147483648 -2147483648 -2147483648 -2147483648 -2147483648 -2147483648 -2147483648 -2147483648 -2147483648 -2147483648 -2147483648 -2147483648 -2147483648 -2147483648 -2147483648 -2147483648 -2147483648 -5 -12 -2147483648 -2147483648 -2147483648 -2147483648 -2147483648 -2147483648 -2147483648 -2147483648 -2147483648 -2147483648 -2147483648 -2147483648 -2147483648 -2147483648
split_feature= 8 20 19 7 4 10 9 13 2 3 21 17 19 21 12 4
split_gain= 285.413 146.952 145.735 99.7575 26.8468 22.8375 14.694 10.8623 5.8405 8.82621 13.3004 1.04704 26.0105 0.873282 2.36984 0.337059
threshold= 3.5000000000000004 3.5000000000000004 1.5000000000000002 1.0000000180025095e-35 4.5000000000000009 1.0000000180025095e-35 1.0000000180025095e-35 1.5000000000000002 4.5000000000000009 1.0000000180025095e-35 1.5000000000000002 1.5000000000000002 6.5000000000000009 4.5000000000000009 1.0000000180025095e-35 4.5000000000000009
decision_type= 2 2 2 2 2 2 2 2 2 2 2 2 2 2 2 2
left_child=1 5 4 7 -2 -1 8 -4 9 10 -5 -9 -13 14 -3 -15
right_child=2 13 3 6 -6 -7 -8 11 -10 -11 -12 12 -14 15 -16 -17
leaf_value= 0.11412744279391081 0.11412744279391081 -0.023068897123633216 0.11412744279391081 0.11412744279391077 -0.11307963800542431 -0.11307963800542431 -0.11307963800542431 -0.11324403246020752 0.11963101554207567 0.11412744279391079 -0.11531754388481141 0.12811452708851018 -0.11324403246020752 0.11423007597318027 0.11423007597318027 -0.1206682213370851
leaf_weight=6.2908793091773978 55.424815982580185 4.2365971058607093 3.3623665273189536 5.4231718182563791 7.0579090341925612 42.756608352065086 7.0579090341925612 249.81898340582848 22.594236828386784 10.412489891052246 10.412889011204241 6.6803417801856986 28.296982824802399 1.9629933089017857 230.8698241636157 2.2711052894592285
leaf_count=58 511 17 31 50 69 418 69 2419 206 96 91 39 274 18 2117 16
model_size=1824
internal_value=0 0.0766599 -0.0546478 -0.0806373 0.0884626 -0.0839378 0.0449254 -0.104996 0.0677575 0.0231058 -0.0367425 -0.107583 -0.0671468 0.109571 0.111756 -0.0117658
internal_weight=0 288.388 406.542 344.059 62.4827 49.0475 55.9007 288.159 48.8428 26.2486 15.8361 284.796 34.9773 239.341 235.106 4.2341
internal_count=6499 2644 3855 3275 580 476 512 2763 443 237 141 2732 313 2168 2134 34
is_linear=0
shrinkage=0.1


end of trees

feature_importances:
Column_21=28
Column_19=27
Column_4=18
Column_3=15
Column_7=15
Column_8=15
Column_9=15
Column_10=15
Column_13=15
Column_20=15
Column_12=13
Column_1=12
Column_17=12
Column_2=8

parameters:
[boosting: gbdt]
[objective: binary]
[metric: auc, binary_logloss, rmse, l1, l2, mape, huber]
[tree_learner: serial]
[device_type: cpu]
[data_sample_strategy: bagging]
[data: data/mushroom.libsvm.train]
[valid: data/mushroom.libsvm.test]
[num_iterations: 15]
[learning_rate: 0.1]
[num_leaves: 255]
[num_threads: 1]
[seed: 42]
[deterministic: 0]
[force_col_wise: 0]
[force_row_wise: 0]
[histogram_pool_size: -1]
[max_depth: 7]
[min_data_in_leaf: 10]
[min_sum_hessian_in_leaf: 0.001]
[bagging_fraction: 1]
[pos_bagging_fraction: 1]
[neg_bagging_fraction: 1]
[bagging_freq: 0]
[bagging_seed: 400]
[feature_fraction: 1]
[feature_fraction_bynode: 1]
[feature_fraction_seed: 30056]
[extra_trees: 0]
[extra_seed: 12879]
[early_stopping_round: 0]
[early_stopping_min_delta: 0]
[first_metric_only: 0]
[max_delta_step: 0]
[lambda_l1: 0]
[lambda_l2: 0]
[linear_lambda: 0]
[min_gain_to_split: 0]
[drop_rate: 0.1]
[max_drop: 50]
[skip_drop: 0.5]
[xgboost_dart_mode: 0]
[uniform_drop: 0]
[drop_seed: 17869]
[top_rate: 0.2]
[other_rate: 0.1]
[min_data_per_group: 100]
[max_cat_threshold: 32]
[cat_l2: 10]
[cat_smooth: 10]
[max_cat_to_onehot: 4]
[top_k: 20]
[monotone_constraints: ]
[monotone_constraints_method: basic]
[monotone_penalty: 0]
[feature_contri: ]
[forcedsplits_filename: ]
[refit_decay_rate: 0.9]
[tinygbdt_penalty_feature: 0.25]
[tinygbdt_penalty_split: 0.00195312]
[tinygbdt_forestsize: 64000]
[tinygbdt_precision: 1]
[cegb_tradeoff: 1]
[cegb_penalty_split: 0]
[cegb_penalty_feature_lazy: ]
[cegb_penalty_feature_coupled: ]
[path_smooth: 0]
[interaction_constraints: ]
[verbosity: 1]
[saved_feature_importance_type: 0]
[use_quantized_grad: 0]
[num_grad_quant_bins: 4]
[quant_train_renew_leaf: 0]
[stochastic_rounding: 1]
[linear_tree: 0]
[max_bin: 255]
[max_bin_by_feature: ]
[min_data_in_bin: 3]
[bin_construct_sample_cnt: 200000]
[data_random_seed: 175]
[is_enable_sparse: 1]
[enable_bundle: 1]
[use_missing: 1]
[zero_as_missing: 0]
[feature_pre_filter: 1]
[pre_partition: 0]
[two_round: 0]
[header: 0]
[label_column: ]
[weight_column: ]
[group_column: ]
[ignore_column: ]
[categorical_feature: ]
[forcedbins_filename: ]
[precise_float_parser: 0]
[parser_config_file: ]
[objective_seed: 16083]
[num_class: 1]
[is_unbalance: 0]
[scale_pos_weight: 1]
[sigmoid: 1]
[boost_from_average: 1]
[reg_sqrt: 0]
[alpha: 0.9]
[fair_c: 1]
[poisson_max_delta_step: 0.7]
[tweedie_variance_power: 1.5]
[lambdarank_truncation_level: 30]
[lambdarank_norm: 1]
[label_gain: ]
[lambdarank_position_bias_regularization: 0]
[eval_at: ]
[multi_error_top_k: 1]
[auc_mu_weights: ]
[num_machines: 1]
[local_listen_port: 12400]
[time_out: 120]
[machine_list_filename: ]
[machines: ]
[gpu_platform_id: -1]
[gpu_device_id: -1]
[gpu_use_dp: 0]
[num_gpu: 1]

end of parameters
