tree
version=v4
num_class=1
num_tree_per_iteration=1
label_index=0
max_feature_idx=7
objective=regression
feature_names=Column_0 Column_1 Column_2 Column_3 Column_4 Column_5 Column_6 Column_7
feature_infos=[-1.570595979690552:1.570752859115601] [-1.570681214332581:1.5706571340560909] [-1.5706690549850459:1.5707360506057739] [-1.5702953338623051:1.5700980424880981] [-1.570364356040955:1.570599317550659] [-1.5702542066574101:1.5705970525741582] [-1.570304274559021:1.5705224275588989] [-1.5689036846160889:1.570236444473267]
tree_sizes=3079 3195 3066 3000 3087

Tree=0
num_leaves= 32
num_cat= 0
full_tree_array_lgbids= 0 1 3 4 2 7 8 12 21 5 14 26 9 16 13 23 20 24 28 11 6 17 15 27 29 25 10 19 30 18 22 -1 -25 -14 -22 -6 -26 -23 -30 -3 -13 -7 -8 -4 -19 -16 -17 -2 -29 -28 -31 -9 -27 -11 -12 -5 -21 -18 -32 -10 -20 -15 -24
split_feature= 2 4 2 2 2 6 5 4 6 3 5 1 1 3 6 5 0 5 5 5 6 4 5 5 5 0 5 3 0 0 1
split_gain= 107.527 23.3466 8.74594 5.54143 4.48112 4.10565 7.62523 3.29178 2.96487 2.69545 4.97716 2.44063 2.3684 2.21471 1.61755 2.21096 1.51021 1.30873 1.29913 1.29484 1.26042 1.08169 0.939896 0.895638 0.841841 0.784676 0.66915 0.836497 0.531725 0.437882 0.17967
threshold= 0.22240778803825376 -0.13487913459539411 -0.33504875004291529 0.831111639738083 -0.35692687332630152 1.0996640324592593 0.17076345533132556 -0.62264147400856007 0.23248040676116946 0.33348274230957037 -0.081027176231145845 -0.063510026782751069 -0.028266851790249341 0.047571904957294471 1.0996640324592593 -0.12362807989120483 0.48065467178821569 -1.3099576830863946 0.20172023028135302 0.90692374110221874 -1.1232284307479858 -0.9847588539123534 -0.88524380326271046 -0.84710562229156483 -0.89637285470962513 0.39113223552703863 -1.1129922270774844 -0.71507582068443287 0.62239006161689769 -0.26234114170074457 1.1314366459846499
decision_type= 2 2 2 2 2 2 2 2 2 2 2 2 2 2 2 2 2 2 2 2 2 2 2 2 2 2 2 2 2 2 2
left_child=1 4 5 7 12 11 -7 26 16 25 -11 -3 23 18 17 -16 19 -4 -10 -5 -14 24 -15 -1 -6 -9 27 -2 -23 -28 -18
right_child=3 2 14 8 21 6 -8 9 13 10 -12 -13 20 22 15 -17 30 -19 -20 -21 -22 28 -24 -25 -26 -27 29 -29 -30 -31 -32
leaf_value= 0.73410158763111721 0.68773465269904643 0.74576312192184147 0.71148853979584525 0.70572838207060729 0.71756021215053434 0.74459648144746271 0.70659498379572372 0.71618172766164567 0.70303461463790828 0.71463083717014075 0.69125707693110128 0.73621397801554389 0.72842719100532405 0.69636384723984901 0.72703529746200657 0.69548876485623845 0.69296731328049199 0.7280717060389289 0.68891320468961492 0.69321169944280825 0.71452330681801779 0.71745049404777961 0.68240325179970052 0.72375521021605105 0.7012707417551246 0.70808431163410079 0.70092590049137526 0.71675801006650219 0.70737397464394569 0.69204981261754484 0.70313676912358825
leaf_weight=124 17 546 60 476 48 107 108 344 185 170 209 586 86 71 48 47 266 464 120 115 482 215 266 461 182 241 126 41 101 204 37
leaf_count=124 17 546 60 476 48 107 108 344 185 170 209 586 86 71 48 47 266 464 120 115 482 215 266 461 182 241 126 41 101 204 37
model_size=3504
internal_value=0.715004 0.726381 0.733821 0.700565 0.717773 0.738376 0.725507 0.705287 0.696409 0.70848 0.701741 0.74082 0.721357 0.691109 0.72391 0.711428 0.700214 0.726173 0.697479 0.703293 0.716628 0.710203 0.685345 0.725948 0.70467 0.712846 0.697354 0.708251 0.71423 0.695439 0.694209
internal_weight=0 3665 1966 2888 1699 1347 215 1352 1536 964 379 1132 1153 642 619 95 894 524 305 591 568 546 337 585 230 585 388 58 316 330 303
internal_count=6553 3665 1966 2888 1699 1347 215 1352 1536 964 379 1132 1153 642 619 95 894 524 305 591 568 546 337 585 230 585 388 58 316 330 303
is_linear=0
shrinkage=1


Tree=1
num_leaves= 32
num_cat= 0
full_tree_array_lgbids= 0 1 3 6 2 10 7 14 24 4 18 15 11 17 8 21 16 28 25 9 5 22 19 29 26 27 12 23 30 20 13 -1 -23 -16 -18 -8 -30 -26 -27 -3 -11 -6 -7 -4 -24 -20 -21 -2 -31 -17 -28 -12 -29 -13 -14 -5 -25 -19 -32 -9 -22 -10 -15
split_feature= 2 4 2 2 5 6 2 6 3 4 6 3 5 5 0 4 5 0 6 3 5 4 5 5 6 3 3 7 3 5 7
split_gain= 86.9522 18.8218 7.16986 4.47717 3.50732 7.8443 3.2587 2.77496 3.76342 2.16453 1.83405 3.52425 2.01449 1.81037 1.80118 1.52611 1.44091 1.27561 1.16526 2.5331 0.996576 0.965188 0.889121 0.87682 0.844661 1.1016 0.619289 0.568817 0.514821 0.458472 0.0356973
threshold= 0.22240778803825376 -0.25070770084857935 -0.36874486505985254 0.6500774919986726 0.65354096889495861 0.42225234210491186 -0.35692687332630152 -0.08627330511808394 0.047571904957294471 0.56924891471862804 0.56632831692695629 -0.19819757342338556 -0.85936468839645375 -0.6967884600162505 -0.28396070003509516 -0.60982060432434071 -0.78617820143699635 0.46820004284381872 1.0996640324592593 0.2989127933979035 0.20172023028135302 -0.70120677351951588 -1.3099576830863946 1.1980468630790713 -0.5871194303035735 0.31131325662136083 -1.3288813829421993 -0.63094553351402272 -0.083273753523826585 -1.2652705907821657 -1.3497253656387327
decision_type= 2 2 2 2 2 2 2 2 2 2 2 2 2 2 2 2 2 2 2 2 2 2 2 2 2 2 2 2 2 2 2
left_child=1 6 4 10 9 -6 14 17 20 -3 15 27 -13 -10 21 29 -16 23 22 -20 -9 -1 -4 -5 28 -26 -17 -12 -8 -2 -19
right_child=3 2 18 7 5 -7 24 8 13 -11 11 12 -14 -15 16 26 -18 30 19 -21 -22 -23 -24 -25 25 -27 -28 -29 -30 -31 -32
leaf_value= 0.0064048114387390892 0.0047690336550162598 0.018401884147157314 -0.0025824752571777659 -0.0072116253591254249 0.024228242724984739 -0.0038281592378002962 -0.0052863421868784609 -0.0090822424219204612 -0.015188452361021624 0.028559743669367511 -0.012610995485738387 -0.0026173696110143941 -0.027659330331953242 -0.029913683519367885 0.010695058201733781 -0.014406983261661871 -0.0014988054723201229 -0.028868320855227388 0.010989642429922243 -0.021829866270788693 -0.019210110583017529 0.017395698757900393 0.011593666287685819 -0.020442068344079117 -0.002810194263516818 -0.015567297490148728 0.00088576625774712439 0.0054703559466214831 0.0092102781215754274 -0.014665668351728023 -0.016541564080684634
leaf_weight=283 22 409 65 538 256 172 74 289 129 549 36 47 160 366 152 42 473 22 64 44 212 160 534 75 208 144 409 87 78 159 295
leaf_count=283 22 409 65 538 256 172 74 289 129 549 36 47 160 366 152 42 473 22 64 44 212 160 534 75 208 144 409 87 78 159 295
model_size=3504
internal_value=0 0.0102399 0.016491 -0.0129949 0.0207429 0.0129532 0.00191704 -0.015853 -0.0196838 0.024223 -0.00727268 -0.0137169 -0.0219735 -0.0260762 0.0051616 -0.00390781 0.00146674 -0.0117504 0.00815556 -0.00238127 -0.0133679 0.0103744 0.0100554 -0.00883036 -0.00495833 -0.00802901 -0.000538392 0.000178253 0.00215271 -0.0123034 -0.017397
internal_weight=0 3665 2093 2888 1386 428 1572 1926 996 958 962 330 207 495 1068 632 625 930 707 108 501 443 599 613 504 352 451 123 152 181 317
internal_count=6553 3665 2093 2888 1386 428 1572 1926 996 958 962 330 207 495 1068 632 625 930 707 108 501 443 599 613 504 352 451 123 152 181 317
is_linear=0
shrinkage=0.1


Tree=2
num_leaves= 30
num_cat= 0
full_tree_array_lgbids= 0 1 2 6 3 8 7 23 12 4 17 16 9 14 18 -1 27 13 15 11 5 21 20 22 -18 24 10 26 19 25 28 -2147483648 -2147483648 -25 -29 -8 -15 -14 -17 -3 -13 -6 -7 -5 -23 -19 -22 -2 -24 -2147483648 -2147483648 -10 -26 -11 -12 -4 -28 -16 -21 -9 -27 -20 -30
split_feature= 2 4 2 2 6 5 1 6 6 3 5 0 5 6 7 4 4 0 3 5 5 6 4 2 7 2 5 1 5
split_gain= 70.4847 15.6261 5.41631 3.89153 2.58298 7.16862 2.27525 2.0871 1.96031 3.85192 2.45113 1.93159 1.60681 3.15536 1.46353 1.2694 1.22713 1.08746 1.05556 0.718781 0.580954 0.521165 0.515397 0.479974 0.406425 0.397121 0.347142 0.215083 0.0695339
threshold= 0.11063466221094136 -0.13487913459539411 0.60325127840042125 -0.52795374393463124 0.63653609156608593 0.14603263139724734 -0.79297658801078785 0.81695055961608898 0.56632831692695629 -0.19819757342338556 -0.78617820143699635 0.065077152103185668 -0.77255976200103749 -0.26590463519096369 -1.1476808190345762 -0.81808331608772267 0.5883547067642213 0.20387880504131317 0.062065752223134048 0.67661032080650341 0.59622937440872203 0.20021943747997281 -1.2761357426643369 -1.1717493534088133 -0.76058852672576893 1.1354576945304873 -0.14943312853574753 -1.4288483262062073 -0.78617820143699635
decision_type= 2 2 2 2 2 2 2 2 2 2 2 2 2 2 2 2 2 2 2 2 2 2 2 2 2 2 2 2 2
left_child=1 6 8 4 11 -6 23 14 16 24 -11 -3 13 -8 26 -14 22 21 25 -16 -19 -5 -2 -1 -10 -9 -4 -25 -20
right_child=2 3 7 17 5 -7 12 18 9 10 -12 -13 15 -15 19 -17 -18 20 28 -21 -22 -23 -24 27 -26 -27 -28 -29 -30
leaf_value= 0.018411708984870552 -0.016206899711922292 0.028960287409106222 -0.015544537839896018 0.018224033945757428 0.026214966212298619 -0.003368417516290008 0.018224722003695498 -0.0097139675929469801 -0.010893442953061877 0.00082371252905225989 -0.025365526538213168 0.018093400045802708 -0.0059967740628944369 -0.0032983218315236554 -0.0090596634919686853 0.0026325041334381077 0.0051254391605997911 0.0085497243181025875 -0.017243528974084359 -0.015326410511877431 -0.0039639478116187945 0.0085817741568288992 -0.0033186578847375428 0.01692200747999811 0.0067037457863556305 -0.021762016522956808 -0.028028270588997248 0.0052496306616567866 -0.027684442191057132
leaf_weight=86 62 390 99 232 185 161 149 135 33 53 184 388 490 156 974 402 232 218 53 392 86 168 423 54 105 90 88 266 199
leaf_count=86 62 390 99 232 185 161 149 135 33 53 184 388 490 156 974 402 232 218 53 392 86 168 423 54 105 90 88 266 199
model_size=3280
internal_value=0 0.00991817 -0.0108998 0.0163101 0.0201265 0.0124493 0.00262906 -0.0140545 -0.00503545 -0.0114112 -0.0195089 0.0235408 0.000267997 0.00721621 -0.0121297 -0.00210779 -0.00170086 0.0102168 -0.0203209 -0.010858 0.00500967 0.0141743 -0.00496623 0.00959014 0.00249572 -0.0145332 -0.0214192 0.00721934 -0.0254885
internal_weight=0 3431 3122 1828 1124 346 1603 2030 1092 375 237 778 1197 305 1553 892 717 704 477 1366 304 400 485 406 138 225 187 320 252
internal_count=6553 3431 3122 1828 1124 346 1603 2030 1092 375 237 778 1197 305 1553 892 717 704 477 1366 304 400 485 406 138 225 187 320 252
is_linear=0
shrinkage=0.1


Tree=3
num_leaves= 29
num_cat= 0
full_tree_array_lgbids= 0 1 3 5 2 6 12 16 10 4 14 27 7 23 13 22 24 11 18 19 9 17 15 -2 -29 25 8 26 -25 21 20 -1 -24 -18 -26 -7 -13 -12 -20 -3 -21 -6 -11 -4 -19 -16 -17 -2147483648 -2147483648 -2147483648 -2147483648 -8 -27 -9 -10 -5 -28 -2147483648 -2147483648 -14 -23 -15 -22
split_feature= 2 4 2 2 1 0 4 3 5 6 6 5 6 5 3 6 1 5 4 4 3 3 4 0 5 0 5 0
split_gain= 57.0728 12.2052 4.67712 2.9602 2.13534 2.00207 1.74379 1.55169 3.61232 1.26499 1.19931 1.53822 1.09676 1.14543 1.016 2.64855 0.936054 0.757998 0.757926 0.68877 0.588886 0.402897 0.401265 0.400448 0.363039 0.243014 0.203116 0.138513
threshold= 0.22240778803825376 -0.27586798369884485 -0.52795374393463124 0.89601022005081188 -0.4492183774709701 -0.15831713378429405 -0.62264147400856007 0.41326110064983373 0.37919975817203527 0.88111311197280895 -0.99024060368537892 0.029261186718940738 -0.10207844525575639 -0.41172227263450617 0.9665420949459077 0.16434586793184283 -0.028266851790249341 -1.2532984614372251 -1.2761357426643369 0.73437872529029857 -0.49994552135467524 0.75222203135490429 -1.4032559394836424 0.49276305735111242 -1.0718960165977478 0.88190972805023204 1.1980468630790713 0.74138087034225475
decision_type= 2 2 2 2 2 2 2 2 2 2 2 2 2 2 2 2 2 2 2 2 2 2 2 2 2 2 2 2
left_child=1 5 4 6 19 16 27 25 -9 -6 11 -7 23 21 17 -16 22 -4 -12 -3 -15 -14 -1 26 -18 -8 -5 -2
right_child=3 2 14 12 9 10 7 8 -10 -11 18 -13 13 20 15 -17 24 -19 -20 -21 -22 -23 -24 -25 -26 -27 -28 -29
leaf_value= -0.0036222725884900208 -0.010982485479491769 0.019040242290508977 -0.00083466292605461451 -0.0065571309107326677 0.016623810036511522 0.016789177670143547 0.00053941983492076097 -0.0021227668117439788 -0.022978216246328651 0.0052824023860773388 -0.012547620111215397 -0.0055792397990095596 -0.0076449312763276871 -0.014129545759388771 0.012222155000522941 -0.016351580647879269 0.013324161063955757 0.011041710849690564 -0.0022106887624800411 0.029498928088866467 -0.024315733055990638 -0.020479000284890268 0.011851008750660265 -0.015673147961712701 -0.00091991081613766615 -0.0070807679679823991 -0.018932562727982608 -0.019510029923791687
leaf_weight=42 316 230 102 392 623 90 496 236 156 172 149 73 198 156 81 73 49 653 518 196 307 74 322 227 292 164 52 114
leaf_count=42 316 230 102 392 623 90 496 236 156 172 149 73 198 156 81 73 49 653 518 196 307 74 322 227 292 164 52 114
model_size=3168
internal_value=0 0.00831783 0.0133088 -0.0105557 0.0175481 0.00139229 -0.00720235 -0.00473314 -0.0104224 0.0141701 -0.0023024 0.00677142 -0.0140903 -0.0172766 0.00761434 -0.00132254 0.00574207 0.00943722 -0.00451984 0.0238522 -0.0208837 -0.0111366 0.0100656 -0.0106001 0.00112689 -0.00135408 -0.00800651 -0.0132433
internal_weight=0 3665 2130 2888 1221 1535 1482 1052 392 795 830 163 1406 735 909 154 705 755 667 426 463 272 364 671 341 660 444 430
internal_count=6553 3665 2130 2888 1221 1535 1482 1052 392 795 830 163 1406 735 909 154 705 755 667 426 463 272 364 671 341 660 444 430
is_linear=0
shrinkage=0.1


Tree=4
num_leaves= 30
num_cat= 0
full_tree_array_lgbids= 0 1 2 8 3 12 10 15 24 5 4 17 13 16 11 27 22 25 -26 6 9 18 7 26 -19 28 14 23 19 21 20 -1 -29 -17 -24 -10 -27 -2147483648 -2147483648 -3 -8 -7 -11 -5 -20 -6 -9 -2 -28 -2147483648 -2147483648 -14 -30 -15 -16 -4 -25 -18 -21 -12 -23 -13 -22
split_feature= 2 4 2 5 6 6 5 7 2 4 6 3 6 3 5 1 7 4 7 0 5 5 0 5 0 5 3 0 1
split_gain= 46.3793 10.1289 3.31147 2.6589 9.5866 3.41692 3.4626 2.41529 1.80387 1.67462 1.57067 1.29644 1.21066 2.52197 1.5712 0.972751 0.665371 0.547832 0.481646 0.476936 0.456259 0.448636 0.377582 0.29218 0.128588 0.270219 0.110149 0.0990686 0.0857129
threshold= 0.11063466221094136 -0.13487913459539411 0.52685046195983898 0.65354096889495861 -0.08627330511808394 -1.1006352305412288 -0.63327881693840016 0.13482514768838882 -0.35692687332630152 0.66168963909149181 0.51476114988327037 0.062065752223134048 0.40036414563655859 -0.17713720351457593 -0.25795789062976832 -0.028266851790249341 -1.1476808190345762 0.5883547067642213 -0.57505470514297474 0.22036685049533847 -0.88524380326271046 0.66465881466865551 -0.28396070003509516 0.099228095263242735 0.69481554627418529 -0.24339744448661796 -0.51308387517929066 0.30019079148769384 -0.75189125537872303
decision_type= 2 2 2 2 2 2 2 2 2 2 2 2 2 2 2 2 2 2 2 2 2 2 2 2 2 2 2 2 2
left_child=1 8 12 5 18 6 -3 -6 15 -7 16 21 17 28 -15 27 23 26 -5 -18 -13 -12 -17 -4 25 -10 -2 -1 -14
right_child=2 3 10 4 7 9 -8 -9 24 -11 11 20 13 14 -16 22 19 -19 -20 -21 -22 -23 -24 -25 -26 -27 -28 -29 -30
leaf_value= 0.010879716261016456 -0.0088744897283540344 -0.013304667147742803 -0.010830933571283129 0.012027464072141324 -0.014252309915207748 0.013229320577443825 0.015474162628691245 0.0057828060452847331 0.0050953151430040908 0.022373660967015187 -0.0068940391805457331 -0.010417139461468453 0.014208889576709932 -0.0028556756118868851 -0.023604028903006932 0.0056526871969852649 -0.0052997763279012001 0.0067708228675523001 0.026505227048515476 -0.011046106228492685 -0.023057938345734167 -0.018883521244343785 -0.0026743735006681205 -0.024950896174957354 -0.009753334047834808 -0.0057156580049114933 0.00026181634278026831 0.0039145997689298264 -0.0013842546306880176
leaf_weight=353 127 86 105 71 168 475 112 133 124 615 253 82 36 77 142 237 719 178 168 577 302 99 331 75 145 181 237 232 113
leaf_count=353 127 86 105 71 168 475 112 133 124 615 253 82 36 77 142 237 719 178 168 577 302 99 331 75 145 181 237 232 113
model_size=3280
internal_value=0 0.00807357 -0.00887266 0.013301 0.00681769 0.0160191 0.00297427 -0.00539958 0.00211244 0.0183887 -0.011132 -0.0155317 -0.00338062 -0.00874065 -0.0163089 0.00451275 -0.00893815 0.000258666 0.0222043 -0.00785813 -0.0203586 -0.0102661 0.000800122 -0.0167143 -0.00403766 -0.00132038 -0.00292585 0.00811748 0.00238322
internal_weight=0 3431 3122 1828 540 1288 198 301 1603 1090 2212 736 910 368 219 1153 1476 542 239 1296 384 352 568 180 450 305 364 585 149
internal_count=6553 3431 3122 1828 540 1288 198 301 1603 1090 2212 736 910 368 219 1153 1476 542 239 1296 384 352 568 180 450 305 364 585 149
is_linear=0
shrinkage=0.1


end of trees

feature_importances:
Column_5=38
Column_6=22
Column_2=19
Column_4=19
Column_3=18
Column_0=16
Column_1=9
Column_7=7

parameters:
[boosting: gbdt]
[objective: regression]
[metric: rmse]
[tree_learner: serial]
[device_type: cpu]
[data_sample_strategy: bagging]
[data: data/kin8nm.libsvm.train]
[valid: data/kin8nm.libsvm.test]
[num_iterations: 5]
[learning_rate: 0.1]
[num_leaves: 255]
[num_threads: 0]
[seed: 42]
[deterministic: 0]
[force_col_wise: 0]
[force_row_wise: 0]
[histogram_pool_size: -1]
[max_depth: 5]
[min_data_in_leaf: 10]
[min_sum_hessian_in_leaf: 0.001]
[bagging_fraction: 1]
[pos_bagging_fraction: 1]
[neg_bagging_fraction: 1]
[bagging_freq: 0]
[bagging_seed: 400]
[feature_fraction: 1]
[feature_fraction_bynode: 1]
[feature_fraction_seed: 30056]
[extra_trees: 0]
[extra_seed: 12879]
[early_stopping_round: 0]
[early_stopping_min_delta: 0]
[first_metric_only: 0]
[max_delta_step: 0]
[lambda_l1: 0]
[lambda_l2: 0]
[linear_lambda: 0]
[min_gain_to_split: 0]
[drop_rate: 0.1]
[max_drop: 50]
[skip_drop: 0.5]
[xgboost_dart_mode: 0]
[uniform_drop: 0]
[drop_seed: 17869]
[top_rate: 0.2]
[other_rate: 0.1]
[min_data_per_group: 100]
[max_cat_threshold: 32]
[cat_l2: 10]
[cat_smooth: 10]
[max_cat_to_onehot: 4]
[top_k: 20]
[monotone_constraints: ]
[monotone_constraints_method: basic]
[monotone_penalty: 0]
[feature_contri: ]
[forcedsplits_filename: ]
[refit_decay_rate: 0.9]
[tinygbdt_penalty_feature: 0.015625]
[tinygbdt_penalty_split: 0.00195312]
[tinygbdt_forestsize: 64000]
[tinygbdt_precision: 7]
[cegb_tradeoff: 1]
[cegb_penalty_split: 0]
[cegb_penalty_feature_lazy: ]
[cegb_penalty_feature_coupled: ]
[path_smooth: 0]
[interaction_constraints: ]
[verbosity: 2]
[saved_feature_importance_type: 0]
[use_quantized_grad: 0]
[num_grad_quant_bins: 4]
[quant_train_renew_leaf: 0]
[stochastic_rounding: 1]
[linear_tree: 0]
[max_bin: 255]
[max_bin_by_feature: ]
[min_data_in_bin: 3]
[bin_construct_sample_cnt: 200000]
[data_random_seed: 175]
[is_enable_sparse: 1]
[enable_bundle: 1]
[use_missing: 1]
[zero_as_missing: 0]
[feature_pre_filter: 1]
[pre_partition: 0]
[two_round: 0]
[header: 0]
[label_column: ]
[weight_column: ]
[group_column: ]
[ignore_column: ]
[categorical_feature: ]
[forcedbins_filename: ]
[precise_float_parser: 0]
[parser_config_file: ]
[objective_seed: 16083]
[num_class: 1]
[is_unbalance: 0]
[scale_pos_weight: 1]
[sigmoid: 1]
[boost_from_average: 1]
[reg_sqrt: 0]
[alpha: 0.9]
[fair_c: 1]
[poisson_max_delta_step: 0.7]
[tweedie_variance_power: 1.5]
[lambdarank_truncation_level: 30]
[lambdarank_norm: 1]
[label_gain: ]
[lambdarank_position_bias_regularization: 0]
[eval_at: ]
[multi_error_top_k: 1]
[auc_mu_weights: ]
[num_machines: 1]
[local_listen_port: 12400]
[time_out: 120]
[machine_list_filename: ]
[machines: ]
[gpu_platform_id: -1]
[gpu_device_id: -1]
[gpu_use_dp: 0]
[num_gpu: 1]

end of parameters
