tree
version=v4
num_class=1
num_tree_per_iteration=1
label_index=0
max_feature_idx=7
objective=regression
feature_names=Column_0 Column_1 Column_2 Column_3 Column_4 Column_5 Column_6 Column_7
feature_infos=[-1.570595979690552:1.570752859115601] [-1.570681214332581:1.5706571340560909] [-1.5706690549850459:1.5707360506057739] [-1.5702953338623051:1.5700980424880981] [-1.570364356040955:1.570599317550659] [-1.5702542066574101:1.5705970525741582] [-1.570304274559021:1.5705224275588989] [-1.5689036846160889:1.570236444473267]
tree_sizes=910 932 933 937 938 936 935 939 938 931 934 940 936 945 940 942 947 943 944 877 943 943 944 939 933 867 954 947 944 869

Tree=0
num_leaves= 8
num_cat= 0
full_tree_array_lgbids= 0 1 3 4 2 5 6 -1 -6 -3 -4 -2 -7 -5 -8
split_feature= 2 4 2 2 2 4 6
split_gain= 107.527 23.3476 8.74789 5.54241 4.48307 3.29569 2.96877
threshold= 0.22240778803825376 -0.13487913459539411 -0.33504875004291529 0.831111639738083 -0.35692687332630152 -0.62264147400856007 0.23248040676116946
decision_type= 2 2 2 2 2 2 2
left_child=1 4 -3 5 -1 -2 -5
right_child=3 2 -4 6 -6 -7 -8
leaf_value= 0.7213570868071123 0.69735410501160522 0.73837575163418767 0.72390993572897133 0.7002141175522546 0.71020291729298435 0.70848008798438644 0.69110916885282936
leaf_weight=1153 388 1347 619 894 546 964 642
leaf_count=1153 388 1347 619 894 546 964 642
model_size=816
internal_value=0.715004 0.726381 0.733821 0.700565 0.717773 0.705287 0.696409
internal_weight=0 3665 1966 2888 1699 1352 1536
internal_count=6553 3665 1966 2888 1699 1352 1536
is_linear=0
shrinkage=1


Tree=1
num_leaves= 8
num_cat= 0
full_tree_array_lgbids= 0 1 3 4 2 6 5 -1 -6 -3 -4 -2 -8 -5 -7
split_feature= 2 4 2 2 2 6 6
split_gain= 87.0587 19.0015 7.22526 4.6322 3.38699 2.89259 1.97453
threshold= 0.22240778803825376 -0.25070770084857935 -0.36874486505985254 0.6500774919986726 -0.35692687332630152 -0.08627330511808394 0.56632831692695629
decision_type= 2 2 2 2 2 2 2
left_child=1 4 -3 6 -1 -5 -2
right_child=3 2 -4 5 -6 -7 -8
leaf_value= 0.0051552576205408911 -0.0038534662303889009 0.020739963801197244 0.0081968422868237845 -0.011759475566418539 -0.0049947355027063801 -0.019703645498932942 -0.013735429696371836
leaf_weight=1068 632 1386 707 930 504 996 330
leaf_count=1068 632 1386 707 930 504 996 330
model_size=816
internal_value=0 0.0102399 0.016503 -0.0129949 0.00190106 -0.0158677 -0.00724333
internal_weight=0 3665 2093 2888 1572 1926 962
internal_count=6553 3665 2093 2888 1572 1926 962
is_linear=0
shrinkage=0.1


Tree=2
num_leaves= 8
num_cat= 0
full_tree_array_lgbids= 0 1 2 4 3 6 5 -1 -6 -3 -5 -2 -8 -4 -7
split_feature= 2 4 2 6 1 3 6
split_gain= 70.7441 15.9426 5.64177 5.36437 2.80408 2.47395 2.32811
threshold= 0.11063466221094136 -0.13487913459539411 0.60325127840042125 1.0996640324592593 -0.7610255479812621 0.4248598068952561 0.56632831692695629
decision_type= 2 2 2 2 2 2 2
left_child=1 4 6 -3 -1 -4 -2
right_child=2 3 5 -5 -6 -7 -8
leaf_value= 0.0096794581127782036 -0.0015816725431822315 0.018731387599230705 -0.011436426607955928 0.003735236153134132 -1.130703668344494e-06 -0.018991432937807615 -0.011622565505337358
leaf_weight=432 717 1536 1324 292 1171 706 375
leaf_count=432 717 1536 1324 292 1171 706 375
model_size=816
internal_value=0 0.00992198 -0.010904 0.0163359 0.00260774 -0.0140639 -0.00502978
internal_weight=0 3431 3122 1828 1603 2030 1092
internal_count=6553 3431 3122 1828 1603 2030 1092
is_linear=0
shrinkage=0.1


Tree=3
num_leaves= 8
num_cat= 0
full_tree_array_lgbids= 0 1 3 5 2 6 4 -1 -7 -3 -4 -2 -8 -5 -6
split_feature= 2 4 2 5 3 5 0
split_gain= 57.4106 13.0515 6.34758 3.8743 6.6859 2.5871 2.32194
threshold= 0.22240778803825376 -0.47479055821895594 -0.52795374393463124 0.12283720821142197 -0.10433290526270864 -0.95036792755126931 0.14897394180297854
decision_type= 2 2 2 2 2 2 2
left_child=1 5 -3 6 -5 -1 -2
right_child=3 2 -4 4 -6 -7 -8
leaf_value= 0.0096962771564425079 -0.0035068845649347362 0.017204623351928901 0.0066054166631739188 -0.0070360980870565436 -0.021386771203920574 -0.0020847809053262546 -0.011564090911946941
leaf_weight=245 862 1376 1002 632 703 1042 691
leaf_count=245 862 1376 1002 632 703 1042 691
model_size=816
internal_value=0 0.00832072 0.0127385 -0.0105594 -0.014593 0.000157922 -0.0070919
internal_weight=0 3665 2378 2888 1335 1287 1553
internal_count=6553 3665 2378 2888 1335 1287 1553
is_linear=0
shrinkage=0.1


Tree=4
num_leaves= 8
num_cat= 0
full_tree_array_lgbids= 0 1 3 5 2 4 6 -1 -7 -3 -4 -2 -6 -5 -8
split_feature= 2 4 5 2 4 0 6
split_gain= 46.7286 10.9017 4.40786 4.30708 3.18179 2.36665 1.64638
threshold= 0.11063466221094136 -0.092393502593040452 0.65354096889495861 0.89601022005081188 -0.62264147400856007 -0.15831713378429405 0.80478918552398693
decision_type= 2 2 2 2 2 2 2
left_child=1 5 -3 4 -2 -1 -5
right_child=3 2 -4 6 -6 -7 -8
leaf_value= 0.0064130585305646297 -0.012411314755527994 0.016803975915545537 0.005727016841038656 -0.011075984423709828 -0.0026273860996949474 -0.0014920579954222221 -0.019620015967260204
leaf_weight=753 493 1258 532 1080 1223 888 326
leaf_count=753 493 1258 532 1080 1223 888 326
model_size=816
internal_value=0 0.00807061 0.0135118 -0.0088694 -0.00543827 0.00213534 -0.013057
internal_weight=0 3431 1790 3122 1716 1641 1406
internal_count=6553 3431 1790 3122 1716 1641 1406
is_linear=0
shrinkage=0.1


Tree=5
num_leaves= 8
num_cat= 0
full_tree_array_lgbids= 0 1 2 4 3 6 5 -1 -6 -3 -5 -2 -8 -4 -7
split_feature= 2 4 2 1 4 5 6
split_gain= 38.3314 8.97264 7.05743 3.02398 2.69094 2.55954 2.40872
threshold= -0.21647498756647107 0.56924891471862804 0.47420810163021093 -0.051532631739974015 -0.77998724579811085 0.4545369297266007 0.40036414563655859
decision_type= 2 2 2 2 2 2 2
left_child=1 4 6 -3 -1 -4 -2
right_child=2 3 5 -5 -6 -7 -8
leaf_value= 4.4485060985203343e-05 0.0023865379778194506 0.023865484427455265 -0.0074498999258856089 0.011827176784091578 0.0081277012651817648 -0.014630583927436359 -0.0062893503101290327
leaf_weight=720 889 408 1518 487 1141 824 566
leaf_count=720 889 408 1518 487 1141 824 566
model_size=816
internal_value=0 0.00899952 -0.00653218 0.017315 0.0050004 -0.00997632 -0.000988412
internal_weight=0 2756 3797 895 1861 2342 1455
internal_count=6553 2756 3797 895 1861 2342 1455
is_linear=0
shrinkage=0.1


Tree=6
num_leaves= 8
num_cat= 0
full_tree_array_lgbids= 0 1 2 5 3 4 6 -1 -7 -3 -5 -2 -6 -4 -8
split_feature= 2 4 2 5 4 1 6
split_gain= 31.1044 6.69663 5.91831 2.89172 2.48802 2.42242 2.23669
threshold= -0.24277038127183911 0.56924891471862804 0.52685046195983898 0.65354096889495861 0.29228626191616064 -0.015152493026107548 0.51476114988327037
decision_type= 2 2 2 2 2 2 2
left_child=1 5 4 -3 -2 -1 -4
right_child=2 3 6 -5 -6 -7 -8
leaf_value= 0.0085005411317003021 -0.0046118426572064573 0.01943129102429644 -0.0068779283556965722 0.0064412383898072483 0.0036098105375035523 0.00091475412548193283 -0.013933347059980367
leaf_weight=924 949 614 1476 262 688 904 736
leaf_count=924 949 614 1476 262 688 904 736
model_size=816
internal_value=0 0.00824699 -0.00579367 0.0155461 -0.00115644 0.00474915 -0.00922548
internal_weight=0 2704 3849 876 1637 1828 2212
internal_count=6553 2704 3849 876 1637 1828 2212
is_linear=0
shrinkage=0.1


Tree=7
num_leaves= 8
num_cat= 0
full_tree_array_lgbids= 0 1 3 5 2 6 4 -1 -7 -3 -4 -2 -8 -5 -6
split_feature= 2 4 6 5 3 5 0
split_gain= 25.2793 6.85525 4.39918 2.66862 5.27288 2.17434 1.79818
threshold= 0.22240778803825376 -0.67562311887741078 0.64664298295974743 0.12283720821142197 -0.10433290526270864 -0.47944049537181849 0.30019079148769384
decision_type= 2 2 2 2 2 2 2
left_child=1 5 -3 6 -5 -1 -2
right_child=3 2 -4 4 -6 -7 -8
leaf_value= 0.004985530902542841 -0.0011522962629530017 0.011099379739862643 0.0018596358057854805 -0.0036717746645553227 -0.016519677648893765 -0.0048563697403354693 -0.0085124578001432236
leaf_weight=387 932 1825 769 632 703 684 621
leaf_count=387 932 1825 769 632 703 684 621
model_size=816
internal_value=0 0.00553726 0.00836023 -0.00702703 -0.0104374 -0.00130005 -0.00409541
internal_weight=0 3665 2594 2888 1335 1071 1553
internal_count=6553 3665 2594 2888 1335 1071 1553
is_linear=0
shrinkage=0.1


Tree=8
num_leaves= 8
num_cat= 0
full_tree_array_lgbids= 0 2 1 5 4 3 6 -1 -7 -4 -6 -2 -5 -3 -8
split_feature= 2 2 4 4 5 1 7
split_gain= 21.7285 4.37695 4.11828 3.11378 2.33144 2.18464 1.98538
threshold= -0.33504875004291529 0.70152944326400768 0.56924891471862804 0.26278324425220495 0.65354096889495861 -0.041156854480504983 -1.2809419631958008
decision_type= 2 2 2 2 2 2 2
left_child=2 3 5 -2 -4 -1 -3
right_child=1 6 4 -5 -6 -7 -8
leaf_value= 0.0082253429731786037 -0.0048328873113003953 -0.019467161129585204 0.017003672689979637 0.0030467643255467553 0.0048426758131408787 0.00069204235218438671 -0.0072117353074719745
leaf_weight=847 1277 162 570 932 249 856 1660
leaf_count=847 1277 162 570 932 249 856 1660
model_size=816
internal_value=0 -0.00457881 0.00731847 -0.00150838 0.0133064 0.00443879 -0.00830141
internal_weight=0 4031 2522 2209 819 1703 1822
internal_count=6553 4031 2522 2209 819 1703 1822
is_linear=0
shrinkage=0.1


Tree=9
num_leaves= 8
num_cat= 0
full_tree_array_lgbids= 0 2 1 6 3 4 5 -1 -8 -4 -5 -2 -6 -3 -7
split_feature= 2 2 4 6 0 7 6
split_gain= 17.5598 3.6287 3.5809 2.79924 2.43444 2.07601 1.36326
threshold= -0.34356653690338129 0.4504156112670899 -0.3957854956388473 0.64664298295974743 0.34253489971160894 -1.1613988280296323 -1.2407286167144773
decision_type= 2 2 2 2 2 2 2
left_child=2 4 6 -4 -2 -3 -1
right_child=1 5 3 -5 -6 -7 -8
leaf_value= 0.013206680209314415 0.0029273587676685899 -0.014602803481526698 0.012618903848129368 0.003021016647416669 -0.005249247021106419 -0.005442381076888294 0.00012838662922603727
leaf_weight=106 990 319 1081 476 673 2075 833
leaf_count=106 990 319 1081 476 673 2075 833
model_size=816
internal_value=0 -0.00408822 0.00664499 0.00968468 -0.000381634 -0.00666301 0.00160474
internal_weight=0 4057 2496 1557 1663 2394 939
internal_count=6553 4057 2496 1557 1663 2394 939
is_linear=0
shrinkage=0.1


Tree=10
num_leaves= 8
num_cat= 0
full_tree_array_lgbids= 0 3 1 5 6 4 2 -1 -7 -5 -8 -2 -6 -3 -4
split_feature= 2 6 3 1 0 0 6
split_gain= 14.2217 3.65829 9.71677 3.47765 2.48812 2.2557 1.61261
threshold= -0.36874486505985254 0.40036414563655859 0.03902785666286946 -0.041156854480504983 0.20387880504131317 0.24408297240734103 -0.08627330511808394
decision_type= 2 2 2 2 2 2 2
left_child=3 4 -3 5 -2 -1 -5
right_child=1 2 -4 6 -6 -7 -8
leaf_value= 0.014097221392266513 0.001655800183651893 0.000587726225016845 -0.015421735534052759 0.006368866659613559 -0.0049606205189195174 0.0047934317983378324 -0.0013522779719509343
leaf_weight=679 1445 763 794 595 1107 507 663
leaf_count=679 1445 763 794 595 1107 507 663
model_size=816
internal_value=0 -0.00362502 -0.00757638 0.0060946 -0.00121425 0.01012 0.00229961
internal_weight=0 4109 1557 2444 2552 1186 1258
internal_count=6553 4109 1557 2444 2552 1186 1258
is_linear=0
shrinkage=0.1


Tree=11
num_leaves= 8
num_cat= 0
full_tree_array_lgbids= 0 1 4 3 2 6 5 -1 -5 -3 -4 -2 -8 -6 -7
split_feature= 2 4 5 5 5 3 4
split_gain= 11.7957 4.36898 3.6085 1.91773 1.83746 2.86739 1.35953
threshold= 0.29799550771713262 -0.80669787526130665 0.65354096889495861 -0.95036792755126931 0.4545369297266007 -0.36263959109783167 0.24804390221834183
decision_type= 2 2 2 2 2 2 2
left_child=1 3 -3 -1 6 -6 -2
right_child=4 2 -4 -5 5 -7 -8
leaf_value= 0.0073598060990997501 -0.0055690654732610161 0.0080181421937592003 -9.8287609511185504e-05 -0.0046779340763964481 -0.0017930440907610375 -0.013453877011763694 0.00059431369500687233
leaf_weight=187 1038 2023 830 781 382 582 730
leaf_count=187 1038 2023 830 781 382 582 730
model_size=816
internal_value=0 0.00362783 0.0056569 -0.00235246 -0.00507392 -0.00883309 -0.00302423
internal_weight=0 3821 2853 968 2732 964 1768
internal_count=6553 3821 2853 968 2732 964 1768
is_linear=0
shrinkage=0.1


Tree=12
num_leaves= 8
num_cat= 0
full_tree_array_lgbids= 0 2 1 5 6 3 4 -1 -7 -4 -8 -2 -5 -3 -6
split_feature= 2 7 4 3 4 0 6
split_gain= 9.98818 2.98988 2.97066 2.58674 2.49508 2.21497 1.50681
threshold= -0.36874486505985254 -0.63094553351402272 0.8823601007461549 0.38624238967895513 0.64830824732780468 -0.091760963201522827 1.0996640324592593
decision_type= 2 2 2 2 2 2 2
left_child=2 3 5 -2 -3 -1 -4
right_child=1 4 6 -5 -6 -7 -8
leaf_value= 0.0069627216578729712 -0.0035556424252339638 -0.0032357698544117812 0.014522356816072009 -0.013515221902994102 0.0035439580657764154 -0.00029573650641432692 -0.00069635308833332159
leaf_weight=908 750 2030 453 470 859 990 93
leaf_count=908 750 2030 453 470 859 990 93
model_size=816
internal_value=0 -0.00305263 0.00513226 -0.00739253 -0.00121992 0.0031767 0.0119302
internal_weight=0 4109 2444 1220 2889 1898 546
internal_count=6553 4109 2444 1220 2889 1898 546
is_linear=0
shrinkage=0.1


Tree=13
num_leaves= 8
num_cat= 0
full_tree_array_lgbids= 0 1 4 2 3 6 5 -1 -4 -3 -5 -2 -8 -6 -7
split_feature= 2 0 1 4 6 5 0
split_gain= 8.43007 3.7939 2.50348 1.43718 1.43322 2.17563 1.01797
threshold= 0.41311286389827734 0.24408297240734103 -0.041156854480504983 -0.30422538518905634 0.50101613998413097 -0.78617820143699635 0.9240403175354005
decision_type= 2 2 2 2 2 2 2
left_child=1 2 -1 -3 6 -6 -2
right_child=4 3 -4 -5 5 -7 -8
leaf_value= 0.0089930324373290443 -0.0013159021896378209 -0.0046463392588554251 0.0021067282540821173 0.0017898325729625152 0.0014690559175654259 -0.011346067897156392 -0.0082537613370111933
leaf_weight=1177 1284 710 1181 1013 196 646 346
leaf_count=1177 1284 710 1181 1013 196 646 346
model_size=816
internal_value=0 0.00283927 0.00554404 -0.000862333 -0.00468732 -0.00836297 -0.0027886
internal_weight=0 4081 2358 1723 2472 842 1630
internal_count=6553 4081 2358 1723 2472 842 1630
is_linear=0
shrinkage=0.1


Tree=14
num_leaves= 8
num_cat= 0
full_tree_array_lgbids= 0 3 1 6 5 4 2 -1 -8 -5 -7 -2 -6 -3 -4
split_feature= 2 6 3 1 0 0 4
split_gain= 7.34928 2.95301 7.63745 2.55242 2.06287 1.98225 0.965034
threshold= -0.62022417783737172 0.48795536160469061 0.03902785666286946 -0.47579921782016749 0.20387880504131317 -0.50676029920577992 0.73437872529029857
decision_type= 2 2 2 2 2 2 2
left_child=3 4 -3 6 -2 -5 -1
right_child=1 2 -4 5 -6 -7 -8
leaf_value= 0.0080023037638248633 0.0022176505719671826 0.0013320506809905057 -0.01262356276358962 0.0087907352940490534 -0.0034284946651856624 -0.00041656073418548509 0.017901341389508895
leaf_weight=479 1708 800 832 397 1315 844 178
leaf_count=479 1708 800 832 397 1315 844 178
model_size=816
internal_value=0 -0.00218215 -0.00578258 0.00535189 -0.000238413 0.00252888 0.0106842
internal_weight=0 4655 1632 1898 3023 1241 657
internal_count=6553 4655 1632 1898 3023 1241 657
is_linear=0
shrinkage=0.1


Tree=15
num_leaves= 8
num_cat= 0
full_tree_array_lgbids= 0 1 4 3 2 6 5 -1 -5 -3 -4 -2 -8 -6 -7
split_feature= 2 4 5 5 7 5 5
split_gain= 6.0685 3.17132 3.44585 1.44843 1.3749 0.892182 0.455476
threshold= 0.4504156112670899 0.21189168095588687 0.65354096889495861 -0.82036203145980824 -1.1476808190345762 0.4545369297266007 -0.4911639392375946
decision_type= 2 2 2 2 2 2 2
left_child=1 3 -3 -1 6 -6 -2
right_child=4 2 -4 -5 5 -7 -8
leaf_value= 0.0047257324324177048 -0.0049347930280033113 0.0086434621236970415 -0.0013367044307628206 -0.0017035468442062531 -0.0012543221211529614 -0.0062991816422644275 -0.014887316114209171
leaf_weight=561 132 1269 538 1791 1328 742 192
leaf_count=561 132 1269 538 1791 1328 742 192
model_size=816
internal_value=0 0.00236824 0.00567206 -0.000170033 -0.00411424 -0.00306267 -0.0108326
internal_weight=0 4159 1807 2352 2394 2070 324
internal_count=6553 4159 1807 2352 2394 2070 324
is_linear=0
shrinkage=0.1


Tree=16
num_leaves= 8
num_cat= 0
full_tree_array_lgbids= 0 4 1 6 5 3 2 -1 -8 -6 -7 -2 -5 -3 -4
split_feature= 2 5 3 3 1 4 7
split_gain= 5.33328 2.33931 6.75246 2.54451 2.07134 1.4271 0.240515
threshold= -0.6779712140560149 0.19179127365350723 0.2989127933979035 -1.1720492243766782 -1.1786590814590452 0.8823601007461549 1.4424636363983157
decision_type= 2 2 2 2 2 2 2
left_child=4 3 -3 -2 6 -6 -1
right_child=1 2 -4 -5 5 -7 -8
leaf_value= 0.016325003886292204 -0.008429003599717445 0.00027836479982641589 -0.011710958721251854 0.0014795332444197348 0.0016641268355192295 0.0095831560501879968 -0.0062095715722534812
leaf_weight=192 334 1230 822 2373 1226 364 11.999999999999998
leaf_count=192 334 1230 822 2373 1226 364 12
model_size=816
internal_value=0 -0.00180466 -0.00452438 0.00025698 0.00478728 0.00347704 0.0149994
internal_weight=0 4759 2052 2707 1794 1590 204
internal_count=6553 4759 2052 2707 1794 1590 204
is_linear=0
shrinkage=0.1


Tree=17
num_leaves= 8
num_cat= 0
full_tree_array_lgbids= 0 1 4 3 2 6 5 -1 -5 -3 -4 -2 -8 -6 -7
split_feature= 2 4 6 1 6 5 0
split_gain= 4.53162 3.63382 3.18464 1.33766 0.56852 1.14265 0.359997
threshold= 0.88075530529022228 -0.67562311887741078 0.64664298295974743 -1.2389149069786067 -0.18491821736097333 -0.41172227263450617 0.49276305735111242
decision_type= 2 2 2 2 2 2 2
left_child=1 3 -3 -1 6 -6 -2
right_child=4 2 -4 -5 5 -7 -8
leaf_value= 0.0073450925532025065 -2.3595707542328102e-05 0.0052390510590021224 -0.0015470881524179659 -0.00406523605343833 -0.0017998664759067914 -0.010763480006042547 -0.0070823753557457056
leaf_weight=143 429 2560 1093 1325 295 497 211
leaf_count=143 429 2560 1093 1325 295 497 211
model_size=816
internal_value=0 0.00144208 0.0032086 -0.00295374 -0.00515706 -0.00742476 -0.00235079
internal_weight=0 5121 3653 1468 1432 792 640
internal_count=6553 5121 3653 1468 1432 792 640
is_linear=0
shrinkage=0.1


Tree=18
num_leaves= 8
num_cat= 0
full_tree_array_lgbids= 0 3 1 6 5 4 2 -1 -8 -5 -7 -2 -6 -3 -4
split_feature= 2 7 4 1 3 0 5
split_gain= 3.96381 2.25045 1.7963 1.59805 1.47866 1.26489 0.523047
threshold= -0.73440709710121144 -0.88851091265678395 0.29228626191616064 -0.49102292954921717 -0.3748409897089004 -0.50676029920577992 0.26159095764160162
decision_type= 2 2 2 2 2 2 2
left_child=3 4 -3 6 -2 -5 -1
right_child=1 2 -4 5 -6 -7 -8
leaf_value= 0.012477902569384738 -0.00071411413605479207 -0.0022526245534556111 0.0025668641121017934 0.0075483353086604234 -0.0092785748057696068 -0.00074867029013981766 0.0046012860139126865
leaf_weight=330 412 2277 1563 346 637 739 249
leaf_count=330 412 2277 1563 346 637 739 249
model_size=816
internal_value=0 -0.00149762 -0.000290942 0.00440017 -0.00591484 0.0018972 0.00909055
internal_weight=0 4889 3840 1664 1049 1085 579
internal_count=6553 4889 3840 1664 1049 1085 579
is_linear=0
shrinkage=0.1


Tree=19
num_leaves= 7
num_cat= 0
full_tree_array_lgbids= 0 1 3 2 4 -2 5 -1 -4 -3 -6 -2147483648 -2147483648 -5 -7
split_feature= 2 0 5 7 1 6
split_gain= 3.34983 2.67822 1.99826 0.733985 0.668641 0.543867
threshold= 0.6500774919986726 0.25716689229011541 0.12283720821142197 -1.2809419631958008 -1.3559966683387754 0.83954980969429027
decision_type= 2 2 2 2 2 2
left_child=1 2 -1 -2 -3 -5
right_child=3 4 -4 5 -6 -7
leaf_value= 0.0063940039104717038 -0.011426358702703424 0.0081228793605301036 0.00043731234337133584 -0.0017441706829821387 -0.0020499637287955202 -0.0072464610502635642
leaf_weight=1480 168 106 1214 1372 1827 386
leaf_count=1480 168 106 1214 1372 1827 386
model_size=704
internal_value=0 0.00153658 0.00370973 -0.00369147 -0.00149212 -0.0029523
internal_weight=0 4627 2694 1926 1933 1758
internal_count=6553 4627 2694 1926 1933 1758
is_linear=0
shrinkage=0.1


Tree=20
num_leaves= 8
num_cat= 0
full_tree_array_lgbids= 0 3 1 5 4 6 2 -1 -7 -5 -6 -2 -8 -3 -4
split_feature= 2 7 4 1 6 4 6
split_gain= 2.89875 1.75686 1.44086 1.32689 0.97296 0.382081 0.338578
threshold= -0.49034024775028223 -1.2686905264854433 -0.62264147400856007 -0.47579921782016749 -0.08627330511808394 0.73437872529029857 -0.34208901226520533
decision_type= 2 2 2 2 2 2 2
left_child=3 6 -3 5 -5 -1 -2
right_child=1 2 -4 4 -6 -7 -8
leaf_value= 0.0051057436671195795 -0.0030866814787033573 -0.0041850945261443714 0.00052051109983564916 0.0043338215546206626 -0.0018249096027804388 0.012310103018623052 -0.011666737450128204
leaf_weight=557 157 1165 2790 685 743 199 257
leaf_count=557 157 1165 2790 685 743 199 257
model_size=816
internal_value=0 -0.00158077 -0.00086559 0.00316226 0.00112938 0.00700213 -0.00841295
internal_weight=0 4369 3955 2184 1428 756 414
internal_count=6553 4369 3955 2184 1428 756 414
is_linear=0
shrinkage=0.1


Tree=21
num_leaves= 8
num_cat= 0
full_tree_array_lgbids= 0 3 1 4 6 5 2 -1 -6 -5 -8 -2 -7 -3 -4
split_feature= 6 3 5 0 1 5 4
split_gain= 2.52823 7.01659 5.19548 2.46813 1.58808 1.5615 0.828937
threshold= 0.64664298295974743 -0.16804680228233337 -0.79602351784706105 0.25716689229011541 -0.17818199843168256 0.2974898517131806 -0.37489584088325495
decision_type= 2 2 2 2 2 2 2
left_child=3 5 -3 4 -1 -2 -5
right_child=1 2 -4 6 -6 -7 -8
leaf_value= 0.0065356077005220854 0.0076429714659710076 0.0041600157252869819 -0.012708926859979045 -0.0046924347670417258 0.0010474627409387273 -0.0021831362638943187 0.00043240172703490755
leaf_weight=1188 511 257 830 751 1468 334 1214
leaf_count=1188 511 257 830 751 1468 334 1214
model_size=816
internal_value=0 -0.00326237 -0.00872059 0.00136397 0.00350225 0.00375904 -0.00152625
internal_weight=0 1932 1087 4621 2656 845 1965
internal_count=6553 1932 1087 4621 2656 845 1965
is_linear=0
shrinkage=0.1


Tree=22
num_leaves= 8
num_cat= 0
full_tree_array_lgbids= 0 1 4 3 2 6 5 -1 -5 -3 -4 -2 -8 -6 -7
split_feature= 2 4 5 6 6 5 5
split_gain= 2.52121 2.36065 2.60526 1.19331 0.219353 0.636793 0.155523
threshold= 0.93685343861579906 0.29228626191616064 0.65354096889495861 -0.59995731711387623 -0.18491821736097333 -0.76341748237609852 1.1864598393440247
decision_type= 2 2 2 2 2 2 2
left_child=1 3 -3 -1 6 -6 -2
right_child=4 2 -4 -5 5 -7 -8
leaf_value= 0.0024767402124628458 -0.00063723199514643621 0.0063089167250331701 -0.0018312701027056667 -0.0024040339810003884 0.00017510191069050054 -0.0083923176649393326 -0.0098605387310963123
leaf_weight=982 522 1487 653 2103 192 539 75
leaf_count=982 522 1487 653 2103 192 539 75
model_size=816
internal_value=0 0.0010645 0.00382502 -0.000850413 -0.00418826 -0.00614205 -0.00179594
internal_weight=0 5225 2140 3085 1328 731 597
internal_count=6553 5225 2140 3085 1328 731 597
is_linear=0
shrinkage=0.1


Tree=23
num_leaves= 8
num_cat= 0
full_tree_array_lgbids= 0 4 1 5 6 2 3 -1 -7 -6 -8 -2 -4 -3 -5
split_feature= 2 7 3 0 4 1 6
split_gain= 2.09685 1.38251 1.43272 1.10997 1.00004 0.89606 0.440299
threshold= -0.73440709710121144 -0.63094553351402272 0.41326110064983373 -1.1630021333694454 1.2177543640136721 -0.29146754741668696 0.85133880376815807
decision_type= 2 2 2 2 2 2 2
left_child=4 2 -2 -3 5 -1 -6
right_child=1 3 -4 -5 6 -7 -8
leaf_value= 0.0058868177070237077 -0.0014066623925659419 0.0058471523221508203 -0.0088537890344808669 -0.00067127834874325084 0.015127547480067758 -0.00018794412142396192 -0.00036997237995742483
leaf_weight=601 917 406 522 3044 147 869 47
leaf_count=601 917 406 522 3044 147 869 47
model_size=816
internal_value=0 -0.00114155 -0.00410812 9.58181e-05 0.00335398 0.00229568 0.011373
internal_weight=0 4889 1439 3450 1664 1470 194
internal_count=6553 4889 1439 3450 1664 1470 194
is_linear=0
shrinkage=0.1


Tree=24
num_leaves= 8
num_cat= 0
full_tree_array_lgbids= 0 3 1 4 5 6 2 -1 -6 -5 -7 -2 -8 -3 -4
split_feature= 5 3 6 3 6 2 2
split_gain= 1.861 5.84797 5.98242 1.9959 5.27836 1.47018 1.31178
threshold= 0.18079009652137759 -0.19819757342338556 -0.34208901226520533 -1.1821406483650208 0.023997919633984569 0.9635407328605653 1.0982756614685056
decision_type= 2 2 2 2 2 2 2
left_child=3 6 -3 4 -1 -5 -2
right_child=1 2 -4 5 -6 -7 -8
leaf_value= -0.015325170361416719 0.004643471097860989 0.0018600339348410133 -0.011218789747379276 0.0038098966638397975 0.0076711872836674874 -0.0022231815100580122 -0.0057699694348365424
leaf_weight=248 1089 601 995 2588 191 653 188
leaf_count=248 1089 601 995 2588 191 653 188
model_size=816
internal_value=0 -0.00211376 -0.00629374 0.00165023 -0.00531992 0.00259435 0.0031104
internal_weight=0 2873 1596 3680 439 3241 1277
internal_count=6553 2873 1596 3680 439 3241 1277
is_linear=0
shrinkage=0.1


Tree=25
num_leaves= 7
num_cat= 0
full_tree_array_lgbids= 0 4 1 5 -6 3 2 -1 -7 -2147483648 -2147483648 -2 -5 -3 -4
split_feature= 1 6 3 4 2 4
split_gain= 1.8435 1.94059 4.53083 1.28088 0.424219 0.396588
threshold= -1.1993861794471739 0.38282012939453131 0.26035444438457495 0.33036214113235479 0.831111639738083 0.85643300414085399
decision_type= 2 2 2 2 2 2
left_child=4 3 -3 -2 5 -1
right_child=1 2 -4 -5 -6 -7
leaf_value= 0.0047792649461815741 -0.0008255729216562369 0.0009369782968025825 -0.0086516143171111153 0.0036634039975832894 -0.0013201676304408737 0.013490398324626899
leaf_weight=446 2211 1233 963 1392 161 147
leaf_count=446 2211 1233 963 1392 161 147
model_size=704
internal_value=0 -0.000672891 -0.00326786 0.00090872 0.00517519 0.00693869
internal_weight=0 5799 2196 3603 754 593
internal_count=6553 5799 2196 3603 754 593
is_linear=0
shrinkage=0.1


Tree=26
num_leaves= 8
num_cat= 0
full_tree_array_lgbids= 0 1 3 2 6 5 4 -1 -4 -3 -8 -2 -7 -5 -6
split_feature= 0 1 2 4 7 6 5
split_gain= 1.76177 1.20663 0.982692 0.877276 0.960137 0.446984 0.17661
threshold= -0.11098424345254898 0.98973819613456748 0.11063466221094136 -0.45289823412895197 -1.2686905264854433 -1.2407286167144773 0.17076345533132556
decision_type= 2 2 2 2 2 2 2
left_child=1 2 -1 5 -5 -2 -3
right_child=3 6 -4 4 -6 -7 -8
leaf_value= 0.0053890021193598652 0.0034638784608726665 -0.00011549670274700618 0.00056270933532044198 -0.0081150130176865787 0.00053421309501470505 -0.0052366802068329159 -0.0069134992337584944
leaf_weight=1296 133 329 1174 208 2059 1122 232
leaf_count=1296 133 329 1174 208 2059 1122 232
model_size=816
internal_value=0 0.00198048 0.00309505 -0.00170438 -0.000259364 -0.00431463 -0.00292679
internal_weight=0 3031 2470 3522 2267 1255 561
internal_count=6553 3031 2470 3522 2267 1255 561
is_linear=0
shrinkage=0.1


Tree=27
num_leaves= 8
num_cat= 0
full_tree_array_lgbids= 0 1 3 6 2 5 4 -1 -8 -3 -4 -2 -7 -5 -6
split_feature= 7 3 6 4 6 5 1
split_gain= 1.57211 1.37053 2.48746 1.22975 1.17236 1.06135 0.114544
threshold= -0.63094553351402272 -0.5971354842185973 -0.36684532463550562 0.73437872529029857 -1.0934035181999204 0.08840771391987802 -0.66238313913345326
decision_type= 2 2 2 2 2 2 2
left_child=1 6 -3 5 -5 -2 -1
right_child=3 2 -4 4 -6 -7 -8
leaf_value= 0.0067054926137062425 0.0019949633863593111 0.0012865914017970027 -0.0085643504804322548 -0.0046070552047405558 0.0058102698922215942 -0.0022464269678822797 -0.00013578393166941842
leaf_weight=169 1791 486 812 176 1052 1610 457
leaf_count=169 1791 486 812 176 1052 1610 457
model_size=816
internal_value=0 -0.00273274 -0.00487594 0.00113584 0.00431723 -1.28692e-05 0.00171114
internal_weight=0 1924 1298 4629 1228 3401 626
internal_count=6553 1924 1298 4629 1228 3401 626
is_linear=0
shrinkage=0.1


Tree=28
num_leaves= 8
num_cat= 0
full_tree_array_lgbids= 0 1 4 3 2 5 6 -1 -5 -3 -4 -2 -7 -6 -8
split_feature= 0 6 3 3 1 1 4
split_gain= 1.37987 1.34049 4.32307 2.65385 0.605715 0.373323 0.0747634
threshold= 0.48065467178821569 -0.3203322142362594 0.26035444438457495 -1.1345854997634881 1.0381069779396057 -1.3825314044952393 0.4647041410207749
decision_type= 2 2 2 2 2 2 2
left_child=1 3 -3 -1 5 -2 -6
right_child=4 2 -4 -5 6 -7 -8
leaf_value= -0.006616211500694612 0.0052144576201990124 0.0033299058388458432 -0.0054560135308587207 0.0055949608897751905 -0.00019011335198703902 -0.0037305713174219306 0.007779172876738568
leaf_weight=246 113 1451 1088 1432 249 1840 134
leaf_count=246 113 1451 1088 1432 249 1840 134
model_size=816
internal_value=0 0.00125206 -0.000434994 0.00380477 -0.00226025 -0.00321301 0.0025981
internal_weight=0 4217 2539 1678 2336 1953 383
internal_count=6553 4217 2539 1678 2336 1953 383
is_linear=0
shrinkage=0.1


Tree=29
num_leaves= 7
num_cat= 0
full_tree_array_lgbids= 0 2 1 5 3 -2 4 -1 -7 -4 -5 -2147483648 -2147483648 -3 -6
split_feature= 2 7 1 0 4 7
split_gain= 1.25458 0.796799 0.580153 0.510379 0.494369 0.00795011
threshold= -0.6779712140560149 -1.3602905869483948 -1.3125545382499693 -0.81635904312133778 -1.2474552989006038 0.97444215416908275
decision_type= 2 2 2 2 2 2
left_child=2 -2 5 -4 -3 -1
right_child=1 4 3 -5 -6 -7
leaf_value= 0.014478369332583889 -0.0073030148844619629 -0.0049785608127726 0.0064715359579259283 0.00061484808318408102 -7.1766972537262749e-05 0.00039252045910071696
leaf_weight=105 303 455 378 1278 4001 33
leaf_count=105 303 455 378 1278 4001 33
model_size=704
internal_value=0 -0.0010013 0.00265619 0.0019517 -0.000572797 0.01111
internal_weight=0 4759 1794 1656 4456 138
internal_count=6553 4759 1794 1656 4456 138
is_linear=0
shrinkage=0.1


end of trees

feature_importances:
Column_2=41
Column_4=36
Column_6=32
Column_5=28
Column_1=20
Column_0=19
Column_3=18
Column_7=13

parameters:
[boosting: gbdt]
[objective: regression]
[metric: rmse]
[tree_learner: serial]
[device_type: cpu]
[data_sample_strategy: bagging]
[data: data/kin8nm.libsvm.train]
[valid: data/kin8nm.libsvm.test]
[num_iterations: 30]
[learning_rate: 0.1]
[num_leaves: 255]
[num_threads: 0]
[seed: 42]
[deterministic: 0]
[force_col_wise: 0]
[force_row_wise: 0]
[histogram_pool_size: -1]
[max_depth: 3]
[min_data_in_leaf: 10]
[min_sum_hessian_in_leaf: 0.001]
[bagging_fraction: 1]
[pos_bagging_fraction: 1]
[neg_bagging_fraction: 1]
[bagging_freq: 0]
[bagging_seed: 400]
[feature_fraction: 1]
[feature_fraction_bynode: 1]
[feature_fraction_seed: 30056]
[extra_trees: 0]
[extra_seed: 12879]
[early_stopping_round: 0]
[early_stopping_min_delta: 0]
[first_metric_only: 0]
[max_delta_step: 0]
[lambda_l1: 0]
[lambda_l2: 0]
[linear_lambda: 0]
[min_gain_to_split: 0]
[drop_rate: 0.1]
[max_drop: 50]
[skip_drop: 0.5]
[xgboost_dart_mode: 0]
[uniform_drop: 0]
[drop_seed: 17869]
[top_rate: 0.2]
[other_rate: 0.1]
[min_data_per_group: 100]
[max_cat_threshold: 32]
[cat_l2: 10]
[cat_smooth: 10]
[max_cat_to_onehot: 4]
[top_k: 20]
[monotone_constraints: ]
[monotone_constraints_method: basic]
[monotone_penalty: 0]
[feature_contri: ]
[forcedsplits_filename: ]
[refit_decay_rate: 0.9]
[tinygbdt_penalty_feature: 0.015625]
[tinygbdt_penalty_split: 0.000976562]
[tinygbdt_forestsize: 64000]
[tinygbdt_precision: 7]
[cegb_tradeoff: 1]
[cegb_penalty_split: 0]
[cegb_penalty_feature_lazy: ]
[cegb_penalty_feature_coupled: ]
[path_smooth: 0]
[interaction_constraints: ]
[verbosity: 2]
[saved_feature_importance_type: 0]
[use_quantized_grad: 0]
[num_grad_quant_bins: 4]
[quant_train_renew_leaf: 0]
[stochastic_rounding: 1]
[linear_tree: 0]
[max_bin: 255]
[max_bin_by_feature: ]
[min_data_in_bin: 3]
[bin_construct_sample_cnt: 200000]
[data_random_seed: 175]
[is_enable_sparse: 1]
[enable_bundle: 1]
[use_missing: 1]
[zero_as_missing: 0]
[feature_pre_filter: 1]
[pre_partition: 0]
[two_round: 0]
[header: 0]
[label_column: ]
[weight_column: ]
[group_column: ]
[ignore_column: ]
[categorical_feature: ]
[forcedbins_filename: ]
[precise_float_parser: 0]
[parser_config_file: ]
[objective_seed: 16083]
[num_class: 1]
[is_unbalance: 0]
[scale_pos_weight: 1]
[sigmoid: 1]
[boost_from_average: 1]
[reg_sqrt: 0]
[alpha: 0.9]
[fair_c: 1]
[poisson_max_delta_step: 0.7]
[tweedie_variance_power: 1.5]
[lambdarank_truncation_level: 30]
[lambdarank_norm: 1]
[label_gain: ]
[lambdarank_position_bias_regularization: 0]
[eval_at: ]
[multi_error_top_k: 1]
[auc_mu_weights: ]
[num_machines: 1]
[local_listen_port: 12400]
[time_out: 120]
[machine_list_filename: ]
[machines: ]
[gpu_platform_id: -1]
[gpu_device_id: -1]
[gpu_use_dp: 0]
[num_gpu: 1]

end of parameters
