tree
version=v4
num_class=1
num_tree_per_iteration=1
label_index=0
max_feature_idx=8
objective=regression
feature_names=Column_0 Column_1 Column_2 Column_3 Column_4 Column_5 Column_6 Column_7 Column_8
feature_infos=none [0.49990000000000001:15.0001] [1:52] [0.88888888888888884:141.90909090909091] [0.33333333333333331:25.63636363636364] [3:35682] [0.69230769230769229:1243.333333333333] [32.549999999999997:41.950000000000003] [-124.34999999999999:-114.31]
tree_sizes=5825 5929 5520 4920 5056 4635 2899 4437 4572 4655 2987 2835 4292 4156 3871 794 3875 2625 3948 2350 2349 660 2418 923 2210 378 2832

Tree=0
num_leaves= 40
num_cat= 0
full_tree_array_lgbids= 0 1 2 5 3 4 10 9 11 6 7 16 13 20 33 15 14 35 21 37 8 19 17 -2 18 -6 29 -4 -22 34 -35 -1 -17 27 -16 -7 -37 -13 31 -3 38 12 36 22 25 24 -19 -2147483648 -2147483648 -18 23 -2147483648 -2147483648 -15 -31 -2147483648 -2147483648 -2147483648 -2147483648 -12 -36 -2147483648 -2147483648 -2147483648 -2147483648 -2147483648 -2147483648 30 -29 -2147483648 -2147483648 -2147483648 -2147483648 -2147483648 -2147483648 -2147483648 -2147483648 32 -33 -2147483648 -2147483648 -39 -40 28 26 -10 -38 -5 -24 -21 -27 -9 -26 -2147483648 -2147483648 -2147483648 -2147483648 -2147483648 -2147483648 -2147483648 -2147483648 -20 -25 -2147483648 -2147483648 -2147483648 -2147483648 -2147483648 -2147483648 -2147483648 -2147483648 -2147483648 -2147483648 -2147483648 -2147483648 -2147483648 -2147483648 -2147483648 -2147483648 -2147483648 -2147483648 -2147483648 -2147483648 -2147483648 -2147483648 -2147483648 -2147483648 -2147483648 -2147483648 -2147483648 -2147483648 -2147483648 -2147483648 -2147483648 -2147483648 -11 -32 -2147483648 -2147483648 -2147483648 -2147483648 -2147483648 -2147483648 -2147483648 -2147483648 -2147483648 -2147483648 -2147483648 -2147483648 -2147483648 -2147483648 -2147483648 -2147483648 -2147483648 -2147483648 -23 -34 -2147483648 -2147483648 -2147483648 -2147483648 -2147483648 -2147483648 -2147483648 -2147483648 -2147483648 -2147483648 -8 -30 -14 -28 -2147483648 -2147483648 -2147483648 -2147483648 -2147483648 -2147483648 -2147483648 -2147483648 -2147483648 -2147483648 -2147483648 -2147483648 -2147483648 -2147483648 -2147483648 -2147483648 -2147483648 -2147483648 -2147483648 -2147483648 -2147483648 -2147483648 -2147483648 -2147483648 -2147483648 -2147483648 -2147483648 -2147483648 -2147483648 -2147483648 -2147483648 -2147483648 -2147483648 -2147483648 -2147483648 -2147483648 -2147483648 -2147483648 -2147483648 -2147483648 -2147483648 -2147483648 -2147483648 -2147483648 -2147483648 -2147483648 -2147483648 -2147483648 -2147483648 -2147483648 -2147483648 -2147483648 -2147483648 -2147483648 -2147483648 -2147483648 -2147483648 -2147483648 -2147483648 -2147483648 -2147483648 -2147483648 -2147483648 -2147483648 -2147483648 -2147483648 -2147483648 -2147483648 -2147483648 -2147483648 -2147483648 -2147483648 -2147483648 -2147483648 -2147483648 -2147483648 -2147483648 -2147483648 -2147483648 -2147483648 -2147483648 -2147483648 -2147483648 -2147483648
split_feature= 1 1 1 6 6 3 2 1 7 1 1 1 6 1 6 3 2 6 6 2 2 6 3 1 2 8 8 8 1 2 7 7 8 1 2 7 7 1 2
split_gain= 6956.71 1654.18 1261.15 945.323 400.437 287.385 202.995 181.919 156.254 150.083 125.232 106.001 97.7108 89.9752 81.7365 80.2637 76.7855 74.5016 64.2237 54.3941 42.2782 35.9306 35.331 29.0397 27.4057 22.7466 19.4228 18.2127 13.5485 12.6089 8.24005 7.60953 11.6283 2.46112 5.50173 2.36265 0.121829 0.0541642 4.12457
threshold= 5.0387000000000013 3.0679500000000002 6.8672000000000013 2.3489548886254448 2.671038674349933 4.3101408005062494 24.500000000000004 4.0775500000000013 37.815000000000005 2.2210000000000005 7.852450000000001 2.4115000000000006 1.9628175980828908 5.7307500000000013 2.4907552973342448 3.449226804123712 19.500000000000004 2.9005380231986346 2.0653737590585881 43.500000000000007 26.500000000000004 2.2906328481453726 5.1186051221335997 5.8308000000000009 41.500000000000007 -122.40499999999999 -117.88499999999998 -118.26499999999999 3.4298000000000006 27.500000000000004 37.815000000000005 34.525000000000013 -117.77499999999999 8.7395500000000013 28.500000000000004 35.335000000000008 37.995000000000012 3.5330000000000008 18.500000000000004
decision_type= 2 2 2 2 2 2 2 2 2 2 2 2 2 2 2 2 2 2 2 2 2 2 2 2 2 2 2 2 2 2 2 2 2 2 2 2 2 2 2
left_child=1 5 4 6 16 9 37 19 12 15 20 35 28 -6 27 -1 -2 24 -18 22 -4 -13 -5 -20 -9 -21 -14 30 -8 -15 -11 32 -23 34 -12 -7 -10 -3 -39
right_child=2 3 10 7 13 11 8 17 36 14 33 21 26 29 -16 -17 18 -19 23 25 -22 31 -24 -25 -26 -27 -28 -29 -30 -31 -32 -33 -34 -35 -36 -37 -38 38 -40
leaf_value= 2.0405687631288161 2.1558599736411375 2.0619325518895399 2.2105021416414852 2.0474118544579003 2.0994046620642437 1.9807571227445304 2.1965323452694219 2.0892426552552306 2.1212005317600884 2.1406373236940905 2.2611911907323741 2.043693994763716 2.1803908632616107 2.1410397950488846 2.0327038778370752 1.9814897297846104 2.3293276008777508 2.055796547371648 2.1893908157405639 2.1470309877511444 2.2958198799055269 2.0423423215696768 2.0155083659287123 2.255568014458782 2.1540272791155655 2.0584465939763881 2.0853910788377314 2.0508470150556986 2.2845502876908457 2.1974100577568745 2.0404662446165749 1.9795206760962585 1.9852344261613879 2.3422574193033054 2.3423931801380187 1.9518240180001829 2.0318246126680579 2.0905904528987551 2.1592166787599623
leaf_weight=503 248 198 263 1181 828 636 90 844 87 227 147 309 402 586 767 899 91 1158 322 94 168 272 1536 250 172 283 67 153 174 187 50 944 275 365 97 1194 76 254 115
leaf_count=503 248 198 263 1181 828 636 90 844 87 227 147 309 402 586 767 899 91 1158 322 94 168 272 1536 250 172 283 67 153 174 187 50 944 275 365 97 1194 76 254 115
model_size=4400
internal_value=2.07195 2.03789 2.19622 2.07259 2.15739 2.00039 2.1449 2.05251 2.17679 2.02716 2.28999 1.98123 2.19841 2.12609 2.05582 2.00269 2.2124 2.07655 2.23355 2.03561 2.24376 2.0009 2.02938 2.21831 2.10021 2.08053 2.16682 2.09704 2.25454 2.15468 2.12256 1.99203 2.01363 2.32271 2.29347 1.96188 2.07953 2.0945 2.11198
internal_weight=0 12960 3552 6731 2512 6229 1463 5268 896 2599 1040 3630 733 1601 1197 1402 911 2174 663 3094 431 1800 2717 572 1016 377 469 430 264 773 277 1491 547 609 244 1830 163 567 369
internal_count=16512 12960 3552 6731 2512 6229 1463 5268 896 2599 1040 3630 733 1601 1197 1402 911 2174 663 3094 431 1800 2717 572 1016 377 469 430 264 773 277 1491 547 609 244 1830 163 567 369
is_linear=0
shrinkage=1


Tree=1
num_leaves= 39
num_cat= 0
full_tree_array_lgbids= 0 1 2 5 3 4 14 16 6 7 10 19 15 21 -16 17 -18 9 12 8 -9 22 23 -2 24 28 25 -4 -23 -2147483648 -2147483648 26 -19 -2147483648 -2147483648 18 -11 13 35 29 11 -2147483648 -2147483648 31 34 33 -25 -2147483648 -2147483648 -21 36 -6 -30 -17 -27 -2147483648 -2147483648 -2147483648 -2147483648 -2147483648 -2147483648 -2147483648 -2147483648 -1 27 -2147483648 -2147483648 -2147483648 -2147483648 -2147483648 -2147483648 37 -20 -2147483648 -2147483648 20 -15 -14 -37 30 -31 -10 32 -2147483648 -2147483648 -2147483648 -2147483648 -5 -33 -24 -36 -12 -35 -2147483648 -2147483648 -2147483648 -2147483648 -2147483648 -2147483648 -2147483648 -2147483648 -26 -38 -2147483648 -2147483648 -2147483648 -2147483648 -2147483648 -2147483648 -2147483648 -2147483648 -2147483648 -2147483648 -2147483648 -2147483648 -2147483648 -2147483648 -2147483648 -2147483648 -2147483648 -2147483648 -2147483648 -2147483648 -2147483648 -2147483648 -2147483648 -2147483648 -2147483648 -2147483648 -28 -29 -2147483648 -2147483648 -2147483648 -2147483648 -2147483648 -2147483648 -2147483648 -2147483648 -2147483648 -2147483648 -2147483648 -2147483648 -7 -39 -2147483648 -2147483648 -2147483648 -2147483648 -2147483648 -2147483648 -8 -22 -2147483648 -2147483648 -2147483648 -2147483648 -2147483648 -2147483648 -3 -32 -2147483648 -2147483648 -2147483648 -2147483648 -13 -34 -2147483648 -2147483648 -2147483648 -2147483648 -2147483648 -2147483648 -2147483648 -2147483648 -2147483648 -2147483648 -2147483648 -2147483648 -2147483648 -2147483648 -2147483648 -2147483648 -2147483648 -2147483648 -2147483648 -2147483648 -2147483648 -2147483648 -2147483648 -2147483648 -2147483648 -2147483648 -2147483648 -2147483648 -2147483648 -2147483648 -2147483648 -2147483648 -2147483648 -2147483648 -2147483648 -2147483648 -2147483648 -2147483648 -2147483648 -2147483648 -2147483648 -2147483648 -2147483648 -2147483648 -2147483648 -2147483648 -2147483648 -2147483648 -2147483648 -2147483648 -2147483648 -2147483648 -2147483648 -2147483648 -2147483648 -2147483648 -2147483648 -2147483648 -2147483648 -2147483648 -2147483648 -2147483648 -2147483648 -2147483648 -2147483648 -2147483648 -2147483648 -2147483648 -2147483648 -2147483648 -2147483648 -2147483648 -2147483648 -2147483648 -2147483648 -2147483648 -2147483648 -2147483648 -2147483648 -2147483648 -2147483648 -2147483648 -2147483648 -2147483648 -2147483648 -2147483648 -2147483648 -2147483648
split_feature= 1 1 1 6 6 6 7 7 2 8 1 6 8 7 1 1 7 8 6 2 8 2 2 6 6 2 7 8 6 8 7 3 8 2 8 8 1 7
split_gain= 5626.42 1335.81 1013.04 758.938 321.816 254.772 176.155 164.298 163.568 131.139 108.568 106.719 93.8541 115.505 93.2195 86.3626 77.7113 86.7489 71.2473 51.636 49.3659 47.1551 36.5965 32.5162 25.1539 21.9112 19.2548 31.9183 14.2006 13.473 17.2945 11.4511 11.4236 8.37126 7.05502 4.8407 0.489017 0.166047
threshold= 5.0387000000000013 3.1261000000000005 6.8672000000000013 2.4136952392348086 2.5763869593405579 2.1628386478062818 34.455000000000005 37.935000000000009 24.500000000000004 -117.77499999999999 4.1119000000000012 1.9628175980828908 -121.63499999999998 37.915000000000006 8.4454500000000028 5.8308000000000009 37.945000000000007 -118.24499999999999 3.442186331338819 21.500000000000004 -122.33499999999999 26.500000000000004 44.500000000000007 2.9291766686969298 2.0653737590585881 27.500000000000004 34.655000000000008 -120.02499999999999 2.9742256672023202 -118.29499999999999 34.155000000000008 5.1514547869129546 -122.33499999999999 42.500000000000007 -122.40499999999999 -119.94499999999998 5.5682000000000009 34.045000000000009
decision_type= 2 2 2 2 2 2 2 2 2 2 2 2 2 2 2 2 2 2 2 2 2 2 2 2 2 2 2 2 2 2 2 2 2 2 2 2 2 2
left_child=1 5 4 7 19 16 9 8 29 18 22 -10 13 20 21 28 17 26 37 -2 -8 -4 31 33 -21 -17 -1 -28 -6 30 -3 -5 -13 -12 -24 -14 -26 -7
right_child=2 3 14 10 15 6 12 -9 11 -11 23 32 35 -15 -16 25 -18 -19 -20 24 -22 -23 34 -25 36 -27 27 -29 -30 -31 -32 -33 -34 -35 -36 -37 -38 -39
leaf_value= 0.088905597877718748 0.084744883563069862 0.14252384118082231 0.13719190780792143 -0.022923803746691784 0.055224303761497145 -0.026736455006591442 0.062057756344162808 -0.022662504690588784 0.16789762428889499 -0.086745621265224018 0.013343390117455334 0.15316060340404514 -0.095358169870277995 -0.097062197165715319 0.23830663572970623 0.066607736207544802 -0.073256532576079031 -0.039489628816489132 -0.056418129154610211 0.23644229949906817 -0.042830382573270646 0.2117248531396887 0.071997750654470102 -0.014707765010809351 0.11142210116402972 0.12715199083241441 0.035244025791172494 -0.10832091185607409 0.011700731284818239 -0.0032243517232512483 0.03469254737725308 -0.050192797519986655 0.069510652413419277 0.075361057274946672 -0.010309029325028999 -0.1259944115227056 0.17120754930751222 0.014766734939021312
leaf_weight=155 216 57 368 1109 470 441 95 236 258 899 770 75 1076 602 426 550 233 325 973 86 391 246 86 1060 180 215 223 38 574 254 215 1426 540 132 222 692 221 377
leaf_count=155 216 57 368 1109 470 441 95 236 258 899 770 75 1076 602 426 550 233 325 973 86 391 246 86 1060 180 215 223 38 574 254 215 1426 540 132 222 692 221 377
model_size=4288
internal_value=0 -0.0306532 0.111843 0.0020642 0.076901 -0.0629691 -0.0717957 0.062236 0.0765577 -0.0517111 -0.0184105 0.105774 -0.0907129 -0.0636789 0.19624 0.0534238 -0.0127098 0.00632856 -0.0341254 0.137314 -0.0223276 0.167054 -0.0327451 0.00236077 0.16063 0.0836234 0.042124 0.0143419 0.0312947 0.028068 0.0572895 -0.0382633 0.0797119 0.0224191 0.0126727 -0.107349 0.144371 -0.00760846
internal_weight=0 12960 3552 6440 2512 6520 5546 1635 1399 2690 4805 873 2856 1088 1040 1809 974 741 1791 703 486 614 2843 1962 487 765 416 261 1044 526 272 2535 615 902 308 1768 401 818
internal_count=16512 12960 3552 6440 2512 6520 5546 1635 1399 2690 4805 873 2856 1088 1040 1809 974 741 1791 703 486 614 2843 1962 487 765 416 261 1044 526 272 2535 615 902 308 1768 401 818
is_linear=0
shrinkage=0.1


Tree=2
num_leaves= 33
num_cat= 0
full_tree_array_lgbids= 0 1 3 4 2 5 26 14 7 6 8 18 17 30 -28 15 -16 9 11 -3 10 21 13 -2 24 -7 -19 -5 -32 -2147483648 -2147483648 28 -17 -2147483648 -2147483648 16 -11 12 -13 -2147483648 -2147483648 19 -12 22 -23 31 25 -2147483648 -2147483648 -20 -26 -2147483648 -2147483648 -2147483648 -2147483648 -2147483648 -2147483648 -2147483648 -2147483648 -2147483648 -2147483648 -2147483648 -2147483648 -1 29 -2147483648 -2147483648 -2147483648 -2147483648 -2147483648 -2147483648 -6 -18 -2147483648 -2147483648 20 -14 -2147483648 -2147483648 -2147483648 -2147483648 -2147483648 -2147483648 27 -21 -2147483648 -2147483648 -4 23 -2147483648 -2147483648 -10 -33 -15 -27 -2147483648 -2147483648 -2147483648 -2147483648 -2147483648 -2147483648 -2147483648 -2147483648 -2147483648 -2147483648 -2147483648 -2147483648 -2147483648 -2147483648 -2147483648 -2147483648 -2147483648 -2147483648 -2147483648 -2147483648 -2147483648 -2147483648 -2147483648 -2147483648 -2147483648 -2147483648 -2147483648 -2147483648 -2147483648 -2147483648 -2147483648 -2147483648 -2147483648 -2147483648 -30 -31 -2147483648 -2147483648 -2147483648 -2147483648 -2147483648 -2147483648 -2147483648 -2147483648 -2147483648 -2147483648 -2147483648 -2147483648 -2147483648 -2147483648 -2147483648 -2147483648 -2147483648 -2147483648 -2147483648 -2147483648 -9 -22 -2147483648 -2147483648 -2147483648 -2147483648 -2147483648 -2147483648 -2147483648 -2147483648 -2147483648 -2147483648 -2147483648 -2147483648 -2147483648 -2147483648 -8 -29 -2147483648 -2147483648 -2147483648 -2147483648 -2147483648 -2147483648 -2147483648 -2147483648 -24 -25 -2147483648 -2147483648 -2147483648 -2147483648 -2147483648 -2147483648 -2147483648 -2147483648 -2147483648 -2147483648 -2147483648 -2147483648 -2147483648 -2147483648 -2147483648 -2147483648 -2147483648 -2147483648 -2147483648 -2147483648 -2147483648 -2147483648 -2147483648 -2147483648 -2147483648 -2147483648 -2147483648 -2147483648 -2147483648 -2147483648 -2147483648 -2147483648 -2147483648 -2147483648 -2147483648 -2147483648 -2147483648 -2147483648 -2147483648 -2147483648 -2147483648 -2147483648 -2147483648 -2147483648 -2147483648 -2147483648 -2147483648 -2147483648 -2147483648 -2147483648 -2147483648 -2147483648 -2147483648 -2147483648 -2147483648 -2147483648 -2147483648 -2147483648 -2147483648 -2147483648 -2147483648 -2147483648 -2147483648 -2147483648 -2147483648 -2147483648 -2147483648 -2147483648 -2147483648 -2147483648 -2147483648 -2147483648 -2147483648 -2147483648 -2147483648 -2147483648
split_feature= 1 1 6 1 6 6 2 7 1 8 7 8 7 6 7 8 6 1 2 1 8 7 8 8 6 8 1 8 7 8 2 2
split_gain= 4561.42 1256.79 687.465 642.404 215.875 206.322 160.904 140.938 131.299 104.623 80.5804 79.0235 97.594 77.168 58.1782 67.0173 56.8232 55.3561 42.2024 34.8333 24.7724 23.1177 61.6156 18.3148 18.0364 15.6114 15.593 10.6573 10.3263 30.3443 6.29619 6.10283
threshold= 5.2771000000000017 3.1792500000000001 2.2982753493904258 7.3930000000000016 2.1628386478062818 2.7472725830126556 19.500000000000004 34.455000000000005 4.0612500000000002 -117.77499999999999 37.815000000000005 -121.63499999999998 38.665000000000006 2.6829812717770039 37.935000000000009 -118.25499999999998 3.1336552646136835 6.2770500000000009 21.500000000000004 3.8769000000000005 -122.38499999999998 37.945000000000007 -122.19499999999998 -117.60499999999998 2.2038024706228287 -121.895 8.7395500000000013 -122.40499999999999 34.655000000000008 -122.31499999999998 28.500000000000004 20.500000000000004
decision_type= 2 2 2 2 2 2 2 2 2 2 2 2 2 2 2 2 2 2 2 2 2 2 2 2 2 2 2 2 2 2 2 2
left_child=1 4 6 5 14 18 -3 9 21 16 19 12 20 31 15 28 -6 -7 -2 27 -9 22 -4 -24 -20 -15 30 -8 -1 -30 -5 -10
right_child=3 2 8 26 7 17 10 11 13 -11 -12 -13 -14 25 -16 -17 -18 -19 24 -21 -22 -23 23 -25 -26 -27 -28 -29 29 -31 -32 -33
leaf_value= 0.080786661256217474 0.077452010371302837 0.013771535054705032 0.057484799274545799 0.14288679715810401 0.0013357823758315566 0.036891070073128161 0.18162238215622695 0.028267984763801504 0.0015818753682721694 -0.077614761855687095 0.017357126251523591 -0.096406985096812878 -0.10090441670762487 0.02866164449651383 -0.064465695115718619 -0.034109802848837426 -0.045896406042719523 0.093361273326579189 0.2075931866273836 0.14875189559327232 -0.044323240790498451 -0.057066628259589094 -0.017303315064895533 -0.058487813347971221 0.12935704782915611 -0.012642234605520667 0.21944876598168728 0.073116730925074522 0.11975494829975829 -0.0095946997115635771 0.20833225766333141 0.054598096559385259
leaf_weight=167 262 370 154 264 634 857 46 147 208 928 141 1827 415 380 245 348 1237 435 108 360 566 530 1648 406 528 1596 365 330 49 226 164 571
leaf_count=167 262 370 154 264 634 857 46 147 208 928 141 1827 415 380 245 348 1237 435 108 360 566 530 1648 406 528 1596 365 330 49 226 164 571
model_size=3616
internal_value=0 -0.0247785 0.00625238 0.11238 -0.0555854 0.0836716 0.0750414 -0.0637636 -0.00936385 -0.045714 0.100891 -0.0808604 -0.0556799 0.00806496 -0.0101192 0.00673513 -0.0298915 0.0559039 0.123623 0.116894 -0.029357 -0.0269009 -0.01966 -0.025444 0.142642 -0.00469918 0.191661 0.0863914 0.0388936 0.0134531 0.167964 0.0404423
internal_weight=0 13529 6740 2983 6789 2190 1247 5754 5493 2799 877 2955 1128 2755 1035 790 1871 1292 898 736 713 2738 2208 2054 636 1976 793 376 442 275 428 779
internal_count=16512 13529 6740 2983 6789 2190 1247 5754 5493 2799 877 2955 1128 2755 1035 790 1871 1292 898 736 713 2738 2208 2054 636 1976 793 376 442 275 428 779
is_linear=0
shrinkage=0.1


Tree=3
num_leaves= 24
num_cat= 0
full_tree_array_lgbids= 0 1 2 5 3 6 8 17 13 4 7 19 -8 10 -10 -1 -19 -7 21 9 -6 18 14 -2 20 -2147483648 -2147483648 -4 -12 -2147483648 -2147483648 -2147483648 -2147483648 -2147483648 -2147483648 -2147483648 -2147483648 -15 -23 -3 11 -2147483648 -2147483648 -5 22 15 -16 -2147483648 -2147483648 -21 -22 -2147483648 -2147483648 -2147483648 -2147483648 -2147483648 -2147483648 -2147483648 -2147483648 -2147483648 -2147483648 -2147483648 -2147483648 -2147483648 -2147483648 -2147483648 -2147483648 -2147483648 -2147483648 -2147483648 -2147483648 -2147483648 -2147483648 -2147483648 -2147483648 -2147483648 -2147483648 -2147483648 -2147483648 -2147483648 -2147483648 -11 12 -2147483648 -2147483648 -2147483648 -2147483648 -2147483648 -2147483648 -20 -24 16 -17 -2147483648 -2147483648 -2147483648 -2147483648 -2147483648 -2147483648 -2147483648 -2147483648 -2147483648 -2147483648 -2147483648 -2147483648 -2147483648 -2147483648 -2147483648 -2147483648 -2147483648 -2147483648 -2147483648 -2147483648 -2147483648 -2147483648 -2147483648 -2147483648 -2147483648 -2147483648 -2147483648 -2147483648 -2147483648 -2147483648 -2147483648 -2147483648 -2147483648 -2147483648 -2147483648 -2147483648 -2147483648 -2147483648 -2147483648 -2147483648 -2147483648 -2147483648 -2147483648 -2147483648 -2147483648 -2147483648 -2147483648 -2147483648 -2147483648 -2147483648 -2147483648 -2147483648 -2147483648 -2147483648 -2147483648 -2147483648 -2147483648 -2147483648 -2147483648 -2147483648 -2147483648 -2147483648 -2147483648 -2147483648 -2147483648 -2147483648 -2147483648 -2147483648 -2147483648 -2147483648 -2147483648 -2147483648 -13 -14 -2147483648 -2147483648 -2147483648 -2147483648 -2147483648 -2147483648 -2147483648 -2147483648 -2147483648 -2147483648 -2147483648 -2147483648 -2147483648 -2147483648 -2147483648 -2147483648 -9 -18 -2147483648 -2147483648 -2147483648 -2147483648 -2147483648 -2147483648 -2147483648 -2147483648 -2147483648 -2147483648 -2147483648 -2147483648 -2147483648 -2147483648 -2147483648 -2147483648 -2147483648 -2147483648 -2147483648 -2147483648 -2147483648 -2147483648 -2147483648 -2147483648 -2147483648 -2147483648 -2147483648 -2147483648 -2147483648 -2147483648 -2147483648 -2147483648 -2147483648 -2147483648 -2147483648 -2147483648 -2147483648 -2147483648 -2147483648 -2147483648 -2147483648 -2147483648 -2147483648 -2147483648 -2147483648 -2147483648 -2147483648 -2147483648 -2147483648 -2147483648 -2147483648 -2147483648 -2147483648 -2147483648 -2147483648 -2147483648 -2147483648 -2147483648 -2147483648 -2147483648 -2147483648 -2147483648 -2147483648 -2147483648 -2147483648 -2147483648 -2147483648 -2147483648 -2147483648 -2147483648
split_feature= 1 1 1 6 7 3 6 1 1 8 2 2 1 1 6 7 8 6 3 2 6 6 2
split_gain= 3698.48 941.27 594.781 563.861 154.15 141.137 139.898 122.301 117.908 117.599 50.274 48.2769 50.6777 41.848 30.2367 23.0181 20.3318 18.1695 17.5359 12.052 17.986 4.43975 1.88793
threshold= 5.1326000000000009 2.7820000000000005 6.3963500000000009 2.4136952392348086 37.995000000000012 3.8792159595040387 2.735488224282792 3.8346500000000003 7.852450000000001 -122.35499999999998 26.500000000000004 19.500000000000004 3.8769000000000005 2.2210000000000005 3.016322398451238 37.875000000000007 -122.21499999999999 2.8941056667066012 4.8809487864875196 16.500000000000004 2.1628386478062818 2.2982753493904258 44.500000000000007
decision_type= 2 2 2 2 2 2 2 2 2 2 2 2 2 2 2 2 2 2 2 2 2 2 2
left_child=1 5 6 4 9 17 19 18 10 -3 -4 -11 -13 -7 15 16 -9 -1 -5 -2 -21 -15 -20
right_child=2 3 8 7 -6 13 -8 14 -10 11 -12 12 -14 21 -16 -17 -18 -19 22 20 -22 -23 -24
leaf_value= -0.0038986325142142397 0.04488049846519631 0.13594831775331723 0.090403503144720412 -0.017659671613982263 -0.034726251057792472 -0.084090781563939426 0.031748340992421964 0.093544746395722744 0.18402133289516609 0.0077454064947603905 0.15854686224021208 0.038373120856680563 0.095769339915544802 -0.023664662304695949 -0.018321548289664116 -0.025273891027253068 0.016085973657094361 -0.044519499687495835 -0.049700500216399622 0.17161860990204983 0.092984347864076639 -0.062314852779534746 0.0015644529013282803
leaf_weight=580 163 213 491 1239 271 1893 1115 107 609 451 312 739 426 358 1317 339 1151 833 1695 112 497 1432 169
leaf_count=580 163 213 491 1239 271 1893 1115 107 609 451 312 739 426 358 1317 339 1151 833 1695 112 497 1432 169
model_size=2608
internal_value=0 -0.02377 0.0952025 -0.00219743 0.0439023 -0.0581312 0.0573129 -0.0182867 0.145838 0.0555526 0.11688 0.0449558 0.0593609 -0.0697504 -0.00143208 0.0124962 0.0226743 -0.0278457 -0.0341148 0.0942358 0.107446 -0.0545848 -0.0450526
internal_weight=0 13213 3299 8117 2100 5096 1887 6017 1412 1829 803 1616 1165 3683 2914 1597 1258 1413 3103 772 609 1790 1864
internal_count=16512 13213 3299 8117 2100 5096 1887 6017 1412 1829 803 1616 1165 3683 2914 1597 1258 1413 3103 772 609 1790 1864
is_linear=0
shrinkage=0.1


Tree=4
num_leaves= 26
num_cat= 0
full_tree_array_lgbids= 0 1 3 4 2 5 -5 13 6 11 10 21 -7 -2147483648 -2147483648 14 -15 7 8 -3 12 20 18 -2 24 -2147483648 -2147483648 -2147483648 -2147483648 -2147483648 -2147483648 16 -16 -2147483648 -2147483648 15 -9 9 -10 -2147483648 -2147483648 -13 19 -4 -22 -12 22 -2147483648 -2147483648 -23 -26 -2147483648 -2147483648 -2147483648 -2147483648 -2147483648 -2147483648 -2147483648 -2147483648 -2147483648 -2147483648 -2147483648 -2147483648 -1 -18 -2147483648 -2147483648 -2147483648 -2147483648 -2147483648 -2147483648 -6 -17 -2147483648 -2147483648 17 -11 -2147483648 -2147483648 -2147483648 -2147483648 -2147483648 -2147483648 -2147483648 -2147483648 -14 -21 -2147483648 -2147483648 -2147483648 -2147483648 -2147483648 -2147483648 23 -24 -2147483648 -2147483648 -2147483648 -2147483648 -2147483648 -2147483648 -2147483648 -2147483648 -2147483648 -2147483648 -2147483648 -2147483648 -2147483648 -2147483648 -2147483648 -2147483648 -2147483648 -2147483648 -2147483648 -2147483648 -2147483648 -2147483648 -2147483648 -2147483648 -2147483648 -2147483648 -2147483648 -2147483648 -2147483648 -2147483648 -2147483648 -2147483648 -2147483648 -2147483648 -2147483648 -2147483648 -2147483648 -2147483648 -2147483648 -2147483648 -2147483648 -2147483648 -2147483648 -2147483648 -2147483648 -2147483648 -2147483648 -2147483648 -2147483648 -2147483648 -2147483648 -2147483648 -2147483648 -2147483648 -2147483648 -2147483648 -8 -19 -2147483648 -2147483648 -2147483648 -2147483648 -2147483648 -2147483648 -2147483648 -2147483648 -2147483648 -2147483648 -2147483648 -2147483648 -2147483648 -2147483648 -2147483648 -2147483648 -2147483648 -2147483648 -2147483648 -2147483648 -2147483648 -2147483648 -2147483648 -2147483648 -2147483648 -2147483648 -2147483648 -2147483648 -2147483648 -2147483648 -2147483648 -2147483648 -2147483648 -2147483648 -20 -25 -2147483648 -2147483648 -2147483648 -2147483648 -2147483648 -2147483648 -2147483648 -2147483648 -2147483648 -2147483648 -2147483648 -2147483648 -2147483648 -2147483648 -2147483648 -2147483648 -2147483648 -2147483648 -2147483648 -2147483648 -2147483648 -2147483648 -2147483648 -2147483648 -2147483648 -2147483648 -2147483648 -2147483648 -2147483648 -2147483648 -2147483648 -2147483648 -2147483648 -2147483648 -2147483648 -2147483648 -2147483648 -2147483648 -2147483648 -2147483648 -2147483648 -2147483648 -2147483648 -2147483648 -2147483648 -2147483648 -2147483648 -2147483648 -2147483648 -2147483648 -2147483648 -2147483648 -2147483648 -2147483648 -2147483648 -2147483648 -2147483648 -2147483648 -2147483648 -2147483648 -2147483648 -2147483648 -2147483648 -2147483648 -2147483648 -2147483648
split_feature= 1 1 6 1 6 6 7 8 8 7 1 2 6 7 8 6 8 8 2 7 2 2 8 7 4
split_gain= 3021.77 961.222 414.653 278.929 217.252 101.695 97.8847 95.0551 82.0581 86.8303 77.7894 77.6509 81.2269 68.6759 55.0107 50.3949 31.217 27.2782 20.5565 20.3487 15.6549 15.2341 5.55381 0.333032 0.0280045
threshold= 5.6042500000000013 3.4883000000000002 2.4136952392348086 7.7055000000000016 2.2352443515477258 3.0089663118548242 34.455000000000005 -117.77499999999999 -121.63499999999998 37.895000000000003 4.5301500000000017 20.500000000000004 1.9628175980828908 37.935000000000009 -117.145 3.4287187039764357 -122.33499999999999 -122.31499999999998 16.500000000000004 37.935000000000009 42.500000000000007 21.500000000000004 -117.65499999999999 37.915000000000006 1.0435797675926601
decision_type= 2 2 2 2 2 2 2 2 2 2 2 2 2 2 2 2 2 2 2 2 2 2 2 2 2
left_child=1 4 11 5 13 21 7 15 9 17 20 -3 -13 14 16 -6 -1 -8 -12 -14 -4 -2 23 -20 -23
right_child=3 2 10 -5 6 -7 8 -9 -10 -11 18 12 19 -15 -16 -17 -18 -19 22 -21 -22 24 -24 -25 -26
leaf_value= 0.11674656527796508 0.071278985212715765 0.019028501416868574 -0.020775518618203634 0.16279530398936859 0.00042428094399151828 0.044766950964976467 0.05572900123004907 -0.064441792359009764 -0.079473980222154433 -0.069078610691139547 -0.012592894979410874 0.14266298745770425 0.072953899812033943 -0.052782206169978522 -0.06059693666948654 -0.040211192802593693 0.015083002854969458 -0.024419399202997356 0.039844677704842638 -0.0071983764392383603 0.022399546726930123 0.10329490802641959 -0.029333567405192874 -0.014184109210290423 0.15305947784334423
leaf_weight=74 352 438 2425 670 1044 649 133 1041 1989 705 511 241 641 343 158 1136 913 475 1110 109 337 500 127 156 235
leaf_count=74 352 438 2425 670 1044 649 133 1041 1989 705 511 241 641 343 158 1136 913 475 1110 109 337 500 127 156 235
model_size=2832
internal_value=0 -0.017782 0.012751 0.104253 -0.0410125 0.0816592 -0.0495604 -0.0348714 -0.063889 -0.04028 -0.00235265 0.0620679 0.0810904 -0.00354072 0.0112102 -0.0207509 0.0227052 -0.00688694 0.0167303 0.0613051 -0.0155076 0.103686 0.0274871 0.0331871 0.119206
internal_weight=0 14106 6095 2406 8011 1736 6523 3221 3302 1313 4666 1429 991 1488 1145 2180 987 608 1904 750 2762 1087 1393 1266 735
internal_count=16512 14106 6095 2406 8011 1736 6523 3221 3302 1313 4666 1429 991 1488 1145 2180 987 608 1904 750 2762 1087 1393 1266 735
is_linear=0
shrinkage=0.1


Tree=5
num_leaves= 20
num_cat= 0
full_tree_array_lgbids= 0 2 1 5 3 4 7 -1 18 6 8 15 14 13 -9 -2147483648 -2147483648 -7 -20 -4 11 9 -10 -2 17 -6 -16 -3 -15 -2147483648 -2147483648 -2147483648 -2147483648 -2147483648 -2147483648 -2147483648 -2147483648 -2147483648 -2147483648 -2147483648 -2147483648 16 -13 -5 10 -2147483648 -2147483648 -2147483648 -2147483648 -17 -19 -2147483648 -2147483648 -2147483648 -2147483648 -2147483648 -2147483648 -2147483648 -2147483648 -2147483648 -2147483648 -2147483648 -2147483648 -2147483648 -2147483648 -2147483648 -2147483648 -2147483648 -2147483648 -2147483648 -2147483648 -2147483648 -2147483648 -2147483648 -2147483648 -2147483648 -2147483648 -2147483648 -2147483648 -2147483648 -2147483648 -2147483648 -2147483648 -8 -18 -2147483648 -2147483648 -2147483648 -2147483648 12 -12 -2147483648 -2147483648 -2147483648 -2147483648 -2147483648 -2147483648 -2147483648 -2147483648 -2147483648 -2147483648 -2147483648 -2147483648 -2147483648 -2147483648 -2147483648 -2147483648 -2147483648 -2147483648 -2147483648 -2147483648 -2147483648 -2147483648 -2147483648 -2147483648 -2147483648 -2147483648 -2147483648 -2147483648 -2147483648 -2147483648 -2147483648 -2147483648 -2147483648 -2147483648 -2147483648 -2147483648 -2147483648 -2147483648 -2147483648 -2147483648 -2147483648 -2147483648 -2147483648 -2147483648 -2147483648 -2147483648 -2147483648 -2147483648 -2147483648 -2147483648 -2147483648 -2147483648 -2147483648 -2147483648 -2147483648 -2147483648 -2147483648 -2147483648 -2147483648 -2147483648 -2147483648 -2147483648 -2147483648 -2147483648 -2147483648 -2147483648 -2147483648 -2147483648 -2147483648 -2147483648 -2147483648 -2147483648 -2147483648 -2147483648 -2147483648 -2147483648 -2147483648 -2147483648 -2147483648 -2147483648 -2147483648 -2147483648 -2147483648 -2147483648 -2147483648 -2147483648 -2147483648 -2147483648 -11 -14 -2147483648 -2147483648 -2147483648 -2147483648 -2147483648 -2147483648 -2147483648 -2147483648 -2147483648 -2147483648 -2147483648 -2147483648 -2147483648 -2147483648 -2147483648 -2147483648 -2147483648 -2147483648 -2147483648 -2147483648 -2147483648 -2147483648 -2147483648 -2147483648 -2147483648 -2147483648 -2147483648 -2147483648 -2147483648 -2147483648 -2147483648 -2147483648 -2147483648 -2147483648 -2147483648 -2147483648 -2147483648 -2147483648 -2147483648 -2147483648 -2147483648 -2147483648 -2147483648 -2147483648 -2147483648 -2147483648 -2147483648 -2147483648 -2147483648 -2147483648 -2147483648 -2147483648 -2147483648 -2147483648 -2147483648 -2147483648 -2147483648 -2147483648 -2147483648 -2147483648 -2147483648 -2147483648 -2147483648 -2147483648 -2147483648 -2147483648 -2147483648 -2147483648 -2147483648 -2147483648 -2147483648 -2147483648 -2147483648 -2147483648
split_feature= 1 1 1 6 6 3 2 1 7 8 6 7 7 2 6 2 1 6 1
split_gain= 2442.34 647.345 440.751 346.762 177.615 85.666 66.8791 64.1875 55.0042 132.354 45.9971 32.4504 32.4145 23.2886 18.8621 16.0793 9.87533 8.65437 8.03276
threshold= 4.5301500000000017 6.3350000000000009 2.5894500000000007 2.2038024706228287 2.5219735498882589 3.6482937607122259 24.500000000000004 7.852450000000001 38.455000000000005 -122.38499999999998 2.8273651247857257 37.815000000000005 34.525000000000013 26.500000000000004 3.0375944537846187 21.500000000000004 3.4105000000000003 2.0653737590585881 1.9486000000000003
decision_type= 2 2 2 2 2 2 2 2 2 2 2 2 2 2 2 2 2 2 2
left_child=2 4 5 6 15 -1 -4 13 9 -5 12 16 -11 -3 -6 -2 -8 -17 -7
right_child=1 7 3 8 14 18 11 -9 -10 10 -12 -13 -14 -15 -16 17 -18 -19 -20
leaf_value= -0.017734747836761468 0.041905265466017083 0.073624694821741082 0.004393598636596511 0.05313944183407926 0.035141296119723629 -0.075320053814397991 0.052992483239044069 0.14933966642676905 -0.053750636059801161 0.011221154011409657 -0.030803247238901346 -0.0024104473644966321 -0.025453131846664524 0.1293987289471413 0.0040902261862018558 0.15559799919187481 0.10999128498345744 0.082641251580266473 -0.050743773450186429
leaf_weight=872 267 530 472 348 1311 1326 335 609 723 1252 2981 132 959 335 1162 117 290 445 2046
leaf_count=872 267 530 472 348 1311 1326 335 609 723 1252 2981 132 959 335 1162 117 290 445 2046
model_size=2160
internal_value=0 0.0607851 -0.0247367 -0.00949663 0.0354307 -0.0516402 0.0418271 0.117583 -0.019568 -0.015107 -0.0196813 0.0651675 -0.00468597 0.095225 0.0205512 0.0798179 0.0794399 0.0978298 -0.0604081
internal_weight=0 4776 11736 7492 3302 4244 1229 1474 6263 5540 5192 757 2211 865 2473 829 625 562 3372
internal_count=16512 4776 11736 7492 3302 4244 1229 1474 6263 5540 5192 757 2211 865 2473 829 625 562 3372
is_linear=0
shrinkage=0.1


Tree=6
num_leaves= 17
num_cat= 0
full_tree_array_lgbids= 0 1 3 4 2 6 -5 13 7 5 10 -2 -8 -2147483648 -2147483648 -1 14 11 9 8 -7 15 -12 -2147483648 -2147483648 -2147483648 -2147483648 -2147483648 -2147483648 -2147483648 -2147483648 -2147483648 -2147483648 -15 -16 -6 -13 -9 -11 12 -10 -2147483648 -2147483648 -4 -17 -2147483648 -2147483648 -2147483648 -2147483648 -2147483648 -2147483648 -2147483648 -2147483648 -2147483648 -2147483648 -2147483648 -2147483648 -2147483648 -2147483648 -2147483648 -2147483648 -2147483648 -2147483648 -2147483648 -2147483648 -2147483648 -2147483648 -2147483648 -2147483648 -2147483648 -2147483648 -2147483648 -2147483648 -2147483648 -2147483648 -2147483648 -2147483648 -2147483648 -2147483648 -3 -14 -2147483648 -2147483648 -2147483648 -2147483648 -2147483648 -2147483648 -2147483648 -2147483648 -2147483648 -2147483648 -2147483648 -2147483648 -2147483648 -2147483648 -2147483648 -2147483648 -2147483648 -2147483648 -2147483648 -2147483648 -2147483648 -2147483648 -2147483648 -2147483648 -2147483648 -2147483648 -2147483648 -2147483648 -2147483648 -2147483648 -2147483648 -2147483648 -2147483648 -2147483648 -2147483648 -2147483648 -2147483648 -2147483648 -2147483648 -2147483648 -2147483648 -2147483648 -2147483648 -2147483648 -2147483648 -2147483648
split_feature= 1 1 6 1 6 7 6 1 8 3 1 3 6 2 7 8
split_gain= 2008.9 636.009 298.6 163.043 118.543 86.741 61.7323 60.4876 57.6445 37.9417 35.0784 32.6398 24.8654 7.80458 4.27667 0.0785144
threshold= 5.6042500000000013 3.3277500000000004 2.5288691539219195 7.3930000000000016 2.0376051459673437 37.935000000000009 2.6529733204757315 2.2210000000000005 -117.88499999999998 4.7252880533656763 4.5301500000000017 3.4845502266762112 2.0653737590585881 27.500000000000004 37.995000000000012 -122.40499999999999
decision_type= 2 2 2 2 2 2 2 2 2 2 2 2 2 2 2 2
left_child=1 4 5 6 13 8 -2 11 12 -9 15 -6 -3 -1 -15 -4
right_child=3 2 10 -5 7 -7 -8 9 -10 -11 -12 -13 -14 14 -16 -17
leaf_value= -0.017724121805624909 0.10113370312694425 0.094589986065892806 0.025674261833393133 0.1268892110420525 -0.018579983935095062 -0.017257553538788231 0.047245242735920887 -0.015871540118608179 0.0044168655993248674 -0.043758894879313753 0.0098851479269898394 -0.064511466715295993 0.04884542682670362 0.044941568994967179 -0.047173861357077844 -0.0201573322085081
leaf_weight=438 528 475 214 793 424 310 1085 1890 346 2221 1740 2048 953 345 64 2638
leaf_count=438 528 475 214 793 424 310 1085 1890 346 2221 1740 2048 953 345 64 2638
model_size=1824
internal_value=0 -0.0145529 0.00856467 0.0853212 -0.0353244 0.0420625 0.0648851 -0.0405868 0.0524285 -0.0309379 -0.00663776 -0.0566333 0.0640616 0.00557562 0.0305274 -0.0167184
internal_weight=0 14106 6676 2406 7430 2084 1613 6583 1774 4111 4592 2472 1428 847 409 2852
internal_count=16512 14106 6676 2406 7430 2084 1613 6583 1774 4111 4592 2472 1428 847 409 2852
is_linear=0
shrinkage=0.1


Tree=7
num_leaves= 17
num_cat= 0
full_tree_array_lgbids= 0 1 3 8 2 4 12 15 -10 10 5 -2 -6 -5 -14 -1 -17 -2147483648 -2147483648 -3 11 6 13 -2147483648 -2147483648 -2147483648 -2147483648 -2147483648 -2147483648 -2147483648 -2147483648 -2147483648 -2147483648 -2147483648 -2147483648 -2147483648 -2147483648 -2147483648 -2147483648 -2147483648 -2147483648 14 -13 7 -8 -7 -15 -2147483648 -2147483648 -2147483648 -2147483648 -2147483648 -2147483648 -2147483648 -2147483648 -2147483648 -2147483648 -2147483648 -2147483648 -2147483648 -2147483648 -2147483648 -2147483648 -2147483648 -2147483648 -2147483648 -2147483648 -2147483648 -2147483648 -2147483648 -2147483648 -2147483648 -2147483648 -2147483648 -2147483648 -2147483648 -2147483648 -2147483648 -2147483648 -2147483648 -2147483648 -2147483648 -2147483648 -12 -16 -2147483648 -2147483648 -4 9 -2147483648 -2147483648 -2147483648 -2147483648 -2147483648 -2147483648 -2147483648 -2147483648 -2147483648 -2147483648 -2147483648 -2147483648 -2147483648 -2147483648 -2147483648 -2147483648 -2147483648 -2147483648 -2147483648 -2147483648 -2147483648 -2147483648 -2147483648 -2147483648 -2147483648 -2147483648 -2147483648 -2147483648 -2147483648 -2147483648 -2147483648 -2147483648 -2147483648 -2147483648 -2147483648 -2147483648 -2147483648 -2147483648 -2147483648 -2147483648 -2147483648 -2147483648 -2147483648 -2147483648 -2147483648 -2147483648 -2147483648 -2147483648 -2147483648 -2147483648 -2147483648 -2147483648 -2147483648 -2147483648 -2147483648 -2147483648 -2147483648 -2147483648 -2147483648 -2147483648 -2147483648 -2147483648 -2147483648 -2147483648 -2147483648 -2147483648 -2147483648 -2147483648 -2147483648 -2147483648 -2147483648 -2147483648 -2147483648 -2147483648 -2147483648 -2147483648 -2147483648 -2147483648 -2147483648 -2147483648 -2147483648 -2147483648 -2147483648 -2147483648 -2147483648 -2147483648 -2147483648 -2147483648 -9 -11 -2147483648 -2147483648 -2147483648 -2147483648 -2147483648 -2147483648 -2147483648 -2147483648 -2147483648 -2147483648 -2147483648 -2147483648 -2147483648 -2147483648 -2147483648 -2147483648 -2147483648 -2147483648 -2147483648 -2147483648 -2147483648 -2147483648 -2147483648 -2147483648 -2147483648 -2147483648 -2147483648 -2147483648 -2147483648 -2147483648 -2147483648 -2147483648 -2147483648 -2147483648 -2147483648 -2147483648 -2147483648 -2147483648 -2147483648 -2147483648 -2147483648 -2147483648 -2147483648 -2147483648 -2147483648 -2147483648 -2147483648 -2147483648 -2147483648 -2147483648 -2147483648 -2147483648 -2147483648 -2147483648 -2147483648 -2147483648 -2147483648 -2147483648 -2147483648 -2147483648 -2147483648 -2147483648 -2147483648 -2147483648 -2147483648 -2147483648 -2147483648 -2147483648 -2147483648 -2147483648 -2147483648 -2147483648 -2147483648 -2147483648 -2147483648 -2147483648
split_feature= 1 1 6 1 6 8 7 8 3 7 2 7 2 7 6 6
split_gain= 1625.23 465.604 255.162 173.202 59.8377 57.381 104.98 79.7417 56.6902 50.595 48.9843 18.5247 9.76608 9.53467 3.53513 1.15465
threshold= 5.3736000000000006 2.8762500000000002 2.2634687595142249 6.8672000000000013 2.5498511575161031 -117.79499999999999 37.935000000000009 -122.24499999999999 4.2015099382944241 34.525000000000013 24.500000000000004 37.815000000000005 20.500000000000004 33.715000000000011 1.9322222929778572 3.0973600929976173
decision_type= 2 2 2 2 2 2 2 2 2 2 2 2 2 2 2 2
left_child=1 8 10 4 -2 6 7 -4 15 -9 -3 14 -5 -7 -12 -1
right_child=3 2 5 12 -6 13 -8 9 -10 -11 11 -13 -14 -15 -16 -17
leaf_value= -0.0062160129264763478 0.090645698534193839 0.011132399846017001 0.061612825096033157 0.0777437813865135 0.035056300974628828 -0.014242679960884606 -0.032647709704635451 0.013339664176956798 -0.048905820408753783 -0.017744461216828961 0.10642745819006667 0.0040838503473866229 0.12385039599589001 -0.056210287248675342 0.054842827832965936 -0.034946219893117407
leaf_weight=1008 441 567 368 392 1312 627 1227 2523 3313 1552 277 148 648 553 455 1101
leaf_count=1008 441 567 368 392 1312 627 1227 2523 3313 1552 277 148 648 553 455 1101
model_size=1824
internal_value=0 -0.0143377 0.00121336 0.0704258 0.0490409 -0.00748658 -0.00198742 0.00647988 -0.0381347 0.001501 0.0423983 0.0625435 0.106472 -0.0339106 0.0743632 -0.0212146
internal_weight=0 13719 8297 2793 1753 6850 5670 4443 5422 4075 1447 880 1040 1180 732 2109
internal_count=16512 13719 8297 2793 1753 6850 5670 4443 5422 4075 1447 880 1040 1180 732 2109
is_linear=0
shrinkage=0.1


Tree=8
num_leaves= 19
num_cat= 0
full_tree_array_lgbids= 0 2 1 10 3 4 12 -1 -12 11 5 17 -6 13 -14 -2147483648 -2147483648 -2147483648 -2147483648 -4 -13 8 6 -2 -19 -2147483648 -2147483648 -3 -15 -2147483648 -2147483648 -2147483648 -2147483648 -2147483648 -2147483648 -2147483648 -2147483648 -2147483648 -2147483648 -2147483648 -2147483648 -2147483648 -2147483648 15 -10 7 9 -2147483648 -2147483648 -2147483648 -2147483648 -2147483648 -2147483648 -2147483648 -2147483648 -2147483648 -2147483648 -2147483648 -2147483648 -2147483648 -2147483648 -2147483648 -2147483648 -2147483648 -2147483648 -2147483648 -2147483648 -2147483648 -2147483648 -2147483648 -2147483648 -2147483648 -2147483648 -2147483648 -2147483648 -2147483648 -2147483648 -2147483648 -2147483648 -2147483648 -2147483648 -2147483648 -2147483648 -2147483648 -2147483648 -2147483648 -2147483648 -5 16 -2147483648 -2147483648 -7 14 -8 -11 -2147483648 -2147483648 -2147483648 -2147483648 -2147483648 -2147483648 -2147483648 -2147483648 -2147483648 -2147483648 -2147483648 -2147483648 -2147483648 -2147483648 -2147483648 -2147483648 -2147483648 -2147483648 -2147483648 -2147483648 -2147483648 -2147483648 -2147483648 -2147483648 -2147483648 -2147483648 -2147483648 -2147483648 -2147483648 -2147483648 -2147483648 -2147483648 -2147483648 -2147483648 -2147483648 -2147483648 -2147483648 -2147483648 -2147483648 -2147483648 -2147483648 -2147483648 -2147483648 -2147483648 -2147483648 -2147483648 -2147483648 -2147483648 -2147483648 -2147483648 -2147483648 -2147483648 -2147483648 -2147483648 -2147483648 -2147483648 -2147483648 -2147483648 -2147483648 -2147483648 -2147483648 -2147483648 -2147483648 -2147483648 -2147483648 -2147483648 -2147483648 -2147483648 -2147483648 -2147483648 -2147483648 -2147483648 -2147483648 -2147483648 -2147483648 -2147483648 -2147483648 -2147483648 -2147483648 -2147483648 -2147483648 -2147483648 -17 -18 -2147483648 -2147483648 -2147483648 -2147483648 -2147483648 -2147483648 -9 -16 -2147483648 -2147483648 -2147483648 -2147483648 -2147483648 -2147483648 -2147483648 -2147483648 -2147483648 -2147483648 -2147483648 -2147483648 -2147483648 -2147483648 -2147483648 -2147483648 -2147483648 -2147483648 -2147483648 -2147483648 -2147483648 -2147483648 -2147483648 -2147483648 -2147483648 -2147483648 -2147483648 -2147483648 -2147483648 -2147483648 -2147483648 -2147483648 -2147483648 -2147483648 -2147483648 -2147483648 -2147483648 -2147483648 -2147483648 -2147483648 -2147483648 -2147483648 -2147483648 -2147483648 -2147483648 -2147483648 -2147483648 -2147483648 -2147483648 -2147483648 -2147483648 -2147483648 -2147483648 -2147483648 -2147483648 -2147483648 -2147483648 -2147483648 -2147483648 -2147483648 -2147483648 -2147483648 -2147483648 -2147483648 -2147483648 -2147483648 -2147483648 -2147483648
split_feature= 1 1 1 6 6 8 7 8 7 8 3 2 2 1 8 8 7 2
split_gain= 1339.47 292.146 249.864 192.019 87.0983 47.7502 139.145 98.6967 67.9516 34.6347 30.9083 26.2503 25.0754 13.1622 7.34317 3.96815 4.64285 2.92264
threshold= 4.6754000000000007 6.3350000000000009 2.5205000000000006 2.0653737590585881 2.735488224282792 -121.85499999999998 34.455000000000005 -118.30499999999999 37.925000000000004 -119.94499999999998 3.3654435698213785 19.500000000000004 29.500000000000004 9.1688500000000008 -117.56499999999998 -122.31499999999998 37.57500000000001 21.500000000000004
decision_type= 2 2 2 2 2 2 2 2 2 2 2 2 2 2 2 2 2 2
left_child=2 4 10 11 17 8 7 -7 15 -8 -1 -4 13 -3 -9 -5 -17 -2
right_child=1 12 3 5 -6 6 9 14 -10 -11 -12 -13 -14 -15 -16 16 -18 -19
leaf_value= -0.0056408962259984945 0.024741074752470494 0.059150758456643616 -0.0020682754161368525 0.06163632322590834 0.01110896240350754 0.030642072827623601 -0.030941013919933709 -0.0068078470290567784 -0.023929689877936661 -0.075297542877779247 -0.045419418316422766 0.057695517333312955 0.11467799560027366 0.12506657385678502 -0.0346853007795885 0.041646195907825458 -0.012565863499919342 0.067569862468875308
leaf_weight=542 363 764 273 312 1737 831 1390 1926 643 551 3369 668 554 156 977 324 327 805
leaf_count=542 363 764 273 312 1737 831 1390 1926 643 551 3369 668 554 156 977 324 327 805
model_size=2048
internal_value=0 0.0481626 -0.0173827 -0.00666855 0.0284582 -0.0127462 -0.0186842 -0.00576751 0.00823666 -0.0435327 -0.0399068 0.040357 0.0869967 0.0703278 -0.01619 0.0297143 0.0144153 0.0542592
internal_weight=0 4379 12133 8222 2905 7281 5675 3734 1606 1941 3911 941 1474 920 2903 963 651 1168
internal_count=16512 4379 12133 8222 2905 7281 5675 3734 1606 1941 3911 941 1474 920 2903 963 651 1168
is_linear=0
shrinkage=0.1


Tree=9
num_leaves= 20
num_cat= 0
full_tree_array_lgbids= 0 2 1 10 4 3 7 11 -12 8 5 9 6 12 -9 -1 -13 -2147483648 -2147483648 17 -10 13 -7 -2 -11 18 -8 -3 -14 -2147483648 -2147483648 -2147483648 -2147483648 -2147483648 -2147483648 -2147483648 -2147483648 -2147483648 -2147483648 -4 -19 -2147483648 -2147483648 15 14 -2147483648 -2147483648 -2147483648 -2147483648 -2147483648 -2147483648 -5 -20 -2147483648 -2147483648 -2147483648 -2147483648 -2147483648 -2147483648 -2147483648 -2147483648 -2147483648 -2147483648 -2147483648 -2147483648 -2147483648 -2147483648 -2147483648 -2147483648 -2147483648 -2147483648 -2147483648 -2147483648 -2147483648 -2147483648 -2147483648 -2147483648 -2147483648 -2147483648 -2147483648 -2147483648 -2147483648 -2147483648 -2147483648 -2147483648 -2147483648 -2147483648 -6 -17 16 -16 -2147483648 -2147483648 -2147483648 -2147483648 -2147483648 -2147483648 -2147483648 -2147483648 -2147483648 -2147483648 -2147483648 -2147483648 -2147483648 -2147483648 -2147483648 -2147483648 -2147483648 -2147483648 -2147483648 -2147483648 -2147483648 -2147483648 -2147483648 -2147483648 -2147483648 -2147483648 -2147483648 -2147483648 -2147483648 -2147483648 -2147483648 -2147483648 -2147483648 -2147483648 -2147483648 -2147483648 -2147483648 -2147483648 -2147483648 -2147483648 -2147483648 -2147483648 -2147483648 -2147483648 -2147483648 -2147483648 -2147483648 -2147483648 -2147483648 -2147483648 -2147483648 -2147483648 -2147483648 -2147483648 -2147483648 -2147483648 -2147483648 -2147483648 -2147483648 -2147483648 -2147483648 -2147483648 -2147483648 -2147483648 -2147483648 -2147483648 -2147483648 -2147483648 -2147483648 -2147483648 -2147483648 -2147483648 -2147483648 -2147483648 -2147483648 -2147483648 -2147483648 -2147483648 -2147483648 -2147483648 -2147483648 -2147483648 -2147483648 -2147483648 -2147483648 -2147483648 -2147483648 -2147483648 -15 -18 -2147483648 -2147483648 -2147483648 -2147483648 -2147483648 -2147483648 -2147483648 -2147483648 -2147483648 -2147483648 -2147483648 -2147483648 -2147483648 -2147483648 -2147483648 -2147483648 -2147483648 -2147483648 -2147483648 -2147483648 -2147483648 -2147483648 -2147483648 -2147483648 -2147483648 -2147483648 -2147483648 -2147483648 -2147483648 -2147483648 -2147483648 -2147483648 -2147483648 -2147483648 -2147483648 -2147483648 -2147483648 -2147483648 -2147483648 -2147483648 -2147483648 -2147483648 -2147483648 -2147483648 -2147483648 -2147483648 -2147483648 -2147483648 -2147483648 -2147483648 -2147483648 -2147483648 -2147483648 -2147483648 -2147483648 -2147483648 -2147483648 -2147483648 -2147483648 -2147483648 -2147483648 -2147483648 -2147483648 -2147483648 -2147483648 -2147483648 -2147483648 -2147483648 -2147483648 -2147483648 -2147483648 -2147483648 -2147483648 -2147483648
split_feature= 1 1 6 6 1 2 6 1 7 2 7 8 2 7 8 8 7 8 7
split_gain= 1084.19 331.039 131.553 125.033 78.2623 17.7935 17.1028 17.095 16.802 15.5384 15.2544 49.8038 10.2209 10.0694 58.0567 32.4886 27.4286 4.83903 0.472183
threshold= 4.125700000000001 6.2770500000000009 2.0376051459673437 2.4469862317432325 2.3756000000000004 51.500000000000007 3.1336552646136835 8.7395500000000013 35.335000000000008 16.500000000000004 37.815000000000005 -118.25499999999998 27.500000000000004 34.455000000000005 -120.09499999999998 -118.28499999999998 37.915000000000006 -118.28499999999998 37.945000000000007
decision_type= 2 2 2 2 2 2 2 2 2 2 2 2 2 2 2 2 2 2 2
left_child=2 3 10 9 8 13 18 12 17 -2 11 -1 -3 15 16 -6 -15 -4 -5
right_child=1 7 4 6 5 -7 -8 -9 -10 -11 -12 -13 -14 14 -16 -17 -18 -19 -20
leaf_value= 0.0565000633625947 0.0105854650159881 0.04931198835753034 0.0037414631643030161 0.025551793369912274 0.019079456615952402 0.024082471904620317 -0.0083352066079819733 0.11288503648789779 -0.055536074368749459 0.069658208909608874 -0.024971804739165351 -0.0087395958760093286 0.093656905026765838 -5.7613180444168673e-05 -0.065957715032041744 -0.018261808524834829 -0.03527045297649644 -0.037288527801860746 -0.012511962898396201
leaf_weight=522 219 728 385 1886 714 355 1228 365 1458 765 262 381 443 1059 584 2359 1262 1171 366
leaf_count=522 219 728 385 1886 714 355 1228 365 1458 765 262 381 443 1059 584 2359 1262 1171 366
model_size=2160
internal_value=0 0.0345958 -0.0197464 0.0199333 -0.0243068 -0.0164218 0.00959071 0.0772084 -0.0408746 0.0565109 0.0168417 0.0289737 0.0660881 -0.0188271 -0.028603 -0.00958571 -0.0192039 -0.0271365 0.0193656
internal_weight=0 6000 10512 4464 9347 6333 3480 1536 3014 984 1165 903 1171 5978 2905 3073 2321 1556 2252
internal_count=16512 6000 10512 4464 9347 6333 3480 1536 3014 984 1165 903 1171 5978 2905 3073 2321 1556 2252
is_linear=0
shrinkage=0.1


Tree=10
num_leaves= 18
num_cat= 0
full_tree_array_lgbids= 0 1 2 4 3 5 -4 11 6 10 -5 13 -7 -2147483648 -2147483648 12 -13 7 8 15 -12 -2147483648 -2147483648 14 -15 -2147483648 -2147483648 -2147483648 -2147483648 -2147483648 -2147483648 -1 -14 -2147483648 -2147483648 16 -9 9 -10 -3 -17 -2147483648 -2147483648 -2147483648 -2147483648 -2147483648 -2147483648 -2 -16 -2147483648 -2147483648 -2147483648 -2147483648 -2147483648 -2147483648 -2147483648 -2147483648 -2147483648 -2147483648 -2147483648 -2147483648 -2147483648 -2147483648 -2147483648 -2147483648 -2147483648 -2147483648 -2147483648 -2147483648 -2147483648 -2147483648 -6 -18 -2147483648 -2147483648 -8 -11 -2147483648 -2147483648 -2147483648 -2147483648 -2147483648 -2147483648 -2147483648 -2147483648 -2147483648 -2147483648 -2147483648 -2147483648 -2147483648 -2147483648 -2147483648 -2147483648 -2147483648 -2147483648 -2147483648 -2147483648 -2147483648 -2147483648 -2147483648 -2147483648 -2147483648 -2147483648 -2147483648 -2147483648 -2147483648 -2147483648 -2147483648 -2147483648 -2147483648 -2147483648 -2147483648 -2147483648 -2147483648 -2147483648 -2147483648 -2147483648 -2147483648 -2147483648 -2147483648 -2147483648 -2147483648 -2147483648 -2147483648 -2147483648 -2147483648 -2147483648
split_feature= 1 1 1 6 6 6 7 8 8 7 6 7 8 7 8 2 6
split_gain= 885.361 194.897 122.019 100.003 58.0762 31.3598 16.4558 24.2523 22.7887 12.2549 11.6058 10.2748 8.90767 3.49055 7.91653 0.971004 0.00945371
threshold= 5.0116000000000005 3.5488500000000003 6.5626000000000007 2.7762783380468687 2.2982753493904258 2.9366774891774896 34.455000000000005 -117.77499999999999 -120.09499999999998 37.895000000000003 2.0231950334409352 38.515000000000008 -117.145 37.955000000000005 -117.85499999999998 16.500000000000004 3.442186331338819
decision_type= 2 2 2 2 2 2 2 2 2 2 2 2 2 2 2 2 2
left_child=1 4 5 10 11 13 7 16 9 -8 15 12 -1 14 -2 -3 -6
right_child=2 3 -4 -5 6 -7 8 -9 -10 -11 -12 -13 -14 -15 -16 -17 -18
leaf_value= 0.013413364468895876 0.061263220603065154 -0.00046058196652059755 0.073687569605288175 -0.011683267969811079 0.0059993202070555288 0.0080400827869695109 -0.012611541997791726 -0.040178318165862592 -0.062540279119880263 -0.043512698138309838 0.016507307990963439 -0.042487312049456792 -0.043649713158430088 -0.01031723085374057 0.0068738618523805283 0.078266241175324186 -0.022522873105501551
leaf_weight=1304 964 99 1288 2359 1058 1001 1079 1032 847 1338 1878 275 189 143 219 291 1148
leaf_count=1304 964 99 1288 2359 1058 1001 1079 1032 847 1338 1878 275 189 143 219 291 1148
model_size=1936
internal_value=0 -0.0125646 0.0448259 0.00565588 -0.0227588 0.0288508 -0.0285716 -0.0188305 -0.0382351 -0.0297178 0.0236907 -0.00138166 0.00618971 0.0445609 0.0511945 0.0582817 -0.0088436
internal_weight=0 12897 3615 4627 8270 2327 6502 3238 3264 2417 2268 1768 1493 1326 1183 390 2206
internal_count=16512 12897 3615 4627 8270 2327 6502 3238 3264 2417 2268 1768 1493 1326 1183 390 2206
is_linear=0
shrinkage=0.1


Tree=11
num_leaves= 16
num_cat= 0
full_tree_array_lgbids= 0 1 4 3 2 9 -6 5 10 7 -4 -2 -11 -2147483648 -2147483648 6 -7 11 12 -3 8 -2147483648 -2147483648 -2147483648 -2147483648 -2147483648 -2147483648 -2147483648 -2147483648 -2147483648 -2147483648 -1 14 -2147483648 -2147483648 -5 -13 13 -14 -2147483648 -2147483648 -9 -10 -2147483648 -2147483648 -2147483648 -2147483648 -2147483648 -2147483648 -2147483648 -2147483648 -2147483648 -2147483648 -2147483648 -2147483648 -2147483648 -2147483648 -2147483648 -2147483648 -2147483648 -2147483648 -2147483648 -2147483648 -2147483648 -2147483648 -8 -16 -2147483648 -2147483648 -2147483648 -2147483648 -2147483648 -2147483648 -2147483648 -2147483648 -12 -15 -2147483648 -2147483648 -2147483648 -2147483648 -2147483648 -2147483648 -2147483648 -2147483648 -2147483648 -2147483648 -2147483648 -2147483648 -2147483648 -2147483648 -2147483648 -2147483648 -2147483648 -2147483648 -2147483648 -2147483648 -2147483648 -2147483648 -2147483648 -2147483648 -2147483648 -2147483648 -2147483648 -2147483648 -2147483648 -2147483648 -2147483648 -2147483648 -2147483648 -2147483648 -2147483648 -2147483648 -2147483648 -2147483648 -2147483648 -2147483648 -2147483648 -2147483648 -2147483648 -2147483648 -2147483648 -2147483648 -2147483648 -2147483648 -2147483648 -2147483648
split_feature= 1 1 6 6 1 7 8 2 6 6 7 8 8 7 8
split_gain= 720.044 223.897 91.2444 50.74 38.137 22.7321 36.0966 13.1301 21.3563 8.59685 7.60421 7.72138 5.44107 1.34468 0.9718
threshold= 5.6042500000000013 3.6530500000000008 2.6829812717770039 2.4839226633581473 7.7055000000000016 37.895000000000003 -122.31499999999998 16.500000000000004 2.0653737590585881 3.0089663118548242 34.715000000000011 -117.79499999999999 -120.56499999999998 37.895000000000003 -117.145
decision_type= 2 2 2 2 2 2 2 2 2 2 2 2 2 2 2
left_child=1 3 7 5 9 6 -1 -3 -9 -2 11 -5 13 -12 -8
right_child=4 2 -4 10 -6 -7 14 8 -10 -11 12 -13 -14 -15 -16
leaf_value= 0.081884407040926116 0.054198559289829196 -0.0040541333380901771 -0.0044397011934146384 -0.0094636607992988758 0.082141105631755584 -0.029122151789488272 0.0069335549943382218 0.075896222548028677 0.02661747359338279 0.017702233336605089 -0.010669536149503908 -0.037368438647389403 -0.057297665008090304 -0.042213062901615063 -0.037184223931048276
leaf_weight=131 1087 451 3199 2206 670 793 1564 344 1382 649 862 992 858 1042 282
leaf_count=131 1087 451 3199 2206 670 793 1564 344 1382 649 862 992 858 1042 282
model_size=1712
internal_value=0 -0.00889247 0.00871701 -0.0197365 0.0521351 -0.00433534 0.00560697 0.0280502 0.036439 0.0405545 -0.0268944 -0.0181196 -0.0370545 -0.0279323 0.000194003
internal_weight=0 14106 5376 8730 2406 2770 1977 2177 1726 1736 5960 3198 2762 1904 1846
internal_count=16512 14106 5376 8730 2406 2770 1977 2177 1726 1736 5960 3198 2762 1904 1846
is_linear=0
shrinkage=0.1


Tree=12
num_leaves= 15
num_cat= 0
full_tree_array_lgbids= 0 2 1 3 13 5 10 4 -5 -4 -15 -2 11 -3 -12 -1 6 -2147483648 -2147483648 -2147483648 -2147483648 -2147483648 -2147483648 -2147483648 -2147483648 -7 12 -2147483648 -2147483648 -2147483648 -2147483648 -2147483648 -2147483648 7 -8 -2147483648 -2147483648 -2147483648 -2147483648 -2147483648 -2147483648 -2147483648 -2147483648 -2147483648 -2147483648 -2147483648 -2147483648 -2147483648 -2147483648 -2147483648 -2147483648 -2147483648 -2147483648 -13 -14 -2147483648 -2147483648 -2147483648 -2147483648 -2147483648 -2147483648 -2147483648 -2147483648 -2147483648 -2147483648 -2147483648 -2147483648 9 8 -2147483648 -2147483648 -2147483648 -2147483648 -2147483648 -2147483648 -2147483648 -2147483648 -2147483648 -2147483648 -2147483648 -2147483648 -2147483648 -2147483648 -2147483648 -2147483648 -2147483648 -2147483648 -2147483648 -2147483648 -2147483648 -2147483648 -2147483648 -2147483648 -2147483648 -2147483648 -2147483648 -2147483648 -2147483648 -2147483648 -2147483648 -2147483648 -2147483648 -2147483648 -2147483648 -2147483648 -2147483648 -2147483648 -2147483648 -2147483648 -2147483648 -2147483648 -2147483648 -2147483648 -2147483648 -2147483648 -2147483648 -2147483648 -2147483648 -2147483648 -2147483648 -2147483648 -2147483648 -2147483648 -2147483648 -2147483648 -2147483648 -2147483648 -2147483648 -2147483648 -2147483648 -2147483648 -2147483648 -2147483648 -2147483648 -2147483648 -6 -11 -9 -10 -2147483648 -2147483648 -2147483648 -2147483648 -2147483648 -2147483648 -2147483648 -2147483648 -2147483648 -2147483648 -2147483648 -2147483648 -2147483648 -2147483648 -2147483648 -2147483648 -2147483648 -2147483648 -2147483648 -2147483648 -2147483648 -2147483648 -2147483648 -2147483648 -2147483648 -2147483648 -2147483648 -2147483648 -2147483648 -2147483648 -2147483648 -2147483648 -2147483648 -2147483648 -2147483648 -2147483648 -2147483648 -2147483648 -2147483648 -2147483648 -2147483648 -2147483648 -2147483648 -2147483648 -2147483648 -2147483648 -2147483648 -2147483648 -2147483648 -2147483648 -2147483648 -2147483648 -2147483648 -2147483648 -2147483648 -2147483648 -2147483648 -2147483648 -2147483648 -2147483648 -2147483648 -2147483648 -2147483648 -2147483648 -2147483648 -2147483648 -2147483648 -2147483648 -2147483648 -2147483648 -2147483648 -2147483648 -2147483648 -2147483648 -2147483648 -2147483648 -2147483648 -2147483648 -2147483648 -2147483648 -2147483648 -2147483648 -2147483648 -2147483648 -2147483648 -2147483648 -2147483648 -2147483648 -2147483648 -2147483648 -2147483648 -2147483648 -2147483648 -2147483648 -2147483648 -2147483648 -2147483648 -2147483648 -2147483648 -2147483648 -2147483648 -2147483648 -2147483648 -2147483648 -2147483648 -2147483648 -2147483648 -2147483648 -2147483648 -2147483648 -2147483648 -2147483648 -2147483648 -2147483648 -2147483648 -2147483648
split_feature= 1 1 6 7 8 6 8 7 8 8 2 8 7 1
split_gain= 586.593 109.371 90.7361 69.4193 76.0217 26.3766 23.2074 42.4175 53.2262 47.1262 3.18669 2.88743 7.87514 2.00178
threshold= 4.5301500000000017 6.2770500000000009 2.5949646725452555 37.945000000000007 -122.40499999999999 2.3578464509898605 -117.145 34.455000000000005 -120.56499999999998 -118.35499999999998 18.500000000000004 -122.24499999999999 37.955000000000005 2.5205000000000006
decision_type= 2 2 2 2 2 2 2 2 2 2 2 2 2 2
left_child=2 5 3 4 -1 -2 7 9 -9 -6 -3 -7 -13 -4
right_child=1 10 13 -5 6 11 -8 8 -10 -11 -12 12 -14 -15
leaf_value= 0.084134847085984177 0.053397484254363692 0.032734818851837995 -0.031900644746187978 -0.026191292671284557 0.064335277464601076 0.052870824427527358 -0.034462139595186451 0.0086174075849714451 -0.057630988549223008 0.010998914224384704 0.070171542044920585 0.012533125454165706 -0.036079537306784419 -0.014911749470612592
leaf_weight=213 497 545 2568 1128 464 264 375 799 316 1118 991 2224 255 4755
leaf_count=213 497 545 2568 1128 464 264 375 799 316 1118 991 2224 255 4755
model_size=1600
internal_value=0 0.0306847 -0.0124872 0.00142214 0.010904 0.0182623 0.00582649 0.0114284 -0.0101579 0.0266424 0.0568883 0.0118962 0.00753263 -0.0208693
internal_weight=0 4776 11736 4413 3285 3240 3072 2697 1115 1582 1536 2743 2479 7323
internal_count=16512 4776 11736 4413 3285 3240 3072 2697 1115 1582 1536 2743 2479 7323
is_linear=0
shrinkage=0.1


Tree=13
num_leaves= 13
num_cat= 0
full_tree_array_lgbids= 0 2 1 3 -4 8 -3 4 -5 -2147483648 -2147483648 10 -10 -2147483648 -2147483648 -1 5 -2147483648 -2147483648 -2147483648 -2147483648 -2147483648 -2147483648 11 -12 -2147483648 -2147483648 -2147483648 -2147483648 -2147483648 -2147483648 -2147483648 -2147483648 6 7 -2147483648 -2147483648 -2147483648 -2147483648 -2147483648 -2147483648 -2147483648 -2147483648 -2147483648 -2147483648 -2147483648 -2147483648 -2 -13 -2147483648 -2147483648 -2147483648 -2147483648 -2147483648 -2147483648 -2147483648 -2147483648 -2147483648 -2147483648 -2147483648 -2147483648 -2147483648 -2147483648 -2147483648 -2147483648 -2147483648 -2147483648 -6 -8 9 -9 -2147483648 -2147483648 -2147483648 -2147483648 -2147483648 -2147483648 -2147483648 -2147483648 -2147483648 -2147483648 -2147483648 -2147483648 -2147483648 -2147483648 -2147483648 -2147483648 -2147483648 -2147483648 -2147483648 -2147483648 -2147483648 -2147483648 -2147483648 -2147483648 -2147483648 -2147483648 -2147483648 -2147483648 -2147483648 -2147483648 -2147483648 -2147483648 -2147483648 -2147483648 -2147483648 -2147483648 -2147483648 -2147483648 -2147483648 -2147483648 -2147483648 -2147483648 -2147483648 -2147483648 -2147483648 -2147483648 -2147483648 -2147483648 -2147483648 -2147483648 -2147483648 -2147483648 -2147483648 -2147483648 -2147483648 -2147483648 -2147483648 -2147483648 -2147483648 -2147483648 -2147483648 -2147483648 -2147483648 -2147483648 -2147483648 -2147483648 -2147483648 -2147483648 -7 -11 -2147483648 -2147483648 -2147483648 -2147483648 -2147483648 -2147483648 -2147483648 -2147483648 -2147483648 -2147483648 -2147483648 -2147483648 -2147483648 -2147483648 -2147483648 -2147483648 -2147483648 -2147483648 -2147483648 -2147483648 -2147483648 -2147483648 -2147483648 -2147483648 -2147483648 -2147483648 -2147483648 -2147483648 -2147483648 -2147483648 -2147483648 -2147483648 -2147483648 -2147483648 -2147483648 -2147483648 -2147483648 -2147483648 -2147483648 -2147483648 -2147483648 -2147483648 -2147483648 -2147483648 -2147483648 -2147483648 -2147483648 -2147483648 -2147483648 -2147483648 -2147483648 -2147483648 -2147483648 -2147483648 -2147483648 -2147483648 -2147483648 -2147483648 -2147483648 -2147483648 -2147483648 -2147483648 -2147483648 -2147483648 -2147483648 -2147483648 -2147483648 -2147483648 -2147483648 -2147483648 -2147483648 -2147483648 -2147483648 -2147483648 -2147483648 -2147483648 -2147483648 -2147483648 -2147483648 -2147483648 -2147483648 -2147483648 -2147483648 -2147483648 -2147483648 -2147483648 -2147483648 -2147483648 -2147483648 -2147483648 -2147483648 -2147483648 -2147483648 -2147483648 -2147483648 -2147483648 -2147483648 -2147483648 -2147483648 -2147483648 -2147483648 -2147483648 -2147483648 -2147483648 -2147483648 -2147483648 -2147483648 -2147483648 -2147483648 -2147483648 -2147483648 -2147483648 -2147483648 -2147483648
split_feature= 1 1 6 7 8 7 8 8 6 7 7 8
split_gain= 466.284 78.0796 71.9714 76.924 75.1565 34.9716 88.6402 41.6761 32.7779 15.6027 4.72392 13.0545
threshold= 4.5993500000000003 7.2638000000000007 2.8079590171801518 38.475000000000001 -122.35499999999998 34.455000000000005 -118.27499999999999 -121.52499999999999 2.9742256672023202 37.595000000000006 37.925000000000004 -117.85499999999998
decision_type= 2 2 2 2 2 2 2 2 2 2 2 2
left_child=2 8 3 4 -1 6 -6 9 10 -7 11 -2
right_child=1 -3 -4 -5 5 7 -8 -9 -10 -11 -12 -13
leaf_value= 0.055109711384541876 0.04672677685811405 0.062899792332932553 -0.021001385795580047 -0.03196589714985236 0.043306694375602368 0.036527084395920707 -0.0045708796785902854 -0.038271056494319486 0.0025952482673702181 -0.01445417040892583 -0.0076653660894819 0.0026409673105132602
leaf_weight=452 1582 854 5906 1065 908 388 1691 884 1487 631 281 383
leaf_count=452 1582 854 5906 1065 908 388 1691 884 1487 631 281 383
model_size=1376
internal_value=0 0.0284183 -0.0109312 -0.00105012 0.00559609 0.00062493 0.0121559 -0.0151233 0.02053 0.00495773 0.032404 0.038134
internal_weight=0 4587 11925 6019 4954 4502 2599 1903 3733 1019 2246 1965
internal_count=16512 4587 11925 6019 4954 4502 2599 1903 3733 1019 2246 1965
is_linear=0
shrinkage=0.1


Tree=14
num_leaves= 9
num_cat= 0
full_tree_array_lgbids= 0 1 5 -1 2 -2 -7 -2147483648 -2147483648 3 -4 -2147483648 -2147483648 -2147483648 -2147483648 -2147483648 -2147483648 -2147483648 -2147483648 4 -5 -2147483648 -2147483648 -2147483648 -2147483648 -2147483648 -2147483648 -2147483648 -2147483648 -2147483648 -2147483648 -2147483648 -2147483648 -2147483648 -2147483648 -2147483648 -2147483648 -2147483648 -2147483648 -3 6 -2147483648 -2147483648 -2147483648 -2147483648 -2147483648 -2147483648 -2147483648 -2147483648 -2147483648 -2147483648 -2147483648 -2147483648 -2147483648 -2147483648 -2147483648 -2147483648 -2147483648 -2147483648 -2147483648 -2147483648 -2147483648 -2147483648 -2147483648 -2147483648 -2147483648 -2147483648 -2147483648 -2147483648 -2147483648 -2147483648 -2147483648 -2147483648 -2147483648 -2147483648 -2147483648 -2147483648 -2147483648 -2147483648 -2147483648 -2147483648 7 -8 -2147483648 -2147483648 -2147483648 -2147483648 -2147483648 -2147483648 -2147483648 -2147483648 -2147483648 -2147483648 -2147483648 -2147483648 -2147483648 -2147483648 -2147483648 -2147483648 -2147483648 -2147483648 -2147483648 -2147483648 -2147483648 -2147483648 -2147483648 -2147483648 -2147483648 -2147483648 -2147483648 -2147483648 -2147483648 -2147483648 -2147483648 -2147483648 -2147483648 -2147483648 -2147483648 -2147483648 -2147483648 -2147483648 -2147483648 -2147483648 -2147483648 -2147483648 -2147483648 -2147483648 -2147483648 -2147483648 -2147483648 -2147483648 -2147483648 -2147483648 -2147483648 -2147483648 -2147483648 -2147483648 -2147483648 -2147483648 -2147483648 -2147483648 -2147483648 -2147483648 -2147483648 -2147483648 -2147483648 -2147483648 -2147483648 -2147483648 -2147483648 -2147483648 -2147483648 -2147483648 -2147483648 -2147483648 -2147483648 -2147483648 -2147483648 -2147483648 -2147483648 -2147483648 -2147483648 -2147483648 -6 -9 -2147483648 -2147483648 -2147483648 -2147483648 -2147483648 -2147483648 -2147483648 -2147483648 -2147483648 -2147483648 -2147483648 -2147483648 -2147483648 -2147483648 -2147483648 -2147483648 -2147483648 -2147483648 -2147483648 -2147483648 -2147483648 -2147483648 -2147483648 -2147483648 -2147483648 -2147483648 -2147483648 -2147483648 -2147483648 -2147483648 -2147483648 -2147483648 -2147483648 -2147483648 -2147483648 -2147483648 -2147483648 -2147483648 -2147483648 -2147483648 -2147483648 -2147483648 -2147483648 -2147483648 -2147483648 -2147483648 -2147483648 -2147483648 -2147483648 -2147483648 -2147483648 -2147483648 -2147483648 -2147483648 -2147483648 -2147483648 -2147483648 -2147483648 -2147483648 -2147483648 -2147483648 -2147483648 -2147483648 -2147483648 -2147483648 -2147483648 -2147483648 -2147483648 -2147483648 -2147483648 -2147483648 -2147483648 -2147483648 -2147483648 -2147483648 -2147483648 -2147483648 -2147483648 -2147483648 -2147483648 -2147483648 -2147483648 -2147483648 -2147483648 -2147483648 -2147483648 -2147483648 -2147483648 -2147483648 -2147483648
split_feature= 1 1 6 7 8 2 8 7
split_gain= 382.302 111.164 57.3704 20.8129 23.7683 8.04729 5.61487 17.5157
threshold= 5.6042500000000013 2.7820000000000005 2.8079590171801518 37.935000000000009 -122.31499999999998 26.500000000000004 -117.145 34.655000000000008
decision_type= 2 2 2 2 2 2 2 2
left_child=1 -1 3 4 -3 -2 7 -6
right_child=5 2 -4 -5 6 -7 -8 -9
leaf_value= -0.020753860584583887 0.026233315114482493 0.062512873280869588 -0.0099954287804424925 -0.012810524173111763 0.027581869932676042 0.056990254362757259 -0.027856724937869743 -0.0022118889962903028
leaf_weight=5096 1403 321 4290 921 2062 1003 286 1130
leaf_count=5096 1403 321 4290 921 2062 1003 286 1130
model_size=928
internal_value=0 -0.00666146 0.00130911 0.0115838 0.0174978 0.0390551 0.0133431 0.0170346
internal_weight=0 14106 9010 4720 3799 2406 3478 3192
internal_count=16512 14106 9010 4720 3799 2406 3478 3192
is_linear=0
shrinkage=0.1


Tree=15
num_leaves= 6
num_cat= 0
full_tree_array_lgbids= 0 2 1 -1 4 3 -3 -2147483648 -2147483648 -4 -6 -2 -5 -2147483648 -2147483648
split_feature= 1 1 1 6 6
split_gain= 312.405 66.311 23.2338 17.0218 13.5646
threshold= 4.125700000000001 5.8308000000000009 2.2210000000000005 2.3055777777777782 1.9322222929778572
decision_type= 2 2 2 2 2
left_child=2 3 -1 -2 -4
right_child=1 -3 4 -5 -6
leaf_value= -0.024837838961912755 0.039521873075922101 0.038358756417733036 0.024421972628692556 0.0039568940205132247 -0.0088121252248336418
leaf_weight=2781 604 2094 600 3302 7131
leaf_count=2781 604 2094 600 3302 7131
model_size=592
internal_value=0 0.0195434 -0.0111549 0.00945645 -0.00623284
internal_weight=0 6000 10512 3906 7731
internal_count=16512 6000 10512 3906 7731
is_linear=0
shrinkage=0.1


Tree=16
num_leaves= 9
num_cat= 0
full_tree_array_lgbids= 0 7 1 -1 -9 2 -3 -2147483648 -2147483648 -2147483648 -2147483648 -2 3 -2147483648 -2147483648 -2147483648 -2147483648 -2147483648 -2147483648 -2147483648 -2147483648 -2147483648 -2147483648 -2147483648 -2147483648 4 -5 -2147483648 -2147483648 -2147483648 -2147483648 -2147483648 -2147483648 -2147483648 -2147483648 -2147483648 -2147483648 -2147483648 -2147483648 -2147483648 -2147483648 -2147483648 -2147483648 -2147483648 -2147483648 -2147483648 -2147483648 -2147483648 -2147483648 -2147483648 -2147483648 5 -6 -2147483648 -2147483648 -2147483648 -2147483648 -2147483648 -2147483648 -2147483648 -2147483648 -2147483648 -2147483648 -2147483648 -2147483648 -2147483648 -2147483648 -2147483648 -2147483648 -2147483648 -2147483648 -2147483648 -2147483648 -2147483648 -2147483648 -2147483648 -2147483648 -2147483648 -2147483648 -2147483648 -2147483648 -2147483648 -2147483648 -2147483648 -2147483648 -2147483648 -2147483648 -2147483648 -2147483648 -2147483648 -2147483648 -2147483648 -2147483648 -2147483648 -2147483648 -2147483648 -2147483648 -2147483648 -2147483648 -2147483648 -2147483648 -2147483648 -2147483648 -4 6 -2147483648 -2147483648 -2147483648 -2147483648 -2147483648 -2147483648 -2147483648 -2147483648 -2147483648 -2147483648 -2147483648 -2147483648 -2147483648 -2147483648 -2147483648 -2147483648 -2147483648 -2147483648 -2147483648 -2147483648 -2147483648 -2147483648 -2147483648 -2147483648 -2147483648 -2147483648 -2147483648 -2147483648 -2147483648 -2147483648 -2147483648 -2147483648 -2147483648 -2147483648 -2147483648 -2147483648 -2147483648 -2147483648 -2147483648 -2147483648 -2147483648 -2147483648 -2147483648 -2147483648 -2147483648 -2147483648 -2147483648 -2147483648 -2147483648 -2147483648 -2147483648 -2147483648 -2147483648 -2147483648 -2147483648 -2147483648 -2147483648 -2147483648 -2147483648 -2147483648 -2147483648 -2147483648 -2147483648 -2147483648 -2147483648 -2147483648 -2147483648 -2147483648 -2147483648 -2147483648 -2147483648 -2147483648 -2147483648 -2147483648 -2147483648 -2147483648 -2147483648 -2147483648 -2147483648 -2147483648 -2147483648 -2147483648 -2147483648 -2147483648 -2147483648 -2147483648 -2147483648 -2147483648 -2147483648 -2147483648 -2147483648 -2147483648 -2147483648 -2147483648 -2147483648 -2147483648 -2147483648 -2147483648 -2147483648 -2147483648 -2147483648 -2147483648 -2147483648 -2147483648 -7 -8 -2147483648 -2147483648 -2147483648 -2147483648 -2147483648 -2147483648 -2147483648 -2147483648 -2147483648 -2147483648 -2147483648 -2147483648 -2147483648 -2147483648 -2147483648 -2147483648 -2147483648 -2147483648 -2147483648 -2147483648 -2147483648 -2147483648 -2147483648 -2147483648 -2147483648 -2147483648 -2147483648 -2147483648 -2147483648 -2147483648 -2147483648 -2147483648 -2147483648 -2147483648 -2147483648 -2147483648 -2147483648 -2147483648 -2147483648 -2147483648 -2147483648 -2147483648 -2147483648 -2147483648
split_feature= 1 1 8 7 8 7 8 6
split_gain= 248.353 61.0979 27.1836 48.5329 33.3044 29.8853 19.854 3.86813
threshold= 3.8346500000000003 6.3963500000000009 -122.33499999999999 37.615000000000002 -118.22499999999998 34.165000000000006 -121.30499999999999 2.5763869593405579
decision_type= 2 2 2 2 2 2 2 2
left_child=7 2 -2 4 5 -4 -7 -1
right_child=1 -3 3 -5 -6 6 -8 -9
leaf_value= -0.0019242193310915431 0.046254538155859337 0.040335458539034377 0.05874525040448754 -0.022564161771317034 -0.0013220457157784365 0.03694410704093655 -0.0057467369937878703 -0.017234344370286838
leaf_weight=3497 500 1412 549 977 2131 714 775 5957
leaf_count=3497 500 1412 549 977 2131 714 775 5957
model_size=928
internal_value=0 0.0154993 0.00928805 0.00569628 0.0123191 0.0265827 0.0147242 -0.0115712
internal_weight=0 7058 5646 5146 4169 2038 1489 9454
internal_count=16512 7058 5646 5146 4169 2038 1489 9454
is_linear=0
shrinkage=0.1


Tree=17
num_leaves= 13
num_cat= 0
full_tree_array_lgbids= 0 5 1 6 -7 2 -3 -1 7 -2147483648 -2147483648 3 -4 -2147483648 -2147483648 -2147483648 -2147483648 8 9 -2147483648 -2147483648 -2147483648 -2147483648 4 -5 -2147483648 -2147483648 -2147483648 -2147483648 -2147483648 -2147483648 -2147483648 -2147483648 -2147483648 -2147483648 -8 -10 11 -11 -2147483648 -2147483648 -2147483648 -2147483648 -2147483648 -2147483648 -2147483648 -2147483648 -2 10 -2147483648 -2147483648 -2147483648 -2147483648 -2147483648 -2147483648 -2147483648 -2147483648 -2147483648 -2147483648 -2147483648 -2147483648 -2147483648 -2147483648 -2147483648 -2147483648 -2147483648 -2147483648 -2147483648 -2147483648 -2147483648 -2147483648 -2147483648 -2147483648 -2147483648 -2147483648 -9 -13 -2147483648 -2147483648 -2147483648 -2147483648 -2147483648 -2147483648 -2147483648 -2147483648 -2147483648 -2147483648 -2147483648 -2147483648 -2147483648 -2147483648 -2147483648 -2147483648 -2147483648 -2147483648 -2147483648 -2147483648 -6 -12 -2147483648 -2147483648 -2147483648 -2147483648 -2147483648 -2147483648 -2147483648 -2147483648 -2147483648 -2147483648 -2147483648 -2147483648 -2147483648 -2147483648 -2147483648 -2147483648 -2147483648 -2147483648 -2147483648 -2147483648 -2147483648 -2147483648 -2147483648 -2147483648 -2147483648 -2147483648 -2147483648 -2147483648
split_feature= 1 1 6 7 8 7 8 7 8 8 7 7
split_gain= 191.682 46.8895 29.7531 13.1131 8.50942 3.94451 24.9647 17.7964 72.3248 28.4977 2.66058 1.70587
threshold= 3.8346500000000003 7.7055000000000016 3.1336552646136835 37.925000000000004 -117.85499999999998 39.355000000000011 -122.38499999999998 34.455000000000005 -118.30499999999999 -120.09499999999998 33.925000000000004 37.595000000000006
decision_type= 2 2 2 2 2 2 2 2 2 2 2 2
left_child=5 2 3 4 -2 6 -1 8 -8 11 -6 -9
right_child=1 -3 -4 -5 10 -7 7 9 -10 -11 -12 -13
leaf_value= 0.027019355833931641 0.028025436159330154 0.049787203954261693 -0.0077283046931979947 -0.010081737340176962 0.012002584169221547 -0.041319849799308646 0.0282600310565022 0.0085942764998772885 -0.011244301661049743 -0.044316836184594914 -0.047567887596162643 -0.02113649277998637
leaf_weight=541 3111 670 1759 708 624 516 973 814 3747 1018 186 1845
leaf_count=541 3111 670 1759 708 624 516 973 814 3747 1018 186 1845
model_size=1376
internal_value=0 0.0139494 0.0101905 0.0169996 0.0218896 -0.0104141 -0.00862984 -0.0109266 -0.00310072 -0.0209724 -0.00167656 -0.012035
internal_weight=0 7058 6388 4629 3921 9454 8938 8397 4720 3677 810 2659
internal_count=16512 7058 6388 4629 3921 9454 8938 8397 4720 3677 810 2659
is_linear=0
shrinkage=0.1


Tree=18
num_leaves= 10
num_cat= 0
full_tree_array_lgbids= 0 1 -2 2 -3 -2147483648 -2147483648 3 -4 -2147483648 -2147483648 -2147483648 -2147483648 -2147483648 -2147483648 -1 4 -2147483648 -2147483648 -2147483648 -2147483648 -2147483648 -2147483648 -2147483648 -2147483648 -2147483648 -2147483648 -2147483648 -2147483648 -2147483648 -2147483648 -2147483648 -2147483648 5 6 -2147483648 -2147483648 -2147483648 -2147483648 -2147483648 -2147483648 -2147483648 -2147483648 -2147483648 -2147483648 -2147483648 -2147483648 -2147483648 -2147483648 -2147483648 -2147483648 -2147483648 -2147483648 -2147483648 -2147483648 -2147483648 -2147483648 -2147483648 -2147483648 -2147483648 -2147483648 -2147483648 -2147483648 -2147483648 -2147483648 -2147483648 -2147483648 7 -7 8 -8 -2147483648 -2147483648 -2147483648 -2147483648 -2147483648 -2147483648 -2147483648 -2147483648 -2147483648 -2147483648 -2147483648 -2147483648 -2147483648 -2147483648 -2147483648 -2147483648 -2147483648 -2147483648 -2147483648 -2147483648 -2147483648 -2147483648 -2147483648 -2147483648 -2147483648 -2147483648 -2147483648 -2147483648 -2147483648 -2147483648 -2147483648 -2147483648 -2147483648 -2147483648 -2147483648 -2147483648 -2147483648 -2147483648 -2147483648 -2147483648 -2147483648 -2147483648 -2147483648 -2147483648 -2147483648 -2147483648 -2147483648 -2147483648 -2147483648 -2147483648 -2147483648 -2147483648 -2147483648 -2147483648 -2147483648 -2147483648 -2147483648 -2147483648 -2147483648 -2147483648 -2147483648 -2147483648 -2147483648 -2147483648 -5 -9 -2147483648 -2147483648 -6 -10 -2147483648 -2147483648 -2147483648 -2147483648 -2147483648 -2147483648 -2147483648 -2147483648 -2147483648 -2147483648 -2147483648 -2147483648 -2147483648 -2147483648 -2147483648 -2147483648 -2147483648 -2147483648 -2147483648 -2147483648 -2147483648 -2147483648 -2147483648 -2147483648 -2147483648 -2147483648 -2147483648 -2147483648 -2147483648 -2147483648 -2147483648 -2147483648 -2147483648 -2147483648 -2147483648 -2147483648 -2147483648 -2147483648 -2147483648 -2147483648 -2147483648 -2147483648 -2147483648 -2147483648 -2147483648 -2147483648 -2147483648 -2147483648 -2147483648 -2147483648 -2147483648 -2147483648 -2147483648 -2147483648 -2147483648 -2147483648 -2147483648 -2147483648 -2147483648 -2147483648 -2147483648 -2147483648 -2147483648 -2147483648 -2147483648 -2147483648 -2147483648 -2147483648 -2147483648 -2147483648 -2147483648 -2147483648 -2147483648 -2147483648 -2147483648 -2147483648 -2147483648 -2147483648 -2147483648 -2147483648 -2147483648 -2147483648 -2147483648 -2147483648 -2147483648 -2147483648 -2147483648 -2147483648 -2147483648 -2147483648 -2147483648 -2147483648 -2147483648 -2147483648 -2147483648 -2147483648 -2147483648 -2147483648 -2147483648 -2147483648 -2147483648 -2147483648 -2147483648 -2147483648 -2147483648 -2147483648 -2147483648 -2147483648 -2147483648 -2147483648 -2147483648 -2147483648 -2147483648 -2147483648
split_feature= 1 6 7 8 7 8 8 7 7
split_gain= 153.584 38.4554 55.4124 40.7522 13.5691 90.745 58.8424 34.0289 28.7093
threshold= 5.8308000000000009 2.9137341371666818 38.475000000000001 -122.35499999999998 34.655000000000008 -118.36499999999999 -120.34499999999998 34.155000000000008 37.615000000000002
decision_type= 2 2 2 2 2 2 2 2 2
left_child=1 2 3 -1 5 7 8 -5 -6
right_child=-2 -3 -4 4 6 -7 -8 -9 -10
leaf_value= 0.044147947412130441 0.029040104361520519 -0.013006382263534939 -0.023483761206785553 0.08384654113631046 0.026336589614999618 0.0021367108518057175 -0.047007279978007882 0.01886089257783468 -0.014006904086674219
leaf_weight=609 2094 6328 1282 372 818 2902 555 414 1138
leaf_count=609 2094 6328 1282 372 818 2902 555 414 1138
model_size=1040
internal_value=0 -0.00421764 0.00265691 0.00757941 0.00398685 0.012256 -0.00815833 0.0496175 0.00286476
internal_weight=0 14418 8090 6808 6199 3688 2511 786 1956
internal_count=16512 14418 8090 6808 6199 3688 2511 786 1956
is_linear=0
shrinkage=0.1


Tree=19
num_leaves= 9
num_cat= 0
full_tree_array_lgbids= 0 1 -2 -1 2 -2147483648 -2147483648 -2147483648 -2147483648 3 4 -2147483648 -2147483648 -2147483648 -2147483648 -2147483648 -2147483648 -2147483648 -2147483648 -3 -5 5 6 -2147483648 -2147483648 -2147483648 -2147483648 -2147483648 -2147483648 -2147483648 -2147483648 -2147483648 -2147483648 -2147483648 -2147483648 -2147483648 -2147483648 -2147483648 -2147483648 -2147483648 -2147483648 -2147483648 -2147483648 -4 -7 7 -8 -2147483648 -2147483648 -2147483648 -2147483648 -2147483648 -2147483648 -2147483648 -2147483648 -2147483648 -2147483648 -2147483648 -2147483648 -2147483648 -2147483648 -2147483648 -2147483648 -2147483648 -2147483648 -2147483648 -2147483648 -2147483648 -2147483648 -2147483648 -2147483648 -2147483648 -2147483648 -2147483648 -2147483648 -2147483648 -2147483648 -2147483648 -2147483648 -2147483648 -2147483648 -2147483648 -2147483648 -2147483648 -2147483648 -2147483648 -2147483648 -2147483648 -2147483648 -2147483648 -2147483648 -6 -9 -2147483648 -2147483648 -2147483648 -2147483648 -2147483648 -2147483648 -2147483648 -2147483648 -2147483648 -2147483648 -2147483648 -2147483648 -2147483648 -2147483648 -2147483648 -2147483648 -2147483648 -2147483648 -2147483648 -2147483648 -2147483648 -2147483648 -2147483648 -2147483648 -2147483648 -2147483648 -2147483648 -2147483648 -2147483648 -2147483648 -2147483648 -2147483648 -2147483648 -2147483648
split_feature= 1 1 8 7 7 8 8 7
split_gain= 118.103 16.8007 9.69529 22.0134 16.5608 68.6917 39.7842 25.207
threshold= 5.2771000000000017 2.2336500000000004 -122.35499999999998 38.705000000000005 34.525000000000013 -118.30499999999999 -121.56499999999998 37.595000000000006
decision_type= 2 2 2 2 2 2 2 2
left_child=1 -1 3 -3 5 -4 7 -6
right_child=-2 2 4 -5 6 -7 -8 -9
leaf_value= -0.018242778188915655 0.021427876427031138 0.036523974857911493 0.028657080846413732 -0.030930259806780044 0.02567710708191592 -0.0047874959160278769 -0.026820252413785908 -0.014053570732138469
leaf_weight=2846 2983 756 1406 197 811 4199 2190 1124
leaf_count=2846 2983 756 1406 197 811 4199 2190 1124
model_size=928
internal_value=0 -0.00472462 -0.00112332 0.0225801 -0.00344494 0.00360199 -0.0130202 0.00259841
internal_weight=0 13529 10683 953 9730 5605 4125 1935
internal_count=16512 13529 10683 953 9730 5605 4125 1935
is_linear=0
shrinkage=0.1


Tree=20
num_leaves= 9
num_cat= 0
full_tree_array_lgbids= 0 1 -2 2 -3 -2147483648 -2147483648 3 -4 -2147483648 -2147483648 -2147483648 -2147483648 -2147483648 -2147483648 4 6 -2147483648 -2147483648 -2147483648 -2147483648 -2147483648 -2147483648 -2147483648 -2147483648 -2147483648 -2147483648 -2147483648 -2147483648 -2147483648 -2147483648 -1 5 7 -8 -2147483648 -2147483648 -2147483648 -2147483648 -2147483648 -2147483648 -2147483648 -2147483648 -2147483648 -2147483648 -2147483648 -2147483648 -2147483648 -2147483648 -2147483648 -2147483648 -2147483648 -2147483648 -2147483648 -2147483648 -2147483648 -2147483648 -2147483648 -2147483648 -2147483648 -2147483648 -2147483648 -2147483648 -2147483648 -2147483648 -6 -7 -5 -9 -2147483648 -2147483648 -2147483648 -2147483648 -2147483648 -2147483648 -2147483648 -2147483648 -2147483648 -2147483648 -2147483648 -2147483648 -2147483648 -2147483648 -2147483648 -2147483648 -2147483648 -2147483648 -2147483648 -2147483648 -2147483648 -2147483648 -2147483648 -2147483648 -2147483648 -2147483648 -2147483648 -2147483648 -2147483648 -2147483648 -2147483648 -2147483648 -2147483648 -2147483648 -2147483648 -2147483648 -2147483648 -2147483648 -2147483648 -2147483648 -2147483648 -2147483648 -2147483648 -2147483648 -2147483648 -2147483648 -2147483648 -2147483648 -2147483648 -2147483648 -2147483648 -2147483648 -2147483648 -2147483648 -2147483648 -2147483648 -2147483648 -2147483648
split_feature= 1 6 7 8 7 8 7 8
split_gain= 88.6173 20.0189 28.1064 17.8367 16.8518 97.6398 16.6754 5.58879
threshold= 5.8308000000000009 3.1100458715596333 38.475000000000001 -117.77499999999999 34.655000000000008 -121.46499999999999 33.565000000000005 -117.16499999999998
decision_type= 2 2 2 2 2 2 2 2
left_child=1 2 3 4 -1 -6 7 -5
right_child=-2 -3 -4 6 5 -7 -8 -9
leaf_value= 0.021165993033990242 0.023993306459176092 -0.013259093921909548 -0.019821825184860538 0.034781886644940321 0.015478586416736516 -0.026920572084860119 -0.035664476344281257 -0.015087162690864601
leaf_weight=2873 2094 4833 1455 369 2366 1251 716 555
leaf_count=2873 2094 4833 1455 369 2366 1251 716 555
model_size=928
internal_value=0 -0.00348467 0.00144384 0.00524969 0.00982351 0.000814128 -0.0128504 0.00482807
internal_weight=0 14418 9585 8130 6490 3617 1640 924
internal_count=16512 14418 9585 8130 6490 3617 1640 924
is_linear=0
shrinkage=0.1


Tree=21
num_leaves= 4
num_cat= 0
full_tree_array_lgbids= 0 -1 1 -2147483648 -2147483648 -2 2 -2147483648 -2147483648 -2147483648 -2147483648 -2147483648 -2147483648 -3 -4
split_feature= 1 2 4
split_gain= 65.9909 19.4951 3.10672
threshold= 3.6530500000000008 17.500000000000004 1.0385565016069338
decision_type= 2 2 2
left_child=-1 -2 -3
right_child=1 2 -4
leaf_value= -0.0079078408477535559 -0.0062028273390658632 0.0064206911132136156 0.026117440124935293
leaf_weight=8730 2192 3217 2373
leaf_count=8730 2192 3217 2373
model_size=368
internal_value=0 0.00887117 0.0147821
internal_weight=0 7782 5590
internal_count=16512 7782 5590
is_linear=0
shrinkage=0.1


Tree=22
num_leaves= 10
num_cat= 0
full_tree_array_lgbids= 0 1 -2 2 -3 -2147483648 -2147483648 5 3 -2147483648 -2147483648 -2147483648 -2147483648 -2147483648 -2147483648 6 7 4 -5 -2147483648 -2147483648 -2147483648 -2147483648 -2147483648 -2147483648 -2147483648 -2147483648 -2147483648 -2147483648 -2147483648 -2147483648 -1 -8 -7 8 -4 -6 -2147483648 -2147483648 -2147483648 -2147483648 -2147483648 -2147483648 -2147483648 -2147483648 -2147483648 -2147483648 -2147483648 -2147483648 -2147483648 -2147483648 -2147483648 -2147483648 -2147483648 -2147483648 -2147483648 -2147483648 -2147483648 -2147483648 -2147483648 -2147483648 -2147483648 -2147483648 -2147483648 -2147483648 -2147483648 -2147483648 -2147483648 -2147483648 -9 -10 -2147483648 -2147483648 -2147483648 -2147483648 -2147483648 -2147483648 -2147483648 -2147483648 -2147483648 -2147483648 -2147483648 -2147483648 -2147483648 -2147483648 -2147483648 -2147483648 -2147483648 -2147483648 -2147483648 -2147483648 -2147483648 -2147483648 -2147483648 -2147483648 -2147483648 -2147483648 -2147483648 -2147483648 -2147483648 -2147483648 -2147483648 -2147483648 -2147483648 -2147483648 -2147483648 -2147483648 -2147483648 -2147483648 -2147483648 -2147483648 -2147483648 -2147483648 -2147483648 -2147483648 -2147483648 -2147483648 -2147483648 -2147483648 -2147483648 -2147483648 -2147483648 -2147483648 -2147483648 -2147483648 -2147483648 -2147483648
split_feature= 1 8 7 8 7 8 7 7 7
split_gain= 54.239 6.52984 41.488 100.006 41.2932 17.0097 52.794 5.22393 11.137
threshold= 5.8308000000000009 -117.77499999999999 34.655000000000008 -121.56499999999998 38.815000000000005 -118.36499999999999 34.155000000000008 33.625000000000007 34.045000000000009
decision_type= 2 2 2 2 2 2 2 2 2
left_child=1 2 5 4 -4 6 -1 -7 -9
right_child=-2 -3 3 -5 -6 7 -8 8 -10
leaf_value= 0.071173142304306103 0.020851852421344089 -0.016710380963896147 0.012325576910649266 -0.024456513751595153 -0.029786229248476171 0.14884127750992776 0.0098045037120061511 -0.0058163417010273352 0.021440755087835342
leaf_weight=410 2094 2498 3166 3006 615 26 818 2691 1188
leaf_count=410 2094 2498 3166 3006 615 26 818 2691 1188
model_size=1040
internal_value=0 -0.00302842 -0.000161178 -0.00778135 0.00547586 0.00991443 0.030294 0.00350569 0.00253154
internal_weight=0 14418 11920 6787 3781 5133 1228 3905 3879
internal_count=16512 14418 11920 6787 3781 5133 1228 3905 3879
is_linear=0
shrinkage=0.1


Tree=23
num_leaves= 5
num_cat= 0
full_tree_array_lgbids= 0 1 -2 2 -3 -2147483648 -2147483648 3 -4 -2147483648 -2147483648 -2147483648 -2147483648 -2147483648 -2147483648 -1 -5 -2147483648 -2147483648 -2147483648 -2147483648 -2147483648 -2147483648 -2147483648 -2147483648 -2147483648 -2147483648 -2147483648 -2147483648 -2147483648 -2147483648
split_feature= 1 6 7 8
split_gain= 34.0527 1.70129 0.952035 11.4801
threshold= 5.8308000000000009 3.1336552646136835 37.925000000000004 -122.31499999999998
decision_type= 2 2 2 2
left_child=1 2 3 -1
right_child=-2 -3 -4 -5
leaf_value= 0.040592894437742638 0.018766667160244239 -0.011416629703913021 -0.011464785277169062 0.0031341206975754182
leaf_weight=471 2094 4666 2345 6936
leaf_count=471 2094 4666 2345 6936
model_size=480
internal_value=0 -0.00272558 0.00143279 0.00551607
internal_weight=0 14418 9752 7407
internal_count=16512 14418 9752 7407
is_linear=0
shrinkage=0.1


Tree=24
num_leaves= 7
num_cat= 0
full_tree_array_lgbids= 0 1 -2 2 -3 -2147483648 -2147483648 3 -4 -2147483648 -2147483648 -2147483648 -2147483648 -2147483648 -2147483648 -1 4 -2147483648 -2147483648 -2147483648 -2147483648 -2147483648 -2147483648 -2147483648 -2147483648 -2147483648 -2147483648 -2147483648 -2147483648 -2147483648 -2147483648 -2147483648 -2147483648 5 -6 -2147483648 -2147483648 -2147483648 -2147483648 -2147483648 -2147483648 -2147483648 -2147483648 -2147483648 -2147483648 -2147483648 -2147483648 -2147483648 -2147483648 -2147483648 -2147483648 -2147483648 -2147483648 -2147483648 -2147483648 -2147483648 -2147483648 -2147483648 -2147483648 -2147483648 -2147483648 -2147483648 -2147483648 -2147483648 -2147483648 -2147483648 -2147483648 -5 -7 -2147483648 -2147483648 -2147483648 -2147483648 -2147483648 -2147483648 -2147483648 -2147483648 -2147483648 -2147483648 -2147483648 -2147483648 -2147483648 -2147483648 -2147483648 -2147483648 -2147483648 -2147483648 -2147483648 -2147483648 -2147483648 -2147483648 -2147483648 -2147483648 -2147483648 -2147483648 -2147483648 -2147483648 -2147483648 -2147483648 -2147483648 -2147483648 -2147483648 -2147483648 -2147483648 -2147483648 -2147483648 -2147483648 -2147483648 -2147483648 -2147483648 -2147483648 -2147483648 -2147483648 -2147483648 -2147483648 -2147483648 -2147483648 -2147483648 -2147483648 -2147483648 -2147483648 -2147483648 -2147483648 -2147483648 -2147483648 -2147483648 -2147483648
split_feature= 1 6 7 8 7 8
split_gain= 25.6488 9.79887 9.5176 15.6691 16.6548 2.48322
threshold= 8.0125000000000011 3.102783329035586 37.895000000000003 -117.77499999999999 33.565000000000005 -117.16499999999998
decision_type= 2 2 2 2 2 2
left_child=1 2 3 -1 5 -5
right_child=-2 -3 -4 4 -6 -7
leaf_value= 0.012059958425615282 0.036668269761479431 -0.0099391045602523591 -0.010514389712895264 0.033143749392826348 -0.031968514616709603 -0.012793315950542264
leaf_weight=6344 548 5336 2486 444 773 581
leaf_count=6344 548 5336 2486 444 773 581
model_size=704
internal_value=0 -0.00125872 0.00309944 0.00725616 -0.00969341 0.00710528
internal_weight=0 15964 10628 8142 1798 1025
internal_count=16512 15964 10628 8142 1798 1025
is_linear=0
shrinkage=0.1


Tree=25
num_leaves= 2
num_cat= 0
full_tree_array_lgbids= 0 -1 -2
split_feature= 1
split_gain= 13.0506
threshold= 4.405050000000001
decision_type= 2
left_child=-1
right_child=-2
leaf_value= -0.0041584878640367126 0.0093052281386975227
leaf_weight=11412 5100
leaf_count=11412 5100
model_size=144
internal_value=0
internal_weight=0
internal_count=16512
is_linear=0
shrinkage=0.1


Tree=26
num_leaves= 16
num_cat= 0
full_tree_array_lgbids= 0 1 10 3 2 11 -12 4 8 5 14 -2 -13 -2147483648 -2147483648 -1 13 -5 9 12 6 -4 -16 -2147483648 -2147483648 -2147483648 -2147483648 -2147483648 -2147483648 -2147483648 -2147483648 -2147483648 -2147483648 -6 -15 -2147483648 -2147483648 -10 -11 -3 -14 7 -8 -2147483648 -2147483648 -2147483648 -2147483648 -2147483648 -2147483648 -2147483648 -2147483648 -2147483648 -2147483648 -2147483648 -2147483648 -2147483648 -2147483648 -2147483648 -2147483648 -2147483648 -2147483648 -2147483648 -2147483648 -2147483648 -2147483648 -2147483648 -2147483648 -2147483648 -2147483648 -2147483648 -2147483648 -2147483648 -2147483648 -2147483648 -2147483648 -2147483648 -2147483648 -2147483648 -2147483648 -2147483648 -2147483648 -2147483648 -2147483648 -7 -9 -2147483648 -2147483648 -2147483648 -2147483648 -2147483648 -2147483648 -2147483648 -2147483648 -2147483648 -2147483648 -2147483648 -2147483648 -2147483648 -2147483648 -2147483648 -2147483648 -2147483648 -2147483648 -2147483648 -2147483648 -2147483648 -2147483648 -2147483648 -2147483648 -2147483648 -2147483648 -2147483648 -2147483648 -2147483648 -2147483648 -2147483648 -2147483648 -2147483648 -2147483648 -2147483648 -2147483648 -2147483648 -2147483648 -2147483648 -2147483648 -2147483648 -2147483648
split_feature= 8 7 8 8 7 7 8 7 7 7 7 8 8 8 8
split_gain= 10.5587 45.8482 115.75 31.3689 39.6121 24.151 19.3879 15.3655 8.10096 15.8574 7.85759 14.2086 1.36058 1.13942 0.387021
threshold= -117.75499999999998 34.525000000000013 -121.63499999999998 -118.35499999999998 34.155000000000008 37.595000000000006 -122.40499999999999 38.705000000000005 33.645000000000003 34.045000000000009 33.565000000000005 -117.145 -122.02499999999999 -119.30499999999999 -119.94499999999998
decision_type= 2 2 2 2 2 2 2 2 2 2 2 2 2 2 2
left_child=1 3 5 4 -1 12 7 -7 -5 -10 11 -2 -3 -6 -4
right_child=10 2 14 8 13 6 -8 -9 9 -11 -12 -13 -14 -15 -16
leaf_value= 0.056989387849510603 0.025946684348915769 0.052544974543370315 -0.013052649438738682 0.08047145055929697 0.066439695342798047 0.031595872057945833 -0.013433495507095133 -0.021482460771880839 -0.0052751797988016902 0.022076840419521255 -0.029108409750281058 -0.016970876484764523 0.012461166270680167 0.00080899727633941098 -0.039724704579198383
leaf_weight=746 587 514 2232 101 142 899 1798 319 2924 1287 1298 892 889 817 1067
leaf_count=746 587 514 2232 101 142 899 1798 319 2924 1287 1298 892 889 817 1067
model_size=1712
internal_value=0 0.00274409 -0.004669 0.0122528 0.030856 0.00802997 -0.000862613 0.0176944 0.004897 0.00308437 -0.0135722 6.26652e-05 0.0271462 0.010527 -0.0216792
internal_weight=0 13735 7718 6017 1705 4419 3016 1218 4312 4211 2777 1479 1403 959 3299
internal_count=16512 13735 7718 6017 1705 4419 3016 1218 4312 4211 2777 1479 1403 959 3299
is_linear=0
shrinkage=0.1


end of trees

feature_importances:
Column_8=93
Column_7=90
Column_1=88
Column_6=72
Column_2=43
Column_3=11
Column_4=2

parameters:
[boosting: gbdt]
[objective: regression]
[metric: rmse]
[tree_learner: serial]
[device_type: cpu]
[data_sample_strategy: bagging]
[data: data/california_housing.libsvm.train]
[valid: data/california_housing.libsvm.test]
[num_iterations: 100]
[learning_rate: 0.1]
[num_leaves: 255]
[num_threads: 0]
[seed: 42]
[deterministic: 0]
[force_col_wise: 0]
[force_row_wise: 0]
[histogram_pool_size: -1]
[max_depth: 7]
[min_data_in_leaf: 10]
[min_sum_hessian_in_leaf: 0.001]
[bagging_fraction: 1]
[pos_bagging_fraction: 1]
[neg_bagging_fraction: 1]
[bagging_freq: 0]
[bagging_seed: 400]
[feature_fraction: 1]
[feature_fraction_bynode: 1]
[feature_fraction_seed: 30056]
[extra_trees: 0]
[extra_seed: 12879]
[early_stopping_round: 0]
[early_stopping_min_delta: 0]
[first_metric_only: 0]
[max_delta_step: 0]
[lambda_l1: 0]
[lambda_l2: 0]
[linear_lambda: 0]
[min_gain_to_split: 0]
[drop_rate: 0.1]
[max_drop: 50]
[skip_drop: 0.5]
[xgboost_dart_mode: 0]
[uniform_drop: 0]
[drop_seed: 17869]
[top_rate: 0.2]
[other_rate: 0.1]
[min_data_per_group: 100]
[max_cat_threshold: 32]
[cat_l2: 10]
[cat_smooth: 10]
[max_cat_to_onehot: 4]
[top_k: 20]
[monotone_constraints: ]
[monotone_constraints_method: basic]
[monotone_penalty: 0]
[feature_contri: ]
[forcedsplits_filename: ]
[refit_decay_rate: 0.9]
[tinygbdt_penalty_feature: 4]
[tinygbdt_penalty_split: 0.03125]
[tinygbdt_forestsize: 64000]
[tinygbdt_precision: 7]
[cegb_tradeoff: 1]
[cegb_penalty_split: 0]
[cegb_penalty_feature_lazy: ]
[cegb_penalty_feature_coupled: ]
[path_smooth: 0]
[interaction_constraints: ]
[verbosity: 2]
[saved_feature_importance_type: 0]
[use_quantized_grad: 0]
[num_grad_quant_bins: 4]
[quant_train_renew_leaf: 0]
[stochastic_rounding: 1]
[linear_tree: 0]
[max_bin: 255]
[max_bin_by_feature: ]
[min_data_in_bin: 3]
[bin_construct_sample_cnt: 200000]
[data_random_seed: 175]
[is_enable_sparse: 1]
[enable_bundle: 1]
[use_missing: 1]
[zero_as_missing: 0]
[feature_pre_filter: 1]
[pre_partition: 0]
[two_round: 0]
[header: 0]
[label_column: ]
[weight_column: ]
[group_column: ]
[ignore_column: ]
[categorical_feature: ]
[forcedbins_filename: ]
[precise_float_parser: 0]
[parser_config_file: ]
[objective_seed: 16083]
[num_class: 1]
[is_unbalance: 0]
[scale_pos_weight: 1]
[sigmoid: 1]
[boost_from_average: 1]
[reg_sqrt: 0]
[alpha: 0.9]
[fair_c: 1]
[poisson_max_delta_step: 0.7]
[tweedie_variance_power: 1.5]
[lambdarank_truncation_level: 30]
[lambdarank_norm: 1]
[label_gain: ]
[lambdarank_position_bias_regularization: 0]
[eval_at: ]
[multi_error_top_k: 1]
[auc_mu_weights: ]
[num_machines: 1]
[local_listen_port: 12400]
[time_out: 120]
[machine_list_filename: ]
[machines: ]
[gpu_platform_id: -1]
[gpu_device_id: -1]
[gpu_use_dp: 0]
[num_gpu: 1]

end of parameters
