tree
version=v4
num_class=1
num_tree_per_iteration=1
label_index=0
max_feature_idx=8
objective=regression
feature_names=Column_0 Column_1 Column_2 Column_3 Column_4 Column_5 Column_6 Column_7 Column_8
feature_infos=none [0.49990000000000001:15.0001] [1:52] [0.88888888888888884:141.90909090909091] [0.33333333333333331:25.63636363636364] [3:35682] [0.69230769230769229:1243.333333333333] [32.549999999999997:41.950000000000003] [-124.34999999999999:-114.31]
tree_sizes=8368 6339 5521 5253 4711

Tree=0
num_leaves= 80
num_cat= 0
full_tree_array_lgbids= 0 1 2 5 3 4 10 9 11 6 7 16 13 20 33 15 14 35 21 36 8 19 17 42 18 39 29 74 60 34 47 45 50 27 49 51 59 54 31 70 37 12 38 22 25 24 48 -2 67 -18 23 71 72 62 58 -4 -76 -22 -62 -12 -36 -35 -49 -1 53 -17 63 30 76 75 -51 52 -53 -37 69 73 -56 32 44 -3 -72 77 56 28 26 57 -40 41 40 46 68 43 61 -19 64 -2147483648 -2147483648 78 -69 -2147483648 -2147483648 55 66 -6 -73 -41 -74 -15 -64 65 -60 -2147483648 -2147483648 -2147483648 -2147483648 -2147483648 -2147483648 -2147483648 -2147483648 -2147483648 -2147483648 -2147483648 -2147483648 -2147483648 -2147483648 -2147483648 -2147483648 -2147483648 -2147483648 -47 -55 -2147483648 -2147483648 -52 -65 -11 -32 -29 -78 -16 -77 -2147483648 -2147483648 -7 -54 -2147483648 -2147483648 -2147483648 -2147483648 -61 -71 -13 -75 -2147483648 -2147483648 -23 -34 -33 -46 -2147483648 -2147483648 -2147483648 -2147483648 -38 -79 -39 -58 -8 -30 -14 -28 -10 -59 -2147483648 -2147483648 -5 -43 -24 -42 -21 -48 -27 -70 -9 -45 -26 -63 -2147483648 -2147483648 -50 -66 -2147483648 -2147483648 -2147483648 -2147483648 -44 -80 -2147483648 -2147483648 -2147483648 -2147483648 -2147483648 -2147483648 -20 -57 -25 -68 -2147483648 -2147483648 -2147483648 -2147483648 -2147483648 -2147483648 -2147483648 -2147483648 -2147483648 -2147483648 -2147483648 -2147483648 -31 -67 -2147483648 -2147483648 -2147483648 -2147483648 -2147483648 -2147483648 -2147483648 -2147483648 -2147483648 -2147483648 -2147483648 -2147483648 -2147483648 -2147483648 -2147483648 -2147483648 -2147483648 -2147483648 -2147483648 -2147483648 -2147483648 -2147483648 -2147483648 -2147483648 -2147483648 -2147483648 -2147483648 -2147483648 -2147483648 -2147483648 -2147483648 -2147483648 -2147483648 -2147483648
split_feature= 1 1 1 6 6 3 2 1 7 1 1 1 6 1 6 3 2 6 6 2 2 6 3 1 2 8 8 8 1 2 7 7 8 1 2 7 1 2 7 6 7 6 1 7 8 4 7 5 8 6 6 8 6 7 7 7 5 8 6 7 7 8 1 7 8 2 4 7 6 7 3 2 2 2 4 8 8 8 6
split_gain= 6984.71 1682.08 1289.06 973.135 428.156 315.198 230.62 209.544 183.597 177.52 152.951 133.439 124.867 117.506 108.799 107.326 104.317 101.752 90.6299 81.6441 69.2469 62.8056 61.456 55.2585 53.7182 48.8716 46.2041 44.8064 40.3297 39.2964 33.615 33.547 36.7221 29.4299 30.408 29.2376 27.3979 28.7808 27.2781 26.2422 24.0154 23.8755 23.5482 22.874 22.5464 22.0255 19.5792 19.1224 19.0113 18.4885 17.6069 17.5127 20.8768 16.7999 16.5987 13.8758 13.4418 12.3124 11.7674 11.4992 10.9606 10.3091 10.1555 9.78072 9.21314 8.66843 7.33024 7.03576 6.39075 5.73366 5.44593 5.00997 4.6347 4.49925 4.12165 3.7736 2.63449 2.33575 0.920129
threshold= 5.0387000000000013 3.0679500000000002 6.8672000000000013 2.3489548886254448 2.671038674349933 4.3101408005062494 24.500000000000004 4.0775500000000013 37.815000000000005 2.2210000000000005 7.852450000000001 2.4115000000000006 1.9628175980828908 5.7307500000000013 2.4907552973342448 3.449226804123712 19.500000000000004 2.9005380231986346 2.0653737590585881 43.500000000000007 26.500000000000004 2.2906328481453726 5.1186051221335997 5.8308000000000009 41.500000000000007 -122.40499999999999 -117.88499999999998 -118.26499999999999 3.4298000000000006 27.500000000000004 37.815000000000005 34.525000000000013 -117.77499999999999 8.7395500000000013 28.500000000000004 35.335000000000008 3.5330000000000008 18.500000000000004 37.995000000000012 2.9742256672023202 34.415000000000006 3.0817415934345274 5.6402500000000009 38.545000000000009 -120.44499999999998 1.0291350557942953 38.435000000000009 139.50000000000003 -122.33499999999999 3.458170981799539 2.10671797776953 -117.35499999999998 2.254419630548663 34.045000000000009 37.945000000000007 38.005000000000003 534.50000000000011 -122.425 3.458170981799539 36.835000000000008 37.645000000000003 -122.28499999999998 6.2770500000000009 35.335000000000008 -117.75499999999998 40.500000000000007 1.0435797675926601 37.955000000000005 2.8079590171801518 38.925000000000004 4.5820434769673541 22.500000000000004 16.500000000000004 26.500000000000004 1.0103851166134901 -122.38499999999998 -117.145 -118.26499999999999 2.5219735498882589
decision_type= 2 2 2 2 2 2 2 2 2 2 2 2 2 2 2 2 2 2 2 2 2 2 2 2 2 2 2 2 2 2 2 2 2 2 2 2 2 2 2 2 2 2 2 2 2 2 2 2 2 2 2 2 2 2 2 2 2 2 2 2 2 2 2 2 2 2 2 2 2 2 2 2 2 2 2 2 2 2 2
left_child=1 5 4 6 16 9 36 19 12 15 20 35 28 39 27 45 42 24 -18 22 74 54 41 55 43 46 -14 30 -8 62 -11 32 -23 34 -12 51 70 77 57 71 -24 -5 -2 -9 -33 -1 -21 -35 -19 75 -17 52 -7 -47 73 -20 -39 -10 65 -37 -22 -26 -15 -52 -50 -31 -25 78 -27 -61 -3 -6 -41 -13 -4 -16 -29 -38 -44
right_child=2 3 10 7 13 11 8 17 38 14 33 21 26 29 49 50 18 48 23 25 60 31 40 66 61 68 -28 76 -30 58 -32 44 -34 47 -36 59 37 56 -40 72 -42 -43 67 -45 -46 53 -48 -49 64 -51 63 -53 -54 -55 -56 -57 -58 -59 -60 69 -62 -63 -64 -65 -66 -67 -68 -69 -70 -71 -72 -73 -74 -75 -76 -77 -78 -79 -80
leaf_value= 2.0090854045861635 2.122367892078735 2.0864073930973754 2.1860943173854421 2.0623490992633817 2.0974488249216678 2.0841138599801572 2.1965323452694219 2.0954689418246426 2.2142838774901663 2.1406373236940905 2.2611911907323741 2.0345072442712553 2.1803908632616107 2.1259617740146308 2.1369577986748349 2.0262926385334912 2.3293276008777508 2.1135874555732319 2.1957668316364023 2.1654641714581091 2.3136092887030801 2.0423423215696768 2.0333915413355754 2.2374554972134808 2.2091709412441252 2.0795638084043055 2.0853910788377314 2.0653824157377607 2.2845502876908457 2.1919918556662772 2.0404662446165749 1.9910892755883369 1.9852344261613879 2.2256631944098948 2.3423931801380187 1.930502243003837 2.1091870245220798 2.0245249734293451 2.0318246126680579 2.0614350028621407 2.0042626363250329 2.0299805008867327 2.2290802035057791 2.0321558591188165 1.9516641567416866 2.0195706739465327 1.9921922446126408 2.348659992346585 2.0588902430478546 2.0155875827794167 1.9876247733728514 1.9596066990438676 1.9888444208027325 2.0794739076624724 2.0039542439775833 2.087710141191141 2.1734629168237776 2.0951919498649194 2.0880122439150677 1.9717715616073146 2.2369779892674675 2.1356460584060457 2.1613046553189226 1.9546252503190962 2.0262876156140166 2.2838810687809143 2.2872151599752977 2.0902165239069102 2.035621369557977 1.9436251819951067 2.0331544418979091 2.1410240443267505 2.0956613114959937 2.0885806931844439 2.2272434057145407 2.0468548239882924 2.0052765696740975 2.0673858812271733 2.1539228614650354
leaf_weight=181 128 107 107 636 117 39 90 761 19 227 147 100 402 336 18 104 91 71 303 84 129 272 593 159 43 147 67 116 174 144 50 667 275 19 97 320 141 10.999999999999998 76 174 943 545 72 83 277 114 9.9999999999999982 346 858 399 506 303 294 208 100 19 104 68 14.999999999999998 497 39 129 250 289 229 28 91 13.999999999999998 136 377 91 195 342 109 156 350 37 113 34
leaf_count=181 128 107 107 636 117 39 90 761 19 227 147 100 402 336 18 104 91 71 303 84 129 272 593 159 43 147 67 116 174 144 50 667 275 19 97 320 141 11 76 174 943 545 72 83 277 114 10 346 858 399 506 303 294 208 100 19 104 68 15 497 39 129 250 289 229 28 91 14 136 377 91 195 342 109 156 350 37 113 34
model_size=8880
internal_value=2.07195 2.03789 2.19622 2.07259 2.15739 2.00039 2.1449 2.05251 2.17679 2.02716 2.28999 1.98123 2.19841 2.12609 2.05582 2.00269 2.2124 2.07655 2.23355 2.03561 2.24376 2.0009 2.02938 2.21831 2.10021 2.08053 2.16682 2.09704 2.25454 2.15468 2.12256 1.99203 2.01363 2.32271 2.29347 1.96188 2.0945 2.11198 2.07953 2.0994 2.01551 2.04741 2.15586 2.08924 1.97952 2.04057 2.14703 2.34226 2.0558 2.0327 1.98149 1.98076 2 2.05827 2.04369 2.18939 2.15922 2.1212 2.19741 1.95182 2.29582 2.15403 2.14104 1.97563 2.05202 2.20695 2.25557 2.19158 2.05845 1.95963 2.06193 2.12468 2.08412 2.06271 2.2105 2.05126 2.05085 2.09059 2.20497
internal_weight=0 12960 3552 6731 2512 6229 1463 5268 896 2599 1040 3630 733 1601 1197 1402 911 2174 663 3094 431 1800 2717 572 1016 377 469 430 264 773 277 1491 547 609 244 1830 567 369 163 828 1536 1181 248 844 944 503 94 365 1158 767 899 636 333 322 309 322 115 87 187 1194 168 172 586 795 1087 172 250 120 283 874 198 312 516 209 263 368 153 254 106
internal_count=16512 12960 3552 6731 2512 6229 1463 5268 896 2599 1040 3630 733 1601 1197 1402 911 2174 663 3094 431 1800 2717 572 1016 377 469 430 264 773 277 1491 547 609 244 1830 567 369 163 828 1536 1181 248 844 944 503 94 365 1158 767 899 636 333 322 309 322 115 87 187 1194 168 172 586 795 1087 172 250 120 283 874 198 312 516 209 263 368 153 254 106
is_linear=0
shrinkage=1


Tree=1
num_leaves= 45
num_cat= 0
full_tree_array_lgbids= 0 1 2 5 3 4 12 16 6 7 10 19 13 20 -14 17 -18 9 14 8 41 22 23 -2 24 33 25 -4 -22 -2147483648 -2147483648 26 39 -2147483648 -2147483648 18 -11 15 37 30 11 -9 -43 28 34 32 -25 -2147483648 -2147483648 -21 35 -6 -35 -15 -27 -2147483648 -2147483648 -2147483648 -2147483648 -2147483648 -2147483648 -2147483648 -2147483648 -1 27 -19 -41 -2147483648 -2147483648 -2147483648 -2147483648 36 -20 -2147483648 -2147483648 21 -17 43 -39 31 -32 40 29 -2147483648 -2147483648 -2147483648 -2147483648 42 38 -24 -36 -12 -34 -2147483648 -2147483648 -2147483648 -2147483648 -2147483648 -2147483648 -2147483648 -2147483648 -26 -37 -2147483648 -2147483648 -2147483648 -2147483648 -2147483648 -2147483648 -2147483648 -2147483648 -2147483648 -2147483648 -2147483648 -2147483648 -2147483648 -2147483648 -2147483648 -2147483648 -2147483648 -2147483648 -2147483648 -2147483648 -2147483648 -2147483648 -2147483648 -2147483648 -2147483648 -2147483648 -28 -29 -2147483648 -2147483648 -2147483648 -2147483648 -2147483648 -2147483648 -2147483648 -2147483648 -2147483648 -2147483648 -2147483648 -2147483648 -7 -38 -2147483648 -2147483648 -2147483648 -2147483648 -2147483648 -2147483648 -8 -23 -2147483648 -2147483648 -16 -45 -2147483648 -2147483648 -3 -33 -2147483648 -2147483648 -10 -42 -13 -31 -2147483648 -2147483648 -2147483648 -2147483648 -2147483648 -2147483648 -2147483648 -2147483648 -5 -44 -30 -40 -2147483648 -2147483648 -2147483648 -2147483648 -2147483648 -2147483648 -2147483648 -2147483648 -2147483648 -2147483648 -2147483648 -2147483648 -2147483648 -2147483648 -2147483648 -2147483648 -2147483648 -2147483648 -2147483648 -2147483648 -2147483648 -2147483648 -2147483648 -2147483648 -2147483648 -2147483648 -2147483648 -2147483648 -2147483648 -2147483648 -2147483648 -2147483648 -2147483648 -2147483648 -2147483648 -2147483648 -2147483648 -2147483648 -2147483648 -2147483648 -2147483648 -2147483648 -2147483648 -2147483648 -2147483648 -2147483648 -2147483648 -2147483648 -2147483648 -2147483648 -2147483648 -2147483648 -2147483648 -2147483648 -2147483648 -2147483648 -2147483648 -2147483648 -2147483648 -2147483648 -2147483648 -2147483648 -2147483648 -2147483648 -2147483648 -2147483648 -2147483648 -2147483648 -2147483648 -2147483648 -2147483648 -2147483648 -2147483648 -2147483648 -2147483648 -2147483648
split_feature= 1 1 1 6 6 6 7 7 2 8 1 6 1 1 8 7 7 8 6 2 2 8 2 6 6 2 7 8 3 8 8 7 2 6 8 1 7 8 7 2 8 8 6 7
split_gain= 5637.61 1346.54 1024.23 768.721 330.605 250.994 177.914 175.777 168.608 133.155 123.254 115.507 104.313 95.7361 95.1918 119.967 82.6057 89.3715 72.7306 63.5358 57.6551 57.5794 46.7694 42.8678 35.2518 32.451 27.2897 41.7283 24.2065 22.3906 21.2435 27.7996 18.1171 18.117 16.6762 10.2558 9.17776 8.76626 7.52741 3.69786 3.36504 3.28581 1.57406 0.103137
threshold= 5.0387000000000013 3.1097000000000006 6.8672000000000013 2.4136952392348086 2.5763869593405579 2.1628386478062818 34.455000000000005 37.935000000000009 24.500000000000004 -117.77499999999999 4.1119000000000012 1.9628175980828908 8.4454500000000028 5.8308000000000009 -121.63499999999998 37.895000000000003 37.945000000000007 -118.24499999999999 3.442186331338819 21.500000000000004 26.500000000000004 -122.31499999999998 44.500000000000007 2.9291766686969298 2.0653737590585881 27.500000000000004 34.655000000000008 -122.35499999999998 4.7926201822371182 -122.33499999999999 -118.29499999999999 34.155000000000008 42.500000000000007 2.9742256672023202 -122.40499999999999 5.5682000000000009 34.045000000000009 -119.84499999999998 34.435000000000009 28.500000000000004 -122.40499999999999 -122.35499999999998 3.1424162072895592 35.955000000000005
decision_type= 2 2 2 2 2 2 2 2 2 2 2 2 2 2 2 2 2 2 2 2 2 2 2 2 2 2 2 2 2 2 2 2 2 2 2 2 2 2 2 2 2 2 2 2
left_child=1 5 4 7 19 16 9 8 30 18 22 40 20 33 15 21 17 26 36 -2 -4 -8 28 32 -21 -15 -1 -28 42 -13 31 -3 -12 -6 -24 -26 -7 43 -30 -19 -10 -9 -5 -16
right_child=2 3 12 10 13 6 14 41 11 -11 23 29 -14 25 37 -17 -18 39 -20 24 -22 -23 34 -25 35 -27 27 -29 38 -31 -32 -33 -34 -35 -36 -37 -38 -39 -40 -41 -42 -43 -44 -45
leaf_value= 0.086013461080820947 0.084246901721107201 0.13942323764165243 0.13719190792332445 0.0034526885907401779 0.053773838900964079 -0.028309887853421901 0.059159465322348607 0.021946085473999039 0.22363129605035315 -0.086617276461658177 0.013312633508308367 0.15200140062967937 0.23830664142214217 0.06648578353056854 -0.044534835487522267 -0.097289249923192711 -0.073265246880841461 -0.060755768690994666 -0.056367263605401001 0.23644229949906817 0.21172485594009238 -0.044301874909227296 0.071342117762799528 -0.014686000370025144 0.11132478339597583 0.1270513048229627 0.12937748295868315 -0.010273212100004901 -0.032231015922305616 0.068068334948991935 -0.0024997582931973739 0.03273989045116709 0.075349674228522373 0.013282750745203334 -0.010573763711340891 0.17115072546889207 0.0130318214306301 -0.12443136670078037 -0.058805710991475947 0.0022072276122276193 0.14707573651212263 -0.048371576701665857 -0.035984100032832665 -0.10075587057775288
leaf_weight=152 216 60 368 359 470 431 96 86 61 885 770 75 426 550 91 596 231 215 960 86 246 381 86 1060 180 215 41 214 855 552 256 218 132 574 226 221 368 662 1041 107 203 154 341 995
leaf_count=152 216 60 368 359 470 431 96 86 61 885 770 75 426 550 91 596 231 215 960 86 246 381 86 1060 180 215 41 214 855 552 256 218 132 574 226 221 368 662 1041 107 203 154 341 995
model_size=4960
internal_value=0 -0.0306532 0.111843 0.00158267 0.076901 -0.0634409 -0.0721019 0.0611247 0.0753224 -0.0522597 -0.0187741 0.103784 0.19624 0.0534998 -0.0906992 -0.0644773 -0.014136 0.00460046 -0.0349735 0.137118 0.167054 -0.0234795 -0.0330329 0.0023597 0.160568 0.0835075 0.0397544 0.0121804 -0.0384458 0.0781082 0.0278329 0.0557651 0.0223912 0.0315115 0.0120056 0.144296 -0.0092689 -0.106795 -0.0468219 -0.0398333 0.164765 -0.0231744 -0.0157587 -0.0960449
internal_weight=0 12960 3552 6535 2512 6425 5465 1665 1425 2644 4870 891 1040 1809 2821 1073 960 729 1759 703 614 477 2908 1962 487 765 407 255 2596 627 534 278 902 1044 312 401 799 1748 1896 322 264 240 700 1086
internal_count=16512 12960 3552 6535 2512 6425 5465 1665 1425 2644 4870 891 1040 1809 2821 1073 960 729 1759 703 614 477 2908 1962 487 765 407 255 2596 627 534 278 902 1044 312 401 799 1748 1896 322 264 240 700 1086
is_linear=0
shrinkage=0.1


Tree=2
num_leaves= 33
num_cat= 0
full_tree_array_lgbids= 0 1 2 5 3 4 23 16 7 6 8 15 13 27 -25 17 -18 9 11 -3 10 22 14 -2 19 -6 -15 -4 -29 -2147483648 -2147483648 24 -19 -2147483648 -2147483648 18 -11 12 -13 -2147483648 -2147483648 20 -12 30 -24 31 26 -2147483648 -2147483648 -17 28 -2147483648 -2147483648 -2147483648 -2147483648 -2147483648 -2147483648 -2147483648 -2147483648 -2147483648 -2147483648 -2147483648 -2147483648 -1 25 -2147483648 -2147483648 -2147483648 -2147483648 -2147483648 -2147483648 -7 -20 -2147483648 -2147483648 21 -14 -2147483648 -2147483648 -2147483648 -2147483648 -2147483648 -2147483648 -8 29 -2147483648 -2147483648 -5 -32 -2147483648 -2147483648 -10 -33 -16 -28 -2147483648 -2147483648 -2147483648 -2147483648 -2147483648 -2147483648 -21 -30 -2147483648 -2147483648 -2147483648 -2147483648 -2147483648 -2147483648 -2147483648 -2147483648 -2147483648 -2147483648 -2147483648 -2147483648 -2147483648 -2147483648 -2147483648 -2147483648 -2147483648 -2147483648 -2147483648 -2147483648 -2147483648 -2147483648 -2147483648 -2147483648 -2147483648 -2147483648 -26 -27 -2147483648 -2147483648 -2147483648 -2147483648 -2147483648 -2147483648 -2147483648 -2147483648 -2147483648 -2147483648 -2147483648 -2147483648 -2147483648 -2147483648 -2147483648 -2147483648 -2147483648 -2147483648 -2147483648 -2147483648 -9 -23 -2147483648 -2147483648 -2147483648 -2147483648 -2147483648 -2147483648 -2147483648 -2147483648 -2147483648 -2147483648 -2147483648 -2147483648 -2147483648 -2147483648 -2147483648 -2147483648 -22 -31 -2147483648 -2147483648 -2147483648 -2147483648 -2147483648 -2147483648 -2147483648 -2147483648 -2147483648 -2147483648 -2147483648 -2147483648 -2147483648 -2147483648 -2147483648 -2147483648 -2147483648 -2147483648 -2147483648 -2147483648 -2147483648 -2147483648 -2147483648 -2147483648 -2147483648 -2147483648 -2147483648 -2147483648 -2147483648 -2147483648 -2147483648 -2147483648 -2147483648 -2147483648 -2147483648 -2147483648 -2147483648 -2147483648 -2147483648 -2147483648 -2147483648 -2147483648 -2147483648 -2147483648 -2147483648 -2147483648 -2147483648 -2147483648 -2147483648 -2147483648 -2147483648 -2147483648 -2147483648 -2147483648 -2147483648 -2147483648 -2147483648 -2147483648 -2147483648 -2147483648 -2147483648 -2147483648 -2147483648 -2147483648 -2147483648 -2147483648 -2147483648 -2147483648 -2147483648 -2147483648 -2147483648 -2147483648 -2147483648 -2147483648 -2147483648 -2147483648 -2147483648 -2147483648 -2147483648 -2147483648 -2147483648 -2147483648 -2147483648 -2147483648
split_feature= 1 1 1 6 6 6 2 7 1 8 7 8 7 1 6 2 7 8 6 6 6 8 2 1 7 8 8 2 1 1 3 2
split_gain= 4562.6 1162.12 740.586 652.32 239.865 211.805 146.508 142.828 110.607 106.319 81.0063 76.8287 97.1176 74.9538 66.4972 65.7034 59.1258 68.8251 55.088 36.1614 28.7955 26.2709 25.6394 19.7508 13.7341 29.8496 12.8677 9.56386 8.73419 8.58512 7.79552 3.08684
threshold= 5.1326000000000009 3.1792500000000001 7.3930000000000016 2.2982753493904258 2.7472725830126556 2.1628386478062818 19.500000000000004 34.455000000000005 4.0612500000000002 -117.77499999999999 37.815000000000005 -121.63499999999998 38.665000000000006 6.2770500000000009 2.6829812717770039 21.500000000000004 37.935000000000009 -118.25499999999998 3.1336552646136835 2.2038024706228287 1.9322222929778572 -122.38499999999998 47.500000000000007 8.7395500000000013 34.655000000000008 -120.02499999999999 -121.895 28.500000000000004 5.6042500000000013 3.8136000000000005 5.1822875816993479 26.500000000000004
decision_type= 2 2 2 2 2 2 2 2 2 2 2 2 2 2 2 2 2 2 2 2 2 2 2 2 2 2 2 2 2 2 2 2
left_child=1 5 4 6 15 16 -3 9 22 18 20 12 21 -6 31 -2 17 24 -7 -17 -8 -9 30 27 -1 -26 -16 -4 -21 -22 -5 -10
right_child=2 3 23 8 13 7 10 11 14 -11 -12 -13 -14 -15 26 19 -18 -19 -20 28 29 -23 -24 -25 25 -27 -28 -29 -30 -31 -32 -33
leaf_value= 0.079513547757660008 0.06999753049846115 0.012715073491232555 0.14277684100917684 -0.017306371208379658 0.03272705053874269 0.00031652793442288395 0.15360946276909837 0.026408809213899077 0.010125676886030083 -0.077361465272422034 0.014390074256739585 -0.095798610007165066 -0.10065529397094107 0.092147685058693266 0.026581554317455042 0.20261316711741284 -0.064415963444934818 -0.034785880621799652 -0.045525718858618391 0.087324135735872443 0.061264221206363045 -0.044934950558258496 0.024597440251353676 0.21944877173394373 0.031454327431574218 -0.10803920038436587 -0.014010950875592329 0.20830639294098791 0.14260185820914478 0.12233826212029447 -0.043014636755110358 0.05679059501023416
leaf_weight=167 310 350 264 1183 1025 634 253 147 276 928 137 1827 415 435 347 133 245 348 1237 216 226 566 205 365 237 38 1447 164 387 228 1350 422
leaf_count=167 310 350 264 1183 1025 634 253 147 276 928 137 1827 415 435 347 133 245 348 1237 216 226 566 205 365 237 38 1447 164 387 228 1350 422
model_size=3616
internal_value=0 -0.0263588 0.105571 0.00455064 0.0783421 -0.0556065 0.0728842 -0.0636519 -0.0110498 -0.0456971 0.0978359 -0.0806589 -0.0561374 0.0504311 0.00630428 0.1173 -0.0108787 0.00572464 -0.0299918 0.137223 0.114006 -0.0302259 -0.0268447 0.191619 0.0376198 0.0121789 -0.00615945 0.167886 0.122801 0.0919358 -0.031008 0.0383386
internal_weight=0 13213 3299 6424 2506 6789 1194 5754 5230 2799 844 2955 1128 1460 2492 1046 1035 790 1871 736 707 713 2738 793 442 275 1794 428 603 454 2533 698
internal_count=16512 13213 3299 6424 2506 6789 1194 5754 5230 2799 844 2955 1128 1460 2492 1046 1035 790 1871 736 707 713 2738 793 442 275 1794 428 603 454 2533 698
is_linear=0
shrinkage=0.1


Tree=3
num_leaves= 29
num_cat= 0
full_tree_array_lgbids= 0 1 3 4 2 5 26 11 7 6 8 23 17 -5 -28 15 -13 10 13 -3 9 12 24 -2 -25 -7 -19 -2147483648 -2147483648 -2147483648 -2147483648 -1 22 -2147483648 -2147483648 -6 21 14 -15 -2147483648 -2147483648 16 -11 18 19 -10 -26 -2147483648 -2147483648 -2147483648 -2147483648 -2147483648 -2147483648 -2147483648 -2147483648 -2147483648 -2147483648 -2147483648 -2147483648 -2147483648 -2147483648 -2147483648 -2147483648 -2147483648 -2147483648 -17 -24 -2147483648 -2147483648 -2147483648 -2147483648 -2147483648 -2147483648 -12 -23 25 -16 -2147483648 -2147483648 -2147483648 -2147483648 -2147483648 -2147483648 -8 27 -2147483648 -2147483648 -4 -20 20 -21 -2147483648 -2147483648 -2147483648 -2147483648 -2147483648 -2147483648 -2147483648 -2147483648 -2147483648 -2147483648 -2147483648 -2147483648 -2147483648 -2147483648 -2147483648 -2147483648 -2147483648 -2147483648 -2147483648 -2147483648 -2147483648 -2147483648 -2147483648 -2147483648 -2147483648 -2147483648 -2147483648 -2147483648 -2147483648 -2147483648 -2147483648 -2147483648 -2147483648 -2147483648 -2147483648 -2147483648 -2147483648 -2147483648 -2147483648 -2147483648 -2147483648 -2147483648 -2147483648 -2147483648 -2147483648 -2147483648 -2147483648 -2147483648 -2147483648 -2147483648 -2147483648 -2147483648 -2147483648 -2147483648 -2147483648 -2147483648 -2147483648 -2147483648 -2147483648 -2147483648 -9 -27 -2147483648 -2147483648 -2147483648 -2147483648 -2147483648 -2147483648 -2147483648 -2147483648 -2147483648 -2147483648 -2147483648 -2147483648 -2147483648 -2147483648 -2147483648 -2147483648 -18 -29 -2147483648 -2147483648 -2147483648 -2147483648 -2147483648 -2147483648 -2147483648 -2147483648 -14 -22 -2147483648 -2147483648 -2147483648 -2147483648 -2147483648 -2147483648 -2147483648 -2147483648 -2147483648 -2147483648 -2147483648 -2147483648 -2147483648 -2147483648 -2147483648 -2147483648 -2147483648 -2147483648 -2147483648 -2147483648 -2147483648 -2147483648 -2147483648 -2147483648 -2147483648 -2147483648 -2147483648 -2147483648 -2147483648 -2147483648 -2147483648 -2147483648 -2147483648 -2147483648 -2147483648 -2147483648 -2147483648 -2147483648 -2147483648 -2147483648 -2147483648 -2147483648 -2147483648 -2147483648 -2147483648 -2147483648 -2147483648 -2147483648 -2147483648 -2147483648 -2147483648 -2147483648 -2147483648 -2147483648 -2147483648 -2147483648 -2147483648 -2147483648 -2147483648 -2147483648 -2147483648 -2147483648 -2147483648 -2147483648 -2147483648 -2147483648 -2147483648 -2147483648 -2147483648 -2147483648 -2147483648 -2147483648 -2147483648 -2147483648
split_feature= 1 1 6 1 6 6 2 7 1 7 8 7 8 8 7 8 6 1 7 7 8 8 8 2 2 8 1 1
split_gain= 3699.76 1007.44 548.715 507.67 165.415 157.309 107.635 106.63 89.6871 81.8359 81.0899 48.5252 44.0249 39.6815 54.4338 38.9352 36.533 32.3548 29.6388 26.1891 32.4216 20.8283 15.9229 11.0528 10.6022 6.12679 3.42442 3.2909
threshold= 5.2771000000000017 3.1913000000000005 2.3722374117110965 7.3930000000000016 2.2352443515477258 2.6585924622132828 19.500000000000004 34.455000000000005 4.5301500000000017 37.815000000000005 -118.30499999999999 37.935000000000009 -122.38499999999998 -121.63499999999998 37.915000000000006 -122.31499999999998 2.0231950334409352 6.2770500000000009 38.735000000000007 37.945000000000007 -117.79499999999999 -117.77499999999999 -117.145 21.500000000000004 20.500000000000004 -122.33499999999999 8.7395500000000013 3.8769000000000005
decision_type= 2 2 2 2 2 2 2 2 2 2 2 2 2 2 2 2 2 2 2 2 2 2 2 2 2 2 2 2
left_child=1 4 6 5 11 23 -3 10 12 16 -6 15 18 14 25 -1 -8 -7 -4 20 -14 -12 -17 -2 -10 -9 -5 -18
right_child=3 2 8 26 7 17 9 13 24 -11 21 -13 19 -15 -16 22 27 -19 -20 -21 -22 -23 -24 -25 -26 -27 -28 -29
leaf_value= 0.11451414527435755 0.076667262481762768 0.011727596078801188 0.049871501224443053 0.15109766529107066 0.0046632041193931757 0.038574610567855057 0.132009891900816 0.043951706772508183 -0.0096643829513518784 0.0067213802293149966 -0.037992314019793624 -0.058496529076121545 -0.0099361674668222988 -0.086824900629650231 -0.079080504549398897 0.0057368005042908871 0.040351785805606978 0.085553667505393879 -0.079507043562373342 -0.056851317949367722 -0.04787089306881253 -0.071310215262030477 -0.06120905966229187 0.13442908000141665 0.028626113879901455 -0.034542746432397707 0.19750389161175244 0.098433811723540293
leaf_weight=58 212 423 263 428 467 968 360 92 531 180 1386 323 2224 1773 590 737 233 488 49 529 649 894 149 522 952 385 365 282
leaf_count=58 212 423 263 428 467 968 360 92 531 180 1386 323 2224 1773 590 737 233 488 49 529 649 894 149 522 952 385 365 282
model_size=3168
internal_value=0 -0.0223427 0.00583588 0.101332 -0.0497854 0.075578 0.0614712 -0.0580069 -0.00998652 0.0814158 -0.0415839 -0.0135317 -0.0199301 -0.0738921 -0.052402 0.00185349 0.0967816 0.0543203 0.0295524 -0.0244681 -0.0185055 -0.0510564 -0.00552159 0.117746 0.0149159 -0.0194034 0.172457 0.0721559
internal_weight=0 13529 6675 2983 6854 2190 1478 5587 5197 1055 2747 1267 3714 2840 1067 944 875 1456 312 3402 2873 2280 886 734 1483 477 793 515
internal_count=16512 13529 6675 2983 6854 2190 1478 5587 5197 1055 2747 1267 3714 2840 1067 944 875 1456 312 3402 2873 2280 886 734 1483 477 793 515
is_linear=0
shrinkage=0.1


Tree=4
num_leaves= 21
num_cat= 0
full_tree_array_lgbids= 0 1 3 4 2 6 -5 7 5 8 11 17 -8 -2147483648 -2147483648 -1 16 9 13 -3 10 12 -13 -2 -19 -2147483648 -2147483648 -2147483648 -2147483648 -2147483648 -2147483648 -2147483648 -2147483648 -9 19 -6 -11 -7 -15 -2147483648 -2147483648 -10 15 14 -14 -2147483648 -2147483648 -2147483648 -2147483648 -2147483648 -2147483648 -2147483648 -2147483648 -2147483648 -2147483648 -2147483648 -2147483648 -2147483648 -2147483648 -2147483648 -2147483648 -2147483648 -2147483648 -2147483648 -2147483648 -2147483648 -2147483648 -2147483648 -2147483648 -18 -21 -2147483648 -2147483648 -2147483648 -2147483648 -2147483648 -2147483648 -2147483648 -2147483648 -2147483648 -2147483648 -2147483648 -2147483648 -2147483648 -2147483648 -12 -17 18 -16 -2147483648 -2147483648 -2147483648 -2147483648 -2147483648 -2147483648 -2147483648 -2147483648 -2147483648 -2147483648 -2147483648 -2147483648 -2147483648 -2147483648 -2147483648 -2147483648 -2147483648 -2147483648 -2147483648 -2147483648 -2147483648 -2147483648 -2147483648 -2147483648 -2147483648 -2147483648 -2147483648 -2147483648 -2147483648 -2147483648 -2147483648 -2147483648 -2147483648 -2147483648 -2147483648 -2147483648 -2147483648 -2147483648 -2147483648 -2147483648 -2147483648 -2147483648 -2147483648 -2147483648 -2147483648 -2147483648 -2147483648 -2147483648 -2147483648 -2147483648 -2147483648 -2147483648 -2147483648 -2147483648 -2147483648 -2147483648 -2147483648 -2147483648 -2147483648 -2147483648 -2147483648 -2147483648 -2147483648 -2147483648 -2147483648 -2147483648 -2147483648 -2147483648 -2147483648 -2147483648 -2147483648 -2147483648 -2147483648 -2147483648 -2147483648 -2147483648 -2147483648 -2147483648 -2147483648 -2147483648 -2147483648 -2147483648 -2147483648 -2147483648 -2147483648 -2147483648 -4 -20 -2147483648 -2147483648 -2147483648 -2147483648 -2147483648 -2147483648 -2147483648 -2147483648 -2147483648 -2147483648 -2147483648 -2147483648 -2147483648 -2147483648 -2147483648 -2147483648 -2147483648 -2147483648 -2147483648 -2147483648 -2147483648 -2147483648 -2147483648 -2147483648 -2147483648 -2147483648 -2147483648 -2147483648 -2147483648 -2147483648 -2147483648 -2147483648 -2147483648 -2147483648 -2147483648 -2147483648 -2147483648 -2147483648 -2147483648 -2147483648 -2147483648 -2147483648 -2147483648 -2147483648 -2147483648 -2147483648 -2147483648 -2147483648 -2147483648 -2147483648 -2147483648 -2147483648 -2147483648 -2147483648 -2147483648 -2147483648 -2147483648 -2147483648 -2147483648 -2147483648 -2147483648 -2147483648 -2147483648 -2147483648 -2147483648 -2147483648 -2147483648 -2147483648 -2147483648 -2147483648 -2147483648 -2147483648 -2147483648 -2147483648 -2147483648 -2147483648 -2147483648 -2147483648
split_feature= 1 1 6 1 6 1 6 1 2 3 6 6 7 3 8 7 2 2 8 8
split_gain= 3000.38 962.766 398.059 278.973 215.659 103.878 92.7868 72.5805 72.1683 67.7628 61.5385 58.8555 44.0633 33.1862 24.6053 19.6166 12.5073 12.3407 8.26179 0.0369197
threshold= 5.6042500000000013 3.5488500000000003 2.4136952392348086 7.7055000000000016 2.2352443515477258 2.5205000000000006 3.0089663118548242 2.5510500000000005 19.500000000000004 3.6193833748516839 1.9628175980828908 2.9742256672023202 37.915000000000006 4.7252880533656763 -117.56499999999998 37.935000000000009 21.500000000000004 21.500000000000004 -122.21499999999999 -122.35499999999998
decision_type= 2 2 2 2 2 2 2 2 2 2 2 2 2 2 2 2 2 2 2 2
left_child=1 4 8 6 7 9 17 -1 -3 -6 -10 12 14 -7 18 -12 -9 -2 -4 -18
right_child=3 2 11 -5 5 13 -8 16 10 -11 15 -13 -14 -15 -16 -17 19 -19 -20 -21
leaf_value= -0.032502175112039899 0.069902361221399839 0.017525218028519401 0.091755038325893976 0.16293112662023129 -0.025449269001036147 -0.016323269812789819 0.044865486257708129 -0.017792898359039102 0.14081814404363918 -0.073141188742289628 0.075838091359033744 -0.016686957596382921 -0.024421294714749429 -0.046606274988689127 -0.021820871481888247 -0.0086387969322857406 0.1149602156398552 0.11871713110397818 0.026292722875602338 0.029488972139609333
leaf_weight=719 352 384 136 670 607 1410 649 244 236 2610 631 2173 484 2105 282 105 70 735 1405 505
leaf_count=719 352 384 136 670 607 1410 649 244 236 2610 631 2173 484 2105 282 105 70 735 1405 505
model_size=2272
internal_value=0 -0.0177332 0.0140671 0.103967 -0.0401741 -0.0486435 0.0812099 -0.00310233 0.0640926 -0.0641424 0.0824896 -0.0010746 0.0136309 -0.0344586 0.0237337 0.0637864 0.0227078 0.10291 0.0320701 0.0398942
internal_weight=0 14106 5836 2406 8270 6732 1736 1538 1356 3217 972 4480 2307 3515 1823 736 819 1087 1541 575
internal_count=16512 14106 5836 2406 8270 6732 1736 1538 1356 3217 972 4480 2307 3515 1823 736 819 1087 1541 575
is_linear=0
shrinkage=0.1


end of trees

feature_importances:
Column_1=41
Column_8=41
Column_6=40
Column_7=38
Column_2=30
Column_3=8
Column_4=3
Column_5=2

parameters:
[boosting: gbdt]
[objective: regression]
[metric: rmse]
[tree_learner: serial]
[device_type: cpu]
[data_sample_strategy: bagging]
[data: data/california_housing.libsvm.train]
[valid: data/california_housing.libsvm.test]
[num_iterations: 5]
[learning_rate: 0.1]
[num_leaves: 255]
[num_threads: 0]
[seed: 42]
[deterministic: 0]
[force_col_wise: 0]
[force_row_wise: 0]
[histogram_pool_size: -1]
[max_depth: 7]
[min_data_in_leaf: 10]
[min_sum_hessian_in_leaf: 0.001]
[bagging_fraction: 1]
[pos_bagging_fraction: 1]
[neg_bagging_fraction: 1]
[bagging_freq: 0]
[bagging_seed: 400]
[feature_fraction: 1]
[feature_fraction_bynode: 1]
[feature_fraction_seed: 30056]
[extra_trees: 0]
[extra_seed: 12879]
[early_stopping_round: 0]
[early_stopping_min_delta: 0]
[first_metric_only: 0]
[max_delta_step: 0]
[lambda_l1: 0]
[lambda_l2: 0]
[linear_lambda: 0]
[min_gain_to_split: 0]
[drop_rate: 0.1]
[max_drop: 50]
[skip_drop: 0.5]
[xgboost_dart_mode: 0]
[uniform_drop: 0]
[drop_seed: 17869]
[top_rate: 0.2]
[other_rate: 0.1]
[min_data_per_group: 100]
[max_cat_threshold: 32]
[cat_l2: 10]
[cat_smooth: 10]
[max_cat_to_onehot: 4]
[top_k: 20]
[monotone_constraints: ]
[monotone_constraints_method: basic]
[monotone_penalty: 0]
[feature_contri: ]
[forcedsplits_filename: ]
[refit_decay_rate: 0.9]
[tinygbdt_penalty_feature: 0.5]
[tinygbdt_penalty_split: 0.125]
[tinygbdt_forestsize: 64000]
[tinygbdt_precision: 7]
[cegb_tradeoff: 1]
[cegb_penalty_split: 0]
[cegb_penalty_feature_lazy: ]
[cegb_penalty_feature_coupled: ]
[path_smooth: 0]
[interaction_constraints: ]
[verbosity: 2]
[saved_feature_importance_type: 0]
[use_quantized_grad: 0]
[num_grad_quant_bins: 4]
[quant_train_renew_leaf: 0]
[stochastic_rounding: 1]
[linear_tree: 0]
[max_bin: 255]
[max_bin_by_feature: ]
[min_data_in_bin: 3]
[bin_construct_sample_cnt: 200000]
[data_random_seed: 175]
[is_enable_sparse: 1]
[enable_bundle: 1]
[use_missing: 1]
[zero_as_missing: 0]
[feature_pre_filter: 1]
[pre_partition: 0]
[two_round: 0]
[header: 0]
[label_column: ]
[weight_column: ]
[group_column: ]
[ignore_column: ]
[categorical_feature: ]
[forcedbins_filename: ]
[precise_float_parser: 0]
[parser_config_file: ]
[objective_seed: 16083]
[num_class: 1]
[is_unbalance: 0]
[scale_pos_weight: 1]
[sigmoid: 1]
[boost_from_average: 1]
[reg_sqrt: 0]
[alpha: 0.9]
[fair_c: 1]
[poisson_max_delta_step: 0.7]
[tweedie_variance_power: 1.5]
[lambdarank_truncation_level: 30]
[lambdarank_norm: 1]
[label_gain: ]
[lambdarank_position_bias_regularization: 0]
[eval_at: ]
[multi_error_top_k: 1]
[auc_mu_weights: ]
[num_machines: 1]
[local_listen_port: 12400]
[time_out: 120]
[machine_list_filename: ]
[machines: ]
[gpu_platform_id: -1]
[gpu_device_id: -1]
[gpu_use_dp: 0]
[num_gpu: 1]

end of parameters
