tree
version=v4
num_class=1
num_tree_per_iteration=1
label_index=0
max_feature_idx=7
objective=regression
feature_names=Column_0 Column_1 Column_2 Column_3 Column_4 Column_5 Column_6 Column_7
feature_infos=[-1.570595979690552:1.570752859115601] [-1.570681214332581:1.5706571340560909] [-1.5706690549850459:1.5707360506057739] [-1.5702953338623051:1.5700980424880981] [-1.570364356040955:1.570599317550659] [-1.5702542066574101:1.5705970525741582] [-1.570304274559021:1.5705224275588989] [-1.5689036846160889:1.570236444473267]
tree_sizes=7968 6703 5572 5233 3346

Tree=0
num_leaves= 70
num_cat= 0
full_tree_array_lgbids= 0 1 3 4 2 7 8 13 27 5 16 48 9 18 14 36 26 40 57 12 6 22 17 49 68 43 10 25 -20 24 33 39 46 51 29 -6 56 60 -59 15 30 45 50 23 28 21 35 -2 -51 -50 -70 47 54 20 11 64 52 -2147483648 -2147483648 -10 -26 67 -35 63 -41 62 55 -15 -53 41 37 -2147483648 -2147483648 -42 -58 -29 -62 -2147483648 -2147483648 38 34 65 44 -7 -47 -8 -52 58 42 53 31 -18 -23 -19 -37 -2147483648 -2147483648 -2147483648 -2147483648 -2147483648 -2147483648 -2147483648 -2147483648 -9 66 -45 59 -11 32 19 -13 -5 -66 -27 61 -2147483648 -2147483648 -2147483648 -2147483648 -2147483648 -2147483648 -2147483648 -2147483648 -16 -69 -2147483648 -2147483648 -1 -65 -2147483648 -2147483648 -38 -64 -48 -57 -2147483648 -2147483648 -2147483648 -2147483648 -28 -43 -31 -39 -2147483648 -2147483648 -2147483648 -2147483648 -2147483648 -2147483648 -2147483648 -2147483648 -2147483648 -2147483648 -2147483648 -2147483648 -2147483648 -2147483648 -2147483648 -2147483648 -3 -40 -17 -36 -14 -67 -32 -46 -2147483648 -2147483648 -2147483648 -2147483648 -2147483648 -2147483648 -2147483648 -2147483648 -4 -60 -25 -44 -24 -55 -30 -33 -2147483648 -2147483648 -2147483648 -2147483648 -2147483648 -2147483648 -2147483648 -2147483648 -2147483648 -2147483648 -2147483648 -2147483648 -2147483648 -2147483648 -2147483648 -2147483648 -2147483648 -2147483648 -2147483648 -2147483648 -2147483648 -2147483648 -2147483648 -2147483648 -2147483648 -2147483648 -49 -68 -2147483648 -2147483648 -56 -61 -2147483648 -2147483648 -22 -34 -12 -21 -2147483648 -2147483648 -2147483648 -2147483648 -2147483648 -2147483648 -2147483648 -2147483648 -54 -63 -2147483648 -2147483648 -2147483648 -2147483648 -2147483648 -2147483648 -2147483648 -2147483648 -2147483648 -2147483648 -2147483648 -2147483648 -2147483648 -2147483648 -2147483648 -2147483648 -2147483648 -2147483648 -2147483648 -2147483648 -2147483648 -2147483648 -2147483648 -2147483648
split_feature= 2 4 2 2 2 6 5 4 6 3 5 6 1 1 3 4 6 5 0 7 6 3 5 6 5 5 6 4 0 5 0 3 7 5 6 3 5 0 0 6 5 6 7 0 5 5 4 1 5 3 7 5 3 1 6 0 4 0 4 7 5 7 1 3 7 7 3 7 0
split_gain= 107.152 22.9716 8.37094 5.16643 4.10612 3.73065 7.25023 2.91678 2.58987 2.32045 4.60216 3.5941 2.06563 1.9934 1.83971 1.25118 1.24255 1.83205 1.13521 0.990525 0.974928 0.955001 0.929826 0.964171 0.922177 0.915939 0.883469 0.706693 0.705261 0.623528 0.612779 0.584736 0.580233 0.562943 0.543934 0.533369 0.518684 0.501606 0.477492 0.468948 0.455122 0.434591 0.422509 0.409676 0.408254 0.395129 0.344053 0.312085 0.29415 0.420482 0.288152 0.272563 0.265076 0.253999 0.198699 0.154766 0.147837 0.145006 0.119561 0.0802092 0.0711402 0.0661286 0.0649259 0.0641115 0.062616 0.0623601 0.0415934 0.0246121 0.0218662
threshold= 0.22240778803825376 -0.13487913459539411 -0.33504875004291529 0.831111639738083 -0.35692687332630152 1.0996640324592593 0.17076345533132556 -0.62264147400856007 0.23248040676116946 0.33348274230957037 -0.081027176231145845 0.05517734773457051 -0.063510026782751069 -0.028266851790249341 0.047571904957294471 0.85643300414085399 1.0996640324592593 -0.12362807989120483 0.48065467178821569 -0.84866309165954579 0.33271835744380956 0.63822954893112194 -1.3099576830863946 -0.21962230652570722 0.20172023028135302 0.90692374110221874 -1.1232284307479858 -0.9847588539123534 -1.1402159929275513 -1.2652705907821657 -0.42838852107524866 0.7839358150959016 -0.65860617160797108 -0.88524380326271046 -1.0479806065559383 -0.66475412249565113 -0.84710562229156483 -0.28396070003509516 0.55547255277633678 0.108576238155365 -0.89637285470962513 -0.24426137655973432 0.97444215416908275 0.39113223552703863 1.0439303517341616 -0.84710562229156483 -0.77998724579811085 0.53662991523742687 -1.1129922270774844 -0.71507582068443287 0.11116131395101546 -0.22917296737432477 -0.48799206316471094 0.44487559795379644 -1.1006352305412288 0.20387880504131317 -1.3555004000663753 0.62239006161689769 0.50127318501472484 -1.2969858646392818 0.23002466559410104 0.35052199661731726 -1.4077088832855222 -0.55495774745941151 1.3988879323005678 0.8762398660182954 -1.1821406483650208 -0.48185230791568751 -0.26234114170074457
decision_type= 2 2 2 2 2 2 2 2 2 2 2 2 2 2 2 2 2 2 2 2 2 2 2 2 2 2 2 2 2 2 2 2 2 2 2 2 2 2 2 2 2 2 2 2 2 2 2 2 2 2 2 2 2 2 2 2 2 2 2 2 2 2 2 2 2 2 2 2 2
left_child=1 4 5 7 13 12 45 48 18 43 20 19 15 36 24 38 22 21 25 -12 -11 -18 23 58 -10 64 51 40 53 41 65 -30 -22 67 -17 -19 39 -31 -3 63 -6 -28 -25 47 -32 -7 62 -9 49 -2 -8 -15 -27 -24 -45 -48 -42 60 -4 -56 -29 -54 -38 -1 -5 -14 -49 -16 -50
right_child=3 2 16 8 27 6 50 9 14 10 11 -13 30 26 33 34 17 35 -20 -21 32 -23 28 42 -26 52 29 57 31 37 44 -33 -34 -35 -36 -37 46 -39 -40 -41 56 -43 -44 54 -46 -47 55 66 68 -51 -52 -53 61 -55 59 -57 -58 -59 -60 -61 -62 -63 -64 -65 -66 -67 -68 -69 -70
leaf_value= 0.72883654127852249 0.68773465269904643 0.74489149152412482 0.67573870019436444 0.70670658735120706 0.71756021215053434 0.75425368657136804 0.69731479758108428 0.71963433802352139 0.70303461463790828 0.72326966045916163 0.68164581000423452 0.67807165162977945 0.74538573610178616 0.7386779463063351 0.6843806664378278 0.7385923389478366 0.73720129677437429 0.71645724913189579 0.69420912802040802 0.71248537881551222 0.68591712580207398 0.69653729952490351 0.74786382402684726 0.73900817867696589 0.68891320468961492 0.70593057141790028 0.744839765219098 0.7224092295062865 0.72892490500759122 0.71865330174571918 0.73526158021104115 0.71632252658449824 0.71218799387697007 0.68240325179970052 0.75624118837186394 0.68466632135912509 0.73343642616651095 0.70859738878729206 0.73297396084700317 0.72401342896587673 0.6923756775252361 0.71689391801373181 0.70121780197685979 0.69425870454688277 0.72179740424665018 0.73580152678104904 0.73385338169620729 0.69153941556015963 0.70092590049137526 0.71675801006650219 0.71459514432558535 0.71908761395329168 0.68058105188971774 0.72385540782791025 0.68823531201157673 0.72200867834822857 0.70575503033382869 0.70737397464394569 0.70693538409043488 0.71192852532915496 0.71106744095757402 0.69942409472701839 0.7176982809355843 0.7493467643280759 0.69259671724316296 0.73235933787739294 0.7120566784663579 0.70328746281435017 0.69204981261754484
leaf_weight=23 17 224 11.000000000000002 443 48 51 50 236 185 92 20 111 154 41 26 43 36 15.999999999999998 303 78 23 11.999999999999998 47 21.000000000000004 120 35 22 121 303 180 320 94 55 266 175 31 30 250 104 56 61 30 9.9999999999999982 35 64 56 118 18 126 41 58 45 50 20 12.999999999999998 96 121 101 18 193 94 30 217 45 33 48 90 45 204
leaf_count=23 17 224 11 443 48 51 50 236 185 92 20 111 154 41 26 43 36 16 303 78 23 12 47 21 120 35 22 121 303 180 320 94 55 266 175 31 30 250 104 56 61 30 10 35 64 56 118 18 126 41 58 45 50 20 13 96 121 101 18 193 94 30 217 45 33 48 90 45 204
model_size=7760
internal_value=0.715004 0.726381 0.733821 0.700565 0.717773 0.738376 0.725507 0.705287 0.696409 0.70848 0.701741 0.691257 0.74082 0.721357 0.691109 0.745763 0.72391 0.711428 0.700214 0.706192 0.714631 0.727035 0.726173 0.711489 0.697479 0.703293 0.716628 0.710203 0.728072 0.714523 0.736214 0.725941 0.704441 0.685345 0.75276 0.695489 0.725948 0.712807 0.741113 0.734102 0.70467 0.728717 0.726818 0.712846 0.733018 0.744596 0.723755 0.716182 0.697354 0.708251 0.706595 0.728427 0.693212 0.740697 0.708084 0.72854 0.701271 0.71423 0.695102 0.710433 0.71745 0.687647 0.71961 0.742409 0.705728 0.74229 0.708637 0.696364 0.695439
internal_weight=0 3665 1966 2888 1699 1347 215 1352 1536 964 379 209 1132 1153 642 546 619 95 894 98 170 48 524 60 305 591 568 546 464 482 586 397 78 337 218 47 585 430 328 124 230 52 31 585 384 107 461 344 388 58 108 86 115 67 241 214 182 316 29 206 215 80 247 68 476 202 108 71 330
internal_count=6553 3665 1966 2888 1699 1347 215 1352 1536 964 379 209 1132 1153 642 546 619 95 894 98 170 48 524 60 305 591 568 546 464 482 586 397 78 337 218 47 585 430 328 124 230 52 31 585 384 107 461 344 388 58 108 86 115 67 241 214 182 316 29 206 215 80 247 68 476 202 108 71 330
is_linear=0
shrinkage=1


Tree=1
num_leaves= 49
num_cat= 0
full_tree_array_lgbids= 0 1 3 6 2 9 7 14 31 4 19 15 10 22 8 38 26 -8 32 12 5 29 20 -2 41 47 11 24 -24 21 17 -1 -40 27 45 -2147483648 -2147483648 -33 33 13 25 18 23 30 39 35 37 -2147483648 -2147483648 42 43 -11 -49 -12 -13 -5 -26 -2147483648 -2147483648 -9 46 -10 -19 -2147483648 -2147483648 -2147483648 -2147483648 -16 -29 -28 -47 -2147483648 -2147483648 -2147483648 -2147483648 -2147483648 -2147483648 -34 -35 -3 16 -14 -27 28 34 -7 36 -4 -32 -31 40 -21 -37 -22 -39 -2147483648 -2147483648 -2147483648 -2147483648 -17 -44 -43 44 -2147483648 -2147483648 -2147483648 -2147483648 -2147483648 -2147483648 -2147483648 -2147483648 -2147483648 -2147483648 -2147483648 -2147483648 -2147483648 -2147483648 -2147483648 -2147483648 -2147483648 -2147483648 -23 -48 -2147483648 -2147483648 -2147483648 -2147483648 -2147483648 -2147483648 -2147483648 -2147483648 -2147483648 -2147483648 -2147483648 -2147483648 -2147483648 -2147483648 -2147483648 -2147483648 -2147483648 -2147483648 -2147483648 -2147483648 -2147483648 -2147483648 -2147483648 -2147483648 -2147483648 -2147483648 -2147483648 -2147483648 -2147483648 -2147483648 -2147483648 -2147483648 -2147483648 -2147483648 -2147483648 -2147483648 -2147483648 -2147483648 -15 -18 -2147483648 -2147483648 -2147483648 -2147483648 -6 -30 -20 -36 -2147483648 -2147483648 -25 -38 -2147483648 -2147483648 -2147483648 -2147483648 -2147483648 -2147483648 -41 -42 -2147483648 -2147483648 -2147483648 -2147483648 -2147483648 -2147483648 -2147483648 -2147483648 -2147483648 -2147483648 -2147483648 -2147483648 -2147483648 -2147483648 -2147483648 -2147483648 -2147483648 -2147483648 -2147483648 -2147483648 -2147483648 -2147483648 -45 -46 -2147483648 -2147483648 -2147483648 -2147483648 -2147483648 -2147483648 -2147483648 -2147483648 -2147483648 -2147483648 -2147483648 -2147483648 -2147483648 -2147483648 -2147483648 -2147483648 -2147483648 -2147483648 -2147483648 -2147483648 -2147483648 -2147483648 -2147483648 -2147483648 -2147483648 -2147483648 -2147483648 -2147483648 -2147483648 -2147483648 -2147483648 -2147483648 -2147483648 -2147483648 -2147483648 -2147483648 -2147483648 -2147483648 -2147483648 -2147483648 -2147483648 -2147483648 -2147483648 -2147483648 -2147483648 -2147483648 -2147483648 -2147483648
split_feature= 2 4 2 2 5 6 2 6 3 6 3 5 7 4 1 4 1 5 6 6 3 5 0 7 5 6 5 6 4 5 6 6 3 5 7 5 3 5 0 0 3 3 5 5 3 0 3 7
split_gain= 86.4308 18.283 6.62688 3.91993 2.80838 7.43055 2.7431 1.93866 2.60465 1.58091 3.41048 1.67248 1.54339 1.88623 1.28849 1.1538 1.00068 0.952721 0.859732 0.638134 1.67275 0.610698 0.505327 0.499834 0.484451 0.423912 0.405928 1.19798 0.396762 0.372512 0.379697 0.312227 0.551545 0.484182 0.291583 0.25775 0.253622 0.225746 0.210507 0.182665 0.413994 0.174432 0.277357 0.193488 0.254574 0.132881 0.0403353 0.0326406
threshold= 0.22240778803825376 -0.25070770084857935 -0.36874486505985254 0.70152944326400768 0.65354096889495861 0.42225234210491186 -0.35692687332630152 -0.08627330511808394 0.047571904957294471 0.56632831692695629 -0.19819757342338556 -0.85936468839645375 1.2305972576141355 0.35609744489192968 -0.028266851790249341 -0.60982060432434071 -0.4492183774709701 -0.88524380326271046 -0.37835273146629328 1.0996640324592593 0.2989127933979035 0.20172023028135302 0.49276305735111242 -0.25720979273319239 1.1980468630790713 -0.56123605370521534 -0.77255976200103749 -0.16419291496276853 0.59730964899063121 -1.3099576830863946 -0.21962230652570722 -0.5871194303035735 0.31131325662136083 -0.89637285470962513 0.099670447409152998 -0.12362807989120483 -0.48799206316471094 -0.65955945849418629 -0.012182130943983793 -1.1402159929275513 0.7839358150959016 -1.3288813829421993 -0.58890822529792775 1.1454110145568848 0.53811320662498485 -0.28396070003509516 -0.66475412249565113 -0.63094553351402272
decision_type= 2 2 2 2 2 2 2 2 2 2 2 2 2 2 2 2 2 2 2 2 2 2 2 2 2 2 2 2 2 2 2 2 2 2 2 2 2 2 2 2 2 2 2 2 2 2 2 2
left_child=1 6 4 9 12 18 14 22 21 15 47 -12 13 -3 38 -2 -15 -10 28 29 35 -9 24 -7 -5 -14 27 -16 -6 30 -4 -8 -33 -34 -20 -21 -25 -22 -1 -31 -41 42 -17 -43 -45 -28 -23 -11
right_child=3 2 19 7 5 23 31 8 17 10 11 -13 25 16 26 41 -18 -19 34 20 37 46 -24 36 -26 -27 45 -29 -30 39 -32 32 33 -35 -36 -37 -38 -39 -40 40 -42 43 -44 44 -46 -47 -48 -49
leaf_value= 0.013686355904594239 -0.012546851349464967 0.017662521248560523 -0.016334654783713633 -0.0076081106959200902 0.021603435311919533 -0.01454969489140742 0.0021152595813251347 -0.0093751611699856852 -0.013895257828213894 -0.012896630068701743 -0.0022364262768879853 -0.027905695227964319 -0.002143803168513367 0.037092832460900983 0.019177059509313987 -0.034903774191351503 0.025526864711195231 -0.028969403235619334 0.004450093261682643 0.021148176017890662 0.0075292468070983888 -0.015333753645412441 -0.017443741520312899 0.016994543368410733 -0.021866346192998917 0.019754122949338385 0.003903267156476012 -0.0049554177529377045 0.03905664905428842 0.022188134530657218 0.010732508337858951 -0.0028361266064726247 0.004733704503339071 -0.019954937070971197 0.025428994768794552 -0.004844816694794982 -0.0041171091487226278 -0.028849198055617947 0.0050596350321229768 0.012710516297233894 0.00044180742077633875 0.0024067097342143733 -0.0032564393169577086 0.00046497572588527372 -0.025474918518889823 -0.0061155253388340842 -0.028931657818935086 0.0043400797545216094
leaf_weight=279 204 273 32 512 74 67 152 281 96 38 47 180 46 208 79 17 375 370 52 37 9.9999999999999982 122 297 36 72 56 156 61 83 76 33 208 26 118 47 27 69 34 259 351 107 385 31 36 29 234 72 99
leaf_count=279 204 273 32 512 74 67 152 281 96 38 47 180 46 208 79 17 375 370 52 37 10 122 297 36 72 56 156 61 83 76 33 208 26 118 47 27 69 34 259 351 107 385 31 36 29 234 72 99
model_size=5408
internal_value=0 0.0102399 0.0164882 -0.0129949 0.0207339 0.0131304 0.00192082 -0.0160765 -0.0198096 -0.00772783 -0.0142542 -0.0225909 0.0241309 0.0258291 0.00516809 -0.00434376 0.0296533 -0.025864 0.0244802 0.00816481 -0.002351 -0.0138699 -0.0120891 -0.00376225 -0.00936598 0.00987859 0.000736951 0.00866219 0.0308303 0.0100608 -0.00259286 -0.00496032 -0.00801568 -0.0154973 0.0144098 0.0101824 0.00312117 -0.0205814 0.00953334 0.0116011 0.00984425 -0.000983462 -0.0144649 0.000454555 -0.0111082 -0.00210801 -0.0203804 -0.000440905
internal_weight=0 3665 2093 2888 1386 428 1572 1822 941 1066 364 227 958 856 1068 702 583 466 256 707 108 475 881 172 584 102 530 140 157 599 65 504 352 144 99 64 105 44 538 534 458 498 48 450 65 390 194 137
internal_count=6553 3665 2093 2888 1386 428 1572 1822 941 1066 364 227 958 856 1068 702 583 466 256 707 108 475 881 172 584 102 530 140 157 599 65 504 352 144 99 64 105 44 538 534 458 498 48 450 65 390 194 137
is_linear=0
shrinkage=0.1


Tree=2
num_leaves= 33
num_cat= 0
full_tree_array_lgbids= 0 1 2 6 3 8 7 13 -8 4 16 15 9 12 22 -1 14 -2147483648 -2147483648 11 5 19 17 -2 -17 -10 10 -4 24 -9 -24 -2147483648 -2147483648 -15 27 -2147483648 -2147483648 -2147483648 -2147483648 29 31 23 -7 21 -21 20 18 -2147483648 -2147483648 -2147483648 -2147483648 -2147483648 -2147483648 -11 -12 -2147483648 -2147483648 26 25 -2147483648 -2147483648 -2147483648 -2147483648 -2147483648 -2147483648 -2147483648 -2147483648 -2147483648 -2147483648 28 -29 -2147483648 -2147483648 -2147483648 -2147483648 -2147483648 -2147483648 -2147483648 -2147483648 -3 -31 -13 -33 -6 -25 -2147483648 -2147483648 -5 -23 -2147483648 -2147483648 -18 -22 30 -20 -2147483648 -2147483648 -2147483648 -2147483648 -2147483648 -2147483648 -2147483648 -2147483648 -2147483648 -2147483648 -2147483648 -2147483648 -2147483648 -2147483648 -2147483648 -2147483648 -2147483648 -2147483648 -2147483648 -2147483648 -14 -28 -26 -27 -2147483648 -2147483648 -2147483648 -2147483648 -2147483648 -2147483648 -2147483648 -2147483648 -2147483648 -2147483648 -2147483648 -2147483648 -2147483648 -2147483648 -2147483648 -2147483648 -2147483648 -2147483648 -2147483648 -2147483648 -16 -30 -2147483648 -2147483648 -2147483648 -2147483648 -2147483648 -2147483648 -2147483648 -2147483648 -2147483648 -2147483648 -2147483648 -2147483648 -2147483648 -2147483648 -2147483648 -2147483648 -2147483648 -2147483648 -2147483648 -2147483648 -2147483648 -2147483648 -2147483648 -2147483648 -2147483648 -2147483648 -2147483648 -2147483648 -2147483648 -2147483648 -2147483648 -2147483648 -2147483648 -2147483648 -2147483648 -2147483648 -2147483648 -2147483648 -2147483648 -2147483648 -2147483648 -2147483648 -2147483648 -2147483648 -2147483648 -2147483648 -19 -32 -2147483648 -2147483648 -2147483648 -2147483648 -2147483648 -2147483648 -2147483648 -2147483648 -2147483648 -2147483648 -2147483648 -2147483648 -2147483648 -2147483648 -2147483648 -2147483648 -2147483648 -2147483648 -2147483648 -2147483648 -2147483648 -2147483648 -2147483648 -2147483648 -2147483648 -2147483648 -2147483648 -2147483648 -2147483648 -2147483648 -2147483648 -2147483648 -2147483648 -2147483648 -2147483648 -2147483648 -2147483648 -2147483648 -2147483648 -2147483648 -2147483648 -2147483648 -2147483648 -2147483648 -2147483648 -2147483648 -2147483648 -2147483648 -2147483648 -2147483648 -2147483648 -2147483648 -2147483648 -2147483648 -2147483648 -2147483648 -2147483648 -2147483648 -2147483648 -2147483648 -2147483648 -2147483648 -2147483648 -2147483648 -2147483648 -2147483648
split_feature= 2 4 2 2 6 5 2 6 6 3 5 0 7 1 0 4 6 5 3 5 3 3 3 3 5 3 0 5 6 1 7 5
split_gain= 69.8201 15.0266 4.8748 3.25741 2.0508 6.41883 1.62355 1.47538 1.19905 3.0466 1.7412 1.07831 0.8673 0.802515 0.623823 0.599531 0.508281 3.19942 1.29487 1.02026 0.833822 0.569776 0.449746 0.328538 0.186989 0.668103 0.268994 0.149519 0.318608 0.119355 0.114059 0.099486
threshold= 0.11063466221094136 -0.13487913459539411 0.60325127840042125 -0.52795374393463124 0.63653609156608593 0.14603263139724734 -0.35692687332630152 0.81695055961608898 0.56632831692695629 -0.19819757342338556 -0.78617820143699635 0.065077152103185668 -1.1476808190345762 -1.1175977587699888 -0.28396070003509516 0.5883547067642213 0.45513948798179632 0.51925379037857067 0.03902785666286946 -1.0472639203071592 0.86136308312416088 0.26035444438457495 0.062065752223134048 0.17564638704061511 0.67661032080650341 -0.25675596296787256 0.67757943272590648 -0.79602351784706105 -0.16419291496276853 -0.31526258587837214 -0.035873169079422951 -1.0830603837966917
decision_type= 2 2 2 2 2 2 2 2 2 2 2 2 2 2 2 2 2 2 2 2 2 2 2 2 2 2 2 2 2 2 2 2
left_child=1 6 8 4 11 23 13 12 15 -10 -11 29 -4 -1 -15 -2 19 20 30 21 -18 -5 -9 -6 26 -26 -14 28 -16 -3 -19 -13
right_child=2 3 7 16 5 -7 -8 22 9 10 -12 31 24 14 27 -17 17 18 -20 -21 -22 -23 -24 -25 25 -27 -28 -29 -30 -31 -32 -33
leaf_value= 0.014690214906893442 -0.0050236220954984583 0.034778391951867556 -0.021360452353635574 -0.008154692392914541 0.03293829312746379 -0.0032663919793742692 -0.0037564447609798263 -0.014557851642189135 0.0023882501308158366 0.00082399480501716988 -0.024690642626323415 0.0053989301892524624 -0.0067941295726851661 0.0082035236080671755 0.017021613819459363 0.0048729791327598929 0.018695782186267409 -0.013660442347948751 -0.031371293379328195 0.017090358640301426 -0.0064048469228307819 0.018651229317765684 -0.025360850804570387 0.016168925179434673 -0.0077697255748661199 -0.0208650874573835 -0.014649899513377838 -0.0023004119459107369 -0.0025045335381513553 0.024195209330380815 0.016483425097944943 0.020480912269628261
leaf_weight=163 485 162 187 63 108 161 450 225 138 53 184 53 693 418 73 232 133 24 39 354 36 32 252 77 163 229 281 436 63 228 23 335
leaf_count=163 485 162 187 63 108 161 450 225 138 53 184 53 693 418 73 232 133 24 39 354 36 32 252 77 163 229 281 436 63 228 23 335
model_size=3616
internal_value=0 0.00991143 -0.0108924 0.0162971 0.0200839 0.0123597 0.00262944 -0.0140544 -0.00501443 -0.0111195 -0.0189848 0.0235191 -0.0121468 0.00512176 0.00354635 -0.00182137 0.0102512 0.00425001 -0.0136304 0.0136594 0.0133489 0.000874671 -0.0202651 0.0259586 -0.0108854 -0.0154198 -0.00906053 0.000143029 0.00797641 0.0285913 0.00109081 0.0184207
internal_weight=0 3431 3122 1828 1124 346 1603 2030 1092 375 237 778 1553 1153 990 717 704 255 86 449 169 95 477 185 1366 392 974 572 136 390 47 388
internal_count=6553 3431 3122 1828 1124 346 1603 2030 1092 375 237 778 1553 1153 990 717 704 255 86 449 169 95 477 185 1366 392 974 572 136 390 47 388
is_linear=0
shrinkage=0.1


Tree=3
num_leaves= 28
num_cat= 0
full_tree_array_lgbids= 0 1 3 6 2 5 16 7 14 4 18 -2 8 -5 17 -1 -9 -8 24 13 11 22 19 -2147483648 -2147483648 -7 9 -2147483648 -2147483648 -18 -19 -2147483648 -2147483648 -2147483648 -2147483648 -2147483648 -2147483648 -16 -26 -3 -15 26 12 23 -24 -20 20 -2147483648 -2147483648 -2147483648 -2147483648 -2147483648 -2147483648 10 15 -2147483648 -2147483648 -2147483648 -2147483648 -2147483648 -2147483648 -2147483648 -2147483648 -2147483648 -2147483648 -2147483648 -2147483648 -2147483648 -2147483648 -2147483648 -2147483648 -2147483648 -2147483648 -2147483648 -2147483648 -2147483648 -2147483648 -2147483648 -2147483648 -2147483648 -2147483648 -2147483648 -2147483648 -6 -28 -13 -14 -4 -25 -2147483648 -2147483648 -2147483648 -2147483648 21 -22 -2147483648 -2147483648 -2147483648 -2147483648 -2147483648 -2147483648 -2147483648 -2147483648 -2147483648 -2147483648 -2147483648 -2147483648 -10 -12 25 -17 -2147483648 -2147483648 -2147483648 -2147483648 -2147483648 -2147483648 -2147483648 -2147483648 -2147483648 -2147483648 -2147483648 -2147483648 -2147483648 -2147483648 -2147483648 -2147483648 -2147483648 -2147483648 -2147483648 -2147483648 -2147483648 -2147483648 -2147483648 -2147483648 -2147483648 -2147483648 -2147483648 -2147483648 -2147483648 -2147483648 -2147483648 -2147483648 -2147483648 -2147483648 -2147483648 -2147483648 -2147483648 -2147483648 -2147483648 -2147483648 -2147483648 -2147483648 -2147483648 -2147483648 -2147483648 -2147483648 -2147483648 -2147483648 -2147483648 -2147483648 -2147483648 -2147483648 -2147483648 -2147483648 -2147483648 -2147483648 -2147483648 -2147483648 -2147483648 -2147483648 -2147483648 -2147483648 -2147483648 -2147483648 -2147483648 -2147483648 -2147483648 -2147483648 -2147483648 -2147483648 -2147483648 -2147483648 -2147483648 -2147483648 -2147483648 -2147483648 -21 -23 -2147483648 -2147483648 -2147483648 -2147483648 -2147483648 -2147483648 -2147483648 -2147483648 -2147483648 -2147483648 -2147483648 -2147483648 -2147483648 -2147483648 -2147483648 -2147483648 -2147483648 -2147483648 -2147483648 -2147483648 -2147483648 -2147483648 -2147483648 -2147483648 -2147483648 -2147483648 -2147483648 -2147483648 -2147483648 -2147483648 -11 -27 -2147483648 -2147483648 -2147483648 -2147483648 -2147483648 -2147483648 -2147483648 -2147483648 -2147483648 -2147483648 -2147483648 -2147483648 -2147483648 -2147483648 -2147483648 -2147483648 -2147483648 -2147483648 -2147483648 -2147483648 -2147483648 -2147483648 -2147483648 -2147483648 -2147483648 -2147483648 -2147483648 -2147483648 -2147483648 -2147483648 -2147483648 -2147483648 -2147483648 -2147483648
split_feature= 2 4 2 2 4 4 5 6 3 5 6 6 5 1 4 6 6 5 5 6 3 7 6 5 0 7 1
split_gain= 56.5338 11.7684 4.33351 2.3794 1.4074 1.22084 0.926041 1.49178 0.866221 2.74256 1.12364 0.768557 1.40652 0.577599 0.569069 0.547247 0.537088 0.664258 0.356433 3.5753 2.49808 0.514456 0.468312 0.669448 0.253857 0.121887 0.0181672
threshold= 0.22240778803825376 -0.3957854956388473 -0.52795374393463124 0.89601022005081188 0.8823601007461549 -0.62264147400856007 -0.95036792755126931 -0.30622373521327967 0.41326110064983373 0.37919975817203527 0.55544862151145946 1.0996640324592593 0.13624867796897891 -0.4492183774709701 -1.2474552989006038 -0.03681091591715812 -0.10207844525575639 -0.41172227263450617 0.46733757853508007 -0.12266848236322404 0.03902785666286946 -0.65860617160797108 -1.1089878082275388 -0.77255976200103749 0.23191349208354953 -0.94845211505889881 -1.3005060553550718
decision_type= 2 2 2 2 2 2 2 2 2 2 2 2 2 2 2 2 2 2 2 2 2 2 2 2 2 2 2
left_child=1 6 4 5 13 -2 7 -1 -7 10 -10 26 -13 -3 -8 25 -5 -18 22 -20 21 -21 23 -4 -16 -11 -6
right_child=3 2 18 16 11 8 14 -9 9 15 -12 12 -14 -15 24 -17 17 -19 19 20 -22 -23 -24 -25 -26 -27 -28
leaf_value= 0.019273260215413757 -0.013323088111071633 0.019676753350487741 -0.018400054187268804 -0.010581808748339737 0.042391822550977981 -0.0014209356269786826 -0.0071482705403836978 -0.00024828409756689021 0.0052346564213021467 -0.03582289069890976 -0.014588075185592256 0.02687987595796585 -0.0079993506075768939 0.010522700763651397 0.0048127169242775884 -0.031367769927300254 -0.010970150080538588 -0.021014686079551748 0.015239863160841326 -0.018431190392849121 -0.023587120782521686 0.012446043757132859 0.011960828161350558 0.0094391421753574501 -0.0033468066316392538 -0.0040593483541333294 0.024031252842155862
leaf_weight=120 430 305 38 671 35 660 316 150 147 14.999999999999998 89 40 41 532 458 87 272 463 143 22 86 68 551 55 347 54 358
leaf_count=120 430 305 38 671 35 660 316 150 147 15 89 40 41 532 458 87 272 463 143 22 86 68 551 55 347 54 358
model_size=3056
internal_value=0 0.00832066 0.0129444 -0.0105593 0.0171118 -0.00720724 0.000761738 0.00842796 -0.00470742 -0.0102408 -0.00224087 0.0228568 0.00922496 0.0138584 -0.00108472 -0.0223432 -0.0140925 -0.0172975 0.00727105 0.00185471 -0.00902073 0.00489828 0.00995399 -0.00193601 0.00129551 -0.0109645 0.0256664
internal_weight=0 3665 2274 2888 1311 1482 1391 270 1052 392 236 474 81 837 1121 156 1406 735 963 319 176 90 644 93 805 69 393
internal_count=6553 3665 2274 2888 1311 1482 1391 270 1052 392 236 474 81 837 1121 156 1406 735 963 319 176 90 644 93 805 69 393
is_linear=0
shrinkage=0.1


Tree=4
num_leaves= 23
num_cat= 0
full_tree_array_lgbids= 0 1 2 6 3 11 7 -1 10 5 4 -2 15 18 8 -2147483648 -2147483648 19 -12 14 12 9 17 -2147483648 -2147483648 -13 16 -4 -20 -9 -10 -2147483648 -2147483648 -2147483648 -2147483648 -8 20 -2147483648 -2147483648 -3 -16 13 -14 21 -11 -6 -19 -2147483648 -2147483648 -2147483648 -2147483648 -2147483648 -2147483648 -17 -18 -2147483648 -2147483648 -2147483648 -2147483648 -2147483648 -2147483648 -2147483648 -2147483648 -2147483648 -2147483648 -2147483648 -2147483648 -2147483648 -2147483648 -2147483648 -2147483648 -2147483648 -2147483648 -21 -22 -2147483648 -2147483648 -2147483648 -2147483648 -2147483648 -2147483648 -2147483648 -2147483648 -7 -15 -2147483648 -2147483648 -5 -23 -2147483648 -2147483648 -2147483648 -2147483648 -2147483648 -2147483648 -2147483648 -2147483648 -2147483648 -2147483648 -2147483648 -2147483648 -2147483648 -2147483648 -2147483648 -2147483648 -2147483648 -2147483648 -2147483648 -2147483648 -2147483648 -2147483648 -2147483648 -2147483648 -2147483648 -2147483648 -2147483648 -2147483648 -2147483648 -2147483648 -2147483648 -2147483648 -2147483648 -2147483648 -2147483648 -2147483648 -2147483648 -2147483648
split_feature= 2 4 2 6 5 2 1 6 3 3 2 4 5 7 4 5 3 7 7 6 4 7
split_gain= 45.7133 9.5853 2.75631 2.01133 5.39074 1.3788 0.984068 0.818871 0.706148 0.68298 0.479263 0.449222 0.344459 0.428595 0.338152 0.150603 2.00103 0.136127 0.0692804 0.00418994 0.176193 0.00108455
threshold= 0.11063466221094136 -0.13487913459539411 0.52685046195983898 0.88111311197280895 0.17076345533132556 -0.66439446806907643 -0.79297658801078785 0.51476114988327037 0.062065752223134048 1.1742224693298342 -0.35692687332630152 -0.9847588539123534 -1.0830603837966917 -0.42867062985897059 0.89232283830642711 0.7079332470893861 -0.19819757342338556 0.26313966512680059 -1.1476808190345762 -1.2407286167144773 -0.71548467874526966 -1.1773754954338072
decision_type= 2 2 2 2 2 2 2 2 2 2 2 2 2 2 2 2 2 2 2 2 2 2
left_child=1 6 11 5 9 14 -1 18 -9 21 19 -2 13 -7 -3 -13 -17 -6 -4 -8 -21 -5
right_child=2 3 7 4 17 12 10 8 -10 -11 -12 15 -14 -15 -16 16 -18 -19 -20 20 -22 -23
leaf_value= 0.0083365024593050879 -0.013023240118893191 0.015763601264732408 -0.016717464851939846 -0.0019381031970537846 -0.015530965817375651 0.014831248399518108 0.01248232672295096 -0.010101275049460541 -0.020134445808192444 -0.0084009291715919972 -0.005872091202789597 0.00107989052303511 0.013191816989843889 -0.0091849704829058531 0.02472850500938192 0.0044458429720774994 -0.019300252408223053 0.00089709848839918083 -0.0079609683375133217 -0.002465647147039137 0.0060613150833135152 0.022722255498491474
leaf_weight=406 143 443 180 21 103 46 98 352 384 25 339 543 539 67 314 107 117 87 1296 453 307 183
leaf_count=406 143 443 180 21 103 46 98 352 384 25 339 543 539 67 314 107 117 87 1296 453 307 183
model_size=2496
internal_value=0 0.00806535 -0.00886361 0.0132993 0.00569405 0.0155609 0.00209678 -0.0111274 -0.015336 0.0170631 -1.96202e-05 -0.00336084 0.011008 0.000591543 0.0194822 -0.00155938 -0.00795725 -0.00800864 -0.00902883 0.00229272 0.000978797 0.0201837
internal_weight=0 3431 3122 1828 419 1409 1603 2212 736 229 1197 910 652 113 757 767 224 190 1476 858 760 204
internal_count=6553 3431 3122 1828 419 1409 1603 2212 736 229 1197 910 652 113 757 767 224 190 1476 858 760 204
is_linear=0
shrinkage=0.1


end of trees

feature_importances:
Column_5=43
Column_6=35
Column_3=30
Column_4=21
Column_7=21
Column_2=19
Column_0=17
Column_1=12

parameters:
[boosting: gbdt]
[objective: regression]
[metric: rmse]
[tree_learner: serial]
[device_type: cpu]
[data_sample_strategy: bagging]
[data: data/kin8nm.libsvm.train]
[valid: data/kin8nm.libsvm.test]
[num_iterations: 5]
[learning_rate: 0.1]
[num_leaves: 255]
[num_threads: 0]
[seed: 42]
[deterministic: 0]
[force_col_wise: 0]
[force_row_wise: 0]
[histogram_pool_size: -1]
[max_depth: 7]
[min_data_in_leaf: 10]
[min_sum_hessian_in_leaf: 0.001]
[bagging_fraction: 1]
[pos_bagging_fraction: 1]
[neg_bagging_fraction: 1]
[bagging_freq: 0]
[bagging_seed: 400]
[feature_fraction: 1]
[feature_fraction_bynode: 1]
[feature_fraction_seed: 30056]
[extra_trees: 0]
[extra_seed: 12879]
[early_stopping_round: 0]
[early_stopping_min_delta: 0]
[first_metric_only: 0]
[max_delta_step: 0]
[lambda_l1: 0]
[lambda_l2: 0]
[linear_lambda: 0]
[min_gain_to_split: 0]
[drop_rate: 0.1]
[max_drop: 50]
[skip_drop: 0.5]
[xgboost_dart_mode: 0]
[uniform_drop: 0]
[drop_seed: 17869]
[top_rate: 0.2]
[other_rate: 0.1]
[min_data_per_group: 100]
[max_cat_threshold: 32]
[cat_l2: 10]
[cat_smooth: 10]
[max_cat_to_onehot: 4]
[top_k: 20]
[monotone_constraints: ]
[monotone_constraints_method: basic]
[monotone_penalty: 0]
[feature_contri: ]
[forcedsplits_filename: ]
[refit_decay_rate: 0.9]
[tinygbdt_penalty_feature: 0.0625]
[tinygbdt_penalty_split: 0.00195312]
[tinygbdt_forestsize: 64000]
[tinygbdt_precision: 7]
[cegb_tradeoff: 1]
[cegb_penalty_split: 0]
[cegb_penalty_feature_lazy: ]
[cegb_penalty_feature_coupled: ]
[path_smooth: 0]
[interaction_constraints: ]
[verbosity: 2]
[saved_feature_importance_type: 0]
[use_quantized_grad: 0]
[num_grad_quant_bins: 4]
[quant_train_renew_leaf: 0]
[stochastic_rounding: 1]
[linear_tree: 0]
[max_bin: 255]
[max_bin_by_feature: ]
[min_data_in_bin: 3]
[bin_construct_sample_cnt: 200000]
[data_random_seed: 175]
[is_enable_sparse: 1]
[enable_bundle: 1]
[use_missing: 1]
[zero_as_missing: 0]
[feature_pre_filter: 1]
[pre_partition: 0]
[two_round: 0]
[header: 0]
[label_column: ]
[weight_column: ]
[group_column: ]
[ignore_column: ]
[categorical_feature: ]
[forcedbins_filename: ]
[precise_float_parser: 0]
[parser_config_file: ]
[objective_seed: 16083]
[num_class: 1]
[is_unbalance: 0]
[scale_pos_weight: 1]
[sigmoid: 1]
[boost_from_average: 1]
[reg_sqrt: 0]
[alpha: 0.9]
[fair_c: 1]
[poisson_max_delta_step: 0.7]
[tweedie_variance_power: 1.5]
[lambdarank_truncation_level: 30]
[lambdarank_norm: 1]
[label_gain: ]
[lambdarank_position_bias_regularization: 0]
[eval_at: ]
[multi_error_top_k: 1]
[auc_mu_weights: ]
[num_machines: 1]
[local_listen_port: 12400]
[time_out: 120]
[machine_list_filename: ]
[machines: ]
[gpu_platform_id: -1]
[gpu_device_id: -1]
[gpu_use_dp: 0]
[num_gpu: 1]

end of parameters
