tree
version=v4
num_class=1
num_tree_per_iteration=1
label_index=0
max_feature_idx=21
objective=binary sigmoid:1
feature_names=Column_0 Column_1 Column_2 Column_3 Column_4 Column_5 Column_6 Column_7 Column_8 Column_9 Column_10 Column_11 Column_12 Column_13 Column_14 Column_15 Column_16 Column_17 Column_18 Column_19 Column_20 Column_21
feature_infos=[0:5] [0:3] [0:9] [0:1] [0:8] [0:1] [0:1] [0:1] [0:11] [0:1] [0:4] [0:3] [0:3] [0:8] [0:8] none [0:3] [0:2] [0:4] [0:8] [0:5] [0:6]
tree_sizes=1804 1799 1793 1793 1789 1714 1705 1245 1323 800 882 1628 801 1540 621 1543 621 1078 620 803

Tree=0
num_leaves= 10
num_cat= 0
full_tree_array_lgbids= 0 1 2 5 -3 4 3 -1 -7 -2147483648 -2147483648 -2 -6 7 6 -2147483648 -2147483648 -2147483648 -2147483648 -2147483648 -2147483648 -2147483648 -2147483648 -2147483648 -2147483648 -2147483648 -2147483648 -4 -9 8 -8 -2147483648 -2147483648 -2147483648 -2147483648 -2147483648 -2147483648 -2147483648 -2147483648 -2147483648 -2147483648 -2147483648 -2147483648 -2147483648 -2147483648 -2147483648 -2147483648 -2147483648 -2147483648 -2147483648 -2147483648 -2147483648 -2147483648 -2147483648 -2147483648 -2147483648 -2147483648 -2147483648 -2147483648 -5 -10 -2147483648 -2147483648
split_feature= 8 20 19 7 4 10 9 13 21
split_gain= 2147.68 1131.76 1074.27 715.795 200.723 161.489 107.963 76.2839 39.3163
threshold= 3.5000000000000004 3.5000000000000004 1.5000000000000002 1.0000000180025095e-35 4.5000000000000009 1.0000000180025095e-35 1.0000000180025095e-35 1.5000000000000002 1.5000000000000002
decision_type= 2 2 2 2 2 2 2 2 2
left_child=1 5 4 7 -2 -1 8 -4 -5
right_child=2 -3 3 6 -6 -7 -8 -9 -10
leaf_value= 0.13625295265526666 0.13625295265526666 0.13163457175951537 0.13625295265526666 0.13625295265526666 -0.26425303862428545 -0.26425303862428545 -0.26425303862428545 -0.25853571298010442 -0.037299643565872592
leaf_weight=14.48168098926544 127.58860319852829 541.31524801254272 7.7402088046073905 58.176408112049103 17.228206694126129 104.36797678470612 17.228206694126129 682.13711142539978 52.433672547340393
leaf_count=58 511 2168 31 233 69 418 69 2732 210
model_size=1040
internal_value=-0.0711178 0.0691485 -0.167321 -0.212646 0.0886066 -0.215452 0.0110948 -0.254106 0.053982
internal_weight=0 660.165 962.532 817.716 144.817 118.85 127.838 689.877 110.61
internal_count=6499 2644 3855 3275 580 476 512 2763 443
is_linear=0
shrinkage=1


Tree=1
num_leaves= 10
num_cat= 0
full_tree_array_lgbids= 0 1 2 5 -3 4 3 -1 -7 -2147483648 -2147483648 -2 -6 7 6 -2147483648 -2147483648 -2147483648 -2147483648 -2147483648 -2147483648 -2147483648 -2147483648 -2147483648 -2147483648 -2147483648 -2147483648 -4 -9 8 -8 -2147483648 -2147483648 -2147483648 -2147483648 -2147483648 -2147483648 -2147483648 -2147483648 -2147483648 -2147483648 -2147483648 -2147483648 -2147483648 -2147483648 -2147483648 -2147483648 -2147483648 -2147483648 -2147483648 -2147483648 -2147483648 -2147483648 -2147483648 -2147483648 -2147483648 -2147483648 -2147483648 -2147483648 -5 -10 -2147483648 -2147483648
split_feature= 8 20 19 7 4 10 9 13 1
split_gain= 1743.43 909.173 870.007 580.563 152.733 122.204 77.6887 52.6135 27.6062
threshold= 3.5000000000000004 3.5000000000000004 1.5000000000000002 1.0000000180025095e-35 4.5000000000000009 1.0000000180025095e-35 1.0000000180025095e-35 1.5000000000000002 1.0000000180025095e-35
decision_type= 2 2 2 2 2 2 2 2 2
left_child=1 5 4 7 -2 -1 8 -4 -5
right_child=2 -3 3 6 -6 -7 -8 -9 -10
leaf_value= 0.18726217829300001 0.18726217829300001 0.18303357315159141 0.18726217829300001 -0.0063099339957545537 -0.17677793099633521 -0.17677793099633521 -0.17677793099633521 -0.17141208706049235 0.16833112306567927
leaf_weight=14.432910382747648 127.15891733765602 539.65886926651001 7.7141417562961569 35.162857502698898 16.952329516410828 102.69672083854675 16.952329516410828 671.71291589736938 75.299371302127838
leaf_count=58 511 2168 31 141 69 418 69 2732 302
model_size=1040
internal_value=0 0.126866 -0.087726 -0.129193 0.144439 -0.13192 0.0742188 -0.16734 0.112739
internal_weight=0 656.789 950.953 806.842 144.111 117.13 127.415 679.427 110.462
internal_count=6499 2644 3855 3275 580 476 512 2763 443
is_linear=0
shrinkage=0.1


Tree=2
num_leaves= 10
num_cat= 0
full_tree_array_lgbids= 0 1 2 5 -3 4 3 -1 -7 -2147483648 -2147483648 -2 -6 8 6 -2147483648 -2147483648 -2147483648 -2147483648 -2147483648 -2147483648 -2147483648 -2147483648 -2147483648 -2147483648 -2147483648 -2147483648 -4 -10 7 -8 -2147483648 -2147483648 -2147483648 -2147483648 -2147483648 -2147483648 -2147483648 -2147483648 -2147483648 -2147483648 -2147483648 -2147483648 -2147483648 -2147483648 -2147483648 -2147483648 -2147483648 -2147483648 -2147483648 -2147483648 -2147483648 -2147483648 -2147483648 -2147483648 -2147483648 -2147483648 -2147483648 -2147483648 -5 -9 -2147483648 -2147483648
split_feature= 8 20 19 7 4 10 4 4 13
split_gain= 1439.84 744.026 715.339 478.175 117.357 93.0045 56.6259 35.311 34.7455
threshold= 3.5000000000000004 3.5000000000000004 1.5000000000000002 1.0000000180025095e-35 4.5000000000000009 1.0000000180025095e-35 5.5000000000000009 2.5000000000000004 1.5000000000000002
decision_type= 2 2 2 2 2 2 2 2 2
left_child=1 5 4 8 -2 -1 7 -5 -4
right_child=2 -3 3 6 -6 -7 -8 -9 -10
leaf_value= 0.17236010255125836 0.17236010255125836 0.16827544029991481 0.17236010255125836 0.10294421381851165 -0.16433727988382651 -0.16433727988382651 0.18118277615039513 -0.10472764105395577 -0.15907622354297757
leaf_weight=14.127121359109877 124.46481059491634 528.80166065692902 7.5507027953863135 36.945734888315201 16.43764516711235 99.578777968883514 49.100935265421867 39.979457274079323 652.38357675075531
leaf_count=58 511 2168 31 151 69 418 199 162 2732
model_size=1040
internal_value=0 0.116815 -0.0811481 -0.119554 0.133081 -0.122505 0.0675466 -0.00498672 -0.155284
internal_weight=0 642.508 926.863 785.96 140.902 113.706 126.026 76.9252 659.934
internal_count=6499 2644 3855 3275 580 476 512 313 2763
is_linear=0
shrinkage=0.1


Tree=3
num_leaves= 10
num_cat= 0
full_tree_array_lgbids= 0 1 2 5 -3 4 3 -1 -7 -2147483648 -2147483648 -2 -6 7 6 -2147483648 -2147483648 -2147483648 -2147483648 -2147483648 -2147483648 -2147483648 -2147483648 -2147483648 -2147483648 -2147483648 -2147483648 -4 -9 8 -8 -2147483648 -2147483648 -2147483648 -2147483648 -2147483648 -2147483648 -2147483648 -2147483648 -2147483648 -2147483648 -2147483648 -2147483648 -2147483648 -2147483648 -2147483648 -2147483648 -2147483648 -2147483648 -2147483648 -2147483648 -2147483648 -2147483648 -2147483648 -2147483648 -2147483648 -2147483648 -2147483648 -2147483648 -5 -10 -2147483648 -2147483648
split_feature= 8 20 19 7 4 10 9 13 21
split_gain= 1202.46 615.678 592.959 397.657 89.1946 69.3249 47.5302 19.8511 14.5295
threshold= 3.5000000000000004 3.5000000000000004 1.5000000000000002 1.0000000180025095e-35 4.5000000000000009 1.0000000180025095e-35 1.0000000180025095e-35 1.5000000000000002 1.5000000000000002
decision_type= 2 2 2 2 2 2 2 2 2
left_child=1 5 4 7 -2 -1 8 -4 -5
right_child=2 -3 3 6 -6 -7 -8 -9 -10
leaf_value= 0.1609037703805144 0.1609037703805144 0.15680970282924556 0.1609037703805144 0.17018932750648399 -0.15458733496862687 -0.15458733496862687 -0.16487441731077176 -0.14926698634497582 0.015983426659172861
leaf_weight=13.6439371407032 120.20779101550579 511.58581459522247 7.2924491614103308 56.108075767755508 15.761341184377669 95.481748044490814 16.401857510209084 627.02297377586365 51.771796613931656
leaf_count=58 511 2168 31 233 69 418 69 2732 210
model_size=1040
internal_value=0 0.108999 -0.0758388 -0.111717 0.124333 -0.115142 0.0617326 -0.145701 0.0961856
internal_weight=0 620.711 894.566 758.597 135.969 109.126 124.282 634.315 107.88
internal_count=6499 2644 3855 3275 580 476 512 2763 443
is_linear=0
shrinkage=0.1


Tree=4
num_leaves= 10
num_cat= 0
full_tree_array_lgbids= 0 1 2 5 -3 4 3 -1 -7 -2147483648 -2147483648 -2 -6 8 6 -2147483648 -2147483648 -2147483648 -2147483648 -2147483648 -2147483648 -2147483648 -2147483648 -2147483648 -2147483648 -2147483648 -2147483648 -4 -10 7 -8 -2147483648 -2147483648 -2147483648 -2147483648 -2147483648 -2147483648 -2147483648 -2147483648 -2147483648 -2147483648 -2147483648 -2147483648 -2147483648 -2147483648 -2147483648 -2147483648 -2147483648 -2147483648 -2147483648 -2147483648 -2147483648 -2147483648 -2147483648 -2147483648 -2147483648 -2147483648 -2147483648 -2147483648 -5 -9 -2147483648 -2147483648
split_feature= 8 20 19 7 4 10 4 20 13
split_gain= 1013.52 514.005 495.232 332.735 66.9329 50.4394 33.9564 18.8849 7.95299
threshold= 3.5000000000000004 3.5000000000000004 1.5000000000000002 1.0000000180025095e-35 4.5000000000000009 1.0000000180025095e-35 5.5000000000000009 3.5000000000000004 1.5000000000000002
decision_type= 2 2 2 2 2 2 2 2 2
left_child=1 5 4 8 -2 -1 7 -5 -4
right_child=2 -3 3 6 -6 -7 -8 -9 -10
leaf_value= 0.15185187516794491 0.15185187516794491 0.1476414249541286 0.15185187516794491 0.16843763974126813 -0.14676872362570559 -0.14676872362570559 0.16290926540628103 -0.06200583945744409 -0.14126879850160642
leaf_weight=13.042239397764204 114.90662641823292 490.1167916059494 6.970852091908454 17.12907537817955 14.980887696146963 90.75378343462944 46.698561310768127 57.680425584316254 597.77432417869568
leaf_count=58 511 2168 31 72 69 418 199 241 2732
model_size=1040
internal_value=0 0.102746 -0.0715092 -0.105297 0.11741 -0.109246 0.0569204 -0.00924137 -0.13789
internal_weight=0 593.913 856.141 726.253 129.888 103.796 121.508 74.8095 604.745
internal_count=6499 2644 3855 3275 580 476 512 313 2763
is_linear=0
shrinkage=0.1


Tree=5
num_leaves= 9
num_cat= 0
full_tree_array_lgbids= 0 1 2 5 -3 4 3 -1 -7 -2147483648 -2147483648 -2 -6 -4 6 -2147483648 -2147483648 -2147483648 -2147483648 -2147483648 -2147483648 -2147483648 -2147483648 -2147483648 -2147483648 -2147483648 -2147483648 -2147483648 -2147483648 7 -8 -2147483648 -2147483648 -2147483648 -2147483648 -2147483648 -2147483648 -2147483648 -2147483648 -2147483648 -2147483648 -2147483648 -2147483648 -2147483648 -2147483648 -2147483648 -2147483648 -2147483648 -2147483648 -2147483648 -2147483648 -2147483648 -2147483648 -2147483648 -2147483648 -2147483648 -2147483648 -2147483648 -2147483648 -5 -9 -2147483648 -2147483648
split_feature= 8 20 19 7 4 10 9 21
split_gain= 859.391 431.432 414.951 279.891 48.6043 34.7286 21.1148 3.14749
threshold= 3.5000000000000004 3.5000000000000004 1.5000000000000002 1.0000000180025095e-35 4.5000000000000009 1.0000000180025095e-35 1.0000000180025095e-35 1.5000000000000002
decision_type= 2 2 2 2 2 2 2 2
left_child=1 5 4 -4 -2 -1 7 -5
right_child=2 -3 3 6 -6 -7 -8 -9
leaf_value= 0.14454675775689577 0.14454675775689577 0.14013768328774553 -0.13138820267771878 0.15570592523777094 -0.14038449805642142 -0.14038449805642142 -0.15176394038718366 0.0082017486463181726
leaf_weight=12.365946739912031 108.9482548981905 465.96678173542023 572.84996844828129 52.479328766465187 14.139219447970389 85.654981583356857 15.435059905052183 50.773099780082703
leaf_count=58 511 2168 2763 233 69 418 69 210
model_size=928
internal_value=0 0.0976304 -0.0678315 -0.0998072 0.111816 -0.104439 0.0526196 0.0831726
internal_weight=0 563.988 814.625 691.537 123.087 98.0209 118.687 103.252
internal_count=6499 2644 3855 3275 580 476 512 443
is_linear=0
shrinkage=0.1


Tree=6
num_leaves= 9
num_cat= 0
full_tree_array_lgbids= 0 1 2 5 -3 4 3 -1 -7 -2147483648 -2147483648 -2 -6 -4 6 -2147483648 -2147483648 -2147483648 -2147483648 -2147483648 -2147483648 -2147483648 -2147483648 -2147483648 -2147483648 -2147483648 -2147483648 -2147483648 -2147483648 7 -8 -2147483648 -2147483648 -2147483648 -2147483648 -2147483648 -2147483648 -2147483648 -2147483648 -2147483648 -2147483648 -2147483648 -2147483648 -2147483648 -2147483648 -2147483648 -2147483648 -2147483648 -2147483648 -2147483648 -2147483648 -2147483648 -2147483648 -2147483648 -2147483648 -2147483648 -2147483648 -2147483648 -2147483648 -5 -9 -2147483648 -2147483648
split_feature= 8 20 19 7 4 10 4 21
split_gain= 731.414 363.235 347.663 234.25 33.2311 21.4323 17.4849 9.33116
threshold= 3.5000000000000004 3.5000000000000004 1.5000000000000002 1.0000000180025095e-35 4.5000000000000009 1.0000000180025095e-35 5.5000000000000009 1.5000000000000002
decision_type= 2 2 2 2 2 2 2 2
left_child=1 5 4 -4 -2 -1 7 -5
right_child=2 -3 3 6 -6 -7 -8 -9
leaf_value= 0.13855140791954978 0.13855140791954978 0.13387504904060721 -0.12550927376709986 0.058600415971375011 -0.13509509769210032 -0.13509509769210032 0.15079833911715412 -0.13782522773546024
leaf_weight=11.647865027189253 102.62170739471912 440.31109929084778 541.34564602375031 45.8089849203825 13.268332377076147 80.379172950983047 43.377158537507057 26.055332884192467
leaf_count=58 511 2168 2763 208 69 418 199 105
model_size=928
internal_value=0 0.0933648 -0.064576 -0.0948988 0.107221 -0.10046 0.0488934 -0.0126162
internal_weight=0 532.338 772.477 656.587 115.89 92.027 115.241 71.8643
internal_count=6499 2644 3855 3275 580 476 512 313
is_linear=0
shrinkage=0.1


Tree=7
num_leaves= 8
num_cat= 0
full_tree_array_lgbids= 0 1 2 5 -3 4 3 -1 -7 -2147483648 -2147483648 -2 -6 -4 6 -2147483648 -2147483648 -2147483648 -2147483648 -2147483648 -2147483648 -2147483648 -2147483648 -2147483648 -2147483648 -2147483648 -2147483648 -2147483648 -2147483648 -5 -8
split_feature= 8 20 19 7 4 10 9
split_gain= 623.884 306.13 290.707 196.081 20.1354 10.0152 7.38933
threshold= 3.5000000000000004 3.5000000000000004 1.5000000000000002 1.0000000180025095e-35 4.5000000000000009 1.0000000180025095e-35 1.0000000180025095e-35
decision_type= 2 2 2 2 2 2 2
left_child=1 5 4 -4 -2 -1 -5
right_child=2 -3 3 6 -6 -7 -8
leaf_value= 0.13356356395996258 0.13356356395996258 0.12855856953112202 -0.12035807587050829 0.074818468878888572 -0.13066022980921915 -0.13066022980921915 -0.14717989877992074
leaf_weight=10.912395119667051 96.14196389913559 414.02451848983765 509.70285403728485 97.410984843969345 12.391892105340956 75.069723188877106 14.95377905666828
leaf_count=58 511 2168 2763 443 69 418 69
model_size=816
internal_value=0 0.0897494 -0.0616447 -0.0904397 0.103396 -0.0971263 0.0452744
internal_weight=0 500.007 730.601 622.068 108.534 85.9821 112.365
internal_count=6499 2644 3855 3275 580 476 512
is_linear=0
shrinkage=0.1


Tree=8
num_leaves= 9
num_cat= 0
full_tree_array_lgbids= 0 1 2 7 -3 4 3 -1 -9 -2147483648 -2147483648 -2 -6 6 5 -2147483648 -2147483648 -2147483648 -2147483648 -2147483648 -2147483648 -2147483648 -2147483648 -2147483648 -2147483648 -2147483648 -2147483648 -4 -8 -5 -7
split_feature= 8 20 19 7 4 4 13 10
split_gain= 533.189 258.011 242.542 163.402 9.08151 3.2181 1.23776 0.338685
threshold= 3.5000000000000004 3.5000000000000004 1.5000000000000002 1.0000000180025095e-35 4.5000000000000009 5.5000000000000009 1.5000000000000002 1.0000000180025095e-35
decision_type= 2 2 2 2 2 2 2 2
left_child=1 7 4 6 -2 -5 -4 -1
right_child=2 -3 3 5 -6 -7 -8 -9
leaf_value= 0.12936717161346731 0.12936717161346731 0.12397573686413772 0.1649615013547808 -0.01463216793863596 -0.12690484179902931 0.14073919541783594 -0.12017798875969342 -0.12690484179902931
leaf_weight=10.177520692348478 89.667466789484024 387.75211989879608 7.400355100631713 69.884704530239105 11.527180284261702 39.802697271108627 471.13431203365326 69.83132404088974
leaf_count=58 511 2168 31 313 69 199 2732 418
model_size=928
internal_value=0 0.0866395 -0.0590105 -0.0863959 0.100175 0.041748 -0.115768 -0.0943058
internal_weight=0 467.761 689.417 588.222 101.195 109.687 478.535 80.0088
internal_count=6499 2644 3855 3275 580 512 2763 476
is_linear=0
shrinkage=0.1


Tree=9
num_leaves= 5
num_cat= 0
full_tree_array_lgbids= 0 1 2 -1 -3 -2 3 -2147483648 -2147483648 -2147483648 -2147483648 -2147483648 -2147483648 -4 -5
split_feature= 8 20 19 7
split_gain= 455.907 216.643 201.542 136.493
threshold= 3.5000000000000004 3.5000000000000004 1.5000000000000002 1.0000000180025095e-35
decision_type= 2 2 2 2
left_child=1 -1 -2 -4
right_child=2 -3 3 -5
leaf_value= -0.091898853697933575 0.097438372310220234 0.1199690616077678 -0.11204638365578763 0.038584234862572432
leaf_weight=74.19521901011467 93.999831423163414 361.96256256103516 446.65996730327606 107.25965942442417
leaf_count=476 580 2168 2763 512
model_size=480
internal_value=0 0.083928 -0.0567183 -0.0828786
internal_weight=0 436.158 647.919 553.92
internal_count=6499 2644 3855 3275
is_linear=0
shrinkage=0.1


Tree=10
num_leaves= 6
num_cat= 0
full_tree_array_lgbids= 0 1 2 -1 -3 4 3 -2147483648 -2147483648 -2147483648 -2147483648 -2 -6 -4 -5
split_feature= 8 20 19 4 4
split_gain= 386.886 180.788 163.571 118.265 0.660859
threshold= 3.5000000000000004 3.5000000000000004 1.5000000000000002 5.5000000000000009 4.5000000000000009
decision_type= 2 2 2 2 2
left_child=1 -1 4 -4 -2
right_child=2 -3 3 -5 -6
leaf_value= -0.086559247971796288 0.12340785749561355 0.11641885008688807 -0.095182337830596778 0.13417272508678277 -0.12612360440080525
leaf_weight=71.061701774597168 78.541108161211014 336.98878920078278 487.43109872937202 36.640026494860649 11.331555649638174
leaf_count=476 511 2168 3076 199 69
model_size=592
internal_value=0 0.0810704 -0.0541016 -0.0791472 0.0919458
internal_weight=0 408.05 613.944 524.071 89.8727
internal_count=6499 2644 3855 3275 580
is_linear=0
shrinkage=0.1


Tree=11
num_leaves= 8
num_cat= 0
full_tree_array_lgbids= 0 1 2 -1 -3 3 4 -2147483648 -2147483648 -2147483648 -2147483648 -2 -5 5 -6 -2147483648 -2147483648 -2147483648 -2147483648 -2147483648 -2147483648 -2147483648 -2147483648 -2147483648 -2147483648 -2147483648 -2147483648 -4 6 -2147483648 -2147483648 -2147483648 -2147483648 -2147483648 -2147483648 -2147483648 -2147483648 -2147483648 -2147483648 -2147483648 -2147483648 -2147483648 -2147483648 -2147483648 -2147483648 -2147483648 -2147483648 -2147483648 -2147483648 -2147483648 -2147483648 -2147483648 -2147483648 -2147483648 -2147483648 -2147483648 -2147483648 -7 -8 -2147483648 -2147483648 -2147483648 -2147483648
split_feature= 8 20 4 4 4 19 19
split_gain= 326.617 149.546 141.432 116.414 107.928 9.34677 152.802
threshold= 3.5000000000000004 3.5000000000000004 2.5000000000000004 1.0000000180025095e-35 5.5000000000000009 4.5000000000000009 5.5000000000000009
decision_type= 2 2 2 2 2 2 2
left_child=1 -1 3 -2 5 -4 -7
right_child=2 -3 4 -5 -6 6 -8
leaf_value= -0.081398053714884164 -0.12438235795335961 0.11323209651783719 -0.12282506130359523 0.12759398203672143 0.12995502027360126 0.58754970012167329 -0.061836784095234465
leaf_weight=68.165297091007233 39.605099201202393 313.05949199199677 331.46384887397289 97.673445761203766 34.173145517706871 5.5080043673515311 72.158580854535103
leaf_count=476 264 2168 2296 627 199 39 430
model_size=816
internal_value=0 0.078431 -0.0516043 0.0548984 -0.0845852 -0.102505 -0.0157832
internal_weight=0 381.225 580.582 137.279 443.304 409.13 77.6666
internal_count=6499 2644 3855 891 2964 2765 469
is_linear=0
shrinkage=0.1


Tree=12
num_leaves= 5
num_cat= 0
full_tree_array_lgbids= 0 2 1 -1 -4 3 -3 -2147483648 -2147483648 -2147483648 -2147483648 -2 -5 -2147483648 -2147483648
split_feature= 4 4 4 12
split_gain= 284.163 511.448 156.007 1.25292
threshold= 2.5000000000000004 5.5000000000000009 1.0000000180025095e-35 2.5000000000000004
decision_type= 2 2 2 2
left_child=2 3 -1 -2
right_child=1 -3 -4 -5
leaf_value= -0.12105830721013684 -0.1134180726956891 0.12046076202103682 0.12145664836893025 0.053987276452473212
leaf_weight=43.925409883260727 411.95741824805737 155.49018286168575 262.07337489724159 25.180738031864166
leaf_count=320 3031 1123 1885 140
model_size=480
internal_value=0 -0.0449413 0.0866442 -0.103775
internal_weight=0 592.628 305.999 437.138
internal_count=6499 4294 2205 3171
is_linear=0
shrinkage=0.1


Tree=13
num_leaves= 7
num_cat= 0
full_tree_array_lgbids= 0 2 1 -1 -4 3 -3 -2147483648 -2147483648 -2147483648 -2147483648 -2 4 -2147483648 -2147483648 -2147483648 -2147483648 -2147483648 -2147483648 -2147483648 -2147483648 -2147483648 -2147483648 -2147483648 -2147483648 -5 5 -2147483648 -2147483648 -2147483648 -2147483648 -2147483648 -2147483648 -2147483648 -2147483648 -2147483648 -2147483648 -2147483648 -2147483648 -2147483648 -2147483648 -2147483648 -2147483648 -2147483648 -2147483648 -2147483648 -2147483648 -2147483648 -2147483648 -2147483648 -2147483648 -2147483648 -2147483648 -6 -7 -2147483648 -2147483648 -2147483648 -2147483648 -2147483648 -2147483648 -2147483648 -2147483648
split_feature= 4 4 4 19 19 12
split_gain= 241.811 439.979 129.329 3.06467 71.8136 19.1787
threshold= 2.5000000000000004 5.5000000000000009 1.0000000180025095e-35 4.5000000000000009 5.5000000000000009 2.5000000000000004
decision_type= 2 2 2 2 2 2
left_child=2 3 -1 -2 -5 -6
right_child=1 -3 -4 4 5 -7
leaf_value= -0.11871644721398672 -0.12338524803992046 0.11815960709627411 0.11906967242953946 0.32612948015499149 -0.11547675310353547 0.13808896584797178
leaf_weight=40.48892217874527 311.99929897487164 143.29186630249023 241.642149053514 10.014407992362974 69.691949039697647 16.535641118884087
leaf_count=320 2523 1123 1885 58 516 74
model_size=704
internal_value=0 -0.0436297 0.0849447 -0.100417 -0.0259597 -0.0668511
internal_weight=0 551.533 282.131 408.241 96.242 86.2276
internal_count=6499 4294 2205 3171 648 590
is_linear=0
shrinkage=0.1


Tree=14
num_leaves= 4
num_cat= 0
full_tree_array_lgbids= 0 2 1 -1 -4 -2 -3
split_feature= 4 4 4
split_gain= 205.431 380.238 105.665
threshold= 2.5000000000000004 5.5000000000000009 1.0000000180025095e-35
decision_type= 2 2 2
left_child=2 -2 -1
right_child=1 -3 -4
leaf_value= -0.11667001891989247 -0.098151579752567789 0.11615289117775225 0.11698477306464616
leaf_weight=37.245384521782398 377.90117911994457 131.78039453923702 222.3427456766367
leaf_count=320 3171 1123 1885
model_size=368
internal_value=0 -0.0427422 0.0834603
internal_weight=0 509.682 259.588
internal_count=6499 4294 2205
is_linear=0
shrinkage=0.1


Tree=15
num_leaves= 7
num_cat= 0
full_tree_array_lgbids= 0 2 1 -1 -4 3 -3 -2147483648 -2147483648 -2147483648 -2147483648 -2 4 -2147483648 -2147483648 -2147483648 -2147483648 -2147483648 -2147483648 -2147483648 -2147483648 -2147483648 -2147483648 -2147483648 -2147483648 -5 5 -2147483648 -2147483648 -2147483648 -2147483648 -2147483648 -2147483648 -2147483648 -2147483648 -2147483648 -2147483648 -2147483648 -2147483648 -2147483648 -2147483648 -2147483648 -2147483648 -2147483648 -2147483648 -2147483648 -2147483648 -2147483648 -2147483648 -2147483648 -2147483648 -2147483648 -2147483648 -6 -7 -2147483648 -2147483648 -2147483648 -2147483648 -2147483648 -2147483648 -2147483648 -2147483648
split_feature= 4 4 4 19 19 12
split_gain= 172.742 324.193 85.5094 2.13175 42.0321 7.84243
threshold= 2.5000000000000004 5.5000000000000009 1.0000000180025095e-35 4.5000000000000009 5.5000000000000009 2.5000000000000004
decision_type= 2 2 2 2 2 2
left_child=2 3 -1 -2 -5 -6
right_child=1 -3 -4 4 5 -7
leaf_value= -0.11487437599128486 -0.12029651501747037 0.11439554342268331 0.11515596021656611 0.29095804329254726 -0.10972732582682974 0.13460253852060475
leaf_weight=34.200706608593464 266.78082346171141 120.97733829915524 204.21466495096684 10.42394298315048 60.663156270980835 16.474206194281578
leaf_count=320 2523 1123 1885 58 516 74
model_size=704
internal_value=0 -0.0413607 0.0821581 -0.094538 -0.0160574 -0.0575459
internal_weight=0 475.319 238.415 354.342 87.5613 77.1374
internal_count=6499 4294 2205 3171 648 590
is_linear=0
shrinkage=0.1


Tree=16
num_leaves= 4
num_cat= 0
full_tree_array_lgbids= 0 2 1 -1 -4 -2 -3
split_feature= 4 4 4
split_gain= 144.54 278.384 66.9535
threshold= 2.5000000000000004 5.5000000000000009 1.0000000180025095e-35
decision_type= 2 2 2
left_child=2 -2 -1
right_child=1 -3 -4
leaf_value= -0.11329315159599224 -0.092601345242926292 0.11285090992445246 0.11354586401242001
leaf_weight=31.355799049139023 327.37977873533964 110.88610976934433 187.26664137840271
leaf_count=320 3171 1123 1885
model_size=368
internal_value=0 -0.0406197 0.0810116
internal_weight=0 438.266 218.622
internal_count=6499 4294 2205
is_linear=0
shrinkage=0.1


Tree=17
num_leaves= 6
num_cat= 0
full_tree_array_lgbids= 0 2 1 -1 -4 3 -3 -2147483648 -2147483648 -2147483648 -2147483648 -2 4 -2147483648 -2147483648 -2147483648 -2147483648 -2147483648 -2147483648 -2147483648 -2147483648 -2147483648 -2147483648 -2147483648 -2147483648 -5 -6 -2147483648 -2147483648 -2147483648 -2147483648
split_feature= 4 4 4 19 19
split_gain= 118.964 234.657 51.1607 0.797467 18.0604
threshold= 2.5000000000000004 5.5000000000000009 1.0000000180025095e-35 4.5000000000000009 5.5000000000000009
decision_type= 2 2 2 2 2
left_child=2 3 -1 -2 -5
right_child=1 -3 -4 4 -6
leaf_value= -0.11189642704471654 -0.11793824464943066 0.11148889388096994 0.11212379095121264 0.26323574606249983 -0.048661963365108946
leaf_weight=28.707871086895466 227.56258291751146 101.49672529101372 171.48464734107256 10.724486775696276 69.094198480248451
leaf_count=320 2523 1123 1885 58 590
model_size=592
internal_value=0 -0.0392825 0.079999 -0.089067 -0.0067552
internal_weight=0 408.878 200.193 307.381 79.8187
internal_count=6499 4294 2205 3171 648
is_linear=0
shrinkage=0.1


Tree=18
num_leaves= 4
num_cat= 0
full_tree_array_lgbids= 0 2 1 -1 -4 -2 -3
split_feature= 4 4 4
split_gain= 96.5545 197.753 36.6024
threshold= 2.5000000000000004 5.5000000000000009 1.0000000180025095e-35
decision_type= 2 2 2
left_child=2 -2 -1
right_child=1 -3 -4
leaf_value= -0.11065933594001319 -0.086565811175802962 0.1102845022886428 0.11086429872571142
leaf_weight=26.251460075378418 286.09475862234831 92.789547704160213 156.83812630176544
leaf_count=320 3171 1123 1885
model_size=368
internal_value=0 -0.0383568 0.0791021
internal_weight=0 378.884 183.09
internal_count=6499 4294 2205
is_linear=0
shrinkage=0.1


Tree=19
num_leaves= 5
num_cat= 0
full_tree_array_lgbids= 0 2 1 -1 -4 3 -3 -2147483648 -2147483648 -2147483648 -2147483648 -2 -5 -2147483648 -2147483648
split_feature= 4 4 4 19
split_gain= 76.3357 163.471 24.0457 1.25385
threshold= 2.5000000000000004 5.5000000000000009 1.0000000180025095e-35 4.5000000000000009
decision_type= 2 2 2 2
left_child=2 3 -1 -2
right_child=1 -3 -4 -5
leaf_value= -0.10956102972573951 -0.11610439097861254 0.10921688456920227 0.10974608176829428 0.0022785015028805905
leaf_weight=23.979223541915417 194.08374728262424 84.738132521510124 143.28490463644266 75.262700326740742
leaf_count=320 2523 1123 1885 648
model_size=480
internal_value=0 -0.0370184 0.0783059 -0.083025
internal_weight=0 354.085 167.264 269.346
internal_count=6499 4294 2205 3171
is_linear=0
shrinkage=0.1


end of trees

feature_importances:
Column_4=43
Column_19=20
Column_20=13
Column_8=12
Column_7=10
Column_10=9
Column_13=6
Column_9=5
Column_21=4
Column_12=3
Column_1=1

parameters:
[boosting: gbdt]
[objective: binary]
[metric: auc, binary_logloss, rmse, l1, l2, mape, huber]
[tree_learner: serial]
[device_type: cpu]
[data_sample_strategy: bagging]
[data: data/kr-vs-kp.libsvm.train]
[valid: data/kr-vs-kp.libsvm.test]
[num_iterations: 20]
[learning_rate: 0.1]
[num_leaves: 255]
[num_threads: 1]
[seed: 42]
[deterministic: 0]
[force_col_wise: 0]
[force_row_wise: 0]
[histogram_pool_size: -1]
[max_depth: 5]
[min_data_in_leaf: 10]
[min_sum_hessian_in_leaf: 0.001]
[bagging_fraction: 1]
[pos_bagging_fraction: 1]
[neg_bagging_fraction: 1]
[bagging_freq: 0]
[bagging_seed: 400]
[feature_fraction: 1]
[feature_fraction_bynode: 1]
[feature_fraction_seed: 30056]
[extra_trees: 0]
[extra_seed: 12879]
[early_stopping_round: 0]
[early_stopping_min_delta: 0]
[first_metric_only: 0]
[max_delta_step: 0]
[lambda_l1: 0]
[lambda_l2: 0]
[linear_lambda: 0]
[min_gain_to_split: 0]
[drop_rate: 0.1]
[max_drop: 50]
[skip_drop: 0.5]
[xgboost_dart_mode: 0]
[uniform_drop: 0]
[drop_seed: 17869]
[top_rate: 0.2]
[other_rate: 0.1]
[min_data_per_group: 100]
[max_cat_threshold: 32]
[cat_l2: 10]
[cat_smooth: 10]
[max_cat_to_onehot: 4]
[top_k: 20]
[monotone_constraints: ]
[monotone_constraints_method: basic]
[monotone_penalty: 0]
[feature_contri: ]
[forcedsplits_filename: ]
[refit_decay_rate: 0.9]
[tinygbdt_penalty_feature: 2]
[tinygbdt_penalty_split: 0.25]
[tinygbdt_forestsize: 64000]
[tinygbdt_precision: 1]
[cegb_tradeoff: 1]
[cegb_penalty_split: 0]
[cegb_penalty_feature_lazy: ]
[cegb_penalty_feature_coupled: ]
[path_smooth: 0]
[interaction_constraints: ]
[verbosity: 1]
[saved_feature_importance_type: 0]
[use_quantized_grad: 0]
[num_grad_quant_bins: 4]
[quant_train_renew_leaf: 0]
[stochastic_rounding: 1]
[linear_tree: 0]
[max_bin: 255]
[max_bin_by_feature: ]
[min_data_in_bin: 3]
[bin_construct_sample_cnt: 200000]
[data_random_seed: 175]
[is_enable_sparse: 1]
[enable_bundle: 1]
[use_missing: 1]
[zero_as_missing: 0]
[feature_pre_filter: 1]
[pre_partition: 0]
[two_round: 0]
[header: 0]
[label_column: ]
[weight_column: ]
[group_column: ]
[ignore_column: ]
[categorical_feature: ]
[forcedbins_filename: ]
[precise_float_parser: 0]
[parser_config_file: ]
[objective_seed: 16083]
[num_class: 1]
[is_unbalance: 0]
[scale_pos_weight: 1]
[sigmoid: 1]
[boost_from_average: 1]
[reg_sqrt: 0]
[alpha: 0.9]
[fair_c: 1]
[poisson_max_delta_step: 0.7]
[tweedie_variance_power: 1.5]
[lambdarank_truncation_level: 30]
[lambdarank_norm: 1]
[label_gain: ]
[lambdarank_position_bias_regularization: 0]
[eval_at: ]
[multi_error_top_k: 1]
[auc_mu_weights: ]
[num_machines: 1]
[local_listen_port: 12400]
[time_out: 120]
[machine_list_filename: ]
[machines: ]
[gpu_platform_id: -1]
[gpu_device_id: -1]
[gpu_use_dp: 0]
[num_gpu: 1]

end of parameters
