tree
version=v4
num_class=1
num_tree_per_iteration=1
label_index=0
max_feature_idx=8
objective=regression
feature_names=Column_0 Column_1 Column_2 Column_3 Column_4 Column_5 Column_6 Column_7 Column_8
feature_infos=none [0.49990000000000001:15.0001] [1:52] [0.88888888888888884:141.90909090909091] [0.33333333333333331:25.63636363636364] [3:35682] [0.69230769230769229:1243.333333333333] [32.549999999999997:41.950000000000003] [-124.34999999999999:-114.31]
tree_sizes=2625 2464 2334 2193 2060 2183 2076 1783 1785 1845 1570 1784 1560 1569 1637 1718 915 1515 920 1514 376 923 1581 376 920

Tree=0
num_leaves= 26
num_cat= 0
full_tree_array_lgbids= 0 1 2 5 3 4 10 9 11 6 7 15 12 19 22 14 13 24 20 -3 8 18 16 -2 17 -6 21 -4 -21 23 -24 -1 -16 -11 -15 -7 -26 -13 -22 -2147483648 -2147483648 -8 -10 -5 -20 -9 -18 -2147483648 -2147483648 -17 -19 -2147483648 -2147483648 -14 -23 -2147483648 -2147483648 -2147483648 -2147483648 -12 -25 -2147483648 -2147483648
split_feature= 1 1 1 6 6 3 2 1 7 1 1 1 1 6 3 2 6 6 2 2 6 2 1 2 7
split_gain= 6956.71 1654.08 1261.06 945.135 400.156 287.198 202.62 181.544 155.597 149.52 124.951 105.439 89.5065 80.799 79.3262 76.3168 73.7516 62.7549 53.6441 41.2469 34.8056 11.4214 1.42987 3.65798 1.23765
threshold= 5.0387000000000013 3.0679500000000002 6.8672000000000013 2.3489548886254448 2.671038674349933 4.3101408005062494 24.500000000000004 4.0775500000000013 37.815000000000005 2.2210000000000005 7.852450000000001 2.4115000000000006 5.7307500000000013 2.4907552973342448 3.449226804123712 19.500000000000004 2.9005380231986346 2.0653737590585881 43.500000000000007 26.500000000000004 2.2906328481453726 27.500000000000004 8.7395500000000013 28.500000000000004 35.335000000000008
decision_type= 2 2 2 2 2 2 2 2 2 2 2 2 2 2 2 2 2 2 2 2 2 2 2 2 2
left_child=1 5 4 6 15 9 -3 18 -8 14 19 24 -6 -11 -1 -2 -9 -17 -5 -4 -13 -14 23 -12 -7
right_child=2 3 10 7 12 11 8 16 -10 13 22 20 21 -15 -16 17 -18 -19 -20 -21 -22 -23 -24 -25 -26
leaf_value= 2.0405687631288161 2.1558599736411375 2.0945018313365229 2.2105021416414852 2.0293758741925956 2.0994046620642437 1.9807571227445304 2.1984147209355398 2.1002101309481218 2.0795283240852767 2.0970408790997888 2.2611911907323741 2.043693994763716 2.1410397950488846 2.0327038778370752 1.9814897297846104 2.3293276008777508 2.055796547371648 2.2183144165789459 2.080533949453383 2.2958198799055269 1.9920349409095919 2.1974100577568745 2.3422574193033054 2.3423931801380187 1.9518240180001829
leaf_weight=503 248 567 263 2717 828 636 733 1016 163 430 147 309 586 767 899 91 1158 572 377 168 1491 187 365 97 1194
leaf_count=503 248 567 263 2717 828 636 733 1016 163 430 147 309 586 767 899 91 1158 572 377 168 1491 187 365 97 1194
model_size=2832
internal_value=2.07195 2.03789 2.19622 2.07259 2.15739 2.00039 2.1449 2.05251 2.17679 2.02716 2.28999 1.98123 2.12609 2.05582 2.00269 2.2124 2.07655 2.23355 2.03561 2.24376 2.0009 2.15468 2.32271 2.29347 1.96188
internal_weight=0 12960 3552 6731 2512 6229 1463 5268 896 2599 1040 3630 1601 1197 1402 911 2174 663 3094 431 1800 773 609 244 1830
internal_count=16512 12960 3552 6731 2512 6229 1463 5268 896 2599 1040 3630 1601 1197 1402 911 2174 663 3094 431 1800 773 609 244 1830
is_linear=0
shrinkage=1


Tree=1
num_leaves= 22
num_cat= 0
full_tree_array_lgbids= 0 1 2 5 3 4 12 13 6 7 9 16 19 18 -14 14 -15 8 10 -3 11 17 15 -2 20 -6 -21 -4 -20 -2147483648 -2147483648 -1 -16 -2147483648 -2147483648 -7 -10 -8 -12 -2147483648 -2147483648 -9 -13 -5 -19 -11 -17 -2147483648 -2147483648 -18 -22 -2147483648 -2147483648 -2147483648 -2147483648 -2147483648 -2147483648 -2147483648 -2147483648 -2147483648 -2147483648 -2147483648 -2147483648
split_feature= 1 1 1 6 6 6 7 2 8 1 8 6 1 7 8 6 2 2 2 1 6
split_gain= 5624.8 1428.94 910.26 798.871 288.357 273.622 188.424 182.088 142.06 137.228 103.83 101.605 89.0632 79.9759 95.811 71.9162 52.6676 43.4488 42.1551 40.7603 37.5425
threshold= 5.1326000000000009 3.1792500000000001 6.8672000000000013 2.2982753493904258 2.7472725830126556 2.1628386478062818 34.455000000000005 19.500000000000004 -117.77499999999999 4.1119000000000012 -121.63499999999998 1.9628175980828908 8.4454500000000028 37.935000000000009 -118.24499999999999 2.9291766686969298 21.500000000000004 47.500000000000007 26.500000000000004 5.8308000000000009 2.2038024706228287
decision_type= 2 2 2 2 2 2 2 2 2 2 2 2 2 2 2 2 2 2 2 2 2
left_child=1 5 4 7 16 13 8 -3 -7 17 -8 -9 18 14 -1 -11 -2 -5 -4 -6 -18
right_child=2 3 12 9 19 6 10 11 -10 15 -12 -13 -14 -15 -16 -17 20 -19 -20 -21 -22
leaf_value= 0.044070134720071256 0.078618303007493118 0.013780223156924227 0.13719190780792143 -0.033527857884077951 0.025581943843984691 -0.032430666771118555 -0.062133044983562313 0.16254224006972107 -0.086475222993725898 0.029821264355799976 -0.10740762710715041 0.077542057269769482 0.23830663572970623 -0.071996562876263451 -0.039544089712812119 -0.013891626500723456 0.22015546661538954 0.030431795661703398 0.2117248531396887 0.074960977785426694 0.13022844626029434
leaf_weight=447 288 350 368 2681 703 1871 1128 305 928 1178 1827 539 426 245 343 1152 117 219 246 610 541
leaf_count=447 288 350 368 2681 703 1871 1128 305 928 1178 1827 539 426 245 343 1152 117 219 246 610 541
model_size=2384
internal_value=0 -0.0292631 0.117203 0.00499631 0.0808164 -0.0616807 -0.0707763 0.0805642 -0.050349 -0.0122557 -0.0901251 0.108259 0.19624 -0.0111144 0.00776674 0.00820871 0.125638 -0.0286978 0.167054 0.0485227 0.146219
internal_weight=0 13213 3299 6424 2259 6789 5754 1194 2799 5230 2955 844 1040 1035 790 2330 946 2900 614 1313 658
internal_count=16512 13213 3299 6424 2259 6789 5754 1194 2799 5230 2955 844 1040 1035 790 2330 946 2900 614 1313 658
is_linear=0
shrinkage=0.1


Tree=2
num_leaves= 20
num_cat= 0
full_tree_array_lgbids= 0 1 3 5 2 4 18 11 8 6 9 16 13 -5 -20 12 -13 10 14 7 -8 15 17 -2 -18 -6 -15 -2147483648 -2147483648 -2147483648 -2147483648 -1 -14 -2147483648 -2147483648 -7 -12 -10 -16 -3 -9 -2147483648 -2147483648 -4 -17 -11 -19 -2147483648 -2147483648 -2147483648 -2147483648 -2147483648 -2147483648 -2147483648 -2147483648 -2147483648 -2147483648 -2147483648 -2147483648 -2147483648 -2147483648 -2147483648 -2147483648
split_feature= 1 1 6 1 6 6 7 2 7 1 8 7 8 1 8 2 2 2 1
split_gain= 4564.05 1242.86 679.395 633.45 201.424 190.747 159.765 148.048 136.517 119.271 97.859 67.2806 57.5522 52.4456 51.5601 48.7328 18.9683 9.17433 8.34302
threshold= 5.2771000000000017 3.1261000000000005 2.4136952392348086 7.3930000000000016 2.6585924622132828 2.2352443515477258 37.935000000000009 19.500000000000004 34.455000000000005 4.5301500000000017 -118.30499999999999 37.935000000000009 -118.25499999999998 6.2770500000000009 -120.09499999999998 42.500000000000007 21.500000000000004 20.500000000000004 8.7395500000000013
decision_type= 2 2 2 2 2 2 2 2 2 2 2 2 2 2 2 2 2 2 2
left_child=1 5 6 4 16 11 7 -3 10 15 -7 12 -1 -6 -10 -4 -2 -11 -5
right_child=3 2 9 18 13 8 -8 -9 14 17 -12 -13 -14 -15 -16 -17 -18 -19 -20
leaf_value= 0.03238084216955972 0.085006233884399443 0.015451172495265973 -0.030479761381702143 0.16796402968814439 0.041793094881667693 0.0047951202636216123 -0.023957652677968809 0.095748480975980224 -0.072332944304284094 -0.010735870739967497 -0.057443087112586125 -0.068341839532428367 -0.036060480654623001 0.096315426067220142 -0.11454799477315923 0.016309111183153053 0.14963203316458082 0.029415895532083094 0.21944876598168728
leaf_weight=483 212 408 3322 428 968 441 246 1106 1985 517 2171 308 396 488 736 487 522 923 365
leaf_count=483 212 408 3322 428 968 441 246 1106 1985 517 2171 308 396 488 736 487 522 923 365
model_size=2160
internal_value=0 -0.0248041 0.00493616 0.112496 0.0838296 -0.0567748 0.0604025 0.0741096 -0.0657196 -0.0136618 -0.046935 -0.0165874 0.00154721 0.0600671 -0.0837516 -0.0244976 0.130966 0.0150003 0.191661
internal_weight=0 13529 7009 2983 2190 6520 1760 1514 5333 5249 2612 1187 879 1456 2721 3809 734 1440 793
internal_count=16512 13529 7009 2983 2190 6520 1760 1514 5333 5249 2612 1187 879 1456 2721 3809 734 1440 793
is_linear=0
shrinkage=0.1


Tree=3
num_leaves= 18
num_cat= 0
full_tree_array_lgbids= 0 1 3 4 2 6 -5 10 5 7 12 14 -8 -2147483648 -2147483648 -1 15 9 11 -3 8 13 16 -2 -16 -2147483648 -2147483648 -2147483648 -2147483648 -2147483648 -2147483648 -2147483648 -2147483648 -12 -17 -6 -11 -7 -13 -2147483648 -2147483648 -9 -10 -4 -15 -14 -18 -2147483648 -2147483648 -2147483648 -2147483648 -2147483648 -2147483648 -2147483648 -2147483648 -2147483648 -2147483648 -2147483648 -2147483648 -2147483648 -2147483648 -2147483648 -2147483648
split_feature= 1 1 6 1 6 1 6 2 6 3 1 3 6 7 2 2 8
split_gain= 3720.14 1188.04 498.01 344.56 271.026 126.08 124.79 96.4781 118.614 88.5063 86.1972 72.137 68.0053 64.4682 26.3814 23.0195 1.31059
threshold= 5.6042500000000013 3.5488500000000003 2.4136952392348086 7.7055000000000016 2.2352443515477258 2.5205000000000006 3.0089663118548242 19.500000000000004 1.9628175980828908 3.6193833748516839 2.5510500000000005 5.0006134969325169 2.9742256672023202 37.915000000000006 27.500000000000004 24.500000000000004 -121.48499999999999
decision_type= 2 2 2 2 2 2 2 2 2 2 2 2 2 2 2 2 2
left_child=1 4 7 6 10 9 14 -3 -9 -6 -1 -7 13 -4 -2 -12 -14
right_child=3 2 12 -5 5 11 -8 8 -10 -11 15 -13 16 -15 -16 -17 -18
leaf_value= -0.03502677516721614 0.08859869904925155 0.019201435147260783 0.025689254887127463 0.18064987906796942 -0.028063316376900863 -0.020927504053164833 0.049764680524445631 0.16472984502028865 0.068134497002155639 -0.080711962427935366 -0.01478785846260124 -0.057940185657747903 0.010473934051679066 -0.028689087263726022 0.14096127418687115 0.046537074929533101 -0.025986181332725622
leaf_weight=719 540 384 1823 670 607 1837 649 236 736 2610 299 1678 483 484 547 520 1690
leaf_count=719 540 384 1823 670 607 1837 649 236 736 2610 299 1678 483 484 547 520 1690
model_size=1936
internal_value=0 -0.0197279 0.0155046 0.115662 -0.0445909 -0.0539751 0.0905797 0.0710889 0.0915877 -0.0707779 -0.00351531 -0.0385967 -0.00131959 0.0142809 0.114949 0.0241486 -0.0178821
internal_weight=0 14106 5836 2406 8270 6732 1736 1356 972 3217 1538 3515 4480 2307 1087 819 2173
internal_count=16512 14106 5836 2406 8270 6732 1736 1356 972 3217 1538 3515 4480 2307 1087 819 2173
is_linear=0
shrinkage=0.1


Tree=4
num_leaves= 16
num_cat= 0
full_tree_array_lgbids= 0 1 2 5 3 4 9 14 13 7 6 -2 -6 12 -11 -1 -16 -7 -15 8 -9 10 11 -2147483648 -2147483648 -2147483648 -2147483648 -4 -14 -2147483648 -2147483648 -2147483648 -2147483648 -2147483648 -2147483648 -2147483648 -2147483648 -2147483648 -2147483648 -3 -10 -2147483648 -2147483648 -5 -12 -8 -13 -2147483648 -2147483648 -2147483648 -2147483648 -2147483648 -2147483648 -2147483648 -2147483648 -2147483648 -2147483648 -2147483648 -2147483648 -2147483648 -2147483648 -2147483648 -2147483648
split_feature= 1 1 1 6 6 3 1 7 8 1 3 2 2 1 6
split_gain= 3038.65 719.094 537.378 436.059 131.316 126.145 95.604 83.7758 79.1659 67.0533 42.0754 37.4911 32.005 18.1199 12.9321
threshold= 5.0387000000000013 2.7820000000000005 6.3963500000000009 2.2634687595142249 2.5763869593405579 3.8792159595040387 4.0612500000000002 37.985000000000007 -122.35499999999998 7.852450000000001 5.1822875816993479 40.500000000000007 26.500000000000004 1.9486000000000003 3.0973600929976173
decision_type= 2 2 2 2 2 2 2 2 2 2 2 2 2 2 2
left_child=1 5 4 7 -2 14 10 8 -3 12 -5 -8 -4 -7 -1
right_child=2 3 9 6 -6 13 11 -9 -10 -11 -12 -13 -14 -15 -16
leaf_value= -8.4483386483744745e-05 0.09621275555648244 0.14533877080306409 0.081715830337719009 -0.011539698672361509 0.031264066930745384 -0.084685218109812208 -0.0023341981367577796 -0.043212272925804901 0.048452035412432988 0.16599401254910359 -0.041708076818640479 0.054500229868564953 0.14812304106591723 -0.055094459419712333 -0.042952966961735499
leaf_weight=664 603 160 491 2165 1537 1169 2003 139 1103 609 1973 321 312 2514 749
leaf_count=664 603 160 491 2165 1537 1169 2003 139 1103 609 1973 321 312 2514 749
model_size=1712
internal_value=0 -0.0226463 0.0826285 -0.00302187 0.049565 -0.0529302 -0.0146169 0.050421 0.0607259 0.132739 -0.025924 0.005516 0.107518 -0.0644867 -0.0228081
internal_weight=0 12960 3552 7864 2140 5096 6462 1402 1263 1412 4138 2324 803 3683 1413
internal_count=16512 12960 3552 7864 2140 5096 6462 1402 1263 1412 4138 2324 803 3683 1413
is_linear=0
shrinkage=0.1


Tree=5
num_leaves= 18
num_cat= 0
full_tree_array_lgbids= 0 2 1 5 3 4 10 16 -7 9 6 12 14 11 -12 -1 -18 -2147483648 -2147483648 -4 15 7 8 -2 13 -6 -16 -3 -13 -2147483648 -2147483648 -2147483648 -2147483648 -2147483648 -2147483648 -2147483648 -2147483648 -2147483648 -2147483648 -2147483648 -2147483648 -11 -17 -5 -9 -8 -10 -2147483648 -2147483648 -14 -15 -2147483648 -2147483648 -2147483648 -2147483648 -2147483648 -2147483648 -2147483648 -2147483648 -2147483648 -2147483648 -2147483648 -2147483648
split_feature= 1 1 1 6 6 3 8 7 7 2 2 1 2 6 2 7 6
split_gain= 2465.51 630.245 410.116 311.016 175.046 93.9209 87.5474 103.943 69.0744 52.5248 51.2986 23.7992 16.2822 12.3065 11.276 9.24763 6.86513
threshold= 4.5301500000000017 6.3350000000000009 2.7820000000000005 2.0653737590585881 2.5219735498882589 4.2015099382944241 -122.38499999999998 38.305000000000007 37.945000000000007 24.500000000000004 26.500000000000004 8.7395500000000013 21.500000000000004 2.0653737590585881 16.500000000000004 37.815000000000005 2.9005380231986346
decision_type= 2 2 2 2 2 2 2 2 2 2 2 2 2 2 2 2 2
left_child=2 4 5 9 12 16 7 -5 -8 -4 11 -3 -2 -14 -6 -11 -1
right_child=1 10 3 6 14 -7 8 -9 -10 15 -12 -13 13 -15 -16 -17 -18
leaf_value= -0.0058231071209196347 0.038998109630696227 0.078983665814391465 0.012130338080381088 0.081451579132023888 -0.0054671654156172528 -0.061581007166861712 -0.014199086661552833 -0.031788163976183705 -0.056068391070224433 0.10344939353766509 0.14875004891670993 0.15507683850348342 0.16937643033571734 0.08390321267002232 0.03090187240169294 -0.0064020799056086087 -0.041244830308769846
leaf_weight=836 267 667 309 299 696 3058 4525 212 840 393 635 172 117 445 1777 62 1202
leaf_count=836 267 667 309 299 696 3058 4525 212 840 393 635 172 117 445 1777 62 1202
model_size=1936
internal_value=0 0.0612407 -0.0249221 -0.00748892 0.03594 -0.0476372 -0.0159519 0.0344715 -0.0207546 0.0576007 0.117918 0.0945832 0.0815036 0.101697 0.0206662 0.0884806 -0.0267146
internal_weight=0 4776 11736 6640 3302 5096 5876 511 5365 764 1474 839 829 562 2473 455 2038
internal_count=16512 4776 11736 6640 3302 5096 5876 511 5365 764 1474 839 829 562 2473 455 2038
is_linear=0
shrinkage=0.1


Tree=6
num_leaves= 16
num_cat= 0
full_tree_array_lgbids= 0 1 3 4 2 10 -5 11 6 5 13 -2 -12 -2147483648 -2147483648 12 -13 7 8 9 -7 -4 14 -2147483648 -2147483648 -2147483648 -2147483648 -2147483648 -2147483648 -2147483648 -2147483648 -1 -14 -2147483648 -2147483648 -6 -9 -8 -10 -3 -11 -2147483648 -2147483648 -2147483648 -2147483648 -15 -16 -2147483648 -2147483648 -2147483648 -2147483648 -2147483648 -2147483648 -2147483648 -2147483648 -2147483648 -2147483648 -2147483648 -2147483648 -2147483648 -2147483648 -2147483648 -2147483648
split_feature= 1 1 6 1 6 7 7 8 8 2 6 7 8 8 7
split_gain= 2013.98 635.374 278.679 151.598 130.149 68.4187 66.5791 98.3799 74.1898 55.8279 55.2443 35.8984 42.6251 21.8986 6.64392
threshold= 5.6042500000000013 3.5488500000000003 2.5288691539219195 7.7055000000000016 2.2352443515477258 37.935000000000009 34.455000000000005 -117.77499999999999 -121.63499999999998 17.500000000000004 2.6529733204757315 37.935000000000009 -122.31499999999998 -122.26499999999999 37.975000000000001
decision_type= 2 2 2 2 2 2 2 2 2 2 2 2 2 2 2
left_child=1 4 5 10 11 9 7 -6 -8 -3 -2 12 -1 -4 -15
right_child=3 2 13 -5 6 -7 8 -9 -10 -11 -12 -13 -14 14 -16
leaf_value= 0.11400049624734382 0.10399915744126603 0.0075666128306805308 0.039816576893748491 0.13324869304659095 -0.011736345084224059 -0.017701455949080496 -0.02976630957869705 -0.058072886644895086 -0.069975479248406511 0.072996962036616445 0.049617588470037353 -0.047290760584917442 0.0033833867192628203 -0.0037768569371057006 -0.044554711904774391
leaf_weight=89 569 341 373 670 2253 253 1361 1075 2043 1201 1167 349 1100 3223 445
leaf_count=89 569 341 373 670 2253 253 1361 1075 2043 1201 1167 349 1100 3223 445
model_size=1712
internal_value=0 -0.0146289 0.0117586 0.0857672 -0.0332502 0.0477833 -0.0404549 -0.0267038 -0.0538989 0.0585276 0.067442 -0.00171437 0.0116634 -0.00424352 -0.00872401
internal_weight=0 14106 5836 2406 8270 1795 6732 3328 3404 1542 1736 1538 1189 4041 3668
internal_count=16512 14106 5836 2406 8270 1795 6732 3328 3404 1542 1736 1538 1189 4041 3668
is_linear=0
shrinkage=0.1


Tree=7
num_leaves= 12
num_cat= 0
full_tree_array_lgbids= 0 2 1 7 3 4 8 -1 -9 5 9 -2 -6 -3 -10 -2147483648 -2147483648 -2147483648 -2147483648 6 -7 10 -11 -2147483648 -2147483648 -2147483648 -2147483648 -2147483648 -2147483648 -2147483648 -2147483648 -2147483648 -2147483648 -2147483648 -2147483648 -2147483648 -2147483648 -2147483648 -2147483648 -4 -8 -2147483648 -2147483648 -5 -12 -2147483648 -2147483648 -2147483648 -2147483648 -2147483648 -2147483648 -2147483648 -2147483648 -2147483648 -2147483648 -2147483648 -2147483648 -2147483648 -2147483648 -2147483648 -2147483648 -2147483648 -2147483648
split_feature= 1 1 1 6 6 7 8 3 2 8 7
split_gain= 1640.99 348.733 300.55 233.826 92.3626 79.5553 82.3868 47.3031 23.3662 9.91595 47.6049
threshold= 4.6754000000000007 6.3350000000000009 2.5894500000000007 2.4530432249902163 2.735488224282792 37.965000000000011 -122.35499999999998 3.3654435698213785 21.500000000000004 -117.79499999999999 37.895000000000003
decision_type= 2 2 2 2 2 2 2 2 2 2 2
left_child=2 4 7 5 -2 6 -4 -1 -3 10 -5
right_child=1 8 3 9 -6 -7 -8 -9 -10 -11 -12
leaf_value= -0.0020916365825136367 0.059639716234297549 0.068301398806542499 0.11660285949020795 -0.0058503133924390389 0.012836059052053409 -0.031347545529126268 0.025135088484422974 -0.049061263096399958 0.1166670678750025 -0.044063598721471961 -0.042953910884833045
leaf_weight=565 1168 619 190 3572 1737 395 1765 3679 855 950 1017
leaf_count=565 1168 619 190 3572 1737 395 1765 3679 855 950 1017
model_size=1264
internal_value=0 0.0534333 -0.019285 -0.00663027 0.0316542 0.0230365 0.0340245 -0.0428082 0.0963561 -0.0192168 -0.0140731
internal_weight=0 4379 12133 7889 2905 2350 1955 4244 1474 5539 4589
internal_count=16512 4379 12133 7889 2905 2350 1955 4244 1474 5539 4589
is_linear=0
shrinkage=0.1


Tree=8
num_leaves= 12
num_cat= 0
full_tree_array_lgbids= 0 1 3 6 2 7 -5 -1 8 4 -4 -2 -9 -2147483648 -2147483648 -2147483648 -2147483648 9 10 5 -6 -2147483648 -2147483648 -2147483648 -2147483648 -2147483648 -2147483648 -2147483648 -2147483648 -2147483648 -2147483648 -2147483648 -2147483648 -2147483648 -2147483648 -8 -11 -10 -12 -3 -7 -2147483648 -2147483648 -2147483648 -2147483648 -2147483648 -2147483648 -2147483648 -2147483648 -2147483648 -2147483648 -2147483648 -2147483648 -2147483648 -2147483648 -2147483648 -2147483648 -2147483648 -2147483648 -2147483648 -2147483648 -2147483648 -2147483648
split_feature= 1 1 6 1 7 8 6 6 7 8 8
split_gain= 1329.09 368.208 209.647 125.405 62.1338 59.2055 58.0633 35.5712 28.295 56.7454 43.1475
threshold= 5.3736000000000006 3.3277500000000004 2.6829812717770039 7.3930000000000016 37.935000000000009 -117.88499999999998 2.0376051459673437 3.0375944537846187 34.455000000000005 -118.29499999999999 -120.09499999999998
decision_type= 2 2 2 2 2 2 2 2 2 2 2
left_child=1 6 4 7 5 -3 -1 -2 9 -8 -10
right_child=3 2 -4 -5 -6 -7 8 -9 10 -11 -12
leaf_value= 0.0062085841194679248 0.064385172046892022 0.052161443056120062 -0.011529111154636184 0.10561189654595625 -0.018263843959598063 -0.0070022237182379588 0.016627848013769837 0.017813071126941148 -0.035089629904045891 -0.03164071438418143 -0.075828981539720147
leaf_weight=847 1296 1763 3652 793 437 437 650 704 2539 2531 863
leaf_count=847 1296 1763 3652 793 437 437 650 704 2539 2531 863
model_size=1264
internal_value=0 -0.0131011 0.00617189 0.0643515 0.0306861 0.0404094 -0.0294144 0.0479918 -0.0339978 -0.0217776 -0.0454242
internal_weight=0 13719 6289 2793 2637 2200 7430 2000 6583 3181 3402
internal_count=16512 13719 6289 2793 2637 2200 7430 2000 6583 3181 3402
is_linear=0
shrinkage=0.1


Tree=9
num_leaves= 13
num_cat= 0
full_tree_array_lgbids= 0 2 1 8 4 3 11 -1 9 -4 5 7 10 -3 -13 -2147483648 -2147483648 -10 -11 -2147483648 -2147483648 6 -7 -2 -9 -5 -12 -2147483648 -2147483648 -2147483648 -2147483648 -2147483648 -2147483648 -2147483648 -2147483648 -2147483648 -2147483648 -2147483648 -2147483648 -2147483648 -2147483648 -2147483648 -2147483648 -6 -8 -2147483648 -2147483648 -2147483648 -2147483648 -2147483648 -2147483648 -2147483648 -2147483648 -2147483648 -2147483648 -2147483648 -2147483648 -2147483648 -2147483648 -2147483648 -2147483648 -2147483648 -2147483648
split_feature= 1 1 6 6 1 7 8 2 2 7 6 2
split_gain= 1094.26 309.737 129.688 117.507 76.3386 25.7323 123.982 14.5236 10.4916 13.5415 9.64487 5.2783
threshold= 4.125700000000001 6.2770500000000009 2.0376051459673437 2.3578464509898605 2.2210000000000005 38.475000000000001 -122.35499999999998 16.500000000000004 27.500000000000004 37.815000000000005 3.1336552646136835 29.500000000000004
decision_type= 2 2 2 2 2 2 2 2 2 2 2 2
left_child=2 3 8 7 -4 6 -6 -2 -1 -10 -5 -3
right_child=1 11 4 10 5 -7 -8 -9 9 -11 -12 -13
leaf_value= -0.0061653689107907623 0.0077630491602325409 0.061128801877342098 -0.045375575661198854 0.021318852358625493 0.057263356123784331 -0.047435500021876097 -0.017521614706425426 0.084034458390228467 0.064845095304836758 -0.025689725308198366 -0.0089400321329015132 0.1055001065665425
leaf_weight=601 182 962 2472 2487 361 885 5629 567 440 124 1228 574
leaf_count=601 182 962 2472 2487 361 885 5629 567 440 124 1228 574
model_size=1376
internal_value=0 0.0350775 -0.0200214 0.0204082 -0.0248321 -0.0174455 -0.0130145 0.0655012 0.0185759 0.0449403 0.0113167 0.0777103
internal_weight=0 6000 10512 4464 9347 6875 5990 749 1165 564 3715 1536
internal_count=16512 6000 10512 4464 9347 6875 5990 749 1165 564 3715 1536
is_linear=0
shrinkage=0.1


Tree=10
num_leaves= 9
num_cat= 0
full_tree_array_lgbids= 0 2 1 3 7 5 -3 4 -5 -4 -9 -2 -7 -2147483648 -2147483648 6 -6 -2147483648 -2147483648 -2147483648 -2147483648 -2147483648 -2147483648 -2147483648 -2147483648 -2147483648 -2147483648 -2147483648 -2147483648 -2147483648 -2147483648 -1 -8 -2147483648 -2147483648 -2147483648 -2147483648 -2147483648 -2147483648 -2147483648 -2147483648 -2147483648 -2147483648 -2147483648 -2147483648 -2147483648 -2147483648 -2147483648 -2147483648 -2147483648 -2147483648 -2147483648 -2147483648 -2147483648 -2147483648 -2147483648 -2147483648 -2147483648 -2147483648 -2147483648 -2147483648 -2147483648 -2147483648
split_feature= 1 1 6 7 8 6 8 1
split_gain= 882.589 174.518 133.791 95.4138 89.0223 56.1744 28.2203 23.1268
threshold= 4.5301500000000017 6.8672000000000013 2.4469862317432325 37.945000000000007 -117.77499999999999 2.788985387372485 -122.40499999999999 2.5044000000000004
decision_type= 2 2 2 2 2 2 2 2
left_child=2 5 3 4 6 -2 -1 -4
right_child=1 -3 7 -5 -6 -7 -8 -9
leaf_value= 0.10040144509867424 0.045851342244053531 0.08028105791476825 -0.038365784233992638 -0.033938501211142683 -0.025935901252723881 0.0092604517681952447 0.024340539134289373 -0.0162517549381507
leaf_weight=183 1681 1040 2795 810 629 2055 1774 5545
leaf_count=183 1681 1040 2795 810 629 2055 1774 5545
model_size=928
internal_value=0 0.0376044 -0.0153032 0.00522665 0.0174942 0.0257244 0.031453 -0.0236629
internal_weight=0 4776 11736 3396 2586 3736 1957 8340
internal_count=16512 4776 11736 3396 2586 3736 1957 8340
is_linear=0
shrinkage=0.1


Tree=11
num_leaves= 12
num_cat= 0
full_tree_array_lgbids= 0 1 6 3 2 8 -8 4 -5 9 7 -2 -10 -2147483648 -2147483648 -1 5 -2147483648 -2147483648 -3 -11 -4 10 -2147483648 -2147483648 -2147483648 -2147483648 -2147483648 -2147483648 -2147483648 -2147483648 -2147483648 -2147483648 -6 -7 -2147483648 -2147483648 -2147483648 -2147483648 -2147483648 -2147483648 -2147483648 -2147483648 -2147483648 -2147483648 -9 -12 -2147483648 -2147483648 -2147483648 -2147483648 -2147483648 -2147483648 -2147483648 -2147483648 -2147483648 -2147483648 -2147483648 -2147483648 -2147483648 -2147483648 -2147483648 -2147483648
split_feature= 1 1 6 7 8 7 1 8 2 2 7
split_gain= 717.843 209.234 100.147 42.6368 112.642 35.4748 21.1678 15.49 3.28591 3.26122 2.18908
threshold= 5.6042500000000013 3.6530500000000008 2.0653737590585881 38.475000000000001 -122.38499999999998 34.455000000000005 8.0125000000000011 -122.24499999999999 26.500000000000004 17.500000000000004 37.595000000000006
decision_type= 2 2 2 2 2 2 2 2 2 2 2
left_child=1 3 9 4 -1 -6 8 -4 -2 -3 -9
right_child=6 2 7 -5 5 -7 -8 10 -10 -11 -12
leaf_value= 0.056536166049634289 0.026360550328587286 0.0056053446290795419 0.039521658183043151 -0.047623348723647062 -0.009011286918218106 -0.033825963922093714 0.088560242740816378 0.0048922015647386435 0.066857123569204063 0.092684373996122796 -0.027922130688783714
leaf_weight=336 1125 136 576 1260 4326 2808 548 3517 733 324 823
leaf_count=336 1125 136 576 1260 4326 2808 548 3517 733 324 823
model_size=1264
internal_value=0 -0.00901694 0.00888811 -0.020043 -0.0153909 -0.0187785 0.0528649 0.00345615 0.0423369 0.0669393 -0.00133042
internal_weight=0 14106 5376 8730 7470 7134 2406 4916 1858 460 4340
internal_count=16512 14106 5376 8730 7470 7134 2406 4916 1858 460 4340
is_linear=0
shrinkage=0.1


Tree=12
num_leaves= 9
num_cat= 0
full_tree_array_lgbids= 0 2 1 3 -4 5 7 4 -5 -2147483648 -2147483648 -2 -7 -3 -9 -1 6 -2147483648 -2147483648 -2147483648 -2147483648 -2147483648 -2147483648 -2147483648 -2147483648 -2147483648 -2147483648 -2147483648 -2147483648 -2147483648 -2147483648 -2147483648 -2147483648 -6 -8 -2147483648 -2147483648 -2147483648 -2147483648 -2147483648 -2147483648 -2147483648 -2147483648 -2147483648 -2147483648 -2147483648 -2147483648 -2147483648 -2147483648 -2147483648 -2147483648 -2147483648 -2147483648 -2147483648 -2147483648 -2147483648 -2147483648 -2147483648 -2147483648 -2147483648 -2147483648 -2147483648 -2147483648
split_feature= 1 1 6 7 8 6 8 2
split_gain= 571.875 139.964 55.2641 60.2335 56.8323 44.423 29.4867 0.31731
threshold= 4.125700000000001 5.8308000000000009 2.5763869593405579 37.925000000000004 -122.31499999999998 2.2734093974820149 -117.145 26.500000000000004
decision_type= 2 2 2 2 2 2 2 2
left_child=2 5 3 4 -1 -2 -6 -3
right_child=1 7 -4 -5 6 -7 -8 -9
leaf_value= 0.087278849866661234 0.055303415445832095 0.036084619965069308 -0.023273831341291198 -0.030156300196860171 0.012746451000254955 0.0054848879124343233 -0.045062784919429194 0.07356809155230544
leaf_weight=204 541 1219 6648 1079 2232 3365 349 875
leaf_count=204 541 1219 6648 1079 2232 3365 349 875
model_size=928
internal_value=0 0.0261225 -0.0149101 -0.000520341 0.0109616 0.012385 0.00492955 0.0517475
internal_weight=0 6000 10512 3864 2785 3906 2581 2094
internal_count=16512 6000 10512 3864 2785 3906 2581 2094
is_linear=0
shrinkage=0.1


Tree=13
num_leaves= 9
num_cat= 0
full_tree_array_lgbids= 0 1 3 -1 2 6 -5 -2147483648 -2147483648 4 -4 -2 7 -2147483648 -2147483648 -2147483648 -2147483648 -2147483648 -2147483648 5 -6 -2147483648 -2147483648 -2147483648 -2147483648 -8 -9 -2147483648 -2147483648 -2147483648 -2147483648 -2147483648 -2147483648 -2147483648 -2147483648 -2147483648 -2147483648 -2147483648 -2147483648 -3 -7 -2147483648 -2147483648 -2147483648 -2147483648 -2147483648 -2147483648 -2147483648 -2147483648 -2147483648 -2147483648 -2147483648 -2147483648 -2147483648 -2147483648 -2147483648 -2147483648 -2147483648 -2147483648 -2147483648 -2147483648 -2147483648 -2147483648
split_feature= 1 1 6 1 7 8 2 6
split_gain= 454.579 95.5644 77.2566 35.0801 33.996 50.0881 1.22158 1.60299
threshold= 5.0116000000000005 2.3096500000000004 2.6652197465730842 7.852450000000001 37.815000000000005 -122.29499999999999 17.500000000000004 2.2634687595142249
decision_type= 2 2 2 2 2 2 2 2
left_child=1 -1 4 6 5 -3 -2 -8
right_child=3 2 -4 -5 -6 -7 7 -9
leaf_value= -0.029666009037431808 0.0031744000587109727 0.085270994906572417 -0.013735349172480336 0.072147579836790654 -0.015925113001036766 0.014583755692360163 0.091222794215712277 0.030068108426512204
leaf_weight=3126 969 270 5584 609 1073 2844 225 1812
leaf_count=3126 969 270 5584 609 1073 2844 225 1812
model_size=928
internal_value=0 -0.0094613 -0.00299728 0.0337545 0.0113236 0.0207127 0.0259762 0.036823
internal_weight=0 12897 9771 3615 4187 3114 3006 2037
internal_count=16512 12897 9771 3615 4187 3114 3006 2037
is_linear=0
shrinkage=0.1


Tree=14
num_leaves= 10
num_cat= 0
full_tree_array_lgbids= 0 3 1 4 5 2 -3 -1 -6 6 -7 7 -4 -2147483648 -2147483648 -2147483648 -2147483648 -2147483648 -2147483648 -5 -8 -2147483648 -2147483648 -2 8 -2147483648 -2147483648 -2147483648 -2147483648 -2147483648 -2147483648 -2147483648 -2147483648 -2147483648 -2147483648 -2147483648 -2147483648 -2147483648 -2147483648 -2147483648 -2147483648 -2147483648 -2147483648 -2147483648 -2147483648 -2147483648 -2147483648 -2147483648 -2147483648 -9 -10 -2147483648 -2147483648 -2147483648 -2147483648 -2147483648 -2147483648 -2147483648 -2147483648 -2147483648 -2147483648 -2147483648 -2147483648
split_feature= 1 1 6 7 8 8 7 2 6
split_gain= 373.792 92.7415 44.2039 16.9884 157.906 101.8 86.1386 14.5168 9.10839
threshold= 3.8346500000000003 6.3963500000000009 2.9742256672023202 34.455000000000005 -118.30499999999999 -121.675 38.675000000000004 21.500000000000004 2.0653737590585881
decision_type= 2 2 2 2 2 2 2 2 2
left_child=3 2 7 4 -1 6 -5 -2 -9
right_child=1 -3 -4 5 -6 -7 -8 8 -10
leaf_value= 0.039161974460620336 0.0001496315789624097 0.049848310277261706 -0.0068865400699063013 0.013130016583504224 -0.015690497842297046 -0.041436676400307217 -0.050749049601826225 0.088646749711211129 0.027533793499964817
leaf_weight=973 1150 1412 2184 1597 3747 2614 523 252 2060
leaf_count=973 1150 1412 2184 1597 3747 2614 523 252 2060
model_size=1040
internal_value=0 0.0190672 0.0113692 -0.0142349 -0.00438299 -0.0240576 -0.00262883 0.0228858 0.0341949
internal_weight=0 7058 5646 9454 4720 4734 2120 3462 2312
internal_count=16512 7058 5646 9454 4720 4734 2120 3462 2312
is_linear=0
shrinkage=0.1


Tree=15
num_leaves= 11
num_cat= 0
full_tree_array_lgbids= 0 1 -2 2 8 -2147483648 -2147483648 4 3 9 -10 -2147483648 -2147483648 -2147483648 -2147483648 6 -6 5 7 -3 -11 -2147483648 -2147483648 -2147483648 -2147483648 -2147483648 -2147483648 -2147483648 -2147483648 -2147483648 -2147483648 -1 -8 -2147483648 -2147483648 -4 -7 -5 -9 -2147483648 -2147483648 -2147483648 -2147483648 -2147483648 -2147483648 -2147483648 -2147483648 -2147483648 -2147483648 -2147483648 -2147483648 -2147483648 -2147483648 -2147483648 -2147483648 -2147483648 -2147483648 -2147483648 -2147483648 -2147483648 -2147483648 -2147483648 -2147483648
split_feature= 1 8 7 8 6 7 8 8 7 8
split_gain= 288.975 77.3188 178.678 276.583 143.712 135.398 37.8811 16.9838 1.14984 7.3019
threshold= 5.8308000000000009 -117.77499999999999 34.525000000000013 -121.63499999999998 3.1336552646136835 37.915000000000006 -118.36499999999999 -119.94499999999998 33.695000000000007 -117.145
decision_type= 2 2 2 2 2 2 2 2 2 2
left_child=1 2 4 5 6 -4 -1 -5 9 -3
right_child=-2 8 3 7 -6 -7 -8 -9 -10 -11
leaf_value= 0.064426236320503691 0.039011786695439012 0.017566325778400973 0.026875664484595316 -0.025944286528771166 -0.0078408892845878882 -0.022378520018329646 0.021107502226388918 -0.06240342438936905 -0.048279972554205783 -0.032309369913995453
leaf_weight=873 2094 553 2239 2167 2180 1428 1998 1035 1083 862
leaf_count=873 2094 553 2239 2167 2180 1428 1998 1035 1083 862
model_size=1152
internal_value=0 -0.00566588 -0.000945216 -0.0134795 0.0161005 0.00769514 0.0342797 -0.0377292 -0.028192 -0.0128173
internal_weight=0 14418 11920 6869 5051 3667 2871 3202 2498 1415
internal_count=16512 14418 11920 6869 5051 3667 2871 3202 2498 1415
is_linear=0
shrinkage=0.1


Tree=16
num_leaves= 5
num_cat= 0
full_tree_array_lgbids= 0 -1 1 -2147483648 -2147483648 2 -3 -2147483648 -2147483648 -2147483648 -2147483648 -2 3 -2147483648 -2147483648 -2147483648 -2147483648 -2147483648 -2147483648 -2147483648 -2147483648 -2147483648 -2147483648 -2147483648 -2147483648 -4 -5 -2147483648 -2147483648 -2147483648 -2147483648
split_feature= 1 6 2 7
split_gain= 227.398 33.3783 11.6354 2.48674
threshold= 3.9221500000000007 2.9742256672023202 21.500000000000004 37.995000000000012
decision_type= 2 2 2 2
left_child=-1 2 -2 -4
right_child=1 -3 3 -5
leaf_value= -0.011354702753945558 0.0051876360131979434 0.00010877414607512872 0.04114248523689102 -0.02560293246084613
leaf_weight=9728 1345 2616 2629 194
leaf_count=9728 1345 2616 2629 194
model_size=480
internal_value=0 0.0162822 0.0264333 0.0365557
internal_weight=0 6784 4168 2823
internal_count=16512 6784 4168 2823
is_linear=0
shrinkage=0.1


Tree=17
num_leaves= 8
num_cat= 0
full_tree_array_lgbids= 0 1 -2 2 -3 -2147483648 -2147483648 5 3 -2147483648 -2147483648 -2147483648 -2147483648 -2147483648 -2147483648 6 -7 4 -5 -2147483648 -2147483648 -2147483648 -2147483648 -2147483648 -2147483648 -2147483648 -2147483648 -2147483648 -2147483648 -2147483648 -2147483648 -1 -8 -2147483648 -2147483648 -4 -6 -2147483648 -2147483648 -2147483648 -2147483648 -2147483648 -2147483648 -2147483648 -2147483648 -2147483648 -2147483648 -2147483648 -2147483648 -2147483648 -2147483648 -2147483648 -2147483648 -2147483648 -2147483648 -2147483648 -2147483648 -2147483648 -2147483648 -2147483648 -2147483648 -2147483648 -2147483648
split_feature= 1 8 7 8 7 6 8
split_gain= 187.232 42.9746 121.39 194.899 92.3706 86.479 18.3966
threshold= 5.8308000000000009 -117.77499999999999 34.525000000000013 -121.63499999999998 38.675000000000004 3.253673235601747 -118.35499999999998
decision_type= 2 2 2 2 2 2 2
left_child=1 2 5 4 -4 6 -1
right_child=-2 -3 3 -5 -6 -7 -8
leaf_value= 0.054372067132284131 0.033303539011369031 -0.024908281888619283 0.016195817828971684 -0.033101725184407481 -0.043339984796182549 -0.0085291913412692735 0.016561988490655769
leaf_weight=1002 2094 2498 3095 3202 572 1929 2120
leaf_count=1002 2094 2498 3095 3202 572 1929 2120
model_size=816
internal_value=0 -0.00483684 -0.000630598 -0.011742 0.00690908 0.0144802 0.0286971
internal_weight=0 14418 11920 6869 3667 5051 3122
internal_count=16512 14418 11920 6869 3667 5051 3122
is_linear=0
shrinkage=0.1


Tree=18
num_leaves= 5
num_cat= 0
full_tree_array_lgbids= 0 1 -2 2 -3 -2147483648 -2147483648 3 -4 -2147483648 -2147483648 -2147483648 -2147483648 -2147483648 -2147483648 -1 -5 -2147483648 -2147483648 -2147483648 -2147483648 -2147483648 -2147483648 -2147483648 -2147483648 -2147483648 -2147483648 -2147483648 -2147483648 -2147483648 -2147483648
split_feature= 1 6 7 8
split_gain= 135.88 20.5285 19.3004 50.1691
threshold= 5.2771000000000017 2.8396278889382178 37.815000000000005 -122.29499999999999
decision_type= 2 2 2 2
left_child=1 2 3 -1
right_child=-2 -3 -4 -5
leaf_value= 0.068481503424823578 0.024350766457712392 -0.014337066581333494 -0.015904929490467856 0.0059631484842439944
leaf_weight=359 2983 6497 2006 4667
leaf_count=359 2983 6497 2006 4667
model_size=480
internal_value=0 -0.00536908 0.00291661 0.0104287
internal_weight=0 13529 7032 5026
internal_count=16512 13529 7032 5026
is_linear=0
shrinkage=0.1


Tree=19
num_leaves= 8
num_cat= 0
full_tree_array_lgbids= 0 1 -2 2 -3 -2147483648 -2147483648 5 3 -2147483648 -2147483648 -2147483648 -2147483648 -2147483648 -2147483648 6 -7 4 -5 -2147483648 -2147483648 -2147483648 -2147483648 -2147483648 -2147483648 -2147483648 -2147483648 -2147483648 -2147483648 -2147483648 -2147483648 -1 -8 -2147483648 -2147483648 -4 -6 -2147483648 -2147483648 -2147483648 -2147483648 -2147483648 -2147483648 -2147483648 -2147483648 -2147483648 -2147483648 -2147483648 -2147483648 -2147483648 -2147483648 -2147483648 -2147483648 -2147483648 -2147483648 -2147483648 -2147483648 -2147483648 -2147483648 -2147483648 -2147483648 -2147483648 -2147483648
split_feature= 1 8 7 8 7 6 8
split_gain= 101.111 18.8296 80.941 138.065 62.2919 46.0062 0.2259
threshold= 5.8308000000000009 -117.77499999999999 34.655000000000008 -121.56499999999998 37.805000000000007 3.442186331338819 -118.35499999999998
decision_type= 2 2 2 2 2 2 2
left_child=1 2 5 4 -4 6 -1
right_child=-2 -3 3 -5 -6 -7 -8
leaf_value= 0.046245231509919375 0.027538108333108907 -0.022153591361523575 0.023751783998311047 -0.030467089983591256 -0.01529249427937293 -0.010207966249932145 0.01351454107393397
leaf_weight=1107 2094 2498 2032 3006 1749 1596 2430
leaf_count=1107 2094 2498 2032 3006 1749 1596 2430
model_size=816
internal_value=0 -0.0039995 -0.000195061 -0.0103237 0.00569084 0.0131973 0.0237585
internal_weight=0 14418 11920 6787 3781 5133 3537
internal_count=16512 14418 11920 6787 3781 5133 3537
is_linear=0
shrinkage=0.1


Tree=20
num_leaves= 2
num_cat= 0
full_tree_array_lgbids= 0 -1 -2
split_feature= 1
split_gain= 68.7674
threshold= 3.8346500000000003
decision_type= 2
left_child=-1
right_child=-2
leaf_value= -0.0082631701325063308 0.011068292704220007
leaf_weight=9454 7058
leaf_count=9454 7058
model_size=144
internal_value=0
internal_weight=0
internal_count=16512
is_linear=0
shrinkage=0.1


Tree=21
num_leaves= 5
num_cat= 0
full_tree_array_lgbids= 0 1 -2 2 -3 -2147483648 -2147483648 3 -4 -2147483648 -2147483648 -2147483648 -2147483648 -2147483648 -2147483648 -1 -5 -2147483648 -2147483648 -2147483648 -2147483648 -2147483648 -2147483648 -2147483648 -2147483648 -2147483648 -2147483648 -2147483648 -2147483648 -2147483648 -2147483648
split_feature= 1 6 7 8
split_gain= 52.907 9.32911 18.8489 41.8971
threshold= 6.5626000000000007 3.1100458715596333 37.925000000000004 -122.31499999999998
decision_type= 2 2 2 2
left_child=1 2 3 -1
right_child=-2 -3 -4 -5
leaf_value= 0.056688040434243164 0.031133443378137327 -0.013630923316186028 -0.015229524590898356 0.0050713849946639172
leaf_weight=500 1288 5071 2378 7275
leaf_count=500 1288 5071 2378 7275
model_size=480
internal_value=0 -0.00263399 0.00285852 0.00839078
internal_weight=0 15224 10153 7775
internal_count=16512 15224 10153 7775
is_linear=0
shrinkage=0.1


Tree=22
num_leaves= 9
num_cat= 0
full_tree_array_lgbids= 0 1 -2 3 2 -2147483648 -2147483648 5 -5 4 7 -2147483648 -2147483648 -2147483648 -2147483648 6 -7 -2147483648 -2147483648 -3 -6 -4 -9 -2147483648 -2147483648 -2147483648 -2147483648 -2147483648 -2147483648 -2147483648 -2147483648 -1 -8 -2147483648 -2147483648 -2147483648 -2147483648 -2147483648 -2147483648 -2147483648 -2147483648 -2147483648 -2147483648 -2147483648 -2147483648 -2147483648 -2147483648 -2147483648 -2147483648 -2147483648 -2147483648 -2147483648 -2147483648 -2147483648 -2147483648 -2147483648 -2147483648 -2147483648 -2147483648 -2147483648 -2147483648 -2147483648 -2147483648
split_feature= 8 7 8 8 7 7 8 8
split_gain= 31.5614 82.3934 162.127 57.4226 42.5354 15.205 10.4214 5.43215
threshold= -117.75499999999998 34.525000000000013 -121.63499999999998 -118.30499999999999 37.895000000000003 34.155000000000008 -118.37499999999999 -119.94499999999998
decision_type= 2 2 2 2 2 2 2 2
left_child=1 3 4 5 -3 6 -1 -4
right_child=-2 2 7 -5 -6 -7 -8 -9
leaf_value= 0.084979621212662004 -0.018554756384396402 0.02222237107228767 -0.015247172219665199 0.0044337905855658969 -0.012889234670342914 0.013396298267265917 0.029008450483907707 -0.050345888883643546
leaf_weight=571 2777 2813 2232 3782 1606 1031 633 1067
leaf_count=571 2777 2813 2232 3782 1606 1031 633 1067
model_size=928
internal_value=0 0.00375148 -0.00595223 0.0161984 0.00946174 0.0361062 0.0555529 -0.0265992
internal_weight=0 13735 7718 6017 4419 2235 1204 3299
internal_count=16512 13735 7718 6017 4419 2235 1204 3299
is_linear=0
shrinkage=0.1


Tree=23
num_leaves= 2
num_cat= 0
full_tree_array_lgbids= 0 -1 -2
split_feature= 1
split_gain= 15.4551
threshold= 7.2638000000000007
decision_type= 2
left_child=-1
right_child=-2
leaf_value= -0.0018204411873469469 0.033377597458710766
leaf_weight=15658 854
leaf_count=15658 854
model_size=144
internal_value=0
internal_weight=0
internal_count=16512
is_linear=0
shrinkage=0.1


Tree=24
num_leaves= 5
num_cat= 0
full_tree_array_lgbids= 0 1 -2 2 -3 -2147483648 -2147483648 -1 3 -2147483648 -2147483648 -2147483648 -2147483648 -2147483648 -2147483648 -2147483648 -2147483648 -4 -5 -2147483648 -2147483648 -2147483648 -2147483648 -2147483648 -2147483648 -2147483648 -2147483648 -2147483648 -2147483648 -2147483648 -2147483648
split_feature= 6 7 8 7
split_gain= 7.60445 9.12995 26.5388 2.30863
threshold= 3.1424162072895592 37.925000000000004 -117.75499999999998 33.565000000000005
decision_type= 2 2 2 2
left_child=1 2 -1 -4
right_child=-2 -3 3 -5
leaf_value= 0.015629033322937379 -0.011133750626106054 -0.01224378640033099 0.0066220982796935529 -0.03736577890356587
leaf_weight=7030 5153 2472 1072 785
leaf_count=7030 5153 2472 1072 785
model_size=480
internal_value=0 0.00505082 0.00986147 -0.0119727
internal_weight=0 11359 8887 1857
internal_count=16512 11359 8887 1857
is_linear=0
shrinkage=0.1


end of trees

feature_importances:
Column_1=69
Column_6=54
Column_8=47
Column_7=45
Column_2=34
Column_3=8

parameters:
[boosting: gbdt]
[objective: regression]
[metric: rmse]
[tree_learner: serial]
[device_type: cpu]
[data_sample_strategy: bagging]
[data: data/california_housing.libsvm.train]
[valid: data/california_housing.libsvm.test]
[num_iterations: 200]
[learning_rate: 0.1]
[num_leaves: 255]
[num_threads: 0]
[seed: 42]
[deterministic: 0]
[force_col_wise: 0]
[force_row_wise: 0]
[histogram_pool_size: -1]
[max_depth: 5]
[min_data_in_leaf: 10]
[min_sum_hessian_in_leaf: 0.001]
[bagging_fraction: 1]
[pos_bagging_fraction: 1]
[neg_bagging_fraction: 1]
[bagging_freq: 0]
[bagging_seed: 400]
[feature_fraction: 1]
[feature_fraction_bynode: 1]
[feature_fraction_seed: 30056]
[extra_trees: 0]
[extra_seed: 12879]
[early_stopping_round: 0]
[early_stopping_min_delta: 0]
[first_metric_only: 0]
[max_delta_step: 0]
[lambda_l1: 0]
[lambda_l2: 0]
[linear_lambda: 0]
[min_gain_to_split: 0]
[drop_rate: 0.1]
[max_drop: 50]
[skip_drop: 0.5]
[xgboost_dart_mode: 0]
[uniform_drop: 0]
[drop_seed: 17869]
[top_rate: 0.2]
[other_rate: 0.1]
[min_data_per_group: 100]
[max_cat_threshold: 32]
[cat_l2: 10]
[cat_smooth: 10]
[max_cat_to_onehot: 4]
[top_k: 20]
[monotone_constraints: ]
[monotone_constraints_method: basic]
[monotone_penalty: 0]
[feature_contri: ]
[forcedsplits_filename: ]
[refit_decay_rate: 0.9]
[tinygbdt_penalty_feature: 4]
[tinygbdt_penalty_split: 0.125]
[tinygbdt_forestsize: 64000]
[tinygbdt_precision: 7]
[cegb_tradeoff: 1]
[cegb_penalty_split: 0]
[cegb_penalty_feature_lazy: ]
[cegb_penalty_feature_coupled: ]
[path_smooth: 0]
[interaction_constraints: ]
[verbosity: 2]
[saved_feature_importance_type: 0]
[use_quantized_grad: 0]
[num_grad_quant_bins: 4]
[quant_train_renew_leaf: 0]
[stochastic_rounding: 1]
[linear_tree: 0]
[max_bin: 255]
[max_bin_by_feature: ]
[min_data_in_bin: 3]
[bin_construct_sample_cnt: 200000]
[data_random_seed: 175]
[is_enable_sparse: 1]
[enable_bundle: 1]
[use_missing: 1]
[zero_as_missing: 0]
[feature_pre_filter: 1]
[pre_partition: 0]
[two_round: 0]
[header: 0]
[label_column: ]
[weight_column: ]
[group_column: ]
[ignore_column: ]
[categorical_feature: ]
[forcedbins_filename: ]
[precise_float_parser: 0]
[parser_config_file: ]
[objective_seed: 16083]
[num_class: 1]
[is_unbalance: 0]
[scale_pos_weight: 1]
[sigmoid: 1]
[boost_from_average: 1]
[reg_sqrt: 0]
[alpha: 0.9]
[fair_c: 1]
[poisson_max_delta_step: 0.7]
[tweedie_variance_power: 1.5]
[lambdarank_truncation_level: 30]
[lambdarank_norm: 1]
[label_gain: ]
[lambdarank_position_bias_regularization: 0]
[eval_at: ]
[multi_error_top_k: 1]
[auc_mu_weights: ]
[num_machines: 1]
[local_listen_port: 12400]
[time_out: 120]
[machine_list_filename: ]
[machines: ]
[gpu_platform_id: -1]
[gpu_device_id: -1]
[gpu_use_dp: 0]
[num_gpu: 1]

end of parameters
