tree
version=v4
num_class=1
num_tree_per_iteration=1
label_index=0
max_feature_idx=21
objective=binary sigmoid:1
feature_names=Column_0 Column_1 Column_2 Column_3 Column_4 Column_5 Column_6 Column_7 Column_8 Column_9 Column_10 Column_11 Column_12 Column_13 Column_14 Column_15 Column_16 Column_17 Column_18 Column_19 Column_20 Column_21
feature_infos=[0:5] [0:3] [0:9] [0:1] [0:8] [0:1] [0:1] [0:1] [0:11] [0:1] [0:4] [0:3] [0:3] [0:8] [0:8] none [0:3] [0:2] [0:4] [0:8] [0:5] [0:6]
tree_sizes=3093 3088 3084 2904 2990 2906 2913 2923 2916 4276 4631 4271 4628 2838 2656 4629 1803 2919 1891 1054 1715 1539 1544 1545 1540 1547 621 801 797 800 803 801 803 801 722 721 536 722 539 802 712

Tree=0
num_leaves= 16
num_cat= 0
full_tree_array_lgbids= 0 1 2 5 10 4 3 -1 -7 12 11 -2 -6 7 6 -2147483648 -2147483648 -2147483648 -2147483648 -3 -14 -12 -13 -2147483648 -2147483648 -2147483648 -2147483648 -4 13 8 -8 -2147483648 -2147483648 -2147483648 -2147483648 -2147483648 -2147483648 -2147483648 -2147483648 -2147483648 -2147483648 -2147483648 -2147483648 -2147483648 -2147483648 -2147483648 -2147483648 -2147483648 -2147483648 -2147483648 -2147483648 -2147483648 -2147483648 -2147483648 -2147483648 -2147483648 -2147483648 -9 14 -5 9 -2147483648 -2147483648 -2147483648 -2147483648 -2147483648 -2147483648 -2147483648 -2147483648 -2147483648 -2147483648 -2147483648 -2147483648 -2147483648 -2147483648 -2147483648 -2147483648 -2147483648 -2147483648 -2147483648 -2147483648 -2147483648 -2147483648 -2147483648 -2147483648 -2147483648 -2147483648 -2147483648 -2147483648 -2147483648 -2147483648 -2147483648 -2147483648 -2147483648 -2147483648 -2147483648 -2147483648 -2147483648 -2147483648 -2147483648 -2147483648 -2147483648 -2147483648 -2147483648 -2147483648 -2147483648 -2147483648 -2147483648 -2147483648 -2147483648 -2147483648 -2147483648 -2147483648 -2147483648 -2147483648 -2147483648 -2147483648 -15 -16 -2147483648 -2147483648 -10 -11 -2147483648 -2147483648 -2147483648 -2147483648
split_feature= 8 20 19 7 4 10 9 13 21 3 21 1 12 17 19
split_gain= 2179.18 1163.49 1106.01 747.998 232.926 193.458 140.4 108.721 72.4569 169.854 18.6219 23.2533 8.25904 6.60753 126.016
threshold= 3.5000000000000004 3.5000000000000004 1.5000000000000002 1.0000000180025095e-35 4.5000000000000009 1.0000000180025095e-35 1.0000000180025095e-35 1.5000000000000002 1.5000000000000002 1.0000000180025095e-35 4.5000000000000009 1.5000000000000002 1.0000000180025095e-35 1.5000000000000002 6.5000000000000009
decision_type= 2 2 2 2 2 2 2 2 2 2 2 2 2 2 2
left_child=1 5 4 7 -2 -1 8 -4 -5 -10 12 -12 -3 -9 -15
right_child=2 10 3 6 -6 -7 -8 13 9 -11 11 -13 -14 14 -16
leaf_value= 0.13625295265526666 0.13625295265526666 -0.075779630963319758 0.13625295265526666 0.13625295265526666 -0.26425303862428545 -0.26425303862428545 -0.26425303862428545 -0.26425303862428545 -0.23564546781860313 0.13625295265526666 -0.26425303862428551 0.1362529526552666 0.13625295265526666 0.13625295265526666 -0.26425303862428545
leaf_weight=14.48168098926544 127.58860319852829 4.2446306347846976 7.7402088046073905 58.176408112049103 17.228206694126129 104.36797678470612 17.228206694126129 603.98597091436386 24.46904718875885 27.964625358581543 3.9949464797973615 4.4943147897720337 528.58135610818863 9.7376820445060712 68.413458466529846
leaf_count=58 511 17 31 233 69 418 69 2419 98 112 16 18 2117 39 274
model_size=1712
internal_value=-0.0711178 0.0691485 -0.167321 -0.212646 0.0886066 -0.215452 0.0110948 -0.254106 0.053982 -0.0372996 0.131635 -0.0522205 0.134564 -0.258536 -0.21435
internal_weight=0 660.165 962.532 817.716 144.817 118.85 127.838 689.877 110.61 52.4337 541.315 8.48926 532.826 682.137 78.1511
internal_count=6499 2644 3855 3275 580 476 512 2763 443 210 2168 34 2134 2732 313
is_linear=0
shrinkage=1


Tree=1
num_leaves= 16
num_cat= 0
full_tree_array_lgbids= 0 1 2 5 10 4 3 -1 -7 12 11 -2 -6 7 6 -2147483648 -2147483648 -2147483648 -2147483648 -3 -14 -12 -13 -2147483648 -2147483648 -2147483648 -2147483648 -4 13 8 -8 -2147483648 -2147483648 -2147483648 -2147483648 -2147483648 -2147483648 -2147483648 -2147483648 -2147483648 -2147483648 -2147483648 -2147483648 -2147483648 -2147483648 -2147483648 -2147483648 -2147483648 -2147483648 -2147483648 -2147483648 -2147483648 -2147483648 -2147483648 -2147483648 -2147483648 -2147483648 -9 14 -5 9 -2147483648 -2147483648 -2147483648 -2147483648 -2147483648 -2147483648 -2147483648 -2147483648 -2147483648 -2147483648 -2147483648 -2147483648 -2147483648 -2147483648 -2147483648 -2147483648 -2147483648 -2147483648 -2147483648 -2147483648 -2147483648 -2147483648 -2147483648 -2147483648 -2147483648 -2147483648 -2147483648 -2147483648 -2147483648 -2147483648 -2147483648 -2147483648 -2147483648 -2147483648 -2147483648 -2147483648 -2147483648 -2147483648 -2147483648 -2147483648 -2147483648 -2147483648 -2147483648 -2147483648 -2147483648 -2147483648 -2147483648 -2147483648 -2147483648 -2147483648 -2147483648 -2147483648 -2147483648 -2147483648 -2147483648 -2147483648 -15 -16 -2147483648 -2147483648 -10 -11 -2147483648 -2147483648 -2147483648 -2147483648
split_feature= 8 20 19 7 4 10 9 13 21 3 21 4 12 17 19
split_gain= 1779.2 944.203 905.478 615.113 187.405 156.875 112.669 87.3413 56.4512 136.417 12.7129 16.9174 4.60417 3.51803 101.581
threshold= 3.5000000000000004 3.5000000000000004 1.5000000000000002 1.0000000180025095e-35 4.5000000000000009 1.0000000180025095e-35 1.0000000180025095e-35 1.5000000000000002 1.5000000000000002 1.0000000180025095e-35 4.5000000000000009 4.5000000000000009 1.0000000180025095e-35 1.5000000000000002 6.5000000000000009
decision_type= 2 2 2 2 2 2 2 2 2 2 2 2 2 2 2
left_child=1 5 4 7 -2 -1 8 -4 -5 -10 12 -12 -3 -9 -15
right_child=2 10 3 6 -6 -7 -8 13 9 -11 11 -13 -14 14 -16
leaf_value= 0.18726217829300001 0.18726217829300001 -0.0041963809298885936 0.18726217829300001 0.18726217829300001 -0.17677793099633521 -0.17677793099633521 -0.17677793099633521 -0.17677793099633521 -0.15003617003733646 0.18726217829300001 0.18726217829300007 -0.17677793099633518 0.18726217829300001 0.18726217829300001 -0.17677793099633521
leaf_weight=14.432910382747648 127.15891733765602 4.2439043670892707 7.7141417562961569 57.980484813451767 16.952329516410828 102.69672083854675 16.952329516410828 594.31427681446075 24.163009226322174 27.870447635650635 4.4791790843009931 3.9309749603271484 526.80122897028923 9.7048880159854871 67.317946195602417
leaf_count=58 511 17 31 233 69 418 69 2419 98 112 18 16 2117 39 274
model_size=1712
internal_value=0 0.126905 -0.0878094 -0.129334 0.144439 -0.13192 0.0744647 -0.16744 0.113179 0.0306294 0.183103 0.0171068 0.185732 -0.171515 -0.130909
internal_weight=0 656.585 950.129 806.018 144.111 117.13 126.966 679.051 110.014 52.0335 539.455 8.41015 531.045 671.337 77.0228
internal_count=6499 2644 3855 3275 580 476 512 2763 443 210 2168 34 2134 2732 313
is_linear=0
shrinkage=0.1


Tree=2
num_leaves= 16
num_cat= 0
full_tree_array_lgbids= 0 1 2 5 10 4 3 -1 -7 12 11 -2 -6 7 6 -2147483648 -2147483648 -2147483648 -2147483648 -3 -14 -12 -13 -2147483648 -2147483648 -2147483648 -2147483648 -4 13 8 -8 -2147483648 -2147483648 -2147483648 -2147483648 -2147483648 -2147483648 -2147483648 -2147483648 -2147483648 -2147483648 -2147483648 -2147483648 -2147483648 -2147483648 -2147483648 -2147483648 -2147483648 -2147483648 -2147483648 -2147483648 -2147483648 -2147483648 -2147483648 -2147483648 -2147483648 -2147483648 -9 14 -5 9 -2147483648 -2147483648 -2147483648 -2147483648 -2147483648 -2147483648 -2147483648 -2147483648 -2147483648 -2147483648 -2147483648 -2147483648 -2147483648 -2147483648 -2147483648 -2147483648 -2147483648 -2147483648 -2147483648 -2147483648 -2147483648 -2147483648 -2147483648 -2147483648 -2147483648 -2147483648 -2147483648 -2147483648 -2147483648 -2147483648 -2147483648 -2147483648 -2147483648 -2147483648 -2147483648 -2147483648 -2147483648 -2147483648 -2147483648 -2147483648 -2147483648 -2147483648 -2147483648 -2147483648 -2147483648 -2147483648 -2147483648 -2147483648 -2147483648 -2147483648 -2147483648 -2147483648 -2147483648 -2147483648 -2147483648 -2147483648 -15 -16 -2147483648 -2147483648 -10 -11 -2147483648 -2147483648 -2147483648 -2147483648
split_feature= 8 20 19 7 4 10 9 13 21 3 21 4 12 17 19
split_gain= 1479.61 781.465 754.293 514.144 153.685 129.333 91.9159 71.2441 44.8351 111.267 8.50035 12.193 2.135 1.1877 83.0859
threshold= 3.5000000000000004 3.5000000000000004 1.5000000000000002 1.0000000180025095e-35 4.5000000000000009 1.0000000180025095e-35 1.0000000180025095e-35 1.5000000000000002 1.5000000000000002 1.0000000180025095e-35 4.5000000000000009 4.5000000000000009 1.0000000180025095e-35 1.5000000000000002 6.5000000000000009
decision_type= 2 2 2 2 2 2 2 2 2 2 2 2 2 2 2
left_child=1 5 4 7 -2 -1 8 -4 -5 -10 12 -12 -3 -9 -15
right_child=2 10 3 6 -6 -7 -8 13 9 -11 11 -13 -14 14 -16
leaf_value= 0.17236010255125836 0.17236010255125836 -0.0037773991993575971 0.17236010255125836 0.17236010255125836 -0.16433727988382651 -0.16433727988382651 -0.16433727988382651 -0.16433727988382651 -0.13835152866400741 0.17236010255125836 0.17236010255125839 -0.16433727988382651 0.17236010255125836 0.17236010255125836 -0.16433727988382651
leaf_weight=14.127121359109877 124.46481059491634 4.2432112842798224 7.5507027953863135 56.752056494355202 16.43764516711235 99.578777968883514 16.43764516711235 576.27048781514168 23.611025214195251 27.279958486557007 4.3842790424823743 3.8116278648376465 515.63992960751057 9.4992712587118131 65.274127185344696
leaf_count=58 511 17 31 233 69 418 69 2419 98 112 18 16 2117 39 274
model_size=1712
internal_value=0 0.116954 -0.0814481 -0.120069 0.133081 -0.122505 0.0686314 -0.155621 0.104207 0.0282045 0.168515 0.015774 0.170922 -0.159425 -0.121563
internal_weight=0 641.785 923.578 782.675 140.902 113.706 124.081 658.595 107.643 50.891 528.079 8.19591 519.883 651.044 74.7734
internal_count=6499 2644 3855 3275 580 476 512 2763 443 210 2168 34 2134 2732 313
is_linear=0
shrinkage=0.1


Tree=3
num_leaves= 14
num_cat= 0
full_tree_array_lgbids= 0 1 2 5 10 4 3 -1 -7 12 11 -2 -6 7 6 -2147483648 -2147483648 -2147483648 -2147483648 -3 -14 -12 -13 -2147483648 -2147483648 -2147483648 -2147483648 -4 -9 8 -8 -2147483648 -2147483648 -2147483648 -2147483648 -2147483648 -2147483648 -2147483648 -2147483648 -2147483648 -2147483648 -2147483648 -2147483648 -2147483648 -2147483648 -2147483648 -2147483648 -2147483648 -2147483648 -2147483648 -2147483648 -2147483648 -2147483648 -2147483648 -2147483648 -2147483648 -2147483648 -2147483648 -2147483648 -5 9 -2147483648 -2147483648 -2147483648 -2147483648 -2147483648 -2147483648 -2147483648 -2147483648 -2147483648 -2147483648 -2147483648 -2147483648 -2147483648 -2147483648 -2147483648 -2147483648 -2147483648 -2147483648 -2147483648 -2147483648 -2147483648 -2147483648 -2147483648 -2147483648 -2147483648 -2147483648 -2147483648 -2147483648 -2147483648 -2147483648 -2147483648 -2147483648 -2147483648 -2147483648 -2147483648 -2147483648 -2147483648 -2147483648 -2147483648 -2147483648 -2147483648 -2147483648 -2147483648 -2147483648 -2147483648 -2147483648 -2147483648 -2147483648 -2147483648 -2147483648 -2147483648 -2147483648 -2147483648 -2147483648 -2147483648 -2147483648 -2147483648 -2147483648 -2147483648 -2147483648 -10 -11 -2147483648 -2147483648 -2147483648 -2147483648
split_feature= 8 20 19 7 4 10 9 13 21 3 21 1 12
split_gain= 1247.37 656.133 636.474 434.991 127.695 107.825 75.7787 58.6539 36.0002 91.6876 5.2786 8.52511 0.356372
threshold= 3.5000000000000004 3.5000000000000004 1.5000000000000002 1.0000000180025095e-35 4.5000000000000009 1.0000000180025095e-35 1.0000000180025095e-35 1.5000000000000002 1.5000000000000002 1.0000000180025095e-35 4.5000000000000009 1.5000000000000002 1.0000000180025095e-35
decision_type= 2 2 2 2 2 2 2 2 2 2 2 2 2
left_child=1 5 4 7 -2 -1 8 -4 -5 -10 12 -12 -3
right_child=2 10 3 6 -6 -7 -8 -9 9 -11 11 -13 -14
leaf_value= 0.1609037703805144 0.1609037703805144 -0.0034002145451034805 0.1609037703805144 0.1609037703805144 -0.15458733496862687 -0.15458733496862687 -0.15458733496862687 -0.1499512248705151 -0.12863452077162127 0.1609037703805144 -0.15458733496862687 0.16090377038051437 0.1609037703805144
leaf_weight=13.6439371407032 120.20779101550579 4.2425556927919379 7.2924491614103308 54.810988858342171 15.761341184377669 95.481748044490814 15.761341184377669 624.32352818548679 22.892099589109421 26.34691309928894 3.654803752899169 4.2343253195285797 498.00370563566685
leaf_count=58 511 17 31 233 69 418 69 2732 98 112 16 18 2117
model_size=1488
internal_value=0 0.109272 -0.0764731 -0.112808 0.124333 -0.115142 0.064079 -0.146362 0.0972023 0.0262922 0.157277 0.0147459 0.159516
internal_weight=0 619.261 887.396 751.427 135.969 109.126 119.811 631.616 104.05 49.239 510.135 7.88913 502.246
internal_count=6499 2644 3855 3275 580 476 512 2763 443 210 2168 34 2134
is_linear=0
shrinkage=0.1


Tree=4
num_leaves= 15
num_cat= 0
full_tree_array_lgbids= 0 1 2 5 10 4 3 -1 -7 -3 11 -2 -6 7 6 -2147483648 -2147483648 -2147483648 -2147483648 -2147483648 -2147483648 -12 -13 -2147483648 -2147483648 -2147483648 -2147483648 -4 12 8 -8 -2147483648 -2147483648 -2147483648 -2147483648 -2147483648 -2147483648 -2147483648 -2147483648 -2147483648 -2147483648 -2147483648 -2147483648 -2147483648 -2147483648 -2147483648 -2147483648 -2147483648 -2147483648 -2147483648 -2147483648 -2147483648 -2147483648 -2147483648 -2147483648 -2147483648 -2147483648 -9 13 -5 9 -2147483648 -2147483648 -2147483648 -2147483648 -2147483648 -2147483648 -2147483648 -2147483648 -2147483648 -2147483648 -2147483648 -2147483648 -2147483648 -2147483648 -2147483648 -2147483648 -2147483648 -2147483648 -2147483648 -2147483648 -2147483648 -2147483648 -2147483648 -2147483648 -2147483648 -2147483648 -2147483648 -2147483648 -2147483648 -2147483648 -2147483648 -2147483648 -2147483648 -2147483648 -2147483648 -2147483648 -2147483648 -2147483648 -2147483648 -2147483648 -2147483648 -2147483648 -2147483648 -2147483648 -2147483648 -2147483648 -2147483648 -2147483648 -2147483648 -2147483648 -2147483648 -2147483648 -2147483648 -2147483648 -2147483648 -2147483648 -14 -15 -2147483648 -2147483648 -10 -11 -2147483648 -2147483648 -2147483648 -2147483648
split_feature= 8 20 19 7 4 10 9 13 21 3 21 1 17 19
split_gain= 1061.6 556.938 541.247 370.077 107.089 90.5957 62.8877 48.3749 29.0489 76.044 2.71481 5.5766 0.482241 71.3601
threshold= 3.5000000000000004 3.5000000000000004 1.5000000000000002 1.0000000180025095e-35 4.5000000000000009 1.0000000180025095e-35 1.0000000180025095e-35 1.5000000000000002 1.5000000000000002 1.0000000180025095e-35 4.5000000000000009 1.5000000000000002 1.5000000000000002 6.5000000000000009
decision_type= 2 2 2 2 2 2 2 2 2 2 2 2 2 2
left_child=1 5 4 7 -2 -1 8 -4 -5 -10 -3 -12 -9 -14
right_child=2 10 3 6 -6 -7 -8 12 9 -11 11 -13 13 -15
leaf_value= 0.15185187516794491 0.15185187516794491 0.15048366375750824 0.15185187516794491 0.15185187516794491 -0.14676872362570559 -0.14676872362570559 -0.14676872362570559 -0.14698604915864594 -0.12034183209056351 0.15185187516794491 -0.14676872362570559 0.15185187516794488 0.17075662901314903 -0.14698604915864594
leaf_weight=13.042239397764204 114.90662641823292 480.28367763757706 6.970852091908454 52.39382378757 14.980887696146963 90.75378343462944 14.980887696146963 526.08092118799686 22.065548837184906 25.185014009475708 3.4738290309905997 4.0475915372371674 9.4640404880046827 59.589157670736313
leaf_count=58 511 2134 31 233 69 418 69 2419 98 112 16 18 39 274
model_size=1600
internal_value=0 0.103178 -0.0723282 -0.106713 0.11741 -0.109246 0.0604261 -0.138532 0.0915765 0.0247401 0.148378 0.0139315 -0.141933 -0.103438
internal_weight=0 591.601 846.618 716.73 129.888 103.796 114.625 602.105 99.6444 47.2506 487.805 7.52142 595.134 69.0532
internal_count=6499 2644 3855 3275 580 476 512 2763 443 210 2168 34 2732 313
is_linear=0
shrinkage=0.1


Tree=5
num_leaves= 14
num_cat= 0
full_tree_array_lgbids= 0 1 2 5 11 4 3 -1 -7 -3 12 -2 -6 7 6 -2147483648 -2147483648 -2147483648 -2147483648 -2147483648 -2147483648 -13 -14 -2147483648 -2147483648 -2147483648 -2147483648 -4 -9 8 -8 -2147483648 -2147483648 -2147483648 -2147483648 -2147483648 -2147483648 -2147483648 -2147483648 -2147483648 -2147483648 -2147483648 -2147483648 -2147483648 -2147483648 -2147483648 -2147483648 -2147483648 -2147483648 -2147483648 -2147483648 -2147483648 -2147483648 -2147483648 -2147483648 -2147483648 -2147483648 -2147483648 -2147483648 9 10 -2147483648 -2147483648 -2147483648 -2147483648 -2147483648 -2147483648 -2147483648 -2147483648 -2147483648 -2147483648 -2147483648 -2147483648 -2147483648 -2147483648 -2147483648 -2147483648 -2147483648 -2147483648 -2147483648 -2147483648 -2147483648 -2147483648 -2147483648 -2147483648 -2147483648 -2147483648 -2147483648 -2147483648 -2147483648 -2147483648 -2147483648 -2147483648 -2147483648 -2147483648 -2147483648 -2147483648 -2147483648 -2147483648 -2147483648 -2147483648 -2147483648 -2147483648 -2147483648 -2147483648 -2147483648 -2147483648 -2147483648 -2147483648 -2147483648 -2147483648 -2147483648 -2147483648 -2147483648 -2147483648 -2147483648 -2147483648 -2147483648 -2147483648 -5 -11 -10 -12 -2147483648 -2147483648 -2147483648 -2147483648
split_feature= 8 20 19 7 4 10 9 13 1 21 14 21 1
split_gain= 911.481 476.484 464.647 318.171 90.4012 76.5255 52.381 40.098 24.6339 52.7152 15.5383 0.605749 3.12019
threshold= 3.5000000000000004 3.5000000000000004 1.5000000000000002 1.0000000180025095e-35 4.5000000000000009 1.0000000180025095e-35 1.0000000180025095e-35 1.5000000000000002 1.0000000180025095e-35 1.5000000000000002 6.5000000000000009 4.5000000000000009 1.5000000000000002
decision_type= 2 2 2 2 2 2 2 2 2 2 2 2 2
left_child=1 5 4 7 -2 -1 8 -4 9 -5 -10 -3 -13
right_child=2 11 3 6 -6 -7 -8 -9 10 -11 -12 12 -14
leaf_value= 0.14454675775689577 0.14454675775689577 0.14309214034790893 0.14454675775689577 0.14454675775689577 -0.14038449805642142 -0.14038449805642142 -0.14038449805642142 -0.13568772172443613 -0.079764190760033646 -0.14616216603889126 0.14896846346599671 -0.14038449805642142 0.14454675775689574
leaf_weight=12.365946739912031 108.9482548981905 455.83961145579815 6.6093853265047064 14.924418479204178 14.139219447970389 85.654981583356857 14.139219447970389 562.00085325539112 5.6008527576923361 15.34173995256424 58.864974066615105 3.2786595821380606 3.8377076089382172
leaf_count=58 511 2134 31 70 69 418 69 2732 26 71 276 16 18
model_size=1488
internal_value=0 0.0981936 -0.0690582 -0.10192 0.111816 -0.104439 0.0574279 -0.13243 0.0869524 -0.00281191 0.129096 0.141097 0.013273
internal_weight=0 560.977 800.569 677.481 123.087 98.0209 108.871 568.61 94.732 30.2662 64.4658 462.956 7.11637
internal_count=6499 2644 3855 3275 580 476 512 2763 443 141 302 2168 34
is_linear=0
shrinkage=0.1


Tree=6
num_leaves= 14
num_cat= 0
full_tree_array_lgbids= 0 1 2 5 -3 4 3 -1 -7 -2147483648 -2147483648 -2 -6 7 6 -2147483648 -2147483648 -2147483648 -2147483648 -2147483648 -2147483648 -2147483648 -2147483648 -2147483648 -2147483648 -2147483648 -2147483648 -4 11 8 -8 -2147483648 -2147483648 -2147483648 -2147483648 -2147483648 -2147483648 -2147483648 -2147483648 -2147483648 -2147483648 -2147483648 -2147483648 -2147483648 -2147483648 -2147483648 -2147483648 -2147483648 -2147483648 -2147483648 -2147483648 -2147483648 -2147483648 -2147483648 -2147483648 -2147483648 -2147483648 -9 12 9 10 -2147483648 -2147483648 -2147483648 -2147483648 -2147483648 -2147483648 -2147483648 -2147483648 -2147483648 -2147483648 -2147483648 -2147483648 -2147483648 -2147483648 -2147483648 -2147483648 -2147483648 -2147483648 -2147483648 -2147483648 -2147483648 -2147483648 -2147483648 -2147483648 -2147483648 -2147483648 -2147483648 -2147483648 -2147483648 -2147483648 -2147483648 -2147483648 -2147483648 -2147483648 -2147483648 -2147483648 -2147483648 -2147483648 -2147483648 -2147483648 -2147483648 -2147483648 -2147483648 -2147483648 -2147483648 -2147483648 -2147483648 -2147483648 -2147483648 -2147483648 -2147483648 -2147483648 -2147483648 -2147483648 -2147483648 -2147483648 -13 -14 -5 -11 -10 -12 -2147483648 -2147483648 -2147483648 -2147483648
split_feature= 8 20 19 7 4 10 9 13 1 21 14 17 19
split_gain= 786.692 410.311 400.253 273.763 76.6217 64.823 43.6383 33.025 19.4273 43.9243 11.9524 0.191912 62.3101
threshold= 3.5000000000000004 3.5000000000000004 1.5000000000000002 1.0000000180025095e-35 4.5000000000000009 1.0000000180025095e-35 1.0000000180025095e-35 1.5000000000000002 1.0000000180025095e-35 1.5000000000000002 6.5000000000000009 1.5000000000000002 6.5000000000000009
decision_type= 2 2 2 2 2 2 2 2 2 2 2 2 2
left_child=1 5 4 7 -2 -1 8 -4 9 -5 -10 -9 -13
right_child=2 -3 3 6 -6 -7 -8 11 10 -11 -12 12 -14
leaf_value= 0.13855140791954978 0.13855140791954978 0.13507989686787095 0.13855140791954978 0.13855140791954976 -0.13509509769210032 -0.13509509769210032 -0.13509509769210032 -0.1354164678346583 -0.073064486299987519 -0.13988491942693068 0.14262869535264688 0.16831828023062234 -0.1354164678346583
leaf_weight=11.647865027189253 102.62170739471912 436.57561387121677 6.2255830317735663 14.057768136262894 13.268332377076147 80.379172950983047 13.268332377076147 467.19495461881161 5.5079644918441764 14.471892178058624 55.506051287055016 9.4045701473951322 52.919147402048111
leaf_count=58 511 2168 31 70 69 418 69 2419 26 71 276 39 274
model_size=1488
internal_value=0 0.0940737 -0.0661617 -0.0976286 0.107221 -0.10046 0.0549076 -0.126901 0.0830616 -0.00268759 0.123157 -0.130022 -0.0895833
internal_weight=0 528.603 754.446 638.556 115.89 92.027 102.812 535.744 89.5437 28.5297 61.014 529.519 62.3237
internal_count=6499 2644 3855 3275 580 476 512 2763 443 141 302 2732 313
is_linear=0
shrinkage=0.1


Tree=7
num_leaves= 14
num_cat= 0
full_tree_array_lgbids= 0 1 2 5 10 4 3 -1 -7 11 12 -2 -6 7 6 -2147483648 -2147483648 -2147483648 -2147483648 -3 -13 -12 -14 -2147483648 -2147483648 -2147483648 -2147483648 -4 -9 8 -8 -2147483648 -2147483648 -2147483648 -2147483648 -2147483648 -2147483648 -2147483648 -2147483648 -2147483648 -2147483648 -2147483648 -2147483648 -2147483648 -2147483648 -2147483648 -2147483648 -2147483648 -2147483648 -2147483648 -2147483648 -2147483648 -2147483648 -2147483648 -2147483648 -2147483648 -2147483648 -2147483648 -2147483648 -5 9 -2147483648 -2147483648 -2147483648 -2147483648 -2147483648 -2147483648 -2147483648 -2147483648 -2147483648 -2147483648 -2147483648 -2147483648 -2147483648 -2147483648 -2147483648 -2147483648 -2147483648 -2147483648 -2147483648 -2147483648 -2147483648 -2147483648 -2147483648 -2147483648 -2147483648 -2147483648 -2147483648 -2147483648 -2147483648 -2147483648 -2147483648 -2147483648 -2147483648 -2147483648 -2147483648 -2147483648 -2147483648 -2147483648 -2147483648 -2147483648 -2147483648 -2147483648 -2147483648 -2147483648 -2147483648 -2147483648 -2147483648 -2147483648 -2147483648 -2147483648 -2147483648 -2147483648 -2147483648 -2147483648 -2147483648 -2147483648 -2147483648 -2147483648 -2147483648 -2147483648 -10 -11 -2147483648 -2147483648 -2147483648 -2147483648
split_feature= 8 20 19 7 4 10 9 13 21 3 21 12 1
split_gain= 682.721 354.477 347.355 237.678 65.1354 55.0152 36.3364 27.2339 15.4448 44.0234 0.0407289 1.84323 0.989404
threshold= 3.5000000000000004 3.5000000000000004 1.5000000000000002 1.0000000180025095e-35 4.5000000000000009 1.0000000180025095e-35 1.0000000180025095e-35 1.5000000000000002 1.5000000000000002 1.0000000180025095e-35 4.5000000000000009 1.0000000180025095e-35 1.5000000000000002
decision_type= 2 2 2 2 2 2 2 2 2 2 2 2 2
left_child=1 5 4 7 -2 -1 8 -4 -5 -10 11 -3 -12
right_child=2 10 3 6 -6 -7 -8 -9 9 -11 12 -13 -14
leaf_value= 0.13356356395996258 0.13356356395996258 -0.04692893644858951 0.13356356395996258 0.13393675325000612 -0.13066022980921915 -0.13066022980921915 -0.13066022980921915 -0.12565288835215502 -0.10175675789731904 0.13327951056034301 -0.14017082542738063 0.13377548886246052 0.13368028220806602
leaf_weight=10.912395119667051 96.14196389913559 4.1284566819667807 5.8324870467185965 43.93346132338047 12.391892105340956 75.069723188877106 12.391892105340956 494.94862812757492 19.291692391037941 20.983031988143921 3.2712635993957511 399.54844777286053 3.3924507200717926
leaf_count=58 511 17 31 233 69 418 69 2732 98 112 16 2117 18
model_size=1488
internal_value=0 0.0904651 -0.0638775 -0.0942681 0.103396 -0.0971263 0.0527818 -0.122634 0.0797767 0.0206966 0.129773 0.131927 -0.000755127
internal_weight=0 496.323 705.915 597.381 108.534 85.9821 96.6001 500.781 84.2082 40.2747 410.341 403.677 6.66371
internal_count=6499 2644 3855 3275 580 476 512 2763 443 210 2168 2134 34
is_linear=0
shrinkage=0.1


Tree=8
num_leaves= 14
num_cat= 0
full_tree_array_lgbids= 0 1 2 5 -3 4 3 -1 -7 -2147483648 -2147483648 -2 -6 7 6 -2147483648 -2147483648 -2147483648 -2147483648 -2147483648 -2147483648 -2147483648 -2147483648 -2147483648 -2147483648 -2147483648 -2147483648 -4 11 8 -8 -2147483648 -2147483648 -2147483648 -2147483648 -2147483648 -2147483648 -2147483648 -2147483648 -2147483648 -2147483648 -2147483648 -2147483648 -2147483648 -2147483648 -2147483648 -2147483648 -2147483648 -2147483648 -2147483648 -2147483648 -2147483648 -2147483648 -2147483648 -2147483648 -2147483648 -2147483648 -9 12 9 10 -2147483648 -2147483648 -2147483648 -2147483648 -2147483648 -2147483648 -2147483648 -2147483648 -2147483648 -2147483648 -2147483648 -2147483648 -2147483648 -2147483648 -2147483648 -2147483648 -2147483648 -2147483648 -2147483648 -2147483648 -2147483648 -2147483648 -2147483648 -2147483648 -2147483648 -2147483648 -2147483648 -2147483648 -2147483648 -2147483648 -2147483648 -2147483648 -2147483648 -2147483648 -2147483648 -2147483648 -2147483648 -2147483648 -2147483648 -2147483648 -2147483648 -2147483648 -2147483648 -2147483648 -2147483648 -2147483648 -2147483648 -2147483648 -2147483648 -2147483648 -2147483648 -2147483648 -2147483648 -2147483648 -2147483648 -2147483648 -13 -14 -5 -11 -10 -12 -2147483648 -2147483648 -2147483648 -2147483648
split_feature= 8 20 19 7 4 10 9 13 1 21 14 17 19
split_gain= 594.901 308.311 301.596 205.912 55.4253 46.6824 30.1243 22.1481 12.6399 31.0888 6.99868 0.169997 54.8236
threshold= 3.5000000000000004 3.5000000000000004 1.5000000000000002 1.0000000180025095e-35 4.5000000000000009 1.0000000180025095e-35 1.0000000180025095e-35 1.5000000000000002 1.0000000180025095e-35 1.5000000000000002 6.5000000000000009 1.5000000000000002 6.5000000000000009
decision_type= 2 2 2 2 2 2 2 2 2 2 2 2 2
left_child=1 5 4 7 -2 -1 8 -4 9 -5 -10 -9 -13
right_child=2 -3 3 6 -6 -7 -8 11 10 -11 -12 12 -14
leaf_value= 0.12936717161346731 0.12936717161346731 0.12556562055383566 0.12936717161346731 0.12935622169595531 -0.12690484179902931 -0.12690484179902931 -0.12690484179902931 -0.12727874075560752 -0.065715334413372448 -0.13132312935941598 0.13408541587278341 0.16546475723210929 -0.12727874075560752
leaf_weight=10.177520692348478 89.667466789484024 383.10541592538357 5.4397093355655661 12.280711233615875 11.527180284261702 69.83132404088974 11.527180284261702 407.33189159631729 5.1702764928340903 12.895585089921951 48.590201526880264 9.3252641558647138 46.138461470603943
leaf_count=58 511 2168 31 70 69 418 69 2419 26 71 276 39 274
model_size=1488
internal_value=0 0.0875801 -0.0617153 -0.0910377 0.100175 -0.0943058 0.0509343 -0.118467 0.0769042 -0.0041667 0.11487 -0.12138 -0.078059
internal_weight=0 463.114 659.894 558.699 101.195 80.0088 90.464 468.235 78.9368 25.1763 53.7605 462.796 55.4637
internal_count=6499 2644 3855 3275 580 476 512 2763 443 141 302 2732 313
is_linear=0
shrinkage=0.1


Tree=9
num_leaves= 12
num_cat= 0
full_tree_array_lgbids= 0 1 2 5 -3 4 3 -1 -7 -2147483648 -2147483648 -2 -6 7 6 -2147483648 -2147483648 -2147483648 -2147483648 -2147483648 -2147483648 -2147483648 -2147483648 -2147483648 -2147483648 -2147483648 -2147483648 -4 -9 8 -8 -2147483648 -2147483648 -2147483648 -2147483648 -2147483648 -2147483648 -2147483648 -2147483648 -2147483648 -2147483648 -2147483648 -2147483648 -2147483648 -2147483648 -2147483648 -2147483648 -2147483648 -2147483648 -2147483648 -2147483648 -2147483648 -2147483648 -2147483648 -2147483648 -2147483648 -2147483648 -2147483648 -2147483648 9 -10 -2147483648 -2147483648 -2147483648 -2147483648 -2147483648 -2147483648 -2147483648 -2147483648 -2147483648 -2147483648 -2147483648 -2147483648 -2147483648 -2147483648 -2147483648 -2147483648 -2147483648 -2147483648 -2147483648 -2147483648 -2147483648 -2147483648 -2147483648 -2147483648 -2147483648 -2147483648 -2147483648 -2147483648 -2147483648 -2147483648 -2147483648 -2147483648 -2147483648 -2147483648 -2147483648 -2147483648 -2147483648 -2147483648 -2147483648 -2147483648 -2147483648 -2147483648 -2147483648 -2147483648 -2147483648 -2147483648 -2147483648 -2147483648 -2147483648 -2147483648 -2147483648 -2147483648 -2147483648 -2147483648 -2147483648 -2147483648 -2147483648 -2147483648 10 -11 -2147483648 -2147483648 -2147483648 -2147483648 -2147483648 -2147483648 -2147483648 -2147483648 -2147483648 -2147483648 -2147483648 -2147483648 -2147483648 -2147483648 -2147483648 -2147483648 -2147483648 -2147483648 -2147483648 -2147483648 -2147483648 -2147483648 -2147483648 -2147483648 -2147483648 -2147483648 -2147483648 -2147483648 -2147483648 -2147483648 -2147483648 -2147483648 -2147483648 -2147483648 -2147483648 -2147483648 -2147483648 -2147483648 -2147483648 -2147483648 -2147483648 -2147483648 -2147483648 -2147483648 -2147483648 -2147483648 -2147483648 -2147483648 -2147483648 -2147483648 -2147483648 -2147483648 -2147483648 -2147483648 -2147483648 -2147483648 -2147483648 -2147483648 -2147483648 -2147483648 -2147483648 -2147483648 -2147483648 -2147483648 -2147483648 -2147483648 -2147483648 -2147483648 -2147483648 -2147483648 -2147483648 -2147483648 -2147483648 -2147483648 -2147483648 -2147483648 -2147483648 -2147483648 -2147483648 -2147483648 -2147483648 -2147483648 -2147483648 -2147483648 -2147483648 -2147483648 -2147483648 -2147483648 -2147483648 -2147483648 -2147483648 -2147483648 -2147483648 -2147483648 -2147483648 -2147483648 -2147483648 -2147483648 -2147483648 -2147483648 -2147483648 -2147483648 -2147483648 -2147483648 -2147483648 -2147483648 -2147483648 -2147483648 -2147483648 -2147483648 -2147483648 -2147483648 -2147483648 -2147483648 -2147483648 -2147483648 -2147483648 -2147483648 -5 -12 -2147483648 -2147483648 -2147483648 -2147483648 -2147483648 -2147483648 -2147483648 -2147483648 -2147483648 -2147483648 -2147483648 -2147483648 -2147483648 -2147483648
split_feature= 8 20 19 7 4 10 9 13 2 3 21
split_gain= 520.186 268.202 263.579 179.87 47.1652 39.567 24.8515 17.9433 9.48316 14.1887 23.9065
threshold= 3.5000000000000004 3.5000000000000004 1.5000000000000002 1.0000000180025095e-35 4.5000000000000009 1.0000000180025095e-35 1.0000000180025095e-35 1.5000000000000002 4.5000000000000009 1.0000000180025095e-35 1.5000000000000002
decision_type= 2 2 2 2 2 2 2 2 2 2 2
left_child=1 5 4 7 -2 -1 8 -4 9 10 -5
right_child=2 -3 3 6 -6 -7 -8 -9 -10 -11 -12
leaf_value= 0.12580350276737742 0.12580350276737742 0.12157633040124011 0.12580350276737742 0.12745971611293014 -0.12369825373571018 -0.12369825373571018 -0.12369825373571018 -0.11819381206190138 0.13238625291556672 0.12546444069603629 -0.12890958568388616
leaf_weight=9.456299960613249 83.313263446092606 357.43304362893105 5.0542292892932883 8.2942234128713608 10.686567977070807 64.738919049501419 10.686567977070807 429.49374505877495 34.083735331892967 15.529734537005423 15.762830078601837
leaf_count=58 511 2168 31 50 69 418 69 2732 206 96 91
model_size=1264
internal_value=0 0.0848808 -0.0600493 -0.0885783 0.0974384 -0.0918989 0.0493608 -0.115356 0.0744646 0.0245948 -0.0405204
internal_weight=0 431.628 612.905 518.905 93.9998 74.1952 84.3571 434.548 73.6705 39.5868 24.0571
internal_count=6499 2644 3855 3275 580 476 512 2763 443 237 141
is_linear=0
shrinkage=0.1


Tree=10
num_leaves= 16
num_cat= 0
full_tree_array_lgbids= 0 1 2 5 11 4 3 -1 -7 12 -13 -2 -6 7 6 -2147483648 -2147483648 -2147483648 -2147483648 -3 -14 -2147483648 -2147483648 -2147483648 -2147483648 -2147483648 -2147483648 -4 13 8 -8 -2147483648 -2147483648 -2147483648 -2147483648 -2147483648 -2147483648 -2147483648 -2147483648 -2147483648 -2147483648 -2147483648 -2147483648 -2147483648 -2147483648 -2147483648 -2147483648 -2147483648 -2147483648 -2147483648 -2147483648 -2147483648 -2147483648 -2147483648 -2147483648 -2147483648 -2147483648 -9 14 9 -10 -2147483648 -2147483648 -2147483648 -2147483648 -2147483648 -2147483648 -2147483648 -2147483648 -2147483648 -2147483648 -2147483648 -2147483648 -2147483648 -2147483648 -2147483648 -2147483648 -2147483648 -2147483648 -2147483648 -2147483648 -2147483648 -2147483648 -2147483648 -2147483648 -2147483648 -2147483648 -2147483648 -2147483648 -2147483648 -2147483648 -2147483648 -2147483648 -2147483648 -2147483648 -2147483648 -2147483648 -2147483648 -2147483648 -2147483648 -2147483648 -2147483648 -2147483648 -2147483648 -2147483648 -2147483648 -2147483648 -2147483648 -2147483648 -2147483648 -2147483648 -2147483648 -2147483648 -2147483648 -2147483648 -2147483648 -2147483648 -15 -16 10 -11 -2147483648 -2147483648 -2147483648 -2147483648 -2147483648 -2147483648 -2147483648 -2147483648 -2147483648 -2147483648 -2147483648 -2147483648 -2147483648 -2147483648 -2147483648 -2147483648 -2147483648 -2147483648 -2147483648 -2147483648 -2147483648 -2147483648 -2147483648 -2147483648 -2147483648 -2147483648 -2147483648 -2147483648 -2147483648 -2147483648 -2147483648 -2147483648 -2147483648 -2147483648 -2147483648 -2147483648 -2147483648 -2147483648 -2147483648 -2147483648 -2147483648 -2147483648 -2147483648 -2147483648 -2147483648 -2147483648 -2147483648 -2147483648 -2147483648 -2147483648 -2147483648 -2147483648 -2147483648 -2147483648 -2147483648 -2147483648 -2147483648 -2147483648 -2147483648 -2147483648 -2147483648 -2147483648 -2147483648 -2147483648 -2147483648 -2147483648 -2147483648 -2147483648 -2147483648 -2147483648 -2147483648 -2147483648 -2147483648 -2147483648 -2147483648 -2147483648 -2147483648 -2147483648 -2147483648 -2147483648 -2147483648 -2147483648 -2147483648 -2147483648 -2147483648 -2147483648 -2147483648 -2147483648 -2147483648 -2147483648 -2147483648 -2147483648 -2147483648 -2147483648 -2147483648 -2147483648 -2147483648 -2147483648 -2147483648 -2147483648 -2147483648 -2147483648 -2147483648 -2147483648 -2147483648 -2147483648 -2147483648 -2147483648 -2147483648 -2147483648 -2147483648 -2147483648 -2147483648 -2147483648 -2147483648 -2147483648 -2147483648 -2147483648 -5 -12 -2147483648 -2147483648 -2147483648 -2147483648 -2147483648 -2147483648 -2147483648 -2147483648 -2147483648 -2147483648 -2147483648 -2147483648 -2147483648 -2147483648
split_feature= 8 20 19 7 4 10 9 13 2 3 21 21 12 17 19
split_gain= 455.24 233.802 230.089 156.126 40.0703 33.4336 20.3783 14.1693 6.78775 10.9894 19.4833 0.998394 2.54581 0.360071 48.3705
threshold= 3.5000000000000004 3.5000000000000004 1.5000000000000002 1.0000000180025095e-35 4.5000000000000009 1.0000000180025095e-35 1.0000000180025095e-35 1.5000000000000002 4.5000000000000009 1.0000000180025095e-35 1.5000000000000002 4.5000000000000009 1.0000000180025095e-35 1.5000000000000002 6.5000000000000009
decision_type= 2 2 2 2 2 2 2 2 2 2 2 2 2 2 2
left_child=1 5 4 7 -2 -1 8 -4 9 10 -5 12 -3 -9 -15
right_child=2 11 3 6 -6 -7 -8 13 -10 -11 -12 -13 -14 14 -16
leaf_value= 0.12275322415096231 0.12275322415096231 -0.06950926997036104 0.12275322415096231 0.12421871817663142 -0.12094088198253522 -0.12094088198253522 -0.12094088198253522 -0.12134110835727691 0.12897213751883377 0.12246185597640435 -0.1254216217457749 -0.025605601978306108 0.12307657245254081 0.16244217148995185 -0.12134110835727691
leaf_weight=8.7580039203166944 77.161034539341927 3.9528430253267279 4.6810020953416815 7.690572753548623 9.8786517977714521 59.844586253166199 9.8786517977714521 350.62014216184616 31.61429126560688 14.378552004694937 14.638826429843903 6.153453290462493 322.50869035720825 9.2287957817316038 39.714724659919739
leaf_count=58 511 17 31 50 69 418 69 2419 206 96 91 34 2117 39 274
model_size=1712
internal_value=0 0.0824948 -0.0583863 -0.0860764 0.0950949 -0.0898302 0.0481164 -0.112036 0.0725602 0.0239761 -0.0394418 0.118037 0.120745 -0.114787 -0.0678309
internal_weight=0 401.218 569.485 482.446 87.0397 68.6026 78.2009 404.245 68.3222 36.708 22.3294 332.615 326.462 399.564 48.9435
internal_count=6499 2644 3855 3275 580 476 512 2763 443 237 141 2168 2134 2732 313
is_linear=0
shrinkage=0.1


Tree=11
num_leaves= 12
num_cat= 0
full_tree_array_lgbids= 0 1 2 5 -3 4 3 -1 -7 -2147483648 -2147483648 -2 -6 7 6 -2147483648 -2147483648 -2147483648 -2147483648 -2147483648 -2147483648 -2147483648 -2147483648 -2147483648 -2147483648 -2147483648 -2147483648 -4 -9 8 -8 -2147483648 -2147483648 -2147483648 -2147483648 -2147483648 -2147483648 -2147483648 -2147483648 -2147483648 -2147483648 -2147483648 -2147483648 -2147483648 -2147483648 -2147483648 -2147483648 -2147483648 -2147483648 -2147483648 -2147483648 -2147483648 -2147483648 -2147483648 -2147483648 -2147483648 -2147483648 -2147483648 -2147483648 9 -10 -2147483648 -2147483648 -2147483648 -2147483648 -2147483648 -2147483648 -2147483648 -2147483648 -2147483648 -2147483648 -2147483648 -2147483648 -2147483648 -2147483648 -2147483648 -2147483648 -2147483648 -2147483648 -2147483648 -2147483648 -2147483648 -2147483648 -2147483648 -2147483648 -2147483648 -2147483648 -2147483648 -2147483648 -2147483648 -2147483648 -2147483648 -2147483648 -2147483648 -2147483648 -2147483648 -2147483648 -2147483648 -2147483648 -2147483648 -2147483648 -2147483648 -2147483648 -2147483648 -2147483648 -2147483648 -2147483648 -2147483648 -2147483648 -2147483648 -2147483648 -2147483648 -2147483648 -2147483648 -2147483648 -2147483648 -2147483648 -2147483648 -2147483648 10 -11 -2147483648 -2147483648 -2147483648 -2147483648 -2147483648 -2147483648 -2147483648 -2147483648 -2147483648 -2147483648 -2147483648 -2147483648 -2147483648 -2147483648 -2147483648 -2147483648 -2147483648 -2147483648 -2147483648 -2147483648 -2147483648 -2147483648 -2147483648 -2147483648 -2147483648 -2147483648 -2147483648 -2147483648 -2147483648 -2147483648 -2147483648 -2147483648 -2147483648 -2147483648 -2147483648 -2147483648 -2147483648 -2147483648 -2147483648 -2147483648 -2147483648 -2147483648 -2147483648 -2147483648 -2147483648 -2147483648 -2147483648 -2147483648 -2147483648 -2147483648 -2147483648 -2147483648 -2147483648 -2147483648 -2147483648 -2147483648 -2147483648 -2147483648 -2147483648 -2147483648 -2147483648 -2147483648 -2147483648 -2147483648 -2147483648 -2147483648 -2147483648 -2147483648 -2147483648 -2147483648 -2147483648 -2147483648 -2147483648 -2147483648 -2147483648 -2147483648 -2147483648 -2147483648 -2147483648 -2147483648 -2147483648 -2147483648 -2147483648 -2147483648 -2147483648 -2147483648 -2147483648 -2147483648 -2147483648 -2147483648 -2147483648 -2147483648 -2147483648 -2147483648 -2147483648 -2147483648 -2147483648 -2147483648 -2147483648 -2147483648 -2147483648 -2147483648 -2147483648 -2147483648 -2147483648 -2147483648 -2147483648 -2147483648 -2147483648 -2147483648 -2147483648 -2147483648 -2147483648 -2147483648 -2147483648 -2147483648 -2147483648 -2147483648 -5 -12 -2147483648 -2147483648 -2147483648 -2147483648 -2147483648 -2147483648 -2147483648 -2147483648 -2147483648 -2147483648 -2147483648 -2147483648 -2147483648 -2147483648
split_feature= 8 20 19 7 4 10 9 13 2 3 21
split_gain= 400.661 204.645 202.027 136.668 33.9026 28.0809 16.4713 10.9935 4.41647 8.16861 15.6238
threshold= 3.5000000000000004 3.5000000000000004 1.5000000000000002 1.0000000180025095e-35 4.5000000000000009 1.0000000180025095e-35 1.0000000180025095e-35 1.5000000000000002 4.5000000000000009 1.0000000180025095e-35 1.5000000000000002
decision_type= 2 2 2 2 2 2 2 2 2 2 2
left_child=1 5 4 7 -2 -1 8 -4 9 10 -5
right_child=2 -3 3 6 -6 -7 -8 -9 -10 -11 -12
leaf_value= 0.120124818310304 0.120124818310304 0.1151625738725109 0.120124818310304 0.12142695877444346 -0.11855542649094364 -0.11855542649094364 -0.11855542649094364 -0.11238922153175737 0.12601270279521326 0.11987289096037992 -0.12243188940319508
leaf_weight=8.0889927148818952 71.26681512594223 308.14487628638744 4.3234271407127371 7.1104251146316555 9.1091340333223325 55.18286994099617 9.1091340333223325 368.89293165504932 29.242860659956932 13.276705518364905 13.552444145083426
leaf_count=58 511 2168 31 50 69 418 69 2732 206 96 91
model_size=1264
internal_value=0 0.0805462 -0.0571582 -0.0842623 0.0930748 -0.0880413 0.0470414 -0.109696 0.0709158 0.0234435 -0.0385161
internal_weight=0 371.417 525.884 445.508 80.3759 63.2719 72.2916 373.216 63.1824 33.9396 20.6629
internal_count=6499 2644 3855 3275 580 476 512 2763 443 237 141
is_linear=0
shrinkage=0.1


Tree=12
num_leaves= 16
num_cat= 0
full_tree_array_lgbids= 0 1 2 5 11 4 3 -1 -7 12 -13 -2 -6 7 6 -2147483648 -2147483648 -2147483648 -2147483648 -3 -14 -2147483648 -2147483648 -2147483648 -2147483648 -2147483648 -2147483648 -4 13 8 -8 -2147483648 -2147483648 -2147483648 -2147483648 -2147483648 -2147483648 -2147483648 -2147483648 -2147483648 -2147483648 -2147483648 -2147483648 -2147483648 -2147483648 -2147483648 -2147483648 -2147483648 -2147483648 -2147483648 -2147483648 -2147483648 -2147483648 -2147483648 -2147483648 -2147483648 -2147483648 -9 14 9 -10 -2147483648 -2147483648 -2147483648 -2147483648 -2147483648 -2147483648 -2147483648 -2147483648 -2147483648 -2147483648 -2147483648 -2147483648 -2147483648 -2147483648 -2147483648 -2147483648 -2147483648 -2147483648 -2147483648 -2147483648 -2147483648 -2147483648 -2147483648 -2147483648 -2147483648 -2147483648 -2147483648 -2147483648 -2147483648 -2147483648 -2147483648 -2147483648 -2147483648 -2147483648 -2147483648 -2147483648 -2147483648 -2147483648 -2147483648 -2147483648 -2147483648 -2147483648 -2147483648 -2147483648 -2147483648 -2147483648 -2147483648 -2147483648 -2147483648 -2147483648 -2147483648 -2147483648 -2147483648 -2147483648 -2147483648 -2147483648 -15 -16 10 -11 -2147483648 -2147483648 -2147483648 -2147483648 -2147483648 -2147483648 -2147483648 -2147483648 -2147483648 -2147483648 -2147483648 -2147483648 -2147483648 -2147483648 -2147483648 -2147483648 -2147483648 -2147483648 -2147483648 -2147483648 -2147483648 -2147483648 -2147483648 -2147483648 -2147483648 -2147483648 -2147483648 -2147483648 -2147483648 -2147483648 -2147483648 -2147483648 -2147483648 -2147483648 -2147483648 -2147483648 -2147483648 -2147483648 -2147483648 -2147483648 -2147483648 -2147483648 -2147483648 -2147483648 -2147483648 -2147483648 -2147483648 -2147483648 -2147483648 -2147483648 -2147483648 -2147483648 -2147483648 -2147483648 -2147483648 -2147483648 -2147483648 -2147483648 -2147483648 -2147483648 -2147483648 -2147483648 -2147483648 -2147483648 -2147483648 -2147483648 -2147483648 -2147483648 -2147483648 -2147483648 -2147483648 -2147483648 -2147483648 -2147483648 -2147483648 -2147483648 -2147483648 -2147483648 -2147483648 -2147483648 -2147483648 -2147483648 -2147483648 -2147483648 -2147483648 -2147483648 -2147483648 -2147483648 -2147483648 -2147483648 -2147483648 -2147483648 -2147483648 -2147483648 -2147483648 -2147483648 -2147483648 -2147483648 -2147483648 -2147483648 -2147483648 -2147483648 -2147483648 -2147483648 -2147483648 -2147483648 -2147483648 -2147483648 -2147483648 -2147483648 -2147483648 -2147483648 -2147483648 -2147483648 -2147483648 -2147483648 -2147483648 -2147483648 -5 -12 -2147483648 -2147483648 -2147483648 -2147483648 -2147483648 -2147483648 -2147483648 -2147483648 -2147483648 -2147483648 -2147483648 -2147483648 -2147483648 -2147483648
split_feature= 8 20 19 7 4 10 9 13 2 3 21 21 12 17 19
split_gain= 351.819 178.842 176.795 118.651 28.5788 23.4532 13.1078 8.12422 2.38646 5.748 12.3149 1.2713 2.12758 0.669502 42.6025
threshold= 3.5000000000000004 3.5000000000000004 1.5000000000000002 1.0000000180025095e-35 4.5000000000000009 1.0000000180025095e-35 1.0000000180025095e-35 1.5000000000000002 4.5000000000000009 1.0000000180025095e-35 1.5000000000000002 4.5000000000000009 1.0000000180025095e-35 1.5000000000000002 6.5000000000000009
decision_type= 2 2 2 2 2 2 2 2 2 2 2 2 2 2 2
left_child=1 5 4 7 -2 -1 8 -4 9 10 -5 12 -3 -9 -15
right_child=2 11 3 6 -6 -7 -8 13 -10 -11 -12 -13 -14 14 -16
leaf_value= 0.11784687452276783 0.11784687452276783 -0.074981895035364315 0.11784687452276783 0.11900772745051842 -0.11648097729749039 -0.11648097729749039 -0.11648097729749039 -0.11689308190427566 0.12342596434934586 0.11762791651266838 -0.11985247040716887 -0.034756400173927227 0.11818466812574641 0.15939368860023354 -0.11689308190427566
leaf_weight=7.4533958137035361 65.666987255215645 3.9035274982452384 3.9837115556001654 6.5578101873397854 8.3815043270587903 50.774910271167755 8.3815043270587903 299.06618381291628 26.98596753180027 12.230701446533205 12.513022288680075 6.1139514148235312 275.6157314479351 9.1172246038913709 33.87521056830883
leaf_count=58 511 17 31 50 69 418 69 2419 206 96 91 34 2117 39 274
model_size=1712
internal_value=0 0.0786142 -0.0557968 -0.082193 0.0913234 -0.0864863 0.0461064 -0.106911 0.0694858 0.0229824 -0.0377166 0.112271 0.115487 -0.109529 -0.0583021
internal_weight=0 343.862 486.76 412.711 74.0485 58.2283 66.669 346.042 58.2875 31.3015 19.0708 285.633 279.519 342.059 42.9924
internal_count=6499 2644 3855 3275 580 476 512 2763 443 237 141 2168 2134 2732 313
is_linear=0
shrinkage=0.1


Tree=13
num_leaves= 13
num_cat= 0
full_tree_array_lgbids= 0 1 2 5 10 4 3 -1 -7 11 -12 -2 -6 7 6 -2147483648 -2147483648 -2147483648 -2147483648 -3 -13 -2147483648 -2147483648 -2147483648 -2147483648 -2147483648 -2147483648 -4 -9 8 -8 -2147483648 -2147483648 -2147483648 -2147483648 -2147483648 -2147483648 -2147483648 -2147483648 -2147483648 -2147483648 -2147483648 -2147483648 -2147483648 -2147483648 -2147483648 -2147483648 -2147483648 -2147483648 -2147483648 -2147483648 -2147483648 -2147483648 -2147483648 -2147483648 -2147483648 -2147483648 -2147483648 -2147483648 9 -10 -2147483648 -2147483648 -2147483648 -2147483648 -2147483648 -2147483648 -2147483648 -2147483648 -2147483648 -2147483648 -2147483648 -2147483648 -2147483648 -2147483648 -2147483648 -2147483648 -2147483648 -2147483648 -2147483648 -2147483648 -2147483648 -2147483648 -2147483648 -2147483648 -2147483648 -2147483648 -2147483648 -2147483648 -2147483648 -2147483648 -2147483648 -2147483648 -2147483648 -2147483648 -2147483648 -2147483648 -2147483648 -2147483648 -2147483648 -2147483648 -2147483648 -2147483648 -2147483648 -2147483648 -2147483648 -2147483648 -2147483648 -2147483648 -2147483648 -2147483648 -2147483648 -2147483648 -2147483648 -2147483648 -2147483648 -2147483648 -2147483648 -2147483648 -5 -11 -2147483648 -2147483648 -2147483648 -2147483648 -2147483648 -2147483648
split_feature= 8 20 19 7 4 10 9 13 1 21 21 12
split_gain= 310.671 156.855 155.597 103.943 23.8771 19.35 10.1143 5.68827 0.558731 10.3408 0.101508 0.61407
threshold= 3.5000000000000004 3.5000000000000004 1.5000000000000002 1.0000000180025095e-35 4.5000000000000009 1.0000000180025095e-35 1.0000000180025095e-35 1.5000000000000002 1.0000000180025095e-35 1.5000000000000002 4.5000000000000009 1.0000000180025095e-35
decision_type= 2 2 2 2 2 2 2 2 2 2 2 2
left_child=1 5 4 7 -2 -1 8 -4 9 -5 11 -3
right_child=2 10 3 6 -6 -7 -8 -9 -10 -11 -12 -13
leaf_value= 0.11586288176687953 0.11586288176687953 -0.066064216009122795 0.11586288176687953 0.11558628598575962 -0.11466884050498732 -0.11466884050498732 -0.11466884050498732 -0.10767947574773339 0.10153228131006456 -0.11671686253213998 -0.031194284747692931 0.11615766721998105
leaf_weight=6.8536426723003379 60.382955268025398 3.9828183501958838 3.6631538420915595 8.1658513247966784 7.6975774168968192 46.631700873374939 7.6975774168968192 314.59056562185287 36.780994139611721 8.7125637233257276 6.1299987733364096 253.51496249437332
leaf_count=58 511 17 31 70 69 418 69 2732 302 71 34 2117
model_size=1376
internal_value=0 0.0770711 -0.0548555 -0.080798 0.0897976 -0.0851284 0.0452881 -0.105106 0.0682344 -0.00432758 0.109978 0.113339
internal_weight=0 317.113 447.691 379.611 68.0805 53.4853 61.357 318.254 53.6594 16.8784 263.628 257.498
internal_count=6499 2644 3855 3275 580 476 512 2763 443 141 2168 2134
is_linear=0
shrinkage=0.1


Tree=14
num_leaves= 11
num_cat= 0
full_tree_array_lgbids= 0 1 2 5 -3 4 3 -1 -7 -2147483648 -2147483648 -2 -6 7 6 -2147483648 -2147483648 -2147483648 -2147483648 -2147483648 -2147483648 -2147483648 -2147483648 -2147483648 -2147483648 -2147483648 -2147483648 -4 8 -5 -8 -2147483648 -2147483648 -2147483648 -2147483648 -2147483648 -2147483648 -2147483648 -2147483648 -2147483648 -2147483648 -2147483648 -2147483648 -2147483648 -2147483648 -2147483648 -2147483648 -2147483648 -2147483648 -2147483648 -2147483648 -2147483648 -2147483648 -2147483648 -2147483648 -2147483648 -2147483648 -9 9 -2147483648 -2147483648 -2147483648 -2147483648 -2147483648 -2147483648 -2147483648 -2147483648 -2147483648 -2147483648 -2147483648 -2147483648 -2147483648 -2147483648 -2147483648 -2147483648 -2147483648 -2147483648 -2147483648 -2147483648 -2147483648 -2147483648 -2147483648 -2147483648 -2147483648 -2147483648 -2147483648 -2147483648 -2147483648 -2147483648 -2147483648 -2147483648 -2147483648 -2147483648 -2147483648 -2147483648 -2147483648 -2147483648 -2147483648 -2147483648 -2147483648 -2147483648 -2147483648 -2147483648 -2147483648 -2147483648 -2147483648 -2147483648 -2147483648 -2147483648 -2147483648 -2147483648 -2147483648 -2147483648 -2147483648 -2147483648 -2147483648 -2147483648 -10 -11 -2147483648 -2147483648 -2147483648 -2147483648 -2147483648 -2147483648 -2147483648 -2147483648
split_feature= 8 20 19 7 4 10 9 19 19 4
split_gain= 273.651 137.647 135.941 90.2455 19.7726 15.7632 7.28193 6.77713 31.7952 3.21944
threshold= 3.5000000000000004 3.5000000000000004 1.5000000000000002 1.0000000180025095e-35 4.5000000000000009 1.0000000180025095e-35 1.0000000180025095e-35 4.5000000000000009 6.5000000000000009 4.5000000000000009
decision_type= 2 2 2 2 2 2 2 2 2 2
left_child=1 5 4 7 -2 -1 -5 -4 -9 -10
right_child=2 -3 3 6 -6 -7 -8 8 9 -11
leaf_value= 0.11412744279391081 0.11412744279391081 0.10790647179236344 -0.11349517119825157 0.065944655631866064 -0.11307963800542431 -0.11307963800542431 -0.11307963800542431 0.15640025331195562 0.11412744279391081 -0.11349517119825157
leaf_weight=6.2908793091773978 55.424815982580185 242.94914688169956 249.76407134532928 50.132836379110813 7.0579090341925612 42.756608352065086 7.0579090341925612 8.992299869656561 3.3623665273189536 32.372943811118603
leaf_count=58 511 2168 2384 443 69 418 69 39 31 309
model_size=1152
internal_value=0 0.0756818 -0.0535916 -0.0788301 0.0884626 -0.0839378 0.0438513 -0.102655 -0.0421225 -0.092078
internal_weight=0 291.997 414.165 351.682 62.4827 49.0475 57.1907 294.492 44.7276 35.7353
internal_count=6499 2644 3855 3275 580 476 512 2763 379 340
is_linear=0
shrinkage=0.1


Tree=15
num_leaves= 16
num_cat= 0
full_tree_array_lgbids= 0 1 2 5 13 4 3 -1 -7 14 -15 -2 -6 6 8 -2147483648 -2147483648 -2147483648 -2147483648 -3 -16 -2147483648 -2147483648 -2147483648 -2147483648 -2147483648 -2147483648 -4 7 10 -10 -2147483648 -2147483648 -2147483648 -2147483648 -2147483648 -2147483648 -2147483648 -2147483648 -2147483648 -2147483648 -2147483648 -2147483648 -2147483648 -2147483648 -2147483648 -2147483648 -2147483648 -2147483648 -2147483648 -2147483648 -2147483648 -2147483648 -2147483648 -2147483648 -2147483648 -2147483648 -8 9 11 -12 -2147483648 -2147483648 -2147483648 -2147483648 -2147483648 -2147483648 -2147483648 -2147483648 -2147483648 -2147483648 -2147483648 -2147483648 -2147483648 -2147483648 -2147483648 -2147483648 -2147483648 -2147483648 -2147483648 -2147483648 -2147483648 -2147483648 -2147483648 -2147483648 -2147483648 -2147483648 -2147483648 -2147483648 -2147483648 -2147483648 -2147483648 -2147483648 -2147483648 -2147483648 -2147483648 -2147483648 -2147483648 -2147483648 -2147483648 -2147483648 -2147483648 -2147483648 -2147483648 -2147483648 -2147483648 -2147483648 -2147483648 -2147483648 -2147483648 -2147483648 -2147483648 -2147483648 -2147483648 -2147483648 -2147483648 -2147483648 -9 -11 12 -13 -2147483648 -2147483648 -2147483648 -2147483648 -2147483648 -2147483648 -2147483648 -2147483648 -2147483648 -2147483648 -2147483648 -2147483648 -2147483648 -2147483648 -2147483648 -2147483648 -2147483648 -2147483648 -2147483648 -2147483648 -2147483648 -2147483648 -2147483648 -2147483648 -2147483648 -2147483648 -2147483648 -2147483648 -2147483648 -2147483648 -2147483648 -2147483648 -2147483648 -2147483648 -2147483648 -2147483648 -2147483648 -2147483648 -2147483648 -2147483648 -2147483648 -2147483648 -2147483648 -2147483648 -2147483648 -2147483648 -2147483648 -2147483648 -2147483648 -2147483648 -2147483648 -2147483648 -2147483648 -2147483648 -2147483648 -2147483648 -2147483648 -2147483648 -2147483648 -2147483648 -2147483648 -2147483648 -2147483648 -2147483648 -2147483648 -2147483648 -2147483648 -2147483648 -2147483648 -2147483648 -2147483648 -2147483648 -2147483648 -2147483648 -2147483648 -2147483648 -2147483648 -2147483648 -2147483648 -2147483648 -2147483648 -2147483648 -2147483648 -2147483648 -2147483648 -2147483648 -2147483648 -2147483648 -2147483648 -2147483648 -2147483648 -2147483648 -2147483648 -2147483648 -2147483648 -2147483648 -2147483648 -2147483648 -2147483648 -2147483648 -2147483648 -2147483648 -2147483648 -2147483648 -2147483648 -2147483648 -2147483648 -2147483648 -2147483648 -2147483648 -2147483648 -2147483648 -2147483648 -2147483648 -2147483648 -2147483648 -2147483648 -2147483648 -5 -14 -2147483648 -2147483648 -2147483648 -2147483648 -2147483648 -2147483648 -2147483648 -2147483648 -2147483648 -2147483648 -2147483648 -2147483648 -2147483648 -2147483648
split_feature= 8 20 19 7 4 10 19 19 9 4 2 3 21 21 12
split_gain= 240.832 120.252 118.903 79.9772 16.1818 12.6225 4.84088 26.15 4.36719 1.43121 0.581555 2.95116 6.97239 0.446633 0.428346
threshold= 3.5000000000000004 3.5000000000000004 1.5000000000000002 1.0000000180025095e-35 4.5000000000000009 1.0000000180025095e-35 4.5000000000000009 6.5000000000000009 1.0000000180025095e-35 4.5000000000000009 4.5000000000000009 1.0000000180025095e-35 1.5000000000000002 4.5000000000000009 1.0000000180025095e-35
decision_type= 2 2 2 2 2 2 2 2 2 2 2 2 2 2 2
left_child=1 5 4 6 -2 -1 -4 -8 10 -9 11 12 -5 14 -3
right_child=2 13 3 8 -6 -7 7 9 -10 -11 -12 -13 -14 -15 -16
leaf_value= 0.11260371998545887 0.11260371998545887 -0.070995654955825702 -0.1120472546894463 0.11423441625998512 -0.11168115789146256 -0.11168115789146256 0.14823445460449425 0.11260371998545887 -0.11168115789146256 -0.1120472546894463 0.11838458942905372 0.11325505685460302 -0.11812192246324604 -0.039076870916439438 0.11291423502360416
leaf_weight=5.7652898132801047 50.794191285967827 3.9396417737007132 228.76625669002533 5.3098582252860096 6.4621228650212279 39.147353008389473 8.5609831362962705 3.0814480036497107 6.4621228650212279 29.651331089437008 22.060695841908455 9.9205903857946414 11.530625343322752 6.0933159291744223 214.4332380592823
leaf_count=58 511 17 2384 50 69 418 39 31 69 309 206 96 91 34 2117
model_size=1712
internal_value=0 0.0741407 -0.0524908 -0.0770905 0.0872902 -0.0828904 -0.101233 -0.0413219 0.0408447 -0.0908987 0.0610333 0.0137553 -0.0448592 0.10556 0.109596
internal_weight=0 269.379 382.6 325.344 57.2563 44.9126 270.06 41.2938 55.2839 32.7328 48.8218 26.7611 16.8405 224.466 218.373
internal_count=6499 2644 3855 3275 580 476 2763 379 512 340 443 237 141 2168 2134
is_linear=0
shrinkage=0.1


Tree=16
num_leaves= 10
num_cat= 0
full_tree_array_lgbids= 0 1 2 5 -3 4 3 -1 -7 -2147483648 -2147483648 -2 -6 6 8 -2147483648 -2147483648 -2147483648 -2147483648 -2147483648 -2147483648 -2147483648 -2147483648 -2147483648 -2147483648 -2147483648 -2147483648 -4 7 -5 -10 -2147483648 -2147483648 -2147483648 -2147483648 -2147483648 -2147483648 -2147483648 -2147483648 -2147483648 -2147483648 -2147483648 -2147483648 -2147483648 -2147483648 -2147483648 -2147483648 -2147483648 -2147483648 -2147483648 -2147483648 -2147483648 -2147483648 -2147483648 -2147483648 -2147483648 -2147483648 -8 -9 -2147483648 -2147483648 -2147483648 -2147483648
split_feature= 8 20 19 7 4 10 19 19 9
split_gain= 213.142 105.403 104.66 69.9388 12.9423 9.77586 3.0079 21.2927 2.36555
threshold= 3.5000000000000004 3.5000000000000004 1.5000000000000002 1.0000000180025095e-35 4.5000000000000009 1.0000000180025095e-35 4.5000000000000009 6.5000000000000009 1.0000000180025095e-35
decision_type= 2 2 2 2 2 2 2 2 2
left_child=1 5 4 6 -2 -1 -4 -8 -5
right_child=2 -3 3 8 -6 -7 7 -9 -10
leaf_value= 0.11126147420147421 0.11126147420147421 0.10380915743337088 -0.11077026344309451 0.060151820186615225 -0.11044680992112868 -0.11044680992112868 0.14158914278219439 -0.089858791920948325 -0.11044680992112868
leaf_weight=5.2763521671295157 46.48648202419281 206.42658825963736 209.26012802124023 44.794634580612183 5.9091660529375067 35.797556668519974 8.0906732976436597 29.943181157112122 5.9091660529375067
leaf_count=58 511 2168 2384 443 69 418 39 340 69
model_size=1040
internal_value=0 0.0729788 -0.0518376 -0.0761183 0.0862573 -0.0819662 -0.0999818 -0.0406245 0.0402698
internal_weight=0 247.5 350.393 297.998 52.3956 41.0739 247.294 38.0339 50.7038
internal_count=6499 2644 3855 3275 580 476 2763 379 512
is_linear=0
shrinkage=0.1


Tree=17
num_leaves= 14
num_cat= 0
full_tree_array_lgbids= 0 1 2 5 10 4 3 -1 -7 12 -12 -2 -6 6 8 -2147483648 -2147483648 -2147483648 -2147483648 -3 -14 -2147483648 -2147483648 -2147483648 -2147483648 -2147483648 -2147483648 -4 7 9 -10 -2147483648 -2147483648 -2147483648 -2147483648 -2147483648 -2147483648 -2147483648 -2147483648 -2147483648 -2147483648 -2147483648 -2147483648 -2147483648 -2147483648 -2147483648 -2147483648 -2147483648 -2147483648 -2147483648 -2147483648 -2147483648 -2147483648 -2147483648 -2147483648 -2147483648 -2147483648 -8 11 -5 -11 -2147483648 -2147483648 -2147483648 -2147483648 -2147483648 -2147483648 -2147483648 -2147483648 -2147483648 -2147483648 -2147483648 -2147483648 -2147483648 -2147483648 -2147483648 -2147483648 -2147483648 -2147483648 -2147483648 -2147483648 -2147483648 -2147483648 -2147483648 -2147483648 -2147483648 -2147483648 -2147483648 -2147483648 -2147483648 -2147483648 -2147483648 -2147483648 -2147483648 -2147483648 -2147483648 -2147483648 -2147483648 -2147483648 -2147483648 -2147483648 -2147483648 -2147483648 -2147483648 -2147483648 -2147483648 -2147483648 -2147483648 -2147483648 -2147483648 -2147483648 -2147483648 -2147483648 -2147483648 -2147483648 -2147483648 -2147483648 -9 -13 -2147483648 -2147483648 -2147483648 -2147483648 -2147483648 -2147483648 -2147483648 -2147483648
split_feature= 8 20 19 7 4 10 19 19 4 20 21 4 12
split_gain= 187.221 91.7992 91.0839 61.6436 10.1222 7.3001 2.15758 16.6108 2.07187 2.88667 0.66341 0.402895 0.173403
threshold= 3.5000000000000004 3.5000000000000004 1.5000000000000002 1.0000000180025095e-35 4.5000000000000009 1.0000000180025095e-35 4.5000000000000009 6.5000000000000009 5.5000000000000009 3.5000000000000004 4.5000000000000009 4.5000000000000009 1.0000000180025095e-35
decision_type= 2 2 2 2 2 2 2 2 2 2 2 2 2
left_child=1 5 4 6 -2 -1 -4 -8 9 -5 12 -9 -3
right_child=2 10 3 8 -6 -7 7 11 -10 -11 -12 -13 -14
leaf_value= 0.1100756958889617 0.1100756958889617 -0.074942292936143601 -0.10964095338860824 0.12345238209917693 -0.10935442392955622 -0.10935442392955622 0.13609845071634061 0.11232027704809672 0.11097339288395099 -0.043665776835346143 -0.045792632970957432 -0.10984467247661377 0.11039793376430854
leaf_weight=4.8230335712432852 42.492588877677917 3.9038910120725623 191.19671499729156 7.4296307712793377 5.397508665919303 32.697951048612595 7.6005812734365454 3.0273730829358128 17.728579625487328 23.967998445034027 6.0586349368095389 25.211688883602619 180.61168994754553
leaf_count=58 511 17 2384 72 69 418 39 31 199 241 34 309 2117
model_size=1488
internal_value=0 0.0715683 -0.05071 -0.0743036 0.0853446 -0.0811484 -0.0984772 -0.0389208 0.0374143 -0.00412055 0.101636 -0.0860274 0.106477
internal_weight=0 228.095 324.053 276.163 47.8901 37.521 227.036 35.8396 49.1262 31.3976 190.574 28.2391 184.516
internal_count=6499 2644 3855 3275 580 476 2763 379 512 313 2168 340 2134
is_linear=0
shrinkage=0.1


Tree=18
num_leaves= 11
num_cat= 0
full_tree_array_lgbids= 0 1 2 5 -3 4 3 -1 -7 -2147483648 -2147483648 -2 -6 6 8 -2147483648 -2147483648 -2147483648 -2147483648 -2147483648 -2147483648 -2147483648 -2147483648 -2147483648 -2147483648 -2147483648 -2147483648 -4 7 9 -10 -2147483648 -2147483648 -2147483648 -2147483648 -2147483648 -2147483648 -2147483648 -2147483648 -2147483648 -2147483648 -2147483648 -2147483648 -2147483648 -2147483648 -2147483648 -2147483648 -2147483648 -2147483648 -2147483648 -2147483648 -2147483648 -2147483648 -2147483648 -2147483648 -2147483648 -2147483648 -8 -9 -5 -11 -2147483648 -2147483648
split_feature= 8 20 19 7 4 10 19 19 4 20
split_gain= 165.179 80.1841 79.4654 54.4723 7.51766 4.99843 0.515743 13.0191 0.502137 0.629554
threshold= 3.5000000000000004 3.5000000000000004 1.5000000000000002 1.0000000180025095e-35 4.5000000000000009 1.0000000180025095e-35 4.5000000000000009 6.5000000000000009 5.5000000000000009 3.5000000000000004
decision_type= 2 2 2 2 2 2 2 2 2 2
left_child=1 5 4 6 -2 -1 -4 -8 9 -5
right_child=2 -3 3 8 -6 -7 7 -9 -10 -11
leaf_value= 0.10902547451640709 0.10902547451640709 0.1000954370336616 -0.10863979280741434 0.12136110526080129 -0.10838542814819269 -0.10838542814819269 0.13150516401265394 -0.08520639733844132 0.10982081571895504 -0.039775702771909512
leaf_weight=4.4039455801248542 38.800279162824154 175.03242013603449 174.51456046104431 6.8325211107730892 4.9252953529357901 29.837296485900879 7.1049451231956473 25.786091484129429 16.201206877827644 23.695956602692604
leaf_count=58 511 2168 2384 72 69 418 39 340 199 241
model_size=1152
internal_value=0 0.0705591 -0.0498882 -0.0730167 0.0845361 -0.0804231 -0.0974999 -0.0383935 0.0356499 -0.00371198
internal_weight=0 209.274 297.861 254.135 43.7256 34.2412 207.406 32.891 46.7297 30.5285
internal_count=6499 2644 3855 3275 580 476 2763 379 512 313
is_linear=0
shrinkage=0.1


Tree=19
num_leaves= 8
num_cat= 0
full_tree_array_lgbids= 0 1 2 5 6 4 3 -1 -7 -3 -8 -2 -6 -4 -5
split_feature= 8 20 19 7 4 10 21
split_gain= 144.807 69.4065 68.9517 47.7774 5.24494 2.99284 0.704804
threshold= 3.5000000000000004 3.5000000000000004 1.5000000000000002 1.0000000180025095e-35 4.5000000000000009 1.0000000180025095e-35 4.5000000000000009
decision_type= 2 2 2 2 2 2 2
left_child=1 5 4 -4 -2 -1 -3
right_child=2 6 3 -5 -6 -7 -8
leaf_value= 0.10809320877587317 0.10809320877587328 0.10378008886578745 -0.096176975588446567 0.033912563105983666 -0.1075240907530273 -0.1075240907530273 -0.051479888768440778
leaf_weight=4.0174633711576488 35.395237632095814 155.58003145456314 190.14096335321665 44.529168389737606 4.4904651269316664 27.203107580542564 6.0267312228679648
leaf_count=58 511 2134 2763 512 69 418 34
model_size=816
internal_value=0 0.0692076 -0.0489297 -0.0714922 0.0838183 -0.0797785 0.09799
internal_weight=0 192.827 274.556 234.67 39.8857 31.2206 161.607
internal_count=6499 2644 3855 3275 580 476 2168
is_linear=0
shrinkage=0.1


Tree=20
num_leaves= 9
num_cat= 0
full_tree_array_lgbids= 0 1 2 7 -3 4 3 -1 -9 -2147483648 -2147483648 -2 -6 5 -5 -2147483648 -2147483648 -2147483648 -2147483648 -2147483648 -2147483648 -2147483648 -2147483648 -2147483648 -2147483648 -2147483648 -2147483648 -4 6 -2147483648 -2147483648 -2147483648 -2147483648 -2147483648 -2147483648 -2147483648 -2147483648 -2147483648 -2147483648 -2147483648 -2147483648 -2147483648 -2147483648 -2147483648 -2147483648 -2147483648 -2147483648 -2147483648 -2147483648 -2147483648 -2147483648 -2147483648 -2147483648 -2147483648 -2147483648 -2147483648 -2147483648 -7 -8 -2147483648 -2147483648 -2147483648 -2147483648
split_feature= 8 20 19 7 4 19 10 10
split_gain= 126.217 60.169 58.6649 41.3425 3.23884 1.99232 12.2594 1.22301
threshold= 3.5000000000000004 3.5000000000000004 1.5000000000000002 1.0000000180025095e-35 4.5000000000000009 4.5000000000000009 3.5000000000000004 1.0000000180025095e-35
decision_type= 2 2 2 2 2 2 2 2
left_child=1 7 4 5 -2 -4 -7 -1
right_child=2 -3 3 -5 -6 6 -8 -9
leaf_value= 0.10726401292643045 0.10726401292643054 0.096320124631190898 -0.10703967472497625 0.030790040827612525 -0.10675703993551194 0.080247189035904595 -0.10735738068307221 -0.10675703993551194
leaf_weight=3.6618147641420391 32.261850766837597 148.6749552115798 146.4769172668457 44.160998292267323 4.0908415876328936 12.593109115958216 17.299289710819721 24.782199762761593
leaf_count=58 511 2168 2384 512 69 108 271 418
model_size=928
internal_value=0 0.0681322 -0.0472665 -0.0687695 0.0831798 -0.0936982 -0.0283231 -0.0792045
internal_weight=0 177.119 256.883 220.53 36.3527 176.369 29.8924 28.444
internal_count=6499 2644 3855 3275 580 2763 379 476
is_linear=0
shrinkage=0.1


Tree=21
num_leaves= 7
num_cat= 0
full_tree_array_lgbids= 0 2 1 -1 -4 3 -3 -2147483648 -2147483648 -2147483648 -2147483648 -2 4 -2147483648 -2147483648 -2147483648 -2147483648 -2147483648 -2147483648 -2147483648 -2147483648 -2147483648 -2147483648 -2147483648 -2147483648 -5 5 -2147483648 -2147483648 -2147483648 -2147483648 -2147483648 -2147483648 -2147483648 -2147483648 -2147483648 -2147483648 -2147483648 -2147483648 -2147483648 -2147483648 -2147483648 -2147483648 -2147483648 -2147483648 -2147483648 -2147483648 -2147483648 -2147483648 -2147483648 -2147483648 -2147483648 -2147483648 -6 -7 -2147483648 -2147483648 -2147483648 -2147483648 -2147483648 -2147483648 -2147483648 -2147483648
split_feature= 4 4 4 19 19 12
split_gain= 112.403 191.492 60.0032 7.09981 10.491 11.8358
threshold= 2.5000000000000004 5.5000000000000009 1.0000000180025095e-35 4.5000000000000009 5.5000000000000009 2.5000000000000004
decision_type= 2 2 2 2 2 2
left_child=2 3 -1 -2 -5 -6
right_child=1 -3 -4 4 5 -7
leaf_value= -0.10669934472024306 -0.11086148135157113 0.10716780435554252 0.10776112633198275 0.12496239652805152 -0.1053905072124483 0.09519811309814441
leaf_weight=18.530515994876623 148.32454092055559 69.771447852253914 116.70980376377702 7.820643723011016 32.662601497024298 7.8304802477359763
leaf_count=320 2523 1123 1885 58 516 74
model_size=704
internal_value=0 -0.0401105 0.0783759 -0.0923679 -0.0355923 -0.066601
internal_weight=0 266.41 135.24 196.638 48.3137 40.4931
internal_count=6499 4294 2205 3171 648 590
is_linear=0
shrinkage=0.1


Tree=22
num_leaves= 7
num_cat= 0
full_tree_array_lgbids= 0 2 1 -1 -4 3 -3 -2147483648 -2147483648 -2147483648 -2147483648 -2 4 -2147483648 -2147483648 -2147483648 -2147483648 -2147483648 -2147483648 -2147483648 -2147483648 -2147483648 -2147483648 -2147483648 -2147483648 -5 5 -2147483648 -2147483648 -2147483648 -2147483648 -2147483648 -2147483648 -2147483648 -2147483648 -2147483648 -2147483648 -2147483648 -2147483648 -2147483648 -2147483648 -2147483648 -2147483648 -2147483648 -2147483648 -2147483648 -2147483648 -2147483648 -2147483648 -2147483648 -2147483648 -2147483648 -2147483648 -6 -7 -2147483648 -2147483648 -2147483648 -2147483648 -2147483648 -2147483648 -2147483648 -2147483648
split_feature= 4 4 4 19 19 12
split_gain= 99.3399 170.128 52.3607 5.31762 7.56863 8.79914
threshold= 2.5000000000000004 5.5000000000000009 1.0000000180025095e-35 4.5000000000000009 5.5000000000000009 2.5000000000000004
decision_type= 2 2 2 2 2 2
left_child=2 3 -1 -2 -5 -6
right_child=1 -3 -4 4 5 -7
leaf_value= -0.10602301717991813 -0.11016822069509956 0.10643984468664897 0.1069970809188092 0.12211532139189861 -0.10395872389345238 0.090069481084312869
leaf_weight=16.868597965687513 135.01110529899597 63.541515104472637 106.31896301731467 7.2328588142991057 29.940919112414122 7.4680471196770659
leaf_count=320 2523 1123 1885 58 516 74
model_size=704
internal_value=0 -0.0397514 0.0778273 -0.0914578 -0.0348716 -0.0652244
internal_weight=0 243.194 123.188 179.653 44.6418 37.409
internal_count=6499 4294 2205 3171 648 590
is_linear=0
shrinkage=0.1


Tree=23
num_leaves= 7
num_cat= 0
full_tree_array_lgbids= 0 2 1 -1 -4 3 -3 -2147483648 -2147483648 -2147483648 -2147483648 -2 4 -2147483648 -2147483648 -2147483648 -2147483648 -2147483648 -2147483648 -2147483648 -2147483648 -2147483648 -2147483648 -2147483648 -2147483648 -5 5 -2147483648 -2147483648 -2147483648 -2147483648 -2147483648 -2147483648 -2147483648 -2147483648 -2147483648 -2147483648 -2147483648 -2147483648 -2147483648 -2147483648 -2147483648 -2147483648 -2147483648 -2147483648 -2147483648 -2147483648 -2147483648 -2147483648 -2147483648 -2147483648 -2147483648 -2147483648 -6 -7 -2147483648 -2147483648 -2147483648 -2147483648 -2147483648 -2147483648 -2147483648 -2147483648
split_feature= 4 4 4 19 19 12
split_gain= 87.7183 151.071 45.5698 3.74732 5.01226 6.10734
threshold= 2.5000000000000004 5.5000000000000009 1.0000000180025095e-35 4.5000000000000009 5.5000000000000009 2.5000000000000004
decision_type= 2 2 2 2 2 2
left_child=2 3 -1 -2 -5 -6
right_child=1 -3 -4 4 5 -7
leaf_value= -0.10541848730148046 -0.10953724675256918 0.10578999568898229 0.10631199067571434 0.11963868200052503 -0.10250681608753152 0.084945763651127576
leaf_weight=15.346397090703247 122.83098936825991 57.829878080636263 96.789662171155214 6.6730437166988841 27.456146404147148 7.1439977064728728
leaf_count=320 2523 1123 1885 58 516 74
model_size=704
internal_value=0 -0.039408 0.0773356 -0.0905754 -0.0341441 -0.0638029
internal_weight=0 221.934 112.136 164.104 41.2732 34.6001
internal_count=6499 4294 2205 3171 648 590
is_linear=0
shrinkage=0.1


Tree=24
num_leaves= 7
num_cat= 0
full_tree_array_lgbids= 0 2 1 -1 -4 3 -3 -2147483648 -2147483648 -2147483648 -2147483648 -2 4 -2147483648 -2147483648 -2147483648 -2147483648 -2147483648 -2147483648 -2147483648 -2147483648 -2147483648 -2147483648 -2147483648 -2147483648 -5 5 -2147483648 -2147483648 -2147483648 -2147483648 -2147483648 -2147483648 -2147483648 -2147483648 -2147483648 -2147483648 -2147483648 -2147483648 -2147483648 -2147483648 -2147483648 -2147483648 -2147483648 -2147483648 -2147483648 -2147483648 -2147483648 -2147483648 -2147483648 -2147483648 -2147483648 -2147483648 -6 -7 -2147483648 -2147483648 -2147483648 -2147483648 -2147483648 -2147483648 -2147483648 -2147483648
split_feature= 4 4 4 19 19 12
split_gain= 77.3142 134.009 39.489 2.32697 2.74353 3.70556
threshold= 2.5000000000000004 5.5000000000000009 1.0000000180025095e-35 4.5000000000000009 5.5000000000000009 2.5000000000000004
decision_type= 2 2 2 2 2 2
left_child=2 3 -1 -2 -5 -6
right_child=1 -3 -4 4 5 -7
leaf_value= -0.10487747272384314 -0.10895911156219673 0.10520906852834858 0.10569685059759273 0.11747504141321929 -0.10101063557714901 0.079841979968111446
leaf_weight=13.953969661146401 111.70181851834059 52.600811507552862 88.062592640519142 6.1434940770268431 25.19291926920414 6.856072671711444
leaf_count=320 2523 1123 1885 58 516 74
model_size=704
internal_value=0 -0.039075 0.0768942 -0.089707 -0.0334004 -0.0623218
internal_weight=0 202.495 102.017 149.894 38.1925 32.049
internal_count=6499 4294 2205 3171 648 590
is_linear=0
shrinkage=0.1


Tree=25
num_leaves= 7
num_cat= 0
full_tree_array_lgbids= 0 2 1 -1 -4 3 -3 -2147483648 -2147483648 -2147483648 -2147483648 -2 4 -2147483648 -2147483648 -2147483648 -2147483648 -2147483648 -2147483648 -2147483648 -2147483648 -2147483648 -2147483648 -2147483648 -2147483648 -5 5 -2147483648 -2147483648 -2147483648 -2147483648 -2147483648 -2147483648 -2147483648 -2147483648 -2147483648 -2147483648 -2147483648 -2147483648 -2147483648 -2147483648 -2147483648 -2147483648 -2147483648 -2147483648 -2147483648 -2147483648 -2147483648 -2147483648 -2147483648 -2147483648 -2147483648 -2147483648 -6 -7 -2147483648 -2147483648 -2147483648 -2147483648 -2147483648 -2147483648 -2147483648 -2147483648
split_feature= 4 4 4 19 19 12
split_gain= 67.9873 118.712 34.0364 1.04263 0.723775 1.55984
threshold= 2.5000000000000004 5.5000000000000009 1.0000000180025095e-35 4.5000000000000009 5.5000000000000009 2.5000000000000004
decision_type= 2 2 2 2 2 2
left_child=2 3 -1 -2 -5 -6
right_child=1 -3 -4 4 5 -7
leaf_value= -0.10439276580616462 -0.10842576287702815 0.10468912876395933 0.10514385254418344 0.11557773265616152 -0.099446597614996857 0.074782599145784626
leaf_weight=12.68170705065131 101.54392055422068 47.819502077996731 80.080035518854856 5.6454198099672785 23.136104475706819 6.6016485616564742
leaf_count=320 2523 1123 1885 58 516 74
model_size=704
internal_value=0 -0.0387473 0.0764975 -0.0888401 -0.0326323 -0.0607685
internal_weight=0 184.747 92.7617 136.927 35.3832 29.7378
internal_count=6499 4294 2205 3171 648 590
is_linear=0
shrinkage=0.1


Tree=26
num_leaves= 4
num_cat= 0
full_tree_array_lgbids= 0 2 1 -1 -4 -2 -3
split_feature= 4 4 4
split_gain= 59.6159 104.98 29.1409
threshold= 2.5000000000000004 5.5000000000000009 1.0000000180025095e-35
decision_type= 2 2 2
left_child=2 -2 -1
right_child=1 -3 -4
leaf_value= -0.10395806191359003 -0.087962729139870646 0.10422325475922195 0.10464622540781486
leaf_weight=11.520418301224707 125.10913281515241 43.452416989952326 72.786412809044123
leaf_count=320 3171 1123 1885
model_size=368
internal_value=0 -0.0384203 0.0761407
internal_weight=0 168.562 84.3068
internal_count=6499 4294 2205
is_linear=0
shrinkage=0.1


Tree=27
num_leaves= 5
num_cat= 0
full_tree_array_lgbids= 0 2 1 -1 -4 3 -3 -2147483648 -2147483648 -2147483648 -2147483648 -2 -5 -2147483648 -2147483648
split_feature= 4 4 4 19
split_gain= 51.6033 90.7921 24.787 2.0845
threshold= 2.5000000000000004 5.5000000000000009 1.0000000180025095e-35 4.5000000000000009
decision_type= 2 2 2 2
left_child=2 3 -1 -2
right_child=1 -3 -4 -5
leaf_value= -0.10356786671223089 -0.10755082293014084 0.10380543173076121 0.10419802060843875 -0.023819617813174598
leaf_weight=10.46137650310993 85.346349462866783 39.467556964606047 66.128725685179234 31.920874405652285
leaf_count=320 2523 1123 1885 648
model_size=480
internal_value=0 -0.0372761 0.0758195 -0.0847587
internal_weight=0 156.735 76.5901 117.267
internal_count=6499 4294 2205 3171
is_linear=0
shrinkage=0.1


Tree=28
num_leaves= 5
num_cat= 0
full_tree_array_lgbids= 0 2 1 -1 -4 3 -3 -2147483648 -2147483648 -2147483648 -2147483648 -2 -5 -2147483648 -2147483648
split_feature= 4 4 4 19
split_gain= 44.63 78.788 20.8578 2.17278
threshold= 2.5000000000000004 5.5000000000000009 1.0000000180025095e-35 4.5000000000000009
decision_type= 2 2 2 2
left_child=2 3 -1 -2
right_child=1 -3 -4 -5
leaf_value= -0.10321734475280442 -0.10711034447390855 0.10343035322570127 0.10379401569106353 -0.02159507117892108
leaf_weight=9.4963518120348436 77.526077266782522 35.834622867405415 60.05677948705852 31.700440805405378
leaf_count=320 2523 1123 1885 648
model_size=480
internal_value=0 -0.0364124 0.07553 -0.0822915
internal_weight=0 145.061 69.5531 109.227
internal_count=6499 4294 2205 3171
is_linear=0
shrinkage=0.1


Tree=29
num_leaves= 5
num_cat= 0
full_tree_array_lgbids= 0 2 1 -1 -4 3 -3 -2147483648 -2147483648 -2147483648 -2147483648 -2 -5 -2147483648 -2147483648
split_feature= 4 4 4 19
split_gain= 38.3742 68.076 17.3211 2.16767
threshold= 2.5000000000000004 5.5000000000000009 1.0000000180025095e-35 4.5000000000000009
decision_type= 2 2 2 2
left_child=2 3 -1 -2
right_child=1 -3 -4 -5
leaf_value= -0.10290222930235293 -0.1066941393316766 0.10309339520875466 0.10342963199642892 -0.019559835603386203
leaf_weight=8.6176265124231559 70.40830909460783 32.525085128843784 54.523313615471125 31.509651064872742
leaf_count=320 2523 1123 1885 648
model_size=480
internal_value=0 -0.0355195 0.075269 -0.0797551
internal_weight=0 134.443 63.1409 101.918
internal_count=6499 4294 2205 3171
is_linear=0
shrinkage=0.1


Tree=30
num_leaves= 5
num_cat= 0
full_tree_array_lgbids= 0 2 1 -1 -4 3 -3 -2147483648 -2147483648 -2147483648 -2147483648 -2 -5 -2147483648 -2147483648
split_feature= 4 4 4 19
split_gain= 32.7599 58.5221 14.1346 2.0719
threshold= 2.5000000000000004 5.5000000000000009 1.0000000180025095e-35 4.5000000000000009
decision_type= 2 2 2 2
left_child=2 3 -1 -2
right_child=1 -3 -4 -5
leaf_value= -0.10261877381892093 -0.10629900701729059 0.10279046851660577 0.10310080574278545 -0.017701984088297717
leaf_weight=7.8179924655705682 63.932926163077354 29.512225221842527 49.484067980200052 31.344180747866631
leaf_count=320 2523 1123 1885 648
model_size=480
internal_value=0 -0.0345966 0.0750335 -0.0771524
internal_weight=0 124.789 57.3021 95.2771
internal_count=6499 4294 2205 3171
is_linear=0
shrinkage=0.1


Tree=31
num_leaves= 5
num_cat= 0
full_tree_array_lgbids= 0 2 1 -1 -4 3 -3 -2147483648 -2147483648 -2147483648 -2147483648 -2 -5 -2147483648 -2147483648
split_feature= 4 4 4 19
split_gain= 27.7199 50.0066 11.261 1.88963
threshold= 2.5000000000000004 5.5000000000000009 1.0000000180025095e-35 4.5000000000000009
decision_type= 2 2 2 2
left_child=2 3 -1 -2
right_child=1 -3 -4 -5
leaf_value= -0.1023636414900408 -0.10592246202343605 0.10251795829294839 0.10280392170599047 -0.016009324274723593
leaf_weight=7.0907452739775172 58.044172478839755 26.771132631227374 44.897756090387702 31.200368665158749
leaf_count=320 2523 1123 1885 648
model_size=480
internal_value=0 -0.0336434 0.074821 -0.0744883
internal_weight=0 116.016 51.9885 89.2445
internal_count=6499 4294 2205 3171
is_linear=0
shrinkage=0.1


Tree=32
num_leaves= 5
num_cat= 0
full_tree_array_lgbids= 0 2 1 -1 -4 3 -3 -2147483648 -2147483648 -2147483648 -2147483648 -2 -5 -2147483648 -2147483648
split_feature= 4 4 4 19
split_gain= 23.1946 42.4222 8.66752 1.62617
threshold= 2.5000000000000004 5.5000000000000009 1.0000000180025095e-35 4.5000000000000009
decision_type= 2 2 2 2
left_child=2 3 -1 -2
right_child=1 -3 -4 -5
leaf_value= -0.10213388145397893 -0.10556262996312578 0.10227267771510676 0.10253577544396952 -0.014469716068157935
leaf_weight=6.4296700358390799 52.690536051988602 24.278658952564001 40.72600194811821 31.075114587321877
leaf_count=320 2523 1123 1885 648
model_size=480
internal_value=0 -0.0326603 0.0746291 -0.0717693
internal_weight=0 108.044 47.1557 83.7657
internal_count=6499 4294 2205 3171
is_linear=0
shrinkage=0.1


Tree=33
num_leaves= 5
num_cat= 0
full_tree_array_lgbids= 0 2 1 -1 -4 3 -3 -2147483648 -2147483648 -2147483648 -2147483648 -2 -5 -2147483648 -2147483648
split_feature= 4 4 4 19
split_gain= 19.1307 35.6728 6.3248 1.2877
threshold= 2.5000000000000004 5.5000000000000009 1.0000000180025095e-35 4.5000000000000009
decision_type= 2 2 2 2
left_child=2 3 -1 -2
right_child=1 -3 -4 -5
leaf_value= -0.10192688773202703 -0.10521815344111662 0.10205178665110171 0.1022935058459485 -0.013071288136402287
leaf_weight=5.8290193732827893 47.824583554640412 22.013368271291256 36.933242933824658 30.965793140232563
leaf_count=320 2523 1123 1885 648
model_size=480
internal_value=0 -0.0316484 0.0744558 -0.0690031
internal_weight=0 100.804 42.7623 78.7904
internal_count=6499 4294 2205 3171
is_linear=0
shrinkage=0.1


Tree=34
num_leaves= 4
num_cat= 0
full_tree_array_lgbids= 0 -1 1 -2147483648 -2147483648 2 -3 -2147483648 -2147483648 -2147483648 -2147483648 -2 -4 -2147483648 -2147483648
split_feature= 8 4 4
split_gain= 15.6048 19.3876 3.41723
threshold= 1.0000000180025095e-35 2.5000000000000004 1.0000000180025095e-35
decision_type= 2 2 2
left_child=-1 2 -2
right_child=1 -3 -4
leaf_value= 0.10177850193713277 -0.10174030919154708 -0.057465293224312909 0.10217116388692229
leaf_weight=24.001866761595011 5.2834945134818581 78.337378331460059 25.375775948166847
leaf_count=1398 320 3370 1411
model_size=368
internal_value=0 -0.0224461 0.0670312
internal_weight=0 108.997 30.6593
internal_count=6499 5101 1731
is_linear=0
shrinkage=0.1


Tree=35
num_leaves= 4
num_cat= 0
full_tree_array_lgbids= 0 -1 1 -2147483648 -2147483648 2 -3 -2147483648 -2147483648 -2147483648 -2147483648 -2 -4 -2147483648 -2147483648
split_feature= 8 4 4
split_gain= 12.2914 14.6401 1.59075
threshold= 1.0000000180025095e-35 2.5000000000000004 1.0000000180025095e-35
decision_type= 2 2 2
left_child=-1 2 -2
right_child=1 -3 -4
leaf_value= 0.10160639020444617 -0.10157208236814259 -0.053447574374360686 0.10196471208135804
leaf_weight=21.752701934427023 4.788218658417466 75.934300728142262 23.005075916647911
leaf_count=1398 320 3370 1411
model_size=368
internal_value=0 -0.0212012 0.0668995
internal_weight=0 103.728 27.7933
internal_count=6499 5101 1731
is_linear=0
shrinkage=0.1


Tree=36
num_leaves= 3
num_cat= 0
full_tree_array_lgbids= 0 -1 1 -2147483648 -2147483648 -2 -3
split_feature= 8 4
split_gain= 9.33844 10.5208
threshold= 1.0000000180025095e-35 2.5000000000000004
decision_type= 2 2
left_child=-1 -2
right_child=1 -3
leaf_value= 0.10145118775404399 0.0667803207720747 -0.049529864527581652
leaf_weight=19.711236275732517 25.19082017801702 73.859788671135902
leaf_count=1398 1731 3370
model_size=256
internal_value=0 -0.0199495
internal_weight=0 99.0506
internal_count=6499 5101
is_linear=0
shrinkage=0.1


Tree=37
num_leaves= 4
num_cat= 0
full_tree_array_lgbids= 0 -1 1 -2147483648 -2147483648 2 -3 -2147483648 -2147483648 -2147483648 -2147483648 -2 -4 -2147483648 -2147483648
split_feature= 8 4 4
split_gain= 6.68186 6.3785 0.514943
threshold= 1.0000000180025095e-35 2.5000000000000004 1.0000000180025095e-35
decision_type= 2 2 2
left_child=-1 2 -2
right_child=1 -3 -4
leaf_value= 0.10131118571583222 -0.10151836709930324 -0.045745816979913478 0.10166520308526467
leaf_weight=17.858856953680515 4.6293897461146143 72.070454846136272 19.548779879696667
leaf_count=1398 320 3370 1411
model_size=368
internal_value=0 -0.0184882 0.0627617
internal_weight=0 96.2486 24.1782
internal_count=6499 5101 1731
is_linear=0
shrinkage=0.1


Tree=38
num_leaves= 3
num_cat= 0
full_tree_array_lgbids= 0 -1 1 -2147483648 -2147483648 -2 -3
split_feature= 8 4
split_gain= 4.32478 3.35529
threshold= 1.0000000180025095e-35 2.5000000000000004
decision_type= 2 2
left_child=-1 -2
right_child=1 -3
leaf_value= 0.10118485168831109 0.062665168568744586 -0.042122441706713087
leaf_weight=16.178510896861553 21.909231597557664 70.527677999809384
leaf_count=1398 1731 3370
model_size=256
internal_value=0 -0.0172859
internal_weight=0 92.4369
internal_count=6499 5101
is_linear=0
shrinkage=0.1


Tree=39
num_leaves= 5
num_cat= 0
full_tree_array_lgbids= 0 1 -2 3 2 -2147483648 -2147483648 -1 -5 -3 -4 -2147483648 -2147483648 -2147483648 -2147483648
split_feature= 4 4 19 4
split_gain= 2.68444 10.2002 6.79954 0.153393
threshold= 5.5000000000000009 2.5000000000000004 4.5000000000000009 1.0000000180025095e-35
decision_type= 2 2 2 2
left_child=1 3 -3 -1
right_child=-2 2 -4 -5
leaf_value= -0.10146054394440591 0.10164782587311449 -0.10415988678577406 0.012987095626991263 0.10133677432032114
leaf_weight=4.4580512316897538 14.851954262703655 34.463900269009173 29.584202734753489 21.620354516431689
leaf_count=320 1123 2523 648 1885
model_size=480
internal_value=0 -0.0162763 -0.050049 0.066669
internal_weight=0 90.1265 64.0481 26.0784
internal_count=6499 5376 3171 2205
is_linear=0
shrinkage=0.1


Tree=40
num_leaves= 4
num_cat= 0
full_tree_array_lgbids= 0 1 -2 -1 2 -2147483648 -2147483648 -2147483648 -2147483648 -3 -4 -2147483648 -2147483648 -2147483648 -2147483648
split_feature= 4 4 19
split_gain= 0.825363 7.08925 5.18465
threshold= 5.5000000000000009 2.5000000000000004 4.5000000000000009
decision_type= 2 2 2
left_child=1 -1 -3
right_child=-2 2 -4
leaf_value= 0.066583950593841409 0.1014896092409225 -0.1038754072435627 0.011670120382357678
leaf_weight=23.6253827130422 13.458487544208763 31.265320911072195 29.628090295940638
leaf_count=2205 1123 2523 648
model_size=368
internal_value=0 -0.0157227 -0.047656
internal_weight=0 84.5188 60.8934
internal_count=6499 5376 3171
is_linear=0
shrinkage=0.1


end of trees

feature_importances:
Column_4=80
Column_19=59
Column_21=28
Column_8=26
Column_20=23
Column_10=22
Column_7=21
Column_9=17
Column_12=15
Column_13=14
Column_3=11
Column_1=9
Column_17=8
Column_2=5
Column_14=3

parameters:
[boosting: gbdt]
[objective: binary]
[metric: auc, binary_logloss, rmse, l1, l2, mape, huber]
[tree_learner: serial]
[device_type: cpu]
[data_sample_strategy: bagging]
[data: data/kr-vs-kp.libsvm.train]
[valid: data/kr-vs-kp.libsvm.test]
[num_iterations: 200]
[learning_rate: 0.1]
[num_leaves: 255]
[num_threads: 1]
[seed: 42]
[deterministic: 0]
[force_col_wise: 0]
[force_row_wise: 0]
[histogram_pool_size: -1]
[max_depth: 7]
[min_data_in_leaf: 10]
[min_sum_hessian_in_leaf: 0.001]
[bagging_fraction: 1]
[pos_bagging_fraction: 1]
[neg_bagging_fraction: 1]
[bagging_freq: 0]
[bagging_seed: 400]
[feature_fraction: 1]
[feature_fraction_bynode: 1]
[feature_fraction_seed: 30056]
[extra_trees: 0]
[extra_seed: 12879]
[early_stopping_round: 0]
[early_stopping_min_delta: 0]
[first_metric_only: 0]
[max_delta_step: 0]
[lambda_l1: 0]
[lambda_l2: 0]
[linear_lambda: 0]
[min_gain_to_split: 0]
[drop_rate: 0.1]
[max_drop: 50]
[skip_drop: 0.5]
[xgboost_dart_mode: 0]
[uniform_drop: 0]
[drop_seed: 17869]
[top_rate: 0.2]
[other_rate: 0.1]
[min_data_per_group: 100]
[max_cat_threshold: 32]
[cat_l2: 10]
[cat_smooth: 10]
[max_cat_to_onehot: 4]
[top_k: 20]
[monotone_constraints: ]
[monotone_constraints_method: basic]
[monotone_penalty: 0]
[feature_contri: ]
[forcedsplits_filename: ]
[refit_decay_rate: 0.9]
[tinygbdt_penalty_feature: 0.5]
[tinygbdt_penalty_split: 0.015625]
[tinygbdt_forestsize: 64000]
[tinygbdt_precision: 1]
[cegb_tradeoff: 1]
[cegb_penalty_split: 0]
[cegb_penalty_feature_lazy: ]
[cegb_penalty_feature_coupled: ]
[path_smooth: 0]
[interaction_constraints: ]
[verbosity: 1]
[saved_feature_importance_type: 0]
[use_quantized_grad: 0]
[num_grad_quant_bins: 4]
[quant_train_renew_leaf: 0]
[stochastic_rounding: 1]
[linear_tree: 0]
[max_bin: 255]
[max_bin_by_feature: ]
[min_data_in_bin: 3]
[bin_construct_sample_cnt: 200000]
[data_random_seed: 175]
[is_enable_sparse: 1]
[enable_bundle: 1]
[use_missing: 1]
[zero_as_missing: 0]
[feature_pre_filter: 1]
[pre_partition: 0]
[two_round: 0]
[header: 0]
[label_column: ]
[weight_column: ]
[group_column: ]
[ignore_column: ]
[categorical_feature: ]
[forcedbins_filename: ]
[precise_float_parser: 0]
[parser_config_file: ]
[objective_seed: 16083]
[num_class: 1]
[is_unbalance: 0]
[scale_pos_weight: 1]
[sigmoid: 1]
[boost_from_average: 1]
[reg_sqrt: 0]
[alpha: 0.9]
[fair_c: 1]
[poisson_max_delta_step: 0.7]
[tweedie_variance_power: 1.5]
[lambdarank_truncation_level: 30]
[lambdarank_norm: 1]
[label_gain: ]
[lambdarank_position_bias_regularization: 0]
[eval_at: ]
[multi_error_top_k: 1]
[auc_mu_weights: ]
[num_machines: 1]
[local_listen_port: 12400]
[time_out: 120]
[machine_list_filename: ]
[machines: ]
[gpu_platform_id: -1]
[gpu_device_id: -1]
[gpu_use_dp: 0]
[num_gpu: 1]

end of parameters
