tree
version=v4
num_class=1
num_tree_per_iteration=1
label_index=0
max_feature_idx=7
objective=regression
feature_names=Column_0 Column_1 Column_2 Column_3 Column_4 Column_5 Column_6 Column_7
feature_infos=[-1.570595979690552:1.570752859115601] [-1.570681214332581:1.5706571340560909] [-1.5706690549850459:1.5707360506057739] [-1.5702953338623051:1.5700980424880981] [-1.570364356040955:1.570599317550659] [-1.5702542066574101:1.5705970525741582] [-1.570304274559021:1.5705224275588989] [-1.5689036846160889:1.570236444473267]
tree_sizes=2884 2433 1863 1060 1051 1198 564 733 1573 997 664 499 1372 378 497 666 377 659 379 923 498

Tree=0
num_leaves= 29
num_cat= 0
full_tree_array_lgbids= 0 1 3 4 2 7 8 12 21 5 14 25 9 16 13 23 19 26 -23 11 6 17 15 27 -27 24 10 20 -18 18 22 -1 -25 -14 -21 -6 -28 -2147483648 -2147483648 -3 -13 -7 -8 -4 -19 -16 -17 -2 -29 -2147483648 -2147483648 -9 -26 -11 -12 -5 -22 -2147483648 -2147483648 -10 -20 -15 -24
split_feature= 2 4 2 2 2 6 5 4 6 3 5 1 1 3 6 5 0 5 5 6 5 4 5 5 0 5 5 3
split_gain= 107.152 22.9579 8.34359 5.15276 4.07877 3.68964 7.16819 2.86209 2.53518 2.21107 4.46544 1.9836 1.92504 1.71667 1.20153 1.64455 1.01216 0.742326 0.732724 0.707688 0.701095 0.638333 0.37349 0.342903 0.272957 0.184775 0.179732 0.121654
threshold= 0.22240778803825376 -0.13487913459539411 -0.33504875004291529 0.831111639738083 -0.35692687332630152 1.0996640324592593 0.17076345533132556 -0.62264147400856007 0.23248040676116946 0.33348274230957037 -0.081027176231145845 -0.063510026782751069 -0.028266851790249341 0.047571904957294471 1.0996640324592593 -0.12362807989120483 0.48065467178821569 -1.3099576830863946 0.20172023028135302 -1.1232284307479858 0.90692374110221874 -0.9847588539123534 -0.88524380326271046 -0.84710562229156483 0.39113223552703863 -1.1129922270774844 -0.89637285470962513 -0.71507582068443287
decision_type= 2 2 2 2 2 2 2 2 2 2 2 2 2 2 2 2 2 2 2 2 2 2 2 2 2 2 2 2
left_child=1 4 5 7 12 11 -7 25 16 24 -11 -3 23 18 17 -16 20 -4 -10 -14 -5 26 -15 -1 -9 27 -6 -2
right_child=3 2 14 8 21 6 -8 9 13 10 -12 -13 19 22 15 -17 -18 -19 -20 -21 -22 -23 -24 -25 -26 -27 -28 -29
leaf_value= 0.73410158763111721 0.68773465269904643 0.74576312192184147 0.71148853979584525 0.70572838207060729 0.71756021215053434 0.74459648144746271 0.70659498379572372 0.71618172766164567 0.70303461463790828 0.71463083717014075 0.69125707693110128 0.73621397801554389 0.72842719100532405 0.69636384723984901 0.72703529746200657 0.69548876485623845 0.69420912802040802 0.7280717060389289 0.68891320468961492 0.71452330681801779 0.69321169944280825 0.71422983436490872 0.68240325179970052 0.72375521021605105 0.70808431163410079 0.69543886435118918 0.7012707417551246 0.71675801006650219
leaf_weight=124 17 546 60 476 48 107 108 344 185 170 209 586 86 71 48 47 303 464 120 482 115 316 266 461 241 330 182 41
leaf_count=124 17 546 60 476 48 107 108 344 185 170 209 586 86 71 48 47 303 464 120 482 115 316 266 461 241 330 182 41
model_size=3168
internal_value=0.715004 0.726381 0.733821 0.700565 0.717773 0.738376 0.725507 0.705287 0.696409 0.70848 0.701741 0.74082 0.721357 0.691109 0.72391 0.711428 0.700214 0.726173 0.697479 0.716628 0.703293 0.710203 0.685345 0.725948 0.712846 0.697354 0.70467 0.708251
internal_weight=0 3665 1966 2888 1699 1347 215 1352 1536 964 379 1132 1153 642 619 95 894 524 305 568 591 546 337 585 585 388 230 58
internal_count=6553 3665 1966 2888 1699 1347 215 1352 1536 964 379 1132 1153 642 619 95 894 524 305 568 591 546 337 585 585 388 230 58
is_linear=0
shrinkage=1


Tree=1
num_leaves= 21
num_cat= 0
full_tree_array_lgbids= 0 1 3 6 2 10 7 13 -8 4 18 15 11 17 8 -1 16 -2147483648 -2147483648 9 5 -4 19 -2 -17 -12 12 -5 -19 -9 14 -2147483648 -2147483648 -15 -18 -2147483648 -2147483648 -2147483648 -2147483648 -3 -11 -6 -7 -2147483648 -2147483648 -20 -21 -2147483648 -2147483648 -2147483648 -2147483648 -2147483648 -2147483648 -13 -14 -2147483648 -2147483648 -2147483648 -2147483648 -2147483648 -2147483648 -10 -16
split_feature= 2 4 2 2 5 6 2 6 3 4 6 3 5 0 5 4 5 0 6 3
split_gain= 85.8233 17.6971 6.02489 3.34876 2.35107 6.6607 2.11809 1.59938 2.55947 0.980936 0.671169 2.28414 0.765605 0.603915 0.602027 0.281491 0.163563 0.0775479 0.00895977 1.19791
threshold= 0.22240778803825376 -0.25070770084857935 -0.36874486505985254 0.6500774919986726 0.65354096889495861 0.42225234210491186 -0.35692687332630152 -0.08627330511808394 0.047571904957294471 0.56924891471862804 0.56632831692695629 -0.19819757342338556 -0.85936468839645375 -0.28396070003509516 -0.6967884600162505 -0.60982060432434071 -0.78617820143699635 0.46820004284381872 1.0996640324592593 0.2989127933979035
decision_type= 2 2 2 2 2 2 2 2 2 2 2 2 2 2 2 2 2 2 2 2
left_child=1 6 4 10 9 -6 13 17 -9 -3 15 -12 -13 -1 -10 -2 -15 -5 -4 -20
right_child=3 2 18 7 5 -7 -8 8 14 -11 11 12 -14 16 -16 -17 -18 -19 19 -21
leaf_value= 0.010374432140919244 -0.012282575545986878 0.018401884147157314 0.010057350088882444 -0.0088221178897741007 0.024228242724984739 -0.0038281592378002962 -0.0049611780685991681 -0.013358970120423842 -0.015183754153044302 0.028559743669367511 0.00016434527356253286 -0.0026129058572126832 -0.027671736830197913 0.010695058201733781 -0.029918202178430608 -0.00053839223408253824 -0.0014988054723201229 -0.017424687414708453 0.010988994741637725 -0.021823488641530275
leaf_weight=443 181 409 599 613 256 172 504 501 129 549 123 47 160 152 366 451 473 317 64 44
leaf_count=443 181 409 599 613 256 172 504 501 129 549 123 47 160 152 366 451 473 317 64 44
model_size=2272
internal_value=0 0.0102399 0.0164917 -0.0129949 0.0207429 0.0129532 0.00191613 -0.0158532 -0.0196803 0.024223 -0.00727238 -0.0137275 -0.0219821 0.0051616 -0.0260783 -0.00390184 0.00146674 -0.0117544 0.00815759 -0.00237905
internal_weight=0 3665 2093 2888 1386 428 1572 1926 996 958 962 330 207 1068 495 632 625 930 707 108
internal_count=6553 3665 2093 2888 1386 428 1572 1926 996 958 962 330 207 1068 495 632 625 930 707 108
is_linear=0
shrinkage=0.1


Tree=2
num_leaves= 13
num_cat= 0
full_tree_array_lgbids= 0 1 2 6 3 8 7 -1 -8 4 -5 -2 9 -4 -9 -2147483648 -2147483648 -2147483648 -2147483648 11 5 -2147483648 -2147483648 -2147483648 -2147483648 -10 10 -2147483648 -2147483648 -2147483648 -2147483648 -2147483648 -2147483648 -2147483648 -2147483648 -2147483648 -2147483648 -2147483648 -2147483648 -3 -13 -6 -7 -2147483648 -2147483648 -2147483648 -2147483648 -2147483648 -2147483648 -2147483648 -2147483648 -2147483648 -2147483648 -11 -12 -2147483648 -2147483648 -2147483648 -2147483648 -2147483648 -2147483648 -2147483648 -2147483648
split_feature= 2 4 2 2 6 5 1 6 6 3 5 0
split_gain= 68.896 14.0259 3.80093 2.27698 0.946265 5.51823 0.694683 0.460016 0.373837 2.18448 0.75933 0.281196
threshold= 0.11063466221094136 -0.13487913459539411 0.60325127840042125 -0.52795374393463124 0.63653609156608593 0.14603263139724734 -0.79297658801078785 0.81695055961608898 0.56632831692695629 -0.19819757342338556 -0.78617820143699635 0.065077152103185668
decision_type= 2 2 2 2 2 2 2 2 2 2 2 2
left_child=1 6 8 4 11 -6 -1 -4 -2 -10 -11 -3
right_child=2 3 7 -5 5 -7 -8 -9 9 10 -12 -13
leaf_value= 0.009626507290658769 -0.0016782894008817292 0.028960287409106222 -0.012130217476057343 0.010222875161083391 0.026214966212298619 -0.003368417516290008 0.00025352959109339391 -0.020314647640253904 0.0024815150410691074 0.00074573461370507511 -0.025441686945344807 0.018093400045802708
leaf_weight=406 717 390 1553 704 185 161 1197 477 138 53 184 388
leaf_count=406 717 390 1553 704 185 161 1197 477 138 53 184 388
model_size=1376
internal_value=0 0.00991867 -0.0109004 0.0163124 0.0201265 0.0124493 0.00262747 -0.0140534 -0.00503904 -0.0114648 -0.0195854 0.0235408
internal_weight=0 3431 3122 1828 1124 346 1603 2030 1092 375 237 778
internal_count=6553 3431 3122 1828 1124 346 1603 2030 1092 375 237 778
is_linear=0
shrinkage=0.1


Tree=3
num_leaves= 7
num_cat= 0
full_tree_array_lgbids= 0 1 3 -1 2 5 -5 -2147483648 -2147483648 4 -4 -2 -7 -2147483648 -2147483648 -2147483648 -2147483648 -2147483648 -2147483648 -3 -6 -2147483648 -2147483648 -2147483648 -2147483648 -2147483648 -2147483648 -2147483648 -2147483648 -2147483648 -2147483648
split_feature= 2 4 2 2 1 4
split_gain= 55.3066 10.7244 3.20913 1.17518 0.453166 0.068039
threshold= 0.22240778803825376 -0.3957854956388473 -0.52795374393463124 0.89601022005081188 -0.4492183774709701 -0.62264147400856007
decision_type= 2 2 2 2 2 2
left_child=1 -1 4 5 -3 -2
right_child=3 2 -4 -5 -6 -7
leaf_value= 0.00070500123727745975 -0.013459683089912328 0.023385977644704389 0.0072393480650631507 -0.014112272914647962 0.013808078476403888 -0.0046284843556903404
leaf_weight=1391 430 464 963 1406 847 1052
leaf_count=1391 430 464 963 1406 847 1052
model_size=704
internal_value=0 0.00832161 0.0129807 -0.0105605 0.017198 -0.00719084
internal_weight=0 3665 2274 2888 1311 1482
internal_count=6553 3665 2274 2888 1311 1482
is_linear=0
shrinkage=0.1


Tree=4
num_leaves= 7
num_cat= 0
full_tree_array_lgbids= 0 1 2 -1 3 -2 -4 -2147483648 -2147483648 5 4 -2147483648 -2147483648 -2147483648 -2147483648 -2147483648 -2147483648 -2147483648 -2147483648 -3 -7 -5 -6 -2147483648 -2147483648 -2147483648 -2147483648 -2147483648 -2147483648 -2147483648 -2147483648
split_feature= 2 4 2 6 5 0
split_gain= 44.4973 8.44727 1.4573 1.11453 3.19164 0.217596
threshold= 0.11063466221094136 -0.13487913459539411 0.52685046195983898 1.0996640324592593 0.17076345533132556 0.55547255277633678
decision_type= 2 2 2 2 2 2
left_child=1 -1 -2 5 -5 -3
right_child=2 3 -4 4 -6 -7
leaf_value= 0.002058183032764505 -0.0033652107704655976 0.018239540696961869 -0.011137447570475923 0.016580981943805358 -0.011250006082534259 0.0094152964933503364
leaf_weight=1603 910 1019 2212 152 140 517
leaf_count=1603 910 1019 2212 152 140 517
model_size=704
internal_value=0 0.00807297 -0.008872 0.0133474 0.00323736 0.0152694
internal_weight=0 3431 3122 1828 292 1536
internal_count=6553 3431 3122 1828 292 1536
is_linear=0
shrinkage=0.1


Tree=5
num_leaves= 9
num_cat= 0
full_tree_array_lgbids= 0 1 2 -1 4 6 3 -2147483648 -2147483648 7 -6 -2 -8 -4 5 -2147483648 -2147483648 -2147483648 -2147483648 -3 -9 -2147483648 -2147483648 -2147483648 -2147483648 -2147483648 -2147483648 -2147483648 -2147483648 -5 -7
split_feature= 2 4 6 3 2 5 2 4
split_gain= 35.4391 6.3757 1.13201 2.80263 0.818796 0.364215 0.269044 0.0258238
threshold= 0.11063466221094136 -0.47479055821895594 0.40036414563655859 0.062065752223134048 -0.51753544807434071 -0.78617820143699635 0.47420810163021093 0.8823601007461549
decision_type= 2 2 2 2 2 2 2 2
left_child=1 -1 6 -4 7 -5 -2 -3
right_child=2 4 3 5 -6 -7 -8 -9
leaf_value= 0.00036220751753417526 0.0015252452587951094 0.010891127878266273 -0.0055074463363588887 -0.0061365519333090902 0.0059496957400503262 -0.022904725834567877 -0.00747001676279081 0.020099189278213695
leaf_weight=1214 469 912 579 138 825 463 1473 480
leaf_count=1214 469 912 579 138 825 463 1473 480
model_size=928
internal_value=0 0.00726568 -0.0079848 -0.0124072 0.0110459 -0.0190545 -0.00529763 0.0140663
internal_weight=0 3431 3122 1180 2217 601 1942 1392
internal_count=6553 3431 3122 1180 2217 601 1942 1392
is_linear=0
shrinkage=0.1


Tree=6
num_leaves= 4
num_cat= 0
full_tree_array_lgbids= 0 1 2 -1 -3 -2 -4
split_feature= 2 4 2
split_gain= 28.5671 4.24877 2.68922
threshold= -0.21647498756647107 0.56924891471862804 0.47420810163021093
decision_type= 2 2 2
left_child=1 -1 -2
right_child=2 -3 -4
leaf_value= 0.0046082526517421171 -0.001059304588655157 0.015429474299086789 -0.0089001064706794274
leaf_weight=1861 1455 895 2342
leaf_count=1861 1455 895 2342
model_size=368
internal_value=0 0.0081224 -0.00589553
internal_weight=0 2756 3797
internal_count=6553 2756 3797
is_linear=0
shrinkage=0.1


Tree=7
num_leaves= 5
num_cat= 0
full_tree_array_lgbids= 0 1 2 -1 -3 3 -4 -2147483648 -2147483648 -2147483648 -2147483648 -2 -5 -2147483648 -2147483648
split_feature= 2 4 2 4
split_gain= 22.6064 2.85863 1.79519 0.403572
threshold= -0.24277038127183911 -0.70120677351951588 0.70152944326400768 0.29228626191616064
decision_type= 2 2 2 2
left_child=1 -1 3 -2
right_child=2 -3 -4 -5
leaf_value= 4.3854948330890531e-05 -0.0053334918914599945 0.010323836652603061 -0.008914553064025171 0.0029065504352873313
leaf_weight=758 1186 1946 1822 841
leaf_count=758 1186 1946 1822 841
model_size=480
internal_value=0 0.0074421 -0.00522822 -0.00191471
internal_weight=0 2704 3849 2027
internal_count=6553 2704 3849 2027
is_linear=0
shrinkage=0.1


Tree=8
num_leaves= 9
num_cat= 0
full_tree_array_lgbids= 0 1 6 -1 2 -2 7 -2147483648 -2147483648 4 3 -2147483648 -2147483648 -8 -9 -2147483648 -2147483648 -2147483648 -2147483648 5 -6 -4 -5 -2147483648 -2147483648 -2147483648 -2147483648 -2147483648 -2147483648 -2147483648 -2147483648 -2147483648 -2147483648 -2147483648 -2147483648 -2147483648 -2147483648 -2147483648 -2147483648 -3 -7 -2147483648 -2147483648 -2147483648 -2147483648 -2147483648 -2147483648 -2147483648 -2147483648 -2147483648 -2147483648 -2147483648 -2147483648 -2147483648 -2147483648 -2147483648 -2147483648 -2147483648 -2147483648 -2147483648 -2147483648 -2147483648 -2147483648
split_feature= 2 4 5 6 6 5 5 3
split_gain= 17.9201 3.09258 0.927554 7.45944 1.2751 1.29155 0.00669677 1.36755
threshold= 0.22240778803825376 0.26278324425220495 0.65354096889495861 0.16434586793184283 -1.1006352305412288 -0.29158644378185267 0.4545369297266007 -0.25675596296787256
decision_type= 2 2 2 2 2 2 2 2
left_child=1 -1 4 -4 5 -3 -2 -8
right_child=6 2 3 -5 -6 -7 7 -9
leaf_value= 0.0015551120755626438 -0.0039640539613297072 -0.016213673526805868 0.017264267982195013 -0.01309399412872217 0.015807171517791301 0.017216298277943517 -0.0029526169109131083 -0.016349383565996096
leaf_weight=2133 1863 92 227 229 916 68 429 596
leaf_count=2133 1863 92 227 229 916 68 429 596
model_size=928
internal_value=0 0.00501936 0.00984261 0.00201856 0.0131584 -0.00200594 -0.00636978 -0.0107423
internal_weight=0 3665 1532 456 1076 160 2888 1025
internal_count=6553 3665 1532 456 1076 160 2888 1025
is_linear=0
shrinkage=0.1


Tree=9
num_leaves= 6
num_cat= 0
full_tree_array_lgbids= 0 4 1 -1 -6 -2 2 -2147483648 -2147483648 -2147483648 -2147483648 -2147483648 -2147483648 -3 3 -2147483648 -2147483648 -2147483648 -2147483648 -2147483648 -2147483648 -2147483648 -2147483648 -2147483648 -2147483648 -2147483648 -2147483648 -2147483648 -2147483648 -4 -5
split_feature= 2 6 3 5 1
split_gain= 14.6118 0.770524 3.76132 0.561175 0.517452
threshold= -0.31999127566814417 0.40036414563655859 0.03902785666286946 -0.78617820143699635 -0.041156854480504983
decision_type= 2 2 2 2 2
left_child=4 -2 -3 -4 -1
right_child=1 2 3 -5 -6
leaf_value= 0.010523358377272855 -0.0016890550526296431 -0.001251778569110553 -0.0022607116057770326 -0.018842529719963343 0.0027977778309407238
leaf_weight=1237 2493 737 184 591 1311
leaf_count=1237 2493 737 184 591 1311
model_size=592
internal_value=0 -0.00416611 -0.00825031 -0.0149057 0.00654838
internal_weight=0 4005 1512 775 2548
internal_count=6553 4005 1512 775 2548
is_linear=0
shrinkage=0.1


Tree=10
num_leaves= 4
num_cat= 0
full_tree_array_lgbids= 0 1 -2 -1 2 -2147483648 -2147483648 -2147483648 -2147483648 -3 -4 -2147483648 -2147483648 -2147483648 -2147483648
split_feature= 2 4 0
split_gain= 11.1875 1.96183 0.0916779
threshold= 0.22240778803825376 -0.77998724579811085 0.20387880504131317
decision_type= 2 2 2
left_child=1 -1 -3
right_child=-2 2 -4
leaf_value= -0.0022215082764845927 -0.005316206539680385 0.0096086516123684244 0.0023257112667154317
leaf_weight=963 2888 1539 1163
leaf_count=963 2888 1539 1163
model_size=368
internal_value=0 0.00418914 0.00647391
internal_weight=0 3665 2702
internal_count=6553 3665 2702
is_linear=0
shrinkage=0.1


Tree=11
num_leaves= 3
num_cat= 0
full_tree_array_lgbids= 0 -1 1 -2147483648 -2147483648 -2 -3
split_feature= 2 7
split_gain= 9.06779 0.228753
threshold= -0.34356653690338129 -0.99863114953041066
decision_type= 2 2
left_child=-1 -2
right_child=1 -3
leaf_value= 0.0055832826508714697 -0.0098510904833649382 -0.0019965338610449831
leaf_weight=2496 743 3314
leaf_count=2496 743 3314
model_size=256
internal_value=0 -0.00343502
internal_weight=0 4057
internal_count=6553 4057
is_linear=0
shrinkage=0.1


Tree=12
num_leaves= 6
num_cat= 0
full_tree_array_lgbids= 0 1 -2 -1 2 -2147483648 -2147483648 -2147483648 -2147483648 -3 3 -2147483648 -2147483648 -2147483648 -2147483648 -2147483648 -2147483648 -2147483648 -2147483648 -2147483648 -2147483648 -4 4 -2147483648 -2147483648 -2147483648 -2147483648 -2147483648 -2147483648 -2147483648 -2147483648 -2147483648 -2147483648 -2147483648 -2147483648 -2147483648 -2147483648 -2147483648 -2147483648 -2147483648 -2147483648 -2147483648 -2147483648 -2147483648 -2147483648 -5 -6 -2147483648 -2147483648 -2147483648 -2147483648 -2147483648 -2147483648 -2147483648 -2147483648 -2147483648 -2147483648 -2147483648 -2147483648 -2147483648 -2147483648 -2147483648 -2147483648
split_feature= 2 4 5 6 7
split_gain= 6.94762 1.17183 0.135432 6.75421 0.837219
threshold= 0.4504156112670899 0.21189168095588687 0.65354096889495861 -0.24426137655973432 0.13482514768838882
decision_type= 2 2 2 2 2
left_child=1 -1 -3 -4 -5
right_child=-2 2 3 4 -6
leaf_value= 7.3659517750698171e-05 -0.0052824916092122859 0.009866743280707916 0.017392960051970129 -0.021402633069208948 0.0020268416990815055
leaf_weight=2352 2394 1269 208 185 145
leaf_count=2352 2394 1269 208 185 145
model_size=592
internal_value=0 0.0030407 0.00690262 -8.8958e-05 -0.0111079
internal_weight=0 4159 1807 538 330
internal_count=6553 4159 1807 538 330
is_linear=0
shrinkage=0.1


Tree=13
num_leaves= 2
num_cat= 0
full_tree_array_lgbids= 0 -1 -2
split_feature= 2
split_gain= 5.30777
threshold= -0.36874486505985254
decision_type= 2
left_child=-1
right_child=-2
leaf_value= 0.0048165161162525517 -0.0028648248365144994
leaf_weight=2444 4109
leaf_count=2444 4109
model_size=144
internal_value=0
internal_weight=0
internal_count=6553
is_linear=0
shrinkage=0.1


Tree=14
num_leaves= 3
num_cat= 0
full_tree_array_lgbids= 0 1 -2 -1 -3 -2147483648 -2147483648
split_feature= 2 0
split_gain= 3.76368 0.543282
threshold= 0.4504156112670899 0.25716689229011541
decision_type= 2 2
left_child=1 -1
right_child=-2 -3
leaf_value= 0.0052962310694813696 -0.0044677599785059394 -0.0012309621650066767
leaf_weight=2423 2394 1736
leaf_count=2423 2394 1736
model_size=256
internal_value=0 0.00257173
internal_weight=0 4159
internal_count=6553 4159
is_linear=0
shrinkage=0.1


Tree=15
num_leaves= 4
num_cat= 0
full_tree_array_lgbids= 0 -1 1 -2147483648 -2147483648 -2 2 -2147483648 -2147483648 -2147483648 -2147483648 -2147483648 -2147483648 -3 -4
split_feature= 2 6 3
split_gain= 2.79006 0.00545952 2.89482
threshold= -0.73440709710121144 0.48795536160469061 0.03902785666286946
decision_type= 2 2 2
left_child=-1 -2 -3
right_child=1 2 -4
leaf_value= 0.0054473172912716666 0.00020204319933551083 0.00079202437334946322 -0.011790243126214239
leaf_weight=1664 3181 829 879
leaf_count=1664 3181 829 879
model_size=368
internal_value=0 -0.00185403 -0.00568328
internal_weight=0 4889 1708
internal_count=6553 4889 1708
is_linear=0
shrinkage=0.1


Tree=16
num_leaves= 2
num_cat= 0
full_tree_array_lgbids= 0 -1 -2
split_feature= 2
split_gain= 1.63086
threshold= 0.41311286389827734
decision_type= 2
left_child=-1
right_child=-2
leaf_value= 0.0022655526537419136 -0.0037401780425144237
leaf_weight=4081 2472
leaf_count=4081 2472
model_size=144
internal_value=0
internal_weight=0
internal_count=6553
is_linear=0
shrinkage=0.1


Tree=17
num_leaves= 4
num_cat= 0
full_tree_array_lgbids= 0 -1 1 -2147483648 -2147483648 -2 2 -2147483648 -2147483648 -2147483648 -2147483648 -2147483648 -2147483648 -3 -4
split_feature= 4 5 6
split_gain= 1.17815 0.240087 4.4129
threshold= 0.26278324425220495 0.67661032080650341 0.040858589112758643
decision_type= 2 2 2
left_child=-1 -2 -3
right_child=1 2 -4
leaf_value= -0.0023690178126421686 0.0058355300308903686 0.0078451813042950871 -0.012697526919835903
leaf_weight=3822 1934 384 413
leaf_count=3822 1934 384 413
model_size=368
internal_value=0 0.00331541 -0.00279991
internal_weight=0 2731 797
internal_count=6553 2731 797
is_linear=0
shrinkage=0.1


Tree=18
num_leaves= 2
num_cat= 0
full_tree_array_lgbids= 0 -1 -2
split_feature= 2
split_gain= 0.869684
threshold= -0.62022417783737172
decision_type= 2
left_child=-1
right_child=-2
leaf_value= 0.0042964651158257814 -0.0017518132625592747
leaf_weight=1898 4655
leaf_count=1898 4655
model_size=144
internal_value=0
internal_weight=0
internal_count=6553
is_linear=0
shrinkage=0.1


Tree=19
num_leaves= 5
num_cat= 0
full_tree_array_lgbids= 0 1 -2 -1 2 -2147483648 -2147483648 -2147483648 -2147483648 -3 3 -2147483648 -2147483648 -2147483648 -2147483648 -2147483648 -2147483648 -2147483648 -2147483648 -2147483648 -2147483648 -4 -5 -2147483648 -2147483648 -2147483648 -2147483648 -2147483648 -2147483648 -2147483648 -2147483648
split_feature= 0 5 3 6
split_gain= 0.557828 0.276866 1.84539 0.48198
threshold= 0.25716689229011541 0.12283720821142197 -0.16804680228233337 -0.56123605370521534
decision_type= 2 2 2 2
left_child=1 -1 -3 -4
right_child=-2 2 3 -5
leaf_value= 0.0053428041626044712 -0.0031364109323916978 0.0050045900422997121 0.0038890324221886527 -0.011462422806346606
leaf_weight=2091 2752 775 280 655
leaf_count=2091 2752 775 280 655
model_size=480
internal_value=0 0.00227082 -0.00148561 -0.0068652
internal_weight=0 3801 1710 935
internal_count=6553 3801 1710 935
is_linear=0
shrinkage=0.1


Tree=20
num_leaves= 3
num_cat= 0
full_tree_array_lgbids= 0 1 -2 -1 -3 -2147483648 -2147483648
split_feature= 2 4
split_gain= 0.200162 0.4519
threshold= 0.89601022005081188 -0.67562311887741078
decision_type= 2 2
left_child=1 -1
right_child=-2 -3
leaf_value= -0.0034013071348417108 -0.0049772389250049903 0.0032720386436671509
leaf_weight=1475 1406 3672
leaf_count=1475 1406 3672
model_size=256
internal_value=0 0.00135963
internal_weight=0 5147
internal_count=6553 5147
is_linear=0
shrinkage=0.1


end of trees

feature_importances:
Column_2=34
Column_5=25
Column_4=20
Column_6=20
Column_3=12
Column_0=9
Column_1=5
Column_7=2

parameters:
[boosting: gbdt]
[objective: regression]
[metric: rmse]
[tree_learner: serial]
[device_type: cpu]
[data_sample_strategy: bagging]
[data: data/kin8nm.libsvm.train]
[valid: data/kin8nm.libsvm.test]
[num_iterations: 5000]
[learning_rate: 0.1]
[num_leaves: 255]
[num_threads: 0]
[seed: 42]
[deterministic: 0]
[force_col_wise: 0]
[force_row_wise: 0]
[histogram_pool_size: -1]
[max_depth: 5]
[min_data_in_leaf: 10]
[min_sum_hessian_in_leaf: 0.001]
[bagging_fraction: 1]
[pos_bagging_fraction: 1]
[neg_bagging_fraction: 1]
[bagging_freq: 0]
[bagging_seed: 400]
[feature_fraction: 1]
[feature_fraction_bynode: 1]
[feature_fraction_seed: 30056]
[extra_trees: 0]
[extra_seed: 12879]
[early_stopping_round: 0]
[early_stopping_min_delta: 0]
[first_metric_only: 0]
[max_delta_step: 0]
[lambda_l1: 0]
[lambda_l2: 0]
[linear_lambda: 0]
[min_gain_to_split: 0]
[drop_rate: 0.1]
[max_drop: 50]
[skip_drop: 0.5]
[xgboost_dart_mode: 0]
[uniform_drop: 0]
[drop_seed: 17869]
[top_rate: 0.2]
[other_rate: 0.1]
[min_data_per_group: 100]
[max_cat_threshold: 32]
[cat_l2: 10]
[cat_smooth: 10]
[max_cat_to_onehot: 4]
[top_k: 20]
[monotone_constraints: ]
[monotone_constraints_method: basic]
[monotone_penalty: 0]
[feature_contri: ]
[forcedsplits_filename: ]
[refit_decay_rate: 0.9]
[tinygbdt_penalty_feature: 0.0625]
[tinygbdt_penalty_split: 0.015625]
[tinygbdt_forestsize: 64000]
[tinygbdt_precision: 7]
[cegb_tradeoff: 1]
[cegb_penalty_split: 0]
[cegb_penalty_feature_lazy: ]
[cegb_penalty_feature_coupled: ]
[path_smooth: 0]
[interaction_constraints: ]
[verbosity: 2]
[saved_feature_importance_type: 0]
[use_quantized_grad: 0]
[num_grad_quant_bins: 4]
[quant_train_renew_leaf: 0]
[stochastic_rounding: 1]
[linear_tree: 0]
[max_bin: 255]
[max_bin_by_feature: ]
[min_data_in_bin: 3]
[bin_construct_sample_cnt: 200000]
[data_random_seed: 175]
[is_enable_sparse: 1]
[enable_bundle: 1]
[use_missing: 1]
[zero_as_missing: 0]
[feature_pre_filter: 1]
[pre_partition: 0]
[two_round: 0]
[header: 0]
[label_column: ]
[weight_column: ]
[group_column: ]
[ignore_column: ]
[categorical_feature: ]
[forcedbins_filename: ]
[precise_float_parser: 0]
[parser_config_file: ]
[objective_seed: 16083]
[num_class: 1]
[is_unbalance: 0]
[scale_pos_weight: 1]
[sigmoid: 1]
[boost_from_average: 1]
[reg_sqrt: 0]
[alpha: 0.9]
[fair_c: 1]
[poisson_max_delta_step: 0.7]
[tweedie_variance_power: 1.5]
[lambdarank_truncation_level: 30]
[lambdarank_norm: 1]
[label_gain: ]
[lambdarank_position_bias_regularization: 0]
[eval_at: ]
[multi_error_top_k: 1]
[auc_mu_weights: ]
[num_machines: 1]
[local_listen_port: 12400]
[time_out: 120]
[machine_list_filename: ]
[machines: ]
[gpu_platform_id: -1]
[gpu_device_id: -1]
[gpu_use_dp: 0]
[num_gpu: 1]

end of parameters
