tree
version=v4
num_class=1
num_tree_per_iteration=1
label_index=0
max_feature_idx=7
objective=regression
feature_names=Column_0 Column_1 Column_2 Column_3 Column_4 Column_5 Column_6 Column_7
feature_infos=[-1.570595979690552:1.570752859115601] [-1.570681214332581:1.5706571340560909] [-1.5706690549850459:1.5707360506057739] [-1.5702953338623051:1.5700980424880981] [-1.570364356040955:1.570599317550659] [-1.5702542066574101:1.5705970525741582] [-1.570304274559021:1.5705224275588989] [-1.5689036846160889:1.570236444473267]
tree_sizes=909 933 931 940 939 934 934 940 939 868 873 662 873 662 733

Tree=0
num_leaves= 8
num_cat= 0
full_tree_array_lgbids= 0 1 3 4 2 5 6 -1 -6 -3 -4 -2 -7 -5 -8
split_feature= 2 4 2 2 2 4 6
split_gain= 107.59 23.3954 8.78109 5.59026 4.51627 3.29959 2.97268
threshold= 0.22240778803825376 -0.13487913459539411 -0.33504875004291529 0.831111639738083 -0.35692687332630152 -0.62264147400856007 0.23248040676116946
decision_type= 2 2 2 2 2 2 2
left_child=1 4 -3 5 -1 -2 -5
right_child=3 2 -4 6 -6 -7 -8
leaf_value= 0.7213570868071123 0.69735410501160522 0.73837575163418767 0.72390993572897133 0.7002141175522546 0.71020291729298435 0.70848008798438644 0.69110916885282936
leaf_weight=1153 388 1347 619 894 546 964 642
leaf_count=1153 388 1347 619 894 546 964 642
model_size=816
internal_value=0.715004 0.726381 0.733821 0.700565 0.717773 0.705287 0.696409
internal_weight=0 3665 1966 2888 1699 1352 1536
internal_count=6553 3665 1966 2888 1699 1352 1536
is_linear=0
shrinkage=1


Tree=1
num_leaves= 8
num_cat= 0
full_tree_array_lgbids= 0 1 3 4 2 6 5 -1 -6 -3 -4 -2 -8 -5 -7
split_feature= 2 4 2 2 2 6 6
split_gain= 86.9015 18.8443 7.05338 4.47497 3.21511 2.69142 1.77336
threshold= 0.22240778803825376 -0.25070770084857935 -0.36874486505985254 0.6500774919986726 -0.35692687332630152 -0.08627330511808394 0.56632831692695629
decision_type= 2 2 2 2 2 2 2
left_child=1 4 -3 6 -1 -5 -2
right_child=3 2 -4 5 -6 -7 -8
leaf_value= 0.0051552576205408911 -0.0038534662303889009 0.020739963801197244 0.0081968422868237845 -0.011759475566418539 -0.0049947355027063801 -0.019703645498932942 -0.013735429696371836
leaf_weight=1068 632 1386 707 930 504 996 330
leaf_count=1068 632 1386 707 930 504 996 330
model_size=816
internal_value=0 0.0102399 0.016503 -0.0129949 0.00190106 -0.0158677 -0.00724333
internal_weight=0 3665 2093 2888 1572 1926 962
internal_count=6553 3665 2093 2888 1572 1926 962
is_linear=0
shrinkage=0.1


Tree=2
num_leaves= 8
num_cat= 0
full_tree_array_lgbids= 0 1 2 4 3 6 5 -1 -6 -3 -5 -2 -8 -4 -7
split_feature= 2 4 2 6 1 3 6
split_gain= 70.3964 15.5803 5.27947 5.00207 2.44178 2.097 1.95115
threshold= 0.11063466221094136 -0.13487913459539411 0.60325127840042125 1.0996640324592593 -0.7610255479812621 0.4248598068952561 0.56632831692695629
decision_type= 2 2 2 2 2 2 2
left_child=1 4 6 -3 -1 -4 -2
right_child=2 3 5 -5 -6 -7 -8
leaf_value= 0.0096794581127782036 -0.0015816725431822315 0.018731387599230705 -0.011436426607955928 0.003735236153134132 -1.130703668344494e-06 -0.018991432937807615 -0.011622565505337358
leaf_weight=432 717 1536 1324 292 1171 706 375
leaf_count=432 717 1536 1324 292 1171 706 375
model_size=816
internal_value=0 0.00992198 -0.010904 0.0163359 0.00260774 -0.0140639 -0.00502978
internal_weight=0 3431 3122 1828 1603 2030 1092
internal_count=6553 3431 3122 1828 1603 2030 1092
is_linear=0
shrinkage=0.1


Tree=3
num_leaves= 8
num_cat= 0
full_tree_array_lgbids= 0 1 3 5 2 6 4 -1 -7 -3 -4 -2 -8 -5 -6
split_feature= 2 4 2 5 3 5 0
split_gain= 56.8725 12.5134 5.79485 3.33622 6.10387 2.03436 1.73991
threshold= 0.22240778803825376 -0.47479055821895594 -0.52795374393463124 0.12283720821142197 -0.10433290526270864 -0.95036792755126931 0.14897394180297854
decision_type= 2 2 2 2 2 2 2
left_child=1 5 -3 6 -5 -1 -2
right_child=3 2 -4 4 -6 -7 -8
leaf_value= 0.0096962771564425079 -0.0035068845649347362 0.017204623351928901 0.0066054166631739188 -0.0070360980870565436 -0.021386771203920574 -0.0020847809053262546 -0.011564090911946941
leaf_weight=245 862 1376 1002 632 703 1042 691
leaf_count=245 862 1376 1002 632 703 1042 691
model_size=816
internal_value=0 0.00832072 0.0127385 -0.0105594 -0.014593 0.000157922 -0.0070919
internal_weight=0 3665 2378 2888 1335 1287 1553
internal_count=6553 3665 2378 2888 1335 1287 1553
is_linear=0
shrinkage=0.1


Tree=4
num_leaves= 8
num_cat= 0
full_tree_array_lgbids= 0 1 3 5 2 4 6 -1 -7 -3 -4 -2 -6 -5 -8
split_feature= 2 4 5 2 4 0 6
split_gain= 45.9854 10.1586 3.65005 3.56391 2.39468 1.60884 0.859273
threshold= 0.11063466221094136 -0.092393502593040452 0.65354096889495861 0.89601022005081188 -0.62264147400856007 -0.15831713378429405 0.80478918552398693
decision_type= 2 2 2 2 2 2 2
left_child=1 5 -3 4 -2 -1 -5
right_child=3 2 -4 6 -6 -7 -8
leaf_value= 0.0064130585305646297 -0.012411314755527994 0.016803975915545537 0.005727016841038656 -0.011075984423709828 -0.0026273860996949474 -0.0014920579954222221 -0.019620015967260204
leaf_weight=753 493 1258 532 1080 1223 888 326
leaf_count=753 493 1258 532 1080 1223 888 326
model_size=816
internal_value=0 0.00807061 0.0135118 -0.0088694 -0.00543827 0.00213534 -0.013057
internal_weight=0 3431 1790 3122 1716 1641 1406
internal_count=6553 3431 1790 3122 1716 1641 1406
is_linear=0
shrinkage=0.1


Tree=5
num_leaves= 8
num_cat= 0
full_tree_array_lgbids= 0 1 2 4 3 6 5 -1 -6 -3 -5 -2 -8 -4 -7
split_feature= 2 4 2 1 4 5 6
split_gain= 37.3978 8.02439 6.10919 2.06109 1.72805 1.582 1.43118
threshold= -0.21647498756647107 0.56924891471862804 0.47420810163021093 -0.051532631739974015 -0.77998724579811085 0.4545369297266007 0.40036414563655859
decision_type= 2 2 2 2 2 2 2
left_child=1 4 6 -3 -1 -4 -2
right_child=2 3 5 -5 -6 -7 -8
leaf_value= 4.4485060985203343e-05 0.0023865379778194506 0.023865484427455265 -0.0074498999258856089 0.011827176784091578 0.0081277012651817648 -0.014630583927436359 -0.0062893503101290327
leaf_weight=720 889 408 1518 487 1141 824 566
leaf_count=720 889 408 1518 487 1141 824 566
model_size=816
internal_value=0 0.00899952 -0.00653218 0.017315 0.0050004 -0.00997632 -0.000988412
internal_weight=0 2756 3797 895 1861 2342 1455
internal_count=6553 2756 3797 895 1861 2342 1455
is_linear=0
shrinkage=0.1


Tree=6
num_leaves= 8
num_cat= 0
full_tree_array_lgbids= 0 1 2 5 3 4 6 -1 -7 -3 -5 -2 -6 -4 -8
split_feature= 2 4 2 5 4 1 6
split_gain= 29.9511 5.52866 4.75034 1.72376 1.3054 1.25445 1.05407
threshold= -0.24277038127183911 0.56924891471862804 0.52685046195983898 0.65354096889495861 0.29228626191616064 -0.015152493026107548 0.51476114988327037
decision_type= 2 2 2 2 2 2 2
left_child=1 5 4 -3 -2 -1 -4
right_child=2 3 6 -5 -6 -7 -8
leaf_value= 0.0085005411317003021 -0.0046118426572064573 0.01943129102429644 -0.0068779283556965722 0.0064412383898072483 0.0036098105375035523 0.00091475412548193283 -0.013933347059980367
leaf_weight=924 949 614 1476 262 688 904 736
leaf_count=924 949 614 1476 262 688 904 736
model_size=816
internal_value=0 0.00824699 -0.00579367 0.0155461 -0.00115644 0.00474915 -0.00922548
internal_weight=0 2704 3849 876 1637 1828 2212
internal_count=6553 2704 3849 876 1637 1828 2212
is_linear=0
shrinkage=0.1


Tree=7
num_leaves= 8
num_cat= 0
full_tree_array_lgbids= 0 1 3 5 2 6 4 -1 -7 -3 -4 -2 -8 -5 -6
split_feature= 2 4 6 5 3 5 0
split_gain= 23.9356 5.5115 3.04078 1.32487 3.89983 0.815938 0.425131
threshold= 0.22240778803825376 -0.67562311887741078 0.64664298295974743 0.12283720821142197 -0.10433290526270864 -0.47944049537181849 0.30019079148769384
decision_type= 2 2 2 2 2 2 2
left_child=1 5 -3 6 -5 -1 -2
right_child=3 2 -4 4 -6 -7 -8
leaf_value= 0.004985530902542841 -0.0011522962629530017 0.011099379739862643 0.0018596358057854805 -0.0036717746645553227 -0.016519677648893765 -0.0048563697403354693 -0.0085124578001432236
leaf_weight=387 932 1825 769 632 703 684 621
leaf_count=387 932 1825 769 632 703 684 621
model_size=816
internal_value=0 0.00553726 0.00836023 -0.00702703 -0.0104374 -0.00130005 -0.00409541
internal_weight=0 3665 2594 2888 1335 1071 1553
internal_count=6553 3665 2594 2888 1335 1071 1553
is_linear=0
shrinkage=0.1


Tree=8
num_leaves= 8
num_cat= 0
full_tree_array_lgbids= 0 2 1 5 4 3 6 -1 -7 -4 -6 -2 -5 -3 -8
split_feature= 2 2 4 4 5 1 7
split_gain= 20.209 2.85742 2.59875 1.5796 0.797257 0.650465 0.451201
threshold= -0.33504875004291529 0.70152944326400768 0.56924891471862804 0.26278324425220495 0.65354096889495861 -0.041156854480504983 -1.2809419631958008
decision_type= 2 2 2 2 2 2 2
left_child=2 3 5 -2 -4 -1 -3
right_child=1 6 4 -5 -6 -7 -8
leaf_value= 0.0082253429731786037 -0.0048328873113003953 -0.019467161129585204 0.017003672689979637 0.0030467643255467553 0.0048426758131408787 0.00069204235218438671 -0.0072117353074719745
leaf_weight=847 1277 162 570 932 249 856 1660
leaf_count=847 1277 162 570 932 249 856 1660
model_size=816
internal_value=0 -0.00457881 0.00731847 -0.00150838 0.0133064 0.00443879 -0.00830141
internal_weight=0 4031 2522 2209 819 1703 1822
internal_count=6553 4031 2522 2209 819 1703 1822
is_linear=0
shrinkage=0.1


Tree=9
num_leaves= 7
num_cat= 0
full_tree_array_lgbids= 0 2 1 -1 3 4 5 -2147483648 -2147483648 -4 -5 -2 -6 -3 -7
split_feature= 2 2 4 6 0 7
split_gain= 15.8645 1.91874 1.87094 1.05998 0.709827 0.351398
threshold= -0.34356653690338129 0.4504156112670899 -0.3957854956388473 0.64664298295974743 0.34253489971160894 -1.1613988280296323
decision_type= 2 2 2 2 2 2
left_child=2 4 -1 -4 -2 -3
right_child=1 5 3 -5 -6 -7
leaf_value= 0.0016047435189910726 0.0029273587676685899 -0.014602803481526698 0.012618903848129368 0.003021016647416669 -0.005249247021106419 -0.005442381076888294
leaf_weight=939 990 319 1081 476 673 2075
leaf_count=939 990 319 1081 476 673 2075
model_size=704
internal_value=0 -0.00408822 0.00664499 0.00968468 -0.000381634 -0.00666301
internal_weight=0 4057 2496 1557 1663 2394
internal_count=6553 4057 2496 1557 1663 2394
is_linear=0
shrinkage=0.1


Tree=10
num_leaves= 7
num_cat= 0
full_tree_array_lgbids= 0 3 1 5 -5 4 2 -1 -7 -2147483648 -2147483648 -2 -6 -3 -4
split_feature= 2 6 3 1 0 0
split_gain= 12.3495 1.79122 7.84736 1.6101 0.619521 0.36239
threshold= -0.36874486505985254 0.40036414563655859 0.03902785666286946 -0.041156854480504983 0.20387880504131317 0.24408297240734103
decision_type= 2 2 2 2 2 2
left_child=3 4 -3 5 -2 -1
right_child=1 2 -4 -5 -6 -7
leaf_value= 0.014089898439452665 0.0016570994785431352 0.00058695225225963545 -0.015422293357333004 0.0022981643662801621 -0.0049599725620489742 0.0048037582258941862
leaf_weight=679 1445 763 794 1258 1107 507
leaf_count=679 1445 763 794 1258 1107 507
model_size=704
internal_value=0 -0.00362464 -0.00757704 0.00609396 -0.00121324 0.0101202
internal_weight=0 4109 1557 2444 2552 1186
internal_count=6553 4109 1557 2444 2552 1186
is_linear=0
shrinkage=0.1


Tree=11
num_leaves= 4
num_cat= 0
full_tree_array_lgbids= 0 1 -2 -1 2 -2147483648 -2147483648 -2147483648 -2147483648 -3 -4 -2147483648 -2147483648 -2147483648 -2147483648
split_feature= 2 4 5
split_gain= 9.78124 2.32777 1.5769
threshold= 0.29799550771713262 -0.80669787526130665 0.65354096889495861
decision_type= 2 2 2
left_child=1 -1 -3
right_child=-2 2 -4
leaf_value= -0.0023447510058337857 -0.0050739552115794742 0.0080193170048347105 -0.00011001660387559109
leaf_weight=968 2732 2023 830
leaf_count=968 2732 2023 830
model_size=368
internal_value=0 0.00362786 0.00565432
internal_weight=0 3821 2853
internal_count=6553 3821 2853
is_linear=0
shrinkage=0.1


Tree=12
num_leaves= 7
num_cat= 0
full_tree_array_lgbids= 0 3 1 5 -5 4 2 -1 -7 -2147483648 -2147483648 -2 -6 -3 -4
split_feature= 2 5 3 4 0 0
split_gain= 7.88069 1.13331 5.1317 0.875885 0.52693 0.0800016
threshold= -0.36874486505985254 0.21436554193496707 -0.10433290526270864 0.8823601007461549 0.31741669774055487 -0.091760963201522827
decision_type= 2 2 2 2 2 2
left_child=3 4 -3 5 -2 -1
right_child=1 2 -4 -5 -6 -7
leaf_value= 0.006952617596706687 0.0023430199346219181 0.0004311648546654506 -0.012726041986415464 0.011929449646125719 -0.0048132977002825717 -0.00029274498549498136
leaf_weight=908 1412 830 912 546 955 990
leaf_count=908 1412 830 912 546 955 990
model_size=704
internal_value=0 -0.00305102 -0.00645711 0.00512956 -0.000544299 0.00317342
internal_weight=0 4109 1742 2444 2367 1898
internal_count=6553 4109 1742 2444 2367 1898
is_linear=0
shrinkage=0.1


Tree=13
num_leaves= 4
num_cat= 0
full_tree_array_lgbids= 0 1 -2 -1 2 -2147483648 -2147483648 -2147483648 -2147483648 -3 -4 -2147483648 -2147483648 -2147483648 -2147483648
split_feature= 2 4 5
split_gain= 6.2141 1.51336 1.10438
threshold= 0.4504156112670899 0.21189168095588687 0.65354096889495861
decision_type= 2 2 2
left_child=1 -1 -3
right_child=-2 2 -4
leaf_value= 3.5429241383049503e-05 -0.0048193516222071551 0.0092719093671954651 -0.00057965577198114578
leaf_weight=2352 2394 1269 538
leaf_count=2352 2394 1269 538
model_size=368
internal_value=0 0.00277411 0.00633879
internal_weight=0 4159 1807
internal_count=6553 4159 1807
is_linear=0
shrinkage=0.1


Tree=14
num_leaves= 5
num_cat= 0
full_tree_array_lgbids= 0 3 1 -1 -5 -2 2 -2147483648 -2147483648 -2147483648 -2147483648 -2147483648 -2147483648 -3 -4
split_feature= 2 6 3 1
split_gain= 5.03075 1.03915 5.32287 0.454229
threshold= -0.62022417783737172 0.48795536160469061 0.03902785666286946 -0.47579921782016749
decision_type= 2 2 2 2
left_child=3 -2 -3 -1
right_child=1 2 -4 -5
leaf_value= 0.010902627277844678 -0.00011672224095574137 0.0011216198834772513 -0.012865581172422936 0.0024147404617403685
leaf_weight=657 3023 800 832 1241
leaf_count=657 3023 800 832 1241
model_size=480
internal_value=0 -0.00218254 -0.00600911 0.00535286
internal_weight=0 4655 1632 1898
internal_count=6553 4655 1632 1898
is_linear=0
shrinkage=0.1


end of trees

feature_importances:
Column_2=28
Column_4=18
Column_6=12
Column_5=11
Column_0=8
Column_1=6
Column_3=6
Column_7=2

parameters:
[boosting: gbdt]
[objective: regression]
[metric: rmse]
[tree_learner: serial]
[device_type: cpu]
[data_sample_strategy: bagging]
[data: data/kin8nm.libsvm.train]
[valid: data/kin8nm.libsvm.test]
[num_iterations: 15]
[learning_rate: 0.1]
[num_leaves: 255]
[num_threads: 0]
[seed: 42]
[deterministic: 0]
[force_col_wise: 0]
[force_row_wise: 0]
[histogram_pool_size: -1]
[max_depth: 3]
[min_data_in_leaf: 10]
[min_sum_hessian_in_leaf: 0.001]
[bagging_fraction: 1]
[pos_bagging_fraction: 1]
[neg_bagging_fraction: 1]
[bagging_freq: 0]
[bagging_seed: 400]
[feature_fraction: 1]
[feature_fraction_bynode: 1]
[feature_fraction_seed: 30056]
[extra_trees: 0]
[extra_seed: 12879]
[early_stopping_round: 0]
[early_stopping_min_delta: 0]
[first_metric_only: 0]
[max_delta_step: 0]
[lambda_l1: 0]
[lambda_l2: 0]
[linear_lambda: 0]
[min_gain_to_split: 0]
[drop_rate: 0.1]
[max_drop: 50]
[skip_drop: 0.5]
[xgboost_dart_mode: 0]
[uniform_drop: 0]
[drop_seed: 17869]
[top_rate: 0.2]
[other_rate: 0.1]
[min_data_per_group: 100]
[max_cat_threshold: 32]
[cat_l2: 10]
[cat_smooth: 10]
[max_cat_to_onehot: 4]
[top_k: 20]
[monotone_constraints: ]
[monotone_constraints_method: basic]
[monotone_penalty: 0]
[feature_contri: ]
[forcedsplits_filename: ]
[refit_decay_rate: 0.9]
[tinygbdt_penalty_feature: 0.0078125]
[tinygbdt_penalty_split: 0.015625]
[tinygbdt_forestsize: 64000]
[tinygbdt_precision: 7]
[cegb_tradeoff: 1]
[cegb_penalty_split: 0]
[cegb_penalty_feature_lazy: ]
[cegb_penalty_feature_coupled: ]
[path_smooth: 0]
[interaction_constraints: ]
[verbosity: 2]
[saved_feature_importance_type: 0]
[use_quantized_grad: 0]
[num_grad_quant_bins: 4]
[quant_train_renew_leaf: 0]
[stochastic_rounding: 1]
[linear_tree: 0]
[max_bin: 255]
[max_bin_by_feature: ]
[min_data_in_bin: 3]
[bin_construct_sample_cnt: 200000]
[data_random_seed: 175]
[is_enable_sparse: 1]
[enable_bundle: 1]
[use_missing: 1]
[zero_as_missing: 0]
[feature_pre_filter: 1]
[pre_partition: 0]
[two_round: 0]
[header: 0]
[label_column: ]
[weight_column: ]
[group_column: ]
[ignore_column: ]
[categorical_feature: ]
[forcedbins_filename: ]
[precise_float_parser: 0]
[parser_config_file: ]
[objective_seed: 16083]
[num_class: 1]
[is_unbalance: 0]
[scale_pos_weight: 1]
[sigmoid: 1]
[boost_from_average: 1]
[reg_sqrt: 0]
[alpha: 0.9]
[fair_c: 1]
[poisson_max_delta_step: 0.7]
[tweedie_variance_power: 1.5]
[lambdarank_truncation_level: 30]
[lambdarank_norm: 1]
[label_gain: ]
[lambdarank_position_bias_regularization: 0]
[eval_at: ]
[multi_error_top_k: 1]
[auc_mu_weights: ]
[num_machines: 1]
[local_listen_port: 12400]
[time_out: 120]
[machine_list_filename: ]
[machines: ]
[gpu_platform_id: -1]
[gpu_device_id: -1]
[gpu_use_dp: 0]
[num_gpu: 1]

end of parameters
