tree
version=v4
num_class=1
num_tree_per_iteration=1
label_index=0
max_feature_idx=8
objective=regression
feature_names=Column_0 Column_1 Column_2 Column_3 Column_4 Column_5 Column_6 Column_7 Column_8
feature_infos=none [0.49990000000000001:15.0001] [1:52] [0.88888888888888884:141.90909090909091] [0.33333333333333331:25.63636363636364] [3:35682] [0.69230769230769229:1243.333333333333] [32.549999999999997:41.950000000000003] [-124.34999999999999:-114.31]
tree_sizes=895 918 922 921 917 922 921 856 922 859 864 856 921 795 933 866 924 932 862 862 858 729 869 798 730 858 659 856 731 726

Tree=0
num_leaves= 8
num_cat= 0
full_tree_array_lgbids= 0 1 2 5 3 4 6 -1 -7 -3 -5 -2 -6 -4 -8
split_feature= 1 1 1 6 6 3 1
split_gain= 6956.71 1654.18 1261.15 945.323 400.437 287.385 125.232
threshold= 5.0387000000000013 3.0679500000000002 6.8672000000000013 2.3489548886254448 2.671038674349933 4.3101408005062494 7.852450000000001
decision_type= 2 2 2 2 2 2 2
left_child=1 5 4 -3 -2 -1 -4
right_child=2 3 6 -5 -6 -7 -8
leaf_value= 2.0271553702362852 2.2124016810384575 2.1448965452081059 2.2437582437954506 2.0525059688733616 2.1260912310358373 1.9812300134534242 2.3227113326055062
leaf_weight=2599 911 1463 431 5268 1601 3630 609
leaf_count=2599 911 1463 431 5268 1601 3630 609
model_size=816
internal_value=2.07195 2.03789 2.19622 2.07259 2.15739 2.00039 2.28999
internal_weight=0 12960 3552 6731 2512 6229 1040
internal_count=16512 12960 3552 6731 2512 6229 1040
is_linear=0
shrinkage=1


Tree=1
num_leaves= 8
num_cat= 0
full_tree_array_lgbids= 0 1 3 4 2 5 6 -1 -6 -3 -4 -2 -7 -5 -8
split_feature= 1 1 6 1 6 2 2
split_gain= 5658.24 1816.01 888.943 553.468 315.352 202.218 13.5116
threshold= 5.6042500000000013 3.1913000000000005 2.4136952392348086 7.7055000000000016 2.1628386478062818 27.500000000000004 18.500000000000004
decision_type= 2 2 2 2 2 2 2
left_child=1 4 -3 5 -1 -2 -5
right_child=3 2 -4 6 -6 -7 -8
leaf_value= -0.0082740533818989534 0.08366184650830015 0.073703667606659334 -0.009300027036995534 0.18235227567940088 -0.071020922948427975 0.16009667489878079 0.23912470343303474
leaf_weight=1042 1104 1769 5483 207 5812 632 463
leaf_count=1042 1104 1769 5483 207 5812 632 463
model_size=816
internal_value=0 -0.0242454 0.0109473 0.142147 -0.0614816 0.111488 0.221585
internal_weight=0 14106 7252 2406 6854 1736 670
internal_count=16512 14106 7252 2406 6854 1736 670
is_linear=0
shrinkage=0.1


Tree=2
num_leaves= 8
num_cat= 0
full_tree_array_lgbids= 0 2 1 5 3 4 6 -1 -7 -4 -5 -2 -6 -3 -8
split_feature= 1 1 1 6 6 3 1
split_gain= 4682.23 1223.61 826.331 712.143 363.528 215.524 159.555
threshold= 4.5301500000000017 6.3350000000000009 2.6597500000000003 2.2634687595142249 2.735488224282792 3.8792159595040387 8.4454500000000028
decision_type= 2 2 2 2 2 2 2
left_child=2 4 5 -4 -2 -1 -3
right_child=1 6 3 -5 -6 -7 -8
leaf_value= -0.031434199577858646 0.09135010436317291 0.13749602040931769 0.054125912536775955 -0.028090511297110696 0.020804448647833221 -0.082837807867825727 0.2172294901010576
leaf_weight=1324 1343 1048 1361 5802 1959 3249 426
leaf_count=1324 1343 1048 1361 5802 1959 3249 426
model_size=816
internal_value=0 0.0837677 -0.0340895 -0.012469 0.049497 -0.0679552 0.16054
internal_weight=0 4776 11736 7163 3302 4573 1474
internal_count=16512 4776 11736 7163 3302 4573 1474
is_linear=0
shrinkage=0.1


Tree=3
num_leaves= 8
num_cat= 0
full_tree_array_lgbids= 0 1 2 4 3 5 6 -1 -6 -3 -5 -2 -7 -4 -8
split_feature= 1 1 1 6 6 6 2
split_gain= 3832.66 963.474 591.587 466.193 350.609 232.135 57.4669
threshold= 5.1326000000000009 3.5488500000000003 6.8672000000000013 2.4136952392348086 2.2352443515477258 2.5891438608419741 26.500000000000004
decision_type= 2 2 2 2 2 2 2
left_child=1 4 5 -3 -1 -2 -4
right_child=2 3 6 -5 -6 -7 -8
leaf_value= -0.00032717859172592273 0.1209627634686425 0.068317707879618536 0.1342409225415204 -0.00639358281591507 -0.055714748827192177 0.045392299710737806 0.19367872728995034
leaf_weight=1538 655 1174 572 3769 6732 1604 468
leaf_count=1538 655 1174 572 3769 6732 1604 468
model_size=816
internal_value=0 -0.0241783 0.0968376 0.0113509 -0.0454141 0.0673041 0.160988
internal_weight=0 13213 3299 4943 8270 2259 1040
internal_count=16512 13213 3299 4943 8270 2259 1040
is_linear=0
shrinkage=0.1


Tree=4
num_leaves= 8
num_cat= 0
full_tree_array_lgbids= 0 2 1 5 4 3 6 -1 -7 -4 -6 -2 -5 -3 -8
split_feature= 1 1 6 6 1 7 1
split_gain= 3130.94 1015.21 452.672 360.296 305.464 161.355 116.175
threshold= 4.125700000000001 6.2770500000000009 2.0376051459673437 2.735488224282792 2.4115000000000006 37.935000000000009 7.852450000000001
decision_type= 2 2 2 2 2 2 2
left_child=2 3 5 -2 -4 -1 -3
right_child=1 6 4 -5 -6 -7 -8
leaf_value= 0.046723925516650888 0.068050297178407743 0.10389827527151019 -0.067531376630762072 0.0079221475636292223 -0.027153371211985456 -0.060995450262528131 0.16779304719078914
leaf_weight=961 1893 927 3129 2571 6218 204 609
leaf_count=961 1893 927 3129 2571 6218 204 609
model_size=816
internal_value=0 0.0579478 -0.0330752 0.03342 -0.0406703 0.0278615 0.129232
internal_weight=0 6000 10512 4464 9347 1165 1536
internal_count=16512 6000 10512 4464 9347 1165 1536
is_linear=0
shrinkage=0.1


Tree=5
num_leaves= 8
num_cat= 0
full_tree_array_lgbids= 0 1 3 4 2 5 6 -1 -6 -3 -4 -2 -7 -5 -8
split_feature= 1 1 6 1 3 6 1
split_gain= 2584.43 741.639 502.707 322.083 171.185 149.223 9.73677
threshold= 5.2771000000000017 2.7820000000000005 2.2982753493904258 7.3930000000000016 3.8792159595040387 2.9432978723404259 8.7395500000000013
decision_type= 2 2 2 2 2 2 2
left_child=1 4 -3 5 -1 -2 -5
right_child=3 2 -4 6 -6 -7 -8
leaf_value= -0.017088251020950487 0.08918849631232631 0.051351511427174826 -0.012463528092660263 0.1204733240796758 -0.061943468674109083 0.030718887030665023 0.16777664620582372
leaf_weight=1413 1247 1636 6797 428 3683 943 365
leaf_count=1413 1247 1636 6797 428 3683 943 365
model_size=816
internal_value=0 -0.0186996 -8.34256e-05 0.0848096 -0.0495062 0.0640119 0.142246
internal_weight=0 13529 8433 2983 5096 2190 793
internal_count=16512 13529 8433 2983 5096 2190 793
is_linear=0
shrinkage=0.1


Tree=6
num_leaves= 8
num_cat= 0
full_tree_array_lgbids= 0 2 1 5 3 4 6 -1 -7 -4 -5 -2 -6 -3 -8
split_feature= 1 1 1 6 6 3 2
split_gain= 2142.48 511.612 399.866 381.618 181.096 132.99 85.9172
threshold= 4.5301500000000017 6.3963500000000009 2.5044000000000004 2.0653737590585881 2.5219735498882589 3.4845502266762112 26.500000000000004
decision_type= 2 2 2 2 2 2 2
left_child=2 4 5 -4 -2 -1 -3
right_child=1 6 3 -5 -6 -7 -8
leaf_value= -0.0042477867484233996 0.07866960336471257 0.083560118447945586 0.053497639492713425 -0.018075561737046775 0.020317901281742174 -0.060106526585978828 0.14253657404181178
leaf_weight=646 847 800 920 6970 2517 3200 612
leaf_count=646 847 800 920 6970 2517 3200 612
model_size=816
internal_value=0 0.0569208 -0.0231641 -0.00972989 0.0350099 -0.0507241 0.109122
internal_weight=0 4776 11736 7890 3364 3846 1412
internal_count=16512 4776 11736 7890 3364 3846 1412
is_linear=0
shrinkage=0.1


Tree=7
num_leaves= 7
num_cat= 0
full_tree_array_lgbids= 0 2 1 3 -4 4 5 -1 -5 -2147483648 -2147483648 -2 -6 -3 -7
split_feature= 1 1 7 8 6 2
split_gain= 1773.26 554.084 313.175 534.383 221.695 128.229
threshold= 4.0612500000000002 5.8308000000000009 37.925000000000004 -122.31499999999998 2.6829812717770039 26.500000000000004
decision_type= 2 2 2 2 2 2
left_child=2 4 3 -1 -2 -3
right_child=1 5 -4 -5 -6 -7
leaf_value= 0.10838538720591794 0.051811183091518311 0.0619402061765865 -0.061716288785017684 -0.02202612074400441 0.00087018854092307026 0.11857025996137943
leaf_weight=350 1615 1219 2144 7753 2556 875
leaf_count=350 1615 1219 2144 7753 2556 875
model_size=704
internal_value=0 0.042323 -0.0258762 -0.0163931 0.0205944 0.0856037
internal_weight=0 6265 10247 8103 4171 2094
internal_count=16512 6265 10247 8103 4171 2094
is_linear=0
shrinkage=0.1


Tree=8
num_leaves= 8
num_cat= 0
full_tree_array_lgbids= 0 2 1 4 5 3 6 -1 -6 -4 -7 -2 -5 -3 -8
split_feature= 1 1 6 2 7 7 2
split_gain= 1429.82 429.678 265.736 207.307 197.332 169.823 50.6884
threshold= 4.125700000000001 6.3350000000000009 2.2982753493904258 36.500000000000007 37.935000000000009 34.455000000000005 21.500000000000004
decision_type= 2 2 2 2 2 2 2
left_child=2 3 4 -2 -1 -4 -3
right_child=1 6 5 -5 -6 -7 -8
leaf_value= 0.027677169219891232 0.012195252455326041 0.059808731187561526 -0.015743577798094818 0.070813532204159368 -0.050212679848712138 -0.047198561054087311 0.10878518466581727
leaf_weight=1718 3650 619 4210 876 494 4090 855
leaf_count=1718 3650 619 4210 876 494 4090 855
model_size=816
internal_value=0 0.0394297 -0.0225055 0.0235407 0.0102822 -0.0312437 0.0882177
internal_weight=0 6000 10512 4526 2212 8300 1474
internal_count=16512 6000 10512 4526 2212 8300 1474
is_linear=0
shrinkage=0.1


Tree=9
num_leaves= 7
num_cat= 0
full_tree_array_lgbids= 0 1 4 3 2 5 -6 -1 -5 -3 -4 -2 -7 -2147483648 -2147483648
split_feature= 1 1 6 3 1 2
split_gain= 1170.5 435.859 289.659 149.164 104.15 69.0441
threshold= 5.6042500000000013 3.3277500000000004 2.5357030921530415 4.5044954944033631 7.7055000000000016 26.500000000000004
decision_type= 2 2 2 2 2 2
left_child=1 3 -3 -1 5 -2
right_child=4 2 -4 -5 -6 -7
leaf_value= -0.011995530527089954 0.030807123625507218 0.040574548417619455 -0.0068976996281434185 -0.043583944966277294 0.10426468323054378 0.081210531299379926
leaf_weight=3549 1059 2113 4563 3881 670 677
leaf_count=3549 1059 2113 4563 3881 670 677
model_size=704
internal_value=0 -0.0111627 0.00812759 -0.0284955 0.0654454 0.0504633
internal_weight=0 14106 6676 7430 2406 1736
internal_count=16512 14106 6676 7430 2406 1736
is_linear=0
shrinkage=0.1


Tree=10
num_leaves= 7
num_cat= 0
full_tree_array_lgbids= 0 1 3 5 2 4 -5 -1 -7 -3 -4 -2 -6 -2147483648 -2147483648
split_feature= 1 1 6 1 2 3
split_gain= 968.678 270.419 252.028 190.737 137.581 67.3033
threshold= 4.6754000000000007 2.2336500000000004 2.4206262209680918 7.3930000000000016 21.500000000000004 3.5232617427316812
decision_type= 2 2 2 2 2 2
left_child=1 5 -3 4 -2 -1
right_child=3 2 -4 -5 -6 -7
leaf_value= -0.0050960416290155054 0.0037941093572490363 0.02238937679764148 -0.016943073929151783 0.089462924566075727 0.048599732341614438 -0.052990638473904617
leaf_weight=562 1460 2579 6708 793 2126 2284
leaf_count=562 1460 2579 6708 793 2126 2284
model_size=704
internal_value=0 -0.0148196 -0.00602045 0.0410611 0.0303576 -0.0435329
internal_weight=0 12133 9287 4379 3586 2846
internal_count=16512 12133 9287 4379 3586 2846
is_linear=0
shrinkage=0.1


Tree=11
num_leaves= 7
num_cat= 0
full_tree_array_lgbids= 0 3 1 4 -5 2 5 -1 -6 -2147483648 -2147483648 -2 -4 -3 -7
split_feature= 1 1 2 7 8 2
split_gain= 812.79 268.593 190.13 154.898 284.418 49.7544
threshold= 3.8346500000000003 5.8308000000000009 18.500000000000004 38.475000000000001 -122.38499999999998 26.500000000000004
decision_type= 2 2 2 2 2 2
left_child=3 2 -2 4 -1 -3
right_child=1 5 -4 -5 -6 -7
leaf_value= 0.073964531853121254 -0.019554125750618434 0.041064599079282005 0.026877531885454282 -0.054742510812734915 -0.018335547009414203 0.082207449403090049
leaf_weight=396 1511 1219 3453 1331 7727 875
leaf_count=396 1511 1219 3453 1331 7727 875
model_size=704
internal_value=0 0.026247 0.0127441 -0.019595 -0.0138359 0.0582566
internal_weight=0 7058 4964 9454 8123 2094
internal_count=16512 7058 4964 9454 8123 2094
is_linear=0
shrinkage=0.1


Tree=12
num_leaves= 8
num_cat= 0
full_tree_array_lgbids= 0 3 1 4 5 2 6 -1 -6 -5 -7 -2 -4 -3 -8
split_feature= 1 6 7 7 8 8 1
split_gain= 651.633 231.987 193.208 142.303 386.076 342.745 85.2507
threshold= 3.9004500000000006 2.9742256672023202 37.925000000000004 34.455000000000005 -118.30499999999999 -121.675 6.8672000000000013
decision_type= 2 2 2 2 2 2 2
left_child=3 2 -2 4 -1 -5 -3
right_child=1 6 -4 5 -6 -7 -8
leaf_value= 0.05440182754671237 0.049200615601310012 -0.0096803389143565594 -0.01886148891205211 0.0001653258005179192 -0.018681838237040227 -0.056174254516994863 0.051247931429791241
leaf_weight=998 3639 2253 575 2175 3831 2656 385
leaf_count=998 3639 2253 575 2175 3831 2656 385
model_size=816
internal_value=0 0.0242435 0.0399135 -0.0171963 -0.00357778 -0.0308092 -0.00078823
internal_weight=0 6852 4214 9660 4829 4831 2638
internal_count=16512 6852 4214 9660 4829 4831 2638
is_linear=0
shrinkage=0.1


Tree=13
num_leaves= 6
num_cat= 0
full_tree_array_lgbids= 0 1 3 2 -3 4 -5 -1 -4 -2147483648 -2147483648 -2 -6 -2147483648 -2147483648
split_feature= 1 7 8 1 6
split_gain= 549.888 243.087 504.79 62.7454 56.1152
threshold= 5.3736000000000006 37.915000000000006 -122.31499999999998 8.7395500000000013 2.5763869593405579
decision_type= 2 2 2 2 2
left_child=1 2 -1 4 -2
right_child=3 -3 -4 -5 -6
leaf_value= 0.094737381634200687 0.06670696867952472 -0.037561640853929705 -0.0065762764590611908 0.090566370523254058 0.022540119086164614
leaf_weight=556 655 2673 10490 365 1773
leaf_count=556 655 2673 10490 365 1773
model_size=592
internal_value=0 -0.00850743 -0.00147666 0.0417878 0.034455
internal_weight=0 13719 11046 2793 2428
internal_count=16512 13719 11046 2793 2428
is_linear=0
shrinkage=0.1


Tree=14
num_leaves= 8
num_cat= 0
full_tree_array_lgbids= 0 3 1 4 5 2 6 -1 -6 -5 -7 -2 -4 -3 -8
split_feature= 1 6 2 6 7 7 1
split_gain= 460.842 196.334 191.255 94.3411 80.5966 64.8263 53.7673
threshold= 3.6530500000000008 2.9742256672023202 20.500000000000004 2.4839226633581473 37.895000000000003 34.455000000000005 8.0125000000000011
decision_type= 2 2 2 2 2 2 2
left_child=3 2 -2 4 -1 -5 -3
right_child=1 6 -4 5 -6 -7 -8
leaf_value= 0.014698274336426346 -0.0011595378009550241 -0.0084287096892205777 0.04636127999121447 -0.012292160916146414 -0.030980948945166828 -0.038528796879848906 0.060387311851890349
leaf_weight=1977 1450 2767 3358 3124 793 2836 207
leaf_count=1977 1450 2767 3358 3124 793 2836 207
model_size=816
internal_value=0 0.0183986 0.0320299 -0.0164007 0.00162115 -0.0247766 -0.00363889
internal_weight=0 7782 4808 8730 2770 5960 2974
internal_count=16512 7782 4808 8730 2770 5960 2974
is_linear=0
shrinkage=0.1


Tree=15
num_leaves= 7
num_cat= 0
full_tree_array_lgbids= 0 1 4 2 3 5 -6 -1 -4 -3 -5 -2 -7 -2147483648 -2147483648
split_feature= 1 8 7 7 6 7
split_gain= 390.424 225.94 323.498 40.288 32.0712 10.2325
threshold= 5.5682000000000009 -117.77499999999999 34.525000000000013 33.655000000000008 3.1424162072895592 37.955000000000005
decision_type= 2 2 2 2 2 2
left_child=1 2 -1 -3 5 -2
right_child=4 3 -4 -5 -6 -7
leaf_value= 0.020197807120108886 0.053178646437226973 -0.020439502852781177 -0.01554490416844917 -0.056355902751685463 0.010501139738071869 -0.0091487332108194271
leaf_weight=4896 1676 1349 6699 1100 658 134
leaf_count=4896 1676 1349 6699 1100 658 134
model_size=704
internal_value=0 -0.00675101 -0.00045251 -0.0365718 0.0384162 0.0485644
internal_weight=0 14044 11595 2449 2468 1810
internal_count=16512 14044 11595 2449 2468 1810
is_linear=0
shrinkage=0.1


Tree=16
num_leaves= 8
num_cat= 0
full_tree_array_lgbids= 0 4 1 6 5 2 3 -1 -8 -6 -7 -2 -4 -3 -5
split_feature= 1 6 2 1 1 3 3
split_gain= 323.357 166.807 157.141 146.628 80.5254 119.625 24.179
threshold= 3.6530500000000008 2.0653737590585881 17.500000000000004 6.3963500000000009 2.2210000000000005 4.5689898008742116 3.3654435698213785
decision_type= 2 2 2 2 2 2 2
left_child=4 2 -2 -3 6 -6 -1
right_child=1 3 -4 -5 5 -7 -8
leaf_value= 0.003170447988798385 -0.017512934120634534 0.0034490284502652342 0.11199894167113617 0.044393449780674908 0.013932650913869353 -0.019315654518326213 -0.037596292762533699
leaf_weight=448 165 5863 396 1358 2383 3566 2333
leaf_count=448 165 5863 396 1358 2383 3566 2333
model_size=816
internal_value=0 0.0156733 0.0739072 0.0111491 -0.0139714 -0.00599733 -0.0310291
internal_weight=0 7782 561 7221 8730 5949 2781
internal_count=16512 7782 561 7221 8730 5949 2781
is_linear=0
shrinkage=0.1


Tree=17
num_leaves= 8
num_cat= 0
full_tree_array_lgbids= 0 1 3 2 5 6 4 -1 -4 -3 -7 -2 -8 -5 -6
split_feature= 1 6 7 2 6 8 1
split_gain= 262.381 164.503 175.189 58.0091 73.3134 19.3101 11.2522
threshold= 4.6754000000000007 2.8079590171801518 37.945000000000007 17.500000000000004 2.2634687595142249 -117.79499999999999 9.1688500000000008
decision_type= 2 2 2 2 2 2 2
left_child=1 2 -1 6 -5 -3 -2
right_child=3 5 -4 4 -6 -7 -8
leaf_value= 0.015888180028441272 -0.0044031797638170314 -0.016551256401099286 -0.026506384408031131 0.08817742603926737 0.025730224659161024 -0.042032946406034839 0.083532985357348544
leaf_weight=4509 1269 4918 1616 321 2721 1090 68
leaf_count=4509 1269 4918 1616 321 2721 1090 68
model_size=816
internal_value=0 -0.0081109 0.00470294 0.0224731 0.0323198 -0.0211743 6.92654e-05
internal_weight=0 12133 6125 4379 3042 6008 1337
internal_count=16512 12133 6125 4379 3042 6008 1337
is_linear=0
shrinkage=0.1


Tree=18
num_leaves= 7
num_cat= 0
full_tree_array_lgbids= 0 4 1 5 -6 2 3 -1 -7 -2147483648 -2147483648 -2 -4 -3 -5
split_feature= 1 2 8 8 3 6
split_gain= 221.496 171.746 119.39 61.2509 18.1343 6.33803
threshold= 2.8762500000000002 47.500000000000007 -117.75499999999998 -122.29499999999999 4.2015099382944241 3.442186331338819
decision_type= 2 2 2 2 2 2
left_child=4 2 -2 -3 5 -1
right_child=1 3 -4 -5 -6 -7
leaf_value= 0.0073033177485624465 0.010345377171412184 0.10197772296984481 -0.022760781133039278 0.031401444472527754 -0.026152486152272444 -0.022481243872591022
leaf_weight=1231 8443 303 1744 600 3313 878
leaf_count=1231 8443 303 1744 600 3313 878
model_size=704
internal_value=0 0.00878191 0.00467765 0.0550832 -0.0179623 -0.00509632
internal_weight=0 11090 10187 903 5422 2109
internal_count=16512 11090 10187 903 5422 2109
is_linear=0
shrinkage=0.1


Tree=19
num_leaves= 7
num_cat= 0
full_tree_array_lgbids= 0 1 4 2 3 5 -6 -1 -4 -3 -5 -2 -7 -2147483648 -2147483648
split_feature= 1 6 7 8 1 2
split_gain= 202.076 156.165 180.053 17.3921 3.80048 4.01349
threshold= 5.8308000000000009 2.8396278889382178 37.935000000000009 -121.56499999999998 8.7395500000000013 32.500000000000007
decision_type= 2 2 2 2 2 2
left_child=1 2 -1 -3 5 -2
right_child=4 3 -4 -5 -6 -7
leaf_value= 0.01645925758448883 0.015064407269603015 0.0021731616335035411 -0.023381936671330702 -0.020982482186022191 0.062982897435455293 0.050092283146046204
leaf_weight=5617 1232 1303 1834 5664 365 497
leaf_count=5617 1232 1303 1834 5664 365 497
model_size=704
internal_value=0 -0.0046084 0.00665269 -0.0166518 0.0317306 0.0251331
internal_weight=0 14418 7451 6967 2094 1729
internal_count=16512 14418 7451 6967 2094 1729
is_linear=0
shrinkage=0.1


Tree=20
num_leaves= 7
num_cat= 0
full_tree_array_lgbids= 0 1 3 2 5 4 -5 -1 -4 -3 -7 -2 -6 -2147483648 -2147483648
split_feature= 8 7 6 7 8 8
split_gain= 171.907 272.795 275.612 42.6077 67.2151 8.84718
threshold= -117.75499999999998 37.925000000000004 3.102783329035586 33.695000000000007 -117.145 -122.40499999999999
decision_type= 2 2 2 2 2 2
left_child=1 2 -1 4 -2 -3
right_child=3 5 -4 -5 -6 -7
leaf_value= 0.025972520353863261 0.018423327808332404 -0.0006920258911155187 -0.0092977114872641303 -0.045850304258875096 -0.033128620439512146 -0.031350009526271531
leaf_weight=6819 709 674 4034 1137 931 2208
leaf_count=6819 709 674 4034 1137 931 2208
model_size=704
internal_value=0 0.00509009 0.0128628 -0.0251755 -0.0108418 -0.0241802
internal_weight=0 13735 10853 2777 1640 2882
internal_count=16512 13735 10853 2777 1640 2882
is_linear=0
shrinkage=0.1


Tree=21
num_leaves= 5
num_cat= 0
full_tree_array_lgbids= 0 1 -2 2 3 -2147483648 -2147483648 -1 -4 -3 -5 -2147483648 -2147483648 -2147483648 -2147483648
split_feature= 1 8 7 7
split_gain= 142.877 119.74 181.147 159.389
threshold= 5.6851000000000012 -122.38499999999998 38.705000000000005 34.455000000000005
decision_type= 2 2 2 2
left_child=1 2 -1 -3
right_child=-2 3 -4 -5
leaf_value= 0.058124889044925104 0.026295562684169629 0.0035261986817335632 -0.038494814268743627 -0.021383624858323354
leaf_weight=847 2280 7333 329 5723
leaf_count=847 2280 7333 329 5723
model_size=480
internal_value=0 -0.00421261 0.0310944 -0.00739284
internal_weight=0 14232 1176 13056
internal_count=16512 14232 1176 13056
is_linear=0
shrinkage=0.1


Tree=22
num_leaves= 7
num_cat= 0
full_tree_array_lgbids= 0 1 4 3 2 5 -6 -1 -5 -3 -4 -2 -7 -2147483648 -2147483648
split_feature= 8 7 8 8 7 8
split_gain= 139.431 207.88 512.735 220.287 25.5945 65.3408
threshold= -117.75499999999998 34.525000000000013 -121.63499999999998 -118.30499999999999 33.565000000000005 -117.16499999999998
decision_type= 2 2 2 2 2 2
left_child=1 3 -3 -1 5 -2
right_child=4 2 -4 -5 -6 -7
leaf_value= 0.046981760108412034 0.026729010903966295 0.015950698970628958 -0.038156587690302425 0.0039167148834079631 -0.039636275492731105 -0.028895064220884354
leaf_weight=2235 535 4419 3299 3782 1298 944
leaf_count=2235 535 4419 3299 3782 1298 944
model_size=704
internal_value=0 0.00469056 -0.00717705 0.0199131 -0.0231994 -0.00877412
internal_weight=0 13735 7718 6017 2777 1479
internal_count=16512 13735 7718 6017 2777 1479
is_linear=0
shrinkage=0.1


Tree=23
num_leaves= 6
num_cat= 0
full_tree_array_lgbids= 0 1 3 2 -3 -2 4 -1 -4 -2147483648 -2147483648 -2147483648 -2147483648 -5 -6
split_feature= 6 7 8 8 7
split_gain= 116.916 141.706 184.575 3.72839 52.7572
threshold= 3.1100458715596333 37.935000000000009 -117.85499999999998 -121.48499999999999 35.135000000000012
decision_type= 2 2 2 2 2
left_child=1 2 -1 -2 -5
right_child=3 -3 -4 4 -6
leaf_value= 0.022364674821294589 0.0056688389059602667 -0.017617149853196973 -0.015781060160812016 -0.010843878541609611 -0.046777902512620345
leaf_weight=6691 947 2394 2013 3559 908
leaf_count=6691 947 2394 2013 3559 908
model_size=592
internal_value=0 0.00682099 0.0135426 -0.0139821 -0.0181481
internal_weight=0 11098 8704 5414 4467
internal_count=16512 11098 8704 5414 4467
is_linear=0
shrinkage=0.1


Tree=24
num_leaves= 5
num_cat= 0
full_tree_array_lgbids= 0 -1 1 -2147483648 -2147483648 3 2 -2147483648 -2147483648 -2147483648 -2147483648 -2 -5 -3 -4
split_feature= 1 8 7 7
split_gain= 96.0268 95.9474 106.755 95.7064
threshold= 2.2210000000000005 -122.35499999999998 37.595000000000006 38.235000000000007
decision_type= 2 2 2 2
left_child=-1 3 -3 -2
right_child=1 2 -4 -5
leaf_value= -0.020232768679125004 0.064255468484391273 0.0067513842931432562 -0.019640384486814211 -0.0072377338586483674
leaf_weight=2781 709 9895 2698 429
leaf_count=2781 709 9895 2698 429
model_size=480
internal_value=0 0.00409783 0.00109705 0.0373042
internal_weight=0 13731 12593 1138
internal_count=16512 13731 12593 1138
is_linear=0
shrinkage=0.1


Tree=25
num_leaves= 7
num_cat= 0
full_tree_array_lgbids= 0 1 4 3 2 5 -6 -1 -5 -3 -4 -2 -7 -2147483648 -2147483648
split_feature= 8 7 8 8 7 8
split_gain= 87.5936 137.734 369.946 155.374 12.426 28.4907
threshold= -117.75499999999998 34.525000000000013 -119.94499999999998 -118.30499999999999 33.695000000000007 -117.145
decision_type= 2 2 2 2 2 2
left_child=1 3 -3 -1 5 -2
right_child=4 2 -4 -5 -6 -7
leaf_value= 0.040402055217559463 0.015541429858167402 0.003137925903967902 -0.063724927279312976 0.0030021167725317647 -0.036313484692366053 -0.026056808273767326
leaf_weight=2235 709 6651 1067 3782 1137 931
leaf_count=2235 709 6651 1067 3782 1137 931
model_size=704
internal_value=0 0.00397004 -0.00610575 0.0168942 -0.0196357 -0.00807318
internal_weight=0 13735 7718 6017 2777 1640
internal_count=16512 13735 7718 6017 2777 1640
is_linear=0
shrinkage=0.1


Tree=26
num_leaves= 4
num_cat= 0
full_tree_array_lgbids= 0 1 -2 2 -3 -2147483648 -2147483648 -1 -4 -2147483648 -2147483648 -2147483648 -2147483648 -2147483648 -2147483648
split_feature= 6 7 8
split_gain= 77.4634 88.8192 116.884
threshold= 3.1424162072895592 37.945000000000007 -122.33499999999999
decision_type= 2 2 2
left_child=1 2 -1
right_child=-2 -3 -4
leaf_value= 0.062283902987121713 -0.012595588160413144 -0.015003590521630916 0.0077875322497539742
leaf_weight=569 5153 2394 8396
leaf_count=569 5153 2394 8396
model_size=368
internal_value=0 0.00571398 0.0112464
internal_weight=0 11359 8965
internal_count=16512 11359 8965
is_linear=0
shrinkage=0.1


Tree=27
num_leaves= 7
num_cat= 0
full_tree_array_lgbids= 0 1 4 3 2 5 -6 -1 -5 -3 -4 -2 -7 -2147483648 -2147483648
split_feature= 8 7 8 8 7 8
split_gain= 64.714 93.639 305.986 129.643 7.00047 16.6652
threshold= -117.50499999999998 34.525000000000013 -121.56499999999998 -118.35499999999998 33.915000000000006 -117.145
decision_type= 2 2 2 2 2 2
left_child=1 3 -3 -1 5 -2
right_child=4 2 -4 -5 -6 -7
leaf_value= 0.041050232037479574 0.015139760897283902 0.012083453820643743 -0.030940959809864135 0.0041590275777867091 -0.043133400950323364 -0.024691779164974476
leaf_weight=1705 564 4535 3204 4798 652 1054
leaf_count=1705 564 4535 3204 4798 652 1054
model_size=704
internal_value=0 0.00320245 -0.00572895 0.0138314 -0.0200922 -0.0108074
internal_weight=0 14242 7739 6503 2270 1618
internal_count=16512 14242 7739 6503 2270 1618
is_linear=0
shrinkage=0.1


Tree=28
num_leaves= 5
num_cat= 0
full_tree_array_lgbids= 0 1 3 2 -3 -2 -5 -1 -4 -2147483648 -2147483648 -2147483648 -2147483648 -2147483648 -2147483648
split_feature= 2 1 6 8
split_gain= 58.4143 57.1687 37.8069 16.5157
threshold= 51.500000000000007 6.5626000000000007 2.0509070328557395 -122.31499999999998
decision_type= 2 2 2 2
left_child=1 2 -1 -2
right_child=3 -3 -4 -5
leaf_value= 0.019211409273090816 0.065570796695654909 0.025830837726906683 -0.0066695529071158907 0.014128226117003977
leaf_weight=1310 322 1181 12998 701
leaf_count=1310 322 1181 12998 701
model_size=480
internal_value=0 -0.00200256 -0.00429997 0.0303203
internal_weight=0 15489 14308 1023
internal_count=16512 15489 14308 1023
is_linear=0
shrinkage=0.1


Tree=29
num_leaves= 5
num_cat= 0
full_tree_array_lgbids= 0 1 3 -1 2 -2 -5 -2147483648 -2147483648 -3 -4 -2147483648 -2147483648 -2147483648 -2147483648
split_feature= 6 2 7 3
split_gain= 44.8829 64.8544 89.3959 9.63724
threshold= 2.9137341371666818 21.500000000000004 37.815000000000005 7.5573198511601065
decision_type= 2 2 2 2
left_child=1 -1 -3 -2
right_child=3 2 -4 -5
leaf_value= -0.0088914283824799868 -0.010271804971769105 0.02212099099899692 -0.011998381642742327 0.026393985818924871
leaf_weight=3058 6838 4723 1485 408
leaf_count=3058 6838 4723 1485 408
model_size=480
internal_value=0 0.00641807 0.0139594 -0.00820727
internal_weight=0 9266 6208 7246
internal_count=16512 9266 6208 7246
is_linear=0
shrinkage=0.1


end of trees

feature_importances:
Column_1=55
Column_6=34
Column_7=31
Column_8=31
Column_2=18
Column_3=10

parameters:
[boosting: gbdt]
[objective: regression]
[metric: rmse]
[tree_learner: serial]
[device_type: cpu]
[data_sample_strategy: bagging]
[data: data/california_housing.libsvm.train]
[valid: data/california_housing.libsvm.test]
[num_iterations: 30]
[learning_rate: 0.1]
[num_leaves: 255]
[num_threads: 0]
[seed: 42]
[deterministic: 0]
[force_col_wise: 0]
[force_row_wise: 0]
[histogram_pool_size: -1]
[max_depth: 3]
[min_data_in_leaf: 10]
[min_sum_hessian_in_leaf: 0.001]
[bagging_fraction: 1]
[pos_bagging_fraction: 1]
[neg_bagging_fraction: 1]
[bagging_freq: 0]
[bagging_seed: 400]
[feature_fraction: 1]
[feature_fraction_bynode: 1]
[feature_fraction_seed: 30056]
[extra_trees: 0]
[extra_seed: 12879]
[early_stopping_round: 0]
[early_stopping_min_delta: 0]
[first_metric_only: 0]
[max_delta_step: 0]
[lambda_l1: 0]
[lambda_l2: 0]
[linear_lambda: 0]
[min_gain_to_split: 0]
[drop_rate: 0.1]
[max_drop: 50]
[skip_drop: 0.5]
[xgboost_dart_mode: 0]
[uniform_drop: 0]
[drop_seed: 17869]
[top_rate: 0.2]
[other_rate: 0.1]
[min_data_per_group: 100]
[max_cat_threshold: 32]
[cat_l2: 10]
[cat_smooth: 10]
[max_cat_to_onehot: 4]
[top_k: 20]
[monotone_constraints: ]
[monotone_constraints_method: basic]
[monotone_penalty: 0]
[feature_contri: ]
[forcedsplits_filename: ]
[refit_decay_rate: 0.9]
[tinygbdt_penalty_feature: 4]
[tinygbdt_penalty_split: 0.03125]
[tinygbdt_forestsize: 64000]
[tinygbdt_precision: 7]
[cegb_tradeoff: 1]
[cegb_penalty_split: 0]
[cegb_penalty_feature_lazy: ]
[cegb_penalty_feature_coupled: ]
[path_smooth: 0]
[interaction_constraints: ]
[verbosity: 2]
[saved_feature_importance_type: 0]
[use_quantized_grad: 0]
[num_grad_quant_bins: 4]
[quant_train_renew_leaf: 0]
[stochastic_rounding: 1]
[linear_tree: 0]
[max_bin: 255]
[max_bin_by_feature: ]
[min_data_in_bin: 3]
[bin_construct_sample_cnt: 200000]
[data_random_seed: 175]
[is_enable_sparse: 1]
[enable_bundle: 1]
[use_missing: 1]
[zero_as_missing: 0]
[feature_pre_filter: 1]
[pre_partition: 0]
[two_round: 0]
[header: 0]
[label_column: ]
[weight_column: ]
[group_column: ]
[ignore_column: ]
[categorical_feature: ]
[forcedbins_filename: ]
[precise_float_parser: 0]
[parser_config_file: ]
[objective_seed: 16083]
[num_class: 1]
[is_unbalance: 0]
[scale_pos_weight: 1]
[sigmoid: 1]
[boost_from_average: 1]
[reg_sqrt: 0]
[alpha: 0.9]
[fair_c: 1]
[poisson_max_delta_step: 0.7]
[tweedie_variance_power: 1.5]
[lambdarank_truncation_level: 30]
[lambdarank_norm: 1]
[label_gain: ]
[lambdarank_position_bias_regularization: 0]
[eval_at: ]
[multi_error_top_k: 1]
[auc_mu_weights: ]
[num_machines: 1]
[local_listen_port: 12400]
[time_out: 120]
[machine_list_filename: ]
[machines: ]
[gpu_platform_id: -1]
[gpu_device_id: -1]
[gpu_use_dp: 0]
[num_gpu: 1]

end of parameters
