tree
version=v4
num_class=1
num_tree_per_iteration=1
label_index=0
max_feature_idx=21
objective=binary sigmoid:1
feature_names=Column_0 Column_1 Column_2 Column_3 Column_4 Column_5 Column_6 Column_7 Column_8 Column_9 Column_10 Column_11 Column_12 Column_13 Column_14 Column_15 Column_16 Column_17 Column_18 Column_19 Column_20 Column_21
feature_infos=[0:5] [0:3] [0:9] [0:1] [0:8] [0:1] [0:1] [0:1] [0:11] [0:1] [0:4] [0:3] [0:3] [0:8] [0:8] none [0:3] [0:2] [0:4] [0:8] [0:5] [0:6]
tree_sizes=2153 2153 2144 2142 2143 2148 2141 2146 2144 2147 2060 2141 2154 1718 1980 1720 1981 1712 2151 1883 1887 2151 1717 1892 1547 1634 1549 1634 1628 1633 1630 1557 1557 1552 1625 1632 1629 1635 719 721 536 723 1545

Tree=0
num_leaves= 14
num_cat= 0
full_tree_array_lgbids= 0 1 2 5 9 4 3 -1 -7 11 10 -2 -6 7 6 -2147483648 -2147483648 -2147483648 -2147483648 -3 -13 -11 -12 -2147483648 -2147483648 -2147483648 -2147483648 -4 12 8 -8 -2147483648 -2147483648 -2147483648 -2147483648 -2147483648 -2147483648 -2147483648 -2147483648 -2147483648 -2147483648 -2147483648 -2147483648 -2147483648 -2147483648 -2147483648 -2147483648 -2147483648 -2147483648 -2147483648 -2147483648 -2147483648 -2147483648 -2147483648 -2147483648 -2147483648 -2147483648 -9 -14 -5 -10 -2147483648 -2147483648
split_feature= 8 20 19 7 4 10 9 13 21 21 1 12 17
split_gain= 2189.03 1173.32 1115.83 757.795 242.723 203.27 150.181 118.503 82.1913 28.4344 32.9565 17.9622 16.3263
threshold= 3.5000000000000004 3.5000000000000004 1.5000000000000002 1.0000000180025095e-35 4.5000000000000009 1.0000000180025095e-35 1.0000000180025095e-35 1.5000000000000002 1.5000000000000002 4.5000000000000009 1.5000000000000002 1.0000000180025095e-35 1.5000000000000002
decision_type= 2 2 2 2 2 2 2 2 2 2 2 2 2
left_child=1 5 4 7 -2 -1 8 -4 -5 11 -11 -3 -9
right_child=2 9 3 6 -6 -7 -8 12 -10 10 -12 -13 -14
leaf_value= 0.13625295265526666 0.13625295265526666 -0.075779630963319758 0.13625295265526666 0.13625295265526666 -0.26425303862428545 -0.26425303862428545 -0.26425303862428545 -0.26425303862428545 -0.037299643565872592 -0.26425303862428551 0.1362529526552666 0.13625295265526666 -0.21434973619648184
leaf_weight=14.48168098926544 127.58860319852829 4.2446306347846976 7.7402088046073905 58.176408112049103 17.228206694126129 104.36797678470612 17.228206694126129 603.98597091436386 52.433672547340393 3.9949464797973615 4.4943147897720337 528.58135610818863 78.151140511035919
leaf_count=58 511 17 31 233 69 418 69 2419 210 16 18 2117 313
model_size=1488
internal_value=-0.0711178 0.0691485 -0.167321 -0.212646 0.0886066 -0.215452 0.0110948 -0.254106 0.053982 0.131635 -0.0522205 0.134564 -0.258536
internal_weight=0 660.165 962.532 817.716 144.817 118.85 127.838 689.877 110.61 541.315 8.48926 532.826 682.137
internal_count=6499 2644 3855 3275 580 476 512 2763 443 2168 34 2134 2732
is_linear=0
shrinkage=1


Tree=1
num_leaves= 14
num_cat= 0
full_tree_array_lgbids= 0 1 2 5 9 4 3 -1 -7 12 10 -2 -6 7 6 -2147483648 -2147483648 -2147483648 -2147483648 -3 -14 -11 -12 -2147483648 -2147483648 -2147483648 -2147483648 -4 11 8 -8 -2147483648 -2147483648 -2147483648 -2147483648 -2147483648 -2147483648 -2147483648 -2147483648 -2147483648 -2147483648 -2147483648 -2147483648 -2147483648 -2147483648 -2147483648 -2147483648 -2147483648 -2147483648 -2147483648 -2147483648 -2147483648 -2147483648 -2147483648 -2147483648 -2147483648 -2147483648 -9 -13 -5 -10 -2147483648 -2147483648
split_feature= 8 20 19 7 4 10 9 13 1 21 4 2 12
split_gain= 1788.04 953.749 914.271 624.836 196.952 166.422 121.907 96.8387 71.825 22.2598 26.433 14.4075 14.1198
threshold= 3.5000000000000004 3.5000000000000004 1.5000000000000002 1.0000000180025095e-35 4.5000000000000009 1.0000000180025095e-35 1.0000000180025095e-35 1.5000000000000002 1.0000000180025095e-35 4.5000000000000009 4.5000000000000009 1.0000000180025095e-35 1.0000000180025095e-35
decision_type= 2 2 2 2 2 2 2 2 2 2 2 2 2
left_child=1 5 4 7 -2 -1 8 -4 -5 12 -11 -9 -3
right_child=2 9 3 6 -6 -7 -8 11 -10 10 -12 -13 -14
leaf_value= 0.18726217829300001 0.18726217829300001 -0.0041963809298885936 0.18726217829300001 -0.0063099339957545537 -0.17677793099633521 -0.17677793099633521 -0.17677793099633521 -0.033574901671692629 0.16833112306567927 0.18726217829300007 -0.17677793099633518 -0.17311844735227278 0.18726217829300001
leaf_weight=14.432910382747648 127.15891733765602 4.2439043670892707 7.7141417562961569 35.162857502698898 16.952329516410828 102.69672083854675 16.952329516410828 8.1559575051069242 75.299371302127838 4.4791790843009931 3.9309749603271484 663.51634049415588 526.80122897028923
leaf_count=58 511 17 31 141 69 418 69 33 302 18 16 2699 2117
model_size=1488
internal_value=0 0.126905 -0.0877309 -0.129201 0.144439 -0.13192 0.0742188 -0.167351 0.112739 0.183103 0.0171068 -0.171424 0.185732
internal_weight=0 656.585 950.912 806.801 144.111 117.13 127.415 679.386 110.462 539.455 8.41015 671.672 531.045
internal_count=6499 2644 3855 3275 580 476 512 2763 443 2168 34 2732 2134
is_linear=0
shrinkage=0.1


Tree=2
num_leaves= 14
num_cat= 0
full_tree_array_lgbids= 0 1 2 5 9 4 3 -1 -7 12 10 -2 -6 8 6 -2147483648 -2147483648 -2147483648 -2147483648 -3 -14 -11 -12 -2147483648 -2147483648 -2147483648 -2147483648 -4 11 7 -8 -2147483648 -2147483648 -2147483648 -2147483648 -2147483648 -2147483648 -2147483648 -2147483648 -2147483648 -2147483648 -2147483648 -2147483648 -2147483648 -2147483648 -2147483648 -2147483648 -2147483648 -2147483648 -2147483648 -2147483648 -2147483648 -2147483648 -2147483648 -2147483648 -2147483648 -2147483648 -10 -13 -5 -9 -2147483648 -2147483648
split_feature= 8 20 19 7 4 10 4 4 13 21 4 17 12
split_gain= 1486.67 790.761 761.058 523.912 162.982 138.63 102.251 81.1547 80.3839 17.7972 21.4274 13.2067 11.3694
threshold= 3.5000000000000004 3.5000000000000004 1.5000000000000002 1.0000000180025095e-35 4.5000000000000009 1.0000000180025095e-35 5.5000000000000009 2.5000000000000004 1.5000000000000002 4.5000000000000009 4.5000000000000009 1.5000000000000002 1.0000000180025095e-35
decision_type= 2 2 2 2 2 2 2 2 2 2 2 2 2
left_child=1 5 4 8 -2 -1 7 -5 -4 12 -11 -10 -3
right_child=2 9 3 6 -6 -7 -8 -9 11 10 -12 -13 -14
leaf_value= 0.17236010255125836 0.17236010255125836 -0.0037773991993575971 0.17236010255125836 0.10294421381851165 -0.16433727988382651 -0.16433727988382651 0.18118277615039513 -0.10472764105395577 -0.16457315402415634 0.17236010255125839 -0.16433727988382651 -0.11735670467610333 0.17236010255125836
leaf_weight=14.127121359109877 124.46481059491634 4.2432112842798224 7.5507027953863135 36.945734888315201 16.43764516711235 99.578777968883514 49.100935265421867 39.979457274079323 576.72646856307983 4.3842790424823743 3.8116278648376465 75.561578646302223 515.63992960751057
leaf_count=58 511 17 31 151 69 418 199 162 2419 18 16 313 2117
model_size=1488
internal_value=0 0.116954 -0.0811593 -0.119572 0.133081 -0.122505 0.0675466 -0.00498672 -0.155311 0.168515 0.015774 -0.159104 0.170922
internal_weight=0 641.785 926.767 785.865 140.902 113.706 126.026 76.9252 659.839 528.079 8.19591 652.288 519.883
internal_count=6499 2644 3855 3275 580 476 512 313 2763 2168 34 2732 2134
is_linear=0
shrinkage=0.1


Tree=3
num_leaves= 14
num_cat= 0
full_tree_array_lgbids= 0 1 2 5 9 4 3 -1 -7 12 10 -2 -6 7 6 -2147483648 -2147483648 -2147483648 -2147483648 -3 -14 -11 -12 -2147483648 -2147483648 -2147483648 -2147483648 -4 11 8 -8 -2147483648 -2147483648 -2147483648 -2147483648 -2147483648 -2147483648 -2147483648 -2147483648 -2147483648 -2147483648 -2147483648 -2147483648 -2147483648 -2147483648 -2147483648 -2147483648 -2147483648 -2147483648 -2147483648 -2147483648 -2147483648 -2147483648 -2147483648 -2147483648 -2147483648 -2147483648 -9 -13 -5 -10 -2147483648 -2147483648
split_feature= 8 20 19 7 4 10 9 13 21 21 1 17 12
split_gain= 1252.16 665.164 640.668 445.405 136.726 116.856 95.0614 67.4079 62.0608 14.3099 17.5564 12.0029 9.38762
threshold= 3.5000000000000004 3.5000000000000004 1.5000000000000002 1.0000000180025095e-35 4.5000000000000009 1.0000000180025095e-35 1.0000000180025095e-35 1.5000000000000002 1.5000000000000002 4.5000000000000009 1.5000000000000002 1.5000000000000002 1.0000000180025095e-35
decision_type= 2 2 2 2 2 2 2 2 2 2 2 2 2
left_child=1 5 4 7 -2 -1 8 -4 -5 12 -11 -9 -3
right_child=2 9 3 6 -6 -7 -8 11 -10 10 -12 -13 -14
leaf_value= 0.1609037703805144 0.1609037703805144 -0.0034002145451034805 0.1609037703805144 0.17018932750648399 -0.15458733496862687 -0.15458733496862687 -0.16487441731077176 -0.15477454101215909 0.015983426659172861 -0.15458733496862687 0.16090377038051437 -0.10842536392602353 0.1609037703805144
leaf_weight=13.6439371407032 120.20779101550579 4.2425556927919379 7.2924491614103308 56.108075767755508 15.761341184377669 95.481748044490814 16.401857510209084 553.11517265439034 51.771796613931656 3.654803752899169 4.2343253195285797 73.703776583075523 498.00370563566685
leaf_count=58 511 17 31 233 69 418 69 2419 210 16 18 313 2117
model_size=1488
internal_value=0 0.109272 -0.0758624 -0.111755 0.124333 -0.115142 0.0617326 -0.145757 0.0961856 0.157277 0.0147459 -0.149325 0.159516
internal_weight=0 619.261 894.362 758.393 135.969 109.126 124.282 634.111 107.88 510.135 7.88913 626.819 502.246
internal_count=6499 2644 3855 3275 580 476 512 2763 443 2168 34 2732 2134
is_linear=0
shrinkage=0.1


Tree=4
num_leaves= 14
num_cat= 0
full_tree_array_lgbids= 0 1 2 5 10 4 3 -1 -7 12 11 -2 -6 8 6 -2147483648 -2147483648 -2147483648 -2147483648 -3 -14 -12 -13 -2147483648 -2147483648 -2147483648 -2147483648 -4 9 7 -8 -2147483648 -2147483648 -2147483648 -2147483648 -2147483648 -2147483648 -2147483648 -2147483648 -2147483648 -2147483648 -2147483648 -2147483648 -2147483648 -2147483648 -2147483648 -2147483648 -2147483648 -2147483648 -2147483648 -2147483648 -2147483648 -2147483648 -2147483648 -2147483648 -2147483648 -2147483648 -10 -11 -5 -9 -2147483648 -2147483648
split_feature= 8 20 19 7 4 10 4 20 13 2 21 1 12
split_gain= 1065.65 565.781 544.501 382.069 115.933 99.4394 82.9564 67.8849 56.9919 11.7088 11.5586 14.4204 7.83985
threshold= 3.5000000000000004 3.5000000000000004 1.5000000000000002 1.0000000180025095e-35 4.5000000000000009 1.0000000180025095e-35 5.5000000000000009 3.5000000000000004 1.5000000000000002 1.0000000180025095e-35 4.5000000000000009 1.5000000000000002 1.0000000180025095e-35
decision_type= 2 2 2 2 2 2 2 2 2 2 2 2 2
left_child=1 5 4 8 -2 -1 7 -5 -4 -10 12 -12 -3
right_child=2 10 3 6 -6 -7 -8 -9 9 -11 11 -13 -14
leaf_value= 0.15185187516794491 0.15185187516794491 -0.0030606570657631363 0.15185187516794491 0.16843763974126813 -0.14676872362570559 -0.14676872362570559 0.16290926540628103 -0.06200583945744409 -0.0085007760946265824 -0.14312451081224237 -0.14676872362570559 0.15185187516794488 0.15185187516794491
leaf_weight=13.042239397764204 114.90662641823292 4.2419396191835395 6.970852091908454 17.12907537817955 14.980887696146963 90.75378343462944 46.698561310768127 57.680425584316254 7.8039540052413932 589.62542541325092 3.4738290309905997 4.0475915372371674 476.04173801839352
leaf_count=58 511 17 31 72 69 418 199 241 33 2699 16 18 2117
model_size=1488
internal_value=0 0.103178 -0.071549 -0.10536 0.11741 -0.109246 0.0569204 -0.00924137 -0.137984 -0.141366 0.148378 0.0139315 0.150484
internal_weight=0 591.601 855.796 725.908 129.888 103.796 121.508 74.8095 604.4 597.429 487.805 7.52142 480.284
internal_count=6499 2644 3855 3275 580 476 512 313 2763 2732 2168 34 2134
is_linear=0
shrinkage=0.1


Tree=5
num_leaves= 14
num_cat= 0
full_tree_array_lgbids= 0 1 2 5 10 4 3 -1 -7 12 11 -2 -6 8 6 -2147483648 -2147483648 -2147483648 -2147483648 -3 -14 -12 -13 -2147483648 -2147483648 -2147483648 -2147483648 -4 9 7 -8 -2147483648 -2147483648 -2147483648 -2147483648 -2147483648 -2147483648 -2147483648 -2147483648 -2147483648 -2147483648 -2147483648 -2147483648 -2147483648 -2147483648 -2147483648 -2147483648 -2147483648 -2147483648 -2147483648 -2147483648 -2147483648 -2147483648 -2147483648 -2147483648 -2147483648 -2147483648 -10 -11 -5 -9 -2147483648 -2147483648
split_feature= 8 20 19 7 4 10 9 21 13 17 21 1 12
split_gain= 913.843 485.433 465.733 330.759 99.073 85.1974 71.5835 53.6162 48.4257 11.8646 9.29269 11.8233 6.58591
threshold= 3.5000000000000004 3.5000000000000004 1.5000000000000002 1.0000000180025095e-35 4.5000000000000009 1.0000000180025095e-35 1.0000000180025095e-35 1.5000000000000002 1.5000000000000002 1.5000000000000002 4.5000000000000009 1.5000000000000002 1.0000000180025095e-35
decision_type= 2 2 2 2 2 2 2 2 2 2 2 2 2
left_child=1 5 4 8 -2 -1 7 -5 -4 -10 12 -12 -3
right_child=2 10 3 6 -6 -7 -8 -9 9 -11 11 -13 -14
leaf_value= 0.14454675775689577 0.14454675775689577 -0.0027549883843111991 0.14454675775689577 0.15570592523777094 -0.14038449805642142 -0.14038449805642142 -0.15176394038718366 0.0082017486463181726 -0.1406633157871611 -0.091813705212056368 -0.14038449805642142 0.14454675775689574 0.14454675775689577
leaf_weight=12.365946739912031 108.9482548981905 4.2413643300533286 6.6093853265047064 52.479328766465187 14.139219447970389 85.654981583356857 15.435059905052183 50.773099780082703 497.13803884387016 68.659254774451256 3.2786595821380606 3.8377076089382172 451.35705600678921
leaf_count=58 511 17 31 233 69 418 69 210 2419 313 16 18 2117
model_size=1488
internal_value=0 0.098242 -0.067883 -0.0998884 0.111816 -0.104439 0.0526196 0.0831726 -0.131511 -0.134735 0.141178 0.013273 0.143175
internal_weight=0 560.736 814.182 691.094 123.087 98.0209 118.687 103.252 572.407 565.797 462.715 7.11637 455.598
internal_count=6499 2644 3855 3275 580 476 512 443 2763 2732 2168 34 2134
is_linear=0
shrinkage=0.1


Tree=6
num_leaves= 14
num_cat= 0
full_tree_array_lgbids= 0 1 2 5 10 4 3 -1 -7 12 11 -2 -6 8 6 -2147483648 -2147483648 -2147483648 -2147483648 -3 -14 -12 -13 -2147483648 -2147483648 -2147483648 -2147483648 -4 9 7 -8 -2147483648 -2147483648 -2147483648 -2147483648 -2147483648 -2147483648 -2147483648 -2147483648 -2147483648 -2147483648 -2147483648 -2147483648 -2147483648 -2147483648 -2147483648 -2147483648 -2147483648 -2147483648 -2147483648 -2147483648 -2147483648 -2147483648 -2147483648 -2147483648 -2147483648 -2147483648 -10 -11 -5 -9 -2147483648 -2147483648
split_feature= 8 20 19 7 4 10 4 21 13 17 21 1 12
split_gain= 788.899 419.381 400.778 287.77 85.1686 73.3698 69.4224 61.2687 41.283 11.5483 7.38846 9.6335 5.53912
threshold= 3.5000000000000004 3.5000000000000004 1.5000000000000002 1.0000000180025095e-35 4.5000000000000009 1.0000000180025095e-35 5.5000000000000009 1.5000000000000002 1.5000000000000002 1.5000000000000002 4.5000000000000009 1.5000000000000002 1.0000000180025095e-35
decision_type= 2 2 2 2 2 2 2 2 2 2 2 2 2
left_child=1 5 4 8 -2 -1 7 -5 -4 -10 12 -12 -3
right_child=2 10 3 6 -6 -7 -8 -9 9 -11 11 -13 -14
leaf_value= 0.13855140791954978 0.13855140791954978 -0.0024798143532451006 0.13855140791954978 0.058600415971375011 -0.13509509769210032 -0.13509509769210032 0.15079833911715412 -0.13782522773546024 -0.13532756085405009 -0.085618383975310797 -0.13509509769210032 0.13855140791954976 0.13855140791954978
leaf_weight=11.647865027189253 102.62170739471912 4.2408298254013053 6.2255830317735663 45.8089849203825 13.268332377076147 80.379172950983047 43.377158537507057 26.055332884192467 466.63462096452713 66.385105296969414 3.0767147541046134 3.6148546636104584 425.1470734924078
leaf_count=58 511 17 31 208 69 418 199 105 2419 313 16 18 2117
model_size=1488
internal_value=0 0.0941749 -0.0647856 -0.0952429 0.107221 -0.10046 0.0488934 -0.0126162 -0.126046 -0.129137 0.135249 0.0127316 0.137159
internal_weight=0 528.107 770.377 654.487 115.89 92.027 115.241 71.8643 539.245 533.02 436.079 6.69157 429.388
internal_count=6499 2644 3855 3275 580 476 512 313 2763 2732 2168 34 2134
is_linear=0
shrinkage=0.1


Tree=7
num_leaves= 14
num_cat= 0
full_tree_array_lgbids= 0 1 2 5 10 4 3 -1 -7 12 11 -2 -6 8 6 -2147483648 -2147483648 -2147483648 -2147483648 -3 -14 -12 -13 -2147483648 -2147483648 -2147483648 -2147483648 -4 9 7 -8 -2147483648 -2147483648 -2147483648 -2147483648 -2147483648 -2147483648 -2147483648 -2147483648 -2147483648 -2147483648 -2147483648 -2147483648 -2147483648 -2147483648 -2147483648 -2147483648 -2147483648 -2147483648 -2147483648 -2147483648 -2147483648 -2147483648 -2147483648 -2147483648 -2147483648 -2147483648 -10 -11 -5 -9 -2147483648 -2147483648
split_feature= 8 20 19 7 4 10 9 2 13 17 21 1 12
split_gain= 684.22 364.34 346.038 252.173 73.5416 63.4214 60.7956 42.913 35.2485 11.3782 5.76094 7.72767 4.61201
threshold= 3.5000000000000004 3.5000000000000004 1.5000000000000002 1.0000000180025095e-35 4.5000000000000009 1.0000000180025095e-35 1.0000000180025095e-35 4.5000000000000009 1.5000000000000002 1.5000000000000002 4.5000000000000009 1.5000000000000002 1.0000000180025095e-35
decision_type= 2 2 2 2 2 2 2 2 2 2 2 2 2
left_child=1 5 4 8 -2 -1 7 -5 -4 -10 12 -12 -3
right_child=2 10 3 6 -6 -7 -8 -9 9 -11 11 -13 -14
leaf_value= 0.13356356395996258 0.13356356395996258 -0.0022321090491633213 0.13356356395996258 0.012240624317947686 -0.13066022980921915 -0.13066022980921915 -0.14717989877992074 0.15029165653052368 -0.13085614071704596 -0.079920924595238807 -0.13066022980921915 0.13356356395996252 0.13356356395996258
leaf_weight=10.912395119667051 96.14196389913559 4.240334838628768 5.8324870467185965 53.255071118474007 12.391892105340956 75.069723188877106 14.95377905666828 44.155913725495338 435.90234760940075 64.125797122716904 2.8734822273254386 3.3866053819656372 398.30242186784744
leaf_count=58 511 17 31 237 69 418 69 206 2419 313 16 18 2117
model_size=1488
internal_value=0 0.0907768 -0.0620251 -0.0910659 0.103396 -0.0971263 0.0452744 0.0748185 -0.121351 -0.124324 0.130298 0.0122805 0.132133
internal_weight=0 494.785 726.759 618.225 108.534 85.9821 112.365 97.411 505.861 500.028 408.803 6.26009 402.543
internal_count=6499 2644 3855 3275 580 476 512 443 2763 2732 2168 34 2134
is_linear=0
shrinkage=0.1


Tree=8
num_leaves= 14
num_cat= 0
full_tree_array_lgbids= 0 1 2 6 10 4 3 -1 -8 12 11 -2 -6 8 5 -2147483648 -2147483648 -2147483648 -2147483648 -3 -14 -12 -13 -2147483648 -2147483648 -2147483648 -2147483648 -4 9 7 -7 -2147483648 -2147483648 -2147483648 -2147483648 -2147483648 -2147483648 -2147483648 -2147483648 -2147483648 -2147483648 -2147483648 -2147483648 -2147483648 -2147483648 -2147483648 -2147483648 -2147483648 -2147483648 -2147483648 -2147483648 -2147483648 -2147483648 -2147483648 -2147483648 -2147483648 -2147483648 -10 -11 -5 -9 -2147483648 -2147483648
split_feature= 8 20 19 7 4 4 10 21 13 17 21 1 12
split_gain= 596.026 317.927 299.908 221.587 63.6753 57.0021 54.9324 50.2903 30.0647 11.364 4.31857 6.10203 3.82909
threshold= 3.5000000000000004 3.5000000000000004 1.5000000000000002 1.0000000180025095e-35 4.5000000000000009 5.5000000000000009 1.0000000180025095e-35 1.5000000000000002 1.5000000000000002 1.5000000000000002 4.5000000000000009 1.5000000000000002 1.0000000180025095e-35
decision_type= 2 2 2 2 2 2 2 2 2 2 2 2 2
left_child=1 6 4 8 -2 7 -1 -5 -4 -10 12 -12 -3
right_child=2 10 3 5 -6 -7 -8 -9 9 -11 11 -13 -14
leaf_value= 0.12936717161346731 0.12936717161346731 -0.0020091349345018731 0.12936717161346731 0.053448382236489213 -0.12690484179902931 0.14061511637763133 -0.12690484179902931 -0.12864217821436466 -0.1270714533943762 -0.074634516098928003 -0.12690484179902931 0.12936717161346728 0.12936717161346731
leaf_weight=10.177520692348478 89.667466789484024 4.2398781031370154 5.4397093355655661 43.625215157866478 11.527180284261702 39.62559586763382 69.83132404088974 25.755781412124634 405.55648639798164 61.918499350547791 2.6729693412780753 3.1585409045219421 371.47950527071953
leaf_count=58 511 17 31 208 69 199 418 105 2419 313 16 18 2117
model_size=1488
internal_value=0 0.0879038 -0.059616 -0.0874033 0.100175 0.042111 -0.0943058 -0.0141477 -0.117256 -0.120126 0.126112 0.0119006 0.127885
internal_weight=0 461.56 683.116 581.921 101.195 109.007 80.0088 69.381 472.915 467.475 381.551 5.83151 375.719
internal_count=6499 2644 3855 3275 580 512 476 313 2763 2732 2168 34 2134
is_linear=0
shrinkage=0.1


Tree=9
num_leaves= 14
num_cat= 0
full_tree_array_lgbids= 0 1 2 6 10 4 3 -1 -8 12 11 -2 -6 8 5 -2147483648 -2147483648 -2147483648 -2147483648 -3 -14 -12 -13 -2147483648 -2147483648 -2147483648 -2147483648 -4 9 7 -7 -2147483648 -2147483648 -2147483648 -2147483648 -2147483648 -2147483648 -2147483648 -2147483648 -2147483648 -2147483648 -2147483648 -2147483648 -2147483648 -2147483648 -2147483648 -2147483648 -2147483648 -2147483648 -2147483648 -2147483648 -2147483648 -2147483648 -2147483648 -2147483648 -2147483648 -2147483648 -10 -11 -5 -9 -2147483648 -2147483648
split_feature= 8 20 19 7 4 9 10 21 13 17 21 1 12
split_gain= 520.857 278.475 260.52 195.617 55.2745 51.7552 47.6764 38.0978 25.6251 11.4366 3.0798 4.6763 3.1326
threshold= 3.5000000000000004 3.5000000000000004 1.5000000000000002 1.0000000180025095e-35 4.5000000000000009 1.0000000180025095e-35 1.0000000180025095e-35 1.5000000000000002 1.5000000000000002 1.5000000000000002 4.5000000000000009 1.5000000000000002 1.0000000180025095e-35
decision_type= 2 2 2 2 2 2 2 2 2 2 2 2 2
left_child=1 6 4 8 -2 7 -1 -5 -4 -10 12 -12 -3
right_child=2 10 3 5 -6 -7 -8 -9 9 -11 11 -13 -14
leaf_value= 0.12580350276737742 0.12580350276737742 -0.001808403393882229 0.12580350276737742 0.13773683451452087 -0.12369825373571018 -0.14297686425630796 -0.12369825373571018 0.0024361635404563865 -0.12384102792537373 -0.069695256537692304 -0.12369825373571018 0.1258035027673774 0.12580350276737742
leaf_weight=9.456299960613249 83.313263446092606 4.2394580990076056 5.0542292892932883 44.250705391168594 10.686567977070807 14.430013865232466 64.738919049501419 47.143529146909714 376.03802298009396 59.789458870887756 2.4780447483062735 2.9347137808799744 345.15494856238365
leaf_count=58 511 17 31 233 69 69 418 210 2419 313 16 18 2117
model_size=1488
internal_value=0 0.08545 -0.0574278 -0.0840552 0.0974384 0.0391842 -0.0918989 0.0679452 -0.113636 -0.116413 0.122536 0.0115777 0.124255
internal_weight=0 429.002 640.706 546.706 93.9998 105.824 74.1952 91.3942 440.882 435.827 354.807 5.41276 349.394
internal_count=6499 2644 3855 3275 580 512 476 443 2763 2732 2168 34 2134
is_linear=0
shrinkage=0.1


Tree=10
num_leaves= 13
num_cat= 0
full_tree_array_lgbids= 0 1 2 7 9 4 3 -1 -9 11 10 -2 -6 5 -5 -2147483648 -2147483648 -2147483648 -2147483648 -3 -13 -11 -12 -2147483648 -2147483648 -2147483648 -2147483648 8 6 -2147483648 -2147483648 -2147483648 -2147483648 -2147483648 -2147483648 -2147483648 -2147483648 -2147483648 -2147483648 -2147483648 -2147483648 -2147483648 -2147483648 -2147483648 -2147483648 -2147483648 -2147483648 -2147483648 -2147483648 -2147483648 -2147483648 -2147483648 -2147483648 -2147483648 -2147483648 -4 -10 -7 -8 -2147483648 -2147483648 -2147483648 -2147483648
split_feature= 8 20 19 4 4 7 20 10 13 21 1 12
split_gain= 456.584 244.652 226.933 175.223 48.039 46.4871 42.639 41.4024 21.7696 1.98044 3.4134 2.50353
threshold= 3.5000000000000004 3.5000000000000004 1.5000000000000002 5.5000000000000009 4.5000000000000009 1.0000000180025095e-35 3.5000000000000004 1.0000000180025095e-35 1.5000000000000002 4.5000000000000009 1.5000000000000002 1.0000000180025095e-35
decision_type= 2 2 2 2 2 2 2 2 2 2 2 2
left_child=1 7 4 5 -2 8 -7 -1 -4 11 -11 -3
right_child=2 9 3 -5 -6 6 -8 -9 -10 10 -12 -13
leaf_value= 0.12275322415096231 0.12275322415096231 -0.0016277265246940941 0.12275322415096231 0.13434547340368044 -0.12094088198253522 0.14605417444027111 -0.059674759462011395 -0.12094088198253522 -0.11308487254921469 -0.12094088198253522 0.12275322415096229 0.12275322415096231
leaf_weight=8.7580039203166944 77.161034539341927 4.2390727996826163 4.6810020953416815 35.906226485967636 9.8786517977714521 13.954567417502401 52.223192781209946 59.844586253166199 405.41042137145996 2.2907018661499015 2.7180012166500092 319.66714309155941
leaf_count=58 511 17 31 199 69 72 241 418 2732 16 18 2117
model_size=1376
internal_value=0 0.0833354 -0.0554869 -0.081077 0.0950949 -0.0973178 -0.0162937 -0.0898302 -0.110393 0.119453 0.0113011 0.121125
internal_weight=0 397.518 599.215 512.175 87.0397 476.269 66.1778 68.6026 410.091 328.915 5.0087 323.906
internal_count=6499 2644 3855 3275 580 3076 313 476 2763 2168 34 2134
is_linear=0
shrinkage=0.1


Tree=11
num_leaves= 14
num_cat= 0
full_tree_array_lgbids= 0 1 2 7 10 5 3 -1 -9 12 11 -2 -7 8 4 -2147483648 -2147483648 -2147483648 -2147483648 -3 -14 -12 -13 -2147483648 -2147483648 -2147483648 -2147483648 -4 9 6 -6 -2147483648 -2147483648 -2147483648 -2147483648 -2147483648 -2147483648 -2147483648 -2147483648 -2147483648 -2147483648 -2147483648 -2147483648 -2147483648 -2147483648 -2147483648 -2147483648 -2147483648 -2147483648 -2147483648 -2147483648 -2147483648 -2147483648 -2147483648 -2147483648 -2147483648 -2147483648 -10 -11 -5 -8 -2147483648 -2147483648
split_feature= 8 20 19 7 4 4 21 10 19 19 21 1 12
split_gain= 400.835 215.487 197.742 153.144 42.2489 41.7933 37.7106 35.9715 20.932 174.554 1.02657 2.25351 1.89662
threshold= 3.5000000000000004 3.5000000000000004 1.5000000000000002 1.0000000180025095e-35 5.5000000000000009 4.5000000000000009 1.5000000000000002 1.0000000180025095e-35 4.5000000000000009 6.5000000000000009 4.5000000000000009 1.5000000000000002 1.0000000180025095e-35
decision_type= 2 2 2 2 2 2 2 2 2 2 2 2 2
left_child=1 7 5 8 6 -2 -5 -1 -4 -10 12 -12 -3
right_child=2 10 3 4 -6 -7 -8 -9 9 -11 11 -13 -14
leaf_value= 0.120124818310304 0.120124818310304 -0.0014650731409505684 -0.11881176516367616 0.048594506695766315 0.1301499710222708 -0.11855542649094364 -0.11641862518211971 -0.11855542649094364 0.42756344713332556 -0.10891269590473235 -0.11855542649094364 0.12012481831030396 0.120124818310304
leaf_weight=8.0889927148818952 71.26681512594223 4.2387201786041251 317.69968318939209 40.063467159867287 33.482031151652336 9.1091340333223325 25.012137830257416 55.18286994099617 6.9816292226314536 56.403908222913742 2.1122629642486563 2.510377049446106 295.24823409318924
leaf_count=58 511 17 2384 208 199 69 105 418 39 340 16 18 2117
model_size=1488
internal_value=0 0.0814985 -0.0536247 -0.0782078 0.0344232 0.0930748 -0.0148291 -0.0880413 -0.107337 -0.0498223 0.116772 0.0110626 0.118404
internal_weight=0 367.381 560.019 479.643 98.5576 80.3759 65.0756 63.2719 381.085 63.3855 304.11 4.62264 299.487
internal_count=6499 2644 3855 3275 512 580 313 476 2763 379 2168 34 2134
is_linear=0
shrinkage=0.1


Tree=12
num_leaves= 14
num_cat= 0
full_tree_array_lgbids= 0 1 2 7 10 5 3 -1 -9 11 12 -2 -7 8 4 -2147483648 -2147483648 -2147483648 -2147483648 -3 -13 -12 -14 -2147483648 -2147483648 -2147483648 -2147483648 -4 9 6 -6 -2147483648 -2147483648 -2147483648 -2147483648 -2147483648 -2147483648 -2147483648 -2147483648 -2147483648 -2147483648 -2147483648 -2147483648 -2147483648 -2147483648 -2147483648 -2147483648 -2147483648 -2147483648 -2147483648 -2147483648 -2147483648 -2147483648 -2147483648 -2147483648 -2147483648 -2147483648 -10 -11 -5 -8 -2147483648 -2147483648
split_feature= 8 20 19 7 9 4 21 10 19 19 21 12 1
split_gain= 352.736 190.044 172.333 135.607 40.3512 36.2195 31.2139 31.0938 20.5038 122.761 0.042379 1.33263 1.20548
threshold= 3.5000000000000004 3.5000000000000004 1.5000000000000002 1.0000000180025095e-35 1.0000000180025095e-35 4.5000000000000009 1.5000000000000002 1.0000000180025095e-35 4.5000000000000009 6.5000000000000009 4.5000000000000009 1.0000000180025095e-35 1.5000000000000002
decision_type= 2 2 2 2 2 2 2 2 2 2 2 2 2
left_child=1 7 5 8 6 -2 -5 -1 -4 -10 11 -3 -12
right_child=2 10 3 4 -6 -7 -8 -9 9 -11 12 -13 -14
leaf_value= 0.11784687452276783 0.11784687452276783 -0.0013186816803016483 -0.11670437213545103 0.13093859275777989 -0.1368652283006043 -0.11648097729749039 -0.0016899864777488159 -0.11648097729749039 0.31419286511990191 -0.10360098896753107 -0.11648097729749039 0.11784687452276783 0.11784687452276779
leaf_weight=7.4533958137035361 65.666987255215645 4.2383979558944693 292.38972532749176 38.094595529139042 13.501687765121458 8.3815043270587903 43.717676296830177 50.774910271167755 8.4478134512901288 53.518025368452072 1.9435372352600087 272.0489472001791 2.3131228387355804
leaf_count=58 511 17 2384 233 69 69 210 418 39 340 16 2117 18
model_size=1488
internal_value=0 0.0798908 -0.0519074 -0.0754936 0.0321701 0.0913234 0.0600664 -0.0864863 -0.104453 -0.0466431 0.114423 0.116019 0.0108557
internal_weight=0 338.772 523.718 449.67 95.314 74.0485 81.8123 58.2283 354.356 61.9658 280.544 276.287 4.25666
internal_count=6499 2644 3855 3275 512 580 443 476 2763 379 2168 2134 34
is_linear=0
shrinkage=0.1


Tree=13
num_leaves= 9
num_cat= 0
full_tree_array_lgbids= 0 1 2 7 -3 6 3 -1 -9 -2147483648 -2147483648 -2 -8 4 -5 -2147483648 -2147483648 -2147483648 -2147483648 -2147483648 -2147483648 -2147483648 -2147483648 -2147483648 -2147483648 -2147483648 -2147483648 5 -6 -2147483648 -2147483648 -2147483648 -2147483648 -2147483648 -2147483648 -2147483648 -2147483648 -2147483648 -2147483648 -2147483648 -2147483648 -2147483648 -2147483648 -2147483648 -2147483648 -2147483648 -2147483648 -2147483648 -2147483648 -2147483648 -2147483648 -2147483648 -2147483648 -2147483648 -2147483648 -4 -7 -2147483648 -2147483648 -2147483648 -2147483648 -2147483648 -2147483648
split_feature= 8 20 19 4 9 21 4 10
split_gain= 310.937 167.893 150.472 123.591 33.7084 109.658 31.3771 26.85
threshold= 3.5000000000000004 3.5000000000000004 1.5000000000000002 5.5000000000000009 1.0000000180025095e-35 1.0000000180025095e-35 4.5000000000000009 1.0000000180025095e-35
decision_type= 2 2 2 2 2 2 2 2
left_child=1 7 6 4 5 -4 -2 -1
right_child=2 -3 3 -5 -6 -7 -8 -9
leaf_value= 0.11586288176687953 0.11586288176687953 0.11234941843432321 0.12257373989861936 0.1261669137386861 -0.1158508458195695 -0.091156060891683557 -0.11466884050498732 -0.11466884050498732
leaf_weight=6.8536426723003379 60.382955268025398 258.30799968540668 30.640997380018234 30.062471553683281 221.50276000797749 138.17693886905909 7.6975774168968192 46.631700873374939
leaf_count=58 511 2168 177 199 1923 976 69 418
model_size=928
internal_value=0 0.0784739 -0.0503513 -0.0730483 -0.0883918 -0.0523634 0.0897976 -0.0851284
internal_weight=0 311.793 488.464 420.383 390.321 168.818 68.0805 53.4853
internal_count=6499 2644 3855 3275 3076 1153 580 476
is_linear=0
shrinkage=0.1


Tree=14
num_leaves= 12
num_cat= 0
full_tree_array_lgbids= 0 1 2 7 8 6 3 -1 -9 9 10 -2 -8 4 -5 -2147483648 -2147483648 -2147483648 -2147483648 -3 -11 -10 -12 -2147483648 -2147483648 -2147483648 -2147483648 5 -6 -2147483648 -2147483648 -2147483648 -2147483648 -2147483648 -2147483648 -2147483648 -2147483648 -2147483648 -2147483648 -2147483648 -2147483648 -2147483648 -2147483648 -2147483648 -2147483648 -2147483648 -2147483648 -2147483648 -2147483648 -2147483648 -2147483648 -2147483648 -2147483648 -2147483648 -2147483648 -4 -7 -2147483648 -2147483648 -2147483648 -2147483648 -2147483648 -2147483648
split_feature= 8 20 19 4 9 21 4 10 12 1 21
split_gain= 273.959 147.912 131.843 107.819 31.6918 93.6769 27.1632 23.1539 0.057865 12.5831 1.60392
threshold= 3.5000000000000004 3.5000000000000004 1.5000000000000002 5.5000000000000009 1.0000000180025095e-35 1.0000000180025095e-35 4.5000000000000009 1.0000000180025095e-35 1.0000000180025095e-35 2.5000000000000004 4.5000000000000009
decision_type= 2 2 2 2 2 2 2 2 2 2 2
left_child=1 7 6 4 5 -4 -2 -1 9 -3 -10
right_child=2 8 3 -5 -6 -7 -8 -9 10 -11 -12
leaf_value= 0.11412744279391081 0.11412744279391081 0.17136933491239445 0.11778517875223311 0.12316241872289363 -0.1141388719564098 -0.086845332249633644 -0.11307963800542431 -0.11307963800542431 0.11417716572331818 -0.2006460018398952 -0.039029838415569069
leaf_weight=6.2908793091773978 55.424815982580185 2.9787328839302054 28.794026866555214 27.830856077373028 203.27551330626011 130.91412032395601 7.0579090341925612 42.756608352065086 230.22460299730301 2.2499766647815704 2.9165378212928763
leaf_count=58 511 17 177 199 1923 976 69 418 2117 9 25
model_size=1264
internal_value=0 0.0769426 -0.0490281 -0.0710099 -0.0858976 -0.0499522 0.0884626 -0.0839378 0.110046 0.0112867 0.112261
internal_weight=0 287.417 453.297 390.815 362.984 159.708 62.4827 49.0475 238.37 5.22871 233.141
internal_count=6499 2644 3855 3275 3076 1153 580 476 2168 26 2142
is_linear=0
shrinkage=0.1


Tree=15
num_leaves= 9
num_cat= 0
full_tree_array_lgbids= 0 1 2 7 -3 6 3 -1 -9 -2147483648 -2147483648 -2 -8 4 -5 -2147483648 -2147483648 -2147483648 -2147483648 -2147483648 -2147483648 -2147483648 -2147483648 -2147483648 -2147483648 -2147483648 -2147483648 5 -6 -2147483648 -2147483648 -2147483648 -2147483648 -2147483648 -2147483648 -2147483648 -2147483648 -2147483648 -2147483648 -2147483648 -2147483648 -2147483648 -2147483648 -2147483648 -2147483648 -2147483648 -2147483648 -2147483648 -2147483648 -2147483648 -2147483648 -2147483648 -2147483648 -2147483648 -2147483648 -4 -7 -2147483648 -2147483648 -2147483648 -2147483648 -2147483648 -2147483648
split_feature= 8 20 19 4 9 10 4 10
split_gain= 241.993 130.773 115.424 93.951 29.7456 82.2822 23.338 19.7787
threshold= 3.5000000000000004 3.5000000000000004 1.5000000000000002 5.5000000000000009 1.0000000180025095e-35 1.0000000180025095e-35 4.5000000000000009 1.0000000180025095e-35
decision_type= 2 2 2 2 2 2 2 2
left_child=1 7 6 4 5 -4 -2 -1
right_child=2 -3 3 -5 -6 -7 -8 -9
leaf_value= 0.11260371998545887 0.11260371998545887 0.10833003941922709 0.077020964154232097 0.12055510582975892 -0.11263210055233208 -0.094232407984745026 -0.11168115789146256 -0.11168115789146256
leaf_weight=5.7652898132801047 50.794191285967827 218.96194646507502 41.119581162929535 25.698886893689632 186.26547890901566 110.00722556561232 6.4621228650212279 39.147353008389473
leaf_count=58 511 2168 236 199 1923 917 69 418
model_size=928
internal_value=0 0.0757835 -0.0477762 -0.069075 -0.0835189 -0.0476367 0.0872902 -0.0828904
internal_weight=0 263.875 420.347 363.091 337.392 151.127 57.2563 44.9126
internal_count=6499 2644 3855 3275 3076 1153 580 476
is_linear=0
shrinkage=0.1


Tree=16
num_leaves= 12
num_cat= 0
full_tree_array_lgbids= 0 1 2 7 8 6 3 -1 -9 9 10 -2 -8 4 -5 -2147483648 -2147483648 -2147483648 -2147483648 -3 -11 -10 -12 -2147483648 -2147483648 -2147483648 -2147483648 5 -6 -2147483648 -2147483648 -2147483648 -2147483648 -2147483648 -2147483648 -2147483648 -2147483648 -2147483648 -2147483648 -2147483648 -2147483648 -2147483648 -2147483648 -2147483648 -2147483648 -2147483648 -2147483648 -2147483648 -2147483648 -2147483648 -2147483648 -2147483648 -2147483648 -2147483648 -2147483648 -4 -7 -2147483648 -2147483648 -2147483648 -2147483648 -2147483648 -2147483648
split_feature= 8 20 19 4 9 21 4 10 12 1 21
split_gain= 213.058 115.224 100.697 81.5416 28.855 75.4645 20.0517 16.8852 0.0733865 9.28167 1.44309
threshold= 3.5000000000000004 3.5000000000000004 1.5000000000000002 5.5000000000000009 1.0000000180025095e-35 1.0000000180025095e-35 4.5000000000000009 1.0000000180025095e-35 1.0000000180025095e-35 2.5000000000000004 4.5000000000000009
decision_type= 2 2 2 2 2 2 2 2 2 2 2
left_child=1 7 6 4 5 -4 -2 -1 9 -3 -10
right_child=2 8 3 -5 -6 -7 -8 -9 10 -11 -12
leaf_value= 0.11126147420147421 0.11126147420147421 0.15666523810461125 0.11255333389902328 0.11828148327836074 -0.11130179466800227 -0.080437154950770515 -0.11044680992112868 -0.11044680992112868 0.11134895036960193 -0.19177073031319947 -0.045278030998728763
leaf_weight=5.2763521671295157 46.48648202419281 2.7465205788612357 26.720888614654541 23.677235327661037 170.4510402828455 118.28464415669441 5.9091660529375067 35.797556668519974 193.77794306725264 2.2458567917346954 2.9640398994088164
leaf_count=58 511 17 177 199 1923 976 69 418 2117 9 25
model_size=1264
internal_value=0 0.0744443 -0.0463781 -0.06687 -0.0807669 -0.0448738 0.0862573 -0.0819662 0.10629 -8.11831e-05 0.108989
internal_weight=0 242.808 391.529 339.134 315.457 145.006 52.3956 41.0739 201.734 4.99238 196.742
internal_count=6499 2644 3855 3275 3076 1153 580 476 2168 26 2142
is_linear=0
shrinkage=0.1


Tree=17
num_leaves= 9
num_cat= 0
full_tree_array_lgbids= 0 1 2 7 -3 6 3 -1 -9 -2147483648 -2147483648 -2 -8 4 -5 -2147483648 -2147483648 -2147483648 -2147483648 -2147483648 -2147483648 -2147483648 -2147483648 -2147483648 -2147483648 -2147483648 -2147483648 5 -6 -2147483648 -2147483648 -2147483648 -2147483648 -2147483648 -2147483648 -2147483648 -2147483648 -2147483648 -2147483648 -2147483648 -2147483648 -2147483648 -2147483648 -2147483648 -2147483648 -2147483648 -2147483648 -2147483648 -2147483648 -2147483648 -2147483648 -2147483648 -2147483648 -2147483648 -2147483648 -4 -7 -2147483648 -2147483648 -2147483648 -2147483648 -2147483648 -2147483648
split_feature= 8 20 19 4 9 10 4 10
split_gain= 188.334 101.924 88.021 70.8999 27.1324 66.8587 17.0284 14.2064
threshold= 3.5000000000000004 3.5000000000000004 1.5000000000000002 5.5000000000000009 1.0000000180025095e-35 1.0000000180025095e-35 4.5000000000000009 1.0000000180025095e-35
decision_type= 2 2 2 2 2 2 2 2
left_child=1 7 6 4 5 -4 -2 -1
right_child=2 -3 3 -5 -6 -7 -8 -9
leaf_value= 0.1100756958889617 0.1100756958889617 0.10489227180972044 0.07249958701491438 0.1162905230429485 -0.110124067365987 -0.088765777283055514 -0.10935442392955622 -0.10935442392955622
leaf_weight=4.8230335712432852 42.492588877677917 184.88036862015724 39.225746750831604 21.771949671208858 155.79534536600113 98.176864221692085 5.397508665919303 32.697951048612595
leaf_count=58 511 2168 236 199 1923 917 69 418
model_size=928
internal_value=0 0.0735056 -0.0452204 -0.0650724 -0.0785398 -0.0427277 0.0853446 -0.0811484
internal_weight=0 222.401 362.86 314.97 293.198 137.403 47.8901 37.521
internal_count=6499 2644 3855 3275 3076 1153 580 476
is_linear=0
shrinkage=0.1


Tree=18
num_leaves= 14
num_cat= 0
full_tree_array_lgbids= 0 1 2 9 10 8 3 -1 -11 11 12 -2 -10 5 4 -2147483648 -2147483648 -2147483648 -2147483648 -3 -13 -12 -14 -2147483648 -2147483648 -2147483648 -2147483648 -4 6 -5 7 -2147483648 -2147483648 -2147483648 -2147483648 -2147483648 -2147483648 -2147483648 -2147483648 -2147483648 -2147483648 -2147483648 -2147483648 -2147483648 -2147483648 -2147483648 -2147483648 -2147483648 -2147483648 -2147483648 -2147483648 -2147483648 -2147483648 -2147483648 -2147483648 -2147483648 -2147483648 -7 -8 -2147483648 -2147483648 -6 -9
split_feature= 8 20 19 7 20 19 19 4 4 10 12 3 21
split_gain= 165.684 89.6569 76.5839 62.2446 25.219 22.2305 91.2497 16.7131 14.4083 11.8891 0.0072861 6.52295 1.28001
threshold= 3.5000000000000004 3.5000000000000004 1.5000000000000002 1.0000000180025095e-35 3.5000000000000004 4.5000000000000009 6.5000000000000009 5.5000000000000009 4.5000000000000009 1.0000000180025095e-35 1.0000000180025095e-35 1.0000000180025095e-35 4.5000000000000009
decision_type= 2 2 2 2 2 2 2 2 2 2 2 2 2
left_child=1 9 8 5 -5 -4 -7 -6 -2 -1 11 -3 -12
right_child=2 10 3 4 7 6 -8 -9 -10 -11 12 -13 -14
leaf_value= 0.10902547451640709 0.10902547451640709 -0.18413435451153148 -0.10872166326659252 0.1328581032130477 -0.05176945600939864 0.27469941299452549 -0.089648236110839274 0.1144198123691101 -0.10838542814819269 -0.10838542814819269 0.1091420483255839 0.14521511677044205 -0.050531857506363465
leaf_weight=4.4039455801248542 38.800279162824154 2.2332957386970511 175.49487629532814 19.086511351168156 40.524948179721832 9.0092976540327054 39.750421233475208 10.460384473204611 4.9252953529357901 29.837296485900879 162.47256349772215 2.4909307956695557 3.0081170275807372
leaf_count=58 511 9 2384 166 241 39 340 105 69 418 2117 17 25
model_size=1488
internal_value=0 0.0722796 -0.0438917 -0.0629712 0.0233292 -0.0899371 -0.022328 -0.0176733 0.0845361 -0.0804231 0.103 -0.0104791 0.106239
internal_weight=0 204.446 338.052 294.326 70.0718 224.255 48.7597 50.9853 43.7256 34.2412 170.205 4.72423 165.481
internal_count=6499 2644 3855 3275 512 2763 379 346 580 476 2168 26 2142
is_linear=0
shrinkage=0.1


Tree=19
num_leaves= 11
num_cat= 0
full_tree_array_lgbids= 0 1 2 9 -3 8 3 -1 -11 -2147483648 -2147483648 -2 -10 5 4 -2147483648 -2147483648 -2147483648 -2147483648 -2147483648 -2147483648 -2147483648 -2147483648 -2147483648 -2147483648 -2147483648 -2147483648 -4 6 -5 7 -2147483648 -2147483648 -2147483648 -2147483648 -2147483648 -2147483648 -2147483648 -2147483648 -2147483648 -2147483648 -2147483648 -2147483648 -2147483648 -2147483648 -2147483648 -2147483648 -2147483648 -2147483648 -2147483648 -2147483648 -2147483648 -2147483648 -2147483648 -2147483648 -2147483648 -2147483648 -7 -8 -2147483648 -2147483648 -6 -9
split_feature= 8 20 19 7 20 19 19 4 4 10
split_gain= 146.206 79.12 66.4271 54.9699 21.2415 20.8138 70.3529 13.1309 11.8699 9.61784
threshold= 3.5000000000000004 3.5000000000000004 1.5000000000000002 1.0000000180025095e-35 3.5000000000000004 4.5000000000000009 6.5000000000000009 5.5000000000000009 4.5000000000000009 1.0000000180025095e-35
decision_type= 2 2 2 2 2 2 2 2 2 2
left_child=1 9 8 5 -5 -4 -7 -6 -2 -1
right_child=2 -3 3 4 7 6 -8 -9 -10 -11
leaf_value= 0.10809320877587317 0.10809320877587328 0.10183302439279013 -0.10782350111044514 0.13029004438307676 -0.046993088008532316 0.233008623443589 -0.085167406887891012 0.11289213442081664 -0.1075240907530273 -0.1075240907530273
leaf_weight=4.0174633711576488 35.395237632095814 155.7177449464798 160.0493755787611 17.593177806586027 40.197488456964493 9.5257326364517194 37.762991540133953 9.5864505022764188 4.4904651269316664 27.203107580542564
leaf_count=58 511 2168 2384 166 241 39 340 105 69 418
model_size=1152
internal_value=0 0.0715021 -0.0426734 -0.0610386 0.0220468 -0.0880382 -0.0210748 -0.0162054 0.0838183 -0.0797785
internal_weight=0 186.938 314.601 274.715 67.3771 207.338 47.2887 49.7839 39.8857 31.2206
internal_count=6499 2644 3855 3275 512 2763 379 346 580 476
is_linear=0
shrinkage=0.1


Tree=20
num_leaves= 11
num_cat= 0
full_tree_array_lgbids= 0 1 2 9 -3 8 3 -1 -11 -2147483648 -2147483648 -2 -10 4 6 -2147483648 -2147483648 -2147483648 -2147483648 -2147483648 -2147483648 -2147483648 -2147483648 -2147483648 -2147483648 -2147483648 -2147483648 -4 5 -5 7 -2147483648 -2147483648 -2147483648 -2147483648 -2147483648 -2147483648 -2147483648 -2147483648 -2147483648 -2147483648 -2147483648 -2147483648 -2147483648 -2147483648 -2147483648 -2147483648 -2147483648 -2147483648 -2147483648 -2147483648 -2147483648 -2147483648 -2147483648 -2147483648 -2147483648 -2147483648 -6 -7 -2147483648 -2147483648 -8 -9
split_feature= 8 20 19 7 19 19 20 21 4 10
split_gain= 128.37 69.2526 57.5331 48.5625 19.4493 55.6598 17.7997 10.9664 9.66072 7.64489
threshold= 3.5000000000000004 3.5000000000000004 1.5000000000000002 1.0000000180025095e-35 4.5000000000000009 6.5000000000000009 3.5000000000000004 1.5000000000000002 4.5000000000000009 1.0000000180025095e-35
decision_type= 2 2 2 2 2 2 2 2 2 2
left_child=1 9 8 4 -4 -6 -5 -8 -2 -1
right_child=2 -3 3 6 5 -7 7 -9 -10 -11
leaf_value= 0.10726401292643045 0.10726401292643054 0.099999339993461611 -0.10702411825279592 0.12791718293347271 0.20554825923954981 -0.080706996962480626 0.0443641362795614 -0.077083764963920207 -0.10675703993551194 -0.10675703993551194
leaf_weight=3.6618147641420391 32.261850766837597 143.35283047705889 145.84502544999123 16.199178639799356 9.7058942914009076 35.960861876606941 24.944614715874195 23.724998392164707 4.0908415876328936 24.782199762761593
leaf_count=58 511 2168 2384 166 39 340 201 145 69 418
model_size=1152
internal_value=0 0.070329 -0.0414794 -0.0591551 -0.0862412 -0.019867 0.020811 -0.0148381 0.0831798 -0.0792045
internal_weight=0 171.797 292.733 256.381 191.512 45.6668 64.8688 48.6696 36.3527 28.444
internal_count=6499 2644 3855 3275 2763 379 512 346 580 476
is_linear=0
shrinkage=0.1


Tree=21
num_leaves= 14
num_cat= 0
full_tree_array_lgbids= 0 1 2 9 10 8 3 -1 -11 11 12 -2 -10 4 6 -2147483648 -2147483648 -2147483648 -2147483648 -3 -13 -12 -14 -2147483648 -2147483648 -2147483648 -2147483648 -4 5 -5 7 -2147483648 -2147483648 -2147483648 -2147483648 -2147483648 -2147483648 -2147483648 -2147483648 -2147483648 -2147483648 -2147483648 -2147483648 -2147483648 -2147483648 -2147483648 -2147483648 -2147483648 -2147483648 -2147483648 -2147483648 -2147483648 -2147483648 -2147483648 -2147483648 -2147483648 -2147483648 -6 -7 -2147483648 -2147483648 -8 -9
split_feature= 8 20 19 7 19 19 20 4 4 10 12 1 21
split_gain= 112.422 60.4166 49.5753 42.9173 18.0742 44.5662 14.7784 10.2603 7.65793 5.85156 0.186256 3.76648 1.55428
threshold= 3.5000000000000004 3.5000000000000004 1.5000000000000002 1.0000000180025095e-35 4.5000000000000009 6.5000000000000009 3.5000000000000004 5.5000000000000009 4.5000000000000009 1.0000000180025095e-35 1.0000000180025095e-35 2.5000000000000004 4.5000000000000009
decision_type= 2 2 2 2 2 2 2 2 2 2 2 2 2
left_child=1 9 8 4 -4 -6 -5 -8 -2 -1 11 -3 -12
right_child=2 10 3 6 5 -7 7 -9 -10 -11 12 -13 -14
leaf_value= 0.10652517821132974 0.10652517821132985 0.13311229917730097 -0.10631143053847479 0.12571493458367786 0.18606954291845856 -0.07627403311552175 -0.042400542354875288 0.11237514116343816 -0.10607284898161794 -0.10607284898161794 0.10669867492058716 -0.18563662424919536 -0.063352303213166317
leaf_weight=3.3351530358195332 29.383848298341036 2.1162553280591956 132.80548883229494 14.901289977133272 9.6509407907724363 34.332613281905651 39.20865660905838 9.004164405167101 3.7242023237049571 22.561109729111195 124.56375767290592 2.2365299463272095 3.1322748214006415
leaf_count=58 511 17 2384 166 39 340 241 105 69 418 2117 9 25
model_size=1488
internal_value=0 0.0691444 -0.0402324 -0.0571855 -0.084517 -0.0187102 0.0193727 -0.0134948 0.0826108 -0.0786926 0.098137 -0.0306659 0.102527
internal_weight=0 157.945 273.011 239.903 176.789 43.9836 63.1141 48.2128 33.1081 25.8963 132.049 4.35279 127.696
internal_count=6499 2644 3855 3275 2763 379 512 346 580 476 2168 26 2142
is_linear=0
shrinkage=0.1


Tree=22
num_leaves= 9
num_cat= 0
full_tree_array_lgbids= 0 1 2 7 -3 6 3 -1 -9 -2147483648 -2147483648 -2 -8 4 -5 -2147483648 -2147483648 -2147483648 -2147483648 -2147483648 -2147483648 -2147483648 -2147483648 -2147483648 -2147483648 -2147483648 -2147483648 -4 5 -2147483648 -2147483648 -2147483648 -2147483648 -2147483648 -2147483648 -2147483648 -2147483648 -2147483648 -2147483648 -2147483648 -2147483648 -2147483648 -2147483648 -2147483648 -2147483648 -2147483648 -2147483648 -2147483648 -2147483648 -2147483648 -2147483648 -2147483648 -2147483648 -2147483648 -2147483648 -2147483648 -2147483648 -6 -7 -2147483648 -2147483648 -2147483648 -2147483648
split_feature= 8 20 19 9 21 4 4 10
split_gain= 98.8155 52.9739 42.5108 39.4232 41.4776 33.4087 5.74301 4.12272
threshold= 3.5000000000000004 3.5000000000000004 1.5000000000000002 1.0000000180025095e-35 1.0000000180025095e-35 5.5000000000000009 4.5000000000000009 1.0000000180025095e-35
decision_type= 2 2 2 2 2 2 2 2
left_child=1 7 6 4 -4 -6 -2 -1
right_child=2 -3 3 -5 5 -7 -8 -9
leaf_value= 0.105865822596505 0.10586582259650511 0.097190675502524956 0.11361054997426843 -0.10643496513245065 -0.071734446002263294 0.11010762352980785 -0.10546166888562683 -0.10546166888562683
leaf_weight=3.0356061831116703 26.744737233966593 120.62647530063987 24.22269631922245 100.01472260802984 85.216077495366335 14.550448860973118 3.3883290365338317 20.526399090886116
leaf_count=58 511 2168 177 1923 976 199 69 418
model_size=928
internal_value=0 0.0685241 -0.039073 -0.0553737 -0.0141856 -0.0452137 0.082103 -0.0782353
internal_weight=0 144.188 254.137 224.004 123.989 99.7665 30.1331 23.562
internal_count=6499 2644 3855 3275 1352 1175 580 476
is_linear=0
shrinkage=0.1


Tree=23
num_leaves= 11
num_cat= 0
full_tree_array_lgbids= 0 1 2 9 -3 3 7 -1 -11 -2147483648 -2147483648 4 5 -4 -9 -2147483648 -2147483648 -2147483648 -2147483648 -2147483648 -2147483648 -2147483648 -2147483648 -2 8 6 -7 -2147483648 -2147483648 -2147483648 -2147483648 -2147483648 -2147483648 -2147483648 -2147483648 -2147483648 -2147483648 -2147483648 -2147483648 -2147483648 -2147483648 -2147483648 -2147483648 -2147483648 -2147483648 -2147483648 -2147483648 -2147483648 -2147483648 -6 -10 -5 -8 -2147483648 -2147483648 -2147483648 -2147483648 -2147483648 -2147483648 -2147483648 -2147483648 -2147483648 -2147483648
split_feature= 8 20 9 10 19 4 21 19 2 10
split_gain= 86.3021 45.8991 37.5948 32.4992 41.446 28.4654 30.8136 22.4743 4.65978 2.68991
threshold= 3.5000000000000004 3.5000000000000004 1.0000000180025095e-35 1.0000000180025095e-35 6.5000000000000009 5.5000000000000009 1.0000000180025095e-35 1.5000000000000002 7.5000000000000009 1.0000000180025095e-35
decision_type= 2 2 2 2 2 2 2 2 2 2
left_child=1 9 3 4 -2 6 -5 -4 -6 -1
right_child=2 -3 7 5 8 -7 -8 -9 -10 -11
leaf_value= 0.10527657861010012 0.12663195700852745 0.095283304467947055 0.10527657861010027 0.10297284029985476 -0.13182409925913893 0.10907294669549722 -0.10180685981163769 -0.10579987043821258 0.16254646011195542 -0.10491500914327373
leaf_weight=2.7613188400864628 38.393864631652832 111.22266426309943 7.3793865554034701 10.875712405890225 11.846830368041989 13.284288626164196 61.472061239182949 91.012566462159157 1.657088682055474 18.664889506995678
leaf_count=58 511 2168 155 83 74 199 903 1923 7 418
model_size=1152
internal_value=0 0.0673216 -0.03803 -0.000871605 0.0687803 -0.0430845 -0.0710233 -0.0899692 -0.0957014 -0.0778264
internal_weight=0 132.649 235.922 137.53 51.8978 85.6321 72.3478 98.392 13.5039 21.4262
internal_count=6499 2644 3855 1777 592 1185 986 2078 81 476
is_linear=0
shrinkage=0.1


Tree=24
num_leaves= 7
num_cat= 0
full_tree_array_lgbids= 0 -1 1 -2147483648 -2147483648 2 3 -2147483648 -2147483648 -2147483648 -2147483648 -2 -4 4 -5 -2147483648 -2147483648 -2147483648 -2147483648 -2147483648 -2147483648 -2147483648 -2147483648 -2147483648 -2147483648 -2147483648 -2147483648 -3 5 -2147483648 -2147483648 -2147483648 -2147483648 -2147483648 -2147483648 -2147483648 -2147483648 -2147483648 -2147483648 -2147483648 -2147483648 -2147483648 -2147483648 -2147483648 -2147483648 -2147483648 -2147483648 -2147483648 -2147483648 -2147483648 -2147483648 -2147483648 -2147483648 -2147483648 -2147483648 -2147483648 -2147483648 -6 -7 -2147483648 -2147483648 -2147483648 -2147483648
split_feature= 8 4 4 4 19 19
split_gain= 77.21 90.6997 54.319 30.2739 25.2629 30.8049
threshold= 1.0000000180025095e-35 2.5000000000000004 1.0000000180025095e-35 5.5000000000000009 4.5000000000000009 5.5000000000000009
decision_type= 2 2 2 2 2 2
left_child=-1 2 -2 4 -3 -6
right_child=1 3 -4 -5 5 -7
leaf_value= 0.10496660588598533 -0.10730718445894877 -0.10807334331262175 0.10696783261811958 0.10815088168133369 0.16248117496819414 -0.052160755562534848
leaf_weight=63.018015503883362 17.000463485717773 115.94719215855002 69.207364216446877 12.117359183728693 10.19409868121147 51.300702966749668
leaf_count=1398 320 2523 1411 199 58 590
model_size=704
internal_value=0 -0.0241549 0.0647121 -0.0645699 -0.0763649 -0.0165792
internal_weight=0 275.767 86.2078 189.559 177.442 61.4948
internal_count=6499 5101 1731 3370 3171 648
is_linear=0
shrinkage=0.1


Tree=25
num_leaves= 8
num_cat= 0
full_tree_array_lgbids= 0 -1 1 -2147483648 -2147483648 2 3 -2147483648 -2147483648 -2147483648 -2147483648 -2 -4 4 -5 -2147483648 -2147483648 -2147483648 -2147483648 -2147483648 -2147483648 -2147483648 -2147483648 -2147483648 -2147483648 -2147483648 -2147483648 6 5 -2147483648 -2147483648 -2147483648 -2147483648 -2147483648 -2147483648 -2147483648 -2147483648 -2147483648 -2147483648 -2147483648 -2147483648 -2147483648 -2147483648 -2147483648 -2147483648 -2147483648 -2147483648 -2147483648 -2147483648 -2147483648 -2147483648 -2147483648 -2147483648 -2147483648 -2147483648 -3 -8 -6 -7 -2147483648 -2147483648 -2147483648 -2147483648
split_feature= 8 4 4 4 12 18 17
split_gain= 68.1133 79.0515 47.698 25.4586 26.2467 11.5737 4.36627
threshold= 1.0000000180025095e-35 2.5000000000000004 1.0000000180025095e-35 5.5000000000000009 2.5000000000000004 3.5000000000000004 1.5000000000000002
decision_type= 2 2 2 2 2 2 2
left_child=-1 2 -2 4 6 -6 -3
right_child=1 3 -4 -5 5 -7 -8
leaf_value= 0.10447170845465781 -0.10658907096865278 -0.10533119690894147 0.10630331014049182 0.10732788064130494 0.14095859777180084 -0.11058438987606484 -0.035900662940482546
leaf_weight=57.277389943599701 15.481000270694492 114.36210492998362 62.992907103151083 11.044016487896441 11.072392165660856 4.4952051490545264 35.369119077920914
leaf_count=1398 320 2552 1411 199 61 79 479
model_size=816
internal_value=0 -0.0236266 0.0643048 -0.0627567 -0.0741204 0.0683246 -0.0889305
internal_weight=0 254.817 78.4739 176.343 165.299 15.5676 149.731
internal_count=6499 5101 1731 3370 3171 140 3031
is_linear=0
shrinkage=0.1


Tree=26
num_leaves= 7
num_cat= 0
full_tree_array_lgbids= 0 -1 1 -2147483648 -2147483648 2 3 -2147483648 -2147483648 -2147483648 -2147483648 -2 -4 4 -5 -2147483648 -2147483648 -2147483648 -2147483648 -2147483648 -2147483648 -2147483648 -2147483648 -2147483648 -2147483648 -2147483648 -2147483648 -3 5 -2147483648 -2147483648 -2147483648 -2147483648 -2147483648 -2147483648 -2147483648 -2147483648 -2147483648 -2147483648 -2147483648 -2147483648 -2147483648 -2147483648 -2147483648 -2147483648 -2147483648 -2147483648 -2147483648 -2147483648 -2147483648 -2147483648 -2147483648 -2147483648 -2147483648 -2147483648 -2147483648 -2147483648 -6 -7 -2147483648 -2147483648 -2147483648 -2147483648
split_feature= 8 4 4 4 19 19
split_gain= 59.9532 68.7475 41.7183 21.1788 22.1428 25.1121
threshold= 1.0000000180025095e-35 2.5000000000000004 1.0000000180025095e-35 5.5000000000000009 4.5000000000000009 5.5000000000000009
decision_type= 2 2 2 2 2 2
left_child=-1 2 -2 4 -3 -6
right_child=1 3 -4 -5 5 -7
leaf_value= 0.10402811407001576 -0.10594378300528969 -0.10681752298969792 0.10570312753638758 0.10659227568409434 0.15545672535626981 -0.048817486797912681
leaf_weight=52.036452122032642 14.088753819465635 96.162840355187654 57.305475119501352 10.05847862549126 9.8387860804796201 47.819914262741804
leaf_count=1398 320 2523 1411 199 58 590
model_size=704
internal_value=0 -0.0231216 0.0639373 -0.0610487 -0.0720108 -0.0139605
internal_weight=0 235.274 71.3942 163.88 153.822 57.6587
internal_count=6499 5101 1731 3370 3171 648
is_linear=0
shrinkage=0.1


Tree=27
num_leaves= 8
num_cat= 0
full_tree_array_lgbids= 0 -1 1 -2147483648 -2147483648 2 3 -2147483648 -2147483648 -2147483648 -2147483648 -2 -4 4 5 -2147483648 -2147483648 -2147483648 -2147483648 -2147483648 -2147483648 -2147483648 -2147483648 -2147483648 -2147483648 -2147483648 -2147483648 6 -6 -5 -7 -2147483648 -2147483648 -2147483648 -2147483648 -2147483648 -2147483648 -2147483648 -2147483648 -2147483648 -2147483648 -2147483648 -2147483648 -2147483648 -2147483648 -2147483648 -2147483648 -2147483648 -2147483648 -2147483648 -2147483648 -2147483648 -2147483648 -2147483648 -2147483648 -3 -8 -2147483648 -2147483648 -2147483648 -2147483648 -2147483648 -2147483648
split_feature= 8 4 4 12 4 18 17
split_gain= 52.7008 59.5973 36.4281 18.4651 22.2294 7.94985 2.12824
threshold= 1.0000000180025095e-35 2.5000000000000004 1.0000000180025095e-35 2.5000000000000004 5.5000000000000009 3.5000000000000004 1.5000000000000002
decision_type= 2 2 2 2 2 2 2
left_child=-1 2 -2 4 6 -5 -3
right_child=1 3 -4 5 -6 -7 -8
leaf_value= 0.10363014134929072 -0.10536347230419314 -0.10306170893578065 0.10516076705958095 0.13782800883730004 0.10593396921679031 -0.10920762509620235 -0.035399303736767418
leaf_weight=47.256126746535301 12.81466146558523 95.920015092939138 52.105934673920274 10.599432826042174 9.1549575664103013 3.8108466044068328 33.172559309750795
leaf_count=1398 320 2552 1411 61 199 79 479
model_size=816
internal_value=0 -0.0225947 0.0636054 -0.0592529 -0.0729861 0.0724986 -0.0856747
internal_weight=0 217.578 64.9206 152.658 138.248 14.4103 129.093
internal_count=6499 5101 1731 3370 3230 140 3031
is_linear=0
shrinkage=0.1


Tree=28
num_leaves= 8
num_cat= 0
full_tree_array_lgbids= 0 -1 1 -2147483648 -2147483648 2 3 -2147483648 -2147483648 -2147483648 -2147483648 -2 -4 4 5 -2147483648 -2147483648 -2147483648 -2147483648 -2147483648 -2147483648 -2147483648 -2147483648 -2147483648 -2147483648 -2147483648 -2147483648 6 -6 -5 -7 -2147483648 -2147483648 -2147483648 -2147483648 -2147483648 -2147483648 -2147483648 -2147483648 -2147483648 -2147483648 -2147483648 -2147483648 -2147483648 -2147483648 -2147483648 -2147483648 -2147483648 -2147483648 -2147483648 -2147483648 -2147483648 -2147483648 -2147483648 -2147483648 -3 -8 -2147483648 -2147483648 -2147483648 -2147483648 -2147483648 -2147483648
split_feature= 8 4 4 12 4 18 17
split_gain= 46.1557 51.4879 31.6352 14.8139 18.2337 5.63711 2.00347
threshold= 1.0000000180025095e-35 2.5000000000000004 1.0000000180025095e-35 2.5000000000000004 5.5000000000000009 3.5000000000000004 1.5000000000000002
decision_type= 2 2 2 2 2 2 2
left_child=-1 2 -2 4 6 -5 -3
right_child=1 3 -4 5 -6 -7 -8
leaf_value= 0.1032727807765329 -0.10484123934240681 -0.10177854931258756 0.1046704308255661 0.13357608614355923 0.10534418629228531 -0.10834106009272471 -0.032481128897900648
leaf_weight=42.899531073868275 11.649997703731058 87.831320714205503 47.357010984793305 9.880174979567526 8.3277584053575975 3.4743700698018065 32.570518437772989
leaf_count=1398 320 2552 1411 61 199 79 479
model_size=816
internal_value=0 -0.0220854 0.0633057 -0.057548 -0.0708461 0.070638 -0.0830325
internal_weight=0 201.091 59.007 142.084 128.73 13.3545 120.402
internal_count=6499 5101 1731 3370 3230 140 3031
is_linear=0
shrinkage=0.1


Tree=29
num_leaves= 8
num_cat= 0
full_tree_array_lgbids= 0 -1 1 -2147483648 -2147483648 2 3 -2147483648 -2147483648 -2147483648 -2147483648 -2 -4 4 5 -2147483648 -2147483648 -2147483648 -2147483648 -2147483648 -2147483648 -2147483648 -2147483648 -2147483648 -2147483648 -2147483648 -2147483648 6 -6 -5 -7 -2147483648 -2147483648 -2147483648 -2147483648 -2147483648 -2147483648 -2147483648 -2147483648 -2147483648 -2147483648 -2147483648 -2147483648 -2147483648 -2147483648 -2147483648 -2147483648 -2147483648 -2147483648 -2147483648 -2147483648 -2147483648 -2147483648 -2147483648 -2147483648 -3 -8 -2147483648 -2147483648 -2147483648 -2147483648 -2147483648 -2147483648
split_feature= 8 4 4 12 4 18 19
split_gain= 40.2596 44.2507 27.3121 11.5607 14.662 3.61567 2.30696
threshold= 1.0000000180025095e-35 2.5000000000000004 1.0000000180025095e-35 2.5000000000000004 5.5000000000000009 3.5000000000000004 4.5000000000000009
decision_type= 2 2 2 2 2 2 2
left_child=-1 2 -2 4 6 -5 -3
right_child=1 3 -4 5 -6 -7 -8
leaf_value= 0.10295166054064438 -0.10437099462871423 -0.10536214697655388 0.10422697840146439 0.1298972003494592 0.10481526973745381 -0.10755545832225713 -0.037839214783906373
leaf_weight=38.932006157934666 10.586427027359603 70.792931236326694 43.023422684520483 9.1800162196159345 7.5713516306132069 3.1655315533280364 41.691513162106276
leaf_count=1398 320 2457 1411 61 199 79 574
model_size=816
internal_value=0 -0.0215665 0.0630348 -0.0558218 -0.0686587 0.0690118 -0.0803353
internal_weight=0 186.011 53.6098 132.401 120.056 12.3455 112.484
internal_count=6499 5101 1731 3370 3230 140 3031
is_linear=0
shrinkage=0.1


Tree=30
num_leaves= 8
num_cat= 0
full_tree_array_lgbids= 0 -1 1 -2147483648 -2147483648 2 3 -2147483648 -2147483648 -2147483648 -2147483648 -2 -4 4 6 -2147483648 -2147483648 -2147483648 -2147483648 -2147483648 -2147483648 -2147483648 -2147483648 -2147483648 -2147483648 -2147483648 -2147483648 5 -6 -5 -8 -2147483648 -2147483648 -2147483648 -2147483648 -2147483648 -2147483648 -2147483648 -2147483648 -2147483648 -2147483648 -2147483648 -2147483648 -2147483648 -2147483648 -2147483648 -2147483648 -2147483648 -2147483648 -2147483648 -2147483648 -2147483648 -2147483648 -2147483648 -2147483648 -3 -7 -2147483648 -2147483648 -2147483648 -2147483648 -2147483648 -2147483648
split_feature= 8 4 4 12 4 19 18
split_gain= 34.9518 37.8183 23.4071 8.67506 11.4854 2.39126 1.83501
threshold= 1.0000000180025095e-35 2.5000000000000004 1.0000000180025095e-35 2.5000000000000004 5.5000000000000009 4.5000000000000009 3.5000000000000004
decision_type= 2 2 2 2 2 2 2
left_child=-1 2 -2 4 5 -3 -5
right_child=1 3 -4 6 -6 -7 -8
leaf_value= 0.10266289933002873 -0.10394732865026141 -0.10491906429001585 0.10382582391428118 0.12669048518796247 0.10434051368381286 -0.034772141944642974 -0.10684331178831814
leaf_weight=35.321171533316374 9.6160473544150573 64.312871592119336 39.071954583749175 8.5057942941784841 6.8804240599274626 40.87652949616313 2.8824095651507369
leaf_count=1398 320 2457 1411 61 199 574 79
model_size=816
internal_value=0 -0.0210539 0.0627899 -0.0541193 -0.0664863 -0.07766 0.0675819
internal_weight=0 172.146 48.688 123.458 112.07 105.189 11.3882
internal_count=6499 5101 1731 3370 3230 3031 140
is_linear=0
shrinkage=0.1


Tree=31
num_leaves= 7
num_cat= 0
full_tree_array_lgbids= 0 -1 1 -2147483648 -2147483648 2 3 -2147483648 -2147483648 -2147483648 -2147483648 -2 -4 4 -5 -2147483648 -2147483648 -2147483648 -2147483648 -2147483648 -2147483648 -2147483648 -2147483648 -2147483648 -2147483648 -2147483648 -2147483648 5 -6 -2147483648 -2147483648 -2147483648 -2147483648 -2147483648 -2147483648 -2147483648 -2147483648 -2147483648 -2147483648 -2147483648 -2147483648 -2147483648 -2147483648 -2147483648 -2147483648 -2147483648 -2147483648 -2147483648 -2147483648 -2147483648 -2147483648 -2147483648 -2147483648 -2147483648 -2147483648 -3 -7 -2147483648 -2147483648 -2147483648 -2147483648 -2147483648 -2147483648
split_feature= 8 4 4 9 10 1
split_gain= 30.1609 32.0703 19.8749 6.93923 9.85028 9.90084
threshold= 1.0000000180025095e-35 2.5000000000000004 1.0000000180025095e-35 1.0000000180025095e-35 2.5000000000000004 1.0000000180025095e-35
decision_type= 2 2 2 2 2 2
left_child=-1 2 -2 4 5 -3
right_child=1 3 -4 -5 -6 -7
leaf_value= 0.10240308664874374 -0.1035654564874907 -0.11345566504640595 0.10346284863962037 -0.10233760894633329 -0.084845791961740538 0.057072253220044014
leaf_weight=32.036875739693642 8.7314073741435987 8.7081172242760641 35.471481721848249 42.979948420077562 30.18169803544879 33.417944053187966
leaf_count=1398 320 87 1411 2041 675 567
model_size=704
internal_value=0 -0.0205297 0.0625685 -0.0523907 -0.0227021 0.0218215
internal_weight=0 159.491 44.2029 115.288 72.3078 42.1261
internal_count=6499 5101 1731 3370 1329 654
is_linear=0
shrinkage=0.1


Tree=32
num_leaves= 7
num_cat= 0
full_tree_array_lgbids= 0 -1 1 -2147483648 -2147483648 2 3 -2147483648 -2147483648 -2147483648 -2147483648 -2 -4 4 -5 -2147483648 -2147483648 -2147483648 -2147483648 -2147483648 -2147483648 -2147483648 -2147483648 -2147483648 -2147483648 -2147483648 -2147483648 5 -6 -2147483648 -2147483648 -2147483648 -2147483648 -2147483648 -2147483648 -2147483648 -2147483648 -2147483648 -2147483648 -2147483648 -2147483648 -2147483648 -2147483648 -2147483648 -2147483648 -2147483648 -2147483648 -2147483648 -2147483648 -2147483648 -2147483648 -2147483648 -2147483648 -2147483648 -2147483648 -3 -7 -2147483648 -2147483648 -2147483648 -2147483648 -2147483648 -2147483648
split_feature= 8 4 4 9 10 1
split_gain= 25.8331 26.8104 16.6755 5.88455 6.86819 6.8213
threshold= 1.0000000180025095e-35 2.5000000000000004 1.0000000180025095e-35 1.0000000180025095e-35 2.5000000000000004 1.0000000180025095e-35
decision_type= 2 2 2 2 2 2
left_child=-1 2 -2 4 5 -3
right_child=1 3 -4 -5 -6 -7
leaf_value= 0.10216917567864331 -0.10322110724078773 -0.11203103983432468 0.10313437407600685 -0.10211170404442456 -0.081353058612009824 0.051624582124990381
leaf_weight=29.051149450242519 7.9255179800093165 7.9744834676384917 32.192943204194307 38.971524639055133 28.422597583383322 33.258948620408773
leaf_count=1398 320 87 1411 2041 675 567
model_size=704
internal_value=0 -0.0199401 0.0623683 -0.0503383 -0.0213718 0.0199738
internal_weight=0 148.746 40.1185 108.628 69.656 41.2334
internal_count=6499 5101 1731 3370 1329 654
is_linear=0
shrinkage=0.1


Tree=33
num_leaves= 7
num_cat= 0
full_tree_array_lgbids= 0 -1 1 -2147483648 -2147483648 2 3 -2147483648 -2147483648 -2147483648 -2147483648 -2 -4 4 -5 -2147483648 -2147483648 -2147483648 -2147483648 -2147483648 -2147483648 -2147483648 -2147483648 -2147483648 -2147483648 -2147483648 -2147483648 5 -6 -2147483648 -2147483648 -2147483648 -2147483648 -2147483648 -2147483648 -2147483648 -2147483648 -2147483648 -2147483648 -2147483648 -2147483648 -2147483648 -2147483648 -2147483648 -2147483648 -2147483648 -2147483648 -2147483648 -2147483648 -2147483648 -2147483648 -2147483648 -2147483648 -2147483648 -2147483648 -3 -7 -2147483648 -2147483648 -2147483648 -2147483648 -2147483648 -2147483648
split_feature= 8 4 4 12 4 19
split_gain= 21.9466 22.1404 13.8046 5.07294 5.73751 1.14017
threshold= 1.0000000180025095e-35 2.5000000000000004 1.0000000180025095e-35 2.5000000000000004 5.5000000000000009 4.5000000000000009
decision_type= 2 2 2 2 2 2
left_child=-1 2 -2 4 5 -3
right_child=1 3 -4 -5 -6 -7
leaf_value= 0.10195850144889995 -0.10291048310603855 -0.10386025324875373 0.10283708015423652 0.068265599394158299 0.10351393029306151 -0.029299228679111996
leaf_weight=26.338116936385632 7.191848484799265 49.731929961591959 29.209303477779031 10.393614273518322 5.6497835014015427 36.839522004127502
leaf_count=1398 320 2457 1411 140 199 574
model_size=704
internal_value=0 -0.0193251 0.0621871 -0.0482404 -0.061371 -0.0721316
internal_weight=0 139.016 36.4012 102.615 92.2212 86.5715
internal_count=6499 5101 1731 3370 3230 3031
is_linear=0
shrinkage=0.1


Tree=34
num_leaves= 8
num_cat= 0
full_tree_array_lgbids= 0 -1 1 -2147483648 -2147483648 2 3 -2147483648 -2147483648 -2147483648 -2147483648 -2 -4 6 4 -2147483648 -2147483648 -2147483648 -2147483648 -2147483648 -2147483648 -2147483648 -2147483648 -2147483648 -2147483648 -2147483648 -2147483648 -3 -8 -5 5 -2147483648 -2147483648 -2147483648 -2147483648 -2147483648 -2147483648 -2147483648 -2147483648 -2147483648 -2147483648 -2147483648 -2147483648 -2147483648 -2147483648 -2147483648 -2147483648 -2147483648 -2147483648 -2147483648 -2147483648 -2147483648 -2147483648 -2147483648 -2147483648 -2147483648 -2147483648 -2147483648 -2147483648 -2147483648 -2147483648 -6 -7
split_feature= 8 4 4 19 19 12 4
split_gain= 18.4268 18.022 11.1997 4.1046 18.195 10.3701 8.88535
threshold= 1.0000000180025095e-35 2.5000000000000004 1.0000000180025095e-35 4.5000000000000009 5.5000000000000009 2.5000000000000004 5.5000000000000009
decision_type= 2 2 2 2 2 2 2
left_child=-1 2 -2 6 -5 -6 -3
right_child=1 3 -4 4 5 -7 -8
leaf_value= 0.10176865910542313 -0.10263018574447128 -0.10349472980550777 0.10256798629975226 0.15070786130807554 -0.090028949020418483 0.088925129962289087 0.1031707317670254
leaf_weight=23.873907532542944 6.5243213642388573 46.537709929980338 26.495481691323221 9.54193591699004 26.771942825987935 8.8021676093339902 5.1282744240015736
leaf_count=1398 320 2523 1411 58 516 74 199
model_size=816
internal_value=0 -0.0187116 0.0620233 -0.0462564 -0.00419964 -0.04575 -0.0829815
internal_weight=0 129.802 33.0198 96.782 45.116 35.5741 51.666
internal_count=6499 5101 1731 3370 648 590 2722
is_linear=0
shrinkage=0.1


Tree=35
num_leaves= 8
num_cat= 0
full_tree_array_lgbids= 0 -1 1 -2147483648 -2147483648 2 3 -2147483648 -2147483648 -2147483648 -2147483648 -2 -4 6 4 -2147483648 -2147483648 -2147483648 -2147483648 -2147483648 -2147483648 -2147483648 -2147483648 -2147483648 -2147483648 -2147483648 -2147483648 -3 -8 -5 5 -2147483648 -2147483648 -2147483648 -2147483648 -2147483648 -2147483648 -2147483648 -2147483648 -2147483648 -2147483648 -2147483648 -2147483648 -2147483648 -2147483648 -2147483648 -2147483648 -2147483648 -2147483648 -2147483648 -2147483648 -2147483648 -2147483648 -2147483648 -2147483648 -2147483648 -2147483648 -2147483648 -2147483648 -2147483648 -2147483648 -6 -7
split_feature= 8 4 4 19 19 12 4
split_gain= 15.2965 14.7049 8.80179 2.67995 14.0023 7.3341 6.70361
threshold= 1.0000000180025095e-35 2.5000000000000004 1.0000000180025095e-35 4.5000000000000009 5.5000000000000009 2.5000000000000004 5.5000000000000009
decision_type= 2 2 2 2 2 2 2
left_child=-1 2 -2 6 -5 -6 -3
right_child=1 3 -4 4 5 -7 -8
leaf_value= 0.10159752033735332 -0.10237719572554101 -0.10319697779930229 0.10232440508110292 0.14391066247756784 -0.087335642633165317 0.083505507729926667 0.10286183430999146
leaf_weight=21.636539759114385 5.917295943945649 42.224390641786158 24.028269274160266 9.0202140696346742 24.933517279103398 8.4547282308340055 4.6534794680774203
leaf_count=1398 320 2523 1411 58 516 74 199
model_size=816
internal_value=0 -0.0184459 0.061875 -0.0453846 -0.0040903 -0.0440744 -0.0827419
internal_weight=0 119.232 29.9456 89.2863 42.4085 33.3882 46.8779
internal_count=6499 5101 1731 3370 648 590 2722
is_linear=0
shrinkage=0.1


Tree=36
num_leaves= 8
num_cat= 0
full_tree_array_lgbids= 0 -1 1 -2147483648 -2147483648 2 3 -2147483648 -2147483648 -2147483648 -2147483648 -2 -4 5 4 -2147483648 -2147483648 -2147483648 -2147483648 -2147483648 -2147483648 -2147483648 -2147483648 -2147483648 -2147483648 -2147483648 -2147483648 -3 -7 -5 6 -2147483648 -2147483648 -2147483648 -2147483648 -2147483648 -2147483648 -2147483648 -2147483648 -2147483648 -2147483648 -2147483648 -2147483648 -2147483648 -2147483648 -2147483648 -2147483648 -2147483648 -2147483648 -2147483648 -2147483648 -2147483648 -2147483648 -2147483648 -2147483648 -2147483648 -2147483648 -2147483648 -2147483648 -2147483648 -2147483648 -6 -8
split_feature= 8 4 4 19 19 4 12
split_gain= 12.451 11.7109 6.61739 1.354 10.4347 4.71491 4.6385
threshold= 1.0000000180025095e-35 2.5000000000000004 1.0000000180025095e-35 4.5000000000000009 5.5000000000000009 5.5000000000000009 2.5000000000000004
decision_type= 2 2 2 2 2 2 2
left_child=-1 2 -2 5 -5 -3 -6
right_child=1 3 -4 4 6 -7 -8
leaf_value= 0.10144319159302928 -0.10214877991292229 -0.1029228302030407 0.10210390840079378 0.13823627627146939 -0.084592672097771868 0.10258365798524667 0.078196523087018299
leaf_weight=19.605819767341018 5.3655538056045797 38.302810131572187 21.786239962093532 8.4792860038578493 23.255306553095579 4.2214788105338803 8.142659395933153
leaf_count=1398 320 2523 1411 58 516 199 74
model_size=816
internal_value=0 -0.0181753 0.0617409 -0.0445081 -0.00397108 -0.0825218 -0.0423754
internal_weight=0 109.553 27.1518 82.4015 39.8773 42.5243 31.398
internal_count=6499 5101 1731 3370 648 2722 590
is_linear=0
shrinkage=0.1


Tree=37
num_leaves= 8
num_cat= 0
full_tree_array_lgbids= 0 -1 1 -2147483648 -2147483648 2 3 -2147483648 -2147483648 -2147483648 -2147483648 -2 -4 5 4 -2147483648 -2147483648 -2147483648 -2147483648 -2147483648 -2147483648 -2147483648 -2147483648 -2147483648 -2147483648 -2147483648 -2147483648 -3 -7 -5 6 -2147483648 -2147483648 -2147483648 -2147483648 -2147483648 -2147483648 -2147483648 -2147483648 -2147483648 -2147483648 -2147483648 -2147483648 -2147483648 -2147483648 -2147483648 -2147483648 -2147483648 -2147483648 -2147483648 -2147483648 -2147483648 -2147483648 -2147483648 -2147483648 -2147483648 -2147483648 -2147483648 -2147483648 -2147483648 -2147483648 -6 -8
split_feature= 8 4 4 19 19 4 17
split_gain= 9.86154 9.00423 4.62453 0.118858 7.3695 2.89932 2.60267
threshold= 1.0000000180025095e-35 2.5000000000000004 1.0000000180025095e-35 4.5000000000000009 5.5000000000000009 5.5000000000000009 1.5000000000000002
decision_type= 2 2 2 2 2 2 2
left_child=-1 2 -2 5 -5 -3 -6
right_child=1 3 -4 4 6 -7 -8
leaf_value= 0.10130396658658003 -0.10194251045364944 -0.10267058017567617 0.10190430289500269 0.13345269425896505 0.033365500264602325 0.10233303438464324 -0.1054745842282616
leaf_weight=17.763218952342868 4.8642771914601353 34.738645038567483 19.749653566628695 7.9330205321311942 13.813901690766215 3.8286305563524357 15.774401728063822
leaf_count=1398 320 2523 1411 58 156 199 434
model_size=816
internal_value=0 -0.0178978 0.0616195 -0.0436208 -0.00384335 -0.0823196 -0.0406543
internal_weight=0 100.703 24.6139 76.0886 37.5213 38.5673 29.5883
internal_count=6499 5101 1731 3370 648 2722 590
is_linear=0
shrinkage=0.1


Tree=38
num_leaves= 4
num_cat= 0
full_tree_array_lgbids= 0 -1 1 -2147483648 -2147483648 2 -3 -2147483648 -2147483648 -2147483648 -2147483648 -2 -4 -2147483648 -2147483648
split_feature= 8 4 4
split_gain= 7.50575 6.53672 2.80362
threshold= 1.0000000180025095e-35 2.5000000000000004 1.0000000180025095e-35
decision_type= 2 2 2
left_child=-1 2 -2
right_child=1 -3 -4
leaf_value= 0.1011783446602303 -0.10175620266202001 -0.042631856210947484 0.10172360632285316
leaf_weight=16.091765888035297 4.40902843885124 70.516254499554634 17.900354066863656
leaf_count=1398 320 3370 1411
model_size=368
internal_value=0 -0.0176029 0.0615097
internal_weight=0 92.8256 22.3094
internal_count=6499 5101 1731
is_linear=0
shrinkage=0.1


Tree=39
num_leaves= 4
num_cat= 0
full_tree_array_lgbids= 0 -1 1 -2147483648 -2147483648 2 -3 -2147483648 -2147483648 -2147483648 -2147483648 -2 -4 -2147483648 -2147483648
split_feature= 8 4 4
split_gain= 5.33134 3.87257 1.2622
threshold= 1.0000000180025095e-35 2.5000000000000004 1.0000000180025095e-35
decision_type= 2 2 2
left_child=-1 2 -2
right_child=1 -3 -4
leaf_value= 0.10106495404118095 -0.10158789524108756 -0.039238628292749662 0.10156003675850367
leaf_weight=14.575936960056422 3.9957272289320853 69.034078728407621 16.221669767983258
leaf_count=1398 320 3370 1411
model_size=368
internal_value=0 -0.0164395 0.0614103
internal_weight=0 89.2515 20.2174
internal_count=6499 5101 1731
is_linear=0
shrinkage=0.1


Tree=40
num_leaves= 3
num_cat= 0
full_tree_array_lgbids= 0 -1 1 -2147483648 -2147483648 -2 -3
split_feature= 8 4
split_gain= 3.3789 1.57103
threshold= 1.0000000180025095e-35 2.5000000000000004
decision_type= 2 2
left_child=-1 -2
right_child=1 -3
leaf_value= 0.10096257989281941 0.061320326175398981 -0.036027707232238602
leaf_weight=13.201545696705578 18.31894344650209 67.739097091369331
leaf_count=1398 1731 3370
model_size=256
internal_value=0 -0.0153055
internal_weight=0 86.058
internal_count=6499 5101
is_linear=0
shrinkage=0.1


Tree=41
num_leaves= 4
num_cat= 0
full_tree_array_lgbids= 0 -1 1 -2147483648 -2147483648 2 -3 -2147483648 -2147483648 -2147483648 -2147483648 -2 -4 -2147483648 -2147483648
split_feature= 8 9 10
split_gain= 1.64401 1.35246 3.91262
threshold= 1.0000000180025095e-35 1.0000000180025095e-35 2.5000000000000004
decision_type= 2 2 2
left_child=-1 2 -2
right_child=1 -3 -4
leaf_value= 0.10087014580512554 0.043168424946913947 -0.080520538162834762 -0.06867090348129741
leaf_weight=11.955642515793441 43.540758873336017 22.481501819565892 18.27414645627141
leaf_count=1398 2044 2304 753
model_size=368
internal_value=0 -0.0140639 0.0101057
internal_weight=0 84.2964 61.8149
internal_count=6499 5101 2797
is_linear=0
shrinkage=0.1


Tree=42
num_leaves= 7
num_cat= 0
full_tree_array_lgbids= 0 1 -2 5 2 -2147483648 -2147483648 -1 -7 -3 3 -2147483648 -2147483648 -2147483648 -2147483648 -2147483648 -2147483648 -2147483648 -2147483648 -2147483648 -2147483648 -4 4 -2147483648 -2147483648 -2147483648 -2147483648 -2147483648 -2147483648 -2147483648 -2147483648 -2147483648 -2147483648 -2147483648 -2147483648 -2147483648 -2147483648 -2147483648 -2147483648 -2147483648 -2147483648 -2147483648 -2147483648 -2147483648 -2147483648 -5 -6 -2147483648 -2147483648 -2147483648 -2147483648 -2147483648 -2147483648 -2147483648 -2147483648 -2147483648 -2147483648 -2147483648 -2147483648 -2147483648 -2147483648 -2147483648 -2147483648
split_feature= 4 4 19 19 12 4
split_gain= 0.298522 4.83568 6.04005 2.74991 1.5715 0.492459
threshold= 5.5000000000000009 2.5000000000000004 4.5000000000000009 5.5000000000000009 2.5000000000000004 1.0000000180025095e-35
decision_type= 2 2 2 2 2 2
left_child=1 5 -3 -4 -5 -1
right_child=-2 2 3 4 -6 -7
leaf_value= -0.1014494332128818 0.10129478213651003 -0.10216777355295099 0.13160024123087838 -0.076131083365212016 0.081356731915762967 0.10120384197510307
leaf_weight=3.8070479631423977 10.884667715057729 26.763920690864325 7.6959803756326428 18.130138758569956 8.0982515439391154 17.226081442087889
leaf_count=320 1123 2523 58 516 74 1885
model_size=704
internal_value=0 -0.013288 -0.0402555 0.0085889 -0.0275053 0.0645231
internal_weight=0 81.7214 60.6883 33.9244 26.2284 21.0331
internal_count=6499 5376 3171 648 590 2205
is_linear=0
shrinkage=0.1


end of trees

feature_importances:
Column_4=90
Column_19=54
Column_8=42
Column_21=31
Column_10=30
Column_20=30
Column_12=27
Column_1=17
Column_7=17
Column_9=17
Column_17=12
Column_13=11
Column_18=5
Column_2=4
Column_3=1

parameters:
[boosting: gbdt]
[objective: binary]
[metric: auc, binary_logloss, rmse, l1, l2, mape, huber]
[tree_learner: serial]
[device_type: cpu]
[data_sample_strategy: bagging]
[data: data/mushroom.libsvm.train]
[valid: data/mushroom.libsvm.test]
[num_iterations: 5000]
[learning_rate: 0.1]
[num_leaves: 255]
[num_threads: 1]
[seed: 42]
[deterministic: 0]
[force_col_wise: 0]
[force_row_wise: 0]
[histogram_pool_size: -1]
[max_depth: 5]
[min_data_in_leaf: 10]
[min_sum_hessian_in_leaf: 0.001]
[bagging_fraction: 1]
[pos_bagging_fraction: 1]
[neg_bagging_fraction: 1]
[bagging_freq: 0]
[bagging_seed: 400]
[feature_fraction: 1]
[feature_fraction_bynode: 1]
[feature_fraction_seed: 30056]
[extra_trees: 0]
[extra_seed: 12879]
[early_stopping_round: 0]
[early_stopping_min_delta: 0]
[first_metric_only: 0]
[max_delta_step: 0]
[lambda_l1: 0]
[lambda_l2: 0]
[linear_lambda: 0]
[min_gain_to_split: 0]
[drop_rate: 0.1]
[max_drop: 50]
[skip_drop: 0.5]
[xgboost_dart_mode: 0]
[uniform_drop: 0]
[drop_seed: 17869]
[top_rate: 0.2]
[other_rate: 0.1]
[min_data_per_group: 100]
[max_cat_threshold: 32]
[cat_l2: 10]
[cat_smooth: 10]
[max_cat_to_onehot: 4]
[top_k: 20]
[monotone_constraints: ]
[monotone_constraints_method: basic]
[monotone_penalty: 0]
[feature_contri: ]
[forcedsplits_filename: ]
[refit_decay_rate: 0.9]
[tinygbdt_penalty_feature: 0.03125]
[tinygbdt_penalty_split: 0.03125]
[tinygbdt_forestsize: 64000]
[tinygbdt_precision: 1]
[cegb_tradeoff: 1]
[cegb_penalty_split: 0]
[cegb_penalty_feature_lazy: ]
[cegb_penalty_feature_coupled: ]
[path_smooth: 0]
[interaction_constraints: ]
[verbosity: 1]
[saved_feature_importance_type: 0]
[use_quantized_grad: 0]
[num_grad_quant_bins: 4]
[quant_train_renew_leaf: 0]
[stochastic_rounding: 1]
[linear_tree: 0]
[max_bin: 255]
[max_bin_by_feature: ]
[min_data_in_bin: 3]
[bin_construct_sample_cnt: 200000]
[data_random_seed: 175]
[is_enable_sparse: 1]
[enable_bundle: 1]
[use_missing: 1]
[zero_as_missing: 0]
[feature_pre_filter: 1]
[pre_partition: 0]
[two_round: 0]
[header: 0]
[label_column: ]
[weight_column: ]
[group_column: ]
[ignore_column: ]
[categorical_feature: ]
[forcedbins_filename: ]
[precise_float_parser: 0]
[parser_config_file: ]
[objective_seed: 16083]
[num_class: 1]
[is_unbalance: 0]
[scale_pos_weight: 1]
[sigmoid: 1]
[boost_from_average: 1]
[reg_sqrt: 0]
[alpha: 0.9]
[fair_c: 1]
[poisson_max_delta_step: 0.7]
[tweedie_variance_power: 1.5]
[lambdarank_truncation_level: 30]
[lambdarank_norm: 1]
[label_gain: ]
[lambdarank_position_bias_regularization: 0]
[eval_at: ]
[multi_error_top_k: 1]
[auc_mu_weights: ]
[num_machines: 1]
[local_listen_port: 12400]
[time_out: 120]
[machine_list_filename: ]
[machines: ]
[gpu_platform_id: -1]
[gpu_device_id: -1]
[gpu_use_dp: 0]
[num_gpu: 1]

end of parameters
