tree
version=v4
num_class=1
num_tree_per_iteration=1
label_index=0
max_feature_idx=8
objective=regression
feature_names=Column_0 Column_1 Column_2 Column_3 Column_4 Column_5 Column_6 Column_7 Column_8
feature_infos=none [0.49990000000000001:15.0001] [1:52] [0.88888888888888884:141.90909090909091] [0.33333333333333331:25.63636363636364] [3:35682] [0.69230769230769229:1243.333333333333] [32.549999999999997:41.950000000000003] [-124.34999999999999:-114.31]
tree_sizes=3001 2947 3016 2534 2471

Tree=0
num_leaves= 32
num_cat= 0
full_tree_array_lgbids= 0 1 2 5 3 4 10 9 11 6 7 15 12 19 22 14 13 24 20 25 8 18 16 27 17 26 21 30 29 23 28 -1 -16 -11 -15 -7 -26 -13 -22 -3 -27 -8 -10 -5 -20 -9 -18 -2 -29 -17 -19 -6 -28 -14 -23 -4 -32 -21 -31 -12 -25 -24 -30
split_feature= 1 1 1 6 6 3 2 1 7 1 1 1 1 6 3 2 6 6 2 2 6 2 1 2 7 1 6 1 5 7 4
split_gain= 6980.71 1678.14 1285.12 969.26 424.343 311.323 226.87 205.794 180.035 173.895 149.138 129.814 113.819 105.424 103.951 100.629 98.2516 87.7549 78.1441 65.9344 59.5556 36.2339 26.1174 29.0955 25.9876 23.8354 23.1797 20.6732 17.8099 8.33561 1.49665
threshold= 5.0387000000000013 3.0679500000000002 6.8672000000000013 2.3489548886254448 2.671038674349933 4.3101408005062494 24.500000000000004 4.0775500000000013 37.815000000000005 2.2210000000000005 7.852450000000001 2.4115000000000006 5.7307500000000013 2.4907552973342448 3.449226804123712 19.500000000000004 2.9005380231986346 2.0653737590585881 43.500000000000007 26.500000000000004 2.2906328481453726 27.500000000000004 8.7395500000000013 28.500000000000004 35.335000000000008 3.5330000000000008 2.9742256672023202 5.6402500000000009 139.50000000000003 37.645000000000003 1.0103851166134901
decision_type= 2 2 2 2 2 2 2 2 2 2 2 2 2 2 2 2 2 2 2 2 2 2 2 2 2 2 2 2 2 2 2
left_child=1 5 4 6 15 9 25 18 -8 14 19 24 26 -11 -1 27 -9 -17 -5 30 -13 -14 23 -12 -7 -3 -6 -2 -24 -21 -4
right_child=2 3 10 7 12 11 8 16 -10 13 22 20 21 -15 -16 17 -18 -19 -20 29 -22 -23 28 -25 -26 -27 -28 -29 -30 -31 -32
leaf_value= 2.0405687631288161 2.122367892078735 2.0619325518895399 2.1860943173854421 2.0293758741925956 2.1246833370498446 1.9807571227445304 2.1984147209355398 2.1002101309481218 2.0795283240852767 2.0970408790997888 2.2611911907323741 2.043693994763716 2.1410397950488846 2.0327038778370752 1.9814897297846104 2.3293276008777508 2.055796547371648 2.2183144165789459 2.080533949453383 2.3136092887030801 1.9920349409095919 2.1974100577568745 2.2256631944098948 2.3423931801380187 1.9518240180001829 2.1119780300641722 2.0841198818403921 2.1915848606410337 2.348659992346585 2.2369779892674675 2.2272434057145407
leaf_weight=503 128 198 107 2717 312 636 733 1016 163 430 147 309 586 767 899 91 1158 572 377 129 1491 187 19 97 1194 369 516 120 346 39 156
leaf_count=503 128 198 107 2717 312 636 733 1016 163 430 147 309 586 767 899 91 1158 572 377 129 1491 187 19 97 1194 369 516 120 346 39 156
model_size=3504
internal_value=2.07195 2.03789 2.19622 2.07259 2.15739 2.00039 2.1449 2.05251 2.17679 2.02716 2.28999 1.98123 2.12609 2.05582 2.00269 2.2124 2.07655 2.23355 2.03561 2.24376 2.0009 2.15468 2.32271 2.29347 1.96188 2.0945 2.0994 2.15586 2.34226 2.29582 2.2105
internal_weight=0 12960 3552 6731 2512 6229 1463 5268 896 2599 1040 3630 1601 1197 1402 911 2174 663 3094 431 1800 773 609 244 1830 567 828 248 365 168 263
internal_count=16512 12960 3552 6731 2512 6229 1463 5268 896 2599 1040 3630 1601 1197 1402 911 2174 663 3094 431 1800 773 609 244 1830 567 828 248 365 168 263
is_linear=0
shrinkage=1


Tree=1
num_leaves= 29
num_cat= 0
full_tree_array_lgbids= 0 1 2 5 3 4 12 13 6 7 9 18 16 19 23 14 -15 8 10 27 11 17 15 24 20 22 21 26 25 -14 -25 -1 -16 -2147483648 -2147483648 -7 -10 -8 -12 -3 -29 -9 -13 -5 -19 -11 -17 -2 -26 -20 -22 -6 -24 -18 -23 -4 -28 -21 -27 -2147483648 -2147483648 -2147483648 -2147483648
split_feature= 1 1 1 6 6 6 7 2 8 1 8 6 1 7 8 6 1 2 2 2 6 2 6 5 1 7 1 7
split_gain= 5650.03 1452.99 937.061 823.172 313.235 301.289 215.118 210.519 168.884 163.604 130.65 128.509 115.626 107.038 123.118 97.8519 73.1586 70.3598 69.9346 69.2801 50.9467 28.3792 16.5367 8.46202 7.54061 3.24083 2.87594 2.28044
threshold= 5.1326000000000009 3.1792500000000001 6.8672000000000013 2.2982753493904258 2.6585924622132828 2.1628386478062818 34.455000000000005 19.500000000000004 -117.77499999999999 4.1119000000000012 -121.63499999999998 1.9628175980828908 8.4454500000000028 37.935000000000009 -118.24499999999999 2.8335312747426764 5.8308000000000009 47.500000000000007 21.500000000000004 26.500000000000004 2.2038024706228287 27.500000000000004 3.1262267671728927 70.000000000000014 5.6402500000000009 37.645000000000003 7.3930000000000016 37.955000000000005
decision_type= 2 2 2 2 2 2 2 2 2 2 2 2 2 2 2 2 2 2 2 2 2 2 2 2 2 2 2 2
left_child=1 5 4 7 18 13 8 27 -7 17 -8 -9 19 14 -1 -11 22 -5 24 26 -20 -18 -6 -14 -2 -21 -4 -3
right_child=2 3 12 9 16 6 10 11 -10 15 -12 -13 23 -15 -16 -17 21 -19 20 25 -22 -23 -24 -25 -26 -27 -28 -29
leaf_value= 0.044230430953254636 0.051710352190187048 0.021716185106585423 0.11257013540252361 -0.033517635639986235 0.048827385960445342 -0.032418481581660212 -0.062115720910071164 0.16254536505971776 -0.086464694131891839 0.033086021130256597 -0.10739158312721281 0.077517444901220187 0.10762568108427029 -0.071956682126132807 -0.039420649286328324 -0.010822406174656622 0.064840007462105109 0.030431795661703398 0.22015546661538954 0.22502748265708844 0.13662539405426799 0.12128281233978436 0.010032595539933747 0.24209449534497904 0.11076683308929205 0.16209582549591478 0.15471344836835946 -0.036636348605155945
leaf_weight=447 107 300 153 2681 418 1871 1128 305 928 1009 1827 539 11.999999999999998 245 343 1321 524 219 117 194 423 172 367 414 131 52 215 50
leaf_count=447 107 300 153 2681 418 1871 1128 305 928 1009 1827 539 12 245 343 1321 524 219 117 194 423 172 367 414 131 52 215 50
model_size=3168
internal_value=0 -0.02926 0.117191 0.00497081 0.0807981 -0.0616504 -0.0707621 0.0804366 -0.0503373 -0.0122579 -0.0901086 0.108244 0.19624 -0.0109948 0.00791104 0.00819202 0.0532941 -0.0286884 0.133154 0.167054 0.154724 0.0787885 0.0306902 0.238307 0.0842162 0.211725 0.137192 0.0133801
internal_weight=0 13213 3299 6424 2259 6789 5754 1194 2799 5230 2955 844 1040 1035 790 2330 1481 2900 778 614 540 696 785 426 238 246 368 350
internal_count=16512 13213 3299 6424 2259 6789 5754 1194 2799 5230 2955 844 1040 1035 790 2330 1481 2900 778 614 540 696 785 426 238 246 368 350
is_linear=0
shrinkage=0.1


Tree=2
num_leaves= 30
num_cat= 0
full_tree_array_lgbids= 0 1 2 6 3 4 8 13 10 5 9 17 16 11 22 19 28 21 15 7 -7 14 12 26 18 20 27 25 -13 23 24 -1 -21 -15 -30 -8 -23 -12 -17 -3 -9 -2147483648 -2147483648 -5 -16 -11 -14 -2 -28 -19 -20 -6 -22 -18 -29 -4 -27 -2147483648 -2147483648 -10 -25 -24 -26
split_feature= 1 1 1 6 6 7 3 8 1 1 1 2 2 6 3 6 6 2 6 8 2 6 2 1 5 6 5 1 8
split_gain= 4583.86 1113.93 850.767 681.886 230.295 218.311 196.853 175.804 173.751 140.043 96.079 87.5168 72.014 66.6324 61.8925 54.5501 42.2886 38.4693 42.924 31.5042 16.7821 11.3394 10.4128 4.28645 2.91956 2.61233 2.5967 0.932623 0.598562
threshold= 5.0387000000000013 2.8762500000000002 6.3963500000000009 2.4136952392348086 2.5827178004959954 37.995000000000012 3.8792159595040387 -122.35499999999998 7.852450000000001 3.8346500000000003 2.2948000000000004 26.500000000000004 42.500000000000007 3.0973600929976173 5.1947827066293142 2.2906328481453726 3.0375944537846187 21.500000000000004 2.0653737590585881 -117.145 20.500000000000004 2.1718174014038287 20.500000000000004 9.1688500000000008 139.50000000000003 2.6585924622132828 358.50000000000006 5.6851000000000012 -117.79499999999999
decision_type= 2 2 2 2 2 2 2 2 2 2 2 2 2 2 2 2 2 2 2 2 2 2 2 2 2 2 2 2 2
left_child=1 6 4 5 17 7 13 -3 11 14 21 25 -11 19 -5 -12 20 26 -19 -1 -6 -8 23 -10 -24 -4 -2 -18 -15
right_child=2 3 8 9 16 -7 10 -9 22 12 15 -13 -14 28 -16 -17 27 18 -20 -21 -22 -23 24 -25 -26 -27 -28 -29 -30
leaf_value= 0.004997166402595626 -0.032807712559588253 0.1552587070870094 0.14084475033302257 -0.021756683590240855 0.028230403204931018 -0.041093500211914831 -0.060948759344007286 0.050022677148099937 0.14811838136365016 -0.0097105011414146177 -0.017192798938548332 0.17467646051857932 0.048191479024689475 -0.047618668565411859 -0.05477748556130882 -0.06618015511440789 0.0064548819710920071 0.21353098875597906 0.11639004326505781 -0.07594990942899775 0.072191242709795947 -0.094691603641533117 0.10798614382743837 0.21131945063224 0.22283837517360588 0.091775990409602978 0.079527981925297891 0.037027274828742698 -0.098404657180820199
leaf_weight=605 15.999999999999998 195 94 1556 249 252 273 1509 120 2424 363 312 293 699 1309 1511 434 76 348 82 529 1819 14.999999999999998 89 385 397 179 309 70
leaf_count=605 16 195 94 1556 249 252 273 1509 120 2424 363 312 293 699 1309 1511 434 76 348 82 529 1819 15 89 385 397 179 309 70
model_size=3280
internal_value=0 -0.027629 0.100809 -0.00259634 0.0607028 0.0487751 -0.062431 0.0620655 0.161592 -0.0205975 -0.0744131 0.12973 -0.00346638 -0.0297928 -0.0368437 -0.0566911 0.0390936 0.113801 0.133802 -0.00466464 0.0581215 -0.0902883 0.203603 0.175032 0.218531 0.10117 0.0703107 0.0191694 -0.0522416
internal_weight=0 12960 3552 7538 2140 1956 5422 1704 1412 5582 3966 803 2717 1456 2865 1874 1521 619 424 687 778 2092 609 209 400 491 195 743 769
internal_count=16512 12960 3552 7538 2140 1956 5422 1704 1412 5582 3966 803 2717 1456 2865 1874 1521 619 424 687 778 2092 609 209 400 491 195 743 769
is_linear=0
shrinkage=0.1


Tree=3
num_leaves= 23
num_cat= 0
full_tree_array_lgbids= 0 1 3 4 2 5 18 12 7 6 9 15 16 20 -20 13 -14 10 11 -3 8 14 17 -2 19 21 -18 -5 -22 -2147483648 -2147483648 -1 -15 -2147483648 -2147483648 -6 -12 -9 -13 -2147483648 -2147483648 -8 -10 -4 -16 -11 -19 -2147483648 -2147483648 -17 -21 -7 -23 -2147483648 -2147483648 -2147483648 -2147483648 -2147483648 -2147483648 -2147483648 -2147483648 -2147483648 -2147483648
split_feature= 1 1 6 1 6 6 2 7 6 1 8 8 7 8 8 2 1 2 1 6 2 7
split_gain= 3733.71 1093.53 591.476 475.564 193.436 165.375 164.337 155.549 149.564 130.799 126.03 92.9611 69.6033 83.2489 66.7278 48.1728 45.2389 36.4915 27.6053 22.0051 18.966 0.341547
threshold= 5.3736000000000006 3.1913000000000005 2.4136952392348086 7.3930000000000016 2.1628386478062818 2.7472725830126556 19.500000000000004 34.455000000000005 1.9628175980828908 4.5301500000000017 -118.29499999999999 -121.63499999999998 37.935000000000009 -118.25499999999998 -122.38499999999998 21.500000000000004 6.2770500000000009 18.500000000000004 8.7395500000000013 2.2038024706228287 28.500000000000004 37.955000000000005
decision_type= 2 2 2 2 2 2 2 2 2 2 2 2 2 2 2 2 2 2 2 2 2 2
left_child=1 4 6 5 12 15 -3 10 -8 14 -6 -9 13 -1 -4 -2 21 -11 20 -17 -5 -7
right_child=3 2 9 18 7 16 8 11 -10 17 -12 -13 -14 -15 -16 19 -18 -19 -20 -21 -22 -23
leaf_value= 0.039451926628368376 0.071368226329796017 0.0062962461787547108 0.030514567816019827 0.12677404237628886 0.005602682071922889 0.041814640331748476 0.14168981390175758 -0.049743758776172299 0.057341259413657669 -0.011524787454914474 -0.05095730672505358 -0.089510862659144763 -0.06061185050382456 -0.032636859501712023 -0.026036457895962137 0.19313185764380647 0.084401531564499976 0.028210208805655102 0.19850235002089855 0.12211868167699624 0.18788516219569051 -0.0098791204986628158
leaf_weight=445 240 474 290 264 564 668 320 1141 901 515 2266 1841 247 350 3289 97 435 1076 365 480 164 80
leaf_count=445 240 474 290 264 564 668 320 1141 901 515 2266 1841 247 350 3289 97 435 1076 365 480 164 80
model_size=2496
internal_value=0 -0.0215082 0.0069372 0.105646 -0.0499992 0.0791678 0.0589909 -0.0574426 0.0794474 -0.0101288 -0.0396853 -0.0742948 -0.00848169 0.00771473 -0.0214542 0.115642 0.0539785 0.0153482 0.172427 0.134057 0.15019 0.0362859
internal_weight=0 13719 6865 2793 6854 2000 1695 5812 1221 5170 2830 2982 1042 795 3579 817 1183 1591 793 577 428 748
internal_count=16512 13719 6865 2793 6854 2000 1695 5812 1221 5170 2830 2982 1042 795 3579 817 1183 1591 793 577 428 748
is_linear=0
shrinkage=0.1


Tree=4
num_leaves= 22
num_cat= 0
full_tree_array_lgbids= 0 1 3 4 2 7 18 11 5 8 13 17 16 -5 -20 12 -13 6 10 -3 9 14 15 -2 20 19 -18 -2147483648 -2147483648 -2147483648 -2147483648 -1 -14 -2147483648 -2147483648 -6 -8 -7 -12 -2147483648 -2147483648 -10 -11 -4 -16 -15 -17 -2147483648 -2147483648 -19 -22 -9 -21 -2147483648 -2147483648 -2147483648 -2147483648 -2147483648 -2147483648 -2147483648 -2147483648 -2147483648 -2147483648
split_feature= 1 1 6 1 6 7 8 6 2 6 8 7 8 6 7 8 1 2 2 2 4
split_gain= 3039.36 999.91 433.508 293.828 247.216 128.276 145.029 118.255 113.815 118.058 111.981 100.541 95.1701 84.2619 89.6998 27.0381 24.3634 13.9154 8.41954 8.26824 6.69694
threshold= 5.6042500000000013 3.5488500000000003 2.4136952392348086 7.7055000000000016 2.2352443515477258 34.455000000000005 -117.77499999999999 2.6529733204757315 17.500000000000004 1.9628175980828908 -121.63499999999998 37.915000000000006 -122.31499999999998 2.9742256672023202 37.915000000000006 -121.48499999999999 6.5626000000000007 21.500000000000004 18.500000000000004 40.500000000000007 1.0435797675926601
decision_type= 2 2 2 2 2 2 2 2 2 2 2 2 2 2 2 2 2 2 2 2 2
left_child=1 4 8 7 11 6 -6 17 -3 -10 -7 12 -1 14 -4 -15 19 -2 -5 -9 -19
right_child=3 2 13 18 5 10 -8 16 9 -11 -12 -13 -14 15 -16 -17 -18 20 -20 -21 -22
leaf_value= 0.12222932875156403 0.084389409144373193 0.0079744135637764679 0.024999979212450202 0.13135437477685979 -0.018527409662832055 -0.039495976461193572 -0.066219255694794629 0.043817919891323942 0.14603191606540974 0.061358094911398889 -0.079768483557171282 -0.054420711228424415 0.0036042116632391853 0.010885972737028085 -0.028739100757891059 -0.024781538724009646 0.088455964580279253 0.11824763335891275 0.17626898279313008 0.15362760755419733 0.17270350852588409
leaf_weight=89 169 317 1823 207 2253 1361 1075 727 257 782 2043 350 1099 483 484 1690 415 253 463 25 147
leaf_count=89 169 317 1823 207 2253 1361 1075 727 257 782 2043 350 1099 483 484 1690 415 253 463 25 147
model_size=2384
internal_value=0 -0.0177778 0.0142362 0.104229 -0.0403696 -0.0489675 -0.0339327 0.0817808 0.0649263 0.0823024 -0.0636666 -0.0027359 0.0124911 -0.00110662 0.0137257 -0.0168536 0.0620442 0.12226 0.162392 0.0474685 0.13826
internal_weight=0 14106 5836 2406 8270 6732 3328 1736 1356 1039 3404 1538 1188 4480 2307 2173 1167 569 670 752 400
internal_count=16512 14106 5836 2406 8270 6732 3328 1736 1356 1039 3404 1538 1188 4480 2307 2173 1167 569 670 752 400
is_linear=0
shrinkage=0.1


end of trees

feature_importances:
Column_1=37
Column_6=32
Column_2=24
Column_7=14
Column_8=14
Column_3=4
Column_5=4
Column_4=2

parameters:
[boosting: gbdt]
[objective: regression]
[metric: rmse]
[tree_learner: serial]
[device_type: cpu]
[data_sample_strategy: bagging]
[data: data/california_housing.libsvm.train]
[valid: data/california_housing.libsvm.test]
[num_iterations: 5]
[learning_rate: 0.1]
[num_leaves: 255]
[num_threads: 0]
[seed: 42]
[deterministic: 0]
[force_col_wise: 0]
[force_row_wise: 0]
[histogram_pool_size: -1]
[max_depth: 5]
[min_data_in_leaf: 10]
[min_sum_hessian_in_leaf: 0.001]
[bagging_fraction: 1]
[pos_bagging_fraction: 1]
[neg_bagging_fraction: 1]
[bagging_freq: 0]
[bagging_seed: 400]
[feature_fraction: 1]
[feature_fraction_bynode: 1]
[feature_fraction_seed: 30056]
[extra_trees: 0]
[extra_seed: 12879]
[early_stopping_round: 0]
[early_stopping_min_delta: 0]
[first_metric_only: 0]
[max_delta_step: 0]
[lambda_l1: 0]
[lambda_l2: 0]
[linear_lambda: 0]
[min_gain_to_split: 0]
[drop_rate: 0.1]
[max_drop: 50]
[skip_drop: 0.5]
[xgboost_dart_mode: 0]
[uniform_drop: 0]
[drop_seed: 17869]
[top_rate: 0.2]
[other_rate: 0.1]
[min_data_per_group: 100]
[max_cat_threshold: 32]
[cat_l2: 10]
[cat_smooth: 10]
[max_cat_to_onehot: 4]
[top_k: 20]
[monotone_constraints: ]
[monotone_constraints_method: basic]
[monotone_penalty: 0]
[feature_contri: ]
[forcedsplits_filename: ]
[refit_decay_rate: 0.9]
[tinygbdt_penalty_feature: 1]
[tinygbdt_penalty_split: 0.0625]
[tinygbdt_forestsize: 64000]
[tinygbdt_precision: 7]
[cegb_tradeoff: 1]
[cegb_penalty_split: 0]
[cegb_penalty_feature_lazy: ]
[cegb_penalty_feature_coupled: ]
[path_smooth: 0]
[interaction_constraints: ]
[verbosity: 2]
[saved_feature_importance_type: 0]
[use_quantized_grad: 0]
[num_grad_quant_bins: 4]
[quant_train_renew_leaf: 0]
[stochastic_rounding: 1]
[linear_tree: 0]
[max_bin: 255]
[max_bin_by_feature: ]
[min_data_in_bin: 3]
[bin_construct_sample_cnt: 200000]
[data_random_seed: 175]
[is_enable_sparse: 1]
[enable_bundle: 1]
[use_missing: 1]
[zero_as_missing: 0]
[feature_pre_filter: 1]
[pre_partition: 0]
[two_round: 0]
[header: 0]
[label_column: ]
[weight_column: ]
[group_column: ]
[ignore_column: ]
[categorical_feature: ]
[forcedbins_filename: ]
[precise_float_parser: 0]
[parser_config_file: ]
[objective_seed: 16083]
[num_class: 1]
[is_unbalance: 0]
[scale_pos_weight: 1]
[sigmoid: 1]
[boost_from_average: 1]
[reg_sqrt: 0]
[alpha: 0.9]
[fair_c: 1]
[poisson_max_delta_step: 0.7]
[tweedie_variance_power: 1.5]
[lambdarank_truncation_level: 30]
[lambdarank_norm: 1]
[label_gain: ]
[lambdarank_position_bias_regularization: 0]
[eval_at: ]
[multi_error_top_k: 1]
[auc_mu_weights: ]
[num_machines: 1]
[local_listen_port: 12400]
[time_out: 120]
[machine_list_filename: ]
[machines: ]
[gpu_platform_id: -1]
[gpu_device_id: -1]
[gpu_use_dp: 0]
[num_gpu: 1]

end of parameters
