tree
version=v4
num_class=1
num_tree_per_iteration=1
label_index=0
max_feature_idx=7
objective=regression
feature_names=Column_0 Column_1 Column_2 Column_3 Column_4 Column_5 Column_6 Column_7
feature_infos=[-1.570595979690552:1.570752859115601] [-1.570681214332581:1.5706571340560909] [-1.5706690549850459:1.5707360506057739] [-1.5702953338623051:1.5700980424880981] [-1.570364356040955:1.570599317550659] [-1.5702542066574101:1.5705970525741582] [-1.570304274559021:1.5705224275588989] [-1.5689036846160889:1.570236444473267]
tree_sizes=909 865 935 942 871 939 795 798 803 872 666 802 664 735 496 660 666 803 377 663 732 501 379 737

Tree=0
num_leaves= 8
num_cat= 0
full_tree_array_lgbids= 0 1 3 4 2 5 6 -1 -6 -3 -4 -2 -7 -5 -8
split_feature= 2 4 2 2 2 4 6
split_gain= 105.652 21.4657 6.85922 3.66057 2.5944 1.39334 1.06643
threshold= 0.22240778803825376 -0.13487913459539411 -0.33504875004291529 0.831111639738083 -0.35692687332630152 -0.62264147400856007 0.23248040676116946
decision_type= 2 2 2 2 2 2 2
left_child=1 4 -3 5 -1 -2 -5
right_child=3 2 -4 6 -6 -7 -8
leaf_value= 0.7213570868071123 0.69735410501160522 0.73837575163418767 0.72390993572897133 0.7002141175522546 0.71020291729298435 0.70848008798438644 0.69110916885282936
leaf_weight=1153 388 1347 619 894 546 964 642
leaf_count=1153 388 1347 619 894 546 964 642
model_size=816
internal_value=0.715004 0.726381 0.733821 0.700565 0.717773 0.705287 0.696409
internal_weight=0 3665 1966 2888 1699 1352 1536
internal_count=6553 3665 1966 2888 1699 1352 1536
is_linear=0
shrinkage=1


Tree=1
num_leaves= 7
num_cat= 0
full_tree_array_lgbids= 0 1 3 4 2 -2 5 -1 -6 -3 -4 -2147483648 -2147483648 -5 -7
split_feature= 2 4 2 2 2 6
split_gain= 85.0812 17.024 5.24088 2.65466 1.40261 0.894545
threshold= 0.22240778803825376 -0.25070770084857935 -0.36874486505985254 0.6500774919986726 -0.35692687332630152 -0.08627330511808394
decision_type= 2 2 2 2 2 2
left_child=1 4 -3 -2 -1 -5
right_child=3 2 -4 5 -6 -7
leaf_value= 0.0051552576205408911 -0.0072433289578050846 0.020739963801197244 0.0081968422868237845 -0.011759475566418539 -0.0049947355027063801 -0.019703645498932942
leaf_weight=1068 962 1386 707 930 504 996
leaf_count=1068 962 1386 707 930 504 996
model_size=704
internal_value=0 0.0102399 0.016503 -0.0129949 0.00190106 -0.0158677
internal_weight=0 3665 2093 2888 1572 1926
internal_count=6553 3665 2093 2888 1572 1926
is_linear=0
shrinkage=0.1


Tree=2
num_leaves= 8
num_cat= 0
full_tree_array_lgbids= 0 1 2 4 3 5 6 -1 -6 -3 -5 -2 -7 -4 -8
split_feature= 2 4 2 6 1 6 3
split_gain= 68.6933 13.885 3.59367 3.30676 0.746467 0.658634 0.416199
threshold= 0.11063466221094136 -0.13487913459539411 0.60325127840042125 1.0996640324592593 -0.7610255479812621 0.56632831692695629 0.4248598068952561
decision_type= 2 2 2 2 2 2 2
left_child=1 4 5 -3 -1 -2 -4
right_child=2 3 6 -5 -6 -7 -8
leaf_value= 0.0096794581127782036 -0.0013126582532943807 0.018731387599230705 -0.011435670921388377 0.003735236153134132 -1.130703668344494e-06 -0.012122890126425773 -0.019000302627608486
leaf_weight=432 717 1536 1324 292 1171 375 706
leaf_count=432 717 1536 1324 292 1171 375 706
model_size=816
internal_value=0 0.00992198 -0.010904 0.0163359 0.00260774 -0.00502496 -0.0140665
internal_weight=0 3431 3122 1828 1603 1092 2030
internal_count=6553 3431 3122 1828 1603 1092 2030
is_linear=0
shrinkage=0.1


Tree=3
num_leaves= 8
num_cat= 0
full_tree_array_lgbids= 0 1 3 5 2 6 4 -1 -7 -3 -4 -2 -8 -5 -6
split_feature= 2 4 2 5 3 5 0
split_gain= 55.2643 10.9039 4.19313 1.73741 4.55255 0.432687 0.153435
threshold= 0.22240778803825376 -0.47479055821895594 -0.52795374393463124 0.12283720821142197 -0.10433290526270864 -0.95036792755126931 0.14897394180297854
decision_type= 2 2 2 2 2 2 2
left_child=1 5 -3 6 -5 -1 -2
right_child=3 2 -4 4 -6 -7 -8
leaf_value= 0.009696230995534131 -0.0035028473830083923 0.017204623351928901 0.0066055474605950619 -0.0070224188673704176 -0.021409292200217249 -0.0020845873677361698 -0.011559191510042879
leaf_weight=245 862 1376 1002 632 703 1042 691
leaf_count=245 862 1376 1002 632 703 1042 691
model_size=816
internal_value=0 0.00832081 0.0127386 -0.0105595 -0.0145984 0.00015807 -0.00708748
internal_weight=0 3665 2378 2888 1335 1287 1553
internal_count=6553 3665 2378 2888 1335 1287 1553
is_linear=0
shrinkage=0.1


Tree=4
num_leaves= 7
num_cat= 0
full_tree_array_lgbids= 0 1 3 5 2 4 -5 -1 -7 -3 -4 -2 -6 -2147483648 -2147483648
split_feature= 2 4 5 2 4 0
split_gain= 44.4853 8.6586 2.15786 2.06337 0.922824 0.11665
threshold= 0.11063466221094136 -0.092393502593040452 0.65354096889495861 0.89601022005081188 -0.62264147400856007 -0.15831713378429405
decision_type= 2 2 2 2 2 2
left_child=1 5 -3 4 -2 -1
right_child=3 2 -4 -5 -6 -7
leaf_value= 0.0064130462233470652 -0.012416386523129763 0.016803970553944426 0.0057270121040073037 -0.013056772619227814 -0.0026256174344379615 -0.0014920703278295225
leaf_weight=753 493 1258 532 1406 1223 888
leaf_count=753 493 1258 532 1406 1223 888
model_size=704
internal_value=0 0.0080706 0.0135118 -0.00886939 -0.00543847 0.00213532
internal_weight=0 3431 1790 3122 1716 1641
internal_count=6553 3431 1790 3122 1716 1641
is_linear=0
shrinkage=0.1


Tree=5
num_leaves= 8
num_cat= 0
full_tree_array_lgbids= 0 1 2 4 3 6 5 -1 -6 -3 -5 -2 -8 -4 -7
split_feature= 2 4 2 1 4 6 6
split_gain= 36.0149 6.6494 4.73475 0.693903 0.360867 0.323767 0.24646
threshold= -0.21647498756647107 0.56924891471862804 0.47420810163021093 -0.051532631739974015 -0.77998724579811085 0.51476114988327037 0.40036414563655859
decision_type= 2 2 2 2 2 2 2
left_child=1 4 6 -3 -1 -4 -2
right_child=2 3 5 -5 -6 -7 -8
leaf_value= 4.4471356335028157e-05 0.0024981423289689997 0.023865482236678698 -0.0074925573297905043 0.01182717398488875 0.0081276965603804974 -0.014884272881751485 -0.0064640829032542053
leaf_weight=720 889 408 1555 487 1141 787 566
leaf_count=720 889 408 1555 487 1141 787 566
model_size=816
internal_value=0 0.00899952 -0.00653218 0.017315 0.00500039 -0.00997645 -0.000988194
internal_weight=0 2756 3797 895 1861 2342 1455
internal_count=6553 2756 3797 895 1861 2342 1455
is_linear=0
shrinkage=0.1


Tree=6
num_leaves= 6
num_cat= 0
full_tree_array_lgbids= 0 1 2 -1 3 4 -4 -2147483648 -2147483648 -3 -5 -2 -6 -2147483648 -2147483648
split_feature= 2 4 2 5 4
split_gain= 28.6854 4.27085 3.48555 0.465943 0.04112
threshold= -0.24277038127183911 0.56924891471862804 0.52685046195983898 0.65354096889495861 0.29228626191616064
decision_type= 2 2 2 2 2
left_child=1 -1 4 -3 -2
right_child=2 3 -4 -5 -6
leaf_value= 0.0047491380907118963 -0.004605316583366068 0.019431288993476833 -0.009223522280811006 0.0064412367010297155 0.0035945304514106561
leaf_weight=1828 949 614 2212 262 688
leaf_count=1828 949 614 2212 262 688
model_size=592
internal_value=0 0.00824698 -0.00579367 0.0155461 -0.00115908
internal_weight=0 2704 3849 876 1637
internal_count=6553 2704 3849 876 1637
is_linear=0
shrinkage=0.1


Tree=7
num_leaves= 6
num_cat= 0
full_tree_array_lgbids= 0 1 3 -1 2 -2 4 -2147483648 -2147483648 -3 -4 -2147483648 -2147483648 -5 -6
split_feature= 2 4 6 5 3
split_gain= 22.8038 4.39716 1.92852 0.713843 2.28846
threshold= 0.22240778803825376 -0.67562311887741078 0.64664298295974743 0.4545369297266007 -0.25675596296787256
decision_type= 2 2 2 2 2
left_child=1 -1 -3 -2 -5
right_child=3 2 -4 4 -6
leaf_value= -0.0013088647232086153 -0.004478700455203391 0.011106951048384 0.0018544739476793843 -0.0034210201954313867 -0.017589002108199824
leaf_weight=1071 1863 1825 769 429 596
leaf_count=1071 1863 1825 769 429 596
model_size=592
internal_value=0 0.00553738 0.00836402 -0.00702718 -0.0116592
internal_weight=0 3665 2594 2888 1025
internal_count=6553 3665 2594 2888 1025
is_linear=0
shrinkage=0.1


Tree=8
num_leaves= 6
num_cat= 0
full_tree_array_lgbids= 0 1 2 4 -3 3 -4 -1 -6 -2147483648 -2147483648 -2 -5 -2147483648 -2147483648
split_feature= 2 1 2 4 4
split_gain= 19.1994 1.95196 1.82508 0.553181 0.0306586
threshold= -0.33504875004291529 -0.041156854480504983 0.70152944326400768 0.26278324425220495 0.4647041410207749
decision_type= 2 2 2 2 2
left_child=1 4 3 -2 -1
right_child=2 -3 -4 -5 -6
leaf_value= 0.0084141166872144912 -0.0048358210081506431 0.0031207222077708581 -0.0082992540589043456 0.0030403206290906025 0.018608975106693799
leaf_weight=819 1277 1299 1822 932 404
leaf_count=819 1277 1299 1822 932 404
model_size=592
internal_value=0 0.00732078 -0.00458025 -0.0015128 0.0117818
internal_weight=0 2522 4031 2209 1223
internal_count=6553 2522 4031 2209 1223
is_linear=0
shrinkage=0.1


Tree=9
num_leaves= 7
num_cat= 0
full_tree_array_lgbids= 0 3 1 -1 5 4 2 -2147483648 -2147483648 -5 -7 -2 -6 -3 -4
split_feature= 2 6 3 4 0 5
split_gain= 14.9716 1.45299 6.88261 1.17946 0.42278 0.289033
threshold= -0.34356653690338129 0.40036414563655859 0.03902785666286946 -0.3957854956388473 0.20387880504131317 0.65354096889495861
decision_type= 2 2 2 2 2 2
left_child=3 4 -3 -1 -2 -5
right_child=1 2 -4 5 -6 -7
leaf_value= 0.001469096262193919 0.0016028003129075514 -0.00010872726487673481 -0.016046430139362359 0.012791353082636285 -0.0056786832534434922 0.0030406249875654249
leaf_weight=939 1431 749 786 1075 1091 482
leaf_count=939 1431 749 786 1075 1091 482
model_size=704
internal_value=0 -0.00409065 -0.00826966 0.00664895 -0.00154712 0.00977282
internal_weight=0 4057 1535 2496 2522 1557
internal_count=6553 4057 1535 2496 2522 1557
is_linear=0
shrinkage=0.1


Tree=10
num_leaves= 4
num_cat= 0
full_tree_array_lgbids= 0 1 -2 2 -3 -2147483648 -2147483648 -1 -4 -2147483648 -2147483648 -2147483648 -2147483648 -2147483648 -2147483648
split_feature= 2 0 1
split_gain= 11.8497 2.2776 0.566532
threshold= 0.41311286389827734 0.24408297240734103 -0.041156854480504983
decision_type= 2 2 2
left_child=1 2 -1
right_child=-2 -3 -4
leaf_value= 0.010625199759929704 -0.0061035362088471519 -0.00048794866880079544 0.0028982360942195985
leaf_weight=1177 2472 1723 1181
leaf_count=1177 2472 1723 1181
model_size=368
internal_value=0 0.00369712 0.00675516
internal_weight=0 4081 2358
internal_count=6553 4081 2358
is_linear=0
shrinkage=0.1


Tree=11
num_leaves= 6
num_cat= 0
full_tree_array_lgbids= 0 3 1 -1 -5 4 2 -2147483648 -2147483648 -2147483648 -2147483648 -2 -6 -3 -4
split_feature= 2 5 3 4 0
split_gain= 9.82185 1.21215 5.24632 0.788592 0.134118
threshold= -0.36874486505985254 0.12283720821142197 -0.10433290526270864 0.8823601007461549 0.48065467178821569
decision_type= 2 2 2 2 2
left_child=3 4 -3 -1 -2
right_child=1 2 -4 -5 -6
leaf_value= 0.003624661096774809 0.0022447661397422235 7.8558296584193107e-05 -0.013214779635338287 0.013057614478535077 -0.0055770118948203166
leaf_weight=1898 1457 886 982 546 784
leaf_count=1898 1457 886 982 546 784
model_size=592
internal_value=0 -0.00340936 -0.0069097 0.00573202 -0.000491635
internal_weight=0 4109 1868 2444 2241
internal_count=6553 4109 1868 2444 2241
is_linear=0
shrinkage=0.1


Tree=12
num_leaves= 4
num_cat= 0
full_tree_array_lgbids= 0 1 -2 -1 2 -2147483648 -2147483648 -2147483648 -2147483648 -3 -4 -2147483648 -2147483648 -2147483648 -2147483648
split_feature= 2 4 6
split_gain= 7.55623 1.50043 0.524176
threshold= 0.29799550771713262 -0.80669787526130665 0.64664298295974743
decision_type= 2 2 2
left_child=1 -1 -3
right_child=-2 2 -4
leaf_value= -0.0025262142081937632 -0.0047571267215911345 0.0077241753637511696 -2.5797315715066873e-05
leaf_weight=968 2732 2002 851
leaf_count=968 2732 2002 851
model_size=368
internal_value=0 0.00340133 0.00541249
internal_weight=0 3821 2853
internal_count=6553 3821 2853
is_linear=0
shrinkage=0.1


Tree=13
num_leaves= 5
num_cat= 0
full_tree_array_lgbids= 0 2 1 -1 -4 -2 3 -2147483648 -2147483648 -2147483648 -2147483648 -2147483648 -2147483648 -3 -5
split_feature= 2 7 1 4
split_gain= 5.96652 0.793355 0.346143 0.272967
threshold= -0.49034024775028223 -1.2686905264854433 -0.47579921782016749 0.26278324425220495
decision_type= 2 2 2 2
left_child=2 -2 -1 -3
right_child=1 3 -4 -5
leaf_value= 0.010719766577318615 -0.01185747234255935 -0.0041307683008986532 0.0023682302834863896 0.0018024874583830051
leaf_weight=756 414 2310 1428 1645
leaf_count=756 414 2310 1428 1645
model_size=480
internal_value=0 -0.00262897 0.00525915 -0.00166295
internal_weight=0 4369 2184 3955
internal_count=6553 4369 2184 3955
is_linear=0
shrinkage=0.1


Tree=14
num_leaves= 3
num_cat= 0
full_tree_array_lgbids= 0 1 -2 -1 -3 -2147483648 -2147483648
split_feature= 2 0
split_gain= 4.68114 0.81317
threshold= 0.4504156112670899 0.25716689229011541
decision_type= 2 2
left_child=1 -1
right_child=-2 -3
leaf_value= 0.0052413595588559885 -0.0045582475790408895 -0.0010295907228953481
leaf_weight=2423 2394 1736
leaf_count=2423 2394 1736
model_size=256
internal_value=0 0.00262381
internal_weight=0 4159
internal_count=6553 4159
is_linear=0
shrinkage=0.1


Tree=15
num_leaves= 4
num_cat= 0
full_tree_array_lgbids= 0 -1 1 -2147483648 -2147483648 -2 2 -2147483648 -2147483648 -2147483648 -2147483648 -2147483648 -2147483648 -3 -4
split_feature= 2 6 3
split_gain= 3.55883 0.709786 4.87978
threshold= -0.62022417783737172 0.48795536160469061 0.03902785666286946
decision_type= 2 2 2
left_child=-1 -2 -3
right_child=1 2 -4
leaf_value= 0.0050277875583413087 8.0254832703731673e-05 0.0011844999992599698 -0.012900181559105198
leaf_weight=1898 3023 800 832
leaf_count=1898 3023 800 832
model_size=368
internal_value=0 -0.00205 -0.00599593
internal_weight=0 4655 1632
internal_count=6553 4655 1632
is_linear=0
shrinkage=0.1


Tree=16
num_leaves= 4
num_cat= 0
full_tree_array_lgbids= 0 1 -2 -1 2 -2147483648 -2147483648 -2147483648 -2147483648 -3 -4 -2147483648 -2147483648 -2147483648 -2147483648
split_feature= 2 4 5
split_gain= 2.47331 0.860196 0.919507
threshold= 0.47420810163021093 0.21189168095588687 0.65354096889495861
decision_type= 2 2 2
left_child=1 -1 -3
right_child=-2 2 -4
leaf_value= -0.00052596395988785752 -0.0039601007011318976 0.0088858728828330302 -0.0015704814903566727
leaf_weight=2387 2342 1281 543
leaf_count=2387 2342 1281 543
model_size=368
internal_value=0 0.00220246 0.00577304
internal_weight=0 4211 1824
internal_count=6553 4211 1824
is_linear=0
shrinkage=0.1


Tree=17
num_leaves= 6
num_cat= 0
full_tree_array_lgbids= 0 4 1 -1 -6 2 3 -2147483648 -2147483648 -2147483648 -2147483648 -2 -4 -3 -5
split_feature= 5 6 4 3 0
split_gain= 1.84219 4.98323 6.64564 4.48338 0.174299
threshold= 0.18079009652137759 -0.08627330511808394 -0.18960822373628614 -0.66475412249565113 0.25716689229011541
decision_type= 2 2 2 2 2
left_child=4 2 -2 -3 -1
right_child=1 3 -4 -5 -6
leaf_value= 0.00503688209148246 -0.0068164954671082537 0.0030690289457972484 0.010482371956631389 -0.012677885134292868 -0.0011966977163784479
leaf_weight=2165 611 439 727 1096 1515
leaf_count=2165 611 439 727 1096 1515
model_size=592
internal_value=0 -0.00316459 0.00258281 -0.00817437 0.00247061
internal_weight=0 2873 1338 1535 3680
internal_count=6553 2873 1338 1535 3680
is_linear=0
shrinkage=0.1


Tree=18
num_leaves= 2
num_cat= 0
full_tree_array_lgbids= 0 -1 -2
split_feature= 2
split_gain= 1.69118
threshold= -0.73440709710121144
decision_type= 2
left_child=-1
right_child=-2
leaf_value= 0.0047549597021917236 -0.001618378586287381
leaf_weight=1664 4889
leaf_count=1664 4889
model_size=144
internal_value=0
internal_weight=0
internal_count=6553
is_linear=0
shrinkage=0.1


Tree=19
num_leaves= 4
num_cat= 0
full_tree_array_lgbids= 0 1 -2 -1 2 -2147483648 -2147483648 -2147483648 -2147483648 -3 -4 -2147483648 -2147483648 -2147483648 -2147483648
split_feature= 2 4 5
split_gain= 1.15667 0.704968 0.243724
threshold= 0.88075530529022228 -0.67562311887741078 0.8587247133255006
decision_type= 2 2 2
left_child=1 -1 -3
right_child=-2 2 -4
leaf_value= -0.0030662491604367308 -0.0049729582511716412 0.0048874359362752516 -0.002638256682452714
leaf_weight=1468 1432 2825 828
leaf_count=1468 1432 2825 828
model_size=368
internal_value=0 0.0013906 0.00318164
internal_weight=0 5121 3653
internal_count=6553 5121 3653
is_linear=0
shrinkage=0.1


Tree=20
num_leaves= 5
num_cat= 0
full_tree_array_lgbids= 0 3 1 -1 -5 -2 2 -2147483648 -2147483648 -2147483648 -2147483648 -2147483648 -2147483648 -3 -4
split_feature= 6 3 5 0
split_gain= 0.746576 3.89881 2.82715 0.380675
threshold= 0.64664298295974743 -0.16804680228233337 -0.79602351784706105 0.25716689229011541
decision_type= 2 2 2 2
left_child=3 -2 -3 -1
right_child=1 2 -4 -5
leaf_value= 0.004098191820482597 0.0030810586982282684 0.0043064475024063758 -0.013549656801308641 -0.0017042411675523188
leaf_weight=2656 845 257 830 1965
leaf_count=2656 845 257 830 1965
model_size=480
internal_value=0 -0.0039006 -0.00932793 0.00163081
internal_weight=0 1932 1087 4621
internal_count=6553 1932 1087 4621
is_linear=0
shrinkage=0.1


Tree=21
num_leaves= 3
num_cat= 0
full_tree_array_lgbids= 0 -1 1 -2147483648 -2147483648 -2 -3
split_feature= 7 4
split_gain= 0.417043 0.0421374
threshold= -0.63094553351402272 0.64830824732780468
decision_type= 2 2
left_child=-1 -2
right_child=1 -3
leaf_value= -0.0037809152638203498 -0.00020230414655430715 0.0058663928220424391
leaf_weight=1924 3276 1353
leaf_count=1924 3276 1353
model_size=256
internal_value=0 0.0015715
internal_weight=0 4629
internal_count=6553 4629
is_linear=0
shrinkage=0.1


Tree=22
num_leaves= 2
num_cat= 0
full_tree_array_lgbids= 0 -1 -2
split_feature= 2
split_gain= 0.333044
threshold= -0.24277038127183911
decision_type= 2
left_child=-1
right_child=-2
leaf_value= 0.0028913841487477701 -0.0020312555902960035
leaf_weight=2704 3849
leaf_count=2704 3849
model_size=144
internal_value=0
internal_weight=0
internal_count=6553
is_linear=0
shrinkage=0.1


Tree=23
num_leaves= 5
num_cat= 0
full_tree_array_lgbids= 0 -1 1 -2147483648 -2147483648 2 3 -2147483648 -2147483648 -2147483648 -2147483648 -2 -4 -3 -5
split_feature= 5 6 4 3
split_gain= 0.0992768 3.17094 4.69279 2.67646
threshold= 0.099228095263242735 -0.048602104187011712 -0.18960822373628614 -0.46587614715099329
decision_type= 2 2 2 2
left_child=-1 2 -2 -3
right_child=1 3 -4 -5
leaf_value= 0.0021996847559386081 -0.0058894793871926724 0.0014571435659564034 0.0091524860248843095 -0.011657200787200768
leaf_weight=3498 665 559 805 1026
leaf_count=3498 665 559 805 1026
model_size=480
internal_value=0 -0.00251866 0.00234779 -0.00703202
internal_weight=0 3055 1470 1585
internal_count=6553 3055 1470 1585
is_linear=0
shrinkage=0.1


end of trees

feature_importances:
Column_2=32
Column_4=23
Column_6=13
Column_5=12
Column_3=9
Column_0=8
Column_1=5
Column_7=2

parameters:
[boosting: gbdt]
[objective: regression]
[metric: rmse]
[tree_learner: serial]
[device_type: cpu]
[data_sample_strategy: bagging]
[data: data/kin8nm.libsvm.train]
[valid: data/kin8nm.libsvm.test]
[num_iterations: 50]
[learning_rate: 0.1]
[num_leaves: 255]
[num_threads: 0]
[seed: 42]
[deterministic: 0]
[force_col_wise: 0]
[force_row_wise: 0]
[histogram_pool_size: -1]
[max_depth: 3]
[min_data_in_leaf: 10]
[min_sum_hessian_in_leaf: 0.001]
[bagging_fraction: 1]
[pos_bagging_fraction: 1]
[neg_bagging_fraction: 1]
[bagging_freq: 0]
[bagging_seed: 400]
[feature_fraction: 1]
[feature_fraction_bynode: 1]
[feature_fraction_seed: 30056]
[extra_trees: 0]
[extra_seed: 12879]
[early_stopping_round: 0]
[early_stopping_min_delta: 0]
[first_metric_only: 0]
[max_delta_step: 0]
[lambda_l1: 0]
[lambda_l2: 0]
[linear_lambda: 0]
[min_gain_to_split: 0]
[drop_rate: 0.1]
[max_drop: 50]
[skip_drop: 0.5]
[xgboost_dart_mode: 0]
[uniform_drop: 0]
[drop_seed: 17869]
[top_rate: 0.2]
[other_rate: 0.1]
[min_data_per_group: 100]
[max_cat_threshold: 32]
[cat_l2: 10]
[cat_smooth: 10]
[max_cat_to_onehot: 4]
[top_k: 20]
[monotone_constraints: ]
[monotone_constraints_method: basic]
[monotone_penalty: 0]
[feature_contri: ]
[forcedsplits_filename: ]
[refit_decay_rate: 0.9]
[tinygbdt_penalty_feature: 0.25]
[tinygbdt_penalty_split: 0.0078125]
[tinygbdt_forestsize: 64000]
[tinygbdt_precision: 7]
[cegb_tradeoff: 1]
[cegb_penalty_split: 0]
[cegb_penalty_feature_lazy: ]
[cegb_penalty_feature_coupled: ]
[path_smooth: 0]
[interaction_constraints: ]
[verbosity: 2]
[saved_feature_importance_type: 0]
[use_quantized_grad: 0]
[num_grad_quant_bins: 4]
[quant_train_renew_leaf: 0]
[stochastic_rounding: 1]
[linear_tree: 0]
[max_bin: 255]
[max_bin_by_feature: ]
[min_data_in_bin: 3]
[bin_construct_sample_cnt: 200000]
[data_random_seed: 175]
[is_enable_sparse: 1]
[enable_bundle: 1]
[use_missing: 1]
[zero_as_missing: 0]
[feature_pre_filter: 1]
[pre_partition: 0]
[two_round: 0]
[header: 0]
[label_column: ]
[weight_column: ]
[group_column: ]
[ignore_column: ]
[categorical_feature: ]
[forcedbins_filename: ]
[precise_float_parser: 0]
[parser_config_file: ]
[objective_seed: 16083]
[num_class: 1]
[is_unbalance: 0]
[scale_pos_weight: 1]
[sigmoid: 1]
[boost_from_average: 1]
[reg_sqrt: 0]
[alpha: 0.9]
[fair_c: 1]
[poisson_max_delta_step: 0.7]
[tweedie_variance_power: 1.5]
[lambdarank_truncation_level: 30]
[lambdarank_norm: 1]
[label_gain: ]
[lambdarank_position_bias_regularization: 0]
[eval_at: ]
[multi_error_top_k: 1]
[auc_mu_weights: ]
[num_machines: 1]
[local_listen_port: 12400]
[time_out: 120]
[machine_list_filename: ]
[machines: ]
[gpu_platform_id: -1]
[gpu_device_id: -1]
[gpu_use_dp: 0]
[num_gpu: 1]

end of parameters
