tree
version=v4
num_class=1
num_tree_per_iteration=1
label_index=0
max_feature_idx=8
objective=regression
feature_names=Column_0 Column_1 Column_2 Column_3 Column_4 Column_5 Column_6 Column_7 Column_8
feature_infos=none [0.49990000000000001:15.0001] [1:52] [0.88888888888888884:141.90909090909091] [0.33333333333333331:25.63636363636364] [3:35682] [0.69230769230769229:1243.333333333333] [32.549999999999997:41.950000000000003] [-124.34999999999999:-114.31]
tree_sizes=2941 2751 2592 2672 2609 2459 2335 2478 2138 2605 2063 2146 2133 1858 1939

Tree=0
num_leaves= 31
num_cat= 0
full_tree_array_lgbids= 0 1 2 5 3 4 10 9 11 6 7 15 12 19 22 14 13 24 20 25 8 18 16 27 17 26 21 -4 29 23 28 -1 -16 -11 -15 -7 -26 -13 -22 -3 -27 -8 -10 -5 -20 -9 -18 -2 -29 -17 -19 -6 -28 -14 -23 -2147483648 -2147483648 -21 -31 -12 -25 -24 -30
split_feature= 1 1 1 6 6 3 2 1 7 1 1 1 1 6 3 2 6 6 2 2 6 2 1 2 7 1 6 1 5 7
split_gain= 6972.71 1670.18 1277.15 961.323 416.437 303.385 218.995 197.919 172.254 166.083 141.232 122.001 105.975 97.7365 96.2637 92.7855 90.5016 80.2549 70.3941 58.2782 51.9306 28.6401 18.4611 21.8142 18.3626 16.0542 15.5859 13.1732 10.5286 0.960609
threshold= 5.0387000000000013 3.0679500000000002 6.8672000000000013 2.3489548886254448 2.671038674349933 4.3101408005062494 24.500000000000004 4.0775500000000013 37.815000000000005 2.2210000000000005 7.852450000000001 2.4115000000000006 5.7307500000000013 2.4907552973342448 3.449226804123712 19.500000000000004 2.9005380231986346 2.0653737590585881 43.500000000000007 26.500000000000004 2.2906328481453726 27.500000000000004 8.7395500000000013 28.500000000000004 35.335000000000008 3.5330000000000008 2.9742256672023202 5.6402500000000009 139.50000000000003 37.645000000000003
decision_type= 2 2 2 2 2 2 2 2 2 2 2 2 2 2 2 2 2 2 2 2 2 2 2 2 2 2 2 2 2 2
left_child=1 5 4 6 15 9 25 18 -8 14 19 24 26 -11 -1 27 -9 -17 -5 -4 -13 -14 23 -12 -7 -3 -6 -2 -24 -21
right_child=2 3 10 7 12 11 8 16 -10 13 22 20 21 -15 -16 17 -18 -19 -20 29 -22 -23 28 -25 -26 -27 -28 -29 -30 -31
leaf_value= 2.0405687631288161 2.122367892078735 2.0619325518895399 2.2105021416414852 2.0293758741925956 2.1246833370498446 1.9807571227445304 2.1984147209355398 2.1002101309481218 2.0795283240852767 2.0970408790997888 2.2611911907323741 2.043693994763716 2.1410397950488846 2.0327038778370752 1.9814897297846104 2.3293276008777508 2.055796547371648 2.2183144165789459 2.080533949453383 2.3136092887030801 1.9920349409095919 2.1974100577568745 2.2256631944098948 2.3423931801380187 1.9518240180001829 2.1119780300641722 2.0841198818403921 2.1915848606410337 2.348659992346585 2.2369779892674675
leaf_weight=503 128 198 263 2717 312 636 733 1016 163 430 147 309 586 767 899 91 1158 572 377 129 1491 187 19 97 1194 369 516 120 346 39
leaf_count=503 128 198 263 2717 312 636 733 1016 163 430 147 309 586 767 899 91 1158 572 377 129 1491 187 19 97 1194 369 516 120 346 39
model_size=3392
internal_value=2.07195 2.03789 2.19622 2.07259 2.15739 2.00039 2.1449 2.05251 2.17679 2.02716 2.28999 1.98123 2.12609 2.05582 2.00269 2.2124 2.07655 2.23355 2.03561 2.24376 2.0009 2.15468 2.32271 2.29347 1.96188 2.0945 2.0994 2.15586 2.34226 2.29582
internal_weight=0 12960 3552 6731 2512 6229 1463 5268 896 2599 1040 3630 1601 1197 1402 911 2174 663 3094 431 1800 773 609 244 1830 567 828 248 365 168
internal_count=16512 12960 3552 6731 2512 6229 1463 5268 896 2599 1040 3630 1601 1197 1402 911 2174 663 3094 431 1800 773 609 244 1830 567 828 248 365 168
is_linear=0
shrinkage=1


Tree=1
num_leaves= 26
num_cat= 0
full_tree_array_lgbids= 0 1 2 5 3 4 12 13 6 7 9 18 16 19 23 14 -15 8 10 -3 11 17 15 24 20 22 21 -4 -21 -14 -25 -1 -16 -2147483648 -2147483648 -7 -10 -8 -12 -2147483648 -2147483648 -9 -13 -5 -19 -11 -17 -2 -26 -20 -22 -6 -24 -18 -23 -2147483648 -2147483648 -2147483648 -2147483648 -2147483648 -2147483648 -2147483648 -2147483648
split_feature= 1 1 1 6 6 6 7 2 8 1 8 6 1 7 8 6 1 2 2 2 6 2 6 5 1
split_gain= 5644.06 1447.06 931.124 817.265 307.329 295.382 209.306 204.644 163.103 157.729 124.869 122.728 109.719 101.225 117.524 92.1332 67.3148 64.6411 64.0908 63.6551 45.5092 22.8792 11.0367 2.83702 2.10311
threshold= 5.1326000000000009 3.1792500000000001 6.8672000000000013 2.2982753493904258 2.6585924622132828 2.1628386478062818 34.455000000000005 19.500000000000004 -117.77499999999999 4.1119000000000012 -121.63499999999998 1.9628175980828908 8.4454500000000028 37.935000000000009 -118.24499999999999 2.8335312747426764 5.8308000000000009 47.500000000000007 21.500000000000004 26.500000000000004 2.2038024706228287 27.500000000000004 3.1262267671728927 70.000000000000014 5.6402500000000009
decision_type= 2 2 2 2 2 2 2 2 2 2 2 2 2 2 2 2 2 2 2 2 2 2 2 2 2
left_child=1 5 4 7 18 13 8 -3 -7 17 -8 -9 19 14 -1 -11 22 -5 24 -4 -20 -18 -6 -14 -2
right_child=2 3 12 9 16 6 10 11 -10 15 -12 -13 23 -15 -16 -17 21 -19 20 -21 -22 -23 -24 -25 -26
leaf_value= 0.044230430953254636 0.051710352190187048 0.013380108862050941 0.13719190780792143 -0.033517635639986235 0.048827385960445342 -0.032418481581660212 -0.062115720910071164 0.16254536505971776 -0.086464694131891839 0.033086021130256597 -0.10739158312721281 0.077517444901220187 0.10762568108427029 -0.071956682126132807 -0.039420649286328324 -0.010822406174656622 0.064840007462105109 0.030431795661703398 0.22015546661538954 0.21172485594009238 0.13662539405426799 0.12128281233978436 0.010032595539933747 0.24209449534497904 0.11076683308929205
leaf_weight=447 107 350 368 2681 418 1871 1128 305 928 1009 1827 539 11.999999999999998 245 343 1321 524 219 117 246 423 172 367 414 131
leaf_count=447 107 350 368 2681 418 1871 1128 305 928 1009 1827 539 12 245 343 1321 524 219 117 246 423 172 367 414 131
model_size=2832
internal_value=0 -0.02926 0.117191 0.00497081 0.0807981 -0.0616504 -0.0707621 0.0804366 -0.0503373 -0.0122579 -0.0901086 0.108244 0.19624 -0.0109948 0.00791104 0.00819202 0.0532941 -0.0286884 0.133154 0.167054 0.154724 0.0787885 0.0306902 0.238307 0.0842162
internal_weight=0 13213 3299 6424 2259 6789 5754 1194 2799 5230 2955 844 1040 1035 790 2330 1481 2900 778 614 540 696 785 426 238
internal_count=16512 13213 3299 6424 2259 6789 5754 1194 2799 5230 2955 844 1040 1035 790 2330 1481 2900 778 614 540 696 785 426 238
is_linear=0
shrinkage=0.1


Tree=2
num_leaves= 24
num_cat= 0
full_tree_array_lgbids= 0 1 2 6 3 4 7 13 10 5 9 17 16 11 22 19 -15 21 15 8 -7 14 12 -2 18 20 -18 -4 -13 -9 -24 -1 -21 -2147483648 -2147483648 -8 -23 -12 -17 -3 -10 -2147483648 -2147483648 -5 -16 -11 -14 -2147483648 -2147483648 -19 -20 -6 -22 -2147483648 -2147483648 -2147483648 -2147483648 -2147483648 -2147483648 -2147483648 -2147483648 -2147483648 -2147483648
split_feature= 1 1 1 6 6 7 3 1 8 1 1 2 2 6 3 6 6 2 6 8 2 6 2
split_gain= 4579.92 1109.66 846.461 677.587 226.254 218.719 192.665 172.649 171.414 135.918 92.0478 84.4034 68.0452 62.6012 57.9238 50.6126 38.1949 34.2813 39.1115 27.6292 12.9696 7.40195 5.9485
threshold= 5.0387000000000013 2.8762500000000002 6.3963500000000009 2.4136952392348086 2.5827178004959954 37.995000000000012 3.8792159595040387 7.852450000000001 -122.35499999999998 3.8346500000000003 2.2948000000000004 26.500000000000004 42.500000000000007 3.0973600929976173 5.1947827066293142 2.2906328481453726 3.0375944537846187 21.500000000000004 2.0653737590585881 -117.145 20.500000000000004 2.1718174014038287 20.500000000000004
decision_type= 2 2 2 2 2 2 2 2 2 2 2 2 2 2 2 2 2 2 2 2 2 2 2
left_child=1 6 4 5 17 8 13 11 -3 14 21 -4 -11 19 -5 -12 20 -2 -19 -1 -6 -8 -9
right_child=2 3 7 9 16 -7 10 22 -10 12 15 -13 -14 -15 -16 -17 -18 18 -20 -21 -22 -23 -24
leaf_value= 0.004997166402595626 0.070366267957844036 0.15530145615721361 0.10079531229865527 -0.021756683590240855 0.028230403204931018 -0.04196680344791117 -0.060948759344007286 0.17564374969906785 0.05015581119245003 -0.0097105011414146177 -0.017192798938548332 0.17460610964037002 0.048191479024689475 -0.052241580402965282 -0.05477748556130882 -0.06618015511440789 0.019169376443520087 0.21353098875597906 0.11639004326505781 -0.07594990942899775 0.072191242709795947 -0.094691603641533117 0.21872646391764283
leaf_weight=605 195 195 491 1556 249 252 273 209 1509 2424 363 312 293 769 1309 1511 743 76 348 82 529 1819 400
leaf_count=605 195 195 491 1556 249 252 273 209 1509 2424 363 312 293 769 1309 1511 743 76 348 82 529 1819 400
model_size=2608
internal_value=0 -0.0276298 0.100812 -0.00259777 0.0607079 0.0487696 -0.062431 0.161592 0.0621883 -0.0205975 -0.0744131 0.129474 -0.00346638 -0.0297928 -0.0368437 -0.0566911 0.0390936 0.113818 0.133802 -0.00466464 0.0581215 -0.0902883 0.203941
internal_weight=0 12960 3552 7538 2140 1956 5422 1412 1704 5582 3966 803 2717 1456 2865 1874 1521 619 424 687 778 2092 609
internal_count=16512 12960 3552 7538 2140 1956 5422 1412 1704 5582 3966 803 2717 1456 2865 1874 1521 619 424 687 778 2092 609
is_linear=0
shrinkage=0.1


Tree=3
num_leaves= 25
num_cat= 0
full_tree_array_lgbids= 0 1 3 4 2 7 18 12 9 5 8 17 16 21 -20 13 -14 10 11 6 22 14 15 -2 19 23 20 -5 -23 -2147483648 -2147483648 -1 -15 -2147483648 -2147483648 -6 -12 -11 -13 -3 -8 -7 -24 -4 -16 -10 -17 -2147483648 -2147483648 -19 -21 -9 -25 -18 -22 -2147483648 -2147483648 -2147483648 -2147483648 -2147483648 -2147483648 -2147483648 -2147483648
split_feature= 1 1 6 1 6 7 2 6 1 7 8 8 7 8 8 6 1 2 2 4 2 1 8 2
split_gain= 3744.64 1205.18 585.712 370.172 235.201 175.238 166.957 145.708 144.001 142.134 138.008 125.723 73.0633 75.5991 60.5061 34.8334 31.3151 20.4331 10.5462 8.59765 6.93397 2.79632 2.00427 1.67853
threshold= 5.6042500000000013 3.3277500000000004 2.4469862317432325 7.7055000000000016 2.1496330815790889 37.935000000000009 19.500000000000004 2.6529733204757315 4.5301500000000017 34.455000000000005 -117.77499999999999 -121.63499999999998 37.935000000000009 -118.25499999999998 -122.38499999999998 2.9742256672023202 6.2770500000000009 21.500000000000004 18.500000000000004 1.0435797675926601 25.500000000000004 8.7395500000000013 -122.35499999999998 36.500000000000007
decision_type= 2 2 2 2 2 2 2 2 2 2 2 2 2 2 2 2 2 2 2 2 2 2 2 2
left_child=1 4 5 7 12 6 -3 17 14 10 -6 -11 13 -1 -4 -10 23 -2 21 -19 -18 -5 -7 -9
right_child=3 2 8 18 9 22 -8 16 15 11 -12 -13 -14 -15 -16 -17 20 19 -20 -21 -22 -23 -24 -25
leaf_value= 0.041776269171050914 0.093523914208249945 0.017225965392077925 0.033704416719430932 0.11608381196856499 -0.022943466793592045 0.021497399780172399 0.097401382408277601 0.042632826944755453 0.03433290932491441 -0.044692499679377065 -0.071224899929884108 -0.088130413373693803 -0.057992405394751416 -0.02589630158029757 -0.025467502123471306 -0.00024166946888890792 0.076043055340022953 0.13172098137438298 0.1949417198233741 0.18805241478340967 0.12413554085516046 0.18390145900906352 -0.043356265243049127 0.11632284972402784
leaf_weight=485 169 399 253 109 2060 82 1089 549 931 1282 1018 1970 243 372 2832 931 401 253 463 147 172 98 159 45
leaf_count=485 169 399 253 109 2060 82 1089 549 931 1282 1018 1970 243 372 2832 931 401 253 463 147 172 98 159 45
model_size=2720
internal_value=0 -0.0197216 0.0113773 0.115625 -0.0476645 0.0623554 0.0759027 0.0905871 -0.00643982 -0.0554002 -0.0389118 -0.0710064 -0.00314917 0.0124015 -0.0206148 0.0170456 0.068967 0.134929 0.180498 0.152423 0.0904792 0.148191 -0.0212899 0.0482154
internal_weight=0 14106 6676 2406 7430 1729 1488 1736 4947 6330 3078 3252 1100 857 3085 1862 1167 569 670 400 573 207 241 594
internal_count=16512 14106 6676 2406 7430 1729 1488 1736 4947 6330 3078 3252 1100 857 3085 1862 1167 569 670 400 573 207 241 594
is_linear=0
shrinkage=0.1


Tree=4
num_leaves= 24
num_cat= 0
full_tree_array_lgbids= 0 1 3 7 2 5 17 11 15 6 4 12 13 19 -19 14 21 -9 20 18 8 10 9 -2 16 22 -15 -5 -21 -2147483648 -2147483648 -1 -16 -13 -23 -2147483648 -2147483648 -17 -22 -3 -20 -8 -10 -4 -12 -6 -11 -2147483648 -2147483648 -14 -18 -7 -24 -2147483648 -2147483648 -2147483648 -2147483648 -2147483648 -2147483648 -2147483648 -2147483648 -2147483648 -2147483648
split_feature= 1 1 6 1 1 6 2 3 7 6 7 6 2 1 7 1 6 1 1 2 7 3 7
split_gain= 3041.09 857.021 527.088 425.251 159.288 149.193 137.441 136.424 100.883 77.2383 70.7068 46.709 36.5421 34.4078 27.1343 24.2934 18.9111 16.2158 9.53058 9.1926 2.36478 1.25076 0.395267
threshold= 5.2771000000000017 2.7820000000000005 2.2634687595142249 7.3930000000000016 4.0612500000000002 2.7472725830126556 24.500000000000004 4.2015099382944241 37.815000000000005 2.6829812717770039 37.945000000000007 2.9005380231986346 21.500000000000004 6.2770500000000009 37.915000000000006 2.2210000000000005 2.2038024706228287 8.7395500000000013 3.5330000000000008 28.500000000000004 34.655000000000008 3.0522493994321906 37.955000000000005
decision_type= 2 2 2 2 2 2 2 2 2 2 2 2 2 2 2 2 2 2 2 2 2 2 2
left_child=1 7 6 5 10 12 18 11 -8 -6 -4 14 -2 22 -1 -9 -14 19 -3 -5 -17 -13 -7
right_child=3 2 4 17 9 13 8 15 -10 -11 -12 21 16 -15 -16 20 -18 -19 -20 -21 -22 -23 -24
leaf_value= 0.0010605714112439306 0.062174783340470434 -0.014966221142447356 -0.018085287243348031 0.11448232899137745 0.036312742639535135 0.036054962534466342 0.097588665415668949 -0.079626889693940495 7.456208173281108e-05 -0.0048162465928958285 -0.055663151322720573 -0.015068591671924179 0.17448609276778171 0.074448704090740156 -0.065693757936130956 -0.037513549688791163 0.10685954975144177 0.17981087478260471 0.032771501658025427 0.17012298266352269 -0.064224793902500618 -0.052870400227304305 -0.014847842747896758
leaf_weight=705 262 231 3320 264 834 759 753 1539 156 1976 818 195 108 435 131 524 528 365 345 164 995 1007 98
leaf_count=705 262 231 3320 264 834 759 753 1539 156 1976 818 195 108 435 131 524 528 365 345 164 995 1007 98
model_size=2608
internal_value=0 -0.0202237 -0.000410627 0.0917219 -0.0122061 0.0684255 0.0547777 -0.0530109 0.0808536 0.00739072 -0.0255137 -0.0314215 0.101956 0.0451206 -0.00939974 -0.0673991 0.118343 0.156059 0.0136267 0.135803 -0.0550104 -0.0467378 0.0302341
internal_weight=0 13529 8433 2983 6948 2190 1485 5096 909 2810 4138 2038 898 1292 836 3058 636 793 576 428 1519 1202 857
internal_count=16512 13529 8433 2983 6948 2190 1485 5096 909 2810 4138 2038 898 1292 836 3058 636 793 576 428 1519 1202 857
is_linear=0
shrinkage=0.1


Tree=5
num_leaves= 22
num_cat= 0
full_tree_array_lgbids= 0 2 1 6 3 4 8 19 17 7 5 14 12 13 -10 20 -21 -8 18 -4 11 9 10 -2 15 -6 16 -3 -15 -2147483648 -2147483648 -1 -22 -2147483648 -2147483648 -2147483648 -2147483648 -19 -20 -2147483648 -2147483648 -9 -13 -5 -11 -7 -12 -2147483648 -2147483648 -16 -17 -2147483648 -2147483648 -14 -18 -2147483648 -2147483648 -2147483648 -2147483648 -2147483648 -2147483648 -2147483648 -2147483648
split_feature= 1 1 1 6 6 2 3 2 1 7 8 7 2 2 2 6 8 1 6 8 7
split_gain= 2476.44 648.511 453.301 374.923 193.667 122.777 107.5 93.582 82.9963 77.668 71.1638 46.0353 43.3558 42.1975 40.1476 36.6983 27.5397 25.5806 15.7009 10.9173 12.3686
threshold= 4.5301500000000017 6.3350000000000009 2.5894500000000007 2.0653737590585881 2.5163636904584812 47.500000000000007 3.6482937607122259 19.500000000000004 7.852450000000001 38.475000000000001 -122.33499999999999 37.815000000000005 16.500000000000004 26.500000000000004 21.500000000000004 2.0653737590585881 -117.65499999999999 1.9486000000000003 2.254419630548663 -118.27499999999999 37.935000000000009
decision_type= 2 2 2 2 2 2 2 2 2 2 2 2 2 2 2 2 2 2 2 2 2
left_child=2 4 6 7 14 9 19 -4 13 -5 -7 -9 -6 -3 -2 -16 -14 -8 -19 20 -1
right_child=1 8 3 5 12 10 17 11 -10 -11 -12 -13 16 -15 15 -17 -18 18 -20 -21 -22
leaf_value= 0.012584627024059346 0.040498283161485404 0.072765747054638161 -0.0038373473348096016 -0.017676250703890842 -0.0048805963163454898 0.095374785336415954 -0.075427406673778979 0.090651661359336347 0.14906828687151616 -0.057506831840825424 0.0040049836249701756 -0.0045548966960207134 0.03659669326829286 0.12916524164323043 0.16350562399109969 0.082873816201979547 -0.023974925202366881 -0.021752744654015183 -0.057378112452915409 -0.037822686663593154 -0.070153668062654717
leaf_weight=397 264 530 250 5374 698 164 1326 533 609 720 362 89 1639 335 117 433 151 376 1670 415 60
leaf_count=397 264 530 250 5374 698 164 1326 533 609 720 362 89 1639 335 117 433 151 376 1670 415 60
model_size=2384
internal_value=0 0.0609883 -0.0248194 -0.0096574 0.0359362 -0.018022 -0.051585 0.0538447 0.117109 -0.0223822 0.0324929 0.0770289 0.0212842 0.0946083 0.08072 0.100026 0.031487 -0.0605033 -0.0508311 -0.0170981 0.00172183
internal_weight=0 4776 11736 7492 3302 6620 4244 872 1474 6094 526 622 2488 865 814 550 1790 3372 2046 872 457
internal_count=16512 4776 11736 7492 3302 6620 4244 872 1474 6094 526 622 2488 865 814 550 1790 3372 2046 872 457
is_linear=0
shrinkage=0.1


Tree=6
num_leaves= 20
num_cat= 0
full_tree_array_lgbids= 0 1 3 4 2 10 18 13 5 8 11 16 -12 -5 -20 14 -15 6 7 -3 9 12 15 -2 17 -2147483648 -2147483648 -2147483648 -2147483648 -2147483648 -2147483648 -1 -16 -2147483648 -2147483648 -6 -8 -7 -9 -2147483648 -2147483648 -10 -11 -4 -14 -13 -17 -2147483648 -2147483648 -18 -19 -2147483648 -2147483648 -2147483648 -2147483648 -2147483648 -2147483648 -2147483648 -2147483648 -2147483648 -2147483648 -2147483648 -2147483648
split_feature= 1 1 6 1 6 7 8 8 2 6 6 6 7 7 8 8 2 6 8
split_gain= 2039.47 682.632 314.367 176.726 167.32 96.1062 116.487 103.502 85.4932 90.8808 77.8592 63.5392 66.53 60.5221 73.3703 20.7763 17.9847 7.19725 5.38675
threshold= 5.6042500000000013 3.5488500000000003 2.4136952392348086 7.3930000000000016 2.2352443515477258 34.455000000000005 -118.29499999999999 -120.09499999999998 16.500000000000004 1.9628175980828908 3.0089663118548242 2.9742256672023202 37.915000000000006 37.935000000000009 -122.31499999999998 -121.48499999999999 21.500000000000004 2.4530432249902163 -117.83499999999999
decision_type= 2 2 2 2 2 2 2 2 2 2 2 2 2 2 2 2 2 2 2
left_child=1 4 8 10 13 6 -6 -7 -3 -10 16 12 -4 14 -1 -13 -2 -18 -5
right_child=3 2 11 18 5 7 -8 -9 9 -11 -12 15 -14 -15 -16 -17 17 -19 -20
leaf_value= 0.11181467802295189 0.055104625182898131 -0.00027888181549160732 0.02258059483762935 0.13616920033565691 0.014041836318342391 -0.042557226045695999 -0.037410098358595177 -0.086971748749696556 0.1265851810134645 0.051305053155511364 0.032987747978619676 0.011288117238259673 -0.0261137355678457 -0.044863197741426941 0.0029815870911291068 -0.02329732757311772 0.13215314235482642 0.085091810406776713 0.087237270778706799
leaf_weight=89 323 277 1823 641 663 2536 2665 868 271 808 607 483 484 349 1100 1690 201 482 152
leaf_count=89 323 277 1823 641 663 2536 2665 868 271 808 607 483 484 349 1100 1690 201 482 152
model_size=2160
internal_value=0 -0.0145997 0.0120437 0.085596 -0.0334015 -0.0406721 -0.0271599 -0.0538827 0.0558125 0.0702123 0.0653437 -0.00120423 0.0123647 -0.00157738 0.0111281 -0.0156099 0.0848666 0.0989415 0.12679
internal_weight=0 14106 5836 2406 8270 6732 3328 3404 1356 1079 1613 4480 2307 1538 1189 2173 1006 683 793
internal_count=16512 14106 5836 2406 8270 6732 3328 3404 1356 1079 1613 4480 2307 1538 1189 2173 1006 683 793
is_linear=0
shrinkage=0.1


Tree=7
num_leaves= 22
num_cat= 0
full_tree_array_lgbids= 0 2 1 7 3 4 10 13 20 9 5 17 15 11 -12 16 14 -9 -22 -4 12 6 8 -2 18 -6 19 -3 -13 -2147483648 -2147483648 -1 -18 -15 -16 -2147483648 -2147483648 -2147483648 -2147483648 -2147483648 -2147483648 -11 -14 -5 -8 -7 -10 -2147483648 -2147483648 -19 -20 -2147483648 -2147483648 -17 -21 -2147483648 -2147483648 -2147483648 -2147483648 -2147483648 -2147483648 -2147483648 -2147483648
split_feature= 1 1 1 6 6 8 7 3 7 2 1 2 7 1 8 2 3 2 6 8 7
split_gain= 1658.75 372.818 343.608 244.922 118.967 85.4706 129.418 78.5721 76.6175 68.3893 47.2727 36.7505 36.4956 31.9719 19.6118 18.7894 18.6861 11.0874 8.73934 6.80566 5.19075
threshold= 4.6754000000000007 6.3350000000000009 2.7820000000000005 2.2147445135257553 2.5219735498882589 -122.27499999999999 37.815000000000005 4.3366453516970003 34.455000000000005 24.500000000000004 8.7395500000000013 27.500000000000004 37.815000000000005 2.2003500000000007 -122.38499999999998 16.500000000000004 3.3654435698213785 21.500000000000004 2.0653737590585881 -117.65499999999999 39.285000000000004
decision_type= 2 2 2 2 2 2 2 2 2 2 2 2 2 2 2 2 2 2 2 2 2
left_child=2 4 7 9 17 6 -5 13 -7 -4 11 -3 -11 16 -15 -6 -1 -2 -19 -17 -9
right_child=1 10 3 5 15 8 -8 20 -10 12 -12 -13 -14 14 -16 19 -18 18 -20 -21 -22
leaf_value= -0.010880594652334459 0.037683958997146383 0.064261417567121157 0.0042229428897241758 0.084284593884864548 -0.003439506540157935 -0.0060456517658916634 -0.016088921592470596 -0.048724495009818132 -0.034268368947145599 0.075752077438412432 0.13404337294603863 0.11288768786200989 -0.0039576478944770219 0.098440436311066151 -0.0096302200326767017 0.032218441431315505 -0.0487517932380565 0.13791027723625301 0.072630257925225636 -0.019148943355222318 -0.07963895962050517
leaf_weight=445 226 687 448 267 623 3078 360 2385 2180 588 365 422 116 40 889 1437 972 100 387 132 365
leaf_count=445 226 687 448 267 623 3078 360 2385 2180 588 365 422 116 40 889 1437 972 100 387 132 365
model_size=2384
internal_value=0 0.0531525 -0.0191836 -0.00435222 0.0316843 -0.0130164 0.0266539 -0.0396641 -0.017747 0.0399089 0.0954627 0.0827648 0.0626181 -0.0242337 -0.00497702 0.0189906 -0.0368586 0.070709 0.0860348 0.0278969 -0.0528277
internal_weight=0 4379 12133 7037 2905 5885 627 5096 5258 1152 1474 1109 704 2346 929 2192 1417 713 487 1569 2750
internal_count=16512 4379 12133 7037 2905 5885 627 5096 5258 1152 1474 1109 704 2346 929 2192 1417 713 487 1569 2750
is_linear=0
shrinkage=0.1


Tree=8
num_leaves= 17
num_cat= 0
full_tree_array_lgbids= 0 1 3 6 2 8 -5 7 14 4 9 12 -10 -2147483648 -2147483648 15 11 -8 -16 5 -6 10 -11 13 -14 -2147483648 -2147483648 -2147483648 -2147483648 -2147483648 -2147483648 -1 -17 -9 -13 -2147483648 -2147483648 -2147483648 -2147483648 -3 -7 -2147483648 -2147483648 -4 -12 -2147483648 -2147483648 -2 -15 -2147483648 -2147483648 -2147483648 -2147483648 -2147483648 -2147483648 -2147483648 -2147483648 -2147483648 -2147483648 -2147483648 -2147483648 -2147483648 -2147483648
split_feature= 1 1 6 1 7 8 3 1 6 8 7 8 7 8 1 3
split_gain= 1360.25 407.37 255.772 144.754 111.387 100.269 78.9524 67.9163 59.8163 49.591 55.5367 33.995 14.8364 14.3029 13.4509 13.0062
threshold= 5.3736000000000006 3.1792500000000001 2.6182831096480128 7.2638000000000007 37.935000000000009 -117.88499999999998 4.4053436317780594 2.2336500000000004 2.9432978723404259 -117.79499999999999 37.945000000000007 -118.25499999999998 37.955000000000005 -117.85499999999998 2.5044000000000004 3.4845502266762112
decision_type= 2 2 2 2 2 2 2 2 2 2 2 2 2 2 2 2
left_child=1 6 4 8 5 -3 7 15 12 10 -4 -9 13 -2 -8 -1
right_child=3 2 9 -5 -6 -7 14 11 -10 -11 -12 -13 -14 -15 -16 -17
leaf_value= -0.012719523108905111 0.082367354910413276 0.052456722213526666 0.0025113130937856019 0.10145646678488288 -0.021010482869212699 -0.0075993741754318851 -0.052530296619012318 0.019185676791795545 0.023755141999908597 -0.039258891539740007 -0.035981156440058247 -0.020942629734724227 0.0062067745361947327 0.031711531738864672 -0.031986490749198508 -0.046065280205249616
leaf_weight=537 800 1756 2832 854 435 437 1868 804 840 786 684 695 103 196 1871 1014
leaf_count=537 800 1756 2832 854 435 437 1868 804 840 786 684 695 103 196 1871 1014
model_size=1824
internal_value=0 -0.0130729 0.00451616 0.064213 0.0303096 0.0404893 -0.0310272 -0.017269 0.0478097 -0.0112405 -0.00497698 0.000580491 0.0661953 0.0723989 -0.0422502 -0.03452
internal_weight=0 13719 6930 2793 2628 2193 6789 3050 1939 4302 3516 1499 1099 996 3739 1551
internal_count=16512 13719 6930 2793 2628 2193 6789 3050 1939 4302 3516 1499 1099 996 3739 1551
is_linear=0
shrinkage=0.1


Tree=9
num_leaves= 24
num_cat= 0
full_tree_array_lgbids= 0 2 1 10 4 3 14 20 12 13 5 11 8 16 -16 21 -22 18 -14 15 22 6 7 -2 17 19 9 -3 -18 -2147483648 -2147483648 -1 -23 -2147483648 -2147483648 -12 -20 -2147483648 -2147483648 -4 -17 -15 -24 -6 -8 -7 -9 -2147483648 -2147483648 -13 -19 -5 -21 -10 -11 -2147483648 -2147483648 -2147483648 -2147483648 -2147483648 -2147483648 -2147483648 -2147483648
split_feature= 1 1 6 6 1 8 7 7 8 7 2 2 7 7 2 8 1 6 1 7 8 7 8
split_gain= 1122.8 336.42 170.92 140.244 93.3807 53.1572 98.8618 64.2249 47.3291 43.0536 41.2949 39.1829 36.4442 30.1001 28.399 25.1946 19.0032 10.9125 8.60247 7.77856 3.56222 35.8914 0.406854
threshold= 4.125700000000001 6.2770500000000009 2.0376051459673437 2.3578464509898605 2.5205000000000006 -122.38499999999998 38.32500000000001 34.455000000000005 -122.19499999999998 37.615000000000002 27.500000000000004 16.500000000000004 37.815000000000005 35.335000000000008 29.500000000000004 -117.65499999999999 9.1688500000000008 2.0653737590585881 3.4298000000000006 37.615000000000002 -118.15499999999999 34.965000000000011 -119.84499999999998
decision_type= 2 2 2 2 2 2 2 2 2 2 2 2 2 2 2 2 2 2 2 2 2 2 2
left_child=2 3 10 11 13 6 -6 -7 19 -10 20 -2 18 15 16 -4 -3 -13 -12 -5 21 -1 -15
right_child=1 14 4 8 5 7 -8 -9 9 -11 12 17 -14 22 -16 -17 -18 -19 -20 -21 -22 -23 -24
leaf_value= 0.073221256390229625 0.011174974430884634 0.052611902191837506 -0.015059461457856374 0.11263275217845457 0.069603106422900143 -0.0078587343210160601 -0.031062722954084167 -0.034052632311444973 0.013318555390450163 -0.025909797288948218 0.044950831644180081 0.11235684280732781 -0.019286121506874841 -0.045469618203785006 0.10139627790885519 -0.051394782671511201 0.11191864660821665 0.059505804239177632 0.11000449746987265 0.038032357456356247 -0.032919783018738158 -0.015143920860067009 -0.07517939121279793
leaf_weight=119 182 806 1198 77 264 2962 234 2405 2767 544 327 224 124 1287 574 589 156 343 113 327 232 250 408
leaf_count=119 182 806 1198 77 264 2962 234 2405 2767 544 327 224 124 1287 574 589 156 343 113 327 232 250 408
model_size=2608
internal_value=0 0.0349242 -0.0199339 0.0204926 -0.0247751 -0.0160388 0.0223023 -0.0195965 0.011808 0.00687331 0.0189081 0.0635678 0.0438616 -0.0394903 0.0768659 -0.0270357 0.0622292 0.0803852 0.0616578 0.0522507 -0.00450922 0.0133533 -0.052621
internal_weight=0 6000 10512 4464 9347 5865 498 5367 3715 3311 1165 749 564 3482 1536 1787 962 567 440 404 601 369 1695
internal_count=16512 6000 10512 4464 9347 5865 498 5367 3715 3311 1165 749 564 3482 1536 1787 962 567 440 404 601 369 1695
is_linear=0
shrinkage=0.1


Tree=10
num_leaves= 16
num_cat= 0
full_tree_array_lgbids= 0 2 1 3 7 6 10 4 -5 11 8 12 -8 -3 -12 -1 5 -2147483648 -2147483648 14 -13 9 -10 13 -14 -2147483648 -2147483648 -2147483648 -2147483648 -2147483648 -2147483648 -2147483648 -2147483648 -6 -7 -2147483648 -2147483648 -2147483648 -2147483648 -4 -16 -2147483648 -2147483648 -9 -11 -2147483648 -2147483648 -2 -15 -2147483648 -2147483648 -2147483648 -2147483648 -2147483648 -2147483648 -2147483648 -2147483648 -2147483648 -2147483648 -2147483648 -2147483648 -2147483648 -2147483648
split_feature= 1 1 6 7 8 8 6 1 8 7 2 7 7 8 8
split_gain= 913.402 202.712 186.639 145.656 138.983 89.2573 69.9215 42.4719 30.2343 33.954 15.6258 12.0154 11.2161 20.4495 8.58501
threshold= 4.5301500000000017 6.3963500000000009 2.5288691539219195 37.945000000000007 -122.40499999999999 -117.145 2.735488224282792 2.6181500000000004 -117.79499999999999 37.895000000000003 21.500000000000004 35.335000000000008 37.925000000000004 -118.30499999999999 -117.79499999999999
decision_type= 2 2 2 2 2 2 2 2 2 2 2 2 2 2 2
left_child=2 6 3 4 -1 -6 12 11 9 -9 -3 14 13 -2 -4
right_child=1 10 7 -5 5 -7 -8 8 -10 -11 -12 -13 -14 -15 -16
leaf_value= 0.10347732767315194 0.065528166463973178 0.050624798225649338 -0.016691968478325079 -0.032608457535641698 0.016989810311321858 -0.045757163789090331 0.0090325573594145087 -0.0056465769878634451 -0.041324284987476256 -0.036074980770166944 0.086212852384764505 -0.049935994940478304 -0.0018299481259232545 0.024124057319788283 -0.048597595808238692
leaf_weight=202 754 590 1152 990 2441 339 1991 3078 836 855 822 1320 166 453 523
leaf_count=202 754 590 1152 990 2441 339 1991 3078 836 855 822 1320 166 453 523
model_size=1712
internal_value=0 0.0374272 -0.0152311 0.00367082 0.0157152 0.00933829 0.0231916 -0.0249012 -0.0173561 -0.0122614 0.0713425 -0.0369153 0.0437237 0.0499888 -0.0266541
internal_weight=0 4776 11736 3972 2982 2780 3364 7764 4769 3933 1412 2995 1373 1207 1675
internal_count=16512 4776 11736 3972 2982 2780 3364 7764 4769 3933 1412 2995 1373 1207 1675
is_linear=0
shrinkage=0.1


Tree=11
num_leaves= 17
num_cat= 0
full_tree_array_lgbids= 0 1 4 3 2 12 -6 7 9 5 13 -2 -14 -2147483648 -2147483648 8 -9 11 10 -3 6 15 14 -2147483648 -2147483648 -2147483648 -2147483648 -2147483648 -2147483648 -2147483648 -2147483648 -1 -10 -2147483648 -2147483648 -5 -13 -11 -12 -2147483648 -2147483648 -7 -8 -4 -17 -15 -16 -2147483648 -2147483648 -2147483648 -2147483648 -2147483648 -2147483648 -2147483648 -2147483648 -2147483648 -2147483648 -2147483648 -2147483648 -2147483648 -2147483648 -2147483648 -2147483648
split_feature= 1 1 6 6 1 2 6 7 8 7 8 8 6 8 7 7
split_gain= 747.531 250.632 124.143 67.8721 52.1444 50.6024 63.4296 47.3831 42.3238 25.436 43.5629 38.9595 24.6533 3.36145 26.8221 5.41604
threshold= 5.6042500000000013 3.6530500000000008 2.7762783380468687 2.4839226633581473 7.7055000000000016 19.500000000000004 1.9628175980828908 38.515000000000008 -122.35499999999998 34.455000000000005 -120.09499999999998 -117.79499999999999 3.0089663118548242 -121.48499999999999 34.525000000000013 37.915000000000006
decision_type= 2 2 2 2 2 2 2 2 2 2 2 2 2 2 2 2
left_child=1 3 5 7 12 -3 -7 8 -1 11 -11 -5 -2 15 -15 -4
right_child=4 2 13 9 -6 6 -8 -9 -10 10 -12 -13 -14 14 -16 -17
leaf_value= 0.060045357555410461 0.05465944236534534 -0.0012478811141384178 0.027014979012093168 -0.0082717413904945785 0.08198215706979356 0.10106181490740639 0.029785373498827556 -0.039457796148687045 -0.0022401878846193663 -0.027400067040643496 -0.063267782466826003 -0.040164359042342973 0.018429515915094102 -0.0044535004471577449 -0.043102845494497936 -0.02034423305051385
leaf_weight=201 1087 730 466 2163 670 204 1631 510 2059 2064 772 961 649 1638 481 226
leaf_count=201 1087 730 466 2163 670 204 1631 510 2059 2064 772 961 649 1638 481 226
model_size=1824
internal_value=0 -0.00895389 0.00897498 -0.0199946 0.0524953 0.0266221 0.0377093 -0.00457289 0.00329937 -0.0271621 -0.0371638 -0.0180825 0.041115 -0.00712775 -0.0132267 0.011548
internal_weight=0 14106 5376 8730 2406 2565 1835 2770 2260 5960 2836 3124 1736 2811 2119 692
internal_count=16512 14106 5376 8730 2406 2565 1835 2770 2260 5960 2836 3124 1736 2811 2119 692
is_linear=0
shrinkage=0.1


Tree=12
num_leaves= 17
num_cat= 0
full_tree_array_lgbids= 0 2 1 9 4 3 7 -1 12 14 5 10 8 11 -9 -2147483648 -2147483648 -11 -14 -4 -16 6 15 -2 -12 -5 13 -3 -13 -2147483648 -2147483648 -2147483648 -2147483648 -2147483648 -2147483648 -2147483648 -2147483648 -2147483648 -2147483648 -2147483648 -2147483648 -2147483648 -2147483648 -6 -8 -7 -17 -2147483648 -2147483648 -2147483648 -2147483648 -2147483648 -2147483648 -10 -15 -2147483648 -2147483648 -2147483648 -2147483648 -2147483648 -2147483648 -2147483648 -2147483648
split_feature= 1 1 6 6 1 3 6 1 8 2 2 6 7 7 3 2
split_gain= 604.85 174.013 90.1019 75.0154 48.4329 28.658 29.5154 23.007 21.9319 18.7846 18.7037 15.711 15.6434 10.7948 7.6691 2.97199
threshold= 4.125700000000001 5.8308000000000009 2.0231950334409352 2.3055777777777782 2.2210000000000005 5.0372251488776927 3.1424162072895592 8.0125000000000011 -122.24499999999999 27.500000000000004 16.500000000000004 2.5949646725452555 37.815000000000005 37.615000000000002 3.3133866958124387 49.500000000000007
decision_type= 2 2 2 2 2 2 2 2 2 2 2 2 2 2 2 2
left_child=2 3 9 10 14 6 -6 11 -5 -1 -2 -3 -11 -10 -4 -7
right_child=1 7 4 8 5 15 -8 -9 13 12 -12 -13 -14 -15 -16 -17
leaf_value= -0.0038404580116736631 0.0028721574162586761 0.068382599297055313 -0.0024603422085585245 0.042744398767939285 0.0063033055726974046 -0.024799553328145204 -0.020064059597923338 0.077620876153648918 0.0067019164517766114 0.053042131659368101 0.067311678088825447 0.030738220470735669 -0.01718891319205873 -0.023820239557175056 -0.03842358436233153 0.018105431192214052
leaf_weight=580 156 449 330 332 2147 3179 1399 548 2445 419 448 1097 117 525 2155 186
leaf_count=580 156 449 330 332 2147 3179 1399 548 2445 419 448 1097 117 525 2155 186
model_size=1824
internal_value=0 0.0259392 -0.0148055 0.0124617 -0.0184782 -0.0130237 -0.00409939 0.0510792 0.00547296 0.0161166 0.0506684 0.0416712 0.0377118 0.00130659 -0.0336478 -0.022428
internal_weight=0 6000 10512 3906 9396 6911 3546 2094 3302 1116 604 1546 536 2970 2485 3365
internal_count=16512 6000 10512 3906 9396 6911 3546 2094 3302 1116 604 1546 536 2970 2485 3365
is_linear=0
shrinkage=0.1


Tree=13
num_leaves= 13
num_cat= 0
full_tree_array_lgbids= 0 1 3 6 2 9 -5 7 -8 4 -4 10 -11 -2147483648 -2147483648 -1 8 -2147483648 -2147483648 5 -6 -2147483648 -2147483648 11 -12 -2147483648 -2147483648 -2147483648 -2147483648 -2147483648 -2147483648 -2147483648 -2147483648 -9 -10 -2147483648 -2147483648 -2147483648 -2147483648 -3 -7 -2147483648 -2147483648 -2147483648 -2147483648 -2147483648 -2147483648 -2 -13 -2147483648 -2147483648 -2147483648 -2147483648 -2147483648 -2147483648 -2147483648 -2147483648 -2147483648 -2147483648 -2147483648 -2147483648 -2147483648 -2147483648
split_feature= 1 1 6 1 7 8 7 8 6 6 7 8
split_gain= 487.405 137.1 93.7073 42.0675 38.8881 44.3594 33.398 129.224 34.5237 16.6555 1.01991 11.3854
threshold= 5.2771000000000017 3.4883000000000002 2.8079590171801518 7.7055000000000016 37.935000000000009 -117.69499999999998 37.915000000000006 -122.33499999999999 2.8751854599406532 3.0375944537846187 37.955000000000005 -117.83499999999999
decision_type= 2 2 2 2 2 2 2 2 2 2 2 2
left_child=1 6 4 9 5 -3 7 -1 -9 10 11 -2
right_child=3 2 -4 -5 -6 -7 -8 8 -10 -11 -12 -13
leaf_value= 0.074097447241565181 0.05286115802058669 0.034516238226234057 -0.010317234053839833 0.066600228699980613 -0.014110415023126321 -0.014838879457700649 -0.03445650558347757 -0.0044831581425683826 -0.025217654223354338 0.0098410071507999825 -0.0058172187829104655 0.0089998460785039192
leaf_weight=204 1103 1974 2683 670 499 362 1738 2764 3305 804 137 269
leaf_count=204 1103 1974 2683 670 499 362 1738 2764 3305 804 137 269
model_size=1376
internal_value=0 -0.00831282 0.00508176 0.0377017 0.0196551 0.0268679 -0.017539 -0.0128519 -0.0157746 0.0293308 0.0397149 0.0442615
internal_weight=0 13529 5518 2983 2835 2336 8011 6273 6069 2313 1509 1372
internal_count=16512 13529 5518 2983 2835 2336 8011 6273 6069 2313 1509 1372
is_linear=0
shrinkage=0.1


Tree=14
num_leaves= 14
num_cat= 0
full_tree_array_lgbids= 0 2 1 3 9 6 7 4 -5 10 -11 -2 8 -3 -9 -1 5 -2147483648 -2147483648 12 11 -2147483648 -2147483648 -2147483648 -2147483648 -8 -10 -2147483648 -2147483648 -2147483648 -2147483648 -2147483648 -2147483648 -6 -7 -2147483648 -2147483648 -2147483648 -2147483648 -4 -14 -12 -13 -2147483648 -2147483648 -2147483648 -2147483648 -2147483648 -2147483648 -2147483648 -2147483648 -2147483648 -2147483648 -2147483648 -2147483648 -2147483648 -2147483648 -2147483648 -2147483648 -2147483648 -2147483648 -2147483648 -2147483648
split_feature= 1 1 6 7 8 7 6 2 2 8 7 8 6
split_gain= 395.037 81.5004 75.3588 87.8705 87.2035 64.7315 22.6154 12.368 4.3408 0.513298 17.1237 46.3148 18.4879
threshold= 4.405050000000001 5.8308000000000009 2.8024658054711251 38.475000000000001 -122.35499999999998 34.455000000000005 2.2634687595142249 26.500000000000004 38.500000000000007 -117.56499999999998 34.885000000000012 -121.56499999999998 3.442186331338819
decision_type= 2 2 2 2 2 2 2 2 2 2 2 2 2
left_child=2 6 3 4 -1 -6 -2 -3 -8 10 12 -12 -4
right_child=1 7 9 -5 5 -7 8 -9 -10 -11 11 -13 -14
leaf_value= 0.056207900354777289 0.046530578251079667 0.029641082183892633 0.0086041533759628197 -0.031592316922133469 0.013572546203820927 -0.016673107240515867 0.0021561552534302242 0.058703980422718453 0.036866328761250053 -0.037734204868221044 -0.0061083448149709726 -0.043683476346860976 -0.019556910600012582
leaf_weight=420 382 1219 1060 1045 2447 1818 2291 875 333 879 941 1301 1501
leaf_count=420 382 1219 1060 1045 2447 1818 2291 875 333 879 941 1301 1501
model_size=1488
internal_value=0 0.0240175 -0.0107334 -0.00113549 0.00565798 0.000680026 0.0116404 0.0417853 0.00656107 -0.0204124 -0.0172423 -0.0279126 -0.00790102
internal_weight=0 5100 11412 5730 4685 4265 3006 2094 2624 5682 4803 2242 2561
internal_count=16512 5100 11412 5730 4685 4265 3006 2094 2624 5682 4803 2242 2561
is_linear=0
shrinkage=0.1


end of trees

feature_importances:
Column_1=76
Column_6=64
Column_7=50
Column_8=46
Column_2=45
Column_3=13
Column_5=2
Column_4=1

parameters:
[boosting: gbdt]
[objective: regression]
[metric: rmse]
[tree_learner: serial]
[device_type: cpu]
[data_sample_strategy: bagging]
[data: data/california_housing.libsvm.train]
[valid: data/california_housing.libsvm.test]
[num_iterations: 15]
[learning_rate: 0.1]
[num_leaves: 255]
[num_threads: 0]
[seed: 42]
[deterministic: 0]
[force_col_wise: 0]
[force_row_wise: 0]
[histogram_pool_size: -1]
[max_depth: 5]
[min_data_in_leaf: 10]
[min_sum_hessian_in_leaf: 0.001]
[bagging_fraction: 1]
[pos_bagging_fraction: 1]
[neg_bagging_fraction: 1]
[bagging_freq: 0]
[bagging_seed: 400]
[feature_fraction: 1]
[feature_fraction_bynode: 1]
[feature_fraction_seed: 30056]
[extra_trees: 0]
[extra_seed: 12879]
[early_stopping_round: 0]
[early_stopping_min_delta: 0]
[first_metric_only: 0]
[max_delta_step: 0]
[lambda_l1: 0]
[lambda_l2: 0]
[linear_lambda: 0]
[min_gain_to_split: 0]
[drop_rate: 0.1]
[max_drop: 50]
[skip_drop: 0.5]
[xgboost_dart_mode: 0]
[uniform_drop: 0]
[drop_seed: 17869]
[top_rate: 0.2]
[other_rate: 0.1]
[min_data_per_group: 100]
[max_cat_threshold: 32]
[cat_l2: 10]
[cat_smooth: 10]
[max_cat_to_onehot: 4]
[top_k: 20]
[monotone_constraints: ]
[monotone_constraints_method: basic]
[monotone_penalty: 0]
[feature_contri: ]
[forcedsplits_filename: ]
[refit_decay_rate: 0.9]
[tinygbdt_penalty_feature: 2]
[tinygbdt_penalty_split: 0.03125]
[tinygbdt_forestsize: 64000]
[tinygbdt_precision: 7]
[cegb_tradeoff: 1]
[cegb_penalty_split: 0]
[cegb_penalty_feature_lazy: ]
[cegb_penalty_feature_coupled: ]
[path_smooth: 0]
[interaction_constraints: ]
[verbosity: 2]
[saved_feature_importance_type: 0]
[use_quantized_grad: 0]
[num_grad_quant_bins: 4]
[quant_train_renew_leaf: 0]
[stochastic_rounding: 1]
[linear_tree: 0]
[max_bin: 255]
[max_bin_by_feature: ]
[min_data_in_bin: 3]
[bin_construct_sample_cnt: 200000]
[data_random_seed: 175]
[is_enable_sparse: 1]
[enable_bundle: 1]
[use_missing: 1]
[zero_as_missing: 0]
[feature_pre_filter: 1]
[pre_partition: 0]
[two_round: 0]
[header: 0]
[label_column: ]
[weight_column: ]
[group_column: ]
[ignore_column: ]
[categorical_feature: ]
[forcedbins_filename: ]
[precise_float_parser: 0]
[parser_config_file: ]
[objective_seed: 16083]
[num_class: 1]
[is_unbalance: 0]
[scale_pos_weight: 1]
[sigmoid: 1]
[boost_from_average: 1]
[reg_sqrt: 0]
[alpha: 0.9]
[fair_c: 1]
[poisson_max_delta_step: 0.7]
[tweedie_variance_power: 1.5]
[lambdarank_truncation_level: 30]
[lambdarank_norm: 1]
[label_gain: ]
[lambdarank_position_bias_regularization: 0]
[eval_at: ]
[multi_error_top_k: 1]
[auc_mu_weights: ]
[num_machines: 1]
[local_listen_port: 12400]
[time_out: 120]
[machine_list_filename: ]
[machines: ]
[gpu_platform_id: -1]
[gpu_device_id: -1]
[gpu_use_dp: 0]
[num_gpu: 1]

end of parameters
