tree
version=v4
num_class=1
num_tree_per_iteration=1
label_index=0
max_feature_idx=8
objective=regression
feature_names=Column_0 Column_1 Column_2 Column_3 Column_4 Column_5 Column_6 Column_7 Column_8
feature_infos=none [0.49990000000000001:15.0001] [1:52] [0.88888888888888884:141.90909090909091] [0.33333333333333331:25.63636363636364] [3:35682] [0.69230769230769229:1243.333333333333] [32.549999999999997:41.950000000000003] [-124.34999999999999:-114.31]
tree_sizes=10692 9838 9427 8416 8355

Tree=0
num_leaves= 114
num_cat= 0
full_tree_array_lgbids= 0 1 2 5 3 4 10 9 11 6 7 16 13 20 33 15 14 35 21 37 8 19 17 44 18 39 29 77 64 34 46 45 53 27 52 49 59 54 31 70 38 12 36 22 25 24 51 79 67 96 23 71 74 63 60 99 80 90 104 82 112 -35 89 107 48 94 58 30 78 72 85 50 84 -37 66 68 101 32 42 92 111 76 55 28 26 56 102 41 40 47 73 43 65 98 62 -2 93 75 -69 -18 97 57 69 100 86 105 88 87 81 61 -62 110 -101 103 95 91 -92 -66 109 106 83 -36 -114 -2147483648 -2147483648 108 -91 -1 -109 -47 -50 -17 -96 -55 -60 -11 -32 -29 -80 -16 -74 -54 -87 -7 -52 -51 -86 -2147483648 -2147483648 -61 -68 -13 -70 -56 -103 -23 -34 -33 -44 -3 -94 -72 -113 -39 -78 -40 -57 -8 -30 -14 -28 -10 -58 -38 -104 -5 -43 -24 -42 -21 -49 -27 -75 -9 -45 -26 -67 -19 -100 -53 -64 -2147483648 -2147483648 -81 -95 -46 -77 -2147483648 -2147483648 -2147483648 -2147483648 -98 -99 -20 -59 -25 -71 -6 -102 -73 -88 -41 -107 -76 -90 -15 -89 -65 -83 -31 -63 -2147483648 -2147483648 -4 -112 -2147483648 -2147483648 -79 -105 -82 -97 -22 -93 -2147483648 -2147483648 -2147483648 -2147483648 -106 -111 -12 -108 -84 -85 -2147483648 -2147483648 -2147483648 -2147483648 -2147483648 -2147483648 -2147483648 -2147483648 -48 -110 -2147483648 -2147483648
split_feature= 1 1 1 6 6 3 2 1 7 1 1 1 6 1 6 3 2 6 6 2 2 6 3 1 2 8 8 8 1 2 7 7 8 1 2 7 7 1 2 6 7 6 8 7 1 4 5 7 7 8 6 8 6 6 7 5 8 7 7 7 6 2 8 1 7 8 7 7 2 4 3 2 8 6 2 6 8 4 8 5 6 6 4 8 8 8 7 4 6 2 4 8 8 2 4 8 7 8 7 5 5 8 7 2 8 8 5 8 1 2 8 8 7
split_gain= 6986.71 1684.2 1291.17 975.37 430.507 317.432 233.089 212.012 186.418 180.224 155.302 136.142 127.922 120.092 111.971 110.498 106.903 104.689 94.6221 84.5816 72.536 66.2119 65.7998 59.485 57.8276 53.2154 49.7275 48.5642 43.8532 42.937 38.8963 38.1252 42.3549 32.7189 36.2752 32.6439 30.3328 30.2182 34.9918 29.8828 28.7107 28.5708 28.1792 27.8037 27.5404 25.9005 24.9895 24.6261 24.0733 23.6143 28.869 23.1207 22.2463 21.4819 21.1768 19.7699 18.7812 18.6883 17.6167 17.6008 17.283 17.3403 16.8147 15.6711 15.4215 15.2387 14.5305 13.942 12.8274 12.1427 11.6569 11.5803 11.4923 11.4376 11.205 10.5373 8.66387 8.58259 7.91574 6.46529 6.39203 5.89476 5.52935 6.11889 5.36631 4.72085 4.46405 4.38149 4.12534 4.05179 3.96425 6.16113 3.88415 3.81673 3.66811 3.17116 3.13505 4.98401 2.75676 2.58342 2.37697 2.26017 2.16553 1.51464 1.46053 1.45412 1.2804 1.25801 0.869232 0.696411 0.653739 0.561222 0.186341
threshold= 5.0387000000000013 3.0679500000000002 6.8672000000000013 2.3489548886254448 2.671038674349933 4.3101408005062494 24.500000000000004 4.0775500000000013 37.815000000000005 2.2210000000000005 7.852450000000001 2.4115000000000006 1.9628175980828908 5.7307500000000013 2.4907552973342448 3.449226804123712 19.500000000000004 2.9005380231986346 2.0653737590585881 43.500000000000007 26.500000000000004 2.2906328481453726 5.1186051221335997 5.8308000000000009 41.500000000000007 -122.40499999999999 -117.88499999999998 -118.26499999999999 3.4298000000000006 27.500000000000004 37.815000000000005 34.525000000000013 -117.77499999999999 8.7395500000000013 28.500000000000004 35.335000000000008 37.995000000000012 3.5330000000000008 18.500000000000004 2.9742256672023202 34.415000000000006 3.0817415934345274 -120.44499999999998 38.545000000000009 5.6402500000000009 1.0291350557942953 139.50000000000003 38.435000000000009 34.045000000000009 -117.35499999999998 2.254419630548663 -122.33499999999999 3.458170981799539 2.10671797776953 37.945000000000007 534.50000000000011 -122.425 38.005000000000003 35.335000000000008 36.835000000000008 3.458170981799539 40.500000000000007 -117.75499999999998 6.2770500000000009 37.645000000000003 -122.28499999999998 38.925000000000004 37.955000000000005 26.500000000000004 1.0435797675926601 4.5820434769673541 22.500000000000004 -122.38499999999998 2.8079590171801518 16.500000000000004 2.5219735498882589 -118.26499999999999 1.0103851166134901 -117.145 390.50000000000006 2.5163636904584812 3.0089663118548242 1.0003353454057682 -117.81499999999998 -116.40499999999999 -117.79499999999999 37.925000000000004 1.0110829055585981 3.3663541575396478 20.500000000000004 1.0139026949414627 -118.26499999999999 -117.23499999999999 16.500000000000004 1.1538900096482767 -122.00499999999998 34.145000000000003 -122.25499999999998 38.235000000000007 1162.5000000000002 1614.5000000000002 -122.35499999999998 38.635000000000012 17.500000000000004 -122.23499999999999 -121.36499999999999 1203.5000000000002 -121.76499999999999 9.1688500000000008 35.500000000000007 -121.34499999999998 -121.81499999999998 37.805000000000007
decision_type= 2 2 2 2 2 2 2 2 2 2 2 2 2 2 2 2 2 2 2 2 2 2 2 2 2 2 2 2 2 2 2 2 2 2 2 2 2 2 2 2 2 2 2 2 2 2 2 2 2 2 2 2 2 2 2 2 2 2 2 2 2 2 2 2 2 2 2 2 2 2 2 2 2 2 2 2 2 2 2 2 2 2 2 2 2 2 2 2 2 2 2 2 2 2 2 2 2 2 2 2 2 2 2 2 2 2 2 2 2 2 2 2 2
left_child=1 5 4 6 16 9 37 19 12 15 20 35 28 39 27 45 44 24 96 22 77 54 41 57 43 47 -14 30 -8 63 -11 32 -23 34 82 49 56 70 76 71 -24 -5 -33 -9 79 107 -35 -21 -47 50 -7 98 72 94 68 -40 -10 -20 -55 -37 61 -31 -53 87 90 -26 -61 75 -13 -25 92 100 -16 -27 105 -46 -39 99 -29 -2 103 -65 106 -84 -51 -54 -73 -15 -76 108 91 -22 -3 -81 -17 -82 -18 -98 -19 110 -6 -56 -38 -79 -66 -41 -12 -1 -48 -106 -4 -72 -36
right_child=2 3 10 7 13 11 8 17 36 14 33 21 26 29 52 53 18 51 23 25 64 31 40 69 65 73 -28 78 -30 60 -32 42 -34 46 112 59 102 38 55 74 -42 -43 -44 -45 67 48 89 -49 -50 84 -52 62 85 58 101 -57 -58 -59 -60 66 -62 -63 -64 81 104 -67 -68 -69 -70 -71 111 86 -74 -75 88 -77 -78 80 -80 93 95 -83 83 -85 -86 -87 -88 -89 -90 -91 -92 -93 -94 -95 -96 -97 97 -99 -100 -101 -102 -103 -104 -105 109 -107 -108 -109 -110 -111 -112 -113 -114
leaf_value= 2.0428115776403302 2.0322522439146704 2.0942646251487904 2.1970469771605763 2.0623490992633817 2.0788100563966578 2.0841138599801572 2.1965323452694219 2.0954689418246426 2.2142838774901663 2.1406373236940905 2.201214742644098 2.0345072442712553 2.1803908632616107 2.1096638881203256 2.1369577986748349 2.0163646038680656 2.3475029406369599 2.1269417179355425 2.1957668316364023 2.1654641714581091 2.3134738265400703 2.0423423215696768 2.0333915413355754 2.2374554972134808 2.2091709412441252 2.0795638084043055 2.0853910788377314 2.0653824157377607 2.2845502876908457 2.1919918556662772 2.0404662446165749 1.9910892755883369 1.9852344261613879 2.2256631944098948 2.3489229269490632 1.930502243003837 2.0412401231857533 2.1091870245220798 2.0245249734293451 2.0834683157028921 2.0042626363250329 2.0299805008867327 1.9516641567416866 2.0321558591188165 2.2290802035057791 2.0195706739465327 2.2974192872479229 1.9921922446126408 2.0794739076624724 1.9685349276794362 1.9888444208027325 2.0588902430478546 2.0194666467334796 1.9876247733728514 2.048631191897333 2.1734629168237776 2.0951919498649194 2.087710141191141 1.9546252503190962 1.9717715616073146 2.0880122439150677 2.2838810687809143 2.0262876156140166 2.1854929355010166 2.2731583668156543 2.1356460584060457 1.9436251819951067 2.0902165239069102 2.0885806931844439 2.2872151599752977 2.0615003930585472 2.1472471363027816 2.0468548239882924 2.035621369557977 2.1070863956405002 2.1539228614650354 2.0673858812271733 2.2432252427681045 2.0052765696740975 2.1164124939581668 2.261906623327202 2.1474610484222523 2.299884311105183 2.2336177960559054 1.9309619655047523 1.9695393397118284 2.0833785607593032 2.1384854126492021 2.0785653826666226 2.3580152998203703 2.3308207076200587 2.2209656433100169 2.0101922421986527 2.1698756092870899 2.0851989775483477 2.2078495719740459 2.3441824260131363 2.24765874254427 2.0592165302409682 2.2074340790255622 2.1199560171028113 1.9934744660704813 1.9696822432512706 2.3295710676383008 2.2451105803087024 2.0509785154122926 2.2547846299662213 2.0031723742454979 2.3389576326004473 2.1657122381860678 2.1442219711450132 2.021195993752015 2.3036811097582559
leaf_weight=27 9.9999999999999982 97 19 636 64 39 90 761 19 227 24 100 402 146 18 89 58 57 303 84 33 272 593 159 43 147 67 116 174 144 50 667 275 19 83 320 66 141 10.999999999999998 56 943 545 277 83 72 114 27 9.9999999999999982 208 231 294 858 368 506 19 104 68 19 289 497 14.999999999999998 28 229 91 17 129 377 13.999999999999998 109 91 27 176 350 136 205 34 113 11.000000000000002 37 88 24 159 63 29 72 31 19 190 137 235 81 14.999999999999998 9.9999999999999982 30 14.999999999999998 110 17 15.999999999999998 13.999999999999998 55 53 81 9.9999999999999982 10.999999999999998 12.000000000000002 118 31 154 84 9.9999999999999982 33 64 13.999999999999998
leaf_count=27 10 97 19 636 64 39 90 761 19 227 24 100 402 146 18 89 58 57 303 84 33 272 593 159 43 147 67 116 174 144 50 667 275 19 83 320 66 141 11 56 943 545 277 83 72 114 27 10 208 231 294 858 368 506 19 104 68 19 289 497 15 28 229 91 17 129 377 14 109 91 27 176 350 136 205 34 113 11 37 88 24 159 63 29 72 31 19 190 137 235 81 15 10 30 15 110 17 16 14 55 53 81 10 11 12 118 31 154 84 10 33 64 14
model_size=12688
internal_value=2.07195 2.03789 2.19622 2.07259 2.15739 2.00039 2.1449 2.05251 2.17679 2.02716 2.28999 1.98123 2.19841 2.12609 2.05582 2.00269 2.2124 2.07655 2.23355 2.03561 2.24376 2.0009 2.02938 2.21831 2.10021 2.08053 2.16682 2.09704 2.25454 2.15468 2.12256 1.99203 2.01363 2.32271 2.29347 1.96188 2.07953 2.0945 2.11198 2.0994 2.01551 2.04741 1.97952 2.08924 2.15586 2.04057 2.34226 2.14703 2.05827 1.98076 2 2.0558 2.0327 1.98149 2.04369 2.15922 2.1212 2.18939 1.97563 1.95182 2.19741 2.20695 2.05202 2.14104 2.29582 2.15403 1.95963 2.19158 2.06271 2.25557 2.06193 2.12468 2.05126 2.05845 2.08412 2.20497 2.09059 2.2105 2.05085 2.12237 2.22724 2.1613 2.26119 2.279 1.95961 2.01559 2.14102 2.12596 2.09566 2.34866 2.31361 2.28457 2.08641 2.13 2.02629 2.21753 2.32933 2.29738 2.11359 2.18609 2.09745 2.00395 2.03182 2.2864 2.23698 2.06144 2.23141 2.00909 2.32885 2.20902 2.16352 2.03315 2.34239
internal_weight=0 12960 3552 6731 2512 6229 1463 5268 896 2599 1040 3630 733 1601 1197 1402 911 2174 663 3094 431 1800 2717 572 1016 377 469 430 264 773 277 1491 547 609 244 1830 163 567 369 828 1536 1181 944 844 248 503 365 94 322 636 333 1158 767 899 309 115 87 322 795 1194 187 172 1087 586 168 172 874 120 209 250 198 312 368 283 516 106 254 263 153 128 156 250 147 92 303 399 195 336 342 346 129 48 107 118 104 134 91 33 71 107 117 100 76 22 39 174 55 181 111 22 52 91 97
internal_count=16512 12960 3552 6731 2512 6229 1463 5268 896 2599 1040 3630 733 1601 1197 1402 911 2174 663 3094 431 1800 2717 572 1016 377 469 430 264 773 277 1491 547 609 244 1830 163 567 369 828 1536 1181 944 844 248 503 365 94 322 636 333 1158 767 899 309 115 87 322 795 1194 187 172 1087 586 168 172 874 120 209 250 198 312 368 283 516 106 254 263 153 128 156 250 147 92 303 399 195 336 342 346 129 48 107 118 104 134 91 33 71 107 117 100 76 22 39 174 55 181 111 22 52 91 97
is_linear=0
shrinkage=1


Tree=1
num_leaves= 96
num_cat= 0
full_tree_array_lgbids= 0 1 2 5 3 4 12 16 6 7 10 19 13 21 48 17 80 9 14 8 42 22 23 47 24 33 25 59 58 -14 71 26 39 81 -82 18 52 15 37 30 11 54 -44 28 34 32 44 86 67 -21 35 55 69 65 61 92 68 82 79 -2147483648 -2147483648 94 72 60 27 78 62 -18 -83 -2147483648 -2147483648 36 51 53 -54 20 46 43 89 31 73 40 29 -9 85 -2147483648 -2147483648 41 38 57 70 50 74 45 49 -2 87 84 -69 -2147483648 -2147483648 64 66 56 75 -35 76 91 88 63 -63 93 -94 77 90 83 -84 -60 -81 -2147483648 -2147483648 -2147483648 -2147483648 -50 -96 -73 -74 -1 -62 -28 -29 -19 -80 -41 -64 -2147483648 -2147483648 -2147483648 -2147483648 -2147483648 -2147483648 -2147483648 -2147483648 -7 -38 -20 -53 -11 -55 -2147483648 -2147483648 -8 -22 -17 -48 -16 -45 -39 -91 -3 -33 -32 -75 -10 -42 -13 -31 -2147483648 -2147483648 -56 -87 -2147483648 -2147483648 -2147483648 -2147483648 -5 -43 -30 -40 -24 -59 -36 -72 -12 -52 -34 -76 -25 -47 -46 -51 -2147483648 -2147483648 -88 -89 -49 -86 -2147483648 -2147483648 -2147483648 -2147483648 -2147483648 -2147483648 -26 -66 -37 -68 -6 -58 -57 -77 -2147483648 -2147483648 -71 -78 -15 -93 -67 -90 -27 -65 -2147483648 -2147483648 -4 -95 -2147483648 -2147483648 -61 -79 -70 -92 -23 -85 -2147483648 -2147483648 -2147483648 -2147483648 -2147483648 -2147483648 -2147483648 -2147483648 -2147483648 -2147483648 -2147483648 -2147483648 -2147483648 -2147483648 -2147483648 -2147483648 -2147483648 -2147483648 -2147483648 -2147483648 -2147483648 -2147483648
split_feature= 1 1 1 6 6 6 7 7 2 8 1 6 1 1 8 7 7 8 6 2 8 2 2 6 6 2 7 8 3 8 8 7 2 6 8 1 7 8 7 2 8 6 8 7 8 7 7 1 5 7 7 7 8 6 7 7 8 7 7 1 8 6 1 2 7 1 1 7 8 2 7 6 1 7 3 8 7 4 6 8 7 8 4 8 6 7 5 2 6 3 7 6 4 5 2
split_gain= 5657.17 1366.25 1043.79 788.536 350.032 270.263 198.541 196.069 188.542 152.075 143.05 135.773 124.226 115.549 114.702 140.518 102.441 109.966 93.368 83.2909 78.2921 78.213 67.1117 63.2516 56.0215 52.9623 48.0465 63.1822 45.5116 42.7734 40.7266 49.6891 39.5378 38.7663 37.949 31.6933 30.153 29.4295 29.3113 24.5893 23.7479 23.3763 23.3452 22.4541 19.9175 20.3904 19.744 18.8655 17.3494 16.5308 16.2621 14.5029 13.3828 13.1591 13.1474 12.7779 12.316 12.085 11.9216 11.9016 11.7202 10.7058 10.525 9.90623 9.76488 9.65757 8.8081 8.21648 8.05832 8.02466 7.97052 7.51901 8.92501 7.46347 5.88865 5.1277 4.8329 4.80047 4.69143 4.2297 3.89405 8.42435 3.78825 8.31005 3.46021 3.2916 3.18106 3.55839 3.0921 2.67217 2.13013 1.59729 1.48836 0.803896 0.38895
threshold= 5.0387000000000013 3.1097000000000006 6.8672000000000013 2.4136952392348086 2.5763869593405579 2.1628386478062818 34.455000000000005 37.935000000000009 24.500000000000004 -117.77499999999999 4.1119000000000012 1.9628175980828908 8.4454500000000028 5.8308000000000009 -121.63499999999998 37.895000000000003 37.945000000000007 -118.24499999999999 3.442186331338819 21.500000000000004 -122.31499999999998 26.500000000000004 44.500000000000007 2.9291766686969298 2.0653737590585881 27.500000000000004 34.655000000000008 -122.35499999999998 4.7926201822371182 -122.33499999999999 -118.29499999999999 34.155000000000008 42.500000000000007 2.9366774891774896 -122.40499999999999 5.5682000000000009 34.045000000000009 -119.84499999999998 34.435000000000009 28.500000000000004 -122.40499999999999 3.1424162072895592 -122.35499999999998 35.955000000000005 -121.46499999999999 37.915000000000006 38.675000000000004 5.6402500000000009 70.000000000000014 34.655000000000008 37.765000000000008 34.045000000000009 -116.53499999999998 2.8335312747426764 38.005000000000003 37.925000000000004 -117.91499999999998 38.155000000000008 37.645000000000003 7.3930000000000016 -118.37499999999999 3.458170981799539 2.2003500000000007 40.500000000000007 37.935000000000009 6.3350000000000009 6.3963500000000009 37.955000000000005 -117.71499999999999 14.500000000000002 37.735000000000007 3.1747392355722384 9.1688500000000008 33.695000000000007 6.0498344370860933 -122.19499999999998 37.875000000000007 1.0417933552053971 1.5104297674263547 -122.28499999999998 38.815000000000005 -122.26499999999999 1.0139026949414627 -118.09499999999998 2.5219735498882589 38.765000000000008 1140.5000000000002 15.500000000000002 3.0298305221858191 5.1947827066293142 33.045000000000009 3.1424162072895592 1.0297068408951922 1162.5000000000002 20.500000000000004
decision_type= 2 2 2 2 2 2 2 2 2 2 2 2 2 2 2 2 2 2 2 2 2 2 2 2 2 2 2 2 2 2 2 2 2 2 2 2 2 2 2 2 2 2 2 2 2 2 2 2 2 2 2 2 2 2 2 2 2 2 2 2 2 2 2 2 2 2 2 2 2 2 2 2 2 2 2 2 2 2 2 2 2 2 2 2 2 2 2 2 2 2 2 2 2 2 2
left_child=1 5 4 7 19 16 9 8 30 18 22 40 21 33 15 20 17 26 36 47 -8 59 28 32 -21 65 60 -28 41 -13 31 -3 50 55 57 64 -7 43 -30 78 -10 -5 54 -16 45 -25 -17 86 -14 -46 -12 -20 53 -11 -9 56 -6 -24 82 92 -1 63 -41 -27 -26 91 -37 84 77 -35 -36 94 -73 -32 -34 -57 -71 -61 -19 -60 81 -18 83 -23 -49 -56 -2 -88 -67 -39 -70 -15 93 -4 -50
right_child=2 3 12 10 13 6 14 42 11 52 23 29 48 25 37 46 80 39 51 24 -22 58 34 44 35 61 27 -29 38 -31 73 -33 74 69 70 66 -38 89 -40 62 -42 -43 -44 -45 49 -47 -48 67 71 -51 -52 -53 -54 -55 85 75 -58 -59 79 68 -62 -63 -64 -65 -66 88 -68 -69 90 76 -72 72 -74 -75 -76 -77 -78 -79 -80 -81 -82 -83 -84 -85 -86 -87 87 -89 -90 -91 -92 -93 -94 -95 -96
leaf_value= 0.12004633573159365 0.025150936162647082 0.13922680700818699 0.074403726658288469 0.0034526885907401779 0.075404580390038028 -0.028296137803472933 0.059045989572769034 0.09759424281391231 0.22363129605035315 -0.061943192205967147 0.021982394564230259 0.15200140062967937 0.10762568108427029 0.065720721988223638 -0.044530365270163332 -0.069216434904985663 -0.01065724958237764 -0.10687562200952978 -0.065454390534873716 0.23619967352512272 -0.044401682941903046 0.21835225327448413 0.086914337738907263 0.030477198241080378 0.11931676829390857 0.11920347212087722 0.12923717969437926 -0.010308660402737349 -0.032231015922305616 0.068068334948991935 0.016504864080099168 0.032567879023380715 0.060290220263644612 -0.012627814666900253 0.00083407082386541265 0.15569187857759881 0.013049518090156198 -0.13244629360716839 -0.058800488044297564 -0.056580343333383402 0.14707573651212263 -0.03598801625026745 -0.048374169815767122 -0.10072576994081051 -0.015255583482670965 -0.037837517231754547 -0.1113833193241352 0.14114649544935673 0.22963062945084697 -0.055307762242806785 -0.016821589142755541 -0.035308781839202996 -0.12139461574968227 -0.092715229559096557 0.013384131411090495 0.057807791382074362 0.02329359875109635 -0.047407381460070612 0.23538385778665544 0.15016104017312712 0.055957407419236355 0.015144229612567209 0.025112630911292389 0.18213537653287254 0.016562676749059133 0.104575224239927 0.20825195800799592 0.022553581930696967 0.16349385008215905 0.026152266231522465 -0.056458609286281804 0.15353492438527092 0.23712397553704001 -0.025804899650238522 0.12437126843198654 -0.018313374910281881 -0.019491425386451662 0.19829679463058711 -0.052144003201286364 0.14114134669303896 -0.10266434939112515 -0.076582966869195496 0.23949069359472822 0.1097058151776974 0.061977053912622593 -0.068002303530062952 0.045179397108800277 0.11817086374759674 0.069289553263621739 -0.11209633793981595 0.088680572854354989 0.039190486925253218 0.13525995815557146 0.12140237066981406 0.25688341137448795
leaf_weight=71 51 60 47 359 283 431 96 22 61 293 598 75 11.999999999999998 168 91 198 37 34 673 86 381 55 76 188 166 159 41 214 855 552 143 218 101 126 181 156 368 401 1041 30 203 341 154 995 641 72 398 80 78 159 172 287 121 471 50 25 76 9.9999999999999982 11.999999999999998 104 81 10.999999999999998 77 45 13.999999999999998 102 65 11.999999999999998 15.999999999999998 445 45 28 55 113 31 42 47 60 181 40 64 130 126 12.999999999999998 13.999999999999998 13.999999999999998 34 25 129 261 35 151 63 43 253
leaf_count=71 51 60 47 359 283 431 96 22 61 293 598 75 12 168 91 198 37 34 673 86 381 55 76 188 166 159 41 214 855 552 143 218 101 126 181 156 368 401 1041 30 203 341 154 995 641 72 398 80 78 159 172 287 121 471 50 25 76 10 12 104 81 11 77 45 14 102 65 12 16 445 45 28 55 113 31 42 47 60 181 40 64 130 126 13 14 14 34 25 129 261 35 151 63 43 253
model_size=10672
internal_value=0 -0.0306532 0.111843 0.00158441 0.076901 -0.0634427 -0.0720972 0.0611315 0.0753469 -0.0522257 -0.0187741 0.103784 0.19624 0.0535082 -0.0907219 -0.0645704 -0.0141747 0.0045445 -0.0350073 0.137097 -0.023582 0.167027 -0.0330328 0.00235965 0.160526 0.0835031 0.0396769 0.0121281 -0.0384442 0.0781082 0.0278982 0.0555878 0.0223913 0.0315291 0.0119928 0.144296 -0.00925333 -0.106775 -0.046819 -0.039862 0.164765 -0.0157606 -0.0232724 -0.0960169 -0.0146862 0.0115593 -0.0973749 0.0842737 0.238345 -0.023216 0.0133145 -0.0564421 -0.0864486 -0.0809139 0.0216773 0.0558353 0.0643727 0.0712955 0.211714 0.137155 0.0858937 0.127051 0.00220806 0.133086 0.111325 0.0664798 0.171151 0.117265 0.154578 0.0147744 -0.0105738 0.242134 0.208925 -0.00217093 0.0753396 0.01009 0.021792 0.167772 -0.0607992 0.16289 -0.0732494 -0.0619767 0.224801 0.197582 0.129355 -0.00441915 0.0524824 0.076108 0.0848702 -0.124423 0.112151 0.0531625 0.112671 0.0968586 0.250461
internal_weight=0 12960 3552 6535 2512 6425 5465 1665 1425 2644 4870 891 1040 1809 2821 1073 960 729 1759 703 477 614 2908 1962 487 765 407 255 2596 627 534 278 902 1044 312 401 799 1748 1896 322 264 700 240 1086 1060 260 596 216 426 800 770 960 885 764 86 426 359 86 246 368 152 215 107 204 180 550 221 106 215 618 226 414 83 256 132 67 492 164 215 52 231 167 194 68 94 64 110 59 231 662 51 319 153 90 331
internal_count=16512 12960 3552 6535 2512 6425 5465 1665 1425 2644 4870 891 1040 1809 2821 1073 960 729 1759 703 477 614 2908 1962 487 765 407 255 2596 627 534 278 902 1044 312 401 799 1748 1896 322 264 700 240 1086 1060 260 596 216 426 800 770 960 885 764 86 426 359 86 246 368 152 215 107 204 180 550 221 106 215 618 226 414 83 256 132 67 492 164 215 52 231 167 194 68 94 64 110 59 231 662 51 319 153 90 331
is_linear=0
shrinkage=0.1


Tree=2
num_leaves= 91
num_cat= 0
full_tree_array_lgbids= 0 1 2 5 3 4 13 15 7 6 8 20 19 24 39 16 76 9 11 57 10 22 14 51 23 48 31 68 61 40 49 25 37 77 -78 17 52 12 33 58 -59 21 46 29 42 30 27 82 71 56 35 60 88 41 79 -4 69 -26 -63 84 -42 -41 -51 54 26 65 64 -17 -79 -2147483648 -2147483648 44 34 86 62 18 47 43 85 59 73 -2147483648 -2147483648 32 28 67 -48 38 53 63 70 78 45 50 36 -2 83 -53 81 -22 -58 72 66 75 -62 89 -90 55 87 80 -81 -2147483648 -2147483648 -70 74 -2147483648 -2147483648 -2147483648 -2147483648 -15 -86 -2147483648 -2147483648 -2147483648 -2147483648 -2147483648 -2147483648 -1 -56 -27 -28 -18 -67 -39 -66 -2147483648 -2147483648 -2147483648 -2147483648 -2147483648 -2147483648 -2147483648 -2147483648 -7 -46 -19 -36 -11 -88 -54 -64 -9 -20 -14 -49 -13 -45 -35 -87 -3 -61 -60 -75 -2147483648 -2147483648 -2147483648 -2147483648 -8 -34 -23 -30 -12 -69 -2147483648 -2147483648 -5 -40 -31 -55 -24 -65 -44 -72 -10 -80 -32 -47 -16 -52 -29 -38 -2147483648 -2147483648 -84 -85 -2147483648 -2147483648 -73 -83 -2147483648 -2147483648 -2147483648 -2147483648 -25 -74 -37 -68 -6 -77 -2147483648 -2147483648 -50 -91 -2147483648 -2147483648 -21 -57 -43 -89 -33 -82 -2147483648 -2147483648 -2147483648 -2147483648 -2147483648 -2147483648 -2147483648 -2147483648 -71 -76 -2147483648 -2147483648 -2147483648 -2147483648 -2147483648 -2147483648 -2147483648 -2147483648 -2147483648 -2147483648 -2147483648 -2147483648 -2147483648 -2147483648 -2147483648 -2147483648 -2147483648 -2147483648 -2147483648 -2147483648 -2147483648 -2147483648 -2147483648 -2147483648
split_feature= 1 1 1 6 6 6 2 7 1 8 7 8 7 1 6 7 8 6 8 1 2 6 2 6 2 7 8 8 1 3 2 6 2 8 7 1 7 2 7 1 2 2 8 7 8 8 8 7 6 5 7 1 1 7 8 8 7 7 8 7 2 7 7 7 1 6 1 1 8 4 7 4 8 5 6 8 7 8 8 7 3 5 4 8 6 7 8 7 7 8
split_gain= 4587.28 1190.35 762.339 678.931 258.735 239.086 173.672 171.22 138.254 133.135 109.588 104.189 121.007 101.446 94.3871 86.9554 96.6073 83.3059 64.1802 62.5394 61.3587 56.713 54.1019 48.6686 43.6489 39.6623 58.4666 38.5061 37.3249 36.5798 30.253 28.3818 26.7558 24.3701 24.0671 24.0276 20.1416 18.9506 17.6726 17.6324 21.4542 17.2654 17.2119 17.1213 16.7132 16.4784 16.2968 16.1381 14.6305 13.6818 12.3725 11.3461 10.5601 10.5233 9.95608 9.87429 9.38218 7.49888 15.72 11.2771 7.40929 6.65677 5.44463 4.60705 3.99543 3.90904 3.82252 3.62334 2.8499 3.27902 2.8317 2.825 2.48851 2.33067 1.96744 1.84241 1.83112 4.10392 1.77822 1.67283 1.33096 1.26731 0.774374 2.3316 0.738888 0.661639 0.599406 0.392953 0.326812 2.41138
threshold= 5.1326000000000009 3.1792500000000001 6.8672000000000013 2.2982753493904258 2.6585924622132828 2.1628386478062818 19.500000000000004 34.455000000000005 4.0612500000000002 -117.77499999999999 37.815000000000005 -121.63499999999998 37.915000000000006 7.852450000000001 2.6829812717770039 37.935000000000009 -118.24499999999999 3.1336552646136835 -122.33499999999999 5.6851000000000012 21.500000000000004 1.9322222929778572 47.500000000000007 2.2038024706228287 26.500000000000004 34.655000000000008 -120.02499999999999 -121.895 3.8136000000000005 5.1822875816993479 26.500000000000004 3.0228140180430265 28.500000000000004 -119.94499999999998 34.035000000000004 5.7307500000000013 34.655000000000008 32.500000000000007 37.805000000000007 8.7395500000000013 28.500000000000004 36.500000000000007 -122.29499999999999 35.645000000000003 -118.395 -122.29499999999999 -122.03499999999998 38.675000000000004 3.1262267671728927 139.50000000000003 37.915000000000006 5.6402500000000009 2.2336500000000004 38.675000000000004 -118.37499999999999 -117.81499999999998 37.805000000000007 37.955000000000005 -118.29499999999999 34.175000000000004 37.500000000000007 37.645000000000003 33.625000000000007 37.795000000000009 2.2003500000000007 1.5104297674263547 6.3350000000000009 4.125700000000001 -122.00499999999998 0.95712370739180408 35.375000000000007 1.0671403331650682 -122.44499999999998 1627.5000000000002 2.5763869593405579 -117.24499999999999 38.815000000000005 -122.26499999999999 -117.18499999999999 37.965000000000011 6.0885186209439537 899.50000000000011 1.0271096002911728 -117.23499999999999 2.788985387372485 36.975000000000001 -116.53499999999998 37.595000000000006 37.805000000000007 -121.44499999999998
decision_type= 2 2 2 2 2 2 2 2 2 2 2 2 2 2 2 2 2 2 2 2 2 2 2 2 2 2 2 2 2 2 2 2 2 2 2 2 2 2 2 2 2 2 2 2 2 2 2 2 2 2 2 2 2 2 2 2 2 2 2 2 2 2 2 2 2 2 2 2 2 2 2 2 2 2 2 2 2 2 2 2 2 2 2 2 2 2 2 2 2 2
left_child=1 5 4 6 20 15 57 9 22 17 21 12 18 24 30 16 25 44 -9 48 51 32 29 56 68 54 -27 50 -23 38 78 41 -8 43 -19 72 -29 65 -5 40 84 55 63 -13 -7 -32 67 -14 60 -41 -16 82 86 -31 -1 -21 -22 58 59 -3 75 -26 -54 -24 -39 -18 -37 -12 -4 -70 -44 -53 -25 -60 -71 -6 77 -17 -10 80 -33 -73 -2 -84 -15 -35 -11 -43 89 -50
right_child=2 3 13 8 19 7 10 11 14 52 46 33 47 39 27 76 37 34 -20 31 23 28 42 35 61 26 -28 36 -30 53 45 79 -34 85 -36 66 -38 64 -40 49 -42 87 70 -45 -46 -47 -48 -49 88 -51 -52 71 62 -55 -56 -57 -58 -59 73 -61 -62 -63 -64 -65 -66 -67 -68 -69 69 74 -72 81 -74 -75 -76 -77 -78 -79 -80 -81 -82 -83 83 -85 -86 -87 -88 -89 -90 -91
leaf_value= 0.1068667777857798 0.0045730406641960146 0.11244277664490286 0.14926883201722219 -0.012954766055067072 0.039070842937707045 0.039174311865980811 0.10048757064132355 0.055769185814065772 0.01604171585768643 -0.086157078849675078 0.018832691914341865 -0.038586081916709314 -0.060572065899946861 0.18566515486687424 0.041204590882815452 -0.013300615770830996 -0.095640406737456454 -0.057241798496994248 -0.037401543352930271 0.090678207513347681 0.21371178373694422 0.061270276997887445 0.082225101366639144 0.15264305543331874 0.19509159027374992 0.031343903243423829 -0.10785834036375348 -0.0052796583810959426 0.12232005208273207 -0.038672458013297023 0.10939311504364013 0.024611000302441732 0.1771787354251636 -0.11328170573077395 -0.025459544633880324 0.13077036546723497 -0.034264948123396678 -0.039792691739664106 -0.061450864760894855 0.12257795490716633 0.22054691833933604 0.17165749197204908 0.019630265128621951 -0.089836823122416545 -0.0084882717356117299 0.046861038347584628 -0.044141471836456031 -0.099504142352244238 0.041731323704856348 0.22457210747794265 -0.0065533949004535665 0.076328872815044468 -0.050906959999666879 -0.069737793489005717 0.047902277209822777 0.039735147015292301 0.11424848060397541 -0.033378550550027287 -0.017172486369766423 0.030290274642798716 0.098833405666730628 0.13272227908556278 -0.079400298754712023 -0.023445069491863254 0.033222685401038878 -0.04251042738802166 0.17162342315880202 0.083098333870293584 0.043607901781797409 0.16130086519600204 -0.03086398867342402 0.078894725255668166 0.089432304000979096 0.033208213402674748 0.10314268474575393 -0.010910942249240415 -0.092397914244793364 -0.06697269258953685 -0.034393481848140554 0.0064353920013776851 0.057738872637517404 0.14783479939436628 0.07251683030310753 -0.013335256992528835 0.14105742536833352 -0.066442937376322578 -0.11654829571121617 0.096080338037931007 -0.02887618849053979 0.0013825029146036973
leaf_weight=85 25 31 46 1077 278 117 78 99 246 331 62 92 210 40 234 42 37 783 407 259 100 226 65 21 129 237 38 1024 228 1163 65 72 175 691 454 124 423 24 106 19 97 36 79 1017 517 357 43 412 61 346 113 69 249 187 87 74 17 50 118 112 33 39 272 9.9999999999999982 58 224 93 32 21 24 51 20 185 39 172 31 64 139 30 35 344 42 70 11.999999999999998 107 27 76 12.999999999999998 40 205
leaf_count=85 25 31 46 1077 278 117 78 99 246 331 62 92 210 40 234 42 37 783 407 259 100 226 65 21 129 237 38 1024 228 1163 65 72 175 691 454 124 423 24 106 19 97 36 79 1017 517 357 43 412 61 346 113 69 249 187 87 74 17 50 118 112 33 39 272 10 58 224 93 32 21 24 51 20 185 39 172 31 64 139 30 35 344 42 70 12 107 27 76 13 40 205
model_size=10112
internal_value=0 -0.0263512 0.105541 0.00456822 0.0728188 -0.0556083 0.0728535 -0.0636488 -0.0110212 -0.0456707 0.0977595 -0.0806777 -0.0562209 0.176616 0.00632235 -0.0109076 0.00568598 -0.0300289 -0.0191725 0.0480575 0.119954 0.113975 -0.0268065 0.139334 0.138601 0.0370941 0.0121087 -0.00613105 0.0919296 -0.0309843 0.0383301 0.0668838 0.153535 -0.0957776 -0.0455772 0.122759 -0.0137529 -0.0352453 -0.0173001 0.20352 0.17997 0.0886251 0.0248142 -0.0855852 0.000307505 0.0564928 0.014078 -0.0863599 0.0238564 0.219263 0.0256523 0.0759837 -0.0772073 -0.0429756 0.0770417 0.0793575 0.19926 0.0127945 0.02049 0.0480996 0.0403069 0.180613 -0.0657826 0.0681357 0.0118523 -0.0500423 0.148279 0.0407104 0.111764 0.103813 -0.000179019 0.0996462 0.0958761 -0.00465754 0.110264 0.0340565 -0.0644135 -0.0545184 0.0105596 0.0484687 0.0520052 0.125596 0.0470138 0.0599531 0.153196 -0.11152 -0.0918321 0.151606 0.00547051 0.0106354
internal_weight=0 13213 3299 6424 2259 6789 1194 5754 5230 2799 844 2955 1128 1040 2492 1035 790 1871 506 1481 778 707 2738 540 431 447 275 1794 454 2533 698 833 253 1827 1237 423 1447 343 1183 609 244 382 205 1109 634 422 137 622 648 365 347 238 928 1350 172 333 117 350 300 143 342 168 521 75 82 261 217 94 263 217 130 131 206 157 196 309 245 181 276 451 416 62 107 82 147 718 407 49 306 266
internal_count=16512 13213 3299 6424 2259 6789 1194 5754 5230 2799 844 2955 1128 1040 2492 1035 790 1871 506 1481 778 707 2738 540 431 447 275 1794 454 2533 698 833 253 1827 1237 423 1447 343 1183 609 244 382 205 1109 634 422 137 622 648 365 347 238 928 1350 172 333 117 350 300 143 342 168 521 75 82 261 217 94 263 217 130 131 206 157 196 309 245 181 276 451 416 62 107 82 147 718 407 49 306 266
is_linear=0
shrinkage=0.1


Tree=3
num_leaves= 76
num_cat= 0
full_tree_array_lgbids= 0 1 3 4 2 5 26 11 6 7 8 19 17 29 42 15 60 10 13 45 9 12 24 57 25 38 36 52 69 -28 -44 48 23 73 -62 18 51 14 34 56 61 16 37 20 21 35 41 -2 58 53 33 40 70 -19 65 66 -54 -31 -71 -2147483648 -2147483648 -2147483648 -2147483648 -1 -50 32 67 -13 -75 -2147483648 -2147483648 31 47 -12 74 28 43 68 50 64 -58 -47 71 30 27 46 72 49 -22 22 -23 -10 39 44 -43 -2147483648 -2147483648 59 63 -21 -55 55 54 62 -42 -40 -72 -2147483648 -2147483648 -38 -67 -5 -68 -2147483648 -2147483648 -2147483648 -2147483648 -2147483648 -2147483648 -2147483648 -2147483648 -2147483648 -2147483648 -2147483648 -2147483648 -2147483648 -2147483648 -2147483648 -2147483648 -2147483648 -2147483648 -17 -34 -25 -69 -2147483648 -2147483648 -2147483648 -2147483648 -2147483648 -2147483648 -2147483648 -2147483648 -6 -33 -20 -49 -2147483648 -2147483648 -53 -76 -8 -30 -16 -45 -15 -70 -36 -52 -3 -66 -2147483648 -2147483648 -2147483648 -2147483648 -63 -73 -9 -32 -18 -29 -11 -48 -39 -74 -4 -51 -2147483648 -2147483648 -14 -24 -2147483648 -2147483648 -2147483648 -2147483648 -37 -41 -26 -46 -2147483648 -2147483648 -2147483648 -2147483648 -2147483648 -2147483648 -59 -61 -60 -65 -2147483648 -2147483648 -2147483648 -2147483648 -27 -57 -35 -56 -7 -64 -2147483648 -2147483648 -2147483648 -2147483648 -2147483648 -2147483648 -2147483648 -2147483648 -2147483648 -2147483648 -2147483648 -2147483648 -2147483648 -2147483648 -2147483648 -2147483648 -2147483648 -2147483648 -2147483648 -2147483648 -2147483648 -2147483648 -2147483648 -2147483648 -2147483648 -2147483648 -2147483648 -2147483648 -2147483648 -2147483648 -2147483648 -2147483648 -2147483648 -2147483648 -2147483648 -2147483648 -2147483648 -2147483648 -2147483648 -2147483648 -2147483648 -2147483648 -2147483648 -2147483648 -2147483648 -2147483648
split_feature= 1 1 6 1 6 6 7 2 1 7 8 7 8 8 7 8 6 1 6 2 7 7 8 8 6 6 1 1 8 2 1 8 2 1 1 2 2 7 7 4 6 8 5 7 2 1 8 7 3 7 8 1 8 7 7 8 8 5 6 2 7 5 4 8 7 7 4 8 5 7 8 8 7 8 7
split_gain= 3719.15 1043.23 581.737 538.455 197.265 185.464 140.18 139.466 124.196 112.695 109.691 80.7603 74.3293 72.4349 80.5753 71.9582 70.2944 65.6657 65.6008 61.4227 56.045 50.2587 66.8583 49.2931 41.297 38.5195 36.9251 36.9094 36.5733 29.6545 27.3497 21.6691 20.6273 17.2077 16.6317 15.7584 12.5914 12.5652 11.9652 11.5993 10.6758 10.4379 9.73716 9.48499 8.03558 7.68211 7.3917 7.35582 7.33318 7.22453 7.00106 5.95171 4.96737 4.60767 4.60598 4.05399 3.95636 3.59915 8.60226 4.26935 3.00015 2.90756 2.83253 2.6132 2.18397 1.67866 1.1442 0.977908 0.634552 0.611235 0.487721 0.222742 0.148783 0.111558 0.0322589
threshold= 5.2771000000000017 3.1913000000000005 2.3722374117110965 7.3930000000000016 2.2352443515477258 2.7472725830126556 34.455000000000005 19.500000000000004 4.5301500000000017 37.815000000000005 -117.77499999999999 37.935000000000009 -122.38499999999998 -121.63499999999998 37.915000000000006 -122.31499999999998 2.0231950334409352 6.2770500000000009 3.4287187039764357 21.500000000000004 38.735000000000007 37.945000000000007 -117.79499999999999 -117.145 2.8335312747426764 2.2038024706228287 8.7395500000000013 3.8769000000000005 -122.33499999999999 28.500000000000004 3.8769000000000005 -118.395 27.500000000000004 6.3350000000000009 2.2210000000000005 21.500000000000004 26.500000000000004 37.995000000000012 37.955000000000005 1.0373307138179437 3.1424162072895592 -117.675 70.000000000000014 38.675000000000004 15.500000000000002 4.3163000000000009 -122.425 34.045000000000009 3.193182511128728 38.015000000000008 -120.09499999999998 2.4525000000000001 -117.71499999999999 37.805000000000007 37.615000000000002 -117.87499999999999 -117.30499999999999 565.50000000000011 2.254419630548663 12.500000000000002 39.505000000000003 534.50000000000011 1.0646557958336251 -122.19499999999998 37.945000000000007 33.955000000000005 1.0417933552053971 -116.22499999999998 107.50000000000001 37.805000000000007 -122.21499999999999 -117.96499999999999 38.605000000000011 -121.98499999999999 33.875000000000007
decision_type= 2 2 2 2 2 2 2 2 2 2 2 2 2 2 2 2 2 2 2 2 2 2 2 2 2 2 2 2 2 2 2 2 2 2 2 2 2 2 2 2 2 2 2 2 2 2 2 2 2 2 2 2 2 2 2 2 2 2 2 2 2 2 2 2 2 2 2 2 2 2 2 2 2 2 2
left_child=1 4 7 5 11 19 10 45 12 16 18 15 20 14 28 48 30 38 31 57 49 22 -14 32 35 53 29 -18 -8 52 -9 -6 -17 55 68 -10 -19 46 40 -37 62 44 -28 -16 -26 56 -11 -20 -1 -4 -36 -12 66 -21 -35 -27 64 -2 59 -59 73 -47 -7 -60 -3 -38 -5 -25 -15 -31 -40 -63 -39 -13 -53
right_child=3 2 8 26 6 17 13 9 24 37 51 60 21 34 43 23 27 36 47 25 -22 -23 -24 67 41 33 42 -29 -30 69 -32 -33 -34 54 50 39 65 72 70 -41 -42 -43 -44 -45 -46 61 -48 -49 -50 -51 -52 74 -54 -55 -56 -57 -58 58 63 -61 -62 71 -64 -65 -66 -67 -68 -69 -70 -71 -72 -73 -74 -75 -76
leaf_value= 0.03952352849985747 0.026689920955054139 0.018689346573063436 0.064927749108302846 0.12488762592953262 0.034804962719097103 0.046114809771754001 0.040330453792526186 0.10410633333816136 0.0075953624888577256 0.10460542325416339 -0.081212510404143887 -0.031413400159963377 -0.010240144697849469 -0.018383839838206767 -0.055455914564430712 -0.014436908650478081 0.040183648852121327 0.073660741222623213 -0.052667626864618358 0.1986217729122329 -0.074663372733155084 -0.054333746353549872 -0.048330133115924406 -0.05294317727192091 -0.021715979220048674 0.10676592719421024 0.084605317935347563 0.098187406864908955 -0.035395244292993483 0.19643870583043765 0.16523556990503541 -0.013800217784679892 0.023648862826089842 0.16038209049341579 -0.067694355619262112 0.032411620918737387 0.067686214349750015 -0.011349232946381425 0.02992405030086185 0.074333924462416157 0.02412453462611934 -0.028027521704874433 0.20116875789658548 -0.089688820065214087 0.01377841634685233 -0.017338064840684335 0.016678660273761817 -0.0277057072631153 0.14488739625709812 0.018295475153718144 -0.091217937473750996 -0.04706764399771466 0.089846876522494581 0.1021662203165201 0.10451991904688918 0.046104927272535866 -0.040084584118225255 0.074179904100795599 0.1527016454935074 0.16311408836266092 -0.094823335164359646 0.070286053751523678 0.083707446227722526 0.056259956000238857 -0.025985909032493107 0.14143933610462431 0.16412828254373107 -0.11796776181773137 -0.10060547509476524 0.14292143194803172 -0.024683033739431547 0.022015739999156684 -0.074843131527304652 -0.062830017560456961 -0.072483823527440885
leaf_weight=17 46 181 167 132 141 307 92 196 176 23 506 103 2224 9.9999999999999982 200 350 233 350 709 95 49 529 649 130 138 320 11.999999999999998 282 385 136 164 695 387 132 610 245 18 66 33 170 373 164 353 390 590 24 71 308 41 96 384 223 59 12.999999999999998 46 30 52 24 9.9999999999999982 29 56 65 79 153 54 67 73 19 769 28 65 47 20 164 165
leaf_count=17 46 181 167 132 141 307 92 196 176 23 506 103 2224 10 200 350 233 350 709 95 49 529 649 130 138 320 12 282 385 136 164 695 387 132 610 245 18 66 33 170 373 164 353 390 590 24 71 308 41 96 384 223 59 13 46 30 52 24 10 29 56 65 79 153 54 67 73 19 769 28 65 47 20 164 165
model_size=8432
internal_value=0 -0.022303 0.00591609 0.101152 -0.0497852 0.0754451 -0.0579855 0.0615573 -0.00990798 0.0814211 -0.0415391 -0.0136246 -0.019909 -0.0738934 -0.052471 0.00168165 0.0966344 0.0507955 -0.0272846 0.11091 0.0286564 -0.024363 -0.0188445 -0.00567134 0.0151385 0.128497 0.172147 0.0719449 -0.0207899 0.150666 0.131954 -0.00560245 0.005562 0.116528 -0.0867855 0.0370802 0.083853 0.00746776 0.034016 0.0495846 0.0392208 0.000600837 0.197337 -0.0780844 0.00705008 0.012015 0.0381927 -0.0451079 0.114005 0.0479061 -0.0767819 -0.0710844 0.127907 0.187011 0.145946 0.101566 -0.000365386 0.0682181 0.0770621 0.122842 -0.0583585 0.0381413 0.0538086 0.0621766 0.00842354 0.125821 0.138861 -0.0612349 -0.09955 0.187302 -0.00629493 0.0500298 -0.0261153 -0.0507105 -0.0578761
internal_weight=0 13529 6675 2983 6854 2190 5587 1478 5197 1055 2747 1267 3714 2840 1067 944 875 1292 1853 898 312 3402 2873 886 1483 636 793 515 477 428 360 836 737 528 1773 591 435 180 857 415 759 892 365 590 728 423 94 1017 58 263 994 894 264 108 178 350 287 262 216 53 323 136 386 163 235 85 205 149 779 164 98 112 86 267 388
internal_count=16512 13529 6675 2983 6854 2190 5587 1478 5197 1055 2747 1267 3714 2840 1067 944 875 1292 1853 898 312 3402 2873 886 1483 636 793 515 477 428 360 836 737 528 1773 591 435 180 857 415 759 892 365 590 728 423 94 1017 58 263 994 894 264 108 178 350 287 262 216 53 323 136 386 163 235 85 205 149 779 164 98 112 86 267 388
is_linear=0
shrinkage=0.1


Tree=4
num_leaves= 73
num_cat= 0
full_tree_array_lgbids= 0 1 2 5 3 4 11 18 13 6 8 15 12 25 38 26 44 43 21 7 34 16 14 46 24 29 22 -4 68 41 52 27 -28 51 -46 -7 48 33 30 28 9 49 -36 32 23 19 31 -2 63 -17 35 50 69 54 66 -2147483648 -2147483648 -27 -70 61 -43 -40 -54 40 71 -2147483648 -2147483648 -20 57 -2147483648 -2147483648 -2147483648 -2147483648 60 64 -15 62 65 -32 -3 37 10 17 -8 -51 -2147483648 -2147483648 39 59 36 53 20 45 47 42 -2147483648 -2147483648 -48 -65 -2147483648 -2147483648 56 58 55 -52 -31 -71 -14 -56 -24 67 -2147483648 -2147483648 -2147483648 -2147483648 -2147483648 -2147483648 -2147483648 -2147483648 -13 70 -2147483648 -2147483648 -2147483648 -2147483648 -2147483648 -2147483648 -1 -42 -29 -73 -2147483648 -2147483648 -2147483648 -2147483648 -2147483648 -2147483648 -53 -59 -2147483648 -2147483648 -2147483648 -2147483648 -2147483648 -2147483648 -2147483648 -2147483648 -45 -62 -50 -66 -2147483648 -2147483648 -35 -64 -23 -67 -2147483648 -2147483648 -2147483648 -2147483648 -30 -39 -9 -12 -11 -19 -2147483648 -2147483648 -2147483648 -2147483648 -2147483648 -2147483648 -2147483648 -2147483648 -5 -41 -34 -61 -18 -38 -25 -55 -10 -22 -21 -47 -16 -49 -33 -44 -2147483648 -2147483648 -2147483648 -2147483648 -2147483648 -2147483648 -2147483648 -2147483648 -2147483648 -2147483648 -2147483648 -2147483648 -26 -58 -37 -60 -6 -57 -2147483648 -2147483648 -2147483648 -2147483648 -2147483648 -2147483648 -2147483648 -2147483648 -2147483648 -2147483648 -2147483648 -2147483648 -68 -69 -2147483648 -2147483648 -2147483648 -2147483648 -2147483648 -2147483648 -2147483648 -2147483648 -2147483648 -2147483648 -2147483648 -2147483648 -2147483648 -2147483648 -2147483648 -2147483648 -2147483648 -2147483648 -63 -72 -2147483648 -2147483648 -2147483648 -2147483648 -2147483648 -2147483648 -2147483648 -2147483648 -2147483648 -2147483648 -2147483648 -2147483648
split_feature= 1 1 1 6 6 3 7 8 1 8 7 1 1 1 6 2 3 7 6 7 8 3 2 2 6 2 7 8 7 6 6 8 6 8 8 1 7 2 8 7 6 7 7 6 8 8 1 7 7 7 7 3 1 8 1 8 7 7 7 8 8 5 4 7 5 7 8 5 7 2 2 8
split_gain= 3015.17 754.248 551.573 471.153 192.972 143.894 136.554 122.42 116.247 67.472 119.491 63.4297 59.5386 55.9579 49.0659 41.4035 39.0806 38.288 37.7534 31.3236 35.5933 27.3186 26.9578 26.5957 26.4591 24.8423 23.3749 24.3616 22.0829 17.1856 16.2424 14.6992 14.6341 14.4842 13.4233 12.9182 12.4903 10.8938 10.8763 9.70681 9.69098 9.24153 8.83878 8.75699 8.03684 7.44167 6.71273 6.47964 6.30337 5.75017 5.54347 5.06421 4.1006 4.03912 3.85592 3.81234 3.28324 2.9519 2.94511 2.84162 2.26105 2.15903 1.96563 1.91659 1.81183 1.46037 1.45023 2.8083 1.24432 0.992743 0.743028 0.438204
threshold= 5.0387000000000013 2.7820000000000005 6.8672000000000013 2.4136952392348086 2.5763869593405579 3.8792159595040387 37.935000000000009 -122.33499999999999 3.8346500000000003 -117.98499999999999 34.155000000000008 7.852450000000001 5.8308000000000009 2.2210000000000005 3.016322398451238 21.500000000000004 4.8809487864875196 33.695000000000007 2.8941056667066012 37.875000000000007 -122.21499999999999 4.3645181386446135 32.500000000000007 44.500000000000007 2.0653737590585881 26.500000000000004 37.935000000000009 -118.21499999999999 37.765000000000008 3.0298305221858191 2.3336834733893559 -121.48499999999999 3.2651338971106418 -122.41499999999998 -122.35499999999998 5.5682000000000009 34.415000000000006 47.500000000000007 -118.00499999999998 37.915000000000006 1.6125326273398461 38.275000000000013 34.525000000000013 2.2038024706228287 -117.79499999999999 -122.40499999999999 5.6402500000000009 37.915000000000006 34.105000000000011 38.005000000000003 37.925000000000004 3.0522493994321906 10.027200000000002 -122.40499999999999 6.3350000000000009 -118.22499999999998 37.935000000000009 34.595000000000006 37.615000000000002 -122.24499999999999 -118.31499999999998 70.000000000000014 1.2013358495051858 37.955000000000005 252.50000000000003 33.195000000000007 -122.31499999999998 504.50000000000006 37.645000000000003 15.500000000000002 21.500000000000004 -117.13499999999998
decision_type= 2 2 2 2 2 2 2 2 2 2 2 2 2 2 2 2 2 2 2 2 2 2 2 2 2 2 2 2 2 2 2 2 2 2 2 2 2 2 2 2 2 2 2 2 2 2 2 2 2 2 2 2 2 2 2 2 2 2 2 2 2 2 2 2 2 2 2 2 2 2 2 2
left_child=1 5 4 6 15 18 7 28 16 10 -9 25 29 43 19 46 32 -11 26 20 -10 33 54 36 -17 -4 27 40 -3 50 65 47 39 -15 49 56 -18 -30 41 -5 -1 61 -33 -7 51 -21 -2 -16 60 -8 55 -20 -40 -25 -14 -6 -26 -53 -37 -34 -45 -13 -35 -48 -50 -23 -24 -68 -27 -31 -63 -29
right_child=2 3 11 8 12 13 34 9 14 17 -12 38 22 21 31 24 23 -19 44 45 -22 30 66 53 35 68 -28 71 37 69 -32 42 59 62 -36 58 -38 -39 52 -41 -42 -43 -44 48 -46 -47 63 -49 64 -51 -52 57 -54 -55 -56 -57 -58 -59 -60 -61 -62 70 -64 -65 -66 -67 67 -69 -70 -71 -72 -73
leaf_value= 0.094070669971406465 0.037537511891939428 0.084371529499794429 0.09078014211591065 -0.00036468208073227922 0.057569494846882299 -0.053789706155657771 0.079126207789649142 0.094411133708107581 0.082132353912098249 0.028328075066941551 0.025821152016371463 0.087798244506120685 0.038972439873365843 0.11324280486865478 0.021041432527910769 0.17534451370322429 -0.031669454904710424 -0.040436148916146365 -0.012851401699346402 0.019129233524048082 0.013681388658348385 0.02115098330433722 0.18276376326878865 0.045555198698171546 0.089073704561241071 0.1584380127778349 -0.066621546949426735 -0.016186189891735991 0.095683588447241952 -0.013836383006410369 -0.063721974784432783 -0.017692599613063558 0.029205383300781252 -0.030537221446934739 -0.040141276328734335 0.1392594511711561 -0.053656172947230275 0.18750459731786284 0.11532003829620548 -0.054891108782565014 0.016140103241565784 0.049078515619039538 -0.048183307225106782 -0.01614516694098711 -0.077267026498673425 -0.031696106442596149 0.097953363191930862 -0.029080733355798135 -0.047643910171954261 -0.005138165620745077 0.00085023928424815022 -0.035502358710411512 0.17346659241890422 -0.013207290408120851 0.065730783223878347 0.026210385652921483 0.00027068031153508595 -0.06888159769545267 0.091018863819670268 -0.034743891761520929 -0.069932246246675323 0.15873538265228271 0.060513766245408496 0.0068180301769947011 -0.087859966971963244 -0.037267966572835577 0.031219299156218766 0.1067412152214617 0.10641817077994348 0.014264523345545101 0.18807967335737844 -0.061264303721943685
leaf_weight=30 110 86 263 658 250 274 23 456 99 279 653 10.999999999999998 349 10.999999999999998 196 86 648 145 186 72 1066 27 11.999999999999998 42 166 129 67 135 29 134 1103 754 25 382 217 164 1047 77 97 61 299 9.9999999999999982 218 34 93 239 94 73 57 79 79 443 49 127 262 194 13.999999999999998 111 57 495 484 125 10.999999999999998 11.999999999999998 1044 256 20 122 39 387 317 49
leaf_count=30 110 86 263 658 250 274 23 456 99 279 653 11 349 11 196 86 648 145 186 72 1066 27 12 42 166 129 67 135 29 134 1103 754 25 382 217 164 1047 77 97 61 299 10 218 34 93 239 94 73 57 79 79 443 49 127 262 194 14 111 57 495 484 125 11 12 1044 256 20 122 39 387 317 49
model_size=8096
internal_value=0 -0.0223964 0.0817168 -0.00288922 0.0562055 -0.0524994 0.0387108 0.0500995 -0.0174993 0.0404129 0.0540241 0.143336 0.0386255 -0.0631509 -0.00196009 0.101444 -0.0311055 0.00481201 -0.0247362 0.0111906 0.0194983 -0.0497256 0.0609972 -0.0410214 0.118884 0.112445 -0.00345296 0.00479712 0.127441 0.0222324 -0.0571824 -0.0176011 -0.0161876 -0.0241433 -0.0228736 0.106775 -0.0452506 0.162384 0.165198 -0.00499071 0.0232462 0.174773 -0.0245311 -0.0758458 -0.0395553 -0.0199295 0.062123 0.00743951 -0.0795785 0.0138626 0.0373697 -0.0348159 0.134835 0.00139641 0.0504466 0.0438675 0.0821668 -0.0421903 0.126817 -0.0316694 -0.0664018 0.177547 -0.0279887 0.0876362 -0.0857779 -0.0316944 0.102857 0.0961043 0.146362 0.00703703 0.179781 -0.0281907
internal_weight=0 12960 3552 7864 2512 5096 2044 1725 5820 1533 1109 1040 1809 3683 2717 703 3103 424 1413 1476 1165 1790 765 1864 487 431 580 513 192 1044 1386 1241 1239 404 319 401 1695 106 609 719 329 463 972 1893 833 311 216 269 1619 102 523 740 146 169 611 444 180 554 221 520 518 453 393 106 1101 283 154 142 168 521 442 184
internal_count=16512 12960 3552 7864 2512 5096 2044 1725 5820 1533 1109 1040 1809 3683 2717 703 3103 424 1413 1476 1165 1790 765 1864 487 431 580 513 192 1044 1386 1241 1239 404 319 401 1695 106 609 719 329 463 972 1893 833 311 216 269 1619 102 523 740 146 169 611 444 180 554 221 520 518 453 393 106 1101 283 154 142 168 521 442 184
is_linear=0
shrinkage=0.1


end of trees

feature_importances:
Column_7=110
Column_8=103
Column_1=65
Column_6=65
Column_2=52
Column_5=19
Column_4=17
Column_3=14

parameters:
[boosting: gbdt]
[objective: regression]
[metric: rmse]
[tree_learner: serial]
[device_type: cpu]
[data_sample_strategy: bagging]
[data: data/california_housing.libsvm.train]
[valid: data/california_housing.libsvm.test]
[num_iterations: 5]
[learning_rate: 0.1]
[num_leaves: 255]
[num_threads: 0]
[seed: 42]
[deterministic: 0]
[force_col_wise: 0]
[force_row_wise: 0]
[histogram_pool_size: -1]
[max_depth: 7]
[min_data_in_leaf: 10]
[min_sum_hessian_in_leaf: 0.001]
[bagging_fraction: 1]
[pos_bagging_fraction: 1]
[neg_bagging_fraction: 1]
[bagging_freq: 0]
[bagging_seed: 400]
[feature_fraction: 1]
[feature_fraction_bynode: 1]
[feature_fraction_seed: 30056]
[extra_trees: 0]
[extra_seed: 12879]
[early_stopping_round: 0]
[early_stopping_min_delta: 0]
[first_metric_only: 0]
[max_delta_step: 0]
[lambda_l1: 0]
[lambda_l2: 0]
[linear_lambda: 0]
[min_gain_to_split: 0]
[drop_rate: 0.1]
[max_drop: 50]
[skip_drop: 0.5]
[xgboost_dart_mode: 0]
[uniform_drop: 0]
[drop_seed: 17869]
[top_rate: 0.2]
[other_rate: 0.1]
[min_data_per_group: 100]
[max_cat_threshold: 32]
[cat_l2: 10]
[cat_smooth: 10]
[max_cat_to_onehot: 4]
[top_k: 20]
[monotone_constraints: ]
[monotone_constraints_method: basic]
[monotone_penalty: 0]
[feature_contri: ]
[forcedsplits_filename: ]
[refit_decay_rate: 0.9]
[tinygbdt_penalty_feature: 0.25]
[tinygbdt_penalty_split: 0.0078125]
[tinygbdt_forestsize: 64000]
[tinygbdt_precision: 7]
[cegb_tradeoff: 1]
[cegb_penalty_split: 0]
[cegb_penalty_feature_lazy: ]
[cegb_penalty_feature_coupled: ]
[path_smooth: 0]
[interaction_constraints: ]
[verbosity: 2]
[saved_feature_importance_type: 0]
[use_quantized_grad: 0]
[num_grad_quant_bins: 4]
[quant_train_renew_leaf: 0]
[stochastic_rounding: 1]
[linear_tree: 0]
[max_bin: 255]
[max_bin_by_feature: ]
[min_data_in_bin: 3]
[bin_construct_sample_cnt: 200000]
[data_random_seed: 175]
[is_enable_sparse: 1]
[enable_bundle: 1]
[use_missing: 1]
[zero_as_missing: 0]
[feature_pre_filter: 1]
[pre_partition: 0]
[two_round: 0]
[header: 0]
[label_column: ]
[weight_column: ]
[group_column: ]
[ignore_column: ]
[categorical_feature: ]
[forcedbins_filename: ]
[precise_float_parser: 0]
[parser_config_file: ]
[objective_seed: 16083]
[num_class: 1]
[is_unbalance: 0]
[scale_pos_weight: 1]
[sigmoid: 1]
[boost_from_average: 1]
[reg_sqrt: 0]
[alpha: 0.9]
[fair_c: 1]
[poisson_max_delta_step: 0.7]
[tweedie_variance_power: 1.5]
[lambdarank_truncation_level: 30]
[lambdarank_norm: 1]
[label_gain: ]
[lambdarank_position_bias_regularization: 0]
[eval_at: ]
[multi_error_top_k: 1]
[auc_mu_weights: ]
[num_machines: 1]
[local_listen_port: 12400]
[time_out: 120]
[machine_list_filename: ]
[machines: ]
[gpu_platform_id: -1]
[gpu_device_id: -1]
[gpu_use_dp: 0]
[num_gpu: 1]

end of parameters
