tree
version=v4
num_class=1
num_tree_per_iteration=1
label_index=0
max_feature_idx=8
objective=regression
feature_names=Column_0 Column_1 Column_2 Column_3 Column_4 Column_5 Column_6 Column_7 Column_8
feature_infos=none [0.49990000000000001:15.0001] [1:52] [0.88888888888888884:141.90909090909091] [0.33333333333333331:25.63636363636364] [3:35682] [0.69230769230769229:1243.333333333333] [32.549999999999997:41.950000000000003] [-124.34999999999999:-114.31]
tree_sizes=8571 8889 8233 7598 7780

Tree=0
num_leaves= 83
num_cat= 0
full_tree_array_lgbids= 0 1 2 5 3 4 10 9 11 6 7 16 13 20 33 15 14 35 21 37 8 19 17 44 18 39 29 77 64 34 46 45 53 27 52 49 59 54 31 70 38 12 36 22 25 24 51 80 67 -18 23 71 74 63 60 -4 79 -22 -66 -12 -36 -35 -48 -1 48 -17 58 30 78 72 -54 50 -51 -37 66 68 -56 32 42 -3 -72 76 55 28 26 56 -38 41 40 47 73 43 65 -19 62 -2 -82 75 -69 -2147483648 -2147483648 57 69 -6 -73 -41 -76 -15 81 61 -62 -2147483648 -2147483648 -79 -81 -2147483648 -2147483648 -2147483648 -2147483648 -2147483648 -2147483648 -2147483648 -2147483648 -2147483648 -2147483648 -2147483648 -2147483648 -2147483648 -2147483648 -47 -50 -2147483648 -2147483648 -55 -60 -11 -32 -29 -80 -16 -74 -2147483648 -2147483648 -7 -52 -2147483648 -2147483648 -2147483648 -2147483648 -61 -68 -13 -70 -2147483648 -2147483648 -23 -34 -33 -44 -2147483648 -2147483648 -2147483648 -2147483648 -39 -78 -40 -57 -8 -30 -14 -28 -10 -58 -2147483648 -2147483648 -5 -43 -24 -42 -21 -49 -27 -75 -9 -45 -26 -67 -2147483648 -2147483648 -53 -64 -2147483648 -2147483648 -2147483648 -2147483648 -46 -77 -2147483648 -2147483648 -2147483648 -2147483648 -2147483648 -2147483648 -20 -59 -25 -71 -2147483648 -2147483648 -2147483648 -2147483648 -2147483648 -2147483648 -2147483648 -2147483648 -2147483648 -2147483648 -65 -83 -31 -63 -2147483648 -2147483648 -2147483648 -2147483648 -2147483648 -2147483648 -2147483648 -2147483648 -2147483648 -2147483648 -2147483648 -2147483648 -2147483648 -2147483648 -2147483648 -2147483648 -2147483648 -2147483648 -2147483648 -2147483648 -2147483648 -2147483648 -2147483648 -2147483648 -2147483648 -2147483648 -2147483648 -2147483648 -2147483648 -2147483648 -2147483648 -2147483648 -2147483648 -2147483648
split_feature= 1 1 1 6 6 3 2 1 7 1 1 1 6 1 6 3 2 6 6 2 2 6 3 1 2 8 8 8 1 2 7 7 8 1 2 7 7 1 2 6 7 6 8 7 1 4 5 7 7 8 6 8 6 6 7 5 8 7 7 7 6 2 8 1 7 8 7 7 2 4 3 2 8 6 2 6 8 4 8 6 5 6
split_gain= 6980.71 1678.2 1285.18 969.382 424.525 311.444 227.112 206.036 180.459 174.259 149.32 130.177 121.974 114.122 106.029 104.557 100.932 98.736 88.7217 78.6285 66.6004 60.2822 59.9169 53.5964 51.9331 47.3326 43.8037 42.6521 37.9293 37.019 33.0604 32.2541 36.5365 26.7834 30.4685 26.7142 24.3855 24.2592 29.2086 23.9648 22.8455 22.7055 22.3609 21.9502 21.64 19.9942 19.1829 18.7784 18.337 17.8194 23.1561 17.2262 16.3342 15.5756 15.3057 13.9926 12.9921 12.829 11.9272 11.8058 11.4588 11.6802 11.1135 9.84687 9.54459 9.38523 8.87038 8.19982 7.14378 6.28336 5.87366 5.8088 5.79704 5.58996 5.43353 4.91818 2.88653 2.70563 2.0798 0.819768 0.723098 0.252185
threshold= 5.0387000000000013 3.0679500000000002 6.8672000000000013 2.3489548886254448 2.671038674349933 4.3101408005062494 24.500000000000004 4.0775500000000013 37.815000000000005 2.2210000000000005 7.852450000000001 2.4115000000000006 1.9628175980828908 5.7307500000000013 2.4907552973342448 3.449226804123712 19.500000000000004 2.9005380231986346 2.0653737590585881 43.500000000000007 26.500000000000004 2.2906328481453726 5.1186051221335997 5.8308000000000009 41.500000000000007 -122.40499999999999 -117.88499999999998 -118.26499999999999 3.4298000000000006 27.500000000000004 37.815000000000005 34.525000000000013 -117.77499999999999 8.7395500000000013 28.500000000000004 35.335000000000008 37.995000000000012 3.5330000000000008 18.500000000000004 2.9742256672023202 34.415000000000006 3.0817415934345274 -120.44499999999998 38.545000000000009 5.6402500000000009 1.0291350557942953 139.50000000000003 38.435000000000009 34.045000000000009 -117.35499999999998 2.254419630548663 -122.33499999999999 3.458170981799539 2.10671797776953 37.945000000000007 534.50000000000011 -122.425 38.005000000000003 35.335000000000008 36.835000000000008 3.458170981799539 40.500000000000007 -117.75499999999998 6.2770500000000009 37.645000000000003 -122.28499999999998 38.925000000000004 37.955000000000005 26.500000000000004 1.0435797675926601 4.5820434769673541 22.500000000000004 -122.38499999999998 2.8079590171801518 16.500000000000004 2.5219735498882589 -118.26499999999999 1.0103851166134901 -117.145 2.5163636904584812 390.50000000000006 3.0089663118548242
decision_type= 2 2 2 2 2 2 2 2 2 2 2 2 2 2 2 2 2 2 2 2 2 2 2 2 2 2 2 2 2 2 2 2 2 2 2 2 2 2 2 2 2 2 2 2 2 2 2 2 2 2 2 2 2 2 2 2 2 2 2 2 2 2 2 2 2 2 2 2 2 2 2 2 2 2 2 2 2 2 2 2 2 2
left_child=1 5 4 6 16 9 37 19 12 15 20 35 28 39 27 45 44 24 -18 22 77 54 41 57 43 47 -14 30 -8 63 -11 32 -23 34 -12 49 56 70 76 71 -24 -5 -33 -9 80 -1 -35 -21 -47 50 -7 -19 72 -17 68 -40 -10 -20 -55 -37 61 -31 -53 -15 -22 -26 -61 75 -13 -25 -3 -6 -16 -27 -41 -46 -39 -4 -29 -79 -2 -65
right_child=2 3 10 7 13 11 8 17 36 14 33 21 26 29 52 53 18 51 23 25 64 31 40 69 65 73 -28 78 -30 60 -32 42 -34 46 -36 59 -38 38 55 74 -42 -43 -44 -45 67 48 -48 -49 -50 -51 -52 62 -54 58 -56 -57 -58 -59 -60 66 -62 -63 -64 81 -66 -67 -68 -69 -70 -71 -72 -73 -74 -75 -76 -77 -78 79 -80 -81 -82 -83
leaf_value= 2.0090854045861635 2.0322522439146704 2.0864073930973754 2.1860943173854421 2.0623490992633817 2.0974488249216678 2.0841138599801572 2.1965323452694219 2.0954689418246426 2.2142838774901663 2.1406373236940905 2.2611911907323741 2.0345072442712553 2.1803908632616107 2.1259617740146308 2.1369577986748349 2.0262926385334912 2.3293276008777508 2.1135874555732319 2.1957668316364023 2.1654641714581091 2.3136092887030801 2.0423423215696768 2.0333915413355754 2.2374554972134808 2.2091709412441252 2.0795638084043055 2.0853910788377314 2.0653824157377607 2.2845502876908457 2.1919918556662772 2.0404662446165749 1.9910892755883369 1.9852344261613879 2.2256631944098948 2.3423931801380187 1.930502243003837 2.0318246126680579 2.1091870245220798 2.0245249734293451 2.0614350028621407 2.0042626363250329 2.0299805008867327 1.9516641567416866 2.0321558591188165 2.2290802035057791 2.0195706739465327 2.348659992346585 1.9921922446126408 2.0794739076624724 1.9596066990438676 1.9888444208027325 2.0588902430478546 2.0155875827794167 1.9876247733728514 2.0039542439775833 2.1734629168237776 2.0951919498649194 2.087710141191141 1.9546252503190962 1.9717715616073146 2.0880122439150677 2.2838810687809143 2.0262876156140166 2.1854929355010166 2.2369779892674675 2.1356460584060457 1.9436251819951067 2.0902165239069102 2.0885806931844439 2.2872151599752977 2.0331544418979091 2.1410240443267505 2.0468548239882924 2.035621369557977 2.0956613114959937 2.1539228614650354 2.0673858812271733 2.2863981552032029 2.0052765696740975 2.2175314319178945 2.1300048114146728 2.1474610484222523
leaf_weight=181 9.9999999999999982 107 107 636 117 39 90 761 19 227 147 100 402 336 18 104 91 71 303 84 129 272 593 159 43 147 67 116 174 144 50 667 275 19 97 320 76 141 10.999999999999998 174 943 545 277 83 72 114 346 9.9999999999999982 208 303 294 858 399 506 100 104 68 19 289 497 14.999999999999998 28 229 91 39 129 377 13.999999999999998 109 91 91 195 350 136 342 34 113 22 37 134 118 159
leaf_count=181 10 107 107 636 117 39 90 761 19 227 147 100 402 336 18 104 91 71 303 84 129 272 593 159 43 147 67 116 174 144 50 667 275 19 97 320 76 141 11 174 943 545 277 83 72 114 346 10 208 303 294 858 399 506 100 104 68 19 289 497 15 28 229 91 39 129 377 14 109 91 91 195 350 136 342 34 113 22 37 134 118 159
model_size=9216
internal_value=2.07195 2.03789 2.19622 2.07259 2.15739 2.00039 2.1449 2.05251 2.17679 2.02716 2.28999 1.98123 2.19841 2.12609 2.05582 2.00269 2.2124 2.07655 2.23355 2.03561 2.24376 2.0009 2.02938 2.21831 2.10021 2.08053 2.16682 2.09704 2.25454 2.15468 2.12256 1.99203 2.01363 2.32271 2.29347 1.96188 2.07953 2.0945 2.11198 2.0994 2.01551 2.04741 1.97952 2.08924 2.15586 2.04057 2.34226 2.14703 2.05827 1.98076 2 2.0558 2.0327 1.98149 2.04369 2.15922 2.1212 2.18939 1.97563 1.95182 2.19741 2.20695 2.05202 2.14104 2.29582 2.15403 1.95963 2.19158 2.06271 2.25557 2.06193 2.12468 2.05126 2.05845 2.08412 2.20497 2.09059 2.2105 2.05085 2.22724 2.12237 2.1613
internal_weight=0 12960 3552 6731 2512 6229 1463 5268 896 2599 1040 3630 733 1601 1197 1402 911 2174 663 3094 431 1800 2717 572 1016 377 469 430 264 773 277 1491 547 609 244 1830 163 567 369 828 1536 1181 944 844 248 503 365 94 322 636 333 1158 767 899 309 115 87 322 795 1194 187 172 1087 586 168 172 874 120 209 250 198 312 368 283 516 106 254 263 153 156 128 250
internal_count=16512 12960 3552 6731 2512 6229 1463 5268 896 2599 1040 3630 733 1601 1197 1402 911 2174 663 3094 431 1800 2717 572 1016 377 469 430 264 773 277 1491 547 609 244 1830 163 567 369 828 1536 1181 944 844 248 503 365 94 322 636 333 1158 767 899 309 115 87 322 795 1194 187 172 1087 586 168 172 874 120 209 250 198 312 368 283 516 106 254 263 153 156 128 250
is_linear=0
shrinkage=1


Tree=1
num_leaves= 82
num_cat= 0
full_tree_array_lgbids= 0 1 2 5 3 4 12 16 6 7 10 19 13 21 48 17 -18 9 14 8 41 22 23 47 24 33 25 58 56 -14 68 26 39 -2147483648 -2147483648 18 51 15 37 30 11 55 -43 28 34 32 44 -2 70 -21 35 53 72 65 61 -4 66 77 79 -2147483648 -2147483648 -50 69 59 27 80 62 -2147483648 -2147483648 -2147483648 -2147483648 36 52 54 -53 20 46 43 -39 31 73 40 29 -9 -57 -2147483648 -2147483648 42 38 57 71 50 74 45 49 -2147483648 -2147483648 -49 -72 -2147483648 -2147483648 64 67 60 75 -35 -74 -15 -67 63 -63 -2147483648 -2147483648 76 -68 78 -79 -58 -81 -2147483648 -2147483648 -2147483648 -2147483648 -2147483648 -2147483648 -70 -71 -1 -61 -28 -29 -19 -82 -41 -64 -2147483648 -2147483648 -2147483648 -2147483648 -2147483648 -2147483648 -2147483648 -2147483648 -7 -38 -20 -54 -11 -56 -2147483648 -2147483648 -8 -22 -17 -48 -16 -45 -2147483648 -2147483648 -3 -33 -32 -75 -10 -42 -13 -31 -2147483648 -2147483648 -2147483648 -2147483648 -2147483648 -2147483648 -2147483648 -2147483648 -5 -44 -30 -40 -24 -59 -36 -73 -12 -52 -34 -76 -25 -47 -46 -51 -2147483648 -2147483648 -2147483648 -2147483648 -2147483648 -2147483648 -2147483648 -2147483648 -2147483648 -2147483648 -2147483648 -2147483648 -26 -66 -37 -69 -6 -62 -55 -77 -2147483648 -2147483648 -2147483648 -2147483648 -2147483648 -2147483648 -2147483648 -2147483648 -27 -65 -2147483648 -2147483648 -2147483648 -2147483648 -2147483648 -2147483648 -60 -78 -2147483648 -2147483648 -23 -80 -2147483648 -2147483648 -2147483648 -2147483648 -2147483648 -2147483648 -2147483648 -2147483648 -2147483648 -2147483648 -2147483648 -2147483648 -2147483648 -2147483648 -2147483648 -2147483648 -2147483648 -2147483648 -2147483648 -2147483648 -2147483648 -2147483648
split_feature= 1 1 1 6 6 6 7 7 2 8 1 6 1 1 8 7 7 8 6 2 8 2 2 6 6 2 7 8 3 8 8 7 2 6 8 1 7 8 7 2 8 8 6 7 8 7 7 1 5 7 7 8 7 7 6 7 7 7 1 8 8 6 1 2 7 1 8 1 6 1 7 7 2 7 3 8 4 4 8 8 6
split_gain= 5652.55 1361.48 1039.17 783.784 345.647 266.056 193.346 190.962 184.286 148.71 138.439 131.185 119.376 111.039 110.747 136.014 98.0373 105.541 88.4083 78.8573 73.7493 73.579 62.5702 58.6685 51.7908 48.3748 43.5827 58.7595 40.9917 38.1914 36.9213 45.2 35.0253 34.0463 33.4613 27.164 25.5938 24.8131 24.8048 19.9908 19.1658 18.9635 18.8514 17.9957 15.3892 16.8317 15.3522 14.1752 12.7608 12.0718 11.7999 10.0371 9.97146 9.85341 8.99406 8.5965 7.90294 7.60338 7.38142 7.33474 7.2523 6.17651 6.07539 5.50389 5.2766 5.11946 4.79554 4.31982 3.84475 5.36804 3.73413 3.47638 2.92377 2.6967 1.38268 0.966784 0.794354 0.683633 5.25693 0.288686 0.281095
threshold= 5.0387000000000013 3.1097000000000006 6.8672000000000013 2.4136952392348086 2.5763869593405579 2.1628386478062818 34.455000000000005 37.935000000000009 24.500000000000004 -117.77499999999999 4.1119000000000012 1.9628175980828908 8.4454500000000028 5.8308000000000009 -121.63499999999998 37.895000000000003 37.945000000000007 -118.24499999999999 3.442186331338819 21.500000000000004 -122.31499999999998 26.500000000000004 44.500000000000007 2.9291766686969298 2.0653737590585881 27.500000000000004 34.655000000000008 -122.35499999999998 4.7926201822371182 -122.33499999999999 -118.29499999999999 34.155000000000008 42.500000000000007 2.9742256672023202 -122.40499999999999 5.5682000000000009 34.045000000000009 -119.84499999999998 34.435000000000009 28.500000000000004 -122.40499999999999 -122.35499999999998 3.1424162072895592 35.955000000000005 -121.46499999999999 37.915000000000006 38.675000000000004 5.6402500000000009 70.000000000000014 34.655000000000008 37.765000000000008 -116.53499999999998 34.045000000000009 37.925000000000004 2.8335312747426764 38.005000000000003 37.645000000000003 38.155000000000008 7.3930000000000016 -118.37499999999999 -117.93499999999999 3.458170981799539 2.2003500000000007 40.500000000000007 37.935000000000009 6.3350000000000009 -117.71499999999999 6.3963500000000009 3.1747392355722384 9.1688500000000008 37.955000000000005 37.735000000000007 16.500000000000004 33.695000000000007 6.0498344370860933 -122.19499999999998 1.0417933552053971 1.0139026949414627 -118.09499999999998 -122.28499999999998 1.5104297674263547
decision_type= 2 2 2 2 2 2 2 2 2 2 2 2 2 2 2 2 2 2 2 2 2 2 2 2 2 2 2 2 2 2 2 2 2 2 2 2 2 2 2 2 2 2 2 2 2 2 2 2 2 2 2 2 2 2 2 2 2 2 2 2 2 2 2 2 2 2 2 2 2 2 2 2 2 2 2 2 2 2 2 2 2
left_child=1 5 4 7 19 16 9 8 30 18 22 40 21 33 15 20 17 26 36 47 -8 58 28 32 -21 65 59 -28 42 -13 31 -3 50 53 57 64 -7 43 -30 80 -10 55 -5 -16 45 -25 -17 -2 -14 -46 -12 54 -20 60 -11 -9 77 -24 -4 -1 -6 63 -41 -27 -26 -15 76 -37 -50 -70 -49 -36 -35 -32 -34 -55 -60 78 -23 -58 -19
right_child=2 3 12 10 13 6 14 41 11 51 23 29 48 25 37 46 -18 39 52 24 -22 56 34 44 35 61 27 -29 38 -31 73 -33 74 72 71 67 -38 -39 -40 62 -42 -43 -44 -45 49 -47 -48 70 68 -51 -52 -53 -54 75 -56 -57 79 -59 66 -61 -62 -63 -64 -65 -66 -67 -68 -69 69 -71 -72 -73 -74 -75 -76 -77 -78 -79 -80 -81 -82
leaf_value= 0.12031736871306326 0.052550760714802892 0.13942323764165243 0.11269189596078755 0.0034526885907401779 0.073142886313910013 -0.028309887853421901 0.059159465322348607 0.097679838368838479 0.22363129605035315 -0.06176839376841084 0.021989094026629692 0.15200140062967937 0.10762568108427029 0.053172902186287334 -0.044534835487522267 -0.069027594182489799 -0.073265246880841461 -0.10700976699590684 -0.065384801151161742 0.23644229949906817 -0.044301874909227296 0.2174025070667267 0.086967051871071913 0.030825261473457551 0.11931676829390857 0.11920347212087722 0.12937748295868315 -0.010273212100004901 -0.032231015922305616 0.068068334948991935 0.015965684767083065 0.03273989045116709 0.060303442344290782 -0.0061075181525370795 0.00083407082386541265 0.15569187857759881 0.0130318214306301 -0.12443136670078037 -0.058805710991475947 -0.056636163828273613 0.14707573651212263 -0.048371576701665857 -0.035984100032832665 -0.10075587057775288 -0.015255583482670965 -0.038743699169976435 -0.11134906860826604 0.12920087400348265 0.25069624308012767 -0.055307762242806785 -0.0168532001542274 -0.12280911490444309 -0.035221609360463785 0.056326870977878578 -0.092777595309947961 -0.0040873920836020259 0.23663540432850519 -0.047407381460070612 0.15045580239250111 0.055944603773546812 0.026674566276763619 0.015144229612567209 0.025133224277357969 0.18213537653287254 0.016562676749059133 0.084870239149263033 0.11023035525326051 0.20825195800799592 0.15071639737247355 0.23684737248854204 0.022553581930696967 -0.056458609286281804 0.023415066323067689 -0.025867531369481469 0.12437126843198654 -0.019625365845422495 0.19959350887686014 0.24090539012399931 0.10339343009086757 0.13973395184613766 -0.052067172324326075
leaf_weight=71 110 60 153 359 304 431 96 22 61 293 598 75 11.999999999999998 319 91 198 231 34 673 86 381 55 76 188 166 159 41 214 855 552 143 218 101 197 181 156 368 662 1041 30 203 154 341 995 641 72 398 94 331 159 172 121 287 25 471 64 11.999999999999998 9.9999999999999982 104 81 95 10.999999999999998 77 45 13.999999999999998 231 51 65 28 55 11.999999999999998 45 377 113 31 46 60 126 12.999999999999998 40 181
leaf_count=71 110 60 153 359 304 431 96 22 61 293 598 75 12 319 91 198 231 34 673 86 381 55 76 188 166 159 41 214 855 552 143 218 101 197 181 156 368 662 1041 30 203 154 341 995 641 72 398 94 331 159 172 121 287 25 471 64 12 10 104 81 95 11 77 45 14 231 51 65 28 55 12 45 377 113 31 46 60 126 13 40 181
model_size=9104
internal_value=0 -0.0306532 0.111843 0.00158267 0.076901 -0.0634409 -0.0721019 0.0611247 0.0753224 -0.0522597 -0.0187741 0.103784 0.19624 0.0535005 -0.0906992 -0.0644773 -0.014136 0.00460046 -0.0349735 0.137117 -0.0234795 0.167054 -0.0330329 0.0023597 0.160568 0.0835075 0.0397544 0.0121804 -0.0384458 0.0781082 0.0278329 0.0557651 0.0223912 0.0315127 0.0120056 0.144296 -0.0092689 -0.106795 -0.0468219 -0.0398333 0.164765 -0.0231744 -0.0157587 -0.0960449 -0.014686 0.01156 -0.0972892 0.0842412 0.238307 -0.023216 0.0133126 -0.0866173 -0.0563673 0.0537764 -0.0808853 0.0219461 0.211725 0.0713421 0.137192 0.0860135 0.062079 0.127051 0.00220723 0.133086 0.111325 0.0664858 0.154627 0.171151 0.242094 0.207791 0.117128 -0.0105738 0.0132828 -0.00249976 0.0753497 0.00711838 0.168433 0.225027 0.195607 0.162096 -0.0607558
internal_weight=0 12960 3552 6535 2512 6425 5465 1665 1425 2644 4870 891 1040 1809 2821 1073 960 729 1759 703 477 614 2908 1962 487 765 407 255 2596 627 534 278 902 1044 312 401 799 1748 1896 322 264 240 700 1086 1060 260 596 216 426 800 770 885 960 470 764 86 246 86 368 152 399 215 107 204 180 550 215 221 414 83 106 226 574 256 132 71 164 194 68 52 215
internal_count=16512 12960 3552 6535 2512 6425 5465 1665 1425 2644 4870 891 1040 1809 2821 1073 960 729 1759 703 477 614 2908 1962 487 765 407 255 2596 627 534 278 902 1044 312 401 799 1748 1896 322 264 240 700 1086 1060 260 596 216 426 800 770 885 960 470 764 86 246 86 368 152 399 215 107 204 180 550 215 221 414 83 106 226 574 256 132 71 164 194 68 52 215
is_linear=0
shrinkage=0.1


Tree=2
num_leaves= 73
num_cat= 0
full_tree_array_lgbids= 0 1 2 5 3 4 13 15 7 6 8 18 21 24 37 16 -17 9 11 57 10 23 14 53 20 56 35 66 61 47 48 25 38 -2147483648 -2147483648 17 51 12 33 58 -59 22 45 29 40 30 27 -2 62 55 31 65 -58 46 -37 -4 67 -26 -63 -15 -49 -39 -50 54 26 69 68 -2147483648 -2147483648 -2147483648 -2147483648 42 34 52 -53 19 44 41 -35 59 -60 -2147483648 -2147483648 32 28 70 -47 39 50 64 -42 -10 43 49 36 -2147483648 -2147483648 63 -64 -20 -57 -22 60 -6 -67 -2147483648 -2147483648 71 -48 -2147483648 -2147483648 -2147483648 -2147483648 -68 -69 -2147483648 -2147483648 -2147483648 -2147483648 -2147483648 -2147483648 -2147483648 -2147483648 -2147483648 -2147483648 -2147483648 -2147483648 -1 -56 -27 -28 -18 -71 -40 -70 -2147483648 -2147483648 -2147483648 -2147483648 -2147483648 -2147483648 -2147483648 -2147483648 -7 -44 -19 -36 -11 -54 -2147483648 -2147483648 -9 -21 -14 -46 -13 -43 -2147483648 -2147483648 -3 -61 -2147483648 -2147483648 -2147483648 -2147483648 -2147483648 -2147483648 -8 -34 -24 -30 -12 -72 -2147483648 -2147483648 -5 -41 -31 -52 -25 -66 -2147483648 -2147483648 -2147483648 -2147483648 -32 -45 -16 -51 -29 -38 -2147483648 -2147483648 -2147483648 -2147483648 -55 -65 -2147483648 -2147483648 -2147483648 -2147483648 -2147483648 -2147483648 -2147483648 -2147483648 -33 -62 -2147483648 -2147483648 -2147483648 -2147483648 -2147483648 -2147483648 -2147483648 -2147483648 -23 -73 -2147483648 -2147483648 -2147483648 -2147483648 -2147483648 -2147483648 -2147483648 -2147483648 -2147483648 -2147483648 -2147483648 -2147483648 -2147483648 -2147483648 -2147483648 -2147483648 -2147483648 -2147483648 -2147483648 -2147483648 -2147483648 -2147483648 -2147483648 -2147483648 -2147483648 -2147483648 -2147483648 -2147483648 -2147483648 -2147483648 -2147483648 -2147483648 -2147483648 -2147483648 -2147483648 -2147483648 -2147483648 -2147483648
split_feature= 1 1 1 6 6 6 2 7 1 8 7 8 7 1 6 7 8 6 2 8 6 1 6 2 2 7 8 8 1 3 2 1 2 8 7 6 7 2 2 7 8 7 8 8 7 8 2 1 5 7 7 8 7 1 8 7 6 7 8 7 6 7 7 6 7 4 8 4 1 6 1 1
split_gain= 4584.02 1186.37 758.575 675.855 256.493 235.758 170.07 167.054 134.659 130.536 105.76 101.174 117.404 97.6394 90.8557 83.3589 93.3514 79.4636 66.2334 60.596 56.5204 53.6037 53.2192 50.4548 39.9695 36.1193 55.1289 34.8618 33.6213 33.0038 26.6799 24.4195 23.1362 20.6898 20.4083 19.776 16.824 15.8946 15.4299 14.1513 13.6396 13.5654 13.0917 12.9218 12.7168 12.5166 12.3989 10.6875 10.2797 9.75454 7.19546 7.00309 9.83693 6.4976 6.47546 6.21719 3.98418 3.59552 12.5595 7.77648 3.47101 3.01254 1.38102 3.73073 1.02963 1.0088 0.548502 0.919525 0.414267 0.391448 0.273259 0.0506591
threshold= 5.1326000000000009 3.1792500000000001 6.8672000000000013 2.2982753493904258 2.7472725830126556 2.1628386478062818 19.500000000000004 34.455000000000005 4.0612500000000002 -117.77499999999999 37.815000000000005 -121.63499999999998 37.915000000000006 7.852450000000001 2.6829812717770039 37.935000000000009 -118.24499999999999 3.1336552646136835 21.500000000000004 -122.33499999999999 2.2038024706228287 5.6851000000000012 1.9322222929778572 47.500000000000007 26.500000000000004 34.655000000000008 -120.02499999999999 -121.895 3.8136000000000005 5.1822875816993479 26.500000000000004 5.5682000000000009 28.500000000000004 -119.94499999999998 34.035000000000004 3.1424162072895592 34.655000000000008 20.500000000000004 32.500000000000007 37.805000000000007 -122.29499999999999 35.645000000000003 -118.395 -122.29499999999999 38.675000000000004 -122.03499999999998 40.500000000000007 8.7395500000000013 139.50000000000003 37.915000000000006 38.675000000000004 -116.40499999999999 33.875000000000007 5.7699500000000006 -118.37499999999999 37.805000000000007 3.1262267671728927 37.955000000000005 -118.29499999999999 34.175000000000004 2.4530432249902163 37.645000000000003 37.955000000000005 2.5219735498882589 37.795000000000009 0.97335868187579222 -122.00499999999998 0.95712370739180408 2.2003500000000007 1.5104297674263547 4.125700000000001 6.3350000000000009
decision_type= 2 2 2 2 2 2 2 2 2 2 2 2 2 2 2 2 2 2 2 2 2 2 2 2 2 2 2 2 2 2 2 2 2 2 2 2 2 2 2 2 2 2 2 2 2 2 2 2 2 2 2 2 2 2 2 2 2 2 2 2 2 2 2 2 2 2 2 2 2 2 2 2
left_child=1 5 4 6 18 15 57 9 23 17 22 12 19 24 30 16 25 42 53 -9 55 56 32 29 66 54 -27 49 -24 39 -10 -22 -8 41 -19 46 -29 47 69 -5 64 -13 -7 -32 -14 70 71 -15 -39 -16 -31 52 -11 -2 -1 -20 65 58 59 -3 -33 -26 63 -55 -25 -6 -4 -68 -40 -18 -12 -23
right_child=2 3 13 8 21 7 10 11 14 51 45 33 44 37 27 -17 38 34 20 -21 31 35 28 40 61 26 -28 36 -30 50 43 60 -34 -35 -36 -37 -38 48 68 -41 -42 -43 -44 -45 -46 -47 -48 -49 -50 -51 -52 -53 -54 62 -56 -57 -58 -59 -60 -61 -62 -63 -64 -65 -66 -67 67 -69 -70 -71 -72 -73
leaf_value= 0.10712463758666727 0.048722018409520396 0.11265188760214276 0.15230118060565515 -0.01295795612266986 -0.0017906082173188528 0.039173946375202419 0.10055011683740678 0.055896800064312469 0.010544905688721634 -0.059110066947938168 0.018616760917188179 -0.038603249730785258 -0.060350701364001169 0.14182937632324874 0.04161499172218272 -0.064394711630076776 -0.095813073821969935 -0.057187634106549423 0.21409592601656913 -0.037310675682093265 0.085284944794231377 0.064575473839843953 0.061289745132568657 0.082220883226165414 0.19507551078301993 0.031454327431574218 -0.10803920038436587 -0.0052477794174592418 0.12227714531483097 -0.038657415511790486 0.10944624903110359 0.16545990990381687 0.17723832140517023 -0.11153023016423734 -0.025422819692996385 0.041984602298785367 -0.034390648637279586 0.10789992352326712 -0.039651213834683105 -0.061516809255710618 -0.00021958416542754725 -0.089866132005836707 -0.0084945625983691118 0.04687999076474985 -0.099482983504467215 -0.04385284677494404 0.17642133114012806 0.20297237316082262 0.22228238231949993 -0.0074627670418240324 -0.069973732439183534 -0.11344626841117751 -0.089224612169128387 0.13402617961835506 0.047918262929339817 0.1131468002410496 0.0053991058155029919 -0.032879978980170567 -0.0049382624999400535 0.030451962709360361 0.12404994358222526 0.13281529252059185 0.030970425606660901 0.068314599554985769 -0.023271738290786742 0.044371096320986139 0.03909945216562067 0.11008667093083946 0.033265189421844893 -0.042567486776429825 0.083532540855230764 0.096643853062907098
leaf_weight=85 150 31 46 1077 57 117 78 99 276 451 62 92 210 93 234 245 37 783 100 407 203 240 226 65 129 237 38 1024 228 1163 65 100 175 718 454 339 423 14.999999999999998 24 106 130 1017 517 357 412 43 22 116 385 113 187 106 371 67 87 17 306 50 157 112 238 39 21 50 9.9999999999999982 219 21 196 58 224 32 130
leaf_count=85 150 31 46 1077 57 117 78 99 276 451 62 92 210 93 234 245 37 783 100 407 203 240 226 65 129 237 38 1024 228 1163 65 100 175 718 454 339 423 15 24 106 130 1017 517 357 412 43 22 116 385 113 187 106 371 67 87 17 306 50 157 112 238 39 21 50 10 219 21 196 58 224 32 130
model_size=8096
internal_value=0 -0.0263524 0.105545 0.00456297 0.0728257 -0.0556056 0.0728772 -0.0636515 -0.0110331 -0.0457001 0.0977866 -0.0806553 -0.0561279 0.176616 0.00631389 -0.0108749 0.00572306 -0.029999 0.113182 -0.0190744 0.131787 0.0437496 0.113989 -0.0268214 0.138628 0.0371894 0.0121789 -0.00614624 0.0919178 -0.0309989 0.0383389 0.117158 0.153595 -0.0957986 -0.0455294 0.0631681 -0.0137671 0.203501 -0.0352841 -0.017309 0.0247956 -0.0856135 0.000302307 0.056517 -0.0862711 0.0141723 0.0814875 0.175765 0.217993 0.0256329 -0.0429953 -0.0773559 -0.0727019 0.0706742 0.0771772 0.199428 0.0193597 0.0128101 0.0204251 0.0482715 0.136301 0.180622 0.0945352 0.105944 0.0681552 0.0348377 0.111802 0.103217 0.0119238 -0.0501157 0.0407157 0.0758427
internal_weight=0 13213 3299 6424 2259 6789 1194 5754 5230 2799 844 2955 1128 1040 2492 1035 790 1871 946 506 658 1313 707 2738 431 447 275 1794 454 2533 698 541 253 1827 1237 731 1447 609 343 1183 205 1109 634 422 622 137 392 209 400 347 1350 928 822 288 172 117 582 350 300 143 338 168 138 117 75 276 263 217 82 261 94 370
internal_count=16512 13213 3299 6424 2259 6789 1194 5754 5230 2799 844 2955 1128 1040 2492 1035 790 1871 946 506 658 1313 707 2738 431 447 275 1794 454 2533 698 541 253 1827 1237 731 1447 609 343 1183 205 1109 634 422 622 137 392 209 400 347 1350 928 822 288 172 117 582 350 300 143 338 168 138 117 75 276 263 217 82 261 94 370
is_linear=0
shrinkage=0.1


Tree=3
num_leaves= 64
num_cat= 0
full_tree_array_lgbids= 0 1 3 4 2 5 25 11 6 7 8 19 18 29 42 15 53 10 13 45 9 12 24 58 26 36 38 52 -31 -27 -44 50 23 -13 -55 17 46 14 34 55 61 16 37 20 21 35 41 -2 59 54 33 40 -38 -20 -40 -5 -54 -2147483648 -2147483648 -2147483648 -2147483648 -2147483648 -2147483648 -1 -52 32 -25 -2147483648 -2147483648 -2147483648 -2147483648 31 48 -12 -48 28 43 -15 51 -3 -57 -47 -63 30 27 47 -39 49 -22 22 -23 -10 39 44 -43 -2147483648 -2147483648 60 -61 -21 -56 56 57 62 -42 -2147483648 -2147483648 -2147483648 -2147483648 -2147483648 -2147483648 -2147483648 -2147483648 -2147483648 -2147483648 -2147483648 -2147483648 -2147483648 -2147483648 -2147483648 -2147483648 -2147483648 -2147483648 -2147483648 -2147483648 -2147483648 -2147483648 -2147483648 -2147483648 -2147483648 -2147483648 -17 -34 -2147483648 -2147483648 -2147483648 -2147483648 -2147483648 -2147483648 -2147483648 -2147483648 -2147483648 -2147483648 -6 -33 -19 -50 -2147483648 -2147483648 -2147483648 -2147483648 -8 -30 -16 -45 -2147483648 -2147483648 -36 -53 -2147483648 -2147483648 -2147483648 -2147483648 -2147483648 -2147483648 -2147483648 -2147483648 -9 -32 -18 -29 -11 -49 -2147483648 -2147483648 -4 -51 -2147483648 -2147483648 -14 -24 -2147483648 -2147483648 -2147483648 -2147483648 -37 -41 -26 -46 -2147483648 -2147483648 -2147483648 -2147483648 -2147483648 -2147483648 -60 -62 -2147483648 -2147483648 -2147483648 -2147483648 -2147483648 -2147483648 -28 -58 -35 -59 -7 -64 -2147483648 -2147483648 -2147483648 -2147483648 -2147483648 -2147483648 -2147483648 -2147483648 -2147483648 -2147483648 -2147483648 -2147483648 -2147483648 -2147483648 -2147483648 -2147483648 -2147483648 -2147483648 -2147483648 -2147483648 -2147483648 -2147483648 -2147483648 -2147483648 -2147483648 -2147483648 -2147483648 -2147483648 -2147483648 -2147483648 -2147483648 -2147483648 -2147483648 -2147483648 -2147483648 -2147483648 -2147483648 -2147483648 -2147483648 -2147483648 -2147483648 -2147483648 -2147483648 -2147483648 -2147483648 -2147483648
split_feature= 1 1 6 1 6 6 7 2 1 7 8 7 8 8 7 8 6 6 1 2 7 7 8 8 6 1 6 1 8 2 1 8 2 1 1 2 7 7 2 4 6 8 5 7 7 1 1 8 7 7 3 8 8 7 7 8 8 7 5 6 2 5 8
split_gain= 3717.11 1039.91 579.189 535.733 194.788 183.3 137.103 136.401 120.805 110.614 107.661 77.7806 71.6109 70.0319 77.9484 69.2697 67.4583 62.5589 59.9838 57.4886 53.9728 47.4804 64.4111 47.0592 38.4322 36.5913 36.5039 34.0932 33.8288 28.0713 24.6053 18.8981 17.6509 16.9749 14.7646 13.346 11.4503 10.0636 9.93616 8.66114 8.40053 7.90026 7.20417 6.76779 5.67929 5.20817 4.70793 4.67369 4.59385 4.58375 4.42844 3.69543 2.75159 2.21786 2.14642 2.00609 1.86483 1.84028 1.76249 6.26811 2.04774 0.759482 0.748133
threshold= 5.2771000000000017 3.1913000000000005 2.3722374117110965 7.3930000000000016 2.2352443515477258 2.7472725830126556 34.455000000000005 19.500000000000004 4.5301500000000017 37.815000000000005 -117.77499999999999 37.935000000000009 -122.38499999999998 -121.63499999999998 37.915000000000006 -122.31499999999998 2.0231950334409352 3.4287187039764357 6.2770500000000009 21.500000000000004 38.735000000000007 37.945000000000007 -117.79499999999999 -117.145 2.8335312747426764 8.7395500000000013 2.2038024706228287 3.8769000000000005 -122.33499999999999 28.500000000000004 3.8769000000000005 -118.395 27.500000000000004 6.3350000000000009 2.2210000000000005 21.500000000000004 37.955000000000005 37.995000000000012 26.500000000000004 1.0373307138179437 3.1424162072895592 -117.675 70.000000000000014 38.675000000000004 37.815000000000005 4.3163000000000009 2.4525000000000001 -122.425 34.045000000000009 38.015000000000008 3.193182511128728 -120.09499999999998 -117.71499999999999 39.355000000000011 37.805000000000007 -117.30499999999999 -117.87499999999999 37.615000000000002 565.50000000000011 2.254419630548663 12.500000000000002 1639.5000000000002 -117.87499999999999
decision_type= 2 2 2 2 2 2 2 2 2 2 2 2 2 2 2 2 2 2 2 2 2 2 2 2 2 2 2 2 2 2 2 2 2 2 2 2 2 2 2 2 2 2 2 2 2 2 2 2 2 2 2 2 2 2 2 2 2 2 2 2 2 2 2
left_child=1 4 7 5 11 19 10 45 12 16 17 15 20 14 28 50 30 31 36 58 49 22 -14 32 35 29 54 -18 -8 52 -9 -6 -17 56 -15 -10 40 47 -20 -37 62 44 -27 -16 -26 55 -12 -11 -19 -4 -1 -36 -5 -13 -21 -3 -28 -35 -2 60 -60 -47 -7
right_child=3 2 8 25 6 18 13 9 24 37 46 53 21 34 43 23 27 48 38 26 -22 -23 -24 -25 41 42 33 -29 -30 -31 -32 -33 -34 57 51 39 -38 -39 -40 -41 -42 -43 -44 -45 -46 61 -48 -49 -50 -51 -52 -53 -54 -55 -56 -57 -58 -59 59 -61 -62 -63 -64
leaf_value= 0.039942000258494828 0.025142037086998636 0.0086705828170747842 0.06515123453869591 0.13816221067818199 0.034798559836765872 0.064139951305408782 0.040456089104586486 0.10411088533333637 0.0072662937711522159 0.10472248721381892 -0.081961419283994016 -0.049368528086151789 -0.010212908516430343 -0.099826208736857491 -0.05536284842900932 -0.014290078200898799 0.040235727679925226 -0.052610659265353146 0.072919605689389363 0.19920519978059212 -0.075226307462672809 -0.054328297311671186 -0.048387014060726069 -0.061498373618111918 0.013616066887324722 0.084488577768206605 0.10593302747707641 0.098215897862654167 -0.035307499055913953 0.18731313355937146 0.16527384568641826 -0.013810442814372293 0.023649002645416736 0.16176395328207449 -0.067702716408434824 0.032511336886304983 -0.0084533283867093984 -0.026608196382822344 0.12525890431859915 0.074228151148623397 0.024531907348671365 -0.028287184538274279 0.20193021923894583 -0.089672902513008856 -0.023217685348891584 0.020453828684384785 -0.057164920262809962 0.016639977261345362 -0.02763621735608798 0.018293042893249855 0.14484033184807474 -0.090734083958765643 0.087938586728236942 -0.096545949163006961 0.10135341722231646 -0.041731857515584968 0.043563739995782579 0.10590198292680408 0.074482491084684938 0.062840258507283003 0.16547933056436737 0.0775031352415681 0.028569282276682484
leaf_weight=17 46 235 167 205 141 283 92 196 176 23 506 262 2224 779 200 350 233 709 350 95 49 529 649 149 598 11.999999999999998 320 282 385 164 164 695 387 132 610 245 98 86 85 170 373 164 353 390 130 93 388 71 308 96 41 384 59 61 12.999999999999998 52 30 46 24 163 29 43 103
leaf_count=17 46 235 167 205 141 283 92 196 176 23 506 262 2224 779 200 350 233 709 350 95 49 529 649 149 598 12 320 282 385 164 164 695 387 132 610 245 98 86 85 170 373 164 353 390 130 93 388 71 308 96 41 384 59 61 13 52 30 46 24 163 29 43 103
model_size=7088
internal_value=0 -0.0223054 0.00590689 0.101163 -0.0497808 0.0754534 -0.0579879 0.0615606 -0.00992074 0.0814068 -0.041557 -0.0135904 -0.0198993 -0.0738808 -0.0524053 0.00170005 0.0966657 -0.0272556 0.0507625 0.110978 0.0286869 -0.0243552 -0.0188363 -0.00565759 0.0150694 0.172164 0.128415 0.0719841 -0.0206948 0.150072 0.131974 -0.00561203 0.0056318 0.116344 -0.0868049 0.0369931 0.0343246 0.00723195 0.0831468 0.0496002 0.039848 0.000543734 0.198069 -0.0780424 0.00703861 0.0120623 -0.0711996 0.0381921 -0.0450471 0.0480471 0.114094 -0.0766001 0.126938 -0.0582782 0.187427 -0.000461567 0.100587 0.147328 0.0686488 0.0779141 0.124273 0.0384915 0.0546483
internal_weight=0 13529 6675 2983 6854 2190 5587 1478 5197 1055 2747 1267 3714 2840 1067 944 875 1853 1292 898 312 3402 2873 886 1483 793 636 515 477 428 360 836 737 528 1773 591 857 180 435 415 759 892 365 590 728 423 894 94 1017 263 58 994 264 323 108 287 350 178 262 216 53 136 386
internal_count=16512 13529 6675 2983 6854 2190 5587 1478 5197 1055 2747 1267 3714 2840 1067 944 875 1853 1292 898 312 3402 2873 886 1483 793 636 515 477 428 360 836 737 528 1773 591 857 180 435 415 759 892 365 590 728 423 894 94 1017 263 58 994 264 323 108 287 350 178 262 216 53 136 386
is_linear=0
shrinkage=0.1


Tree=4
num_leaves= 65
num_cat= 0
full_tree_array_lgbids= 0 1 2 5 3 4 11 17 13 6 8 15 12 19 42 26 40 44 24 7 34 16 14 52 22 29 23 -4 -21 43 -44 27 -28 53 -42 -7 56 50 31 28 9 48 -36 33 25 20 32 -2 -54 -17 30 -6 39 59 -25 -2147483648 -2147483648 -2147483648 -2147483648 55 54 -2147483648 -2147483648 38 -29 -2147483648 -2147483648 -19 60 -2147483648 -2147483648 -2147483648 -2147483648 58 62 -15 51 -26 -33 -3 36 10 18 -8 -50 -2147483648 -2147483648 37 63 35 57 21 45 46 41 -2147483648 -2147483648 -2147483648 -2147483648 -2147483648 -2147483648 49 47 -2147483648 -2147483648 61 -41 -14 -61 -2147483648 -2147483648 -2147483648 -2147483648 -2147483648 -2147483648 -2147483648 -2147483648 -2147483648 -2147483648 -13 -57 -45 -56 -2147483648 -2147483648 -2147483648 -2147483648 -1 -40 -2147483648 -2147483648 -2147483648 -2147483648 -2147483648 -2147483648 -2147483648 -2147483648 -55 -62 -2147483648 -2147483648 -2147483648 -2147483648 -2147483648 -2147483648 -2147483648 -2147483648 -46 -60 -58 -64 -2147483648 -2147483648 -52 -53 -2147483648 -2147483648 -2147483648 -2147483648 -2147483648 -2147483648 -30 -38 -9 -12 -11 -20 -2147483648 -2147483648 -2147483648 -2147483648 -2147483648 -2147483648 -2147483648 -2147483648 -5 -39 -35 -65 -18 -37 -27 -59 -10 -23 -22 -47 -16 -48 -34 -43 -2147483648 -2147483648 -2147483648 -2147483648 -2147483648 -2147483648 -2147483648 -2147483648 -2147483648 -2147483648 -2147483648 -2147483648 -24 -51 -32 -49 -2147483648 -2147483648 -2147483648 -2147483648 -31 -63 -2147483648 -2147483648 -2147483648 -2147483648 -2147483648 -2147483648 -2147483648 -2147483648 -2147483648 -2147483648 -2147483648 -2147483648 -2147483648 -2147483648 -2147483648 -2147483648 -2147483648 -2147483648 -2147483648 -2147483648 -2147483648 -2147483648 -2147483648 -2147483648 -2147483648 -2147483648 -2147483648 -2147483648 -2147483648 -2147483648 -2147483648 -2147483648 -2147483648 -2147483648 -2147483648 -2147483648 -2147483648 -2147483648 -2147483648 -2147483648 -2147483648 -2147483648
split_feature= 1 1 1 6 6 3 7 8 1 8 7 1 1 1 6 2 3 6 7 2 7 8 6 2 6 2 7 8 7 2 1 3 8 6 8 7 2 7 6 6 8 7 7 2 6 8 7 7 7 7 2 6 1 3 5 1 7 8 8 6 7 7 3 8
split_gain= 3013.89 755.313 549.335 468.544 191.326 141.694 136.535 120.341 113.268 66.5933 116.769 61.4653 58.2921 56.5001 47.054 41.0315 36.6968 36.4197 35.7224 29.1644 28.6436 33.7645 25.9144 25.4481 25.1233 24.4821 20.222 22.6156 19.9986 14.8504 14.3778 14.2498 12.9164 12.5649 12.3761 10.4566 8.54795 7.66387 7.5956 7.35168 7.25225 7.02712 6.9273 6.82102 6.13391 5.04556 4.07499 3.97512 3.94425 3.73716 3.43034 8.53476 3.17785 2.96387 2.67114 2.57801 1.9012 1.85283 1.71545 1.24739 1.02836 0.971555 0.740958 0.692369
threshold= 5.0387000000000013 2.7820000000000005 6.8672000000000013 2.4136952392348086 2.5763869593405579 3.8792159595040387 37.935000000000009 -122.33499999999999 3.8346500000000003 -117.98499999999999 34.155000000000008 8.0125000000000011 5.8308000000000009 2.2210000000000005 3.016322398451238 16.500000000000004 4.8809487864875196 2.8941056667066012 33.695000000000007 26.500000000000004 37.875000000000007 -122.21499999999999 2.0653737590585881 32.500000000000007 2.2982753493904258 44.500000000000007 37.935000000000009 -118.21499999999999 37.765000000000008 17.500000000000004 6.1634000000000002 4.3645181386446135 -121.48499999999999 3.2651338971106418 -122.35499999999998 34.415000000000006 47.500000000000007 37.915000000000006 1.6125326273398461 2.9291766686969298 -117.79499999999999 34.525000000000013 38.035000000000004 21.500000000000004 1.9139224725972623 -122.40499999999999 37.915000000000006 37.615000000000002 38.765000000000008 38.005000000000003 26.500000000000004 1.9322222929778572 5.6402500000000009 3.0522493994321906 139.50000000000003 9.1688500000000008 34.105000000000011 -122.40499999999999 -118.35499999999998 3.1424162072895592 34.595000000000006 37.925000000000004 19.048314718787399 -122.24499999999999
decision_type= 2 2 2 2 2 2 2 2 2 2 2 2 2 2 2 2 2 2 2 2 2 2 2 2 2 2 2 2 2 2 2 2 2 2 2 2 2 2 2 2 2 2 2 2 2 2 2 2 2 2 2 2 2 2 2 2 2 2 2 2 2 2 2 2
left_child=1 5 4 6 15 17 7 28 16 10 -9 19 29 44 20 52 33 26 -11 -4 21 -10 -17 59 50 35 27 38 -3 -6 49 -26 46 37 48 -18 -30 -5 -1 61 53 -34 43 55 -7 -22 -16 -32 -8 -24 -15 -52 -2 -19 -45 -13 58 -27 -46 -14 -55 -31 -58 -35
right_child=2 3 11 8 12 13 34 9 14 18 -12 42 23 24 32 22 25 40 -20 -21 45 -23 30 -25 31 57 -28 -29 36 39 47 -33 41 63 -36 -37 -38 -39 -40 -41 -42 -43 -44 54 56 -47 -48 -49 -50 -51 51 -53 -54 60 -56 -57 62 -59 -60 -61 -62 -63 -64 -65
leaf_value= 0.094183330660065012 0.020607610149434893 0.084448646726411614 0.093035864014317904 -0.00029256622055594988 0.00047475709283740771 -0.038164243997648513 0.03144128769916673 0.094532280040520916 0.08229348909561382 0.028012916257861155 0.026102418585032924 0.12490574170190555 0.061661243891875661 -0.039312014512776244 0.021060603325331245 0.16575424312485743 -0.03152475181478722 -0.012882430347994531 -0.040420690995544711 0.14980261984629314 0.018982013317549395 0.013608844169137546 0.093822662815788174 0.10338583578803129 -0.031824662894883275 0.045530437003998531 -0.065408611333748298 -0.02840544503845234 0.096291153389832074 0.055558265669500097 0.16153163766159731 -0.063003307498085734 -0.017710842752417879 0.029063131742179393 -0.041041494141577442 -0.053556638768292253 0.18749377162425551 -0.054902395184655665 0.016224434306441316 0.018615144485007284 -0.07912424825812861 -0.04847950942462835 0.043098802641034134 0.090585032793191772 0.035924151763319971 -0.031348467941316058 -0.028486161107478078 0.08413185529924673 -0.06000381846319406 0.0024803063832223417 0.049007501887778443 -0.022576711307467596 0.078923257546283418 -0.035444578940141316 0.18715849034259657 0.17317217271578941 -0.084331472076252648 -0.013034883975308007 -0.068517614836471341 0.035515999475358433 -0.069047702024145438 0.0004155482392053347 0.010173325714739887 -0.034703530307431153
leaf_weight=30 74 86 294 658 342 99 83 456 99 279 653 104 350 191 196 109 648 186 145 198 72 1066 321 154 303 42 67 184 29 285 85 1129 754 25 217 1047 77 61 299 380 93 218 9.9999999999999982 12.999999999999998 9.9999999999999982 239 73 29 19 15.999999999999998 48 119 69 443 326 95 1228 127 545 261 111 37 10.999999999999998 495
leaf_count=30 74 86 294 658 342 99 83 456 99 279 653 104 350 191 196 109 648 186 145 198 72 1066 321 154 303 42 67 184 29 285 85 1129 754 25 217 1047 77 61 299 380 93 218 10 13 10 239 73 29 19 16 48 119 69 443 326 95 1228 127 545 261 111 37 11 495
model_size=7200
internal_value=0 -0.0223997 0.0817286 -0.00285122 0.0562193 -0.0525663 0.0387289 0.0502019 -0.0174543 0.0405129 0.0542395 0.143344 0.038617 -0.0632161 -0.00196747 0.101514 -0.0310146 -0.0248077 0.00460991 0.115881 0.0111982 0.0194456 0.114989 0.0611406 -0.0495064 -0.040904 -0.00333168 0.00477584 0.127563 0.0221126 0.10272 -0.0564062 -0.0176262 -0.0161366 -0.0233118 -0.0451338 0.162542 -0.00492567 0.0233331 0.0326542 -0.039761 -0.0246116 0.168 0.170321 -0.0761797 -0.0196964 0.00761483 0.141842 0.0144074 0.0894859 -0.0219074 -0.00200161 0.0487459 -0.034814 0.183455 0.147948 -0.0782776 0.00151981 -0.0666358 0.0504928 -0.0421773 0.049222 -0.0834924 -0.0316378
internal_weight=0 12960 3552 7864 2512 5096 2044 1725 5820 1533 1109 1040 1809 3683 2717 703 3103 1413 424 492 1476 1165 560 765 1790 1864 580 513 192 1044 451 1432 1241 1239 319 1695 106 719 329 702 833 972 548 538 1893 311 269 114 102 337 358 167 143 740 339 199 1794 169 555 611 554 322 1239 520
internal_count=16512 12960 3552 7864 2512 5096 2044 1725 5820 1533 1109 1040 1809 3683 2717 703 3103 1413 424 492 1476 1165 560 765 1790 1864 580 513 192 1044 451 1432 1241 1239 319 1695 106 719 329 702 833 972 548 538 1893 311 269 114 102 337 358 167 143 740 339 199 1794 169 555 611 554 322 1239 520
is_linear=0
shrinkage=0.1


end of trees

feature_importances:
Column_7=89
Column_8=73
Column_6=63
Column_1=62
Column_2=45
Column_3=13
Column_5=9
Column_4=8

parameters:
[boosting: gbdt]
[objective: regression]
[metric: rmse]
[tree_learner: serial]
[device_type: cpu]
[data_sample_strategy: bagging]
[data: data/california_housing.libsvm.train]
[valid: data/california_housing.libsvm.test]
[num_iterations: 5]
[learning_rate: 0.1]
[num_leaves: 255]
[num_threads: 0]
[seed: 42]
[deterministic: 0]
[force_col_wise: 0]
[force_row_wise: 0]
[histogram_pool_size: -1]
[max_depth: 7]
[min_data_in_leaf: 10]
[min_sum_hessian_in_leaf: 0.001]
[bagging_fraction: 1]
[pos_bagging_fraction: 1]
[neg_bagging_fraction: 1]
[bagging_freq: 0]
[bagging_seed: 400]
[feature_fraction: 1]
[feature_fraction_bynode: 1]
[feature_fraction_seed: 30056]
[extra_trees: 0]
[extra_seed: 12879]
[early_stopping_round: 0]
[early_stopping_min_delta: 0]
[first_metric_only: 0]
[max_delta_step: 0]
[lambda_l1: 0]
[lambda_l2: 0]
[linear_lambda: 0]
[min_gain_to_split: 0]
[drop_rate: 0.1]
[max_drop: 50]
[skip_drop: 0.5]
[xgboost_dart_mode: 0]
[uniform_drop: 0]
[drop_seed: 17869]
[top_rate: 0.2]
[other_rate: 0.1]
[min_data_per_group: 100]
[max_cat_threshold: 32]
[cat_l2: 10]
[cat_smooth: 10]
[max_cat_to_onehot: 4]
[top_k: 20]
[monotone_constraints: ]
[monotone_constraints_method: basic]
[monotone_penalty: 0]
[feature_contri: ]
[forcedsplits_filename: ]
[refit_decay_rate: 0.9]
[tinygbdt_penalty_feature: 1]
[tinygbdt_penalty_split: 0.00195312]
[tinygbdt_forestsize: 64000]
[tinygbdt_precision: 7]
[cegb_tradeoff: 1]
[cegb_penalty_split: 0]
[cegb_penalty_feature_lazy: ]
[cegb_penalty_feature_coupled: ]
[path_smooth: 0]
[interaction_constraints: ]
[verbosity: 2]
[saved_feature_importance_type: 0]
[use_quantized_grad: 0]
[num_grad_quant_bins: 4]
[quant_train_renew_leaf: 0]
[stochastic_rounding: 1]
[linear_tree: 0]
[max_bin: 255]
[max_bin_by_feature: ]
[min_data_in_bin: 3]
[bin_construct_sample_cnt: 200000]
[data_random_seed: 175]
[is_enable_sparse: 1]
[enable_bundle: 1]
[use_missing: 1]
[zero_as_missing: 0]
[feature_pre_filter: 1]
[pre_partition: 0]
[two_round: 0]
[header: 0]
[label_column: ]
[weight_column: ]
[group_column: ]
[ignore_column: ]
[categorical_feature: ]
[forcedbins_filename: ]
[precise_float_parser: 0]
[parser_config_file: ]
[objective_seed: 16083]
[num_class: 1]
[is_unbalance: 0]
[scale_pos_weight: 1]
[sigmoid: 1]
[boost_from_average: 1]
[reg_sqrt: 0]
[alpha: 0.9]
[fair_c: 1]
[poisson_max_delta_step: 0.7]
[tweedie_variance_power: 1.5]
[lambdarank_truncation_level: 30]
[lambdarank_norm: 1]
[label_gain: ]
[lambdarank_position_bias_regularization: 0]
[eval_at: ]
[multi_error_top_k: 1]
[auc_mu_weights: ]
[num_machines: 1]
[local_listen_port: 12400]
[time_out: 120]
[machine_list_filename: ]
[machines: ]
[gpu_platform_id: -1]
[gpu_device_id: -1]
[gpu_use_dp: 0]
[num_gpu: 1]

end of parameters
