tree
version=v4
num_class=1
num_tree_per_iteration=1
label_index=0
max_feature_idx=8
objective=regression
feature_names=Column_0 Column_1 Column_2 Column_3 Column_4 Column_5 Column_6 Column_7 Column_8
feature_infos=none [0.49990000000000001:15.0001] [1:52] [0.88888888888888884:141.90909090909091] [0.33333333333333331:25.63636363636364] [3:35682] [0.69230769230769229:1243.333333333333] [32.549999999999997:41.950000000000003] [-124.34999999999999:-114.31]
tree_sizes=3000 3074 3151 2881 2959 3085 3165 2807 2976 2915 2978 2541 2550 2650 2426 2576 2551 2639 2406 2403 2334 1865 2484 2057 2207 1943 2155 1864 1929 1651 1867 1513 2012 1379 1938 1060 1517 1514 377 1851 917 379

Tree=0
num_leaves= 32
num_cat= 0
full_tree_array_lgbids= 0 1 2 5 3 4 10 9 11 6 7 15 12 19 22 14 13 24 20 25 8 18 16 27 17 26 21 30 29 23 28 -1 -16 -11 -15 -7 -26 -13 -22 -3 -27 -8 -10 -5 -20 -9 -18 -2 -29 -17 -19 -6 -28 -14 -23 -4 -32 -21 -31 -12 -25 -24 -30
split_feature= 1 1 1 6 6 3 2 1 7 1 1 1 1 6 3 2 6 6 2 2 6 2 1 2 7 1 6 1 5 7 4
split_gain= 6980.71 1678.2 1285.18 969.378 424.519 311.44 227.104 206.028 180.445 174.247 149.314 130.165 114.112 106.01 104.537 100.922 98.7203 88.6924 78.6129 66.5789 60.2588 36.9956 26.7619 30.4431 26.6908 24.2456 23.9414 21.6107 19.1575 9.50748 2.66852
threshold= 5.0387000000000013 3.0679500000000002 6.8672000000000013 2.3489548886254448 2.671038674349933 4.3101408005062494 24.500000000000004 4.0775500000000013 37.815000000000005 2.2210000000000005 7.852450000000001 2.4115000000000006 5.7307500000000013 2.4907552973342448 3.449226804123712 19.500000000000004 2.9005380231986346 2.0653737590585881 43.500000000000007 26.500000000000004 2.2906328481453726 27.500000000000004 8.7395500000000013 28.500000000000004 35.335000000000008 3.5330000000000008 2.9742256672023202 5.6402500000000009 139.50000000000003 37.645000000000003 1.0103851166134901
decision_type= 2 2 2 2 2 2 2 2 2 2 2 2 2 2 2 2 2 2 2 2 2 2 2 2 2 2 2 2 2 2 2
left_child=1 5 4 6 15 9 25 18 -8 14 19 24 26 -11 -1 27 -9 -17 -5 30 -13 -14 23 -12 -7 -3 -6 -2 -24 -21 -4
right_child=2 3 10 7 12 11 8 16 -10 13 22 20 21 -15 -16 17 -18 -19 -20 29 -22 -23 28 -25 -26 -27 -28 -29 -30 -31 -32
leaf_value= 2.0405687631288161 2.122367892078735 2.0619325518895399 2.1860943173854421 2.0293758741925956 2.1246833370498446 1.9807571227445304 2.1984147209355398 2.1002101309481218 2.0795283240852767 2.0970408790997888 2.2611911907323741 2.043693994763716 2.1410397950488846 2.0327038778370752 1.9814897297846104 2.3293276008777508 2.055796547371648 2.2183144165789459 2.080533949453383 2.3136092887030801 1.9920349409095919 2.1974100577568745 2.2256631944098948 2.3423931801380187 1.9518240180001829 2.1119780300641722 2.0841198818403921 2.1915848606410337 2.348659992346585 2.2369779892674675 2.2272434057145407
leaf_weight=503 128 198 107 2717 312 636 733 1016 163 430 147 309 586 767 899 91 1158 572 377 129 1491 187 19 97 1194 369 516 120 346 39 156
leaf_count=503 128 198 107 2717 312 636 733 1016 163 430 147 309 586 767 899 91 1158 572 377 129 1491 187 19 97 1194 369 516 120 346 39 156
model_size=3504
internal_value=2.07195 2.03789 2.19622 2.07259 2.15739 2.00039 2.1449 2.05251 2.17679 2.02716 2.28999 1.98123 2.12609 2.05582 2.00269 2.2124 2.07655 2.23355 2.03561 2.24376 2.0009 2.15468 2.32271 2.29347 1.96188 2.0945 2.0994 2.15586 2.34226 2.29582 2.2105
internal_weight=0 12960 3552 6731 2512 6229 1463 5268 896 2599 1040 3630 1601 1197 1402 911 2174 663 3094 431 1800 773 609 244 1830 567 828 248 365 168 263
internal_count=16512 12960 3552 6731 2512 6229 1463 5268 896 2599 1040 3630 1601 1197 1402 911 2174 663 3094 431 1800 773 609 244 1830 567 828 248 365 168 263
is_linear=0
shrinkage=1


Tree=1
num_leaves= 31
num_cat= 0
full_tree_array_lgbids= 0 1 2 5 3 4 12 13 6 7 9 18 16 19 23 14 29 8 10 27 11 17 15 24 20 22 21 26 25 -14 28 -1 -16 -15 -31 -7 -10 -8 -12 -3 -29 -9 -13 -5 -19 -11 -17 -2 -26 -20 -22 -6 -24 -18 -23 -4 -28 -21 -27 -2147483648 -2147483648 -25 -30
split_feature= 1 1 1 6 6 6 7 2 8 1 8 6 1 7 8 6 1 2 2 2 6 2 6 5 1 7 1 7 6 7
split_gain= 5653.72 1456.74 940.811 826.98 317.044 305.097 219.102 214.386 172.927 167.471 134.693 132.552 119.434 111.022 127.513 102.012 77.0844 74.52 73.8603 73.6161 55.6342 32.9495 21.107 12.798 12.2281 7.92833 7.56344 6.3234 3.89163 0.207169
threshold= 5.1326000000000009 3.1792500000000001 6.8672000000000013 2.2982753493904258 2.6585924622132828 2.1628386478062818 34.455000000000005 19.500000000000004 -117.77499999999999 4.1119000000000012 -121.63499999999998 1.9628175980828908 8.4454500000000028 37.935000000000009 -118.24499999999999 2.8335312747426764 5.8308000000000009 47.500000000000007 21.500000000000004 26.500000000000004 2.2038024706228287 27.500000000000004 3.1262267671728927 70.000000000000014 5.6402500000000009 37.645000000000003 7.3930000000000016 37.955000000000005 3.1747392355722384 38.815000000000005
decision_type= 2 2 2 2 2 2 2 2 2 2 2 2 2 2 2 2 2 2 2 2 2 2 2 2 2 2 2 2 2 2
left_child=1 5 4 7 18 13 8 27 -7 17 -8 -9 19 14 -1 -11 22 -5 24 26 -20 -18 -6 -14 -2 -21 -4 -3 -25 -15
right_child=2 3 12 9 16 6 10 11 -10 15 -12 -13 23 29 -16 -17 21 -19 20 25 -22 -23 -24 28 -26 -27 -28 -29 -30 -31
leaf_value= 0.044230430953254636 0.051710352190187048 0.021716185106585423 0.11257013540252361 -0.033517635639986235 0.048827385960445342 -0.032418481581660212 -0.062115720910071164 0.16254536505971776 -0.086464694131891839 0.033086021130256597 -0.10739158312721281 0.077517444901220187 0.10762568108427029 -0.060880741065378358 -0.039420649286328324 -0.010822406174656622 0.064840007462105109 0.030431795661703398 0.22015546661538954 0.22502748265708844 0.13662539405426799 0.12128281233978436 0.010032595539933747 0.25069624308012767 0.11076683308929205 0.16209582549591478 0.15471344836835946 -0.036636348605155945 0.20779113991926593 -0.10328082793857903
leaf_weight=447 107 300 153 2681 418 1871 1128 305 928 1009 1827 539 11.999999999999998 181 343 1321 524 219 117 194 423 172 367 331 131 52 215 50 83 64
leaf_count=447 107 300 153 2681 418 1871 1128 305 928 1009 1827 539 12 181 343 1321 524 219 117 194 423 172 367 331 131 52 215 50 83 64
model_size=3392
internal_value=0 -0.02926 0.117191 0.00497081 0.0807981 -0.0616504 -0.0707621 0.0804366 -0.0503373 -0.0122579 -0.0901086 0.108244 0.19624 -0.0109948 0.00791104 0.00819202 0.0532941 -0.0286884 0.133154 0.167054 0.154724 0.0787885 0.0306902 0.238307 0.0842162 0.211725 0.137192 0.0133801 0.242094 -0.0719567
internal_weight=0 13213 3299 6424 2259 6789 5754 1194 2799 5230 2955 844 1040 1035 790 2330 1481 2900 778 614 540 696 785 426 238 246 368 350 414 245
internal_count=16512 13213 3299 6424 2259 6789 5754 1194 2799 5230 2955 844 1040 1035 790 2330 1481 2900 778 614 540 696 785 426 238 246 368 350 414 245
is_linear=0
shrinkage=0.1


Tree=2
num_leaves= 32
num_cat= 0
full_tree_array_lgbids= 0 1 2 6 3 4 8 13 10 5 9 17 16 11 22 19 28 21 15 7 29 14 12 25 18 20 27 26 30 23 24 -1 -21 -15 -30 -8 -23 -12 -17 -3 -9 -7 -31 -5 -16 -11 -14 -2 -27 -19 -20 -6 -22 -18 -29 -4 -28 -13 -32 -10 -25 -24 -26
split_feature= 1 1 1 6 6 7 3 8 1 1 1 2 2 6 3 6 6 2 6 8 2 6 2 1 5 5 6 1 8 8 6
split_gain= 4590.52 1120.33 857.431 688.377 237.076 225.464 203.23 182.749 180.532 146.883 102.734 94.591 79.1468 73.4839 69.0253 61.5239 49.187 45.3677 50.3498 38.7497 24.2078 19.0189 16.4109 12.1683 10.3941 10.0225 9.80374 8.3584 7.90716 5.20023 4.59397
threshold= 5.0387000000000013 2.8762500000000002 6.3963500000000009 2.4136952392348086 2.5827178004959954 37.995000000000012 3.8792159595040387 -122.35499999999998 7.852450000000001 3.8346500000000003 2.2948000000000004 26.500000000000004 42.500000000000007 3.0973600929976173 5.1947827066293142 2.2906328481453726 3.0375944537846187 21.500000000000004 2.0653737590585881 -117.145 20.500000000000004 2.1718174014038287 20.500000000000004 9.1688500000000008 139.50000000000003 358.50000000000006 2.6585924622132828 5.6851000000000012 -117.79499999999999 -122.27499999999999 2.2820667453403218
decision_type= 2 2 2 2 2 2 2 2 2 2 2 2 2 2 2 2 2 2 2 2 2 2 2 2 2 2 2 2 2 2 2
left_child=1 6 4 5 17 7 13 -3 11 14 21 26 -11 19 -5 -12 20 25 -19 -1 -6 -8 23 -10 -24 -2 -4 -18 -15 -7 -13
right_child=2 3 8 9 16 29 10 -9 22 12 15 30 -14 28 -16 -17 27 18 -20 -21 -22 -23 24 -25 -26 -27 -28 -29 -30 -31 -32
leaf_value= 0.0049431311228497277 -0.032807712559588253 0.15525302710059363 0.14084475033302257 -0.021756683590240855 0.028230403204931018 -0.0085063570053042735 -0.060645489713293081 0.050020475173194502 0.14853231923033794 -0.0097105011414146177 -0.017268745650373115 0.22271335677554213 0.048191479024689475 -0.047618668565411859 -0.05477748556130882 -0.06618015511440789 0.0064548819710920071 0.21353098875597906 0.11639004326505781 -0.07594990942899775 0.072191242709795947 -0.094691603641533117 0.10804279883702597 0.2121658910191461 0.22251148384886901 0.079527981925297891 0.091775990409602978 0.037027274828742698 -0.098404657180820199 -0.05778816729577671 0.16594247938094972
leaf_weight=605 15.999999999999998 195 94 1556 249 85 273 1509 120 2424 363 48 293 699 1309 1511 434 76 348 82 529 1819 14.999999999999998 89 385 179 397 309 70 167 264
leaf_count=605 16 195 94 1556 249 85 273 1509 120 2424 363 48 293 699 1309 1511 434 76 348 82 529 1819 15 89 385 179 397 309 70 167 264
model_size=3504
internal_value=0 -0.027629 0.100809 -0.00259932 0.0607028 0.0487636 -0.0624268 0.0620629 0.161592 -0.0205975 -0.0743991 0.12973 -0.00346638 -0.0298153 -0.0368437 -0.0567059 0.0390936 0.113801 0.133802 -0.00471222 0.0581215 -0.0902487 0.203603 0.17563 0.218219 0.0703107 0.10117 0.0191694 -0.0522416 -0.0411653 0.174676
internal_weight=0 12960 3552 7538 2140 1956 5422 1704 1412 5582 3966 803 2717 1456 2865 1874 1521 619 424 687 778 2092 609 209 400 195 491 743 769 252 312
internal_count=16512 12960 3552 7538 2140 1956 5422 1704 1412 5582 3966 803 2717 1456 2865 1874 1521 619 424 687 778 2092 609 209 400 195 491 743 769 252 312
is_linear=0
shrinkage=0.1


Tree=3
num_leaves= 28
num_cat= 0
full_tree_array_lgbids= 0 1 3 4 2 5 18 12 7 6 9 15 16 20 24 13 -14 10 11 23 8 14 17 26 19 21 22 25 -22 -20 -26 -1 -15 -2147483648 -2147483648 -6 -12 -9 -13 -3 -25 -8 -10 -4 -16 -11 -19 -2 -28 -17 -21 -7 -23 -18 -24 -5 -27 -2147483648 -2147483648 -2147483648 -2147483648 -2147483648 -2147483648
split_feature= 1 1 6 1 6 6 2 7 6 1 8 8 7 8 8 2 1 2 1 6 2 7 2 8 5 8 4
split_gain= 3743.29 1102.9 600.933 485.03 203.236 174.373 174.032 165.225 159.34 140.494 135.788 102.403 79.1235 93.1307 76.5403 57.7322 55.3707 46.304 37.2164 30.1621 28.6337 10.3884 8.57629 7.75261 7.45893 5.63943 4.82711
threshold= 5.3736000000000006 3.1913000000000005 2.4136952392348086 7.3930000000000016 2.1628386478062818 2.7472725830126556 19.500000000000004 34.455000000000005 1.9628175980828908 4.5301500000000017 -118.29499999999999 -121.63499999999998 37.935000000000009 -118.25499999999998 -122.38499999999998 21.500000000000004 6.2770500000000009 18.500000000000004 8.7395500000000013 2.2038024706228287 28.500000000000004 37.955000000000005 26.500000000000004 -117.26499999999999 70.000000000000014 -117.71499999999999 1.0671403331650682
decision_type= 2 2 2 2 2 2 2 2 2 2 2 2 2 2 2 2 2 2 2 2 2 2 2 2 2 2 2
left_child=1 4 6 5 12 15 23 10 -8 14 -6 -9 13 -1 -4 26 21 -11 20 -17 25 -7 -18 -3 -20 -5 -2
right_child=3 2 9 18 7 16 8 11 -10 17 -12 -13 -14 -15 -16 19 22 -19 24 -21 -22 -23 -24 -25 -26 -27 -28
leaf_value= 0.039451119854282381 0.050074562027042073 0.014673601934889589 0.030514567816019827 0.13942493334412576 0.005603701120295318 0.041814640331748476 0.14168041119293776 -0.049775768694974729 0.057326321117961099 -0.011524787454914474 -0.050956955529434571 -0.089487059237286545 -0.060546299341032929 -0.032641468240347297 -0.026036457895962137 0.19169570167078495 0.074722188845143797 0.028210208805655102 0.084323451295495039 0.12229882029350847 0.18767493025558751 -0.0098791204986628158 0.1249871934029986 -0.035042475343216216 0.20234714548918747 0.083465739440614903 0.097836052051910732
leaf_weight=445 133 394 290 205 564 668 320 1141 901 515 2266 1841 247 350 3289 97 350 1076 11.999999999999998 480 164 80 85 80 353 59 107
leaf_count=445 133 394 290 205 564 668 320 1141 901 515 2266 1841 247 350 3289 97 350 1076 12 480 164 80 85 80 353 59 107
model_size=3056
internal_value=0 -0.0215082 0.00693386 0.105646 -0.0499958 0.0791724 0.0589774 -0.0574411 0.0794339 -0.0101288 -0.0396848 -0.0742924 -0.00846804 0.00771224 -0.0214542 0.115577 0.0540309 0.0153482 0.172416 0.133965 0.150199 0.0362859 0.0845441 0.0062827 0.198467 0.126919 0.0713682
internal_weight=0 13719 6865 2793 6854 2000 1695 5812 1221 5170 2830 2982 1042 795 3579 817 1183 1591 793 577 428 748 435 474 365 264 240
internal_count=16512 13719 6865 2793 6854 2000 1695 5812 1221 5170 2830 2982 1042 795 3579 817 1183 1591 793 577 428 748 435 474 365 264 240
is_linear=0
shrinkage=0.1


Tree=4
num_leaves= 29
num_cat= 0
full_tree_array_lgbids= 0 1 3 4 2 7 18 11 5 8 13 17 16 22 23 12 26 6 10 24 9 14 15 27 19 20 21 -5 -24 25 -25 -1 -14 -13 -28 -6 -8 -7 -12 -3 -26 -10 -11 -4 -16 -15 -17 -2 -29 -19 -21 -9 -22 -18 -23 -2147483648 -2147483648 -2147483648 -2147483648 -20 -27 -2147483648 -2147483648
split_feature= 1 1 6 1 6 7 8 6 2 6 8 7 8 6 7 8 1 2 2 4 2 2 1 7 8 5 7 5
split_gain= 3051.36 1011.2 445.057 305.303 258.831 140.16 156.377 128.416 125.42 124.301 123.095 112.182 106.962 95.737 101.581 38.9326 36.4835 25.2988 18.6801 18.5242 16.752 12.1658 8.50086 4.74089 4.41133 3.90651 1.80081 1.68761
threshold= 5.6042500000000013 3.5488500000000003 2.4136952392348086 7.7055000000000016 2.2352443515477258 34.455000000000005 -117.77499999999999 2.6529733204757315 19.500000000000004 1.9628175980828908 -121.63499999999998 37.915000000000006 -122.31499999999998 2.9742256672023202 37.915000000000006 -121.48499999999999 6.3350000000000009 21.500000000000004 18.500000000000004 1.0435797675926601 36.500000000000007 25.500000000000004 8.7395500000000013 37.975000000000001 -117.98499999999999 139.50000000000003 39.505000000000003 565.50000000000011
decision_type= 2 2 2 2 2 2 2 2 2 2 2 2 2 2 2 2 2 2 2 2 2 2 2 2 2 2 2 2
left_child=1 4 8 7 11 6 -6 17 24 -10 -7 12 -1 14 -4 -15 20 27 22 -19 -9 -18 -5 25 -3 -20 -13 -2
right_child=3 2 13 18 5 10 -8 16 9 -11 -12 26 -14 15 -16 -17 21 19 23 -21 -22 -23 -24 -25 -26 -27 -28 -29
leaf_value= 0.12221329533233401 0.028301499305026873 0.030065627903550985 0.024989935387350698 0.10462860146520335 -0.01853103332494694 -0.039557564729227793 -0.066178408721960041 0.038478877448761661 0.1500604770951352 0.063741580624560895 -0.079747494244217509 -0.046716997668674737 0.0036107076454320389 0.010885972737028085 -0.028745861697969922 -0.024781538724009646 0.070774336081202927 0.11803735209179844 0.084424182000969142 0.17231076394214112 0.1151922637358942 0.11430292948549968 0.16263628825545312 0.060582439601421359 -0.0078481021603303298 0.18149983691463167 -0.093965262226891111 0.095506151175086818
leaf_weight=89 28 230 1823 109 2253 1361 1075 589 236 736 2043 293 1099 483 484 1690 373 253 13.999999999999998 147 47 158 98 9.9999999999999982 154 439 57 141
leaf_count=89 28 230 1823 109 2253 1361 1075 589 236 736 2043 293 1099 483 484 1690 373 253 14 147 47 158 98 10 154 439 57 141
model_size=3168
internal_value=0 -0.0177795 0.0142316 0.104238 -0.0403692 -0.0489682 -0.0339219 0.0817907 0.0649222 0.0846997 -0.0636786 -0.00273014 0.0124959 -0.00111143 0.0137164 -0.0168536 0.0621566 0.12206 0.162402 0.137983 0.0441479 0.0837263 0.132091 0.175953 0.0148606 0.1785 -0.0544117 0.0843717
internal_weight=0 14106 5836 2406 8270 6732 3328 1736 1356 972 3404 1538 1188 4480 2307 2173 1167 569 670 400 636 531 207 463 384 453 350 169
internal_count=16512 14106 5836 2406 8270 6732 3328 1736 1356 972 3404 1538 1188 4480 2307 2173 1167 569 670 400 636 531 207 463 384 453 350 169
is_linear=0
shrinkage=0.1


Tree=5
num_leaves= 31
num_cat= 0
full_tree_array_lgbids= 0 2 1 5 3 4 10 18 15 6 7 11 13 12 23 19 29 -7 17 21 9 8 20 22 14 25 16 27 26 24 28 -1 -21 -20 -31 -2147483648 -2147483648 -17 -19 -4 -23 -8 -11 -5 -10 -9 -22 -2 -24 -13 -16 -6 -27 -15 -18 -3 -29 -14 -28 -12 -26 -25 -30
split_feature= 1 1 1 6 6 3 2 7 8 7 1 2 2 2 6 1 8 3 8 7 7 1 1 8 7 1 7 6 1 7
split_gain= 2524.16 649.926 492.705 377.678 209.988 130.674 122.59 117.617 201.804 107.408 96.5599 53.0458 52.483 49.085 43.0719 41.8386 40.6036 30.2758 22.3811 26.3496 12.8472 10.544 10.3773 9.65794 6.29776 6.08618 5.50586 3.74813 2.79236 0.647744
threshold= 4.5301500000000017 6.3350000000000009 2.5894500000000007 2.2634687595142249 2.5219735498882589 3.6482937607122259 24.500000000000004 37.935000000000009 -122.24499999999999 37.815000000000005 7.852450000000001 21.500000000000004 26.500000000000004 16.500000000000004 2.0653737590585881 1.9486000000000003 -117.65499999999999 4.4053436317780594 -118.27499999999999 37.935000000000009 39.355000000000011 3.3627000000000002 5.6402500000000009 -118.00499999999998 38.275000000000013 5.4090500000000015 37.615000000000002 3.102783329035586 10.027200000000002 34.115000000000002
decision_type= 2 2 2 2 2 2 2 2 2 2 2 2 2 2 2 2 2 2 2 2 2 2 2 2 2 2 2 2 2 2
left_child=2 4 5 6 11 18 21 8 -5 -8 12 22 27 25 -13 -7 -15 -17 19 -1 -9 -4 -2 24 -12 -6 -14 -3 -25 -20
right_child=1 10 3 7 13 15 9 20 -10 -11 23 14 26 16 -16 17 -18 -19 29 -21 -22 -23 -24 28 -26 -27 -28 -29 -30 -31
leaf_value= 0.012117743446681969 0.026387971632642556 0.086721207711870141 -0.022766390073372694 0.068901415246001643 -0.01534550204371116 -0.076937605413698873 0.078091628408663308 -0.044191697640284446 -0.018588063996571074 -0.014713074940716825 0.16142517784384244 0.15929437564988425 0.13916502346720019 0.036356595472336307 0.084308684760524139 -0.032345609938452445 -0.023574759521974954 -0.061672576009657913 -0.041331448148151761 -0.070280750903378555 -0.082670796677642489 0.015683887259926723 0.089867827136601727 0.097456802301032042 0.036175973638892175 0.014511714554519382 0.088971205077895493 0.055337619562262456 0.15777188125921757 0.013646502265972752
leaf_weight=397 204 304 244 293 404 1326 728 1008 4591 166 453 117 261 1626 445 689 151 1357 380 60 173 289 63 97 9.9999999999999982 292 74 226 49 35
leaf_count=397 204 304 244 293 404 1326 728 1008 4591 166 453 117 261 1626 445 689 151 1357 380 60 173 289 63 97 10 292 74 226 49 35
model_size=3392
internal_value=0 0.0613988 -0.0249864 -0.00942485 0.0365819 -0.0524575 0.0374113 -0.0204447 -0.0133394 0.0608594 0.116993 0.0810611 0.0945381 0.0216716 0.0999196 -0.061683 0.0312639 -0.0517966 -0.0167826 0.00129956 -0.0498283 -0.00191812 0.0413664 0.148886 0.15872 -0.0028192 0.128077 0.0733388 0.1177 -0.0366948
internal_weight=0 4776 11736 7492 3302 4244 1427 6065 4884 894 1474 829 865 2473 562 3372 1777 2046 872 457 1181 533 267 609 463 696 335 530 146 415
internal_count=16512 4776 11736 7492 3302 4244 1427 6065 4884 894 1474 829 865 2473 562 3372 1777 2046 872 457 1181 533 267 609 463 696 335 530 146 415
is_linear=0
shrinkage=0.1


Tree=6
num_leaves= 32
num_cat= 0
full_tree_array_lgbids= 0 2 1 7 3 4 9 10 17 8 5 15 14 13 21 16 26 24 22 23 11 6 12 20 18 19 25 29 28 27 30 -1 -18 -12 -28 -9 -26 -19 -24 -4 -25 -10 -13 -5 -8 -7 -14 -2 -22 -17 -20 -6 -21 -16 -27 -3 -31 -15 -30 -11 -29 -23 -32
split_feature= 1 1 1 6 6 6 7 3 2 1 6 7 8 2 6 2 7 1 6 7 5 2 7 2 6 7 3 1 7 8 5
split_gain= 2043.47 473.392 445.956 310.94 161.846 111.645 122.662 111.031 90.2799 76.7337 47.4078 45.3877 36.3853 34.3053 34.2441 30.8265 29.8615 26.8436 25.2853 24.1877 11.4416 10.9035 10.583 6.74967 6.05906 5.94877 5.26277 3.10966 2.75111 2.27462 1.00098
threshold= 4.6754000000000007 6.3350000000000009 2.7820000000000005 2.0653737590585881 2.5288691539219195 2.8079590171801518 37.935000000000009 4.2015099382944241 24.500000000000004 7.7055000000000016 3.0973600929976173 37.815000000000005 -122.38499999999998 26.500000000000004 3.0375944537846187 21.500000000000004 37.915000000000006 2.2210000000000005 2.0653737590585881 37.955000000000005 374.50000000000006 18.500000000000004 39.285000000000004 16.500000000000004 1.9139224725972623 37.775000000000013 3.0522493994321906 8.7395500000000013 37.615000000000002 -122.21499999999999 139.50000000000003
decision_type= 2 2 2 2 2 2 2 2 2 2 2 2 2 2 2 2 2 2 2 2 2 2 2 2 2 2 2 2 2 2 2
left_child=2 4 7 8 15 6 -5 10 23 13 16 -10 -7 29 19 20 -1 24 -17 -6 -2 27 -19 -4 -9 -16 -12 -11 -15 -3 -23
right_child=1 9 3 5 14 12 -8 17 11 21 26 -13 -14 28 25 18 -18 22 -20 -21 -22 30 -24 -25 -26 -27 -28 -29 -30 -31 -32
leaf_value= 0.00065983255087263869 -0.049601518066430636 0.12282101167365909 -0.0091218944708677304 0.014145867438672664 0.041437206233333794 0.020198097734728124 -0.034513449352058169 -0.024725580987287686 0.097678376860178842 0.082690661315114128 -0.01440191029484362 -0.0030285400464274592 -0.028751953655824215 0.12325026577856382 0.010604776331761968 0.14550110910413788 -0.056463738552161628 -0.041800419717467459 0.079781704702853257 -0.0065732157682342578 0.052292475594619581 0.062151350180308033 -0.080298383294831258 0.03536771849717181 -0.069602358802569611 -0.026435012695571733 -0.046071175034733527 0.13156080240649837 0.075997990531765897 0.06086450143024269 0.14604758157760703
leaf_weight=828 22 32 167 2261 982 203 739 80 409 109 172 62 3040 240 900 100 140 1371 397 170 208 14.999999999999998 148 156 1459 126 898 98 69 463 448
leaf_count=828 22 32 167 2261 982 203 739 80 409 109 172 62 3040 240 900 100 140 1371 397 170 208 15 148 156 1459 126 898 98 69 463 448
model_size=3504
internal_value=0 0.0586889 -0.0211818 -0.00469954 0.0350418 -0.0123062 0.00215946 -0.0439419 0.0551092 0.105293 -0.0251264 0.0844218 -0.0256879 0.0832518 0.0210227 0.0770413 -0.00760184 -0.0564815 0.0930049 0.0343523 0.0425461 0.131743 -0.0455514 0.0123653 -0.0672696 0.00605603 -0.0409804 0.105827 0.112699 0.0648698 0.14333
internal_weight=0 4379 12133 7037 2905 6243 3000 5096 794 1474 2038 471 3243 804 2178 727 968 3058 497 1152 230 670 1519 323 1539 1026 1070 207 309 495 463
internal_count=16512 4379 12133 7037 2905 6243 3000 5096 794 1474 2038 471 3243 804 2178 727 968 3058 497 1152 230 670 1519 323 1539 1026 1070 207 309 495 463
is_linear=0
shrinkage=0.1


Tree=7
num_leaves= 27
num_cat= 0
full_tree_array_lgbids= 0 1 3 4 2 6 16 13 7 5 11 15 19 20 25 23 14 8 9 10 22 12 17 -2 18 21 -21 24 -22 -18 -27 -1 -25 -15 -16 -6 -10 -9 -11 -3 -12 -7 -24 -4 -14 -13 -19 -2147483648 -2147483648 -17 -20 -8 -23 -2147483648 -2147483648 -5 -26 -2147483648 -2147483648 -2147483648 -2147483648 -2147483648 -2147483648
split_feature= 1 1 6 1 6 7 6 7 8 8 2 8 7 2 7 2 1 7 6 2 2 1 8 8 4 5
split_gain= 1677.85 485.108 277.169 219.079 127.803 116.853 94.0534 88.2432 122.7 116.75 86.9091 65.6344 73.5669 36.6081 33.3534 27.4042 17.7551 16.6215 16.503 14.9744 11.1612 10.4938 9.44079 7.45578 2.45539 1.17526
threshold= 5.2771000000000017 3.3941500000000002 2.5102460737381374 7.2638000000000007 2.0376051459673437 37.935000000000009 2.7472725830126556 34.455000000000005 -118.30499999999999 -120.09499999999998 19.500000000000004 -117.79499999999999 37.915000000000006 27.500000000000004 37.995000000000012 16.500000000000004 9.1688500000000008 33.655000000000008 2.2038024706228287 40.500000000000007 28.500000000000004 6.0886500000000003 -122.35499999999998 -118.10499999999998 1.0076024985240879 139.50000000000003
decision_type= 2 2 2 2 2 2 2 2 2 2 2 2 2 2 2 2 2 2 2 2 2 2 2 2 2 2
left_child=1 4 5 6 13 10 15 8 -6 -9 -3 12 -4 23 -15 -2 20 -13 -17 21 24 -8 -7 -1 -5 -18
right_child=3 2 11 16 7 22 19 9 -10 -11 -12 17 -14 14 -16 18 25 -19 -20 -21 -22 -23 -24 -25 -26 -27
leaf_value= -0.00087233108459730405 0.035181602943442102 0.0095133751819810996 0.0066557792858259954 0.059929515507467314 0.019024788756928191 0.01348789133909312 0.018152561065290836 -0.037166242882217891 -0.033400992497901245 -0.080998332730183559 0.066991117999503441 -0.018802332456592318 -0.03242874679591267 0.042458867770876964 -0.045042247543548887 0.12808231915169885 0.063552674180582955 -0.056632968458630473 0.078063466889777319 0.10124483890356306 0.12320745622106431 0.044097180631611076 -0.042746139536503441 -0.040168025470313319 0.098200953102104693 0.14055613164348821
leaf_weight=270 170 396 2665 132 584 91 686 2638 2713 874 1104 384 682 362 66 126 19 345 579 49 209 519 172 183 209 285
leaf_count=270 170 396 2665 132 584 91 686 2638 2713 874 1104 384 682 362 66 126 19 345 579 49 209 519 172 183 209 285
model_size=2944
internal_value=0 -0.0150099 0.00692984 0.0680755 -0.0316687 0.0406129 0.0505487 -0.0364728 -0.0241148 -0.0480743 0.051817 -0.00763916 -0.00130826 0.00546089 0.0289657 0.0769348 0.111769 -0.0367057 0.087003 0.0321372 0.0985183 0.029327 -0.0232887 -0.0167468 0.0833862 0.135743
internal_weight=0 13529 5839 2983 7690 1763 2129 6809 3297 3512 1500 4076 3347 881 428 875 854 729 705 1254 550 1205 263 453 341 304
internal_count=16512 13529 5839 2983 7690 1763 2129 6809 3297 3512 1500 4076 3347 881 428 875 854 729 705 1254 550 1205 263 453 341 304
is_linear=0
shrinkage=0.1


Tree=8
num_leaves= 29
num_cat= 0
full_tree_array_lgbids= 0 2 1 7 4 3 11 21 16 12 5 8 15 13 25 -1 22 17 19 23 14 6 10 -2 9 18 24 20 27 26 -27 -2147483648 -2147483648 -23 -24 -9 -19 -18 -21 -4 -25 -14 -16 -6 -8 -7 -12 -2147483648 -2147483648 -10 -11 -5 -20 -17 -26 -3 -22 -15 -29 -13 -28 -2147483648 -2147483648
split_feature= 1 1 1 6 6 2 3 3 2 6 8 1 2 6 7 1 7 8 8 8 2 7 7 8 6 7 8 1
split_gain= 1389.42 428.004 208.951 180.589 179.966 83.9483 77.048 72.3536 67.468 81.4373 54.4742 51.5642 38.4526 32.676 32.3473 29.1464 24.893 26.9131 22.2211 18.2666 16.4389 11.7237 8.76518 5.00362 4.89387 1.22291 0.593763 0.0064004
threshold= 4.125700000000001 6.2770500000000009 2.5205000000000006 2.735488224282792 2.0376051459673437 51.500000000000007 5.0372251488776927 3.3654435698213785 16.500000000000004 2.0653737590585881 -122.33499999999999 8.0125000000000011 22.500000000000004 3.0089663118548242 37.815000000000005 5.3357000000000001 35.335000000000008 -118.31499999999998 -122.33499999999999 -119.84499999999998 18.500000000000004 34.045000000000009 37.935000000000009 -118.29499999999999 3.1424162072895592 38.035000000000004 -118.05499999999999 6.8672000000000013
decision_type= 2 2 2 2 2 2 2 2 2 2 2 2 2 2 2 2 2 2 2 2 2 2 2 2 2 2 2 2
left_child=2 3 7 8 12 6 -6 21 -2 -10 -7 13 23 20 -14 18 17 -9 -5 -18 -3 -1 -23 -4 -17 26 -13 -15
right_child=1 11 4 15 5 10 -8 16 9 -11 -12 25 14 27 -16 24 19 -19 -20 -21 -22 22 -24 -25 -26 -27 -28 -29
leaf_value= -0.030647576985712251 0.0074628655329387929 0.051279095009960543 0.021855170956922965 0.045571148453370458 -0.0070381795858426707 0.095556884687558741 -0.032085986370513041 0.00029683722625290898 0.11586318490943606 0.046759336792280552 0.0033161082066492081 0.12120570066770904 0.068023322291236241 0.024642160446870381 -0.013758014769818812 0.035802416439723032 -0.049162035498761296 -0.042169591211996232 -0.0069194467480223568 -0.078689241056473791 0.096730882470386442 0.017981369283891494 -0.060417412311741803 -0.02674837619731469 0.0088242262993616649 0.0085302417352795604 0.089496221347815472 0.058125944629851628
leaf_weight=199 395 171 149 124 2663 113 2864 238 224 1274 225 403 408 172 74 427 1370 1345 1649 416 476 310 33 105 371 9.9999999999999982 135 169
leaf_count=199 395 171 149 124 2663 113 2864 238 224 1274 225 403 408 172 74 427 1370 1345 1649 416 476 310 33 105 371 10 135 169
model_size=3168
internal_value=0 0.038527 -0.0219903 0.022687 -0.0108937 -0.0168956 -0.0200175 -0.0407191 0.0467367 0.0570926 0.034154 0.0845622 0.0369338 0.0697109 0.0554677 0.00497941 -0.0465225 -0.0357849 -0.00324836 -0.0560396 0.0847181 -0.00464653 0.0104386 0.00176315 0.0232599 0.111338 0.113249 0.0412368
internal_weight=0 6000 10512 4464 6601 5865 5527 3911 1893 1498 338 1536 736 988 482 2571 3369 1583 1773 1786 647 542 343 254 798 548 538 341
internal_count=16512 6000 10512 4464 6601 5865 5527 3911 1893 1498 338 1536 736 988 482 2571 3369 1583 1773 1786 647 542 343 254 798 548 538 341
is_linear=0
shrinkage=0.1


Tree=9
num_leaves= 28
num_cat= 0
full_tree_array_lgbids= 0 2 1 7 3 6 13 12 17 4 8 10 18 14 26 15 24 21 -19 5 25 9 22 11 16 20 19 23 -16 -15 -28 -1 -17 -14 -26 -9 -23 -2147483648 -2147483648 -4 -7 -6 -27 -5 -11 -10 -24 -2 -13 -12 -18 -8 -22 -20 -21 -3 -25 -2147483648 -2147483648 -2147483648 -2147483648 -2147483648 -2147483648
split_feature= 1 1 1 6 7 8 6 3 8 7 7 8 6 2 1 7 8 7 8 7 7 6 7 6 8 8 7
split_gain= 1126.69 267.773 225.73 177.07 106.615 120.967 98.0051 66.4037 37.2123 52.0194 35.1159 44.7939 34.5977 33.8018 24.5086 20.6185 19.531 16.5811 16.0217 52.1892 16.0032 9.0006 7.853 6.79413 5.11816 3.4348 1.57766
threshold= 4.5301500000000017 6.3963500000000009 2.7820000000000005 2.5763869593405579 37.935000000000009 -122.40499999999999 2.735488224282792 4.3101408005062494 -117.79499999999999 37.895000000000003 37.925000000000004 -118.30499999999999 2.8335312747426764 29.500000000000004 9.1688500000000008 37.915000000000006 -122.38499999999998 39.285000000000004 -121.52499999999999 34.655000000000008 37.915000000000006 2.8751854599406532 33.715000000000011 2.6585924622132828 -117.79499999999999 -122.35499999999998 37.985000000000007
decision_type= 2 2 2 2 2 2 2 2 2 2 2 2 2 2 2 2 2 2 2 2 2 2 2 2 2 2 2
left_child=2 6 7 4 5 -4 10 12 9 -5 11 -2 15 14 23 -1 -12 21 20 -20 -8 -9 -10 -3 -14 -6 -15
right_child=1 13 3 8 25 -7 18 17 22 -11 16 -13 24 26 -16 -17 -18 -19 19 -21 -22 -23 -24 -25 -26 -27 -28
leaf_value= 0.006391987602050269 0.070224797081879245 0.084066697987403627 0.11173392978480318 -0.0054578147642607338 -0.00077190110493424561 0.019925736969406072 0.0412934611585671 -0.031441134645024266 -0.024764759178598203 -0.038561209409116684 0.057157112361996304 0.026339333515643056 -0.026404922169168166 0.10287760130546447 0.10713668325677134 -0.041112939281127893 -0.03160703496160832 -0.068775175582506468 0.012862822737071126 -0.042810713099431699 -0.0055783265805659519 -0.048930424523053538 -0.055567857080661066 0.047505114074565674 -0.056048122687539476 -0.037100382590134227 -0.0043811520934104922
leaf_weight=744 754 158 169 2653 139 1874 422 1229 367 715 56 453 1175 523 156 164 110 369 1166 241 162 1218 373 565 197 350 9.9999999999999982
leaf_count=744 754 158 169 2653 139 1874 422 1229 367 715 56 453 1175 523 156 164 110 369 1166 241 162 1218 373 565 197 350 10
model_size=3056
internal_value=0 0.0411234 -0.0167353 -0.00432754 0.0170345 0.0275202 0.0255077 -0.0329024 -0.0174942 -0.0124854 0.0470541 0.0537541 -0.019322 0.0783268 0.0646601 -0.0021882 -0.0016625 -0.0438979 0.0106493 0.0033267 0.0282914 -0.0401465 -0.0402912 0.0554951 -0.0306613 -0.0267739 0.100865
internal_weight=0 4776 11736 6640 2532 2043 3364 5096 4108 3368 1373 1207 2280 1412 879 908 166 2816 1991 1407 584 2447 740 723 1372 489 533
internal_count=16512 4776 11736 6640 2532 2043 3364 5096 4108 3368 1373 1207 2280 1412 879 908 166 2816 1991 1407 584 2447 740 723 1372 489 533
is_linear=0
shrinkage=0.1


Tree=10
num_leaves= 29
num_cat= 0
full_tree_array_lgbids= 0 2 1 10 4 3 7 16 11 12 5 9 8 14 22 17 25 15 -13 26 27 6 24 -2 19 18 13 21 20 -9 23 -1 -19 -18 -27 -12 -17 -2147483648 -2147483648 -4 -28 -14 -29 -6 -8 -7 -26 -2147483648 -2147483648 -11 -21 -5 -20 -10 -15 -3 -23 -16 -22 -2147483648 -2147483648 -24 -25
split_feature= 1 1 6 6 1 7 8 1 8 2 2 7 3 7 6 1 8 7 7 7 2 7 3 8 8 6 4 1
split_gain= 923.139 285.26 142.84 123.681 104.311 71.879 160.011 56.3779 49.9117 46.7926 44.7811 43.7017 38.5453 37.6203 35.1308 23.3048 17.5078 53.2002 16.2273 12.466 10.6614 10.5568 5.52148 4.83256 4.16729 3.36141 3.11556 1.43295
threshold= 4.125700000000001 5.8308000000000009 2.0231950334409352 2.2982753493904258 2.2210000000000005 38.475000000000001 -122.35499999999998 7.7055000000000016 -122.19499999999998 16.500000000000004 27.500000000000004 37.815000000000005 3.4845502266762112 37.615000000000002 2.5949646725452555 3.4298000000000006 -118.19499999999998 34.965000000000011 37.615000000000002 38.435000000000009 32.500000000000007 37.615000000000002 5.396289833514504 -118.00499999999998 -121.34499999999998 1.5104297674263547 1.0291350557942953 1.8344000000000003
decision_type= 2 2 2 2 2 2 2 2 2 2 2 2 2 2 2 2 2 2 2 2 2 2 2 2 2 2 2 2
left_child=2 3 10 9 12 6 -6 14 18 -2 16 15 26 -10 21 -12 17 -1 -5 -11 -16 -3 -9 -24 -7 -18 -4 -14
right_child=1 7 4 8 5 24 -8 22 13 19 11 -13 27 -15 20 -17 25 -19 -20 -21 -22 -23 23 -25 -26 -27 -28 -29
leaf_value= 0.074382291322067515 0.005992885545866254 0.091381913159244002 -0.031378977206449714 0.10188640674103554 0.05488807251363495 -0.05250438284872723 -0.015586089933791722 -0.035366487503051762 0.0084513066789413394 0.081522207045576209 0.039737167450256572 -0.019791982682326285 -0.054134369126973336 -0.025254181409596527 0.031472500337721081 0.10330132538885145 -0.08050114983184771 -0.016072731453508623 0.032881597080743334 -0.03878912006039173 0.067180717012961397 0.039876311082760088 0.098232068129745276 0.063886090964748121 -0.025643267054784109 -0.019464720538614887 0.0043532795381029266 -0.039327847327894142
leaf_weight=114 150 296 168 67 364 601 5659 9.9999999999999982 2445 424 307 117 1044 504 824 112 44 238 300 15.999999999999998 200 104 493 167 287 184 257 1016
leaf_count=114 150 296 168 67 364 601 5659 10 2445 424 307 117 1044 504 824 112 44 238 300 16 200 104 493 167 287 184 257 1016
model_size=3168
internal_value=0 0.0314632 -0.0179585 0.0152253 -0.0221119 -0.0155024 -0.011327 0.0617523 0.00742648 0.0590572 0.0170109 0.040025 -0.0404935 0.00269086 0.0495545 0.0567281 -0.00425739 0.0132224 0.0454792 0.0771472 0.0384468 0.0779905 0.0876772 0.0895415 -0.0438229 -0.0312437 -0.00977147 -0.0468317
internal_weight=0 6000 10512 3906 9396 6911 6023 2094 3316 590 1116 536 2485 2949 1424 419 580 352 367 440 1024 400 670 660 888 228 425 2060
internal_count=16512 6000 10512 3906 9396 6911 6023 2094 3316 590 1116 536 2485 2949 1424 419 580 352 367 440 1024 400 670 660 888 228 425 2060
is_linear=0
shrinkage=0.1


Tree=11
num_leaves= 23
num_cat= 0
full_tree_array_lgbids= 0 1 7 3 2 12 20 10 4 8 13 15 -14 -9 21 11 -12 5 6 9 19 18 14 16 17 -2147483648 -2147483648 -2147483648 -2147483648 -22 -23 -1 -13 -2147483648 -2147483648 -5 -7 -6 -8 -3 -11 -10 -21 -4 -20 -15 -16 -2 -18 -17 -19 -2147483648 -2147483648 -2147483648 -2147483648 -2147483648 -2147483648 -2147483648 -2147483648 -2147483648 -2147483648 -2147483648 -2147483648
split_feature= 1 1 6 6 7 8 8 1 7 8 8 7 6 8 7 8 7 7 7 8 3 8
split_gain= 749.495 267.234 130.178 84.2298 57.6847 85.0875 78.4326 57.5781 56.0404 65.058 44.0292 66.1079 39.1197 25.3761 37.1212 16.49 27.2009 10.6365 10.5909 5.27321 2.42556 1.87648
threshold= 5.6042500000000013 3.6530500000000008 2.6829812717770039 2.2982753493904258 34.455000000000005 -117.675 -120.09499999999998 7.7055000000000016 37.935000000000009 -117.145 -117.145 37.805000000000007 3.0089663118548242 -121.85499999999998 34.525000000000013 -117.83499999999999 37.615000000000002 33.935000000000009 37.915000000000006 -122.40499999999999 5.396289833514504 -118.00499999999998
decision_type= 2 2 2 2 2 2 2 2 2 2 2 2 2 2 2 2 2 2 2 2 2 2
left_child=1 3 8 10 5 -5 -6 12 9 -3 11 -1 15 18 -15 16 -2 -17 -4 -10 -9 -22
right_child=7 2 13 4 6 -7 -8 20 19 -11 -12 -13 -14 14 -16 17 -18 -19 -20 -21 21 -23
leaf_value= 0.020443987608621747 0.07449789711110899 0.040857448125475579 0.030172880532552928 -0.0044996144840301127 -0.025832423820663249 -0.040937412164956402 -0.062684764641015286 -0.031829839646816259 0.021361605914169423 -0.045822515350081167 -0.04981845043408565 -0.025166035813136034 0.019743145913357785 -0.00093558922235507784 -0.030900171370336502 0.033615659594084628 0.029462547764428512 -0.062490253795224882 -0.0075036536695228685 -0.026610350113436022 0.088408860910974801 0.057497481978637827
leaf_weight=1140 643 1745 410 2406 2556 1020 874 9.9999999999999982 93 106 195 539 649 1827 737 161 257 26 225 233 493 167
leaf_count=1140 643 1745 410 2406 2556 1020 874 10 93 106 195 539 649 1827 737 161 257 26 225 233 493 167
model_size=2496
internal_value=0 -0.00885751 0.00900768 -0.019859 -0.0252912 -0.015348 -0.0352228 0.0519302 0.0285831 0.0358936 1.44369e-05 0.00580206 0.0415177 -0.00431391 -0.00954865 0.0545183 0.0616378 0.0202533 0.0168229 -0.0129251 0.0789095 0.0805873
internal_weight=0 14106 5376 8730 6856 3426 3430 2406 2177 1851 1874 1679 1736 3199 2564 1087 900 187 635 326 670 660
internal_count=16512 14106 5376 8730 6856 3426 3430 2406 2177 1851 1874 1679 1736 3199 2564 1087 900 187 635 326 670 660
is_linear=0
shrinkage=0.1


Tree=12
num_leaves= 23
num_cat= 0
full_tree_array_lgbids= 0 2 1 3 17 5 7 10 4 -4 -19 9 8 13 16 15 -12 6 11 -2147483648 -2147483648 -2147483648 -2147483648 -2 12 19 14 20 21 18 -18 -1 -17 -2147483648 -2147483648 -5 -8 -6 -13 -2147483648 -2147483648 -2147483648 -2147483648 -2147483648 -2147483648 -2147483648 -2147483648 -2147483648 -2147483648 -11 -14 -7 -21 -10 -16 -3 -22 -15 -23 -9 -20 -2147483648 -2147483648
split_feature= 1 1 7 8 6 6 7 2 8 2 7 7 6 1 8 7 7 8 5 7 4 1
split_gain= 612.347 192.606 98.7231 206.779 95.5813 90.2766 80.3808 37.5062 32.4552 31.8091 26.7529 26.5471 25.596 22.4865 19.9876 15.0432 7.85106 6.03652 2.95147 2.67026 1.59909 0.444942
threshold= 4.0612500000000002 5.8308000000000009 38.475000000000001 -122.38499999999998 2.8941056667066012 2.4469862317432325 34.455000000000005 26.500000000000004 -122.24499999999999 16.500000000000004 38.005000000000003 34.435000000000009 2.0653737590585881 7.2638000000000007 -117.77499999999999 37.765000000000008 38.025000000000013 -121.36499999999999 170.50000000000003 37.915000000000006 0.97061363405465817 9.1688500000000008
decision_type= 2 2 2 2 2 2 2 2 2 2 2 2 2 2 2 2 2 2 2 2 2 2
left_child=2 5 3 10 6 9 -5 13 19 -2 15 -6 -11 20 -10 -1 18 -4 -9 -7 -3 -15
right_child=1 7 17 4 11 8 -8 16 14 12 -12 -13 -14 21 -16 -17 -18 -19 -20 -21 -22 -23
leaf_value= 0.046965345455629921 0.00087275853433277254 -0.0037101793509419462 -0.047473772410555552 0.0095123409285417793 -0.019302664892151298 0.057055096180619658 -0.020206855373200744 -0.0012535696178674698 0.0046497545573450537 0.084309082747061267 0.011610048112171374 -0.039043164415381269 0.037000298964062366 0.048479416748923546 -0.021653153744878507 0.10206441944761642 -0.030930088739842179 -0.023087025853126313 0.072246373274034478 0.015412161792026086 0.030163472083229434 0.081548432465776699
leaf_weight=176 212 122 1034 2341 2786 173 1823 25 2362 228 139 1422 533 320 534 157 18 369 832 129 638 139
leaf_count=176 212 122 1034 2341 2786 173 1823 25 2362 228 139 1422 533 320 534 157 18 369 832 129 638 139
model_size=2496
internal_value=0 0.0248314 -0.0151819 -0.0110766 -0.0147952 0.0120852 -0.00349873 0.0502202 0.00352678 0.0402144 0.054881 -0.0259735 0.0511743 0.0374408 -0.000200298 0.072943 0.0680239 -0.0410599 0.0701023 0.0392672 0.0247259 0.0584938
internal_weight=0 6265 10247 8844 8372 4171 4164 2094 3198 973 472 4208 761 1219 2896 333 875 1403 857 302 760 459
internal_count=16512 6265 10247 8844 8372 4171 4164 2094 3198 973 472 4208 761 1219 2896 333 875 1403 857 302 760 459
is_linear=0
shrinkage=0.1


Tree=13
num_leaves= 24
num_cat= 0
full_tree_array_lgbids= 0 1 2 8 3 6 14 17 15 7 4 10 -8 20 21 -1 19 -10 18 16 12 5 9 11 13 -2147483648 -2147483648 -4 -22 22 -23 -2147483648 -2147483648 -19 -21 -2147483648 -2147483648 -17 -20 -3 -18 -9 -14 -5 -7 -6 -11 -2 -13 -12 -15 -2147483648 -2147483648 -2147483648 -2147483648 -2147483648 -2147483648 -2147483648 -2147483648 -16 -24 -2147483648 -2147483648
split_feature= 1 1 1 6 8 7 6 2 3 7 7 8 6 8 2 1 8 7 6 4 4 8 7
split_gain= 500.022 120.554 108.746 103.128 61.0739 79.7086 47.5805 33.2836 30.2202 27.0645 25.3233 35.7615 16.0778 14.621 11.5991 11.0553 7.39037 5.92736 4.43702 2.86977 2.57072 0.521604 0.710077
threshold= 4.5993500000000003 2.5044000000000004 6.5626000000000007 2.0653737590585881 -117.75499999999998 37.895000000000003 2.9742256672023202 26.500000000000004 3.3654435698213785 33.645000000000003 37.955000000000005 -117.85499999999998 1.6949612205182323 -122.38499999999998 21.500000000000004 1.9486000000000003 -118.29499999999999 34.045000000000009 2.427860421729632 0.9926017150155082 1.0097363099187924 -117.18499999999999 38.025000000000013
decision_type= 2 2 2 2 2 2 2 2 2 2 2 2 2 2 2 2 2 2 2 2 2 2 2
left_child=1 8 6 7 5 -5 10 16 17 -6 11 -2 -9 -12 20 -10 -3 -1 -17 -19 -4 22 -16
right_child=2 3 14 4 9 -7 -8 12 15 -11 13 -13 -14 -15 21 18 -18 19 -20 -21 -22 -23 -24
leaf_value= -0.02337197304244654 0.041817601562529248 0.021965081218958779 0.019109905997231308 0.0033415077657838071 -0.012984136616950075 -0.025429059279075822 0.0020550048773266909 0.096526386559336513 -0.039329359750227222 -0.048719505324959757 0.043161700512556467 0.00039355321210496732 0.037923994673634366 -0.02881422986605818 0.068250341181574539 -0.0085466080914816962 -0.019727580794877204 -0.028329935242072682 -0.028570197824479622 0.021980265136564401 0.050915628941435122 -0.038118396326899534 -0.021300802326628142
leaf_weight=199 1417 255 206 4544 595 1429 1319 94 1448 575 68 331 418 164 726 504 169 64 1354 277 332 9.9999999999999982 13.999999999999998
leaf_count=199 1417 255 206 4544 595 1429 1319 94 1448 575 68 331 418 164 726 504 169 64 1354 277 332 10 14
model_size=2608
internal_value=0 -0.0109029 0.0283446 -0.00367629 -0.00796494 -0.00354166 0.01828 0.0290522 -0.0260832 -0.0305464 0.0290885 0.0339736 0.048683 -0.00771784 0.0541234 -0.03023 0.00534702 -0.000695565 -0.0231386 0.0125379 0.0387372 0.0651605 0.0665561
internal_weight=0 11925 4587 8079 7143 5973 3299 936 3846 1170 1980 1748 512 232 1288 3306 424 540 1858 341 538 750 740
internal_count=16512 11925 4587 8079 7143 5973 3299 936 3846 1170 1980 1748 512 232 1288 3306 424 540 1858 341 538 750 740
is_linear=0
shrinkage=0.1


Tree=14
num_leaves= 21
num_cat= 0
full_tree_array_lgbids= 0 3 1 4 19 2 12 14 5 -5 -21 9 8 13 -14 17 -16 6 7 -2147483648 -2147483648 -2147483648 -2147483648 -2 11 15 10 18 16 -2147483648 -2147483648 -1 -19 -2147483648 -2147483648 -6 -8 -7 -9 -2147483648 -2147483648 -2147483648 -2147483648 -2147483648 -2147483648 -2147483648 -2147483648 -2147483648 -2147483648 -11 -13 -4 -17 -10 -12 -3 -20 -15 -18 -2147483648 -2147483648 -2147483648 -2147483648
split_feature= 1 1 6 7 8 7 8 8 8 2 7 7 1 6 7 7 8 2 4 7
split_gain= 410.253 136.46 76.3824 60.9523 143.165 64.2348 187.581 138.356 32.9795 28.9852 25.1508 24.8008 22.8302 20.0413 14.8885 7.52321 6.96073 6.02776 4.88966 4.11808
threshold= 3.9221500000000007 5.8308000000000009 2.3055777777777782 38.475000000000001 -122.38499999999998 34.455000000000005 -118.30499999999999 -120.09499999999998 -122.24499999999999 16.500000000000004 37.615000000000002 37.805000000000007 8.2050500000000017 2.5949646725452555 38.235000000000007 37.875000000000007 -117.90499999999999 19.500000000000004 1.0503827153261873 39.355000000000011
decision_type= 2 2 2 2 2 2 2 2 2 2 2 2 2 2 2 2 2 2 2 2
left_child=3 2 9 4 14 6 -6 -7 15 -2 -10 -11 13 18 17 -4 -15 -1 -3 -5
right_child=1 12 8 19 5 7 -8 -9 10 11 -12 -13 -14 16 -16 -17 -18 -19 -20 -21
leaf_value= -0.035001106560230255 0.00051915219669500668 0.04053472672473997 0.05279935824965324 -0.026471258313933457 0.034196829953107806 -0.010065544643633378 -0.015581511453485332 -0.05707111686492089 0.0044352198478031773 0.065222253317438902 -0.021718179322162218 7.1544822485250715e-05 0.06401693104166066 0.033136009351564098 0.0075228550518793916 0.011223417433973461 0.0057094336303844589 0.069092033585718818 0.077432348530510356 -0.047766965355555094
leaf_weight=15.999999999999998 186 271 227 839 1008 2100 3854 991 2887 464 634 101 487 823 108 191 321 294 192 518
leaf_count=16 186 271 227 839 1008 2100 3854 991 2887 464 634 101 487 823 108 191 321 294 192 518
model_size=2272
internal_value=0 0.0191131 0.0092817 -0.0133288 -0.00988058 -0.0129858 -0.00526136 -0.0251359 0.00334204 0.0404353 -0.000274026 0.0535758 0.0411327 0.0341976 0.0491998 0.0338017 0.0254403 0.0637195 0.0558357 -0.0346003
internal_weight=0 6784 4690 9728 8371 7953 4862 3091 3939 751 3521 565 2094 1607 418 418 1144 310 463 1357
internal_count=16512 6784 4690 9728 8371 7953 4862 3091 3939 751 3521 565 2094 1607 418 418 1144 310 463 1357
is_linear=0
shrinkage=0.1


Tree=15
num_leaves= 23
num_cat= 0
full_tree_array_lgbids= 0 1 5 2 8 7 19 3 12 9 17 13 -9 21 20 4 6 14 -14 11 10 18 -19 15 16 -2147483648 -2147483648 -7 -23 -21 -22 -1 -6 -5 -8 -4 -16 -2147483648 -2147483648 -3 -13 -11 -12 -10 -20 -2147483648 -2147483648 -2 -17 -15 -18 -2147483648 -2147483648 -2147483648 -2147483648 -2147483648 -2147483648 -2147483648 -2147483648 -2147483648 -2147483648 -2147483648 -2147483648
split_feature= 1 6 7 8 8 1 7 6 8 7 8 6 7 4 8 8 4 8 7 8 7 7
split_gain= 334.792 107.325 115.562 120.389 85.5085 43.4983 40.1265 25.2496 19.4667 29.2885 69.7376 38.3679 14.8503 14.612 12.0046 10.0123 6.59345 2.05903 6.83983 1.97623 3.75598 3.10587
threshold= 5.1326000000000009 2.8396278889382178 37.945000000000007 -117.77499999999999 -122.33499999999999 6.8672000000000013 33.565000000000005 3.1424162072895592 -117.50499999999998 34.655000000000008 -121.56499999999998 3.442186331338819 39.355000000000011 1.0626400004008962 -122.26499999999999 -122.33499999999999 1.7614858528214548 -116.31499999999998 33.895000000000003 -117.71499999999999 33.605000000000011 38.155000000000008
decision_type= 2 2 2 2 2 2 2 2 2 2 2 2 2 2 2 2 2 2 2 2 2 2
left_child=1 2 3 4 -1 7 -5 13 9 11 -11 -3 14 15 -4 -2 -15 18 -10 21 -21 -7
right_child=5 8 12 6 -6 19 -8 -9 17 10 -12 -13 -14 16 -16 -17 -18 -19 -20 20 -22 -23
leaf_value= 0.067832323371143158 0.066789660990323838 0.0089066855551015369 0.0064462481865760037 -0.0024092340454155443 0.013470286982496749 0.053871721887193136 -0.045134066307366737 -1.8505517050036629e-05 -0.017991002601236355 -0.0034084301462190022 -0.039290797848801642 -0.017492311831157518 -0.042555999983279164 0.050348710064622687 -0.022636388710162169 0.016245513372888414 -0.070649709428350124 -0.067626784633224218 -0.046875484123142346 0.044009982681844709 -0.025346053058796742 -0.024175006608762172
leaf_weight=357 87 1238 370 673 3617 889 472 628 524 1125 1398 1619 426 467 952 1065 11.999999999999998 96 346 81 47 23
leaf_count=357 87 1238 370 673 3617 889 472 628 524 1125 1398 1619 426 467 952 1065 12 96 346 81 47 23
model_size=2496
internal_value=0 -0.00722584 0.00185232 0.00977016 0.0183538 0.0289406 -0.0200216 0.0202592 -0.0170493 -0.0141369 -0.0232909 -0.00605305 -0.021335 0.028067 -0.0144968 0.0200626 0.0473174 -0.0332695 -0.0294784 0.0477976 0.0185433 0.0519034
internal_weight=0 13213 6867 5119 3974 3299 1145 2259 6346 5380 2523 2857 1748 1631 1322 1152 479 966 870 1040 128 912
internal_count=16512 13213 6867 5119 3974 3299 1145 2259 6346 5380 2523 2857 1748 1631 1322 1152 479 966 870 1040 128 912
is_linear=0
shrinkage=0.1


Tree=16
num_leaves= 23
num_cat= 0
full_tree_array_lgbids= 0 3 1 14 4 2 10 20 -16 5 12 6 7 13 17 -1 21 -2147483648 -2147483648 9 -7 15 19 -2 8 11 18 16 -15 -12 -19 -2147483648 -2147483648 -22 -23 -2147483648 -2147483648 -2147483648 -2147483648 -5 -11 -2147483648 -2147483648 -6 -17 -14 -21 -2147483648 -2147483648 -8 -10 -4 -13 -9 -20 -3 -18 -2147483648 -2147483648 -2147483648 -2147483648 -2147483648 -2147483648
split_feature= 1 1 6 1 3 6 2 6 7 8 2 2 2 1 3 7 4 5 8 8 7 7
split_gain= 278.97 88.931 56.0444 43.6624 52.774 36.3459 24.1142 23.697 19.4557 17.2956 16.5142 13.5941 12.314 10.6757 10.3351 9.28346 7.03382 3.42236 2.73649 1.86903 1.00627 0.04587
threshold= 3.8346500000000003 5.8308000000000009 2.2634687595142249 2.2210000000000005 4.5952877783354031 3.5589256535947715 16.500000000000004 3.1336552646136835 37.815000000000005 -118.21499999999999 33.500000000000007 38.500000000000007 49.500000000000007 9.1688500000000008 3.5590287573586119 34.455000000000005 1.0396863811675041 170.50000000000003 -117.79499999999999 -122.43499999999999 34.045000000000009 35.335000000000008
decision_type= 2 2 2 2 2 2 2 2 2 2 2 2 2 2 2 2 2 2 2 2 2 2
left_child=3 2 6 14 5 9 -2 11 -8 -5 13 -4 15 16 20 -6 -3 -12 -9 -14 -1 -22
right_child=1 10 7 4 12 -7 8 18 -10 -11 17 -13 19 -15 -16 -17 -18 -19 -20 -21 21 -23
leaf_value= -0.023165593734345073 -0.0031379518169931502 0.013031646498620392 0.0047248396636844561 0.022010721379922299 -0.0072120246337747775 -0.017730798436042208 0.059430928030196485 -0.0051822230988880407 -0.0037255266824593909 -0.0029906991020676472 -0.02887831699280512 0.028362157834372993 0.066019454077841377 0.058094517590217699 -0.027613797474071878 -0.022154937308317402 0.0371736060915282 0.054506552419438241 -0.029841205876373747 0.0048154033678249782 0.020676059772765931 -0.015616443113464377
leaf_weight=237 171 828 2359 1281 1451 650 443 1092 91 687 21 532 39 186 2207 2328 480 579 276 237 199 138
leaf_count=237 171 828 2359 1281 1451 650 443 1092 91 687 21 532 39 186 2207 2328 480 579 276 237 199 138
model_size=2496
internal_value=0 0.0153278 0.00761315 -0.0114432 -0.00655016 0.00558293 0.0361025 0.00289725 0.0486683 0.0132831 0.033616 0.00907456 -0.0143836 0.0263983 -0.0231839 -0.0164174 0.0218911 0.0515881 -0.0101573 0.0134638 -0.00615118 0.00581444
internal_weight=0 7058 4964 9454 6673 2618 705 4259 534 1968 2094 2891 4055 1494 2781 3779 1308 600 1368 276 574 337
internal_count=16512 7058 4964 9454 6673 2618 705 4259 534 1968 2094 2891 4055 1494 2781 3779 1308 600 1368 276 574 337
is_linear=0
shrinkage=0.1


Tree=17
num_leaves= 24
num_cat= 0
full_tree_array_lgbids= 0 1 5 2 7 6 21 3 -4 9 8 14 12 22 -23 13 4 -2147483648 -2147483648 10 18 11 20 15 17 16 19 -7 -24 -2147483648 -2147483648 -1 -15 -5 -6 -2147483648 -2147483648 -2147483648 -2147483648 -3 -12 -11 -20 -9 -13 -10 -22 -2 -17 -16 -19 -8 -18 -14 -21 -2147483648 -2147483648 -2147483648 -2147483648 -2147483648 -2147483648 -2147483648 -2147483648
split_feature= 1 6 7 8 8 1 6 7 8 8 6 7 2 2 7 8 8 8 8 3 1 4 1
split_gain= 225.038 60.0063 52.3268 74.3866 57.0518 49.1499 33.9869 14.5626 53.9174 36.3759 35.3669 33.0111 12.5865 10.1291 8.77591 7.66482 7.45995 6.38857 2.97182 1.92118 1.10701 0.203435 0.810431
threshold= 4.405050000000001 2.5949646725452555 37.895000000000003 -122.31499999999998 -117.145 6.8672000000000013 2.5163636904584812 34.455000000000005 -119.94499999999998 -117.79499999999999 3.442186331338819 37.915000000000006 38.500000000000007 19.500000000000004 37.875000000000007 -117.13499999999998 -121.91499999999998 -122.40499999999999 -116.53499999999998 5.3201450579840603 3.3627000000000002 1.0097363099187924 8.4454500000000028
decision_type= 2 2 2 2 2 2 2 2 2 2 2 2 2 2 2 2 2 2 2 2 2 2 2
left_child=1 2 3 13 -5 6 14 9 11 10 -3 -9 16 -1 15 -2 -8 -16 -11 -14 -10 22 -7
right_child=5 7 -4 4 -6 21 12 8 20 18 -12 -13 19 -15 17 -17 -18 -19 -20 -21 -22 -23 -24
leaf_value= -0.065791006792675369 0.03935455045493183 0.012254367417060224 -0.017598696868212069 0.010788347851105849 -0.035103825372669005 0.011408402461616019 0.01919448112430519 2.9275187976065089e-05 -0.039284132048222641 -0.021685065926568339 -0.013935464063938974 -0.026716283628778995 -0.0042314892577437263 0.075566801939073003 0.044514199381228539 -0.033780128446718058 -0.00058099421983113392 -0.029281516761883449 -0.057531725130036099 0.04645818401317018 -0.069021158238294827 0.047321084356504922 0.046153118244573077
leaf_weight=10.999999999999998 829 1294 1178 2533 369 227 593 1281 593 1070 1402 1173 65 215 48 36 2190 92 119 207 174 646 167
leaf_count=11 829 1294 1178 2533 369 227 593 1281 593 1070 1402 1173 65 215 48 36 2190 92 119 207 174 646 167
model_size=2608
internal_value=0 -0.00798896 0.00212853 0.00955778 0.00495299 0.0178765 0.01239 -0.0141198 -0.0206786 -0.00868202 -0.00136512 -0.012755 0.00636718 0.0686866 0.0306981 0.0363108 0.00363275 -0.00398013 -0.0252727 0.0343448 -0.0460302 0.0392949 0.0261352
internal_weight=0 11412 4306 3128 2902 5100 4060 7106 3221 3885 2696 2454 3055 226 1005 865 2783 140 1189 272 767 1040 394
internal_count=16512 11412 4306 3128 2902 5100 4060 7106 3221 3885 2696 2454 3055 226 1005 865 2783 140 1189 272 767 1040 394
is_linear=0
shrinkage=0.1


Tree=18
num_leaves= 21
num_cat= 0
full_tree_array_lgbids= 0 3 1 18 4 2 9 -1 -20 7 15 8 5 12 -11 -2147483648 -2147483648 -2147483648 -2147483648 11 -9 17 16 -2 19 6 10 14 13 -2147483648 -2147483648 -2147483648 -2147483648 -2147483648 -2147483648 -2147483648 -2147483648 -2147483648 -2147483648 -5 -13 -2147483648 -2147483648 -6 -19 -17 -18 -2147483648 -2147483648 -10 -21 -4 -8 -7 -12 -3 -16 -14 -15 -2147483648 -2147483648 -2147483648 -2147483648
split_feature= 1 1 6 1 3 8 7 6 2 6 7 8 7 8 8 7 8 8 3 7
split_gain= 186.477 63.2907 44.361 23.6537 31.3332 22.9684 25.1063 21.4619 14.5711 14.1927 12.9813 11.6353 8.53122 21.2085 17.456 3.53732 40.0516 31.4158 3.39837 2.88566
threshold= 3.6530500000000008 5.6042500000000013 2.0653737590585881 2.1260000000000003 4.4352710389939132 -117.79499999999999 34.525000000000013 3.5589256535947715 17.500000000000004 3.1424162072895592 33.645000000000003 -118.22499999999998 37.615000000000002 -122.40499999999999 -118.145 34.655000000000008 -119.94499999999998 -117.77499999999999 2.6633984153933228 34.155000000000008
decision_type= 2 2 2 2 2 2 2 2 2 2 2 2 2 2 2 2 2 2 2 2
left_child=3 2 8 18 7 6 -4 11 -2 12 -7 -5 14 -14 -3 17 -17 -6 -1 -10
right_child=1 9 5 4 15 10 -8 -9 19 -11 -12 -13 13 -15 -16 16 -18 -19 -20 -21
leaf_value= 0.0099703654223251073 0.001872641994508312 0.048750792699466861 0.015952732634883691 0.02043040509568228 0.011027427054596882 -0.0015469828459398296 -0.0029033857302607135 -0.01506849486920827 0.072595706720563494 0.0092294892036485342 -0.035698176469633323 -0.0041933974995545372 0.058375679235905413 -0.0061196666234086964 0.019095860606800071 -0.010224299026052633 -0.04630170149826187 -0.021454571479263912 -0.022539054234573395 0.03121232052550962
leaf_weight=144 136 875 1862 1069 807 470 2221 613 174 641 363 570 108 271 511 1999 487 798 2243 150
leaf_count=144 136 875 1862 1069 807 470 2221 613 174 641 363 570 108 271 511 1999 487 798 2243 150
model_size=2272
internal_value=0 0.01158 0.00504803 -0.0103225 -0.00646319 0.00194671 0.00569571 0.00453503 0.0381917 0.0261751 -0.0164292 0.0118669 0.0323292 0.012259 0.0378174 -0.0125175 -0.0172918 -0.0051225 -0.0205779 0.0534367
internal_weight=0 7782 5376 8730 6343 4916 4083 2252 460 2406 833 1639 1765 379 1386 4091 2486 1605 2387 324
internal_count=16512 7782 5376 8730 6343 4916 4083 2252 460 2406 833 1639 1765 379 1386 4091 2486 1605 2387 324
is_linear=0
shrinkage=0.1


Tree=19
num_leaves= 21
num_cat= 0
full_tree_array_lgbids= 0 5 1 12 6 2 13 18 14 7 15 3 11 -3 19 -1 -20 -14 17 9 8 16 -17 4 10 -4 -13 -2147483648 -2147483648 -15 -21 -2147483648 -2147483648 -2147483648 -2147483648 -2147483648 -2147483648 -16 -19 -7 -11 -9 -10 -8 -18 -2147483648 -2147483648 -2 -6 -5 -12 -2147483648 -2147483648 -2147483648 -2147483648 -2147483648 -2147483648 -2147483648 -2147483648 -2147483648 -2147483648 -2147483648 -2147483648
split_feature= 1 6 7 8 7 6 8 7 8 6 7 8 2 3 1 7 8 7 4 1
split_gain= 149.561 47.2577 39.0956 41.162 80.8122 24.8583 20.4835 46.5479 57.5314 42.0853 16.1441 14.2701 13.7624 11.4979 7.95008 4.56221 10.904 4.33649 2.42129 0.734014
threshold= 3.8346500000000003 3.1336552646136835 37.965000000000011 -118.24499999999999 34.165000000000006 1.9322222929778572 -117.56499999999998 34.655000000000008 -121.56499999999998 3.1336552646136835 33.675000000000004 -122.40499999999999 27.500000000000004 6.1963000852514929 1.4214500000000003 33.915000000000006 -117.145 37.815000000000005 1.1379611504291527 9.1688500000000008
decision_type= 2 2 2 2 2 2 2 2 2 2 2 2 2 2 2 2 2 2 2 2
left_child=5 2 3 4 -2 12 7 9 -9 -7 -5 -4 18 -3 -14 16 -8 -16 -1 -15
right_child=1 13 11 10 -6 6 15 8 -10 -11 -12 -13 14 19 17 -17 -18 -19 -20 -21
leaf_value= -0.014622295972620769 0.060840461438961352 -0.01346991660384394 0.024738303440284326 0.022942681529165065 0.018753850627980073 0.01719556180139439 0.010949810209795997 -0.0018694029183966747 -0.027193042641725618 -0.0092203329289851574 -0.0030623435154437263 -0.020613147148591852 -0.046237837842532568 0.0050298482759030747 0.05016549663533542 -0.03922070833709107 -0.02585505092873986 -0.0081647611019963571 0.025168193296855712 0.049541401557507928
leaf_weight=310 688 1034 165 651 2103 1382 217 2019 2272 1694 1048 482 28 823 253 468 639 55 117 64
leaf_count=310 688 1034 165 651 2103 1382 217 2019 2272 1694 1048 482 28 823 253 468 639 55 117 64
model_size=2272
internal_value=0 0.0114129 0.0169691 0.020718 0.0291285 -0.00852047 -0.0103455 -0.00779312 -0.0152778 0.00264793 0.00690191 -0.00904748 0.0122673 -0.00344491 0.0325838 -0.0245473 -0.0165248 0.0397494 -0.00371952 0.0082415
internal_weight=0 7058 5137 4490 2791 9454 8691 7367 4291 3076 1699 647 763 1921 336 1324 856 308 427 887
internal_count=16512 7058 5137 4490 2791 9454 8691 7367 4291 3076 1699 647 763 1921 336 1324 856 308 427 887
is_linear=0
shrinkage=0.1


Tree=20
num_leaves= 20
num_cat= 0
full_tree_array_lgbids= 0 1 5 2 10 6 9 3 14 12 11 8 15 -7 -11 7 4 -4 -16 -3 -14 13 -13 18 -10 16 17 -2147483648 -2147483648 -2147483648 -2147483648 -1 -9 -5 -6 -2147483648 -2147483648 -2147483648 -2147483648 -2147483648 -2147483648 -2147483648 -2147483648 -12 -15 -2147483648 -2147483648 -2 -20 -2147483648 -2147483648 -8 -18 -17 -19 -2147483648 -2147483648 -2147483648 -2147483648 -2147483648 -2147483648 -2147483648 -2147483648
split_feature= 1 6 7 8 7 7 8 2 6 8 8 7 7 8 8 7 8 8 4
split_gain= 124.011 46.9126 51.5569 65.937 57.9953 14.9554 16.5083 12.0322 7.61516 6.46229 5.40681 25.88 22.5722 12.3235 4.54646 3.82044 1.73875 1.49627 0.670997
threshold= 5.2771000000000017 2.9137341371666818 38.515000000000008 -122.35499999999998 34.525000000000013 37.955000000000005 -117.85499999999998 46.500000000000007 3.0672102833228161 -122.40499999999999 -121.56499999999998 34.885000000000012 37.915000000000006 -118.45499999999998 -121.34499999999998 33.885000000000012 -117.145 -117.46499999999999 1.0618274777763281
decision_type= 2 2 2 2 2 2 2 2 2 2 2 2 2 2 2 2 2 2 2
left_child=1 2 3 7 -5 6 8 -1 18 -7 12 13 -3 -12 -4 16 -8 -17 -2
right_child=5 10 14 4 -6 9 15 -9 -10 -11 11 -13 -14 -15 -16 17 -18 -19 -20
leaf_value= 0.023155182894855079 0.028185684410691594 0.013046687692046194 -0.026880284213181033 0.011247959810189797 -0.010881445244585106 0.033980630086494032 0.021594278313375889 0.063392040009299919 0.012882918966575885 -0.029950880840654948 0.021172607328383795 -0.029128187827214755 -0.02547543349968226 -0.011168022591783284 -0.0022654567607977294 -0.0050329889864613765 -0.016547391684569358 -0.068973893341090942 0.04851080199204174
leaf_weight=342 1128 669 840 3376 2426 58 347 246 637 167 240 1225 344 3447 374 99 119 45 383
leaf_count=342 1128 669 840 3376 2426 58 347 246 637 167 240 1225 344 3447 374 99 119 45 383
model_size=2160
internal_value=0 -0.00424795 0.0015336 0.00549112 0.00199495 0.019266 0.0219367 0.039989 0.0272717 -0.0134708 -0.0116679 -0.0140669 -3.48619e-05 -0.00906286 -0.0192971 0.00315079 0.0118542 -0.0250145 0.0333376
internal_weight=0 13529 7604 6390 5802 2983 2758 588 2148 225 5925 4912 1013 3687 1214 610 466 144 1511
internal_count=16512 13529 7604 6390 5802 2983 2758 588 2148 225 5925 4912 1013 3687 1214 610 466 144 1511
is_linear=0
shrinkage=0.1


Tree=21
num_leaves= 13
num_cat= 0
full_tree_array_lgbids= 0 5 1 6 -7 2 -3 7 -8 -2147483648 -2147483648 10 3 -2147483648 -2147483648 9 8 -2147483648 -2147483648 -2147483648 -2147483648 -2147483648 -2147483648 11 -12 4 -5 -2147483648 -2147483648 -2147483648 -2147483648 -1 -11 -9 -10 -2147483648 -2147483648 -2147483648 -2147483648 -2147483648 -2147483648 -2147483648 -2147483648 -2147483648 -2147483648 -2147483648 -2147483648 -2 -13 -2147483648 -2147483648 -4 -6 -2147483648 -2147483648 -2147483648 -2147483648 -2147483648 -2147483648 -2147483648 -2147483648 -2147483648 -2147483648
split_feature= 1 1 4 6 2 8 7 8 7 7 8 7
split_gain= 100.172 36.095 29.8527 19.1023 20.395 15.9403 17.5455 26.7619 21.0982 18.0101 8.06789 8.32108
threshold= 3.6530500000000008 6.2770500000000009 1.0259553126988286 3.1336552646136835 16.500000000000004 -116.47499999999998 39.355000000000011 -122.38499999999998 35.335000000000008 38.305000000000007 -117.75499999999998 37.945000000000007
decision_type= 2 2 2 2 2 2 2 2 2 2 2 2
left_child=5 2 10 4 -4 6 7 9 -9 -1 11 -2
right_child=1 -3 3 -5 -6 -7 -8 8 -10 -11 -12 -13
leaf_value= 0.044509212961868168 0.0031337184217900406 0.024427001858111908 -0.0002713921722703504 -0.0043613890410027743 0.02417494674840856 -0.047230140336555003 -0.030104645294424429 -0.0017224663523025742 -0.01497668969273078 -0.0058751398915703893 -0.024448251006305564 -0.021860267150357257
leaf_weight=260 1985 1536 734 851 1899 171 506 4441 3145 207 405 372
leaf_count=260 1985 1536 734 851 1899 171 506 4441 3145 207 405 372
model_size=1376
internal_value=0 0.00870011 0.00483259 0.0120544 0.0173601 -0.00775535 -0.00696669 -0.00551284 -0.0072174 0.0221761 -0.00427702 -0.000811026
internal_weight=0 7782 6246 3484 2633 8730 8559 8053 7586 467 2762 2357
internal_count=16512 7782 6246 3484 2633 8730 8559 8053 7586 467 2762 2357
is_linear=0
shrinkage=0.1


Tree=22
num_leaves= 22
num_cat= 0
full_tree_array_lgbids= 0 1 12 2 8 13 19 4 3 9 -10 17 14 -14 -21 5 7 6 10 11 20 -2147483648 -2147483648 -2 18 16 15 -2147483648 -2147483648 -2147483648 -2147483648 -1 -7 -6 -9 -4 -8 -5 -12 -3 -13 -11 -22 -2147483648 -2147483648 -2147483648 -2147483648 -2147483648 -2147483648 -19 -20 -15 -18 -16 -17 -2147483648 -2147483648 -2147483648 -2147483648 -2147483648 -2147483648 -2147483648 -2147483648
split_feature= 1 8 7 8 8 7 7 7 7 8 1 4 7 8 7 8 8 7 8 8 8
split_gain= 81.6327 43.2617 73.5252 133.844 97.0387 94.3979 70.838 37.6169 22.5781 35.103 19.3027 6.09634 5.45881 6.2831 7.87583 56.9048 12.6201 6.46698 4.87123 1.20437 0.557435
threshold= 5.5682000000000009 -117.77499999999999 34.525000000000013 -119.94499999999998 -118.35499999999998 34.155000000000008 37.895000000000003 33.625000000000007 33.695000000000007 -117.16499999999998 3.5488500000000003 1.1668343393695511 37.955000000000005 -122.02499999999999 34.595000000000006 -119.94499999999998 -118.03499999999998 37.615000000000002 -122.40499999999999 -122.40499999999999 -116.11499999999999
decision_type= 2 2 2 2 2 2 2 2 2 2 2 2 2 2 2 2 2 2 2 2 2
left_child=1 2 4 6 5 -1 -4 -6 9 11 -5 -3 13 17 16 -16 -15 -2 -19 -14 -11
right_child=12 8 3 10 7 -7 -8 -9 -10 20 -12 -13 19 14 15 -17 -18 18 -20 -21 -22
leaf_value= 0.073016804250960479 0.057331678330412375 0.010872853806717339 0.010321749858239616 -0.032607650161108601 0.14349517912293475 0.012340884953903789 -0.013764095618035224 0.00024940170620924869 -0.030105645307269835 -0.015813491245533894 -0.073331513031698867 0.065443352393477289 0.030580181077433127 0.033873108103260205 0.0099797610497412582 -0.12900327077278725 0.0081432431330970226 0.054140004937847458 -0.0039938007474393774 -0.029869554425822571 -0.052537004464315341
leaf_weight=466 230 418 2929 788 24 748 2741 3658 1066 798 241 68 48 741 375 39 707 75 133 120 99
leaf_count=466 230 418 2929 788 24 748 2741 3658 1066 798 241 68 48 741 375 39 707 75 133 120 99
model_size=2384
internal_value=0 -0.00314495 -0.000280267 -0.00759258 0.00972488 0.0356316 -0.00132187 0.00118311 -0.016708 -0.00638129 -0.0421455 0.0185082 0.0178961 0.0201235 0.01588 -0.00311284 0.0213103 0.0381635 0.0169679 -0.0125982 -0.0198666
internal_weight=0 14044 11595 6699 4896 1214 5670 3682 2449 1383 1029 486 2468 2300 1862 414 1448 438 208 168 897
internal_count=16512 14044 11595 6699 4896 1214 5670 3682 2449 1383 1029 486 2468 2300 1862 414 1448 438 208 168 897
is_linear=0
shrinkage=0.1


Tree=23
num_leaves= 16
num_cat= 0
full_tree_array_lgbids= 0 9 1 14 10 2 4 -1 -16 12 -12 3 7 5 -6 -2147483648 -2147483648 -2147483648 -2147483648 -11 13 -2147483648 -2147483648 6 8 11 -9 -3 -7 -2147483648 -2147483648 -2147483648 -2147483648 -2147483648 -2147483648 -2147483648 -2147483648 -2147483648 -2147483648 -2147483648 -2147483648 -14 -15 -2147483648 -2147483648 -2147483648 -2147483648 -2 -8 -5 -10 -4 -13 -2147483648 -2147483648 -2147483648 -2147483648 -2147483648 -2147483648 -2147483648 -2147483648 -2147483648 -2147483648
split_feature= 1 8 7 6 7 8 7 8 3 1 6 7 2 7 3
split_gain= 66.329 28.4791 31.2031 29.1298 19.2471 18.9443 18.131 9.30975 7.57308 7.40339 6.56481 5.64873 3.67758 2.55765 0.162842
threshold= 3.5488500000000003 -117.71499999999999 37.925000000000004 3.0298305221858191 33.645000000000003 -117.145 33.625000000000007 -122.40499999999999 6.3652809400434434 1.9486000000000003 2.4839226633581473 38.735000000000007 21.500000000000004 37.805000000000007 2.6633984153933228
decision_type= 2 2 2 2 2 2 2 2 2 2 2 2 2 2 2
left_child=9 2 3 6 5 -3 -2 11 -5 14 12 -4 -11 -14 -1
right_child=1 4 7 8 -6 -7 -8 -9 -10 10 -12 -13 13 -15 -16
leaf_value= 0.012797734371314829 0.082156579196453097 0.021448366288935219 0.026333861563015273 -0.0049891394427527139 -0.030058224221445023 -0.017655655235344948 0.017918011441143071 -0.015829348252284697 0.016217400716829575 -0.0086854954988396325 -0.0079783605906765184 -0.050678875926656257 0.015626688569636692 -0.0066991700235840002 -0.018222780495603937
leaf_weight=130 73 407 226 1370 461 388 3830 843 611 700 4401 33 997 391 1651
leaf_count=130 73 407 226 1370 461 388 3830 843 611 700 4401 33 997 391 1651
model_size=1712
internal_value=0 0.00687385 0.00982422 0.0132048 -0.00953643 0.00236364 0.0191195 -0.00822604 0.0015516 -0.00685058 -0.00435077 0.0165214 0.0032953 0.00933749 -0.0159585
internal_weight=0 8242 6986 5884 1256 795 3903 1102 1981 8270 6489 259 2088 1388 1781
internal_count=16512 8242 6986 5884 1256 795 3903 1102 1981 8270 6489 259 2088 1388 1781
is_linear=0
shrinkage=0.1


Tree=24
num_leaves= 18
num_cat= 0
full_tree_array_lgbids= 0 1 8 2 9 12 15 4 3 10 -11 13 -14 -10 -17 5 7 6 11 -3 -12 -2147483648 -2147483648 16 14 -2147483648 -2147483648 -2147483648 -2147483648 -2147483648 -2147483648 -1 -7 -6 -9 -4 -8 -5 -13 -2147483648 -2147483648 -2147483648 -2147483648 -2147483648 -2147483648 -2147483648 -2147483648 -2 -18 -15 -16 -2147483648 -2147483648 -2147483648 -2147483648 -2147483648 -2147483648 -2147483648 -2147483648 -2147483648 -2147483648 -2147483648 -2147483648
split_feature= 1 8 7 8 8 7 7 7 4 7 8 1 1 8 7 2 7
split_gain= 52.9185 20.8597 39.7849 77.6303 62.1396 75.2732 36.1239 16.142 12.5766 9.80288 13.4084 9.25397 5.16317 3.05711 1.41574 1.39847 0.316566
threshold= 4.5993500000000003 -117.50499999999998 34.525000000000013 -119.94499999999998 -118.36499999999999 34.155000000000008 37.895000000000003 34.045000000000009 1.0385565016069338 33.915000000000006 -117.145 3.3096500000000004 8.4454500000000028 -122.24499999999999 37.465000000000011 22.500000000000004 37.615000000000002
decision_type= 2 2 2 2 2 2 2 2 2 2 2 2 2 2 2 2 2
left_child=1 2 4 6 5 -1 -4 -6 12 10 -3 -5 13 16 -15 -10 -2
right_child=8 9 3 11 7 -7 -8 -9 15 -11 -12 -13 -14 14 -16 -17 -18
leaf_value= 0.077960598070435885 0.064452766537152484 0.011597634176009841 0.0078216831877033731 -0.027285790813690172 -0.0061348796922320314 0.010197442398792958 -0.012069161962316916 0.012798595074259551 0.010161887968224738 -0.032447145727813979 -0.018656579852461809 -0.061613116160264936 0.028485392265036588 0.0025536017649882593 -0.017353023735843787 0.02668417460965801 0.012261055663464904
leaf_weight=285 58 401 2377 742 2330 561 2439 1153 914 558 848 231 252 1812 398 980 173
leaf_count=285 58 401 2377 742 2330 561 2439 1153 914 558 848 231 252 1812 398 980 173
model_size=1936
internal_value=0 -0.00387395 -0.00167238 -0.0078292 0.00656088 0.0330255 -0.00225177 0.000132791 0.0100712 -0.0162012 -0.00894326 -0.0354354 0.00399494 0.00146663 -0.00103139 0.0187109 0.0253655
internal_weight=0 11925 10118 5789 4329 846 4816 3483 4587 1807 1249 973 2693 2441 2210 1894 231
internal_count=16512 11925 10118 5789 4329 846 4816 3483 4587 1807 1249 973 2693 2441 2210 1894 231
is_linear=0
shrinkage=0.1


Tree=25
num_leaves= 14
num_cat= 0
full_tree_array_lgbids= 0 1 12 2 9 -2 -14 5 3 10 -11 -2147483648 -2147483648 -2147483648 -2147483648 6 7 4 8 11 -12 -2147483648 -2147483648 -2147483648 -2147483648 -2147483648 -2147483648 -2147483648 -2147483648 -2147483648 -2147483648 -1 -8 -7 -9 -4 -6 -5 -10 -3 -13 -2147483648 -2147483648 -2147483648 -2147483648 -2147483648 -2147483648 -2147483648 -2147483648 -2147483648 -2147483648 -2147483648 -2147483648 -2147483648 -2147483648 -2147483648 -2147483648 -2147483648 -2147483648 -2147483648 -2147483648 -2147483648 -2147483648
split_feature= 1 8 7 8 7 8 7 7 8 7 8 6 4
split_gain= 43.3683 23.4719 42.218 95.6493 64.3579 61.0254 76.7306 32.8208 21.7283 10.5778 16.9596 4.18068 2.59134
threshold= 5.6042500000000013 -117.77499999999999 34.525000000000013 -121.56499999999998 38.735000000000007 -118.36499999999999 34.135000000000012 34.045000000000009 -119.94499999999998 33.695000000000007 -117.16499999999998 1.6125326273398461 0.96895480831013081
decision_type= 2 2 2 2 2 2 2 2 2 2 2 2 2
left_child=1 2 5 4 -4 6 -1 -7 -5 10 11 -3 -2
right_child=12 9 3 8 -6 7 -8 -9 -10 -11 -12 -13 -14
leaf_value= 0.071909116744530793 -0.0037302346881161251 -0.052181208294562326 0.012212125223823294 -0.012283880436482339 -0.025997983154234225 -0.0058755117673359317 0.011434252777437405 0.017737767694185298 -0.034349426334709381 -0.024052762124164111 -0.015466630973921026 0.019420610978239303 0.017299268925231939
leaf_weight=349 381 33 3030 2035 628 2654 784 1138 1031 1070 899 455 2025
leaf_count=349 381 33 3030 2035 628 2654 784 1138 1031 1070 899 455 2025
model_size=1488
internal_value=0 -0.00238266 -9.29901e-05 -0.00590957 0.00565227 0.00784827 0.0300624 0.00121096 -0.0197038 -0.0132383 -0.00489553 0.0145787 0.0139692
internal_weight=0 14106 11649 6724 3658 4925 1133 3792 3066 2457 1387 488 2406
internal_count=16512 14106 11649 6724 3658 4925 1133 3792 3066 2457 1387 488 2406
is_linear=0
shrinkage=0.1


Tree=26
num_leaves= 17
num_cat= 0
full_tree_array_lgbids= 0 1 9 2 11 -2 10 6 3 12 -13 -2147483648 -2147483648 15 -12 7 8 5 4 13 14 -2147483648 -2147483648 -2147483648 -2147483648 -2147483648 -2147483648 -11 -17 -2147483648 -2147483648 -1 -9 -8 -10 -4 -7 -5 -6 -3 -15 -14 -16 -2147483648 -2147483648 -2147483648 -2147483648 -2147483648 -2147483648 -2147483648 -2147483648 -2147483648 -2147483648 -2147483648 -2147483648 -2147483648 -2147483648 -2147483648 -2147483648 -2147483648 -2147483648 -2147483648 -2147483648
split_feature= 6 7 8 7 8 8 7 7 2 8 7 7 8 7 8 3
split_gain= 33.5714 30.9411 52.1831 30.3394 118.391 88.9251 3.97824 5.75181 5.55464 2.52395 2.96497 2.20003 3.30662 2.68038 0.920135 0.513082
threshold= 3.253673235601747 37.925000000000004 -122.31499999999998 34.525000000000013 -120.56499999999998 -118.35499999999998 37.765000000000008 37.595000000000006 20.500000000000004 -121.48499999999999 35.335000000000008 39.82500000000001 -122.38499999999998 38.705000000000005 -121.24499999999999 6.5419475321042224
decision_type= 2 2 2 2 2 2 2 2 2 2 2 2 2 2 2 2
left_child=1 2 6 5 -5 -4 7 -1 -8 -2 15 12 13 -3 -14 -11
right_child=9 11 3 4 -6 -7 8 -9 -10 10 -12 -13 14 -15 -16 -17
leaf_value= 0.068405627248446566 0.0043760805619193609 0.02131521428390817 0.032761731723401868 0.0082525107495960044 -0.035685913833438485 0.0018633848198718137 -0.045602247752249248 0.013074595072135722 0.065098935014359566 -0.010486171479693721 -0.024599032879312893 -0.02683709181404282 -0.014297455650249011 -0.017430652956753143 0.005559824934980106 0.010350742532462357
leaf_weight=72 686 340 1378 2210 969 4475 14.999999999999998 271 222 2634 674 348 1353 133 418 314
leaf_count=72 686 340 1378 2210 969 4475 15 271 222 2634 674 348 1353 133 418 314
model_size=1824
internal_value=0 0.00310949 0.0061776 0.00411235 -0.00514048 0.00913793 0.0383385 0.0246893 0.0580925 -0.00880877 -0.011306 -0.00826808 -0.00538839 0.0104205 -0.00961064 -0.00826677
internal_weight=0 12204 9612 9032 3179 5853 580 343 237 4308 3622 2592 2244 473 1771 2948
internal_count=16512 12204 9612 9032 3179 5853 580 343 237 4308 3622 2592 2244 473 1771 2948
is_linear=0
shrinkage=0.1


Tree=27
num_leaves= 13
num_cat= 0
full_tree_array_lgbids= 0 1 6 4 2 7 -8 9 -6 3 -4 -2 8 -2147483648 -2147483648 11 10 -2147483648 -2147483648 -3 5 -2147483648 -2147483648 -2147483648 -2147483648 -9 -10 -2147483648 -2147483648 -2147483648 -2147483648 -1 -13 -11 -12 -2147483648 -2147483648 -2147483648 -2147483648 -2147483648 -2147483648 -5 -7 -2147483648 -2147483648 -2147483648 -2147483648 -2147483648 -2147483648 -2147483648 -2147483648 -2147483648 -2147483648 -2147483648 -2147483648 -2147483648 -2147483648 -2147483648 -2147483648 -2147483648 -2147483648 -2147483648 -2147483648
split_feature= 3 8 7 8 7 8 8 2 7 7 7 6
split_gain= 29.9032 20.2716 35.0475 54.215 28.5436 24.4262 5.87998 3.56153 1.7614 0.0283666 5.60351 0.683527
threshold= 6.3286213786213787 -122.40499999999999 37.595000000000006 -122.01499999999999 38.705000000000005 -117.77499999999999 -116.53499999999998 32.500000000000007 37.595000000000006 37.745000000000012 37.895000000000003 2.1718174014038287
decision_type= 2 2 2 2 2 2 2 2 2 2 2 2
left_child=1 4 3 -3 9 -5 7 -2 -9 11 -11 -1
right_child=6 2 -4 5 -6 -7 -8 8 -10 10 -12 -13
leaf_value= -0.092948275851085782 0.0076169567007156437 0.04117342278899902 -0.01549760617937869 0.0011779640065535174 -0.020177313649657729 -0.013660648882356963 -0.034016914812890792 0.033331961883989729 0.004357854840325949 0.051244388495181363 0.015866643418996611 0.011885901196875416
leaf_weight=11.999999999999998 2305 364 2692 7170 251 2132 87 507 236 279 276 201
leaf_count=12 2305 364 2692 7170 251 2132 87 507 236 279 276 201
model_size=1376
internal_value=0 -0.00243144 -0.00383646 -0.000588804 0.014608 -0.00222302 0.0103749 0.011642 0.0241289 0.0259766 0.0336511 0.00597975
internal_weight=0 13377 12358 9666 1019 9302 3135 3048 743 768 555 213
internal_count=16512 13377 12358 9666 1019 9302 3135 3048 743 768 555 213
is_linear=0
shrinkage=0.1


Tree=28
num_leaves= 14
num_cat= 0
full_tree_array_lgbids= 0 1 -2 3 2 -2147483648 -2147483648 8 11 4 6 -2147483648 -2147483648 -2147483648 -2147483648 9 10 12 -13 7 5 -4 -8 -2147483648 -2147483648 -2147483648 -2147483648 -2147483648 -2147483648 -2147483648 -2147483648 -1 -11 -10 -12 -5 -14 -2147483648 -2147483648 -3 -9 -6 -7 -2147483648 -2147483648 -2147483648 -2147483648 -2147483648 -2147483648 -2147483648 -2147483648 -2147483648 -2147483648 -2147483648 -2147483648 -2147483648 -2147483648 -2147483648 -2147483648 -2147483648 -2147483648 -2147483648 -2147483648
split_feature= 6 7 8 8 7 8 1 8 7 8 8 8 7
split_gain= 24.3648 22.1633 89.9473 66.4474 56.7744 32.3821 25.5246 24.8637 13.1613 26.2103 18.922 10.2464 31.1027
threshold= 3.253673235601747 34.655000000000008 -119.94499999999998 -118.27499999999999 37.595000000000006 -122.40499999999999 3.8136000000000005 -122.02499999999999 34.155000000000008 -118.38499999999998 -119.30499999999999 -117.16499999999998 33.675000000000004
decision_type= 2 2 2 2 2 2 2 2 2 2 2 2 2
left_child=1 3 4 8 7 -6 -4 -3 9 -1 -10 12 -5
right_child=-2 2 6 11 5 -7 -8 -9 10 -11 -12 -13 -14
leaf_value= 0.05473465726096987 -0.0078782858446232989 0.044305275147604774 -0.024701559281497563 0.024776264515888057 0.012851855900792278 -0.010605727398611167 -0.077770294650996996 0.010158409497111553 0.050657493774416286 0.018819560876667921 0.0010416044917303335 -0.013759021562142993 -0.002930664518788022
leaf_weight=487 4308 463 590 747 1101 2969 171 981 154 747 660 910 2224
leaf_count=487 4308 463 590 747 1101 2969 171 981 154 747 660 910 2224
model_size=1488
internal_value=0 0.00278103 -0.00234779 0.00820915 0.00238307 -0.00426008 -0.0366263 0.0211072 0.0240248 0.0329935 0.0104284 -0.000136727 0.0040357
internal_weight=0 12204 6275 5929 5514 4070 761 1444 2048 1234 814 3881 2971
internal_count=16512 12204 6275 5929 5514 4070 761 1444 2048 1234 814 3881 2971
is_linear=0
shrinkage=0.1


Tree=29
num_leaves= 10
num_cat= 0
full_tree_array_lgbids= 0 1 5 -1 2 6 -7 -2147483648 -2147483648 3 -4 7 -8 -2147483648 -2147483648 -2147483648 -2147483648 -2147483648 -2147483648 -3 4 -2147483648 -2147483648 -2 8 -2147483648 -2147483648 -2147483648 -2147483648 -2147483648 -2147483648 -2147483648 -2147483648 -2147483648 -2147483648 -2147483648 -2147483648 -2147483648 -2147483648 -2147483648 -2147483648 -5 -6 -2147483648 -2147483648 -2147483648 -2147483648 -2147483648 -2147483648 -9 -10 -2147483648 -2147483648 -2147483648 -2147483648 -2147483648 -2147483648 -2147483648 -2147483648 -2147483648 -2147483648 -2147483648 -2147483648
split_feature= 3 4 6 2 7 8 7 8 7
split_gain= 21.1148 17.2412 12.8303 16.318 11.9506 2.46496 0.208258 3.3434 38.0991
threshold= 6.3286213786213787 0.99160544721033084 2.5763869593405579 21.500000000000004 37.805000000000007 -116.22499999999998 37.985000000000007 -121.63499999999998 35.335000000000008
decision_type= 2 2 2 2 2 2 2 2 2
left_child=1 -1 3 -3 -5 6 7 -2 -9
right_child=5 2 -4 4 -6 -7 -8 8 -10
leaf_value= -0.011701741622748903 0.025800870804035089 -0.0053997978856190169 -0.0036050268036999494 0.017510461286076195 -0.0044447585473539148 -0.054425486964838843 -0.0028373871365807001 0.01456430031161597 -0.035118162309437796
leaf_weight=2583 678 1373 6723 2046 652 35 597 1593 232
leaf_count=2583 678 1373 6723 2046 652 35 597 1593 232
model_size=1040
internal_value=0 -0.00216399 0.00011839 0.00626738 0.0122048 0.00923371 0.00995245 0.013003 0.0082485
internal_weight=0 13377 10794 4071 2698 3135 3100 2503 1825
internal_count=16512 13377 10794 4071 2698 3135 3100 2503 1825
is_linear=0
shrinkage=0.1


Tree=30
num_leaves= 13
num_cat= 0
full_tree_array_lgbids= 0 1 8 -1 2 9 -10 -2147483648 -2147483648 5 3 11 -11 -2147483648 -2147483648 -2147483648 -2147483648 -2147483648 -2147483648 6 7 4 10 -2 -13 -2147483648 -2147483648 -2147483648 -2147483648 -2147483648 -2147483648 -2147483648 -2147483648 -2147483648 -2147483648 -2147483648 -2147483648 -2147483648 -2147483648 -3 -8 -7 -9 -4 -6 -5 -12 -2147483648 -2147483648 -2147483648 -2147483648 -2147483648 -2147483648 -2147483648 -2147483648 -2147483648 -2147483648 -2147483648 -2147483648 -2147483648 -2147483648 -2147483648 -2147483648
split_feature= 8 7 7 8 7 8 7 7 7 8 8 4
split_gain= 16.1094 30.285 19.6587 71.1215 42.4643 40.6405 44.7969 34.058 15.2593 22.2784 12.5511 2.13026
threshold= -117.75499999999998 33.645000000000003 34.525000000000013 -121.56499999999998 37.615000000000002 -118.36499999999999 34.135000000000012 34.045000000000009 33.565000000000005 -117.16499999999998 -119.94499999999998 1.1864242224781967
decision_type= 2 2 2 2 2 2 2 2 2 2 2 2
left_child=1 -1 5 4 -4 6 -3 -7 9 11 -5 -2
right_child=8 2 3 10 -6 7 -8 -9 -10 -11 -12 -13
leaf_value= 0.065943181676351853 0.014874711293163721 0.047029372452563965 0.021631657884530777 -0.008995089121560388 -0.0017496049317576796 -0.0057197023660998103 0.007961275327979387 0.01665985193201041 -0.019725314164454388 -0.011343355644140825 -0.027571249225243646 0.068681733744839824
leaf_weight=102 481 589 1474 2116 3061 2995 1007 1324 1298 944 1067 54
leaf_count=102 481 589 1474 2116 3061 2995 1007 1324 1298 944 1067 54
model_size=1376
internal_value=0 0.00185279 0.00137327 -0.00284045 0.00584995 0.00687142 0.0223793 0.0011408 -0.00916386 0.000105086 -0.0152222 0.0203057
internal_weight=0 13735 13633 7718 4535 5915 1596 4319 2777 1479 3183 535
internal_count=16512 13735 13633 7718 4535 5915 1596 4319 2777 1479 3183 535
is_linear=0
shrinkage=0.1


Tree=31
num_leaves= 8
num_cat= 0
full_tree_array_lgbids= 0 1 -2 -1 2 -2147483648 -2147483648 -2147483648 -2147483648 3 5 -2147483648 -2147483648 -2147483648 -2147483648 -2147483648 -2147483648 -2147483648 -2147483648 -3 4 6 -7 -2147483648 -2147483648 -2147483648 -2147483648 -2147483648 -2147483648 -2147483648 -2147483648 -2147483648 -2147483648 -2147483648 -2147483648 -2147483648 -2147483648 -2147483648 -2147483648 -2147483648 -2147483648 -5 -6 -4 -8 -2147483648 -2147483648 -2147483648 -2147483648 -2147483648 -2147483648 -2147483648 -2147483648 -2147483648 -2147483648 -2147483648 -2147483648 -2147483648 -2147483648 -2147483648 -2147483648 -2147483648 -2147483648
split_feature= 3 4 8 7 6 7 8
split_gain= 14.0334 11.7081 9.33119 12.5413 7.63719 0.649048 7.02327
threshold= 6.3286213786213787 0.98327525320217724 -117.77499999999999 33.625000000000007 2.4469862317432325 33.565000000000005 -117.24499999999999
decision_type= 2 2 2 2 2 2 2
left_child=1 -1 3 -3 -5 6 -4
right_child=-2 2 5 4 -6 -7 -8
leaf_value= -0.011516430902172588 0.0081990476860441981 0.0892352597671561 0.027303919650428127 0.0086313894442485439 -0.0014120369437762002 -0.019158477697137122 -0.0088538930671723196
leaf_weight=2158 3135 32 177 2755 6618 823 814
leaf_count=2158 3135 32 177 2755 6618 823 814
model_size=816
internal_value=0 -0.00192151 -7.59031e-05 0.0018384 0.00154002 -0.0100009 -0.00239584
internal_weight=0 13377 11219 9405 9373 1814 991
internal_count=16512 13377 11219 9405 9373 1814 991
is_linear=0
shrinkage=0.1


Tree=32
num_leaves= 15
num_cat= 0
full_tree_array_lgbids= 0 1 -2 3 2 -2147483648 -2147483648 7 10 4 6 -2147483648 -2147483648 -2147483648 -2147483648 13 8 12 11 9 5 -4 -8 -2147483648 -2147483648 -2147483648 -2147483648 -2147483648 -2147483648 -2147483648 -2147483648 -1 -15 -9 -10 -5 -14 -12 -13 -3 -11 -6 -7 -2147483648 -2147483648 -2147483648 -2147483648 -2147483648 -2147483648 -2147483648 -2147483648 -2147483648 -2147483648 -2147483648 -2147483648 -2147483648 -2147483648 -2147483648 -2147483648 -2147483648 -2147483648 -2147483648 -2147483648
split_feature= 6 7 8 8 7 8 1 7 8 8 8 7 7 8
split_gain= 10.2711 12.7962 58.1461 38.6094 32.9862 25.5841 23.1889 17.7981 20.2274 17.3441 9.29387 13.3792 5.44111 0.698397
threshold= 3.442186331338819 34.595000000000006 -119.94499999999998 -118.35499999999998 37.595000000000006 -122.40499999999999 3.6670000000000003 34.135000000000012 -119.34499999999998 -120.62499999999999 -117.50499999999998 33.915000000000006 34.035000000000004 -118.41499999999998
decision_type= 2 2 2 2 2 2 2 2 2 2 2 2 2 2
left_child=1 3 4 7 9 -6 -4 13 -9 -3 12 -12 -5 -1
right_child=-2 2 6 10 5 -7 -8 8 -10 -11 11 -13 -14 -15
leaf_value= 0.054233669659055253 -0.0074997085372625078 0.021026105298169229 -0.016756045427941495 0.00093256153865991847 0.011655484425387629 -0.0095138262006834173 -0.062162286557384538 0.05591246811891324 0.0012775377193820284 -0.018677727096919835 -0.00022790705990946981 -0.02723294322889579 0.016314730050690219 0.026134122107657518
leaf_weight=286 3196 1394 632 2124 1143 3156 234 128 693 215 1339 471 1132 369
leaf_count=286 3196 1394 632 2124 1143 3156 234 128 693 215 1339 471 1132 369
model_size=1600
internal_value=0 0.00180002 -0.00244236 0.00619285 0.00145417 -0.00388542 -0.0290252 0.0224908 0.00979553 0.0157207 0.00144436 -0.00725518 0.00628042 0.0384035
internal_weight=0 13316 6774 6542 5908 4299 866 1476 821 1609 5066 1810 3256 655
internal_count=16512 13316 6774 6542 5908 4299 866 1476 821 1609 5066 1810 3256 655
is_linear=0
shrinkage=0.1


Tree=33
num_leaves= 6
num_cat= 0
full_tree_array_lgbids= 0 1 -2 -1 2 -2147483648 -2147483648 -2147483648 -2147483648 3 -4 -2147483648 -2147483648 -2147483648 -2147483648 -2147483648 -2147483648 -2147483648 -2147483648 -3 4 -2147483648 -2147483648 -2147483648 -2147483648 -2147483648 -2147483648 -2147483648 -2147483648 -2147483648 -2147483648 -2147483648 -2147483648 -2147483648 -2147483648 -2147483648 -2147483648 -2147483648 -2147483648 -2147483648 -2147483648 -5 -6 -2147483648 -2147483648 -2147483648 -2147483648 -2147483648 -2147483648 -2147483648 -2147483648 -2147483648 -2147483648 -2147483648 -2147483648 -2147483648 -2147483648 -2147483648 -2147483648 -2147483648 -2147483648 -2147483648 -2147483648
split_feature= 3 4 8 7 7
split_gain= 9.20487 6.86219 4.57928 8.00368 3.12803
threshold= 6.5207558992324239 0.99160544721033084 -117.79499999999999 33.625000000000007 38.925000000000004
decision_type= 2 2 2 2 2
left_child=1 -1 3 -3 -5
right_child=-2 2 -4 4 -6
leaf_value= -0.0091167458537765172 0.0083871482573235345 0.078719403233159999 -0.0084159458072072691 0.0027470051254331659 -0.013543565748092576
leaf_weight=2670 2559 34 1854 8781 614
leaf_count=2670 2559 34 1854 8781 614
model_size=592
internal_value=0 -0.00153821 0.000255163 0.00196014 0.00168235
internal_weight=0 13953 11283 9429 9395
internal_count=16512 13953 11283 9429 9395
is_linear=0
shrinkage=0.1


Tree=34
num_leaves= 14
num_cat= 0
full_tree_array_lgbids= 0 1 -2 7 2 -2147483648 -2147483648 -1 9 4 3 -2147483648 -2147483648 -2147483648 -2147483648 -2147483648 -2147483648 10 11 12 8 6 5 -2147483648 -2147483648 -2147483648 -2147483648 -2147483648 -2147483648 -2147483648 -2147483648 -2147483648 -2147483648 -2147483648 -2147483648 -9 -12 -11 -13 -3 -14 -6 -10 -4 -8 -5 -7 -2147483648 -2147483648 -2147483648 -2147483648 -2147483648 -2147483648 -2147483648 -2147483648 -2147483648 -2147483648 -2147483648 -2147483648 -2147483648 -2147483648 -2147483648 -2147483648
split_feature= 8 3 7 8 8 1 7 4 7 8 7 7 8
split_gain= 7.93491 9.03473 5.45085 36.5724 17.3362 16.4131 8.07572 4.55378 4.53252 3.27846 6.22064 4.46994 2.28036
threshold= -116.53499999999998 5.5511074737062058 34.655000000000008 -119.94499999999998 -118.01499999999999 3.8136000000000005 37.615000000000002 0.98548810139184051 33.655000000000008 -122.38499999999998 38.705000000000005 37.595000000000006 -119.21499999999999
decision_type= 2 2 2 2 2 2 2 2 2 2 2 2 2
left_child=1 7 4 6 12 -5 -4 -1 -6 10 -9 -11 -3
right_child=-2 2 3 5 8 -7 -8 9 -10 11 -12 -13 -14
leaf_value= -0.011478760027281581 -0.028948411375769589 0.059892214511699508 0.017019104552811984 -0.0088300562407731872 0.013683379586562095 -0.059518878164307509 -0.00084830142953085683 0.022489674611556158 -0.0062427541696971241 0.00039872136262742087 -0.017013072277055376 -0.011490726870521516 0.019165526596496191
leaf_weight=1705 236 94 917 260 720 194 2044 533 1007 6038 151 1459 1154
leaf_count=1705 236 94 917 260 720 194 2044 533 1007 6038 151 1459 1154
model_size=1488
internal_value=0 0.000419748 0.00490494 8.81809e-06 0.0105252 -0.03049 0.0046851 -0.00247934 0.00206461 -0.000603773 0.013769 -0.0019151 0.0222331
internal_weight=0 16276 6390 3415 2975 454 2961 9886 1727 8181 684 7497 1248
internal_count=16512 16276 6390 3415 2975 454 2961 9886 1727 8181 684 7497 1248
is_linear=0
shrinkage=0.1


Tree=35
num_leaves= 7
num_cat= 0
full_tree_array_lgbids= 0 2 1 3 -4 5 -3 -1 4 -2147483648 -2147483648 -2 -7 -2147483648 -2147483648 -2147483648 -2147483648 -5 -6 -2147483648 -2147483648 -2147483648 -2147483648 -2147483648 -2147483648 -2147483648 -2147483648 -2147483648 -2147483648 -2147483648 -2147483648
split_feature= 2 8 8 3 7 8
split_gain= 5.73604 5.76445 3.02755 3.99232 0.638063 0.0642856
threshold= 51.500000000000007 -122.43499999999999 -116.53499999999998 5.5511074737062058 39.355000000000011 -122.55499999999999
decision_type= 2 2 2 2 2 2
left_child=2 5 3 -1 -5 -2
right_child=1 -3 -4 4 -6 -7
leaf_value= -0.0031080810338263501 -0.015548278198673807 0.0070761432918816222 -0.026053570413180644 0.0044691119936585378 -0.019368781739984582 0.056221232105998845
leaf_weight=9177 29 861 236 5841 235 133
leaf_count=9177 29 861 236 5841 235 133
model_size=704
internal_value=0 0.0128241 -0.000846994 -0.000456988 0.00354714 0.0433736
internal_weight=0 1023 15489 15253 6076 162
internal_count=16512 1023 15489 15253 6076 162
is_linear=0
shrinkage=0.1


Tree=36
num_leaves= 8
num_cat= 0
full_tree_array_lgbids= 0 1 -2 2 -3 -2147483648 -2147483648 6 3 -2147483648 -2147483648 -2147483648 -2147483648 -2147483648 -2147483648 -1 -8 5 4 -2147483648 -2147483648 -2147483648 -2147483648 -2147483648 -2147483648 -2147483648 -2147483648 -2147483648 -2147483648 -2147483648 -2147483648 -2147483648 -2147483648 -2147483648 -2147483648 -4 -7 -5 -6 -2147483648 -2147483648 -2147483648 -2147483648 -2147483648 -2147483648 -2147483648 -2147483648 -2147483648 -2147483648 -2147483648 -2147483648 -2147483648 -2147483648 -2147483648 -2147483648 -2147483648 -2147483648 -2147483648 -2147483648 -2147483648 -2147483648 -2147483648 -2147483648
split_feature= 6 7 8 7 8 8 7
split_gain= 4.34847 4.28099 6.48885 13.0654 29.3581 23.6961 1.23846
threshold= 3.2358284584328918 39.82500000000001 -122.33499999999999 34.655000000000008 -119.94499999999998 -118.27499999999999 38.415000000000006
decision_type= 2 2 2 2 2 2 2
left_child=1 2 6 5 -5 -4 -1
right_child=-2 -3 3 4 -6 -7 -8
leaf_value= 0.02171789925329129 -0.0052264947962170662 -0.019547518381806114 0.016488474942661386 -8.0062605279043392e-05 -0.025712788944225757 1.6225272107671205e-05 -0.0042732927339463106
leaf_weight=797 4438 348 2024 4059 750 3830 266
leaf_count=797 4438 348 2024 4059 750 3830 266
model_size=816
internal_value=0 0.00192109 0.00255822 0.00129656 -0.00407768 0.00571145 0.015214
internal_weight=0 12074 11726 10663 4809 5854 1063
internal_count=16512 12074 11726 10663 4809 5854 1063
is_linear=0
shrinkage=0.1


Tree=37
num_leaves= 8
num_cat= 0
full_tree_array_lgbids= 0 -1 1 -2147483648 -2147483648 2 6 -2147483648 -2147483648 -2147483648 -2147483648 3 -4 -3 -8 -2147483648 -2147483648 -2147483648 -2147483648 -2147483648 -2147483648 -2147483648 -2147483648 4 5 -2147483648 -2147483648 -2147483648 -2147483648 -2147483648 -2147483648 -2147483648 -2147483648 -2147483648 -2147483648 -2147483648 -2147483648 -2147483648 -2147483648 -2147483648 -2147483648 -2147483648 -2147483648 -2147483648 -2147483648 -2147483648 -2147483648 -2 -6 -5 -7 -2147483648 -2147483648 -2147483648 -2147483648 -2147483648 -2147483648 -2147483648 -2147483648 -2147483648 -2147483648 -2147483648 -2147483648
split_feature= 4 2 8 7 8 8 8
split_gain= 2.10582 3.95358 0.519051 0.698038 10.7399 8.68417 0.116742
threshold= 0.96895480831013081 51.500000000000007 -116.53499999999998 33.855000000000011 -118.27499999999999 -117.425 -122.43499999999999
decision_type= 2 2 2 2 2 2 2
left_child=-1 2 3 4 -2 -5 -3
right_child=1 6 -4 5 -6 -7 -8
leaf_value= -0.0085315249925456867 0.041871256058769568 0.04031550688231552 -0.023370561861876187 -2.8777241336439296e-05 0.0043544745249391691 -0.021504987805738656 0.0087902308476751102
leaf_weight=1764 175 149 227 10471 2489 475 762
leaf_count=1764 175 149 227 10471 2489 475 762
model_size=816
internal_value=0 0.00102045 0.000169433 0.000562054 0.00681898 -0.000960734 0.0139464
internal_weight=0 14748 13837 13610 2664 10946 911
internal_count=16512 14748 13837 13610 2664 10946 911
is_linear=0
shrinkage=0.1


Tree=38
num_leaves= 2
num_cat= 0
full_tree_array_lgbids= 0 -1 -2
split_feature= 3
split_gain= 1.9036
threshold= 6.8025928032261413
decision_type= 2
left_child=-1
right_child=-2
leaf_value= -0.0010638882066368973 0.008090318100968082
leaf_weight=14593 1919
leaf_count=14593 1919
model_size=144
internal_value=0
internal_weight=0
internal_count=16512
is_linear=0
shrinkage=0.1


Tree=39
num_leaves= 13
num_cat= 0
full_tree_array_lgbids= 0 1 -2 4 2 -2147483648 -2147483648 5 10 3 6 -2147483648 -2147483648 -2147483648 -2147483648 -1 7 -6 11 9 8 -4 -8 -2147483648 -2147483648 -2147483648 -2147483648 -2147483648 -2147483648 -2147483648 -2147483648 -2147483648 -2147483648 -7 -9 -2147483648 -2147483648 -12 -13 -3 -11 -5 -10 -2147483648 -2147483648 -2147483648 -2147483648 -2147483648 -2147483648 -2147483648 -2147483648 -2147483648 -2147483648 -2147483648 -2147483648 -2147483648 -2147483648 -2147483648 -2147483648 -2147483648 -2147483648 -2147483648 -2147483648
split_feature= 6 7 8 7 8 7 1 8 8 8 6 8
split_gain= 1.11523 3.90411 31.2578 36.073 19.162 15.64 13.7155 12.4203 11.8281 5.93698 1.56476 1.71272
threshold= 3.6402605459057074 34.595000000000006 -120.56499999999998 37.595000000000006 -118.36499999999999 34.105000000000011 5.0387000000000013 -119.34499999999998 -122.40499999999999 -122.02499999999999 1.5104297674263547 -117.145
decision_type= 2 2 2 2 2 2 2 2 2 2 2 2
left_child=1 4 3 9 5 -1 -4 -7 -5 -3 -6 -12
right_child=-2 2 6 8 10 7 -8 -9 -10 -11 11 -13
leaf_value= 0.035300481740675398 -0.0069783312078877434 0.032916354585712203 -0.014670137826555624 0.0082988910764844725 -0.0466731046512723 0.046421731231187972 -0.068259203054809148 -0.00039323552811697607 -0.0085665174600253781 0.0093519328784544328 0.0040328092753840836 -0.0091007468264198386
leaf_weight=557 2364 484 1213 1171 60 133 98 748 3089 1026 4579 990
leaf_count=557 2364 484 1213 1171 60 133 98 748 3089 1026 4579 990
model_size=1376
internal_value=0 0.00116601 -0.00221743 0.00152212 0.00455617 0.0177624 -0.018676 0.00667418 -0.00393051 0.016905 0.00118247 0.00169806
internal_weight=0 14148 7081 5770 7067 1438 1311 881 4260 1510 5629 5569
internal_count=16512 14148 7081 5770 7067 1438 1311 881 4260 1510 5629 5569
is_linear=0
shrinkage=0.1


Tree=40
num_leaves= 5
num_cat= 0
full_tree_array_lgbids= 0 -1 1 -2147483648 -2147483648 2 -3 -2147483648 -2147483648 -2147483648 -2147483648 3 -4 -2147483648 -2147483648 -2147483648 -2147483648 -2147483648 -2147483648 -2147483648 -2147483648 -2147483648 -2147483648 -2 -5 -2147483648 -2147483648 -2147483648 -2147483648 -2147483648 -2147483648
split_feature= 4 7 8 7
split_gain= 0.468719 0.125721 0.408543 2.63578
threshold= 1.0291350557942953 39.355000000000011 -122.31499999999998 38.705000000000005
decision_type= 2 2 2 2
left_child=-1 2 3 -2
right_child=1 -3 -4 -5
leaf_value= -0.0035876517464225872 0.019750951438620372 -0.014900483903520315 0.0018003584054054351 -0.022734093387484888
leaf_weight=6221 723 412 9062 94
leaf_count=6221 723 412 9062 94
model_size=480
internal_value=0 0.00216877 0.00288063 0.0148628
internal_weight=0 10291 9879 817
internal_count=16512 10291 9879 817
is_linear=0
shrinkage=0.1


Tree=41
num_leaves= 2
num_cat= 0
full_tree_array_lgbids= 0 -1 -2
split_feature= 3
split_gain= 0.0681389
threshold= 5.5511074737062058
decision_type= 2
left_child=-1
right_child=-2
leaf_value= -0.0022204267050387133 0.0034002518130423877
leaf_weight=9989 6523
leaf_count=9989 6523
model_size=144
internal_value=0
internal_weight=0
internal_count=16512
is_linear=0
shrinkage=0.1


end of trees

feature_importances:
Column_7=193
Column_8=189
Column_1=119
Column_6=105
Column_2=71
Column_3=32
Column_4=26
Column_5=12

parameters:
[boosting: gbdt]
[objective: regression]
[metric: rmse]
[tree_learner: serial]
[device_type: cpu]
[data_sample_strategy: bagging]
[data: data/california_housing.libsvm.train]
[valid: data/california_housing.libsvm.test]
[num_iterations: 100]
[learning_rate: 0.1]
[num_leaves: 255]
[num_threads: 0]
[seed: 42]
[deterministic: 0]
[force_col_wise: 0]
[force_row_wise: 0]
[histogram_pool_size: -1]
[max_depth: 5]
[min_data_in_leaf: 10]
[min_sum_hessian_in_leaf: 0.001]
[bagging_fraction: 1]
[pos_bagging_fraction: 1]
[neg_bagging_fraction: 1]
[bagging_freq: 0]
[bagging_seed: 400]
[feature_fraction: 1]
[feature_fraction_bynode: 1]
[feature_fraction_seed: 30056]
[extra_trees: 0]
[extra_seed: 12879]
[early_stopping_round: 0]
[early_stopping_min_delta: 0]
[first_metric_only: 0]
[max_delta_step: 0]
[lambda_l1: 0]
[lambda_l2: 0]
[linear_lambda: 0]
[min_gain_to_split: 0]
[drop_rate: 0.1]
[max_drop: 50]
[skip_drop: 0.5]
[xgboost_dart_mode: 0]
[uniform_drop: 0]
[drop_seed: 17869]
[top_rate: 0.2]
[other_rate: 0.1]
[min_data_per_group: 100]
[max_cat_threshold: 32]
[cat_l2: 10]
[cat_smooth: 10]
[max_cat_to_onehot: 4]
[top_k: 20]
[monotone_constraints: ]
[monotone_constraints_method: basic]
[monotone_penalty: 0]
[feature_contri: ]
[forcedsplits_filename: ]
[refit_decay_rate: 0.9]
[tinygbdt_penalty_feature: 1]
[tinygbdt_penalty_split: 0.00390625]
[tinygbdt_forestsize: 64000]
[tinygbdt_precision: 7]
[cegb_tradeoff: 1]
[cegb_penalty_split: 0]
[cegb_penalty_feature_lazy: ]
[cegb_penalty_feature_coupled: ]
[path_smooth: 0]
[interaction_constraints: ]
[verbosity: 2]
[saved_feature_importance_type: 0]
[use_quantized_grad: 0]
[num_grad_quant_bins: 4]
[quant_train_renew_leaf: 0]
[stochastic_rounding: 1]
[linear_tree: 0]
[max_bin: 255]
[max_bin_by_feature: ]
[min_data_in_bin: 3]
[bin_construct_sample_cnt: 200000]
[data_random_seed: 175]
[is_enable_sparse: 1]
[enable_bundle: 1]
[use_missing: 1]
[zero_as_missing: 0]
[feature_pre_filter: 1]
[pre_partition: 0]
[two_round: 0]
[header: 0]
[label_column: ]
[weight_column: ]
[group_column: ]
[ignore_column: ]
[categorical_feature: ]
[forcedbins_filename: ]
[precise_float_parser: 0]
[parser_config_file: ]
[objective_seed: 16083]
[num_class: 1]
[is_unbalance: 0]
[scale_pos_weight: 1]
[sigmoid: 1]
[boost_from_average: 1]
[reg_sqrt: 0]
[alpha: 0.9]
[fair_c: 1]
[poisson_max_delta_step: 0.7]
[tweedie_variance_power: 1.5]
[lambdarank_truncation_level: 30]
[lambdarank_norm: 1]
[label_gain: ]
[lambdarank_position_bias_regularization: 0]
[eval_at: ]
[multi_error_top_k: 1]
[auc_mu_weights: ]
[num_machines: 1]
[local_listen_port: 12400]
[time_out: 120]
[machine_list_filename: ]
[machines: ]
[gpu_platform_id: -1]
[gpu_device_id: -1]
[gpu_use_dp: 0]
[num_gpu: 1]

end of parameters
