tree
version=v4
num_class=1
num_tree_per_iteration=1
label_index=0
max_feature_idx=8
objective=regression
feature_names=Column_0 Column_1 Column_2 Column_3 Column_4 Column_5 Column_6 Column_7 Column_8
feature_infos=none [0.49990000000000001:15.0001] [1:52] [0.88888888888888884:141.90909090909091] [0.33333333333333331:25.63636363636364] [3:35682] [0.69230769230769229:1243.333333333333] [32.549999999999997:41.950000000000003] [-124.34999999999999:-114.31]
tree_sizes=895 918 919 921 917 922 922 924 920 922 925 926 931 926 928 943 923 927 932 926 928 928 939 859 928 854 870 924 861 857 795 799 869 729 795 792 922 847 730 731 864 863 730 662 869 734 731 666 731 665 733 733 662 662 665 801

Tree=0
num_leaves= 8
num_cat= 0
full_tree_array_lgbids= 0 1 2 5 3 4 6 -1 -7 -3 -5 -2 -6 -4 -8
split_feature= 1 1 1 6 6 3 1
split_gain= 6980.71 1678.19 1285.17 969.354 424.484 311.416 149.279
threshold= 5.0387000000000013 3.0679500000000002 6.8672000000000013 2.3489548886254448 2.671038674349933 4.3101408005062494 7.852450000000001
decision_type= 2 2 2 2 2 2 2
left_child=1 5 4 -3 -2 -1 -4
right_child=2 3 6 -5 -6 -7 -8
leaf_value= 2.0271553702362852 2.2124016810384575 2.1448965452081059 2.2437582437954506 2.0525059688733616 2.1260912310358373 1.9812300134534242 2.3227113326055062
leaf_weight=2599 911 1463 431 5268 1601 3630 609
leaf_count=2599 911 1463 431 5268 1601 3630 609
model_size=816
internal_value=2.07195 2.03789 2.19622 2.07259 2.15739 2.00039 2.28999
internal_weight=0 12960 3552 6731 2512 6229 1040
internal_count=16512 12960 3552 6731 2512 6229 1040
is_linear=0
shrinkage=1


Tree=1
num_leaves= 8
num_cat= 0
full_tree_array_lgbids= 0 1 3 4 2 5 6 -1 -6 -3 -4 -2 -7 -5 -8
split_feature= 1 1 6 1 6 2 2
split_gain= 5682.47 1840.26 913.208 577.718 339.617 226.514 37.8085
threshold= 5.6042500000000013 3.1913000000000005 2.4136952392348086 7.7055000000000016 2.1628386478062818 27.500000000000004 18.500000000000004
decision_type= 2 2 2 2 2 2 2
left_child=1 4 -3 5 -1 -2 -5
right_child=3 2 -4 6 -6 -7 -8
leaf_value= -0.0082740533818989534 0.08366184650830015 0.073703667606659334 -0.009300027036995534 0.18235227567940088 -0.071020922948427975 0.16009667489878079 0.23912470343303474
leaf_weight=1042 1104 1769 5483 207 5812 632 463
leaf_count=1042 1104 1769 5483 207 5812 632 463
model_size=816
internal_value=0 -0.0242454 0.0109473 0.142147 -0.0614816 0.111488 0.221585
internal_weight=0 14106 7252 2406 6854 1736 670
internal_count=16512 14106 7252 2406 6854 1736 670
is_linear=0
shrinkage=0.1


Tree=2
num_leaves= 8
num_cat= 0
full_tree_array_lgbids= 0 2 1 5 3 4 6 -1 -7 -4 -5 -2 -6 -3 -8
split_feature= 1 1 1 6 6 3 1
split_gain= 4706.7 1248.1 850.815 736.659 388.028 240.04 184.055
threshold= 4.5301500000000017 6.3350000000000009 2.6597500000000003 2.2634687595142249 2.735488224282792 3.8792159595040387 8.4454500000000028
decision_type= 2 2 2 2 2 2 2
left_child=2 4 5 -4 -2 -1 -3
right_child=1 6 3 -5 -6 -7 -8
leaf_value= -0.031434199577858646 0.09135010436317291 0.13749602040931769 0.054125912536775955 -0.028090511297110696 0.020804448647833221 -0.082837807867825727 0.2172294901010576
leaf_weight=1324 1343 1048 1361 5802 1959 3249 426
leaf_count=1324 1343 1048 1361 5802 1959 3249 426
model_size=816
internal_value=0 0.0837677 -0.0340895 -0.012469 0.049497 -0.0679552 0.16054
internal_weight=0 4776 11736 7163 3302 4573 1474
internal_count=16512 4776 11736 7163 3302 4573 1474
is_linear=0
shrinkage=0.1


Tree=3
num_leaves= 8
num_cat= 0
full_tree_array_lgbids= 0 1 2 4 3 5 6 -1 -6 -3 -5 -2 -7 -4 -8
split_feature= 1 1 1 6 6 6 2
split_gain= 3857.36 988.193 616.306 490.927 375.344 256.869 82.2012
threshold= 5.1326000000000009 3.5488500000000003 6.8672000000000013 2.4136952392348086 2.2352443515477258 2.5891438608419741 26.500000000000004
decision_type= 2 2 2 2 2 2 2
left_child=1 4 5 -3 -1 -2 -4
right_child=2 3 6 -5 -6 -7 -8
leaf_value= -0.00032717859172592273 0.1209627634686425 0.068317707879618536 0.1342409225415204 -0.00639358281591507 -0.055714748827192177 0.045392299710737806 0.19367872728995034
leaf_weight=1538 655 1174 572 3769 6732 1604 468
leaf_count=1538 655 1174 572 3769 6732 1604 468
model_size=816
internal_value=0 -0.0241783 0.0968376 0.0113509 -0.0454141 0.0673041 0.160988
internal_weight=0 13213 3299 4943 8270 2259 1040
internal_count=16512 13213 3299 4943 8270 2259 1040
is_linear=0
shrinkage=0.1


Tree=4
num_leaves= 8
num_cat= 0
full_tree_array_lgbids= 0 2 1 5 4 3 6 -1 -7 -4 -6 -2 -5 -3 -8
split_feature= 1 1 6 6 1 7 1
split_gain= 3155.84 1040.14 477.594 385.233 330.417 186.308 141.113
threshold= 4.125700000000001 6.2770500000000009 2.0376051459673437 2.735488224282792 2.4115000000000006 37.935000000000009 7.852450000000001
decision_type= 2 2 2 2 2 2 2
left_child=2 3 5 -2 -4 -1 -3
right_child=1 6 4 -5 -6 -7 -8
leaf_value= 0.046723925516650888 0.068050297178407743 0.10389827527151019 -0.067531376630762072 0.0079221475636292223 -0.027153371211985456 -0.060995450262528131 0.16779304719078914
leaf_weight=961 1893 927 3129 2571 6218 204 609
leaf_count=961 1893 927 3129 2571 6218 204 609
model_size=816
internal_value=0 0.0579478 -0.0330752 0.03342 -0.0406703 0.0278615 0.129232
internal_weight=0 6000 10512 4464 9347 1165 1536
internal_count=16512 6000 10512 4464 9347 1165 1536
is_linear=0
shrinkage=0.1


Tree=5
num_leaves= 8
num_cat= 0
full_tree_array_lgbids= 0 1 3 4 2 5 6 -1 -6 -3 -4 -2 -7 -5 -8
split_feature= 1 1 6 1 3 6 1
split_gain= 2609.54 766.764 527.847 347.208 196.326 174.395 34.9086
threshold= 5.2771000000000017 2.7820000000000005 2.2982753493904258 7.3930000000000016 3.8792159595040387 2.9432978723404259 8.7395500000000013
decision_type= 2 2 2 2 2 2 2
left_child=1 4 -3 5 -1 -2 -5
right_child=3 2 -4 6 -6 -7 -8
leaf_value= -0.017088251020950487 0.08918849631232631 0.051351511427174826 -0.012463528092660263 0.1204733240796758 -0.061943468674109083 0.030718887030665023 0.16777664620582372
leaf_weight=1413 1247 1636 6797 428 3683 943 365
leaf_count=1413 1247 1636 6797 428 3683 943 365
model_size=816
internal_value=0 -0.0186996 -8.34256e-05 0.0848096 -0.0495062 0.0640119 0.142246
internal_weight=0 13529 8433 2983 5096 2190 793
internal_count=16512 13529 8433 2983 5096 2190 793
is_linear=0
shrinkage=0.1


Tree=6
num_leaves= 8
num_cat= 0
full_tree_array_lgbids= 0 2 1 5 3 4 6 -1 -7 -4 -5 -2 -6 -3 -8
split_feature= 1 1 1 6 6 3 2
split_gain= 2167.81 536.941 425.194 406.977 206.439 158.349 111.261
threshold= 4.5301500000000017 6.3963500000000009 2.5044000000000004 2.0653737590585881 2.5219735498882589 3.4845502266762112 26.500000000000004
decision_type= 2 2 2 2 2 2 2
left_child=2 4 5 -4 -2 -1 -3
right_child=1 6 3 -5 -6 -7 -8
leaf_value= -0.0042477867484233996 0.07866960336471257 0.083560118447945586 0.053497639492713425 -0.018075561737046775 0.020317901281742174 -0.060106526585978828 0.14253657404181178
leaf_weight=646 847 800 920 6970 2517 3200 612
leaf_count=646 847 800 920 6970 2517 3200 612
model_size=816
internal_value=0 0.0569208 -0.0231641 -0.00972989 0.0350099 -0.0507241 0.109122
internal_weight=0 4776 11736 7890 3364 3846 1412
internal_count=16512 4776 11736 7890 3364 3846 1412
is_linear=0
shrinkage=0.1


Tree=7
num_leaves= 8
num_cat= 0
full_tree_array_lgbids= 0 2 1 3 6 4 5 -1 -5 -4 -8 -2 -6 -3 -7
split_feature= 1 1 7 8 6 2 7
split_gain= 1798.79 579.631 338.721 559.961 247.257 153.791 25.3889
threshold= 4.0612500000000002 5.8308000000000009 37.925000000000004 -122.31499999999998 2.6829812717770039 26.500000000000004 39.355000000000011
decision_type= 2 2 2 2 2 2 2
left_child=2 4 3 -1 -2 -3 -4
right_child=1 5 6 -5 -6 -7 -8
leaf_value= 0.10838538720591794 0.051811183091518311 0.0619402061765865 -0.054425619176352469 -0.02202612074400441 0.00087018854092307026 0.11857025996137943 -0.084086331967582528
leaf_weight=350 1615 1219 1617 7753 2556 875 527
leaf_count=350 1615 1219 1617 7753 2556 875 527
model_size=816
internal_value=0 0.042323 -0.0258762 -0.0163931 0.0205944 0.0856037 -0.0617163
internal_weight=0 6265 10247 8103 4171 2094 2144
internal_count=16512 6265 10247 8103 4171 2094 2144
is_linear=0
shrinkage=0.1


Tree=8
num_leaves= 8
num_cat= 0
full_tree_array_lgbids= 0 2 1 4 5 3 6 -1 -6 -4 -7 -2 -5 -3 -8
split_feature= 1 1 6 2 7 7 2
split_gain= 1455.5 455.365 290.495 232.994 224.318 195.154 76.3759
threshold= 4.125700000000001 6.3350000000000009 2.2982753493904258 36.500000000000007 37.935000000000009 34.455000000000005 21.500000000000004
decision_type= 2 2 2 2 2 2 2
left_child=2 3 4 -2 -1 -4 -3
right_child=1 6 5 -5 -6 -7 -8
leaf_value= 0.027675047371731838 0.012195252455326041 0.059808731187561526 -0.015743577798094818 0.070813532204159368 -0.050431692911272398 -0.04717121675472255 0.10878518466581727
leaf_weight=1718 3650 619 4210 876 494 4090 855
leaf_count=1718 3650 619 4210 876 494 4090 855
model_size=816
internal_value=0 0.0394297 -0.0225055 0.0235407 0.0102317 -0.0312302 0.0882177
internal_weight=0 6000 10512 4526 2212 8300 1474
internal_count=16512 6000 10512 4526 2212 8300 1474
is_linear=0
shrinkage=0.1


Tree=9
num_leaves= 8
num_cat= 0
full_tree_array_lgbids= 0 1 4 3 2 5 6 -1 -5 -3 -4 -2 -7 -6 -8
split_feature= 1 1 6 3 1 2 5
split_gain= 1196.36 460.163 315.322 173.692 130.01 94.9504 18.2345
threshold= 5.6042500000000013 3.3277500000000004 2.5357030921530415 4.5044954944033631 7.7055000000000016 26.500000000000004 139.50000000000003
decision_type= 2 2 2 2 2 2 2
left_child=1 3 -3 -1 5 -2 -6
right_child=4 2 -4 -5 6 -7 -8
leaf_value= -0.012027113350361926 0.030807123625507218 0.040532129713628573 -0.0069246226770622145 -0.043500314997658246 0.0021546067240146493 0.081210531299379926 0.10838713973546575
leaf_weight=3549 1059 2113 4563 3881 26 677 644
leaf_count=3549 1059 2113 4563 3881 26 677 644
model_size=816
internal_value=0 -0.0111627 0.00809577 -0.0284669 0.0654454 0.0504633 0.104265
internal_weight=0 14106 6676 7430 2406 1736 670
internal_count=16512 14106 6676 7430 2406 1736 670
is_linear=0
shrinkage=0.1


Tree=10
num_leaves= 8
num_cat= 0
full_tree_array_lgbids= 0 1 3 5 2 4 6 -1 -7 -3 -4 -2 -6 -5 -8
split_feature= 1 1 6 1 2 3 1
split_gain= 994.731 294.532 277.605 216.724 163.63 92.7293 20.7512
threshold= 4.6754000000000007 2.2336500000000004 2.0376051459673437 7.3930000000000016 21.500000000000004 3.5232617427316812 8.7395500000000013
decision_type= 2 2 2 2 2 2 2
left_child=1 5 -3 4 -2 -1 -5
right_child=3 2 -4 6 -6 -7 -8
leaf_value= -0.0051177343893241065 0.0037956615427647694 0.045083177825450196 -0.012107711162889131 0.071236168988218759 0.048601540192292118 -0.052875654570378718 0.11083567272310389
leaf_weight=562 1460 984 8303 428 2126 2284 365
leaf_count=562 1460 984 8303 428 2126 2284 365
model_size=816
internal_value=0 -0.0148201 -0.00604808 0.0410625 0.0303593 -0.0434449 0.0894629
internal_weight=0 12133 9287 4379 3586 2846 793
internal_count=16512 12133 9287 4379 3586 2846 793
is_linear=0
shrinkage=0.1


Tree=11
num_leaves= 8
num_cat= 0
full_tree_array_lgbids= 0 3 1 4 6 2 5 -1 -6 -5 -8 -2 -4 -3 -7
split_feature= 1 1 2 7 8 2 7
split_gain= 838.263 294.964 217.425 177.471 365.99 75.2784 11.4155
threshold= 3.8346500000000003 5.8308000000000009 18.500000000000004 37.915000000000006 -122.31499999999998 26.500000000000004 38.475000000000001
decision_type= 2 2 2 2 2 2 2
left_child=3 2 -2 4 -1 -3 -5
right_child=1 5 -4 6 -6 -7 -8
leaf_value= 0.099601954853349092 -0.019649023068574932 0.041129200948059247 0.026897534540647017 -0.032134002325449745 -0.016787709813313595 0.082117198194456953 -0.054149143877061358
leaf_weight=289 1511 1219 3453 676 7158 875 1331
leaf_count=289 1511 1219 3453 676 7158 875 1331
model_size=816
internal_value=0 0.0262364 0.0127292 -0.0195871 -0.0122709 0.0582565 -0.046734
internal_weight=0 7058 4964 9454 7447 2094 2007
internal_count=16512 7058 4964 9454 7447 2094 2007
is_linear=0
shrinkage=0.1


Tree=12
num_leaves= 8
num_cat= 0
full_tree_array_lgbids= 0 3 1 4 5 2 6 -1 -6 -5 -7 -2 -4 -3 -8
split_feature= 1 6 2 6 7 7 1
split_gain= 677.861 261.93 219.56 167.229 158.786 122.516 112.51
threshold= 3.9004500000000006 2.9742256672023202 20.500000000000004 2.4716480639382667 37.945000000000007 34.455000000000005 6.8672000000000013
decision_type= 2 2 2 2 2 2 2
left_child=3 2 -2 4 -1 -5 -3
right_child=1 6 -4 5 -6 -7 -8
leaf_value= 0.017357973354222341 0.0046041341521176008 -0.0098838752882973446 0.055432879179652172 -0.012873186969560036 -0.036699276965727987 -0.041143131343877232 0.051276384538236866
leaf_weight=2196 1278 2253 2936 3515 787 3162 385
leaf_count=2196 1278 2253 2936 3515 787 3162 385
model_size=816
internal_value=0 0.0242423 0.0400178 -0.0171955 0.00309614 -0.0262609 -0.000957909
internal_weight=0 6852 4214 9660 2983 6677 2638
internal_count=16512 6852 4214 9660 2983 6677 2638
is_linear=0
shrinkage=0.1


Tree=13
num_leaves= 8
num_cat= 0
full_tree_array_lgbids= 0 1 3 2 4 5 6 -1 -4 -3 -6 -2 -7 -5 -8
split_feature= 1 6 7 6 8 7 1
split_gain= 580.849 270.269 354.068 83.257 81.8843 53.6865 27.2335
threshold= 5.3736000000000006 2.8396278889382178 37.945000000000007 3.1424162072895592 -117.77499999999999 37.955000000000005 9.1688500000000008
decision_type= 2 2 2 2 2 2 2
left_child=1 2 -1 5 -3 -2 -5
right_child=3 4 -4 6 -6 -7 -8
leaf_value= 0.018223219283070823 0.058180759069477707 -0.017808752452322187 -0.034125292666712888 0.004752511194697666 -0.048440849261851028 -0.0084725125372828031 0.084691355090874887
leaf_weight=5358 1886 5382 1771 685 1208 157 65
leaf_count=5358 1886 5382 1771 685 1208 157 65
model_size=816
internal_value=0 -0.00853992 0.0052187 0.0419474 -0.0234239 0.0530586 0.0116805
internal_weight=0 13719 7129 2793 6590 2043 750
internal_count=16512 13719 7129 2793 6590 2043 750
is_linear=0
shrinkage=0.1


Tree=14
num_leaves= 8
num_cat= 0
full_tree_array_lgbids= 0 3 1 4 6 2 5 -1 -6 -5 -8 -2 -4 -3 -7
split_feature= 1 7 8 3 1 8 2
split_gain= 492.02 215.646 261.923 122.242 159.651 65.502 32.4369
threshold= 3.6530500000000008 37.965000000000011 -118.02499999999999 4.7136159068371946 2.2210000000000005 -122.40499999999999 43.500000000000007
decision_type= 2 2 2 2 2 2 2
left_child=3 2 -2 4 -1 -3 -5
right_child=1 5 -4 6 -6 -7 -8
leaf_value= -0.028046601784448136 0.038411964017363485 0.023346933497318621 -0.0042036676822332954 -0.033704452710411156 0.01106573414924762 -0.044817534056596914 -0.0040017056727550413
leaf_weight=1879 4660 216 2217 3537 2743 689 571
leaf_count=1879 4660 216 2217 3537 2743 689 571
model_size=816
internal_value=0 0.0184842 0.0246736 -0.016477 -0.00483476 -0.0285484 -0.0295759
internal_weight=0 7782 6877 8730 4622 905 4108
internal_count=16512 7782 6877 8730 4622 905 4108
is_linear=0
shrinkage=0.1


Tree=15
num_leaves= 8
num_cat= 0
full_tree_array_lgbids= 0 1 4 2 3 5 6 -1 -4 -3 -5 -2 -7 -6 -8
split_feature= 1 8 7 7 1 6 5
split_gain= 423.443 233.64 355.869 64.2396 56.481 60.3539 14.3752
threshold= 5.6851000000000012 -117.77499999999999 34.525000000000013 33.565000000000005 8.7395500000000013 2.5949646725452555 70.000000000000014
decision_type= 2 2 2 2 2 2 2
left_child=1 2 -1 -3 5 -2 -6
right_child=4 3 -4 -5 6 -7 -8
leaf_value= 0.020135571781320572 0.063928636896067398 -0.018385128867526787 -0.015614123601812689 -0.05336692391377839 -0.06347245511909326 0.020934416052922806 0.084849676401182891
leaf_weight=4978 538 1287 6786 1181 11.999999999999998 1377 353
leaf_count=4978 538 1287 6786 1181 12 1377 353
model_size=816
internal_value=0 -0.00649315 -0.000486447 -0.0351248 0.0405309 0.0330132 0.0799733
internal_weight=0 14232 11764 2468 2280 1915 365
internal_count=16512 14232 11764 2468 2280 1915 365
is_linear=0
shrinkage=0.1


Tree=16
num_leaves= 8
num_cat= 0
full_tree_array_lgbids= 0 4 1 6 5 2 3 -1 -8 -6 -7 -2 -4 -3 -5
split_feature= 1 6 2 1 1 3 3
split_gain= 354.969 186.981 184.345 175.644 94.7532 128.425 55.9738
threshold= 3.6530500000000008 2.0653737590585881 17.500000000000004 6.3963500000000009 2.2210000000000005 4.5689898008742116 3.3654435698213785
decision_type= 2 2 2 2 2 2 2
left_child=4 2 -2 -3 6 -6 -1
right_child=1 3 -4 -5 5 -7 -8
leaf_value= 0.0053169222771560151 -0.018444986986648999 0.0035817605813822429 0.11116563453700046 0.044759214625673116 0.012223728565151895 -0.019055055019266402 -0.03700036219726574
leaf_weight=448 165 5863 396 1358 2383 3566 2333
leaf_count=448 165 5863 396 1358 2383 3566 2333
model_size=816
internal_value=0 0.015775 0.0730449 0.0113257 -0.014062 -0.00652566 -0.0301833
internal_weight=0 7782 561 7221 8730 5949 2781
internal_count=16512 7782 561 7221 8730 5949 2781
is_linear=0
shrinkage=0.1


Tree=17
num_leaves= 8
num_cat= 0
full_tree_array_lgbids= 0 1 4 2 3 5 6 -1 -4 -3 -5 -2 -7 -6 -8
split_feature= 1 8 7 7 6 2 3
split_gain= 292.385 205.658 272.54 205.985 70.8612 55.2558 16.6021
threshold= 5.0116000000000005 -122.38499999999998 38.415000000000006 34.455000000000005 3.1424162072895592 16.500000000000004 8.0108708495805292
decision_type= 2 2 2 2 2 2 2
left_child=1 2 -1 -3 5 -2 -6
right_child=4 3 -4 -5 6 -7 -8
leaf_value= 0.079837342826250254 0.0044376295177151635 0.00099570850082109845 -0.023841387174325063 -0.026316212345297674 -0.0060264616112942959 0.04308233002404506 0.043967760357146085
leaf_weight=621 570 6580 460 5236 839 2076 130
leaf_count=621 570 6580 460 5236 839 2076 130
model_size=816
internal_value=0 -0.00718213 0.0357187 -0.011107 0.0256232 0.0347575 0.00068071
internal_weight=0 12897 1081 11816 3615 2646 969
internal_count=16512 12897 1081 11816 3615 2646 969
is_linear=0
shrinkage=0.1


Tree=18
num_leaves= 8
num_cat= 0
full_tree_array_lgbids= 0 1 3 2 5 6 4 -1 -4 -3 -7 -2 -8 -5 -6
split_feature= 6 7 8 8 7 8 7
split_gain= 260.466 314.531 352.004 62.138 123.405 32.7927 27.87
threshold= 3.1100458715596333 37.925000000000004 -117.75499999999998 -121.56499999999998 34.525000000000013 -122.40499999999999 37.895000000000003
decision_type= 2 2 2 2 2 2 2
left_child=1 2 -1 6 -5 -3 -2
right_child=3 5 -4 4 -6 -7 -8
leaf_value= 0.028553390901530997 0.019453963486265519 -0.00026423410139478739 -0.021861717292848019 -0.014243169365368048 -0.055576444338007673 -0.031342036347319788 -0.028086578111539525
leaf_weight=6862 689 618 1808 3465 1025 1810 235
leaf_count=6862 689 618 1808 3465 1025 1810 235
model_size=816
internal_value=0 0.00896693 0.0180401 -0.018381 -0.0236789 -0.0234318 0.00736302
internal_weight=0 11098 8670 5414 4490 2428 924
internal_count=16512 11098 8670 5414 4490 2428 924
is_linear=0
shrinkage=0.1


Tree=19
num_leaves= 8
num_cat= 0
full_tree_array_lgbids= 0 4 1 6 5 2 3 -1 -8 -6 -7 -2 -4 -3 -5
split_feature= 1 2 1 8 3 1 7
split_gain= 223.743 188.009 132.421 87.7364 40.6349 46.5412 19.8847
threshold= 2.8762500000000002 47.500000000000007 6.2770500000000009 -122.29499999999999 3.3654435698213785 1.9486000000000003 33.995000000000012
decision_type= 2 2 2 2 2 2 2
left_child=4 2 -2 -3 6 -6 -1
right_child=1 3 -4 -5 5 -7 -8
leaf_value= -0.028552456832473067 -0.00038794387119818257 0.10019139126750023 0.034224743971060206 0.029840511072815087 -0.037411147020109198 -0.01336937474124616 0.023546974257076185
leaf_weight=157 8791 303 1396 600 1448 3355 462
leaf_count=157 8791 303 1396 600 1448 3355 462
model_size=816
internal_value=0 0.00835254 0.00435529 0.0534466 -0.017084 -0.0206174 0.0103327
internal_weight=0 11090 10187 903 5422 4803 619
internal_count=16512 11090 10187 903 5422 4803 619
is_linear=0
shrinkage=0.1


Tree=20
num_leaves= 8
num_cat= 0
full_tree_array_lgbids= 0 1 3 2 5 4 6 -1 -4 -3 -7 -2 -6 -5 -8
split_feature= 6 7 8 1 8 8 1
split_gain= 199.128 227.326 254.685 72.6793 45.8059 20.1572 19.8314
threshold= 2.9137341371666818 37.925000000000004 -117.85499999999998 5.8308000000000009 -121.56499999999998 -122.40499999999999 9.1688500000000008
decision_type= 2 2 2 2 2 2 2
left_child=1 2 -1 4 -2 -3 -5
right_child=3 5 -4 6 -6 -7 -8
leaf_value= 0.029129091450645867 0.0035981665706795382 0.0009640265052750915 -0.017142377401394297 0.008134646200935956 -0.021372035993816894 -0.027014872124108781 0.062160768835094027
leaf_weight=5547 1131 561 1607 791 5197 1551 127
leaf_count=5547 1131 561 1607 791 5197 1551 127
model_size=816
internal_value=0 0.0100013 0.0187352 -0.0127894 -0.0169091 -0.019583 0.0156088
internal_weight=0 9266 7154 7246 6328 2112 918
internal_count=16512 9266 7154 7246 6328 2112 918
is_linear=0
shrinkage=0.1


Tree=21
num_leaves= 8
num_cat= 0
full_tree_array_lgbids= 0 1 3 2 6 5 4 -1 -4 -3 -8 -2 -7 -5 -6
split_feature= 1 6 2 6 1 2 7
split_gain= 168.739 111.494 110.724 75.3482 72.4083 67.6114 34.5128
threshold= 4.405050000000001 2.5949646725452555 20.500000000000004 2.2820667453403218 8.0125000000000011 17.500000000000004 34.455000000000005
decision_type= 2 2 2 2 2 2 2
left_child=1 2 -1 5 -5 -2 -3
right_child=3 6 -4 4 -6 -7 -8
leaf_value= -0.018695872612738963 -0.0079115140407035756 -0.007718099753969131 0.017767994192043481 0.0060437797522580753 0.049421456108545737 0.074532198210880071 -0.024013756376956307
leaf_weight=1345 162 3885 2961 4003 507 428 3221
leaf_count=1345 162 3885 2961 4003 507 428 3221
model_size=816
internal_value=0 -0.0069986 0.00637833 0.0156604 0.0109202 0.0518951 -0.0151046
internal_weight=0 11412 4306 5100 4510 590 7106
internal_count=16512 11412 4306 5100 4510 590 7106
is_linear=0
shrinkage=0.1


Tree=22
num_leaves= 8
num_cat= 0
full_tree_array_lgbids= 0 3 1 5 6 2 4 -1 -7 -5 -8 -2 -4 -3 -6
split_feature= 8 7 8 7 8 8 7
split_gain= 158.178 458.343 480.005 187.614 176.636 113.282 46.5515
threshold= -121.85499999999998 34.525000000000013 -118.30499999999999 37.805000000000007 -119.94499999999998 -122.25499999999998 38.705000000000005
decision_type= 2 2 2 2 2 2 2
left_child=3 2 -2 5 -3 -1 -5
right_child=1 4 -4 6 -6 -7 -8
leaf_value= 0.071993749970035589 0.047681832606003102 -0.020376568201553771 -0.006752097501538469 0.0044215599592221603 -0.068806574231981582 0.021250278222559791 -0.036515418558965951
leaf_weight=736 2235 2723 6481 1251 1145 1451 490
leaf_count=736 2235 2723 6481 1251 1145 1451 490
model_size=816
internal_value=0 -0.00567867 0.00720612 0.0181926 -0.0347128 0.0383272 -0.00710005
internal_weight=0 12584 8716 3928 3868 2187 1741
internal_count=16512 12584 8716 3928 3868 2187 1741
is_linear=0
shrinkage=0.1


Tree=23
num_leaves= 7
num_cat= 0
full_tree_array_lgbids= 0 1 4 3 2 5 -6 -1 -5 -3 -4 -2 -7 -2147483648 -2147483648
split_feature= 8 7 8 8 7 8
split_gain= 145.021 202.415 458.402 198.186 68.4935 93.2794
threshold= -117.75499999999998 34.525000000000013 -121.63499999999998 -118.30499999999999 33.695000000000007 -117.145
decision_type= 2 2 2 2 2 2
left_child=1 3 -3 -1 5 -2
right_child=4 2 -4 -5 -6 -7
leaf_value= 0.042913649325234032 0.021624377836486096 0.014690748118043009 -0.035246226760023751 0.0041756548193877434 -0.042256890378637273 -0.029678889703740559
leaf_weight=2235 709 4419 3299 3782 1137 931
leaf_count=2235 709 4419 3299 3782 1137 931
model_size=704
internal_value=0 0.00439355 -0.00665443 0.0185648 -0.0217304 -0.00749961
internal_weight=0 13735 7718 6017 2777 1640
internal_count=16512 13735 7718 6017 2777 1640
is_linear=0
shrinkage=0.1


Tree=24
num_leaves= 8
num_cat= 0
full_tree_array_lgbids= 0 1 3 2 6 5 4 -1 -4 -3 -8 -2 -7 -5 -6
split_feature= 6 7 8 8 7 7 7
split_gain= 127.274 138.906 177.232 20.8206 40.5619 15.6018 9.05007
threshold= 3.1424162072895592 37.935000000000009 -122.31499999999998 -121.48499999999999 35.135000000000012 37.895000000000003 39.355000000000011
decision_type= 2 2 2 2 2 2 2
left_child=1 2 -1 5 -5 -2 -3
right_child=3 6 -4 4 -6 -7 -8
leaf_value= 0.067535666514527887 0.014601993632660203 -0.011011979960501224 0.0083898976427588187 -0.011748444993502104 -0.039670558625649416 -0.026493336727937467 -0.034197206773695726
leaf_weight=581 657 1921 8342 3414 856 226 515
leaf_count=581 657 1921 8342 3414 856 226 515
model_size=816
internal_value=0 0.00620311 0.012241 -0.0136738 -0.0173459 0.00408382 -0.0159136
internal_weight=0 11359 8923 5153 4270 883 2436
internal_count=16512 11359 8923 5153 4270 883 2436
is_linear=0
shrinkage=0.1


Tree=25
num_leaves= 7
num_cat= 0
full_tree_array_lgbids= 0 1 4 3 2 5 -6 -1 -5 -3 -4 -2 -7 -2147483648 -2147483648
split_feature= 8 7 8 6 7 8
split_gain= 116.97 159.533 336.875 160.167 51.6672 71.3734
threshold= -117.75499999999998 34.525000000000013 -121.56499999999998 3.0004492362982935 33.695000000000007 -117.145
decision_type= 2 2 2 2 2 2
left_child=1 3 -3 -1 5 -2
right_child=4 2 -4 -5 -6 -7
leaf_value= 0.032726988289809571 0.018958115946023354 0.011930028536834168 -0.03131768701623943 -0.001248063651483642 -0.03804453760216573 -0.02681454079816864
leaf_weight=3175 709 4535 3183 2842 1137 931
leaf_count=3175 709 4535 3183 2842 1137 931
model_size=704
internal_value=0 0.00398833 -0.00590587 0.0166796 -0.0197262 -0.00702624
internal_weight=0 13735 7718 6017 2777 1640
internal_count=16512 13735 7718 6017 2777 1640
is_linear=0
shrinkage=0.1


Tree=26
num_leaves= 7
num_cat= 0
full_tree_array_lgbids= 0 1 4 3 2 5 -6 -1 -5 -3 -4 -2 -7 -2147483648 -2147483648
split_feature= 8 7 8 8 7 8
split_gain= 92.1625 126.639 280.343 143.637 41.8953 76.2275
threshold= -117.75499999999998 34.525000000000013 -119.94499999999998 -118.35499999999998 33.565000000000005 -117.16499999999998
decision_type= 2 2 2 2 2 2
left_child=1 3 -3 -1 5 -2
right_child=4 2 -4 -5 -6 -7
leaf_value= 0.04067547570501584 0.028066417650693905 0.0024941693462593672 -0.053994458272635083 0.0048639577467278327 -0.032770249723503973 -0.023073574840113367
leaf_weight=1705 535 6651 1067 4312 1298 944
leaf_count=1705 535 6651 1067 4312 1298 944
model_size=704
internal_value=0 0.00358949 -0.00531528 0.0150116 -0.0177536 -0.00457466
internal_weight=0 13735 7718 6017 2777 1479
internal_count=16512 13735 7718 6017 2777 1479
is_linear=0
shrinkage=0.1


Tree=27
num_leaves= 8
num_cat= 0
full_tree_array_lgbids= 0 1 2 3 5 6 4 -1 -5 -3 -7 -2 -8 -4 -6
split_feature= 2 1 8 6 7 1 8
split_gain= 83.4123 77.9181 57.6905 49.1018 20.5359 16.1046 7.28588
threshold= 51.500000000000007 5.8308000000000009 -122.31499999999998 2.0376051459673437 37.635000000000012 8.7395500000000013 -122.61499999999999
decision_type= 2 2 2 2 2 2 2
left_child=1 3 6 -1 -4 -3 -2
right_child=2 5 4 -5 -6 -7 -8
leaf_value= 0.016592383607968147 -0.016534354213553554 0.01282453937464556 0.030625702533211441 -0.007023746162263019 -0.013822225324959511 0.046012881219551063 0.076089192148041607
leaf_weight=1229 26 1635 406 12307 295 318 296
leaf_count=1229 26 1635 406 12307 295 318 296
model_size=816
internal_value=0 -0.00196585 0.0297644 -0.00487952 0.0119208 0.0182285 0.0686103
internal_weight=0 15489 1023 13536 701 1953 322
internal_count=16512 15489 1023 13536 701 1953 322
is_linear=0
shrinkage=0.1


Tree=28
num_leaves= 7
num_cat= 0
full_tree_array_lgbids= 0 1 3 2 5 4 -5 -1 -4 -3 -7 -2 -6 -2147483648 -2147483648
split_feature= 6 7 8 3 8 7
split_gain= 73.2964 92.4321 131.84 11.3603 8.99381 7.05239
threshold= 3.1424162072895592 37.895000000000003 -122.29499999999999 8.0108708495805292 -117.50499999999998 39.355000000000011
decision_type= 2 2 2 2 2 2
left_child=1 2 -1 4 -2 -3
right_child=3 5 -4 -5 -6 -7
leaf_value= 0.058994856660916722 -0.009300162092343519 -0.008517852069245704 0.0067154575763762256 0.02898400804306699 -0.028752142717181468 -0.030795510529158455
leaf_weight=568 4316 2050 8226 152 685 515
leaf_count=568 4316 2050 8226 152 685 515
model_size=704
internal_value=0 0.00487976 0.0100922 -0.0107567 -0.0119646 -0.0129908
internal_weight=0 11359 8794 5153 5001 2565
internal_count=16512 11359 8794 5153 5001 2565
is_linear=0
shrinkage=0.1


Tree=29
num_leaves= 7
num_cat= 0
full_tree_array_lgbids= 0 1 4 3 2 5 -6 -1 -5 -3 -4 -2 -7 -2147483648 -2147483648
split_feature= 8 7 8 8 7 8
split_gain= 69.2606 92.8291 236.962 121.63 32.8753 41.1423
threshold= -117.50499999999998 34.655000000000008 -119.94499999999998 -118.30499999999999 33.915000000000006 -117.145
decision_type= 2 2 2 2 2 2
left_child=1 3 -3 -1 5 -2
right_child=4 2 -4 -5 -6 -7
leaf_value= 0.031820883113204544 0.01646948631488861 0.0019995041494442673 -0.050708630938467419 0.0017166913956734532 -0.040249343552345274 -0.022106598074516759
leaf_weight=2281 564 6610 1044 4307 652 1054
leaf_count=2281 564 6610 1044 4307 652 1054
model_size=704
internal_value=0 0.00282644 -0.00518985 0.0121398 -0.0177331 -0.0086598
internal_weight=0 14242 7654 6588 2270 1618
internal_count=16512 14242 7654 6588 2270 1618
is_linear=0
shrinkage=0.1


Tree=30
num_leaves= 6
num_cat= 0
full_tree_array_lgbids= 0 1 2 4 -3 3 -4 -1 -6 -2147483648 -2147483648 -2 -5 -2147483648 -2147483648
split_feature= 8 7 7 8 2
split_gain= 62.8098 109.125 90.2995 141.964 6.98546
threshold= -122.40499999999999 38.705000000000005 37.615000000000002 -122.02499999999999 47.500000000000007
decision_type= 2 2 2 2 2
left_child=1 4 3 -2 -1
right_child=2 -3 -4 -5 -6
leaf_value= 0.031264620457518176 0.056143332149434212 -0.029512779924089419 -0.017316975563399905 4.3414253131443183e-05 0.062512246279158828
leaf_weight=587 517 319 3412 11347 330
leaf_count=587 517 319 3412 11347 330
model_size=592
internal_value=0 0.0239214 -0.00193551 0.00248809 0.0425097
internal_weight=0 1236 15276 11864 917
internal_count=16512 1236 15276 11864 917
is_linear=0
shrinkage=0.1


Tree=31
num_leaves= 6
num_cat= 0
full_tree_array_lgbids= 0 1 4 2 3 -2 -6 -1 -4 -3 -5 -2147483648 -2147483648 -2147483648 -2147483648
split_feature= 6 7 8 8 8
split_gain= 53.3468 64.0709 89.2366 4.87832 2.20221
threshold= 3.442186331338819 37.895000000000003 -122.31499999999998 -122.40499999999999 -121.48499999999999
decision_type= 2 2 2 2 2
left_child=1 2 -1 -3 -2
right_child=4 3 -4 -5 -6
leaf_value= 0.047964855661328493 0.0045470298017581904 0.0027863009894274291 0.0046770895328084967 -0.016273244707071557 -0.015861183305031789
leaf_weight=582 446 677 9928 2129 2750
leaf_count=582 446 677 9928 2129 2750
model_size=592
internal_value=0 0.00312333 0.00707419 -0.0116748 -0.0130132
internal_weight=0 13316 10510 2806 3196
internal_count=16512 13316 10510 2806 3196
is_linear=0
shrinkage=0.1


Tree=32
num_leaves= 7
num_cat= 0
full_tree_array_lgbids= 0 1 4 3 2 5 -6 -1 -5 -3 -4 -2 -7 -2147483648 -2147483648
split_feature= 8 7 8 8 7 8
split_gain= 53.9213 73.8586 188.252 91.7682 23.4782 31.4177
threshold= -117.50499999999998 34.655000000000008 -119.94499999999998 -118.30499999999999 33.885000000000012 -117.16499999999998
decision_type= 2 2 2 2 2 2
left_child=1 3 -3 -1 5 -2
right_child=4 2 -4 -5 -6 -7
leaf_value= 0.028418858271459919 0.017435482816147593 0.0017348158523486504 -0.045613632616328281 0.0018025645891651633 -0.035852256023162631 -0.018995318072289651
leaf_weight=2281 494 6610 1044 4307 671 1105
leaf_count=2281 494 6610 1044 4307 671 1105
model_size=704
internal_value=0 0.00255818 -0.00472348 0.0110181 -0.01605 -0.00774027
internal_weight=0 14242 7654 6588 2270 1599
internal_count=16512 14242 7654 6588 2270 1599
is_linear=0
shrinkage=0.1


Tree=33
num_leaves= 5
num_cat= 0
full_tree_array_lgbids= 0 1 -2 2 3 -2147483648 -2147483648 -1 -4 -3 -5 -2147483648 -2147483648 -2147483648 -2147483648
split_feature= 8 6 7 3
split_gain= 43.082 43.5438 51.4125 31.8003
threshold= -116.53499999999998 2.8396278889382178 37.805000000000007 7.5573198511601065
decision_type= 2 2 2 2
left_child=1 2 -1 -3
right_child=-2 3 -4 -5
leaf_value= 0.01191321226674294 -0.048827843845948203 -0.0072998495008353651 -0.0079607298613696073 0.025053578022947554
leaf_weight=6079 236 7455 2277 465
leaf_count=6079 236 7455 2277 465
model_size=480
internal_value=0 0.000707998 0.00649759 -0.00540031
internal_weight=0 16276 8356 7920
internal_count=16512 16276 8356 7920
is_linear=0
shrinkage=0.1


Tree=34
num_leaves= 6
num_cat= 0
full_tree_array_lgbids= 0 1 3 -1 2 4 -5 -2147483648 -2147483648 -3 -4 -2 -6 -2147483648 -2147483648
split_feature= 8 7 7 7 8
split_gain= 40.262 64.9779 50.9268 20.2058 37.3778
threshold= -117.77499999999999 33.625000000000007 34.175000000000004 33.565000000000005 -117.24499999999999
decision_type= 2 2 2 2 2
left_child=1 -1 -3 4 -2
right_child=3 2 -4 -5 -6
leaf_value= 0.12120865970583899 0.034896220899381054 0.011365475540716517 -0.0030435538077473426 -0.024158232602310155 -0.01148195962000546
leaf_weight=56 300 4886 8734 1348 1188
leaf_count=56 300 4886 8734 1348 1188
model_size=592
internal_value=0 0.00261312 0.0021255 -0.0126012 -0.00213152
internal_weight=0 13676 13620 2836 1488
internal_count=16512 13676 13620 2836 1488
is_linear=0
shrinkage=0.1


Tree=35
num_leaves= 6
num_cat= 0
full_tree_array_lgbids= 0 1 2 4 -3 3 -4 -1 -6 -2147483648 -2147483648 -2 -5 -2147483648 -2147483648
split_feature= 8 7 7 8 7
split_gain= 38.1023 75.9007 54.8629 109 5.70475
threshold= -122.40499999999999 38.705000000000005 37.615000000000002 -121.32499999999997 37.755000000000003
decision_type= 2 2 2 2 2
left_child=1 4 3 -2 -1
right_child=2 -3 -4 -5 -6
leaf_value= 0.013359402906440247 0.02903461721907304 -0.025993990299998434 -0.014144216192867078 -0.0018379844485140269 0.045454224376330385
leaf_weight=278 1477 319 3412 10387 639
leaf_count=278 1477 319 3412 10387 639
model_size=592
internal_value=0 0.0197954 -0.00160167 0.00200548 0.0357243
internal_weight=0 1236 15276 11864 917
internal_count=16512 1236 15276 11864 917
is_linear=0
shrinkage=0.1


Tree=36
num_leaves= 8
num_cat= 0
full_tree_array_lgbids= 0 4 1 6 5 3 2 -1 -8 -6 -7 -2 -5 -3 -4
split_feature= 4 1 6 8 8 7 7
split_gain= 36.5763 38.5224 29.328 19.6173 2.50524 21.0696 3.36757
threshold= 0.99160544721033084 4.1408500000000013 2.2634687595142249 -117.50499999999998 -121.675 35.335000000000008 37.595000000000006
decision_type= 2 2 2 2 2 2 2
left_child=4 3 -3 -2 6 -6 -1
right_child=1 2 -4 -5 5 -7 -8
leaf_value= 0.018654145718906827 0.00087831577897793289 0.037193347658762553 0.0077226131031903475 -0.01599824660404478 -0.0094009093139410596 -0.039731040721130609 -0.011097240937467581
leaf_weight=323 7639 579 3864 1416 1656 503 532
leaf_count=323 7639 579 3864 1416 1656 503 532
model_size=816
internal_value=0 0.00262491 0.0115632 -0.0017608 -0.0117555 -0.0164672 0.000142172
internal_weight=0 13498 4443 9055 3014 2159 855
internal_count=16512 13498 4443 9055 3014 2159 855
is_linear=0
shrinkage=0.1


Tree=37
num_leaves= 7
num_cat= 0
full_tree_array_lgbids= 0 1 3 2 -3 4 5 -1 -4 -2147483648 -2147483648 -2 -6 -5 -7
split_feature= 2 1 8 8 7 7
split_gain= 31.8296 30.0208 21.8205 14.1116 2.65024 0.765105
threshold= 51.500000000000007 7.2638000000000007 -116.53499999999998 -122.425 37.755000000000003 37.635000000000012
decision_type= 2 2 2 2 2 2
left_child=1 2 -1 4 -2 -5
right_child=3 -3 -4 5 -6 -7
leaf_value= -0.0019635124524205903 0.0060375874338205911 0.022034546528739533 -0.041897490414678412 0.025419682727217497 0.070866806369105528 -0.0020988056887623692
leaf_weight=14483 56 774 232 420 154 393
leaf_count=14483 56 774 232 420 154 393
model_size=704
internal_value=0 -0.00136245 -0.00259312 0.0206286 0.053579 0.0121174
internal_weight=0 15489 14715 1023 210 813
internal_count=16512 15489 14715 1023 210 813
is_linear=0
shrinkage=0.1


Tree=38
num_leaves= 5
num_cat= 0
full_tree_array_lgbids= 0 1 -2 3 2 -2147483648 -2147483648 -1 -5 -3 -4 -2147483648 -2147483648 -2147483648 -2147483648
split_feature= 6 7 8 8
split_gain= 29.1235 36.6461 144.27 102.302
threshold= 3.442186331338819 34.525000000000013 -119.94499999999998 -118.35499999999998
decision_type= 2 2 2 2
left_child=1 3 -3 -1
right_child=-2 2 -4 -5
leaf_value= 0.033713616020611369 -0.010517922120182429 0.0024164216891895984 -0.042699778100449802 0.0016353311942924797
leaf_weight=1469 3196 5912 900 5035
leaf_count=1469 3196 5912 900 5035
model_size=480
internal_value=0 0.00252443 -0.00354432 0.00888056
internal_weight=0 13316 6812 6504
internal_count=16512 13316 6812 6504
is_linear=0
shrinkage=0.1


Tree=39
num_leaves= 5
num_cat= 0
full_tree_array_lgbids= 0 -1 1 -2147483648 -2147483648 3 2 -2147483648 -2147483648 -2147483648 -2147483648 -2 -5 -3 -4
split_feature= 4 1 2 3
split_gain= 26.6586 29.0653 28.7357 6.09839
threshold= 0.99160544721033084 1.9486000000000003 51.500000000000007 2.6633984153933228
decision_type= 2 2 2 2
left_child=-1 3 -3 -2
right_child=1 2 -4 -5
leaf_value= -0.010603625779141862 0.030913289867341522 0.0028879500555639994 0.027979493662121036 -0.016323192010136395
leaf_weight=3014 100 11187 737 1474
leaf_count=3014 100 11187 737 1474
model_size=480
internal_value=0 0.00236771 0.00443881 -0.0133221
internal_weight=0 13498 11924 1574
internal_count=16512 13498 11924 1574
is_linear=0
shrinkage=0.1


Tree=40
num_leaves= 7
num_cat= 0
full_tree_array_lgbids= 0 1 4 2 3 5 -6 -1 -4 -3 -5 -2 -7 -2147483648 -2147483648
split_feature= 3 6 2 8 7 8
split_gain= 22.5209 37.0688 88.1832 4.33961 1.49001 1.4547
threshold= 6.4946700411501865 2.4469862317432325 21.500000000000004 -122.24499999999999 37.985000000000007 -116.53499999999998
decision_type= 2 2 2 2 2 2
left_child=1 2 -1 -3 5 -2
right_child=4 3 -4 -5 -6 -7
leaf_value= -0.016300829868018781 0.016417652408965949 0.0078840986081578825 0.018749456339366848 -0.0072862439823594546 -0.0056258127400162922 -0.03059868523246282
leaf_weight=1224 2060 922 2670 9073 486 77
leaf_count=1224 2060 922 2670 9073 486 77
model_size=704
internal_value=0 -0.00206855 0.00773211 -0.00588684 0.0109532 0.0147236
internal_weight=0 13889 3894 9995 2623 2137
internal_count=16512 13889 3894 9995 2623 2137
is_linear=0
shrinkage=0.1


Tree=41
num_leaves= 7
num_cat= 0
full_tree_array_lgbids= 0 3 1 4 -5 5 2 -1 -6 -2147483648 -2147483648 -2 -7 -3 -4
split_feature= 4 1 6 8 7 1
split_gain= 19.8128 22.6027 28.832 2.56172 7.75482 2.44258
threshold= 1.0117321169808868 3.4883000000000002 1.9472568337679903 -122.19499999999998 37.595000000000006 1.8066500000000001
decision_type= 2 2 2 2 2 2
left_child=3 5 -3 4 -1 -2
right_child=1 2 -4 -5 -6 -7
leaf_value= 0.058126211223169799 -0.013612094448380336 0.042829670205044482 0.006561542909733026 -0.0096600593237614121 0.00088991667684367836 7.108267917508715e-05
leaf_weight=82 1141 357 5170 4062 471 5229
leaf_count=82 1141 357 5170 4062 471 5229
model_size=704
internal_value=0 0.00286237 0.00890417 -0.00737891 0.00937703 -0.00237986
internal_weight=0 11897 5527 4615 553 6370
internal_count=16512 11897 5527 4615 553 6370
is_linear=0
shrinkage=0.1


Tree=42
num_leaves= 5
num_cat= 0
full_tree_array_lgbids= 0 1 -2 3 2 -2147483648 -2147483648 -1 -5 -3 -4 -2147483648 -2147483648 -2147483648 -2147483648
split_feature= 7 8 8 7
split_gain= 17.4091 53.5306 21.6739 6.22644
threshold= 37.895000000000003 -122.29499999999999 -117.77499999999999 37.765000000000008
decision_type= 2 2 2 2
left_child=1 3 -3 -1
right_child=-2 2 -4 -5
leaf_value= 0.020369707031358937 -0.0094635316812577627 0.0032910363317584148 -0.0096369241805260228 0.057767788130870981
leaf_weight=462 2987 9997 2836 230
leaf_count=462 2987 9997 2836 230
model_size=480
internal_value=0 0.00209002 0.000434051 0.0327997
internal_weight=0 13525 12833 692
internal_count=16512 13525 12833 692
is_linear=0
shrinkage=0.1


Tree=43
num_leaves= 4
num_cat= 0
full_tree_array_lgbids= 0 1 -2 2 -3 -2147483648 -2147483648 -1 -4 -2147483648 -2147483648 -2147483648 -2147483648 -2147483648 -2147483648
split_feature= 3 6 2
split_gain= 14.8874 23.4926 66.316
threshold= 6.3286213786213787 2.4469862317432325 21.500000000000004
decision_type= 2 2 2
left_child=1 2 -1
right_child=-2 -3 -4
leaf_value= -0.015131904861532087 0.0088386924654348074 -0.0054711278530767161 0.016399799112849025
leaf_weight=1199 3135 9569 2609
leaf_count=1199 3135 9569 2609
model_size=368
internal_value=0 -0.00207141 0.00647162
internal_weight=0 13377 3808
internal_count=16512 13377 3808
is_linear=0
shrinkage=0.1


Tree=44
num_leaves= 7
num_cat= 0
full_tree_array_lgbids= 0 3 1 5 4 -2 2 -1 -7 -5 -6 -2147483648 -2147483648 -3 -4
split_feature= 4 1 6 8 7 7
split_gain= 12.7665 16.6621 16.1264 2.09731 30.395 15.8534
threshold= 1.0291350557942953 3.4298000000000006 2.0376051459673437 -121.56499999999998 35.335000000000008 37.615000000000002
decision_type= 2 2 2 2 2 2
left_child=3 -2 -3 5 -5 -1
right_child=1 2 -4 4 -6 -7
leaf_value= 0.019810245236628679 -0.0018513087976443994 0.033946467495221212 0.0066045310837213895 -0.0033274304091444671 -0.028002825005430772 -0.0073215785037025853
leaf_weight=686 5648 470 4173 3453 963 1119
leaf_count=686 5648 470 4173 3453 963 1119
model_size=704
internal_value=0 0.00321245 0.00937229 -0.00531415 -0.00870841 0.00299002
internal_weight=0 10291 4643 6221 4416 1805
internal_count=16512 10291 4643 6221 4416 1805
is_linear=0
shrinkage=0.1


Tree=45
num_leaves= 5
num_cat= 0
full_tree_array_lgbids= 0 1 -2 2 3 -2147483648 -2147483648 -1 -4 -3 -5 -2147483648 -2147483648 -2147483648 -2147483648
split_feature= 8 7 8 8
split_gain= 10.9237 16.7111 178.786 56.9028
threshold= -116.53499999999998 34.175000000000004 -118.36499999999999 -121.56499999999998
decision_type= 2 2 2 2
left_child=1 2 -1 -3
right_child=-2 3 -4 -5
leaf_value= 0.053300821522007817 -0.033260399167094445 0.0052770179621279903 -0.00012315503265226567 -0.012777284139859846
leaf_weight=759 236 4535 6621 4361
leaf_count=759 236 4535 6621 4361
model_size=480
internal_value=0 0.000482272 0.00537126 -0.00357357
internal_weight=0 16276 7380 8896
internal_count=16512 16276 7380 8896
is_linear=0
shrinkage=0.1


Tree=46
num_leaves= 5
num_cat= 0
full_tree_array_lgbids= 0 1 -2 3 2 -2147483648 -2147483648 -1 -5 -3 -4 -2147483648 -2147483648 -2147483648 -2147483648
split_feature= 7 8 7 7
split_gain= 9.44688 30.413 22.7584 2.43057
threshold= 39.355000000000011 -122.35499999999998 37.595000000000006 38.705000000000005
decision_type= 2 2 2 2
left_child=1 3 -3 -1
right_child=-2 2 -4 -5
leaf_value= 0.02439580075808517 -0.02120542084725929 0.0018161160021164203 -0.010789989492198634 -0.017295983135057934
leaf_weight=1019 540 11795 3042 116
leaf_count=1019 540 11795 3042 116
model_size=480
internal_value=0 0.000716938 -0.000768488 0.0201348
internal_weight=0 15972 14837 1135
internal_count=16512 15972 14837 1135
is_linear=0
shrinkage=0.1


Tree=47
num_leaves= 4
num_cat= 0
full_tree_array_lgbids= 0 -1 1 -2147483648 -2147483648 2 -3 -2147483648 -2147483648 -2147483648 -2147483648 -2 -4 -2147483648 -2147483648
split_feature= 4 8 7
split_gain= 9.2758 10.0978 22.3407
threshold= 0.98548810139184051 -117.23499999999999 34.185000000000009
decision_type= 2 2 2
left_child=-1 2 -2
right_child=1 -3 -4
leaf_value= -0.0089563716557566342 0.009642598121675049 -0.011486177907158604 -0.0015438520609979908
leaf_weight=2624 5213 1345 7330
leaf_count=2624 5213 1345 7330
model_size=368
internal_value=0 0.00169222 0.00310535
internal_weight=0 13888 12543
internal_count=16512 13888 12543
is_linear=0
shrinkage=0.1


Tree=48
num_leaves= 5
num_cat= 0
full_tree_array_lgbids= 0 1 -2 3 2 -2147483648 -2147483648 -1 -5 -3 -4 -2147483648 -2147483648 -2147483648 -2147483648
split_feature= 6 7 8 8
split_gain= 9.71561 15.2087 97.6444 54.9491
threshold= 3.6402605459057074 34.655000000000008 -119.94499999999998 -118.27499999999999
decision_type= 2 2 2 2
left_child=1 3 -3 -1
right_child=-2 2 -4 -5
leaf_value= 0.020589611583486982 -0.009627902453887267 0.0018228320013941634 -0.0358544459213938 -0.00068264574108011086
leaf_weight=2325 2364 6114 920 4789
leaf_count=2325 2364 6114 920 4789
model_size=480
internal_value=0 0.00160873 -0.0031051 0.00626956
internal_weight=0 14148 7034 7114
internal_count=16512 14148 7034 7114
is_linear=0
shrinkage=0.1


Tree=49
num_leaves= 4
num_cat= 0
full_tree_array_lgbids= 0 1 -2 2 -3 -2147483648 -2147483648 -1 -4 -2147483648 -2147483648 -2147483648 -2147483648 -2147483648 -2147483648
split_feature= 3 8 7
split_gain= 7.47502 8.32813 28.4091
threshold= 6.4946700411501865 -117.79499999999999 33.625000000000007
decision_type= 2 2 2
left_child=1 2 -1
right_child=-2 -3 -4
leaf_value= 0.11602454682191213 0.0086706213988050739 -0.011137648793506569 -0.00012554536617237383
leaf_weight=33 2623 2255 11601
leaf_count=33 2623 2255 11601
model_size=368
internal_value=0 -0.00163749 0.000203916
internal_weight=0 13889 11634
internal_count=16512 13889 11634
is_linear=0
shrinkage=0.1


Tree=50
num_leaves= 5
num_cat= 0
full_tree_array_lgbids= 0 1 -2 3 2 -2147483648 -2147483648 -1 -5 -3 -4 -2147483648 -2147483648 -2147483648 -2147483648
split_feature= 7 8 7 7
split_gain= 5.12926 20.0556 16.2234 0.43173
threshold= 39.82500000000001 -122.35499999999998 37.595000000000006 38.705000000000005
decision_type= 2 2 2 2
left_child=1 3 -3 -1
right_child=-2 2 -4 -5
leaf_value= 0.021984274754917862 -0.024159596656796747 0.001630658634070495 -0.0096961937712715905 -0.014172321910155007
leaf_weight=1019 355 11795 3199 144
leaf_count=1019 355 11795 3199 144
model_size=480
internal_value=0 0.000530832 -0.000785948 0.0175074
internal_weight=0 16157 14994 1163
internal_count=16512 16157 14994 1163
is_linear=0
shrinkage=0.1


Tree=51
num_leaves= 5
num_cat= 0
full_tree_array_lgbids= 0 1 -2 2 3 -2147483648 -2147483648 -1 -4 -3 -5 -2147483648 -2147483648 -2147483648 -2147483648
split_feature= 6 7 8 8
split_gain= 5.35453 10.4094 114.762 28.3269
threshold= 3.2358284584328918 34.165000000000006 -118.37499999999999 -121.63499999999998
decision_type= 2 2 2 2
left_child=1 2 -1 -3
right_child=-2 3 -4 -5
leaf_value= 0.052572137478273363 -0.005951170254113354 0.0058569329417707183 0.0018769344810511555 -0.0098819316213274548
leaf_weight=578 4438 3755 4297 3444
leaf_count=578 4438 3755 4297 3444
model_size=480
internal_value=0 0.00218745 0.00788757 -0.00167254
internal_weight=0 12074 4875 7199
internal_count=16512 12074 4875 7199
is_linear=0
shrinkage=0.1


Tree=52
num_leaves= 4
num_cat= 0
full_tree_array_lgbids= 0 -1 1 -2147483648 -2147483648 2 -3 -2147483648 -2147483648 -2147483648 -2147483648 -2 -4 -2147483648 -2147483648
split_feature= 4 8 7
split_gain= 4.68164 3.37207 3.62043
threshold= 1.0291350557942953 -116.53499999999998 39.355000000000011
decision_type= 2 2 2
left_child=-1 2 -2
right_child=1 -3 -4
leaf_value= -0.0045810230419149689 0.0043034515983360671 -0.028102734983935587 -0.018129137062591397
leaf_weight=6221 9677 202 412
leaf_count=6221 9677 202 412
model_size=368
internal_value=0 0.00276927 0.00338738
internal_weight=0 10291 10089
internal_count=16512 10291 10089
is_linear=0
shrinkage=0.1


Tree=53
num_leaves= 4
num_cat= 0
full_tree_array_lgbids= 0 1 -2 2 -3 -2147483648 -2147483648 -1 -4 -2147483648 -2147483648 -2147483648 -2147483648 -2147483648 -2147483648
split_feature= 3 6 2
split_gain= 3.17469 1.62304 31.8428
threshold= 6.3286213786213787 2.5763869593405579 19.500000000000004
decision_type= 2 2 2
left_child=1 2 -1
right_child=-2 -3 -4
leaf_value= -0.01330494976048599 0.007099199308094716 -0.0044157744867921811 0.0092574574852545173
leaf_weight=1293 3135 8551 3533
leaf_count=1293 3135 8551 3533
model_size=368
internal_value=0 -0.00166375 0.00321245
internal_weight=0 13377 4826
internal_count=16512 13377 4826
is_linear=0
shrinkage=0.1


Tree=54
num_leaves= 4
num_cat= 0
full_tree_array_lgbids= 0 -1 1 -2147483648 -2147483648 -2 2 -2147483648 -2147483648 -2147483648 -2147483648 -2147483648 -2147483648 -3 -4
split_feature= 4 1 6
split_gain= 1.1117 1.54317 0.834382
threshold= 1.0069504830917877 1.8066500000000001 1.9322222929778572
decision_type= 2 2 2
left_child=-1 -2 -3
right_child=1 2 -4
leaf_value= -0.0056096903996719436 -0.0099410160560191307 0.017320045347066788 0.0020356807677107481
leaf_weight=4166 1163 796 10387
leaf_count=4166 1163 796 10387
model_size=368
internal_value=0 0.00189292 0.00312361
internal_weight=0 12346 11183
internal_count=16512 12346 11183
is_linear=0
shrinkage=0.1


Tree=55
num_leaves= 6
num_cat= 0
full_tree_array_lgbids= 0 1 2 -1 4 3 -4 -2147483648 -2147483648 -3 -6 -2 -5 -2147483648 -2147483648
split_feature= 8 7 7 8 7
split_gain= 1.09119 31.4196 9.26619 13.2439 5.86611
threshold= -117.77499999999999 33.645000000000003 33.565000000000005 -117.24499999999999 34.655000000000008
decision_type= 2 2 2 2 2
left_child=1 -1 3 -2 -3
right_child=2 4 -4 -5 -6
leaf_value= 0.073426570492270207 0.03005388148031974 0.0055978231412395982 -0.017188308602568588 -0.0052042814409053581 -0.0025861013947237783
leaf_weight=92 300 5952 1348 1188 7632
leaf_count=92 300 5952 1348 1188 7632
model_size=592
internal_value=0 0.00148701 -0.00717079 0.00190422 0.000999788
internal_weight=0 13676 2836 1488 13584
internal_count=16512 13676 2836 1488 13584
is_linear=0
shrinkage=0.1


end of trees

feature_importances:
Column_8=79
Column_7=78
Column_1=66
Column_6=46
Column_2=25
Column_3=18
Column_4=7
Column_5=2

parameters:
[boosting: gbdt]
[objective: regression]
[metric: rmse]
[tree_learner: serial]
[device_type: cpu]
[data_sample_strategy: bagging]
[data: data/california_housing.libsvm.train]
[valid: data/california_housing.libsvm.test]
[num_iterations: 100000]
[learning_rate: 0.1]
[num_leaves: 255]
[num_threads: 0]
[seed: 42]
[deterministic: 0]
[force_col_wise: 0]
[force_row_wise: 0]
[histogram_pool_size: -1]
[max_depth: 3]
[min_data_in_leaf: 10]
[min_sum_hessian_in_leaf: 0.001]
[bagging_fraction: 1]
[pos_bagging_fraction: 1]
[neg_bagging_fraction: 1]
[bagging_freq: 0]
[bagging_seed: 400]
[feature_fraction: 1]
[feature_fraction_bynode: 1]
[feature_fraction_seed: 30056]
[extra_trees: 0]
[extra_seed: 12879]
[early_stopping_round: 0]
[early_stopping_min_delta: 0]
[first_metric_only: 0]
[max_delta_step: 0]
[lambda_l1: 0]
[lambda_l2: 0]
[linear_lambda: 0]
[min_gain_to_split: 0]
[drop_rate: 0.1]
[max_drop: 50]
[skip_drop: 0.5]
[xgboost_dart_mode: 0]
[uniform_drop: 0]
[drop_seed: 17869]
[top_rate: 0.2]
[other_rate: 0.1]
[min_data_per_group: 100]
[max_cat_threshold: 32]
[cat_l2: 10]
[cat_smooth: 10]
[max_cat_to_onehot: 4]
[top_k: 20]
[monotone_constraints: ]
[monotone_constraints_method: basic]
[monotone_penalty: 0]
[feature_contri: ]
[forcedsplits_filename: ]
[refit_decay_rate: 0.9]
[tinygbdt_penalty_feature: 1]
[tinygbdt_penalty_split: 0.015625]
[tinygbdt_forestsize: 64000]
[tinygbdt_precision: 7]
[cegb_tradeoff: 1]
[cegb_penalty_split: 0]
[cegb_penalty_feature_lazy: ]
[cegb_penalty_feature_coupled: ]
[path_smooth: 0]
[interaction_constraints: ]
[verbosity: 2]
[saved_feature_importance_type: 0]
[use_quantized_grad: 0]
[num_grad_quant_bins: 4]
[quant_train_renew_leaf: 0]
[stochastic_rounding: 1]
[linear_tree: 0]
[max_bin: 255]
[max_bin_by_feature: ]
[min_data_in_bin: 3]
[bin_construct_sample_cnt: 200000]
[data_random_seed: 175]
[is_enable_sparse: 1]
[enable_bundle: 1]
[use_missing: 1]
[zero_as_missing: 0]
[feature_pre_filter: 1]
[pre_partition: 0]
[two_round: 0]
[header: 0]
[label_column: ]
[weight_column: ]
[group_column: ]
[ignore_column: ]
[categorical_feature: ]
[forcedbins_filename: ]
[precise_float_parser: 0]
[parser_config_file: ]
[objective_seed: 16083]
[num_class: 1]
[is_unbalance: 0]
[scale_pos_weight: 1]
[sigmoid: 1]
[boost_from_average: 1]
[reg_sqrt: 0]
[alpha: 0.9]
[fair_c: 1]
[poisson_max_delta_step: 0.7]
[tweedie_variance_power: 1.5]
[lambdarank_truncation_level: 30]
[lambdarank_norm: 1]
[label_gain: ]
[lambdarank_position_bias_regularization: 0]
[eval_at: ]
[multi_error_top_k: 1]
[auc_mu_weights: ]
[num_machines: 1]
[local_listen_port: 12400]
[time_out: 120]
[machine_list_filename: ]
[machines: ]
[gpu_platform_id: -1]
[gpu_device_id: -1]
[gpu_use_dp: 0]
[num_gpu: 1]

end of parameters
