tree
version=v4
num_class=1
num_tree_per_iteration=1
label_index=0
max_feature_idx=21
objective=binary sigmoid:1
feature_names=Column_0 Column_1 Column_2 Column_3 Column_4 Column_5 Column_6 Column_7 Column_8 Column_9 Column_10 Column_11 Column_12 Column_13 Column_14 Column_15 Column_16 Column_17 Column_18 Column_19 Column_20 Column_21
feature_infos=[0:5] [0:3] [0:9] [0:1] [0:8] [0:1] [0:1] [0:1] [0:11] [0:1] [0:4] [0:3] [0:3] [0:8] [0:8] none [0:3] [0:2] [0:4] [0:8] [0:5] [0:6]
tree_sizes=2154 2152 2143 2137 2143 2148 2143 2149 2143 2151 2063 2140 2150 1977 2058 2063 2056 2055 2314 2314 2236 2150 2059 2237 2241 1893 2154 2243 1889 2079

Tree=0
num_leaves= 14
num_cat= 0
full_tree_array_lgbids= 0 1 2 5 9 4 3 -1 -7 11 10 -2 -6 7 6 -2147483648 -2147483648 -2147483648 -2147483648 -3 -13 -11 -12 -2147483648 -2147483648 -2147483648 -2147483648 -4 12 8 -8 -2147483648 -2147483648 -2147483648 -2147483648 -2147483648 -2147483648 -2147483648 -2147483648 -2147483648 -2147483648 -2147483648 -2147483648 -2147483648 -2147483648 -2147483648 -2147483648 -2147483648 -2147483648 -2147483648 -2147483648 -2147483648 -2147483648 -2147483648 -2147483648 -2147483648 -2147483648 -9 -14 -5 -10 -2147483648 -2147483648
split_feature= 8 20 19 7 4 10 9 13 21 21 1 12 17
split_gain= 2188.37 1172.69 1115.21 757.227 242.155 202.672 149.642 117.964 81.7401 27.8368 32.5932 17.5989 15.9044
threshold= 3.5000000000000004 3.5000000000000004 1.5000000000000002 1.0000000180025095e-35 4.5000000000000009 1.0000000180025095e-35 1.0000000180025095e-35 1.5000000000000002 1.5000000000000002 4.5000000000000009 1.5000000000000002 1.0000000180025095e-35 1.5000000000000002
decision_type= 2 2 2 2 2 2 2 2 2 2 2 2 2
left_child=1 5 4 7 -2 -1 8 -4 -5 11 -11 -3 -9
right_child=2 9 3 6 -6 -7 -8 12 -10 10 -12 -13 -14
leaf_value= 0.13625295265526666 0.13625295265526666 -0.075779630963319758 0.13625295265526666 0.13625295265526666 -0.26425303862428545 -0.26425303862428545 -0.26425303862428545 -0.26425303862428545 -0.037299643565872592 -0.26425303862428551 0.1362529526552666 0.13625295265526666 -0.21434973619648184
leaf_weight=14.48168098926544 127.58860319852829 4.2446306347846976 7.7402088046073905 58.176408112049103 17.228206694126129 104.36797678470612 17.228206694126129 603.98597091436386 52.433672547340393 3.9949464797973615 4.4943147897720337 528.58135610818863 78.151140511035919
leaf_count=58 511 17 31 233 69 418 69 2419 210 16 18 2117 313
model_size=1488
internal_value=-0.0711178 0.0691485 -0.167321 -0.212646 0.0886066 -0.215452 0.0110948 -0.254106 0.053982 0.131635 -0.0522205 0.134564 -0.258536
internal_weight=0 660.165 962.532 817.716 144.817 118.85 127.838 689.877 110.61 541.315 8.48926 532.826 682.137
internal_count=6499 2644 3855 3275 580 476 512 2763 443 2168 34 2134 2732
is_linear=0
shrinkage=1


Tree=1
num_leaves= 14
num_cat= 0
full_tree_array_lgbids= 0 1 2 5 9 4 3 -1 -7 12 10 -2 -6 7 6 -2147483648 -2147483648 -2147483648 -2147483648 -3 -14 -11 -12 -2147483648 -2147483648 -2147483648 -2147483648 -4 11 8 -8 -2147483648 -2147483648 -2147483648 -2147483648 -2147483648 -2147483648 -2147483648 -2147483648 -2147483648 -2147483648 -2147483648 -2147483648 -2147483648 -2147483648 -2147483648 -2147483648 -2147483648 -2147483648 -2147483648 -2147483648 -2147483648 -2147483648 -2147483648 -2147483648 -2147483648 -2147483648 -9 -13 -5 -10 -2147483648 -2147483648
split_feature= 8 20 19 7 4 10 9 13 1 21 4 2 12
split_gain= 1787.97 953.679 914.2 624.766 196.882 166.352 121.837 96.7684 71.7547 22.1895 26.392 14.3372 14.0788
threshold= 3.5000000000000004 3.5000000000000004 1.5000000000000002 1.0000000180025095e-35 4.5000000000000009 1.0000000180025095e-35 1.0000000180025095e-35 1.5000000000000002 1.0000000180025095e-35 4.5000000000000009 4.5000000000000009 1.0000000180025095e-35 1.0000000180025095e-35
decision_type= 2 2 2 2 2 2 2 2 2 2 2 2 2
left_child=1 5 4 7 -2 -1 8 -4 -5 12 -11 -9 -3
right_child=2 9 3 6 -6 -7 -8 11 -10 10 -12 -13 -14
leaf_value= 0.18726217829300001 0.18726217829300001 -0.0041963809298885936 0.18726217829300001 -0.0063099339957545537 -0.17677793099633521 -0.17677793099633521 -0.17677793099633521 -0.033574901671692629 0.16833112306567927 0.18726217829300007 -0.17677793099633518 -0.17311844735227278 0.18726217829300001
leaf_weight=14.432910382747648 127.15891733765602 4.2439043670892707 7.7141417562961569 35.162857502698898 16.952329516410828 102.69672083854675 16.952329516410828 8.1559575051069242 75.299371302127838 4.4791790843009931 3.9309749603271484 663.51634049415588 526.80122897028923
leaf_count=58 511 17 31 141 69 418 69 33 302 18 16 2699 2117
model_size=1488
internal_value=0 0.126905 -0.0877309 -0.129201 0.144439 -0.13192 0.0742188 -0.167351 0.112739 0.183103 0.0171068 -0.171424 0.185732
internal_weight=0 656.585 950.912 806.801 144.111 117.13 127.415 679.386 110.462 539.455 8.41015 671.672 531.045
internal_count=6499 2644 3855 3275 580 476 512 2763 443 2168 34 2732 2134
is_linear=0
shrinkage=0.1


Tree=2
num_leaves= 14
num_cat= 0
full_tree_array_lgbids= 0 1 2 5 9 4 3 -1 -7 12 10 -2 -6 8 6 -2147483648 -2147483648 -2147483648 -2147483648 -3 -14 -11 -12 -2147483648 -2147483648 -2147483648 -2147483648 -4 11 7 -8 -2147483648 -2147483648 -2147483648 -2147483648 -2147483648 -2147483648 -2147483648 -2147483648 -2147483648 -2147483648 -2147483648 -2147483648 -2147483648 -2147483648 -2147483648 -2147483648 -2147483648 -2147483648 -2147483648 -2147483648 -2147483648 -2147483648 -2147483648 -2147483648 -2147483648 -2147483648 -10 -13 -5 -9 -2147483648 -2147483648
split_feature= 8 20 19 7 4 10 4 4 13 21 4 17 12
split_gain= 1486.92 791.013 761.31 524.164 163.234 138.882 102.503 81.436 80.6358 18.0492 21.7379 13.5173 11.6799
threshold= 3.5000000000000004 3.5000000000000004 1.5000000000000002 1.0000000180025095e-35 4.5000000000000009 1.0000000180025095e-35 5.5000000000000009 2.5000000000000004 1.5000000000000002 4.5000000000000009 4.5000000000000009 1.5000000000000002 1.0000000180025095e-35
decision_type= 2 2 2 2 2 2 2 2 2 2 2 2 2
left_child=1 5 4 8 -2 -1 7 -5 -4 12 -11 -10 -3
right_child=2 9 3 6 -6 -7 -8 -9 11 10 -12 -13 -14
leaf_value= 0.17236010255125836 0.17236010255125836 -0.0037773991993575971 0.17236010255125836 0.10294421381851165 -0.16433727988382651 -0.16433727988382651 0.18118277615039513 -0.10472764105395577 -0.16457315402415634 0.17236010255125839 -0.16433727988382651 -0.11735670467610333 0.17236010255125836
leaf_weight=14.127121359109877 124.46481059491634 4.2432112842798224 7.5507027953863135 36.945734888315201 16.43764516711235 99.578777968883514 49.100935265421867 39.979457274079323 576.72646856307983 4.3842790424823743 3.8116278648376465 75.561578646302223 515.63992960751057
leaf_count=58 511 17 31 151 69 418 199 162 2419 18 16 313 2117
model_size=1488
internal_value=0 0.116954 -0.0811593 -0.119572 0.133081 -0.122505 0.0675466 -0.00498672 -0.155311 0.168515 0.015774 -0.159104 0.170922
internal_weight=0 641.785 926.767 785.865 140.902 113.706 126.026 76.9252 659.839 528.079 8.19591 652.288 519.883
internal_count=6499 2644 3855 3275 580 476 512 313 2763 2168 34 2732 2134
is_linear=0
shrinkage=0.1


Tree=3
num_leaves= 14
num_cat= 0
full_tree_array_lgbids= 0 1 2 5 9 4 3 -1 -7 12 10 -2 -6 7 6 -2147483648 -2147483648 -2147483648 -2147483648 -3 -14 -11 -12 -2147483648 -2147483648 -2147483648 -2147483648 -4 11 8 -8 -2147483648 -2147483648 -2147483648 -2147483648 -2147483648 -2147483648 -2147483648 -2147483648 -2147483648 -2147483648 -2147483648 -2147483648 -2147483648 -2147483648 -2147483648 -2147483648 -2147483648 -2147483648 -2147483648 -2147483648 -2147483648 -2147483648 -2147483648 -2147483648 -2147483648 -2147483648 -9 -13 -5 -10 -2147483648 -2147483648
split_feature= 8 20 19 7 4 10 9 13 21 21 1 17 12
split_gain= 1252.73 665.738 641.242 445.98 137.3 117.43 95.6356 67.9821 62.635 14.8841 18.1306 12.5771 9.96184
threshold= 3.5000000000000004 3.5000000000000004 1.5000000000000002 1.0000000180025095e-35 4.5000000000000009 1.0000000180025095e-35 1.0000000180025095e-35 1.5000000000000002 1.5000000000000002 4.5000000000000009 1.5000000000000002 1.5000000000000002 1.0000000180025095e-35
decision_type= 2 2 2 2 2 2 2 2 2 2 2 2 2
left_child=1 5 4 7 -2 -1 8 -4 -5 12 -11 -9 -3
right_child=2 9 3 6 -6 -7 -8 11 -10 10 -12 -13 -14
leaf_value= 0.1609037703805144 0.1609037703805144 -0.0034002145451034805 0.1609037703805144 0.17018932750648399 -0.15458733496862687 -0.15458733496862687 -0.16487441731077176 -0.15477454101215909 0.015983426659172861 -0.15458733496862687 0.16090377038051437 -0.10842536392602353 0.1609037703805144
leaf_weight=13.6439371407032 120.20779101550579 4.2425556927919379 7.2924491614103308 56.108075767755508 15.761341184377669 95.481748044490814 16.401857510209084 553.11517265439034 51.771796613931656 3.654803752899169 4.2343253195285797 73.703776583075523 498.00370563566685
leaf_count=58 511 17 31 233 69 418 69 2419 210 16 18 313 2117
model_size=1488
internal_value=0 0.109272 -0.0758624 -0.111755 0.124333 -0.115142 0.0617326 -0.145757 0.0961856 0.157277 0.0147459 -0.149325 0.159516
internal_weight=0 619.261 894.362 758.393 135.969 109.126 124.282 634.111 107.88 510.135 7.88913 626.819 502.246
internal_count=6499 2644 3855 3275 580 476 512 2763 443 2168 34 2732 2134
is_linear=0
shrinkage=0.1


Tree=4
num_leaves= 14
num_cat= 0
full_tree_array_lgbids= 0 1 2 5 10 4 3 -1 -7 12 11 -2 -6 8 6 -2147483648 -2147483648 -2147483648 -2147483648 -3 -14 -12 -13 -2147483648 -2147483648 -2147483648 -2147483648 -4 9 7 -8 -2147483648 -2147483648 -2147483648 -2147483648 -2147483648 -2147483648 -2147483648 -2147483648 -2147483648 -2147483648 -2147483648 -2147483648 -2147483648 -2147483648 -2147483648 -2147483648 -2147483648 -2147483648 -2147483648 -2147483648 -2147483648 -2147483648 -2147483648 -2147483648 -2147483648 -2147483648 -10 -11 -5 -9 -2147483648 -2147483648
split_feature= 8 20 19 7 4 10 4 20 13 2 21 1 12
split_gain= 1066.49 566.619 545.339 382.907 116.771 100.277 83.7943 68.7228 57.8297 12.5467 12.3964 15.2582 8.67774
threshold= 3.5000000000000004 3.5000000000000004 1.5000000000000002 1.0000000180025095e-35 4.5000000000000009 1.0000000180025095e-35 5.5000000000000009 3.5000000000000004 1.5000000000000002 1.0000000180025095e-35 4.5000000000000009 1.5000000000000002 1.0000000180025095e-35
decision_type= 2 2 2 2 2 2 2 2 2 2 2 2 2
left_child=1 5 4 8 -2 -1 7 -5 -4 -10 12 -12 -3
right_child=2 10 3 6 -6 -7 -8 -9 9 -11 11 -13 -14
leaf_value= 0.15185187516794491 0.15185187516794491 -0.0030606570657631363 0.15185187516794491 0.16843763974126813 -0.14676872362570559 -0.14676872362570559 0.16290926540628103 -0.06200583945744409 -0.0085007760946265824 -0.14312451081224237 -0.14676872362570559 0.15185187516794488 0.15185187516794491
leaf_weight=13.042239397764204 114.90662641823292 4.2419396191835395 6.970852091908454 17.12907537817955 14.980887696146963 90.75378343462944 46.698561310768127 57.680425584316254 7.8039540052413932 589.62542541325092 3.4738290309905997 4.0475915372371674 476.04173801839352
leaf_count=58 511 17 31 72 69 418 199 241 33 2699 16 18 2117
model_size=1488
internal_value=0 0.103178 -0.071549 -0.10536 0.11741 -0.109246 0.0569204 -0.00924137 -0.137984 -0.141366 0.148378 0.0139315 0.150484
internal_weight=0 591.601 855.796 725.908 129.888 103.796 121.508 74.8095 604.4 597.429 487.805 7.52142 480.284
internal_count=6499 2644 3855 3275 580 476 512 313 2763 2732 2168 34 2134
is_linear=0
shrinkage=0.1


Tree=5
num_leaves= 14
num_cat= 0
full_tree_array_lgbids= 0 1 2 5 10 4 3 -1 -7 12 11 -2 -6 8 6 -2147483648 -2147483648 -2147483648 -2147483648 -3 -14 -12 -13 -2147483648 -2147483648 -2147483648 -2147483648 -4 9 7 -8 -2147483648 -2147483648 -2147483648 -2147483648 -2147483648 -2147483648 -2147483648 -2147483648 -2147483648 -2147483648 -2147483648 -2147483648 -2147483648 -2147483648 -2147483648 -2147483648 -2147483648 -2147483648 -2147483648 -2147483648 -2147483648 -2147483648 -2147483648 -2147483648 -2147483648 -2147483648 -10 -11 -5 -9 -2147483648 -2147483648
split_feature= 8 20 19 7 4 10 9 21 13 17 21 1 12
split_gain= 914.945 486.535 466.835 331.861 100.175 86.299 72.6851 54.7178 49.5273 12.9662 10.3943 12.9249 7.68747
threshold= 3.5000000000000004 3.5000000000000004 1.5000000000000002 1.0000000180025095e-35 4.5000000000000009 1.0000000180025095e-35 1.0000000180025095e-35 1.5000000000000002 1.5000000000000002 1.5000000000000002 4.5000000000000009 1.5000000000000002 1.0000000180025095e-35
decision_type= 2 2 2 2 2 2 2 2 2 2 2 2 2
left_child=1 5 4 8 -2 -1 7 -5 -4 -10 12 -12 -3
right_child=2 10 3 6 -6 -7 -8 -9 9 -11 11 -13 -14
leaf_value= 0.14454675775689577 0.14454675775689577 -0.0027549883843111991 0.14454675775689577 0.15570592523777094 -0.14038449805642142 -0.14038449805642142 -0.15176394038718366 0.0082017486463181726 -0.1406633157871611 -0.091813705212056368 -0.14038449805642142 0.14454675775689574 0.14454675775689577
leaf_weight=12.365946739912031 108.9482548981905 4.2413643300533286 6.6093853265047064 52.479328766465187 14.139219447970389 85.654981583356857 15.435059905052183 50.773099780082703 497.13803884387016 68.659254774451256 3.2786595821380606 3.8377076089382172 451.35705600678921
leaf_count=58 511 17 31 233 69 418 69 210 2419 313 16 18 2117
model_size=1488
internal_value=0 0.098242 -0.067883 -0.0998884 0.111816 -0.104439 0.0526196 0.0831726 -0.131511 -0.134735 0.141178 0.013273 0.143175
internal_weight=0 560.736 814.182 691.094 123.087 98.0209 118.687 103.252 572.407 565.797 462.715 7.11637 455.598
internal_count=6499 2644 3855 3275 580 476 512 443 2763 2732 2168 34 2134
is_linear=0
shrinkage=0.1


Tree=6
num_leaves= 14
num_cat= 0
full_tree_array_lgbids= 0 1 2 5 10 4 3 -1 -7 12 11 -2 -6 8 6 -2147483648 -2147483648 -2147483648 -2147483648 -3 -14 -12 -13 -2147483648 -2147483648 -2147483648 -2147483648 -4 9 7 -8 -2147483648 -2147483648 -2147483648 -2147483648 -2147483648 -2147483648 -2147483648 -2147483648 -2147483648 -2147483648 -2147483648 -2147483648 -2147483648 -2147483648 -2147483648 -2147483648 -2147483648 -2147483648 -2147483648 -2147483648 -2147483648 -2147483648 -2147483648 -2147483648 -2147483648 -2147483648 -10 -11 -5 -9 -2147483648 -2147483648
split_feature= 8 20 19 7 4 10 4 21 13 17 21 1 12
split_gain= 790.264 420.746 402.143 289.135 86.5338 74.7351 70.7876 62.6339 42.6483 12.9135 8.7537 10.9987 6.90436
threshold= 3.5000000000000004 3.5000000000000004 1.5000000000000002 1.0000000180025095e-35 4.5000000000000009 1.0000000180025095e-35 5.5000000000000009 1.5000000000000002 1.5000000000000002 1.5000000000000002 4.5000000000000009 1.5000000000000002 1.0000000180025095e-35
decision_type= 2 2 2 2 2 2 2 2 2 2 2 2 2
left_child=1 5 4 8 -2 -1 7 -5 -4 -10 12 -12 -3
right_child=2 10 3 6 -6 -7 -8 -9 9 -11 11 -13 -14
leaf_value= 0.13855140791954978 0.13855140791954978 -0.0024798143532451006 0.13855140791954978 0.058600415971375011 -0.13509509769210032 -0.13509509769210032 0.15079833911715412 -0.13782522773546024 -0.13532756085405009 -0.085618383975310797 -0.13509509769210032 0.13855140791954976 0.13855140791954978
leaf_weight=11.647865027189253 102.62170739471912 4.2408298254013053 6.2255830317735663 45.8089849203825 13.268332377076147 80.379172950983047 43.377158537507057 26.055332884192467 466.63462096452713 66.385105296969414 3.0767147541046134 3.6148546636104584 425.1470734924078
leaf_count=58 511 17 31 208 69 418 199 105 2419 313 16 18 2117
model_size=1488
internal_value=0 0.0941749 -0.0647856 -0.0952429 0.107221 -0.10046 0.0488934 -0.0126162 -0.126046 -0.129137 0.135249 0.0127316 0.137159
internal_weight=0 528.107 770.377 654.487 115.89 92.027 115.241 71.8643 539.245 533.02 436.079 6.69157 429.388
internal_count=6499 2644 3855 3275 580 476 512 313 2763 2732 2168 34 2134
is_linear=0
shrinkage=0.1


Tree=7
num_leaves= 14
num_cat= 0
full_tree_array_lgbids= 0 1 2 5 10 4 3 -1 -7 12 11 -2 -6 8 6 -2147483648 -2147483648 -2147483648 -2147483648 -3 -14 -12 -13 -2147483648 -2147483648 -2147483648 -2147483648 -4 9 7 -8 -2147483648 -2147483648 -2147483648 -2147483648 -2147483648 -2147483648 -2147483648 -2147483648 -2147483648 -2147483648 -2147483648 -2147483648 -2147483648 -2147483648 -2147483648 -2147483648 -2147483648 -2147483648 -2147483648 -2147483648 -2147483648 -2147483648 -2147483648 -2147483648 -2147483648 -2147483648 -10 -11 -5 -9 -2147483648 -2147483648
split_feature= 8 20 19 7 4 10 9 2 13 17 21 1 12
split_gain= 685.849 365.969 347.667 253.802 75.1705 65.0503 62.4245 44.5419 36.8775 13.0364 7.38984 9.38587 6.27021
threshold= 3.5000000000000004 3.5000000000000004 1.5000000000000002 1.0000000180025095e-35 4.5000000000000009 1.0000000180025095e-35 1.0000000180025095e-35 4.5000000000000009 1.5000000000000002 1.5000000000000002 4.5000000000000009 1.5000000000000002 1.0000000180025095e-35
decision_type= 2 2 2 2 2 2 2 2 2 2 2 2 2
left_child=1 5 4 8 -2 -1 7 -5 -4 -10 12 -12 -3
right_child=2 10 3 6 -6 -7 -8 -9 9 -11 11 -13 -14
leaf_value= 0.13356356395996258 0.13356356395996258 -0.0022321090491633213 0.13356356395996258 0.012240624317947686 -0.13066022980921915 -0.13066022980921915 -0.14717989877992074 0.15029165653052368 -0.13085614071704596 -0.079920924595238807 -0.13066022980921915 0.13356356395996252 0.13356356395996258
leaf_weight=10.912395119667051 96.14196389913559 4.240334838628768 5.8324870467185965 53.255071118474007 12.391892105340956 75.069723188877106 14.95377905666828 44.155913725495338 435.90234760940075 64.125797122716904 2.8734822273254386 3.3866053819656372 398.30242186784744
leaf_count=58 511 17 31 237 69 418 69 206 2419 313 16 18 2117
model_size=1488
internal_value=0 0.0907768 -0.0620251 -0.0910659 0.103396 -0.0971263 0.0452744 0.0748185 -0.121351 -0.124324 0.130298 0.0122805 0.132133
internal_weight=0 494.785 726.759 618.225 108.534 85.9821 112.365 97.411 505.861 500.028 408.803 6.26009 402.543
internal_count=6499 2644 3855 3275 580 476 512 443 2763 2732 2168 34 2134
is_linear=0
shrinkage=0.1


Tree=8
num_leaves= 14
num_cat= 0
full_tree_array_lgbids= 0 1 2 6 10 4 3 -1 -8 12 11 -2 -6 8 5 -2147483648 -2147483648 -2147483648 -2147483648 -3 -14 -12 -13 -2147483648 -2147483648 -2147483648 -2147483648 -4 9 7 -7 -2147483648 -2147483648 -2147483648 -2147483648 -2147483648 -2147483648 -2147483648 -2147483648 -2147483648 -2147483648 -2147483648 -2147483648 -2147483648 -2147483648 -2147483648 -2147483648 -2147483648 -2147483648 -2147483648 -2147483648 -2147483648 -2147483648 -2147483648 -2147483648 -2147483648 -2147483648 -10 -11 -5 -9 -2147483648 -2147483648
split_feature= 8 20 19 7 4 4 10 21 13 17 21 1 12
split_gain= 597.948 319.849 301.829 223.509 65.5971 58.924 56.8543 52.2122 31.9866 13.2859 6.24044 8.0239 5.75096
threshold= 3.5000000000000004 3.5000000000000004 1.5000000000000002 1.0000000180025095e-35 4.5000000000000009 5.5000000000000009 1.0000000180025095e-35 1.5000000000000002 1.5000000000000002 1.5000000000000002 4.5000000000000009 1.5000000000000002 1.0000000180025095e-35
decision_type= 2 2 2 2 2 2 2 2 2 2 2 2 2
left_child=1 6 4 8 -2 7 -1 -5 -4 -10 12 -12 -3
right_child=2 10 3 5 -6 -7 -8 -9 9 -11 11 -13 -14
leaf_value= 0.12936717161346731 0.12936717161346731 -0.0020091349345018731 0.12936717161346731 0.053448382236489213 -0.12690484179902931 0.14061511637763133 -0.12690484179902931 -0.12864217821436466 -0.1270714533943762 -0.074634516098928003 -0.12690484179902931 0.12936717161346728 0.12936717161346731
leaf_weight=10.177520692348478 89.667466789484024 4.2398781031370154 5.4397093355655661 43.625215157866478 11.527180284261702 39.62559586763382 69.83132404088974 25.755781412124634 405.55648639798164 61.918499350547791 2.6729693412780753 3.1585409045219421 371.47950527071953
leaf_count=58 511 17 31 208 69 199 418 105 2419 313 16 18 2117
model_size=1488
internal_value=0 0.0879038 -0.059616 -0.0874033 0.100175 0.042111 -0.0943058 -0.0141477 -0.117256 -0.120126 0.126112 0.0119006 0.127885
internal_weight=0 461.56 683.116 581.921 101.195 109.007 80.0088 69.381 472.915 467.475 381.551 5.83151 375.719
internal_count=6499 2644 3855 3275 580 512 476 313 2763 2732 2168 34 2134
is_linear=0
shrinkage=0.1


Tree=9
num_leaves= 14
num_cat= 0
full_tree_array_lgbids= 0 1 2 6 10 4 3 -1 -8 12 11 -2 -6 8 5 -2147483648 -2147483648 -2147483648 -2147483648 -3 -14 -12 -13 -2147483648 -2147483648 -2147483648 -2147483648 -4 9 7 -7 -2147483648 -2147483648 -2147483648 -2147483648 -2147483648 -2147483648 -2147483648 -2147483648 -2147483648 -2147483648 -2147483648 -2147483648 -2147483648 -2147483648 -2147483648 -2147483648 -2147483648 -2147483648 -2147483648 -2147483648 -2147483648 -2147483648 -2147483648 -2147483648 -2147483648 -2147483648 -10 -11 -5 -9 -2147483648 -2147483648
split_feature= 8 20 19 7 4 9 10 21 13 17 21 1 12
split_gain= 523.042 280.661 262.705 197.802 57.4601 53.9408 49.8619 40.2833 27.8107 13.6222 5.26535 6.86184 5.31815
threshold= 3.5000000000000004 3.5000000000000004 1.5000000000000002 1.0000000180025095e-35 4.5000000000000009 1.0000000180025095e-35 1.0000000180025095e-35 1.5000000000000002 1.5000000000000002 1.5000000000000002 4.5000000000000009 1.5000000000000002 1.0000000180025095e-35
decision_type= 2 2 2 2 2 2 2 2 2 2 2 2 2
left_child=1 6 4 8 -2 7 -1 -5 -4 -10 12 -12 -3
right_child=2 10 3 5 -6 -7 -8 -9 9 -11 11 -13 -14
leaf_value= 0.12580350276737742 0.12580350276737742 -0.001808403393882229 0.12580350276737742 0.13773683451452087 -0.12369825373571018 -0.14297686425630796 -0.12369825373571018 0.0024361635404563865 -0.12384102792537373 -0.069695256537692304 -0.12369825373571018 0.1258035027673774 0.12580350276737742
leaf_weight=9.456299960613249 83.313263446092606 4.2394580990076056 5.0542292892932883 44.250705391168594 10.686567977070807 14.430013865232466 64.738919049501419 47.143529146909714 376.03802298009396 59.789458870887756 2.4780447483062735 2.9347137808799744 345.15494856238365
leaf_count=58 511 17 31 233 69 69 418 210 2419 313 16 18 2117
model_size=1488
internal_value=0 0.08545 -0.0574278 -0.0840552 0.0974384 0.0391842 -0.0918989 0.0679452 -0.113636 -0.116413 0.122536 0.0115777 0.124255
internal_weight=0 429.002 640.706 546.706 93.9998 105.824 74.1952 91.3942 440.882 435.827 354.807 5.41276 349.394
internal_count=6499 2644 3855 3275 580 512 476 443 2763 2732 2168 34 2134
is_linear=0
shrinkage=0.1


Tree=10
num_leaves= 13
num_cat= 0
full_tree_array_lgbids= 0 1 2 7 9 4 3 -1 -9 11 10 -2 -6 5 -5 -2147483648 -2147483648 -2147483648 -2147483648 -3 -13 -11 -12 -2147483648 -2147483648 -2147483648 -2147483648 8 6 -2147483648 -2147483648 -2147483648 -2147483648 -2147483648 -2147483648 -2147483648 -2147483648 -2147483648 -2147483648 -2147483648 -2147483648 -2147483648 -2147483648 -2147483648 -2147483648 -2147483648 -2147483648 -2147483648 -2147483648 -2147483648 -2147483648 -2147483648 -2147483648 -2147483648 -2147483648 -4 -10 -7 -8 -2147483648 -2147483648 -2147483648 -2147483648
split_feature= 8 20 19 4 4 7 20 10 13 21 1 12
split_gain= 459.033 247.101 229.382 177.672 50.4883 48.9363 45.0883 43.8516 24.2188 4.42966 5.86262 4.95275
threshold= 3.5000000000000004 3.5000000000000004 1.5000000000000002 5.5000000000000009 4.5000000000000009 1.0000000180025095e-35 3.5000000000000004 1.0000000180025095e-35 1.5000000000000002 4.5000000000000009 1.5000000000000002 1.0000000180025095e-35
decision_type= 2 2 2 2 2 2 2 2 2 2 2 2
left_child=1 7 4 5 -2 8 -7 -1 -4 11 -11 -3
right_child=2 9 3 -5 -6 6 -8 -9 -10 10 -12 -13
leaf_value= 0.12275322415096231 0.12275322415096231 -0.0016277265246940941 0.12275322415096231 0.13434547340368044 -0.12094088198253522 0.14605417444027111 -0.059674759462011395 -0.12094088198253522 -0.11308487254921469 -0.12094088198253522 0.12275322415096229 0.12275322415096231
leaf_weight=8.7580039203166944 77.161034539341927 4.2390727996826163 4.6810020953416815 35.906226485967636 9.8786517977714521 13.954567417502401 52.223192781209946 59.844586253166199 405.41042137145996 2.2907018661499015 2.7180012166500092 319.66714309155941
leaf_count=58 511 17 31 199 69 72 241 418 2732 16 18 2117
model_size=1376
internal_value=0 0.0833354 -0.0554869 -0.081077 0.0950949 -0.0973178 -0.0162937 -0.0898302 -0.110393 0.119453 0.0113011 0.121125
internal_weight=0 397.518 599.215 512.175 87.0397 476.269 66.1778 68.6026 410.091 328.915 5.0087 323.906
internal_count=6499 2644 3855 3275 580 3076 313 476 2763 2168 34 2134
is_linear=0
shrinkage=0.1


Tree=11
num_leaves= 14
num_cat= 0
full_tree_array_lgbids= 0 1 2 7 10 5 3 -1 -9 12 11 -2 -7 8 4 -2147483648 -2147483648 -2147483648 -2147483648 -3 -14 -12 -13 -2147483648 -2147483648 -2147483648 -2147483648 -4 9 6 -6 -2147483648 -2147483648 -2147483648 -2147483648 -2147483648 -2147483648 -2147483648 -2147483648 -2147483648 -2147483648 -2147483648 -2147483648 -2147483648 -2147483648 -2147483648 -2147483648 -2147483648 -2147483648 -2147483648 -2147483648 -2147483648 -2147483648 -2147483648 -2147483648 -2147483648 -2147483648 -10 -11 -5 -8 -2147483648 -2147483648
split_feature= 8 20 19 7 4 4 21 10 19 19 21 1 12
split_gain= 403.518 218.17 200.426 155.828 44.9325 44.4769 40.3942 38.6551 23.6156 177.267 3.71016 4.9957 4.63881
threshold= 3.5000000000000004 3.5000000000000004 1.5000000000000002 1.0000000180025095e-35 5.5000000000000009 4.5000000000000009 1.5000000000000002 1.0000000180025095e-35 4.5000000000000009 6.5000000000000009 4.5000000000000009 1.5000000000000002 1.0000000180025095e-35
decision_type= 2 2 2 2 2 2 2 2 2 2 2 2 2
left_child=1 7 5 8 6 -2 -5 -1 -4 -10 12 -12 -3
right_child=2 10 3 4 -6 -7 -8 -9 9 -11 11 -13 -14
leaf_value= 0.120124818310304 0.120124818310304 -0.0014650731409505684 -0.11881176516367616 0.048594506695766315 0.1301499710222708 -0.11855542649094364 -0.11641862518211971 -0.11855542649094364 0.42756344713332556 -0.10891269590473235 -0.11855542649094364 0.12012481831030396 0.120124818310304
leaf_weight=8.0889927148818952 71.26681512594223 4.2387201786041251 317.69968318939209 40.063467159867287 33.482031151652336 9.1091340333223325 25.012137830257416 55.18286994099617 6.9816292226314536 56.403908222913742 2.1122629642486563 2.510377049446106 295.24823409318924
leaf_count=58 511 17 2384 208 199 69 105 418 39 340 16 18 2117
model_size=1488
internal_value=0 0.0814985 -0.0536247 -0.0782078 0.0344232 0.0930748 -0.0148291 -0.0880413 -0.107337 -0.0498223 0.116772 0.0110626 0.118404
internal_weight=0 367.381 560.019 479.643 98.5576 80.3759 65.0756 63.2719 381.085 63.3855 304.11 4.62264 299.487
internal_count=6499 2644 3855 3275 512 580 313 476 2763 379 2168 34 2134
is_linear=0
shrinkage=0.1


Tree=12
num_leaves= 14
num_cat= 0
full_tree_array_lgbids= 0 1 2 7 10 5 3 -1 -9 11 12 -2 -7 8 4 -2147483648 -2147483648 -2147483648 -2147483648 -3 -13 -12 -14 -2147483648 -2147483648 -2147483648 -2147483648 -4 9 6 -6 -2147483648 -2147483648 -2147483648 -2147483648 -2147483648 -2147483648 -2147483648 -2147483648 -2147483648 -2147483648 -2147483648 -2147483648 -2147483648 -2147483648 -2147483648 -2147483648 -2147483648 -2147483648 -2147483648 -2147483648 -2147483648 -2147483648 -2147483648 -2147483648 -2147483648 -2147483648 -10 -11 -5 -8 -2147483648 -2147483648
split_feature= 8 20 19 7 9 4 21 10 19 19 21 12 1
split_gain= 355.772 193.08 175.368 138.642 43.3864 39.2546 34.2491 34.129 23.539 125.796 3.07754 4.36778 4.24064
threshold= 3.5000000000000004 3.5000000000000004 1.5000000000000002 1.0000000180025095e-35 1.0000000180025095e-35 4.5000000000000009 1.5000000000000002 1.0000000180025095e-35 4.5000000000000009 6.5000000000000009 4.5000000000000009 1.0000000180025095e-35 1.5000000000000002
decision_type= 2 2 2 2 2 2 2 2 2 2 2 2 2
left_child=1 7 5 8 6 -2 -5 -1 -4 -10 11 -3 -12
right_child=2 10 3 4 -6 -7 -8 -9 9 -11 12 -13 -14
leaf_value= 0.11784687452276783 0.11784687452276783 -0.0013186816803016483 -0.11670437213545103 0.13093859275777989 -0.1368652283006043 -0.11648097729749039 -0.0016899864777488159 -0.11648097729749039 0.31419286511990191 -0.10360098896753107 -0.11648097729749039 0.11784687452276783 0.11784687452276779
leaf_weight=7.4533958137035361 65.666987255215645 4.2383979558944693 292.38972532749176 38.094595529139042 13.501687765121458 8.3815043270587903 43.717676296830177 50.774910271167755 8.4478134512901288 53.518025368452072 1.9435372352600087 272.0489472001791 2.3131228387355804
leaf_count=58 511 17 2384 233 69 69 210 418 39 340 16 2117 18
model_size=1488
internal_value=0 0.0798908 -0.0519074 -0.0754936 0.0321701 0.0913234 0.0600664 -0.0864863 -0.104453 -0.0466431 0.114423 0.116019 0.0108557
internal_weight=0 338.772 523.718 449.67 95.314 74.0485 81.8123 58.2283 354.356 61.9658 280.544 276.287 4.25666
internal_count=6499 2644 3855 3275 512 580 443 476 2763 379 2168 2134 34
is_linear=0
shrinkage=0.1


Tree=13
num_leaves= 12
num_cat= 0
full_tree_array_lgbids= 0 1 2 7 8 6 3 -1 -9 9 10 -2 -8 4 -5 -2147483648 -2147483648 -2147483648 -2147483648 -3 -11 -10 -12 -2147483648 -2147483648 -2147483648 -2147483648 5 -6 -2147483648 -2147483648 -2147483648 -2147483648 -2147483648 -2147483648 -2147483648 -2147483648 -2147483648 -2147483648 -2147483648 -2147483648 -2147483648 -2147483648 -2147483648 -2147483648 -2147483648 -2147483648 -2147483648 -2147483648 -2147483648 -2147483648 -2147483648 -2147483648 -2147483648 -2147483648 -4 -7 -2147483648 -2147483648 -2147483648 -2147483648 -2147483648 -2147483648
split_feature= 8 20 19 4 9 21 4 10 12 1 21
split_gain= 314.265 171.221 153.8 126.919 37.0365 112.986 34.7052 30.1781 2.81164 15.9433 4.29734
threshold= 3.5000000000000004 3.5000000000000004 1.5000000000000002 5.5000000000000009 1.0000000180025095e-35 1.0000000180025095e-35 4.5000000000000009 1.0000000180025095e-35 1.0000000180025095e-35 2.5000000000000004 4.5000000000000009
decision_type= 2 2 2 2 2 2 2 2 2 2 2
left_child=1 7 6 4 5 -4 -2 -1 9 -3 -10
right_child=2 8 3 -5 -6 -7 -8 -9 10 -11 -12
leaf_value= 0.11586288176687953 0.11586288176687953 0.17802489741405325 0.12257373989861936 0.1261669137386861 -0.1158508458195695 -0.091156060891683557 -0.11466884050498732 -0.11466884050498732 0.11586288176687953 -0.18995054229893427 -0.028597349999901392
leaf_weight=6.8536426723003379 60.382955268025398 3.0578982084989539 30.640997380018234 30.062471553683281 221.50276000797749 138.17693886905909 7.6975774168968192 46.631700873374939 250.15795753896236 2.2437021732330322 2.8484417647123328
leaf_count=58 511 17 177 199 1923 976 69 418 2117 9 25
model_size=1264
internal_value=0 0.0784739 -0.0503513 -0.0730483 -0.0883918 -0.0523634 0.0897976 -0.0851284 0.112349 0.0222932 0.114236
internal_weight=0 311.793 488.464 420.383 390.321 168.818 68.0805 53.4853 258.308 5.3016 253.006
internal_count=6499 2644 3855 3275 3076 1153 580 476 2168 26 2142
is_linear=0
shrinkage=0.1


Tree=14
num_leaves= 13
num_cat= 0
full_tree_array_lgbids= 0 1 2 7 8 6 3 -1 -9 9 10 -2 -8 4 -5 -2147483648 -2147483648 -2147483648 -2147483648 -3 -11 -10 11 -2147483648 -2147483648 -2147483648 -2147483648 5 -6 -2147483648 -2147483648 -2147483648 -2147483648 -2147483648 -2147483648 -2147483648 -2147483648 -2147483648 -2147483648 -2147483648 -2147483648 -2147483648 -2147483648 -2147483648 -2147483648 -12 -13 -2147483648 -2147483648 -2147483648 -2147483648 -2147483648 -2147483648 -2147483648 -2147483648 -4 -7 -2147483648 -2147483648 -2147483648 -2147483648 -2147483648 -2147483648
split_feature= 8 20 19 4 9 21 4 10 12 1 21 1
split_gain= 278.106 152.012 135.4 111.376 35.2485 97.2335 30.7198 26.7105 2.6058 13.1057 3.88633 1.96048
threshold= 3.5000000000000004 3.5000000000000004 1.5000000000000002 5.5000000000000009 1.0000000180025095e-35 1.0000000180025095e-35 4.5000000000000009 1.0000000180025095e-35 1.0000000180025095e-35 2.5000000000000004 4.5000000000000009 1.5000000000000002
decision_type= 2 2 2 2 2 2 2 2 2 2 2 2
left_child=1 7 6 4 5 -4 -2 -1 9 -3 -10 -12
right_child=2 8 3 -5 -6 -7 -8 -9 10 -11 11 -13
leaf_value= 0.11412744279391081 0.11412744279391081 0.16767966274750057 0.11778517875223311 0.12316241872289363 -0.1141388719564098 -0.086845332249633644 -0.11307963800542431 -0.11307963800542431 0.11412744279391081 -0.17438910279418715 -0.11425529309140828 0.11632307232894823
leaf_weight=6.2908793091773978 55.424815982580185 2.9285820424556723 28.794026866555214 27.830856077373028 203.27551330626011 130.91412032395601 7.0579090341925612 42.756608352065086 229.61709478497505 2.2014718651771545 1.7472034692764273 1.0857069119811058
leaf_count=58 511 17 177 199 1923 976 69 418 2117 9 16 9
model_size=1376
internal_value=0 0.077182 -0.0490281 -0.0710099 -0.0858976 -0.0499522 0.0884626 -0.0839378 0.110445 0.0208869 0.112421 -0.0258866
internal_weight=0 286.628 453.297 390.815 362.984 159.708 62.4827 49.0475 237.58 5.13005 232.45 2.83291
internal_count=6499 2644 3855 3275 3076 1153 580 476 2168 26 2142 25
is_linear=0
shrinkage=0.1


Tree=15
num_leaves= 13
num_cat= 0
full_tree_array_lgbids= 0 1 2 7 8 6 3 -1 -9 9 10 -2 -8 4 -5 -2147483648 -2147483648 -2147483648 -2147483648 -3 -11 -10 11 -2147483648 -2147483648 -2147483648 -2147483648 5 -6 -2147483648 -2147483648 -2147483648 -2147483648 -2147483648 -2147483648 -2147483648 -2147483648 -2147483648 -2147483648 -2147483648 -2147483648 -2147483648 -2147483648 -2147483648 -2147483648 -12 -13 -2147483648 -2147483648 -2147483648 -2147483648 -2147483648 -2147483648 -2147483648 -2147483648 -4 -7 -2147483648 -2147483648 -2147483648 -2147483648 -2147483648 -2147483648
split_feature= 8 20 19 4 9 10 4 10 12 1 21 1
split_gain= 246.55 135.303 119.304 97.8319 33.6264 86.1631 27.2189 23.6596 2.37886 10.8551 3.27792 1.55392
threshold= 3.5000000000000004 3.5000000000000004 1.5000000000000002 5.5000000000000009 1.0000000180025095e-35 1.0000000180025095e-35 4.5000000000000009 1.0000000180025095e-35 1.0000000180025095e-35 2.5000000000000004 4.5000000000000009 1.5000000000000002
decision_type= 2 2 2 2 2 2 2 2 2 2 2 2
left_child=1 7 6 4 5 -4 -2 -1 9 -3 -10 -12
right_child=2 8 3 -5 -6 -7 -8 -9 10 -11 11 -13
leaf_value= 0.11260371998545887 0.11260371998545887 0.15892116779204271 0.077020964154232097 0.12055510582975892 -0.11263210055233208 -0.094232407984745026 -0.11168115789146256 -0.11168115789146256 0.11260371998545887 -0.16248460918731719 -0.11271615625474785 0.11453059436226405
leaf_weight=5.7652898132801047 50.794191285967827 2.7882375642657271 41.119581162929535 25.698886893689632 186.26547890901566 110.00722556561232 6.4621228650212279 39.147353008389473 210.43307818472385 2.1300564408302307 1.6014131307601922 0.99697165936231602
leaf_count=58 511 17 236 199 1923 917 69 418 2117 9 16 9
model_size=1376
internal_value=0 0.0760984 -0.0477762 -0.069075 -0.0835189 -0.0476367 0.0872902 -0.0828904 0.108861 0.019724 0.110919 -0.0255241
internal_weight=0 262.862 420.347 363.091 337.392 151.127 57.2563 44.9126 217.95 4.91829 213.031 2.59838
internal_count=6499 2644 3855 3275 3076 1153 580 476 2168 26 2142 25
is_linear=0
shrinkage=0.1


Tree=16
num_leaves= 13
num_cat= 0
full_tree_array_lgbids= 0 1 2 7 8 6 3 -1 -9 9 10 -2 -8 4 -5 -2147483648 -2147483648 -2147483648 -2147483648 -3 -11 -10 11 -2147483648 -2147483648 -2147483648 -2147483648 5 -6 -2147483648 -2147483648 -2147483648 -2147483648 -2147483648 -2147483648 -2147483648 -2147483648 -2147483648 -2147483648 -2147483648 -2147483648 -2147483648 -2147483648 -2147483648 -2147483648 -12 -13 -2147483648 -2147483648 -2147483648 -2147483648 -2147483648 -2147483648 -2147483648 -2147483648 -4 -7 -2147483648 -2147483648 -2147483648 -2147483648 -2147483648 -2147483648
split_feature= 8 20 19 4 9 21 4 10 12 1 21 1
split_gain= 218.5 120.604 104.777 85.6217 32.9351 79.5446 24.1317 20.9653 2.13246 9.03531 2.73909 1.19408
threshold= 3.5000000000000004 3.5000000000000004 1.5000000000000002 5.5000000000000009 1.0000000180025095e-35 1.0000000180025095e-35 4.5000000000000009 1.0000000180025095e-35 1.0000000180025095e-35 2.5000000000000004 4.5000000000000009 1.5000000000000002
decision_type= 2 2 2 2 2 2 2 2 2 2 2 2
left_child=1 7 6 4 5 -4 -2 -1 9 -3 -10 -12
right_child=2 8 3 -5 -6 -7 -8 -9 10 -11 11 -13
leaf_value= 0.11126147420147421 0.11126147420147421 0.1514745488932869 0.11255333389902328 0.11828148327836074 -0.11130179466800227 -0.080437154950770515 -0.11044680992112868 -0.11044680992112868 0.11126147420147421 -0.15311374537038583 -0.11136066726921245 0.1129581580396303
leaf_weight=5.2763521671295157 46.48648202419281 2.640416905283927 26.720888614654541 23.677235327661037 170.4510402828455 118.28464415669441 5.9091660529375067 35.797556668519974 192.58685410022736 2.0390181094408035 1.4657505750656121 0.91400932520627964
leaf_count=58 511 17 177 199 1923 976 69 418 2117 9 16 9
model_size=1376
internal_value=0 0.0751437 -0.0463781 -0.06687 -0.0807669 -0.0448738 0.0862573 -0.0819662 0.107467 0.0187532 0.109596 -0.0252051
internal_weight=0 240.72 391.529 339.134 315.457 145.006 52.3956 41.0739 199.646 4.67944 194.967 2.37976
internal_count=6499 2644 3855 3275 3076 1153 580 476 2168 26 2142 25
is_linear=0
shrinkage=0.1


Tree=17
num_leaves= 13
num_cat= 0
full_tree_array_lgbids= 0 1 2 7 8 6 3 -1 -9 9 10 -2 -8 4 -5 -2147483648 -2147483648 -2147483648 -2147483648 -3 -11 -10 11 -2147483648 -2147483648 -2147483648 -2147483648 5 -6 -2147483648 -2147483648 -2147483648 -2147483648 -2147483648 -2147483648 -2147483648 -2147483648 -2147483648 -2147483648 -2147483648 -2147483648 -2147483648 -2147483648 -2147483648 -2147483648 -12 -13 -2147483648 -2147483648 -2147483648 -2147483648 -2147483648 -2147483648 -2147483648 -2147483648 -4 -7 -2147483648 -2147483648 -2147483648 -2147483648 -2147483648 -2147483648
split_feature= 8 20 19 4 9 10 4 10 12 1 21 1
split_gain= 194.084 107.635 92.3941 75.273 31.5054 71.2317 21.4015 18.5794 1.87657 7.54122 2.26035 0.874398
threshold= 3.5000000000000004 3.5000000000000004 1.5000000000000002 5.5000000000000009 1.0000000180025095e-35 1.0000000180025095e-35 4.5000000000000009 1.0000000180025095e-35 1.0000000180025095e-35 2.5000000000000004 4.5000000000000009 1.5000000000000002
decision_type= 2 2 2 2 2 2 2 2 2 2 2 2
left_child=1 7 6 4 5 -4 -2 -1 9 -3 -10 -12
right_child=2 8 3 -5 -6 -7 -8 -9 10 -11 11 -13
leaf_value= 0.1100756958889617 0.1100756958889617 0.14511605384181478 0.07249958701491438 0.1162905230429485 -0.110124067365987 -0.088765777283055514 -0.10935442392955622 -0.10935442392955622 0.1100756958889617 -0.14557328904845077 -0.11016343609928402 0.11157407759859686
leaf_weight=4.8230335712432852 42.492588877677917 2.4883524775505057 39.225746750831604 21.771949671208858 155.79534536600113 98.176864221692085 5.397508665919303 32.697951048612595 176.04072535037994 1.9354837685823438 1.3399403095245355 0.83676237612962712
leaf_count=58 511 17 236 199 1923 917 69 418 2117 9 16 9
model_size=1376
internal_value=0 0.0743004 -0.0452204 -0.0650724 -0.0785398 -0.0427277 0.0853446 -0.0811484 0.106235 0.0179358 0.108427 -0.0249237
internal_weight=0 220.162 362.86 314.97 293.198 137.403 47.8901 37.521 182.641 4.42384 178.217 2.1767
internal_count=6499 2644 3855 3275 3076 1153 580 476 2168 26 2142 25
is_linear=0
shrinkage=0.1


Tree=18
num_leaves= 16
num_cat= 0
full_tree_array_lgbids= 0 1 2 9 10 8 3 -1 -11 11 12 -2 -10 5 4 -2147483648 -2147483648 -2147483648 -2147483648 -3 -13 -12 14 -2147483648 -2147483648 -2147483648 -2147483648 -4 6 13 7 -2147483648 -2147483648 -2147483648 -2147483648 -2147483648 -2147483648 -2147483648 -2147483648 -2147483648 -2147483648 -2147483648 -2147483648 -2147483648 -2147483648 -14 -16 -2147483648 -2147483648 -2147483648 -2147483648 -2147483648 -2147483648 -2147483648 -2147483648 -2147483648 -2147483648 -7 -8 -5 -15 -6 -9
split_feature= 8 20 19 7 20 19 19 4 4 10 12 1 21 19 4
split_gain= 172.262 96.16 81.1562 66.8169 29.7912 26.8028 95.822 21.2854 18.9805 16.4613 1.61849 6.29889 1.83376 1.28701 0.589401
threshold= 3.5000000000000004 3.5000000000000004 1.5000000000000002 1.0000000180025095e-35 3.5000000000000004 4.5000000000000009 6.5000000000000009 5.5000000000000009 4.5000000000000009 1.0000000180025095e-35 1.0000000180025095e-35 2.5000000000000004 4.5000000000000009 6.5000000000000009 4.5000000000000009
decision_type= 2 2 2 2 2 2 2 2 2 2 2 2 2 2 2
left_child=1 9 8 5 13 -4 -7 -6 -2 -1 11 -3 -12 -5 -14
right_child=2 10 3 4 7 6 -8 -9 -10 -11 12 -13 14 -15 -16
leaf_value= 0.10902547451640709 0.10902547451640709 0.13966310377231403 -0.10872166326659252 0.1143165554034771 -0.05176945600939864 0.27469941299452549 -0.089648236110839274 0.1144198123691101 -0.10838542814819269 -0.10838542814819269 0.10902547451640709 -0.13939932361878057 0.11035214070974342 0.21663313683879115 -0.10910325544238059
leaf_weight=4.4039455801248542 38.800279162824154 2.33487445116043 175.49487629532814 15.627702839672567 40.524948179721832 9.0092976540327054 39.750421233475208 10.460384473204611 4.9252953529357901 29.837296485900879 160.74401367455721 1.8247776031494138 0.76508764922618744 3.4588085114955893 1.2236058712005615
leaf_count=58 511 17 2384 152 241 39 340 105 69 418 2117 9 9 14 16
model_size=1712
internal_value=0 0.0735534 -0.0438917 -0.0629712 0.0233292 -0.0899371 -0.022328 -0.0176733 0.0845361 -0.0804231 0.105145 0.0172426 0.107392 0.132858 -0.0246747
internal_weight=0 201.134 338.052 294.326 70.0718 224.255 48.7597 50.9853 43.7256 34.2412 166.892 4.15965 162.733 19.0865 1.98869
internal_count=6499 2644 3855 3275 512 2763 379 346 580 476 2168 26 2142 166 25
is_linear=0
shrinkage=0.1


Tree=19
num_leaves= 16
num_cat= 0
full_tree_array_lgbids= 0 1 2 9 10 8 3 -1 -11 11 12 -2 -10 5 4 -2147483648 -2147483648 -2147483648 -2147483648 -3 -13 -12 13 -2147483648 -2147483648 -2147483648 -2147483648 -4 6 14 7 -2147483648 -2147483648 -2147483648 -2147483648 -2147483648 -2147483648 -2147483648 -2147483648 -2147483648 -2147483648 -2147483648 -2147483648 -2147483648 -2147483648 -14 -15 -2147483648 -2147483648 -2147483648 -2147483648 -2147483648 -2147483648 -2147483648 -2147483648 -2147483648 -2147483648 -7 -8 -5 -16 -6 -9
split_feature= 8 20 19 7 20 19 19 4 4 10 12 1 21 4 19
split_gain= 153.102 85.9776 71.3522 59.9423 25.81 25.7669 75.306 18.0841 16.8231 14.571 1.35766 5.24889 1.44675 0.328656 0.148355
threshold= 3.5000000000000004 3.5000000000000004 1.5000000000000002 1.0000000180025095e-35 3.5000000000000004 4.5000000000000009 6.5000000000000009 5.5000000000000009 4.5000000000000009 1.0000000180025095e-35 1.0000000180025095e-35 2.5000000000000004 4.5000000000000009 4.5000000000000009 6.5000000000000009
decision_type= 2 2 2 2 2 2 2 2 2 2 2 2 2 2 2
left_child=1 9 8 5 14 -4 -7 -6 -2 -1 11 -3 -12 -14 -5
right_child=2 10 3 4 7 6 -8 -9 -10 -11 12 -13 13 -15 -16
leaf_value= 0.10809320877587317 0.10809320877587328 0.13496671315732936 -0.10782350111044514 0.11279025440475238 -0.046993088008532316 0.233008623443589 -0.085167406887891012 0.11289213442081664 -0.1075240907530273 -0.1075240907530273 0.10809320877587328 -0.13427271426751705 0.10927053796566757 -0.10816232970028693 0.19419413241645864
leaf_weight=4.0174633711576488 35.395237632095814 2.1823687925934783 160.0493755787611 14.322052504867317 40.197488456964493 9.5257326364517194 37.762991540133953 9.5864505022764188 4.4904651269316664 27.203107580542564 146.63741304725409 1.7108637839555743 0.69878122955560562 1.1163027286529541 3.4711935371160498
leaf_count=58 511 17 2384 152 241 39 340 105 69 418 2117 9 9 16 14
model_size=1712
internal_value=0 0.0728904 -0.042655 -0.0610042 0.0219409 -0.0880382 -0.0210748 -0.0162054 0.0838183 -0.0797785 0.104177 0.0166506 0.106473 -0.0244538 0.128671
internal_weight=0 183.566 314.801 274.915 67.5772 207.338 47.2887 49.7839 39.8857 31.2206 152.346 3.89323 148.452 1.81508 17.7932
internal_count=6499 2644 3855 3275 512 2763 379 346 580 476 2168 26 2142 25 166
is_linear=0
shrinkage=0.1


Tree=20
num_leaves= 15
num_cat= 0
full_tree_array_lgbids= 0 1 2 9 10 8 3 -1 -11 11 12 -2 -10 4 6 -2147483648 -2147483648 -2147483648 -2147483648 -3 -13 -12 13 -2147483648 -2147483648 -2147483648 -2147483648 -4 5 -5 7 -2147483648 -2147483648 -2147483648 -2147483648 -2147483648 -2147483648 -2147483648 -2147483648 -2147483648 -2147483648 -2147483648 -2147483648 -2147483648 -2147483648 -14 -15 -2147483648 -2147483648 -2147483648 -2147483648 -2147483648 -2147483648 -2147483648 -2147483648 -2147483648 -2147483648 -6 -7 -2147483648 -2147483648 -8 -9
split_feature= 8 20 19 7 19 19 20 21 4 10 12 1 21 4
split_gain= 136.113 76.9256 62.7289 53.8319 24.6876 60.8981 22.4433 16.2047 14.899 12.8832 1.10168 4.35533 1.09756 0.0922081
threshold= 3.5000000000000004 3.5000000000000004 1.5000000000000002 1.0000000180025095e-35 4.5000000000000009 6.5000000000000009 3.5000000000000004 1.5000000000000002 4.5000000000000009 1.0000000180025095e-35 1.0000000180025095e-35 2.5000000000000004 4.5000000000000009 4.5000000000000009
decision_type= 2 2 2 2 2 2 2 2 2 2 2 2 2 2
left_child=1 9 8 4 -4 -6 -5 -8 -2 -1 11 -3 -12 -14
right_child=2 10 3 6 5 -7 7 -9 -10 -11 12 -13 13 -15
leaf_value= 0.10726401292643045 0.10726401292643054 0.13090515811775102 -0.10702411825279592 0.12515215487280137 0.20554825923954981 -0.080706996962480626 0.0443641362795614 -0.077083764963920207 -0.10675703993551194 -0.10675703993551194 0.10726401292643054 -0.12996639320213868 0.10831092369631656 -0.10732554767956304
leaf_weight=3.6618147641420391 32.261850766837597 2.0327749587595454 145.84502544999123 16.522986155003309 9.7058942914009076 35.960861876606941 24.944614715874195 23.724998392164707 4.0908415876328936 24.782199762761593 133.65623889118433 1.5966690033674242 0.63759849965572235 1.0175448656082153
leaf_count=58 511 17 2384 166 39 340 201 145 69 418 2117 9 9 16
model_size=1600
internal_value=0 0.0723007 -0.0414481 -0.0590971 -0.0862412 -0.019867 0.0206422 -0.0148381 0.0831798 -0.0792045 0.103317 0.0161423 0.105655 -0.0242575
internal_weight=0 167.385 293.057 256.704 191.512 45.6668 65.1926 48.6696 36.3527 28.444 138.941 3.62944 135.311 1.65514
internal_count=6499 2644 3855 3275 2763 379 512 346 580 476 2168 26 2142 25
is_linear=0
shrinkage=0.1


Tree=21
num_leaves= 14
num_cat= 0
full_tree_array_lgbids= 0 1 2 9 10 8 3 -1 -11 11 12 -2 -10 4 6 -2147483648 -2147483648 -2147483648 -2147483648 -3 -13 -12 -14 -2147483648 -2147483648 -2147483648 -2147483648 -4 5 -5 7 -2147483648 -2147483648 -2147483648 -2147483648 -2147483648 -2147483648 -2147483648 -2147483648 -2147483648 -2147483648 -2147483648 -2147483648 -2147483648 -2147483648 -2147483648 -2147483648 -2147483648 -2147483648 -2147483648 -2147483648 -2147483648 -2147483648 -2147483648 -2147483648 -2147483648 -2147483648 -6 -7 -2147483648 -2147483648 -8 -9
split_feature= 8 20 19 7 19 19 20 4 4 10 12 1 21
split_gain= 120.986 68.8667 55.0651 48.4693 23.5996 50.0915 19.7783 15.7857 13.1833 11.3769 0.857003 3.59199 0.78523
threshold= 3.5000000000000004 3.5000000000000004 1.5000000000000002 1.0000000180025095e-35 4.5000000000000009 6.5000000000000009 3.5000000000000004 5.5000000000000009 4.5000000000000009 1.0000000180025095e-35 1.0000000180025095e-35 2.5000000000000004 4.5000000000000009
decision_type= 2 2 2 2 2 2 2 2 2 2 2 2 2
left_child=1 9 8 4 -4 -6 -5 -8 -2 -1 11 -3 -12
right_child=2 10 3 6 5 -7 7 -9 -10 -11 12 -13 -14
leaf_value= 0.10652517821132974 0.10652517821132985 0.12737875662998754 -0.10631143053847479 0.12302382419630253 0.18606954291845856 -0.07627403311552175 -0.042400542354875288 0.11237514116343816 -0.10607284898161794 -0.10607284898161794 0.10652517821132985 -0.12631424399268437 -0.024082756525551099
leaf_weight=3.3351530358195332 29.383848298341036 1.8876124881207934 132.80548883229494 15.196038506925104 9.6509407907724363 34.332613281905651 39.20865660905838 9.004164405167101 3.7242023237049571 22.561109729111195 121.73308580741286 1.4843240082263947 1.5080925151705731
leaf_count=58 511 17 2384 166 39 340 241 105 69 418 2117 9 25
model_size=1488
internal_value=0 0.0717754 -0.0402031 -0.0571314 -0.084517 -0.0187102 0.0192221 -0.0134948 0.0826108 -0.0786926 0.102551 0.0157033 0.104927
internal_weight=0 152.509 273.306 240.198 176.789 43.9836 63.4089 48.2128 33.1081 25.8963 126.613 3.37194 123.241
internal_count=6499 2644 3855 3275 2763 379 512 346 580 476 2168 26 2142
is_linear=0
shrinkage=0.1


Tree=22
num_leaves= 13
num_cat= 0
full_tree_array_lgbids= 0 1 2 8 9 3 4 -1 -10 10 11 -2 -5 5 -6 -2147483648 -2147483648 -2147483648 -2147483648 -3 -12 -11 -13 -2147483648 -2147483648 -2147483648 -2147483648 7 6 -2147483648 -2147483648 -2147483648 -2147483648 -2147483648 -2147483648 -2147483648 -2147483648 -2147483648 -2147483648 -2147483648 -2147483648 -2147483648 -2147483648 -2147483648 -2147483648 -2147483648 -2147483648 -2147483648 -2147483648 -2147483648 -2147483648 -2147483648 -2147483648 -2147483648 -2147483648 -4 -9 -7 -8 -2147483648 -2147483648 -2147483648 -2147483648
split_feature= 8 20 4 4 4 12 18 17 10 12 1 21
split_gain= 107.548 61.6135 48.7281 56.0372 46.1407 34.3312 21.9047 13.6047 10.0309 0.618989 2.9298 0.627765
threshold= 3.5000000000000004 3.5000000000000004 2.5000000000000004 1.0000000180025095e-35 5.5000000000000009 2.5000000000000004 3.5000000000000004 1.5000000000000002 1.0000000180025095e-35 1.0000000180025095e-35 2.5000000000000004 4.5000000000000009
decision_type= 2 2 2 2 2 2 2 2 2 2 2 2
left_child=1 8 3 -2 5 7 -7 -4 -1 10 -3 -11
right_child=2 9 4 -5 -6 6 -8 -9 -10 11 -12 -13
leaf_value= 0.105865822596505 -0.10939909606796634 0.12430569584559044 -0.10658734625734877 0.11009519926986755 0.11025154654596694 0.13986680057153408 -0.11165738743514159 -0.030161340257096488 -0.10546166888562683 0.10586582259650512 -0.12319173683012681 -0.021784773762801753
leaf_weight=3.0356061831116703 17.182857383042574 1.7480227239429942 132.44648527354002 39.791262920945883 14.773263078182934 11.847747072577478 5.4743271842598906 32.886383652687073 20.526399090886116 110.79962568357587 1.3753480017185211 1.5008618757128704
leaf_count=58 264 17 2325 627 199 61 79 300 418 2117 9 25
model_size=1376
internal_value=0 0.0712423 -0.0390458 0.0438978 -0.0629818 -0.076993 0.0603771 -0.0913854 -0.0782353 0.101756 0.0153224 0.10416
internal_weight=0 138.986 254.402 56.9741 197.428 182.655 17.3221 165.333 23.562 115.424 3.12337 112.3
internal_count=6499 2644 3855 891 2964 2765 140 2625 476 2168 26 2142
is_linear=0
shrinkage=0.1


Tree=23
num_leaves= 15
num_cat= 0
full_tree_array_lgbids= 0 1 2 9 11 3 7 -1 -11 12 13 4 5 -4 -9 -2147483648 -2147483648 -2147483648 -2147483648 -3 -14 -13 -15 10 8 6 -7 -2147483648 -2147483648 -2147483648 -2147483648 -2147483648 -2147483648 -2147483648 -2147483648 -2147483648 -2147483648 -2147483648 -2147483648 -2147483648 -2147483648 -2147483648 -2147483648 -2147483648 -2147483648 -2147483648 -2147483648 -2 -12 -6 -10 -5 -8 -2147483648 -2147483648 -2147483648 -2147483648 -2147483648 -2147483648 -2147483648 -2147483648 -2147483648 -2147483648
split_feature= 8 20 9 10 19 4 21 19 2 10 3 12 1 21
split_gain= 95.8527 55.126 43.603 38.8439 46.4823 35.5167 36.478 28.4863 9.81647 8.81686 1.08 0.385519 2.35452 0.485817
threshold= 3.5000000000000004 3.5000000000000004 1.0000000180025095e-35 1.0000000180025095e-35 6.5000000000000009 5.5000000000000009 1.0000000180025095e-35 1.5000000000000002 7.5000000000000009 1.0000000180025095e-35 1.0000000180025095e-35 1.0000000180025095e-35 2.5000000000000004 4.5000000000000009
decision_type= 2 2 2 2 2 2 2 2 2 2 2 2 2 2
left_child=1 9 3 4 10 6 -5 -4 -6 -1 -2 12 -3 -13
right_child=2 11 7 5 8 -7 -8 -9 -10 -11 -12 13 -14 -15
leaf_value= 0.10527657861010012 0.11010295595402671 0.12161845692589049 0.10525430161605445 0.10195098074938665 -0.130348104354407 0.10920030389748098 -0.10282148738013215 -0.10579587706859948 0.15617881142400913 -0.10491500914327373 0.17372774538985147 0.10527657861010027 -0.12050366754100877 -0.019690284224294412
leaf_weight=2.7613188400864628 28.958200804889202 1.6148198992013922 7.3513522371649733 10.741123035550116 11.650323078036305 13.489497084170578 60.919924661517143 90.99166352301836 1.6122276335954673 18.664889506995678 9.4774125069379789 100.78813766315579 1.2707897275686264 1.4947994947433461
leaf_count=58 472 17 155 83 74 199 903 1923 7 418 39 2117 9 25
model_size=1600
internal_value=0 0.0707528 -0.0381836 -0.000933007 0.0690174 -0.0434026 -0.0721286 -0.0900194 -0.0955172 -0.0778264 0.125791 0.101023 0.0149906 0.10345
internal_weight=0 126.595 235.192 136.849 51.6982 85.1505 71.661 98.343 13.2626 21.4262 38.4356 105.169 2.88561 102.283
internal_count=6499 2644 3855 1777 592 1185 986 2078 81 476 511 2168 26 2142
is_linear=0
shrinkage=0.1


Tree=24
num_leaves= 15
num_cat= 0
full_tree_array_lgbids= 0 1 2 9 10 3 7 -1 -11 11 12 4 5 -4 -9 -2147483648 -2147483648 -2147483648 -2147483648 -3 -13 -12 -14 13 8 6 -7 -2147483648 -2147483648 -2147483648 -2147483648 -2147483648 -2147483648 -2147483648 -2147483648 -2147483648 -2147483648 -2147483648 -2147483648 -2147483648 -2147483648 -2147483648 -2147483648 -2147483648 -2147483648 -2147483648 -2147483648 -2 -15 -6 -10 -5 -8 -2147483648 -2147483648 -2147483648 -2147483648 -2147483648 -2147483648 -2147483648 -2147483648 -2147483648 -2147483648
split_feature= 8 20 9 10 19 4 21 19 2 10 12 1 21 3
split_gain= 85.679 49.3197 39.3081 33.9997 40.7143 31.279 31.8395 25.4161 8.31079 7.7246 0.162896 1.85179 0.357223 0.0613221
threshold= 3.5000000000000004 3.5000000000000004 1.0000000180025095e-35 1.0000000180025095e-35 6.5000000000000009 5.5000000000000009 1.0000000180025095e-35 1.5000000000000002 7.5000000000000009 1.0000000180025095e-35 1.0000000180025095e-35 2.5000000000000004 4.5000000000000009 1.0000000180025095e-35
decision_type= 2 2 2 2 2 2 2 2 2 2 2 2 2 2
left_child=1 9 3 4 13 6 -5 -4 -6 -1 11 -3 -12 -2
right_child=2 10 7 5 8 -7 -8 -9 -10 -11 12 -13 -14 -15
leaf_value= 0.10474930962181393 0.10912464301547171 0.11926118969690339 0.10472937340491524 0.09546074318827126 -0.12681915700050841 0.10826381682279694 -0.10090922488674497 -0.1052261199236425 0.14805570871750684 -0.10442548272911378 0.10474930962181409 -0.11817596756445199 -0.017785210872638707 0.16204519053829836
leaf_weight=2.5104792863130596 26.425371501594782 1.4885411057621232 6.6834170371294013 10.345449611544607 10.819762647151943 12.305980216711758 56.114478919655085 82.755718775093555 1.53459119796753 16.963821515440941 91.632493950426579 1.171336904168129 1.4897095263004292 9.160502225160597
leaf_count=58 472 17 155 83 74 199 903 1923 7 418 2117 9 25 39
model_size=1600
internal_value=0 0.0703003 -0.0376024 -0.000942855 0.0672322 -0.042437 -0.0703414 -0.089537 -0.0926757 -0.0774603 0.100343 0.0147004 0.102789 0.122747
internal_weight=0 115.256 216.145 126.706 47.9402 78.7659 66.4599 89.4391 12.3544 19.4743 95.7821 2.65988 93.1222 35.5859
internal_count=6499 2644 3855 1777 592 1185 986 2078 81 476 2168 26 2142 511
is_linear=0
shrinkage=0.1


Tree=25
num_leaves= 11
num_cat= 0
full_tree_array_lgbids= 0 1 2 9 -3 3 7 -1 -11 -2147483648 -2147483648 4 5 -4 -9 -2147483648 -2147483648 -2147483648 -2147483648 -2147483648 -2147483648 -2147483648 -2147483648 -2 8 6 -7 -2147483648 -2147483648 -2147483648 -2147483648 -2147483648 -2147483648 -2147483648 -2147483648 -2147483648 -2147483648 -2147483648 -2147483648 -2147483648 -2147483648 -2147483648 -2147483648 -2147483648 -2147483648 -2147483648 -2147483648 -2147483648 -2147483648 -6 -10 -5 -8 -2147483648 -2147483648 -2147483648 -2147483648 -2147483648 -2147483648 -2147483648 -2147483648 -2147483648 -2147483648
split_feature= 8 20 9 10 19 4 21 19 2 10
split_gain= 76.5954 44.1221 35.4381 29.7863 35.7501 27.5164 27.7654 22.6677 7.03649 6.74606
threshold= 3.5000000000000004 3.5000000000000004 1.0000000180025095e-35 1.0000000180025095e-35 6.5000000000000009 5.5000000000000009 1.0000000180025095e-35 1.5000000000000002 7.5000000000000009 1.0000000180025095e-35
decision_type= 2 2 2 2 2 2 2 2 2 2
left_child=1 9 3 4 -2 6 -5 -4 -6 -1
right_child=2 -3 7 5 8 -7 -8 -9 -10 -11
leaf_value= 0.1042769941535199 0.12013071828430871 0.099706493154773757 0.1042591270165356 0.089198095931469656 -0.12376574957673514 0.10742822549347267 -0.09899853979749039 -0.10471418332583889 0.14144242674311222 -0.10398665302316219
leaf_weight=2.2813395410776165 32.857904344797134 87.201221097260714 6.073290240019559 9.9840666577219945 10.019151315093037 11.217092037200926 51.705016858875751 75.227877825498581 1.4500527977943427 15.41097132116556
leaf_count=58 511 2168 155 83 74 199 903 1923 7 418
model_size=1152
internal_value=0 0.0698793 -0.0370467 -0.000945246 0.0657005 -0.041466 -0.0685399 -0.0891036 -0.0902354 -0.077132
internal_weight=0 104.894 198.534 117.233 44.3271 72.9062 61.6891 81.3012 11.4692 17.6923
internal_count=6499 2644 3855 1777 592 1185 986 2078 81 476
is_linear=0
shrinkage=0.1


Tree=26
num_leaves= 14
num_cat= 0
full_tree_array_lgbids= 0 1 2 9 10 3 7 -1 -11 11 12 4 5 -4 -9 -2147483648 -2147483648 -2147483648 -2147483648 -3 -13 -12 -14 -2 8 6 -7 -2147483648 -2147483648 -2147483648 -2147483648 -2147483648 -2147483648 -2147483648 -2147483648 -2147483648 -2147483648 -2147483648 -2147483648 -2147483648 -2147483648 -2147483648 -2147483648 -2147483648 -2147483648 -2147483648 -2147483648 -2147483648 -2147483648 -6 -10 -5 -8 -2147483648 -2147483648 -2147483648 -2147483648 -2147483648 -2147483648 -2147483648 -2147483648 -2147483648 -2147483648
split_feature= 8 20 9 10 19 4 12 19 2 10 12 1 21
split_gain= 68.1788 39.1824 31.9473 26.1776 31.5917 24.1763 25.2981 20.2092 5.95268 5.87296 0.313656 1.40955 0.593933
threshold= 3.5000000000000004 3.5000000000000004 1.0000000180025095e-35 1.0000000180025095e-35 6.5000000000000009 5.5000000000000009 2.5000000000000004 1.5000000000000002 7.5000000000000009 1.0000000180025095e-35 1.0000000180025095e-35 2.5000000000000004 4.5000000000000009
decision_type= 2 2 2 2 2 2 2 2 2 2 2 2 2
left_child=1 9 3 4 -2 6 -5 -4 -6 -1 11 -3 -12
right_child=2 10 7 5 8 -7 -8 -9 -10 -11 12 -13 -14
leaf_value= 0.10385346582430799 0.11839411615714555 0.1156185211556839 0.1038374407836431 -0.10806257603722291 -0.12111000394085294 0.10668159078032072 0.048006159890628841 -0.10425385053306323 0.13597637950370228 -0.10359291491265815 0.1038711287751843 -0.11784335128041389 -0.025633004296771778
leaf_weight=2.0722302719950703 30.144912097603083 1.2741180621087542 5.516518782824277 42.135183282196522 9.2542273849248851 10.217049207538365 15.188166938722132 68.354232631623745 1.3620359301567084 13.994720868766306 75.957067560404539 1.1564019620418549 1.5133232921361912
leaf_count=58 511 17 155 781 74 199 205 1923 7 418 2117 9 25
model_size=1488
internal_value=0 0.069059 -0.0365264 -0.000930129 0.0646057 -0.0404815 -0.0667112 -0.088714 -0.0881266 -0.0768376 0.0983968 0.00454115 0.101341
internal_weight=0 95.9679 182.172 108.302 40.7612 67.5404 57.3234 73.8708 10.6163 16.067 79.9009 2.43052 77.4704
internal_count=6499 2644 3855 1777 592 1185 986 2078 81 476 2168 26 2142
is_linear=0
shrinkage=0.1


Tree=27
num_leaves= 15
num_cat= 0
full_tree_array_lgbids= 0 1 2 8 11 3 4 -1 -10 12 13 6 5 -4 -6 -2147483648 -2147483648 -2147483648 -2147483648 -3 -14 -13 -15 10 7 9 -7 -2147483648 -2147483648 -2147483648 -2147483648 -2147483648 -2147483648 -2147483648 -2147483648 -2147483648 -2147483648 -2147483648 -2147483648 -2147483648 -2147483648 -2147483648 -2147483648 -2147483648 -2147483648 -2147483648 -2147483648 -2 -12 -8 -9 -5 -11 -2147483648 -2147483648 -2147483648 -2147483648 -2147483648 -2147483648 -2147483648 -2147483648 -2147483648 -2147483648
split_feature= 8 20 9 10 19 21 21 4 10 11 4 12 1 21
split_gain= 60.9347 35.0284 28.7997 23.7177 17.9957 9.72502 8.61987 8.41512 5.08093 3.84848 1.8459 0.084686 1.01517 0.438576
threshold= 3.5000000000000004 3.5000000000000004 1.0000000180025095e-35 2.5000000000000004 1.5000000000000002 1.0000000180025095e-35 1.0000000180025095e-35 5.5000000000000009 1.0000000180025095e-35 1.5000000000000002 4.5000000000000009 1.0000000180025095e-35 2.5000000000000004 4.5000000000000009
decision_type= 2 2 2 2 2 2 2 2 2 2 2 2 2 2
left_child=1 8 3 6 -4 9 10 -8 -1 -5 -2 12 -3 -13
right_child=2 11 4 5 -6 -7 7 -9 -10 -11 -12 13 -14 -15
leaf_value= 0.10347335349041774 0.11092777006247051 0.113970993530215 0.10345895270451369 0.12560579317999038 -0.10383960831140347 -0.10569585126936472 -0.010156204265682624 0.1060135867969976 -0.10323934713330028 -0.10586918385374713 -0.1145625021949308 0.10348921161104535 -0.11585980348181375 -0.023200507313823625
leaf_weight=1.881568357348441 16.317528640851382 1.168679103255271 5.0088823027908793 3.7074933201074627 62.083620931953192 25.217596761882305 43.471564361825585 9.3000452835112792 12.704103779047726 1.518575746566057 0.77669235318899055 68.969500720500946 1.0633462741971016 1.5052435621619213
leaf_count=58 268 17 155 23 1923 532 719 199 418 29 7 2117 9 25
model_size=1600
internal_value=0 0.0686864 -0.0359822 -0.000946778 -0.0883635 -0.0775361 0.0324266 0.0103166 -0.0765732 0.0583445 0.100682 0.0978268 0.00447864 0.100783
internal_weight=0 87.2924 167.402 100.309 67.0925 30.4437 69.8658 52.7716 14.5857 5.22607 17.0942 72.7068 2.23203 70.4747
internal_count=6499 2644 3855 1777 2078 584 1193 918 476 52 275 2168 26 2142
is_linear=0
shrinkage=0.1


Tree=28
num_leaves= 11
num_cat= 0
full_tree_array_lgbids= 0 1 2 9 -3 3 7 -1 -11 -2147483648 -2147483648 4 5 -4 -9 -2147483648 -2147483648 -2147483648 -2147483648 -2147483648 -2147483648 -2147483648 -2147483648 -2 8 6 -7 -2147483648 -2147483648 -2147483648 -2147483648 -2147483648 -2147483648 -2147483648 -2147483648 -2147483648 -2147483648 -2147483648 -2147483648 -2147483648 -2147483648 -2147483648 -2147483648 -2147483648 -2147483648 -2147483648 -2147483648 -2147483648 -2147483648 -6 -10 -5 -8 -2147483648 -2147483648 -2147483648 -2147483648 -2147483648 -2147483648 -2147483648 -2147483648 -2147483648 -2147483648
split_feature= 8 20 9 10 19 4 12 19 20 10
split_gain= 54.1224 31.2907 26.264 21.9422 27.1416 19.003 21.3527 15.9997 5.00058 4.36058
threshold= 3.5000000000000004 3.5000000000000004 1.0000000180025095e-35 1.0000000180025095e-35 6.5000000000000009 5.5000000000000009 2.5000000000000004 1.5000000000000002 3.5000000000000004 1.0000000180025095e-35
decision_type= 2 2 2 2 2 2 2 2 2 2
left_child=1 9 3 4 -2 6 -5 -4 -6 -1
right_child=2 -3 7 5 8 -7 -8 -9 -10 -11
leaf_value= 0.10313192461089341 0.11690854877304352 0.097279973631235861 0.10311898428848719 -0.1069738146714016 0.13172301696760261 0.10541526853820599 0.044576694278545638 -0.10346663456441055 -0.118515036094476 -0.10292161391218094
leaf_weight=1.7078625038266171 26.625918094068766 66.148139690980315 4.5464046858251086 36.352170323953032 1.27982088923454 8.4603531304746848 14.078230381011961 56.367765441536903 8.4103320986032486 11.528827928006647
leaf_count=58 511 2168 155 781 7 199 205 1923 74 418
model_size=1152
internal_value=0 0.0683312 -0.0348963 -0.000889542 0.0629096 -0.0402324 -0.0646667 -0.0880479 -0.085465 -0.0763356
internal_weight=0 79.3848 156.121 95.2068 36.3161 58.8908 50.4304 60.9142 9.69015 13.2367
internal_count=6499 2644 3855 1777 592 1185 986 2078 81 476
is_linear=0
shrinkage=0.1


Tree=29
num_leaves= 13
num_cat= 0
full_tree_array_lgbids= 0 1 2 9 10 3 7 -1 -11 11 -12 4 5 -4 -9 -2147483648 -2147483648 -2147483648 -2147483648 -3 -13 -2147483648 -2147483648 -2 8 6 -7 -2147483648 -2147483648 -2147483648 -2147483648 -2147483648 -2147483648 -2147483648 -2147483648 -2147483648 -2147483648 -2147483648 -2147483648 -2147483648 -2147483648 -2147483648 -2147483648 -2147483648 -2147483648 -2147483648 -2147483648 -2147483648 -2147483648 -6 -10 -5 -8 -2147483648 -2147483648 -2147483648 -2147483648 -2147483648 -2147483648 -2147483648 -2147483648 -2147483648 -2147483648
split_feature= 8 20 9 10 19 4 21 19 2 10 21 12
split_gain= 48.0625 27.6777 23.6571 19.2254 23.9853 16.5759 19.4876 14.2147 4.18718 3.72121 0.258686 0.532883
threshold= 3.5000000000000004 3.5000000000000004 1.0000000180025095e-35 1.0000000180025095e-35 6.5000000000000009 5.5000000000000009 1.0000000180025095e-35 1.5000000000000002 7.5000000000000009 1.0000000180025095e-35 4.5000000000000009 1.0000000180025095e-35
decision_type= 2 2 2 2 2 2 2 2 2 2 2 2
left_child=1 9 3 4 -2 6 -5 -4 -6 -1 11 -3
right_child=2 10 7 5 8 -7 -8 -9 -10 -11 -12 -13
leaf_value= 0.10282502126035142 0.11544049106750694 -0.014677947749807539 0.10281338455614571 0.08437061662396822 -0.11651586829388283 0.10487880497755789 -0.093572434025417484 -0.10313062169720054 0.12780787958940773 -0.10263586569556582 -0.017376848518444992 0.10285451731629687
leaf_weight=1.5497152991592873 24.382892604917288 1.8762811422348011 4.1253615729510775 8.2069107554852945 7.7338322252035123 7.6924030594527713 38.955234130844474 51.16137346252799 1.1916553825139997 10.459277782589195 1.6944104004651297 57.122534586116672
leaf_count=58 511 17 155 83 74 199 903 1923 7 418 34 2117
model_size=1376
internal_value=0 0.0674557 -0.0343824 -0.000907207 0.0620253 -0.0391206 -0.0626077 -0.0877636 -0.0838958 -0.0761219 0.0958645 0.0991167
internal_weight=0 72.7022 143.45 88.1629 33.3084 54.8545 47.1621 55.2867 8.92549 12.009 60.6932 58.9988
internal_count=6499 2644 3855 1777 592 1185 986 2078 81 476 2168 2134
is_linear=0
shrinkage=0.1


end of trees

feature_importances:
Column_4=53
Column_19=49
Column_21=46
Column_10=39
Column_20=37
Column_12=31
Column_1=30
Column_8=30
Column_9=19
Column_7=17
Column_13=11
Column_17=9
Column_2=8
Column_3=2
Column_11=1
Column_18=1

parameters:
[boosting: gbdt]
[objective: binary]
[metric: auc, binary_logloss, rmse, l1, l2, mape, huber]
[tree_learner: serial]
[device_type: cpu]
[data_sample_strategy: bagging]
[data: data/mushroom.libsvm.train]
[valid: data/mushroom.libsvm.test]
[num_iterations: 30]
[learning_rate: 0.1]
[num_leaves: 255]
[num_threads: 1]
[seed: 42]
[deterministic: 0]
[force_col_wise: 0]
[force_row_wise: 0]
[histogram_pool_size: -1]
[max_depth: 5]
[min_data_in_leaf: 10]
[min_sum_hessian_in_leaf: 0.001]
[bagging_fraction: 1]
[pos_bagging_fraction: 1]
[neg_bagging_fraction: 1]
[bagging_freq: 0]
[bagging_seed: 400]
[feature_fraction: 1]
[feature_fraction_bynode: 1]
[feature_fraction_seed: 30056]
[extra_trees: 0]
[extra_seed: 12879]
[early_stopping_round: 0]
[early_stopping_min_delta: 0]
[first_metric_only: 0]
[max_delta_step: 0]
[lambda_l1: 0]
[lambda_l2: 0]
[linear_lambda: 0]
[min_gain_to_split: 0]
[drop_rate: 0.1]
[max_drop: 50]
[skip_drop: 0.5]
[xgboost_dart_mode: 0]
[uniform_drop: 0]
[drop_seed: 17869]
[top_rate: 0.2]
[other_rate: 0.1]
[min_data_per_group: 100]
[max_cat_threshold: 32]
[cat_l2: 10]
[cat_smooth: 10]
[max_cat_to_onehot: 4]
[top_k: 20]
[monotone_constraints: ]
[monotone_constraints_method: basic]
[monotone_penalty: 0]
[feature_contri: ]
[forcedsplits_filename: ]
[refit_decay_rate: 0.9]
[tinygbdt_penalty_feature: 0.0625]
[tinygbdt_penalty_split: 0.00195312]
[tinygbdt_forestsize: 64000]
[tinygbdt_precision: 1]
[cegb_tradeoff: 1]
[cegb_penalty_split: 0]
[cegb_penalty_feature_lazy: ]
[cegb_penalty_feature_coupled: ]
[path_smooth: 0]
[interaction_constraints: ]
[verbosity: 1]
[saved_feature_importance_type: 0]
[use_quantized_grad: 0]
[num_grad_quant_bins: 4]
[quant_train_renew_leaf: 0]
[stochastic_rounding: 1]
[linear_tree: 0]
[max_bin: 255]
[max_bin_by_feature: ]
[min_data_in_bin: 3]
[bin_construct_sample_cnt: 200000]
[data_random_seed: 175]
[is_enable_sparse: 1]
[enable_bundle: 1]
[use_missing: 1]
[zero_as_missing: 0]
[feature_pre_filter: 1]
[pre_partition: 0]
[two_round: 0]
[header: 0]
[label_column: ]
[weight_column: ]
[group_column: ]
[ignore_column: ]
[categorical_feature: ]
[forcedbins_filename: ]
[precise_float_parser: 0]
[parser_config_file: ]
[objective_seed: 16083]
[num_class: 1]
[is_unbalance: 0]
[scale_pos_weight: 1]
[sigmoid: 1]
[boost_from_average: 1]
[reg_sqrt: 0]
[alpha: 0.9]
[fair_c: 1]
[poisson_max_delta_step: 0.7]
[tweedie_variance_power: 1.5]
[lambdarank_truncation_level: 30]
[lambdarank_norm: 1]
[label_gain: ]
[lambdarank_position_bias_regularization: 0]
[eval_at: ]
[multi_error_top_k: 1]
[auc_mu_weights: ]
[num_machines: 1]
[local_listen_port: 12400]
[time_out: 120]
[machine_list_filename: ]
[machines: ]
[gpu_platform_id: -1]
[gpu_device_id: -1]
[gpu_use_dp: 0]
[num_gpu: 1]

end of parameters
