tree
version=v4
num_class=1
num_tree_per_iteration=1
label_index=0
max_feature_idx=8
objective=regression
feature_names=Column_0 Column_1 Column_2 Column_3 Column_4 Column_5 Column_6 Column_7 Column_8
feature_infos=none [0.49990000000000001:15.0001] [1:52] [0.88888888888888884:141.90909090909091] [0.33333333333333331:25.63636363636364] [3:35682] [0.69230769230769229:1243.333333333333] [32.549999999999997:41.950000000000003] [-124.34999999999999:-114.31]
tree_sizes=1794 1850 1840 1779 1928 1117 1568 1502 1631 1121 1574 658 1574 1382 912 1584 496 492 656 909 926 378 1449 1443

Tree=0
num_leaves= 13
num_cat= 0
full_tree_array_lgbids= 0 1 2 5 3 4 10 9 11 6 7 -2 -6 -4 -12 -1 -11 -7 -13 -3 8 -5 -9 -2147483648 -2147483648 -2147483648 -2147483648 -2147483648 -2147483648 -2147483648 -2147483648 -2147483648 -2147483648 -2147483648 -2147483648 -2147483648 -2147483648 -2147483648 -2147483648 -2147483648 -2147483648 -8 -10 -2147483648 -2147483648 -2147483648 -2147483648 -2147483648 -2147483648 -2147483648 -2147483648 -2147483648 -2147483648 -2147483648 -2147483648 -2147483648 -2147483648 -2147483648 -2147483648 -2147483648 -2147483648 -2147483648 -2147483648
split_feature= 1 1 1 6 6 3 2 1 7 1 1 1
split_gain= 6860.71 1558.19 1165.17 849.354 304.484 191.416 107.057 85.9812 60.3631 54.1767 29.2788 10.0948
threshold= 5.0387000000000013 3.0679500000000002 6.8672000000000013 2.3489548886254448 2.671038674349933 4.3101408005062494 24.500000000000004 4.0775500000000013 37.815000000000005 2.2210000000000005 7.852450000000001 2.4115000000000006
decision_type= 2 2 2 2 2 2 2 2 2 2 2 2
left_child=1 5 4 6 -2 9 -3 -5 -8 -1 -4 -7
right_child=2 3 10 7 -6 11 8 -9 -10 -11 -12 -13
leaf_value= 2.0026857025179452 2.2124016810384575 2.0945018313365229 2.2437582437954506 2.0356094211781537 2.1260912310358373 1.961879457681825 2.1984147209355398 2.076552849539862 2.0795283240852767 2.0558157496357108 2.3227113326055062 2.0009030784878834
leaf_weight=1402 911 567 431 3094 1601 1830 733 2174 163 1197 609 1800
leaf_count=1402 911 567 431 3094 1601 1830 733 2174 163 1197 609 1800
model_size=1376
internal_value=2.07195 2.03789 2.19622 2.07259 2.15739 2.00039 2.1449 2.05251 2.17679 2.02716 2.28999 1.98123
internal_weight=0 12960 3552 6731 2512 6229 1463 5268 896 2599 1040 3630
internal_count=16512 12960 3552 6731 2512 6229 1463 5268 896 2599 1040 3630
is_linear=0
shrinkage=1


Tree=1
num_leaves= 13
num_cat= 0
full_tree_array_lgbids= 0 1 3 4 2 8 -5 -1 7 6 5 -2 -10 -2147483648 -2147483648 -2147483648 -2147483648 10 11 -3 9 -4 -7 -2147483648 -2147483648 -2147483648 -2147483648 -2147483648 -2147483648 -2147483648 -2147483648 -2147483648 -2147483648 -2147483648 -2147483648 -6 -12 -9 -13 -2147483648 -2147483648 -8 -11 -2147483648 -2147483648 -2147483648 -2147483648 -2147483648 -2147483648 -2147483648 -2147483648 -2147483648 -2147483648 -2147483648 -2147483648 -2147483648 -2147483648 -2147483648 -2147483648 -2147483648 -2147483648 -2147483648 -2147483648
split_feature= 1 1 6 1 6 1 2 7 2 6 8 8
split_gain= 5562.32 1707.89 794.414 457.561 215.71 138.98 126.575 106.636 106.358 103.901 55.0547 18.1468
threshold= 5.6042500000000013 3.1913000000000005 2.4136952392348086 7.7055000000000016 2.1628386478062818 4.5301500000000017 19.500000000000004 34.455000000000005 27.500000000000004 1.9628175980828908 -117.77499999999999 -121.63499999999998
decision_type= 2 2 2 2 2 2 2 2 2 2 2 2
left_child=1 4 6 8 -1 -4 -3 10 -2 -8 -6 -9
right_child=3 2 5 -5 7 -7 9 11 -10 -11 -12 -13
leaf_value= -0.008438444061020671 0.08366184650830015 0.01280747661202763 -0.025539330222435121 0.22158456530616577 -0.032239049070578799 0.020846985792563867 0.16970904991002386 -0.062269238524918835 0.16009667489878079 0.072109087280730788 -0.086314441504630635 -0.10789850943493934
leaf_weight=1042 1104 496 3579 670 1890 1904 329 1141 632 944 940 1841
leaf_count=1042 1104 496 3579 670 1890 1904 329 1141 632 944 940 1841
model_size=1376
internal_value=0 -0.0242454 0.0108308 0.142147 -0.0613584 -0.00943144 0.0736336 -0.0708461 0.111488 0.0973333 -0.0502005 -0.0904394
internal_weight=0 14106 7252 2406 6854 5483 1769 5812 1736 1273 2830 2982
internal_count=16512 14106 7252 2406 6854 5483 1769 5812 1736 1273 2830 2982
is_linear=0
shrinkage=0.1


Tree=2
num_leaves= 13
num_cat= 0
full_tree_array_lgbids= 0 1 2 6 3 4 7 -1 -8 8 5 -2 -6 9 -9 -2147483648 -2147483648 -2147483648 -2147483648 -3 11 -5 10 -2147483648 -2147483648 -2147483648 -2147483648 -4 -11 -2147483648 -2147483648 -2147483648 -2147483648 -2147483648 -2147483648 -2147483648 -2147483648 -2147483648 -2147483648 -2147483648 -2147483648 -10 -13 -2147483648 -2147483648 -7 -12 -2147483648 -2147483648 -2147483648 -2147483648 -2147483648 -2147483648 -2147483648 -2147483648 -2147483648 -2147483648 -2147483648 -2147483648 -2147483648 -2147483648 -2147483648 -2147483648
split_feature= 1 1 1 6 6 1 3 1 2 2 6 7
split_gain= 4515.03 1066.55 665.342 608.039 127.196 100.089 96.2323 52.9506 48.5234 18.9341 15.6673 4.72918
threshold= 5.1326000000000009 2.8762500000000002 6.3963500000000009 2.2634687595142249 2.7472725830126556 4.0612500000000002 3.8792159595040387 8.4454500000000028 24.500000000000004 26.500000000000004 2.8335312747426764 37.815000000000005
decision_type= 2 2 2 2 2 2 2 2 2 2 2 2
left_child=1 6 4 8 -2 -5 -1 9 -3 -4 -7 -10
right_child=2 3 7 5 -6 10 -8 -9 11 -11 -12 -13
leaf_value= -0.02892958372955276 0.10704910425332702 0.020078485140453822 0.10794332149632324 -0.030954359952120831 0.032398520796009272 0.034343828122306096 -0.074897752905060386 0.21743759357068743 0.1117278162148812 0.18713499928776844 -0.013663092612005854 0.0056032224971446099
leaf_weight=1456 791 537 596 3874 1096 1129 3966 426 697 390 1411 143
leaf_count=1456 791 537 596 3874 1096 1129 3966 426 697 390 1411 143
model_size=1376
internal_value=0 -0.0264989 0.106132 -0.00140726 0.0636908 -0.0156566 -0.0625537 0.162851 0.0649656 0.139267 0.00767542 0.0936614
internal_weight=0 13213 3299 7791 1887 6414 5422 1412 1377 986 2540 840
internal_count=16512 13213 3299 7791 1887 6414 5422 1412 1377 986 2540 840
is_linear=0
shrinkage=0.1


Tree=3
num_leaves= 12
num_cat= 0
full_tree_array_lgbids= 0 1 3 4 2 5 -5 10 6 7 8 -2 -7 -2147483648 -2147483648 -1 -12 9 -8 -3 -9 -4 -10 -2147483648 -2147483648 -2147483648 -2147483648 -2147483648 -2147483648 -2147483648 -2147483648 -2147483648 -2147483648 -2147483648 -2147483648 -6 -11 -2147483648 -2147483648 -2147483648 -2147483648 -2147483648 -2147483648 -2147483648 -2147483648 -2147483648 -2147483648 -2147483648 -2147483648 -2147483648 -2147483648 -2147483648 -2147483648 -2147483648 -2147483648 -2147483648 -2147483648 -2147483648 -2147483648 -2147483648 -2147483648 -2147483648 -2147483648
split_feature= 1 1 6 1 6 6 7 2 2 8 7
split_gain= 3650.97 929.694 489.033 426.326 123.175 101.438 50.9443 46.5362 35.0812 16.3698 2.75077
threshold= 5.2771000000000017 3.1792500000000001 2.2982753493904258 7.3930000000000016 2.2352443515477258 2.6585924622132828 34.455000000000005 18.500000000000004 42.500000000000007 -118.30499999999999 37.935000000000009
decision_type= 2 2 2 2 2 2 2 2 2 2 2
left_child=1 4 7 5 10 -2 9 -3 -4 -6 -1
right_child=3 2 8 -5 6 -7 -8 -9 -10 -11 -12
leaf_value= 0.0090390282186104051 0.12163583437127434 0.0078617960624122879 -0.01535777680949707 0.17360865720348084 0.009914425439221412 0.052887564858405969 -0.077261516734870639 0.092157460887981338 0.036919382995596425 -0.051654884800579962 -0.065341571354692859
leaf_weight=937 734 340 4806 793 463 1456 2815 907 687 2254 320
leaf_count=937 734 340 4806 793 463 1456 2815 907 687 2254 320
model_size=1264
internal_value=0 -0.022467 0.00561038 0.101896 -0.0503418 0.0759292 -0.059532 0.0691739 -0.00881956 -0.0411629 -0.00989637
internal_weight=0 13529 6740 2983 6789 2190 5532 1247 5493 2717 1257
internal_count=16512 13529 6740 2983 6789 2190 5532 1247 5493 2717 1257
is_linear=0
shrinkage=0.1


Tree=4
num_leaves= 14
num_cat= 0
full_tree_array_lgbids= 0 1 3 4 2 6 -5 11 8 5 -4 -2 -8 -2147483648 -2147483648 12 -13 9 10 7 -7 -2147483648 -2147483648 -2147483648 -2147483648 -2147483648 -2147483648 -2147483648 -2147483648 -2147483648 -2147483648 -1 -14 -2147483648 -2147483648 -6 -11 -10 -12 -3 -9 -2147483648 -2147483648 -2147483648 -2147483648 -2147483648 -2147483648 -2147483648 -2147483648 -2147483648 -2147483648 -2147483648 -2147483648 -2147483648 -2147483648 -2147483648 -2147483648 -2147483648 -2147483648 -2147483648 -2147483648 -2147483648 -2147483648
split_feature= 1 1 6 1 6 7 6 2 7 8 8 7 8
split_gain= 2974.26 914.212 363.937 183.992 171.6 54.1467 28.3871 24.4184 23.0957 42.2009 33.0063 12.7375 10.1441
threshold= 5.6042500000000013 3.5488500000000003 2.5288691539219195 7.7055000000000016 2.2352443515477258 37.935000000000009 3.0089663118548242 19.500000000000004 34.455000000000005 -117.77499999999999 -121.63499999999998 37.935000000000009 -118.26499999999999
decision_type= 2 2 2 2 2 2 2 2 2 2 2 2 2
left_child=1 4 5 6 11 7 -2 -3 9 -6 -10 12 -1
right_child=3 2 -4 -5 8 -7 -8 -9 10 -11 -12 -13 -14
leaf_value= 0.044839055146156923 0.10585731824683481 0.018209146173694759 -0.0049049855297493804 0.1630797887043402 -0.018957477648882216 -0.020866397891576467 0.043522236891484066 0.089948473745279853 -0.037991080476349776 -0.067534701065441891 -0.082598627692692383 -0.05696986008076569 -0.024592396222613753
leaf_weight=689 1087 406 4041 670 2253 253 649 1136 1361 1075 2043 349 500
leaf_count=689 1087 406 4041 670 2253 253 649 1136 1361 1075 2043 349 500
model_size=1488
internal_value=0 -0.0179056 0.0144747 0.104978 -0.0407558 0.0581032 0.0825535 0.0710599 -0.0498761 -0.0346487 -0.0647635 -0.000835221 0.0156416
internal_weight=0 14106 5836 2406 8270 1795 1736 1542 6732 3328 3404 1538 1189
internal_count=16512 14106 5836 2406 8270 1795 1736 1542 6732 3328 3404 1538 1189
is_linear=0
shrinkage=0.1


Tree=5
num_leaves= 8
num_cat= 0
full_tree_array_lgbids= 0 2 1 6 3 4 -3 -1 -8 -4 5 -2 -6 -2147483648 -2147483648 -2147483648 -2147483648 -2147483648 -2147483648 -2147483648 -2147483648 -5 -7 -2147483648 -2147483648 -2147483648 -2147483648 -2147483648 -2147483648 -2147483648 -2147483648
split_feature= 1 1 1 6 6 2 3
split_gain= 2455.27 581.125 384.279 298.904 134.641 43.2058 25.2636
threshold= 4.5301500000000017 6.3350000000000009 2.5631000000000004 2.0653737590585881 2.735488224282792 47.500000000000007 3.4845502266762112
decision_type= 2 2 2 2 2 2 2
left_child=2 4 6 -4 -2 -5 -1
right_child=1 -3 3 5 -6 -7 -8
leaf_value= -0.009776151114911669 0.070424813306116357 0.11976846770646893 0.055310038095376712 -0.023227766209771999 0.01281689577178035 0.035841931574995212 -0.062328744233867639
leaf_weight=671 1343 1474 891 6196 1959 539 3439
leaf_count=671 1343 1474 891 6196 1959 539 3439
model_size=816
internal_value=0 0.0620242 -0.0252409 -0.00987663 0.0362474 -0.0185004 -0.053749
internal_weight=0 4776 11736 7626 3302 6735 4110
internal_count=16512 4776 11736 7626 3302 6735 4110
is_linear=0
shrinkage=0.1


Tree=6
num_leaves= 9
num_cat= 0
full_tree_array_lgbids= 0 2 1 -1 4 3 7 -2147483648 -2147483648 -4 5 -2 -5 -3 -9 -2147483648 -2147483648 -2147483648 -2147483648 -2147483648 -2147483648 6 -7 -2147483648 -2147483648 -2147483648 -2147483648 -2147483648 -2147483648 -2147483648 -2147483648 -2147483648 -2147483648 -2147483648 -2147483648 -2147483648 -2147483648 -2147483648 -2147483648 -2147483648 -2147483648 -2147483648 -2147483648 -6 -8 -2147483648 -2147483648 -2147483648 -2147483648 -2147483648 -2147483648 -2147483648 -2147483648 -2147483648 -2147483648 -2147483648 -2147483648 -2147483648 -2147483648 -2147483648 -2147483648 -2147483648 -2147483648
split_feature= 1 1 6 6 1 7 8 2
split_gain= 1967.82 590.691 198.819 186.422 103.459 15.3461 168.935 5.30561
threshold= 4.125700000000001 6.2770500000000009 2.0376051459673437 2.4469862317432325 2.3756000000000004 37.925000000000004 -122.31499999999998 26.500000000000004
decision_type= 2 2 2 2 2 2 2 2
left_child=2 3 -1 -2 -4 6 -6 -3
right_child=1 7 4 -5 5 -7 -8 -9
leaf_value= 0.023167951890605189 0.076918964656023159 0.080567262307708942 -0.056083025261731805 0.012691729614349221 0.094891020488150485 -0.051840936138394349 -0.019954101223098247 0.14054890813809851
leaf_weight=1165 984 878 3014 3480 238 1317 4778 658
leaf_count=1165 984 878 3014 3480 238 1317 4778 658
model_size=928
internal_value=0 0.0471791 -0.0269287 0.0268493 -0.0331727 -0.0222692 -0.0145049 0.106263
internal_weight=0 6000 10512 4464 9347 6333 5016 1536
internal_count=16512 6000 10512 4464 9347 6333 5016 1536
is_linear=0
shrinkage=0.1


Tree=7
num_leaves= 8
num_cat= 0
full_tree_array_lgbids= 0 1 3 -1 2 4 -5 -2147483648 -2147483648 5 -4 -2 -6 -2147483648 -2147483648 -2147483648 -2147483648 -2147483648 -2147483648 6 -7 -2147483648 -2147483648 -2147483648 -2147483648 -2147483648 -2147483648 -2147483648 -2147483648 -2147483648 -2147483648 -2147483648 -2147483648 -2147483648 -2147483648 -2147483648 -2147483648 -2147483648 -2147483648 -3 -8 -2147483648 -2147483648 -2147483648 -2147483648 -2147483648 -2147483648 -2147483648 -2147483648 -2147483648 -2147483648 -2147483648 -2147483648 -2147483648 -2147483648 -2147483648 -2147483648 -2147483648 -2147483648 -2147483648 -2147483648 -2147483648 -2147483648
split_feature= 1 1 6 1 6 7 8
split_gain= 1606.42 330.922 208.676 203.795 44.4331 41.0148 33.1366
threshold= 5.0387000000000013 2.7820000000000005 2.4469862317432325 6.8672000000000013 2.5498511575161031 37.985000000000007 -122.35499999999998
decision_type= 2 2 2 2 2 2 2
left_child=1 -1 5 4 -2 6 -3
right_child=3 2 -4 -5 -6 -7 -8
leaf_value= -0.040411205535982729 0.086208594135252989 0.12769287922809572 -0.014760132529234677 0.10960680422901464 0.026408720116667225 -0.036079017775252208 0.032713240816304105
leaf_weight=5096 664 203 5657 1040 1848 321 1683
leaf_count=5096 664 203 5657 1040 1848 321 1683
model_size=816
internal_value=0 -0.0169782 -0.00179316 0.0619473 0.0422157 0.0314439 0.0429364
internal_weight=0 12960 7864 3552 2512 2207 1886
internal_count=16512 12960 7864 3552 2512 2207 1886
is_linear=0
shrinkage=0.1


Tree=8
num_leaves= 10
num_cat= 0
full_tree_array_lgbids= 0 2 1 3 7 5 -3 4 -5 -4 -9 8 -7 -2147483648 -2147483648 6 -6 -2147483648 -2147483648 -2147483648 -2147483648 -2147483648 -2147483648 -2 -10 -2147483648 -2147483648 -2147483648 -2147483648 -2147483648 -2147483648 -1 -8 -2147483648 -2147483648 -2147483648 -2147483648 -2147483648 -2147483648 -2147483648 -2147483648 -2147483648 -2147483648 -2147483648 -2147483648 -2147483648 -2147483648 -2147483648 -2147483648 -2147483648 -2147483648 -2147483648 -2147483648 -2147483648 -2147483648 -2147483648 -2147483648 -2147483648 -2147483648 -2147483648 -2147483648 -2147483648 -2147483648
split_feature= 1 1 6 7 8 6 8 1 2
split_gain= 1301.79 246.855 174.826 126.88 73.7617 49.89 14.9293 4.14332 2.38424
threshold= 4.5301500000000017 6.3963500000000009 2.4530432249902163 37.945000000000007 -117.895 2.9742256672023202 -122.40499999999999 2.5205000000000006 21.500000000000004
decision_type= 2 2 2 2 2 2 2 2 2
left_child=2 5 3 4 6 8 -1 -4 -2
right_child=1 -3 7 -5 -6 -7 -8 -9 -10
leaf_value= 0.12279779231024755 0.010282569929169885 0.08954880216047767 -0.046902442273503951 -0.042357980315359547 -0.024616342216136552 -0.00046044371853709733 0.029522442671020846 -0.020022980416372016 0.064804247205405119
leaf_weight=185 667 1412 2824 827 699 1342 1729 5472 1355
leaf_count=185 667 1412 2824 827 699 1342 1729 5472 1355
model_size=1040
internal_value=0 0.0461669 -0.0187878 0.00625727 0.0216437 0.0279579 0.0385381 -0.0291729 0.0468191
internal_weight=0 4776 11736 3440 2613 3364 1914 8296 2022
internal_count=16512 4776 11736 3440 2613 3364 1914 8296 2022
is_linear=0
shrinkage=0.1


Tree=9
num_leaves= 8
num_cat= 0
full_tree_array_lgbids= 0 1 5 3 2 -2 -7 4 -5 -3 6 -2147483648 -2147483648 -2147483648 -2147483648 -1 -6 -2147483648 -2147483648 -2147483648 -2147483648 -4 -8 -2147483648 -2147483648 -2147483648 -2147483648 -2147483648 -2147483648 -2147483648 -2147483648
split_feature= 1 1 6 3 1 2 6
split_gain= 1053.63 339.764 126.809 33.4891 17.3075 17.0677 14.639
threshold= 5.8308000000000009 3.6530500000000008 2.0653737590585881 4.5289195424396818 2.2210000000000005 26.500000000000004 2.9005380231986346
decision_type= 2 2 2 2 2 2 2
left_child=1 3 -3 4 -1 -2 -4
right_child=5 2 6 -5 -6 -7 -8
leaf_value= -0.03235961958236571 0.047768158211467911 0.082501491691526208 0.021528479350363124 -0.037335548040764575 0.0066970353545639785 0.10162945526686631 -0.011926959450457224
leaf_weight=1680 1219 477 2751 4752 2298 875 2460
leaf_count=1680 1219 477 2751 4752 2298 875 2460
model_size=816
internal_value=0 -0.0102064 0.0121726 -0.0247873 -0.00979748 0.0702747 0.00573489
internal_weight=0 14418 5688 8730 3978 2094 5211
internal_count=16512 14418 5688 8730 3978 2094 5211
is_linear=0
shrinkage=0.1


Tree=10
num_leaves= 9
num_cat= 0
full_tree_array_lgbids= 0 3 1 4 -5 2 -3 -1 5 -2147483648 -2147483648 7 -4 -2147483648 -2147483648 -2147483648 -2147483648 6 -7 -2147483648 -2147483648 -2147483648 -2147483648 -2 -9 -2147483648 -2147483648 -2147483648 -2147483648 -2147483648 -2147483648 -2147483648 -2147483648 -2147483648 -2147483648 -6 -8 -2147483648 -2147483648 -2147483648 -2147483648 -2147483648 -2147483648 -2147483648 -2147483648 -2147483648 -2147483648 -2147483648 -2147483648 -2147483648 -2147483648 -2147483648 -2147483648 -2147483648 -2147483648 -2147483648 -2147483648 -2147483648 -2147483648 -2147483648 -2147483648 -2147483648 -2147483648
split_feature= 1 1 6 7 8 6 7 2
split_gain= 846.793 187.477 78.3548 69.8891 204.657 62.4776 17.0698 11.1896
threshold= 4.125700000000001 7.2638000000000007 2.671038674349933 38.475000000000001 -122.38499999999998 2.8751854599406532 34.455000000000005 19.500000000000004
decision_type= 2 2 2 2 2 2 2 2
left_child=3 2 7 4 -1 6 -6 -2
right_child=1 -3 -4 -5 5 -7 -8 -9
leaf_value= 0.066733588263113056 0.0046499950844583852 0.088751606258729465 0.0072807166287771246 -0.053225192092949292 0.014251098440152802 -0.032228527202743093 -0.023631314620888039 0.065693002043252485
leaf_weight=500 525 854 3228 1429 2375 4385 1823 1393
leaf_count=500 525 854 3228 1429 2375 4385 1823 1393
model_size=928
internal_value=0 0.0322079 0.0228243 -0.0183835 -0.012902 -0.0175411 -0.00219951 0.0489841
internal_weight=0 6000 5146 10512 9083 8583 4198 1918
internal_count=16512 6000 5146 10512 9083 8583 4198 1918
is_linear=0
shrinkage=0.1


Tree=11
num_leaves= 4
num_cat= 0
full_tree_array_lgbids= 0 1 -2 -1 2 -2147483648 -2147483648 -2147483648 -2147483648 -3 -4 -2147483648 -2147483648 -2147483648 -2147483648
split_feature= 1 1 6
split_gain= 687.157 161.302 73.009
threshold= 5.6042500000000013 3.3941500000000002 2.0653737590585881
decision_type= 2 2 2
left_child=1 -1 -3
right_child=-2 2 -4
leaf_value= -0.022344042122014671 0.053900567528527343 0.062931163174583429 0.00092405984918007627
leaf_weight=7690 2406 584 5832
leaf_count=7690 2406 584 5832
model_size=368
internal_value=0 -0.00919359 0.0065681
internal_weight=0 14106 6416
internal_count=16512 14106 6416
is_linear=0
shrinkage=0.1


Tree=12
num_leaves= 9
num_cat= 0
full_tree_array_lgbids= 0 1 4 2 -3 6 -6 -1 3 -2147483648 -2147483648 -2 7 -2147483648 -2147483648 -2147483648 -2147483648 5 -5 -2147483648 -2147483648 -2147483648 -2147483648 -2147483648 -2147483648 -8 -9 -2147483648 -2147483648 -2147483648 -2147483648 -2147483648 -2147483648 -2147483648 -2147483648 -4 -7 -2147483648 -2147483648 -2147483648 -2147483648 -2147483648 -2147483648 -2147483648 -2147483648 -2147483648 -2147483648 -2147483648 -2147483648 -2147483648 -2147483648 -2147483648 -2147483648 -2147483648 -2147483648 -2147483648 -2147483648 -2147483648 -2147483648 -2147483648 -2147483648 -2147483648 -2147483648
split_feature= 1 7 8 6 1 8 2 6
split_gain= 541.487 76.7721 271.45 80.0445 62.2594 30.8252 20.4637 8.03561
threshold= 4.6754000000000007 37.925000000000004 -122.31499999999998 2.8941056667066012 8.0125000000000011 -117.77499999999999 17.500000000000004 2.2634687595142249
decision_type= 2 2 2 2 2 2 2 2
left_child=1 2 -1 5 6 -4 -2 -8
right_child=4 -3 3 -5 -6 -7 7 -9
leaf_value= 0.0837119518579372 -0.0039943153811853481 -0.038312423205162482 0.015942903344585545 -0.025168179282775052 0.089166291002150178 -0.027683350457819111 0.10425731219588125 0.030922839224660534
leaf_weight=480 1190 2426 3423 4671 548 1133 291 2350
leaf_count=480 1190 2426 3423 4671 548 1133 291 2350
model_size=928
internal_value=0 -0.0121254 -0.00558066 -0.0102258 0.0335961 0.00509379 0.0256472 0.0390032
internal_weight=0 12133 9707 9227 4379 4556 3831 2641
internal_count=16512 12133 9707 9227 4379 4556 3831 2641
is_linear=0
shrinkage=0.1


Tree=13
num_leaves= 6
num_cat= 0
full_tree_array_lgbids= 0 1 -2 2 -3 -2147483648 -2147483648 -1 3 -2147483648 -2147483648 -2147483648 -2147483648 -2147483648 -2147483648 -2147483648 -2147483648 4 -5 -2147483648 -2147483648 -2147483648 -2147483648 -2147483648 -2147483648 -2147483648 -2147483648 -2147483648 -2147483648 -2147483648 -2147483648 -2147483648 -2147483648 -2147483648 -2147483648 -4 -6 -2147483648 -2147483648 -2147483648 -2147483648 -2147483648 -2147483648 -2147483648 -2147483648 -2147483648 -2147483648 -2147483648 -2147483648 -2147483648 -2147483648 -2147483648 -2147483648 -2147483648 -2147483648 -2147483648 -2147483648 -2147483648 -2147483648 -2147483648 -2147483648 -2147483648 -2147483648
split_feature= 1 7 8 6 8
split_gain= 439.237 108.596 234.285 112.507 68.0405
threshold= 5.8308000000000009 37.925000000000004 -122.31499999999998 3.0375944537846187 -117.77499999999999
decision_type= 2 2 2 2 2
left_child=1 2 -1 4 -4
right_child=-2 -3 3 -5 -6
leaf_value= 0.075934556521418395 0.048778537903329054 -0.033753490744168377 0.017743139219503764 -0.02218788125996219 -0.023619673358250839
leaf_weight=589 2094 2734 4853 4708 1534
leaf_count=589 2094 2734 4853 4708 1534
model_size=592
internal_value=0 -0.00708436 -0.000843908 -0.00491984 0.00780881
internal_weight=0 14418 11684 11095 6387
internal_count=16512 14418 11684 11095 6387
is_linear=0
shrinkage=0.1


Tree=14
num_leaves= 5
num_cat= 0
full_tree_array_lgbids= 0 -1 1 -2147483648 -2147483648 -2 2 -2147483648 -2147483648 -2147483648 -2147483648 -2147483648 -2147483648 -3 3 -2147483648 -2147483648 -2147483648 -2147483648 -2147483648 -2147483648 -2147483648 -2147483648 -2147483648 -2147483648 -2147483648 -2147483648 -2147483648 -2147483648 -4 -5
split_feature= 1 2 6 1
split_gain= 359.383 55.0289 33.224 47.649
threshold= 3.8346500000000003 17.500000000000004 2.0653737590585881 6.2169500000000006
decision_type= 2 2 2 2
left_child=-1 -2 -3 -4
right_child=1 2 3 -5
leaf_value= -0.014897330457294293 -0.005620305339031342 0.098356731731798056 0.015080183206397835 0.062182795234891119
leaf_weight=9454 2031 332 3659 1036
leaf_count=9454 2031 332 3659 1036
model_size=480
internal_value=0 0.0199546 0.0302873 0.0254739
internal_weight=0 7058 5027 4695
internal_count=16512 7058 5027 4695
is_linear=0
shrinkage=0.1


Tree=15
num_leaves= 9
num_cat= 0
full_tree_array_lgbids= 0 3 1 4 5 2 -3 -1 -6 6 -7 -2 -4 -2147483648 -2147483648 -2147483648 -2147483648 -2147483648 -2147483648 7 -8 -2147483648 -2147483648 -2147483648 -2147483648 -2147483648 -2147483648 -2147483648 -2147483648 -2147483648 -2147483648 -2147483648 -2147483648 -2147483648 -2147483648 -2147483648 -2147483648 -2147483648 -2147483648 -5 -9 -2147483648 -2147483648 -2147483648 -2147483648 -2147483648 -2147483648 -2147483648 -2147483648 -2147483648 -2147483648 -2147483648 -2147483648 -2147483648 -2147483648 -2147483648 -2147483648 -2147483648 -2147483648 -2147483648 -2147483648 -2147483648 -2147483648
split_feature= 1 6 2 7 8 8 7 8
split_gain= 268.001 35.9744 11.9169 4.69671 139.351 121.702 23.4444 5.2777
threshold= 3.9221500000000007 2.9742256672023202 21.500000000000004 34.455000000000005 -118.30499999999999 -120.09499999999998 37.895000000000003 -122.31499999999998
decision_type= 2 2 2 2 2 2 2 2
left_child=3 2 -2 4 -1 6 7 -5
right_child=1 -3 -4 5 -6 -7 -8 -9
leaf_value= 0.045009846561564676 0.0041966167331256013 -0.0012098111641167936 0.043887368280101924 0.069672440206355393 -0.013222194594837153 -0.068690259125925121 -0.031952411992576001 -0.0040141268118253489
leaf_weight=1008 1345 2616 2823 303 3854 1036 2025 1502
leaf_count=1008 1345 2616 2823 303 3854 1036 2025 1502
model_size=928
internal_value=0 0.0186282 0.0310793 -0.0129907 -0.00114941 -0.0248223 -0.0129562 0.00835542
internal_weight=0 6784 4168 9728 4862 4866 3830 1805
internal_count=16512 6784 4168 9728 4862 4866 3830 1805
is_linear=0
shrinkage=0.1


Tree=16
num_leaves= 3
num_cat= 0
full_tree_array_lgbids= 0 1 -2 -1 -3 -2147483648 -2147483648
split_feature= 1 6
split_gain= 224.29 38.7782
threshold= 5.8308000000000009 2.2982753493904258
decision_type= 2 2
left_child=1 -1
right_child=-2 -3
leaf_value= 0.016547963699651402 0.038532137659271555 -0.010937817687697207
leaf_weight=2802 2094 11616
leaf_count=2802 2094 11616
model_size=256
internal_value=0 -0.00559622
internal_weight=0 14418
internal_count=16512 14418
is_linear=0
shrinkage=0.1


Tree=17
num_leaves= 3
num_cat= 0
full_tree_array_lgbids= 0 -1 1 -2147483648 -2147483648 -2 -3
split_feature= 1 1
split_gain= 167.159 0.674211
threshold= 4.405050000000001 8.7395500000000013
decision_type= 2 2
left_child=-1 -2
right_child=1 -3
leaf_value= -0.0089953755839510385 0.015653268912835507 0.078183557251723462
leaf_weight=11412 4735 365
leaf_count=11412 4735 365
model_size=256
internal_value=0 0.0201285
internal_weight=0 5100
internal_count=16512 5100
is_linear=0
shrinkage=0.1


Tree=18
num_leaves= 4
num_cat= 0
full_tree_array_lgbids= 0 -1 1 -2147483648 -2147483648 2 -3 -2147483648 -2147483648 -2147483648 -2147483648 -2 -4 -2147483648 -2147483648
split_feature= 1 7 8
split_gain= 121.841 23.9921 61.029
threshold= 3.6530500000000008 37.965000000000011 -118.01499999999999
decision_type= 2 2 2
left_child=-1 2 -2
right_child=1 -3 -4
leaf_value= -0.011703783839414856 0.029647995573452046 -0.025885197425065617 -0.0063801355354056732
leaf_weight=8730 4704 905 2173
leaf_count=8730 4704 905 2173
model_size=368
internal_value=0 0.0131295 0.0182638
internal_weight=0 7782 6877
internal_count=16512 7782 6877
is_linear=0
shrinkage=0.1


Tree=19
num_leaves= 5
num_cat= 0
full_tree_array_lgbids= 0 1 -2 2 -3 -2147483648 -2147483648 3 -4 -2147483648 -2147483648 -2147483648 -2147483648 -2147483648 -2147483648 -1 -5 -2147483648 -2147483648 -2147483648 -2147483648 -2147483648 -2147483648 -2147483648 -2147483648 -2147483648 -2147483648 -2147483648 -2147483648 -2147483648 -2147483648
split_feature= 1 6 7 8
split_gain= 92.7968 9.98536 4.2116 16.8498
threshold= 5.3736000000000006 2.6182831096480128 37.815000000000005 -117.145
decision_type= 2 2 2 2
left_child=1 2 3 -1
right_child=-2 -3 -4 -5
leaf_value= 0.024820824938127893 0.025858651923376608 -0.013264429254407168 -0.018005010702331251 -0.038544939740084126
leaf_weight=3343 2793 8477 1482 417
leaf_count=3343 2793 8477 1482 417
model_size=480
internal_value=0 -0.00526447 0.00767252 0.0177933
internal_weight=0 13719 5242 3760
internal_count=16512 13719 5242 3760
is_linear=0
shrinkage=0.1


Tree=20
num_leaves= 5
num_cat= 0
full_tree_array_lgbids= 0 -1 1 -2147483648 -2147483648 2 -3 -2147483648 -2147483648 -2147483648 -2147483648 3 -4 -2147483648 -2147483648 -2147483648 -2147483648 -2147483648 -2147483648 -2147483648 -2147483648 -2147483648 -2147483648 -2 -5 -2147483648 -2147483648 -2147483648 -2147483648 -2147483648 -2147483648
split_feature= 1 8 7 6
split_gain= 64.8196 33.3326 98.7682 30.3277
threshold= 2.5044000000000004 -117.75499999999998 37.925000000000004 3.0298305221858191
decision_type= 2 2 2 2
left_child=-1 2 3 -2
right_child=1 -3 -4 -5
leaf_value= -0.019818469763200286 0.028406886942252737 -0.019983813341293125 -0.019663501231642747 -0.00019646724587114623
leaf_weight=3846 5525 2051 1990 3100
leaf_count=3846 5525 2051 1990 3100
model_size=480
internal_value=0 0.00601783 0.0110418 0.0181263
internal_weight=0 12666 10615 8625
internal_count=16512 12666 10615 8625
is_linear=0
shrinkage=0.1


Tree=21
num_leaves= 2
num_cat= 0
full_tree_array_lgbids= 0 -1 -2
split_feature= 1
split_gain= 39.1121
threshold= 5.8308000000000009
decision_type= 2
left_child=-1
right_child=-2
leaf_value= -0.0038821614095965956 0.026730183147707556
leaf_weight=14418 2094
leaf_count=14418 2094
model_size=144
internal_value=0
internal_weight=0
internal_count=16512
is_linear=0
shrinkage=0.1


Tree=22
num_leaves= 7
num_cat= 0
full_tree_array_lgbids= 0 -1 1 -2147483648 -2147483648 -2 2 -2147483648 -2147483648 -2147483648 -2147483648 -2147483648 -2147483648 3 4 -2147483648 -2147483648 -2147483648 -2147483648 -2147483648 -2147483648 -2147483648 -2147483648 -2147483648 -2147483648 -2147483648 -2147483648 -3 -5 5 -6 -2147483648 -2147483648 -2147483648 -2147483648 -2147483648 -2147483648 -2147483648 -2147483648 -2147483648 -2147483648 -2147483648 -2147483648 -2147483648 -2147483648 -2147483648 -2147483648 -2147483648 -2147483648 -2147483648 -2147483648 -2147483648 -2147483648 -2147483648 -2147483648 -2147483648 -2147483648 -2147483648 -2147483648 -4 -7 -2147483648 -2147483648
split_feature= 1 8 7 8 8 7
split_gain= 26.1748 6.35833 64.9339 201.563 170.127 55.2268
threshold= 2.2336500000000004 -122.35499999999998 34.525000000000013 -118.30499999999999 -121.56499999999998 37.595000000000006
decision_type= 2 2 2 2 2 2
left_child=-1 -2 3 -3 5 -4
right_child=1 2 4 -5 -6 -7
leaf_value= -0.021465271211488134 0.037953400266517119 0.046247491581673864 0.03549366438206724 -0.0012734125147367834 -0.039806422648799647 -0.016269970002591182
leaf_weight=2846 1134 2049 1353 5309 2371 1450
leaf_count=2846 1134 2049 1353 5309 2371 1450
model_size=704
internal_value=0 0.00447023 0.00144039 0.0119598 -0.0135194 0.00871619
internal_weight=0 13666 12532 7358 5174 2803
internal_count=16512 13666 12532 7358 5174 2803
is_linear=0
shrinkage=0.1


Tree=23
num_leaves= 7
num_cat= 0
full_tree_array_lgbids= 0 1 -2 2 -3 -2147483648 -2147483648 -1 3 -2147483648 -2147483648 -2147483648 -2147483648 -2147483648 -2147483648 -2147483648 -2147483648 5 4 -2147483648 -2147483648 -2147483648 -2147483648 -2147483648 -2147483648 -2147483648 -2147483648 -2147483648 -2147483648 -2147483648 -2147483648 -2147483648 -2147483648 -2147483648 -2147483648 -4 -7 -5 -6 -2147483648 -2147483648 -2147483648 -2147483648 -2147483648 -2147483648 -2147483648 -2147483648 -2147483648 -2147483648 -2147483648 -2147483648 -2147483648 -2147483648 -2147483648 -2147483648 -2147483648 -2147483648 -2147483648 -2147483648 -2147483648 -2147483648 -2147483648 -2147483648
split_feature= 6 7 8 7 8 8
split_gain= 11.1083 50.4743 20.772 28.8791 160.764 127.265
threshold= 3.1100458715596333 38.475000000000001 -122.35499999999998 34.525000000000013 -119.94499999999998 -118.22499999999998
decision_type= 2 2 2 2 2 2
left_child=1 2 -1 5 -5 -4
right_child=-2 -3 3 4 -6 -7
leaf_value= 0.053358723057216201 -0.013349303617987626 -0.026076811430362098 0.047368588379347563 0.0053119778407342355 -0.067592776880298217 0.0015214353807635689
leaf_weight=804 5414 1491 1989 2869 683 3262
leaf_count=804 5414 1491 1989 2869 683 3262
model_size=704
internal_value=0 0.00651227 0.0115701 0.00775341 -0.00870659 0.0188876
internal_weight=0 11098 9607 8803 3552 5251
internal_count=16512 11098 9607 8803 3552 5251
is_linear=0
shrinkage=0.1


end of trees

feature_importances:
Column_1=55
Column_6=36
Column_8=27
Column_7=24
Column_2=16
Column_3=4

parameters:
[boosting: gbdt]
[objective: regression]
[metric: rmse]
[tree_learner: serial]
[device_type: cpu]
[data_sample_strategy: bagging]
[data: data/california_housing.libsvm.train]
[valid: data/california_housing.libsvm.test]
[num_iterations: 5000]
[learning_rate: 0.1]
[num_leaves: 255]
[num_threads: 0]
[seed: 42]
[deterministic: 0]
[force_col_wise: 0]
[force_row_wise: 0]
[histogram_pool_size: -1]
[max_depth: 5]
[min_data_in_leaf: 10]
[min_sum_hessian_in_leaf: 0.001]
[bagging_fraction: 1]
[pos_bagging_fraction: 1]
[neg_bagging_fraction: 1]
[bagging_freq: 0]
[bagging_seed: 400]
[feature_fraction: 1]
[feature_fraction_bynode: 1]
[feature_fraction_seed: 30056]
[extra_trees: 0]
[extra_seed: 12879]
[early_stopping_round: 0]
[early_stopping_min_delta: 0]
[first_metric_only: 0]
[max_delta_step: 0]
[lambda_l1: 0]
[lambda_l2: 0]
[linear_lambda: 0]
[min_gain_to_split: 0]
[drop_rate: 0.1]
[max_drop: 50]
[skip_drop: 0.5]
[xgboost_dart_mode: 0]
[uniform_drop: 0]
[drop_seed: 17869]
[top_rate: 0.2]
[other_rate: 0.1]
[min_data_per_group: 100]
[max_cat_threshold: 32]
[cat_l2: 10]
[cat_smooth: 10]
[max_cat_to_onehot: 4]
[top_k: 20]
[monotone_constraints: ]
[monotone_constraints_method: basic]
[monotone_penalty: 0]
[feature_contri: ]
[forcedsplits_filename: ]
[refit_decay_rate: 0.9]
[tinygbdt_penalty_feature: 16]
[tinygbdt_penalty_split: 0.015625]
[tinygbdt_forestsize: 64000]
[tinygbdt_precision: 7]
[cegb_tradeoff: 1]
[cegb_penalty_split: 0]
[cegb_penalty_feature_lazy: ]
[cegb_penalty_feature_coupled: ]
[path_smooth: 0]
[interaction_constraints: ]
[verbosity: 2]
[saved_feature_importance_type: 0]
[use_quantized_grad: 0]
[num_grad_quant_bins: 4]
[quant_train_renew_leaf: 0]
[stochastic_rounding: 1]
[linear_tree: 0]
[max_bin: 255]
[max_bin_by_feature: ]
[min_data_in_bin: 3]
[bin_construct_sample_cnt: 200000]
[data_random_seed: 175]
[is_enable_sparse: 1]
[enable_bundle: 1]
[use_missing: 1]
[zero_as_missing: 0]
[feature_pre_filter: 1]
[pre_partition: 0]
[two_round: 0]
[header: 0]
[label_column: ]
[weight_column: ]
[group_column: ]
[ignore_column: ]
[categorical_feature: ]
[forcedbins_filename: ]
[precise_float_parser: 0]
[parser_config_file: ]
[objective_seed: 16083]
[num_class: 1]
[is_unbalance: 0]
[scale_pos_weight: 1]
[sigmoid: 1]
[boost_from_average: 1]
[reg_sqrt: 0]
[alpha: 0.9]
[fair_c: 1]
[poisson_max_delta_step: 0.7]
[tweedie_variance_power: 1.5]
[lambdarank_truncation_level: 30]
[lambdarank_norm: 1]
[label_gain: ]
[lambdarank_position_bias_regularization: 0]
[eval_at: ]
[multi_error_top_k: 1]
[auc_mu_weights: ]
[num_machines: 1]
[local_listen_port: 12400]
[time_out: 120]
[machine_list_filename: ]
[machines: ]
[gpu_platform_id: -1]
[gpu_device_id: -1]
[gpu_use_dp: 0]
[num_gpu: 1]

end of parameters
