tree
version=v4
num_class=1
num_tree_per_iteration=1
label_index=0
max_feature_idx=21
objective=binary sigmoid:1
feature_names=Column_0 Column_1 Column_2 Column_3 Column_4 Column_5 Column_6 Column_7 Column_8 Column_9 Column_10 Column_11 Column_12 Column_13 Column_14 Column_15 Column_16 Column_17 Column_18 Column_19 Column_20 Column_21
feature_infos=[0:5] [0:3] [0:9] [0:1] [0:8] [0:1] [0:1] [0:1] [0:11] [0:1] [0:4] [0:3] [0:3] [0:8] [0:8] none [0:3] [0:2] [0:4] [0:8] [0:5] [0:6]
tree_sizes=3095 2820 2819 2640 2647 2651 2653 1328 1707 968 964 1625 795 804 1543 619 620 1544 622 621 1074 621 534 537 538 535

Tree=0
num_leaves= 16
num_cat= 0
full_tree_array_lgbids= 0 1 2 5 10 4 3 -1 -7 12 11 -2 -6 7 6 -2147483648 -2147483648 -2147483648 -2147483648 -3 -14 -12 -13 -2147483648 -2147483648 -2147483648 -2147483648 -4 13 8 -8 -2147483648 -2147483648 -2147483648 -2147483648 -2147483648 -2147483648 -2147483648 -2147483648 -2147483648 -2147483648 -2147483648 -2147483648 -2147483648 -2147483648 -2147483648 -2147483648 -2147483648 -2147483648 -2147483648 -2147483648 -2147483648 -2147483648 -2147483648 -2147483648 -2147483648 -2147483648 -9 14 -5 9 -2147483648 -2147483648 -2147483648 -2147483648 -2147483648 -2147483648 -2147483648 -2147483648 -2147483648 -2147483648 -2147483648 -2147483648 -2147483648 -2147483648 -2147483648 -2147483648 -2147483648 -2147483648 -2147483648 -2147483648 -2147483648 -2147483648 -2147483648 -2147483648 -2147483648 -2147483648 -2147483648 -2147483648 -2147483648 -2147483648 -2147483648 -2147483648 -2147483648 -2147483648 -2147483648 -2147483648 -2147483648 -2147483648 -2147483648 -2147483648 -2147483648 -2147483648 -2147483648 -2147483648 -2147483648 -2147483648 -2147483648 -2147483648 -2147483648 -2147483648 -2147483648 -2147483648 -2147483648 -2147483648 -2147483648 -2147483648 -15 -16 -2147483648 -2147483648 -10 -11 -2147483648 -2147483648 -2147483648 -2147483648
split_feature= 8 20 19 7 4 10 9 13 21 3 21 1 12 17 19
split_gain= 2184.43 1168.26 1110.77 751.795 236.723 197.739 143.713 112.034 74.3163 170.745 22.9032 23.1752 8.18091 7.98253 124.485
threshold= 3.5000000000000004 3.5000000000000004 1.5000000000000002 1.0000000180025095e-35 4.5000000000000009 1.0000000180025095e-35 1.0000000180025095e-35 1.5000000000000002 1.5000000000000002 1.0000000180025095e-35 4.5000000000000009 1.5000000000000002 1.0000000180025095e-35 1.5000000000000002 6.5000000000000009
decision_type= 2 2 2 2 2 2 2 2 2 2 2 2 2 2 2
left_child=1 5 4 7 -2 -1 8 -4 -5 -10 12 -12 -3 -9 -15
right_child=2 10 3 6 -6 -7 -8 13 9 -11 11 -13 -14 14 -16
leaf_value= 0.13625295265526666 0.13625295265526666 -0.075779630963319758 0.13625295265526666 0.13625295265526666 -0.26425303862428545 -0.26425303862428545 -0.26425303862428545 -0.26425303862428545 -0.23564546781860313 0.13625295265526666 -0.26425303862428551 0.1362529526552666 0.13625295265526666 0.13625295265526666 -0.26425303862428545
leaf_weight=14.48168098926544 127.58860319852829 4.2446306347846976 7.7402088046073905 58.176408112049103 17.228206694126129 104.36797678470612 17.228206694126129 603.98597091436386 24.46904718875885 27.964625358581543 3.9949464797973615 4.4943147897720337 528.58135610818863 9.7376820445060712 68.413458466529846
leaf_count=58 511 17 31 233 69 418 69 2419 98 112 16 18 2117 39 274
model_size=1712
internal_value=-0.0711178 0.0691485 -0.167321 -0.212646 0.0886066 -0.215452 0.0110948 -0.254106 0.053982 -0.0372996 0.131635 -0.0522205 0.134564 -0.258536 -0.21435
internal_weight=0 660.165 962.532 817.716 144.817 118.85 127.838 689.877 110.61 52.4337 541.315 8.48926 532.826 682.137 78.1511
internal_count=6499 2644 3855 3275 580 476 512 2763 443 210 2168 34 2134 2732 313
is_linear=0
shrinkage=1


Tree=1
num_leaves= 13
num_cat= 0
full_tree_array_lgbids= 0 1 2 5 10 4 3 -1 -7 -3 11 -2 -6 7 6 -2147483648 -2147483648 -2147483648 -2147483648 -2147483648 -2147483648 -12 -13 -2147483648 -2147483648 -2147483648 -2147483648 -4 -9 8 -8 -2147483648 -2147483648 -2147483648 -2147483648 -2147483648 -2147483648 -2147483648 -2147483648 -2147483648 -2147483648 -2147483648 -2147483648 -2147483648 -2147483648 -2147483648 -2147483648 -2147483648 -2147483648 -2147483648 -2147483648 -2147483648 -2147483648 -2147483648 -2147483648 -2147483648 -2147483648 -2147483648 -2147483648 -5 9 -2147483648 -2147483648 -2147483648 -2147483648 -2147483648 -2147483648 -2147483648 -2147483648 -2147483648 -2147483648 -2147483648 -2147483648 -2147483648 -2147483648 -2147483648 -2147483648 -2147483648 -2147483648 -2147483648 -2147483648 -2147483648 -2147483648 -2147483648 -2147483648 -2147483648 -2147483648 -2147483648 -2147483648 -2147483648 -2147483648 -2147483648 -2147483648 -2147483648 -2147483648 -2147483648 -2147483648 -2147483648 -2147483648 -2147483648 -2147483648 -2147483648 -2147483648 -2147483648 -2147483648 -2147483648 -2147483648 -2147483648 -2147483648 -2147483648 -2147483648 -2147483648 -2147483648 -2147483648 -2147483648 -2147483648 -2147483648 -2147483648 -2147483648 -2147483648 -2147483648 -10 -11 -2147483648 -2147483648 -2147483648 -2147483648
split_feature= 8 20 19 7 4 10 9 13 21 3 21 4
split_gain= 1774.28 939.281 900.557 610.191 182.483 151.954 107.747 82.4194 51.5294 131.495 7.79102 11.9955
threshold= 3.5000000000000004 3.5000000000000004 1.5000000000000002 1.0000000180025095e-35 4.5000000000000009 1.0000000180025095e-35 1.0000000180025095e-35 1.5000000000000002 1.5000000000000002 1.0000000180025095e-35 4.5000000000000009 4.5000000000000009
decision_type= 2 2 2 2 2 2 2 2 2 2 2 2
left_child=1 5 4 7 -2 -1 8 -4 -5 -10 -3 -12
right_child=2 10 3 6 -6 -7 -8 -9 9 -11 11 -13
leaf_value= 0.18726217829300001 0.18726217829300001 0.18573211660032196 0.18726217829300001 0.18726217829300001 -0.17677793099633521 -0.17677793099633521 -0.17677793099633521 -0.17151534616979339 -0.15003617003733646 0.18726217829300001 0.18726217829300007 -0.17677793099633518
leaf_weight=14.432910382747648 127.15891733765602 531.0451333373785 7.7141417562961569 57.980484813451767 16.952329516410828 102.69672083854675 16.952329516410828 671.33711102604866 24.163009226322174 27.870447635650635 4.4791790843009931 3.9309749603271484
leaf_count=58 511 2134 31 233 69 418 69 2732 98 112 18 16
model_size=1376
internal_value=0 0.126905 -0.0878094 -0.129334 0.144439 -0.13192 0.0744647 -0.16744 0.113179 0.0306294 0.183103 0.0171068
internal_weight=0 656.585 950.129 806.018 144.111 117.13 126.966 679.051 110.014 52.0335 539.455 8.41015
internal_count=6499 2644 3855 3275 580 476 512 2763 443 210 2168 34
is_linear=0
shrinkage=0.1


Tree=2
num_leaves= 13
num_cat= 0
full_tree_array_lgbids= 0 1 2 5 10 4 3 -1 -7 -3 11 -2 -6 7 6 -2147483648 -2147483648 -2147483648 -2147483648 -2147483648 -2147483648 -12 -13 -2147483648 -2147483648 -2147483648 -2147483648 -4 -9 8 -8 -2147483648 -2147483648 -2147483648 -2147483648 -2147483648 -2147483648 -2147483648 -2147483648 -2147483648 -2147483648 -2147483648 -2147483648 -2147483648 -2147483648 -2147483648 -2147483648 -2147483648 -2147483648 -2147483648 -2147483648 -2147483648 -2147483648 -2147483648 -2147483648 -2147483648 -2147483648 -2147483648 -2147483648 -5 9 -2147483648 -2147483648 -2147483648 -2147483648 -2147483648 -2147483648 -2147483648 -2147483648 -2147483648 -2147483648 -2147483648 -2147483648 -2147483648 -2147483648 -2147483648 -2147483648 -2147483648 -2147483648 -2147483648 -2147483648 -2147483648 -2147483648 -2147483648 -2147483648 -2147483648 -2147483648 -2147483648 -2147483648 -2147483648 -2147483648 -2147483648 -2147483648 -2147483648 -2147483648 -2147483648 -2147483648 -2147483648 -2147483648 -2147483648 -2147483648 -2147483648 -2147483648 -2147483648 -2147483648 -2147483648 -2147483648 -2147483648 -2147483648 -2147483648 -2147483648 -2147483648 -2147483648 -2147483648 -2147483648 -2147483648 -2147483648 -2147483648 -2147483648 -2147483648 -2147483648 -10 -11 -2147483648 -2147483648 -2147483648 -2147483648
split_feature= 8 20 19 7 4 10 9 13 21 3 21 4
split_gain= 1470.28 772.942 745.134 504.795 145.357 121.005 83.5878 62.7922 36.507 102.939 0.161558 3.86485
threshold= 3.5000000000000004 3.5000000000000004 1.5000000000000002 1.0000000180025095e-35 4.5000000000000009 1.0000000180025095e-35 1.0000000180025095e-35 1.5000000000000002 1.5000000000000002 1.0000000180025095e-35 4.5000000000000009 4.5000000000000009
decision_type= 2 2 2 2 2 2 2 2 2 2 2 2
left_child=1 5 4 7 -2 -1 8 -4 -5 -10 -3 -12
right_child=2 10 3 6 -6 -7 -8 -9 9 -11 11 -13
leaf_value= 0.17236010255125836 0.17236010255125836 0.17087960974436267 0.17236010255125836 0.17236010255125836 -0.16433727988382651 -0.16433727988382651 -0.16433727988382651 -0.15917158938009196 -0.13835152866400741 0.17236010255125836 0.17236010255125839 -0.16433727988382651
leaf_weight=14.127121359109877 124.46481059491634 520.00335648655891 7.5507027953863135 56.752056494355202 16.43764516711235 99.578777968883514 16.43764516711235 652.02040466666222 23.611025214195251 27.279958486557007 4.3842790424823743 3.8116278648376465
leaf_count=58 511 2134 31 233 69 418 69 2732 98 112 18 16
model_size=1376
internal_value=0 0.11693 -0.0813521 -0.119908 0.133081 -0.122505 0.0686314 -0.155376 0.104207 0.0282045 0.168473 0.015774
internal_weight=0 641.905 924.554 783.652 140.902 113.706 124.081 659.571 107.643 50.891 528.199 8.19591
internal_count=6499 2644 3855 3275 580 476 512 2763 443 210 2168 34
is_linear=0
shrinkage=0.1


Tree=3
num_leaves= 11
num_cat= 0
full_tree_array_lgbids= 0 1 2 5 -3 4 3 -1 -7 -2147483648 -2147483648 -2 -6 7 6 -2147483648 -2147483648 -2147483648 -2147483648 -2147483648 -2147483648 -2147483648 -2147483648 -2147483648 -2147483648 -2147483648 -2147483648 -4 -9 8 -8 -2147483648 -2147483648 -2147483648 -2147483648 -2147483648 -2147483648 -2147483648 -2147483648 -2147483648 -2147483648 -2147483648 -2147483648 -2147483648 -2147483648 -2147483648 -2147483648 -2147483648 -2147483648 -2147483648 -2147483648 -2147483648 -2147483648 -2147483648 -2147483648 -2147483648 -2147483648 -2147483648 -2147483648 -5 9 -2147483648 -2147483648 -2147483648 -2147483648 -2147483648 -2147483648 -2147483648 -2147483648 -2147483648 -2147483648 -2147483648 -2147483648 -2147483648 -2147483648 -2147483648 -2147483648 -2147483648 -2147483648 -2147483648 -2147483648 -2147483648 -2147483648 -2147483648 -2147483648 -2147483648 -2147483648 -2147483648 -2147483648 -2147483648 -2147483648 -2147483648 -2147483648 -2147483648 -2147483648 -2147483648 -2147483648 -2147483648 -2147483648 -2147483648 -2147483648 -2147483648 -2147483648 -2147483648 -2147483648 -2147483648 -2147483648 -2147483648 -2147483648 -2147483648 -2147483648 -2147483648 -2147483648 -2147483648 -2147483648 -2147483648 -2147483648 -2147483648 -2147483648 -2147483648 -2147483648 -10 -11 -2147483648 -2147483648 -2147483648 -2147483648
split_feature= 8 20 19 7 4 10 9 13 21 3
split_gain= 1234.01 644.474 623.463 421.565 116.445 96.5749 64.5287 47.14 24.7502 80.4376
threshold= 3.5000000000000004 3.5000000000000004 1.5000000000000002 1.0000000180025095e-35 4.5000000000000009 1.0000000180025095e-35 1.0000000180025095e-35 1.5000000000000002 1.5000000000000002 1.0000000180025095e-35
decision_type= 2 2 2 2 2 2 2 2 2 2
left_child=1 5 4 7 -2 -1 8 -4 -5 -10
right_child=2 -3 3 6 -6 -7 -8 -9 9 -11
leaf_value= 0.1609037703805144 0.1609037703805144 0.15718008999386601 0.1609037703805144 0.1609037703805144 -0.15458733496862687 -0.15458733496862687 -0.15458733496862687 -0.1493550384617483 -0.12863452077162127 0.1609037703805144
leaf_weight=13.6439371407032 120.20779101550579 510.42350368201733 7.2924491614103308 54.810988858342171 15.761341184377669 95.481748044490814 15.761341184377669 626.67963550984859 22.892099589109421 26.34691309928894
leaf_count=58 511 2168 31 233 69 418 69 2732 98 112
model_size=1152
internal_value=0 0.109214 -0.0762477 -0.112429 0.124333 -0.115142 0.064079 -0.145786 0.0972023 0.0262922
internal_weight=0 619.549 889.753 753.783 135.969 109.126 119.811 633.972 104.05 49.239
internal_count=6499 2644 3855 3275 580 476 512 2763 443 210
is_linear=0
shrinkage=0.1


Tree=4
num_leaves= 11
num_cat= 0
full_tree_array_lgbids= 0 1 2 5 -3 4 3 -1 -7 -2147483648 -2147483648 -2 -6 7 6 -2147483648 -2147483648 -2147483648 -2147483648 -2147483648 -2147483648 -2147483648 -2147483648 -2147483648 -2147483648 -2147483648 -2147483648 -4 -9 8 -8 -2147483648 -2147483648 -2147483648 -2147483648 -2147483648 -2147483648 -2147483648 -2147483648 -2147483648 -2147483648 -2147483648 -2147483648 -2147483648 -2147483648 -2147483648 -2147483648 -2147483648 -2147483648 -2147483648 -2147483648 -2147483648 -2147483648 -2147483648 -2147483648 -2147483648 -2147483648 -2147483648 -2147483648 -5 9 -2147483648 -2147483648 -2147483648 -2147483648 -2147483648 -2147483648 -2147483648 -2147483648 -2147483648 -2147483648 -2147483648 -2147483648 -2147483648 -2147483648 -2147483648 -2147483648 -2147483648 -2147483648 -2147483648 -2147483648 -2147483648 -2147483648 -2147483648 -2147483648 -2147483648 -2147483648 -2147483648 -2147483648 -2147483648 -2147483648 -2147483648 -2147483648 -2147483648 -2147483648 -2147483648 -2147483648 -2147483648 -2147483648 -2147483648 -2147483648 -2147483648 -2147483648 -2147483648 -2147483648 -2147483648 -2147483648 -2147483648 -2147483648 -2147483648 -2147483648 -2147483648 -2147483648 -2147483648 -2147483648 -2147483648 -2147483648 -2147483648 -2147483648 -2147483648 -2147483648 -10 -11 -2147483648 -2147483648 -2147483648 -2147483648
split_feature= 8 20 19 7 4 10 9 13 21 3
split_gain= 1044.99 541.861 526.038 354.498 93.4329 76.9394 49.2315 34.4854 15.3926 62.3877
threshold= 3.5000000000000004 3.5000000000000004 1.5000000000000002 1.0000000180025095e-35 4.5000000000000009 1.0000000180025095e-35 1.0000000180025095e-35 1.5000000000000002 1.5000000000000002 1.0000000180025095e-35
decision_type= 2 2 2 2 2 2 2 2 2 2
left_child=1 5 4 7 -2 -1 8 -4 -5 -10
right_child=2 -3 3 6 -6 -7 -8 -9 9 -11
leaf_value= 0.15185187516794491 0.15185187516794491 0.14800241470667261 0.15185187516794491 0.15185187516794491 -0.14676872362570559 -0.14676872362570559 -0.14676872362570559 -0.14135004383444078 -0.12034183209056351 0.15185187516794491
leaf_weight=13.042239397764204 114.90662641823292 488.96494619548321 6.970852091908454 52.39382378757 14.980887696146963 90.75378343462944 14.980887696146963 597.45541124045849 22.065548837184906 25.185014009475708
leaf_count=58 511 2168 31 233 69 418 69 2732 98 112
model_size=1152
internal_value=0 0.102957 -0.0721081 -0.106342 0.11741 -0.109246 0.0604261 -0.137969 0.0915765 0.0247401
internal_weight=0 592.761 848.939 719.052 129.888 103.796 114.625 604.426 99.6444 47.2506
internal_count=6499 2644 3855 3275 580 476 512 2763 443 210
is_linear=0
shrinkage=0.1


Tree=5
num_leaves= 11
num_cat= 0
full_tree_array_lgbids= 0 1 2 5 -3 4 3 -1 -7 -2147483648 -2147483648 -2 -6 7 6 -2147483648 -2147483648 -2147483648 -2147483648 -2147483648 -2147483648 -2147483648 -2147483648 -2147483648 -2147483648 -2147483648 -2147483648 -4 -9 8 -8 -2147483648 -2147483648 -2147483648 -2147483648 -2147483648 -2147483648 -2147483648 -2147483648 -2147483648 -2147483648 -2147483648 -2147483648 -2147483648 -2147483648 -2147483648 -2147483648 -2147483648 -2147483648 -2147483648 -2147483648 -2147483648 -2147483648 -2147483648 -2147483648 -2147483648 -2147483648 -2147483648 -2147483648 9 -10 -2147483648 -2147483648 -2147483648 -2147483648 -2147483648 -2147483648 -2147483648 -2147483648 -2147483648 -2147483648 -2147483648 -2147483648 -2147483648 -2147483648 -2147483648 -2147483648 -2147483648 -2147483648 -2147483648 -2147483648 -2147483648 -2147483648 -2147483648 -2147483648 -2147483648 -2147483648 -2147483648 -2147483648 -2147483648 -2147483648 -2147483648 -2147483648 -2147483648 -2147483648 -2147483648 -2147483648 -2147483648 -2147483648 -2147483648 -2147483648 -2147483648 -2147483648 -2147483648 -2147483648 -2147483648 -2147483648 -2147483648 -2147483648 -2147483648 -2147483648 -2147483648 -2147483648 -2147483648 -2147483648 -2147483648 -2147483648 -2147483648 -2147483648 -5 -11 -2147483648 -2147483648 -2147483648 -2147483648 -2147483648 -2147483648
split_feature= 8 20 19 7 4 10 9 13 1 21
split_gain= 890.984 458.368 446.185 299.129 74.3543 60.4786 36.3341 23.6883 8.58699 36.1839
threshold= 3.5000000000000004 3.5000000000000004 1.5000000000000002 1.0000000180025095e-35 4.5000000000000009 1.0000000180025095e-35 1.0000000180025095e-35 1.5000000000000002 1.0000000180025095e-35 1.5000000000000002
decision_type= 2 2 2 2 2 2 2 2 2 2
left_child=1 5 4 7 -2 -1 8 -4 9 -5
right_child=2 -3 3 6 -6 -7 -8 -9 -10 -11
leaf_value= 0.14454675775689577 0.14454675775689577 0.14048800769983069 0.14454675775689577 0.14454675775689577 -0.14038449805642142 -0.14038449805642142 -0.14038449805642142 -0.13468391264025545 0.12909595146537345 -0.14616216603889126
leaf_weight=12.365946739912031 108.9482548981905 464.8476637750864 6.6093853265047064 14.924418479204178 14.139219447970389 85.654981583356857 14.139219447970389 565.94860361516476 64.465826824307442 15.34173995256424
leaf_count=58 511 2168 31 70 69 418 69 2732 302 71
model_size=1152
internal_value=0 0.0978352 -0.068679 -0.101282 0.111816 -0.104439 0.0574279 -0.131461 0.0869524 -0.00281191
internal_weight=0 562.869 804.517 681.429 123.087 98.0209 108.871 572.558 94.732 30.2662
internal_count=6499 2644 3855 3275 580 476 512 2763 443 141
is_linear=0
shrinkage=0.1


Tree=6
num_leaves= 11
num_cat= 0
full_tree_array_lgbids= 0 1 2 5 -3 4 3 -1 -7 -2147483648 -2147483648 -2 -6 7 6 -2147483648 -2147483648 -2147483648 -2147483648 -2147483648 -2147483648 -2147483648 -2147483648 -2147483648 -2147483648 -2147483648 -2147483648 -4 -9 8 -8 -2147483648 -2147483648 -2147483648 -2147483648 -2147483648 -2147483648 -2147483648 -2147483648 -2147483648 -2147483648 -2147483648 -2147483648 -2147483648 -2147483648 -2147483648 -2147483648 -2147483648 -2147483648 -2147483648 -2147483648 -2147483648 -2147483648 -2147483648 -2147483648 -2147483648 -2147483648 -2147483648 -2147483648 -5 9 -2147483648 -2147483648 -2147483648 -2147483648 -2147483648 -2147483648 -2147483648 -2147483648 -2147483648 -2147483648 -2147483648 -2147483648 -2147483648 -2147483648 -2147483648 -2147483648 -2147483648 -2147483648 -2147483648 -2147483648 -2147483648 -2147483648 -2147483648 -2147483648 -2147483648 -2147483648 -2147483648 -2147483648 -2147483648 -2147483648 -2147483648 -2147483648 -2147483648 -2147483648 -2147483648 -2147483648 -2147483648 -2147483648 -2147483648 -2147483648 -2147483648 -2147483648 -2147483648 -2147483648 -2147483648 -2147483648 -2147483648 -2147483648 -2147483648 -2147483648 -2147483648 -2147483648 -2147483648 -2147483648 -2147483648 -2147483648 -2147483648 -2147483648 -2147483648 -2147483648 -10 -11 -2147483648 -2147483648 -2147483648 -2147483648
split_feature= 8 20 19 7 4 10 9 13 21 3
split_gain= 762.298 388.267 378.405 251.936 57.2311 45.4323 23.9461 13.311 0.716893 35.9429
threshold= 3.5000000000000004 3.5000000000000004 1.5000000000000002 1.0000000180025095e-35 4.5000000000000009 1.0000000180025095e-35 1.0000000180025095e-35 1.5000000000000002 1.5000000000000002 1.0000000180025095e-35
decision_type= 2 2 2 2 2 2 2 2 2 2
left_child=1 5 4 7 -2 -1 8 -4 -5 -10
right_child=2 -3 3 6 -6 -7 -8 -9 9 -11
leaf_value= 0.13855140791954978 0.13855140791954978 0.13421358944109157 0.13855140791954978 0.13897219704712585 -0.13509509769210032 -0.13509509769210032 -0.13509509769210032 -0.12903071958361551 -0.10959705794731311 0.13915167858792868
leaf_weight=11.647865027189253 102.62170739471912 439.24167034029961 6.2255830317735663 47.015786901116371 13.268332377076147 80.379172950983047 13.268332377076147 533.35305930674076 20.567869573831558 22.646000623703003
leaf_count=58 511 2168 31 233 69 418 69 2732 98 112
model_size=1152
internal_value=0 0.0935632 -0.0657368 -0.0969059 0.107221 -0.10046 0.0544789 -0.125943 0.0823558 0.0207584
internal_weight=0 531.269 758.967 643.077 115.89 92.027 103.498 539.579 90.2297 43.2139
internal_count=6499 2644 3855 3275 580 476 512 2763 443 210
is_linear=0
shrinkage=0.1


Tree=7
num_leaves= 9
num_cat= 0
full_tree_array_lgbids= 0 1 2 5 -3 4 3 -1 -7 -2147483648 -2147483648 -2 -6 7 6 -2147483648 -2147483648 -2147483648 -2147483648 -2147483648 -2147483648 -2147483648 -2147483648 -2147483648 -2147483648 -2147483648 -2147483648 -4 -9 -5 -8
split_feature= 8 20 19 7 4 10 9 13
split_gain= 654.379 329.275 321.359 211.573 42.3854 32.2652 13.301 4.0433
threshold= 3.5000000000000004 3.5000000000000004 1.5000000000000002 1.0000000180025095e-35 4.5000000000000009 1.0000000180025095e-35 1.0000000180025095e-35 1.5000000000000002
decision_type= 2 2 2 2 2 2 2 2
left_child=1 5 4 7 -2 -1 -5 -4
right_child=2 -3 3 6 -6 -7 -8 -9
leaf_value= 0.13356356395996258 0.13356356395996258 0.12888437420321183 0.13356356395996258 0.079032021318031317 -0.13066022980921915 -0.13066022980921915 -0.13066022980921915 -0.12415762566778053
leaf_weight=10.912395119667051 96.14196389913559 413.01683211326599 5.8324870467185965 84.939961060881615 12.391892105340956 75.069723188877106 12.391892105340956 500.55232341587543
leaf_count=58 511 2168 31 443 69 418 69 2732
model_size=928
internal_value=0 0.0899406 -0.0632539 -0.0932135 0.103396 -0.0971263 0.0523349 -0.121189
internal_weight=0 498.999 712.251 603.717 108.534 85.9821 97.3319 506.385
internal_count=6499 2644 3855 3275 580 476 512 2763
is_linear=0
shrinkage=0.1


Tree=8
num_leaves= 9
num_cat= 0
full_tree_array_lgbids= 0 1 2 5 -3 4 3 -1 -7 -2147483648 -2147483648 -2 -6 -4 6 -2147483648 -2147483648 -2147483648 -2147483648 -2147483648 -2147483648 -2147483648 -2147483648 -2147483648 -2147483648 -2147483648 -2147483648 -2147483648 -2147483648 7 -8 -2147483648 -2147483648 -2147483648 -2147483648 -2147483648 -2147483648 -2147483648 -2147483648 -2147483648 -2147483648 -2147483648 -2147483648 -2147483648 -2147483648 -2147483648 -2147483648 -2147483648 -2147483648 -2147483648 -2147483648 -2147483648 -2147483648 -2147483648 -2147483648 -2147483648 -2147483648 -2147483648 -2147483648 -5 -9 -2147483648 -2147483648
split_feature= 8 20 19 7 4 10 4 20
split_gain= 562.683 280.034 272.215 179.236 30.3315 21.5887 3.70703 3.67265
threshold= 3.5000000000000004 3.5000000000000004 1.5000000000000002 1.0000000180025095e-35 4.5000000000000009 1.0000000180025095e-35 5.5000000000000009 3.5000000000000004
decision_type= 2 2 2 2 2 2 2 2
left_child=1 5 4 -4 -2 -1 7 -5
right_child=2 -3 3 6 -6 -7 -8 -9
leaf_value= 0.12936717161346731 0.12936717161346731 0.12428802574343577 -0.11703048546244216 0.15060657632176055 -0.12690484179902931 -0.12690484179902931 0.13147974844472884 -0.048713453154214291
leaf_weight=10.177520692348478 89.667466789484024 386.81406129896641 473.6314559429884 13.36109648644924 11.527180284261702 69.83132404088974 36.238198831677437 44.968641191720963
leaf_count=58 511 2168 2763 72 69 418 199 241
model_size=928
internal_value=0 0.0868232 -0.06081 -0.089481 0.100175 -0.0943058 0.0484972 -0.00305691
internal_weight=0 466.823 669.394 568.199 101.195 80.0088 94.5679 58.3297
internal_count=6499 2644 3855 3275 580 476 512 313
is_linear=0
shrinkage=0.1


Tree=9
num_leaves= 7
num_cat= 0
full_tree_array_lgbids= 0 1 2 5 -3 4 3 -1 -7 -2147483648 -2147483648 -2 -6 -4 -5
split_feature= 8 20 19 7 4 10
split_gain= 482.224 236.308 228.106 148.959 18.212 10.6139
threshold= 3.5000000000000004 3.5000000000000004 1.5000000000000002 1.0000000180025095e-35 4.5000000000000009 1.0000000180025095e-35
decision_type= 2 2 2 2 2 2
left_child=1 5 4 -4 -2 -1
right_child=2 -3 3 -5 -6 -7
leaf_value= 0.12580350276737742 0.12580350276737742 0.12026722145172092 -0.11294313249868509 0.045670795228688534 -0.12369825373571018 -0.12369825373571018
leaf_weight=9.456299960613249 83.313263446092606 361.0984473824501 443.26804496347904 90.862710848450661 10.686567977070807 64.738919049501419
leaf_count=58 511 2168 2763 512 69 418
model_size=704
internal_value=0 0.0841038 -0.0585151 -0.0859608 0.0974384 -0.0918989
internal_weight=0 435.294 628.131 534.131 93.9998 74.1952
internal_count=6499 2644 3855 3275 580 476
is_linear=0
shrinkage=0.1


Tree=10
num_leaves= 7
num_cat= 0
full_tree_array_lgbids= 0 1 2 5 -3 4 3 -1 -7 -2147483648 -2147483648 -2 -6 -4 -5
split_feature= 8 20 19 7 4 10
split_gain= 413.482 199.787 190.28 124.692 8.7578 2.12112
threshold= 3.5000000000000004 3.5000000000000004 1.5000000000000002 1.0000000180025095e-35 4.5000000000000009 1.0000000180025095e-35
decision_type= 2 2 2 2 2 2
left_child=1 5 4 -4 -2 -1
right_child=2 -3 3 -5 -6 -7
leaf_value= 0.12275322415096231 0.12275322415096231 0.11670244868891777 -0.10918905113376989 0.041502904406176148 -0.12094088198253522 -0.12094088198253522
leaf_weight=8.7580039203166944 77.161034539341927 336.20001855492592 414.1657447963953 90.03423136472702 9.8786517977714521 59.844586253166199
leaf_count=58 511 2168 2763 512 69 418
model_size=704
internal_value=0 0.081701 -0.0561678 -0.0822802 0.0950949 -0.0898302
internal_weight=0 404.803 591.24 504.2 87.0397 68.6026
internal_count=6499 2644 3855 3275 580 476
is_linear=0
shrinkage=0.1


Tree=11
num_leaves= 8
num_cat= 0
full_tree_array_lgbids= 0 1 2 -1 -3 6 3 -2147483648 -2147483648 -2147483648 -2147483648 -2 -8 4 -5 -2147483648 -2147483648 -2147483648 -2147483648 -2147483648 -2147483648 -2147483648 -2147483648 -2147483648 -2147483648 -2147483648 -2147483648 -4 5 -2147483648 -2147483648 -2147483648 -2147483648 -2147483648 -2147483648 -2147483648 -2147483648 -2147483648 -2147483648 -2147483648 -2147483648 -2147483648 -2147483648 -2147483648 -2147483648 -2147483648 -2147483648 -2147483648 -2147483648 -2147483648 -2147483648 -2147483648 -2147483648 -2147483648 -2147483648 -2147483648 -2147483648 -6 -7 -2147483648 -2147483648 -2147483648 -2147483648
split_feature= 8 20 19 7 19 19 4
split_gain= 353.843 167.964 157.348 103.339 0.41838 118.509 0.262018
threshold= 3.5000000000000004 3.5000000000000004 1.5000000000000002 1.0000000180025095e-35 4.5000000000000009 6.5000000000000009 4.5000000000000009
decision_type= 2 2 2 2 2 2 2
left_child=1 -1 6 4 -4 -6 -2
right_child=2 -3 3 -5 5 -7 -8
leaf_value= -0.088041345186208167 0.120124818310304 0.11350088293560207 -0.11993526611041211 0.037689835863374495 0.4360783303259318 -0.085944472553954473 -0.11855542649094364
leaf_weight=63.271862655878067 71.26681512594223 312.34517800807953 330.3957371711731 89.270624905824661 6.8924894481897345 49.231587678194046 9.1091340333223325
leaf_count=476 511 2168 2384 512 39 340 69
model_size=816
internal_value=0 0.0795515 -0.0539516 -0.0787889 -0.105691 -0.0218359 0.0930748
internal_weight=0 375.617 556.166 475.79 386.52 56.1241 80.3759
internal_count=6499 2644 3855 3275 2763 379 580
is_linear=0
shrinkage=0.1


Tree=12
num_leaves= 5
num_cat= 0
full_tree_array_lgbids= 0 1 2 -1 -3 -2 3 -2147483648 -2147483648 -2147483648 -2147483648 -2147483648 -2147483648 -4 -5
split_feature= 8 20 19 4
split_gain= 299.451 137.458 127.015 84.6239
threshold= 3.5000000000000004 3.5000000000000004 1.5000000000000002 5.5000000000000009
decision_type= 2 2 2 2
left_child=1 -1 -2 -4
right_child=2 -3 3 -5
leaf_value= -0.08312926754473475 0.091323445591069932 0.11058907139516692 -0.0907228163231215 0.1243614269414966
leaf_weight=60.459376499056816 74.048491582274437 289.68080163002014 417.04953947663307 31.34616819024086
leaf_count=476 580 2168 3076 199
model_size=480
internal_value=0 0.0771394 -0.0520157 -0.0756868
internal_weight=0 350.14 522.444 448.396
internal_count=6499 2644 3855 3275
is_linear=0
shrinkage=0.1


Tree=13
num_leaves= 5
num_cat= 0
full_tree_array_lgbids= 0 1 2 -1 -3 -2 3 -2147483648 -2147483648 -2147483648 -2147483648 -2147483648 -2147483648 -4 -5
split_feature= 8 20 19 7
split_gain= 251.554 112.388 99.5696 75.6783
threshold= 3.5000000000000004 3.5000000000000004 1.5000000000000002 1.0000000180025095e-35
decision_type= 2 2 2 2
left_child=1 -1 -2 -4
right_child=2 -3 3 -5
leaf_value= -0.078301942725076873 0.086570462006799034 0.1079078050364982 -0.099928648652648513 0.036830369483859704
leaf_weight=57.90454825758934 70.491537854075432 268.29334367066622 338.25166331231594 86.157588988542557
leaf_count=476 580 2168 2763 512
model_size=480
internal_value=0 0.0748531 -0.0495561 -0.0721658
internal_weight=0 326.198 494.901 424.409
internal_count=6499 2644 3855 3275
is_linear=0
shrinkage=0.1


Tree=14
num_leaves= 7
num_cat= 0
full_tree_array_lgbids= 0 2 1 -1 -4 3 -3 -2147483648 -2147483648 -2147483648 -2147483648 -2 4 -2147483648 -2147483648 -2147483648 -2147483648 -2147483648 -2147483648 -2147483648 -2147483648 -2147483648 -2147483648 -2147483648 -2147483648 -5 5 -2147483648 -2147483648 -2147483648 -2147483648 -2147483648 -2147483648 -2147483648 -2147483648 -2147483648 -2147483648 -2147483648 -2147483648 -2147483648 -2147483648 -2147483648 -2147483648 -2147483648 -2147483648 -2147483648 -2147483648 -2147483648 -2147483648 -2147483648 -2147483648 -2147483648 -2147483648 -6 -7 -2147483648 -2147483648 -2147483648 -2147483648 -2147483648 -2147483648 -2147483648 -2147483648
split_feature= 4 4 4 19 19 12
split_gain= 217.45 399.269 119.239 3.65473 70.0703 14.3795
threshold= 2.5000000000000004 5.5000000000000009 1.0000000180025095e-35 4.5000000000000009 5.5000000000000009 2.5000000000000004
decision_type= 2 2 2 2 2 2
left_child=2 3 -1 -2 -5 -6
right_child=1 -3 -4 4 5 -7
leaf_value= -0.11662014194703259 -0.12044780574119603 0.11624434165042825 0.11662032182034293 0.30912177318554029 -0.11510728960133798 0.13158434199231386
leaf_weight=37.576914072036743 290.16718271374702 133.28098322451115 223.40195353329182 9.9434696435928327 63.181841552257538 14.34096699208021
leaf_count=320 2523 1123 1885 58 516 74
model_size=704
internal_value=0 -0.0426074 0.0830373 -0.0986721 -0.0264319 -0.0694717
internal_weight=0 510.914 260.979 377.633 87.4663 77.5228
internal_count=6499 4294 2205 3171 648 590
is_linear=0
shrinkage=0.1


Tree=15
num_leaves= 4
num_cat= 0
full_tree_array_lgbids= 0 2 1 -1 -4 -2 -3
split_feature= 4 4 4
split_gain= 181.849 343.013 95.013
threshold= 2.5000000000000004 5.5000000000000009 1.0000000180025095e-35
decision_type= 2 2 2
left_child=2 -2 -1
right_child=1 -3 -4
leaf_value= -0.11482118138081623 -0.096642739202456626 0.11446945430643521 0.11481515956080093
leaf_weight=34.50629511475563 348.8712770268321 122.37128829956055 205.15703591704369
leaf_count=320 3171 1123 1885
model_size=368
internal_value=0 -0.0418216 0.0817525
internal_weight=0 471.243 239.663
internal_count=6499 4294 2205
is_linear=0
shrinkage=0.1


Tree=16
num_leaves= 4
num_cat= 0
full_tree_array_lgbids= 0 2 1 -1 -4 -2 -3
split_feature= 4 4 4
split_gain= 152.143 291.954 76.1445
threshold= 2.5000000000000004 5.5000000000000009 1.0000000180025095e-35
decision_type= 2 2 2
left_child=2 -2 -1
right_child=1 -3 -4
leaf_value= -0.11323853551638614 -0.093181793071967015 0.11291075384932037 0.1132282076225168
leaf_weight=31.636535055935383 326.79935649782419 112.17609418928623 188.10179190337658
leaf_count=320 3171 1123 1885
model_size=368
internal_value=0 -0.0405168 0.080623
internal_weight=0 438.975 219.738
internal_count=6499 4294 2205
is_linear=0
shrinkage=0.1


Tree=17
num_leaves= 7
num_cat= 0
full_tree_array_lgbids= 0 2 1 -1 -4 3 -3 -2147483648 -2147483648 -2147483648 -2147483648 -2 4 -2147483648 -2147483648 -2147483648 -2147483648 -2147483648 -2147483648 -2147483648 -2147483648 -2147483648 -2147483648 -2147483648 -2147483648 -5 5 -2147483648 -2147483648 -2147483648 -2147483648 -2147483648 -2147483648 -2147483648 -2147483648 -2147483648 -2147483648 -2147483648 -2147483648 -2147483648 -2147483648 -2147483648 -2147483648 -2147483648 -2147483648 -2147483648 -2147483648 -2147483648 -2147483648 -2147483648 -2147483648 -2147483648 -2147483648 -6 -7 -2147483648 -2147483648 -2147483648 -2147483648 -2147483648 -2147483648 -2147483648 -2147483648
split_feature= 4 4 4 19 19 12
split_gain= 125.757 246.838 59.2953 2.49459 39.9431 2.57409
threshold= 2.5000000000000004 5.5000000000000009 1.0000000180025095e-35 4.5000000000000009 5.5000000000000009 2.5000000000000004
decision_type= 2 2 2 2 2 2
left_child=2 3 -1 -2 -5 -6
right_child=1 -3 -4 4 5 -7
leaf_value= -0.11184176685817018 -0.11658688132563658 0.11153742364959773 0.11182858204550522 0.29064488688898443 -0.10818154905470199 0.13593629258093742
leaf_weight=28.965072527527809 230.67221880704165 102.6867201179266 172.22239908576012 10.162901833653448 51.14965982735157 14.499707259237764
leaf_count=320 2523 1123 1885 58 516 74
model_size=704
internal_value=0 -0.0392221 0.0796266 -0.0897337 -0.00802796 -0.0542642
internal_weight=0 409.171 201.187 306.484 75.8123 65.6494
internal_count=6499 4294 2205 3171 648 590
is_linear=0
shrinkage=0.1


Tree=18
num_leaves= 4
num_cat= 0
full_tree_array_lgbids= 0 2 1 -1 -4 -2 -3
split_feature= 4 4 4
split_gain= 101.943 209.119 42.6857
threshold= 2.5000000000000004 5.5000000000000009 1.0000000180025095e-35
decision_type= 2 2 2
left_child=2 -2 -1
right_child=1 -3 -4
leaf_value= -0.11060564555600041 -0.088056174038483814 0.11032392471628601 0.11059065252928696
leaf_weight=26.486570425331593 282.71388372778893 93.884385667741299 157.48818077147007
leaf_count=320 3171 1123 1885
model_size=368
internal_value=0 -0.0386008 0.0787454
internal_weight=0 376.598 183.975
internal_count=6499 4294 2205
is_linear=0
shrinkage=0.1


Tree=19
num_leaves= 4
num_cat= 0
full_tree_array_lgbids= 0 2 1 -1 -4 -2 -3
split_feature= 4 4 4
split_gain= 80.8278 173.367 29.0821
threshold= 2.5000000000000004 5.5000000000000009 1.0000000180025095e-35
decision_type= 2 2 2
left_child=2 -2 -1
right_child=1 -3 -4
leaf_value= -0.10950901290814218 -0.084610360702503135 0.10924893352336262 0.10949301787650434
leaf_weight=24.193741634488106 265.69785325974226 85.743166774511337 143.85654010623693
leaf_count=320 3171 1123 1885
model_size=368
internal_value=0 -0.0373133 0.0779639
internal_weight=0 351.441 168.05
internal_count=6499 4294 2205
is_linear=0
shrinkage=0.1


Tree=20
num_leaves= 6
num_cat= 0
full_tree_array_lgbids= 0 2 1 -1 -4 3 -3 -2147483648 -2147483648 -2147483648 -2147483648 -2 4 -2147483648 -2147483648 -2147483648 -2147483648 -2147483648 -2147483648 -2147483648 -2147483648 -2147483648 -2147483648 -2147483648 -2147483648 -5 -6 -2147483648 -2147483648 -2147483648 -2147483648
split_feature= 4 4 4 19 19
split_gain= 61.9041 141.615 16.7882 1.90918 13.3272
threshold= 2.5000000000000004 5.5000000000000009 1.0000000180025095e-35 4.5000000000000009 5.5000000000000009
decision_type= 2 2 2 2 2
left_child=2 3 -1 -2 -5
right_child=1 -3 -4 4 -6
leaf_value= -0.10853406638042584 -0.1138996917638096 0.10829450841884336 0.10851765395314437 0.27341347119501697 -0.039389488621321689
leaf_weight=22.077985160052776 183.67717649042606 78.232383199036121 131.27683595567942 10.360523521900175 56.129478923976421
leaf_count=320 2523 1123 1885 58 590
model_size=592
internal_value=0 -0.0360136 0.0772694 -0.0811417 0.00935171
internal_weight=0 328.4 153.355 250.167 66.49
internal_count=6499 4294 2205 3171 648
is_linear=0
shrinkage=0.1


Tree=21
num_leaves= 4
num_cat= 0
full_tree_array_lgbids= 0 2 1 -1 -4 -2 -3
split_feature= 4 4 4
split_gain= 44.5597 114.183 4.63772
threshold= 2.5000000000000004 5.5000000000000009 1.0000000180025095e-35
decision_type= 2 2 2
left_child=2 -2 -1
right_child=1 -3 -4
leaf_value= -0.10766565829202582 -0.078800111180430135 0.10744544859779903 0.10764925765053135
leaf_weight=20.129874441772699 233.12355652078986 71.318353056907654 119.6933952383697
leaf_count=320 3171 1123 1885
model_size=368
internal_value=0 -0.0351704 0.0766511
internal_weight=0 304.442 139.823
internal_count=6499 4294 2205
is_linear=0
shrinkage=0.1


Tree=22
num_leaves= 3
num_cat= 0
full_tree_array_lgbids= 0 -1 1 -2147483648 -2147483648 -2 -3
split_feature= 4 4
split_gain= 29.1827 88.8668
threshold= 2.5000000000000004 5.5000000000000009
decision_type= 2 2
left_child=-1 -2
right_child=1 -3
leaf_value= 0.076099638423251265 -0.075271679307200801 0.10668878367751891
leaf_weight=127.38729780912399 220.32206995040178 64.96579022705555
leaf_count=2205 3171 1123
model_size=256
internal_value=0 -0.0338356
internal_weight=0 285.288
internal_count=6499 4294
is_linear=0
shrinkage=0.1


Tree=23
num_leaves= 3
num_cat= 0
full_tree_array_lgbids= 0 -1 1 -2147483648 -2147483648 -2 -3
split_feature= 8 4
split_gain= 16.5424 25.9054
threshold= 1.0000000180025095e-35 2.5000000000000004
decision_type= 2 2
left_child=-1 -2
right_child=1 -3
leaf_value= 0.10560115734476723 0.063537577449189059 -0.06110829871749001
leaf_weight=70.206405468285084 97.400030970573425 221.82991635799408
leaf_count=1398 1731 3370
model_size=256
internal_value=0 -0.0230777
internal_weight=0 319.23
internal_count=6499 5101
is_linear=0
shrinkage=0.1


Tree=24
num_leaves= 3
num_cat= 0
full_tree_array_lgbids= 0 1 -2 -1 -3 -2147483648 -2147483648
split_feature= 11 6
split_gain= 8.59432 16.0567
threshold= 1.5000000000000002 1.0000000180025095e-35
decision_type= 2 2
left_child=1 -1
right_child=-2 -3
leaf_value= 0.11255329733723166 -0.034938359969094106 -0.10737817289100443
leaf_weight=100.78719457611442 245.70284377411008 25.133999302983284
leaf_count=1914 4139 446
model_size=256
internal_value=0 0.0686548
internal_weight=0 125.921
internal_count=6499 2360
is_linear=0
shrinkage=0.1


Tree=25
num_leaves= 3
num_cat= 0
full_tree_array_lgbids= 0 1 -2 -1 -3 -2147483648 -2147483648
split_feature= 19 4
split_gain= 1.37094 42.6999
threshold= 4.5000000000000009 2.5000000000000004
decision_type= 2 2
left_child=1 -1
right_child=-2 -3
leaf_value= 0.060933741957599631 0.06823567969684112 -0.090355426602671346
leaf_weight=87.169218759983778 121.0627024024725 149.23824139684439
leaf_count=1714 2063 2722
model_size=256
internal_value=0 -0.0345714
internal_weight=0 236.407
internal_count=6499 4436
is_linear=0
shrinkage=0.1


end of trees

feature_importances:
Column_4=44
Column_19=24
Column_8=15
Column_20=15
Column_7=13
Column_10=11
Column_21=10
Column_9=8
Column_13=8
Column_3=6
Column_12=3
Column_1=2
Column_6=1
Column_11=1
Column_17=1

parameters:
[boosting: gbdt]
[objective: binary]
[metric: auc, binary_logloss, rmse, l1, l2, mape, huber]
[tree_learner: serial]
[device_type: cpu]
[data_sample_strategy: bagging]
[data: data/mushroom.libsvm.train]
[valid: data/mushroom.libsvm.test]
[num_iterations: 50]
[learning_rate: 0.1]
[num_leaves: 255]
[num_threads: 1]
[seed: 42]
[deterministic: 0]
[force_col_wise: 0]
[force_row_wise: 0]
[histogram_pool_size: -1]
[max_depth: 7]
[min_data_in_leaf: 10]
[min_sum_hessian_in_leaf: 0.001]
[bagging_fraction: 1]
[pos_bagging_fraction: 1]
[neg_bagging_fraction: 1]
[bagging_freq: 0]
[bagging_seed: 400]
[feature_fraction: 1]
[feature_fraction_bynode: 1]
[feature_fraction_seed: 30056]
[extra_trees: 0]
[extra_seed: 12879]
[early_stopping_round: 0]
[early_stopping_min_delta: 0]
[first_metric_only: 0]
[max_delta_step: 0]
[lambda_l1: 0]
[lambda_l2: 0]
[linear_lambda: 0]
[min_gain_to_split: 0]
[drop_rate: 0.1]
[max_drop: 50]
[skip_drop: 0.5]
[xgboost_dart_mode: 0]
[uniform_drop: 0]
[drop_seed: 17869]
[top_rate: 0.2]
[other_rate: 0.1]
[min_data_per_group: 100]
[max_cat_threshold: 32]
[cat_l2: 10]
[cat_smooth: 10]
[max_cat_to_onehot: 4]
[top_k: 20]
[monotone_constraints: ]
[monotone_constraints_method: basic]
[monotone_penalty: 0]
[feature_contri: ]
[forcedsplits_filename: ]
[refit_decay_rate: 0.9]
[tinygbdt_penalty_feature: 0.25]
[tinygbdt_penalty_split: 0.5]
[tinygbdt_forestsize: 64000]
[tinygbdt_precision: 1]
[cegb_tradeoff: 1]
[cegb_penalty_split: 0]
[cegb_penalty_feature_lazy: ]
[cegb_penalty_feature_coupled: ]
[path_smooth: 0]
[interaction_constraints: ]
[verbosity: 1]
[saved_feature_importance_type: 0]
[use_quantized_grad: 0]
[num_grad_quant_bins: 4]
[quant_train_renew_leaf: 0]
[stochastic_rounding: 1]
[linear_tree: 0]
[max_bin: 255]
[max_bin_by_feature: ]
[min_data_in_bin: 3]
[bin_construct_sample_cnt: 200000]
[data_random_seed: 175]
[is_enable_sparse: 1]
[enable_bundle: 1]
[use_missing: 1]
[zero_as_missing: 0]
[feature_pre_filter: 1]
[pre_partition: 0]
[two_round: 0]
[header: 0]
[label_column: ]
[weight_column: ]
[group_column: ]
[ignore_column: ]
[categorical_feature: ]
[forcedbins_filename: ]
[precise_float_parser: 0]
[parser_config_file: ]
[objective_seed: 16083]
[num_class: 1]
[is_unbalance: 0]
[scale_pos_weight: 1]
[sigmoid: 1]
[boost_from_average: 1]
[reg_sqrt: 0]
[alpha: 0.9]
[fair_c: 1]
[poisson_max_delta_step: 0.7]
[tweedie_variance_power: 1.5]
[lambdarank_truncation_level: 30]
[lambdarank_norm: 1]
[label_gain: ]
[lambdarank_position_bias_regularization: 0]
[eval_at: ]
[multi_error_top_k: 1]
[auc_mu_weights: ]
[num_machines: 1]
[local_listen_port: 12400]
[time_out: 120]
[machine_list_filename: ]
[machines: ]
[gpu_platform_id: -1]
[gpu_device_id: -1]
[gpu_use_dp: 0]
[num_gpu: 1]

end of parameters
