tree
version=v4
num_class=1
num_tree_per_iteration=1
label_index=0
max_feature_idx=8
objective=regression
feature_names=Column_0 Column_1 Column_2 Column_3 Column_4 Column_5 Column_6 Column_7 Column_8
feature_infos=none [0.49990000000000001:15.0001] [1:52] [0.88888888888888884:141.90909090909091] [0.33333333333333331:25.63636363636364] [3:35682] [0.69230769230769229:1243.333333333333] [32.549999999999997:41.950000000000003] [-124.34999999999999:-114.31]
tree_sizes=2624 2754 1773 1774 2832 1568 4091 1565 794 1500 1125 2211 1104 1111 2354 915 3825 919 493 378 375 663 498 663

Tree=0
num_leaves= 14
num_cat= 0
full_tree_array_lgbids= 0 1 2 5 3 4 10 9 11 6 7 -2 -6 -4 -12 -1 -11 -7 -13 -3 8 -5 -9 -2147483648 -2147483648 -2147483648 -2147483648 -2147483648 -2147483648 -2147483648 -2147483648 -2147483648 -2147483648 -2147483648 -2147483648 -2147483648 -2147483648 -2147483648 -2147483648 -2147483648 -2147483648 12 -10 -2147483648 -2147483648 -2147483648 -2147483648 -2147483648 -2147483648 -2147483648 -2147483648 -2147483648 -2147483648 -2147483648 -2147483648 -2147483648 -2147483648 -2147483648 -2147483648 -2147483648 -2147483648 -2147483648 -2147483648 -2147483648 -2147483648 -2147483648 -2147483648 -2147483648 -2147483648 -2147483648 -2147483648 -2147483648 -2147483648 -2147483648 -2147483648 -2147483648 -2147483648 -2147483648 -2147483648 -2147483648 -2147483648 -2147483648 -2147483648 -8 -14 -2147483648 -2147483648 -2147483648 -2147483648 -2147483648 -2147483648 -2147483648 -2147483648 -2147483648 -2147483648 -2147483648 -2147483648 -2147483648 -2147483648 -2147483648 -2147483648 -2147483648 -2147483648 -2147483648 -2147483648 -2147483648 -2147483648 -2147483648 -2147483648 -2147483648 -2147483648 -2147483648 -2147483648 -2147483648 -2147483648 -2147483648 -2147483648 -2147483648 -2147483648 -2147483648 -2147483648 -2147483648 -2147483648 -2147483648 -2147483648 -2147483648 -2147483648
split_feature= 1 1 1 6 6 3 2 1 7 1 1 1 6
split_gain= 6860.71 1558.2 1165.17 849.37 304.507 191.432 107.089 86.0125 60.4178 54.2236 29.3022 10.1417 1.92169
threshold= 5.0387000000000013 3.0679500000000002 6.8672000000000013 2.3489548886254448 2.671038674349933 4.3101408005062494 24.500000000000004 4.0775500000000013 37.815000000000005 2.2210000000000005 7.852450000000001 2.4115000000000006 1.9628175980828908
decision_type= 2 2 2 2 2 2 2 2 2 2 2 2 2
left_child=1 5 4 6 -2 9 -3 -5 12 -1 -4 -7 -8
right_child=2 3 10 7 -6 11 8 -9 -10 -11 -12 -13 -14
leaf_value= 2.0026857025179452 2.2124016810384575 2.0945018313365229 2.2437582437954506 2.0356094211781537 2.1260912310358373 1.961879457681825 2.2545441709562692 2.076552849539862 2.0795283240852767 2.0558157496357108 2.3227113326055062 2.0009030784878834 2.1668194654867707
leaf_weight=1402 911 567 431 3094 1601 1830 264 2174 163 1197 609 1800 469
leaf_count=1402 911 567 431 3094 1601 1830 264 2174 163 1197 609 1800 469
model_size=1488
internal_value=2.07195 2.03789 2.19622 2.07259 2.15739 2.00039 2.1449 2.05251 2.17679 2.02716 2.28999 1.98123 2.19841
internal_weight=0 12960 3552 6731 2512 6229 1463 5268 896 2599 1040 3630 733
internal_count=16512 12960 3552 6731 2512 6229 1463 5268 896 2599 1040 3630 733
is_linear=0
shrinkage=1


Tree=1
num_leaves= 15
num_cat= 0
full_tree_array_lgbids= 0 1 3 4 2 8 -5 -1 7 6 5 -2 -10 -2147483648 -2147483648 -2147483648 -2147483648 10 12 -3 9 -4 -7 -2147483648 -2147483648 -2147483648 -2147483648 -2147483648 -2147483648 -2147483648 -2147483648 -2147483648 -2147483648 -2147483648 -2147483648 -6 -12 13 -14 -2147483648 -2147483648 11 -11 -2147483648 -2147483648 -2147483648 -2147483648 -2147483648 -2147483648 -2147483648 -2147483648 -2147483648 -2147483648 -2147483648 -2147483648 -2147483648 -2147483648 -2147483648 -2147483648 -2147483648 -2147483648 -2147483648 -2147483648 -2147483648 -2147483648 -2147483648 -2147483648 -2147483648 -2147483648 -2147483648 -2147483648 -2147483648 -2147483648 -2147483648 -2147483648 -9 -15 -2147483648 -2147483648 -2147483648 -2147483648 -2147483648 -2147483648 -8 -13 -2147483648 -2147483648 -2147483648 -2147483648 -2147483648 -2147483648 -2147483648 -2147483648 -2147483648 -2147483648 -2147483648 -2147483648 -2147483648 -2147483648 -2147483648 -2147483648 -2147483648 -2147483648 -2147483648 -2147483648 -2147483648 -2147483648 -2147483648 -2147483648 -2147483648 -2147483648 -2147483648 -2147483648 -2147483648 -2147483648 -2147483648 -2147483648 -2147483648 -2147483648 -2147483648 -2147483648 -2147483648 -2147483648 -2147483648 -2147483648 -2147483648 -2147483648
split_feature= 1 1 6 1 6 1 2 7 2 7 8 6 8 7
split_gain= 5562.5 1708.83 795.26 457.749 214.452 139.183 127.023 106.951 106.569 83.7936 55.3305 31.7897 18.4161 35.9784
threshold= 5.6042500000000013 3.1913000000000005 2.4136952392348086 7.7055000000000016 2.1628386478062818 4.5301500000000017 19.500000000000004 34.455000000000005 27.500000000000004 37.995000000000012 -117.77499999999999 1.9628175980828908 -121.63499999999998 37.915000000000006
decision_type= 2 2 2 2 2 2 2 2 2 2 2 2 2 2
left_child=1 4 6 8 -1 -4 -3 10 -2 11 -6 -8 13 -9
right_child=3 2 5 -5 7 -7 9 12 -10 -11 -12 -13 -14 -15
leaf_value= -0.0085579163397996628 0.08366184650830015 0.01280747661202763 -0.025539330222435121 0.22158456530616577 -0.03222066029546556 0.020846985792563867 0.17029801821234922 -0.020200618916328496 0.16009667489878079 -0.030318206854724972 -0.086300996710011305 0.087273305050996869 -0.10789164463428672 -0.096492601217130505
leaf_weight=1042 1104 496 3579 670 1890 1904 322 512 632 118 940 833 1841 629
leaf_count=1042 1104 496 3579 670 1890 1904 322 512 632 118 940 833 1841 629
model_size=1600
internal_value=0 -0.0242454 0.010838 0.142147 -0.061366 -0.00943144 0.0736629 -0.0708336 0.111488 0.097374 -0.0501837 0.11042 -0.0904309 -0.0622582
internal_weight=0 14106 7252 2406 6854 5483 1769 5812 1736 1273 2830 1155 2982 1141
internal_count=16512 14106 7252 2406 6854 5483 1769 5812 1736 1273 2830 1155 2982 1141
is_linear=0
shrinkage=0.1


Tree=2
num_leaves= 12
num_cat= 0
full_tree_array_lgbids= 0 1 2 6 3 4 7 -1 -8 8 5 -2 -6 9 -9 -2147483648 -2147483648 -2147483648 -2147483648 -3 -10 -5 10 -2147483648 -2147483648 -2147483648 -2147483648 -4 -11 -2147483648 -2147483648 -2147483648 -2147483648 -2147483648 -2147483648 -2147483648 -2147483648 -2147483648 -2147483648 -2147483648 -2147483648 -2147483648 -2147483648 -2147483648 -2147483648 -7 -12 -2147483648 -2147483648 -2147483648 -2147483648 -2147483648 -2147483648 -2147483648 -2147483648 -2147483648 -2147483648 -2147483648 -2147483648 -2147483648 -2147483648 -2147483648 -2147483648
split_feature= 1 1 1 6 6 1 3 1 2 2 6
split_gain= 4512.8 1065.78 666.528 600.018 126.728 100.029 92.2133 53.3256 45.3139 19.3482 16.8022
threshold= 5.1326000000000009 2.8762500000000002 6.3963500000000009 2.2634687595142249 2.7472725830126556 4.0612500000000002 3.8792159595040387 8.4454500000000028 24.500000000000004 26.500000000000004 2.8335312747426764
decision_type= 2 2 2 2 2 2 2 2 2 2 2
left_child=1 6 4 8 -2 -5 -1 9 -3 -4 -7
right_child=2 3 7 5 -6 10 -8 -9 -10 -11 -12
leaf_value= -0.029234499694199997 0.10692603038411996 0.020152072621911793 0.10794332149632324 -0.030862692966726148 0.032398520796009272 0.034465969288078768 -0.074752493286578139 0.21743759357068743 0.092985982802212153 0.18713499928776844 -0.013663092612005854
leaf_weight=1456 791 537 596 3874 1096 1129 3966 426 840 390 1411
leaf_count=1456 791 537 596 3874 1096 1129 3966 426 840 390 1411
model_size=1264
internal_value=0 -0.0264915 0.106103 -0.00141172 0.0636393 -0.0155798 -0.0625293 0.162851 0.0645823 0.139267 0.00772971
internal_weight=0 13213 3299 7791 1887 6414 5422 1412 1377 986 2540
internal_count=16512 13213 3299 7791 1887 6414 5422 1412 1377 986 2540
is_linear=0
shrinkage=0.1


Tree=3
num_leaves= 12
num_cat= 0
full_tree_array_lgbids= 0 1 3 4 2 5 -5 10 6 7 8 -2 -7 -2147483648 -2147483648 -1 -12 9 -8 -3 -9 -4 -10 -2147483648 -2147483648 -2147483648 -2147483648 -2147483648 -2147483648 -2147483648 -2147483648 -2147483648 -2147483648 -2147483648 -2147483648 -6 -11 -2147483648 -2147483648 -2147483648 -2147483648 -2147483648 -2147483648 -2147483648 -2147483648 -2147483648 -2147483648 -2147483648 -2147483648 -2147483648 -2147483648 -2147483648 -2147483648 -2147483648 -2147483648 -2147483648 -2147483648 -2147483648 -2147483648 -2147483648 -2147483648 -2147483648 -2147483648
split_feature= 1 1 6 1 6 6 7 2 2 8 7
split_gain= 3650 932.264 486.996 427.188 122.39 101.434 51.6801 46.4931 35.6533 17.0444 4.01638
threshold= 5.2771000000000017 3.1792500000000001 2.2982753493904258 7.3930000000000016 2.2352443515477258 2.6585924622132828 34.455000000000005 18.500000000000004 42.500000000000007 -118.30499999999999 37.935000000000009
decision_type= 2 2 2 2 2 2 2 2 2 2 2
left_child=1 4 7 5 10 -2 9 -3 -4 -6 -1
right_child=3 2 8 -5 6 -7 -8 -9 -10 -11 -12
leaf_value= 0.0089586056714103211 0.12155118765555793 0.007865446515463512 -0.015296387110743099 0.17360865720348084 0.0099403093971531312 0.052888553844623744 -0.077266967116464691 0.092015742150715757 0.03698229126630858 -0.051647743378998717 -0.065615480514825325
leaf_weight=937 734 340 4806 793 463 1456 2815 907 687 2254 320
leaf_count=937 734 340 4806 793 463 1456 2815 907 687 2254 320
model_size=1264
internal_value=0 -0.0224626 0.00564168 0.101876 -0.050364 0.0759015 -0.0595297 0.0690718 -0.00875798 -0.0411526 -0.010026
internal_weight=0 13529 6740 2983 6789 2190 5532 1247 5493 2717 1257
internal_count=16512 13529 6740 2983 6789 2190 5532 1247 5493 2717 1257
is_linear=0
shrinkage=0.1


Tree=4
num_leaves= 16
num_cat= 0
full_tree_array_lgbids= 0 1 3 4 2 6 -5 12 8 5 -4 -2 -8 -2147483648 -2147483648 13 -14 9 10 7 -7 -2147483648 -2147483648 -2147483648 -2147483648 -2147483648 -2147483648 -2147483648 -2147483648 -2147483648 -2147483648 -1 -15 -2147483648 -2147483648 -6 -11 11 -12 -3 14 -2147483648 -2147483648 -2147483648 -2147483648 -2147483648 -2147483648 -2147483648 -2147483648 -2147483648 -2147483648 -2147483648 -2147483648 -2147483648 -2147483648 -2147483648 -2147483648 -2147483648 -2147483648 -2147483648 -2147483648 -2147483648 -2147483648 -2147483648 -2147483648 -2147483648 -2147483648 -2147483648 -2147483648 -2147483648 -2147483648 -2147483648 -2147483648 -2147483648 -2147483648 -10 -13 -2147483648 -2147483648 -2147483648 -2147483648 -9 -16 -2147483648 -2147483648 -2147483648 -2147483648 -2147483648 -2147483648 -2147483648 -2147483648 -2147483648 -2147483648 -2147483648 -2147483648 -2147483648 -2147483648 -2147483648 -2147483648 -2147483648 -2147483648 -2147483648 -2147483648 -2147483648 -2147483648 -2147483648 -2147483648 -2147483648 -2147483648 -2147483648 -2147483648 -2147483648 -2147483648 -2147483648 -2147483648 -2147483648 -2147483648 -2147483648 -2147483648 -2147483648 -2147483648 -2147483648 -2147483648 -2147483648 -2147483648 -2147483648 -2147483648
split_feature= 1 1 6 1 6 7 6 2 7 8 8 7 7 8 6
split_gain= 2975.2 914.033 364.426 184.66 170.527 46.8993 29.1583 23.384 23.2406 42.9021 34.1187 40.3561 13.2674 9.24371 3.78436
threshold= 5.6042500000000013 3.5488500000000003 2.5288691539219195 7.7055000000000016 2.2352443515477258 37.935000000000009 3.0089663118548242 19.500000000000004 34.455000000000005 -117.77499999999999 -121.63499999999998 38.675000000000004 37.935000000000009 -118.26499999999999 2.0653737590585881
decision_type= 2 2 2 2 2 2 2 2 2 2 2 2 2 2 2
left_child=1 4 5 6 12 7 -2 -3 9 -6 11 -10 13 -1 -9
right_child=3 2 -4 -5 8 -7 -8 14 10 -11 -12 -13 -14 -15 -16
leaf_value= 0.044547226429945304 0.10586604610267125 0.018203310511838256 -0.004914965464773542 0.1630797887043402 -0.018951783746537679 -0.019157686306940383 0.043522145021265557 0.14303567531323316 -0.013323160503303642 -0.067524309862058526 -0.082554705826854619 -0.088475273442402316 -0.057040943166929536 -0.024478660985315218 0.067718246812015298
leaf_weight=689 1087 406 4041 670 2253 253 649 329 916 1075 2043 445 349 500 807
leaf_count=689 1087 406 4041 670 2253 253 649 329 916 1075 2043 445 349 500 807
model_size=1712
internal_value=0 -0.0179063 0.0144602 0.104982 -0.0407467 0.0580786 0.0825589 0.0707509 -0.0498398 -0.0346415 -0.0646988 -0.0378953 -0.000945111 0.0155204 0.0895311
internal_weight=0 14106 5836 2406 8270 1795 1736 1542 6732 3328 3404 1361 1538 1189 1136
internal_count=16512 14106 5836 2406 8270 1795 1736 1542 6732 3328 3404 1361 1538 1189 1136
is_linear=0
shrinkage=0.1


Tree=5
num_leaves= 9
num_cat= 0
full_tree_array_lgbids= 0 2 1 7 3 4 -3 -1 -9 5 -5 -2 -6 -2147483648 -2147483648 -2147483648 -2147483648 -2147483648 -2147483648 6 -7 -2147483648 -2147483648 -2147483648 -2147483648 -2147483648 -2147483648 -2147483648 -2147483648 -2147483648 -2147483648 -2147483648 -2147483648 -2147483648 -2147483648 -2147483648 -2147483648 -2147483648 -2147483648 -4 -8 -2147483648 -2147483648 -2147483648 -2147483648 -2147483648 -2147483648 -2147483648 -2147483648 -2147483648 -2147483648 -2147483648 -2147483648 -2147483648 -2147483648 -2147483648 -2147483648 -2147483648 -2147483648 -2147483648 -2147483648 -2147483648 -2147483648
split_feature= 1 1 1 6 6 7 8 3
split_gain= 2457.54 581.546 378.435 278.637 136.105 61.2298 55.3773 30.0639
threshold= 4.5301500000000017 6.3350000000000009 2.5894500000000007 2.4530432249902163 2.735488224282792 37.935000000000009 -122.40499999999999 3.4845502266762112
decision_type= 2 2 2 2 2 2 2 2
left_child=2 4 7 5 -2 6 -4 -1
right_child=1 -3 3 -5 -6 -7 -8 -9
leaf_value= -0.0088278375531775886 0.070490563827919947 0.11976973907072717 0.14255351890962129 -0.024904269588072063 0.0128134443829429 -0.035753088753455842 0.029915279292745591 -0.061381121453211646
leaf_weight=687 1343 1474 159 5237 1959 409 1687 3557
leaf_count=687 1343 1474 159 5237 1959 409 1687 3557
model_size=928
internal_value=0 0.0620417 -0.025248 -0.00959872 0.0362721 0.0259468 0.0396171 -0.052874
internal_weight=0 4776 11736 7492 3302 2255 1846 4244
internal_count=16512 4776 11736 7492 3302 2255 1846 4244
is_linear=0
shrinkage=0.1


Tree=6
num_leaves= 12
num_cat= 0
full_tree_array_lgbids= 0 2 1 -1 3 4 -3 -2147483648 -2147483648 -4 5 -2 -6 -2147483648 -2147483648 -2147483648 -2147483648 -2147483648 -2147483648 -2147483648 -2147483648 6 7 -2147483648 -2147483648 -2147483648 -2147483648 -2147483648 -2147483648 -2147483648 -2147483648 -2147483648 -2147483648 -2147483648 -2147483648 -2147483648 -2147483648 -2147483648 -2147483648 -2147483648 -2147483648 -2147483648 -2147483648 -5 -8 8 9 -2147483648 -2147483648 -2147483648 -2147483648 -2147483648 -2147483648 -2147483648 -2147483648 -2147483648 -2147483648 -2147483648 -2147483648 -2147483648 -2147483648 -2147483648 -2147483648 -2147483648 -2147483648 -2147483648 -2147483648 -2147483648 -2147483648 -2147483648 -2147483648 -2147483648 -2147483648 -2147483648 -2147483648 -2147483648 -2147483648 -2147483648 -2147483648 -2147483648 -2147483648 -2147483648 -2147483648 -2147483648 -2147483648 -2147483648 -2147483648 -2147483648 -2147483648 -2147483648 -2147483648 10 -10 -9 -11 -2147483648 -2147483648 -2147483648 -2147483648 -2147483648 -2147483648 -2147483648 -2147483648 -2147483648 -2147483648 -2147483648 -2147483648 -2147483648 -2147483648 -2147483648 -2147483648 -2147483648 -2147483648 -2147483648 -2147483648 -2147483648 -2147483648 -2147483648 -2147483648 -2147483648 -2147483648 -2147483648 -2147483648 -2147483648 -2147483648 -2147483648 -2147483648 -2147483648 -2147483648 -2147483648 -2147483648 -2147483648 -2147483648 -2147483648 -2147483648 -2147483648 -2147483648 -2147483648 -2147483648 -2147483648 -2147483648 -2147483648 -2147483648 -2147483648 -2147483648 -2147483648 -2147483648 -2147483648 -2147483648 -2147483648 -2147483648 -2147483648 -2147483648 -2147483648 -2147483648 -2147483648 -2147483648 -2147483648 -2147483648 -2147483648 -2147483648 -2147483648 -2147483648 -2147483648 -2147483648 -2147483648 -2147483648 -2147483648 -2147483648 -2147483648 -2147483648 -2147483648 -2147483648 -2147483648 -2147483648 -2147483648 -2147483648 -2147483648 -2147483648 -2147483648 -2147483648 -2147483648 -2147483648 -7 -12 -2147483648 -2147483648 -2147483648 -2147483648 -2147483648 -2147483648 -2147483648 -2147483648 -2147483648 -2147483648 -2147483648 -2147483648 -2147483648 -2147483648 -2147483648 -2147483648 -2147483648 -2147483648 -2147483648 -2147483648 -2147483648 -2147483648 -2147483648 -2147483648 -2147483648 -2147483648 -2147483648 -2147483648 -2147483648 -2147483648 -2147483648 -2147483648 -2147483648 -2147483648 -2147483648 -2147483648 -2147483648 -2147483648 -2147483648 -2147483648 -2147483648 -2147483648 -2147483648 -2147483648 -2147483648 -2147483648 -2147483648 -2147483648 -2147483648 -2147483648 -2147483648 -2147483648 -2147483648 -2147483648 -2147483648 -2147483648 -2147483648 -2147483648 -2147483648 -2147483648 -2147483648 -2147483648 -2147483648 -2147483648 -2147483648 -2147483648 -2147483648 -2147483648 -2147483648 -2147483648
split_feature= 1 1 1 6 6 8 7 7 8 8 6
split_gain= 1966.21 393.642 322.652 236.901 95.5978 38.0295 80.792 14.8025 59.823 58.5673 26.213
threshold= 4.6754000000000007 6.3963500000000009 2.5205000000000006 2.0653737590585881 2.5219735498882589 -122.35499999999998 38.305000000000007 34.455000000000005 -117.79499999999999 -121.63499999999998 3.0004492362982935
decision_type= 2 2 2 2 2 2 2 2 2 2 2
left_child=2 4 -1 -4 -2 6 -5 8 10 -9 -7
right_child=1 -3 3 5 -6 7 -8 9 -10 -11 -12
leaf_value= -0.049377179497011703 0.083587529061383808 0.10937721062518878 0.050594072283171893 0.08423850026342683 0.019726649644946134 0.032313541233078273 -0.031483532150528591 -0.006797878829636836 -0.041046270597988474 -0.058354821879361876 -0.016740553249609127
leaf_weight=3911 731 1412 941 356 2236 1284 280 1204 1152 1707 1298
leaf_count=3911 731 1412 941 356 2236 1284 280 1204 1152 1707 1298
model_size=1264
internal_value=0 0.0592948 -0.0214005 -0.00809265 0.0354605 -0.0156773 0.0332917 -0.0203642 -0.00737117 -0.0370307 0.0076535
internal_weight=0 4379 12133 8222 2967 7281 636 6645 3734 2911 2582
internal_count=16512 4379 12133 8222 2967 7281 636 6645 3734 2911 2582
is_linear=0
shrinkage=0.1


Tree=7
num_leaves= 9
num_cat= 0
full_tree_array_lgbids= 0 2 1 -1 4 3 7 -2147483648 -2147483648 -4 -6 5 -5 -3 -9 -2147483648 -2147483648 -2147483648 -2147483648 -2147483648 -2147483648 -2147483648 -2147483648 -2 6 -2147483648 -2147483648 -2147483648 -2147483648 -2147483648 -2147483648 -2147483648 -2147483648 -2147483648 -2147483648 -2147483648 -2147483648 -2147483648 -2147483648 -2147483648 -2147483648 -2147483648 -2147483648 -2147483648 -2147483648 -2147483648 -2147483648 -2147483648 -2147483648 -7 -8 -2147483648 -2147483648 -2147483648 -2147483648 -2147483648 -2147483648 -2147483648 -2147483648 -2147483648 -2147483648 -2147483648 -2147483648
split_feature= 1 1 6 6 1 2 6 2
split_gain= 1604.06 451.502 153.269 136.836 64.1923 17.1367 7.26208 4.74749
threshold= 4.125700000000001 6.2770500000000009 2.0376051459673437 2.735488224282792 2.2210000000000005 19.500000000000004 2.0653737590585881 26.500000000000004
decision_type= 2 2 2 2 2 2 2 2
left_child=2 3 -1 5 -4 -2 -7 -3
right_child=1 7 4 -5 -6 6 -8 -9
leaf_value= 0.021955942496239677 0.0084358506761174398 0.070353896587350945 -0.054255076428107653 0.0036868491106283917 -0.021638848267009653 0.14762695892048736 0.057445259954742867 0.13003622329302733
leaf_weight=1165 529 878 2472 2571 6875 196 1168 658
leaf_count=1165 529 878 2472 2571 6875 196 1168 658
model_size=928
internal_value=0 0.0428845 -0.0244775 0.0246354 -0.0302649 0.0530869 0.0704039 0.0959209
internal_weight=0 6000 10512 4464 9347 1893 1364 1536
internal_count=16512 6000 10512 4464 9347 1893 1364 1536
is_linear=0
shrinkage=0.1


Tree=8
num_leaves= 6
num_cat= 0
full_tree_array_lgbids= 0 1 4 3 2 -2 -6 -1 -5 -3 -4 -2147483648 -2147483648 -2147483648 -2147483648
split_feature= 1 1 6 6 2
split_gain= 1293.58 414.854 141.193 46.7044 26.8046
threshold= 5.8308000000000009 3.6530500000000008 2.4136952392348086 2.2982753493904258 26.500000000000004
decision_type= 2 2 2 2 2
left_child=1 3 -3 -1 -2
right_child=4 2 -4 -5 -6
leaf_value= 0.00029140200543941944 0.053894770538635506 0.053493924462305054 0.0011706536046296805 -0.034292477729398016 0.10925624387849656
leaf_weight=1874 1219 1273 4415 6856 875
leaf_count=1874 1219 1273 4415 6856 875
model_size=592
internal_value=0 -0.0111872 0.0128808 -0.0268686 0.0770281
internal_weight=0 14418 5688 8730 2094
internal_count=16512 14418 5688 8730 2094
is_linear=0
shrinkage=0.1


Tree=9
num_leaves= 8
num_cat= 0
full_tree_array_lgbids= 0 1 2 -1 3 6 -4 -2147483648 -2147483648 4 -5 -2 -8 -2147483648 -2147483648 -2147483648 -2147483648 -2147483648 -2147483648 5 -6 -2147483648 -2147483648 -2147483648 -2147483648 -2147483648 -2147483648 -2147483648 -2147483648 -2147483648 -2147483648 -2147483648 -2147483648 -2147483648 -2147483648 -2147483648 -2147483648 -2147483648 -2147483648 -3 -7 -2147483648 -2147483648 -2147483648 -2147483648 -2147483648 -2147483648 -2147483648 -2147483648 -2147483648 -2147483648 -2147483648 -2147483648 -2147483648 -2147483648 -2147483648 -2147483648 -2147483648 -2147483648 -2147483648 -2147483648 -2147483648 -2147483648
split_feature= 1 1 1 6 7 8 6
split_gain= 1046.78 203.412 121.371 107.594 48.0381 65.0293 17.5229
threshold= 5.0387000000000013 2.7820000000000005 7.852450000000001 2.6182831096480128 37.815000000000005 -122.29499999999999 2.9742256672023202
decision_type= 2 2 2 2 2 2 2
left_child=1 -1 6 4 5 -3 -2
right_child=2 3 -4 -5 -6 -7 -8
leaf_value= -0.033878148631288345 0.056837184237554551 0.12060482821520394 0.10938608948491538 -0.015090694679756857 -0.023638338824965688 0.024099609301473118 0.011076254136851293
leaf_weight=5096 1789 231 609 4760 706 2167 1154
leaf_count=5096 1789 231 609 4760 706 2167 1154
model_size=816
internal_value=0 -0.0139722 0.0509797 -0.00107284 0.0204236 0.033396 0.0388936
internal_weight=0 12960 3552 7864 3104 2398 2943
internal_count=16512 12960 3552 7864 3104 2398 2943
is_linear=0
shrinkage=0.1


Tree=10
num_leaves= 8
num_cat= 0
full_tree_array_lgbids= 0 3 1 4 -5 2 -3 -1 5 -2147483648 -2147483648 6 -4 -2147483648 -2147483648 -2147483648 -2147483648 -6 -7 -2147483648 -2147483648 -2147483648 -2147483648 -2 -8 -2147483648 -2147483648 -2147483648 -2147483648 -2147483648 -2147483648
split_feature= 1 1 6 7 8 6 2
split_gain= 844.704 205.834 72.2563 69.5212 257.621 63.2384 17.2351
threshold= 4.125700000000001 6.8672000000000013 2.9742256672023202 37.925000000000004 -122.31499999999998 2.8751854599406532 21.500000000000004
decision_type= 2 2 2 2 2 2 2
left_child=3 2 6 4 -1 -6 -2
right_child=1 -3 -4 -5 5 -7 -8
leaf_value= 0.088703287100903944 0.0059954511901616431 0.083775434457739509 -0.003921198174988298 -0.045116372146896927 0.00043843590393500816 -0.030749287462705693 0.052843949816468831
leaf_weight=370 996 1040 1932 2197 3774 4171 2032
leaf_count=370 996 1040 1932 2197 3774 4171 2032
model_size=816
internal_value=0 0.0321502 0.0213255 -0.0183506 -0.0112785 -0.0159346 0.0374341
internal_weight=0 6000 4960 10512 8315 7945 3028
internal_count=16512 6000 4960 10512 8315 7945 3028
is_linear=0
shrinkage=0.1


Tree=11
num_leaves= 7
num_cat= 0
full_tree_array_lgbids= 0 1 -2 -1 2 -2147483648 -2147483648 -2147483648 -2147483648 -3 3 -2147483648 -2147483648 -2147483648 -2147483648 -2147483648 -2147483648 -2147483648 -2147483648 -2147483648 -2147483648 4 -5 -2147483648 -2147483648 -2147483648 -2147483648 -2147483648 -2147483648 -2147483648 -2147483648 -2147483648 -2147483648 -2147483648 -2147483648 -2147483648 -2147483648 -2147483648 -2147483648 -2147483648 -2147483648 -2147483648 -2147483648 5 -6 -2147483648 -2147483648 -2147483648 -2147483648 -2147483648 -2147483648 -2147483648 -2147483648 -2147483648 -2147483648 -2147483648 -2147483648 -2147483648 -2147483648 -2147483648 -2147483648 -2147483648 -2147483648 -2147483648 -2147483648 -2147483648 -2147483648 -2147483648 -2147483648 -2147483648 -2147483648 -2147483648 -2147483648 -2147483648 -2147483648 -2147483648 -2147483648 -2147483648 -2147483648 -2147483648 -2147483648 -2147483648 -2147483648 -2147483648 -2147483648 -2147483648 -2147483648 -4 -7 -2147483648 -2147483648 -2147483648 -2147483648 -2147483648 -2147483648 -2147483648 -2147483648 -2147483648 -2147483648 -2147483648 -2147483648 -2147483648 -2147483648 -2147483648 -2147483648 -2147483648 -2147483648 -2147483648 -2147483648 -2147483648 -2147483648 -2147483648 -2147483648 -2147483648 -2147483648 -2147483648 -2147483648 -2147483648 -2147483648 -2147483648 -2147483648 -2147483648 -2147483648 -2147483648 -2147483648 -2147483648 -2147483648
split_feature= 1 1 6 8 7 8
split_gain= 683.745 160.832 81.7574 5.51293 74.4949 35.6108
threshold= 5.6042500000000013 2.7820000000000005 2.0653737590585881 -117.79499999999999 37.935000000000009 -122.21499999999999
decision_type= 2 2 2 2 2 2
left_child=1 -1 -3 4 5 -4
right_child=-2 2 3 -5 -6 -7
leaf_value= -0.028243872463083186 0.053737770361532225 0.047037599210516028 0.064601730135180765 -0.032106703775951824 -0.031207989096300438 0.0055007840524282786
leaf_weight=5096 2406 920 525 1374 1430 4761
leaf_count=5096 2406 920 525 1374 1430 4761
model_size=704
internal_value=0 -0.00916582 0.00162461 -0.00353979 0.0023046 0.0113706
internal_weight=0 14106 9010 8090 6716 5286
internal_count=16512 14106 9010 8090 6716 5286
is_linear=0
shrinkage=0.1


Tree=12
num_leaves= 8
num_cat= 0
full_tree_array_lgbids= 0 2 1 3 -4 5 -3 4 -5 -2147483648 -2147483648 -2 6 -2147483648 -2147483648 -1 -6 -2147483648 -2147483648 -2147483648 -2147483648 -2147483648 -2147483648 -2147483648 -2147483648 -7 -8 -2147483648 -2147483648 -2147483648 -2147483648
split_feature= 1 1 6 7 8 2 6
split_gain= 548.265 68.2609 45.4972 18.9251 29.0186 5.01311 11.5346
threshold= 4.5301500000000017 7.2638000000000007 2.4469862317432325 37.965000000000011 -117.895 16.500000000000004 2.1628386478062818
decision_type= 2 2 2 2 2 2 2
left_child=2 5 3 4 -1 -2 -7
right_child=1 -3 -4 -5 -6 6 -8
leaf_value= 0.032468544433979028 -0.0082205516784287953 0.0753823915766514 -0.020720298226843889 -0.032022611701092413 -0.023321292042579257 0.10744665780179359 0.026855828786192346
leaf_weight=1920 1058 854 8340 782 694 237 2627
leaf_count=1920 1058 854 8340 782 694 237 2627
model_size=816
internal_value=0 0.0317618 -0.0129256 0.006217 0.0176567 0.0222636 0.0335248
internal_weight=0 4776 11736 3396 2614 3922 2864
internal_count=16512 4776 11736 3396 2614 3922 2864
is_linear=0
shrinkage=0.1


Tree=13
num_leaves= 8
num_cat= 0
full_tree_array_lgbids= 0 3 1 4 5 2 -3 -1 -6 6 -7 -2 -4 -2147483648 -2147483648 -2147483648 -2147483648 -2147483648 -2147483648 -5 -8 -2147483648 -2147483648 -2147483648 -2147483648 -2147483648 -2147483648 -2147483648 -2147483648 -2147483648 -2147483648
split_feature= 1 1 6 7 8 8 7
split_gain= 441.509 89.7828 17.6695 6.91067 142.104 102.859 35.9592
threshold= 3.8346500000000003 6.2770500000000009 2.9742256672023202 34.455000000000005 -118.30499999999999 -121.675 38.675000000000004
decision_type= 2 2 2 2 2 2 2
left_child=3 2 -2 4 -1 6 -5
right_child=1 -3 -4 5 -6 -7 -8
leaf_value= 0.043062739879781153 0.025226465124921455 0.054964269497531859 -0.0083055938636502763 0.012536499914119282 -0.016260042260327824 -0.0480365077293625 -0.052314620571082771
leaf_weight=973 3381 1536 2141 1597 3747 2614 523
leaf_count=973 3381 1536 2141 1597 3747 2614 523
model_size=816
internal_value=0 0.0215264 0.0122254 -0.0160708 -0.004031 -0.028075 -0.00346215
internal_weight=0 7058 5522 9454 4720 4734 2120
internal_count=16512 7058 5522 9454 4720 4734 2120
is_linear=0
shrinkage=0.1


Tree=14
num_leaves= 9
num_cat= 0
full_tree_array_lgbids= 0 1 -2 -1 2 -2147483648 -2147483648 -2147483648 -2147483648 7 3 -2147483648 -2147483648 -2147483648 -2147483648 -2147483648 -2147483648 -2147483648 -2147483648 -3 -9 4 5 -2147483648 -2147483648 -2147483648 -2147483648 -2147483648 -2147483648 -2147483648 -2147483648 -2147483648 -2147483648 -2147483648 -2147483648 -2147483648 -2147483648 -2147483648 -2147483648 -2147483648 -2147483648 -2147483648 -2147483648 -4 -6 6 -7 -2147483648 -2147483648 -2147483648 -2147483648 -2147483648 -2147483648 -2147483648 -2147483648 -2147483648 -2147483648 -2147483648 -2147483648 -2147483648 -2147483648 -2147483648 -2147483648 -2147483648 -2147483648 -2147483648 -2147483648 -2147483648 -2147483648 -2147483648 -2147483648 -2147483648 -2147483648 -2147483648 -2147483648 -2147483648 -2147483648 -2147483648 -2147483648 -2147483648 -2147483648 -2147483648 -2147483648 -2147483648 -2147483648 -2147483648 -2147483648 -2147483648 -2147483648 -2147483648 -2147483648 -5 -8 -2147483648 -2147483648 -2147483648 -2147483648 -2147483648 -2147483648 -2147483648 -2147483648 -2147483648 -2147483648 -2147483648 -2147483648 -2147483648 -2147483648 -2147483648 -2147483648 -2147483648 -2147483648 -2147483648 -2147483648 -2147483648 -2147483648 -2147483648 -2147483648 -2147483648 -2147483648 -2147483648 -2147483648 -2147483648 -2147483648 -2147483648 -2147483648 -2147483648 -2147483648
split_feature= 1 1 8 7 8 8 7 7
split_gain= 336.994 71.8146 43.4261 61.9532 185.331 77.3155 51.4758 21.9262
threshold= 5.8308000000000009 2.3096500000000004 -122.35499999999998 34.455000000000005 -118.30499999999999 -121.56499999999998 37.595000000000006 38.705000000000005
decision_type= 2 2 2 2 2 2 2 2
left_child=1 -1 7 4 -4 6 -5 -3
right_child=-2 2 3 5 -6 -7 -8 -9
leaf_value= -0.028882440600092481 0.044118994024638002 0.05846929782912013 0.046547684135384834 0.034538195511417291 -0.0059899902718819819 -0.041235349664207881 -0.024044776342087487 -0.041719304289548627
leaf_weight=3126 2094 807 1543 961 4390 2232 1173 186
leaf_count=3126 2094 807 1543 961 4390 2232 1173 186
model_size=928
internal_value=0 -0.00640763 -0.000185854 -0.00403181 0.00767352 -0.0199383 0.00233678 0.0397029
internal_weight=0 14418 11292 10299 5933 4366 2134 993
internal_count=16512 14418 11292 10299 5933 4366 2134 993
is_linear=0
shrinkage=0.1


Tree=15
num_leaves= 5
num_cat= 0
full_tree_array_lgbids= 0 -1 1 -2147483648 -2147483648 2 -3 -2147483648 -2147483648 -2147483648 -2147483648 3 -4 -2147483648 -2147483648 -2147483648 -2147483648 -2147483648 -2147483648 -2147483648 -2147483648 -2147483648 -2147483648 -2 -5 -2147483648 -2147483648 -2147483648 -2147483648 -2147483648 -2147483648
split_feature= 1 1 6 2
split_gain= 254.803 39.9998 29.1144 9.1166
threshold= 3.8346500000000003 8.7395500000000013 3.016322398451238 21.500000000000004
decision_type= 2 2 2 2
left_child=-1 2 3 -2
right_child=1 -3 -4 -5
leaf_value= -0.013188491893667243 -0.00026015650004906508 0.08410377947792208 -0.0066602596793867846 0.038043637996617113
leaf_weight=9454 1408 365 2387 2898
leaf_count=9454 1408 365 2387 2898
model_size=480
internal_value=0 0.0176656 0.0140425 0.0255188
internal_weight=0 7058 6693 4306
internal_count=16512 7058 6693 4306
is_linear=0
shrinkage=0.1


Tree=16
num_leaves= 8
num_cat= 0
full_tree_array_lgbids= 0 1 -2 2 -3 -2147483648 -2147483648 -1 3 -2147483648 -2147483648 -2147483648 -2147483648 -2147483648 -2147483648 -2147483648 -2147483648 4 -5 -2147483648 -2147483648 -2147483648 -2147483648 -2147483648 -2147483648 -2147483648 -2147483648 -2147483648 -2147483648 -2147483648 -2147483648 -2147483648 -2147483648 -2147483648 -2147483648 5 -6 -2147483648 -2147483648 -2147483648 -2147483648 -2147483648 -2147483648 -2147483648 -2147483648 -2147483648 -2147483648 -2147483648 -2147483648 -2147483648 -2147483648 -2147483648 -2147483648 -2147483648 -2147483648 -2147483648 -2147483648 -2147483648 -2147483648 -2147483648 -2147483648 -2147483648 -2147483648 -2147483648 -2147483648 -2147483648 -2147483648 -2147483648 -2147483648 -2147483648 -2147483648 -4 6 -2147483648 -2147483648 -2147483648 -2147483648 -2147483648 -2147483648 -2147483648 -2147483648 -2147483648 -2147483648 -2147483648 -2147483648 -2147483648 -2147483648 -2147483648 -2147483648 -2147483648 -2147483648 -2147483648 -2147483648 -2147483648 -2147483648 -2147483648 -2147483648 -2147483648 -2147483648 -2147483648 -2147483648 -2147483648 -2147483648 -2147483648 -2147483648 -2147483648 -2147483648 -2147483648 -2147483648 -2147483648 -2147483648 -2147483648 -2147483648 -2147483648 -2147483648 -2147483648 -2147483648 -2147483648 -2147483648 -2147483648 -2147483648 -2147483648 -2147483648 -2147483648 -2147483648 -2147483648 -2147483648 -2147483648 -2147483648 -2147483648 -2147483648 -2147483648 -2147483648 -2147483648 -2147483648 -2147483648 -2147483648 -2147483648 -2147483648 -2147483648 -2147483648 -2147483648 -2147483648 -2147483648 -2147483648 -7 -8 -2147483648 -2147483648 -2147483648 -2147483648 -2147483648 -2147483648 -2147483648 -2147483648 -2147483648 -2147483648 -2147483648 -2147483648 -2147483648 -2147483648 -2147483648 -2147483648 -2147483648 -2147483648 -2147483648 -2147483648 -2147483648 -2147483648 -2147483648 -2147483648 -2147483648 -2147483648 -2147483648 -2147483648 -2147483648 -2147483648 -2147483648 -2147483648 -2147483648 -2147483648 -2147483648 -2147483648 -2147483648 -2147483648 -2147483648 -2147483648 -2147483648 -2147483648 -2147483648 -2147483648 -2147483648 -2147483648 -2147483648 -2147483648 -2147483648 -2147483648 -2147483648 -2147483648 -2147483648 -2147483648 -2147483648 -2147483648 -2147483648 -2147483648 -2147483648 -2147483648 -2147483648 -2147483648 -2147483648 -2147483648 -2147483648 -2147483648 -2147483648 -2147483648 -2147483648 -2147483648 -2147483648 -2147483648 -2147483648 -2147483648 -2147483648 -2147483648 -2147483648 -2147483648 -2147483648 -2147483648 -2147483648 -2147483648 -2147483648 -2147483648 -2147483648 -2147483648 -2147483648 -2147483648 -2147483648 -2147483648 -2147483648 -2147483648 -2147483648 -2147483648 -2147483648 -2147483648 -2147483648 -2147483648 -2147483648 -2147483648 -2147483648 -2147483648 -2147483648 -2147483648 -2147483648 -2147483648 -2147483648 -2147483648
split_feature= 1 7 8 6 8 7 8
split_gain= 199.053 38.2228 163.148 49.6564 22.5683 122.859 128.705
threshold= 5.8308000000000009 37.915000000000006 -122.31499999999998 3.0973600929976173 -117.77499999999999 34.655000000000008 -120.47499999999998
decision_type= 2 2 2 2 2 2 2
left_child=1 2 -1 4 5 -4 -7
right_child=-2 -3 3 -5 -6 6 -8
leaf_value= 0.069170293039822917 0.037039615204469238 -0.027586023397375634 0.034887141069420681 -0.019530956392074954 -0.020204400659388257 0.011897697522112392 -0.062455837596292141
leaf_weight=580 2094 2758 2837 4370 1620 1590 663
leaf_count=580 2094 2758 2837 4370 1620 1590 663
model_size=816
internal_value=0 -0.00537945 -0.000126818 -0.00375428 0.00652054 0.0150263 -0.00998264
internal_weight=0 14418 11660 11080 6710 5090 2253
internal_count=16512 14418 11660 11080 6710 5090 2253
is_linear=0
shrinkage=0.1


Tree=17
num_leaves= 5
num_cat= 0
full_tree_array_lgbids= 0 1 -2 2 -3 -2147483648 -2147483648 3 -4 -2147483648 -2147483648 -2147483648 -2147483648 -2147483648 -2147483648 -1 -5 -2147483648 -2147483648 -2147483648 -2147483648 -2147483648 -2147483648 -2147483648 -2147483648 -2147483648 -2147483648 -2147483648 -2147483648 -2147483648 -2147483648
split_feature= 1 6 7 8
split_gain= 141.562 6.30667 15.97 29.1247
threshold= 5.3736000000000006 2.8079590171801518 37.815000000000005 -122.29499999999999
decision_type= 2 2 2 2
left_child=1 2 3 -1
right_child=-2 -3 -4 -5
leaf_value= 0.077731453558169128 0.028424447559291577 -0.015781761836976198 -0.019005379841806225 0.0083083409036355544
leaf_weight=356 2793 6842 1950 4571
leaf_count=356 2793 6842 1950 4571
model_size=480
internal_value=0 -0.00578683 0.00415724 0.0133245
internal_weight=0 13719 6877 4927
internal_count=16512 13719 6877 4927
is_linear=0
shrinkage=0.1


Tree=18
num_leaves= 3
num_cat= 0
full_tree_array_lgbids= 0 -1 1 -2147483648 -2147483648 -2 -3
split_feature= 1 2
split_gain= 103.545 2.2173
threshold= 3.9221500000000007 17.500000000000004
decision_type= 2 2
left_child=-1 -2
right_child=1 -3
leaf_value= -0.0099335416038258025 -0.0075639904257379853 0.023187953795252132
leaf_weight=9728 1973 4811
leaf_count=9728 1973 4811
model_size=256
internal_value=0 0.0142443
internal_weight=0 6784
internal_count=16512 6784
is_linear=0
shrinkage=0.1


Tree=19
num_leaves= 2
num_cat= 0
full_tree_array_lgbids= 0 -1 -2
split_feature= 1
split_gain= 73.5731
threshold= 5.8308000000000009
decision_type= 2
left_child=-1
right_child=-2
leaf_value= -0.0042328981216161474 0.029145140783886189
leaf_weight=14418 2094
leaf_count=14418 2094
model_size=144
internal_value=0
internal_weight=0
internal_count=16512
is_linear=0
shrinkage=0.1


Tree=20
num_leaves= 2
num_cat= 0
full_tree_array_lgbids= 0 -1 -2
split_feature= 1
split_gain= 48.9845
threshold= 3.5488500000000003
decision_type= 2
left_child=-1
right_child=-2
leaf_value= -0.010398037501743597 0.010433361966569792
leaf_weight=8270 8242
leaf_count=8270 8242
model_size=144
internal_value=0
internal_weight=0
internal_count=16512
is_linear=0
shrinkage=0.1


Tree=21
num_leaves= 4
num_cat= 0
full_tree_array_lgbids= 0 1 -2 2 -3 -2147483648 -2147483648 -1 -4 -2147483648 -2147483648 -2147483648 -2147483648 -2147483648 -2147483648
split_feature= 7 8 6
split_gain= 43.7967 123.283 92.5767
threshold= 37.925000000000004 -117.75499999999998 3.1100458715596333
decision_type= 2 2 2
left_child=1 2 -1
right_child=-2 -3 -4
leaf_value= 0.022543248894011089 -0.022321674787371758 -0.02223785037514928 -0.0071676767443030961
leaf_weight=6862 2882 2777 3991
leaf_count=6862 2882 2777 3991
model_size=368
internal_value=0 0.00471981 0.0116176
internal_weight=0 13630 10853
internal_count=16512 13630 10853
is_linear=0
shrinkage=0.1


Tree=22
num_leaves= 3
num_cat= 0
full_tree_array_lgbids= 0 1 -2 -1 -3 -2147483648 -2147483648
split_feature= 1 6
split_gain= 20.2948 4.94363
threshold= 6.8672000000000013 2.5763869593405579
decision_type= 2 2
left_child=1 -1
right_child=-2 -3
leaf_value= 0.010389711274168024 0.036824195304076199 -0.0092653471765104176
leaf_weight=5345 1040 10127
leaf_count=5345 1040 10127
model_size=256
internal_value=0 -0.00247526
internal_weight=0 15472
internal_count=16512 15472
is_linear=0
shrinkage=0.1


Tree=23
num_leaves= 4
num_cat= 0
full_tree_array_lgbids= 0 1 -2 2 -3 -2147483648 -2147483648 -1 -4 -2147483648 -2147483648 -2147483648 -2147483648 -2147483648 -2147483648
split_feature= 7 8 6
split_gain= 10.5798 74.1666 36.1941
threshold= 37.925000000000004 -117.77499999999999 3.102783329035586
decision_type= 2 2 2
left_child=1 2 -1
right_child=-2 -3 -4
leaf_value= 0.020076277984762823 -0.020083361435649167 -0.019644775227782914 -0.0056178446954816578
leaf_weight=6781 2882 2836 4013
leaf_count=6781 2882 2836 4013
model_size=368
internal_value=0 0.00424653 0.0105237
internal_weight=0 13630 10794
internal_count=16512 13630 10794
is_linear=0
shrinkage=0.1


end of trees

feature_importances:
Column_1=54
Column_6=40
Column_7=27
Column_8=26
Column_2=15
Column_3=3

parameters:
[boosting: gbdt]
[objective: regression]
[metric: rmse]
[tree_learner: serial]
[device_type: cpu]
[data_sample_strategy: bagging]
[data: data/california_housing.libsvm.train]
[valid: data/california_housing.libsvm.test]
[num_iterations: 100]
[learning_rate: 0.1]
[num_leaves: 255]
[num_threads: 0]
[seed: 42]
[deterministic: 0]
[force_col_wise: 0]
[force_row_wise: 0]
[histogram_pool_size: -1]
[max_depth: 7]
[min_data_in_leaf: 10]
[min_sum_hessian_in_leaf: 0.001]
[bagging_fraction: 1]
[pos_bagging_fraction: 1]
[neg_bagging_fraction: 1]
[bagging_freq: 0]
[bagging_seed: 400]
[feature_fraction: 1]
[feature_fraction_bynode: 1]
[feature_fraction_seed: 30056]
[extra_trees: 0]
[extra_seed: 12879]
[early_stopping_round: 0]
[early_stopping_min_delta: 0]
[first_metric_only: 0]
[max_delta_step: 0]
[lambda_l1: 0]
[lambda_l2: 0]
[linear_lambda: 0]
[min_gain_to_split: 0]
[drop_rate: 0.1]
[max_drop: 50]
[skip_drop: 0.5]
[xgboost_dart_mode: 0]
[uniform_drop: 0]
[drop_seed: 17869]
[top_rate: 0.2]
[other_rate: 0.1]
[min_data_per_group: 100]
[max_cat_threshold: 32]
[cat_l2: 10]
[cat_smooth: 10]
[max_cat_to_onehot: 4]
[top_k: 20]
[monotone_constraints: ]
[monotone_constraints_method: basic]
[monotone_penalty: 0]
[feature_contri: ]
[forcedsplits_filename: ]
[refit_decay_rate: 0.9]
[tinygbdt_penalty_feature: 16]
[tinygbdt_penalty_split: 0.0078125]
[tinygbdt_forestsize: 64000]
[tinygbdt_precision: 7]
[cegb_tradeoff: 1]
[cegb_penalty_split: 0]
[cegb_penalty_feature_lazy: ]
[cegb_penalty_feature_coupled: ]
[path_smooth: 0]
[interaction_constraints: ]
[verbosity: 2]
[saved_feature_importance_type: 0]
[use_quantized_grad: 0]
[num_grad_quant_bins: 4]
[quant_train_renew_leaf: 0]
[stochastic_rounding: 1]
[linear_tree: 0]
[max_bin: 255]
[max_bin_by_feature: ]
[min_data_in_bin: 3]
[bin_construct_sample_cnt: 200000]
[data_random_seed: 175]
[is_enable_sparse: 1]
[enable_bundle: 1]
[use_missing: 1]
[zero_as_missing: 0]
[feature_pre_filter: 1]
[pre_partition: 0]
[two_round: 0]
[header: 0]
[label_column: ]
[weight_column: ]
[group_column: ]
[ignore_column: ]
[categorical_feature: ]
[forcedbins_filename: ]
[precise_float_parser: 0]
[parser_config_file: ]
[objective_seed: 16083]
[num_class: 1]
[is_unbalance: 0]
[scale_pos_weight: 1]
[sigmoid: 1]
[boost_from_average: 1]
[reg_sqrt: 0]
[alpha: 0.9]
[fair_c: 1]
[poisson_max_delta_step: 0.7]
[tweedie_variance_power: 1.5]
[lambdarank_truncation_level: 30]
[lambdarank_norm: 1]
[label_gain: ]
[lambdarank_position_bias_regularization: 0]
[eval_at: ]
[multi_error_top_k: 1]
[auc_mu_weights: ]
[num_machines: 1]
[local_listen_port: 12400]
[time_out: 120]
[machine_list_filename: ]
[machines: ]
[gpu_platform_id: -1]
[gpu_device_id: -1]
[gpu_use_dp: 0]
[num_gpu: 1]

end of parameters
