tree
version=v4
num_class=1
num_tree_per_iteration=1
label_index=0
max_feature_idx=7
objective=regression
feature_names=Column_0 Column_1 Column_2 Column_3 Column_4 Column_5 Column_6 Column_7
feature_infos=[-1.570595979690552:1.570752859115601] [-1.570681214332581:1.5706571340560909] [-1.5706690549850459:1.5707360506057739] [-1.5702953338623051:1.5700980424880981] [-1.570364356040955:1.570599317550659] [-1.5702542066574101:1.5705970525741582] [-1.570304274559021:1.5705224275588989] [-1.5689036846160889:1.570236444473267]
tree_sizes=910 932 933 940 939 933 935 939 937 933 936 943 936 879 874 806 870 736 879 665 870 738 737 736 942 809 501 741 379 497 807 665 800

Tree=0
num_leaves= 8
num_cat= 0
full_tree_array_lgbids= 0 1 3 4 2 5 6 -1 -6 -3 -4 -2 -7 -5 -8
split_feature= 2 4 2 2 2 4 6
split_gain= 106.652 22.4716 7.87093 4.66643 3.60612 2.41678 2.08987
threshold= 0.22240778803825376 -0.13487913459539411 -0.33504875004291529 0.831111639738083 -0.35692687332630152 -0.62264147400856007 0.23248040676116946
decision_type= 2 2 2 2 2 2 2
left_child=1 4 -3 5 -1 -2 -5
right_child=3 2 -4 6 -6 -7 -8
leaf_value= 0.7213570868071123 0.69735410501160522 0.73837575163418767 0.72390993572897133 0.7002141175522546 0.71020291729298435 0.70848008798438644 0.69110916885282936
leaf_weight=1153 388 1347 619 894 546 964 642
leaf_count=1153 388 1347 619 894 546 964 642
model_size=816
internal_value=0.715004 0.726381 0.733821 0.700565 0.717773 0.705287 0.696409
internal_weight=0 3665 1966 2888 1699 1352 1536
internal_count=6553 3665 1966 2888 1699 1352 1536
is_linear=0
shrinkage=1


Tree=1
num_leaves= 8
num_cat= 0
full_tree_array_lgbids= 0 1 3 4 2 6 5 -1 -6 -3 -4 -2 -8 -5 -7
split_feature= 2 4 2 2 2 6 6
split_gain= 86.169 18.1119 6.33463 3.74255 2.49636 2.00001 1.08195
threshold= 0.22240778803825376 -0.25070770084857935 -0.36874486505985254 0.6500774919986726 -0.35692687332630152 -0.08627330511808394 0.56632831692695629
decision_type= 2 2 2 2 2 2 2
left_child=1 4 -3 6 -1 -5 -2
right_child=3 2 -4 5 -6 -7 -8
leaf_value= 0.0051552576205408911 -0.0038534662303889009 0.020739963801197244 0.0081968422868237845 -0.011759475566418539 -0.0049947355027063801 -0.019703645498932942 -0.013735429696371836
leaf_weight=1068 632 1386 707 930 504 996 330
leaf_count=1068 632 1386 707 930 504 996 330
model_size=816
internal_value=0 0.0102399 0.016503 -0.0129949 0.00190106 -0.0158677 -0.00724333
internal_weight=0 3665 2093 2888 1572 1926 962
internal_count=6553 3665 2093 2888 1572 1926 962
is_linear=0
shrinkage=0.1


Tree=2
num_leaves= 8
num_cat= 0
full_tree_array_lgbids= 0 1 2 4 3 6 5 -1 -6 -3 -5 -2 -8 -4 -7
split_feature= 2 4 2 6 1 3 6
split_gain= 69.8417 15.0393 4.73845 4.46105 1.90076 1.56965 1.42381
threshold= 0.11063466221094136 -0.13487913459539411 0.60325127840042125 1.0996640324592593 -0.7610255479812621 0.4248598068952561 0.56632831692695629
decision_type= 2 2 2 2 2 2 2
left_child=1 4 6 -3 -1 -4 -2
right_child=2 3 5 -5 -6 -7 -8
leaf_value= 0.0096794581127782036 -0.0015816725431822315 0.018731387599230705 -0.011436426607955928 0.003735236153134132 -1.130703668344494e-06 -0.018991432937807615 -0.011622565505337358
leaf_weight=432 717 1536 1324 292 1171 706 375
leaf_count=432 717 1536 1324 292 1171 706 375
model_size=816
internal_value=0 0.00992198 -0.010904 0.0163359 0.00260774 -0.0140639 -0.00502978
internal_weight=0 3431 3122 1828 1603 2030 1092
internal_count=6553 3431 3122 1828 1603 2030 1092
is_linear=0
shrinkage=0.1


Tree=3
num_leaves= 8
num_cat= 0
full_tree_array_lgbids= 0 1 3 5 2 6 4 -1 -7 -3 -4 -2 -8 -5 -6
split_feature= 2 4 2 5 3 5 0
split_gain= 56.4955 12.1365 5.43157 2.95926 5.76793 1.67108 1.40397
threshold= 0.22240778803825376 -0.47479055821895594 -0.52795374393463124 0.12283720821142197 -0.10433290526270864 -0.95036792755126931 0.14897394180297854
decision_type= 2 2 2 2 2 2 2
left_child=1 5 -3 6 -5 -1 -2
right_child=3 2 -4 4 -6 -7 -8
leaf_value= 0.0096962771564425079 -0.0035068845649347362 0.017204623351928901 0.0066054166631739188 -0.0070360980870565436 -0.021386771203920574 -0.0020847809053262546 -0.011564090911946941
leaf_weight=245 862 1376 1002 632 703 1042 691
leaf_count=245 862 1376 1002 632 703 1042 691
model_size=816
internal_value=0 0.00832072 0.0127385 -0.0105594 -0.014593 0.000157922 -0.0070919
internal_weight=0 3665 2378 2888 1335 1287 1553
internal_count=6553 3665 2378 2888 1335 1287 1553
is_linear=0
shrinkage=0.1


Tree=4
num_leaves= 8
num_cat= 0
full_tree_array_lgbids= 0 1 3 5 2 4 6 -1 -7 -3 -4 -2 -6 -5 -8
split_feature= 2 4 5 2 4 0 6
split_gain= 45.7999 9.97304 3.47817 3.37837 2.25015 1.43696 0.714742
threshold= 0.11063466221094136 -0.092393502593040452 0.65354096889495861 0.89601022005081188 -0.62264147400856007 -0.15831713378429405 0.80478918552398693
decision_type= 2 2 2 2 2 2 2
left_child=1 5 -3 4 -2 -1 -5
right_child=3 2 -4 6 -6 -7 -8
leaf_value= 0.0064130585305646297 -0.012411314755527994 0.016803975915545537 0.005727016841038656 -0.011075984423709828 -0.0026273860996949474 -0.0014920579954222221 -0.019620015967260204
leaf_weight=753 493 1258 532 1080 1223 888 326
leaf_count=753 493 1258 532 1080 1223 888 326
model_size=816
internal_value=0 0.00807061 0.0135118 -0.0088694 -0.00543827 0.00213534 -0.013057
internal_weight=0 3431 1790 3122 1716 1641 1406
internal_count=6553 3431 1790 3122 1716 1641 1406
is_linear=0
shrinkage=0.1


Tree=5
num_leaves= 8
num_cat= 0
full_tree_array_lgbids= 0 1 2 4 3 6 5 -1 -6 -3 -5 -2 -8 -4 -7
split_feature= 2 4 2 1 4 5 6
split_gain= 37.39 8.03025 6.11505 2.08062 1.74758 1.6152 1.46438
threshold= -0.21647498756647107 0.56924891471862804 0.47420810163021093 -0.051532631739974015 -0.77998724579811085 0.4545369297266007 0.40036414563655859
decision_type= 2 2 2 2 2 2 2
left_child=1 4 6 -3 -1 -4 -2
right_child=2 3 5 -5 -6 -7 -8
leaf_value= 4.4485060985203343e-05 0.0023865379778194506 0.023865484427455265 -0.0074498999258856089 0.011827176784091578 0.0081277012651817648 -0.014630583927436359 -0.0062893503101290327
leaf_weight=720 889 408 1518 487 1141 824 566
leaf_count=720 889 408 1518 487 1141 824 566
model_size=816
internal_value=0 0.00899952 -0.00653218 0.017315 0.0050004 -0.00997632 -0.000988412
internal_weight=0 2756 3797 895 1861 2342 1455
internal_count=6553 2756 3797 895 1861 2342 1455
is_linear=0
shrinkage=0.1


Tree=6
num_leaves= 8
num_cat= 0
full_tree_array_lgbids= 0 1 2 5 3 4 6 -1 -7 -3 -5 -2 -6 -4 -8
split_feature= 2 4 2 5 4 1 6
split_gain= 30.1484 5.73959 4.96128 1.93469 1.53001 1.46539 1.27868
threshold= -0.24277038127183911 0.56924891471862804 0.52685046195983898 0.65354096889495861 0.29228626191616064 -0.015152493026107548 0.51476114988327037
decision_type= 2 2 2 2 2 2 2
left_child=1 5 4 -3 -2 -1 -4
right_child=2 3 6 -5 -6 -7 -8
leaf_value= 0.0085005411317003021 -0.0046118426572064573 0.01943129102429644 -0.0068779283556965722 0.0064412383898072483 0.0036098105375035523 0.00091475412548193283 -0.013933347059980367
leaf_weight=924 949 614 1476 262 688 904 736
leaf_count=924 949 614 1476 262 688 904 736
model_size=816
internal_value=0 0.00824699 -0.00579367 0.0155461 -0.00115644 0.00474915 -0.00922548
internal_weight=0 2704 3849 876 1637 1828 2212
internal_count=6553 2704 3849 876 1637 1828 2212
is_linear=0
shrinkage=0.1


Tree=7
num_leaves= 8
num_cat= 0
full_tree_array_lgbids= 0 1 3 5 2 6 4 -1 -7 -3 -4 -2 -8 -5 -6
split_feature= 2 4 6 5 3 5 0
split_gain= 24.3106 5.8865 3.42945 1.69987 4.30218 1.20461 0.827475
threshold= 0.22240778803825376 -0.67562311887741078 0.64664298295974743 0.12283720821142197 -0.10433290526270864 -0.47944049537181849 0.30019079148769384
decision_type= 2 2 2 2 2 2 2
left_child=1 5 -3 6 -5 -1 -2
right_child=3 2 -4 4 -6 -7 -8
leaf_value= 0.004985530902542841 -0.0011522962629530017 0.011099379739862643 0.0018596358057854805 -0.0036717746645553227 -0.016519677648893765 -0.0048563697403354693 -0.0085124578001432236
leaf_weight=387 932 1825 769 632 703 684 621
leaf_count=387 932 1825 769 632 703 684 621
model_size=816
internal_value=0 0.00553726 0.00836023 -0.00702703 -0.0104374 -0.00130005 -0.00409541
internal_weight=0 3665 2594 2888 1335 1071 1553
internal_count=6553 3665 2594 2888 1335 1071 1553
is_linear=0
shrinkage=0.1


Tree=8
num_leaves= 8
num_cat= 0
full_tree_array_lgbids= 0 2 1 5 4 3 6 -1 -7 -4 -6 -2 -5 -3 -8
split_feature= 2 2 4 4 5 1 7
split_gain= 20.7481 3.39648 3.13781 2.13233 1.34999 1.2032 1.00394
threshold= -0.33504875004291529 0.70152944326400768 0.56924891471862804 0.26278324425220495 0.65354096889495861 -0.041156854480504983 -1.2809419631958008
decision_type= 2 2 2 2 2 2 2
left_child=2 3 5 -2 -4 -1 -3
right_child=1 6 4 -5 -6 -7 -8
leaf_value= 0.0082253429731786037 -0.0048328873113003953 -0.019467161129585204 0.017003672689979637 0.0030467643255467553 0.0048426758131408787 0.00069204235218438671 -0.0072117353074719745
leaf_weight=847 1277 162 570 932 249 856 1660
leaf_count=847 1277 162 570 932 249 856 1660
model_size=816
internal_value=0 -0.00457881 0.00731847 -0.00150838 0.0133064 0.00443879 -0.00830141
internal_weight=0 4031 2522 2209 819 1703 1822
internal_count=6553 4031 2522 2209 819 1703 1822
is_linear=0
shrinkage=0.1


Tree=9
num_leaves= 8
num_cat= 0
full_tree_array_lgbids= 0 2 1 6 3 4 5 -1 -8 -4 -5 -2 -6 -3 -7
split_feature= 2 2 4 6 0 7 6
split_gain= 16.5676 2.63554 2.58773 1.80412 1.4403 1.08187 0.368141
threshold= -0.34356653690338129 0.4504156112670899 -0.3957854956388473 0.64664298295974743 0.34253489971160894 -1.1613988280296323 -1.2407286167144773
decision_type= 2 2 2 2 2 2 2
left_child=2 4 6 -4 -2 -3 -1
right_child=1 5 3 -5 -6 -7 -8
leaf_value= 0.013206680209314415 0.0029273587676685899 -0.014602803481526698 0.012618903848129368 0.003021016647416669 -0.005249247021106419 -0.005442381076888294 0.00012838662922603727
leaf_weight=106 990 319 1081 476 673 2075 833
leaf_count=106 990 319 1081 476 673 2075 833
model_size=816
internal_value=0 -0.00408822 0.00664499 0.00968468 -0.000381634 -0.00666301 0.00160474
internal_weight=0 4057 2496 1557 1663 2394 939
internal_count=6553 4057 2496 1557 1663 2394 939
is_linear=0
shrinkage=0.1


Tree=10
num_leaves= 8
num_cat= 0
full_tree_array_lgbids= 0 3 1 5 6 4 2 -1 -7 -5 -8 -2 -6 -3 -4
split_feature= 2 6 3 1 0 0 6
split_gain= 13.2158 2.65243 8.71092 2.47179 1.48226 1.24887 0.605775
threshold= -0.36874486505985254 0.40036414563655859 0.03902785666286946 -0.041156854480504983 0.20387880504131317 0.24408297240734103 -0.08627330511808394
decision_type= 2 2 2 2 2 2 2
left_child=3 4 -3 5 -2 -1 -5
right_child=1 2 -4 6 -6 -7 -8
leaf_value= 0.014097221392266513 0.001655800183651893 0.000587726225016845 -0.015421735534052759 0.006368866659613559 -0.0049606205189195174 0.0047934317983378324 -0.0013522779719509343
leaf_weight=679 1445 763 794 595 1107 507 663
leaf_count=679 1445 763 794 595 1107 507 663
model_size=816
internal_value=0 -0.00362502 -0.00757638 0.0060946 -0.00121425 0.01012 0.00229961
internal_weight=0 4109 1557 2444 2552 1186 1258
internal_count=6553 4109 1557 2444 2552 1186 1258
is_linear=0
shrinkage=0.1


Tree=11
num_leaves= 8
num_cat= 0
full_tree_array_lgbids= 0 1 4 3 2 6 5 -1 -5 -3 -4 -2 -8 -6 -7
split_feature= 2 4 5 5 5 3 4
split_gain= 10.7791 3.3514 2.58995 0.899178 0.819884 1.84884 0.340971
threshold= 0.29799550771713262 -0.80669787526130665 0.65354096889495861 -0.95036792755126931 0.4545369297266007 -0.36263959109783167 0.24804390221834183
decision_type= 2 2 2 2 2 2 2
left_child=1 3 -3 -1 6 -6 -2
right_child=4 2 -4 -5 5 -7 -8
leaf_value= 0.0073598060990997501 -0.0055690654732610161 0.0080181421937592003 -9.8287609511185504e-05 -0.0046779340763964481 -0.0017930440907610375 -0.013453877011763694 0.00059431369500687233
leaf_weight=187 1038 2023 830 781 382 582 730
leaf_count=187 1038 2023 830 781 382 582 730
model_size=816
internal_value=0 0.00362783 0.0056569 -0.00235246 -0.00507392 -0.00883309 -0.00302423
internal_weight=0 3821 2853 968 2732 964 1768
internal_count=6553 3821 2853 968 2732 964 1768
is_linear=0
shrinkage=0.1


Tree=12
num_leaves= 8
num_cat= 0
full_tree_array_lgbids= 0 2 1 5 6 3 4 -1 -7 -4 -8 -2 -5 -3 -6
split_feature= 2 7 4 3 4 0 6
split_gain= 8.95986 1.96156 1.94234 1.55744 1.46579 1.1847 0.476534
threshold= -0.36874486505985254 -0.63094553351402272 0.8823601007461549 0.38624238967895513 0.64830824732780468 -0.091760963201522827 1.0996640324592593
decision_type= 2 2 2 2 2 2 2
left_child=2 3 5 -2 -3 -1 -4
right_child=1 4 6 -5 -6 -7 -8
leaf_value= 0.0069627216578729712 -0.0035556424252339638 -0.0032357698544117812 0.014522356816072009 -0.013515221902994102 0.0035439580657764154 -0.00029573650641432692 -0.00069635308833332159
leaf_weight=908 750 2030 453 470 859 990 93
leaf_count=908 750 2030 453 470 859 990 93
model_size=816
internal_value=0 -0.00305263 0.00513226 -0.00739253 -0.00121992 0.0031767 0.0119302
internal_weight=0 4109 2444 1220 2889 1898 546
internal_count=6553 4109 2444 1220 2889 1898 546
is_linear=0
shrinkage=0.1


Tree=13
num_leaves= 7
num_cat= 0
full_tree_array_lgbids= 0 1 4 2 3 -2 5 -1 -4 -3 -5 -2147483648 -2147483648 -6 -7
split_feature= 2 0 1 4 6 5
split_gain= 7.38905 2.75191 1.46149 0.395186 0.391231 1.13168
threshold= 0.41311286389827734 0.24408297240734103 -0.041156854480504983 -0.30422538518905634 0.50101613998413097 -0.78617820143699635
decision_type= 2 2 2 2 2 2
left_child=1 2 -1 -3 -2 -6
right_child=4 3 -4 -5 5 -7
leaf_value= 0.0089930324373290443 -0.0027886011252152365 -0.0046463392588554251 0.0021067282540821173 0.0017898325729625152 0.0014690559175654259 -0.011346067897156392
leaf_weight=1177 1630 710 1181 1013 196 646
leaf_count=1177 1630 710 1181 1013 196 646
model_size=704
internal_value=0 0.00283927 0.00554404 -0.000862333 -0.00468732 -0.00836297
internal_weight=0 4081 2358 1723 2472 842
internal_count=6553 4081 2358 1723 2472 842
is_linear=0
shrinkage=0.1


Tree=14
num_leaves= 7
num_cat= 0
full_tree_array_lgbids= 0 3 1 -1 5 4 2 -2147483648 -2147483648 -5 -7 -2 -6 -3 -4
split_feature= 2 6 3 1 0 0
split_gain= 6.29947 1.90055 6.58691 1.50164 1.16517 0.929517
threshold= -0.62022417783737172 0.48795536160469061 0.03902785666286946 -0.47579921782016749 0.20387880504131317 -0.50676029920577992
decision_type= 2 2 2 2 2 2
left_child=3 4 -3 -1 -2 -5
right_child=1 2 -4 5 -6 -7
leaf_value= 0.010684234810052805 0.0022957691545354201 0.0013335233785837773 -0.012623157588121523 0.0087907352940490534 -0.003531111975542638 -0.00041656073418548509
leaf_weight=657 1708 800 832 397 1315 844
leaf_count=657 1708 800 832 397 1315 844
model_size=704
internal_value=0 -0.00218215 -0.00578165 0.00535189 -0.000238914 0.00252888
internal_weight=0 4655 1632 1898 3023 1241
internal_count=6553 4655 1632 1898 3023 1241
is_linear=0
shrinkage=0.1


Tree=15
num_leaves= 6
num_cat= 0
full_tree_array_lgbids= 0 1 4 3 2 -2 -6 -1 -5 -3 -4 -2147483648 -2147483648 -2147483648 -2147483648
split_feature= 2 4 5 5 7
split_gain= 5.00988 2.22699 2.38681 0.388761 0.311326
threshold= 0.4504156112670899 0.21189168095588687 0.65354096889495861 -0.82036203145980824 -1.1476808190345762
decision_type= 2 2 2 2 2
left_child=1 3 -3 -1 -2
right_child=4 2 -4 -5 -6
leaf_value= 0.0046843438958973291 -0.010822667776575359 0.0086973433807004934 -0.0012835198544445328 -0.0017447488751212833 -0.0030642137066681009
leaf_weight=561 324 1269 538 1791 2070
leaf_count=561 324 1269 538 1791 2070
model_size=592
internal_value=0 0.00236823 0.00572573 -0.000211279 -0.00411423
internal_weight=0 4159 1807 2352 2394
internal_count=6553 4159 1807 2352 2394
is_linear=0
shrinkage=0.1


Tree=16
num_leaves= 7
num_cat= 0
full_tree_array_lgbids= 0 4 1 -1 5 3 2 -2147483648 -2147483648 -6 -7 -2 -5 -3 -4
split_feature= 2 5 3 3 1 4
split_gain= 4.26957 1.53918 5.69981 1.48638 1.01175 0.462066
threshold= -0.6779712140560149 0.19179127365350723 0.2989127933979035 -1.1720492243766782 -1.1786590814590452 0.8823601007461549
decision_type= 2 2 2 2 2 2
left_child=4 3 -3 -2 -1 -6
right_child=1 2 -4 -5 5 -7
leaf_value= 0.015012162702281357 -0.0083415617240930242 0.00015090601695680187 -0.011850051172872878 0.0015812356595405813 0.0016099045355901594 0.0097602000534227421
leaf_weight=204 334 1230 822 2373 1226 364
leaf_count=204 334 1230 822 2373 1226 364
model_size=704
internal_value=0 -0.00180478 -0.00465649 0.000356923 0.00478759 0.00347576
internal_weight=0 4759 2052 2707 1794 1590
internal_count=6553 4759 2052 2707 1794 1590
is_linear=0
shrinkage=0.1


Tree=17
num_leaves= 5
num_cat= 0
full_tree_array_lgbids= 0 1 -2 3 2 -2147483648 -2147483648 -1 -5 -3 -4 -2147483648 -2147483648 -2147483648 -2147483648
split_feature= 2 4 6 5
split_gain= 3.441 2.62414 2.10879 0.236136
threshold= 0.88075530529022228 -0.67562311887741078 0.64664298295974743 -0.77255976200103749
decision_type= 2 2 2 2
left_child=1 3 -3 -1
right_child=-2 2 -4 -5
leaf_value= 0.0028751196116543485 -0.0051483808496678198 0.0052509264378972631 -0.0015345840933017477 -0.0049126430356369937
leaf_weight=362 1432 2560 1093 1106
leaf_count=362 1432 2560 1093 1106
model_size=480
internal_value=0 0.00143966 0.00322066 -0.00299223
internal_weight=0 5121 3653 1468
internal_count=6553 5121 3653 1468
is_linear=0
shrinkage=0.1


Tree=18
num_leaves= 7
num_cat= 0
full_tree_array_lgbids= 0 3 1 -1 5 4 2 -2147483648 -2147483648 -5 -7 -2 -6 -3 -4
split_feature= 2 7 4 1 3 0
split_gain= 2.89537 1.16983 0.72977 0.573774 0.401507 0.185926
threshold= -0.73440709710121144 -0.88851091265678395 0.29228626191616064 -0.49102292954921717 -0.3748409897089004 -0.50676029920577992
decision_type= 2 2 2 2 2 2
left_child=3 4 -3 -1 -2 -5
right_child=1 2 -4 5 -6 -7
leaf_value= 0.0091558840999215688 -0.00071152009468278266 -0.0022596595934859212 0.0025717002984069833 0.007517294525560392 -0.0092759670110595209 -0.0007775726830536382
leaf_weight=579 412 2277 1563 346 637 739
leaf_count=579 412 2277 1563 346 637 739
model_size=704
internal_value=0 -0.0014988 -0.000293145 0.00440361 -0.00591224 0.00186761
internal_weight=0 4889 3840 1664 1049 1085
internal_count=6553 4889 3840 1664 1049 1085
is_linear=0
shrinkage=0.1


Tree=19
num_leaves= 4
num_cat= 0
full_tree_array_lgbids= 0 1 -2 2 -3 -2147483648 -2147483648 -1 -4 -2147483648 -2147483648 -2147483648 -2147483648 -2147483648 -2147483648
split_feature= 2 0 5
split_gain= 2.26263 1.63262 0.928894
threshold= 0.6500774919986726 0.25716689229011541 0.12283720821142197
decision_type= 2 2 2
left_child=1 2 -1
right_child=-2 -3 -4
leaf_value= 0.0064158197779175755 -0.0036898688001171446 -0.0015118068994944172 0.00043953603374708675
leaf_weight=1480 1926 1933 1214
leaf_count=1480 1926 1933 1214
model_size=368
internal_value=0 0.00153592 0.00372272
internal_weight=0 4627 2694
internal_count=6553 4627 2694
is_linear=0
shrinkage=0.1


Tree=20
num_leaves= 7
num_cat= 0
full_tree_array_lgbids= 0 3 1 4 -5 5 2 -1 -6 -2147483648 -2147483648 -2 -7 -3 -4
split_feature= 6 3 5 0 1 5
split_gain= 1.8807 5.98179 4.28139 1.63241 0.620612 0.59063
threshold= 0.64664298295974743 -0.16804680228233337 -0.79602351784706105 0.25716689229011541 -0.17818199843168256 0.2974898517131806
decision_type= 2 2 2 2 2 2
left_child=3 5 -3 4 -1 -2
right_child=1 2 -4 -5 -6 -7
leaf_value= 0.0068004519421127479 0.0075327262838248994 0.0040992015924944331 -0.013009892297317471 -0.0015478680707484219 0.0011648110763223909 -0.0025503775066017136
leaf_weight=1188 511 257 830 1965 1468 334
leaf_count=1188 511 257 830 1965 1468 334
model_size=704
internal_value=0 -0.0034924 -0.00896478 0.00146014 0.00368557 0.00354722
internal_weight=0 1932 1087 4621 2656 845
internal_count=6553 1932 1087 4621 2656 845
is_linear=0
shrinkage=0.1


Tree=21
num_leaves= 5
num_cat= 0
full_tree_array_lgbids= 0 3 1 -1 -5 -2 2 -2147483648 -2147483648 -2147483648 -2147483648 -2147483648 -2147483648 -3 -4
split_feature= 2 7 4 4
split_gain= 1.78742 0.819739 0.328857 0.285069
threshold= -0.49034024775028223 -1.2686905264854433 -0.62264147400856007 0.73437872529029857
decision_type= 2 2 2 2
left_child=3 -2 -3 -1
right_child=1 2 -4 -5
leaf_value= 0.0014156521278333477 -0.00867731885173007 -0.0041516794974887205 0.00054800423036312652 0.0078055860519728737
leaf_weight=1588 414 1165 2790 596
leaf_count=1588 414 1165 2790 596
model_size=480
internal_value=0 -0.00157935 -0.000836353 0.00315943
internal_weight=0 4369 3955 2184
internal_count=6553 4369 3955 2184
is_linear=0
shrinkage=0.1


Tree=22
num_leaves= 5
num_cat= 0
full_tree_array_lgbids= 0 1 -2 3 2 -2147483648 -2147483648 -1 -5 -3 -4 -2147483648 -2147483648 -2147483648 -2147483648
split_feature= 2 4 5 6
split_gain= 1.40197 1.32247 1.63969 0.194451
threshold= 0.93685343861579906 0.29228626191616064 0.65354096889495861 -0.37835273146629328
decision_type= 2 2 2 2
left_child=1 3 -3 -1
right_child=-2 2 -4 -5
leaf_value= 0.0020561288570416091 -0.0041727705318780539 0.0063893983293397605 -0.001928969216408211 -0.0027489384248670489
leaf_weight=1203 1328 1487 653 1882
leaf_count=1203 1328 1487 653 1882
model_size=480
internal_value=0 0.00106056 0.00385113 -0.000875196
internal_weight=0 5225 2140 3085
internal_count=6553 5225 2140 3085
is_linear=0
shrinkage=0.1


Tree=23
num_leaves= 5
num_cat= 0
full_tree_array_lgbids= 0 -1 1 -2147483648 -2147483648 3 2 -2147483648 -2147483648 -2147483648 -2147483648 -2 -5 -3 -4
split_feature= 1 6 3 0
split_gain= 1.27167 1.43419 4.25451 0.493975
threshold= -1.1993861794471739 0.38282012939453131 0.26035444438457495 0.67757943272590648
decision_type= 2 2 2 2
left_child=-1 3 -3 -2
right_child=1 2 -4 -5
leaf_value= 0.0057155411902769411 0.0025448692833366141 0.00089898660557309823 -0.0094313541212375923 -0.0026336242004723911
leaf_weight=754 2540 1233 963 1063
leaf_count=754 2540 1233 963 1063
model_size=480
internal_value=0 -0.000743148 -0.00363112 0.00101705
internal_weight=0 5799 2196 3603
internal_count=6553 5799 2196 3603
is_linear=0
shrinkage=0.1


Tree=24
num_leaves= 8
num_cat= 0
full_tree_array_lgbids= 0 3 1 4 6 5 2 -1 -6 -5 -8 -2 -7 -3 -4
split_feature= 5 3 6 3 6 2 0
split_gain= 1.06177 4.51512 4.89537 0.957294 4.00774 0.431046 0.287104
threshold= 0.18079009652137759 -0.19819757342338556 -0.34208901226520533 -1.1821406483650208 0.023997919633984569 1.0982756614685056 -0.11098424345254898
decision_type= 2 2 2 2 2 2 2
left_child=3 5 -3 4 -1 -2 -5
right_child=1 2 -4 6 -6 -7 -8
leaf_value= -0.0151716167333718 0.0045076865845213032 0.0018120867794112476 -0.011286513176664766 0.0052337962450298321 0.007497492683100568 -0.0065611206393325436 0.00048027046679973811
leaf_weight=248 1089 601 995 1523 191 188 1718
leaf_count=248 1089 601 995 1523 191 188 1718
model_size=816
internal_value=0 -0.00225048 -0.00635402 0.00175697 -0.00530875 0.00287814 0.00271403
internal_weight=0 2873 1596 3680 439 1277 3241
internal_count=6553 2873 1596 3680 439 1277 3241
is_linear=0
shrinkage=0.1


Tree=25
num_leaves= 6
num_cat= 0
full_tree_array_lgbids= 0 2 1 -1 3 4 -3 -2147483648 -2147483648 -4 -5 -2 -6 -2147483648 -2147483648
split_feature= 7 4 3 6 5
split_gain= 1.00506 0.593477 0.462765 1.48722 0.144834
threshold= -0.63094553351402272 0.73437872529029857 -0.30049589276313776 -0.51789262890815724 0.08840771391987802
decision_type= 2 2 2 2 2
left_child=2 4 -1 -4 -2
right_child=1 -3 3 -5 -6
leaf_value= 0.00071705747537965762 0.00210143566238901 0.0048634714223326908 0.0015818398200512767 -0.0095413612318617988 -0.0023809000619649905
leaf_weight=814 1791 1228 369 741 1610
leaf_count=814 1791 1228 369 741 1610
model_size=592
internal_value=0 0.00127517 -0.00306797 -0.00584365 -2.04581e-05
internal_weight=0 4629 1924 1110 3401
internal_count=6553 4629 1924 1110 3401
is_linear=0
shrinkage=0.1


Tree=26
num_leaves= 3
num_cat= 0
full_tree_array_lgbids= 0 -1 1 -2147483648 -2147483648 -2 -3
split_feature= 2 7
split_gain= 0.859129 0.0435579
threshold= -0.73440709710121144 -1.3602905869483948
decision_type= 2 2
left_child=-1 -2
right_child=1 -3
leaf_value= 0.0033043769361886287 -0.0080842293913107217 -0.00064862749027969806
leaf_weight=1664 313 4576
leaf_count=1664 313 4576
model_size=256
internal_value=0 -0.00112466
internal_weight=0 4889
internal_count=6553 4889
is_linear=0
shrinkage=0.1


Tree=27
num_leaves= 5
num_cat= 0
full_tree_array_lgbids= 0 -1 1 -2147483648 -2147483648 3 2 -2147483648 -2147483648 -2147483648 -2147483648 -2 -5 -3 -4
split_feature= 1 6 5 4
split_gain= 0.678424 0.57274 1.99094 0.246128
threshold= -1.0771715641021729 0.38282012939453131 -0.42367228865623469 -0.13487913459539411
decision_type= 2 2 2 2
left_child=-1 3 -3 -2
right_child=1 2 -4 -5
leaf_value= 0.0043427233389912619 -0.0017270376843926125 0.0022632303896045719 -0.0063959988025395938 0.0028912654249845212
leaf_weight=1014 1608 738 1349 1844
leaf_count=1014 1608 738 1349 1844
model_size=480
internal_value=0 -0.000795003 -0.00333394 0.000739982
internal_weight=0 5539 2087 3452
internal_count=6553 5539 2087 3452
is_linear=0
shrinkage=0.1


Tree=28
num_leaves= 2
num_cat= 0
full_tree_array_lgbids= 0 -1 -2
split_feature= 2
split_gain= 0.466235
threshold= -0.18898857384920123
decision_type= 2
left_child=-1
right_child=-2
leaf_value= 0.0020495128524913512 -0.0015367241798894162
leaf_weight=2808 3745
leaf_count=2808 3745
model_size=144
internal_value=0
internal_weight=0
internal_count=6553
is_linear=0
shrinkage=0.1


Tree=29
num_leaves= 3
num_cat= 0
full_tree_array_lgbids= 0 1 -2 -1 -3 -2147483648 -2147483648
split_feature= 0 1
split_gain= 0.365172 0.155621
threshold= -0.11098424345254898 0.98973819613456748
decision_type= 2 2
left_child=1 -1
right_child=-2 -3
leaf_value= 0.0030165270838703514 -0.0016079279353644908 -0.0031866305020684296
leaf_weight=2470 3522 561
leaf_count=2470 3522 561
model_size=256
internal_value=0 0.0018684
internal_weight=0 3031
internal_count=6553 3031
is_linear=0
shrinkage=0.1


Tree=30
num_leaves= 6
num_cat= 0
full_tree_array_lgbids= 0 1 4 2 3 -2 -6 -1 -4 -3 -5 -2147483648 -2147483648 -2147483648 -2147483648
split_feature= 7 5 4 3 4
split_gain= 0.3302 0.147187 1.08055 0.342335 0.0168009
threshold= -0.63094553351402272 0.18079009652137759 -0.29606220126152027 -0.68933159112930287 0.73437872529029857
decision_type= 2 2 2 2 2
left_child=1 2 -1 -3 -2
right_child=4 3 -4 -5 -6
leaf_value= -0.0063478219737951036 -1.721613368329275e-05 0.0010648202938118986 0.0037978796298398102 -0.0094916408341593796 0.0042307936268667495
leaf_weight=423 3401 255 685 561 1228
leaf_count=423 3401 255 685 561 1228
model_size=592
internal_value=0 -0.00266989 -7.54342e-05 -0.00619275 0.00110971
internal_weight=0 1924 1108 816 4629
internal_count=6553 1924 1108 816 4629
is_linear=0
shrinkage=0.1


Tree=31
num_leaves= 4
num_cat= 0
full_tree_array_lgbids= 0 1 -2 -1 2 -2147483648 -2147483648 -2147483648 -2147483648 -3 -4 -2147483648 -2147483648 -2147483648 -2147483648
split_feature= 2 1 4
split_gain= 0.220142 0.414216 0.328822
threshold= 1.0605511665344243 -1.1993861794471739 -0.99983337521553006
decision_type= 2 2 2
left_child=1 -1 -3
right_child=-2 2 -4
leaf_value= 0.0060676846576945415 -0.0037899314775564821 -0.0040917524264490008 0.0010212066102391814
leaf_weight=637 1075 926 3915
leaf_count=637 1075 926 3915
model_size=368
internal_value=0 0.000743734 4.31855e-05
internal_weight=0 5478 4841
internal_count=6553 5478 4841
is_linear=0
shrinkage=0.1


Tree=32
num_leaves= 6
num_cat= 0
full_tree_array_lgbids= 0 3 1 -1 -5 4 2 -2147483648 -2147483648 -2147483648 -2147483648 -2 -6 -3 -4
split_feature= 6 3 5 0 5
split_gain= 0.0779595 2.00741 1.14249 0.228111 0.053488
threshold= 0.79071232676506054 -0.16804680228233337 -0.82036203145980824 0.25716689229011541 0.2974898517131806
decision_type= 2 2 2 2 2
left_child=3 4 -3 -1 -2
right_child=1 2 -4 -5 -6
leaf_value= 0.0026085285344283637 0.006270260275770061 0.0030542457709088924 -0.01001309975082177 -0.0013414829074202236 -0.0036545971588553233
leaf_weight=2831 451 212 705 2076 278
leaf_count=2831 451 212 705 2076 278
model_size=592
internal_value=0 -0.00279455 -0.00699208 0.000937401 0.00248547
internal_weight=0 1646 917 4907 729
internal_count=6553 1646 917 4907 729
is_linear=0
shrinkage=0.1


end of trees

feature_importances:
Column_2=39
Column_4=32
Column_5=26
Column_6=25
Column_0=17
Column_3=17
Column_1=14
Column_7=9

parameters:
[boosting: gbdt]
[objective: regression]
[metric: rmse]
[tree_learner: serial]
[device_type: cpu]
[data_sample_strategy: bagging]
[data: data/kin8nm.libsvm.train]
[valid: data/kin8nm.libsvm.test]
[num_iterations: 5000]
[learning_rate: 0.1]
[num_leaves: 255]
[num_threads: 0]
[seed: 42]
[deterministic: 0]
[force_col_wise: 0]
[force_row_wise: 0]
[histogram_pool_size: -1]
[max_depth: 3]
[min_data_in_leaf: 10]
[min_sum_hessian_in_leaf: 0.001]
[bagging_fraction: 1]
[pos_bagging_fraction: 1]
[neg_bagging_fraction: 1]
[bagging_freq: 0]
[bagging_seed: 400]
[feature_fraction: 1]
[feature_fraction_bynode: 1]
[feature_fraction_seed: 30056]
[extra_trees: 0]
[extra_seed: 12879]
[early_stopping_round: 0]
[early_stopping_min_delta: 0]
[first_metric_only: 0]
[max_delta_step: 0]
[lambda_l1: 0]
[lambda_l2: 0]
[linear_lambda: 0]
[min_gain_to_split: 0]
[drop_rate: 0.1]
[max_drop: 50]
[skip_drop: 0.5]
[xgboost_dart_mode: 0]
[uniform_drop: 0]
[drop_seed: 17869]
[top_rate: 0.2]
[other_rate: 0.1]
[min_data_per_group: 100]
[max_cat_threshold: 32]
[cat_l2: 10]
[cat_smooth: 10]
[max_cat_to_onehot: 4]
[top_k: 20]
[monotone_constraints: ]
[monotone_constraints_method: basic]
[monotone_penalty: 0]
[feature_contri: ]
[forcedsplits_filename: ]
[refit_decay_rate: 0.9]
[tinygbdt_penalty_feature: 0.125]
[tinygbdt_penalty_split: 0.00195312]
[tinygbdt_forestsize: 64000]
[tinygbdt_precision: 7]
[cegb_tradeoff: 1]
[cegb_penalty_split: 0]
[cegb_penalty_feature_lazy: ]
[cegb_penalty_feature_coupled: ]
[path_smooth: 0]
[interaction_constraints: ]
[verbosity: 2]
[saved_feature_importance_type: 0]
[use_quantized_grad: 0]
[num_grad_quant_bins: 4]
[quant_train_renew_leaf: 0]
[stochastic_rounding: 1]
[linear_tree: 0]
[max_bin: 255]
[max_bin_by_feature: ]
[min_data_in_bin: 3]
[bin_construct_sample_cnt: 200000]
[data_random_seed: 175]
[is_enable_sparse: 1]
[enable_bundle: 1]
[use_missing: 1]
[zero_as_missing: 0]
[feature_pre_filter: 1]
[pre_partition: 0]
[two_round: 0]
[header: 0]
[label_column: ]
[weight_column: ]
[group_column: ]
[ignore_column: ]
[categorical_feature: ]
[forcedbins_filename: ]
[precise_float_parser: 0]
[parser_config_file: ]
[objective_seed: 16083]
[num_class: 1]
[is_unbalance: 0]
[scale_pos_weight: 1]
[sigmoid: 1]
[boost_from_average: 1]
[reg_sqrt: 0]
[alpha: 0.9]
[fair_c: 1]
[poisson_max_delta_step: 0.7]
[tweedie_variance_power: 1.5]
[lambdarank_truncation_level: 30]
[lambdarank_norm: 1]
[label_gain: ]
[lambdarank_position_bias_regularization: 0]
[eval_at: ]
[multi_error_top_k: 1]
[auc_mu_weights: ]
[num_machines: 1]
[local_listen_port: 12400]
[time_out: 120]
[machine_list_filename: ]
[machines: ]
[gpu_platform_id: -1]
[gpu_device_id: -1]
[gpu_use_dp: 0]
[num_gpu: 1]

end of parameters
