tree
version=v4
num_class=1
num_tree_per_iteration=1
label_index=0
max_feature_idx=21
objective=binary sigmoid:1
feature_names=Column_0 Column_1 Column_2 Column_3 Column_4 Column_5 Column_6 Column_7 Column_8 Column_9 Column_10 Column_11 Column_12 Column_13 Column_14 Column_15 Column_16 Column_17 Column_18 Column_19 Column_20 Column_21
feature_infos=[0:5] [0:3] [0:9] [0:1] [0:8] [0:1] [0:1] [0:1] [0:11] [0:1] [0:4] [0:3] [0:3] [0:8] [0:8] none [0:3] [0:2] [0:4] [0:8] [0:5] [0:6]
tree_sizes=1057 1046 963 958 1045 964 1043 970 965 1050 969 1060 976 977 1055 886 883 799 896 809

Tree=0
num_leaves= 8
num_cat= 0
full_tree_array_lgbids= 0 1 2 5 6 4 3 -1 -7 -3 -8 -2 -6 -4 -5
split_feature= 8 20 19 7 4 10 21
split_gain= 2168.68 1152.98 1095.49 737.451 222.379 182.926 8.09067
threshold= 3.5000000000000004 3.5000000000000004 1.5000000000000002 1.0000000180025095e-35 4.5000000000000009 1.0000000180025095e-35 4.5000000000000009
decision_type= 2 2 2 2 2 2 2
left_child=1 5 4 -4 -2 -1 -3
right_child=2 6 3 -5 -6 -7 -8
leaf_value= 0.13625295265526666 0.13625295265526666 0.13456384585043257 -0.25410630703196962 0.011094830380406609 -0.26425303862428545 -0.26425303862428545 -0.052220455005699037
leaf_weight=14.48168098926544 127.58860319852829 532.82598674297333 689.87732023000717 127.83828735351562 17.228206694126129 104.36797678470612 8.4892612695693952
leaf_count=58 511 2134 2763 512 69 418 34
model_size=816
internal_value=-0.0711178 0.0691485 -0.167321 -0.212646 0.0886066 -0.215452 0.131635
internal_weight=0 660.165 962.532 817.716 144.817 118.85 541.315
internal_count=6499 2644 3855 3275 580 476 2168
is_linear=0
shrinkage=1


Tree=1
num_leaves= 8
num_cat= 0
full_tree_array_lgbids= 0 1 2 5 6 4 3 -1 -7 -3 -8 -2 -6 -4 -5
split_feature= 8 20 19 7 4 10 21
split_gain= 1766.9 933.398 893.274 605.008 176.827 146.297 2.39251
threshold= 3.5000000000000004 3.5000000000000004 1.5000000000000002 1.0000000180025095e-35 4.5000000000000009 1.0000000180025095e-35 4.5000000000000009
decision_type= 2 2 2 2 2 2 2
left_child=1 5 4 -4 -2 -1 -3
right_child=2 6 3 -5 -6 -7 -8
leaf_value= 0.18726217829300001 0.18726217829300001 0.18571508241162918 -0.16726255154856101 0.073892799984502308 -0.17677793099633521 -0.17677793099633521 0.016997149351572715
leaf_weight=14.432910382747648 127.15891733765602 531.09220561385155 679.71848121285439 127.99606323242188 16.952329516410828 102.69672083854675 8.4942075908184034
leaf_count=58 511 2134 2763 512 69 418 34
model_size=816
internal_value=0 0.12688 -0.0876402 -0.129047 0.144439 -0.13192 0.183059
internal_weight=0 656.716 951.826 807.715 144.111 117.13 539.586
internal_count=6499 2644 3855 3275 580 476 2168
is_linear=0
shrinkage=0.1


Tree=2
num_leaves= 7
num_cat= 0
full_tree_array_lgbids= 0 1 2 5 -3 4 3 -1 -7 -2147483648 -2147483648 -2 -6 -4 -5
split_feature= 8 20 19 7 4 10
split_gain= 1463.93 770.091 738.78 504.44 143.013 118.661
threshold= 3.5000000000000004 3.5000000000000004 1.5000000000000002 1.0000000180025095e-35 4.5000000000000009 1.0000000180025095e-35
decision_type= 2 2 2 2 2 2
left_child=1 5 4 -4 -2 -1
right_child=2 -3 3 -5 -6 -7
leaf_value= 0.17236010255125836 0.17236010255125836 0.1683629333363568 -0.15502436945878606 0.066626512356841902 -0.16433727988382651 -0.16433727988382651
leaf_weight=14.127121359109877 124.46481059491634 528.54648116230965 660.97406414151192 127.76914215087891 16.43764516711235 99.578777968883514
leaf_count=58 511 2168 2763 512 69 418
model_size=704
internal_value=0 0.116867 -0.0808941 -0.119119 0.133081 -0.122505
internal_weight=0 642.252 929.646 788.743 140.902 113.706
internal_count=6499 2644 3855 3275 580 476
is_linear=0
shrinkage=0.1


Tree=3
num_leaves= 7
num_cat= 0
full_tree_array_lgbids= 0 1 2 5 -3 4 3 -1 -7 -2147483648 -2147483648 -2 -6 -4 -5
split_feature= 8 20 19 4 4 10
split_gain= 1227.52 643.766 617.253 444.464 116.945 97.0749
threshold= 3.5000000000000004 3.5000000000000004 1.5000000000000002 5.5000000000000009 4.5000000000000009 1.0000000180025095e-35
decision_type= 2 2 2 2 2 2
left_child=1 5 4 -4 -2 -1
right_child=2 -3 3 -5 -6 -7
leaf_value= 0.1609037703805144 0.1609037703805144 0.15689020656222794 -0.13152452094662784 0.18593198198927297 -0.15458733496862687 -0.15458733496862687
leaf_weight=13.6439371407032 120.20779101550579 511.34212484955788 714.21368005871773 49.465191811323166 15.761341184377669 95.481748044490814
leaf_count=58 511 2168 3076 199 69 418
model_size=704
internal_value=0 0.109046 -0.0754007 -0.110962 0.124333 -0.115142
internal_weight=0 620.468 899.648 763.679 135.969 109.126
internal_count=6499 2644 3855 3275 580 476
is_linear=0
shrinkage=0.1


Tree=4
num_leaves= 8
num_cat= 0
full_tree_array_lgbids= 0 1 2 5 6 4 3 -1 -7 -3 -8 -2 -6 -4 -5
split_feature= 8 20 19 7 4 10 21
split_gain= 1036.63 543.597 517.538 394.43 96.2454 79.7519 1.14712
threshold= 3.5000000000000004 3.5000000000000004 1.5000000000000002 1.0000000180025095e-35 4.5000000000000009 1.0000000180025095e-35 4.5000000000000009
decision_type= 2 2 2 2 2 2 2
left_child=1 5 4 -4 -2 -1 -3
right_child=2 6 3 -5 -6 -7 -8
leaf_value= 0.15185187516794491 0.15185187516794491 0.15056943972327097 -0.13780942792587297 0.06144696400678909 -0.14676872362570559 -0.14676872362570559 -0.01739745224749786
leaf_weight=13.042239397764204 114.90662641823292 481.56504625082016 610.95480671525002 126.60149097442627 14.980887696146963 90.75378343462944 8.3237269520759565
leaf_count=58 511 2134 2763 512 69 418 34
model_size=816
internal_value=0 0.10279 -0.0705129 -0.103607 0.11741 -0.109246 0.147716
internal_weight=0 593.685 867.444 737.556 129.888 103.796 489.889
internal_count=6499 2644 3855 3275 580 476 2168
is_linear=0
shrinkage=0.1


Tree=5
num_leaves= 7
num_cat= 0
full_tree_array_lgbids= 0 1 2 5 -3 4 3 -1 -7 -2147483648 -2147483648 -2 -6 -4 -5
split_feature= 8 20 19 7 4 10
split_gain= 883.519 462.843 437.714 337.748 79.4793 65.6036
threshold= 3.5000000000000004 3.5000000000000004 1.5000000000000002 1.0000000180025095e-35 4.5000000000000009 1.0000000180025095e-35
decision_type= 2 2 2 2 2 2
left_child=1 5 4 -4 -2 -1
right_child=2 -3 3 -5 -6 -7
leaf_value= 0.14454675775689577 0.14454675775689577 0.14029405447465856 -0.1308679037201633 0.05560725653805107 -0.14038449805642142 -0.14038449805642142
leaf_weight=12.365946739912031 108.9482548981905 465.5024473965168 580.59435327351093 125.94146846234798 14.139219447970389 85.654981583356857
leaf_count=58 511 2168 2763 512 69 418
model_size=704
internal_value=0 0.0977245 -0.066554 -0.0976283 0.111816 -0.104439
internal_weight=0 563.523 829.623 706.536 123.087 98.0209
internal_count=6499 2644 3855 3275 580 476
is_linear=0
shrinkage=0.1


Tree=6
num_leaves= 8
num_cat= 0
full_tree_array_lgbids= 0 1 2 5 6 4 3 -1 -7 -3 -8 -2 -6 -4 -5
split_feature= 8 20 19 4 4 10 21
split_gain= 756.839 396.151 371.688 310.425 65.6998 53.9011 0.10714
threshold= 3.5000000000000004 3.5000000000000004 1.5000000000000002 5.5000000000000009 4.5000000000000009 1.0000000180025095e-35 4.5000000000000009
decision_type= 2 2 2 2 2 2 2
left_child=1 5 4 -4 -2 -1 -3
right_child=2 6 3 -5 -6 -7 -8
leaf_value= 0.13855140791954978 0.13855140791954978 0.13711923805648421 -0.11166128405514984 0.16347015136058904 -0.13509509769210032 -0.13509509769210032 -0.030202775476078633
leaf_weight=11.647865027189253 102.62170739471912 431.73830777406693 626.97010035812855 47.265657484531403 13.268332377076147 80.379172950983047 8.147723436355589
leaf_count=58 511 2134 3076 199 69 418 34
model_size=816
internal_value=0 0.0934524 -0.0630986 -0.0923739 0.107221 -0.10046 0.13402
internal_weight=0 531.913 790.126 674.236 115.89 92.027 439.886
internal_count=6499 2644 3855 3275 580 476 2168
is_linear=0
shrinkage=0.1


Tree=7
num_leaves= 7
num_cat= 0
full_tree_array_lgbids= 0 1 2 5 -3 3 4 -1 -7 -2147483648 -2147483648 -2 -5 -4 -6
split_feature= 8 20 4 4 4 10
split_gain= 649.724 340.853 322.146 293.909 287.545 44.0464
threshold= 3.5000000000000004 3.5000000000000004 2.5000000000000004 1.0000000180025095e-35 5.5000000000000009 1.0000000180025095e-35
decision_type= 2 2 2 2 2 2
left_child=1 5 3 -2 -4 -1
right_child=2 -3 4 -5 -6 -7
leaf_value= 0.13356356395996258 -0.14529282149684927 0.12880660007220068 -0.11869843311920447 0.14837441881911215 0.15389833784723783 -0.13066022980921915
leaf_weight=10.912395119667051 51.908115670084953 413.32584553956985 530.46725672483444 125.13725709915161 45.285649582743645 75.069723188877106
leaf_count=58 264 2168 2765 627 199 418
model_size=704
internal_value=0 0.0899004 -0.0597384 0.0622738 -0.0972574 -0.0971263
internal_weight=0 499.308 752.798 177.045 575.753 85.9821
internal_count=6499 2644 3855 891 2964 476
is_linear=0
shrinkage=0.1


Tree=8
num_leaves= 7
num_cat= 0
full_tree_array_lgbids= 0 1 2 5 -3 3 4 -1 -7 -2147483648 -2147483648 -2 -5 -4 -6
split_feature= 8 20 4 4 4 10
split_gain= 560.999 293.843 274.484 251.669 244.315 35.5887
threshold= 3.5000000000000004 3.5000000000000004 2.5000000000000004 1.0000000180025095e-35 5.5000000000000009 1.0000000180025095e-35
decision_type= 2 2 2 2 2 2
left_child=1 5 3 -2 -4 -1
right_child=2 -3 4 -5 -6 -7
leaf_value= 0.12936717161346731 -0.13978814497319475 0.12420719495656669 -0.11343085486951202 0.14240819835891569 0.14621023574542055 -0.12690484179902931
leaf_weight=10.177520692348478 48.72111688554287 387.12072646617889 501.11881312727928 117.72383327782154 43.016563415527344 69.83132404088974
leaf_count=58 264 2168 2765 627 199 418
model_size=704
internal_value=0 0.0867808 -0.0571345 0.0598048 -0.092905 -0.0943058
internal_weight=0 467.13 710.58 166.445 544.135 80.0088
internal_count=6499 2644 3855 891 2964 476
is_linear=0
shrinkage=0.1


Tree=9
num_leaves= 8
num_cat= 0
full_tree_array_lgbids= 0 1 2 5 6 3 4 -1 -7 -3 -8 -2 -5 -4 -6
split_feature= 8 20 4 4 4 10 21
split_gain= 485.707 253.913 234.117 216.25 207.902 28.3951 1.14955
threshold= 3.5000000000000004 3.5000000000000004 2.5000000000000004 1.0000000180025095e-35 5.5000000000000009 1.0000000180025095e-35 4.5000000000000009
decision_type= 2 2 2 2 2 2 2
left_child=1 5 3 -2 -4 -1 -3
right_child=2 6 4 -5 -6 -7 -8
leaf_value= 0.12580350276737742 -0.1351172420254087 0.12399518117530084 -0.10863248417510525 0.13735862927931936 0.13992454436181059 -0.12369825373571018 -0.054949477550568199
leaf_weight=9.456299960613249 45.529184013605118 353.7013988494873 472.42269667983055 110.23233403265476 40.579360768198967 64.738919049501419 7.6958613097667685
leaf_count=58 264 2134 2765 627 199 418 34
model_size=816
internal_value=0 0.0840601 -0.0548068 0.0577138 -0.0889712 -0.0918989 0.120185
internal_weight=0 435.592 668.764 155.762 513.002 74.1952 361.397
internal_count=6499 2644 3855 891 2964 476 2168
is_linear=0
shrinkage=0.1


Tree=10
num_leaves= 7
num_cat= 0
full_tree_array_lgbids= 0 1 2 5 -3 3 4 -1 -7 -2147483648 -2147483648 -2 -5 -4 -6
split_feature= 8 20 4 4 4 10
split_gain= 421.62 219.955 199.612 186.212 176.914 22.1524
threshold= 3.5000000000000004 3.5000000000000004 2.5000000000000004 1.0000000180025095e-35 5.5000000000000009 1.0000000180025095e-35
decision_type= 2 2 2 2 2 2
left_child=1 5 3 -2 -4 -1
right_child=2 -3 4 -5 -6 -7
leaf_value= 0.12275322415096231 -0.13111353004825663 0.11676363937407096 -0.10419879614795335 0.13304018591668704 0.13471134256417225 -0.12094088198253522
leaf_weight=8.7580039203166944 42.389104306697845 336.13966682553291 444.71579402685165 102.81145115196705 38.064152121543884 59.844586253166199
leaf_count=58 264 2168 2765 627 199 418
model_size=704
internal_value=0 0.0817466 -0.0526942 0.0559245 -0.0853622 -0.0898302
internal_weight=0 404.742 627.981 145.201 482.78 68.6026
internal_count=6499 2644 3855 891 2964 476
is_linear=0
shrinkage=0.1


Tree=11
num_leaves= 8
num_cat= 0
full_tree_array_lgbids= 0 1 2 5 6 3 4 -1 -7 -3 -8 -2 -5 -4 -6
split_feature= 8 20 9 10 19 10 21
split_gain= 366.103 190.385 183.767 144.299 91.6552 16.7528 0.470178
threshold= 3.5000000000000004 3.5000000000000004 1.0000000180025095e-35 1.0000000180025095e-35 1.5000000000000002 1.0000000180025095e-35 4.5000000000000009
decision_type= 2 2 2 2 2 2 2
left_child=1 5 3 -2 -4 -1 -3
right_child=2 6 4 -5 -6 -7 -8
leaf_value= 0.120124818310304 0.11845687264494929 0.11790788590659962 0.11914917803331171 -0.044425029081011702 -0.12390419260381205 -0.11855542649094364 -0.062296493548910849
leaf_weight=8.0889927148818952 96.194051325321198 304.75972411036491 20.907384902238846 184.56234389543533 287.0092796087265 55.18286994099617 7.5444384217262259
leaf_count=58 592 2134 155 1185 1923 418 34
model_size=816
internal_value=0 0.0795925 -0.0507496 0.0113823 -0.107401 -0.0880413 0.113555
internal_weight=0 375.576 588.673 280.756 307.917 63.2719 312.304
internal_count=6499 2644 3855 1777 2078 476 2168
is_linear=0
shrinkage=0.1


Tree=12
num_leaves= 7
num_cat= 0
full_tree_array_lgbids= 0 1 2 5 -3 3 4 -1 -7 -2147483648 -2147483648 -2 -5 -4 -6
split_feature= 8 20 9 21 19 10
split_gain= 316.9 164.969 162.923 135.478 78.1132 11.9688
threshold= 3.5000000000000004 3.5000000000000004 1.0000000180025095e-35 1.0000000180025095e-35 1.5000000000000002 1.0000000180025095e-35
decision_type= 2 2 2 2 2 2
left_child=1 5 3 -2 -4 -1
right_child=2 -3 4 -5 -6 -7
leaf_value= 0.11784687452276783 0.16176047170754049 0.11081468821489571 0.11699825558672441 -0.027872088327229951 -0.12121741064661151 -0.11648097729749039
leaf_weight=7.4533958137035361 55.518957577645779 289.26775804162025 19.247628077864647 218.49145960062742 265.15523092448711 50.774910271167755
leaf_count=58 327 2168 155 1450 1923 418
model_size=704
internal_value=0 0.0777539 -0.0483487 0.0105505 -0.105096 -0.0864863
internal_weight=0 347.496 558.413 274.01 284.403 58.2283
internal_count=6499 2644 3855 1777 2078 476
is_linear=0
shrinkage=0.1


Tree=13
num_leaves= 7
num_cat= 0
full_tree_array_lgbids= 0 2 1 5 -4 3 4 -1 -7 -2147483648 -2147483648 -2 -5 -3 -6
split_feature= 8 9 20 21 19 10
split_gain= 273.271 145.308 142.532 109.873 66.335 7.78751
threshold= 3.5000000000000004 1.0000000180025095e-35 3.5000000000000004 1.0000000180025095e-35 1.5000000000000002 1.0000000180025095e-35
decision_type= 2 2 2 2 2 2
left_child=2 3 5 -2 -3 -1
right_child=1 4 -4 -5 -6 -7
leaf_value= 0.11586288176687953 0.15129025961332676 0.11512141722890622 0.10811882154277369 -0.025253665266398134 -0.11887957130473133 -0.11466884050498732
leaf_weight=6.8536426723003379 53.530377008020878 17.685282006859779 267.93225187063217 217.10759344696999 244.3970792889595 46.631700873374939
leaf_count=58 327 155 2168 1450 1923 418
model_size=704
internal_value=0 -0.0458064 0.0759616 0.00966554 -0.103089 -0.0851284
internal_weight=0 532.72 321.418 270.638 262.082 53.4853
internal_count=6499 3855 2644 1777 2078 476
is_linear=0
shrinkage=0.1


Tree=14
num_leaves= 8
num_cat= 0
full_tree_array_lgbids= 0 2 1 5 6 3 4 -1 -7 -4 -8 -2 -5 -3 -6
split_feature= 8 9 20 10 19 10 21
split_gain= 235.428 129.732 122.92 106.776 56.07 4.12261 1.65457
threshold= 3.5000000000000004 1.0000000180025095e-35 3.5000000000000004 2.5000000000000004 1.5000000000000002 1.0000000180025095e-35 4.5000000000000009
decision_type= 2 2 2 2 2 2 2
left_child=2 3 5 -2 -3 -1 -4
right_child=1 4 6 -5 -6 -7 -8
leaf_value= 0.11412744279391081 0.055457580236322392 0.11347708495761999 0.11115753274417065 -0.096215427175568871 -0.11683512550344111 -0.11307963800542431 -0.082147542500219134
leaf_weight=6.2908793091773978 185.26800959557295 16.222259104251862 240.78961431980133 82.182155251502991 224.80988821387291 42.756608352065086 7.120276302099227
leaf_count=58 1193 155 2134 584 1923 418 34
model_size=816
internal_value=0 -0.0433791 0.0742993 0.00885146 -0.101334 -0.0839378 0.105606
internal_weight=0 508.482 296.957 267.45 241.032 49.0475 247.91
internal_count=6499 3855 2644 1777 2078 476 2168
is_linear=0
shrinkage=0.1


Tree=15
num_leaves= 6
num_cat= 0
full_tree_array_lgbids= 0 2 1 4 -4 3 -3 -1 -6 -2147483648 -2147483648 -2 -5 -2147483648 -2147483648
split_feature= 11 4 6 4 17
split_gain= 216.632 233.487 215.501 109.396 29.4394
threshold= 1.5000000000000002 5.5000000000000009 1.0000000180025095e-35 2.5000000000000004 1.0000000180025095e-35
decision_type= 2 2 2 2 2
left_child=2 3 4 -2 -1
right_child=1 -3 -4 -5 -6
leaf_value= 0.43505805407055287 0.025636445728712855 0.12143276862426595 -0.11927252211112389 -0.10523192183333291 0.11723325020573071
leaf_weight=5.4876615256071082 104.25062227249146 82.09967315196991 49.549070492386818 312.63270543515682 202.62669964134693
leaf_count=31 828 640 446 2671 1883
model_size=592
internal_value=0 -0.040596 0.0785218 -0.0725055 0.125614
internal_weight=0 498.983 257.663 416.883 208.114
internal_count=6499 4139 2360 3499 1914
is_linear=0
shrinkage=0.1


Tree=16
num_leaves= 6
num_cat= 0
full_tree_array_lgbids= 0 2 1 4 -4 3 -3 -1 -6 -2147483648 -2147483648 -2 -5 -2147483648 -2147483648
split_feature= 11 4 6 4 12
split_gain= 186.532 200.307 187.333 95.3995 3.84576
threshold= 1.5000000000000002 5.5000000000000009 1.0000000180025095e-35 2.5000000000000004 2.5000000000000004
decision_type= 2 2 2 2 2
left_child=2 3 4 -2 -1
right_child=1 -3 -4 -5 -6
leaf_value= 0.11250955702615684 0.023153917389957968 0.11909679611249441 -0.11742645145810873 -0.10210981419974992 0.26938286495872349
leaf_weight=180.02418044954538 103.90466582775116 75.66878417134285 45.502514541149139 291.09043575823307 12.421710580587385
leaf_count=1860 828 640 446 2671 54
model_size=592
internal_value=0 -0.0388929 0.0767286 -0.0691588 0.122635
internal_weight=0 470.664 237.948 394.995 192.446
internal_count=6499 4139 2360 3499 1914
is_linear=0
shrinkage=0.1


Tree=17
num_leaves= 5
num_cat= 0
full_tree_array_lgbids= 0 -1 1 -2147483648 -2147483648 3 2 -2147483648 -2147483648 -2147483648 -2147483648 -2 -5 -3 -4
split_feature= 8 19 4 4
split_gain= 162.839 188.789 92.2161 50.3928
threshold= 1.0000000180025095e-35 1.5000000000000002 5.5000000000000009 4.5000000000000009
decision_type= 2 2 2 2
left_child=-1 3 -3 -2
right_child=1 2 -4 -5
leaf_value= 0.11095775590129289 0.11210789437098363 -0.075049774895263585 0.124876378837062 -0.18717185091867988
leaf_weight=123.8918673992157 114.27967275679111 384.74946519732475 31.745319232344627 9.0866314396262151
leaf_count=1398 1256 3568 199 78
model_size=480
internal_value=0 -0.0255626 -0.0598114 0.0900642
internal_weight=0 539.861 416.495 123.366
internal_count=6499 5101 3767 1334
is_linear=0
shrinkage=0.1


Tree=18
num_leaves= 6
num_cat= 0
full_tree_array_lgbids= 0 2 1 -1 -4 4 3 -2147483648 -2147483648 -2147483648 -2147483648 -2 -6 -3 -5
split_feature= 11 7 6 20 2
split_gain= 142.161 159.277 150.447 38.6242 16.2873
threshold= 1.5000000000000002 1.0000000180025095e-35 1.0000000180025095e-35 4.5000000000000009 1.0000000180025095e-35
decision_type= 2 2 2 2 2
left_child=2 4 -1 -3 -2
right_child=1 3 -4 -5 -6
leaf_value= 0.12032319813954516 0.11080269640146326 0.069290263470467503 -0.11479841466528545 -0.18691413931231815 -0.093897031075682008
leaf_weight=163.36722266674042 10.286048695445059 142.07112324237823 39.432073846459389 10.429928183555601 257.25981888920069
leaf_count=1914 104 1185 446 56 2794
model_size=592
internal_value=0 -0.0359997 0.0746064 0.0517678 -0.0860272
internal_weight=0 420.047 202.799 152.501 267.546
internal_count=6499 4139 2360 1241 2898
is_linear=0
shrinkage=0.1


Tree=19
num_leaves= 5
num_cat= 0
full_tree_array_lgbids= 0 -1 1 -2147483648 -2147483648 3 2 -2147483648 -2147483648 -2147483648 -2147483648 -2 -5 -3 -4
split_feature= 8 19 9 4
split_gain= 125.946 138.319 69.3249 39.2906
threshold= 1.0000000180025095e-35 1.5000000000000002 1.0000000180025095e-35 4.5000000000000009
decision_type= 2 2 2 2
left_child=-1 3 -3 -2
right_child=1 2 -4 -5
leaf_value= 0.10894178119773437 0.10993041483157316 -0.0099069638016435844 -0.11116215265502503 -0.18944799983284838
leaf_weight=104.64854067564011 95.878963500261307 209.36332213878632 165.38574457913637 7.8061179146170607
leaf_count=1398 1256 1691 2076 78
model_size=480
internal_value=0 -0.0238228 -0.0545933 0.0873912
internal_weight=0 478.434 374.749 103.685
internal_count=6499 5101 3767 1334
is_linear=0
shrinkage=0.1


end of trees

feature_importances:
Column_4=28
Column_8=17
Column_10=17
Column_20=16
Column_19=13
Column_21=9
Column_7=6
Column_9=5
Column_6=3
Column_11=3
Column_2=1
Column_12=1
Column_17=1

parameters:
[boosting: gbdt]
[objective: binary]
[metric: auc, binary_logloss, rmse, l1, l2, mape, huber]
[tree_learner: serial]
[device_type: cpu]
[data_sample_strategy: bagging]
[data: data/mushroom.libsvm.train]
[valid: data/mushroom.libsvm.test]
[num_iterations: 20]
[learning_rate: 0.1]
[num_leaves: 255]
[num_threads: 1]
[seed: 42]
[deterministic: 0]
[force_col_wise: 0]
[force_row_wise: 0]
[histogram_pool_size: -1]
[max_depth: 3]
[min_data_in_leaf: 10]
[min_sum_hessian_in_leaf: 0.001]
[bagging_fraction: 1]
[pos_bagging_fraction: 1]
[neg_bagging_fraction: 1]
[bagging_freq: 0]
[bagging_seed: 400]
[feature_fraction: 1]
[feature_fraction_bynode: 1]
[feature_fraction_seed: 30056]
[extra_trees: 0]
[extra_seed: 12879]
[early_stopping_round: 0]
[early_stopping_min_delta: 0]
[first_metric_only: 0]
[max_delta_step: 0]
[lambda_l1: 0]
[lambda_l2: 0]
[linear_lambda: 0]
[min_gain_to_split: 0]
[drop_rate: 0.1]
[max_drop: 50]
[skip_drop: 0.5]
[xgboost_dart_mode: 0]
[uniform_drop: 0]
[drop_seed: 17869]
[top_rate: 0.2]
[other_rate: 0.1]
[min_data_per_group: 100]
[max_cat_threshold: 32]
[cat_l2: 10]
[cat_smooth: 10]
[max_cat_to_onehot: 4]
[top_k: 20]
[monotone_constraints: ]
[monotone_constraints_method: basic]
[monotone_penalty: 0]
[feature_contri: ]
[forcedsplits_filename: ]
[refit_decay_rate: 0.9]
[tinygbdt_penalty_feature: 1]
[tinygbdt_penalty_split: 0.03125]
[tinygbdt_forestsize: 64000]
[tinygbdt_precision: 1]
[cegb_tradeoff: 1]
[cegb_penalty_split: 0]
[cegb_penalty_feature_lazy: ]
[cegb_penalty_feature_coupled: ]
[path_smooth: 0]
[interaction_constraints: ]
[verbosity: 1]
[saved_feature_importance_type: 0]
[use_quantized_grad: 0]
[num_grad_quant_bins: 4]
[quant_train_renew_leaf: 0]
[stochastic_rounding: 1]
[linear_tree: 0]
[max_bin: 255]
[max_bin_by_feature: ]
[min_data_in_bin: 3]
[bin_construct_sample_cnt: 200000]
[data_random_seed: 175]
[is_enable_sparse: 1]
[enable_bundle: 1]
[use_missing: 1]
[zero_as_missing: 0]
[feature_pre_filter: 1]
[pre_partition: 0]
[two_round: 0]
[header: 0]
[label_column: ]
[weight_column: ]
[group_column: ]
[ignore_column: ]
[categorical_feature: ]
[forcedbins_filename: ]
[precise_float_parser: 0]
[parser_config_file: ]
[objective_seed: 16083]
[num_class: 1]
[is_unbalance: 0]
[scale_pos_weight: 1]
[sigmoid: 1]
[boost_from_average: 1]
[reg_sqrt: 0]
[alpha: 0.9]
[fair_c: 1]
[poisson_max_delta_step: 0.7]
[tweedie_variance_power: 1.5]
[lambdarank_truncation_level: 30]
[lambdarank_norm: 1]
[label_gain: ]
[lambdarank_position_bias_regularization: 0]
[eval_at: ]
[multi_error_top_k: 1]
[auc_mu_weights: ]
[num_machines: 1]
[local_listen_port: 12400]
[time_out: 120]
[machine_list_filename: ]
[machines: ]
[gpu_platform_id: -1]
[gpu_device_id: -1]
[gpu_use_dp: 0]
[num_gpu: 1]

end of parameters
