tree
version=v4
num_class=1
num_tree_per_iteration=1
label_index=0
max_feature_idx=8
objective=regression
feature_names=Column_0 Column_1 Column_2 Column_3 Column_4 Column_5 Column_6 Column_7 Column_8
feature_infos=none [0.49990000000000001:15.0001] [1:52] [0.88888888888888884:141.90909090909091] [0.33333333333333331:25.63636363636364] [3:35682] [0.69230769230769229:1243.333333333333] [32.549999999999997:41.950000000000003] [-124.34999999999999:-114.31]
tree_sizes=10771 8947 7463 6537 6180

Tree=0
num_leaves= 115
num_cat= 0
full_tree_array_lgbids= 0 1 2 5 3 4 10 9 11 6 7 16 13 20 33 15 14 35 21 37 8 19 17 44 18 39 29 76 64 34 46 45 53 27 52 49 58 54 31 71 38 12 36 22 25 24 51 79 67 89 23 72 73 63 59 101 81 91 104 80 108 -35 86 103 48 94 60 30 78 74 85 50 84 113 66 69 100 32 42 95 110 77 55 28 26 57 99 41 40 47 70 43 65 97 62 -2 96 75 -69 -18 90 56 68 102 88 105 93 87 82 61 -61 112 -103 106 98 92 -93 -66 111 107 83 -36 -110 -2147483648 -2147483648 109 -88 -1 -105 -47 -50 -17 -96 -55 -62 -11 -32 -29 -80 -16 -76 -54 -87 -7 -52 -51 -86 -37 -115 -60 -68 -13 -71 -56 -102 -23 -34 -33 -44 -3 -97 -73 -112 -39 -79 -40 -57 -8 -30 -14 -28 -10 -59 -38 -101 -5 -43 -24 -42 -21 -49 -27 -72 -9 -45 -26 -67 -19 -99 -53 -64 -2147483648 -2147483648 -81 -98 -46 -77 -2147483648 -2147483648 -2147483648 -2147483648 -91 -92 -20 -58 -25 -70 -6 -104 -74 -90 -41 -107 -75 -95 -15 -89 -65 -84 -31 -63 -2147483648 -2147483648 -4 -114 -2147483648 -2147483648 -78 -108 -83 -100 -22 -94 -2147483648 -2147483648 -2147483648 -2147483648 -106 -113 -12 -109 -82 -85 -2147483648 -2147483648 -2147483648 -2147483648 -2147483648 -2147483648 -2147483648 -2147483648 -48 -111 -2147483648 -2147483648
split_feature= 1 1 1 6 6 3 2 1 7 1 1 1 6 1 6 3 2 6 6 2 2 6 3 1 2 8 8 8 1 2 7 7 8 1 2 7 7 1 2 6 7 6 8 7 1 4 5 7 7 8 6 8 6 6 7 5 7 8 7 6 7 2 8 1 7 8 7 7 4 2 6 3 2 2 8 6 4 8 8 5 4 6 6 8 8 8 2 4 7 7 8 4 8 6 4 8 2 7 8 7 8 5 5 8 8 8 2 5 7 1 8 2 8 8
split_gain= 6988.7 1686.16 1293.13 977.307 432.421 319.369 234.979 213.903 188.238 182.067 157.216 137.985 129.695 121.96 113.721 112.248 108.77 106.486 96.208 86.3785 74.2625 67.915 67.3154 61.0241 59.3901 54.731 51.4072 50.197 45.5329 44.5933 40.2244 39.5939 43.6127 34.4455 37.4861 34.347 32.1062 32.0385 36.1089 31.5391 30.156 30.0161 29.4371 29.2022 29.1263 27.5098 26.2005 26.0011 25.003 24.7783 29.7049 24.6832 23.8791 23.0912 22.6456 20.8637 20.1102 19.9218 18.7648 18.5643 18.3588 17.9653 17.6038 16.9523 16.9137 16.6372 15.1555 14.8951 13.5646 13.5461 12.8126 12.7741 12.6506 12.2753 12.258 10.9983 10.0748 9.75762 9.24386 7.41841 6.71685 6.66547 6.44945 6.36108 6.20225 5.48648 4.95804 4.93618 4.82342 4.67411 5.03869 4.4955 6.12207 4.4769 4.4103 4.26696 4.06673 3.54582 3.36648 3.30615 2.97892 2.85686 2.73635 2.1877 1.99178 1.80568 1.70996 1.52259 1.37384 0.978607 0.944035 0.454223 0.442801 0.0769709
threshold= 5.0387000000000013 3.0679500000000002 6.8672000000000013 2.3489548886254448 2.671038674349933 4.3101408005062494 24.500000000000004 4.0775500000000013 37.815000000000005 2.2210000000000005 7.852450000000001 2.4115000000000006 1.9628175980828908 5.7307500000000013 2.4907552973342448 3.449226804123712 19.500000000000004 2.9005380231986346 2.0653737590585881 43.500000000000007 26.500000000000004 2.2906328481453726 5.1186051221335997 5.8308000000000009 41.500000000000007 -122.40499999999999 -117.88499999999998 -118.26499999999999 3.4298000000000006 27.500000000000004 37.815000000000005 34.525000000000013 -117.77499999999999 8.7395500000000013 28.500000000000004 35.335000000000008 37.995000000000012 3.5330000000000008 18.500000000000004 2.9742256672023202 34.415000000000006 3.0817415934345274 -120.44499999999998 38.545000000000009 5.6402500000000009 1.0291350557942953 139.50000000000003 38.435000000000009 34.045000000000009 -117.35499999999998 2.254419630548663 -122.33499999999999 3.458170981799539 2.10671797776953 37.945000000000007 534.50000000000011 38.005000000000003 -122.425 36.835000000000008 3.458170981799539 35.335000000000008 40.500000000000007 -117.75499999999998 6.2770500000000009 37.645000000000003 -122.28499999999998 38.925000000000004 37.955000000000005 1.0435797675926601 26.500000000000004 2.8079590171801518 4.5820434769673541 22.500000000000004 16.500000000000004 -122.38499999999998 2.5219735498882589 1.0103851166134901 -118.26499999999999 -117.145 390.50000000000006 1.0003353454057682 2.5163636904584812 3.0089663118548242 -117.81499999999998 -116.40499999999999 -117.79499999999999 20.500000000000004 1.0110829055585981 37.925000000000004 34.145000000000003 -122.25499999999998 1.0139026949414627 -118.26499999999999 3.3663541575396478 1.1538900096482767 -117.23499999999999 16.500000000000004 38.235000000000007 -122.00499999999998 38.635000000000012 -122.35499999999998 1162.5000000000002 1614.5000000000002 -121.76499999999999 -122.23499999999999 -121.36499999999999 17.500000000000004 1203.5000000000002 37.805000000000007 9.1688500000000008 -121.81499999999998 35.500000000000007 -121.34499999999998 -120.34499999999998
decision_type= 2 2 2 2 2 2 2 2 2 2 2 2 2 2 2 2 2 2 2 2 2 2 2 2 2 2 2 2 2 2 2 2 2 2 2 2 2 2 2 2 2 2 2 2 2 2 2 2 2 2 2 2 2 2 2 2 2 2 2 2 2 2 2 2 2 2 2 2 2 2 2 2 2 2 2 2 2 2 2 2 2 2 2 2 2 2 2 2 2 2 2 2 2 2 2 2 2 2 2 2 2 2 2 2 2 2 2 2 2 2 2 2 2 2
left_child=1 5 4 6 16 9 37 19 12 15 20 35 28 39 27 45 44 24 89 22 76 54 41 56 43 47 -14 30 -8 63 -11 32 -23 34 80 49 57 71 77 72 -24 -5 -33 -9 79 103 -35 -21 -47 50 -7 97 74 94 69 -40 -20 -10 113 61 -55 -31 -53 87 91 -26 -60 75 -25 -13 -27 95 102 105 -16 -46 101 -39 -29 -2 107 106 -65 -82 -51 -54 109 -15 -74 -18 -91 92 -22 -75 -17 -3 -81 -19 -83 -38 -56 112 -6 -1 -66 -41 -78 -12 -36 -48 -73 -106 -4 -37
right_child=2 3 10 7 13 11 8 17 36 14 33 21 26 29 52 53 18 51 23 25 64 31 40 68 65 70 -28 78 -30 59 -32 42 -34 46 108 58 99 38 55 73 -42 -43 -44 -45 67 48 86 -49 -50 84 -52 62 85 60 100 -57 -58 -59 66 -61 -62 -63 -64 82 104 -67 -68 -69 -70 -71 -72 110 88 93 -76 -77 81 -79 -80 96 83 98 -84 -85 -86 -87 -88 -89 -90 90 -92 -93 -94 -95 -96 -97 -98 -99 -100 -101 -102 -103 -104 -105 111 -107 -108 -109 -110 -111 -112 -113 -114 -115
leaf_value= 2.0428115776403302 2.0322522439146704 2.0942646251487904 2.1970469771605763 2.0623490992633817 2.0788100563966578 2.0841138599801572 2.1965323452694219 2.0954689418246426 2.2142838774901663 2.1406373236940905 2.201214742644098 2.0345072442712553 2.1803908632616107 2.1096638881203256 2.1369577986748349 2.0163646038680656 2.3475029406369599 2.1269417179355425 2.1957668316364023 2.1654641714581091 2.3134738265400703 2.0423423215696768 2.0333915413355754 2.2374554972134808 2.2091709412441252 2.0795638084043055 2.0853910788377314 2.0653824157377607 2.2845502876908457 2.1919918556662772 2.0404662446165749 1.9910892755883369 1.9852344261613879 2.2256631944098948 2.3489229269490632 1.9734622437591023 2.0412401231857533 2.1091870245220798 2.0245249734293451 2.0834683157028921 2.0042626363250329 2.0299805008867327 1.9516641567416866 2.0321558591188165 2.2290802035057791 2.0195706739465327 2.2974192872479229 1.9921922446126408 2.0794739076624724 1.9685349276794362 1.9888444208027325 2.0588902430478546 2.0194666467334796 1.9876247733728514 2.048631191897333 2.1734629168237776 2.087710141191141 2.0951919498649194 1.9717715616073146 2.0880122439150677 1.9546252503190962 2.2838810687809143 2.0262876156140166 2.1854929355010166 2.2731583668156543 2.1356460584060457 1.9436251819951067 2.0902165239069102 2.2872151599752977 2.0885806931844439 2.035621369557977 2.0615003930585472 2.1472471363027816 2.1070863956405002 2.0468548239882924 2.1539228614650354 2.2432252427681045 2.0673858812271733 2.0052765696740975 2.1164124939581668 2.299884311105183 2.261906623327202 2.1474610484222523 2.2336177960559054 1.9309619655047523 1.9695393397118284 2.3580152998203703 2.1384854126492021 2.0833785607593032 2.3441824260131363 2.24765874254427 2.3308207076200587 2.2209656433100169 2.0785653826666226 2.0851989775483477 2.0101922421986527 2.1698756092870899 2.0592165302409682 2.2078495719740459 1.9696822432512706 1.9934744660704813 2.2074340790255622 2.1199560171028113 2.0031723742454979 2.2451105803087024 2.0509785154122926 2.3295710676383008 2.2547846299662213 2.3036811097582559 2.3389576326004473 2.021195993752015 2.1657122381860678 2.1442219711450132 1.9291164365278606
leaf_weight=27 9.9999999999999982 97 19 636 64 39 90 761 19 227 24 100 402 146 18 89 58 57 303 84 33 272 593 159 43 147 67 116 174 144 50 667 275 19 83 9.9999999999999982 66 141 10.999999999999998 56 943 545 277 83 72 114 27 9.9999999999999982 208 231 294 858 368 506 19 104 19 68 497 14.999999999999998 289 28 229 91 17 129 377 13.999999999999998 91 109 136 27 176 205 350 34 11.000000000000002 113 37 88 63 24 159 29 72 31 235 190 19 17 15.999999999999998 81 14.999999999999998 137 14.999999999999998 9.9999999999999982 30 13.999999999999998 110 9.9999999999999982 81 55 53 154 12.000000000000002 118 10.999999999999998 31 13.999999999999998 84 64 9.9999999999999982 33 310
leaf_count=27 10 97 19 636 64 39 90 761 19 227 24 100 402 146 18 89 58 57 303 84 33 272 593 159 43 147 67 116 174 144 50 667 275 19 83 10 66 141 11 56 943 545 277 83 72 114 27 10 208 231 294 858 368 506 19 104 19 68 497 15 289 28 229 91 17 129 377 14 91 109 136 27 176 205 350 34 11 113 37 88 63 24 159 29 72 31 235 190 19 17 16 81 15 137 15 10 30 14 110 10 81 55 53 154 12 118 11 31 14 84 64 10 33 310
model_size=12800
internal_value=2.07195 2.03789 2.19622 2.07259 2.15739 2.00039 2.1449 2.05251 2.17679 2.02716 2.28999 1.98123 2.19841 2.12609 2.05582 2.00269 2.2124 2.07655 2.23355 2.03561 2.24376 2.0009 2.02938 2.21831 2.10021 2.08053 2.16682 2.09704 2.25454 2.15468 2.12256 1.99203 2.01363 2.32271 2.29347 1.96188 2.07953 2.0945 2.11198 2.0994 2.01551 2.04741 1.97952 2.08924 2.15586 2.04057 2.34226 2.14703 2.05827 1.98076 2 2.0558 2.0327 1.98149 2.04369 2.15922 2.18939 2.1212 1.95182 2.19741 1.97563 2.20695 2.05202 2.14104 2.29582 2.15403 1.95963 2.19158 2.25557 2.06271 2.05845 2.06193 2.12468 2.08412 2.05126 2.20497 2.2105 2.09059 2.05085 2.12237 2.26119 2.22724 2.1613 2.279 1.95961 2.01559 2.34866 2.12596 2.14102 2.32933 2.29738 2.31361 2.28457 2.09566 2.02629 2.08641 2.13 2.11359 2.21753 2.03182 2.00395 2.18609 2.09745 2.00909 2.23698 2.06144 2.2864 2.23141 2.34239 2.32885 2.03315 2.20902 2.16352 1.9305
internal_weight=0 12960 3552 6731 2512 6229 1463 5268 896 2599 1040 3630 733 1601 1197 1402 911 2174 663 3094 431 1800 2717 572 1016 377 469 430 264 773 277 1491 547 609 244 1830 163 567 369 828 1536 1181 944 844 248 503 365 94 322 636 333 1158 767 899 309 115 322 87 1194 187 795 172 1087 586 168 172 874 120 250 209 283 198 312 516 368 106 263 254 153 128 147 156 250 92 303 399 346 336 195 91 33 129 48 342 104 107 118 71 134 76 100 107 117 181 39 174 22 55 97 111 91 22 52 320
internal_count=16512 12960 3552 6731 2512 6229 1463 5268 896 2599 1040 3630 733 1601 1197 1402 911 2174 663 3094 431 1800 2717 572 1016 377 469 430 264 773 277 1491 547 609 244 1830 163 567 369 828 1536 1181 944 844 248 503 365 94 322 636 333 1158 767 899 309 115 322 87 1194 187 795 172 1087 586 168 172 874 120 250 209 283 198 312 516 368 106 263 254 153 128 147 156 250 92 303 399 346 336 195 91 33 129 48 342 104 107 118 71 134 76 100 107 117 181 39 174 22 55 97 111 91 22 52 320
is_linear=0
shrinkage=1


Tree=1
num_leaves= 83
num_cat= 0
full_tree_array_lgbids= 0 1 2 5 3 4 12 16 6 7 10 19 13 21 48 17 79 9 14 8 41 22 23 47 24 33 25 57 56 -14 72 26 39 80 -81 18 52 15 37 30 11 53 -43 28 34 32 44 -2 67 -21 35 55 68 63 61 -4 70 -23 81 -2147483648 -2147483648 -50 73 60 27 76 62 -18 -82 -2147483648 -2147483648 36 51 54 -54 20 46 43 -39 31 71 40 29 -9 -55 -2147483648 -2147483648 42 38 58 69 50 74 45 49 -2147483648 -2147483648 -49 -69 -2147483648 -2147483648 64 66 59 75 -35 77 -15 -65 65 -63 -2147483648 -2147483648 78 -72 -2147483648 -2147483648 -58 -83 -2147483648 -2147483648 -2147483648 -2147483648 -2147483648 -2147483648 -74 -75 -1 -62 -28 -29 -19 -78 -41 -64 -2147483648 -2147483648 -2147483648 -2147483648 -2147483648 -2147483648 -2147483648 -2147483648 -7 -38 -20 -53 -11 -56 -2147483648 -2147483648 -8 -22 -17 -48 -16 -45 -2147483648 -2147483648 -3 -33 -32 -73 -10 -42 -13 -31 -2147483648 -2147483648 -2147483648 -2147483648 -2147483648 -2147483648 -2147483648 -2147483648 -5 -44 -30 -40 -24 -60 -36 -71 -12 -52 -34 -76 -25 -47 -46 -51 -2147483648 -2147483648 -2147483648 -2147483648 -2147483648 -2147483648 -2147483648 -2147483648 -2147483648 -2147483648 -2147483648 -2147483648 -26 -66 -37 -68 -6 -61 -57 -77 -2147483648 -2147483648 -70 -79 -2147483648 -2147483648 -2147483648 -2147483648 -27 -67 -2147483648 -2147483648 -2147483648 -2147483648 -2147483648 -2147483648 -59 -80 -2147483648 -2147483648 -2147483648 -2147483648 -2147483648 -2147483648 -2147483648 -2147483648 -2147483648 -2147483648 -2147483648 -2147483648 -2147483648 -2147483648 -2147483648 -2147483648 -2147483648 -2147483648 -2147483648 -2147483648 -2147483648 -2147483648 -2147483648 -2147483648 -2147483648 -2147483648
split_feature= 1 1 1 6 6 6 7 7 2 8 1 6 1 1 8 7 7 8 6 2 8 2 2 6 6 2 7 8 3 8 8 7 2 6 8 1 7 8 7 2 8 8 6 7 8 7 7 1 5 7 7 7 8 7 6 7 7 1 7 8 8 6 1 1 7 2 1 7 2 7 8 7 6 1 3 8 6 7 4 7 8 8
split_gain= 5654.03 1363.11 1040.65 785.372 346.868 267.076 195.3 192.882 185.261 148.817 139.862 132.492 121.062 112.338 111.401 137.131 99.1993 106.573 90.0867 80.08 74.935 74.8849 63.807 59.9469 52.5762 49.6341 44.6603 59.6531 42.0195 39.4688 37.4453 46.1032 36.0222 35.4382 34.4568 28.1777 26.7311 25.8759 25.7488 21.1897 20.4432 20.064 19.8138 18.6167 16.4019 16.5935 16.369 15.4201 14.0213 12.7339 12.6293 11.081 10.1015 9.42862 9.24502 9.12165 8.45283 8.43284 8.42875 8.3785 8.18115 7.19019 6.79842 6.14195 6.0852 5.87498 5.12841 4.37273 4.36841 4.31427 4.11301 3.87753 3.65182 4.69845 2.25584 1.1902 0.965344 0.715715 0.612971 0.519049 4.06497 0.307822
threshold= 5.0387000000000013 3.1097000000000006 6.8672000000000013 2.4136952392348086 2.5763869593405579 2.1628386478062818 34.455000000000005 37.935000000000009 24.500000000000004 -117.77499999999999 4.1119000000000012 1.9628175980828908 8.4454500000000028 5.8308000000000009 -121.63499999999998 37.895000000000003 37.945000000000007 -118.24499999999999 3.442186331338819 21.500000000000004 -122.31499999999998 26.500000000000004 44.500000000000007 2.9291766686969298 2.0653737590585881 27.500000000000004 34.655000000000008 -122.35499999999998 4.7926201822371182 -122.33499999999999 -118.29499999999999 34.155000000000008 42.500000000000007 2.9366774891774896 -122.40499999999999 5.5682000000000009 34.045000000000009 -119.84499999999998 34.435000000000009 28.500000000000004 -122.40499999999999 -122.35499999999998 3.1424162072895592 35.645000000000003 -121.46499999999999 37.915000000000006 38.675000000000004 5.6402500000000009 70.000000000000014 34.655000000000008 37.765000000000008 34.045000000000009 -116.53499999999998 38.005000000000003 2.8335312747426764 37.925000000000004 37.645000000000003 7.3930000000000016 38.155000000000008 -117.91499999999998 -118.37499999999999 3.458170981799539 2.2003500000000007 6.3350000000000009 37.935000000000009 40.500000000000007 6.3963500000000009 37.955000000000005 14.500000000000002 37.735000000000007 -117.71499999999999 33.695000000000007 3.1747392355722384 9.1688500000000008 6.0498344370860933 -122.19499999999998 1.5104297674263547 37.875000000000007 1.0417933552053971 38.815000000000005 -122.26499999999999 -122.28499999999998
decision_type= 2 2 2 2 2 2 2 2 2 2 2 2 2 2 2 2 2 2 2 2 2 2 2 2 2 2 2 2 2 2 2 2 2 2 2 2 2 2 2 2 2 2 2 2 2 2 2 2 2 2 2 2 2 2 2 2 2 2 2 2 2 2 2 2 2 2 2 2 2 2 2 2 2 2 2 2 2 2 2 2 2 2
left_child=1 5 4 7 19 16 9 8 30 18 22 40 21 33 15 20 17 26 36 47 -8 57 28 32 -21 63 60 -28 42 -13 31 -3 50 55 58 64 -7 43 -30 76 -10 53 -5 -16 45 -25 -17 -2 -14 -46 -12 -20 54 -9 -11 59 -23 -4 -24 -6 -1 65 -41 -15 -26 -27 -37 -49 -35 -36 78 -32 -50 -74 -34 -57 -19 -70 -59 80 -18 -58
right_child=2 3 12 10 13 6 14 41 11 52 23 29 48 25 37 46 79 39 51 24 -22 56 34 44 35 61 27 -29 38 -31 71 -33 74 68 69 66 -38 -39 -40 62 -42 -43 -44 -45 49 -47 -48 67 72 -51 -52 -53 -54 -55 -56 75 81 70 -60 -61 -62 -63 -64 -65 -66 -67 -68 -69 77 -71 -72 -73 73 -75 -76 -77 -78 -79 -80 -81 -82 -83
leaf_value= 0.12004633573159365 0.052482443997128453 0.13922680700818699 0.11267094415387298 0.0034526885907401779 0.075404580390038028 -0.028296137803472933 0.059045989572769034 0.09759424281391231 0.22363129605035315 -0.061943192205967147 0.021982394564230259 0.15200140062967937 0.10762568108427029 0.053162522945877137 -0.04406507964340154 -0.069216434904985663 -0.01065724958237764 -0.10687562200952978 -0.065454390534873716 0.23619967352512272 -0.044412958529335383 0.22480091196052807 0.086914337738907263 0.030477198241080378 0.11931676829390857 0.11920347212087722 0.12923717969437926 -0.010319021570052361 -0.032231015922305616 0.068068334948991935 0.016504864080099168 0.032567879023380715 0.060290220263644612 -0.012627814666900253 0.00083407082386541265 0.15569187857759881 0.013049518090156198 -0.12436576555862888 -0.058800488044297564 -0.056580343333383402 0.14707573651212263 -0.048374169815767122 -0.03598801625026745 -0.10068640641175929 -0.015255583482670965 -0.037837517231754547 -0.1113833193241352 0.12935530202899209 0.25046130566438518 -0.055307762242806785 -0.016821589142755541 -0.035308781839202996 -0.12139461574968227 -0.0044191512322868222 -0.092715229559096557 0.057807791382074362 0.23538385778665544 0.15016104017312712 -0.047407381460070612 0.02329359875109635 0.055957407419236355 0.015144229612567209 0.025112630911292389 0.084870239149263033 0.016562676749059133 0.18213537653287254 0.20825195800799592 0.022553581930696967 0.026152266231522465 -0.056458609286281804 0.11215140492582293 -0.025804899650238522 0.15353492438527092 0.23712397553704001 0.12437126843198654 -0.018313374910281881 -0.052142471921738258 -0.019491425386451662 0.19829679463058711 -0.10266434939112515 -0.076582966869195496 0.14114134669303896
leaf_weight=71 110 60 153 359 283 431 96 22 61 293 598 75 11.999999999999998 319 89 198 37 34 673 86 381 194 76 188 166 159 41 214 855 552 143 218 101 126 181 156 368 662 1041 30 203 154 341 997 641 72 398 94 331 159 172 287 121 64 471 25 11.999999999999998 104 9.9999999999999982 76 81 10.999999999999998 77 231 13.999999999999998 45 65 11.999999999999998 445 45 51 113 28 55 31 42 181 47 60 64 130 40
leaf_count=71 110 60 153 359 283 431 96 22 61 293 598 75 12 319 89 198 37 34 673 86 381 194 76 188 166 159 41 214 855 552 143 218 101 126 181 156 368 662 1041 30 203 154 341 997 641 72 398 94 331 159 172 287 121 64 471 25 12 104 10 76 81 11 77 231 14 45 65 12 445 45 51 113 28 55 31 42 181 47 60 64 130 40
model_size=9216
internal_value=0 -0.0306532 0.111843 0.00158441 0.076901 -0.0634427 -0.0720969 0.0611315 0.0753469 -0.0522257 -0.0187741 0.103784 0.19624 0.0535082 -0.0907212 -0.0645744 -0.0141767 0.00454183 -0.0350073 0.137097 -0.023591 0.167027 -0.0330328 0.00235965 0.160526 0.0835031 0.0396715 0.0121194 -0.0384442 0.0781082 0.0278982 0.0555878 0.0223913 0.0315291 0.0119928 0.144296 -0.00925333 -0.106771 -0.046819 -0.0398612 0.164765 -0.0232724 -0.0157606 -0.0960462 -0.0146862 0.0115593 -0.0973749 0.0842737 0.238345 -0.023216 0.0133145 -0.0564421 -0.0864486 0.0216773 -0.0809139 0.0558353 0.211714 0.137155 0.0712955 0.0643727 0.0858937 0.127051 0.00220806 0.0664798 0.111325 0.133086 0.171151 0.117265 0.0147744 -0.0105738 0.154578 -0.00217093 0.242134 0.208925 0.0753396 0.01009 -0.0607979 0.021792 0.167772 -0.0732494 -0.0619767 0.16289
internal_weight=0 12960 3552 6535 2512 6425 5465 1665 1425 2644 4870 891 1040 1809 2821 1073 960 729 1759 703 477 614 2908 1962 487 765 407 255 2596 627 534 278 902 1044 312 401 799 1748 1896 322 264 240 700 1086 1060 260 596 216 426 800 770 960 885 86 764 426 246 368 86 359 152 215 107 550 180 204 221 106 618 226 215 256 414 83 132 67 215 492 164 231 167 52
internal_count=16512 12960 3552 6535 2512 6425 5465 1665 1425 2644 4870 891 1040 1809 2821 1073 960 729 1759 703 477 614 2908 1962 487 765 407 255 2596 627 534 278 902 1044 312 401 799 1748 1896 322 264 240 700 1086 1060 260 596 216 426 800 770 960 885 86 764 426 246 368 86 359 152 215 107 550 180 204 221 106 618 226 215 256 414 83 132 67 215 492 164 231 167 52
is_linear=0
shrinkage=0.1


Tree=2
num_leaves= 62
num_cat= 0
full_tree_array_lgbids= 0 1 2 5 3 4 13 15 7 6 8 18 21 24 38 16 -17 9 11 56 10 23 14 53 20 50 35 -4 60 39 47 25 37 -2147483648 -2147483648 17 51 12 33 57 -58 22 45 29 41 30 27 -2 -55 55 31 -6 -52 49 -37 -2147483648 -2147483648 -26 -62 -15 -41 -40 -49 54 26 -18 -39 -2147483648 -2147483648 -2147483648 -2147483648 43 34 -11 -53 19 46 42 -35 58 -59 -2147483648 -2147483648 32 28 -12 -47 40 52 -25 -43 -10 44 48 36 -2147483648 -2147483648 -2147483648 -2147483648 -20 -57 -22 59 -2147483648 -2147483648 -2147483648 -2147483648 -23 -51 -2147483648 -2147483648 -2147483648 -2147483648 -2147483648 -2147483648 -2147483648 -2147483648 -2147483648 -2147483648 -2147483648 -2147483648 -2147483648 -2147483648 -2147483648 -2147483648 -2147483648 -2147483648 -1 -56 -27 -28 -2147483648 -2147483648 -2147483648 -2147483648 -2147483648 -2147483648 -2147483648 -2147483648 -2147483648 -2147483648 -2147483648 -2147483648 -7 -45 -19 -36 -2147483648 -2147483648 -2147483648 -2147483648 -9 -21 -14 -48 -13 -44 -2147483648 -2147483648 -3 -60 -2147483648 -2147483648 -2147483648 -2147483648 -2147483648 -2147483648 -8 -34 -24 -30 -2147483648 -2147483648 -2147483648 -2147483648 -5 -42 -31 -54 -2147483648 -2147483648 -2147483648 -2147483648 -2147483648 -2147483648 -32 -46 -16 -50 -29 -38 -2147483648 -2147483648 -2147483648 -2147483648 -2147483648 -2147483648 -2147483648 -2147483648 -2147483648 -2147483648 -2147483648 -2147483648 -2147483648 -2147483648 -33 -61 -2147483648 -2147483648 -2147483648 -2147483648 -2147483648 -2147483648 -2147483648 -2147483648 -2147483648 -2147483648 -2147483648 -2147483648 -2147483648 -2147483648 -2147483648 -2147483648 -2147483648 -2147483648 -2147483648 -2147483648 -2147483648 -2147483648 -2147483648 -2147483648 -2147483648 -2147483648 -2147483648 -2147483648 -2147483648 -2147483648 -2147483648 -2147483648 -2147483648 -2147483648 -2147483648 -2147483648 -2147483648 -2147483648 -2147483648 -2147483648 -2147483648 -2147483648 -2147483648 -2147483648 -2147483648 -2147483648 -2147483648 -2147483648
split_feature= 1 1 1 6 6 6 2 7 1 8 7 8 7 1 6 7 8 6 2 8 6 1 6 2 2 7 8 8 1 3 2 1 2 8 7 6 7 2 1 2 7 8 7 8 8 8 7 5 7 2 6 1 7 1 8 7 7 8 7 6 7
split_gain= 4580.86 1184.18 756.203 672.987 253.533 232.882 167.244 164.952 132.085 126.869 103.429 97.8826 114.696 95.2301 88.1352 80.6458 90.2802 77.0168 62.2953 57.9052 53.2283 52.2204 50.395 47.8468 37.2269 33.3598 52.0015 32.1936 30.982 30.1802 23.9409 20.6357 20.373 17.9111 17.7311 14.6481 13.6962 12.6374 11.303 15.294 11.2456 10.8211 10.4647 10.3773 10.0239 9.98067 9.89334 7.16746 5.92716 5.50255 4.50616 4.27107 4.17987 3.97491 3.55765 3.04624 1.14586 9.10843 4.69212 0.6715 0.230116
threshold= 5.1326000000000009 3.1792500000000001 6.8672000000000013 2.2982753493904258 2.7407929055816385 2.1628386478062818 19.500000000000004 34.455000000000005 4.0612500000000002 -117.77499999999999 37.815000000000005 -121.63499999999998 37.915000000000006 7.852450000000001 2.6829812717770039 37.935000000000009 -118.24499999999999 3.1336552646136835 21.500000000000004 -122.33499999999999 2.2038024706228287 5.8308000000000009 1.9322222929778572 47.500000000000007 26.500000000000004 34.655000000000008 -120.02499999999999 -121.895 3.8136000000000005 5.1822875816993479 26.500000000000004 5.5682000000000009 28.500000000000004 -119.94499999999998 34.035000000000004 3.1424162072895592 34.655000000000008 32.500000000000007 8.7395500000000013 28.500000000000004 37.805000000000007 -122.29499999999999 35.645000000000003 -118.395 -122.29499999999999 -122.03499999999998 38.675000000000004 139.50000000000003 37.915000000000006 40.500000000000007 3.1262267671728927 2.2336500000000004 38.675000000000004 5.6402500000000009 -118.37499999999999 37.805000000000007 37.955000000000005 -118.29499999999999 34.175000000000004 2.4530432249902163 37.645000000000003
decision_type= 2 2 2 2 2 2 2 2 2 2 2 2 2 2 2 2 2 2 2 2 2 2 2 2 2 2 2 2 2 2 2 2 2 2 2 2 2 2 2 2 2 2 2 2 2 2 2 2 2 2 2 2 2 2 2 2 2 2 2 2 2
left_child=1 5 4 6 18 15 56 9 23 17 22 12 19 24 30 16 25 43 53 -9 55 50 32 29 -4 54 -27 48 -24 40 -10 -22 -8 42 -19 49 -29 -18 39 -15 -5 -25 -13 -7 -32 -12 -14 -40 -16 -23 -6 -11 -31 -2 -1 -20 57 58 -3 -33 -26
right_child=2 3 13 8 21 7 10 11 14 51 45 33 46 38 27 -17 37 34 20 -21 31 35 28 41 60 26 -28 36 -30 52 44 59 -34 -35 -36 -37 -38 -39 47 -41 -42 -43 -44 -45 -46 -47 -48 -49 -50 -51 -52 -53 -54 -55 -56 -57 -58 -59 -60 -61 -62
leaf_value= 0.1068667777857798 0.044354087056698986 0.11263111655510241 0.11180011307247012 -0.012954766055067072 0.039120188703661601 0.039174311865980811 0.10048757064132355 0.055769185814065772 0.010567780463632359 -0.091832097231682758 0.040656243935920933 -0.038770673644688468 -0.060546632633500158 0.15301852307858921 0.041204590882815452 -0.0643989012352362 -0.050041308435094023 -0.057241798496994248 0.21371178373694422 -0.03741104342599734 0.085769363261836901 0.080520070640737185 0.061270276997887445 0.068159482960899673 0.19501601857270381 0.031326524401869518 -0.1078026027271622 -0.0052796583810959426 0.12234886277205588 -0.038660211549705073 0.10944789446317234 0.16545990990381687 0.1771787354251636 -0.11147160712982369 -0.025459544633880324 0.044951280686571927 -0.034264948123396678 0.01185233111595508 0.12246008578099704 0.22086914195535112 -0.061520446319998472 -0.00017901905525762301 -0.089849023220853683 -0.0084882717356117299 0.046861038347584628 -0.044141471836456031 -0.099519575152148321 0.22456408492747071 -0.0065533949004535665 0.17581365332007409 0.0091445336548434848 -0.065782561038769144 -0.069873800196181876 0.091137689522301862 0.047902277209822777 0.11424848060397541 -0.033169997644668908 -0.004665550553969517 0.030300118882067701 0.12375223916501572 0.13272227908556278
leaf_weight=85 122 31 263 1077 339 117 78 99 276 407 94 92 210 147 234 245 261 783 100 407 201 316 226 75 129 237 38 1024 228 1163 65 100 175 718 454 280 423 82 19 97 106 130 1017 517 357 43 412 346 113 20 367 521 187 163 87 17 50 157 112 234 39
leaf_count=85 122 31 263 1077 339 117 78 99 276 407 94 92 210 147 234 245 261 783 100 407 201 316 226 75 129 237 38 1024 228 1163 65 100 175 718 454 280 423 82 19 97 106 130 1017 517 357 43 412 346 113 20 367 521 187 163 87 17 50 157 112 234 39
model_size=6864
internal_value=0 -0.0263505 0.105538 0.00456925 0.0728147 -0.0556079 0.0728683 -0.0636487 -0.0110233 -0.0456707 0.0977613 -0.0806775 -0.0562252 0.176616 0.00632468 -0.0109059 0.00568376 -0.0300289 0.113472 -0.0191801 0.131989 0.0439976 0.113984 -0.0268126 0.1386 0.0370896 0.0121014 -0.00613105 0.0919441 -0.0309916 0.0383384 0.117278 0.153535 -0.0957745 -0.0455772 0.0674464 -0.0137529 -0.0352446 0.20352 0.179992 -0.0173064 0.0248229 -0.0856117 0.000307505 0.0565012 0.0140409 -0.0863615 0.219249 0.0256523 0.0861923 0.0235379 -0.0772073 -0.0429839 0.071111 0.0770417 0.19926 0.0128405 0.020509 0.0481481 0.13624 0.180555
internal_weight=0 13213 3299 6424 2259 6789 1194 5754 5230 2799 844 2955 1128 1040 2492 1035 790 1871 937 506 652 1322 707 2738 431 447 275 1794 454 2533 698 535 253 1827 1237 616 1447 343 609 244 1183 205 1109 634 422 137 622 365 347 336 706 928 1350 285 172 117 350 300 143 334 168
internal_count=16512 13213 3299 6424 2259 6789 1194 5754 5230 2799 844 2955 1128 1040 2492 1035 790 1871 937 506 652 1322 707 2738 431 447 275 1794 454 2533 698 535 253 1827 1237 616 1447 343 609 244 1183 205 1109 634 422 137 622 365 347 336 706 928 1350 285 172 117 350 300 143 334 168
is_linear=0
shrinkage=0.1


Tree=3
num_leaves= 48
num_cat= 0
full_tree_array_lgbids= 0 1 3 4 2 5 26 11 6 7 8 23 17 29 42 15 -13 10 13 46 9 12 24 41 28 32 35 -5 -31 -28 -44 -1 22 -2147483648 -2147483648 18 -12 14 36 -3 -48 16 38 19 20 37 40 -2 -43 -25 34 44 -34 -19 -37 -2147483648 -2147483648 -2147483648 -2147483648 -2147483648 -2147483648 -2147483648 -2147483648 -2147483648 -2147483648 33 -24 -2147483648 -2147483648 -2147483648 -2147483648 31 -20 -2147483648 -2147483648 27 43 -15 -38 -2147483648 -2147483648 -2147483648 -2147483648 30 25 -11 -40 -4 -21 21 -22 -10 39 45 -42 -2147483648 -2147483648 -2147483648 -2147483648 -2147483648 -2147483648 -30 -36 -7 -46 -2147483648 -2147483648 -2147483648 -2147483648 -2147483648 -2147483648 -2147483648 -2147483648 -2147483648 -2147483648 -2147483648 -2147483648 -2147483648 -2147483648 -2147483648 -2147483648 -2147483648 -2147483648 -2147483648 -2147483648 -2147483648 -2147483648 -2147483648 -2147483648 -2147483648 -2147483648 -17 -35 -2147483648 -2147483648 -2147483648 -2147483648 -2147483648 -2147483648 -2147483648 -2147483648 -2147483648 -2147483648 -6 -33 -2147483648 -2147483648 -2147483648 -2147483648 -2147483648 -2147483648 -8 -29 -16 -45 -2147483648 -2147483648 -2147483648 -2147483648 -2147483648 -2147483648 -2147483648 -2147483648 -2147483648 -2147483648 -2147483648 -2147483648 -9 -32 -18 -27 -2147483648 -2147483648 -2147483648 -2147483648 -2147483648 -2147483648 -2147483648 -2147483648 -14 -23 -2147483648 -2147483648 -2147483648 -2147483648 -39 -41 -26 -47 -2147483648 -2147483648 -2147483648 -2147483648 -2147483648 -2147483648 -2147483648 -2147483648 -2147483648 -2147483648 -2147483648 -2147483648 -2147483648 -2147483648 -2147483648 -2147483648 -2147483648 -2147483648 -2147483648 -2147483648 -2147483648 -2147483648 -2147483648 -2147483648 -2147483648 -2147483648 -2147483648 -2147483648 -2147483648 -2147483648 -2147483648 -2147483648 -2147483648 -2147483648 -2147483648 -2147483648 -2147483648 -2147483648 -2147483648 -2147483648 -2147483648 -2147483648 -2147483648 -2147483648 -2147483648 -2147483648 -2147483648 -2147483648 -2147483648 -2147483648 -2147483648 -2147483648 -2147483648 -2147483648 -2147483648 -2147483648 -2147483648 -2147483648 -2147483648 -2147483648 -2147483648 -2147483648 -2147483648 -2147483648 -2147483648 -2147483648
split_feature= 1 1 6 1 6 6 7 2 1 7 8 7 8 8 7 8 6 1 6 7 7 8 8 2 6 1 1 8 6 2 1 8 2 2 1 2 1 2 7 4 8 5 5 7 2 2 1
split_gain= 3711.59 1035.37 574.555 531.815 189.592 179.27 132.347 131.02 115.805 105.477 101.806 72.7247 66.4795 64.4597 72.6861 64.0102 62.3025 58.7556 57.657 49.1223 42.3741 59.1725 40.7025 38.066 33.302 28.9385 28.7334 28.6555 24.0303 21.7817 19.4428 13.6737 13.6565 12.9544 11.1025 9.97994 9.59252 7.95871 4.95404 3.53706 2.62862 2.42305 1.68353 1.51747 1.23235 0.137405 0.0132388
threshold= 5.2771000000000017 3.1913000000000005 2.3722374117110965 7.3930000000000016 2.2352443515477258 2.6585924622132828 34.455000000000005 19.500000000000004 4.5301500000000017 37.815000000000005 -117.77499999999999 37.935000000000009 -122.38499999999998 -121.63499999999998 37.915000000000006 -122.31499999999998 2.0231950334409352 6.2770500000000009 3.4287187039764357 38.735000000000007 37.945000000000007 -117.79499999999999 -117.145 21.500000000000004 2.8335312747426764 3.8769000000000005 8.7395500000000013 -122.33499999999999 2.2038024706228287 28.500000000000004 3.8769000000000005 -118.395 36.500000000000007 27.500000000000004 6.3350000000000009 28.500000000000004 2.2210000000000005 21.500000000000004 37.995000000000012 1.0373307138179437 -117.675 374.50000000000006 70.000000000000014 38.675000000000004 16.500000000000004 15.500000000000002 4.3163000000000009
decision_type= 2 2 2 2 2 2 2 2 2 2 2 2 2 2 2 2 2 2 2 2 2 2 2 2 2 2 2 2 2 2 2 2 2 2 2 2 2 2 2 2 2 2 2 2 2 2 2
left_child=1 4 7 5 11 23 10 46 12 16 18 15 19 14 27 -1 30 32 31 -4 21 -14 33 41 37 -18 29 -8 -25 -5 -9 -6 44 -17 -30 -19 -15 -10 -11 -39 45 -2 -28 -16 -7 -26 -3
right_child=3 2 8 26 6 17 13 9 24 38 -12 -13 20 36 43 22 25 35 -20 -21 -22 -23 -24 28 40 -27 42 -29 34 -31 -32 -33 -34 -35 -36 -37 -38 39 -40 -41 -42 -43 -44 -45 -46 -47 -48
leaf_value= 0.11400640456744567 -0.010875829495489597 -0.00035151597810097901 0.048102530052251548 0.12801191650161689 0.034804954095446365 0.015452685885783898 0.040345742497289477 0.10410625985110825 0.0073781804118136125 0.038240255881596283 -0.071089336007022996 -0.058307581276405063 -0.010210745952081067 -0.099806003941316279 -0.055495196765521539 -0.014627182983227875 0.040228478964395693 0.074410471905335313 -0.045105924858744172 -0.075472759713931969 -0.054342925297281235 -0.048386793504203621 -0.060906153048494921 0.18708490128478003 -0.021950639904463207 0.098230796865788658 0.084617103263735782 -0.035404423411131244 0.10259169795127117 0.18755101657077877 0.16529211110730724 -0.013797371057197184 0.098535051448664202 0.023702614058251463 0.1545440083500785 0.12891074955536455 -0.076586779074273054 0.032398063922871138 -0.026643542698476203 0.074330013944657852 -0.028258587171965301 0.084480184346224035 0.20115557625341013 -0.089703548880150696 0.043081937561794792 0.013818544534957964 0.038509579716414652
leaf_weight=58 20 287 263 264 141 304 92 196 176 94 894 323 2224 779 200 350 233 386 1017 49 529 649 149 108 138 282 11.999999999999998 385 272 164 164 695 71 387 142 102 994 245 86 170 164 192 353 390 593 590 136
leaf_count=58 20 287 263 264 141 304 92 196 176 94 894 323 2224 779 200 350 233 386 1017 49 529 649 149 108 138 282 12 385 272 164 164 695 71 387 142 102 994 245 86 170 164 192 353 390 593 590 136
model_size=5296
internal_value=0 -0.0223037 0.00591489 0.101156 -0.0497854 0.0754204 -0.0579894 0.0615878 -0.00991818 0.0814126 -0.0415392 -0.013609 -0.0198994 -0.0739009 -0.0524858 0.00168512 0.0966709 0.0543355 -0.0272825 0.0286949 -0.024356 -0.0188346 -0.00566774 0.117245 0.0150786 0.071989 0.172228 -0.0207943 0.134206 0.150826 0.13198 -0.00560009 0.0384723 0.00549986 0.120411 0.0858019 -0.0867886 0.0370088 0.00724022 0.049575 0.000548593 0.0754843 0.197324 -0.0781075 0.0337182 0.00703812 0.0121428
internal_weight=0 13529 6675 2983 6854 2190 5587 1478 5197 1055 2747 1267 3714 2840 1067 944 875 1456 1853 312 3402 2873 886 734 1483 515 793 477 522 428 360 836 968 737 414 488 1773 591 180 415 892 212 365 590 897 728 423
internal_count=16512 13529 6675 2983 6854 2190 5587 1478 5197 1055 2747 1267 3714 2840 1067 944 875 1456 1853 312 3402 2873 886 734 1483 515 793 477 522 428 360 836 968 737 414 488 1773 591 180 415 892 212 365 590 897 728 423
is_linear=0
shrinkage=0.1


Tree=4
num_leaves= 42
num_cat= 0
full_tree_array_lgbids= 0 1 2 5 3 4 8 17 13 6 9 19 18 12 35 26 -19 -7 23 7 33 15 14 -2 20 31 -20 -4 -14 40 -37 27 -28 -2147483648 -2147483648 -2147483648 -2147483648 30 28 25 10 -8 -35 32 24 21 29 -2147483648 -2147483648 -21 38 -6 -33 -2147483648 -2147483648 -2147483648 -2147483648 -2147483648 -2147483648 -10 -42 -2147483648 -2147483648 39 -29 -2147483648 -2147483648 -2147483648 -2147483648 -2147483648 -2147483648 -2147483648 -2147483648 -2147483648 -2147483648 -15 -32 -25 -30 -3 36 11 16 -2147483648 -2147483648 -2147483648 -2147483648 37 -34 34 -26 22 -23 -16 -31 -2147483648 -2147483648 -2147483648 -2147483648 -2147483648 -2147483648 -22 -40 -2147483648 -2147483648 -2147483648 -2147483648 -2147483648 -2147483648 -2147483648 -2147483648 -2147483648 -2147483648 -2147483648 -2147483648 -2147483648 -2147483648 -2147483648 -2147483648 -2147483648 -2147483648 -2147483648 -2147483648 -2147483648 -2147483648 -2147483648 -2147483648 -1 -41 -2147483648 -2147483648 -2147483648 -2147483648 -2147483648 -2147483648 -2147483648 -2147483648 -2147483648 -2147483648 -2147483648 -2147483648 -2147483648 -2147483648 -2147483648 -2147483648 -2147483648 -2147483648 -2147483648 -2147483648 -2147483648 -2147483648 -2147483648 -2147483648 -2147483648 -2147483648 -2147483648 -2147483648 -2147483648 -2147483648 -2147483648 -2147483648 -27 -38 -9 -13 -12 -18 -2147483648 -2147483648 -2147483648 -2147483648 -2147483648 -2147483648 -2147483648 -2147483648 -5 -39 -2147483648 -2147483648 -17 -36 -2147483648 -2147483648 -11 -24 -2147483648 -2147483648 -2147483648 -2147483648 -2147483648 -2147483648 -2147483648 -2147483648 -2147483648 -2147483648 -2147483648 -2147483648 -2147483648 -2147483648 -2147483648 -2147483648 -2147483648 -2147483648 -2147483648 -2147483648 -2147483648 -2147483648 -2147483648 -2147483648 -2147483648 -2147483648 -2147483648 -2147483648 -2147483648 -2147483648 -2147483648 -2147483648 -2147483648 -2147483648 -2147483648 -2147483648 -2147483648 -2147483648 -2147483648 -2147483648 -2147483648 -2147483648 -2147483648 -2147483648 -2147483648 -2147483648 -2147483648 -2147483648 -2147483648 -2147483648 -2147483648 -2147483648 -2147483648 -2147483648 -2147483648 -2147483648 -2147483648 -2147483648 -2147483648 -2147483648 -2147483648 -2147483648 -2147483648 -2147483648 -2147483648 -2147483648 -2147483648 -2147483648 -2147483648 -2147483648
split_feature= 1 1 1 6 6 3 7 8 1 1 8 7 2 1 6 3 7 6 6 2 6 7 8 3 2 7 7 8 6 8 8 1 6 8 7 8 2 7 7 6 7
split_gain= 3007.26 751.369 543.956 462.578 150.352 135.311 128.77 115.476 112.922 106.516 59.9306 110.702 51.8819 49.597 39.7918 30.1818 29.0106 28.5919 24.4094 23.1371 26.0051 22.7873 27.5797 18.6131 17.9435 13.5925 13.3712 15.1971 7.29028 5.87349 5.8396 5.65947 5.5371 5.15622 3.75871 3.28856 1.19139 0.824775 0.430328 0.270062 0.0657707
threshold= 5.0387000000000013 2.7820000000000005 6.3963500000000009 2.4136952392348086 2.5891438608419741 3.8792159595040387 37.935000000000009 -122.33499999999999 7.852450000000001 3.8346500000000003 -117.98499999999999 34.155000000000008 26.500000000000004 2.2210000000000005 3.016322398451238 4.8809487864875196 33.695000000000007 2.8941056667066012 3.0375944537846187 16.500000000000004 2.0653737590585881 37.875000000000007 -122.21499999999999 4.3645181386446135 44.500000000000007 37.765000000000008 37.935000000000009 -118.21499999999999 2.3336834733893559 -121.48499999999999 -122.41499999999998 5.6042500000000013 3.2651338971106418 -122.35499999999998 34.415000000000006 -118.00499999999998 47.500000000000007 37.915000000000006 37.955000000000005 1.6125326273398461 38.275000000000013
decision_type= 2 2 2 2 2 2 2 2 2 2 2 2 2 2 2 2 2 2 2 2 2 2 2 2 2 2 2 2 2 2 2 2 2 2 2 2 2 2 2 2 2
left_child=1 5 4 6 19 17 7 25 12 15 11 -9 -4 -7 21 32 -12 26 31 -2 -21 22 -11 30 34 -3 27 39 -25 -16 -15 -6 37 -8 -17 40 -27 -5 -22 -1 -10
right_child=2 3 8 9 18 13 33 10 35 14 16 -13 -14 23 29 24 -18 -19 -20 20 38 -23 -24 28 -26 36 -28 -29 -30 -31 -32 -33 -34 -35 -36 -37 -38 -39 -40 -41 -42
leaf_value= 0.093460269793868067 0.044102084042348028 0.08473654302651995 0.081160695772701519 -0.00016005323066338643 0.031657683818836782 -0.07624820481904139 0.014374235759525761 0.094648986213979436 0.17800689448764914 0.083026531867381903 0.027980225050728436 0.025984790760137363 0.14073599362484693 0.11535597497766668 0.007642358873423784 -0.031433059388188141 -0.040620042516303995 -0.039619655590973989 0.014911336552956098 0.16520070491652741 0.097000537587660945 -0.020161375842525826 0.013654109874782452 -0.031442474486806531 0.0017806914838901641 0.097683795541524898 -0.065828305359846392 -0.028462531474170924 -0.063654287838852436 -0.024520799018524792 -0.027762522545311974 0.06533181393037947 -0.031540677736405863 -0.040619480459197659 -0.053694854005933795 0.13371379519621396 0.18822549077404011 -0.05549031134511604 0.020047851931303741 0.01595143525079391 0.048686161339282996
leaf_weight=30 131 86 491 658 405 1893 102 456 453 99 279 653 312 10.999999999999998 269 648 145 833 743 95 374 311 1066 283 169 29 67 184 1103 972 393 362 520 217 1047 146 77 61 30 299 9.9999999999999982
leaf_count=30 131 86 491 658 405 1893 102 456 453 99 279 653 312 11 269 648 145 833 743 95 374 311 1066 283 169 29 67 184 1103 972 393 362 520 217 1047 146 77 61 30 299 10
model_size=4624
internal_value=0 -0.0224003 0.0817307 -0.00281554 0.0494868 -0.0526228 0.0388013 0.0502366 0.130599 -0.0174315 0.0404727 0.0542182 0.104308 -0.0632877 -0.001941 -0.030995 0.00452023 -0.0248248 0.0314905 0.0926208 0.105358 0.0111821 0.0195493 -0.0495814 -0.0409261 0.128195 -0.00357641 0.00455396 -0.0570771 -0.0175491 -0.0238657 0.0475508 -0.0160544 -0.0230353 -0.0451842 0.165265 0.163455 -0.00485428 0.0912862 0.0230191 0.175214
internal_weight=0 12960 3552 7864 2140 5096 2044 1725 1412 5820 1533 1109 803 3683 2717 3103 424 1413 1510 630 499 1476 1165 1790 1864 192 580 513 1386 1241 404 767 1239 319 1695 609 106 719 404 329 463
internal_count=16512 12960 3552 7864 2140 5096 2044 1725 1412 5820 1533 1109 803 3683 2717 3103 424 1413 1510 630 499 1476 1165 1790 1864 192 580 513 1386 1241 404 767 1239 319 1695 609 106 719 404 329 463
is_linear=0
shrinkage=0.1


end of trees

feature_importances:
Column_7=79
Column_8=76
Column_1=57
Column_6=57
Column_2=47
Column_3=10
Column_5=10
Column_4=9

parameters:
[boosting: gbdt]
[objective: regression]
[metric: rmse]
[tree_learner: serial]
[device_type: cpu]
[data_sample_strategy: bagging]
[data: data/california_housing.libsvm.train]
[valid: data/california_housing.libsvm.test]
[num_iterations: 5]
[learning_rate: 0.1]
[num_leaves: 255]
[num_threads: 0]
[seed: 42]
[deterministic: 0]
[force_col_wise: 0]
[force_row_wise: 0]
[histogram_pool_size: -1]
[max_depth: 7]
[min_data_in_leaf: 10]
[min_sum_hessian_in_leaf: 0.001]
[bagging_fraction: 1]
[pos_bagging_fraction: 1]
[neg_bagging_fraction: 1]
[bagging_freq: 0]
[bagging_seed: 400]
[feature_fraction: 1]
[feature_fraction_bynode: 1]
[feature_fraction_seed: 30056]
[extra_trees: 0]
[extra_seed: 12879]
[early_stopping_round: 0]
[early_stopping_min_delta: 0]
[first_metric_only: 0]
[max_delta_step: 0]
[lambda_l1: 0]
[lambda_l2: 0]
[linear_lambda: 0]
[min_gain_to_split: 0]
[drop_rate: 0.1]
[max_drop: 50]
[skip_drop: 0.5]
[xgboost_dart_mode: 0]
[uniform_drop: 0]
[drop_seed: 17869]
[top_rate: 0.2]
[other_rate: 0.1]
[min_data_per_group: 100]
[max_cat_threshold: 32]
[cat_l2: 10]
[cat_smooth: 10]
[max_cat_to_onehot: 4]
[top_k: 20]
[monotone_constraints: ]
[monotone_constraints_method: basic]
[monotone_penalty: 0]
[feature_contri: ]
[forcedsplits_filename: ]
[refit_decay_rate: 0.9]
[tinygbdt_penalty_feature: 0.00195312]
[tinygbdt_penalty_split: 0.03125]
[tinygbdt_forestsize: 64000]
[tinygbdt_precision: 7]
[cegb_tradeoff: 1]
[cegb_penalty_split: 0]
[cegb_penalty_feature_lazy: ]
[cegb_penalty_feature_coupled: ]
[path_smooth: 0]
[interaction_constraints: ]
[verbosity: 2]
[saved_feature_importance_type: 0]
[use_quantized_grad: 0]
[num_grad_quant_bins: 4]
[quant_train_renew_leaf: 0]
[stochastic_rounding: 1]
[linear_tree: 0]
[max_bin: 255]
[max_bin_by_feature: ]
[min_data_in_bin: 3]
[bin_construct_sample_cnt: 200000]
[data_random_seed: 175]
[is_enable_sparse: 1]
[enable_bundle: 1]
[use_missing: 1]
[zero_as_missing: 0]
[feature_pre_filter: 1]
[pre_partition: 0]
[two_round: 0]
[header: 0]
[label_column: ]
[weight_column: ]
[group_column: ]
[ignore_column: ]
[categorical_feature: ]
[forcedbins_filename: ]
[precise_float_parser: 0]
[parser_config_file: ]
[objective_seed: 16083]
[num_class: 1]
[is_unbalance: 0]
[scale_pos_weight: 1]
[sigmoid: 1]
[boost_from_average: 1]
[reg_sqrt: 0]
[alpha: 0.9]
[fair_c: 1]
[poisson_max_delta_step: 0.7]
[tweedie_variance_power: 1.5]
[lambdarank_truncation_level: 30]
[lambdarank_norm: 1]
[label_gain: ]
[lambdarank_position_bias_regularization: 0]
[eval_at: ]
[multi_error_top_k: 1]
[auc_mu_weights: ]
[num_machines: 1]
[local_listen_port: 12400]
[time_out: 120]
[machine_list_filename: ]
[machines: ]
[gpu_platform_id: -1]
[gpu_device_id: -1]
[gpu_use_dp: 0]
[num_gpu: 1]

end of parameters
