tree
version=v4
num_class=1
num_tree_per_iteration=1
label_index=0
max_feature_idx=8
objective=regression
feature_names=Column_0 Column_1 Column_2 Column_3 Column_4 Column_5 Column_6 Column_7 Column_8
feature_infos=none [0.49990000000000001:15.0001] [1:52] [0.88888888888888884:141.90909090909091] [0.33333333333333331:25.63636363636364] [3:35682] [0.69230769230769229:1243.333333333333] [32.549999999999997:41.950000000000003] [-124.34999999999999:-114.31]
tree_sizes=2937 2604 2468 2199 2061 2123 1910 1918 1642 1555 1862 1505 1424 1497 1112 915 1372 1444 493 377 378 1448 1442 378 659

Tree=0
num_leaves= 31
num_cat= 0
full_tree_array_lgbids= 0 1 2 5 3 4 10 9 11 6 7 15 12 19 22 14 13 24 20 25 8 18 16 27 17 26 21 -4 29 23 28 -1 -16 -11 -15 -7 -26 -13 -22 -3 -27 -8 -10 -5 -20 -9 -18 -2 -29 -17 -19 -6 -28 -14 -23 -2147483648 -2147483648 -21 -31 -12 -25 -24 -30
split_feature= 1 1 1 6 6 3 2 1 7 1 1 1 1 6 3 2 6 6 2 2 6 2 1 2 7 1 6 1 5 7
split_gain= 6980.71 1677.96 1284.93 968.885 423.781 310.948 226.12 205.044 178.722 172.77 148.576 128.689 112.881 103.549 102.076 99.6918 96.7516 84.7549 76.6441 63.8719 57.3056 33.7964 24.0549 24.783 23.7376 22.5229 20.7422 17.6732 13.4974 4.58561
threshold= 5.0387000000000013 3.0679500000000002 6.8672000000000013 2.3489548886254448 2.671038674349933 4.3101408005062494 24.500000000000004 4.0775500000000013 37.815000000000005 2.2210000000000005 7.852450000000001 2.4115000000000006 5.7307500000000013 2.4907552973342448 3.449226804123712 19.500000000000004 2.9005380231986346 2.0653737590585881 43.500000000000007 26.500000000000004 2.2906328481453726 27.500000000000004 8.7395500000000013 28.500000000000004 35.335000000000008 3.5330000000000008 2.9742256672023202 5.6402500000000009 139.50000000000003 37.645000000000003
decision_type= 2 2 2 2 2 2 2 2 2 2 2 2 2 2 2 2 2 2 2 2 2 2 2 2 2 2 2 2 2 2
left_child=1 5 4 6 15 9 25 18 -8 14 19 24 26 -11 -1 27 -9 -17 -5 -4 -13 -14 23 -12 -7 -3 -6 -2 -24 -21
right_child=2 3 10 7 12 11 8 16 -10 13 22 20 21 -15 -16 17 -18 -19 -20 29 -22 -23 28 -25 -26 -27 -28 -29 -30 -31
leaf_value= 2.0405687631288161 2.122367892078735 2.0619325518895399 2.2105021416414852 2.0293758741925956 2.1246833370498446 1.9807571227445304 2.1984147209355398 2.1002101309481218 2.0795283240852767 2.0970408790997888 2.2611911907323741 2.043693994763716 2.1410397950488846 2.0327038778370752 1.9814897297846104 2.3293276008777508 2.055796547371648 2.2183144165789459 2.080533949453383 2.3136092887030801 1.9920349409095919 2.1974100577568745 2.2256631944098948 2.3423931801380187 1.9518240180001829 2.1119780300641722 2.0841198818403921 2.1915848606410337 2.348659992346585 2.2369779892674675
leaf_weight=503 128 198 263 2717 312 636 733 1016 163 430 147 309 586 767 899 91 1158 572 377 129 1491 187 19 97 1194 369 516 120 346 39
leaf_count=503 128 198 263 2717 312 636 733 1016 163 430 147 309 586 767 899 91 1158 572 377 129 1491 187 19 97 1194 369 516 120 346 39
model_size=3392
internal_value=2.07195 2.03789 2.19622 2.07259 2.15739 2.00039 2.1449 2.05251 2.17679 2.02716 2.28999 1.98123 2.12609 2.05582 2.00269 2.2124 2.07655 2.23355 2.03561 2.24376 2.0009 2.15468 2.32271 2.29347 1.96188 2.0945 2.0994 2.15586 2.34226 2.29582
internal_weight=0 12960 3552 6731 2512 6229 1463 5268 896 2599 1040 3630 1601 1197 1402 911 2174 663 3094 431 1800 773 609 244 1830 567 828 248 365 168
internal_count=16512 12960 3552 6731 2512 6229 1463 5268 896 2599 1040 3630 1601 1197 1402 911 2174 663 3094 431 1800 773 609 244 1830 567 828 248 365 168
is_linear=0
shrinkage=1


Tree=1
num_leaves= 24
num_cat= 0
full_tree_array_lgbids= 0 1 2 5 3 4 12 13 6 7 9 17 16 19 -14 14 -15 8 10 -3 11 18 15 -2 20 22 21 -4 -21 -2147483648 -2147483648 -1 -16 -2147483648 -2147483648 -7 -10 -8 -12 -2147483648 -2147483648 -9 -13 -5 -20 -11 -17 -2147483648 -2147483648 -19 -22 -6 -24 -18 -23 -2147483648 -2147483648 -2147483648 -2147483648 -2147483648 -2147483648 -2147483648 -2147483648
split_feature= 1 1 1 6 6 6 7 2 8 1 8 6 1 7 8 6 1 2 2 2 6 2 6
split_gain= 5638.72 1441.49 925.561 811.484 301.548 289.601 202.868 198.644 156.446 151.729 118.213 116.072 103.938 94.7876 109.556 85.0394 61.0961 57.8721 57.5473 55.9051 36.6967 14.2542 2.41166
threshold= 5.1326000000000009 3.1792500000000001 6.8672000000000013 2.2982753493904258 2.6585924622132828 2.1628386478062818 34.455000000000005 19.500000000000004 -117.77499999999999 4.1119000000000012 -121.63499999999998 1.9628175980828908 8.4454500000000028 37.935000000000009 -118.24499999999999 2.8335312747426764 5.8308000000000009 21.500000000000004 47.500000000000007 26.500000000000004 2.2038024706228287 27.500000000000004 3.1262267671728927
decision_type= 2 2 2 2 2 2 2 2 2 2 2 2 2 2 2 2 2 2 2 2 2 2 2
left_child=1 5 4 7 17 13 8 -3 -7 18 -8 -9 19 14 -1 -11 22 -2 -5 -4 -19 -18 -6
right_child=2 3 12 9 16 6 10 11 -10 15 -12 -13 -14 -15 -16 -17 21 20 -20 -21 -22 -23 -24
leaf_value= 0.044230430953254636 0.084216230332131395 0.013380108862050941 0.13719190780792143 -0.033517635639986235 0.048827385960445342 -0.032418481581660212 -0.062115720910071164 0.16254536505971776 -0.086464694131891839 0.033086021130256597 -0.10739158312721281 0.077517444901220187 0.23830664142214217 -0.071956682126132807 -0.039420649286328324 -0.010822406174656622 0.064840007462105109 0.22015546661538954 0.030431795661703398 0.21172485594009238 0.13662539405426799 0.12128281233978436 0.010032595539933747
leaf_weight=447 238 350 368 2681 418 1871 1128 305 928 1009 1827 539 426 245 343 1321 524 117 219 246 423 172 367
leaf_count=447 238 350 368 2681 418 1871 1128 305 928 1009 1827 539 426 245 343 1321 524 117 219 246 423 172 367
model_size=2608
internal_value=0 -0.02926 0.117191 0.00497081 0.0807981 -0.0616504 -0.0707621 0.0804366 -0.0503373 -0.0122579 -0.0901086 0.108244 0.19624 -0.0109948 0.00791104 0.00819202 0.0532941 0.133154 -0.0286884 0.167054 0.154724 0.0787885 0.0306902
internal_weight=0 13213 3299 6424 2259 6789 5754 1194 2799 5230 2955 844 1040 1035 790 2330 1481 778 2900 614 540 696 785
internal_count=16512 13213 3299 6424 2259 6789 5754 1194 2799 5230 2955 844 1040 1035 790 2330 1481 778 2900 614 540 696 785
is_linear=0
shrinkage=0.1


Tree=2
num_leaves= 22
num_cat= 0
full_tree_array_lgbids= 0 1 3 5 2 4 17 11 8 6 9 16 14 20 -19 12 -13 10 13 7 -8 15 18 -2 19 -6 -16 -5 -22 -2147483648 -2147483648 -1 -14 -2147483648 -2147483648 -7 -12 -10 -15 -3 -9 -2147483648 -2147483648 -4 -17 -11 -20 -2147483648 -2147483648 -18 -21 -2147483648 -2147483648 -2147483648 -2147483648 -2147483648 -2147483648 -2147483648 -2147483648 -2147483648 -2147483648 -2147483648 -2147483648
split_feature= 1 1 6 1 6 6 7 2 7 1 8 7 8 8 1 2 2 1 2 6 2
split_gain= 4566.03 1253.16 686.875 644.216 207.761 195.549 170.208 149.059 140.374 132.759 100.853 73.2328 62.1384 57.5514 57.1196 56.8796 47.5053 17.2245 16.9961 15.6851 6.2788
threshold= 5.2771000000000017 3.1097000000000006 2.4136952392348086 7.3930000000000016 2.7472725830126556 2.2352443515477258 37.935000000000009 19.500000000000004 34.455000000000005 4.5301500000000017 -118.29499999999999 37.935000000000009 -118.25499999999998 -120.09499999999998 6.2770500000000009 42.500000000000007 21.500000000000004 8.7395500000000013 20.500000000000004 2.2038024706228287 28.500000000000004
decision_type= 2 2 2 2 2 2 2 2 2 2 2 2 2 2 2 2 2 2 2 2 2
left_child=1 5 6 4 16 11 7 -3 10 15 -7 12 -1 -10 -6 -4 -2 20 -11 -18 -5
right_child=3 2 9 17 14 8 -8 -9 13 18 -12 -13 -14 -15 -16 -17 19 -19 -20 -21 -22
leaf_value= 0.031772622220677921 0.076345445959871458 0.015810179724629281 -0.030671292230772331 0.14289768171129805 0.036900445073267382 -0.00097440733340466894 -0.024526315890124537 0.09401336701392482 -0.072662856005375268 -0.010393294123518399 -0.058856680850347204 -0.068286820697092937 -0.036018039732664008 -0.11449773192424838 0.093480150220466074 0.015727703698802623 0.20676565137174396 0.21944877173394373 0.029502774658366961 0.13011006850342022 0.20830639294098791
leaf_weight=472 262 412 3381 264 857 507 250 1128 1957 517 2063 306 390 730 435 493 108 365 923 528 164
leaf_count=472 262 412 3381 264 857 507 250 1128 1957 517 2063 306 390 730 435 493 108 365 923 528 164
model_size=2384
internal_value=0 -0.0247842 0.00455253 0.112405 0.0837072 -0.0572212 0.0594577 0.0730915 -0.0661404 -0.0139421 -0.0474379 -0.0170772 0.00110167 -0.0840285 0.0559501 -0.0247666 0.123643 0.19166 0.015179 0.143127 0.167961
internal_weight=0 13529 7104 2983 2190 6425 1790 1540 5257 5314 2570 1168 862 2687 1292 3874 898 793 1440 636 428
internal_count=16512 13529 7104 2983 2190 6425 1790 1540 5257 5314 2570 1168 862 2687 1292 3874 898 793 1440 636 428
is_linear=0
shrinkage=0.1


Tree=3
num_leaves= 18
num_cat= 0
full_tree_array_lgbids= 0 1 3 4 2 6 -5 9 5 7 12 -2 16 -2147483648 -2147483648 -1 14 10 11 -3 8 13 15 -2147483648 -2147483648 -8 -18 -2147483648 -2147483648 -2147483648 -2147483648 -2147483648 -2147483648 -11 -16 -6 -12 -7 -13 -2147483648 -2147483648 -9 -10 -4 -15 -14 -17 -2147483648 -2147483648 -2147483648 -2147483648 -2147483648 -2147483648 -2147483648 -2147483648 -2147483648 -2147483648 -2147483648 -2147483648 -2147483648 -2147483648 -2147483648 -2147483648
split_feature= 1 1 6 1 6 1 6 2 6 1 3 3 1 2 2 6 1
split_gain= 3712.87 1190.79 496.57 350.788 278.631 130.351 123.823 102.976 121.665 92.6444 92.2134 76.6863 71.1993 24.5086 23.3972 19.3225 13.6346
threshold= 5.6042500000000013 3.5488500000000003 2.4136952392348086 7.7055000000000016 2.2352443515477258 2.5205000000000006 2.6529733204757315 19.500000000000004 1.9628175980828908 2.5510500000000005 3.6193833748516839 5.0006134969325169 4.5301500000000017 42.500000000000007 24.500000000000004 2.9742256672023202 6.3963500000000009
decision_type= 2 2 2 2 2 2 2 2 2 2 2 2 2 2 2 2 2
left_child=1 4 7 6 9 10 -2 -3 -9 -1 -6 -7 13 -4 -11 -14 -8
right_child=3 2 12 -5 5 11 16 8 -10 14 -12 -13 15 -15 -16 -17 -18
leaf_value= -0.035019399237725755 0.13480514620168066 0.018544823499238798 -0.021117740739444214 0.18059785519406868 -0.028138495260217944 -0.020905338203461354 0.049558817217995356 0.16433698701538083 0.068052985732419594 -0.013289313267341034 -0.080682348558055672 -0.057964092991870546 0.035312214093668075 0.028728708509193242 0.046404545777477324 -0.0013854061837446157 0.094513515030003853
leaf_weight=719 569 384 2258 670 607 1837 671 236 736 299 2610 1678 973 318 520 931 496
leaf_count=719 569 384 2258 670 607 1837 671 236 736 299 2610 1678 973 318 520 931 496
model_size=1936
internal_value=0 -0.0196964 0.0155094 0.115477 -0.0445405 -0.0539703 0.0903438 0.0707904 0.0914306 -0.00326534 -0.0707681 -0.0385965 -0.00122303 -0.0149643 0.0246115 0.0173682 0.0686655
internal_weight=0 14106 5836 2406 8270 6732 1736 1356 972 1538 3217 3515 4480 2576 819 1904 1167
internal_count=16512 14106 5836 2406 8270 6732 1736 1356 972 1538 3217 3515 4480 2576 819 1904 1167
is_linear=0
shrinkage=0.1


Tree=4
num_leaves= 16
num_cat= 0
full_tree_array_lgbids= 0 1 2 4 3 5 10 13 12 8 6 -2 14 11 -12 -1 -15 -6 -14 9 -10 7 -8 -2147483648 -2147483648 -7 -16 -4 -13 -2147483648 -2147483648 -2147483648 -2147483648 -2147483648 -2147483648 -2147483648 -2147483648 -2147483648 -2147483648 -3 -11 -2147483648 -2147483648 -5 -9 -2147483648 -2147483648 -2147483648 -2147483648 -2147483648 -2147483648 -2147483648 -2147483648 -2147483648 -2147483648 -2147483648 -2147483648 -2147483648 -2147483648 -2147483648 -2147483648 -2147483648 -2147483648
split_feature= 1 1 1 6 3 6 7 8 7 8 1 2 1 6 6
split_gain= 3011.41 725.176 529.101 434.062 127.524 125.732 100.252 212.826 84.8946 80.3781 74.284 36.9298 19.9151 14.6877 0.141708
threshold= 5.0387000000000013 2.7820000000000005 6.3963500000000009 2.2634687595142249 3.8792159595040387 2.5288691539219195 37.945000000000007 -122.24499999999999 37.985000000000007 -122.35499999999998 7.852450000000001 26.500000000000004 1.9486000000000003 3.0973600929976173 3.0375944537846187
decision_type= 2 2 2 2 2 2 2 2 2 2 2 2 2 2 2
left_child=1 4 5 8 13 -2 7 -5 9 -3 11 -4 -6 -1 -7
right_child=2 3 10 6 12 14 -8 -9 -10 -11 -12 -13 -14 -15 -16
leaf_value= -3.1296333800566506e-05 0.098145960881036109 0.14544386994559319 0.079664398699369601 0.077024891377246871 -0.084705381935133328 0.049330557542844815 -0.046741012602628841 -0.013138995653117153 -0.043109604337490531 0.048386548772320855 0.16596169228037005 0.14774747041497346 -0.05505217666693895 -0.042984391925346671 0.013560748397970251
leaf_weight=664 550 160 491 347 1169 847 1176 4939 139 1103 609 312 2514 749 743
leaf_count=664 550 160 491 347 1169 847 1176 4939 139 1103 609 312 2514 749 743
model_size=1712
internal_value=0 -0.0225403 0.0822416 -0.00285912 -0.0529117 0.0494574 -0.0144125 -0.00722018 0.0503917 0.060682 0.131929 0.106118 -0.0644642 -0.0227998 0.0326155
internal_weight=0 12960 3552 7864 5096 2140 6462 5286 1402 1263 1412 803 3683 1413 1590
internal_count=16512 12960 3552 7864 5096 2140 6462 5286 1402 1263 1412 803 3683 1413 1590
is_linear=0
shrinkage=0.1


Tree=5
num_leaves= 17
num_cat= 0
full_tree_array_lgbids= 0 1 3 4 2 10 -5 11 6 5 13 15 -12 -2147483648 -2147483648 12 -13 7 8 9 -7 14 -15 -2 -17 -2147483648 -2147483648 -2147483648 -2147483648 -2147483648 -2147483648 -1 -14 -2147483648 -2147483648 -6 -9 -8 -10 -3 -11 -2147483648 -2147483648 -4 -16 -2147483648 -2147483648 -2147483648 -2147483648 -2147483648 -2147483648 -2147483648 -2147483648 -2147483648 -2147483648 -2147483648 -2147483648 -2147483648 -2147483648 -2147483648 -2147483648 -2147483648 -2147483648
split_feature= 1 1 6 1 6 7 7 8 8 2 6 7 8 8 7 2
split_gain= 2443 794.326 326.059 197.372 170.15 83.5824 77.8555 113.585 103.339 70.5971 67.5455 29.3885 26.8292 25.0564 41.9285 6.73305
threshold= 5.6042500000000013 3.5488500000000003 2.5288691539219195 7.7055000000000016 2.1496330815790889 37.935000000000009 34.455000000000005 -117.77499999999999 -121.675 17.500000000000004 3.0089663118548242 37.975000000000001 -118.26499999999999 -117.79499999999999 37.915000000000006 21.500000000000004
decision_type= 2 2 2 2 2 2 2 2 2 2 2 2 2 2 2 2
left_child=1 4 5 10 11 9 7 -6 -8 -3 15 12 -1 14 -4 -2
right_child=3 2 13 -5 6 -7 8 -9 -10 -11 -12 -13 -14 -15 -16 -17
leaf_value= 0.040161049266304261 0.059607487707531132 0.0089929748786056196 0.011368700031956152 0.14646338536160816 -0.013965110871839962 -0.017338926249769012 -0.031326787525549675 -0.061250450902200076 -0.074367261261435058 0.078169902742518158 0.039471948118146749 -0.051153147631258028 -0.019156729695650986 -0.034078313071212556 -0.032344139972406608 0.1114555163072663
leaf_weight=585 352 341 2659 670 2315 253 1439 1133 2155 1201 649 237 406 731 651 735
leaf_count=585 352 341 2659 670 2315 253 1439 1133 2155 1201 649 237 406 731 651 735
model_size=1824
internal_value=0 -0.0160676 0.0131638 0.0942017 -0.0366957 0.0515665 -0.043605 -0.0295029 -0.0571343 0.062872 0.0740316 0.00292613 0.0158593 -0.00389456 0.0027714 0.0946657
internal_weight=0 14106 5836 2406 8270 1795 7042 3448 3594 1542 1736 1228 991 4041 3310 1087
internal_count=16512 14106 5836 2406 8270 1795 7042 3448 3594 1542 1736 1228 991 4041 3310 1087
is_linear=0
shrinkage=0.1


Tree=6
num_leaves= 14
num_cat= 0
full_tree_array_lgbids= 0 2 1 7 3 4 10 -1 -9 9 5 -2 -6 11 -12 -2147483648 -2147483648 -2147483648 -2147483648 -4 12 6 8 -2147483648 -2147483648 -2147483648 -2147483648 -3 -13 -2147483648 -2147483648 -2147483648 -2147483648 -2147483648 -2147483648 -2147483648 -2147483648 -2147483648 -2147483648 -2147483648 -2147483648 -11 -14 -5 -8 -7 -10 -2147483648 -2147483648 -2147483648 -2147483648 -2147483648 -2147483648 -2147483648 -2147483648 -2147483648 -2147483648 -2147483648 -2147483648 -2147483648 -2147483648 -2147483648 -2147483648
split_feature= 1 1 1 6 6 8 7 3 7 2 2 1 7
split_gain= 2017.66 487.938 338.973 271.833 128.652 63.9894 86.2919 57.312 52.7356 42.0027 31.1035 4.55968 3.88393
threshold= 4.5301500000000017 6.3350000000000009 2.6597500000000003 2.0653737590585881 2.5163636904584812 -122.38499999999998 38.305000000000007 4.2015099382944241 34.455000000000005 24.500000000000004 26.500000000000004 9.1688500000000008 37.815000000000005
decision_type= 2 2 2 2 2 2 2 2 2 2 2 2 2
left_child=2 4 7 9 -2 6 -5 -1 -7 -4 11 -3 -11
right_child=1 10 3 5 -6 8 -8 -9 -10 12 -12 -13 -14
leaf_value= -0.02637739951872178 0.075048502200656106 0.071759438468675538 0.0077923030389393582 0.076876382162702872 0.019185441727138569 -0.0075641483237441232 -0.029743313334946488 -0.059342775975507571 -0.036128873138238225 0.095525182210656617 0.13545501491157561 0.14864750915883684 -0.008754258166539344
leaf_weight=1880 814 700 329 305 2488 3267 232 2693 2526 431 635 139 73
leaf_count=1880 814 700 329 305 2488 3267 232 2693 2526 431 635 139 73
model_size=1488
internal_value=0 0.0556387 -0.0226423 -0.00786413 0.0329567 -0.0157072 0.0308135 -0.0457904 -0.0200196 0.0517358 0.10645 0.0844977 0.0804212
internal_weight=0 4776 11736 7163 3302 6330 537 4573 5793 833 1474 839 504
internal_count=16512 4776 11736 7163 3302 6330 537 4573 5793 833 1474 839 504
is_linear=0
shrinkage=0.1


Tree=7
num_leaves= 14
num_cat= 0
full_tree_array_lgbids= 0 2 1 9 4 3 11 10 -11 12 5 7 -5 -3 -13 -1 -12 -2147483648 -2147483648 -4 -14 6 -7 -2 8 -2147483648 -2147483648 -2147483648 -2147483648 -2147483648 -2147483648 -2147483648 -2147483648 -2147483648 -2147483648 -2147483648 -2147483648 -2147483648 -2147483648 -2147483648 -2147483648 -2147483648 -2147483648 -6 -8 -2147483648 -2147483648 -2147483648 -2147483648 -9 -10 -2147483648 -2147483648 -2147483648 -2147483648 -2147483648 -2147483648 -2147483648 -2147483648 -2147483648 -2147483648 -2147483648 -2147483648
split_feature= 1 1 6 6 1 7 8 2 6 7 8 2 3
split_gain= 1632.28 488.242 193.558 170.634 115.584 46.1554 149.456 41.1625 49.6396 17.3109 58.3102 14.4718 9.67961
threshold= 4.125700000000001 6.2770500000000009 2.0376051459673437 2.735488224282792 2.2210000000000005 37.925000000000004 -122.31499999999998 21.500000000000004 2.0653737590585881 37.815000000000005 -118.11499999999999 29.500000000000004 3.4845502266762112
decision_type= 2 2 2 2 2 2 2 2 2 2 2 2 2
left_child=2 3 9 7 12 6 -6 -2 -9 10 -1 -3 -4
right_child=1 11 4 -5 5 -7 -8 8 -10 -11 -12 -13 -14
leaf_value= 0.062719748829507357 0.016223266845530212 0.076479049635676352 -0.014113757817581502 0.0047715395888730146 0.077889935617476952 -0.046380170261696108 -0.019067619345400535 0.14255389604982133 0.055652439238614751 -0.029873084759993753 -0.015891357553747935 0.12437566739531561 -0.061289971882328591
leaf_weight=585 600 962 424 2571 243 1450 5182 183 1110 262 318 574 2048
leaf_count=585 600 962 424 2571 243 1450 5182 183 1110 262 318 574 2048
model_size=1488
internal_value=0 0.0424713 -0.0242416 0.0246109 -0.0298105 -0.0214011 -0.0147246 0.051556 0.0679517 0.0204385 0.0350361 0.0943779 -0.0531983
internal_weight=0 6000 10512 4464 9347 6875 5425 1893 1293 1165 903 1536 2472
internal_count=16512 6000 10512 4464 9347 6875 5425 1893 1293 1165 903 1536 2472
is_linear=0
shrinkage=0.1


Tree=8
num_leaves= 10
num_cat= 0
full_tree_array_lgbids= 0 1 3 5 2 8 -5 7 -7 4 -4 -2 -10 -2147483648 -2147483648 -1 -9 -2147483648 -2147483648 6 -6 -2147483648 -2147483648 -2147483648 -2147483648 -2147483648 -2147483648 -2147483648 -2147483648 -2147483648 -2147483648 -2147483648 -2147483648 -2147483648 -2147483648 -2147483648 -2147483648 -2147483648 -2147483648 -3 -8 -2147483648 -2147483648 -2147483648 -2147483648 -2147483648 -2147483648 -2147483648 -2147483648 -2147483648 -2147483648 -2147483648 -2147483648 -2147483648 -2147483648 -2147483648 -2147483648 -2147483648 -2147483648 -2147483648 -2147483648 -2147483648 -2147483648
split_feature= 1 1 6 1 7 3 8 1 6
split_gain= 1323.81 360.99 209.925 114.205 55.4462 46.7044 45.9423 36.62 12.5566
threshold= 5.3736000000000006 3.3277500000000004 2.6829812717770039 7.3930000000000016 37.935000000000009 4.4053436317780594 -117.88499999999998 2.2003500000000007 2.5763869593405579
decision_type= 2 2 2 2 2 2 2 2 2
left_child=1 5 4 8 6 7 -3 -1 -2
right_child=3 2 -4 -5 -6 -7 -8 -9 -10
leaf_value= -0.034885301923737219 0.082611619277721204 0.052712100985310685 -0.011828260030849278 0.10563635070399238 -0.018499275817518767 -0.040690783761232342 -0.0058114379708329115 0.0022116975984457269 0.035586763668168417
leaf_weight=1504 534 1763 3652 793 437 4191 437 1735 1466
leaf_count=1504 534 1763 3652 793 437 4191 437 1735 1466
model_size=1040
internal_value=0 -0.0131245 0.00621893 0.0644663 0.0312126 -0.0294973 0.0410872 -0.015014 0.0481424
internal_weight=0 13719 6289 2793 2637 7430 2200 3239 2000
internal_count=16512 13719 6289 2793 2637 7430 2200 3239 2000
is_linear=0
shrinkage=0.1


Tree=9
num_leaves= 9
num_cat= 0
full_tree_array_lgbids= 0 2 1 3 6 7 -3 4 -5 -4 -8 -2 -9 -2147483648 -2147483648 -1 5 -2147483648 -2147483648 -2147483648 -2147483648 -2147483648 -2147483648 -2147483648 -2147483648 -2147483648 -2147483648 -2147483648 -2147483648 -2147483648 -2147483648 -2147483648 -2147483648 -6 -7 -2147483648 -2147483648 -2147483648 -2147483648 -2147483648 -2147483648 -2147483648 -2147483648 -2147483648 -2147483648 -2147483648 -2147483648 -2147483648 -2147483648 -2147483648 -2147483648 -2147483648 -2147483648 -2147483648 -2147483648 -2147483648 -2147483648 -2147483648 -2147483648 -2147483648 -2147483648 -2147483648 -2147483648
split_feature= 1 1 6 7 8 8 1 6
split_gain= 1079.48 186.456 185.9 108.52 93.855 48.2518 47.0984 40.2974
threshold= 4.6754000000000007 6.5626000000000007 2.4469862317432325 37.945000000000007 -122.35499999999998 -117.145 2.8762500000000002 2.3578464509898605
decision_type= 2 2 2 2 2 2 2 2
left_child=2 7 3 4 -1 -6 -4 -2
right_child=1 -3 6 -5 5 -7 -8 -9
leaf_value= 0.10657417383374435 0.075172133179823727 0.082113436992829816 -0.038572234135084586 -0.034414990062987885 0.021080505177276252 -0.04852536172834962 -0.014367372292648745 0.020056976868804983
leaf_weight=212 457 1288 3893 821 2160 297 4750 2634
leaf_count=212 457 1288 3893 821 2160 297 4750 2634
model_size=928
internal_value=0 0.0440616 -0.0159026 0.00729538 0.0201257 0.0126666 -0.0252698 0.0282057
internal_weight=0 4379 12133 3490 2669 2457 8643 3091
internal_count=16512 4379 12133 3490 2669 2457 8643 3091
is_linear=0
shrinkage=0.1


Tree=10
num_leaves= 13
num_cat= 0
full_tree_array_lgbids= 0 2 1 3 7 4 6 5 -5 8 9 -2 -6 -3 -8 -1 -7 -2147483648 -2147483648 10 -10 11 -11 -2147483648 -2147483648 -2147483648 -2147483648 -2147483648 -2147483648 -2147483648 -2147483648 -2147483648 -2147483648 -2147483648 -2147483648 -2147483648 -2147483648 -2147483648 -2147483648 -4 -12 -2147483648 -2147483648 -9 -13 -2147483648 -2147483648 -2147483648 -2147483648 -2147483648 -2147483648 -2147483648 -2147483648 -2147483648 -2147483648 -2147483648 -2147483648 -2147483648 -2147483648 -2147483648 -2147483648 -2147483648 -2147483648
split_feature= 1 1 6 7 6 8 2 7 8 8 6 7
split_gain= 872.069 221.251 88.6284 65.7455 56.7048 49.423 14.8085 0.661158 33.4544 32.9761 17.362 10.2476
threshold= 4.125700000000001 5.8308000000000009 2.5219735498882589 38.475000000000001 2.2982753493904258 -122.35499999999998 26.500000000000004 34.455000000000005 -117.79499999999999 -120.09499999999998 3.442186331338819 37.895000000000003
decision_type= 2 2 2 2 2 2 2 2 2 2 2 2
left_child=2 4 3 5 -2 -1 -3 8 10 11 -4 -9
right_child=1 6 7 -5 -6 -7 -8 9 -10 -11 -12 -13
leaf_value= 0.073932233056573482 0.05991771195715262 0.044324886029209164 0.014768481333227607 -0.043804502385104811 0.0074368162698632409 0.0022654215414431894 0.087750931887282058 -0.0077092607996886234 -0.04352453994309087 -0.070693758364735765 -0.02438224678205532 -0.046868675116440876
leaf_weight=283 590 1219 1254 638 3316 2618 875 1173 1144 839 1335 1228
leaf_count=283 590 1219 1254 638 3316 2618 875 1173 1144 839 1335 1228
model_size=1376
internal_value=0 0.0318043 -0.0181532 -0.000309007 0.015364 0.0092567 0.0624709 -0.0272096 -0.0170969 -0.038861 -0.00541932 -0.0277375
internal_weight=0 6000 10512 3539 3906 2901 2094 6973 3733 3240 2589 2401
internal_count=16512 6000 10512 3539 3906 2901 2094 6973 3733 3240 2589 2401
is_linear=0
shrinkage=0.1


Tree=11
num_leaves= 8
num_cat= 0
full_tree_array_lgbids= 0 3 1 -1 6 2 -3 -2147483648 -2147483648 -5 -8 4 -4 -2147483648 -2147483648 -2147483648 -2147483648 -2147483648 -2147483648 -2147483648 -2147483648 -2147483648 -2147483648 -2 5 -2147483648 -2147483648 -2147483648 -2147483648 -2147483648 -2147483648 -2147483648 -2147483648 -2147483648 -2147483648 -2147483648 -2147483648 -2147483648 -2147483648 -2147483648 -2147483648 -2147483648 -2147483648 -2147483648 -2147483648 -2147483648 -2147483648 -2147483648 -2147483648 -6 -7 -2147483648 -2147483648 -2147483648 -2147483648 -2147483648 -2147483648 -2147483648 -2147483648 -2147483648 -2147483648 -2147483648 -2147483648
split_feature= 1 1 6 6 2 6 1
split_gain= 692.026 195.245 75.3918 42.2775 27.6887 29.2957 1.17598
threshold= 3.9221500000000007 6.3350000000000009 2.9742256672023202 2.0231950334409352 21.500000000000004 2.0653737590585881 2.2210000000000005
decision_type= 2 2 2 2 2 2 2
left_child=3 2 4 -1 -2 -6 -5
right_child=1 -3 -4 6 5 -7 -8
leaf_value= 0.01478883679679518 0.0027278416387460677 0.064613437943950011 -0.0065491963585904284 -0.037941330358531505 0.10933336658970171 0.034433865230176011 -0.015767807899737123
leaf_weight=1054 1081 1474 2068 2485 230 1931 6189
leaf_count=1054 1081 1474 2068 2485 230 1931 6189
model_size=816
internal_value=0 0.0259852 0.0152624 -0.0181213 0.0291756 0.0424056 -0.0221203
internal_weight=0 6784 5310 9728 3242 2161 8674
internal_count=16512 6784 5310 9728 3242 2161 8674
is_linear=0
shrinkage=0.1


Tree=12
num_leaves= 7
num_cat= 0
full_tree_array_lgbids= 0 1 5 -1 2 -2 -7 -2147483648 -2147483648 3 -4 -2147483648 -2147483648 -2147483648 -2147483648 -2147483648 -2147483648 -2147483648 -2147483648 4 -5 -2147483648 -2147483648 -2147483648 -2147483648 -2147483648 -2147483648 -2147483648 -2147483648 -2147483648 -2147483648 -2147483648 -2147483648 -2147483648 -2147483648 -2147483648 -2147483648 -2147483648 -2147483648 -3 -6 -2147483648 -2147483648 -2147483648 -2147483648 -2147483648 -2147483648 -2147483648 -2147483648 -2147483648 -2147483648 -2147483648 -2147483648 -2147483648 -2147483648 -2147483648 -2147483648 -2147483648 -2147483648 -2147483648 -2147483648 -2147483648 -2147483648
split_feature= 1 1 6 7 8 1
split_gain= 555.006 148.955 97.5758 47.0069 42.31 6.13408
threshold= 5.5682000000000009 2.7820000000000005 2.8079590171801518 37.935000000000009 -117.895 8.0125000000000011
decision_type= 2 2 2 2 2 2
left_child=1 -1 3 4 -3 -2
right_child=5 2 -4 -5 -6 -7
leaf_value= -0.025493734071987628 0.036626342149475022 0.033462880908318227 -0.013612711065120964 -0.01924023483358725 -0.011514385071724254 0.083678664524281521
leaf_weight=5096 1920 2952 4251 917 828 548
leaf_count=5096 1920 2952 4251 917 828 548
model_size=704
internal_value=0 -0.00827246 0.00153527 0.0152449 0.0236107 0.0470739
internal_weight=0 14044 8948 4697 3780 2468
internal_count=16512 14044 8948 4697 3780 2468
is_linear=0
shrinkage=0.1


Tree=13
num_leaves= 8
num_cat= 0
full_tree_array_lgbids= 0 2 1 3 -4 5 -3 4 -5 -2147483648 -2147483648 -2 -7 -2147483648 -2147483648 -1 6 -2147483648 -2147483648 -2147483648 -2147483648 -2147483648 -2147483648 -2147483648 -2147483648 -2147483648 -2147483648 -2147483648 -2147483648 -2147483648 -2147483648 -2147483648 -2147483648 -6 -8 -2147483648 -2147483648 -2147483648 -2147483648 -2147483648 -2147483648 -2147483648 -2147483648 -2147483648 -2147483648 -2147483648 -2147483648 -2147483648 -2147483648 -2147483648 -2147483648 -2147483648 -2147483648 -2147483648 -2147483648 -2147483648 -2147483648 -2147483648 -2147483648 -2147483648 -2147483648 -2147483648 -2147483648
split_feature= 1 1 6 7 8 2 8
split_gain= 450.116 52.0305 48.6801 51.8806 64.5887 11.1263 2.98865
threshold= 4.5301500000000017 7.2638000000000007 2.5949646725452555 37.815000000000005 -122.29499999999999 16.500000000000004 -117.145
decision_type= 2 2 2 2 2 2 2
left_child=2 5 3 4 -1 -2 -6
right_child=1 -3 -4 -5 6 -7 -8
leaf_value= 0.091811283415954986 -0.0062469845081240269 0.065424205093869217 -0.020006981815187265 -0.025117256687895731 0.014821171668060027 0.030110456069167658 -0.039034123812181257
leaf_weight=239 1058 854 7323 1317 2482 2864 375
leaf_count=239 1058 854 7323 1317 2482 2864 375
model_size=816
internal_value=0 0.0283709 -0.0115456 0.00249531 0.0142414 0.0203027 0.00775231
internal_weight=0 4776 11736 4413 3096 3922 2857
internal_count=16512 4776 11736 4413 3096 3922 2857
is_linear=0
shrinkage=0.1


Tree=14
num_leaves= 8
num_cat= 0
full_tree_array_lgbids= 0 3 1 4 5 2 -3 -1 -6 6 -7 -2 -4 -2147483648 -2147483648 -2147483648 -2147483648 -2147483648 -2147483648 -5 -8 -2147483648 -2147483648 -2147483648 -2147483648 -2147483648 -2147483648 -2147483648 -2147483648 -2147483648 -2147483648
split_feature= 1 1 6 7 8 8 7
split_gain= 361.763 68.0628 8.77313 7.20773 139.463 94.895 73.9773
threshold= 3.8346500000000003 5.8308000000000009 2.2634687595142249 34.455000000000005 -118.30499999999999 -121.675 38.675000000000004
decision_type= 2 2 2 2 2 2 2
left_child=3 2 -2 4 -1 6 -5
right_child=1 -3 -4 5 -6 -7 -8
leaf_value= 0.039654782319805522 0.044746838412478784 0.042553570324591956 0.0035269033477549009 0.013619134825312155 -0.015322272779128064 -0.042671543981556356 -0.051725945196312142
leaf_weight=973 705 2094 4259 1597 3747 2614 523
leaf_count=973 705 2094 4259 1597 3747 2614 523
model_size=816
internal_value=0 0.0192228 0.00938106 -0.014351 -0.00398908 -0.0246824 -0.00250137
internal_weight=0 7058 4964 9454 4720 4734 2120
internal_count=16512 7058 4964 9454 4720 4734 2120
is_linear=0
shrinkage=0.1


Tree=15
num_leaves= 5
num_cat= 0
full_tree_array_lgbids= 0 -1 1 -2147483648 -2147483648 2 -3 -2147483648 -2147483648 -2147483648 -2147483648 3 -4 -2147483648 -2147483648 -2147483648 -2147483648 -2147483648 -2147483648 -2147483648 -2147483648 -2147483648 -2147483648 -2 -5 -2147483648 -2147483648 -2147483648 -2147483648 -2147483648 -2147483648
split_feature= 1 6 7 8
split_gain= 272.465 48.74 25.9329 22.4284
threshold= 3.8346500000000003 3.016322398451238 37.925000000000004 -117.85499999999998
decision_type= 2 2 2 2
left_child=-1 2 3 -2
right_child=1 -3 -4 -5
leaf_value= -0.012915940433888551 0.043124188780389795 -0.0020210994266454132 -0.012896280276800962 -0.00094127495217089224
leaf_weight=9454 3155 2508 633 762
leaf_count=9454 3155 2508 633 762
model_size=480
internal_value=0 0.0173006 0.0279508 0.0345518
internal_weight=0 7058 4550 3917
internal_count=16512 7058 4550 3917
is_linear=0
shrinkage=0.1


Tree=16
num_leaves= 6
num_cat= 0
full_tree_array_lgbids= 0 1 -2 2 -3 -2147483648 -2147483648 3 -4 -2147483648 -2147483648 -2147483648 -2147483648 -2147483648 -2147483648 -1 4 -2147483648 -2147483648 -2147483648 -2147483648 -2147483648 -2147483648 -2147483648 -2147483648 -2147483648 -2147483648 -2147483648 -2147483648 -2147483648 -2147483648 -2147483648 -2147483648 -5 -6 -2147483648 -2147483648 -2147483648 -2147483648 -2147483648 -2147483648 -2147483648 -2147483648 -2147483648 -2147483648 -2147483648 -2147483648 -2147483648 -2147483648 -2147483648 -2147483648 -2147483648 -2147483648 -2147483648 -2147483648 -2147483648 -2147483648 -2147483648 -2147483648 -2147483648 -2147483648 -2147483648 -2147483648
split_feature= 1 6 7 8 7
split_gain= 222.513 34.112 52.3776 55.4279 33.7189
threshold= 5.2771000000000017 2.8396278889382178 38.475000000000001 -122.35499999999998 34.455000000000005
decision_type= 2 2 2 2 2
left_child=1 2 3 -1 -5
right_child=-2 -3 -4 4 -6
leaf_value= 0.060288782870416772 0.029682368869363512 -0.01683503335054545 -0.030044477893475554 0.017606768555959239 -0.014331353683012617
leaf_weight=541 2983 6497 1157 3113 2221
leaf_count=541 2983 6497 1157 3113 2221
model_size=592
internal_value=0 -0.00654465 0.00296284 0.00946318 0.0043082
internal_weight=0 13529 7032 5875 5334
internal_count=16512 13529 7032 5875 5334
is_linear=0
shrinkage=0.1


Tree=17
num_leaves= 7
num_cat= 0
full_tree_array_lgbids= 0 1 -2 -1 2 -2147483648 -2147483648 -2147483648 -2147483648 5 3 -2147483648 -2147483648 -2147483648 -2147483648 -2147483648 -2147483648 -2147483648 -2147483648 -3 -7 4 -5 -2147483648 -2147483648 -2147483648 -2147483648 -2147483648 -2147483648 -2147483648 -2147483648 -2147483648 -2147483648 -2147483648 -2147483648 -2147483648 -2147483648 -2147483648 -2147483648 -2147483648 -2147483648 -2147483648 -2147483648 -4 -6 -2147483648 -2147483648 -2147483648 -2147483648 -2147483648 -2147483648 -2147483648 -2147483648 -2147483648 -2147483648 -2147483648 -2147483648 -2147483648 -2147483648 -2147483648 -2147483648 -2147483648 -2147483648
split_feature= 1 1 8 7 8 7
split_gain= 166.462 27.759 34.4399 21.7011 57.2028 0.112353
threshold= 5.8308000000000009 2.5205000000000006 -122.35499999999998 37.595000000000006 -117.77499999999999 38.705000000000005
decision_type= 2 2 2 2 2 2
left_child=1 -1 5 4 -4 -3
right_child=-2 2 3 -5 -6 -7
leaf_value= -0.02027023730805539 0.033333570229234492 0.051531322838921971 0.011433504884488507 -0.023795991064465533 -0.022826061249107507 -0.037407792664583259
leaf_weight=3911 2094 782 5704 2116 1754 151
leaf_count=3911 2094 782 5704 2116 1754 151
model_size=704
internal_value=0 -0.00484121 0.000901913 -0.00262926 0.00337621 0.0371371
internal_weight=0 14418 10507 9574 7458 933
internal_count=16512 14418 10507 9574 7458 933
is_linear=0
shrinkage=0.1


Tree=18
num_leaves= 3
num_cat= 0
full_tree_array_lgbids= 0 -1 1 -2147483648 -2147483648 -2 -3
split_feature= 1 6
split_gain= 117.816 17.1801
threshold= 3.6530500000000008 3.1174424219910848
decision_type= 2 2
left_child=-1 -2
right_child=1 -3
leaf_value= -0.010899713951861453 0.020012927161885387 -0.0075262076547092278
leaf_weight=8730 5582 2200
leaf_count=8730 5582 2200
model_size=256
internal_value=0 0.0122275
internal_weight=0 7782
internal_count=16512 7782
is_linear=0
shrinkage=0.1


Tree=19
num_leaves= 2
num_cat= 0
full_tree_array_lgbids= 0 -1 -2
split_feature= 1
split_gain= 94.8992
threshold= 5.6042500000000013
decision_type= 2
left_child=-1
right_child=-2
leaf_value= -0.0045270576620205496 0.02654142777527245
leaf_weight=14106 2406
leaf_count=14106 2406
model_size=144
internal_value=0
internal_weight=0
internal_count=16512
is_linear=0
shrinkage=0.1


Tree=20
num_leaves= 2
num_cat= 0
full_tree_array_lgbids= 0 -1 -2
split_feature= 1
split_gain= 62.5183
threshold= 4.6754000000000007
decision_type= 2
left_child=-1
right_child=-2
leaf_value= -0.0060330160321740191 0.016715821678942613
leaf_weight=12133 4379
leaf_count=12133 4379
model_size=144
internal_value=0
internal_weight=0
internal_count=16512
is_linear=0
shrinkage=0.1


Tree=21
num_leaves= 7
num_cat= 0
full_tree_array_lgbids= 0 1 -2 -1 2 -2147483648 -2147483648 -2147483648 -2147483648 3 -4 -2147483648 -2147483648 -2147483648 -2147483648 -2147483648 -2147483648 -2147483648 -2147483648 5 4 -2147483648 -2147483648 -2147483648 -2147483648 -2147483648 -2147483648 -2147483648 -2147483648 -2147483648 -2147483648 -2147483648 -2147483648 -2147483648 -2147483648 -2147483648 -2147483648 -2147483648 -2147483648 -3 -7 -5 -6 -2147483648 -2147483648 -2147483648 -2147483648 -2147483648 -2147483648 -2147483648 -2147483648 -2147483648 -2147483648 -2147483648 -2147483648 -2147483648 -2147483648 -2147483648 -2147483648 -2147483648 -2147483648 -2147483648 -2147483648
split_feature= 7 8 8 7 8 8
split_gain= 54.4863 123.171 69.2953 95.0153 304.966 107.286
threshold= 37.925000000000004 -122.31499999999998 -117.75499999999998 34.525000000000013 -120.56499999999998 -118.30499999999999
decision_type= 2 2 2 2 2 2
left_child=1 -1 3 5 -5 -3
right_child=-2 2 -4 4 -6 -7
leaf_value= 0.06069599273121732 -0.021339339048554812 0.043670342909914422 -0.020632574841149387 0.012357175489116076 -0.054923984120531913 0.0047970324603283862
leaf_weight=685 2882 2235 2777 2816 1335 3782
leaf_count=685 2882 2235 2777 2816 1335 3782
model_size=704
internal_value=0 0.0045121 0.00153907 0.0075944 -0.00928107 0.0192364
internal_weight=0 13630 12945 10168 4151 6017
internal_count=16512 13630 12945 10168 4151 6017
is_linear=0
shrinkage=0.1


Tree=22
num_leaves= 7
num_cat= 0
full_tree_array_lgbids= 0 1 -2 2 -3 -2147483648 -2147483648 3 -4 -2147483648 -2147483648 -2147483648 -2147483648 -2147483648 -2147483648 5 4 -2147483648 -2147483648 -2147483648 -2147483648 -2147483648 -2147483648 -2147483648 -2147483648 -2147483648 -2147483648 -2147483648 -2147483648 -2147483648 -2147483648 -1 -7 -5 -6 -2147483648 -2147483648 -2147483648 -2147483648 -2147483648 -2147483648 -2147483648 -2147483648 -2147483648 -2147483648 -2147483648 -2147483648 -2147483648 -2147483648 -2147483648 -2147483648 -2147483648 -2147483648 -2147483648 -2147483648 -2147483648 -2147483648 -2147483648 -2147483648 -2147483648 -2147483648 -2147483648 -2147483648
split_feature= 6 7 8 7 8 8
split_gain= 39.4549 63.0524 48.3942 1.24148 238.292 6.21283
threshold= 3.1336552646136835 37.925000000000004 -117.75499999999998 34.525000000000013 -121.28499999999998 -118.36499999999999
decision_type= 2 2 2 2 2 2
left_child=1 2 3 5 -5 -1
right_child=-2 -3 -4 4 -6 -7
leaf_value= 0.056894061580015448 -0.013853613898075554 -0.016867407623021715 -0.012950904447097362 0.0289383474316635 -0.039095501010817019 0.019191168345550909
leaf_weight=1203 5219 2460 1845 2310 1103 2372
leaf_count=1203 5219 2460 1845 2310 1103 2372
model_size=704
internal_value=0 0.00640237 0.012883 0.0197038 0.00695143 0.0318783
internal_weight=0 11293 8833 6988 3413 3575
internal_count=16512 11293 8833 6988 3413 3575
is_linear=0
shrinkage=0.1


Tree=23
num_leaves= 2
num_cat= 0
full_tree_array_lgbids= 0 -1 -2
split_feature= 1
split_gain= 17.0959
threshold= 6.8672000000000013
decision_type= 2
left_child=-1
right_child=-2
leaf_value= -0.0022701443130107237 0.033772762260750121
leaf_weight=15472 1040
leaf_count=15472 1040
model_size=144
internal_value=0
internal_weight=0
internal_count=16512
is_linear=0
shrinkage=0.1


Tree=24
num_leaves= 4
num_cat= 0
full_tree_array_lgbids= 0 1 -2 2 -3 -2147483648 -2147483648 -1 -4 -2147483648 -2147483648 -2147483648 -2147483648 -2147483648 -2147483648
split_feature= 6 7 8
split_gain= 8.11181 25.8432 13.5296
threshold= 3.1100458715596333 37.925000000000004 -117.77499999999999
decision_type= 2 2 2
left_child=1 2 -1
right_child=-2 -3 -4
leaf_value= 0.017986253729015144 -0.012109049336911345 -0.01501852725027158 -0.01118985145098028
leaf_weight=6822 5414 2428 1848
leaf_count=6822 5414 2428 1848
model_size=368
internal_value=0 0.00590723 0.0117674
internal_weight=0 11098 8670
internal_count=16512 11098 8670
is_linear=0
shrinkage=0.1


end of trees

feature_importances:
Column_1=72
Column_6=53
Column_7=38
Column_8=38
Column_2=29
Column_3=8
Column_5=1

parameters:
[boosting: gbdt]
[objective: regression]
[metric: rmse]
[tree_learner: serial]
[device_type: cpu]
[data_sample_strategy: bagging]
[data: data/california_housing.libsvm.train]
[valid: data/california_housing.libsvm.test]
[num_iterations: 50]
[learning_rate: 0.1]
[num_leaves: 255]
[num_threads: 0]
[seed: 42]
[deterministic: 0]
[force_col_wise: 0]
[force_row_wise: 0]
[histogram_pool_size: -1]
[max_depth: 5]
[min_data_in_leaf: 10]
[min_sum_hessian_in_leaf: 0.001]
[bagging_fraction: 1]
[pos_bagging_fraction: 1]
[neg_bagging_fraction: 1]
[bagging_freq: 0]
[bagging_seed: 400]
[feature_fraction: 1]
[feature_fraction_bynode: 1]
[feature_fraction_seed: 30056]
[extra_trees: 0]
[extra_seed: 12879]
[early_stopping_round: 0]
[early_stopping_min_delta: 0]
[first_metric_only: 0]
[max_delta_step: 0]
[lambda_l1: 0]
[lambda_l2: 0]
[linear_lambda: 0]
[min_gain_to_split: 0]
[drop_rate: 0.1]
[max_drop: 50]
[skip_drop: 0.5]
[xgboost_dart_mode: 0]
[uniform_drop: 0]
[drop_seed: 17869]
[top_rate: 0.2]
[other_rate: 0.1]
[min_data_per_group: 100]
[max_cat_threshold: 32]
[cat_l2: 10]
[cat_smooth: 10]
[max_cat_to_onehot: 4]
[top_k: 20]
[monotone_constraints: ]
[monotone_constraints_method: basic]
[monotone_penalty: 0]
[feature_contri: ]
[forcedsplits_filename: ]
[refit_decay_rate: 0.9]
[tinygbdt_penalty_feature: 1]
[tinygbdt_penalty_split: 0.25]
[tinygbdt_forestsize: 64000]
[tinygbdt_precision: 7]
[cegb_tradeoff: 1]
[cegb_penalty_split: 0]
[cegb_penalty_feature_lazy: ]
[cegb_penalty_feature_coupled: ]
[path_smooth: 0]
[interaction_constraints: ]
[verbosity: 2]
[saved_feature_importance_type: 0]
[use_quantized_grad: 0]
[num_grad_quant_bins: 4]
[quant_train_renew_leaf: 0]
[stochastic_rounding: 1]
[linear_tree: 0]
[max_bin: 255]
[max_bin_by_feature: ]
[min_data_in_bin: 3]
[bin_construct_sample_cnt: 200000]
[data_random_seed: 175]
[is_enable_sparse: 1]
[enable_bundle: 1]
[use_missing: 1]
[zero_as_missing: 0]
[feature_pre_filter: 1]
[pre_partition: 0]
[two_round: 0]
[header: 0]
[label_column: ]
[weight_column: ]
[group_column: ]
[ignore_column: ]
[categorical_feature: ]
[forcedbins_filename: ]
[precise_float_parser: 0]
[parser_config_file: ]
[objective_seed: 16083]
[num_class: 1]
[is_unbalance: 0]
[scale_pos_weight: 1]
[sigmoid: 1]
[boost_from_average: 1]
[reg_sqrt: 0]
[alpha: 0.9]
[fair_c: 1]
[poisson_max_delta_step: 0.7]
[tweedie_variance_power: 1.5]
[lambdarank_truncation_level: 30]
[lambdarank_norm: 1]
[label_gain: ]
[lambdarank_position_bias_regularization: 0]
[eval_at: ]
[multi_error_top_k: 1]
[auc_mu_weights: ]
[num_machines: 1]
[local_listen_port: 12400]
[time_out: 120]
[machine_list_filename: ]
[machines: ]
[gpu_platform_id: -1]
[gpu_device_id: -1]
[gpu_use_dp: 0]
[num_gpu: 1]

end of parameters
