tree
version=v4
num_class=1
num_tree_per_iteration=1
label_index=0
max_feature_idx=8
objective=regression
feature_names=Column_0 Column_1 Column_2 Column_3 Column_4 Column_5 Column_6 Column_7 Column_8
feature_infos=none [0.49990000000000001:15.0001] [1:52] [0.88888888888888884:141.90909090909091] [0.33333333333333331:25.63636363636364] [3:35682] [0.69230769230769229:1243.333333333333] [32.549999999999997:41.950000000000003] [-124.34999999999999:-114.31]
tree_sizes=3001 2947 3016 2534 2471 2398 2407 2398 2222 2333 2001 1852 1926 2001 1786 1494 1579 1705 1579 1515 1373 1633 1728 1379 1999 1589 923 378 499

Tree=0
num_leaves= 32
num_cat= 0
full_tree_array_lgbids= 0 1 2 5 3 4 10 9 11 6 7 15 12 19 22 14 13 24 20 25 8 18 16 27 17 26 21 30 29 23 28 -1 -16 -11 -15 -7 -26 -13 -22 -3 -27 -8 -10 -5 -20 -9 -18 -2 -29 -17 -19 -6 -28 -14 -23 -4 -32 -21 -31 -12 -25 -24 -30
split_feature= 1 1 1 6 6 3 2 1 7 1 1 1 1 6 3 2 6 6 2 2 6 2 1 2 7 1 6 1 5 7 4
split_gain= 6980.71 1678.14 1285.12 969.26 424.343 311.323 226.87 205.794 180.035 173.895 149.138 129.814 113.819 105.424 103.951 100.629 98.2516 87.7549 78.1441 65.9344 59.5556 36.2339 26.1174 29.0955 25.9876 23.8354 23.1797 20.6732 17.8099 8.33561 1.49665
threshold= 5.0387000000000013 3.0679500000000002 6.8672000000000013 2.3489548886254448 2.671038674349933 4.3101408005062494 24.500000000000004 4.0775500000000013 37.815000000000005 2.2210000000000005 7.852450000000001 2.4115000000000006 5.7307500000000013 2.4907552973342448 3.449226804123712 19.500000000000004 2.9005380231986346 2.0653737590585881 43.500000000000007 26.500000000000004 2.2906328481453726 27.500000000000004 8.7395500000000013 28.500000000000004 35.335000000000008 3.5330000000000008 2.9742256672023202 5.6402500000000009 139.50000000000003 37.645000000000003 1.0103851166134901
decision_type= 2 2 2 2 2 2 2 2 2 2 2 2 2 2 2 2 2 2 2 2 2 2 2 2 2 2 2 2 2 2 2
left_child=1 5 4 6 15 9 25 18 -8 14 19 24 26 -11 -1 27 -9 -17 -5 30 -13 -14 23 -12 -7 -3 -6 -2 -24 -21 -4
right_child=2 3 10 7 12 11 8 16 -10 13 22 20 21 -15 -16 17 -18 -19 -20 29 -22 -23 28 -25 -26 -27 -28 -29 -30 -31 -32
leaf_value= 2.0405687631288161 2.122367892078735 2.0619325518895399 2.1860943173854421 2.0293758741925956 2.1246833370498446 1.9807571227445304 2.1984147209355398 2.1002101309481218 2.0795283240852767 2.0970408790997888 2.2611911907323741 2.043693994763716 2.1410397950488846 2.0327038778370752 1.9814897297846104 2.3293276008777508 2.055796547371648 2.2183144165789459 2.080533949453383 2.3136092887030801 1.9920349409095919 2.1974100577568745 2.2256631944098948 2.3423931801380187 1.9518240180001829 2.1119780300641722 2.0841198818403921 2.1915848606410337 2.348659992346585 2.2369779892674675 2.2272434057145407
leaf_weight=503 128 198 107 2717 312 636 733 1016 163 430 147 309 586 767 899 91 1158 572 377 129 1491 187 19 97 1194 369 516 120 346 39 156
leaf_count=503 128 198 107 2717 312 636 733 1016 163 430 147 309 586 767 899 91 1158 572 377 129 1491 187 19 97 1194 369 516 120 346 39 156
model_size=3504
internal_value=2.07195 2.03789 2.19622 2.07259 2.15739 2.00039 2.1449 2.05251 2.17679 2.02716 2.28999 1.98123 2.12609 2.05582 2.00269 2.2124 2.07655 2.23355 2.03561 2.24376 2.0009 2.15468 2.32271 2.29347 1.96188 2.0945 2.0994 2.15586 2.34226 2.29582 2.2105
internal_weight=0 12960 3552 6731 2512 6229 1463 5268 896 2599 1040 3630 1601 1197 1402 911 2174 663 3094 431 1800 773 609 244 1830 567 828 248 365 168 263
internal_count=16512 12960 3552 6731 2512 6229 1463 5268 896 2599 1040 3630 1601 1197 1402 911 2174 663 3094 431 1800 773 609 244 1830 567 828 248 365 168 263
is_linear=0
shrinkage=1


Tree=1
num_leaves= 29
num_cat= 0
full_tree_array_lgbids= 0 1 2 5 3 4 12 13 6 7 9 18 16 19 23 14 -15 8 10 27 11 17 15 24 20 22 21 26 25 -14 -25 -1 -16 -2147483648 -2147483648 -7 -10 -8 -12 -3 -29 -9 -13 -5 -19 -11 -17 -2 -26 -20 -22 -6 -24 -18 -23 -4 -28 -21 -27 -2147483648 -2147483648 -2147483648 -2147483648
split_feature= 1 1 1 6 6 6 7 2 8 1 8 6 1 7 8 6 1 2 2 2 6 2 6 5 1 7 1 7
split_gain= 5650.03 1452.99 937.061 823.172 313.235 301.289 215.118 210.519 168.884 163.604 130.65 128.509 115.626 107.038 123.118 97.8519 73.1586 70.3598 69.9346 69.2801 50.9467 28.3792 16.5367 8.46202 7.54061 3.24083 2.87594 2.28044
threshold= 5.1326000000000009 3.1792500000000001 6.8672000000000013 2.2982753493904258 2.6585924622132828 2.1628386478062818 34.455000000000005 19.500000000000004 -117.77499999999999 4.1119000000000012 -121.63499999999998 1.9628175980828908 8.4454500000000028 37.935000000000009 -118.24499999999999 2.8335312747426764 5.8308000000000009 47.500000000000007 21.500000000000004 26.500000000000004 2.2038024706228287 27.500000000000004 3.1262267671728927 70.000000000000014 5.6402500000000009 37.645000000000003 7.3930000000000016 37.955000000000005
decision_type= 2 2 2 2 2 2 2 2 2 2 2 2 2 2 2 2 2 2 2 2 2 2 2 2 2 2 2 2
left_child=1 5 4 7 18 13 8 27 -7 17 -8 -9 19 14 -1 -11 22 -5 24 26 -20 -18 -6 -14 -2 -21 -4 -3
right_child=2 3 12 9 16 6 10 11 -10 15 -12 -13 23 -15 -16 -17 21 -19 20 25 -22 -23 -24 -25 -26 -27 -28 -29
leaf_value= 0.044230430953254636 0.051710352190187048 0.021716185106585423 0.11257013540252361 -0.033517635639986235 0.048827385960445342 -0.032418481581660212 -0.062115720910071164 0.16254536505971776 -0.086464694131891839 0.033086021130256597 -0.10739158312721281 0.077517444901220187 0.10762568108427029 -0.071956682126132807 -0.039420649286328324 -0.010822406174656622 0.064840007462105109 0.030431795661703398 0.22015546661538954 0.22502748265708844 0.13662539405426799 0.12128281233978436 0.010032595539933747 0.24209449534497904 0.11076683308929205 0.16209582549591478 0.15471344836835946 -0.036636348605155945
leaf_weight=447 107 300 153 2681 418 1871 1128 305 928 1009 1827 539 11.999999999999998 245 343 1321 524 219 117 194 423 172 367 414 131 52 215 50
leaf_count=447 107 300 153 2681 418 1871 1128 305 928 1009 1827 539 12 245 343 1321 524 219 117 194 423 172 367 414 131 52 215 50
model_size=3168
internal_value=0 -0.02926 0.117191 0.00497081 0.0807981 -0.0616504 -0.0707621 0.0804366 -0.0503373 -0.0122579 -0.0901086 0.108244 0.19624 -0.0109948 0.00791104 0.00819202 0.0532941 -0.0286884 0.133154 0.167054 0.154724 0.0787885 0.0306902 0.238307 0.0842162 0.211725 0.137192 0.0133801
internal_weight=0 13213 3299 6424 2259 6789 5754 1194 2799 5230 2955 844 1040 1035 790 2330 1481 2900 778 614 540 696 785 426 238 246 368 350
internal_count=16512 13213 3299 6424 2259 6789 5754 1194 2799 5230 2955 844 1040 1035 790 2330 1481 2900 778 614 540 696 785 426 238 246 368 350
is_linear=0
shrinkage=0.1


Tree=2
num_leaves= 30
num_cat= 0
full_tree_array_lgbids= 0 1 2 6 3 4 8 13 10 5 9 17 16 11 22 19 28 21 15 7 -7 14 12 26 18 20 27 25 -13 23 24 -1 -21 -15 -30 -8 -23 -12 -17 -3 -9 -2147483648 -2147483648 -5 -16 -11 -14 -2 -28 -19 -20 -6 -22 -18 -29 -4 -27 -2147483648 -2147483648 -10 -25 -24 -26
split_feature= 1 1 1 6 6 7 3 8 1 1 1 2 2 6 3 6 6 2 6 8 2 6 2 1 5 6 5 1 8
split_gain= 4583.86 1113.93 850.767 681.886 230.295 218.311 196.853 175.804 173.751 140.043 96.079 87.5168 72.014 66.6324 61.8925 54.5501 42.2886 38.4693 42.924 31.5042 16.7821 11.3394 10.4128 4.28645 2.91956 2.61233 2.5967 0.932623 0.598562
threshold= 5.0387000000000013 2.8762500000000002 6.3963500000000009 2.4136952392348086 2.5827178004959954 37.995000000000012 3.8792159595040387 -122.35499999999998 7.852450000000001 3.8346500000000003 2.2948000000000004 26.500000000000004 42.500000000000007 3.0973600929976173 5.1947827066293142 2.2906328481453726 3.0375944537846187 21.500000000000004 2.0653737590585881 -117.145 20.500000000000004 2.1718174014038287 20.500000000000004 9.1688500000000008 139.50000000000003 2.6585924622132828 358.50000000000006 5.6851000000000012 -117.79499999999999
decision_type= 2 2 2 2 2 2 2 2 2 2 2 2 2 2 2 2 2 2 2 2 2 2 2 2 2 2 2 2 2
left_child=1 6 4 5 17 7 13 -3 11 14 21 25 -11 19 -5 -12 20 26 -19 -1 -6 -8 23 -10 -24 -4 -2 -18 -15
right_child=2 3 8 9 16 -7 10 -9 22 12 15 -13 -14 28 -16 -17 27 18 -20 -21 -22 -23 24 -25 -26 -27 -28 -29 -30
leaf_value= 0.004997166402595626 -0.032807712559588253 0.1552587070870094 0.14084475033302257 -0.021756683590240855 0.028230403204931018 -0.041093500211914831 -0.060948759344007286 0.050022677148099937 0.14811838136365016 -0.0097105011414146177 -0.017192798938548332 0.17467646051857932 0.048191479024689475 -0.047618668565411859 -0.05477748556130882 -0.06618015511440789 0.0064548819710920071 0.21353098875597906 0.11639004326505781 -0.07594990942899775 0.072191242709795947 -0.094691603641533117 0.10798614382743837 0.21131945063224 0.22283837517360588 0.091775990409602978 0.079527981925297891 0.037027274828742698 -0.098404657180820199
leaf_weight=605 15.999999999999998 195 94 1556 249 252 273 1509 120 2424 363 312 293 699 1309 1511 434 76 348 82 529 1819 14.999999999999998 89 385 397 179 309 70
leaf_count=605 16 195 94 1556 249 252 273 1509 120 2424 363 312 293 699 1309 1511 434 76 348 82 529 1819 15 89 385 397 179 309 70
model_size=3280
internal_value=0 -0.027629 0.100809 -0.00259634 0.0607028 0.0487751 -0.062431 0.0620655 0.161592 -0.0205975 -0.0744131 0.12973 -0.00346638 -0.0297928 -0.0368437 -0.0566911 0.0390936 0.113801 0.133802 -0.00466464 0.0581215 -0.0902883 0.203603 0.175032 0.218531 0.10117 0.0703107 0.0191694 -0.0522416
internal_weight=0 12960 3552 7538 2140 1956 5422 1704 1412 5582 3966 803 2717 1456 2865 1874 1521 619 424 687 778 2092 609 209 400 491 195 743 769
internal_count=16512 12960 3552 7538 2140 1956 5422 1704 1412 5582 3966 803 2717 1456 2865 1874 1521 619 424 687 778 2092 609 209 400 491 195 743 769
is_linear=0
shrinkage=0.1


Tree=3
num_leaves= 23
num_cat= 0
full_tree_array_lgbids= 0 1 3 4 2 5 18 12 7 6 9 15 16 20 -20 13 -14 10 11 -3 8 14 17 -2 19 21 -18 -5 -22 -2147483648 -2147483648 -1 -15 -2147483648 -2147483648 -6 -12 -9 -13 -2147483648 -2147483648 -8 -10 -4 -16 -11 -19 -2147483648 -2147483648 -17 -21 -7 -23 -2147483648 -2147483648 -2147483648 -2147483648 -2147483648 -2147483648 -2147483648 -2147483648 -2147483648 -2147483648
split_feature= 1 1 6 1 6 6 2 7 6 1 8 8 7 8 8 2 1 2 1 6 2 7
split_gain= 3733.71 1093.53 591.476 475.564 193.436 165.375 164.337 155.549 149.564 130.799 126.03 92.9611 69.6033 83.2489 66.7278 48.1728 45.2389 36.4915 27.6053 22.0051 18.966 0.341547
threshold= 5.3736000000000006 3.1913000000000005 2.4136952392348086 7.3930000000000016 2.1628386478062818 2.7472725830126556 19.500000000000004 34.455000000000005 1.9628175980828908 4.5301500000000017 -118.29499999999999 -121.63499999999998 37.935000000000009 -118.25499999999998 -122.38499999999998 21.500000000000004 6.2770500000000009 18.500000000000004 8.7395500000000013 2.2038024706228287 28.500000000000004 37.955000000000005
decision_type= 2 2 2 2 2 2 2 2 2 2 2 2 2 2 2 2 2 2 2 2 2 2
left_child=1 4 6 5 12 15 -3 10 -8 14 -6 -9 13 -1 -4 -2 21 -11 20 -17 -5 -7
right_child=3 2 9 18 7 16 8 11 -10 17 -12 -13 -14 -15 -16 19 -18 -19 -20 -21 -22 -23
leaf_value= 0.039451926628368376 0.071368226329796017 0.0062962461787547108 0.030514567816019827 0.12677404237628886 0.005602682071922889 0.041814640331748476 0.14168981390175758 -0.049743758776172299 0.057341259413657669 -0.011524787454914474 -0.05095730672505358 -0.089510862659144763 -0.06061185050382456 -0.032636859501712023 -0.026036457895962137 0.19313185764380647 0.084401531564499976 0.028210208805655102 0.19850235002089855 0.12211868167699624 0.18788516219569051 -0.0098791204986628158
leaf_weight=445 240 474 290 264 564 668 320 1141 901 515 2266 1841 247 350 3289 97 435 1076 365 480 164 80
leaf_count=445 240 474 290 264 564 668 320 1141 901 515 2266 1841 247 350 3289 97 435 1076 365 480 164 80
model_size=2496
internal_value=0 -0.0215082 0.0069372 0.105646 -0.0499992 0.0791678 0.0589909 -0.0574426 0.0794474 -0.0101288 -0.0396853 -0.0742948 -0.00848169 0.00771473 -0.0214542 0.115642 0.0539785 0.0153482 0.172427 0.134057 0.15019 0.0362859
internal_weight=0 13719 6865 2793 6854 2000 1695 5812 1221 5170 2830 2982 1042 795 3579 817 1183 1591 793 577 428 748
internal_count=16512 13719 6865 2793 6854 2000 1695 5812 1221 5170 2830 2982 1042 795 3579 817 1183 1591 793 577 428 748
is_linear=0
shrinkage=0.1


Tree=4
num_leaves= 22
num_cat= 0
full_tree_array_lgbids= 0 1 3 4 2 7 18 11 5 8 13 17 16 -5 -20 12 -13 6 10 -3 9 14 15 -2 20 19 -18 -2147483648 -2147483648 -2147483648 -2147483648 -1 -14 -2147483648 -2147483648 -6 -8 -7 -12 -2147483648 -2147483648 -10 -11 -4 -16 -15 -17 -2147483648 -2147483648 -19 -22 -9 -21 -2147483648 -2147483648 -2147483648 -2147483648 -2147483648 -2147483648 -2147483648 -2147483648 -2147483648 -2147483648
split_feature= 1 1 6 1 6 7 8 6 2 6 8 7 8 6 7 8 1 2 2 2 4
split_gain= 3039.36 999.91 433.508 293.828 247.216 128.276 145.029 118.255 113.815 118.058 111.981 100.541 95.1701 84.2619 89.6998 27.0381 24.3634 13.9154 8.41954 8.26824 6.69694
threshold= 5.6042500000000013 3.5488500000000003 2.4136952392348086 7.7055000000000016 2.2352443515477258 34.455000000000005 -117.77499999999999 2.6529733204757315 17.500000000000004 1.9628175980828908 -121.63499999999998 37.915000000000006 -122.31499999999998 2.9742256672023202 37.915000000000006 -121.48499999999999 6.5626000000000007 21.500000000000004 18.500000000000004 40.500000000000007 1.0435797675926601
decision_type= 2 2 2 2 2 2 2 2 2 2 2 2 2 2 2 2 2 2 2 2 2
left_child=1 4 8 7 11 6 -6 17 -3 -10 -7 12 -1 14 -4 -15 19 -2 -5 -9 -19
right_child=3 2 13 18 5 10 -8 16 9 -11 -12 -13 -14 15 -16 -17 -18 20 -20 -21 -22
leaf_value= 0.12222932875156403 0.084389409144373193 0.0079744135637764679 0.024999979212450202 0.13135437477685979 -0.018527409662832055 -0.039495976461193572 -0.066219255694794629 0.043817919891323942 0.14603191606540974 0.061358094911398889 -0.079768483557171282 -0.054420711228424415 0.0036042116632391853 0.010885972737028085 -0.028739100757891059 -0.024781538724009646 0.088455964580279253 0.11824763335891275 0.17626898279313008 0.15362760755419733 0.17270350852588409
leaf_weight=89 169 317 1823 207 2253 1361 1075 727 257 782 2043 350 1099 483 484 1690 415 253 463 25 147
leaf_count=89 169 317 1823 207 2253 1361 1075 727 257 782 2043 350 1099 483 484 1690 415 253 463 25 147
model_size=2384
internal_value=0 -0.0177778 0.0142362 0.104229 -0.0403696 -0.0489675 -0.0339327 0.0817808 0.0649263 0.0823024 -0.0636666 -0.0027359 0.0124911 -0.00110662 0.0137257 -0.0168536 0.0620442 0.12226 0.162392 0.0474685 0.13826
internal_weight=0 14106 5836 2406 8270 6732 3328 1736 1356 1039 3404 1538 1188 4480 2307 2173 1167 569 670 752 400
internal_count=16512 14106 5836 2406 8270 6732 3328 1736 1356 1039 3404 1538 1188 4480 2307 2173 1167 569 670 752 400
is_linear=0
shrinkage=0.1


Tree=5
num_leaves= 21
num_cat= 0
full_tree_array_lgbids= 0 2 1 5 3 4 10 18 15 6 7 12 13 11 -12 19 -20 -7 17 -4 9 8 -9 -2 14 -6 16 -3 -13 -2147483648 -2147483648 -1 -21 -2147483648 -2147483648 -2147483648 -2147483648 -17 -19 -2147483648 -2147483648 -8 -11 -5 -10 -2147483648 -2147483648 -2147483648 -2147483648 -14 -16 -2147483648 -2147483648 -15 -18 -2147483648 -2147483648 -2147483648 -2147483648 -2147483648 -2147483648 -2147483648 -2147483648
split_feature= 1 1 1 6 6 3 2 7 8 7 1 2 2 2 6 1 8 3 8 7
split_gain= 2510.12 640.057 480.295 364.921 197.442 117.599 110.305 103.535 188.294 93.062 83.0085 46.4475 40.1869 35.9321 29.4963 28.6537 26.8991 16.5211 8.80838 11.9127
threshold= 4.5301500000000017 6.3350000000000009 2.5894500000000007 2.2634687595142249 2.5219735498882589 3.6482937607122259 24.500000000000004 37.935000000000009 -122.24499999999999 37.815000000000005 7.852450000000001 26.500000000000004 21.500000000000004 16.500000000000004 2.0653737590585881 1.9486000000000003 -117.65499999999999 4.4053436317780594 -118.27499999999999 37.935000000000009
decision_type= 2 2 2 2 2 2 2 2 2 2 2 2 2 2 2 2 2 2 2 2
left_child=2 4 5 6 12 18 -4 8 -5 -8 11 -3 -2 -6 -14 -7 -15 -17 19 -1
right_child=1 10 3 7 13 15 9 -9 -10 -11 -12 -13 14 16 -16 17 -18 -19 -20 -21
leaf_value= 0.012113392582230367 0.041142381104895293 0.072203396857311988 -0.0020444756095502072 0.068925830440392327 -0.003020326542666707 -0.07704746585929638 0.078217443259344002 -0.049759400723550146 -0.018597177822542013 -0.014318104183191927 0.14900829049962006 0.13026550934135692 0.15951337592724044 0.036294570681074299 0.084416292858247255 -0.032312406497637107 -0.023687838605490966 -0.061674023796325556 -0.036695633295429762 -0.069802300003357229
leaf_weight=397 267 530 533 293 696 1326 728 1181 4591 166 609 335 117 1626 445 689 151 1357 415 60
leaf_count=397 267 530 533 293 696 1326 728 1181 4591 166 609 335 117 1626 445 689 151 1357 415 60
model_size=2272
internal_value=0 0.0613907 -0.0249831 -0.00940663 0.036508 -0.0524806 0.0374743 -0.020437 -0.0133465 0.0610352 0.117132 0.0946899 0.0810776 0.0215673 0.10005 -0.06172 0.0311976 -0.0517864 -0.0167521 0.0013586
internal_weight=0 4776 11736 7492 3302 4244 1427 6065 4884 894 1474 865 829 2473 562 3372 1777 2046 872 457
internal_count=16512 4776 11736 7492 3302 4244 1427 6065 4884 894 1474 865 829 2473 562 3372 1777 2046 872 457
is_linear=0
shrinkage=0.1


Tree=6
num_leaves= 21
num_cat= 0
full_tree_array_lgbids= 0 1 3 7 2 6 16 9 15 4 8 10 -8 19 -18 14 -11 -9 -17 5 17 13 12 11 18 -2147483648 -2147483648 -5 -21 -2147483648 -2147483648 -1 -16 -2147483648 -2147483648 -2147483648 -2147483648 -2147483648 -2147483648 -3 -7 -6 -19 -4 -15 -10 -14 -2 -13 -12 -20 -2147483648 -2147483648 -2147483648 -2147483648 -2147483648 -2147483648 -2147483648 -2147483648 -2147483648 -2147483648 -2147483648 -2147483648
split_feature= 1 1 6 1 7 8 6 3 1 6 7 8 8 7 7 1 1 8 8 2
split_gain= 2037.81 589.156 352.754 257.718 175.831 120.593 100.904 96.4863 69.7017 32.3083 30.2308 35.1999 27.4392 25.6311 13.697 11.3195 10.6065 3.11121 2.98227 0.570975
threshold= 5.2771000000000017 2.7820000000000005 2.5102460737381374 7.2638000000000007 37.935000000000009 -122.33499999999999 2.9432978723404259 4.2015099382944241 4.125700000000001 3.0973600929976173 37.955000000000005 -117.85499999999998 -122.24499999999999 37.895000000000003 37.915000000000006 2.2210000000000005 8.7395500000000013 -122.35499999999998 -122.40499999999999 20.500000000000004
decision_type= 2 2 2 2 2 2 2 2 2 2 2 2 2 2 2 2 2 2 2 2
left_child=1 7 4 6 5 -3 10 9 13 14 11 -2 -10 -4 -1 -9 19 -6 -12 -5
right_child=3 2 8 16 17 -7 -8 15 12 -11 18 -13 -14 -15 -16 -17 -18 -19 -20 -21
leaf_value= 0.0006939082919961069 0.095290961077216088 0.11955771867776224 -0.018885246746071588 0.078313477458527347 0.0074519489550779403 0.034677250794321691 0.027759235264264971 -0.067367838205294017 0.04929659022173534 -0.041039341282465058 0.08789194339119337 0.03635231135802907 -0.0032116407653195777 -0.049552876765773336 -0.056059842608602986 -0.045627474423266159 0.14733031317897857 -0.045703122110996371 -0.019577179889542513 0.12497578662575411
leaf_weight=828 884 224 2901 196 142 2012 913 1539 210 1070 34 215 1967 659 140 1519 365 318 83 293
leaf_count=828 884 224 2901 196 142 2012 913 1539 210 1070 34 215 1967 659 140 1519 365 318 83 293
model_size=2272
internal_value=0 -0.0165942 -3.91698e-05 0.075261 0.0308146 0.0431805 0.0557823 -0.04399 -0.0145383 -0.0251158 0.0768227 0.0837607 0.00185346 -0.0245622 -0.00751428 -0.0565687 0.123821 -0.0292944 0.0116532 0.106273
internal_weight=0 13529 8433 2983 2696 2236 2129 5096 5737 2038 1216 1099 2177 3560 968 3058 854 460 117 489
internal_count=16512 13529 8433 2983 2696 2236 2129 5096 5737 2038 1216 1099 2177 3560 968 3058 854 460 117 489
is_linear=0
shrinkage=0.1


Tree=7
num_leaves= 21
num_cat= 0
full_tree_array_lgbids= 0 2 1 7 3 4 10 19 15 6 5 11 17 14 -12 -1 -21 -9 16 -4 13 8 9 -2 12 18 -19 -3 -16 -2147483648 -2147483648 -2147483648 -2147483648 -2147483648 -2147483648 -2147483648 -2147483648 -17 -18 -2147483648 -2147483648 -8 -15 -5 -10 -7 -11 -2147483648 -2147483648 -13 -14 -6 -20 -2147483648 -2147483648 -2147483648 -2147483648 -2147483648 -2147483648 -2147483648 -2147483648 -2147483648 -2147483648
split_feature= 1 1 1 6 6 2 2 3 7 8 2 2 6 7 1 1 3 7 8 7
split_gain= 1664.09 418.072 305.122 253.837 136.875 85.294 71.2012 69.8058 49.2722 45.6246 43.3016 31.5296 31.6772 28.0887 27.5946 19.7657 10.8541 5.58138 11.7612 2.11373
threshold= 4.5301500000000017 6.3350000000000009 2.6597500000000003 2.0653737590585881 2.735488224282792 47.500000000000007 21.500000000000004 3.6482937607122259 38.475000000000001 -122.29499999999999 29.500000000000004 21.500000000000004 2.0653737590585881 37.815000000000005 9.1688500000000008 1.9486000000000003 4.3645181386446135 37.955000000000005 -121.46499999999999 34.045000000000009
decision_type= 2 2 2 2 2 2 2 2 2 2 2 2 2 2 2 2 2 2 2 2
left_child=2 4 7 6 11 8 -4 19 -5 -7 14 -2 -13 -8 -3 -9 -17 18 -6 -1
right_child=1 10 3 5 17 9 13 15 -10 -11 -12 12 -14 -15 -16 16 -18 -19 -20 -21
leaf_value= -0.03341040470731118 0.025868076370584376 0.067967321025969515 -0.00082842146361367325 -0.013917137709396968 0.04199426242238552 0.085014165796238536 0.084552848233328745 -0.063645909598088787 -0.049434937544471778 0.0044843751301832475 0.12383282166419868 0.13667172074922893 0.061084254668538909 -0.0052067182389311968 0.13269845779316547 -0.021769847489464558 -0.048984202240119359 -0.022403992097200148 0.0074939521327166865 0.00229768466155069
leaf_weight=385 421 764 278 5147 433 166 476 1326 680 337 554 117 805 79 156 747 1577 246 1280 538
leaf_count=385 421 764 278 5147 433 166 476 1326 680 337 554 117 805 79 156 747 1577 246 1280 538
model_size=2272
internal_value=0 0.050157 -0.0204115 -0.00698285 0.0297754 -0.0141586 0.0475456 -0.0414458 -0.018062 0.0310608 0.095815 0.0566298 0.0706762 0.0717763 0.0789435 -0.048741 -0.0402367 0.0113652 0.0162147 -0.0125968
internal_weight=0 4776 11736 7163 3302 6330 833 4573 5827 503 1474 1343 922 555 920 3650 2324 1959 1713 923
internal_count=16512 4776 11736 7163 3302 6330 833 4573 5827 503 1474 1343 922 555 920 3650 2324 1959 1713 923
is_linear=0
shrinkage=0.1


Tree=8
num_leaves= 18
num_cat= 0
full_tree_array_lgbids= 0 1 4 3 2 10 -6 11 7 5 13 15 -12 -2147483648 -2147483648 -1 12 8 9 6 -7 14 -15 16 -17 -2147483648 -2147483648 -2147483648 -2147483648 -2147483648 -2147483648 -2147483648 -2147483648 -13 -14 -5 -10 -9 -11 -3 -8 -2147483648 -2147483648 -4 -16 -2147483648 -2147483648 -2 -18 -2147483648 -2147483648 -2147483648 -2147483648 -2147483648 -2147483648 -2147483648 -2147483648 -2147483648 -2147483648 -2147483648 -2147483648 -2147483648 -2147483648
split_feature= 1 1 6 6 1 7 8 7 8 8 6 2 7 8 7 6 7
split_gain= 1360.55 460.7 225.455 109.448 105.224 93.5214 81.51 64.1668 91.7009 83.5807 52.7906 30.8144 36.1662 23.7815 25.817 3.57595 3.54318
threshold= 5.6042500000000013 3.5488500000000003 2.6829812717770039 2.2352443515477258 7.7055000000000016 37.935000000000009 -117.88499999999998 34.455000000000005 -117.77499999999999 -120.09499999999998 3.0089663118548242 27.500000000000004 37.805000000000007 -117.79499999999999 37.915000000000006 2.4530432249902163 37.955000000000005
decision_type= 2 2 2 2 2 2 2 2 2 2 2 2 2 2 2 2 2
left_child=1 3 5 11 10 6 -3 8 -5 -9 15 -1 -13 14 -4 16 -2
right_child=4 2 13 7 -6 -7 -8 9 -10 -11 -12 12 -14 -15 -16 -17 -18
leaf_value= -0.019919295301473083 0.10696891176707016 0.056351536624405819 0.0054141064220237269 -0.0088153233012109901 0.10812464423408148 -0.017706084991485037 -0.0018340999716432646 -0.034760490983439592 -0.049424263896074065 -0.076357512271154074 0.027629605765304783 0.037618552733120092 -0.027255312756855023 -0.032954694872154792 -0.030068251337134411 0.06159337079559845 -0.048078564554452898
leaf_weight=781 290 1625 2264 2253 670 369 405 2536 1075 868 649 543 214 640 533 783 13.999999999999998
leaf_count=781 290 1625 2264 2253 670 369 405 2536 1075 868 649 543 214 640 533 783 14
model_size=1936
internal_value=0 -0.0119772 0.0101842 -0.0276162 0.0702205 0.0351375 0.0447431 -0.0337824 -0.0219327 -0.0453675 0.0555917 -0.000625964 0.019279 -0.00723301 -0.00134746 0.0722866 0.0998286
internal_weight=0 14106 5836 8270 2406 2399 2030 6732 3328 3404 1736 1538 757 3437 2797 1087 304
internal_count=16512 14106 5836 8270 2406 2399 2030 6732 3328 3404 1736 1538 757 3437 2797 1087 304
is_linear=0
shrinkage=0.1


Tree=9
num_leaves= 20
num_cat= 0
full_tree_array_lgbids= 0 2 1 7 4 3 12 17 9 10 5 6 11 -3 -14 18 -19 16 -11 -4 -12 8 15 -2 14 -5 13 -2147483648 -2147483648 -2147483648 -2147483648 -1 -20 -2147483648 -2147483648 -9 -18 -2147483648 -2147483648 -2147483648 -2147483648 -2147483648 -2147483648 -6 -10 -7 -17 -2147483648 -2147483648 -8 -16 -2147483648 -2147483648 -13 -15 -2147483648 -2147483648 -2147483648 -2147483648 -2147483648 -2147483648 -2147483648 -2147483648
split_feature= 1 1 6 6 1 3 2 2 8 7 3 8 2 7 6 2 1 8 7
split_gain= 1116.08 339.653 162.072 150.14 104.161 53.9486 40.3745 33.3679 33.1508 31.0029 29.9958 28.7842 26.2301 23.2879 20.0434 13.0272 8.54179 1.67327 34.2633
threshold= 4.125700000000001 6.2770500000000009 2.0376051459673437 2.4469862317432325 2.5044000000000004 5.0372251488776927 16.500000000000004 27.500000000000004 -122.35499999999998 37.815000000000005 3.3133866958124387 -122.21499999999999 21.500000000000004 37.965000000000011 2.0653737590585881 49.500000000000007 3.4105000000000003 -118.15499999999999 34.965000000000011
decision_type= 2 2 2 2 2 2 2 2 2 2 2 2 2 2 2 2 2 2 2
left_child=2 3 7 6 10 8 -2 17 -6 16 -4 -5 -3 -13 -8 -7 -9 18 -1
right_child=1 12 4 11 5 15 14 9 -10 -11 -12 13 -14 -15 -16 -17 -18 -19 -20
leaf_value= 0.074626320370516017 0.0081423424674436189 0.054827903844214931 -0.0038379974289317479 0.048756842119305942 0.050239283733261642 -0.03012039124551575 0.11207134998569797 0.042034963446982127 -0.0074462010246994451 -0.019536496384347221 -0.045183900179676273 0.0097649118668803221 0.093462455671351155 -0.03308843967927344 0.055900609214633516 0.020923292066236693 0.10896878833539235 -0.033116271988797838 -0.014869866133667529
leaf_weight=119 219 648 396 345 204 2858 224 323 2684 124 3030 2811 888 324 541 175 117 232 250
leaf_count=119 219 648 396 345 204 2858 224 323 2684 124 3030 2811 888 324 541 175 117 232 250
model_size=2160
internal_value=0 0.034867 -0.0199013 0.0203134 -0.0246696 -0.0155648 0.0580583 0.0183555 -0.00337146 0.0423832 -0.0404049 0.0096407 0.0771635 0.00533605 0.072348 -0.0271752 0.0598333 -0.00419286 0.013992
internal_weight=0 6000 10512 4464 9347 5921 984 1165 2888 564 3426 3480 1536 3135 765 3033 440 601 369
internal_count=16512 6000 10512 4464 9347 5921 984 1165 2888 564 3426 3480 1536 3135 765 3033 440 601 369
is_linear=0
shrinkage=0.1


Tree=10
num_leaves= 15
num_cat= 0
full_tree_array_lgbids= 0 1 2 7 3 4 -4 10 -9 5 8 13 11 -2147483648 -2147483648 -1 -12 -2147483648 -2147483648 6 -7 9 12 -2 -15 -6 -13 -2147483648 -2147483648 -2147483648 -2147483648 -2147483648 -2147483648 -2147483648 -2147483648 -2147483648 -2147483648 -2147483648 -2147483648 -3 -8 -2147483648 -2147483648 -5 -11 -10 -14 -2147483648 -2147483648 -2147483648 -2147483648 -2147483648 -2147483648 -2147483648 -2147483648 -2147483648 -2147483648 -2147483648 -2147483648 -2147483648 -2147483648 -2147483648 -2147483648
split_feature= 1 1 1 6 6 7 8 3 8 7 6 6 7 7
split_gain= 913.657 180.378 179.168 139.615 83.3274 81.9434 87.7289 32.118 13.7049 12.0859 10.7752 8.01302 5.80954 0.784608
threshold= 4.6754000000000007 2.7820000000000005 6.8672000000000013 2.6652197465730842 2.5498511575161031 37.935000000000009 -122.31499999999998 4.3101408005062494 -122.38499999999998 38.735000000000007 3.0973600929976173 3.1424162072895592 34.455000000000005 37.925000000000004
decision_type= 2 2 2 2 2 2 2 2 2 2 2 2 2 2
left_child=1 7 4 5 13 6 -3 10 9 -5 -1 -6 -10 -2
right_child=2 3 -4 8 11 -7 -8 -9 12 -11 -12 -13 -14 -15
leaf_value= -0.0033315088163547858 0.065048283483095784 0.091907238754681611 0.079145442527520718 0.041361941716960282 0.026275031684688022 -0.023645349029903881 0.016943364635423324 -0.039978395515078612 -0.011709991067872122 -0.062311697444529274 -0.030681606948212189 -4.5723023447545469e-05 -0.032441004776486183 -0.0015661213955163588
leaf_weight=1101 789 235 1040 223 1558 626 2244 2816 2209 50 1179 911 1450 81
leaf_count=1101 789 235 1040 223 1558 626 2244 2816 2209 50 1179 911 1450 81
model_size=1600
internal_value=0 -0.0143742 0.039827 -0.00312371 0.0275804 0.0144339 0.0240497 -0.0299099 -0.0169885 0.0223741 -0.0174744 0.0165633 -0.0199253 0.0588463
internal_weight=0 12133 4379 7037 3339 3105 2479 5096 3932 273 2280 2469 3659 870
internal_count=16512 12133 4379 7037 3339 3105 2479 5096 3932 273 2280 2469 3659 870
is_linear=0
shrinkage=0.1


Tree=11
num_leaves= 13
num_cat= 0
full_tree_array_lgbids= 0 1 6 3 2 10 -8 4 -5 7 8 -2 -12 -2147483648 -2147483648 -1 5 -2147483648 -2147483648 -3 11 9 -10 -2147483648 -2147483648 -2147483648 -2147483648 -2147483648 -2147483648 -2147483648 -2147483648 -2147483648 -2147483648 -6 -7 -2147483648 -2147483648 -2147483648 -2147483648 -2147483648 -2147483648 -9 -13 -4 -11 -2147483648 -2147483648 -2147483648 -2147483648 -2147483648 -2147483648 -2147483648 -2147483648 -2147483648 -2147483648 -2147483648 -2147483648 -2147483648 -2147483648 -2147483648 -2147483648 -2147483648 -2147483648
split_feature= 1 1 6 7 8 6 1 2 8 7 6 7
split_gain= 746.717 241.143 118.936 69.313 141.596 62.8251 45.0184 32.7396 28.3961 26.1306 24.8053 23.6382
threshold= 5.6042500000000013 3.6530500000000008 2.3055777777777782 38.475000000000001 -122.38499999999998 2.8751854599406532 8.0125000000000011 16.500000000000004 -117.79499999999999 37.935000000000009 3.0089663118548242 37.815000000000005
decision_type= 2 2 2 2 2 2 2 2 2 2 2 2
left_child=1 3 7 4 -1 -6 10 -3 9 -4 -2 -9
right_child=6 2 8 -5 5 -7 -8 11 -10 -11 -12 -13
leaf_value= 0.054991493446591669 0.056324102243668767 -0.0031836500803552321 0.012765385484302911 -0.046272043516759627 -0.00671033593645309 -0.029916521982434871 0.085758834011427032 0.073847391084178954 -0.024516814729458894 -0.019270472896011446 0.019693198840296217 -0.0012591419168976976
leaf_weight=336 1174 209 2981 1260 3422 3712 548 578 769 717 684 122
leaf_count=336 1174 209 2981 1260 3422 3712 548 578 769 717 684 122
model_size=1376
internal_value=0 -0.00897423 0.0087887 -0.0199128 -0.0154666 -0.0187851 0.0526145 0.0460559 0.00120512 0.006554 0.0428389 0.0607574
internal_weight=0 14106 5376 8730 7470 7134 2406 909 4467 3698 1858 700
internal_count=16512 14106 5376 8730 7470 7134 2406 909 4467 3698 1858 700
is_linear=0
shrinkage=0.1


Tree=12
num_leaves= 14
num_cat= 0
full_tree_array_lgbids= 0 1 3 9 2 8 -5 -1 -11 6 4 10 -10 -2147483648 -2147483648 -2147483648 -2147483648 -2147483648 -2147483648 -3 12 5 7 11 -12 -2147483648 -2147483648 -2147483648 -2147483648 -2147483648 -2147483648 -2147483648 -2147483648 -2147483648 -2147483648 -2147483648 -2147483648 -2147483648 -2147483648 -2147483648 -2147483648 -8 -14 -4 -7 -6 -9 -2 -13 -2147483648 -2147483648 -2147483648 -2147483648 -2147483648 -2147483648 -2147483648 -2147483648 -2147483648 -2147483648 -2147483648 -2147483648 -2147483648 -2147483648
split_feature= 1 1 6 1 8 7 2 7 6 3 8 7 1
split_gain= 603.021 151.408 119.12 66.0975 60.7756 83.6677 26.8505 22.3087 19.3618 15.8161 2.41864 12.5601 2.32325
threshold= 5.1326000000000009 2.5205000000000006 2.0653737590585881 7.3930000000000016 -117.77499999999999 37.915000000000006 21.500000000000004 33.645000000000003 3.0298305221858191 3.3654435698213785 -117.85499999999998 37.615000000000002 3.9004500000000006
decision_type= 2 2 2 2 2 2 2 2 2 2 2 2 2
left_child=1 9 6 8 5 -4 -3 -6 10 -1 11 -2 -8
right_child=3 2 4 -5 7 -7 12 -9 -10 -11 -12 -13 -14
leaf_value= 7.2359264036984188e-05 0.059387267942524052 0.00076201575050518101 0.0052743625612168381 0.070273738831262866 -0.011074956490117246 -0.025734367977597452 0.03861279595738662 -0.051641704256104953 0.0099377241672203003 -0.03261282722142602 0.0084335819452145983 0.017578131189061839 0.092115987485361317
leaf_weight=542 943 346 5336 793 711 1589 487 661 896 3369 293 374 172
leaf_count=542 943 346 5336 793 711 1589 487 661 896 3369 293 374 172
model_size=1488
internal_value=0 -0.00981448 -0.00213345 0.0393085 -0.00659966 -0.00184085 0.0347383 -0.0306191 0.0295098 -0.0280832 0.0404021 0.0475144 0.0525772
internal_weight=0 13213 9302 3299 8297 6925 1005 1372 2506 3911 1610 1317 659
internal_count=16512 13213 9302 3299 8297 6925 1005 1372 2506 3911 1610 1317 659
is_linear=0
shrinkage=0.1


Tree=13
num_leaves= 15
num_cat= 0
full_tree_array_lgbids= 0 2 1 12 4 3 9 -1 13 6 5 10 11 -3 -11 -2147483648 -2147483648 -14 -15 -4 8 7 -7 -2 -12 -5 -13 -2147483648 -2147483648 -2147483648 -2147483648 -2147483648 -2147483648 -2147483648 -2147483648 -2147483648 -2147483648 -2147483648 -2147483648 -2147483648 -2147483648 -8 -10 -6 -9 -2147483648 -2147483648 -2147483648 -2147483648 -2147483648 -2147483648 -2147483648 -2147483648 -2147483648 -2147483648 -2147483648 -2147483648 -2147483648 -2147483648 -2147483648 -2147483648 -2147483648 -2147483648
split_feature= 1 1 6 6 7 8 8 7 8 2 2 8 2 7
split_gain= 497.798 143.608 68.2617 63.9656 41.6182 131.165 111.436 82.2344 29.5669 21.7361 7.82186 6.52195 5.23195 4.83453
threshold= 4.0612500000000002 5.8308000000000009 2.0231950334409352 2.4469862317432325 34.455000000000005 -119.94499999999998 -118.30499999999999 37.895000000000003 -117.56499999999998 26.500000000000004 19.500000000000004 -122.24499999999999 27.500000000000004 37.815000000000005
decision_type= 2 2 2 2 2 2 2 2 2 2 2 2 2 2
left_child=2 3 12 10 6 7 -4 -6 -8 -3 -2 -5 -1 -14
right_child=1 9 4 11 5 -7 8 -9 -10 -11 -12 -13 13 -15
leaf_value= -0.0033541464566748803 0.005490767450596584 0.032845029058587154 0.029254611617185258 0.037939037368108601 0.0023572307134351886 -0.063799682725123402 -0.0070338224626842194 -0.033544033189290536 -0.034837145806966847 0.066311114699260473 0.052233226794663981 -0.0012015794410719979 0.049808424561879942 -0.01773904580004777
leaf_weight=574 276 1219 848 302 1700 955 2371 1972 1305 875 697 2896 409 113
leaf_count=574 276 1219 848 302 1700 955 2371 1972 1305 875 697 2896 409 113
model_size=1600
internal_value=0 0.0229785 -0.014049 0.0110045 -0.0175284 -0.0265983 -0.00825194 -0.0169231 -0.0169042 0.0468292 0.0389743 0.00249463 0.0150017 0.0351861
internal_weight=0 6265 10247 4171 9151 4627 4524 3672 3676 2094 973 3198 1096 522
internal_count=16512 6265 10247 4171 9151 4627 4524 3672 3676 2094 973 3198 1096 522
is_linear=0
shrinkage=0.1


Tree=14
num_leaves= 12
num_cat= 0
full_tree_array_lgbids= 0 3 1 4 -5 2 -3 8 5 -2147483648 -2147483648 9 -4 -2147483648 -2147483648 -1 -10 6 7 -2147483648 -2147483648 -2147483648 -2147483648 -2 10 -2147483648 -2147483648 -2147483648 -2147483648 -2147483648 -2147483648 -2147483648 -2147483648 -2147483648 -2147483648 -6 -8 -7 -9 -2147483648 -2147483648 -2147483648 -2147483648 -2147483648 -2147483648 -2147483648 -2147483648 -2147483648 -2147483648 -11 -12 -2147483648 -2147483648 -2147483648 -2147483648 -2147483648 -2147483648 -2147483648 -2147483648 -2147483648 -2147483648 -2147483648 -2147483648
split_feature= 1 1 6 7 8 7 8 8 7 2 6
split_gain= 395.98 120.496 67.5772 43.1302 78.6974 65.0745 175.131 90.6515 35.7947 19.8928 12.0529
threshold= 3.9221500000000007 6.2770500000000009 2.7762783380468687 39.355000000000011 -122.38499999999998 34.455000000000005 -118.30499999999999 -120.09499999999998 38.235000000000007 21.500000000000004 2.0653737590585881
decision_type= 2 2 2 2 2 2 2 2 2 2 2
left_child=3 2 9 4 8 6 -6 -7 -1 -2 -11
right_child=1 -3 -4 -5 5 7 -8 -9 -10 10 -12
leaf_value= 0.064886372859980321 0.0043018824857797089 0.047504732638537918 -0.0019077823972559684 -0.051679700254825614 0.036146660048533313 -0.015288072911646928 -0.015341035695855191 -0.056471789974199986 -0.0069360060441572271 0.07984605113216324 0.029982696958831115
leaf_weight=310 786 1536 2823 518 1008 2748 3854 1033 257 228 1411
leaf_count=310 786 1536 2823 518 1008 2748 3854 1033 257 228 1411
model_size=1264
internal_value=0 0.0193799 0.0111483 -0.0135149 -0.0113684 -0.0142353 -0.0046665 -0.0265398 0.032332 0.0263471 0.0369191
internal_weight=0 6784 5248 9728 9210 8643 4862 3781 567 2425 1639
internal_count=16512 6784 5248 9728 9210 8643 4862 3781 567 2425 1639
is_linear=0
shrinkage=0.1


Tree=15
num_leaves= 8
num_cat= 0
full_tree_array_lgbids= 0 1 5 2 -3 6 -7 3 -4 -2147483648 -2147483648 -2 -8 -2147483648 -2147483648 4 -5 -2147483648 -2147483648 -2147483648 -2147483648 -2147483648 -2147483648 -2147483648 -2147483648 -2147483648 -2147483648 -2147483648 -2147483648 -2147483648 -2147483648 -1 -6 -2147483648 -2147483648 -2147483648 -2147483648 -2147483648 -2147483648 -2147483648 -2147483648 -2147483648 -2147483648 -2147483648 -2147483648 -2147483648 -2147483648 -2147483648 -2147483648 -2147483648 -2147483648 -2147483648 -2147483648 -2147483648 -2147483648 -2147483648 -2147483648 -2147483648 -2147483648 -2147483648 -2147483648 -2147483648 -2147483648
split_feature= 1 6 7 8 8 1 6
split_gain= 322.492 85.7188 82.7028 80.5443 58.5658 45.5043 19.9469
threshold= 4.6754000000000007 2.8079590171801518 37.945000000000007 -117.145 -122.35499999999998 7.7055000000000016 2.3578464509898605
decision_type= 2 2 2 2 2 2 2
left_child=1 2 3 4 -1 6 -2
right_child=5 -3 -4 -5 -6 -7 -8
leaf_value= 0.069907799177650484 0.049105573974005633 -0.019045731795608211 -0.022296220578146019 -0.035241388397066503 0.010934036730312888 0.056971026100218293 0.013616797411030133
leaf_weight=299 534 6008 1616 522 3688 670 3175
leaf_count=299 534 6008 1616 522 3688 670 3175
model_size=816
internal_value=0 -0.00887054 0.00111028 0.00949904 0.0153567 0.0245778 0.0187263
internal_weight=0 12133 6125 4509 3987 4379 3709
internal_count=16512 12133 6125 4509 3987 4379 3709
is_linear=0
shrinkage=0.1


Tree=16
num_leaves= 9
num_cat= 0
full_tree_array_lgbids= 0 1 7 5 2 -2 -9 -1 6 3 -4 -2147483648 -2147483648 -2147483648 -2147483648 -2147483648 -2147483648 -7 -8 4 -5 -2147483648 -2147483648 -2147483648 -2147483648 -2147483648 -2147483648 -2147483648 -2147483648 -2147483648 -2147483648 -2147483648 -2147483648 -2147483648 -2147483648 -2147483648 -2147483648 -2147483648 -2147483648 -3 -6 -2147483648 -2147483648 -2147483648 -2147483648 -2147483648 -2147483648 -2147483648 -2147483648 -2147483648 -2147483648 -2147483648 -2147483648 -2147483648 -2147483648 -2147483648 -2147483648 -2147483648 -2147483648 -2147483648 -2147483648 -2147483648 -2147483648
split_feature= 1 1 6 7 8 1 3 2
split_gain= 261.735 90.1157 63.2077 17.8772 32.5629 6.26846 16.4883 4.32566
threshold= 5.8308000000000009 3.3277500000000004 2.8024658054711251 37.815000000000005 -117.16499999999998 2.2210000000000005 4.4053436317780594 26.500000000000004
decision_type= 2 2 2 2 2 2 2 2
left_child=1 5 3 4 -3 -1 -7 -2
right_child=7 2 -4 -5 -6 6 -8 -9
leaf_value= -0.02429282074459703 0.023292685309450542 0.027363970307986832 -0.0074895567661588894 -0.0085325642472641391 -0.034997075762301537 0.005950508379431103 -0.016580270479405919 0.052182460732052904
leaf_weight=2781 1219 2598 3485 709 196 1709 2940 875
leaf_count=2781 1219 2598 3485 709 196 1709 2940 875
model_size=928
internal_value=0 -0.00513618 0.00459094 0.0166094 0.0229893 -0.0142846 -0.00829782 0.0353646
internal_weight=0 14418 6988 3503 2794 7430 4649 2094
internal_count=16512 14418 6988 3503 2794 7430 4649 2094
is_linear=0
shrinkage=0.1


Tree=17
num_leaves= 11
num_cat= 0
full_tree_array_lgbids= 0 5 1 6 -7 2 -3 7 -8 -2147483648 -2147483648 3 8 -2147483648 -2147483648 -1 9 -2147483648 -2147483648 -2147483648 -2147483648 -2147483648 -2147483648 4 -5 -4 -10 -2147483648 -2147483648 -2147483648 -2147483648 -2147483648 -2147483648 -9 -11 -2147483648 -2147483648 -2147483648 -2147483648 -2147483648 -2147483648 -2147483648 -2147483648 -2147483648 -2147483648 -2147483648 -2147483648 -2 -6 -2147483648 -2147483648 -2147483648 -2147483648 -2147483648 -2147483648 -2147483648 -2147483648 -2147483648 -2147483648 -2147483648 -2147483648 -2147483648 -2147483648
split_feature= 1 6 7 8 7 6 7 8 8 8
split_gain= 208.071 56.9114 40.2594 33.8798 81.5756 16.8245 9.928 19.5034 4.91658 3.47159
threshold= 3.8346500000000003 3.1336552646136835 37.965000000000011 -118.24499999999999 34.165000000000006 2.5763869593405579 38.535000000000004 -122.35499999999998 -122.40499999999999 -117.145
decision_type= 2 2 2 2 2 2 2 2 2 2
left_child=5 2 3 4 -2 6 7 -1 -4 -9
right_child=1 -3 8 -5 -6 -7 -8 9 -10 -11
leaf_value= 0.051066491558868068 0.072276323147542468 -0.0049010880817936756 0.033088630296741472 0.0096677442444051253 0.024048709687992342 -0.016452225665047983 -0.025448849467603969 0.0054727573044620961 -0.026683797129319745 -0.033157794021884561
leaf_weight=253 688 1921 165 1699 2103 5957 645 2272 482 327
leaf_count=253 688 1921 165 1699 2103 5957 645 2272 482 327
model_size=1152
internal_value=0 0.0141554 0.0212817 0.0259969 0.0359371 -0.0105679 -0.000544232 0.00508812 -0.0114404 0.000612353
internal_weight=0 7058 5137 4490 2791 9454 3497 2852 647 2599
internal_count=16512 7058 5137 4490 2791 9454 3497 2852 647 2599
is_linear=0
shrinkage=0.1


Tree=18
num_leaves= 9
num_cat= 0
full_tree_array_lgbids= 0 1 -2 2 -3 -2147483648 -2147483648 3 4 -2147483648 -2147483648 -2147483648 -2147483648 -2147483648 -2147483648 6 7 5 -6 -2147483648 -2147483648 -2147483648 -2147483648 -2147483648 -2147483648 -2147483648 -2147483648 -2147483648 -2147483648 -2147483648 -2147483648 -1 -8 -5 -9 -4 -7 -2147483648 -2147483648 -2147483648 -2147483648 -2147483648 -2147483648 -2147483648 -2147483648 -2147483648 -2147483648 -2147483648 -2147483648 -2147483648 -2147483648 -2147483648 -2147483648 -2147483648 -2147483648 -2147483648 -2147483648 -2147483648 -2147483648 -2147483648 -2147483648 -2147483648 -2147483648
split_feature= 1 6 7 8 8 7 7 8
split_gain= 176.976 54.1399 75.8882 148.074 139.868 88.8783 44.9412 33.5674
threshold= 5.5682000000000009 3.0973600929976173 34.455000000000005 -118.35499999999998 -119.94499999999998 37.805000000000007 34.155000000000008 -117.77499999999999
decision_type= 2 2 2 2 2 2 2 2
left_child=1 2 3 6 5 -4 -1 -5
right_child=-2 -3 4 7 -6 -7 -8 -9
leaf_value= 0.087090966674034667 0.027337208028138493 -0.016147821527630408 0.018291373464885283 0.016135326055266585 -0.057052796731181611 -0.016437761063307035 0.024818926175757872 -0.013801801156323521
leaf_weight=419 2468 4808 1859 1800 677 2513 459 1509
leaf_count=419 2468 4808 1859 1800 677 2513 459 1509
model_size=928
internal_value=0 -0.00480406 0.00110118 0.0133985 -0.00909669 -0.00167073 0.0545364 0.00248313
internal_weight=0 14044 9236 4187 5049 4372 878 3309
internal_count=16512 14044 9236 4187 5049 4372 878 3309
is_linear=0
shrinkage=0.1


Tree=19
num_leaves= 8
num_cat= 0
full_tree_array_lgbids= 0 1 -2 -1 2 -2147483648 -2147483648 -2147483648 -2147483648 6 3 -2147483648 -2147483648 -2147483648 -2147483648 -2147483648 -2147483648 -2147483648 -2147483648 -3 -8 4 5 -2147483648 -2147483648 -2147483648 -2147483648 -2147483648 -2147483648 -2147483648 -2147483648 -2147483648 -2147483648 -2147483648 -2147483648 -2147483648 -2147483648 -2147483648 -2147483648 -2147483648 -2147483648 -2147483648 -2147483648 -4 -6 -5 -7 -2147483648 -2147483648 -2147483648 -2147483648 -2147483648 -2147483648 -2147483648 -2147483648 -2147483648 -2147483648 -2147483648 -2147483648 -2147483648 -2147483648 -2147483648 -2147483648
split_feature= 1 1 8 7 8 8 7
split_gain= 137.836 39.5076 43.5306 69.6103 137.6 109.388 56.0638
threshold= 5.8308000000000009 2.2210000000000005 -122.35499999999998 34.525000000000013 -118.30499999999999 -119.94499999999998 38.705000000000005
decision_type= 2 2 2 2 2 2 2
left_child=1 -1 6 4 -4 -5 -3
right_child=-2 2 3 5 -6 -7 -8
leaf_value= -0.019212013278581828 0.027279461467065128 0.042513697722525515 0.034627315155310416 -0.006780185902623137 -0.004294698981389249 -0.056278567558155738 -0.03541293087722016
leaf_weight=2781 2094 813 1587 3753 4554 732 198
leaf_count=2781 2094 813 1587 3753 4554 732 198
model_size=816
internal_value=0 -0.00396194 -0.000317486 -0.00294057 0.0057638 -0.0148589 0.0272521
internal_weight=0 14418 11637 10626 6141 4485 1011
internal_count=16512 14418 11637 10626 6141 4485 1011
is_linear=0
shrinkage=0.1


Tree=20
num_leaves= 6
num_cat= 0
full_tree_array_lgbids= 0 1 -2 2 -3 -2147483648 -2147483648 3 -4 -2147483648 -2147483648 -2147483648 -2147483648 -2147483648 -2147483648 -1 4 -2147483648 -2147483648 -2147483648 -2147483648 -2147483648 -2147483648 -2147483648 -2147483648 -2147483648 -2147483648 -2147483648 -2147483648 -2147483648 -2147483648 -2147483648 -2147483648 -5 -6 -2147483648 -2147483648 -2147483648 -2147483648 -2147483648 -2147483648 -2147483648 -2147483648 -2147483648 -2147483648 -2147483648 -2147483648 -2147483648 -2147483648 -2147483648 -2147483648 -2147483648 -2147483648 -2147483648 -2147483648 -2147483648 -2147483648 -2147483648 -2147483648 -2147483648 -2147483648 -2147483648 -2147483648
split_feature= 1 6 7 8 7
split_gain= 104.059 31.0326 37.2778 36.6868 33.44
threshold= 5.2771000000000017 2.9291766686969298 38.475000000000001 -122.35499999999998 34.525000000000013
decision_type= 2 2 2 2 2
left_child=1 2 3 -1 -5
right_child=-2 -3 -4 4 -6
leaf_value= 0.041490614956855507 0.019978045906259706 -0.012803441917842211 -0.020785753026738959 0.012510053111932668 -0.010427566890587069
leaf_weight=578 2983 5831 1269 3421 2430
leaf_count=578 2983 5831 1269 3421 2430
model_size=592
internal_value=0 -0.00440495 0.00195666 0.00644571 0.00298375
internal_weight=0 13529 7698 6429 5851
internal_count=16512 13529 7698 6429 5851
is_linear=0
shrinkage=0.1


Tree=21
num_leaves= 10
num_cat= 0
full_tree_array_lgbids= 0 1 6 2 -3 8 -8 5 3 -2147483648 -2147483648 -2 -10 -2147483648 -2147483648 7 -7 4 -5 -2147483648 -2147483648 -2147483648 -2147483648 -2147483648 -2147483648 -2147483648 -2147483648 -2147483648 -2147483648 -2147483648 -2147483648 -1 -9 -2147483648 -2147483648 -4 -6 -2147483648 -2147483648 -2147483648 -2147483648 -2147483648 -2147483648 -2147483648 -2147483648 -2147483648 -2147483648 -2147483648 -2147483648 -2147483648 -2147483648 -2147483648 -2147483648 -2147483648 -2147483648 -2147483648 -2147483648 -2147483648 -2147483648 -2147483648 -2147483648 -2147483648 -2147483648
split_feature= 1 8 7 8 7 6 2 8 1
split_gain= 81.0867 10.962 62.9636 81.5962 57.3589 49.7155 9.48434 7.03771 4.96289
threshold= 4.405050000000001 -117.77499999999999 34.525000000000013 -121.675 38.675000000000004 3.442186331338819 38.500000000000007 -118.36499999999999 8.7395500000000013
decision_type= 2 2 2 2 2 2 2 2 2
left_child=1 2 5 4 -4 7 8 -1 -2
right_child=6 -3 3 -5 -6 -7 -8 -9 -10
leaf_value= 0.045690697696294066 0.0059521846882255184 -0.020423575736231103 0.01384541449887447 -0.025806739918460598 -0.0339447051310151 -0.010287567638641569 0.03643334402743189 0.013372544706790602 0.049251925300811995
leaf_weight=632 4050 2019 2121 2871 546 1406 783 1817 267
leaf_count=632 4050 2019 2121 2871 546 1406 783 1817 267
model_size=1040
internal_value=0 -0.00576445 -0.00261351 -0.0114227 0.00406161 0.0100415 0.0128988 0.0217127 0.00863021
internal_weight=0 11412 9393 5538 2667 3855 5100 2449 4317
internal_count=16512 11412 9393 5538 2667 3855 5100 2449 4317
is_linear=0
shrinkage=0.1


Tree=22
num_leaves= 11
num_cat= 0
full_tree_array_lgbids= 0 1 -2 2 7 -2147483648 -2147483648 5 3 8 -9 -2147483648 -2147483648 -2147483648 -2147483648 6 -7 4 9 -3 -10 -2147483648 -2147483648 -2147483648 -2147483648 -2147483648 -2147483648 -2147483648 -2147483648 -2147483648 -2147483648 -1 -8 -2147483648 -2147483648 -4 -6 -5 -11 -2147483648 -2147483648 -2147483648 -2147483648 -2147483648 -2147483648 -2147483648 -2147483648 -2147483648 -2147483648 -2147483648 -2147483648 -2147483648 -2147483648 -2147483648 -2147483648 -2147483648 -2147483648 -2147483648 -2147483648 -2147483648 -2147483648 -2147483648 -2147483648
split_feature= 1 8 7 8 7 6 8 7 8 8
split_gain= 62.2091 16.6014 61.8585 140.293 62.2506 45.9854 15.8434 13.5514 15.5423 5.94785
threshold= 5.8308000000000009 -117.77499999999999 34.655000000000008 -121.56499999999998 38.815000000000005 3.442186331338819 -118.36499999999999 33.695000000000007 -117.16499999999998 -119.94499999999998
decision_type= 2 2 2 2 2 2 2 2 2 2
left_child=1 2 5 4 -4 6 -1 8 -3 -5
right_child=-2 7 3 9 -6 -7 -8 -9 -10 -11
leaf_value= 0.03975292918261121 0.020914382577357071 0.023455275962683309 0.013743473513185703 -0.017712616074456688 -0.031425009440532246 -0.0089063851573021238 0.011302452094930332 -0.034196383176974064 -0.019016445894925585 -0.044784638149194395
leaf_weight=1019 2094 503 3166 2012 615 1596 2518 1083 912 994
leaf_count=1019 2094 503 3166 2012 615 1596 2518 1083 912 994
model_size=1152
internal_value=0 -0.0030375 -0.000101933 -0.00824639 0.00639658 0.0106669 0.019499 -0.0170455 -0.00391872 -0.0266646
internal_weight=0 14418 11920 6787 3781 5133 3537 2498 1415 3006
internal_count=16512 14418 11920 6787 3781 5133 3537 2498 1415 3006
is_linear=0
shrinkage=0.1


Tree=23
num_leaves= 6
num_cat= 0
full_tree_array_lgbids= 0 1 -2 2 -3 -2147483648 -2147483648 3 -4 -2147483648 -2147483648 -2147483648 -2147483648 -2147483648 -2147483648 -1 4 -2147483648 -2147483648 -2147483648 -2147483648 -2147483648 -2147483648 -2147483648 -2147483648 -2147483648 -2147483648 -2147483648 -2147483648 -2147483648 -2147483648 -2147483648 -2147483648 -5 -6 -2147483648 -2147483648 -2147483648 -2147483648 -2147483648 -2147483648 -2147483648 -2147483648 -2147483648 -2147483648 -2147483648 -2147483648 -2147483648 -2147483648 -2147483648 -2147483648 -2147483648 -2147483648 -2147483648 -2147483648 -2147483648 -2147483648 -2147483648 -2147483648 -2147483648 -2147483648 -2147483648 -2147483648
split_feature= 1 6 7 8 7
split_gain= 42.0125 14.9285 21.9648 38.9435 7.42383
threshold= 6.3963500000000009 3.1336552646136835 37.925000000000004 -122.31499999999998 34.525000000000013
decision_type= 2 2 2 2 2
left_child=1 2 3 -1 -5
right_child=-2 -3 -4 4 -6
leaf_value= 0.045784927626800802 0.023550674368850968 -0.011252188097011468 -0.012388174145649848 0.0099713942236006135 -0.0074800008151979574
leaf_weight=501 1412 4852 2399 4761 2587
leaf_count=501 1412 4852 2399 4761 2587
model_size=592
internal_value=0 -0.00220222 0.00208256 0.00650545 0.00382731
internal_weight=0 15100 10248 7849 7348
internal_count=16512 15100 10248 7849 7348
is_linear=0
shrinkage=0.1


Tree=24
num_leaves= 15
num_cat= 0
full_tree_array_lgbids= 0 1 9 4 2 10 -11 5 7 3 13 -2 -12 -2147483648 -2147483648 -1 11 -6 8 12 6 -4 -15 -2147483648 -2147483648 -2147483648 -2147483648 -2147483648 -2147483648 -2147483648 -2147483648 -2147483648 -2147483648 -7 -13 -2147483648 -2147483648 -9 -10 -3 -14 -5 -8 -2147483648 -2147483648 -2147483648 -2147483648 -2147483648 -2147483648 -2147483648 -2147483648 -2147483648 -2147483648 -2147483648 -2147483648 -2147483648 -2147483648 -2147483648 -2147483648 -2147483648 -2147483648 -2147483648 -2147483648
split_feature= 8 7 8 7 8 7 8 7 7 7 8 8 8 8
split_gain= 30.2323 56.8086 160.933 80.7528 51.4685 61.8947 39.642 22.3476 33.4281 21.4045 30.7291 9.50262 4.40084 2.05434
threshold= -117.75499999999998 34.525000000000013 -121.56499999999998 37.615000000000002 -118.35499999999998 34.155000000000008 -122.40499999999999 33.645000000000003 34.045000000000009 33.565000000000005 -117.145 -119.30499999999999 -122.02499999999999 -119.94499999999998
decision_type= 2 2 2 2 2 2 2 2 2 2 2 2 2 2
left_child=1 4 3 12 5 -1 -5 -6 -9 10 -2 -7 -3 -4
right_child=9 2 13 6 7 11 -8 8 -10 -11 -12 -13 -14 -15
leaf_value= 0.061023525472088405 0.027204716623888875 0.056717292949617651 -0.015457532277500291 0.018056341190807981 0.084930073990173049 0.067461022328008227 -0.015771351811626852 -0.0061243587429364805 0.023322516472757997 -0.031301217319232875 -0.018777554984719468 0.00091913301392111842 0.019140951860262961 -0.040955646610020158
leaf_weight=746 587 544 2116 1209 101 142 1852 2924 1287 1298 892 817 930 1067
leaf_count=746 587 544 2116 1209 101 142 1852 2924 1287 1298 892 817 930 1067
model_size=1600
internal_value=0 0.00301488 -0.00455182 0.00910184 0.0127207 0.0327589 -0.00241046 0.0047974 0.00287543 -0.0149116 -0.000527661 0.0107721 0.033009 -0.024005
internal_weight=0 13735 7718 4535 6017 1705 3061 4312 4211 2777 1479 959 1474 3183
internal_count=16512 13735 7718 4535 6017 1705 3061 4312 4211 2777 1479 959 1474 3183
is_linear=0
shrinkage=0.1


Tree=25
num_leaves= 9
num_cat= 0
full_tree_array_lgbids= 0 1 6 2 -3 7 -8 -1 3 -2147483648 -2147483648 -2 -9 -2147483648 -2147483648 -2147483648 -2147483648 5 4 -2147483648 -2147483648 -2147483648 -2147483648 -2147483648 -2147483648 -2147483648 -2147483648 -2147483648 -2147483648 -2147483648 -2147483648 -2147483648 -2147483648 -2147483648 -2147483648 -4 -7 -5 -6 -2147483648 -2147483648 -2147483648 -2147483648 -2147483648 -2147483648 -2147483648 -2147483648 -2147483648 -2147483648 -2147483648 -2147483648 -2147483648 -2147483648 -2147483648 -2147483648 -2147483648 -2147483648 -2147483648 -2147483648 -2147483648 -2147483648 -2147483648 -2147483648
split_feature= 8 7 8 7 8 8 7 8
split_gain= 14.9406 42.0996 30.3759 22.8236 130.202 33.7073 7.84076 16.1804
threshold= -117.75499999999998 37.925000000000004 -122.31499999999998 34.525000000000013 -121.28499999999998 -118.36499999999999 33.565000000000005 -117.16499999999998
decision_type= 2 2 2 2 2 2 2 2
left_child=1 2 -1 5 -5 -4 7 -2
right_child=6 -3 3 4 -6 -7 -8 -9
leaf_value= 0.038969369191594806 0.026596877428324391 -0.012756543341812435 0.030498516079403123 0.012963281642823767 -0.028465028038763492 0.0045656503192666575 -0.028171095573609712 -0.015817477397588122
leaf_weight=685 535 2882 1597 2332 1819 4420 1298 944
leaf_count=685 535 2882 1597 2332 1819 4420 1298 944
model_size=928
internal_value=0 0.00271339 0.00682141 0.00465566 -0.00519092 0.0114486 -0.0134204 -0.000474895
internal_weight=0 13735 10853 10168 4151 6017 2777 1479
internal_count=16512 13735 10853 10168 4151 6017 2777 1479
is_linear=0
shrinkage=0.1


Tree=26
num_leaves= 5
num_cat= 0
full_tree_array_lgbids= 0 1 -2 2 -3 -2147483648 -2147483648 -1 3 -2147483648 -2147483648 -2147483648 -2147483648 -2147483648 -2147483648 -2147483648 -2147483648 -4 -5 -2147483648 -2147483648 -2147483648 -2147483648 -2147483648 -2147483648 -2147483648 -2147483648 -2147483648 -2147483648 -2147483648 -2147483648
split_feature= 6 7 8 7
split_gain= 8.3303 8.22357 20.5308 5.67565
threshold= 3.1424162072895592 37.925000000000004 -117.77499999999999 33.565000000000005
decision_type= 2 2 2 2
left_child=1 2 -1 -4
right_child=-2 -3 3 -5
leaf_value= 0.011997040410844061 -0.008501792331311285 -0.0092206828477235797 0.0052333242011473628 -0.028030935664568043
leaf_weight=6989 5153 2472 1081 817
leaf_count=6989 5153 2472 1081 817
model_size=480
internal_value=0 0.00385683 0.00749446 -0.00908538
internal_weight=0 11359 8887 1898
internal_count=16512 11359 8887 1898
is_linear=0
shrinkage=0.1


Tree=27
num_leaves= 2
num_cat= 0
full_tree_array_lgbids= 0 -1 -2
split_feature= 3
split_gain= 6.98225
threshold= 6.3286213786213787
decision_type= 2
left_child=-1
right_child=-2
leaf_value= -0.0027454684647836855 0.011714874628266213
leaf_weight=13377 3135
leaf_count=13377 3135
model_size=144
internal_value=0
internal_weight=0
internal_count=16512
is_linear=0
shrinkage=0.1


Tree=28
num_leaves= 3
num_cat= 0
full_tree_array_lgbids= 0 1 -2 -1 -3 -2147483648 -2147483648
split_feature= 8 3
split_gain= 0.775447 1.85869
threshold= -116.53499999999998 6.3286213786213787
decision_type= 2 2
left_child=1 -1
right_child=-2 -3
leaf_value= -0.0019700959352725519 -0.044347881497637673 0.011983769367130243
leaf_weight=13228 236 3048
leaf_count=13228 236 3048
model_size=256
internal_value=0 0.000643039
internal_weight=0 16276
internal_count=16512 16276
is_linear=0
shrinkage=0.1


end of trees

feature_importances:
Column_1=88
Column_8=82
Column_7=79
Column_6=72
Column_2=46
Column_3=16
Column_5=4
Column_4=2

parameters:
[boosting: gbdt]
[objective: regression]
[metric: rmse]
[tree_learner: serial]
[device_type: cpu]
[data_sample_strategy: bagging]
[data: data/california_housing.libsvm.train]
[valid: data/california_housing.libsvm.test]
[num_iterations: 200]
[learning_rate: 0.1]
[num_leaves: 255]
[num_threads: 0]
[seed: 42]
[deterministic: 0]
[force_col_wise: 0]
[force_row_wise: 0]
[histogram_pool_size: -1]
[max_depth: 5]
[min_data_in_leaf: 10]
[min_sum_hessian_in_leaf: 0.001]
[bagging_fraction: 1]
[pos_bagging_fraction: 1]
[neg_bagging_fraction: 1]
[bagging_freq: 0]
[bagging_seed: 400]
[feature_fraction: 1]
[feature_fraction_bynode: 1]
[feature_fraction_seed: 30056]
[extra_trees: 0]
[extra_seed: 12879]
[early_stopping_round: 0]
[early_stopping_min_delta: 0]
[first_metric_only: 0]
[max_delta_step: 0]
[lambda_l1: 0]
[lambda_l2: 0]
[linear_lambda: 0]
[min_gain_to_split: 0]
[drop_rate: 0.1]
[max_drop: 50]
[skip_drop: 0.5]
[xgboost_dart_mode: 0]
[uniform_drop: 0]
[drop_seed: 17869]
[top_rate: 0.2]
[other_rate: 0.1]
[min_data_per_group: 100]
[max_cat_threshold: 32]
[cat_l2: 10]
[cat_smooth: 10]
[max_cat_to_onehot: 4]
[top_k: 20]
[monotone_constraints: ]
[monotone_constraints_method: basic]
[monotone_penalty: 0]
[feature_contri: ]
[forcedsplits_filename: ]
[refit_decay_rate: 0.9]
[tinygbdt_penalty_feature: 1]
[tinygbdt_penalty_split: 0.0625]
[tinygbdt_forestsize: 64000]
[tinygbdt_precision: 7]
[cegb_tradeoff: 1]
[cegb_penalty_split: 0]
[cegb_penalty_feature_lazy: ]
[cegb_penalty_feature_coupled: ]
[path_smooth: 0]
[interaction_constraints: ]
[verbosity: 2]
[saved_feature_importance_type: 0]
[use_quantized_grad: 0]
[num_grad_quant_bins: 4]
[quant_train_renew_leaf: 0]
[stochastic_rounding: 1]
[linear_tree: 0]
[max_bin: 255]
[max_bin_by_feature: ]
[min_data_in_bin: 3]
[bin_construct_sample_cnt: 200000]
[data_random_seed: 175]
[is_enable_sparse: 1]
[enable_bundle: 1]
[use_missing: 1]
[zero_as_missing: 0]
[feature_pre_filter: 1]
[pre_partition: 0]
[two_round: 0]
[header: 0]
[label_column: ]
[weight_column: ]
[group_column: ]
[ignore_column: ]
[categorical_feature: ]
[forcedbins_filename: ]
[precise_float_parser: 0]
[parser_config_file: ]
[objective_seed: 16083]
[num_class: 1]
[is_unbalance: 0]
[scale_pos_weight: 1]
[sigmoid: 1]
[boost_from_average: 1]
[reg_sqrt: 0]
[alpha: 0.9]
[fair_c: 1]
[poisson_max_delta_step: 0.7]
[tweedie_variance_power: 1.5]
[lambdarank_truncation_level: 30]
[lambdarank_norm: 1]
[label_gain: ]
[lambdarank_position_bias_regularization: 0]
[eval_at: ]
[multi_error_top_k: 1]
[auc_mu_weights: ]
[num_machines: 1]
[local_listen_port: 12400]
[time_out: 120]
[machine_list_filename: ]
[machines: ]
[gpu_platform_id: -1]
[gpu_device_id: -1]
[gpu_use_dp: 0]
[num_gpu: 1]

end of parameters
