tree
version=v4
num_class=1
num_tree_per_iteration=1
label_index=0
max_feature_idx=8
objective=regression
feature_names=Column_0 Column_1 Column_2 Column_3 Column_4 Column_5 Column_6 Column_7 Column_8
feature_infos=none [0.49990000000000001:15.0001] [1:52] [0.88888888888888884:141.90909090909091] [0.33333333333333331:25.63636363636364] [3:35682] [0.69230769230769229:1243.333333333333] [32.549999999999997:41.950000000000003] [-124.34999999999999:-114.31]
tree_sizes=893 918 921 919 917 922 921 924 920 922 925 927 933 927 929 945 922 928 933 926 928 928 938 925 927 922 869 923 861 868 866 865 859 722 865 864 865 844 859 731 794 858 734 937 863 866 846 874 732 739 867 866 868 733 731 795 731 801 732 733 667 737 733 736 664

Tree=0
num_leaves= 8
num_cat= 0
full_tree_array_lgbids= 0 1 2 5 3 4 6 -1 -7 -3 -5 -2 -6 -4 -8
split_feature= 1 1 1 6 6 3 1
split_gain= 6980.71 1678.2 1285.18 969.378 424.519 311.44 149.314
threshold= 5.0387000000000013 3.0679500000000002 6.8672000000000013 2.3489548886254448 2.671038674349933 4.3101408005062494 7.852450000000001
decision_type= 2 2 2 2 2 2 2
left_child=1 5 4 -3 -2 -1 -4
right_child=2 3 6 -5 -6 -7 -8
leaf_value= 2.0271553702362852 2.2124016810384575 2.1448965452081059 2.2437582437954506 2.0525059688733616 2.1260912310358373 1.9812300134534242 2.3227113326055062
leaf_weight=2599 911 1463 431 5268 1601 3630 609
leaf_count=2599 911 1463 431 5268 1601 3630 609
model_size=816
internal_value=2.07195 2.03789 2.19622 2.07259 2.15739 2.00039 2.28999
internal_weight=0 12960 3552 6731 2512 6229 1040
internal_count=16512 12960 3552 6731 2512 6229 1040
is_linear=0
shrinkage=1


Tree=1
num_leaves= 8
num_cat= 0
full_tree_array_lgbids= 0 1 3 4 2 5 6 -1 -6 -3 -4 -2 -7 -5 -8
split_feature= 1 1 6 1 6 2 2
split_gain= 5682.65 1840.45 913.408 577.905 339.817 226.737 38.0311
threshold= 5.6042500000000013 3.1913000000000005 2.4136952392348086 7.7055000000000016 2.1628386478062818 27.500000000000004 18.500000000000004
decision_type= 2 2 2 2 2 2 2
left_child=1 4 -3 5 -1 -2 -5
right_child=3 2 -4 6 -6 -7 -8
leaf_value= -0.0082740533818989534 0.08366184650830015 0.073703667606659334 -0.009300027036995534 0.18235227567940088 -0.071020922948427975 0.16009667489878079 0.23912470343303474
leaf_weight=1042 1104 1769 5483 207 5812 632 463
leaf_count=1042 1104 1769 5483 207 5812 632 463
model_size=816
internal_value=0 -0.0242454 0.0109473 0.142147 -0.0614816 0.111488 0.221585
internal_weight=0 14106 7252 2406 6854 1736 670
internal_count=16512 14106 7252 2406 6854 1736 670
is_linear=0
shrinkage=0.1


Tree=2
num_leaves= 8
num_cat= 0
full_tree_array_lgbids= 0 2 1 5 3 4 6 -1 -7 -4 -5 -2 -6 -3 -8
split_feature= 1 1 1 6 6 3 1
split_gain= 4707.05 1248.46 851.178 737.046 388.403 240.427 184.43
threshold= 4.5301500000000017 6.3350000000000009 2.6597500000000003 2.2634687595142249 2.735488224282792 3.8792159595040387 8.4454500000000028
decision_type= 2 2 2 2 2 2 2
left_child=2 4 5 -4 -2 -1 -3
right_child=1 6 3 -5 -6 -7 -8
leaf_value= -0.031434199577858646 0.09135010436317291 0.13749602040931769 0.054125912536775955 -0.028090511297110696 0.020804448647833221 -0.082837807867825727 0.2172294901010576
leaf_weight=1324 1343 1048 1361 5802 1959 3249 426
leaf_count=1324 1343 1048 1361 5802 1959 3249 426
model_size=816
internal_value=0 0.0837677 -0.0340895 -0.012469 0.049497 -0.0679552 0.16054
internal_weight=0 4776 11736 7163 3302 4573 1474
internal_count=16512 4776 11736 7163 3302 4573 1474
is_linear=0
shrinkage=0.1


Tree=3
num_leaves= 8
num_cat= 0
full_tree_array_lgbids= 0 1 2 4 3 5 6 -1 -6 -3 -5 -2 -7 -4 -8
split_feature= 1 1 1 6 6 6 2
split_gain= 3857.89 988.732 616.845 491.478 375.895 257.42 82.752
threshold= 5.1326000000000009 3.5488500000000003 6.8672000000000013 2.4136952392348086 2.2352443515477258 2.5891438608419741 26.500000000000004
decision_type= 2 2 2 2 2 2 2
left_child=1 4 5 -3 -1 -2 -4
right_child=2 3 6 -5 -6 -7 -8
leaf_value= -0.00032717859172592273 0.1209627634686425 0.068317707879618536 0.1342409225415204 -0.00639358281591507 -0.055714748827192177 0.045392299710737806 0.19367872728995034
leaf_weight=1538 655 1174 572 3769 6732 1604 468
leaf_count=1538 655 1174 572 3769 6732 1604 468
model_size=816
internal_value=0 -0.0241783 0.0968376 0.0113509 -0.0454141 0.0673041 0.160988
internal_weight=0 13213 3299 4943 8270 2259 1040
internal_count=16512 13213 3299 4943 8270 2259 1040
is_linear=0
shrinkage=0.1


Tree=4
num_leaves= 8
num_cat= 0
full_tree_array_lgbids= 0 2 1 5 4 3 6 -1 -7 -4 -6 -2 -5 -3 -8
split_feature= 1 1 6 6 1 7 1
split_gain= 3156.52 1040.83 478.285 385.936 331.132 187.023 141.816
threshold= 4.125700000000001 6.2770500000000009 2.0376051459673437 2.735488224282792 2.4115000000000006 37.935000000000009 7.852450000000001
decision_type= 2 2 2 2 2 2 2
left_child=2 3 5 -2 -4 -1 -3
right_child=1 6 4 -5 -6 -7 -8
leaf_value= 0.046723925516650888 0.068050297178407743 0.10389827527151019 -0.067531376630762072 0.0079221475636292223 -0.027153371211985456 -0.060995450262528131 0.16779304719078914
leaf_weight=961 1893 927 3129 2571 6218 204 609
leaf_count=961 1893 927 3129 2571 6218 204 609
model_size=816
internal_value=0 0.0579478 -0.0330752 0.03342 -0.0406703 0.0278615 0.129232
internal_weight=0 6000 10512 4464 9347 1165 1536
internal_count=16512 6000 10512 4464 9347 1165 1536
is_linear=0
shrinkage=0.1


Tree=5
num_leaves= 8
num_cat= 0
full_tree_array_lgbids= 0 1 3 4 2 5 6 -1 -6 -3 -4 -2 -7 -5 -8
split_feature= 1 1 6 1 3 6 1
split_gain= 2610.37 767.608 528.703 348.052 197.181 175.274 35.7876
threshold= 5.2771000000000017 2.7820000000000005 2.2982753493904258 7.3930000000000016 3.8792159595040387 2.9432978723404259 8.7395500000000013
decision_type= 2 2 2 2 2 2 2
left_child=1 4 -3 5 -1 -2 -5
right_child=3 2 -4 6 -6 -7 -8
leaf_value= -0.017088251020950487 0.08918849631232631 0.051351511427174826 -0.012463528092660263 0.1204733240796758 -0.061943468674109083 0.030718887030665023 0.16777664620582372
leaf_weight=1413 1247 1636 6797 428 3683 943 365
leaf_count=1413 1247 1636 6797 428 3683 943 365
model_size=816
internal_value=0 -0.0186996 -8.34256e-05 0.0848096 -0.0495062 0.0640119 0.142246
internal_weight=0 13529 8433 2983 5096 2190 793
internal_count=16512 13529 8433 2983 5096 2190 793
is_linear=0
shrinkage=0.1


Tree=6
num_leaves= 8
num_cat= 0
full_tree_array_lgbids= 0 2 1 5 3 4 6 -1 -7 -4 -5 -2 -6 -3 -8
split_feature= 1 1 1 6 6 3 2
split_gain= 2168.81 537.937 426.19 407.997 207.447 159.369 112.269
threshold= 4.5301500000000017 6.3963500000000009 2.5044000000000004 2.0653737590585881 2.5219735498882589 3.4845502266762112 26.500000000000004
decision_type= 2 2 2 2 2 2 2
left_child=2 4 5 -4 -2 -1 -3
right_child=1 6 3 -5 -6 -7 -8
leaf_value= -0.0042477867484233996 0.07866960336471257 0.083560118447945586 0.053497639492713425 -0.018075561737046775 0.020317901281742174 -0.060106526585978828 0.14253657404181178
leaf_weight=646 847 800 920 6970 2517 3200 612
leaf_count=646 847 800 920 6970 2517 3200 612
model_size=816
internal_value=0 0.0569208 -0.0231641 -0.00972989 0.0350099 -0.0507241 0.109122
internal_weight=0 4776 11736 7890 3364 3846 1412
internal_count=16512 4776 11736 7890 3364 3846 1412
is_linear=0
shrinkage=0.1


Tree=7
num_leaves= 8
num_cat= 0
full_tree_array_lgbids= 0 2 1 3 6 4 5 -1 -5 -4 -8 -2 -6 -3 -7
split_feature= 1 1 7 8 6 2 7
split_gain= 1799.94 580.791 339.882 561.145 248.429 154.963 26.5725
threshold= 4.0612500000000002 5.8308000000000009 37.925000000000004 -122.31499999999998 2.6829812717770039 26.500000000000004 39.355000000000011
decision_type= 2 2 2 2 2 2 2
left_child=2 4 3 -1 -2 -3 -4
right_child=1 5 6 -5 -6 -7 -8
leaf_value= 0.10838538720591794 0.051811183091518311 0.0619402061765865 -0.054425619176352469 -0.02202612074400441 0.00087018854092307026 0.11857025996137943 -0.084086331967582528
leaf_weight=350 1615 1219 1617 7753 2556 875 527
leaf_count=350 1615 1219 1617 7753 2556 875 527
model_size=816
internal_value=0 0.042323 -0.0258762 -0.0163931 0.0205944 0.0856037 -0.0617163
internal_weight=0 6265 10247 8103 4171 2094 2144
internal_count=16512 6265 10247 8103 4171 2094 2144
is_linear=0
shrinkage=0.1


Tree=8
num_leaves= 8
num_cat= 0
full_tree_array_lgbids= 0 2 1 4 5 3 6 -1 -6 -4 -7 -2 -5 -3 -8
split_feature= 1 1 6 2 7 7 2
split_gain= 1456.82 456.678 291.808 234.307 225.63 196.467 77.6884
threshold= 4.125700000000001 6.3350000000000009 2.2982753493904258 36.500000000000007 37.935000000000009 34.455000000000005 21.500000000000004
decision_type= 2 2 2 2 2 2 2
left_child=2 3 4 -2 -1 -4 -3
right_child=1 6 5 -5 -6 -7 -8
leaf_value= 0.027675047371731838 0.012195252455326041 0.059808731187561526 -0.015743577798094818 0.070813532204159368 -0.050431692911272398 -0.04717121675472255 0.10878518466581727
leaf_weight=1718 3650 619 4210 876 494 4090 855
leaf_count=1718 3650 619 4210 876 494 4090 855
model_size=816
internal_value=0 0.0394297 -0.0225055 0.0235407 0.0102317 -0.0312302 0.0882177
internal_weight=0 6000 10512 4526 2212 8300 1474
internal_count=16512 6000 10512 4526 2212 8300 1474
is_linear=0
shrinkage=0.1


Tree=9
num_leaves= 8
num_cat= 0
full_tree_array_lgbids= 0 1 4 3 2 5 6 -1 -5 -3 -4 -2 -7 -6 -8
split_feature= 1 1 6 3 1 2 5
split_gain= 1197.8 461.605 316.775 175.145 131.451 96.4269 19.7111
threshold= 5.6042500000000013 3.3277500000000004 2.5357030921530415 4.5044954944033631 7.7055000000000016 26.500000000000004 139.50000000000003
decision_type= 2 2 2 2 2 2 2
left_child=1 3 -3 -1 5 -2 -6
right_child=4 2 -4 -5 6 -7 -8
leaf_value= -0.012027113350361926 0.030807123625507218 0.040532129713628573 -0.0069246226770622145 -0.043500314997658246 0.0021546067240146493 0.081210531299379926 0.10838713973546575
leaf_weight=3549 1059 2113 4563 3881 26 677 644
leaf_count=3549 1059 2113 4563 3881 26 677 644
model_size=816
internal_value=0 -0.0111627 0.00809577 -0.0284669 0.0654454 0.0504633 0.104265
internal_weight=0 14106 6676 7430 2406 1736 670
internal_count=16512 14106 6676 7430 2406 1736 670
is_linear=0
shrinkage=0.1


Tree=10
num_leaves= 8
num_cat= 0
full_tree_array_lgbids= 0 1 3 5 2 4 6 -1 -7 -3 -4 -2 -6 -5 -8
split_feature= 1 1 6 1 2 3 1
split_gain= 996.313 296.126 279.21 218.318 165.235 94.3347 22.3566
threshold= 4.6754000000000007 2.2336500000000004 2.0376051459673437 7.3930000000000016 21.500000000000004 3.5232617427316812 8.7395500000000013
decision_type= 2 2 2 2 2 2 2
left_child=1 5 -3 4 -2 -1 -5
right_child=3 2 -4 6 -6 -7 -8
leaf_value= -0.0051177343893241065 0.0037956615427647694 0.045083177825450196 -0.012107711162889131 0.071236168988218759 0.048601540192292118 -0.052875654570378718 0.11083567272310389
leaf_weight=562 1460 984 8303 428 2126 2284 365
leaf_count=562 1460 984 8303 428 2126 2284 365
model_size=816
internal_value=0 -0.0148201 -0.00604808 0.0410625 0.0303593 -0.0434449 0.0894629
internal_weight=0 12133 9287 4379 3586 2846 793
internal_count=16512 12133 9287 4379 3586 2846 793
is_linear=0
shrinkage=0.1


Tree=11
num_leaves= 8
num_cat= 0
full_tree_array_lgbids= 0 3 1 4 6 2 5 -1 -6 -5 -8 -2 -4 -3 -7
split_feature= 1 1 2 7 8 2 7
split_gain= 839.974 296.686 219.147 179.194 367.724 77.0011 13.1499
threshold= 3.8346500000000003 5.8308000000000009 18.500000000000004 37.915000000000006 -122.31499999999998 26.500000000000004 38.475000000000001
decision_type= 2 2 2 2 2 2 2
left_child=3 2 -2 4 -1 -3 -5
right_child=1 5 -4 6 -6 -7 -8
leaf_value= 0.099601954853349092 -0.019649023068574932 0.041129200948059247 0.026897534540647017 -0.032134002325449745 -0.016787709813313595 0.082117198194456953 -0.054149143877061358
leaf_weight=289 1511 1219 3453 676 7158 875 1331
leaf_count=289 1511 1219 3453 676 7158 875 1331
model_size=816
internal_value=0 0.0262364 0.0127292 -0.0195871 -0.0122709 0.0582565 -0.046734
internal_weight=0 7058 4964 9454 7447 2094 2007
internal_count=16512 7058 4964 9454 7447 2094 2007
is_linear=0
shrinkage=0.1


Tree=12
num_leaves= 8
num_cat= 0
full_tree_array_lgbids= 0 3 1 4 5 2 6 -1 -6 -5 -7 -2 -4 -3 -8
split_feature= 1 6 2 6 7 7 1
split_gain= 679.701 263.781 221.423 169.08 160.673 124.403 114.373
threshold= 3.9004500000000006 2.9742256672023202 20.500000000000004 2.4716480639382667 37.945000000000007 34.455000000000005 6.8672000000000013
decision_type= 2 2 2 2 2 2 2
left_child=3 2 -2 4 -1 -5 -3
right_child=1 6 -4 5 -6 -7 -8
leaf_value= 0.017357973354222341 0.0046041341521176008 -0.0098838752882973446 0.055432879179652172 -0.012873186969560036 -0.036699276965727987 -0.041143131343877232 0.051276384538236866
leaf_weight=2196 1278 2253 2936 3515 787 3162 385
leaf_count=2196 1278 2253 2936 3515 787 3162 385
model_size=816
internal_value=0 0.0242423 0.0400178 -0.0171955 0.00309614 -0.0262609 -0.000957909
internal_weight=0 6852 4214 9660 2983 6677 2638
internal_count=16512 6852 4214 9660 2983 6677 2638
is_linear=0
shrinkage=0.1


Tree=13
num_leaves= 8
num_cat= 0
full_tree_array_lgbids= 0 1 3 2 4 5 6 -1 -4 -3 -6 -2 -7 -5 -8
split_feature= 1 6 7 6 8 7 1
split_gain= 582.841 272.273 356.083 85.2609 83.8999 55.7138 29.2608
threshold= 5.3736000000000006 2.8396278889382178 37.945000000000007 3.1424162072895592 -117.77499999999999 37.955000000000005 9.1688500000000008
decision_type= 2 2 2 2 2 2 2
left_child=1 2 -1 5 -3 -2 -5
right_child=3 4 -4 6 -6 -7 -8
leaf_value= 0.018223219283070823 0.058180759069477707 -0.017808752452322187 -0.034125292666712888 0.004752511194697666 -0.048440849261851028 -0.0084725125372828031 0.084691355090874887
leaf_weight=5358 1886 5382 1771 685 1208 157 65
leaf_count=5358 1886 5382 1771 685 1208 157 65
model_size=816
internal_value=0 -0.00853992 0.0052187 0.0419474 -0.0234239 0.0530586 0.0116805
internal_weight=0 13719 7129 2793 6590 2043 750
internal_count=16512 13719 7129 2793 6590 2043 750
is_linear=0
shrinkage=0.1


Tree=14
num_leaves= 8
num_cat= 0
full_tree_array_lgbids= 0 3 1 4 6 2 5 -1 -6 -5 -8 -2 -4 -3 -7
split_feature= 1 7 8 3 1 8 2
split_gain= 494.176 217.814 264.102 124.41 161.854 67.6817 34.6401
threshold= 3.6530500000000008 37.965000000000011 -118.02499999999999 4.7136159068371946 2.2210000000000005 -122.40499999999999 43.500000000000007
decision_type= 2 2 2 2 2 2 2
left_child=3 2 -2 4 -1 -3 -5
right_child=1 5 -4 6 -6 -7 -8
leaf_value= -0.028046601784448136 0.038411964017363485 0.023346933497318621 -0.0042036676822332954 -0.033704452710411156 0.01106573414924762 -0.044817534056596914 -0.0040017056727550413
leaf_weight=1879 4660 216 2217 3537 2743 689 571
leaf_count=1879 4660 216 2217 3537 2743 689 571
model_size=816
internal_value=0 0.0184842 0.0246736 -0.016477 -0.00483476 -0.0285484 -0.0295759
internal_weight=0 7782 6877 8730 4622 905 4108
internal_count=16512 7782 6877 8730 4622 905 4108
is_linear=0
shrinkage=0.1


Tree=15
num_leaves= 8
num_cat= 0
full_tree_array_lgbids= 0 1 4 2 3 5 6 -1 -4 -3 -5 -2 -7 -6 -8
split_feature= 1 8 7 7 1 6 5
split_gain= 425.775 235.983 358.212 66.5834 58.8247 62.7211 16.7424
threshold= 5.6851000000000012 -117.77499999999999 34.525000000000013 33.565000000000005 8.7395500000000013 2.5949646725452555 70.000000000000014
decision_type= 2 2 2 2 2 2 2
left_child=1 2 -1 -3 5 -2 -6
right_child=4 3 -4 -5 6 -7 -8
leaf_value= 0.020135571781320572 0.063928636896067398 -0.018385128867526787 -0.015614123601812689 -0.05336692391377839 -0.06347245511909326 0.020934416052922806 0.084849676401182891
leaf_weight=4978 538 1287 6786 1181 11.999999999999998 1377 353
leaf_count=4978 538 1287 6786 1181 12 1377 353
model_size=816
internal_value=0 -0.00649315 -0.000486447 -0.0351248 0.0405309 0.0330132 0.0799733
internal_weight=0 14232 11764 2468 2280 1915 365
internal_count=16512 14232 11764 2468 2280 1915 365
is_linear=0
shrinkage=0.1


Tree=16
num_leaves= 8
num_cat= 0
full_tree_array_lgbids= 0 4 1 6 5 2 3 -1 -8 -6 -7 -2 -4 -3 -5
split_feature= 1 6 2 1 1 3 3
split_gain= 357.454 189.466 186.83 178.129 97.2375 130.921 58.4699
threshold= 3.6530500000000008 2.0653737590585881 17.500000000000004 6.3963500000000009 2.2210000000000005 4.5689898008742116 3.3654435698213785
decision_type= 2 2 2 2 2 2 2
left_child=4 2 -2 -3 6 -6 -1
right_child=1 3 -4 -5 5 -7 -8
leaf_value= 0.0053169222771560151 -0.018444986986648999 0.0035817605813822429 0.11116563453700046 0.044759214625673116 0.012223728565151895 -0.019055055019266402 -0.03700036219726574
leaf_weight=448 165 5863 396 1358 2383 3566 2333
leaf_count=448 165 5863 396 1358 2383 3566 2333
model_size=816
internal_value=0 0.015775 0.0730449 0.0113257 -0.014062 -0.00652566 -0.0301833
internal_weight=0 7782 561 7221 8730 5949 2781
internal_count=16512 7782 561 7221 8730 5949 2781
is_linear=0
shrinkage=0.1


Tree=17
num_leaves= 8
num_cat= 0
full_tree_array_lgbids= 0 1 4 2 3 5 6 -1 -4 -3 -5 -2 -7 -6 -8
split_feature= 1 8 7 7 6 2 3
split_gain= 294.998 208.283 275.177 208.621 73.4862 57.9042 19.2505
threshold= 5.0116000000000005 -122.38499999999998 38.415000000000006 34.455000000000005 3.1424162072895592 16.500000000000004 8.0108708495805292
decision_type= 2 2 2 2 2 2 2
left_child=1 2 -1 -3 5 -2 -6
right_child=4 3 -4 -5 6 -7 -8
leaf_value= 0.079837342826250254 0.0044376295177151635 0.00099570850082109845 -0.023841387174325063 -0.026316212345297674 -0.0060264616112942959 0.04308233002404506 0.043967760357146085
leaf_weight=621 570 6580 460 5236 839 2076 130
leaf_count=621 570 6580 460 5236 839 2076 130
model_size=816
internal_value=0 -0.00718213 0.0357187 -0.011107 0.0256232 0.0347575 0.00068071
internal_weight=0 12897 1081 11816 3615 2646 969
internal_count=16512 12897 1081 11816 3615 2646 969
is_linear=0
shrinkage=0.1


Tree=18
num_leaves= 8
num_cat= 0
full_tree_array_lgbids= 0 1 3 2 5 6 4 -1 -4 -3 -7 -2 -8 -5 -6
split_feature= 6 7 8 8 7 8 7
split_gain= 263.232 317.309 354.781 64.9154 126.205 35.57 30.6708
threshold= 3.1100458715596333 37.925000000000004 -117.75499999999998 -121.56499999999998 34.525000000000013 -122.40499999999999 37.895000000000003
decision_type= 2 2 2 2 2 2 2
left_child=1 2 -1 6 -5 -3 -2
right_child=3 5 -4 4 -6 -7 -8
leaf_value= 0.028553390901530997 0.019453963486265519 -0.00026423410139478739 -0.021861717292848019 -0.014243169365368048 -0.055576444338007673 -0.031342036347319788 -0.028086578111539525
leaf_weight=6862 689 618 1808 3465 1025 1810 235
leaf_count=6862 689 618 1808 3465 1025 1810 235
model_size=816
internal_value=0 0.00896693 0.0180401 -0.018381 -0.0236789 -0.0234318 0.00736302
internal_weight=0 11098 8670 5414 4490 2428 924
internal_count=16512 11098 8670 5414 4490 2428 924
is_linear=0
shrinkage=0.1


Tree=19
num_leaves= 8
num_cat= 0
full_tree_array_lgbids= 0 4 1 6 5 2 3 -1 -8 -6 -7 -2 -4 -3 -5
split_feature= 1 2 1 8 3 1 7
split_gain= 226.649 190.927 135.351 90.6661 43.5529 49.4826 22.8261
threshold= 2.8762500000000002 47.500000000000007 6.2770500000000009 -122.29499999999999 3.3654435698213785 1.9486000000000003 33.995000000000012
decision_type= 2 2 2 2 2 2 2
left_child=4 2 -2 -3 6 -6 -1
right_child=1 3 -4 -5 5 -7 -8
leaf_value= -0.028552456832473067 -0.00038794387119818257 0.10019139126750023 0.034224743971060206 0.029840511072815087 -0.037411147020109198 -0.01336937474124616 0.023546974257076185
leaf_weight=157 8791 303 1396 600 1448 3355 462
leaf_count=157 8791 303 1396 600 1448 3355 462
model_size=816
internal_value=0 0.00835254 0.00435529 0.0534466 -0.017084 -0.0206174 0.0103327
internal_weight=0 11090 10187 903 5422 4803 619
internal_count=16512 11090 10187 903 5422 4803 619
is_linear=0
shrinkage=0.1


Tree=20
num_leaves= 8
num_cat= 0
full_tree_array_lgbids= 0 1 3 2 5 4 6 -1 -4 -3 -7 -2 -6 -5 -8
split_feature= 6 7 8 1 8 8 1
split_gain= 202.187 230.396 257.756 75.7496 48.8879 23.2275 22.9134
threshold= 2.9137341371666818 37.925000000000004 -117.85499999999998 5.8308000000000009 -121.56499999999998 -122.40499999999999 9.1688500000000008
decision_type= 2 2 2 2 2 2 2
left_child=1 2 -1 4 -2 -3 -5
right_child=3 5 -4 6 -6 -7 -8
leaf_value= 0.029129091450645867 0.0035981665706795382 0.0009640265052750915 -0.017142377401394297 0.008134646200935956 -0.021372035993816894 -0.027014872124108781 0.062160768835094027
leaf_weight=5547 1131 561 1607 791 5197 1551 127
leaf_count=5547 1131 561 1607 791 5197 1551 127
model_size=816
internal_value=0 0.0100013 0.0187352 -0.0127894 -0.0169091 -0.019583 0.0156088
internal_weight=0 9266 7154 7246 6328 2112 918
internal_count=16512 9266 7154 7246 6328 2112 918
is_linear=0
shrinkage=0.1


Tree=21
num_leaves= 8
num_cat= 0
full_tree_array_lgbids= 0 1 3 2 6 5 4 -1 -4 -3 -8 -2 -7 -5 -6
split_feature= 1 6 2 6 1 2 7
split_gain= 171.914 114.681 113.911 78.5357 75.6075 70.8106 37.7003
threshold= 4.405050000000001 2.5949646725452555 20.500000000000004 2.2820667453403218 8.0125000000000011 17.500000000000004 34.455000000000005
decision_type= 2 2 2 2 2 2 2
left_child=1 2 -1 5 -5 -2 -3
right_child=3 6 -4 4 -6 -7 -8
leaf_value= -0.018695872612738963 -0.0079115140407035756 -0.007718099753969131 0.017767994192043481 0.0060437797522580753 0.049421456108545737 0.074532198210880071 -0.024013756376956307
leaf_weight=1345 162 3885 2961 4003 507 428 3221
leaf_count=1345 162 3885 2961 4003 507 428 3221
model_size=816
internal_value=0 -0.0069986 0.00637833 0.0156604 0.0109202 0.0518951 -0.0151046
internal_weight=0 11412 4306 5100 4510 590 7106
internal_count=16512 11412 4306 5100 4510 590 7106
is_linear=0
shrinkage=0.1


Tree=22
num_leaves= 8
num_cat= 0
full_tree_array_lgbids= 0 3 1 5 6 2 4 -1 -7 -5 -8 -2 -4 -3 -6
split_feature= 8 7 8 7 8 8 7
split_gain= 161.483 461.66 483.321 190.931 179.953 116.622 49.8914
threshold= -121.85499999999998 34.525000000000013 -118.30499999999999 37.805000000000007 -119.94499999999998 -122.25499999999998 38.705000000000005
decision_type= 2 2 2 2 2 2 2
left_child=3 2 -2 5 -3 -1 -5
right_child=1 4 -4 6 -6 -7 -8
leaf_value= 0.071993749970035589 0.047681832606003102 -0.020376568201553771 -0.006752097501538469 0.0044215599592221603 -0.068806574231981582 0.021250278222559791 -0.036515418558965951
leaf_weight=736 2235 2723 6481 1251 1145 1451 490
leaf_count=736 2235 2723 6481 1251 1145 1451 490
model_size=816
internal_value=0 -0.00567867 0.00720612 0.0181926 -0.0347128 0.0383272 -0.00710005
internal_weight=0 12584 8716 3928 3868 2187 1741
internal_count=16512 12584 8716 3928 3868 2187 1741
is_linear=0
shrinkage=0.1


Tree=23
num_leaves= 8
num_cat= 0
full_tree_array_lgbids= 0 1 4 3 2 5 6 -1 -5 -3 -4 -2 -7 -6 -8
split_feature= 8 7 8 8 7 8 8
split_gain= 148.49 205.884 461.871 201.655 71.9623 96.7716 2.14548
threshold= -117.75499999999998 34.525000000000013 -121.63499999999998 -118.30499999999999 33.695000000000007 -117.145 -117.50499999999998
decision_type= 2 2 2 2 2 2 2
left_child=1 3 -3 -1 5 -2 -6
right_child=4 2 -4 -5 6 -7 -8
leaf_value= 0.042913649325234032 0.021624377836486096 0.014690748118043009 -0.035246226760023751 0.0041756548193877434 -0.025930948738267942 -0.029678889703740559 -0.048349542512543218
leaf_weight=2235 709 4419 3299 3782 309 931 828
leaf_count=2235 709 4419 3299 3782 309 931 828
model_size=816
internal_value=0 0.00439355 -0.00665443 0.0185648 -0.0217304 -0.00749961 -0.0422569
internal_weight=0 13735 7718 6017 2777 1640 1137
internal_count=16512 13735 7718 6017 2777 1640 1137
is_linear=0
shrinkage=0.1


Tree=24
num_leaves= 8
num_cat= 0
full_tree_array_lgbids= 0 1 3 2 6 5 4 -1 -4 -3 -8 -2 -7 -5 -6
split_feature= 6 7 8 8 7 7 7
split_gain= 131.204 142.591 180.742 24.4637 44.0551 19.1916 12.6282
threshold= 3.1424162072895592 37.935000000000009 -122.31499999999998 -121.48499999999999 35.135000000000012 37.895000000000003 39.355000000000011
decision_type= 2 2 2 2 2 2 2
left_child=1 2 -1 5 -5 -2 -3
right_child=3 6 -4 4 -6 -7 -8
leaf_value= 0.067535666514527887 0.014601993632660203 -0.011011979960501224 0.0084004977591527249 -0.011774224800231839 -0.039671042349372306 -0.026493336727937467 -0.034197206773695726
leaf_weight=581 657 1921 8342 3414 856 226 515
leaf_count=581 657 1921 8342 3414 856 226 515
model_size=816
internal_value=0 0.0062109 0.0122509 -0.013691 -0.0173667 0.00408382 -0.0159136
internal_weight=0 11359 8923 5153 4270 883 2436
internal_count=16512 11359 8923 5153 4270 883 2436
is_linear=0
shrinkage=0.1


Tree=25
num_leaves= 8
num_cat= 0
full_tree_array_lgbids= 0 1 4 3 2 5 6 -1 -5 -3 -4 -2 -7 -6 -8
split_feature= 8 7 8 6 7 8 8
split_gain= 120.663 163.24 340.569 163.831 55.3606 75.0778 0.437322
threshold= -117.75499999999998 34.525000000000013 -121.56499999999998 3.0004492362982935 33.695000000000007 -117.145 -117.46499999999999
decision_type= 2 2 2 2 2 2 2
left_child=1 3 -3 -1 5 -2 -6
right_child=4 2 -4 -5 6 -7 -8
leaf_value= 0.032725928211404104 0.018957661417341162 0.011929622063045341 -0.03131799538690002 -0.0012460245193440073 -0.024234186495625101 -0.026814272247959344 -0.044211160261631272
leaf_weight=3175 709 4535 3183 2842 351 931 786
leaf_count=3175 709 4535 3183 2842 351 931 786
model_size=816
internal_value=0 0.0039883 -0.00590624 0.01668 -0.0197261 -0.00702628 -0.0380441
internal_weight=0 13735 7718 6017 2777 1640 1137
internal_count=16512 13735 7718 6017 2777 1640 1137
is_linear=0
shrinkage=0.1


Tree=26
num_leaves= 7
num_cat= 0
full_tree_array_lgbids= 0 1 4 3 2 5 -6 -1 -5 -3 -4 -2 -7 -2147483648 -2147483648
split_feature= 8 7 8 8 7 8
split_gain= 95.9423 130.429 284.127 147.412 45.675 80.0178
threshold= -117.75499999999998 34.525000000000013 -119.94499999999998 -118.35499999999998 33.565000000000005 -117.16499999999998
decision_type= 2 2 2 2 2 2
left_child=1 3 -3 -1 5 -2
right_child=4 2 -4 -5 -6 -7
leaf_value= 0.040675315720817284 0.028065865523416861 0.0024938682380915992 -0.053994964466966167 0.0048645280469491632 -0.032769910439510601 -0.023073351306824006
leaf_weight=1705 535 6651 1067 4312 1298 944
leaf_count=1705 535 6651 1067 4312 1298 944
model_size=704
internal_value=0 0.00358947 -0.00531561 0.015012 -0.0177535 -0.00457472
internal_weight=0 13735 7718 6017 2777 1479
internal_count=16512 13735 7718 6017 2777 1479
is_linear=0
shrinkage=0.1


Tree=27
num_leaves= 8
num_cat= 0
full_tree_array_lgbids= 0 1 2 3 5 6 4 -1 -5 -3 -7 -2 -8 -4 -6
split_feature= 2 1 8 6 7 1 8
split_gain= 87.2112 81.3731 61.6387 53.1329 24.384 20.0805 11.1843
threshold= 51.500000000000007 5.8308000000000009 -122.31499999999998 2.0376051459673437 37.635000000000012 8.7395500000000013 -122.61499999999999
decision_type= 2 2 2 2 2 2 2
left_child=1 3 6 -1 -4 -3 -2
right_child=2 5 4 -5 -6 -7 -8
leaf_value= 0.01662322694073019 -0.016534283234236332 0.012769111974317217 0.030591985253041399 -0.0070180374314271158 -0.013822830540278011 0.046001260869978175 0.076089262961397397
leaf_weight=1229 26 1635 406 12307 295 318 296
leaf_count=1229 26 1635 406 12307 295 318 296
model_size=816
internal_value=0 -0.00196495 0.0297509 -0.00487153 0.011901 0.0181802 0.0686103
internal_weight=0 15489 1023 13536 701 1953 322
internal_count=16512 15489 1023 13536 701 1953 322
is_linear=0
shrinkage=0.1


Tree=28
num_leaves= 7
num_cat= 0
full_tree_array_lgbids= 0 1 3 2 5 4 -5 -1 -4 -3 -7 -2 -6 -2147483648 -2147483648
split_feature= 6 7 8 3 8 7
split_gain= 77.9209 96.6551 135.724 15.2723 11.824 11.0684
threshold= 3.1424162072895592 37.895000000000003 -122.29499999999999 8.0108708495805292 -117.50499999999998 39.355000000000011
decision_type= 2 2 2 2 2 2
left_child=1 2 -1 4 -2 -3
right_child=3 5 -4 -5 -6 -7
leaf_value= 0.058994831919053595 -0.0094069099446507359 -0.0085181981468886968 0.0067392098668382708 0.02886296903016046 -0.028336445715730452 -0.0307960802049306
leaf_weight=568 4316 2050 8226 152 685 515
leaf_count=568 4316 2050 8226 152 685 515
model_size=704
internal_value=0 0.00489687 0.0101144 -0.0107944 -0.0119997 -0.0129911
internal_weight=0 11359 8794 5153 5001 2565
internal_count=16512 11359 8794 5153 5001 2565
is_linear=0
shrinkage=0.1


Tree=29
num_leaves= 7
num_cat= 0
full_tree_array_lgbids= 0 1 4 3 2 5 -6 -1 -5 -3 -4 -2 -7 -2147483648 -2147483648
split_feature= 8 7 8 6 7 8
split_gain= 71.7856 104.039 232.133 117.033 33.8885 58.3411
threshold= -117.75499999999998 34.655000000000008 -121.56499999999998 2.4652231585518112 33.565000000000005 -117.16499999999998
decision_type= 2 2 2 2 2 2
left_child=1 3 -3 -1 5 -2
right_child=4 2 -4 -5 -6 -7
leaf_value= 0.039465875924864696 0.02452872400878367 0.0097323844345812115 -0.026488249071219484 0.0053930971187527883 -0.028918364567757305 -0.020009183007853655
leaf_weight=1419 535 4535 3099 4682 1298 944
leaf_count=1419 535 4535 3099 4682 1298 944
model_size=704
internal_value=0 0.00315266 -0.00497128 0.0133179 -0.015593 -0.00389845
internal_weight=0 13735 7634 6101 2777 1479
internal_count=16512 13735 7634 6101 2777 1479
is_linear=0
shrinkage=0.1


Tree=30
num_leaves= 7
num_cat= 0
full_tree_array_lgbids= 0 1 2 4 -3 3 5 -1 -6 -2147483648 -2147483648 -2 -5 -4 -7
split_feature= 8 7 7 8 2 2
split_gain= 62.1727 113.348 84.0927 142.688 11.2039 4.96522
threshold= -122.40499999999999 38.705000000000005 37.615000000000002 -122.02499999999999 47.500000000000007 23.500000000000004
decision_type= 2 2 2 2 2 2
left_child=1 4 3 -2 -1 -4
right_child=2 -3 5 -5 -6 -7
leaf_value= 0.03049284765386583 0.055370160187477507 -0.030285780276003996 -0.0087474330067766216 -9.4121827355726724e-05 0.061740209842912119 -0.021929475008327443
leaf_weight=587 517 319 1415 11347 330 1997
leaf_count=587 517 319 1415 11347 330 1997
model_size=704
internal_value=0 0.0231492 -0.00187303 0.00232286 0.0417378 -0.0164627
internal_weight=0 1236 15276 11864 917 3412
internal_count=16512 1236 15276 11864 917 3412
is_linear=0
shrinkage=0.1


Tree=31
num_leaves= 7
num_cat= 0
full_tree_array_lgbids= 0 1 4 2 3 -2 5 -1 -4 -3 -5 -2147483648 -2147483648 -6 -7
split_feature= 6 7 8 7 8 7
split_gain= 56.5961 61.7007 91.1321 6.06096 5.25887 0.633593
threshold= 3.442186331338819 37.895000000000003 -122.31499999999998 39.82500000000001 -121.32499999999997 35.335000000000008
decision_type= 2 2 2 2 2 2
left_child=1 2 -1 -3 -2 -6
right_child=4 3 -4 -5 5 -7
leaf_value= 0.04728340726658619 0.002925527986770894 -0.0082416313176248285 0.0045072921196347999 -0.030754078205342275 -0.013178995223641543 -0.029994419839712003
leaf_weight=582 496 2456 9928 350 2276 424
leaf_count=582 496 2456 9928 350 2276 424
model_size=704
internal_value=0 0.00309868 0.00687606 -0.0110497 -0.0129105 -0.0158196
internal_weight=0 13316 10510 2806 3196 2700
internal_count=16512 13316 10510 2806 3196 2700
is_linear=0
shrinkage=0.1


Tree=32
num_leaves= 7
num_cat= 0
full_tree_array_lgbids= 0 1 4 3 2 5 -6 -1 -5 -3 -4 -2 -7 -2147483648 -2147483648
split_feature= 8 7 8 8 7 8
split_gain= 57.5644 77.2938 215.099 114.688 28.3612 35.0431
threshold= -117.50499999999998 34.655000000000008 -119.94499999999998 -118.30499999999999 33.915000000000006 -117.145
decision_type= 2 2 2 2 2 2
left_child=1 3 -3 -1 5 -2
right_child=4 2 -4 -5 -6 -7
leaf_value= 0.029825716900577816 0.014919011897373623 0.0021095864530453748 -0.047801903624647792 0.0009672127013149465 -0.036309306354953289 -0.019903301302861845
leaf_weight=2281 564 6610 1044 4307 652 1054
leaf_count=2281 564 6610 1044 4307 652 1054
model_size=704
internal_value=0 0.00254441 -0.0046983 0.0109591 -0.0159636 -0.00776499
internal_weight=0 14242 7654 6588 2270 1618
internal_count=16512 14242 7654 6588 2270 1618
is_linear=0
shrinkage=0.1


Tree=33
num_leaves= 5
num_cat= 0
full_tree_array_lgbids= 0 1 -2 3 2 -2147483648 -2147483648 -1 -5 -3 -4 -2147483648 -2147483648 -2147483648 -2147483648
split_feature= 8 4 1 8
split_gain= 46.2958 45.4471 48.4927 7.11134
threshold= -116.53499999999998 0.99160544721033084 5.7307500000000013 -121.675
decision_type= 2 2 2 2
left_child=1 3 -3 -1
right_child=-2 2 -4 -5
leaf_value= 0.00026128223567536615 -0.048289811075073116 0.0010046405064358306 0.021252639888437327 -0.0162485538969444
leaf_weight=855 236 11669 1611 2141
leaf_count=855 236 11669 1611 2141
model_size=480
internal_value=0 0.000700196 0.00346093 -0.011537
internal_weight=0 16276 13280 2996
internal_count=16512 16276 13280 2996
is_linear=0
shrinkage=0.1


Tree=34
num_leaves= 7
num_cat= 0
full_tree_array_lgbids= 0 1 3 4 2 5 -5 -1 -6 -3 -4 -2 -7 -2147483648 -2147483648
split_feature= 6 2 7 3 3 8
split_gain= 42.5116 57.4762 76.3403 28.7207 8.45057 4.00546
threshold= 2.8876678809691012 21.500000000000004 37.815000000000005 7.5573198511601065 5.564198376726047 -116.31499999999998
decision_type= 2 2 2 2 2 2
left_child=1 4 -3 5 -1 -2
right_child=3 2 -4 -5 -6 -7
leaf_value= -0.014051596198713906 -0.0073999740796613367 0.017879135796409474 -0.010066533832030508 0.022895031142653465 0.0016500964147116784 -0.045674419089002494
leaf_weight=1669 6984 4589 1447 428 1301 94
leaf_count=1669 6984 4589 1447 428 1301 94
model_size=704
internal_value=0 0.00512722 0.0111798 -0.00615184 -0.00717351 -0.00790828
internal_weight=0 9006 6036 7506 2970 7078
internal_count=16512 9006 6036 7506 2970 7078
is_linear=0
shrinkage=0.1


Tree=35
num_leaves= 7
num_cat= 0
full_tree_array_lgbids= 0 1 3 -1 2 4 5 -2147483648 -2147483648 -3 -4 -2 -6 -5 -7
split_feature= 8 7 7 7 8 6
split_gain= 41.0369 64.3822 53.9584 22.3845 38.9738 1.06541
threshold= -117.77499999999999 33.625000000000007 34.655000000000008 33.565000000000005 -117.24499999999999 1.5681615996735363
decision_type= 2 2 2 2 2 2
left_child=1 -1 -3 4 -2 -5
right_child=3 2 -4 5 -6 -7
leaf_value= 0.11723958040986743 0.033909606574859939 0.009763981609542954 -0.0040013640190336751 -0.092448176951570954 -0.011133478467421725 -0.022176604580630983
leaf_weight=56 300 5988 7632 22 1188 1326
leaf_count=56 300 5988 7632 22 1188 1326
model_size=704
internal_value=0 0.00252221 0.00205054 -0.0121628 -0.00205221 -0.0233235
internal_weight=0 13676 13620 2836 1488 1348
internal_count=16512 13676 13620 2836 1488 1348
is_linear=0
shrinkage=0.1


Tree=36
num_leaves= 7
num_cat= 0
full_tree_array_lgbids= 0 1 2 4 -3 3 5 -1 -6 -2147483648 -2147483648 -2 -5 -4 -7
split_feature= 8 7 7 8 7 2
split_gain= 42.6367 74.3496 55.1762 105.761 11.0208 3.16791
threshold= -122.40499999999999 38.705000000000005 37.615000000000002 -121.32499999999997 37.755000000000003 23.500000000000004
decision_type= 2 2 2 2 2 2
left_child=1 4 3 -2 -1 -4
right_child=2 -3 5 -5 -6 -7
leaf_value= 0.01239455819545354 0.028049044142441432 -0.024417133292775939 -0.006465516763331217 -0.0018264276688844166 0.045065068218424181 -0.018909278036400436
leaf_weight=278 1477 319 1415 10387 639 1997
leaf_count=278 1477 319 1415 10387 639 1997
model_size=704
internal_value=0 0.0197841 -0.00160076 0.0018929 0.0351606 -0.0137487
internal_weight=0 1236 15276 11864 917 3412
internal_count=16512 1236 15276 11864 917 3412
is_linear=0
shrinkage=0.1


Tree=37
num_leaves= 7
num_cat= 0
full_tree_array_lgbids= 0 1 3 2 -3 4 5 -1 -4 -2147483648 -2147483648 -2 -6 -5 -7
split_feature= 2 1 4 8 7 7
split_gain= 35.6895 32.575 27.719 18.6227 7.95781 4.77353
threshold= 51.500000000000007 8.0125000000000011 1.0117321169808868 -122.425 37.755000000000003 37.635000000000012
decision_type= 2 2 2 2 2 2
left_child=1 2 -1 4 -2 -5
right_child=3 -3 -4 5 -6 -7
leaf_value= -0.010371657697339713 0.0050496556604879778 0.027583345109149282 0.00079547646000084301 0.024848068714407937 0.070613747229194876 -0.0018476290705887206
leaf_weight=4145 56 489 10855 420 154 393
leaf_count=4145 56 489 10855 420 154 393
model_size=704
internal_value=0 -0.00134724 -0.00229037 0.0203982 0.05313 0.0119435
internal_weight=0 15489 15000 1023 210 813
internal_count=16512 15489 15000 1023 210 813
is_linear=0
shrinkage=0.1


Tree=38
num_leaves= 7
num_cat= 0
full_tree_array_lgbids= 0 4 1 5 -6 2 3 -1 -7 -2147483648 -2147483648 -2 -4 -3 -5
split_feature= 1 6 2 3 3 5
split_gain= 34.583 38.0268 100.644 26.4796 6.4645 0.0218519
threshold= 1.9486000000000003 1.9472568337679903 27.500000000000004 6.3286213786213787 2.6633984153933228 1499.5000000000002
decision_type= 2 2 2 2 2 2
left_child=4 2 -2 -3 5 -1
right_child=1 3 -4 -5 -6 -7
leaf_value= -0.0074873736828874882 -0.0096261651709377474 -0.0023990346637470972 0.058717940278043917 0.010006137998641989 -0.017572682984789222 0.047328323978211899
leaf_weight=67 487 10775 459 3010 1651 63
leaf_count=67 487 10775 459 3010 1651 63
model_size=704
internal_value=0 0.00180113 0.0235345 0.000309676 -0.0148975 0.0190772
internal_weight=0 14731 946 13785 1781 130
internal_count=16512 14731 946 13785 1781 130
is_linear=0
shrinkage=0.1


Tree=39
num_leaves= 5
num_cat= 0
full_tree_array_lgbids= 0 1 -2 3 2 -2147483648 -2147483648 -1 -5 -3 -4 -2147483648 -2147483648 -2147483648 -2147483648
split_feature= 6 7 8 8
split_gain= 30.1248 39.2487 165.926 114.06
threshold= 3.442186331338819 34.525000000000013 -119.94499999999998 -118.27499999999999
decision_type= 2 2 2 2
left_child=1 3 -3 -1
right_child=-2 2 -4 -5
leaf_value= 0.028184329264097165 -0.010032706167594177 0.0027457339760330896 -0.044681124902433825 -0.0011126586788061394
leaf_weight=2160 3196 5912 900 4344
leaf_count=2160 3196 5912 900 4344
model_size=480
internal_value=0 0.00240797 -0.00352029 0.00861697
internal_weight=0 13316 6812 6504
internal_count=16512 13316 6812 6504
is_linear=0
shrinkage=0.1


Tree=40
num_leaves= 6
num_cat= 0
full_tree_array_lgbids= 0 1 2 4 -3 3 -4 -1 -6 -2147483648 -2147483648 -2 -5 -2147483648 -2147483648
split_feature= 8 7 7 8 7
split_gain= 26.8985 53.8967 43.1082 90.9396 4.26171
threshold= -122.40499999999999 38.705000000000005 37.595000000000006 -122.01499999999999 37.755000000000003
decision_type= 2 2 2 2 2
left_child=1 4 3 -2 -1
right_child=2 -3 -4 -5 -6
leaf_value= 0.011192511730517928 0.04424111544241624 -0.021914625517822525 -0.012217323681635892 -0.00016764096307408756 0.038124097659123599
leaf_weight=278 535 319 3459 11282 639
leaf_count=278 535 319 3459 11282 639
model_size=592
internal_value=0 0.0165712 -0.0013408 0.00184291 0.0299595
internal_weight=0 1236 15276 11817 917
internal_count=16512 1236 15276 11817 917
is_linear=0
shrinkage=0.1


Tree=41
num_leaves= 7
num_cat= 0
full_tree_array_lgbids= 0 1 4 2 3 5 -6 -1 -4 -3 -5 -2 -7 -2147483648 -2147483648
split_feature= 8 7 8 8 7 8
split_gain= 26.5557 42.245 190.328 65.2732 16.8773 17.3399
threshold= -117.50499999999998 34.175000000000004 -118.36499999999999 -121.63499999999998 33.915000000000006 -117.145
decision_type= 2 2 2 2 2 2
left_child=1 2 -1 -3 5 -2
right_child=4 3 -4 -5 -6 -7
leaf_value= 0.057183656628655911 0.012841881205676024 0.0062726000837898784 0.0018555761751800526 -0.012241678965904826 -0.028840516919364435 -0.014351222048894869
leaf_weight=759 564 4419 4719 4345 652 1054
leaf_count=759 564 4419 4719 4345 652 1054
model_size=704
internal_value=0 0.00187385 0.00952152 -0.00290638 -0.0117566 -0.00487229
internal_weight=0 14242 5478 8764 2270 1618
internal_count=16512 14242 5478 8764 2270 1618
is_linear=0
shrinkage=0.1


Tree=42
num_leaves= 5
num_cat= 0
full_tree_array_lgbids= 0 3 1 -1 -5 2 -3 -2147483648 -2147483648 -2147483648 -2147483648 -2 -4 -2147483648 -2147483648
split_feature= 4 8 6 3
split_gain= 26.1259 24.643 20.9078 0.494964
threshold= 0.99160544721033084 -116.53499999999998 3.2358284584328918 6.7080251109600555
decision_type= 2 2 2 2
left_child=3 2 -2 -1
right_child=1 -3 -4 -5
leaf_value= -0.011731895833334845 0.0057021376728946232 -0.037252230898673654 -0.0052786530842023338 0.0086526158936644643
leaf_weight=2740 9835 218 3445 274
leaf_count=2740 9835 218 3445 274
model_size=480
internal_value=0 0.00220585 0.00285358 -0.00987876
internal_weight=0 13498 13280 3014
internal_count=16512 13498 13280 3014
is_linear=0
shrinkage=0.1


Tree=43
num_leaves= 8
num_cat= 0
full_tree_array_lgbids= 0 4 1 5 6 3 2 -1 -7 -6 -8 -2 -5 -3 -4
split_feature= 4 1 6 1 8 7 7
split_gain= 19.8016 22.8873 28.3692 6.84097 4.44532 10.7559 2.27492
threshold= 1.0117321169808868 3.4883000000000002 2.0653737590585881 1.8066500000000001 -122.19499999999998 37.615000000000002 35.335000000000008
decision_type= 2 2 2 2 2 2 2
left_child=4 3 -3 -2 5 -1 -6
right_child=1 2 -4 -5 6 -7 -8
leaf_value= 0.053324715821289052 -0.013218152387825295 0.033302033058410001 0.0055094684940175595 0.00014581786648766592 -0.0046643323061607966 1.0727821195914911e-06 -0.015998034099247646
leaf_weight=86 1141 550 4977 5229 2557 467 1505
leaf_count=86 1141 550 4977 5229 2557 467 1505
model_size=816
internal_value=0 0.00264078 0.00827515 -0.00224795 -0.00680765 0.00829372 -0.00886355
internal_weight=0 11897 5527 6370 4615 553 4062
internal_count=16512 11897 5527 6370 4615 553 4062
is_linear=0
shrinkage=0.1


Tree=44
num_leaves= 7
num_cat= 0
full_tree_array_lgbids= 0 1 3 5 2 4 -5 -1 -7 -3 -4 -2 -6 -2147483648 -2147483648
split_feature= 8 7 7 7 8 2
split_gain= 18.5699 47.1431 28.0678 11.5458 23.1003 0.886591
threshold= -117.77499999999999 33.645000000000003 34.655000000000008 33.565000000000005 -117.24499999999999 24.500000000000004
decision_type= 2 2 2 2 2 2
left_child=1 5 -3 4 -2 -1
right_child=3 2 -4 -5 -6 -7
leaf_value= 0.034539094289313212 0.028807548405136912 0.0073490848384442755 -0.0033105046973433299 -0.018264421115550614 -0.0083277417238259224 0.10602984543952904
leaf_weight=33 300 5952 7632 1348 1188 59
leaf_count=33 300 5952 7632 1348 1188 59
model_size=704
internal_value=0 0.00189175 0.00136013 -0.00912254 -0.000840788 0.0803864
internal_weight=0 13676 13584 2836 1488 92
internal_count=16512 13676 13584 2836 1488 92
is_linear=0
shrinkage=0.1


Tree=45
num_leaves= 7
num_cat= 0
full_tree_array_lgbids= 0 1 4 2 3 5 -6 -1 -4 -3 -5 -2 -7 -2147483648 -2147483648
split_feature= 3 6 2 8 7 8
split_gain= 17.8332 23.7131 72.3741 4.56023 3.54592 9.3943
threshold= 6.4946700411501865 2.4469862317432325 21.500000000000004 -122.24499999999999 37.645000000000003 -121.60499999999998
decision_type= 2 2 2 2 2 2
left_child=1 2 -1 -3 5 -2
right_child=4 3 -4 -5 -6 -7
leaf_value= -0.015371103568169595 0.037292052394886831 0.0071036074306121914 0.015951976520639923 -0.0060719218827042926 -0.0013639536568340307 0.0095973882097450097
leaf_weight=1224 303 922 2670 9073 803 1517
leaf_count=1224 303 922 2670 9073 803 1517
model_size=704
internal_value=0 -0.00178296 0.0061062 -0.00485653 0.0094409 0.0142081
internal_weight=0 13889 3894 9995 2623 1820
internal_count=16512 13889 3894 9995 2623 1820
is_linear=0
shrinkage=0.1


Tree=46
num_leaves= 7
num_cat= 0
full_tree_array_lgbids= 0 1 3 2 -3 4 5 -1 -4 -2147483648 -2147483648 -2 -6 -5 -7
split_feature= 2 8 4 8 7 5
split_gain= 15.0758 12.8277 15.088 7.85178 2.83777 2.12132
threshold= 51.500000000000007 -116.53499999999998 1.0411779658482612 -122.425 37.875000000000007 107.50000000000001
decision_type= 2 2 2 2 2 2
left_child=1 2 -1 4 -2 -5
right_child=3 -3 -4 5 -6 -7
leaf_value= -0.0049464541462105839 0.052035728210466918 -0.031870122172009456 0.0031963347971929196 -0.058760291997056749 -0.015115947679013891 0.010671120822081152
leaf_weight=6969 176 236 8284 26 34 787
leaf_count=6969 176 236 8284 26 34 787
model_size=704
internal_value=0 -0.00100166 -0.000524054 0.0151659 0.0411636 0.00845068
internal_weight=0 15489 15253 1023 210 813
internal_count=16512 15489 15253 1023 210 813
is_linear=0
shrinkage=0.1


Tree=47
num_leaves= 7
num_cat= 0
full_tree_array_lgbids= 0 1 4 3 2 5 -6 -1 -5 -3 -4 -2 -7 -2147483648 -2147483648
split_feature= 7 8 7 7 8 8
split_gain= 12.8891 43.9781 123.96 15.9557 5.51365 1.65655
threshold= 37.895000000000003 -121.24499999999999 35.335000000000008 37.595000000000006 -121.24499999999999 -122.38499999999998
decision_type= 2 2 2 2 2 2
left_child=1 3 -3 -1 5 -2
right_child=4 2 -4 -5 -6 -7
leaf_value= 0.023100467311821162 -0.00030640303877518327 0.0029148217308811062 -0.029760438993883632 0.0042604543521755625 0.0083228516356207479 -0.015468723514490915
leaf_weight=1479 713 9139 1455 1452 492 1782
leaf_count=1479 713 9139 1455 1452 492 1782
model_size=704
internal_value=0 0.00175149 -0.00157286 0.0137672 -0.00793066 -0.0111358
internal_weight=0 13525 10594 2931 2987 2495
internal_count=16512 13525 10594 2931 2987 2495
is_linear=0
shrinkage=0.1


Tree=48
num_leaves= 5
num_cat= 0
full_tree_array_lgbids= 0 1 -2 3 2 -2147483648 -2147483648 -1 -5 -3 -4 -2147483648 -2147483648 -2147483648 -2147483648
split_feature= 6 7 8 8
split_gain= 12.728 19.158 103.136 67.5234
threshold= 3.6402605459057074 34.655000000000008 -119.94499999999998 -118.35499999999998
decision_type= 2 2 2 2
left_child=1 3 -3 -1
right_child=-2 2 -4 -5
leaf_value= 0.025658492498953984 -0.0090917979978590198 0.0018686520706907225 -0.035758659729921337 0.00047926155485663783
leaf_weight=1571 2364 6114 920 5543
leaf_count=1571 2364 6114 920 5543
model_size=480
internal_value=0 0.00151916 -0.00305275 0.00603965
internal_weight=0 14148 7034 7114
internal_count=16512 14148 7034 7114
is_linear=0
shrinkage=0.1


Tree=49
num_leaves= 5
num_cat= 0
full_tree_array_lgbids= 0 -1 1 -2147483648 -2147483648 2 3 -2147483648 -2147483648 -2147483648 -2147483648 -2 -4 -3 -5
split_feature= 4 8 7 7
split_gain= 12.3825 14.0167 22.6897 7.04269
threshold= 0.98548810139184051 -117.50499999999998 34.175000000000004 33.895000000000003
decision_type= 2 2 2 2
left_child=-1 2 -2 -3
right_child=1 3 -4 -5
leaf_value= -0.0084893764436210061 0.0099375888424578177 -0.0026361857142898947 -0.00084313415131322112 -0.023191370303639918
leaf_weight=2624 4575 1374 7363 576
leaf_count=2624 4575 1374 7363 576
model_size=480
internal_value=0 0.00160398 0.00328836 -0.00870787
internal_weight=0 13888 11938 1950
internal_count=16512 13888 11938 1950
is_linear=0
shrinkage=0.1


Tree=50
num_leaves= 7
num_cat= 0
full_tree_array_lgbids= 0 1 4 2 3 5 -6 -1 -4 -3 -5 -2 -7 -2147483648 -2147483648
split_feature= 3 8 7 6 8 7
split_gain= 11.2382 13.2852 101.267 15.7275 2.73348 3.19469
threshold= 6.3652809400434434 -118.27499999999999 34.155000000000008 1.5104297674263547 -116.22499999999998 38.345000000000006
decision_type= 2 2 2 2 2 2
left_child=1 2 -1 -3 5 -2
right_child=4 3 -4 -5 -6 -7
leaf_value= 0.028071270971139886 0.011009668494784828 -0.074554333217175944 -0.0034676139828275425 -0.0062296329542208271 -0.053543620205977388 -0.0083772761386410027
leaf_weight=1334 2561 56 6979 5136 34 412
leaf_count=1334 2561 56 6979 5136 34 412
model_size=704
internal_value=0 -0.00169743 0.00159348 -0.00696657 0.00762349 0.00832301
internal_weight=0 13505 8313 5192 3007 2973
internal_count=16512 13505 8313 5192 3007 2973
is_linear=0
shrinkage=0.1


Tree=51
num_leaves= 7
num_cat= 0
full_tree_array_lgbids= 0 1 2 4 -3 3 5 -1 -6 -2147483648 -2147483648 -2 -5 -4 -7
split_feature= 8 7 7 8 3 2
split_gain= 11.3202 36.3307 20.2229 55.8322 3.19572 1.81721
threshold= -122.40499999999999 38.705000000000005 37.615000000000002 -120.62499999999999 3.3133866958124387 24.500000000000004
decision_type= 2 2 2 2 2 2
left_child=1 4 3 -2 -1 -4
right_child=2 -3 5 -5 -6 -7
leaf_value= -0.032417153036221863 0.019498822100129962 -0.020203405132825231 -0.0025748468992400318 -0.0017023539571593559 0.026704279188250787 -0.01453672937164059
leaf_weight=40 1717 319 1481 10147 877 1931
leaf_count=40 1717 319 1481 10147 877 1931
model_size=704
internal_value=0 0.0126845 -0.00102632 0.00136596 0.0241254 -0.0093446
internal_weight=0 1236 15276 11864 917 3412
internal_count=16512 1236 15276 11864 917 3412
is_linear=0
shrinkage=0.1


Tree=52
num_leaves= 7
num_cat= 0
full_tree_array_lgbids= 0 3 1 5 4 2 -3 -1 -7 -5 -6 -2 -4 -2147483648 -2147483648
split_feature= 4 7 8 8 7 7
split_gain= 9.46499 9.40725 12.716 0.181831 11.9679 10.3947
threshold= 1.0291350557942953 39.355000000000011 -122.35499999999998 -121.56499999999998 35.335000000000008 37.615000000000002
decision_type= 2 2 2 2 2 2
left_child=3 2 -2 5 -5 -1
right_child=1 -3 -4 4 -6 -7
leaf_value= 0.015603109445092309 0.020433076510037174 -0.018698255170107869 0.0021987072707635824 -0.0033102151389300307 -0.020475423885399364 -0.0064127924558668092
leaf_weight=686 746 412 9133 3453 963 1119
leaf_count=686 746 412 9133 3453 963 1119
model_size=704
internal_value=0 0.00268392 0.00357565 -0.00443983 -0.00705344 0.00195447
internal_weight=0 10291 9879 6221 4416 1805
internal_count=16512 10291 9879 6221 4416 1805
is_linear=0
shrinkage=0.1


Tree=53
num_leaves= 5
num_cat= 0
full_tree_array_lgbids= 0 1 -2 2 3 -2147483648 -2147483648 -1 -4 -3 -5 -2147483648 -2147483648 -2147483648 -2147483648
split_feature= 6 7 8 8
split_gain= 7.95106 11.7996 109.869 30.0229
threshold= 3.6402605459057074 34.175000000000004 -118.37499999999999 -120.56499999999998
decision_type= 2 2 2 2
left_child=1 2 -1 -3
right_child=-2 3 -4 -5
leaf_value= 0.046747718414368387 -0.0081213031325422496 0.0024230596423397525 0.0010608833663499067 -0.013160300983123562
leaf_weight=644 2364 5770 5407 2327
leaf_count=644 2364 5770 5407 2327
model_size=480
internal_value=0 0.00135699 0.00592327 -0.00205545
internal_weight=0 14148 6051 8097
internal_count=16512 14148 6051 8097
is_linear=0
shrinkage=0.1


Tree=54
num_leaves= 5
num_cat= 0
full_tree_array_lgbids= 0 1 -2 3 2 -2147483648 -2147483648 -1 -5 -3 -4 -2147483648 -2147483648 -2147483648 -2147483648
split_feature= 8 4 1 8
split_gain= 7.03221 8.7153 9.29692 7.95217
threshold= -116.53499999999998 1.0593161893629457 3.8769000000000005 -122.40499999999999
decision_type= 2 2 2 2
left_child=1 3 -3 -1
right_child=-2 2 -4 -5
leaf_value= 0.013899205664496643 -0.026885114674519556 0.00076489981862179653 0.012147196661143554 -0.0038033703567779777
leaf_weight=624 236 4882 2188 8582
leaf_count=624 236 4882 2188 8582
model_size=480
internal_value=0 0.000389831 0.00428746 -0.00260346
internal_weight=0 16276 7070 9206
internal_count=16512 16276 7070 9206
is_linear=0
shrinkage=0.1


Tree=55
num_leaves= 6
num_cat= 0
full_tree_array_lgbids= 0 1 3 2 -3 -2 4 -1 -4 -2147483648 -2147483648 -2147483648 -2147483648 -5 -6
split_feature= 2 1 4 4 7
split_gain= 5.64891 4.45085 3.79948 3.49896 1.63625
threshold= 51.500000000000007 9.1688500000000008 1.0598844094540727 0.9643231506439055 37.805000000000007
decision_type= 2 2 2 2 2
left_child=1 2 -1 -2 -5
right_child=3 -3 -4 4 -6
leaf_value= -0.0038789990384256387 -0.022618017446428301 0.022637347869088196 0.0022584804672167863 0.022348450385907617 -0.0044064339571398556
leaf_weight=8592 103 264 6633 701 219
leaf_count=8592 103 264 6633 701 219
model_size=592
internal_value=0 -0.000798735 -0.00120511 0.0120934 0.0159796
internal_weight=0 15489 15225 1023 920
internal_count=16512 15489 15225 1023 920
is_linear=0
shrinkage=0.1


Tree=56
num_leaves= 5
num_cat= 0
full_tree_array_lgbids= 0 1 -2 3 2 -2147483648 -2147483648 -1 -5 -3 -4 -2147483648 -2147483648 -2147483648 -2147483648
split_feature= 7 8 7 7
split_gain= 5.21975 13.7605 9.28862 5.72179
threshold= 39.82500000000001 -122.35499999999998 35.335000000000008 38.235000000000007
decision_type= 2 2 2 2
left_child=1 3 -3 -1
right_child=-2 2 -4 -5
leaf_value= 0.022778476652152491 -0.020704101853164465 0.0022748771967435167 -0.0051399789566826714 -0.0019997051830218182
leaf_weight=766 355 9139 5855 397
leaf_count=766 355 9139 5855 397
model_size=480
internal_value=0 0.000454908 -0.000620546 0.0143202
internal_weight=0 16157 14994 1163
internal_count=16512 16157 14994 1163
is_linear=0
shrinkage=0.1


Tree=57
num_leaves= 6
num_cat= 0
full_tree_array_lgbids= 0 1 3 -1 2 4 -5 -2147483648 -2147483648 -3 -4 -2 -6 -2147483648 -2147483648
split_feature= 8 7 7 7 8
split_gain= 5.27985 32.5517 8.09744 4.74052 12.8645
threshold= -117.77499999999999 33.625000000000007 35.335000000000008 33.565000000000005 -117.24499999999999
decision_type= 2 2 2 2 2
left_child=1 -1 -3 4 -2
right_child=3 2 -4 -5 -6
leaf_value= 0.088754715841995291 0.025045377809088679 0.0050273580661796789 -0.0023575232094499247 -0.01442279445757666 -0.0060906481262185119
leaf_weight=56 300 6270 7350 1348 1188
leaf_count=56 300 6270 7350 1348 1188
model_size=592
internal_value=0 0.00140129 0.00104212 -0.00675741 0.000186776
internal_weight=0 13676 13620 2836 1488
internal_count=16512 13676 13620 2836 1488
is_linear=0
shrinkage=0.1


Tree=58
num_leaves= 5
num_cat= 0
full_tree_array_lgbids= 0 1 -2 2 3 -2147483648 -2147483648 -1 -4 -3 -5 -2147483648 -2147483648 -2147483648 -2147483648
split_feature= 3 8 7 6
split_gain= 4.62245 6.57079 63.1795 11.1278
threshold= 6.5207558992324239 -118.27499999999999 34.155000000000008 1.5104297674263547
decision_type= 2 2 2 2
left_child=1 2 -1 -3
right_child=-2 3 -4 -5
leaf_value= 0.022824995685929085 0.0070382408233338163 -0.067366159487781782 -0.0025432158534027232 -0.0050616400811219035
leaf_weight=1357 2559 56 7251 5289
leaf_count=1357 2559 56 7251 5289
model_size=480
internal_value=0 -0.00129082 0.00145593 -0.00571441
internal_weight=0 13953 8608 5345
internal_count=16512 13953 8608 5345
is_linear=0
shrinkage=0.1


Tree=59
num_leaves= 5
num_cat= 0
full_tree_array_lgbids= 0 1 3 -1 2 -2 -5 -2147483648 -2147483648 -3 -4 -2147483648 -2147483648 -2147483648 -2147483648
split_feature= 6 1 2 8
split_gain= 3.28041 5.70189 4.26492 0.839292
threshold= 3.9901635114651532 1.6618000000000002 16.500000000000004 -122.24499999999999
decision_type= 2 2 2 2
left_child=1 -1 -3 -2
right_child=3 2 -4 -5
leaf_value= -0.012596850263161544 0.046529523283243182 -0.0045024772893397019 0.0033352217635827155 -0.010873928593910096
leaf_weight=838 35 3034 11236 1369
leaf_count=838 35 3034 11236 1369
model_size=480
internal_value=0 0.00087754 0.00166882 -0.00944293
internal_weight=0 15108 14270 1404
internal_count=16512 15108 14270 1404
is_linear=0
shrinkage=0.1


Tree=60
num_leaves= 4
num_cat= 0
full_tree_array_lgbids= 0 -1 1 -2147483648 -2147483648 2 -3 -2147483648 -2147483648 -2147483648 -2147483648 -2 -4 -2147483648 -2147483648
split_feature= 4 2 8
split_gain= 3.04725 4.52509 2.64401
threshold= 0.96627490177155873 51.500000000000007 -116.22499999999998
decision_type= 2 2 2
left_child=-1 2 -2
right_child=1 -3 -4
leaf_value= -0.0086206910281619222 0.00043994082455437621 0.013319012452956164 -0.030497300502948761
leaf_weight=1634 13823 917 138
leaf_count=1634 13823 917 138
model_size=368
internal_value=0 0.000946781 0.000134136
internal_weight=0 14878 13961
internal_count=16512 14878 13961
is_linear=0
shrinkage=0.1


Tree=61
num_leaves= 5
num_cat= 0
full_tree_array_lgbids= 0 1 -2 2 3 -2147483648 -2147483648 -1 -4 -3 -5 -2147483648 -2147483648 -2147483648 -2147483648
split_feature= 3 6 2 5
split_gain= 1.80535 3.05195 42.9515 0.0270519
threshold= 6.3286213786213787 2.4469862317432325 21.500000000000004 1427.5000000000002
decision_type= 2 2 2 2
left_child=1 2 -1 -3
right_child=-2 3 -4 -5
leaf_value= -0.013751142411976293 0.0056274262900894816 -0.0060929636854020466 0.011745053265944782 0.00062942129353527325
leaf_weight=1199 3135 5626 2609 3943
leaf_count=1199 3135 5626 2609 3943
model_size=480
internal_value=0 -0.00131883 0.00371723 -0.00332294
internal_weight=0 13377 3808 9569
internal_count=16512 13377 3808 9569
is_linear=0
shrinkage=0.1


Tree=62
num_leaves= 5
num_cat= 0
full_tree_array_lgbids= 0 1 -2 3 2 -2147483648 -2147483648 -1 -5 -3 -4 -2147483648 -2147483648 -2147483648 -2147483648
split_feature= 7 8 7 7
split_gain= 1.59479 8.00286 5.59346 1.82142
threshold= 39.82500000000001 -122.35499999999998 37.595000000000006 38.415000000000006
decision_type= 2 2 2 2
left_child=1 3 -3 -1
right_child=-2 2 -4 -5
leaf_value= 0.018452566804231657 -0.018234916182028799 0.0011634958778954708 -0.0068257401037138303 -0.0053357763691228473
leaf_weight=874 355 11795 3199 289
leaf_count=874 355 11795 3199 289
model_size=480
internal_value=0 0.000400656 -0.000541024 0.0125413
internal_weight=0 16157 14994 1163
internal_count=16512 16157 14994 1163
is_linear=0
shrinkage=0.1


Tree=63
num_leaves= 5
num_cat= 0
full_tree_array_lgbids= 0 1 -2 2 3 -2147483648 -2147483648 -1 -4 -3 -5 -2147483648 -2147483648 -2147483648 -2147483648
split_feature= 8 7 2 8
split_gain= 0.829947 12.1693 21.1626 10.0791
threshold= -117.16499999999998 33.655000000000008 20.500000000000004 -117.98499999999999
decision_type= 2 2 2 2
left_child=1 2 -1 -3
right_child=-2 3 -4 -5
leaf_value= -0.0015319107112122378 -0.0090972136351729176 0.001349275593492299 0.039052003865011578 -0.0096994352218285774
leaf_weight=411 1263 12530 361 1947
leaf_count=411 1263 12530 361 1947
model_size=480
internal_value=0 0.000753478 0.0174458 -0.000136657
internal_weight=0 15249 772 14477
internal_count=16512 15249 772 14477
is_linear=0
shrinkage=0.1


Tree=64
num_leaves= 4
num_cat= 0
full_tree_array_lgbids= 0 -1 1 -2147483648 -2147483648 -2 2 -2147483648 -2147483648 -2147483648 -2147483648 -2147483648 -2147483648 -3 -4
split_feature= 4 1 6
split_gain= 0.345119 1.50615 2.31449
threshold= 1.0069504830917877 1.8066500000000001 1.9322222929778572
decision_type= 2 2 2
left_child=-1 -2 -3
right_child=1 2 -4
leaf_value= -0.0044150279697870339 -0.00818810274546212 0.014733713861960269 0.0015584609265853783
leaf_weight=4166 1163 796 10387
leaf_count=4166 1163 796 10387
model_size=368
internal_value=0 0.00148979 0.00249627
internal_weight=0 12346 11183
internal_count=16512 12346 11183
is_linear=0
shrinkage=0.1


end of trees

feature_importances:
Column_8=97
Column_7=95
Column_1=68
Column_6=50
Column_2=34
Column_3=22
Column_4=12
Column_5=5

parameters:
[boosting: gbdt]
[objective: regression]
[metric: rmse]
[tree_learner: serial]
[device_type: cpu]
[data_sample_strategy: bagging]
[data: data/california_housing.libsvm.train]
[valid: data/california_housing.libsvm.test]
[num_iterations: 200]
[learning_rate: 0.1]
[num_leaves: 255]
[num_threads: 0]
[seed: 42]
[deterministic: 0]
[force_col_wise: 0]
[force_row_wise: 0]
[histogram_pool_size: -1]
[max_depth: 3]
[min_data_in_leaf: 10]
[min_sum_hessian_in_leaf: 0.001]
[bagging_fraction: 1]
[pos_bagging_fraction: 1]
[neg_bagging_fraction: 1]
[bagging_freq: 0]
[bagging_seed: 400]
[feature_fraction: 1]
[feature_fraction_bynode: 1]
[feature_fraction_seed: 30056]
[extra_trees: 0]
[extra_seed: 12879]
[early_stopping_round: 0]
[early_stopping_min_delta: 0]
[first_metric_only: 0]
[max_delta_step: 0]
[lambda_l1: 0]
[lambda_l2: 0]
[linear_lambda: 0]
[min_gain_to_split: 0]
[drop_rate: 0.1]
[max_drop: 50]
[skip_drop: 0.5]
[xgboost_dart_mode: 0]
[uniform_drop: 0]
[drop_seed: 17869]
[top_rate: 0.2]
[other_rate: 0.1]
[min_data_per_group: 100]
[max_cat_threshold: 32]
[cat_l2: 10]
[cat_smooth: 10]
[max_cat_to_onehot: 4]
[top_k: 20]
[monotone_constraints: ]
[monotone_constraints_method: basic]
[monotone_penalty: 0]
[feature_contri: ]
[forcedsplits_filename: ]
[refit_decay_rate: 0.9]
[tinygbdt_penalty_feature: 1]
[tinygbdt_penalty_split: 0.00390625]
[tinygbdt_forestsize: 64000]
[tinygbdt_precision: 7]
[cegb_tradeoff: 1]
[cegb_penalty_split: 0]
[cegb_penalty_feature_lazy: ]
[cegb_penalty_feature_coupled: ]
[path_smooth: 0]
[interaction_constraints: ]
[verbosity: 2]
[saved_feature_importance_type: 0]
[use_quantized_grad: 0]
[num_grad_quant_bins: 4]
[quant_train_renew_leaf: 0]
[stochastic_rounding: 1]
[linear_tree: 0]
[max_bin: 255]
[max_bin_by_feature: ]
[min_data_in_bin: 3]
[bin_construct_sample_cnt: 200000]
[data_random_seed: 175]
[is_enable_sparse: 1]
[enable_bundle: 1]
[use_missing: 1]
[zero_as_missing: 0]
[feature_pre_filter: 1]
[pre_partition: 0]
[two_round: 0]
[header: 0]
[label_column: ]
[weight_column: ]
[group_column: ]
[ignore_column: ]
[categorical_feature: ]
[forcedbins_filename: ]
[precise_float_parser: 0]
[parser_config_file: ]
[objective_seed: 16083]
[num_class: 1]
[is_unbalance: 0]
[scale_pos_weight: 1]
[sigmoid: 1]
[boost_from_average: 1]
[reg_sqrt: 0]
[alpha: 0.9]
[fair_c: 1]
[poisson_max_delta_step: 0.7]
[tweedie_variance_power: 1.5]
[lambdarank_truncation_level: 30]
[lambdarank_norm: 1]
[label_gain: ]
[lambdarank_position_bias_regularization: 0]
[eval_at: ]
[multi_error_top_k: 1]
[auc_mu_weights: ]
[num_machines: 1]
[local_listen_port: 12400]
[time_out: 120]
[machine_list_filename: ]
[machines: ]
[gpu_platform_id: -1]
[gpu_device_id: -1]
[gpu_use_dp: 0]
[num_gpu: 1]

end of parameters
