tree
version=v4
num_class=1
num_tree_per_iteration=1
label_index=0
max_feature_idx=8
objective=regression
feature_names=Column_0 Column_1 Column_2 Column_3 Column_4 Column_5 Column_6 Column_7 Column_8
feature_infos=none [0.49990000000000001:15.0001] [1:52] [0.88888888888888884:141.90909090909091] [0.33333333333333331:25.63636363636364] [3:35682] [0.69230769230769229:1243.333333333333] [32.549999999999997:41.950000000000003] [-124.34999999999999:-114.31]
tree_sizes=2874 2535 2402 2125 2065 2043 1925 1844 1923 1560 1571 794 1437 1424 913 1195 1373 1514 1381 375 1443 378 1375 376

Tree=0
num_leaves= 30
num_cat= 0
full_tree_array_lgbids= 0 1 2 5 3 4 10 9 11 6 7 15 12 19 22 14 13 24 20 25 8 18 16 27 17 26 21 -4 -21 23 28 -1 -16 -11 -15 -7 -26 -13 -22 -3 -27 -8 -10 -5 -20 -9 -18 -2 -29 -17 -19 -6 -28 -14 -23 -2147483648 -2147483648 -2147483648 -2147483648 -12 -25 -24 -30
split_feature= 1 1 1 6 6 3 2 1 7 1 1 1 1 6 3 2 6 6 2 2 6 2 1 2 7 1 6 1 5
split_gain= 6972.71 1669.96 1276.93 960.885 415.781 302.948 218.12 197.044 170.722 164.77 140.576 120.689 104.881 95.549 94.0762 91.6918 88.7516 76.7549 68.6441 55.8719 49.3056 25.7964 16.0549 16.783 15.7376 14.5229 12.7422 9.67322 5.49736
threshold= 5.0387000000000013 3.0679500000000002 6.8672000000000013 2.3489548886254448 2.671038674349933 4.3101408005062494 24.500000000000004 4.0775500000000013 37.815000000000005 2.2210000000000005 7.852450000000001 2.4115000000000006 5.7307500000000013 2.4907552973342448 3.449226804123712 19.500000000000004 2.9005380231986346 2.0653737590585881 43.500000000000007 26.500000000000004 2.2906328481453726 27.500000000000004 8.7395500000000013 28.500000000000004 35.335000000000008 3.5330000000000008 2.9742256672023202 5.6402500000000009 139.50000000000003
decision_type= 2 2 2 2 2 2 2 2 2 2 2 2 2 2 2 2 2 2 2 2 2 2 2 2 2 2 2 2 2
left_child=1 5 4 6 15 9 25 18 -8 14 19 24 26 -11 -1 27 -9 -17 -5 -4 -13 -14 23 -12 -7 -3 -6 -2 -24
right_child=2 3 10 7 12 11 8 16 -10 13 22 20 21 -15 -16 17 -18 -19 -20 -21 -22 -23 28 -25 -26 -27 -28 -29 -30
leaf_value= 2.0405687631288161 2.122367892078735 2.0619325518895399 2.2105021416414852 2.0293758741925956 2.1246833370498446 1.9807571227445304 2.1984147209355398 2.1002101309481218 2.0795283240852767 2.0970408790997888 2.2611911907323741 2.043693994763716 2.1410397950488846 2.0327038778370752 1.9814897297846104 2.3293276008777508 2.055796547371648 2.2183144165789459 2.080533949453383 2.2958198799055269 1.9920349409095919 2.1974100577568745 2.2256631944098948 2.3423931801380187 1.9518240180001829 2.1119780300641722 2.0841198818403921 2.1915848606410337 2.348659992346585
leaf_weight=503 128 198 263 2717 312 636 733 1016 163 430 147 309 586 767 899 91 1158 572 377 168 1491 187 19 97 1194 369 516 120 346
leaf_count=503 128 198 263 2717 312 636 733 1016 163 430 147 309 586 767 899 91 1158 572 377 168 1491 187 19 97 1194 369 516 120 346
model_size=3280
internal_value=2.07195 2.03789 2.19622 2.07259 2.15739 2.00039 2.1449 2.05251 2.17679 2.02716 2.28999 1.98123 2.12609 2.05582 2.00269 2.2124 2.07655 2.23355 2.03561 2.24376 2.0009 2.15468 2.32271 2.29347 1.96188 2.0945 2.0994 2.15586 2.34226
internal_weight=0 12960 3552 6731 2512 6229 1463 5268 896 2599 1040 3630 1601 1197 1402 911 2174 663 3094 431 1800 773 609 244 1830 567 828 248 365
internal_count=16512 12960 3552 6731 2512 6229 1463 5268 896 2599 1040 3630 1601 1197 1402 911 2174 663 3094 431 1800 773 609 244 1830 567 828 248 365
is_linear=0
shrinkage=1


Tree=1
num_leaves= 23
num_cat= 0
full_tree_array_lgbids= 0 1 2 5 3 4 12 13 6 7 9 17 16 19 -14 14 -15 8 10 -3 11 18 15 -2 20 -6 21 -4 -21 -2147483648 -2147483648 -1 -16 -2147483648 -2147483648 -7 -10 -8 -12 -2147483648 -2147483648 -9 -13 -5 -20 -11 -17 -2147483648 -2147483648 -19 -22 -2147483648 -2147483648 -18 -23 -2147483648 -2147483648 -2147483648 -2147483648 -2147483648 -2147483648 -2147483648 -2147483648
split_feature= 1 1 1 6 6 6 7 2 8 1 8 6 1 7 8 6 1 2 2 2 6 2
split_gain= 5631.22 1433.99 918.061 803.984 294.048 282.101 195.368 191.144 148.946 144.229 110.713 108.572 96.4382 87.2876 102.056 77.5394 53.5961 50.3721 50.0473 48.4051 29.1967 6.75415
threshold= 5.1326000000000009 3.1792500000000001 6.8672000000000013 2.2982753493904258 2.6585924622132828 2.1628386478062818 34.455000000000005 19.500000000000004 -117.77499999999999 4.1119000000000012 -121.63499999999998 1.9628175980828908 8.4454500000000028 37.935000000000009 -118.24499999999999 2.8335312747426764 5.8308000000000009 21.500000000000004 47.500000000000007 26.500000000000004 2.2038024706228287 27.500000000000004
decision_type= 2 2 2 2 2 2 2 2 2 2 2 2 2 2 2 2 2 2 2 2 2 2
left_child=1 5 4 7 17 13 8 -3 -7 18 -8 -9 19 14 -1 -11 -6 -2 -5 -4 -19 -18
right_child=2 3 12 9 16 6 10 11 -10 15 -12 -13 -14 -15 -16 -17 21 20 -20 -21 -22 -23
leaf_value= 0.044230430953254636 0.084216230332131395 0.013380108862050941 0.13719190780792143 -0.033517635639986235 0.030690203687416359 -0.032418481581660212 -0.062115720910071164 0.16254536505971776 -0.086464694131891839 0.033086021130256597 -0.10739158312721281 0.077517444901220187 0.23830664142214217 -0.071956682126132807 -0.039420649286328324 -0.010822406174656622 0.064840007462105109 0.22015546661538954 0.030431795661703398 0.2117248531396887 0.13662539405426799 0.12128281233978436
leaf_weight=447 238 350 368 2681 785 1871 1128 305 928 1009 1827 539 426 245 343 1321 524 117 219 246 423 172
leaf_count=447 238 350 368 2681 785 1871 1128 305 928 1009 1827 539 426 245 343 1321 524 117 219 246 423 172
model_size=2496
internal_value=0 -0.02926 0.117191 0.00497081 0.0807981 -0.0616504 -0.0707621 0.0804366 -0.0503373 -0.0122579 -0.0901086 0.108244 0.19624 -0.0109948 0.00791104 0.00819202 0.0532941 0.133154 -0.0286884 0.167054 0.154724 0.0787885
internal_weight=0 13213 3299 6424 2259 6789 5754 1194 2799 5230 2955 844 1040 1035 790 2330 1481 778 2900 614 540 696
internal_count=16512 13213 3299 6424 2259 6789 5754 1194 2799 5230 2955 844 1040 1035 790 2330 1481 778 2900 614 540 696
is_linear=0
shrinkage=0.1


Tree=2
num_leaves= 21
num_cat= 0
full_tree_array_lgbids= 0 1 3 5 2 4 18 11 8 6 9 16 13 -5 -20 12 -13 10 14 7 -8 15 17 -2 19 -6 -15 -2147483648 -2147483648 -2147483648 -2147483648 -1 -14 -2147483648 -2147483648 -7 -12 -10 -16 -3 -9 -2147483648 -2147483648 -4 -17 -11 -19 -2147483648 -2147483648 -18 -21 -2147483648 -2147483648 -2147483648 -2147483648 -2147483648 -2147483648 -2147483648 -2147483648 -2147483648 -2147483648 -2147483648 -2147483648
split_feature= 1 1 6 1 6 6 7 2 7 1 8 7 8 1 8 2 2 2 1 6
split_gain= 4559.52 1246.06 679.942 637.142 201.866 188.549 163.208 142.059 133.374 125.654 93.8532 66.2328 55.1384 50.6304 50.5514 49.8796 40.3651 10.304 10.218 8.69647
threshold= 5.2771000000000017 3.1097000000000006 2.4136952392348086 7.3930000000000016 2.7472725830126556 2.2352443515477258 37.935000000000009 19.500000000000004 34.455000000000005 4.5301500000000017 -118.29499999999999 37.935000000000009 -118.25499999999998 6.2770500000000009 -120.09499999999998 42.500000000000007 21.500000000000004 20.500000000000004 8.7395500000000013 2.2038024706228287
decision_type= 2 2 2 2 2 2 2 2 2 2 2 2 2 2 2 2 2 2 2 2
left_child=1 5 6 4 16 11 7 -3 10 15 -7 12 -1 -6 -10 -4 -2 -11 -5 -18
right_child=3 2 9 18 13 8 -8 -9 14 17 -12 -13 -14 -15 -16 -17 19 -19 -20 -21
leaf_value= 0.031772622220677921 0.076483897819852042 0.015810179724629281 -0.030671292230772331 0.16796402927035484 0.036792349004613027 -0.00097440733340466894 -0.024526315890124537 0.09401336701392482 -0.072662856005375268 -0.010480329143856175 -0.058856680850347204 -0.068286820697092937 -0.036018039732664008 0.093528280435879352 -0.11449773192424838 0.015727703698802623 0.20685434440771738 0.02953202514661999 0.21944877173394373 0.13019051942291934
leaf_weight=472 262 412 3381 428 857 507 250 1128 1957 517 2063 306 390 435 730 493 108 923 365 528
leaf_count=472 262 412 3381 428 857 507 250 1128 1957 517 2063 306 390 435 730 493 108 923 365 528
model_size=2272
internal_value=0 -0.0247855 0.00454999 0.112411 0.0837148 -0.0572212 0.0594577 0.0730915 -0.0661404 -0.0139455 -0.0474379 -0.0170772 0.00110167 0.0558946 -0.0840285 -0.0247666 0.123741 0.0151665 0.191661 0.143209
internal_weight=0 13529 7104 2983 2190 6425 1790 1540 5257 5314 2570 1168 862 1292 2687 3874 898 1440 793 636
internal_count=16512 13529 7104 2983 2190 6425 1790 1540 5257 5314 2570 1168 862 1292 2687 3874 898 1440 793 636
is_linear=0
shrinkage=0.1


Tree=3
num_leaves= 17
num_cat= 0
full_tree_array_lgbids= 0 1 3 4 2 6 -5 9 5 7 12 -2 15 -2147483648 -2147483648 -1 14 10 11 -3 8 13 -14 -2147483648 -2147483648 -8 -17 -2147483648 -2147483648 -2147483648 -2147483648 -2147483648 -2147483648 -11 -16 -6 -12 -7 -13 -2147483648 -2147483648 -9 -10 -4 -15 -2147483648 -2147483648 -2147483648 -2147483648 -2147483648 -2147483648 -2147483648 -2147483648 -2147483648 -2147483648 -2147483648 -2147483648 -2147483648 -2147483648 -2147483648 -2147483648 -2147483648 -2147483648
split_feature= 1 1 6 1 6 1 6 2 6 1 3 3 6 7 2 1
split_gain= 3705.87 1184.1 489.773 344.714 271.881 123.601 117.611 96.2273 114.916 85.8944 85.4634 69.9363 65.259 61.6493 16.6472 6.53652
threshold= 5.6042500000000013 3.5488500000000003 2.4136952392348086 7.7055000000000016 2.2352443515477258 2.5205000000000006 2.6529733204757315 19.500000000000004 1.9628175980828908 2.5510500000000005 3.6193833748516839 5.0006134969325169 2.9742256672023202 37.915000000000006 24.500000000000004 6.3963500000000009
decision_type= 2 2 2 2 2 2 2 2 2 2 2 2 2 2 2 2
left_child=1 4 7 6 9 10 -2 -3 -9 -1 -6 -7 13 -4 -11 -8
right_child=3 2 12 -5 5 11 15 8 -10 14 -12 -13 -14 -15 -16 -17
leaf_value= -0.035019399237725755 0.1348511513321364 0.018543669732783506 0.025757455500921983 0.18064988230869397 -0.028138495260217944 -0.020905338203461354 0.04955646065077654 0.16433649845934331 0.068052218996941208 -0.013289313267341034 -0.080682348558055672 -0.057964092991870546 -0.017747667343475184 -0.028634381053290015 0.046404545777477324 0.09437519067902149
leaf_weight=719 569 384 1823 670 607 1837 671 236 736 299 2610 1678 2173 484 520 496
leaf_count=719 569 384 1823 670 607 1837 671 236 736 299 2610 1678 2173 484 520 496
model_size=1824
internal_value=0 -0.0196957 0.0155109 0.115473 -0.0445405 -0.0539703 0.0903184 0.0707895 0.0914299 -0.00326534 -0.0707681 -0.0385965 -0.00122073 0.0143463 0.0246115 0.0686054
internal_weight=0 14106 5836 2406 8270 6732 1736 1356 972 1538 3217 3515 4480 2307 819 1167
internal_count=16512 14106 5836 2406 8270 6732 1736 1356 972 1538 3217 3515 4480 2307 819 1167
is_linear=0
shrinkage=0.1


Tree=4
num_leaves= 16
num_cat= 0
full_tree_array_lgbids= 0 1 2 4 3 5 9 14 13 7 6 -2 -7 11 -11 -1 -16 -6 -15 8 -9 10 12 -2147483648 -2147483648 -2147483648 -2147483648 -4 -13 -2147483648 -2147483648 -2147483648 -2147483648 -2147483648 -2147483648 -2147483648 -2147483648 -2147483648 -2147483648 -3 -10 -2147483648 -2147483648 -5 -12 -8 -14 -2147483648 -2147483648 -2147483648 -2147483648 -2147483648 -2147483648 -2147483648 -2147483648 -2147483648 -2147483648 -2147483648 -2147483648 -2147483648 -2147483648 -2147483648 -2147483648
split_feature= 1 1 1 6 3 6 1 7 8 2 3 1 8 1 6
split_gain= 3036.99 712.381 512.272 430.875 120.774 115.295 90.72 78.1446 73.8781 69.0319 36.7831 36.5446 33.3781 13.1651 7.93767
threshold= 5.0387000000000013 2.7820000000000005 6.3963500000000009 2.2634687595142249 3.8792159595040387 2.5288691539219195 4.0612500000000002 37.985000000000007 -122.35499999999998 26.500000000000004 5.1822875816993479 8.7395500000000013 -122.27499999999999 1.9486000000000003 3.0973600929976173
decision_type= 2 2 2 2 2 2 2 2 2 2 2 2 2 2 2
left_child=1 4 5 7 14 -2 10 8 -3 11 -5 -4 -8 -6 -1
right_child=2 3 9 6 13 -7 12 -9 -10 -11 -12 -13 -14 -15 -16
leaf_value= -3.1296333800566506e-05 0.098351759205233646 0.14544391197618098 0.087857002288082353 -0.011562003169500342 -0.084705381935133328 0.033513337354415168 0.063509495685421594 -0.043109563402848307 0.048386593100489039 0.16601723982348393 -0.04178375900362731 0.17153654991930656 -0.0012345198420879292 -0.05505217666693895 -0.042984391925346671
leaf_weight=664 550 160 628 2165 1169 1590 242 139 1103 612 1973 172 2082 2514 749
leaf_count=664 550 160 628 2165 1169 1590 242 139 1103 612 1973 172 2082 2514 749
model_size=1712
internal_value=0 -0.022659 0.0826747 -0.00305479 -0.0529117 0.0501774 -0.0146506 0.0503917 0.0606821 0.131927 -0.0259717 0.105848 0.00550733 -0.0644642 -0.0227998
internal_weight=0 12960 3552 7864 5096 2140 6462 1402 1263 1412 4138 800 2324 3683 1413
internal_count=16512 12960 3552 7864 5096 2140 6462 1402 1263 1412 4138 800 2324 3683 1413
is_linear=0
shrinkage=0.1


Tree=5
num_leaves= 16
num_cat= 0
full_tree_array_lgbids= 0 2 1 5 3 4 9 -1 -7 10 6 11 -6 13 -11 -2147483648 -2147483648 -2147483648 -2147483648 -4 14 7 8 -2 12 -2147483648 -2147483648 -3 -15 -2147483648 -2147483648 -2147483648 -2147483648 -2147483648 -2147483648 -2147483648 -2147483648 -2147483648 -2147483648 -2147483648 -2147483648 -12 -16 -5 -9 -8 -10 -2147483648 -2147483648 -13 -14 -2147483648 -2147483648 -2147483648 -2147483648 -2147483648 -2147483648 -2147483648 -2147483648 -2147483648 -2147483648 -2147483648 -2147483648
split_feature= 1 1 1 6 6 3 8 7 7 1 2 2 6 2 7
split_gain= 2457.57 605.501 400.972 303.593 158.901 85.3975 76.9148 95.9363 60.0817 54.9757 43.6269 24.3559 25.9464 11.5901 0.361812
threshold= 4.5301500000000017 6.3350000000000009 2.7820000000000005 2.0653737590585881 2.735488224282792 4.2015099382944241 -122.38499999999998 38.305000000000007 37.945000000000007 7.852450000000001 24.500000000000004 21.500000000000004 2.0653737590585881 26.500000000000004 37.815000000000005
decision_type= 2 2 2 2 2 2 2 2 2 2 2 2 2 2 2
left_child=2 4 5 10 11 -1 7 -5 -8 13 -4 -2 -13 -3 -12
right_child=1 9 3 6 -6 -7 8 -9 -10 -11 14 12 -14 -15 -16
leaf_value= -0.026699582108151855 0.029725619758127566 0.069898945506319476 0.012293968811287609 0.08117126953869086 0.014773253323016164 -0.061563217483577098 -0.014195083515828565 -0.032376970726566145 -0.056044531129023412 0.1509946841471301 0.10349896170683832 0.16701451395439287 0.072918715089239958 0.13078417101680342 -0.0065556175602156852
leaf_weight=2038 421 530 309 299 1959 3058 4525 212 840 609 393 117 805 335 62
leaf_count=2038 421 530 309 299 1959 3058 4525 212 840 609 393 117 805 335 62
model_size=1712
internal_value=0 0.0612459 -0.0249242 -0.00750548 0.0362494 -0.0476205 -0.0159809 0.0340632 -0.0207475 0.117242 0.0576799 0.0675761 0.0848593 0.0934788 0.0885025
internal_weight=0 4776 11736 6640 3302 5096 5876 511 5365 1474 764 1343 922 865 455
internal_count=16512 4776 11736 6640 3302 5096 5876 511 5365 1474 764 1343 922 865 455
is_linear=0
shrinkage=0.1


Tree=6
num_leaves= 14
num_cat= 0
full_tree_array_lgbids= 0 1 3 4 2 7 -5 -1 6 5 11 -2 -9 -2147483648 -2147483648 -2147483648 -2147483648 10 9 8 -7 12 -13 -2147483648 -2147483648 -2147483648 -2147483648 -2147483648 -2147483648 -2147483648 -2147483648 -2147483648 -2147483648 -2147483648 -2147483648 -6 -12 -8 -11 -3 -10 -2147483648 -2147483648 -4 -14 -2147483648 -2147483648 -2147483648 -2147483648 -2147483648 -2147483648 -2147483648 -2147483648 -2147483648 -2147483648 -2147483648 -2147483648 -2147483648 -2147483648 -2147483648 -2147483648 -2147483648 -2147483648
split_feature= 1 1 6 1 6 7 1 6 2 3 3 8 7
split_gain= 1997.36 622.818 290.27 141.939 115.305 70.3775 55.8205 48.6767 48.3151 42.6565 17.1037 13.3328 28.7512
threshold= 5.6042500000000013 3.4883000000000002 2.5288691539219195 7.7055000000000016 2.0376051459673437 37.935000000000009 2.2210000000000005 3.0089663118548242 19.500000000000004 4.7252880533656763 3.4845502266762112 -117.79499999999999 37.915000000000006
decision_type= 2 2 2 2 2 2 2 2 2 2 2 2 2
left_child=1 4 5 7 -1 8 10 -2 -3 -8 -6 12 -4
right_child=3 2 11 -5 6 -7 9 -9 -10 -11 -12 -13 -14
leaf_value= 0.0084762191462370521 0.08736902507462839 0.013546666171384492 0.0095464968041981957 0.13325057234225879 -0.016464169502865365 -0.019528264022924763 -0.012275052848366585 0.033613739345001718 0.0744342814821361 -0.043527152143565159 -0.065973519258432131 -0.035212728872582762 -0.032748191521694524
leaf_weight=908 1087 432 2761 670 424 269 2056 649 1183 2575 2048 760 690
leaf_count=908 1087 432 2761 670 424 269 2056 649 1183 2575 2048 760 690
model_size=1488
internal_value=0 -0.0146082 0.0107719 0.0856456 -0.0339181 0.0470567 -0.0393375 0.0672727 0.0581473 -0.0296523 -0.0574816 -0.0054619 0.00109001
internal_weight=0 14106 6095 2406 8011 1884 7103 1736 1615 4631 2472 4211 3451
internal_count=16512 14106 6095 2406 8011 1884 7103 1736 1615 4631 2472 4211 3451
is_linear=0
shrinkage=0.1


Tree=7
num_leaves= 13
num_cat= 0
full_tree_array_lgbids= 0 2 1 7 3 4 8 -1 -9 5 9 -2 -6 -3 -10 -2147483648 -2147483648 -2147483648 -2147483648 6 -7 10 11 -2147483648 -2147483648 -2147483648 -2147483648 -2147483648 -2147483648 -2147483648 -2147483648 -2147483648 -2147483648 -2147483648 -2147483648 -2147483648 -2147483648 -2147483648 -2147483648 -4 -8 -2147483648 -2147483648 -5 -12 -11 -13 -2147483648 -2147483648 -2147483648 -2147483648 -2147483648 -2147483648 -2147483648 -2147483648 -2147483648 -2147483648 -2147483648 -2147483648 -2147483648 -2147483648 -2147483648 -2147483648
split_feature= 1 1 1 6 6 7 8 3 2 8 7 7
split_gain= 1630.81 322.74 273.772 225.675 77.709 57.6731 68.1987 28.6844 14.1674 1.93747 24.446 11.7939
threshold= 4.6754000000000007 6.3350000000000009 2.6597500000000003 2.4206262209680918 2.5163636904584812 37.965000000000011 -122.35499999999998 3.8792159595040387 21.500000000000004 -122.38499999999998 38.685000000000009 34.455000000000005
decision_type= 2 2 2 2 2 2 2 2 2 2 2 2
left_child=2 4 7 5 -2 6 -4 -1 -3 10 -5 -11
right_child=1 8 3 9 -6 -7 -8 -9 -10 11 -12 -13
leaf_value= -0.017587568263107034 0.072607228389772696 0.0670173262049749 0.11998733194293204 0.049713005742487097 0.019190247648336944 -0.032691654266397419 0.027086569063101869 -0.050627102530083762 0.11650052828590347 -0.010582614287550817 -0.06725700800406173 -0.037047219472224044
leaf_weight=1324 699 619 185 317 2206 323 1582 3249 855 2913 94 2146
leaf_count=1324 699 619 185 317 2206 323 1582 3249 855 2913 94 2146
model_size=1376
internal_value=0 0.0534775 -0.0193009 -0.00613815 0.0320434 0.0260714 0.036813 -0.0410613 0.0957203 -0.0184449 0.0229607 -0.0218088
internal_weight=0 4379 12133 7560 2905 2090 1767 4573 1474 5470 411 5059
internal_count=16512 4379 12133 7560 2905 2090 1767 4573 1474 5470 411 5059
is_linear=0
shrinkage=0.1


Tree=8
num_leaves= 14
num_cat= 0
full_tree_array_lgbids= 0 1 3 4 2 10 -5 8 5 11 -4 -2 -12 -2147483648 -2147483648 9 -10 6 7 -3 12 -2147483648 -2147483648 -2147483648 -2147483648 -2147483648 -2147483648 -2147483648 -2147483648 -2147483648 -2147483648 -1 -11 -2147483648 -2147483648 -6 -8 -7 -9 -2147483648 -2147483648 -13 -14 -2147483648 -2147483648 -2147483648 -2147483648 -2147483648 -2147483648 -2147483648 -2147483648 -2147483648 -2147483648 -2147483648 -2147483648 -2147483648 -2147483648 -2147483648 -2147483648 -2147483648 -2147483648 -2147483648 -2147483648
split_feature= 1 1 6 1 6 7 8 8 7 8 6 2 6
split_gain= 1313.42 337.903 159.363 114.883 87.7028 21.4481 57.6346 46.6756 19.2587 30.3301 16.6164 14.9376 48.8257
threshold= 5.3357000000000001 3.6530500000000008 2.6829812717770039 7.3930000000000016 2.2982753493904258 34.455000000000005 -117.77499999999999 -121.675 37.895000000000003 -118.11499999999999 3.0375944537846187 17.500000000000004 2.0509070328557395
decision_type= 2 2 2 2 2 2 2 2 2 2 2 2 2
left_child=1 4 11 10 8 6 -6 -7 9 -1 -2 -3 -13
right_child=3 2 -4 -5 5 7 -8 -9 -10 -11 -12 12 -14
leaf_value= 0.033448971054192797 0.063079020608801634 -0.002752792740493339 -0.0083267555250322693 0.10544183707377941 -0.0078252213469357634 -0.021703488115865435 -0.050660442867017499 -0.060973245768421891 -0.040658108616958143 -0.024665623618485167 0.017904310619550199 0.10792577016693193 0.034290795006574913
leaf_weight=920 1345 470 2910 793 2332 1333 1094 2097 451 503 719 294 1251
leaf_count=920 1345 470 2910 793 2332 1333 1094 2097 451 503 719 294 1251
model_size=1488
internal_value=0 -0.0132794 0.00997021 0.0634686 -0.0263955 -0.0336147 -0.0215035 -0.0457119 1.57085e-05 0.0129067 0.0473423 0.0363941 0.0483029
internal_weight=0 13655 4925 2857 8730 6856 3426 3430 1874 1423 2064 2015 1545
internal_count=16512 13655 4925 2857 8730 6856 3426 3430 1874 1423 2064 2015 1545
is_linear=0
shrinkage=0.1


Tree=9
num_leaves= 9
num_cat= 0
full_tree_array_lgbids= 0 2 1 3 7 5 -3 4 -5 -4 -9 -2 -7 -2147483648 -2147483648 6 -6 -2147483648 -2147483648 -2147483648 -2147483648 -2147483648 -2147483648 -2147483648 -2147483648 -2147483648 -2147483648 -2147483648 -2147483648 -2147483648 -2147483648 -1 -8 -2147483648 -2147483648 -2147483648 -2147483648 -2147483648 -2147483648 -2147483648 -2147483648 -2147483648 -2147483648 -2147483648 -2147483648 -2147483648 -2147483648 -2147483648 -2147483648 -2147483648 -2147483648 -2147483648 -2147483648 -2147483648 -2147483648 -2147483648 -2147483648 -2147483648 -2147483648 -2147483648 -2147483648 -2147483648 -2147483648
split_feature= 1 1 6 7 8 6 8 1
split_gain= 1065.15 207.522 152.155 103.149 73.7178 29.0499 28.1975 27.2226
threshold= 4.5301500000000017 6.2770500000000009 2.4469862317432325 37.945000000000007 -117.895 2.735488224282792 -122.40499999999999 2.5205000000000006
decision_type= 2 2 2 2 2 2 2 2
left_child=2 5 3 4 6 -2 -1 -4
right_child=1 -3 7 -5 -6 -7 -8 -9
leaf_value= 0.10810012353960773 0.046856797535912216 0.077236217839436003 -0.041982654295061546 -0.036572367831271282 -0.022260664175606737 0.0088449799226122915 0.025530340789230499 -0.017579964201136136
leaf_weight=183 1321 1536 2837 810 694 1919 1709 5503
leaf_count=183 1321 1536 2837 810 694 1919 1709 5503
model_size=928
internal_value=0 0.0413539 -0.0168291 0.00540081 0.0185479 0.024343 0.0335167 -0.025881
internal_weight=0 4776 11736 3396 2586 3240 1892 8340
internal_count=16512 4776 11736 3396 2586 3240 1892 8340
is_linear=0
shrinkage=0.1


Tree=10
num_leaves= 9
num_cat= 0
full_tree_array_lgbids= 0 2 1 -1 4 3 7 -2147483648 -2147483648 5 -6 -2 -5 -3 -9 -2147483648 -2147483648 -2147483648 -2147483648 -4 6 -2147483648 -2147483648 -2147483648 -2147483648 -2147483648 -2147483648 -2147483648 -2147483648 -2147483648 -2147483648 -2147483648 -2147483648 -2147483648 -2147483648 -2147483648 -2147483648 -2147483648 -2147483648 -2147483648 -2147483648 -7 -8 -2147483648 -2147483648 -2147483648 -2147483648 -2147483648 -2147483648 -2147483648 -2147483648 -2147483648 -2147483648 -2147483648 -2147483648 -2147483648 -2147483648 -2147483648 -2147483648 -2147483648 -2147483648 -2147483648 -2147483648
split_feature= 1 1 6 6 7 8 7 2
split_gain= 865.239 209.728 81.512 60.0315 24.6222 123.594 22.0783 21.3365
threshold= 4.125700000000001 5.8308000000000009 2.0376051459673437 2.2982753493904258 38.475000000000001 -122.38499999999998 34.455000000000005 26.500000000000004
decision_type= 2 2 2 2 2 2 2 2
left_child=2 3 -1 -2 5 -4 -7 -3
right_child=1 7 4 -5 -6 6 -8 -9
leaf_value= 0.017746656620255454 0.061531880128363116 0.042878592539888766 0.054036777431913353 0.0073059634522744709 -0.049822834656762821 -0.012181958287642781 -0.03664558592124096 0.089049700750889527
leaf_weight=1165 590 1219 385 3316 1301 4634 3027 875
leaf_count=1165 590 1219 385 3316 1301 4634 3027 875
model_size=928
internal_value=0 0.0317863 -0.0181429 0.0154968 -0.0226161 -0.0182169 -0.021848 0.0621717
internal_weight=0 6000 10512 3906 9347 8046 7661 2094
internal_count=16512 6000 10512 3906 9347 8046 7661 2094
is_linear=0
shrinkage=0.1


Tree=11
num_leaves= 6
num_cat= 0
full_tree_array_lgbids= 0 3 1 -1 4 2 -3 -2147483648 -2147483648 -5 -6 -2 -4 -2147483648 -2147483648
split_feature= 1 1 6 1 6
split_gain= 681.563 165.512 69.5594 56.7241 49.5152
threshold= 4.125700000000001 6.8672000000000013 2.671038674349933 2.2336500000000004 2.0376051459673437
decision_type= 2 2 2 2 2
left_child=3 2 -2 -1 -5
right_child=1 -3 -4 4 -6
leaf_value= -0.035701934180163201 0.042369543823168036 0.073652133182982096 0.0053225316875175847 0.029116009148595558 -0.013893921993576294
leaf_weight=2846 1853 1040 3107 848 6818
leaf_count=2846 1853 1040 3107 848 6818
model_size=592
internal_value=0 0.0286077 0.0191629 -0.0163286 -0.00913624
internal_weight=0 6000 4960 10512 7666
internal_count=16512 6000 4960 10512 7666
is_linear=0
shrinkage=0.1


Tree=12
num_leaves= 7
num_cat= 0
full_tree_array_lgbids= 0 1 5 -1 2 -2 -7 -2147483648 -2147483648 3 -4 -2147483648 -2147483648 -2147483648 -2147483648 -2147483648 -2147483648 -2147483648 -2147483648 4 -5 -2147483648 -2147483648 -2147483648 -2147483648 -2147483648 -2147483648 -2147483648 -2147483648 -2147483648 -2147483648 -2147483648 -2147483648 -2147483648 -2147483648 -2147483648 -2147483648 -2147483648 -2147483648 -3 -6 -2147483648 -2147483648 -2147483648 -2147483648 -2147483648 -2147483648 -2147483648 -2147483648 -2147483648 -2147483648 -2147483648 -2147483648 -2147483648 -2147483648 -2147483648 -2147483648 -2147483648 -2147483648 -2147483648 -2147483648 -2147483648 -2147483648
split_feature= 1 1 6 7 8 2
split_gain= 552.157 144.838 79.927 27.6363 39.9815 2.21807
threshold= 5.5682000000000009 3.1792500000000001 2.8024658054711251 37.935000000000009 -117.88499999999998 27.500000000000004
decision_type= 2 2 2 2 2 2
left_child=1 -1 3 4 -3 -2
right_child=5 2 -4 -5 -6 -7
leaf_value= -0.021694005114483425 0.031396019531122331 0.038325472534459261 -0.011457901699108699 -0.019287332987243482 -0.012938625434426775 0.071346403709870818
leaf_weight=6789 1498 2416 3545 660 634 970
leaf_count=6789 1498 2416 3545 660 634 970
model_size=704
internal_value=0 -0.00827665 0.00427889 0.0193158 0.0276693 0.0470978
internal_weight=0 14044 7255 3710 3050 2468
internal_count=16512 14044 7255 3710 3050 2468
is_linear=0
shrinkage=0.1


Tree=13
num_leaves= 7
num_cat= 0
full_tree_array_lgbids= 0 1 5 2 -3 -2 -7 3 -4 -2147483648 -2147483648 -2147483648 -2147483648 -2147483648 -2147483648 -1 4 -2147483648 -2147483648 -2147483648 -2147483648 -2147483648 -2147483648 -2147483648 -2147483648 -2147483648 -2147483648 -2147483648 -2147483648 -2147483648 -2147483648 -2147483648 -2147483648 -5 -6 -2147483648 -2147483648 -2147483648 -2147483648 -2147483648 -2147483648 -2147483648 -2147483648 -2147483648 -2147483648 -2147483648 -2147483648 -2147483648 -2147483648 -2147483648 -2147483648 -2147483648 -2147483648 -2147483648 -2147483648 -2147483648 -2147483648 -2147483648 -2147483648 -2147483648 -2147483648 -2147483648 -2147483648
split_feature= 1 6 7 8 8 1
split_gain= 435.58 74.9253 126.68 125.641 34.7417 33.1496
threshold= 5.0116000000000005 2.8396278889382178 37.925000000000004 -122.31499999999998 -117.145 7.852450000000001
decision_type= 2 2 2 2 2 2
left_child=1 2 3 -1 -5 -2
right_child=5 -3 -4 4 -6 -7
leaf_value= 0.089485349319740282 0.025376684664809919 -0.021394051598377276 -0.028817985658484327 0.012878251700811692 -0.038491338323094954 0.07553409406984507
leaf_weight=345 3006 6195 1768 4029 560 609
leaf_count=345 3006 6195 1768 4029 560 609
model_size=704
internal_value=0 -0.00948147 0.00152993 0.0124045 0.00660957 0.0338264
internal_weight=0 12897 6702 4934 4589 3615
internal_count=16512 12897 6702 4934 4589 3615
is_linear=0
shrinkage=0.1


Tree=14
num_leaves= 5
num_cat= 0
full_tree_array_lgbids= 0 -1 1 -2147483648 -2147483648 2 -3 -2147483648 -2147483648 -2147483648 -2147483648 -2 3 -2147483648 -2147483648 -2147483648 -2147483648 -2147483648 -2147483648 -2147483648 -2147483648 -2147483648 -2147483648 -2147483648 -2147483648 -4 -5 -2147483648 -2147483648 -2147483648 -2147483648
split_feature= 1 1 2 6
split_gain= 359.016 70.3355 27.7002 51.9626
threshold= 3.8346500000000003 6.5626000000000007 16.500000000000004 2.0653737590585881
decision_type= 2 2 2 2
left_child=-1 2 -2 -4
right_child=1 -3 3 -5
leaf_value= -0.014358967030056381 -0.013484212158710918 0.051847698169799998 0.086863330220507962 0.01526373279534889
leaf_weight=9454 1449 1288 315 4006
leaf_count=9454 1449 1288 315 4006
model_size=480
internal_value=0 0.0192334 0.0119532 0.0204833
internal_weight=0 7058 5770 4321
internal_count=16512 7058 5770 4321
is_linear=0
shrinkage=0.1


Tree=15
num_leaves= 9
num_cat= 0
full_tree_array_lgbids= 0 4 1 5 6 2 -3 -1 -7 7 -8 3 -4 -2147483648 -2147483648 -2147483648 -2147483648 -2147483648 -2147483648 -6 -9 -2147483648 -2147483648 -2 -5 -2147483648 -2147483648 -2147483648 -2147483648 -2147483648 -2147483648
split_feature= 1 6 7 8 7 8 8 7
split_gain= 271.374 42.2629 30.1375 24.421 1.3846 164.769 107.471 74.4473
threshold= 3.9221500000000007 3.1336552646136835 37.925000000000004 -117.85499999999998 34.455000000000005 -118.30499999999999 -121.63499999999998 38.675000000000004
decision_type= 2 2 2 2 2 2 2 2
left_child=4 2 3 -2 5 -1 7 -6
right_child=1 -3 -4 -5 6 -7 -8 -9
leaf_value= 0.043276770019673727 0.041711357640070494 -0.0057844659634700875 -0.013617086268244611 -0.0010183103133194751 0.015648111091824988 -0.014260578199998666 -0.041646510190988681 -0.049523491773781805
leaf_weight=1008 3416 1835 686 847 1686 3854 2637 543
leaf_count=1008 3416 1835 686 847 1686 3854 2637 543
model_size=928
internal_value=0 0.0179345 0.0267291 0.0332216 -0.012507 -0.00233181 -0.0226737 -0.000228147
internal_weight=0 6784 4949 4263 9728 4862 4866 2229
internal_count=16512 6784 4949 4263 9728 4862 4866 2229
is_linear=0
shrinkage=0.1


Tree=16
num_leaves= 6
num_cat= 0
full_tree_array_lgbids= 0 1 -2 2 -3 -2147483648 -2147483648 3 -4 -2147483648 -2147483648 -2147483648 -2147483648 -2147483648 -2147483648 -1 4 -2147483648 -2147483648 -2147483648 -2147483648 -2147483648 -2147483648 -2147483648 -2147483648 -2147483648 -2147483648 -2147483648 -2147483648 -2147483648 -2147483648 -2147483648 -2147483648 -5 -6 -2147483648 -2147483648 -2147483648 -2147483648 -2147483648 -2147483648 -2147483648 -2147483648 -2147483648 -2147483648 -2147483648 -2147483648 -2147483648 -2147483648 -2147483648 -2147483648 -2147483648 -2147483648 -2147483648 -2147483648 -2147483648 -2147483648 -2147483648 -2147483648 -2147483648 -2147483648 -2147483648 -2147483648
split_feature= 1 6 7 8 8
split_gain= 226.194 44.349 80.8343 73.7002 17.0254
threshold= 5.8308000000000009 2.9291766686969298 37.925000000000004 -122.31499999999998 -117.77499999999999
decision_type= 2 2 2 2 2
left_child=1 2 3 -1 -5
right_child=-2 -3 -4 4 -6
leaf_value= 0.075274503437883583 0.037022029223093743 -0.016951659301390327 -0.022514257609507562 0.015555605637828793 -0.018485258657474319
leaf_weight=412 2094 6227 2047 4379 1353
leaf_count=412 2094 6227 2047 4379 1353
model_size=592
internal_value=0 -0.0053769 0.00342252 0.0120639 0.00752049
internal_weight=0 14418 8191 6144 5732
internal_count=16512 14418 8191 6144 5732
is_linear=0
shrinkage=0.1


Tree=17
num_leaves= 8
num_cat= 0
full_tree_array_lgbids= 0 1 -2 -1 2 -2147483648 -2147483648 -2147483648 -2147483648 6 3 -2147483648 -2147483648 -2147483648 -2147483648 -2147483648 -2147483648 -2147483648 -2147483648 -3 -8 4 5 -2147483648 -2147483648 -2147483648 -2147483648 -2147483648 -2147483648 -2147483648 -2147483648 -2147483648 -2147483648 -2147483648 -2147483648 -2147483648 -2147483648 -2147483648 -2147483648 -2147483648 -2147483648 -2147483648 -2147483648 -4 -6 -5 -7 -2147483648 -2147483648 -2147483648 -2147483648 -2147483648 -2147483648 -2147483648 -2147483648 -2147483648 -2147483648 -2147483648 -2147483648 -2147483648 -2147483648 -2147483648 -2147483648
split_feature= 1 1 8 7 8 8 7
split_gain= 165.575 15.4249 10.3623 31.5366 150.281 90.0015 8.55953
threshold= 5.3736000000000006 2.3096500000000004 -122.35499999999998 34.525000000000013 -118.30499999999999 -119.94499999999998 38.705000000000005
decision_type= 2 2 2 2 2 2 2
left_child=1 -1 6 4 -4 -5 -3
right_child=-2 2 3 5 -6 -7 -8
leaf_value= -0.022978969451766047 0.028331350755213897 0.049485139528618625 0.04310095940366987 -0.0080606644939298644 -0.0062249311025926067 -0.06669229597206093 -0.037527197427917477
leaf_weight=3126 2793 766 1403 3396 4161 681 186
leaf_count=3126 2793 766 1403 3396 4161 681 186
model_size=816
internal_value=0 -0.00576787 -0.00068887 -0.00396461 0.00621292 -0.0178542 0.0324848
internal_weight=0 13719 10593 9641 5564 4077 952
internal_count=16512 13719 10593 9641 5564 4077 952
is_linear=0
shrinkage=0.1


Tree=18
num_leaves= 6
num_cat= 0
full_tree_array_lgbids= 0 1 -2 2 -3 -2147483648 -2147483648 -1 3 -2147483648 -2147483648 -2147483648 -2147483648 -2147483648 -2147483648 -2147483648 -2147483648 4 -5 -2147483648 -2147483648 -2147483648 -2147483648 -2147483648 -2147483648 -2147483648 -2147483648 -2147483648 -2147483648 -2147483648 -2147483648 -2147483648 -2147483648 -2147483648 -2147483648 -4 -6 -2147483648 -2147483648 -2147483648 -2147483648 -2147483648 -2147483648 -2147483648 -2147483648 -2147483648 -2147483648 -2147483648 -2147483648 -2147483648 -2147483648 -2147483648 -2147483648 -2147483648 -2147483648 -2147483648 -2147483648 -2147483648 -2147483648 -2147483648 -2147483648 -2147483648 -2147483648
split_feature= 1 7 8 8 7
split_gain= 115.391 12.5686 109.469 32.8864 76.3927
threshold= 5.8308000000000009 37.915000000000006 -122.31499999999998 -117.77499999999999 34.525000000000013
decision_type= 2 2 2 2 2
left_child=1 2 -1 4 -4
right_child=-2 -3 3 -5 -6
leaf_value= 0.059632336221537997 0.030486691584553628 -0.023191262569139906 0.015201438425795849 -0.023974171518351888 -0.014545276059470936
leaf_weight=580 2094 2758 5051 2498 3531
leaf_count=580 2094 2758 5051 2498 3531
model_size=592
internal_value=0 -0.00442774 1.04949e-05 -0.0031105 0.00296237
internal_weight=0 14418 11660 11080 8582
internal_count=16512 14418 11660 11080 8582
is_linear=0
shrinkage=0.1


Tree=19
num_leaves= 2
num_cat= 0
full_tree_array_lgbids= 0 -1 -2
split_feature= 1
split_gain= 85.4775
threshold= 3.8346500000000003
decision_type= 2
left_child=-1
right_child=-2
leaf_value= -0.0093770847864725268 0.01256035128366048
leaf_weight=9454 7058
leaf_count=9454 7058
model_size=144
internal_value=0
internal_weight=0
internal_count=16512
is_linear=0
shrinkage=0.1


Tree=20
num_leaves= 7
num_cat= 0
full_tree_array_lgbids= 0 1 -2 2 -3 -2147483648 -2147483648 3 -4 -2147483648 -2147483648 -2147483648 -2147483648 -2147483648 -2147483648 5 4 -2147483648 -2147483648 -2147483648 -2147483648 -2147483648 -2147483648 -2147483648 -2147483648 -2147483648 -2147483648 -2147483648 -2147483648 -2147483648 -2147483648 -1 -7 -5 -6 -2147483648 -2147483648 -2147483648 -2147483648 -2147483648 -2147483648 -2147483648 -2147483648 -2147483648 -2147483648 -2147483648 -2147483648 -2147483648 -2147483648 -2147483648 -2147483648 -2147483648 -2147483648 -2147483648 -2147483648 -2147483648 -2147483648 -2147483648 -2147483648 -2147483648 -2147483648 -2147483648 -2147483648
split_feature= 6 7 8 7 8 8
split_gain= 59.8091 84.6383 56.8211 7.02736 269.427 13.0887
threshold= 3.1100458715596333 37.925000000000004 -117.75499999999998 34.525000000000013 -120.56499999999998 -118.36499999999999
decision_type= 2 2 2 2 2 2
left_child=1 2 3 5 -5 -1
right_child=-2 -3 -4 4 -6 -7
leaf_value= 0.060203958776848504 -0.014497848483426615 -0.017936520545661722 -0.012927005958218753 0.026195760954290822 -0.053779153916924317 0.020590303599123852
leaf_weight=1184 5414 2428 1808 2584 770 2324
leaf_count=1184 5414 2428 1808 2584 770 2324
model_size=704
internal_value=0 0.00707257 0.0140763 0.0211911 0.00783539 0.0339605
internal_weight=0 11098 8670 6862 3354 3508
internal_count=16512 11098 8670 6862 3354 3508
is_linear=0
shrinkage=0.1


Tree=21
num_leaves= 2
num_cat= 0
full_tree_array_lgbids= 0 -1 -2
split_feature= 1
split_gain= 36.9269
threshold= 5.8308000000000009
decision_type= 2
left_child=-1
right_child=-2
leaf_value= -0.0036223200374006434 0.024941074558723974
leaf_weight=14418 2094
leaf_count=14418 2094
model_size=144
internal_value=0
internal_weight=0
internal_count=16512
is_linear=0
shrinkage=0.1


Tree=22
num_leaves= 6
num_cat= 0
full_tree_array_lgbids= 0 1 -2 2 -3 -2147483648 -2147483648 3 -4 -2147483648 -2147483648 -2147483648 -2147483648 -2147483648 -2147483648 -1 4 -2147483648 -2147483648 -2147483648 -2147483648 -2147483648 -2147483648 -2147483648 -2147483648 -2147483648 -2147483648 -2147483648 -2147483648 -2147483648 -2147483648 -2147483648 -2147483648 -5 -6 -2147483648 -2147483648 -2147483648 -2147483648 -2147483648 -2147483648 -2147483648 -2147483648 -2147483648 -2147483648 -2147483648 -2147483648 -2147483648 -2147483648 -2147483648 -2147483648 -2147483648 -2147483648 -2147483648 -2147483648 -2147483648 -2147483648 -2147483648 -2147483648 -2147483648 -2147483648 -2147483648 -2147483648
split_feature= 6 7 8 7 8
split_gain= 23.5605 43.3789 1.35482 21.0394 191.397
threshold= 3.1424162072895592 38.475000000000001 -117.75499999999998 34.525000000000013 -121.46499999999999
decision_type= 2 2 2 2 2
left_child=1 2 3 -1 -5
right_child=-2 -3 -4 4 -6
leaf_value= 0.030231588486279284 -0.013489776876103643 -0.023811943715529655 -0.011633987489365998 0.022104637951022604 -0.034495261965931216
leaf_weight=3596 5153 1513 1857 3003 1390
leaf_count=3596 5153 1513 1857 3003 1390
model_size=592
internal_value=0 0.00611962 0.0107191 0.015915 0.00419572
internal_weight=0 11359 9846 7989 4393
internal_count=16512 11359 9846 7989 4393
is_linear=0
shrinkage=0.1


Tree=23
num_leaves= 2
num_cat= 0
full_tree_array_lgbids= 0 -1 -2
split_feature= 1
split_gain= 7.33409
threshold= 7.7055000000000016
decision_type= 2
left_child=-1
right_child=-2
leaf_value= -0.0017683250320816833 0.041811649566516285
leaf_weight=15842 670
leaf_count=15842 670
model_size=144
internal_value=0
internal_weight=0
internal_count=16512
is_linear=0
shrinkage=0.1


end of trees

feature_importances:
Column_1=71
Column_6=50
Column_7=36
Column_8=36
Column_2=27
Column_3=10
Column_5=1

parameters:
[boosting: gbdt]
[objective: regression]
[metric: rmse]
[tree_learner: serial]
[device_type: cpu]
[data_sample_strategy: bagging]
[data: data/california_housing.libsvm.train]
[valid: data/california_housing.libsvm.test]
[num_iterations: 40]
[learning_rate: 0.1]
[num_leaves: 255]
[num_threads: 0]
[seed: 42]
[deterministic: 0]
[force_col_wise: 0]
[force_row_wise: 0]
[histogram_pool_size: -1]
[max_depth: 5]
[min_data_in_leaf: 10]
[min_sum_hessian_in_leaf: 0.001]
[bagging_fraction: 1]
[pos_bagging_fraction: 1]
[neg_bagging_fraction: 1]
[bagging_freq: 0]
[bagging_seed: 400]
[feature_fraction: 1]
[feature_fraction_bynode: 1]
[feature_fraction_seed: 30056]
[extra_trees: 0]
[extra_seed: 12879]
[early_stopping_round: 0]
[early_stopping_min_delta: 0]
[first_metric_only: 0]
[max_delta_step: 0]
[lambda_l1: 0]
[lambda_l2: 0]
[linear_lambda: 0]
[min_gain_to_split: 0]
[drop_rate: 0.1]
[max_drop: 50]
[skip_drop: 0.5]
[xgboost_dart_mode: 0]
[uniform_drop: 0]
[drop_seed: 17869]
[top_rate: 0.2]
[other_rate: 0.1]
[min_data_per_group: 100]
[max_cat_threshold: 32]
[cat_l2: 10]
[cat_smooth: 10]
[max_cat_to_onehot: 4]
[top_k: 20]
[monotone_constraints: ]
[monotone_constraints_method: basic]
[monotone_penalty: 0]
[feature_contri: ]
[forcedsplits_filename: ]
[refit_decay_rate: 0.9]
[tinygbdt_penalty_feature: 2]
[tinygbdt_penalty_split: 0.25]
[tinygbdt_forestsize: 64000]
[tinygbdt_precision: 7]
[cegb_tradeoff: 1]
[cegb_penalty_split: 0]
[cegb_penalty_feature_lazy: ]
[cegb_penalty_feature_coupled: ]
[path_smooth: 0]
[interaction_constraints: ]
[verbosity: 2]
[saved_feature_importance_type: 0]
[use_quantized_grad: 0]
[num_grad_quant_bins: 4]
[quant_train_renew_leaf: 0]
[stochastic_rounding: 1]
[linear_tree: 0]
[max_bin: 255]
[max_bin_by_feature: ]
[min_data_in_bin: 3]
[bin_construct_sample_cnt: 200000]
[data_random_seed: 175]
[is_enable_sparse: 1]
[enable_bundle: 1]
[use_missing: 1]
[zero_as_missing: 0]
[feature_pre_filter: 1]
[pre_partition: 0]
[two_round: 0]
[header: 0]
[label_column: ]
[weight_column: ]
[group_column: ]
[ignore_column: ]
[categorical_feature: ]
[forcedbins_filename: ]
[precise_float_parser: 0]
[parser_config_file: ]
[objective_seed: 16083]
[num_class: 1]
[is_unbalance: 0]
[scale_pos_weight: 1]
[sigmoid: 1]
[boost_from_average: 1]
[reg_sqrt: 0]
[alpha: 0.9]
[fair_c: 1]
[poisson_max_delta_step: 0.7]
[tweedie_variance_power: 1.5]
[lambdarank_truncation_level: 30]
[lambdarank_norm: 1]
[label_gain: ]
[lambdarank_position_bias_regularization: 0]
[eval_at: ]
[multi_error_top_k: 1]
[auc_mu_weights: ]
[num_machines: 1]
[local_listen_port: 12400]
[time_out: 120]
[machine_list_filename: ]
[machines: ]
[gpu_platform_id: -1]
[gpu_device_id: -1]
[gpu_use_dp: 0]
[num_gpu: 1]

end of parameters
