tree
version=v4
num_class=1
num_tree_per_iteration=1
label_index=0
max_feature_idx=21
objective=binary sigmoid:1
feature_names=Column_0 Column_1 Column_2 Column_3 Column_4 Column_5 Column_6 Column_7 Column_8 Column_9 Column_10 Column_11 Column_12 Column_13 Column_14 Column_15 Column_16 Column_17 Column_18 Column_19 Column_20 Column_21
feature_infos=[0:5] [0:3] [0:9] [0:1] [0:8] [0:1] [0:1] [0:1] [0:11] [0:1] [0:4] [0:3] [0:3] [0:8] [0:8] none [0:3] [0:2] [0:4] [0:8] [0:5] [0:6]
tree_sizes=4713 4709 4705 3082 3082 3088 3089 4540 4275 4444 4276 4442 4278 2655 2655 2067 1713 967 1712 887 2397 2397 2401 805 1083 803 1083 1082 721 722 721 539 538 801 712

Tree=0
num_leaves= 17
num_cat= 0
full_tree_array_lgbids= 0 1 2 5 10 4 3 -1 -7 12 11 -2 -6 7 6 -2147483648 -2147483648 -2147483648 -2147483648 -3 -14 -12 -13 -2147483648 -2147483648 -2147483648 -2147483648 -4 13 8 -8 -2147483648 -2147483648 -2147483648 -2147483648 -2147483648 -2147483648 -2147483648 -2147483648 -2147483648 -2147483648 -2147483648 -2147483648 -2147483648 -2147483648 -2147483648 -2147483648 -2147483648 -2147483648 -2147483648 -2147483648 -2147483648 -2147483648 -2147483648 -2147483648 -2147483648 -2147483648 -9 14 -5 9 -2147483648 -2147483648 -2147483648 -2147483648 -2147483648 -2147483648 -2147483648 -2147483648 -2147483648 -2147483648 -2147483648 -2147483648 -2147483648 -2147483648 -2147483648 -2147483648 -2147483648 -2147483648 -2147483648 -2147483648 -2147483648 -2147483648 -2147483648 -2147483648 -2147483648 -2147483648 -2147483648 -2147483648 -2147483648 -2147483648 -2147483648 -2147483648 -2147483648 -2147483648 -2147483648 -2147483648 -2147483648 -2147483648 -2147483648 -2147483648 -2147483648 -2147483648 -2147483648 -2147483648 -2147483648 -2147483648 -2147483648 -2147483648 -2147483648 -2147483648 -2147483648 -2147483648 -2147483648 -2147483648 -2147483648 -2147483648 -15 -16 -2147483648 -2147483648 15 -11 -2147483648 -2147483648 -2147483648 -2147483648 -2147483648 -2147483648 -2147483648 -2147483648 -2147483648 -2147483648 -2147483648 -2147483648 -2147483648 -2147483648 -2147483648 -2147483648 -2147483648 -2147483648 -2147483648 -2147483648 -2147483648 -2147483648 -2147483648 -2147483648 -2147483648 -2147483648 -2147483648 -2147483648 -2147483648 -2147483648 -2147483648 -2147483648 -2147483648 -2147483648 -2147483648 -2147483648 -2147483648 -2147483648 -2147483648 -2147483648 -2147483648 -2147483648 -2147483648 -2147483648 -2147483648 -2147483648 -2147483648 -2147483648 -2147483648 -2147483648 -2147483648 -2147483648 -2147483648 -2147483648 -2147483648 -2147483648 -2147483648 -2147483648 -2147483648 -2147483648 -2147483648 -2147483648 -2147483648 -2147483648 -2147483648 -2147483648 -2147483648 -2147483648 -2147483648 -2147483648 -2147483648 -2147483648 -2147483648 -2147483648 -2147483648 -2147483648 -2147483648 -2147483648 -2147483648 -2147483648 -2147483648 -2147483648 -2147483648 -2147483648 -2147483648 -2147483648 -2147483648 -2147483648 -2147483648 -2147483648 -2147483648 -2147483648 -2147483648 -2147483648 -2147483648 -2147483648 -2147483648 -2147483648 -2147483648 -2147483648 -2147483648 -2147483648 -2147483648 -2147483648 -2147483648 -2147483648 -2147483648 -2147483648 -2147483648 -2147483648 -2147483648 -2147483648 -2147483648 -2147483648 -2147483648 -2147483648 -2147483648 -2147483648 -2147483648 -2147483648 -10 -17 -2147483648 -2147483648 -2147483648 -2147483648 -2147483648 -2147483648 -2147483648 -2147483648 -2147483648 -2147483648
split_feature= 8 20 19 7 4 10 9 13 21 3 21 1 12 17 19 1
split_gain= 2189.6 1173.8 1116.31 758.088 243.016 203.657 150.381 118.702 82.1092 179.288 28.8211 32.4682 17.4739 16.1505 134.903 3.93388
threshold= 3.5000000000000004 3.5000000000000004 1.5000000000000002 1.0000000180025095e-35 4.5000000000000009 1.0000000180025095e-35 1.0000000180025095e-35 1.5000000000000002 1.5000000000000002 1.0000000180025095e-35 4.5000000000000009 1.5000000000000002 1.0000000180025095e-35 1.5000000000000002 6.5000000000000009 2.5000000000000004
decision_type= 2 2 2 2 2 2 2 2 2 2 2 2 2 2 2 2
left_child=1 5 4 7 -2 -1 8 -4 -5 15 12 -12 -3 -9 -15 -10
right_child=2 10 3 6 -6 -7 -8 13 9 -11 11 -13 -14 14 -16 -17
leaf_value= 0.13625295265526666 0.13625295265526666 -0.075779630963319758 0.13625295265526666 0.13625295265526666 -0.26425303862428545 -0.26425303862428545 -0.26425303862428545 -0.26425303862428545 -0.2642530386242854 0.13625295265526666 -0.26425303862428551 0.1362529526552666 0.13625295265526666 0.13625295265526666 -0.26425303862428545 -0.16041815199625342
leaf_weight=14.48168098926544 127.58860319852829 4.2446306347846976 7.7402088046073905 58.176408112049103 17.228206694126129 104.36797678470612 17.228206694126129 603.98597091436386 17.727575004100803 27.964625358581543 3.9949464797973615 4.4943147897720337 528.58135610818863 9.7376820445060712 68.413458466529846 6.7414721846580496
leaf_count=58 511 17 31 233 69 418 69 2419 71 112 16 18 2117 39 274 27
model_size=1824
internal_value=-0.0711178 0.0691485 -0.167321 -0.212646 0.0886066 -0.215452 0.0110948 -0.254106 0.053982 -0.0372996 0.131635 -0.0522205 0.134564 -0.258536 -0.21435 -0.235645
internal_weight=0 660.165 962.532 817.716 144.817 118.85 127.838 689.877 110.61 52.4337 541.315 8.48926 532.826 682.137 78.1511 24.469
internal_count=6499 2644 3855 3275 580 476 512 2763 443 210 2168 34 2134 2732 313 98
is_linear=0
shrinkage=1


Tree=1
num_leaves= 17
num_cat= 0
full_tree_array_lgbids= 0 1 2 5 10 4 3 -1 -7 12 11 -2 -6 7 6 -2147483648 -2147483648 -2147483648 -2147483648 -3 -14 -12 -13 -2147483648 -2147483648 -2147483648 -2147483648 -4 13 8 -8 -2147483648 -2147483648 -2147483648 -2147483648 -2147483648 -2147483648 -2147483648 -2147483648 -2147483648 -2147483648 -2147483648 -2147483648 -2147483648 -2147483648 -2147483648 -2147483648 -2147483648 -2147483648 -2147483648 -2147483648 -2147483648 -2147483648 -2147483648 -2147483648 -2147483648 -2147483648 -9 14 -5 9 -2147483648 -2147483648 -2147483648 -2147483648 -2147483648 -2147483648 -2147483648 -2147483648 -2147483648 -2147483648 -2147483648 -2147483648 -2147483648 -2147483648 -2147483648 -2147483648 -2147483648 -2147483648 -2147483648 -2147483648 -2147483648 -2147483648 -2147483648 -2147483648 -2147483648 -2147483648 -2147483648 -2147483648 -2147483648 -2147483648 -2147483648 -2147483648 -2147483648 -2147483648 -2147483648 -2147483648 -2147483648 -2147483648 -2147483648 -2147483648 -2147483648 -2147483648 -2147483648 -2147483648 -2147483648 -2147483648 -2147483648 -2147483648 -2147483648 -2147483648 -2147483648 -2147483648 -2147483648 -2147483648 -2147483648 -2147483648 -15 -16 -2147483648 -2147483648 15 -11 -2147483648 -2147483648 -2147483648 -2147483648 -2147483648 -2147483648 -2147483648 -2147483648 -2147483648 -2147483648 -2147483648 -2147483648 -2147483648 -2147483648 -2147483648 -2147483648 -2147483648 -2147483648 -2147483648 -2147483648 -2147483648 -2147483648 -2147483648 -2147483648 -2147483648 -2147483648 -2147483648 -2147483648 -2147483648 -2147483648 -2147483648 -2147483648 -2147483648 -2147483648 -2147483648 -2147483648 -2147483648 -2147483648 -2147483648 -2147483648 -2147483648 -2147483648 -2147483648 -2147483648 -2147483648 -2147483648 -2147483648 -2147483648 -2147483648 -2147483648 -2147483648 -2147483648 -2147483648 -2147483648 -2147483648 -2147483648 -2147483648 -2147483648 -2147483648 -2147483648 -2147483648 -2147483648 -2147483648 -2147483648 -2147483648 -2147483648 -2147483648 -2147483648 -2147483648 -2147483648 -2147483648 -2147483648 -2147483648 -2147483648 -2147483648 -2147483648 -2147483648 -2147483648 -2147483648 -2147483648 -2147483648 -2147483648 -2147483648 -2147483648 -2147483648 -2147483648 -2147483648 -2147483648 -2147483648 -2147483648 -2147483648 -2147483648 -2147483648 -2147483648 -2147483648 -2147483648 -2147483648 -2147483648 -2147483648 -2147483648 -2147483648 -2147483648 -2147483648 -2147483648 -2147483648 -2147483648 -2147483648 -2147483648 -2147483648 -2147483648 -2147483648 -2147483648 -2147483648 -2147483648 -2147483648 -2147483648 -2147483648 -2147483648 -2147483648 -2147483648 -10 -17 -2147483648 -2147483648 -2147483648 -2147483648 -2147483648 -2147483648 -2147483648 -2147483648 -2147483648 -2147483648
split_feature= 8 20 19 7 4 10 9 13 21 3 21 4 12 17 19 1
split_gain= 1787.08 952.074 913.363 622.959 195.276 164.746 120.547 95.2124 64.3121 144.325 20.584 24.7885 12.4753 11.3891 109.452 1.50477
threshold= 3.5000000000000004 3.5000000000000004 1.5000000000000002 1.0000000180025095e-35 4.5000000000000009 1.0000000180025095e-35 1.0000000180025095e-35 1.5000000000000002 1.5000000000000002 1.0000000180025095e-35 4.5000000000000009 4.5000000000000009 1.0000000180025095e-35 1.5000000000000002 6.5000000000000009 2.5000000000000004
decision_type= 2 2 2 2 2 2 2 2 2 2 2 2 2 2 2 2
left_child=1 5 4 7 -2 -1 8 -4 -5 15 12 -12 -3 -9 -15 -10
right_child=2 10 3 6 -6 -7 -8 13 9 -11 11 -13 -14 14 -16 -17
leaf_value= 0.18726217829300001 0.18726217829300001 -0.0041963809298885936 0.18726217829300001 0.18726217829300001 -0.17677793099633521 -0.17677793099633521 -0.17677793099633521 -0.17677793099633521 -0.17677793099633518 0.18726217829300001 0.18726217829300007 -0.17677793099633518 0.18726217829300001 0.18726217829300001 -0.17677793099633521 -0.080806439333089508
leaf_weight=14.432910382747648 127.15891733765602 4.2439043670892707 7.7141417562961569 57.980484813451767 16.952329516410828 102.69672083854675 16.952329516410828 594.31427681446075 17.443701386451725 27.870447635650635 4.4791790843009931 3.9309749603271484 526.80122897028923 9.7048880159854871 67.317946195602417 6.7067594379186621
leaf_count=58 511 17 31 233 69 418 69 2419 71 112 18 16 2117 39 274 27
model_size=1824
internal_value=0 0.126905 -0.0878109 -0.129336 0.144439 -0.13192 0.0744698 -0.16744 0.11319 0.0306313 0.183103 0.0171068 0.185732 -0.171515 -0.130909 -0.150126
internal_weight=0 656.585 950.116 806.005 144.111 117.13 126.954 679.051 110.001 52.0209 539.455 8.41015 531.045 671.337 77.0228 24.1505
internal_count=6499 2644 3855 3275 580 476 512 2763 443 210 2168 34 2134 2732 313 98
is_linear=0
shrinkage=0.1


Tree=2
num_leaves= 17
num_cat= 0
full_tree_array_lgbids= 0 1 2 5 10 4 3 -1 -7 12 11 -2 -6 7 6 -2147483648 -2147483648 -2147483648 -2147483648 -3 -14 -12 -13 -2147483648 -2147483648 -2147483648 -2147483648 -4 13 8 -8 -2147483648 -2147483648 -2147483648 -2147483648 -2147483648 -2147483648 -2147483648 -2147483648 -2147483648 -2147483648 -2147483648 -2147483648 -2147483648 -2147483648 -2147483648 -2147483648 -2147483648 -2147483648 -2147483648 -2147483648 -2147483648 -2147483648 -2147483648 -2147483648 -2147483648 -2147483648 -9 14 -5 9 -2147483648 -2147483648 -2147483648 -2147483648 -2147483648 -2147483648 -2147483648 -2147483648 -2147483648 -2147483648 -2147483648 -2147483648 -2147483648 -2147483648 -2147483648 -2147483648 -2147483648 -2147483648 -2147483648 -2147483648 -2147483648 -2147483648 -2147483648 -2147483648 -2147483648 -2147483648 -2147483648 -2147483648 -2147483648 -2147483648 -2147483648 -2147483648 -2147483648 -2147483648 -2147483648 -2147483648 -2147483648 -2147483648 -2147483648 -2147483648 -2147483648 -2147483648 -2147483648 -2147483648 -2147483648 -2147483648 -2147483648 -2147483648 -2147483648 -2147483648 -2147483648 -2147483648 -2147483648 -2147483648 -2147483648 -2147483648 -15 -16 -2147483648 -2147483648 15 -11 -2147483648 -2147483648 -2147483648 -2147483648 -2147483648 -2147483648 -2147483648 -2147483648 -2147483648 -2147483648 -2147483648 -2147483648 -2147483648 -2147483648 -2147483648 -2147483648 -2147483648 -2147483648 -2147483648 -2147483648 -2147483648 -2147483648 -2147483648 -2147483648 -2147483648 -2147483648 -2147483648 -2147483648 -2147483648 -2147483648 -2147483648 -2147483648 -2147483648 -2147483648 -2147483648 -2147483648 -2147483648 -2147483648 -2147483648 -2147483648 -2147483648 -2147483648 -2147483648 -2147483648 -2147483648 -2147483648 -2147483648 -2147483648 -2147483648 -2147483648 -2147483648 -2147483648 -2147483648 -2147483648 -2147483648 -2147483648 -2147483648 -2147483648 -2147483648 -2147483648 -2147483648 -2147483648 -2147483648 -2147483648 -2147483648 -2147483648 -2147483648 -2147483648 -2147483648 -2147483648 -2147483648 -2147483648 -2147483648 -2147483648 -2147483648 -2147483648 -2147483648 -2147483648 -2147483648 -2147483648 -2147483648 -2147483648 -2147483648 -2147483648 -2147483648 -2147483648 -2147483648 -2147483648 -2147483648 -2147483648 -2147483648 -2147483648 -2147483648 -2147483648 -2147483648 -2147483648 -2147483648 -2147483648 -2147483648 -2147483648 -2147483648 -2147483648 -2147483648 -2147483648 -2147483648 -2147483648 -2147483648 -2147483648 -2147483648 -2147483648 -2147483648 -2147483648 -2147483648 -2147483648 -2147483648 -2147483648 -2147483648 -2147483648 -2147483648 -2147483648 -10 -17 -2147483648 -2147483648 -2147483648 -2147483648 -2147483648 -2147483648 -2147483648 -2147483648 -2147483648 -2147483648
split_feature= 8 20 19 7 4 10 9 13 21 3 21 4 12 17 19 1
split_gain= 1486.87 788.679 761.549 521.28 160.9 136.548 99.1512 78.459 52.02 118.595 15.7152 19.4078 9.34984 8.40255 90.3007 0.246087
threshold= 3.5000000000000004 3.5000000000000004 1.5000000000000002 1.0000000180025095e-35 4.5000000000000009 1.0000000180025095e-35 1.0000000180025095e-35 1.5000000000000002 1.5000000000000002 1.0000000180025095e-35 4.5000000000000009 4.5000000000000009 1.0000000180025095e-35 1.5000000000000002 6.5000000000000009 2.5000000000000004
decision_type= 2 2 2 2 2 2 2 2 2 2 2 2 2 2 2 2
left_child=1 5 4 7 -2 -1 8 -4 -5 15 12 -12 -3 -9 -15 -10
right_child=2 10 3 6 -6 -7 -8 13 9 -11 11 -13 -14 14 -16 -17
leaf_value= 0.17236010255125836 0.17236010255125836 -0.0037773991993575971 0.17236010255125836 0.17236010255125836 -0.16433727988382651 -0.16433727988382651 -0.16433727988382651 -0.16433727988382651 -0.16433727988382651 0.17236010255125836 0.17236010255125839 -0.16433727988382651 0.17236010255125836 0.17236010255125836 -0.16433727988382651 -0.073346872777648994
leaf_weight=14.127121359109877 124.46481059491634 4.2432112842798224 7.5507027953863135 56.752056494355202 16.43764516711235 99.578777968883514 16.43764516711235 576.27048781514168 16.91409865021706 27.279958486557007 4.3842790424823743 3.8116278648376465 515.63992960751057 9.4992712587118131 65.274127185344696 6.6527500748634329
leaf_count=58 511 17 31 233 69 418 69 2419 71 112 18 16 2117 39 274 27
model_size=1824
internal_value=0 0.116954 -0.0814531 -0.120077 0.133081 -0.122505 0.0686481 -0.155621 0.104241 0.0282102 0.168515 0.015774 0.170922 -0.159425 -0.121563 -0.138651
internal_weight=0 641.785 923.534 782.631 140.902 113.706 124.037 658.595 107.599 50.8468 528.079 8.19591 519.883 651.044 74.7734 23.5668
internal_count=6499 2644 3855 3275 580 476 512 2763 443 210 2168 34 2134 2732 313 98
is_linear=0
shrinkage=0.1


Tree=3
num_leaves= 16
num_cat= 0
full_tree_array_lgbids= 0 1 2 5 10 4 3 -1 -7 12 11 -2 -6 7 6 -2147483648 -2147483648 -2147483648 -2147483648 -3 -14 -12 -13 -2147483648 -2147483648 -2147483648 -2147483648 -4 13 8 -8 -2147483648 -2147483648 -2147483648 -2147483648 -2147483648 -2147483648 -2147483648 -2147483648 -2147483648 -2147483648 -2147483648 -2147483648 -2147483648 -2147483648 -2147483648 -2147483648 -2147483648 -2147483648 -2147483648 -2147483648 -2147483648 -2147483648 -2147483648 -2147483648 -2147483648 -2147483648 -9 14 -5 9 -2147483648 -2147483648 -2147483648 -2147483648 -2147483648 -2147483648 -2147483648 -2147483648 -2147483648 -2147483648 -2147483648 -2147483648 -2147483648 -2147483648 -2147483648 -2147483648 -2147483648 -2147483648 -2147483648 -2147483648 -2147483648 -2147483648 -2147483648 -2147483648 -2147483648 -2147483648 -2147483648 -2147483648 -2147483648 -2147483648 -2147483648 -2147483648 -2147483648 -2147483648 -2147483648 -2147483648 -2147483648 -2147483648 -2147483648 -2147483648 -2147483648 -2147483648 -2147483648 -2147483648 -2147483648 -2147483648 -2147483648 -2147483648 -2147483648 -2147483648 -2147483648 -2147483648 -2147483648 -2147483648 -2147483648 -2147483648 -15 -16 -2147483648 -2147483648 -10 -11 -2147483648 -2147483648 -2147483648 -2147483648
split_feature= 8 20 19 7 4 10 9 13 21 3 21 1 12 17 19
split_gain= 1254.12 662.801 643.216 441.518 134.363 114.493 82.4818 65.3219 42.6166 98.5523 11.9466 15.1931 7.02434 6.00027 75.3105
threshold= 3.5000000000000004 3.5000000000000004 1.5000000000000002 1.0000000180025095e-35 4.5000000000000009 1.0000000180025095e-35 1.0000000180025095e-35 1.5000000000000002 1.5000000000000002 1.0000000180025095e-35 4.5000000000000009 1.5000000000000002 1.0000000180025095e-35 1.5000000000000002 6.5000000000000009
decision_type= 2 2 2 2 2 2 2 2 2 2 2 2 2 2 2
left_child=1 5 4 7 -2 -1 8 -4 -5 -10 12 -12 -3 -9 -15
right_child=2 10 3 6 -6 -7 -8 13 9 -11 11 -13 -14 14 -16
leaf_value= 0.1609037703805144 0.1609037703805144 -0.0034002145451034805 0.1609037703805144 0.1609037703805144 -0.15458733496862687 -0.15458733496862687 -0.15458733496862687 -0.15458733496862687 -0.12921133720885633 0.1609037703805144 -0.15458733496862687 0.16090377038051437 0.1609037703805144 0.1609037703805144 -0.15458733496862687
leaf_weight=13.6439371407032 120.20779101550579 4.2425556927919379 7.2924491614103308 54.810988858342171 15.761341184377669 95.481748044490814 15.761341184377669 552.56064239144325 22.803920567035675 26.34691309928894 3.654803752899169 4.2343253195285797 498.00370563566685 9.1743715256452543 62.588514268398285
leaf_count=58 511 17 31 233 69 418 69 2419 98 112 16 18 2117 39 274
model_size=1712
internal_value=0 0.109272 -0.0764827 -0.112824 0.124333 -0.115142 0.0641111 -0.146362 0.0972673 0.0263026 0.157277 0.0147459 0.159516 -0.149951 -0.114254
internal_weight=0 619.261 887.308 751.339 135.969 109.126 119.723 631.616 103.962 49.1508 510.135 7.88913 502.246 624.324 71.7629
internal_count=6499 2644 3855 3275 580 476 512 2763 443 210 2168 34 2134 2732 313
is_linear=0
shrinkage=0.1


Tree=4
num_leaves= 16
num_cat= 0
full_tree_array_lgbids= 0 1 2 5 10 4 3 -1 -7 12 11 -2 -6 7 6 -2147483648 -2147483648 -2147483648 -2147483648 -3 -14 -12 -13 -2147483648 -2147483648 -2147483648 -2147483648 -4 13 8 -8 -2147483648 -2147483648 -2147483648 -2147483648 -2147483648 -2147483648 -2147483648 -2147483648 -2147483648 -2147483648 -2147483648 -2147483648 -2147483648 -2147483648 -2147483648 -2147483648 -2147483648 -2147483648 -2147483648 -2147483648 -2147483648 -2147483648 -2147483648 -2147483648 -2147483648 -2147483648 -9 14 -5 9 -2147483648 -2147483648 -2147483648 -2147483648 -2147483648 -2147483648 -2147483648 -2147483648 -2147483648 -2147483648 -2147483648 -2147483648 -2147483648 -2147483648 -2147483648 -2147483648 -2147483648 -2147483648 -2147483648 -2147483648 -2147483648 -2147483648 -2147483648 -2147483648 -2147483648 -2147483648 -2147483648 -2147483648 -2147483648 -2147483648 -2147483648 -2147483648 -2147483648 -2147483648 -2147483648 -2147483648 -2147483648 -2147483648 -2147483648 -2147483648 -2147483648 -2147483648 -2147483648 -2147483648 -2147483648 -2147483648 -2147483648 -2147483648 -2147483648 -2147483648 -2147483648 -2147483648 -2147483648 -2147483648 -2147483648 -2147483648 -15 -16 -2147483648 -2147483648 -10 -11 -2147483648 -2147483648 -2147483648 -2147483648
split_feature= 8 20 19 7 4 10 9 13 21 3 21 1 12 17 19
split_gain= 1068.87 563.074 548.57 377.491 113.226 96.7324 69.0531 54.6809 35.1435 82.3415 8.85153 11.7133 5.13282 3.93478 63.1994
threshold= 3.5000000000000004 3.5000000000000004 1.5000000000000002 1.0000000180025095e-35 4.5000000000000009 1.0000000180025095e-35 1.0000000180025095e-35 1.5000000000000002 1.5000000000000002 1.0000000180025095e-35 4.5000000000000009 1.5000000000000002 1.0000000180025095e-35 1.5000000000000002 6.5000000000000009
decision_type= 2 2 2 2 2 2 2 2 2 2 2 2 2 2 2
left_child=1 5 4 7 -2 -1 8 -4 -5 -10 12 -12 -3 -9 -15
right_child=2 10 3 6 -6 -7 -8 13 9 -11 11 -13 -14 14 -16
leaf_value= 0.15185187516794491 0.15185187516794491 -0.0030606570657631363 0.15185187516794491 0.15185187516794491 -0.14676872362570559 -0.14676872362570559 -0.14676872362570559 -0.14676872362570559 -0.12086304465584617 0.15185187516794491 -0.14676872362570559 0.15185187516794488 0.15185187516794491 0.15185187516794491 -0.14676872362570559
leaf_weight=13.042239397764204 114.90662641823292 4.2419396191835395 6.970852091908454 52.39382378757 14.980887696146963 90.75378343462944 14.980887696146963 525.19952662289143 21.983734548091888 25.185014009475708 3.4738290309905997 4.0475915372371674 476.04173801839352 8.7697816640138608 59.489322155714035
leaf_count=58 511 17 31 233 69 418 69 2419 98 112 16 18 2117 39 274
model_size=1712
internal_value=0 0.103178 -0.072496 -0.106996 0.11741 -0.109246 0.0604552 -0.13894 0.0916355 0.0247488 0.148378 0.0139315 0.150484 -0.142356 -0.108403
internal_weight=0 591.601 844.86 714.973 129.888 103.796 114.543 600.429 99.5626 47.1687 487.805 7.52142 480.284 593.459 68.2591
internal_count=6499 2644 3855 3275 580 476 512 2763 443 210 2168 34 2134 2732 313
is_linear=0
shrinkage=0.1


Tree=5
num_leaves= 16
num_cat= 0
full_tree_array_lgbids= 0 1 2 5 10 4 3 -1 -7 12 11 -2 -6 7 6 -2147483648 -2147483648 -2147483648 -2147483648 -3 -14 -12 -13 -2147483648 -2147483648 -2147483648 -2147483648 -4 13 8 -8 -2147483648 -2147483648 -2147483648 -2147483648 -2147483648 -2147483648 -2147483648 -2147483648 -2147483648 -2147483648 -2147483648 -2147483648 -2147483648 -2147483648 -2147483648 -2147483648 -2147483648 -2147483648 -2147483648 -2147483648 -2147483648 -2147483648 -2147483648 -2147483648 -2147483648 -2147483648 -9 14 -5 9 -2147483648 -2147483648 -2147483648 -2147483648 -2147483648 -2147483648 -2147483648 -2147483648 -2147483648 -2147483648 -2147483648 -2147483648 -2147483648 -2147483648 -2147483648 -2147483648 -2147483648 -2147483648 -2147483648 -2147483648 -2147483648 -2147483648 -2147483648 -2147483648 -2147483648 -2147483648 -2147483648 -2147483648 -2147483648 -2147483648 -2147483648 -2147483648 -2147483648 -2147483648 -2147483648 -2147483648 -2147483648 -2147483648 -2147483648 -2147483648 -2147483648 -2147483648 -2147483648 -2147483648 -2147483648 -2147483648 -2147483648 -2147483648 -2147483648 -2147483648 -2147483648 -2147483648 -2147483648 -2147483648 -2147483648 -2147483648 -15 -16 -2147483648 -2147483648 -10 -11 -2147483648 -2147483648 -2147483648 -2147483648
split_feature= 8 20 19 7 4 10 9 13 21 3 21 1 12 17 19
split_gain= 918.495 482.382 471.434 325.086 96.0223 82.1466 58.0258 45.8883 29.0307 69.0548 6.24191 8.77253 3.53513 2.1236 53.2165
threshold= 3.5000000000000004 3.5000000000000004 1.5000000000000002 1.0000000180025095e-35 4.5000000000000009 1.0000000180025095e-35 1.0000000180025095e-35 1.5000000000000002 1.5000000000000002 1.0000000180025095e-35 4.5000000000000009 1.5000000000000002 1.0000000180025095e-35 1.5000000000000002 6.5000000000000009
decision_type= 2 2 2 2 2 2 2 2 2 2 2 2 2 2 2
left_child=1 5 4 7 -2 -1 8 -4 -5 -10 12 -12 -3 -9 -15
right_child=2 10 3 6 -6 -7 -8 13 9 -11 11 -13 -14 14 -16
leaf_value= 0.14454675775689577 0.14454675775689577 -0.0027549883843111991 0.14454675775689577 0.14454675775689577 -0.14038449805642142 -0.14038449805642142 -0.14038449805642142 -0.14038449805642142 -0.11357735847433688 0.14454675775689577 -0.14038449805642142 0.14454675775689574 0.14454675775689577 0.14454675775689577 -0.14038449805642142
leaf_weight=12.365946739912031 108.9482548981905 4.2413643300533286 6.6093853265047064 49.676992937922478 14.139219447970389 85.654981583356857 14.139219447970389 495.69234557449818 21.100628450512886 23.879069566726685 3.2786595821380606 3.8377076089382172 451.35705600678921 8.3150331526994687 56.147045344114304
leaf_count=58 511 17 31 233 69 418 69 2419 98 112 16 18 2117 39 274
model_size=1712
internal_value=0 0.098242 -0.0692401 -0.102229 0.111816 -0.104439 0.0574545 -0.132881 0.0870064 0.023457 0.141178 0.013273 0.143175 -0.136155 -0.103631
internal_weight=0 560.736 798.647 675.56 123.087 98.0209 108.796 566.764 94.6567 44.9797 462.715 7.11637 455.598 560.154 64.4621
internal_count=6499 2644 3855 3275 580 476 512 2763 443 210 2168 34 2134 2732 313
is_linear=0
shrinkage=0.1


Tree=6
num_leaves= 16
num_cat= 0
full_tree_array_lgbids= 0 1 2 5 10 4 3 -1 -7 12 11 -2 -6 7 6 -2147483648 -2147483648 -2147483648 -2147483648 -3 -14 -12 -13 -2147483648 -2147483648 -2147483648 -2147483648 -4 13 8 -8 -2147483648 -2147483648 -2147483648 -2147483648 -2147483648 -2147483648 -2147483648 -2147483648 -2147483648 -2147483648 -2147483648 -2147483648 -2147483648 -2147483648 -2147483648 -2147483648 -2147483648 -2147483648 -2147483648 -2147483648 -2147483648 -2147483648 -2147483648 -2147483648 -2147483648 -2147483648 -9 14 -5 9 -2147483648 -2147483648 -2147483648 -2147483648 -2147483648 -2147483648 -2147483648 -2147483648 -2147483648 -2147483648 -2147483648 -2147483648 -2147483648 -2147483648 -2147483648 -2147483648 -2147483648 -2147483648 -2147483648 -2147483648 -2147483648 -2147483648 -2147483648 -2147483648 -2147483648 -2147483648 -2147483648 -2147483648 -2147483648 -2147483648 -2147483648 -2147483648 -2147483648 -2147483648 -2147483648 -2147483648 -2147483648 -2147483648 -2147483648 -2147483648 -2147483648 -2147483648 -2147483648 -2147483648 -2147483648 -2147483648 -2147483648 -2147483648 -2147483648 -2147483648 -2147483648 -2147483648 -2147483648 -2147483648 -2147483648 -2147483648 -15 -16 -2147483648 -2147483648 -10 -11 -2147483648 -2147483648 -2147483648 -2147483648
split_feature= 8 20 19 7 4 10 9 13 21 3 21 1 12 17 19
split_gain= 794.463 415.986 407.592 281.553 81.774 69.9753 48.8175 38.5033 23.9269 57.9909 3.99393 6.23897 2.14459 0.509118 44.8523
threshold= 3.5000000000000004 3.5000000000000004 1.5000000000000002 1.0000000180025095e-35 4.5000000000000009 1.0000000180025095e-35 1.0000000180025095e-35 1.5000000000000002 1.5000000000000002 1.0000000180025095e-35 4.5000000000000009 1.5000000000000002 1.0000000180025095e-35 1.5000000000000002 6.5000000000000009
decision_type= 2 2 2 2 2 2 2 2 2 2 2 2 2 2 2
left_child=1 5 4 7 -2 -1 8 -4 -5 -10 12 -12 -3 -9 -15
right_child=2 10 3 6 -6 -7 -8 13 9 -11 11 -13 -14 14 -16
leaf_value= 0.13855140791954978 0.13855140791954978 -0.0024798143532451006 0.13855140791954978 0.13855140791954978 -0.13509509769210032 -0.13509509769210032 -0.13509509769210032 -0.13509509769210032 -0.10709581907206583 0.13855140791954978 -0.13509509769210032 0.13855140791954976 0.13855140791954978 0.13855140791954978 -0.13509509769210032
leaf_weight=11.647865027189253 102.62170739471912 4.2408298254013053 6.2255830317735663 46.792285367846489 13.268332377076147 80.379172950983047 13.268332377076147 465.16081188619137 20.187672391533852 22.49242901802063 3.0767147541046134 3.6148546636104584 425.1470734924078 7.8321851044893256 52.688740164041519
leaf_count=58 511 17 31 233 69 418 69 2419 98 112 16 18 2117 39 274
model_size=1712
internal_value=0 0.0941749 -0.0665394 -0.098269 0.107221 -0.10046 0.0549441 -0.127863 0.083126 0.0223604 0.135249 0.0127316 0.137159 -0.131018 -0.0996817
internal_weight=0 528.107 750.538 634.648 115.89 92.027 102.741 531.907 89.4724 42.6801 436.079 6.69157 429.388 525.682 60.5209
internal_count=6499 2644 3855 3275 580 476 512 2763 443 210 2168 34 2134 2732 313
is_linear=0
shrinkage=0.1


Tree=7
num_leaves= 15
num_cat= 0
full_tree_array_lgbids= 0 1 2 5 11 4 3 -1 -7 13 12 -2 -6 7 6 -2147483648 -2147483648 -2147483648 -2147483648 -3 -15 -13 -14 -2147483648 -2147483648 -2147483648 -2147483648 -4 -9 8 -8 -2147483648 -2147483648 -2147483648 -2147483648 -2147483648 -2147483648 -2147483648 -2147483648 -2147483648 -2147483648 -2147483648 -2147483648 -2147483648 -2147483648 -2147483648 -2147483648 -2147483648 -2147483648 -2147483648 -2147483648 -2147483648 -2147483648 -2147483648 -2147483648 -2147483648 -2147483648 -2147483648 -2147483648 9 -10 -2147483648 -2147483648 -2147483648 -2147483648 -2147483648 -2147483648 -2147483648 -2147483648 -2147483648 -2147483648 -2147483648 -2147483648 -2147483648 -2147483648 -2147483648 -2147483648 -2147483648 -2147483648 -2147483648 -2147483648 -2147483648 -2147483648 -2147483648 -2147483648 -2147483648 -2147483648 -2147483648 -2147483648 -2147483648 -2147483648 -2147483648 -2147483648 -2147483648 -2147483648 -2147483648 -2147483648 -2147483648 -2147483648 -2147483648 -2147483648 -2147483648 -2147483648 -2147483648 -2147483648 -2147483648 -2147483648 -2147483648 -2147483648 -2147483648 -2147483648 -2147483648 -2147483648 -2147483648 -2147483648 -2147483648 -2147483648 -2147483648 -2147483648 10 -11 -2147483648 -2147483648 -2147483648 -2147483648 -2147483648 -2147483648 -2147483648 -2147483648 -2147483648 -2147483648 -2147483648 -2147483648 -2147483648 -2147483648 -2147483648 -2147483648 -2147483648 -2147483648 -2147483648 -2147483648 -2147483648 -2147483648 -2147483648 -2147483648 -2147483648 -2147483648 -2147483648 -2147483648 -2147483648 -2147483648 -2147483648 -2147483648 -2147483648 -2147483648 -2147483648 -2147483648 -2147483648 -2147483648 -2147483648 -2147483648 -2147483648 -2147483648 -2147483648 -2147483648 -2147483648 -2147483648 -2147483648 -2147483648 -2147483648 -2147483648 -2147483648 -2147483648 -2147483648 -2147483648 -2147483648 -2147483648 -2147483648 -2147483648 -2147483648 -2147483648 -2147483648 -2147483648 -2147483648 -2147483648 -2147483648 -2147483648 -2147483648 -2147483648 -2147483648 -2147483648 -2147483648 -2147483648 -2147483648 -2147483648 -2147483648 -2147483648 -2147483648 -2147483648 -2147483648 -2147483648 -2147483648 -2147483648 -2147483648 -2147483648 -2147483648 -2147483648 -2147483648 -2147483648 -2147483648 -2147483648 -2147483648 -2147483648 -2147483648 -2147483648 -2147483648 -2147483648 -2147483648 -2147483648 -2147483648 -2147483648 -2147483648 -2147483648 -2147483648 -2147483648 -2147483648 -2147483648 -2147483648 -2147483648 -2147483648 -2147483648 -2147483648 -2147483648 -2147483648 -2147483648 -2147483648 -2147483648 -2147483648 -2147483648 -5 -12 -2147483648 -2147483648 -2147483648 -2147483648 -2147483648 -2147483648 -2147483648 -2147483648 -2147483648 -2147483648 -2147483648 -2147483648 -2147483648 -2147483648
split_feature= 8 20 19 7 4 10 9 13 2 3 21 21 1 12
split_gain= 690.823 360.601 354.081 244.947 69.8033 59.6831 41.0204 32.2152 20.0741 26.9601 38.0249 2.02266 3.89564 0.779975
threshold= 3.5000000000000004 3.5000000000000004 1.5000000000000002 1.0000000180025095e-35 4.5000000000000009 1.0000000180025095e-35 1.0000000180025095e-35 1.5000000000000002 4.5000000000000009 1.0000000180025095e-35 1.5000000000000002 4.5000000000000009 1.5000000000000002 1.0000000180025095e-35
decision_type= 2 2 2 2 2 2 2 2 2 2 2 2 2 2
left_child=1 5 4 7 -2 -1 8 -4 9 10 -5 13 -13 -3
right_child=2 11 3 6 -6 -7 -8 -9 -10 -11 -12 12 -14 -15
leaf_value= 0.13356356395996258 0.13356356395996258 -0.0022321090491633213 0.13356356395996258 0.13356356395996249 -0.13066022980921915 -0.13066022980921915 -0.13066022980921915 -0.12671143771980317 0.14074456092406815 0.13356356395996258 -0.13687809856866959 -0.13066022980921915 0.13356356395996252 0.13356356395996258
leaf_weight=10.912395119667051 96.14196389913559 4.240334838628768 5.8324870467185965 9.4072371721267718 12.391892105340956 75.069723188877106 12.391892105340956 490.98062238097191 38.946478009223938 18.061895370483398 17.763731554150581 2.8734822273254386 3.3866053819656372 398.30242186784744
leaf_count=58 511 17 31 50 69 418 69 2732 206 96 91 16 18 2117
model_size=1600
internal_value=0 0.0907768 -0.0642698 -0.0949369 0.103396 -0.0971263 0.0528086 -0.123656 0.0798167 0.0273564 -0.0432447 0.130298 0.0122805 0.132133
internal_weight=0 494.785 701.918 593.384 108.534 85.9821 96.5712 496.813 84.1793 45.2329 27.171 408.803 6.26009 402.543
internal_count=6499 2644 3855 3275 580 476 512 2763 443 237 141 2168 34 2134
is_linear=0
shrinkage=0.1


Tree=8
num_leaves= 12
num_cat= 0
full_tree_array_lgbids= 0 1 2 5 -3 4 3 -1 -7 -2147483648 -2147483648 -2 -6 7 6 -2147483648 -2147483648 -2147483648 -2147483648 -2147483648 -2147483648 -2147483648 -2147483648 -2147483648 -2147483648 -2147483648 -2147483648 -4 -9 8 -8 -2147483648 -2147483648 -2147483648 -2147483648 -2147483648 -2147483648 -2147483648 -2147483648 -2147483648 -2147483648 -2147483648 -2147483648 -2147483648 -2147483648 -2147483648 -2147483648 -2147483648 -2147483648 -2147483648 -2147483648 -2147483648 -2147483648 -2147483648 -2147483648 -2147483648 -2147483648 -2147483648 -2147483648 9 -10 -2147483648 -2147483648 -2147483648 -2147483648 -2147483648 -2147483648 -2147483648 -2147483648 -2147483648 -2147483648 -2147483648 -2147483648 -2147483648 -2147483648 -2147483648 -2147483648 -2147483648 -2147483648 -2147483648 -2147483648 -2147483648 -2147483648 -2147483648 -2147483648 -2147483648 -2147483648 -2147483648 -2147483648 -2147483648 -2147483648 -2147483648 -2147483648 -2147483648 -2147483648 -2147483648 -2147483648 -2147483648 -2147483648 -2147483648 -2147483648 -2147483648 -2147483648 -2147483648 -2147483648 -2147483648 -2147483648 -2147483648 -2147483648 -2147483648 -2147483648 -2147483648 -2147483648 -2147483648 -2147483648 -2147483648 -2147483648 -2147483648 -2147483648 10 -11 -2147483648 -2147483648 -2147483648 -2147483648 -2147483648 -2147483648 -2147483648 -2147483648 -2147483648 -2147483648 -2147483648 -2147483648 -2147483648 -2147483648 -2147483648 -2147483648 -2147483648 -2147483648 -2147483648 -2147483648 -2147483648 -2147483648 -2147483648 -2147483648 -2147483648 -2147483648 -2147483648 -2147483648 -2147483648 -2147483648 -2147483648 -2147483648 -2147483648 -2147483648 -2147483648 -2147483648 -2147483648 -2147483648 -2147483648 -2147483648 -2147483648 -2147483648 -2147483648 -2147483648 -2147483648 -2147483648 -2147483648 -2147483648 -2147483648 -2147483648 -2147483648 -2147483648 -2147483648 -2147483648 -2147483648 -2147483648 -2147483648 -2147483648 -2147483648 -2147483648 -2147483648 -2147483648 -2147483648 -2147483648 -2147483648 -2147483648 -2147483648 -2147483648 -2147483648 -2147483648 -2147483648 -2147483648 -2147483648 -2147483648 -2147483648 -2147483648 -2147483648 -2147483648 -2147483648 -2147483648 -2147483648 -2147483648 -2147483648 -2147483648 -2147483648 -2147483648 -2147483648 -2147483648 -2147483648 -2147483648 -2147483648 -2147483648 -2147483648 -2147483648 -2147483648 -2147483648 -2147483648 -2147483648 -2147483648 -2147483648 -2147483648 -2147483648 -2147483648 -2147483648 -2147483648 -2147483648 -2147483648 -2147483648 -2147483648 -2147483648 -2147483648 -2147483648 -2147483648 -2147483648 -2147483648 -2147483648 -2147483648 -2147483648 -5 -12 -2147483648 -2147483648 -2147483648 -2147483648 -2147483648 -2147483648 -2147483648 -2147483648 -2147483648 -2147483648 -2147483648 -2147483648 -2147483648 -2147483648
split_feature= 8 20 19 7 4 10 9 13 2 3 21
split_gain= 602.008 313.376 307.431 211.879 59.1245 50.3817 33.9323 26.1488 15.5537 21.7101 31.3221
threshold= 3.5000000000000004 3.5000000000000004 1.5000000000000002 1.0000000180025095e-35 4.5000000000000009 1.0000000180025095e-35 1.0000000180025095e-35 1.5000000000000002 4.5000000000000009 1.0000000180025095e-35 1.5000000000000002
decision_type= 2 2 2 2 2 2 2 2 2 2 2
left_child=1 5 4 7 -2 -1 8 -4 9 10 -5
right_child=2 -3 3 6 -6 -7 -8 -9 -10 -11 -12
leaf_value= 0.12936717161346731 0.12936717161346731 0.12611196560805024 0.12936717161346731 0.12936717161346725 -0.12690484179902931 -0.12690484179902931 -0.12690484179902931 -0.12250854082355866 0.1361688664694293 0.12936717161346731 -0.13218945422711773
leaf_weight=10.177520692348478 89.667466789484024 381.55089361965656 5.4397093355655661 8.7737247347831744 11.527180284261702 69.83132404088974 11.527180284261702 458.70834366977215 36.362581014633179 16.845551490783691 16.613581016659737
leaf_count=58 511 2168 31 50 69 418 69 2732 206 96 91
model_size=1264
internal_value=0 0.0879038 -0.0621666 -0.0918057 0.100175 -0.0943058 0.0511165 -0.119557 0.0772259 0.0264759 -0.0417968
internal_weight=0 461.56 655.465 554.271 101.195 80.0088 90.1226 464.148 78.5954 42.2329 25.3873
internal_count=6499 2644 3855 3275 580 476 512 2763 443 237 141
is_linear=0
shrinkage=0.1


Tree=9
num_leaves= 14
num_cat= 0
full_tree_array_lgbids= 0 1 2 5 11 4 3 -1 -7 -3 12 -2 -6 7 6 -2147483648 -2147483648 -2147483648 -2147483648 -2147483648 -2147483648 -13 -14 -2147483648 -2147483648 -2147483648 -2147483648 -4 -9 8 -8 -2147483648 -2147483648 -2147483648 -2147483648 -2147483648 -2147483648 -2147483648 -2147483648 -2147483648 -2147483648 -2147483648 -2147483648 -2147483648 -2147483648 -2147483648 -2147483648 -2147483648 -2147483648 -2147483648 -2147483648 -2147483648 -2147483648 -2147483648 -2147483648 -2147483648 -2147483648 -2147483648 -2147483648 9 -10 -2147483648 -2147483648 -2147483648 -2147483648 -2147483648 -2147483648 -2147483648 -2147483648 -2147483648 -2147483648 -2147483648 -2147483648 -2147483648 -2147483648 -2147483648 -2147483648 -2147483648 -2147483648 -2147483648 -2147483648 -2147483648 -2147483648 -2147483648 -2147483648 -2147483648 -2147483648 -2147483648 -2147483648 -2147483648 -2147483648 -2147483648 -2147483648 -2147483648 -2147483648 -2147483648 -2147483648 -2147483648 -2147483648 -2147483648 -2147483648 -2147483648 -2147483648 -2147483648 -2147483648 -2147483648 -2147483648 -2147483648 -2147483648 -2147483648 -2147483648 -2147483648 -2147483648 -2147483648 -2147483648 -2147483648 -2147483648 -2147483648 -2147483648 10 -11 -2147483648 -2147483648 -2147483648 -2147483648 -2147483648 -2147483648 -2147483648 -2147483648 -2147483648 -2147483648 -2147483648 -2147483648 -2147483648 -2147483648 -2147483648 -2147483648 -2147483648 -2147483648 -2147483648 -2147483648 -2147483648 -2147483648 -2147483648 -2147483648 -2147483648 -2147483648 -2147483648 -2147483648 -2147483648 -2147483648 -2147483648 -2147483648 -2147483648 -2147483648 -2147483648 -2147483648 -2147483648 -2147483648 -2147483648 -2147483648 -2147483648 -2147483648 -2147483648 -2147483648 -2147483648 -2147483648 -2147483648 -2147483648 -2147483648 -2147483648 -2147483648 -2147483648 -2147483648 -2147483648 -2147483648 -2147483648 -2147483648 -2147483648 -2147483648 -2147483648 -2147483648 -2147483648 -2147483648 -2147483648 -2147483648 -2147483648 -2147483648 -2147483648 -2147483648 -2147483648 -2147483648 -2147483648 -2147483648 -2147483648 -2147483648 -2147483648 -2147483648 -2147483648 -2147483648 -2147483648 -2147483648 -2147483648 -2147483648 -2147483648 -2147483648 -2147483648 -2147483648 -2147483648 -2147483648 -2147483648 -2147483648 -2147483648 -2147483648 -2147483648 -2147483648 -2147483648 -2147483648 -2147483648 -2147483648 -2147483648 -2147483648 -2147483648 -2147483648 -2147483648 -2147483648 -2147483648 -2147483648 -2147483648 -2147483648 -2147483648 -2147483648 -2147483648 -2147483648 -2147483648 -2147483648 -2147483648 -2147483648 -2147483648 -5 -12 -2147483648 -2147483648 -2147483648 -2147483648 -2147483648 -2147483648 -2147483648 -2147483648 -2147483648 -2147483648 -2147483648 -2147483648 -2147483648 -2147483648
split_feature= 8 20 19 7 4 10 9 13 2 3 21 21 1
split_gain= 525.52 272.448 267.699 183.625 50.13 42.5319 27.988 21.0476 11.7992 17.228 25.6217 0.0745678 0.710845
threshold= 3.5000000000000004 3.5000000000000004 1.5000000000000002 1.0000000180025095e-35 4.5000000000000009 1.0000000180025095e-35 1.0000000180025095e-35 1.5000000000000002 4.5000000000000009 1.0000000180025095e-35 1.5000000000000002 4.5000000000000009 1.5000000000000002
decision_type= 2 2 2 2 2 2 2 2 2 2 2 2 2
left_child=1 5 4 7 -2 -1 8 -4 9 10 -5 -3 -13
right_child=2 11 3 6 -6 -7 -8 -9 -10 -11 -12 12 -14
leaf_value= 0.12580350276737742 0.12580350276737742 0.12418226058930343 0.12580350276737742 0.1258035027673774 -0.12369825373571018 -0.12369825373571018 -0.12369825373571018 -0.1187719509952945 0.13228072321449233 0.12580350276737742 -0.12822670342382203 -0.1305210993650753 0.12588763988366428
leaf_weight=9.456299960613249 83.313263446092606 350.06677155196667 5.0542292892932883 8.1519827246665955 10.686567977070807 64.738919049501419 10.686567977070807 427.4395457804203 33.819019168615341 15.651806831359862 15.472953572869301 2.8665442466735831 2.9403482973575592
leaf_count=58 511 2134 31 50 69 418 69 2732 206 96 91 16 18
model_size=1488
internal_value=0 0.0852181 -0.0603179 -0.089041 0.0974384 -0.0918989 0.0496793 -0.115914 0.075027 0.0257291 -0.0405714 0.122145 -0.000687287
internal_weight=0 430.069 610.276 516.276 93.9998 74.1952 83.7823 432.494 73.0958 39.2767 23.6249 355.874 5.80689
internal_count=6499 2644 3855 3275 580 476 512 2763 443 237 141 2168 34
is_linear=0
shrinkage=0.1


Tree=10
num_leaves= 12
num_cat= 0
full_tree_array_lgbids= 0 1 2 5 -3 4 3 -1 -7 -2147483648 -2147483648 -2 -6 7 6 -2147483648 -2147483648 -2147483648 -2147483648 -2147483648 -2147483648 -2147483648 -2147483648 -2147483648 -2147483648 -2147483648 -2147483648 -4 -9 8 -8 -2147483648 -2147483648 -2147483648 -2147483648 -2147483648 -2147483648 -2147483648 -2147483648 -2147483648 -2147483648 -2147483648 -2147483648 -2147483648 -2147483648 -2147483648 -2147483648 -2147483648 -2147483648 -2147483648 -2147483648 -2147483648 -2147483648 -2147483648 -2147483648 -2147483648 -2147483648 -2147483648 -2147483648 9 -10 -2147483648 -2147483648 -2147483648 -2147483648 -2147483648 -2147483648 -2147483648 -2147483648 -2147483648 -2147483648 -2147483648 -2147483648 -2147483648 -2147483648 -2147483648 -2147483648 -2147483648 -2147483648 -2147483648 -2147483648 -2147483648 -2147483648 -2147483648 -2147483648 -2147483648 -2147483648 -2147483648 -2147483648 -2147483648 -2147483648 -2147483648 -2147483648 -2147483648 -2147483648 -2147483648 -2147483648 -2147483648 -2147483648 -2147483648 -2147483648 -2147483648 -2147483648 -2147483648 -2147483648 -2147483648 -2147483648 -2147483648 -2147483648 -2147483648 -2147483648 -2147483648 -2147483648 -2147483648 -2147483648 -2147483648 -2147483648 -2147483648 -2147483648 10 -11 -2147483648 -2147483648 -2147483648 -2147483648 -2147483648 -2147483648 -2147483648 -2147483648 -2147483648 -2147483648 -2147483648 -2147483648 -2147483648 -2147483648 -2147483648 -2147483648 -2147483648 -2147483648 -2147483648 -2147483648 -2147483648 -2147483648 -2147483648 -2147483648 -2147483648 -2147483648 -2147483648 -2147483648 -2147483648 -2147483648 -2147483648 -2147483648 -2147483648 -2147483648 -2147483648 -2147483648 -2147483648 -2147483648 -2147483648 -2147483648 -2147483648 -2147483648 -2147483648 -2147483648 -2147483648 -2147483648 -2147483648 -2147483648 -2147483648 -2147483648 -2147483648 -2147483648 -2147483648 -2147483648 -2147483648 -2147483648 -2147483648 -2147483648 -2147483648 -2147483648 -2147483648 -2147483648 -2147483648 -2147483648 -2147483648 -2147483648 -2147483648 -2147483648 -2147483648 -2147483648 -2147483648 -2147483648 -2147483648 -2147483648 -2147483648 -2147483648 -2147483648 -2147483648 -2147483648 -2147483648 -2147483648 -2147483648 -2147483648 -2147483648 -2147483648 -2147483648 -2147483648 -2147483648 -2147483648 -2147483648 -2147483648 -2147483648 -2147483648 -2147483648 -2147483648 -2147483648 -2147483648 -2147483648 -2147483648 -2147483648 -2147483648 -2147483648 -2147483648 -2147483648 -2147483648 -2147483648 -2147483648 -2147483648 -2147483648 -2147483648 -2147483648 -2147483648 -2147483648 -2147483648 -2147483648 -2147483648 -2147483648 -2147483648 -5 -12 -2147483648 -2147483648 -2147483648 -2147483648 -2147483648 -2147483648 -2147483648 -2147483648 -2147483648 -2147483648 -2147483648 -2147483648 -2147483648 -2147483648
split_feature= 8 20 19 7 4 10 9 13 2 3 21
split_gain= 460.096 237.595 233.171 158.881 42.0508 35.4141 22.5196 16.2833 8.21037 13.0171 20.3792
threshold= 3.5000000000000004 3.5000000000000004 1.5000000000000002 1.0000000180025095e-35 4.5000000000000009 1.0000000180025095e-35 1.0000000180025095e-35 1.5000000000000002 4.5000000000000009 1.0000000180025095e-35 1.5000000000000002
decision_type= 2 2 2 2 2 2 2 2 2 2 2
left_child=1 5 4 7 -2 -1 8 -4 9 10 -5
right_child=2 -3 3 6 -6 -7 -8 -9 -10 -11 -12
leaf_value= 0.12275322415096231 0.12275322415096231 0.11892941162090785 0.12275322415096231 0.12275322415096229 -0.12094088198253522 -0.12094088198253522 -0.12094088198253522 -0.11540066267433702 0.12894072118122313 0.12275322415096231 -0.12484824092801204
leaf_weight=8.7580039203166944 77.161034539341927 330.2633937895298 4.6810020953416815 7.5500033795833597 9.8786517977714521 59.844586253166199 9.8786517977714521 397.48031812906265 31.352278009057045 14.496006488800047 14.359687626361847
leaf_count=58 511 2168 31 50 69 418 69 2732 206 96 91
model_size=1264
internal_value=0 0.083024 -0.0586703 -0.0865648 0.0950949 -0.0898302 0.0484474 -0.112629 0.073143 0.0250905 -0.0395256
internal_weight=0 398.866 566.838 479.798 87.0397 68.6026 77.6366 402.161 67.758 36.4057 21.9097
internal_count=6499 2644 3855 3275 580 476 512 2763 443 237 141
is_linear=0
shrinkage=0.1


Tree=11
num_leaves= 14
num_cat= 0
full_tree_array_lgbids= 0 1 2 5 -3 4 3 -1 -7 -2147483648 -2147483648 -2 -6 7 6 -2147483648 -2147483648 -2147483648 -2147483648 -2147483648 -2147483648 -2147483648 -2147483648 -2147483648 -2147483648 -2147483648 -2147483648 -4 11 8 -8 -2147483648 -2147483648 -2147483648 -2147483648 -2147483648 -2147483648 -2147483648 -2147483648 -2147483648 -2147483648 -2147483648 -2147483648 -2147483648 -2147483648 -2147483648 -2147483648 -2147483648 -2147483648 -2147483648 -2147483648 -2147483648 -2147483648 -2147483648 -2147483648 -2147483648 -2147483648 -9 12 9 -10 -2147483648 -2147483648 -2147483648 -2147483648 -2147483648 -2147483648 -2147483648 -2147483648 -2147483648 -2147483648 -2147483648 -2147483648 -2147483648 -2147483648 -2147483648 -2147483648 -2147483648 -2147483648 -2147483648 -2147483648 -2147483648 -2147483648 -2147483648 -2147483648 -2147483648 -2147483648 -2147483648 -2147483648 -2147483648 -2147483648 -2147483648 -2147483648 -2147483648 -2147483648 -2147483648 -2147483648 -2147483648 -2147483648 -2147483648 -2147483648 -2147483648 -2147483648 -2147483648 -2147483648 -2147483648 -2147483648 -2147483648 -2147483648 -2147483648 -2147483648 -2147483648 -2147483648 -2147483648 -2147483648 -2147483648 -2147483648 -13 -14 10 -11 -2147483648 -2147483648 -2147483648 -2147483648 -2147483648 -2147483648 -2147483648 -2147483648 -2147483648 -2147483648 -2147483648 -2147483648 -2147483648 -2147483648 -2147483648 -2147483648 -2147483648 -2147483648 -2147483648 -2147483648 -2147483648 -2147483648 -2147483648 -2147483648 -2147483648 -2147483648 -2147483648 -2147483648 -2147483648 -2147483648 -2147483648 -2147483648 -2147483648 -2147483648 -2147483648 -2147483648 -2147483648 -2147483648 -2147483648 -2147483648 -2147483648 -2147483648 -2147483648 -2147483648 -2147483648 -2147483648 -2147483648 -2147483648 -2147483648 -2147483648 -2147483648 -2147483648 -2147483648 -2147483648 -2147483648 -2147483648 -2147483648 -2147483648 -2147483648 -2147483648 -2147483648 -2147483648 -2147483648 -2147483648 -2147483648 -2147483648 -2147483648 -2147483648 -2147483648 -2147483648 -2147483648 -2147483648 -2147483648 -2147483648 -2147483648 -2147483648 -2147483648 -2147483648 -2147483648 -2147483648 -2147483648 -2147483648 -2147483648 -2147483648 -2147483648 -2147483648 -2147483648 -2147483648 -2147483648 -2147483648 -2147483648 -2147483648 -2147483648 -2147483648 -2147483648 -2147483648 -2147483648 -2147483648 -2147483648 -2147483648 -2147483648 -2147483648 -2147483648 -2147483648 -2147483648 -2147483648 -2147483648 -2147483648 -2147483648 -2147483648 -2147483648 -2147483648 -2147483648 -2147483648 -2147483648 -2147483648 -2147483648 -2147483648 -5 -12 -2147483648 -2147483648 -2147483648 -2147483648 -2147483648 -2147483648 -2147483648 -2147483648 -2147483648 -2147483648 -2147483648 -2147483648 -2147483648 -2147483648
split_feature= 8 20 19 7 4 10 9 13 2 3 21 17 19
split_gain= 403.106 207.08 203.404 137.517 35.18 29.3583 17.8982 12.2562 5.21168 9.4841 15.9657 0.56067 42.6702
threshold= 3.5000000000000004 3.5000000000000004 1.5000000000000002 1.0000000180025095e-35 4.5000000000000009 1.0000000180025095e-35 1.0000000180025095e-35 1.5000000000000002 4.5000000000000009 1.0000000180025095e-35 1.5000000000000002 1.5000000000000002 6.5000000000000009
decision_type= 2 2 2 2 2 2 2 2 2 2 2 2 2
left_child=1 5 4 7 -2 -1 8 -4 9 10 -5 -9 -13
right_child=2 -3 3 6 -6 -7 -8 11 -10 -11 -12 12 -14
leaf_value= 0.120124818310304 0.120124818310304 0.11579724812759369 0.120124818310304 0.12012481831030393 -0.11855542649094364 -0.11855542649094364 -0.11855542649094364 -0.11890778621187399 0.12604370152361777 0.120124818310304 -0.12194671370661686 0.15442555827036963 -0.11890778621187399
leaf_weight=8.0889927148818952 71.26681512594223 306.50159187614918 4.3234271407127371 6.9732695817947414 9.1091340333223325 55.18286994099617 9.1091340333223325 323.48633189499378 28.987038642168045 13.388677597045897 13.286316826939581 8.9008014500141126 36.641279429197311
leaf_count=58 511 2168 31 50 69 418 69 2419 206 96 91 39 274
model_size=1488
internal_value=0 0.0809185 -0.0571823 -0.0843158 0.0930748 -0.0880413 0.0473828 -0.109623 0.0715154 0.0245407 -0.0386266 -0.112315 -0.0654872
internal_weight=0 369.773 525.472 445.096 80.3759 63.2719 71.7444 373.352 62.6353 33.6483 20.2596 369.028 45.5421
internal_count=6499 2644 3855 3275 580 476 512 2763 443 237 141 2732 313
is_linear=0
shrinkage=0.1


Tree=12
num_leaves= 12
num_cat= 0
full_tree_array_lgbids= 0 1 2 5 -3 4 3 -1 -7 -2147483648 -2147483648 -2 -6 7 6 -2147483648 -2147483648 -2147483648 -2147483648 -2147483648 -2147483648 -2147483648 -2147483648 -2147483648 -2147483648 -2147483648 -2147483648 -4 -9 8 -8 -2147483648 -2147483648 -2147483648 -2147483648 -2147483648 -2147483648 -2147483648 -2147483648 -2147483648 -2147483648 -2147483648 -2147483648 -2147483648 -2147483648 -2147483648 -2147483648 -2147483648 -2147483648 -2147483648 -2147483648 -2147483648 -2147483648 -2147483648 -2147483648 -2147483648 -2147483648 -2147483648 -2147483648 9 -10 -2147483648 -2147483648 -2147483648 -2147483648 -2147483648 -2147483648 -2147483648 -2147483648 -2147483648 -2147483648 -2147483648 -2147483648 -2147483648 -2147483648 -2147483648 -2147483648 -2147483648 -2147483648 -2147483648 -2147483648 -2147483648 -2147483648 -2147483648 -2147483648 -2147483648 -2147483648 -2147483648 -2147483648 -2147483648 -2147483648 -2147483648 -2147483648 -2147483648 -2147483648 -2147483648 -2147483648 -2147483648 -2147483648 -2147483648 -2147483648 -2147483648 -2147483648 -2147483648 -2147483648 -2147483648 -2147483648 -2147483648 -2147483648 -2147483648 -2147483648 -2147483648 -2147483648 -2147483648 -2147483648 -2147483648 -2147483648 -2147483648 -2147483648 10 -11 -2147483648 -2147483648 -2147483648 -2147483648 -2147483648 -2147483648 -2147483648 -2147483648 -2147483648 -2147483648 -2147483648 -2147483648 -2147483648 -2147483648 -2147483648 -2147483648 -2147483648 -2147483648 -2147483648 -2147483648 -2147483648 -2147483648 -2147483648 -2147483648 -2147483648 -2147483648 -2147483648 -2147483648 -2147483648 -2147483648 -2147483648 -2147483648 -2147483648 -2147483648 -2147483648 -2147483648 -2147483648 -2147483648 -2147483648 -2147483648 -2147483648 -2147483648 -2147483648 -2147483648 -2147483648 -2147483648 -2147483648 -2147483648 -2147483648 -2147483648 -2147483648 -2147483648 -2147483648 -2147483648 -2147483648 -2147483648 -2147483648 -2147483648 -2147483648 -2147483648 -2147483648 -2147483648 -2147483648 -2147483648 -2147483648 -2147483648 -2147483648 -2147483648 -2147483648 -2147483648 -2147483648 -2147483648 -2147483648 -2147483648 -2147483648 -2147483648 -2147483648 -2147483648 -2147483648 -2147483648 -2147483648 -2147483648 -2147483648 -2147483648 -2147483648 -2147483648 -2147483648 -2147483648 -2147483648 -2147483648 -2147483648 -2147483648 -2147483648 -2147483648 -2147483648 -2147483648 -2147483648 -2147483648 -2147483648 -2147483648 -2147483648 -2147483648 -2147483648 -2147483648 -2147483648 -2147483648 -2147483648 -2147483648 -2147483648 -2147483648 -2147483648 -2147483648 -2147483648 -2147483648 -2147483648 -2147483648 -2147483648 -2147483648 -5 -12 -2147483648 -2147483648 -2147483648 -2147483648 -2147483648 -2147483648 -2147483648 -2147483648 -2147483648 -2147483648 -2147483648 -2147483648 -2147483648 -2147483648
split_feature= 8 20 19 7 4 10 9 13 2 3 21
split_gain= 354.246 180.355 178.208 119.812 28.9812 23.8555 13.6484 8.65133 2.37001 6.18137 11.9061
threshold= 3.5000000000000004 3.5000000000000004 1.5000000000000002 1.0000000180025095e-35 4.5000000000000009 1.0000000180025095e-35 1.0000000180025095e-35 1.5000000000000002 4.5000000000000009 1.0000000180025095e-35 1.5000000000000002
decision_type= 2 2 2 2 2 2 2 2 2 2 2
left_child=1 5 4 7 -2 -1 8 -4 9 10 -5
right_child=2 -3 3 6 -6 -7 -8 -9 -10 -11 -12
leaf_value= 0.11784687452276783 0.11784687452276783 0.11294642486000456 0.11784687452276783 0.11784687452276776 -0.11648097729749039 -0.11648097729749039 -0.11648097729749039 -0.11023283794839278 0.12350912060959443 0.11784687452276779 -0.11943911947715971
leaf_weight=7.4533958137035361 65.666987255215645 283.9748674929142 3.9837115556001654 6.4253412187099483 8.3815043270587903 50.774910271167755 8.3815043270587903 339.92510876059532 26.739044159650803 12.336655139923097 12.261305764317511
leaf_count=58 511 2168 31 50 69 418 69 2732 206 96 91
model_size=1264
internal_value=0 0.0790115 -0.056117 -0.0827422 0.0913234 -0.0864863 0.0464562 -0.107591 0.0700989 0.0240646 -0.0378491
internal_weight=0 342.203 484.101 410.053 74.0485 58.2283 66.1439 343.909 57.7623 31.0233 18.6866
internal_count=6499 2644 3855 3275 580 476 512 2763 443 237 141
is_linear=0
shrinkage=0.1


Tree=13
num_leaves= 11
num_cat= 0
full_tree_array_lgbids= 0 1 2 5 -3 4 3 -1 -7 -2147483648 -2147483648 -2 -6 7 6 -2147483648 -2147483648 -2147483648 -2147483648 -2147483648 -2147483648 -2147483648 -2147483648 -2147483648 -2147483648 -2147483648 -2147483648 -4 8 -5 -8 -2147483648 -2147483648 -2147483648 -2147483648 -2147483648 -2147483648 -2147483648 -2147483648 -2147483648 -2147483648 -2147483648 -2147483648 -2147483648 -2147483648 -2147483648 -2147483648 -2147483648 -2147483648 -2147483648 -2147483648 -2147483648 -2147483648 -2147483648 -2147483648 -2147483648 -2147483648 -9 9 -2147483648 -2147483648 -2147483648 -2147483648 -2147483648 -2147483648 -2147483648 -2147483648 -2147483648 -2147483648 -2147483648 -2147483648 -2147483648 -2147483648 -2147483648 -2147483648 -2147483648 -2147483648 -2147483648 -2147483648 -2147483648 -2147483648 -2147483648 -2147483648 -2147483648 -2147483648 -2147483648 -2147483648 -2147483648 -2147483648 -2147483648 -2147483648 -2147483648 -2147483648 -2147483648 -2147483648 -2147483648 -2147483648 -2147483648 -2147483648 -2147483648 -2147483648 -2147483648 -2147483648 -2147483648 -2147483648 -2147483648 -2147483648 -2147483648 -2147483648 -2147483648 -2147483648 -2147483648 -2147483648 -2147483648 -2147483648 -2147483648 -2147483648 -10 -11 -2147483648 -2147483648 -2147483648 -2147483648 -2147483648 -2147483648 -2147483648 -2147483648
split_feature= 8 20 19 7 4 10 9 19 19 4
split_gain= 310.647 156.922 155.232 103.137 23.4513 18.9242 9.81572 5.38793 30.1233 4.72762
threshold= 3.5000000000000004 3.5000000000000004 1.5000000000000002 1.0000000180025095e-35 4.5000000000000009 1.0000000180025095e-35 1.0000000180025095e-35 4.5000000000000009 6.5000000000000009 4.5000000000000009
decision_type= 2 2 2 2 2 2 2 2 2 2
left_child=1 5 4 7 -2 -1 -5 -4 -9 -10
right_child=2 -3 3 6 -6 -7 -8 8 9 -11
leaf_value= 0.11586288176687953 0.11586288176687953 0.11031657019782669 -0.11503578227631094 0.06885840767515293 -0.11466884050498732 -0.11466884050498732 -0.11466884050498732 0.15207271937470423 0.11586288176687953 -0.11503578227631094
leaf_weight=6.8536426723003379 60.382955268025398 262.76304119825363 270.87345027923584 53.159623682498932 7.6975774168968192 46.631700873374939 7.6975774168968192 8.7815707772970182 3.6631538420915595 35.109016835689545
leaf_count=58 511 2168 2384 443 69 418 69 39 31 309
model_size=1152
internal_value=0 0.077262 -0.054872 -0.0808398 0.0897976 -0.0851284 0.0456448 -0.105013 -0.0479233 -0.0932207
internal_weight=0 316.248 447.365 379.284 68.0805 53.4853 60.8572 318.427 47.5537 38.7722
internal_count=6499 2644 3855 3275 580 476 512 2763 379 340
is_linear=0
shrinkage=0.1


Tree=14
num_leaves= 11
num_cat= 0
full_tree_array_lgbids= 0 1 2 5 -3 4 3 -1 -7 -2147483648 -2147483648 -2 -6 7 6 -2147483648 -2147483648 -2147483648 -2147483648 -2147483648 -2147483648 -2147483648 -2147483648 -2147483648 -2147483648 -2147483648 -2147483648 -4 8 -5 -8 -2147483648 -2147483648 -2147483648 -2147483648 -2147483648 -2147483648 -2147483648 -2147483648 -2147483648 -2147483648 -2147483648 -2147483648 -2147483648 -2147483648 -2147483648 -2147483648 -2147483648 -2147483648 -2147483648 -2147483648 -2147483648 -2147483648 -2147483648 -2147483648 -2147483648 -2147483648 -9 9 -2147483648 -2147483648 -2147483648 -2147483648 -2147483648 -2147483648 -2147483648 -2147483648 -2147483648 -2147483648 -2147483648 -2147483648 -2147483648 -2147483648 -2147483648 -2147483648 -2147483648 -2147483648 -2147483648 -2147483648 -2147483648 -2147483648 -2147483648 -2147483648 -2147483648 -2147483648 -2147483648 -2147483648 -2147483648 -2147483648 -2147483648 -2147483648 -2147483648 -2147483648 -2147483648 -2147483648 -2147483648 -2147483648 -2147483648 -2147483648 -2147483648 -2147483648 -2147483648 -2147483648 -2147483648 -2147483648 -2147483648 -2147483648 -2147483648 -2147483648 -2147483648 -2147483648 -2147483648 -2147483648 -2147483648 -2147483648 -2147483648 -2147483648 -10 -11 -2147483648 -2147483648 -2147483648 -2147483648 -2147483648 -2147483648 -2147483648 -2147483648
split_feature= 8 20 19 7 4 10 9 19 19 4
split_gain= 272.557 136.406 135.033 90.5924 18.6124 14.6031 5.72132 2.74215 24.0723 2.05412
threshold= 3.5000000000000004 3.5000000000000004 1.5000000000000002 1.0000000180025095e-35 4.5000000000000009 1.0000000180025095e-35 1.0000000180025095e-35 4.5000000000000009 6.5000000000000009 4.5000000000000009
decision_type= 2 2 2 2 2 2 2 2 2 2
left_child=1 5 4 7 -2 -1 -5 -4 -9 -10
right_child=2 -3 3 6 -6 -7 -8 8 9 -11
leaf_value= 0.11412744279391081 0.11412744279391081 0.10785819492154934 -0.11340191142533443 0.063791394712930896 -0.11307963800542431 -0.11307963800542431 -0.11307963800542431 0.14472658727849239 0.11412744279391081 -0.11340191142533443
leaf_weight=6.2908793091773978 55.424815982580185 242.90032667666674 248.44611728191376 51.722121126949787 7.0579090341925612 42.756608352065086 7.0579090341925612 8.3278665840625745 3.3623665273189536 32.202118389308453
leaf_count=58 511 2168 2384 443 69 418 69 39 31 309
model_size=1152
internal_value=0 0.0756363 -0.053695 -0.0789925 0.0884626 -0.0839378 0.0425539 -0.103432 -0.0469963 -0.0918906
internal_weight=0 291.948 413.601 351.118 62.4827 49.0475 58.78 292.338 43.8924 35.5645
internal_count=6499 2644 3855 3275 580 476 512 2763 379 340
is_linear=0
shrinkage=0.1


Tree=15
num_leaves= 13
num_cat= 0
full_tree_array_lgbids= 0 1 2 5 10 4 3 -1 -7 11 -12 -2 -6 8 6 -2147483648 -2147483648 -2147483648 -2147483648 -3 -13 -2147483648 -2147483648 -2147483648 -2147483648 -2147483648 -2147483648 -4 9 7 -8 -2147483648 -2147483648 -2147483648 -2147483648 -2147483648 -2147483648 -2147483648 -2147483648 -2147483648 -2147483648 -2147483648 -2147483648 -2147483648 -2147483648 -2147483648 -2147483648 -2147483648 -2147483648 -2147483648 -2147483648 -2147483648 -2147483648 -2147483648 -2147483648 -2147483648 -2147483648 -10 -11 -5 -9 -2147483648 -2147483648
split_feature= 8 20 19 7 4 10 4 20 19 19 21 12
split_gain= 239.092 118.401 117.306 79.6797 14.381 10.8217 3.79184 5.08975 0.392264 18.6969 0.0326397 0.817289
threshold= 3.5000000000000004 3.5000000000000004 1.5000000000000002 1.0000000180025095e-35 4.5000000000000009 1.0000000180025095e-35 5.5000000000000009 3.5000000000000004 4.5000000000000009 6.5000000000000009 4.5000000000000009 1.0000000180025095e-35
decision_type= 2 2 2 2 2 2 2 2 2 2 2 2
left_child=1 5 4 8 -2 -1 7 -5 -4 -10 11 -3
right_child=2 10 3 6 -6 -7 -8 -9 9 -11 -12 -13
leaf_value= 0.11260371998545887 0.11260371998545887 -0.091537911819679602 -0.11196512135218069 0.12855037066246797 -0.11168115789146256 -0.11168115789146256 0.11362635416941753 -0.045133416188554029 0.13870008182136159 -0.090721161388855831 -0.057645923886541654 0.11298422956947483
leaf_weight=5.7652898132801047 50.794191285967827 3.745503604412078 227.53995549678802 8.5623769089579564 6.4621228650212279 39.147353008389473 20.996733799576759 27.354649946093559 7.8455438911914817 32.573833175003529 5.3129856139421454 215.3284278139472
leaf_count=58 511 17 2384 72 69 418 199 241 39 340 34 2117
model_size=1376
internal_value=0 0.0741062 -0.0525835 -0.0772352 0.0872902 -0.0828904 0.0395664 -0.00372837 -0.102043 -0.0461897 0.10553 0.109488
internal_weight=0 269.3 382.129 324.873 57.2563 44.9126 56.9138 35.917 267.959 40.4194 224.387 219.074
internal_count=6499 2644 3855 3275 580 476 512 313 2763 379 2168 2134
is_linear=0
shrinkage=0.1


Tree=16
num_leaves= 9
num_cat= 0
full_tree_array_lgbids= 0 1 2 5 -3 4 3 -1 -7 -2147483648 -2147483648 -2 -6 -4 6 -2147483648 -2147483648 -2147483648 -2147483648 -2147483648 -2147483648 -2147483648 -2147483648 -2147483648 -2147483648 -2147483648 -2147483648 -2147483648 -2147483648 7 -8 -2147483648 -2147483648 -2147483648 -2147483648 -2147483648 -2147483648 -2147483648 -2147483648 -2147483648 -2147483648 -2147483648 -2147483648 -2147483648 -2147483648 -2147483648 -2147483648 -2147483648 -2147483648 -2147483648 -2147483648 -2147483648 -2147483648 -2147483648 -2147483648 -2147483648 -2147483648 -2147483648 -2147483648 -5 -9 -2147483648 -2147483648
split_feature= 8 20 19 7 4 10 4 20
split_gain= 209.248 102.255 100.795 68.7047 9.81339 6.64695 0.594494 1.11469
threshold= 3.5000000000000004 3.5000000000000004 1.5000000000000002 1.0000000180025095e-35 4.5000000000000009 1.0000000180025095e-35 5.5000000000000009 3.5000000000000004
decision_type= 2 2 2 2 2 2 2 2
left_child=1 5 4 -4 -2 -1 7 -5
right_child=2 -3 3 6 -6 -7 -8 -9
leaf_value= 0.11126147420147421 0.11126147420147421 0.10380259621752208 -0.10041483069486257 0.126043731402497 -0.11044680992112868 -0.11044680992112868 0.11216286692846152 -0.041103147757813853
leaf_weight=5.2763521671295157 46.48648202419281 206.31459207087755 246.21844842284918 7.8937356248497954 5.9091660529375067 35.797556668519974 19.233786538243294 27.050036922097206
leaf_count=58 511 2168 2763 72 69 418 199 241
model_size=928
internal_value=0 0.0729594 -0.0514866 -0.0755122 0.0862573 -0.0819662 0.0376619 -0.00334497
internal_weight=0 247.389 352.792 300.396 52.3956 41.0739 54.1776 34.9438
internal_count=6499 2644 3855 3275 580 476 512 313
is_linear=0
shrinkage=0.1


Tree=17
num_leaves= 7
num_cat= 0
full_tree_array_lgbids= 0 1 2 5 -3 4 3 -1 -7 -2147483648 -2147483648 -2 -6 -4 -5
split_feature= 8 20 19 7 4 10
split_gain= 181.999 87.9101 85.9574 58.4097 6.22765 3.40557
threshold= 3.5000000000000004 3.5000000000000004 1.5000000000000002 1.0000000180025095e-35 4.5000000000000009 1.0000000180025095e-35
decision_type= 2 2 2 2 2 2
left_child=1 5 4 -4 -2 -1
right_child=2 -3 3 -5 -6 -7
leaf_value= 0.1100756958889617 0.1100756958889617 0.10165173209948759 -0.097851419721969604 0.035800271395177399 -0.10935442392955622 -0.10935442392955622
leaf_weight=4.8230335712432852 42.492588877677917 190.43090315163136 228.32932436466217 51.650577120482922 5.397508665919303 32.697951048612595
leaf_count=58 511 2168 2763 512 69 418
model_size=704
internal_value=0 0.0715628 -0.0500384 -0.0731954 0.0853446 -0.0811484
internal_weight=0 227.952 327.87 279.98 47.8901 37.521
internal_count=6499 2644 3855 3275 580 476
is_linear=0
shrinkage=0.1


Tree=18
num_leaves= 9
num_cat= 0
full_tree_array_lgbids= 0 1 2 7 -3 4 3 -1 -9 -2147483648 -2147483648 -2 -6 5 -5 -2147483648 -2147483648 -2147483648 -2147483648 -2147483648 -2147483648 -2147483648 -2147483648 -2147483648 -2147483648 -2147483648 -2147483648 -4 6 -2147483648 -2147483648 -2147483648 -2147483648 -2147483648 -2147483648 -2147483648 -2147483648 -2147483648 -2147483648 -2147483648 -2147483648 -2147483648 -2147483648 -2147483648 -2147483648 -2147483648 -2147483648 -2147483648 -2147483648 -2147483648 -2147483648 -2147483648 -2147483648 -2147483648 -2147483648 -2147483648 -2147483648 -7 -8 -2147483648 -2147483648 -2147483648 -2147483648
split_feature= 8 20 19 7 4 19 10 10
split_gain= 157.675 75.3593 72.534 49.8579 3.20125 2.04505 15.1483 0.682019
threshold= 3.5000000000000004 3.5000000000000004 1.5000000000000002 1.0000000180025095e-35 4.5000000000000009 4.5000000000000009 3.5000000000000004 1.0000000180025095e-35
decision_type= 2 2 2 2 2 2 2 2
left_child=1 7 4 5 -2 -4 -7 -1
right_child=2 -3 3 -5 -6 6 -8 -9
leaf_value= 0.10902547451640709 0.10902547451640709 0.09954050530820488 -0.1087737513984709 0.032516220036093488 -0.10838542814819269 0.08612796811567934 -0.10896212689800791 -0.10838542814819269
leaf_weight=4.4039455801248542 38.800279162824154 175.77867698669434 176.78408801555634 51.205172538757324 4.9252953529357901 14.73936405032873 20.456408351659775 29.837296485900879
leaf_count=58 511 2168 2384 512 69 108 271 418
model_size=928
internal_value=0 0.0701996 -0.0483124 -0.0703838 0.0845361 -0.09524 -0.0272619 -0.0804231
internal_weight=0 210.02 306.911 263.185 43.7256 211.98 35.1958 34.2412
internal_count=6499 2644 3855 3275 580 2763 379 476
is_linear=0
shrinkage=0.1


Tree=19
num_leaves= 6
num_cat= 0
full_tree_array_lgbids= 0 1 2 -1 -3 4 3 -2147483648 -2147483648 -2147483648 -2147483648 -2 -6 -4 -5
split_feature= 8 20 19 7 4
split_gain= 136.491 63.7831 61.0168 42.9765 0.0691589
threshold= 3.5000000000000004 3.5000000000000004 1.5000000000000002 1.0000000180025095e-35 4.5000000000000009
decision_type= 2 2 2 2 2
left_child=1 -1 4 -4 -2
right_child=2 -3 3 -5 -6
leaf_value= -0.079778454570223561 0.10809320877587328 0.097447333686986243 -0.093991356468006382 0.029498018020028629 -0.1075240907530273
leaf_weight=31.220570951700211 35.395237632095814 162.29487723112106 194.31827367842197 50.82131852209568 4.4904651269316664
leaf_count=476 511 2168 2763 512 69
model_size=592
internal_value=0 0.0688548 -0.0470904 -0.0683901 0.0838183
internal_weight=0 193.515 285.025 245.14 39.8857
internal_count=6499 2644 3855 3275 580
is_linear=0
shrinkage=0.1


Tree=20
num_leaves= 8
num_cat= 0
full_tree_array_lgbids= 0 -1 1 -2147483648 -2147483648 2 3 -2147483648 -2147483648 -2147483648 -2147483648 -2 -4 4 -5 -2147483648 -2147483648 -2147483648 -2147483648 -2147483648 -2147483648 -2147483648 -2147483648 -2147483648 -2147483648 -2147483648 -2147483648 -3 5 -2147483648 -2147483648 -2147483648 -2147483648 -2147483648 -2147483648 -2147483648 -2147483648 -2147483648 -2147483648 -2147483648 -2147483648 -2147483648 -2147483648 -2147483648 -2147483648 -2147483648 -2147483648 -2147483648 -2147483648 -2147483648 -2147483648 -2147483648 -2147483648 -2147483648 -2147483648 -2147483648 -2147483648 -6 6 -2147483648 -2147483648 -2147483648 -2147483648 -2147483648 -2147483648 -2147483648 -2147483648 -2147483648 -2147483648 -2147483648 -2147483648 -2147483648 -2147483648 -2147483648 -2147483648 -2147483648 -2147483648 -2147483648 -2147483648 -2147483648 -2147483648 -2147483648 -2147483648 -2147483648 -2147483648 -2147483648 -2147483648 -2147483648 -2147483648 -2147483648 -2147483648 -2147483648 -2147483648 -2147483648 -2147483648 -2147483648 -2147483648 -2147483648 -2147483648 -2147483648 -2147483648 -2147483648 -2147483648 -2147483648 -2147483648 -2147483648 -2147483648 -2147483648 -2147483648 -2147483648 -2147483648 -2147483648 -2147483648 -2147483648 -2147483648 -2147483648 -2147483648 -7 -8 -2147483648 -2147483648 -2147483648 -2147483648 -2147483648 -2147483648 -2147483648 -2147483648
split_feature= 8 4 4 4 19 19 12
split_gain= 118.286 152.817 61.349 42.1331 7.194 12.218 10.4868
threshold= 1.0000000180025095e-35 2.5000000000000004 1.0000000180025095e-35 5.5000000000000009 4.5000000000000009 5.5000000000000009 2.5000000000000004
decision_type= 2 2 2 2 2 2 2
left_child=-1 2 -2 4 -3 -6 -7
right_child=1 3 -4 -5 5 6 -8
leaf_value= 0.10775477575021847 -0.10786172685201845 -0.11193401554764687 0.10854030526677333 0.10985938794276538 0.13683063138302751 -0.10635319448007108 0.099467646713748747
leaf_weight=93.369159266352654 20.993949305266142 165.18204827606678 96.893304847180843 16.25164145976305 9.3443722948431951 36.225816711783409 8.8734138682484609
leaf_count=1398 320 2523 1411 199 58 516 74
model_size=816
internal_value=0 -0.0286723 0.0700024 -0.0779881 -0.0918882 -0.0310692 -0.0658573
internal_weight=0 353.765 117.887 235.877 219.626 54.4436 45.0992
internal_count=6499 5101 1731 3370 3171 648 590
is_linear=0
shrinkage=0.1


Tree=21
num_leaves= 8
num_cat= 0
full_tree_array_lgbids= 0 -1 1 -2147483648 -2147483648 2 3 -2147483648 -2147483648 -2147483648 -2147483648 -2 -4 4 -5 -2147483648 -2147483648 -2147483648 -2147483648 -2147483648 -2147483648 -2147483648 -2147483648 -2147483648 -2147483648 -2147483648 -2147483648 -3 5 -2147483648 -2147483648 -2147483648 -2147483648 -2147483648 -2147483648 -2147483648 -2147483648 -2147483648 -2147483648 -2147483648 -2147483648 -2147483648 -2147483648 -2147483648 -2147483648 -2147483648 -2147483648 -2147483648 -2147483648 -2147483648 -2147483648 -2147483648 -2147483648 -2147483648 -2147483648 -2147483648 -2147483648 -6 6 -2147483648 -2147483648 -2147483648 -2147483648 -2147483648 -2147483648 -2147483648 -2147483648 -2147483648 -2147483648 -2147483648 -2147483648 -2147483648 -2147483648 -2147483648 -2147483648 -2147483648 -2147483648 -2147483648 -2147483648 -2147483648 -2147483648 -2147483648 -2147483648 -2147483648 -2147483648 -2147483648 -2147483648 -2147483648 -2147483648 -2147483648 -2147483648 -2147483648 -2147483648 -2147483648 -2147483648 -2147483648 -2147483648 -2147483648 -2147483648 -2147483648 -2147483648 -2147483648 -2147483648 -2147483648 -2147483648 -2147483648 -2147483648 -2147483648 -2147483648 -2147483648 -2147483648 -2147483648 -2147483648 -2147483648 -2147483648 -2147483648 -2147483648 -7 -8 -2147483648 -2147483648 -2147483648 -2147483648 -2147483648 -2147483648 -2147483648 -2147483648
split_feature= 8 4 4 4 19 19 12
split_gain= 102.565 133.324 51.684 34.2732 3.82356 7.10537 5.8481
threshold= 1.0000000180025095e-35 2.5000000000000004 1.0000000180025095e-35 5.5000000000000009 4.5000000000000009 5.5000000000000009 2.5000000000000004
decision_type= 2 2 2 2 2 2 2
left_child=-1 2 -2 4 -3 -6 -7
right_child=1 3 -4 -5 5 6 -8
leaf_value= 0.10696260541771244 -0.10706242542489995 -0.11116289460302309 0.10768092439755293 0.10883366869635805 0.13231563624307272 -0.1047871139064299 0.094018289458992821
leaf_weight=85.077598817646503 19.13067939504981 150.44675524160266 88.33660577237606 14.836584240198134 8.7286045141518098 33.243679825216532 8.4704290479421598
leaf_count=1398 320 2523 1411 199 58 516 74
model_size=816
internal_value=0 -0.0283966 0.0694536 -0.0771422 -0.0908773 -0.0303751 -0.0644179
internal_weight=0 323.193 107.467 215.726 200.889 50.4427 41.7141
internal_count=6499 5101 1731 3370 3171 648 590
is_linear=0
shrinkage=0.1


Tree=22
num_leaves= 8
num_cat= 0
full_tree_array_lgbids= 0 -1 1 -2147483648 -2147483648 2 3 -2147483648 -2147483648 -2147483648 -2147483648 -2 -4 4 -5 -2147483648 -2147483648 -2147483648 -2147483648 -2147483648 -2147483648 -2147483648 -2147483648 -2147483648 -2147483648 -2147483648 -2147483648 -3 5 -2147483648 -2147483648 -2147483648 -2147483648 -2147483648 -2147483648 -2147483648 -2147483648 -2147483648 -2147483648 -2147483648 -2147483648 -2147483648 -2147483648 -2147483648 -2147483648 -2147483648 -2147483648 -2147483648 -2147483648 -2147483648 -2147483648 -2147483648 -2147483648 -2147483648 -2147483648 -2147483648 -2147483648 -6 6 -2147483648 -2147483648 -2147483648 -2147483648 -2147483648 -2147483648 -2147483648 -2147483648 -2147483648 -2147483648 -2147483648 -2147483648 -2147483648 -2147483648 -2147483648 -2147483648 -2147483648 -2147483648 -2147483648 -2147483648 -2147483648 -2147483648 -2147483648 -2147483648 -2147483648 -2147483648 -2147483648 -2147483648 -2147483648 -2147483648 -2147483648 -2147483648 -2147483648 -2147483648 -2147483648 -2147483648 -2147483648 -2147483648 -2147483648 -2147483648 -2147483648 -2147483648 -2147483648 -2147483648 -2147483648 -2147483648 -2147483648 -2147483648 -2147483648 -2147483648 -2147483648 -2147483648 -2147483648 -2147483648 -2147483648 -2147483648 -2147483648 -2147483648 -7 -8 -2147483648 -2147483648 -2147483648 -2147483648 -2147483648 -2147483648 -2147483648 -2147483648
split_feature= 8 4 4 4 19 19 12
split_gain= 88.9951 116.286 43.2982 27.4963 0.909871 2.75509 1.73994
threshold= 1.0000000180025095e-35 2.5000000000000004 1.0000000180025095e-35 5.5000000000000009 4.5000000000000009 5.5000000000000009 2.5000000000000004
decision_type= 2 2 2 2 2 2 2
left_child=-1 2 -2 4 -3 -6 -7
right_child=1 3 -4 -5 5 6 -8
leaf_value= 0.10625632154289043 -0.10634909813703375 -0.11046835546385723 0.10691302282195188 0.10792278753316814 0.12845552882393982 -0.10321337001398181 0.088618240932644671
leaf_weight=77.466942138969898 17.420327641069889 136.94208433106542 80.475026626139879 13.532203190028666 8.1229615360498411 30.515723746269941 8.1073466390371305
leaf_count=1398 320 2523 1411 199 58 516 74
model_size=816
internal_value=0 -0.0281377 0.0689634 -0.0763363 -0.0899105 -0.0296866 -0.0629461
internal_weight=0 295.116 97.8954 197.22 183.688 46.746 38.6231
internal_count=6499 5101 1731 3370 3171 648 590
is_linear=0
shrinkage=0.1


Tree=23
num_leaves= 5
num_cat= 0
full_tree_array_lgbids= 0 -1 1 -2147483648 -2147483648 2 3 -2147483648 -2147483648 -2147483648 -2147483648 -2 -4 -3 -5
split_feature= 8 4 4 4
split_gain= 76.7687 100.967 35.7078 21.3408
threshold= 1.0000000180025095e-35 2.5000000000000004 1.0000000180025095e-35 5.5000000000000009
decision_type= 2 2 2 2
left_child=-1 2 -2 -3
right_child=1 3 -4 -5
leaf_value= 0.10562564095479204 -0.10571158728966604 -0.088972173457668557 0.10622582293867566 0.10711229681036105
leaf_weight=70.49213520437479 15.852767404168842 167.92817176505923 73.263826850801706 12.332355592399834
leaf_count=1398 320 3171 1411 199
model_size=480
internal_value=0 -0.0278914 0.0685247 -0.0755572
internal_weight=0 269.377 89.1166 180.261
internal_count=6499 5101 1731 3370
is_linear=0
shrinkage=0.1


Tree=24
num_leaves= 6
num_cat= 0
full_tree_array_lgbids= 0 -1 1 -2147483648 -2147483648 2 3 -2147483648 -2147483648 -2147483648 -2147483648 -2 -4 4 -5 -2147483648 -2147483648 -2147483648 -2147483648 -2147483648 -2147483648 -2147483648 -2147483648 -2147483648 -2147483648 -2147483648 -2147483648 -3 -6 -2147483648 -2147483648
split_feature= 8 4 4 4 19
split_gain= 65.6858 85.4791 29.1939 15.2258 0.712311
threshold= 1.0000000180025095e-35 2.5000000000000004 1.0000000180025095e-35 5.5000000000000009 4.5000000000000009
decision_type= 2 2 2 2 2
left_child=-1 2 -2 4 -3
right_child=1 3 -4 -5 -6
leaf_value= 0.10506173911623612 -0.10514112329847243 -0.10936988326346811 0.10561002897616241 0.10638989176337965 -0.020835576271627645
leaf_weight=64.108795814216137 14.418031111359594 115.36298343166709 66.658653952181339 11.230673298239706 42.083007697016001
leaf_count=1398 320 2523 1411 199 648
model_size=592
internal_value=0 -0.0271281 0.0681317 -0.072916 -0.085706
internal_weight=0 249.753 81.0767 168.677 157.446
internal_count=6499 5101 1731 3370 3171
is_linear=0
shrinkage=0.1


Tree=25
num_leaves= 5
num_cat= 0
full_tree_array_lgbids= 0 -1 1 -2147483648 -2147483648 2 3 -2147483648 -2147483648 -2147483648 -2147483648 -2 -4 -3 -5
split_feature= 8 4 4 4
split_gain= 55.7677 72.2341 23.1755 9.90212
threshold= 1.0000000180025095e-35 2.5000000000000004 1.0000000180025095e-35 5.5000000000000009
decision_type= 2 2 2 2
left_child=-1 2 -2 -3
right_child=1 3 -4 -5
leaf_value= 0.10455692686540446 -0.10463007473612843 -0.08319374071454147 0.10505758872637667 0.10574501421505807
leaf_weight=58.273812510073185 13.1064435839653 146.68327352404594 60.616225965321064 10.220739662647246
leaf_count=1398 320 3171 1411 199
model_size=480
internal_value=0 -0.0265601 0.0677792 -0.0708863
internal_weight=0 230.627 73.7227 156.904
internal_count=6499 5101 1731 3370
is_linear=0
shrinkage=0.1


Tree=26
num_leaves= 6
num_cat= 0
full_tree_array_lgbids= 0 -1 1 -2147483648 -2147483648 2 3 -2147483648 -2147483648 -2147483648 -2147483648 -2 -4 4 -5 -2147483648 -2147483648 -2147483648 -2147483648 -2147483648 -2147483648 -2147483648 -2147483648 -2147483648 -2147483648 -2147483648 -2147483648 -3 -6 -2147483648 -2147483648
split_feature= 8 4 4 4 19
split_gain= 46.7502 59.7704 17.8319 4.93017 2.52441
threshold= 1.0000000180025095e-35 2.5000000000000004 1.0000000180025095e-35 5.5000000000000009 4.5000000000000009
decision_type= 2 2 2 2 2
left_child=-1 2 -2 4 -3
right_child=1 3 -4 -5 -6
leaf_value= 0.10410453138179235 -0.10417177848333666 -0.10845128500797002 0.10456147257454607 0.10516854186450292 -0.010927632244600874
leaf_weight=52.945771627128124 11.908712491393088 97.484346229583025 55.094791766256094 9.2962118908762914 40.802359666675329
leaf_count=1398 320 2523 1411 199 648
model_size=592
internal_value=0 -0.0257251 0.0674628 -0.068033 -0.0796763
internal_weight=0 214.586 67.0035 147.583 138.287
internal_count=6499 5101 1731 3370 3171
is_linear=0
shrinkage=0.1


Tree=27
num_leaves= 6
num_cat= 0
full_tree_array_lgbids= 0 -1 1 -2147483648 -2147483648 2 3 -2147483648 -2147483648 -2147483648 -2147483648 -2 -4 4 -5 -2147483648 -2147483648 -2147483648 -2147483648 -2147483648 -2147483648 -2147483648 -2147483648 -2147483648 -2147483648 -2147483648 -2147483648 -3 -6 -2147483648 -2147483648
split_feature= 8 4 4 4 19
split_gain= 38.6751 49.2264 12.8516 0.621911 1.2534
threshold= 1.0000000180025095e-35 2.5000000000000004 1.0000000180025095e-35 5.5000000000000009 4.5000000000000009
decision_type= 2 2 2 2 2
left_child=-1 2 -2 4 -3
right_child=1 3 -4 -5 -6
leaf_value= 0.1036987191859144 -0.1037604409736705 -0.1079815831145607 0.10411555780257715 0.10465259660233764 -0.0098662660836905981
leaf_weight=48.085233315825462 10.815987620502709 88.571731423959136 50.054452314972878 8.4509132876992208 40.679349530488253
leaf_count=1398 320 2523 1411 199 648
model_size=592
internal_value=0 -0.0251389 0.0671783 -0.0659472 -0.0771016
internal_weight=0 198.572 60.8704 137.702 129.251
internal_count=6499 5101 1731 3370 3171
is_linear=0
shrinkage=0.1


Tree=28
num_leaves= 4
num_cat= 0
full_tree_array_lgbids= 0 -1 1 -2147483648 -2147483648 2 -3 -2147483648 -2147483648 -2147483648 -2147483648 -2 -4 -2147483648 -2147483648
split_feature= 8 4 4
split_gain= 31.3583 39.7639 8.30556
threshold= 1.0000000180025095e-35 2.5000000000000004 1.0000000180025095e-35
decision_type= 2 2 2
left_child=-1 2 -2
right_child=1 -3 -4
leaf_value= 0.1033343875326594 -0.10339093755675517 -0.063816386144209869 0.10371444330311222
leaf_weight=43.654903404414654 9.8199036233127099 128.70345715619624 45.457376718521118
leaf_count=1398 320 3370 1411
model_size=368
internal_value=0 -0.0245357 0.0669226
internal_weight=0 183.981 55.2773
internal_count=6499 5101 1731
is_linear=0
shrinkage=0.1


Tree=29
num_leaves= 4
num_cat= 0
full_tree_array_lgbids= 0 -1 1 -2147483648 -2147483648 2 -3 -2147483648 -2147483648 -2147483648 -2147483648 -2 -4 -2147483648 -2147483648
split_feature= 8 4 4
split_gain= 24.6698 30.2575 4.39654
threshold= 1.0000000180025095e-35 2.5000000000000004 1.0000000180025095e-35
decision_type= 2 2 2
left_child=-1 2 -2
right_child=1 -3 -4
leaf_value= 0.10300703723070459 -0.10305878082351155 -0.059717690431083784 0.10335338094479184
leaf_weight=39.619721934199333 8.9125942420214397 124.03563680499792 41.267904689535499
leaf_count=1398 320 3370 1411
model_size=368
internal_value=0 -0.0233071 0.0666924
internal_weight=0 174.216 50.1805
internal_count=6499 5101 1731
is_linear=0
shrinkage=0.1


Tree=30
num_leaves= 4
num_cat= 0
full_tree_array_lgbids= 0 -1 1 -2147483648 -2147483648 2 -3 -2147483648 -2147483648 -2147483648 -2147483648 -2 -4 -2147483648 -2147483648
split_feature= 8 4 4
split_gain= 18.645 21.9257 0.832848
threshold= 1.0000000180025095e-35 2.5000000000000004 1.0000000180025095e-35
decision_type= 2 2 2
left_child=-1 2 -2
right_child=1 -3 -4
leaf_value= 0.1027127022992535 -0.10275999991955805 -0.055673012736550988 0.10302817717395459
leaf_weight=35.946902219206095 8.0867022257298213 119.96312980540097 37.452604580670595
leaf_count=1398 320 3370 1411
model_size=368
internal_value=0 -0.0220602 0.0664851
internal_weight=0 165.502 45.5393
internal_count=6499 5101 1731
is_linear=0
shrinkage=0.1


Tree=31
num_leaves= 3
num_cat= 0
full_tree_array_lgbids= 0 -1 1 -2147483648 -2147483648 -2 -3
split_feature= 8 4
split_gain= 13.2157 14.6397
threshold= 1.0000000180025095e-35 2.5000000000000004
decision_type= 2 2
left_child=-1 -2
right_child=1 -3
leaf_value= 0.10244790409253027 0.066298296764550513 -0.051719334229187543
leaf_weight=32.605889182537794 41.315634099766612 116.41346867196262
leaf_count=1398 1731 3370
model_size=256
internal_value=0 -0.0208057
internal_weight=0 157.729
internal_count=6499 5101
is_linear=0
shrinkage=0.1


Tree=32
num_leaves= 3
num_cat= 0
full_tree_array_lgbids= 0 -1 1 -2147483648 -2147483648 -2 -3
split_feature= 8 4
split_gain= 8.39032 7.43809
threshold= 1.0000000180025095e-35 2.5000000000000004
decision_type= 2 2
left_child=-1 -2
right_child=1 -3
leaf_value= 0.1022095433921491 0.062199158708124952 -0.047888869617116504
leaf_weight=29.568328108638525 39.720964850857854 113.32120789960027
leaf_count=1398 1731 3370
model_size=256
internal_value=0 -0.0193163
internal_weight=0 153.042
internal_count=6499 5101
is_linear=0
shrinkage=0.1


Tree=33
num_leaves= 5
num_cat= 0
full_tree_array_lgbids= 0 1 -2 3 2 -2147483648 -2147483648 -1 -5 -3 -4 -2147483648 -2147483648 -2147483648 -2147483648
split_feature= 4 4 19 4
split_gain= 6.0698 22.1417 8.87944 0.199428
threshold= 5.5000000000000009 2.5000000000000004 4.5000000000000009 1.0000000180025095e-35
decision_type= 2 2 2 2
left_child=1 3 -3 -1
right_child=-2 2 -4 -5
leaf_value= -0.10283177080549472 0.10326404617787902 -0.10650340136850167 0.019226003283991225 0.10231267035219556
leaf_weight=8.2859414741396886 27.609254103153944 62.604818379506469 38.132284592837095 39.164038259536028
leaf_count=320 1123 2523 648 1885
model_size=480
internal_value=0 -0.0187572 -0.0589107 0.0664894
internal_weight=0 148.187 100.737 47.45
internal_count=6499 5376 3171 2205
is_linear=0
shrinkage=0.1


Tree=34
num_leaves= 4
num_cat= 0
full_tree_array_lgbids= 0 1 -2 -1 2 -2147483648 -2147483648 -2147483648 -2147483648 -3 -4 -2147483648 -2147483648 -2147483648 -2147483648
split_feature= 4 4 19
split_gain= 1.93474 15.4891 5.60203
threshold= 5.5000000000000009 2.5000000000000004 4.5000000000000009
decision_type= 2 2 2
left_child=1 -1 -3
right_child=-2 2 -4
leaf_value= 0.066339267401557531 0.10294858090433941 -0.10613641969343005 0.017240640026769255
leaf_weight=43.027184356004 25.054539747536182 56.833171339705586 38.263817802071571
leaf_count=2205 1123 2523 648
model_size=368
internal_value=0 -0.0182299 -0.0564937
internal_weight=0 138.124 95.097
internal_count=6499 5376 3171
is_linear=0
shrinkage=0.1


end of trees

feature_importances:
Column_4=63
Column_19=46
Column_8=33
Column_21=23
Column_20=22
Column_7=20
Column_10=20
Column_9=15
Column_3=13
Column_13=13
Column_12=12
Column_1=10
Column_17=8
Column_2=6

parameters:
[boosting: gbdt]
[objective: binary]
[metric: auc, binary_logloss, rmse, l1, l2, mape, huber]
[tree_learner: serial]
[device_type: cpu]
[data_sample_strategy: bagging]
[data: data/mushroom.libsvm.train]
[valid: data/mushroom.libsvm.test]
[num_iterations: 200]
[learning_rate: 0.1]
[num_leaves: 255]
[num_threads: 1]
[seed: 42]
[deterministic: 0]
[force_col_wise: 0]
[force_row_wise: 0]
[histogram_pool_size: -1]
[max_depth: 7]
[min_data_in_leaf: 10]
[min_sum_hessian_in_leaf: 0.001]
[bagging_fraction: 1]
[pos_bagging_fraction: 1]
[neg_bagging_fraction: 1]
[bagging_freq: 0]
[bagging_seed: 400]
[feature_fraction: 1]
[feature_fraction_bynode: 1]
[feature_fraction_seed: 30056]
[extra_trees: 0]
[extra_seed: 12879]
[early_stopping_round: 0]
[early_stopping_min_delta: 0]
[first_metric_only: 0]
[max_delta_step: 0]
[lambda_l1: 0]
[lambda_l2: 0]
[linear_lambda: 0]
[min_gain_to_split: 0]
[drop_rate: 0.1]
[max_drop: 50]
[skip_drop: 0.5]
[xgboost_dart_mode: 0]
[uniform_drop: 0]
[drop_seed: 17869]
[top_rate: 0.2]
[other_rate: 0.1]
[min_data_per_group: 100]
[max_cat_threshold: 32]
[cat_l2: 10]
[cat_smooth: 10]
[max_cat_to_onehot: 4]
[top_k: 20]
[monotone_constraints: ]
[monotone_constraints_method: basic]
[monotone_penalty: 0]
[feature_contri: ]
[forcedsplits_filename: ]
[refit_decay_rate: 0.9]
[tinygbdt_penalty_feature: 0.00390625]
[tinygbdt_penalty_split: 0.125]
[tinygbdt_forestsize: 64000]
[tinygbdt_precision: 1]
[cegb_tradeoff: 1]
[cegb_penalty_split: 0]
[cegb_penalty_feature_lazy: ]
[cegb_penalty_feature_coupled: ]
[path_smooth: 0]
[interaction_constraints: ]
[verbosity: 1]
[saved_feature_importance_type: 0]
[use_quantized_grad: 0]
[num_grad_quant_bins: 4]
[quant_train_renew_leaf: 0]
[stochastic_rounding: 1]
[linear_tree: 0]
[max_bin: 255]
[max_bin_by_feature: ]
[min_data_in_bin: 3]
[bin_construct_sample_cnt: 200000]
[data_random_seed: 175]
[is_enable_sparse: 1]
[enable_bundle: 1]
[use_missing: 1]
[zero_as_missing: 0]
[feature_pre_filter: 1]
[pre_partition: 0]
[two_round: 0]
[header: 0]
[label_column: ]
[weight_column: ]
[group_column: ]
[ignore_column: ]
[categorical_feature: ]
[forcedbins_filename: ]
[precise_float_parser: 0]
[parser_config_file: ]
[objective_seed: 16083]
[num_class: 1]
[is_unbalance: 0]
[scale_pos_weight: 1]
[sigmoid: 1]
[boost_from_average: 1]
[reg_sqrt: 0]
[alpha: 0.9]
[fair_c: 1]
[poisson_max_delta_step: 0.7]
[tweedie_variance_power: 1.5]
[lambdarank_truncation_level: 30]
[lambdarank_norm: 1]
[label_gain: ]
[lambdarank_position_bias_regularization: 0]
[eval_at: ]
[multi_error_top_k: 1]
[auc_mu_weights: ]
[num_machines: 1]
[local_listen_port: 12400]
[time_out: 120]
[machine_list_filename: ]
[machines: ]
[gpu_platform_id: -1]
[gpu_device_id: -1]
[gpu_use_dp: 0]
[num_gpu: 1]

end of parameters
