tree
version=v4
num_class=1
num_tree_per_iteration=1
label_index=0
max_feature_idx=8
objective=regression
feature_names=Column_0 Column_1 Column_2 Column_3 Column_4 Column_5 Column_6 Column_7 Column_8
feature_infos=none [0.49990000000000001:15.0001] [1:52] [0.88888888888888884:141.90909090909091] [0.33333333333333331:25.63636363636364] [3:35682] [0.69230769230769229:1243.333333333333] [32.549999999999997:41.950000000000003] [-124.34999999999999:-114.31]
tree_sizes=5821 5927 5584 4925 5195 4857 4791 4924 4647 4513 4146 4447 1712 4376 4587 4017 1119 3947 4085 2255

Tree=0
num_leaves= 40
num_cat= 0
full_tree_array_lgbids= 0 1 2 5 3 4 10 9 11 6 7 16 13 20 33 15 14 35 21 37 8 19 17 -2 18 -6 29 -4 -22 34 -35 -1 -17 27 -16 -7 -37 -13 31 -3 38 12 36 22 25 24 -19 -2147483648 -2147483648 -18 23 -2147483648 -2147483648 -15 -31 -2147483648 -2147483648 -2147483648 -2147483648 -12 -36 -2147483648 -2147483648 -2147483648 -2147483648 -2147483648 -2147483648 30 -29 -2147483648 -2147483648 -2147483648 -2147483648 -2147483648 -2147483648 -2147483648 -2147483648 32 -33 -2147483648 -2147483648 -39 -40 28 26 -10 -38 -5 -24 -21 -27 -9 -26 -2147483648 -2147483648 -2147483648 -2147483648 -2147483648 -2147483648 -2147483648 -2147483648 -20 -25 -2147483648 -2147483648 -2147483648 -2147483648 -2147483648 -2147483648 -2147483648 -2147483648 -2147483648 -2147483648 -2147483648 -2147483648 -2147483648 -2147483648 -2147483648 -2147483648 -2147483648 -2147483648 -2147483648 -2147483648 -2147483648 -2147483648 -2147483648 -2147483648 -2147483648 -2147483648 -2147483648 -2147483648 -2147483648 -2147483648 -2147483648 -2147483648 -11 -32 -2147483648 -2147483648 -2147483648 -2147483648 -2147483648 -2147483648 -2147483648 -2147483648 -2147483648 -2147483648 -2147483648 -2147483648 -2147483648 -2147483648 -2147483648 -2147483648 -2147483648 -2147483648 -23 -34 -2147483648 -2147483648 -2147483648 -2147483648 -2147483648 -2147483648 -2147483648 -2147483648 -2147483648 -2147483648 -8 -30 -14 -28 -2147483648 -2147483648 -2147483648 -2147483648 -2147483648 -2147483648 -2147483648 -2147483648 -2147483648 -2147483648 -2147483648 -2147483648 -2147483648 -2147483648 -2147483648 -2147483648 -2147483648 -2147483648 -2147483648 -2147483648 -2147483648 -2147483648 -2147483648 -2147483648 -2147483648 -2147483648 -2147483648 -2147483648 -2147483648 -2147483648 -2147483648 -2147483648 -2147483648 -2147483648 -2147483648 -2147483648 -2147483648 -2147483648 -2147483648 -2147483648 -2147483648 -2147483648 -2147483648 -2147483648 -2147483648 -2147483648 -2147483648 -2147483648 -2147483648 -2147483648 -2147483648 -2147483648 -2147483648 -2147483648 -2147483648 -2147483648 -2147483648 -2147483648 -2147483648 -2147483648 -2147483648 -2147483648 -2147483648 -2147483648 -2147483648 -2147483648 -2147483648 -2147483648 -2147483648 -2147483648 -2147483648 -2147483648 -2147483648 -2147483648 -2147483648 -2147483648 -2147483648 -2147483648 -2147483648 -2147483648 -2147483648 -2147483648 -2147483648 -2147483648
split_feature= 1 1 1 6 6 3 2 1 7 1 1 1 6 1 6 3 2 6 6 2 2 6 3 1 2 8 8 8 1 2 7 7 8 1 2 7 7 1 2
split_gain= 6956.71 1654.19 1261.17 945.354 400.484 287.416 203.057 181.981 156.363 150.177 125.279 106.095 97.8514 90.0534 81.8927 80.4199 76.8636 74.6266 64.4893 54.5191 42.45 36.1181 35.6435 29.3366 27.687 23.0591 19.6259 18.447 13.7516 12.8276 8.67755 7.95328 12.1127 2.63299 6.01735 2.55015 0.262454 0.163539 4.70269
threshold= 5.0387000000000013 3.0679500000000002 6.8672000000000013 2.3489548886254448 2.671038674349933 4.3101408005062494 24.500000000000004 4.0775500000000013 37.815000000000005 2.2210000000000005 7.852450000000001 2.4115000000000006 1.9628175980828908 5.7307500000000013 2.4907552973342448 3.449226804123712 19.500000000000004 2.9005380231986346 2.0653737590585881 43.500000000000007 26.500000000000004 2.2906328481453726 5.1186051221335997 5.8308000000000009 41.500000000000007 -122.40499999999999 -117.88499999999998 -118.26499999999999 3.4298000000000006 27.500000000000004 37.815000000000005 34.525000000000013 -117.77499999999999 8.7395500000000013 28.500000000000004 35.335000000000008 37.995000000000012 3.5330000000000008 18.500000000000004
decision_type= 2 2 2 2 2 2 2 2 2 2 2 2 2 2 2 2 2 2 2 2 2 2 2 2 2 2 2 2 2 2 2 2 2 2 2 2 2 2 2
left_child=1 5 4 6 16 9 37 19 12 15 20 35 28 -6 27 -1 -2 24 -18 22 -4 -13 -5 -20 -9 -21 -14 30 -8 -15 -11 32 -23 34 -12 -7 -10 -3 -39
right_child=2 3 10 7 13 11 8 17 36 14 33 21 26 29 -16 -17 18 -19 23 25 -22 31 -24 -25 -26 -27 -28 -29 -30 -31 -32 -33 -34 -35 -36 -37 -38 38 -40
leaf_value= 2.0405687631288161 2.1558599736411375 2.0619325518895399 2.2105021416414852 2.0474118544579003 2.0994046620642437 1.9807571227445304 2.1965323452694219 2.0892426552552306 2.1212005317600884 2.1406373236940905 2.2611911907323741 2.043693994763716 2.1803908632616107 2.1410397950488846 2.0327038778370752 1.9814897297846104 2.3293276008777508 2.055796547371648 2.1893908157405639 2.1470309877511444 2.2958198799055269 2.0423423215696768 2.0155083659287123 2.255568014458782 2.1540272791155655 2.0584465939763881 2.0853910788377314 2.0508470150556986 2.2845502876908457 2.1974100577568745 2.0404662446165749 1.9795206760962585 1.9852344261613879 2.3422574193033054 2.3423931801380187 1.9518240180001829 2.0318246126680579 2.0905904528987551 2.1592166787599623
leaf_weight=503 248 198 263 1181 828 636 90 844 87 227 147 309 402 586 767 899 91 1158 322 94 168 272 1536 250 172 283 67 153 174 187 50 944 275 365 97 1194 76 254 115
leaf_count=503 248 198 263 1181 828 636 90 844 87 227 147 309 402 586 767 899 91 1158 322 94 168 272 1536 250 172 283 67 153 174 187 50 944 275 365 97 1194 76 254 115
model_size=4400
internal_value=2.07195 2.03789 2.19622 2.07259 2.15739 2.00039 2.1449 2.05251 2.17679 2.02716 2.28999 1.98123 2.19841 2.12609 2.05582 2.00269 2.2124 2.07655 2.23355 2.03561 2.24376 2.0009 2.02938 2.21831 2.10021 2.08053 2.16682 2.09704 2.25454 2.15468 2.12256 1.99203 2.01363 2.32271 2.29347 1.96188 2.07953 2.0945 2.11198
internal_weight=0 12960 3552 6731 2512 6229 1463 5268 896 2599 1040 3630 733 1601 1197 1402 911 2174 663 3094 431 1800 2717 572 1016 377 469 430 264 773 277 1491 547 609 244 1830 163 567 369
internal_count=16512 12960 3552 6731 2512 6229 1463 5268 896 2599 1040 3630 733 1601 1197 1402 911 2174 663 3094 431 1800 2717 572 1016 377 469 430 264 773 277 1491 547 609 244 1830 163 567 369
is_linear=0
shrinkage=1


Tree=1
num_leaves= 39
num_cat= 0
full_tree_array_lgbids= 0 1 2 5 3 4 14 16 6 7 10 19 15 21 -16 17 -18 9 12 8 -9 22 23 -2 24 28 25 -4 -23 -2147483648 -2147483648 26 -19 -2147483648 -2147483648 18 -11 13 35 29 11 -2147483648 -2147483648 31 34 33 -25 -2147483648 -2147483648 -21 36 -6 -30 -17 -27 -2147483648 -2147483648 -2147483648 -2147483648 -2147483648 -2147483648 -2147483648 -2147483648 -1 27 -2147483648 -2147483648 -2147483648 -2147483648 -2147483648 -2147483648 37 -20 -2147483648 -2147483648 20 -15 -14 -37 30 -31 -10 32 -2147483648 -2147483648 -2147483648 -2147483648 -5 -33 -24 -36 -12 -35 -2147483648 -2147483648 -2147483648 -2147483648 -2147483648 -2147483648 -2147483648 -2147483648 -26 -38 -2147483648 -2147483648 -2147483648 -2147483648 -2147483648 -2147483648 -2147483648 -2147483648 -2147483648 -2147483648 -2147483648 -2147483648 -2147483648 -2147483648 -2147483648 -2147483648 -2147483648 -2147483648 -2147483648 -2147483648 -2147483648 -2147483648 -2147483648 -2147483648 -2147483648 -2147483648 -28 -29 -2147483648 -2147483648 -2147483648 -2147483648 -2147483648 -2147483648 -2147483648 -2147483648 -2147483648 -2147483648 -2147483648 -2147483648 -7 -39 -2147483648 -2147483648 -2147483648 -2147483648 -2147483648 -2147483648 -8 -22 -2147483648 -2147483648 -2147483648 -2147483648 -2147483648 -2147483648 -3 -32 -2147483648 -2147483648 -2147483648 -2147483648 -13 -34 -2147483648 -2147483648 -2147483648 -2147483648 -2147483648 -2147483648 -2147483648 -2147483648 -2147483648 -2147483648 -2147483648 -2147483648 -2147483648 -2147483648 -2147483648 -2147483648 -2147483648 -2147483648 -2147483648 -2147483648 -2147483648 -2147483648 -2147483648 -2147483648 -2147483648 -2147483648 -2147483648 -2147483648 -2147483648 -2147483648 -2147483648 -2147483648 -2147483648 -2147483648 -2147483648 -2147483648 -2147483648 -2147483648 -2147483648 -2147483648 -2147483648 -2147483648 -2147483648 -2147483648 -2147483648 -2147483648 -2147483648 -2147483648 -2147483648 -2147483648 -2147483648 -2147483648 -2147483648 -2147483648 -2147483648 -2147483648 -2147483648 -2147483648 -2147483648 -2147483648 -2147483648 -2147483648 -2147483648 -2147483648 -2147483648 -2147483648 -2147483648 -2147483648 -2147483648 -2147483648 -2147483648 -2147483648 -2147483648 -2147483648 -2147483648 -2147483648 -2147483648 -2147483648 -2147483648 -2147483648 -2147483648 -2147483648 -2147483648 -2147483648 -2147483648 -2147483648 -2147483648 -2147483648
split_feature= 1 1 1 6 6 6 7 7 2 8 1 6 8 7 1 1 7 8 6 2 8 2 2 6 6 2 7 8 6 8 7 3 8 2 8 8 1 7
split_gain= 5627.64 1337.03 1014.26 760.172 323.051 256.007 177.436 165.548 164.88 132.436 109.818 108.032 95.151 116.849 94.4539 87.6283 78.9926 88.1395 72.5598 52.9016 50.7253 48.5301 37.9247 33.8443 26.5914 23.2862 20.661 33.4183 15.5756 14.7855 18.8414 12.9199 12.7517 9.85563 8.52377 6.18445 1.97339 1.58792
threshold= 5.0387000000000013 3.1261000000000005 6.8672000000000013 2.4136952392348086 2.5763869593405579 2.1628386478062818 34.455000000000005 37.935000000000009 24.500000000000004 -117.77499999999999 4.1119000000000012 1.9628175980828908 -121.63499999999998 37.915000000000006 8.4454500000000028 5.8308000000000009 37.945000000000007 -118.24499999999999 3.442186331338819 21.500000000000004 -122.33499999999999 26.500000000000004 44.500000000000007 2.9291766686969298 2.0653737590585881 27.500000000000004 34.655000000000008 -120.02499999999999 2.9742256672023202 -118.29499999999999 34.155000000000008 5.1514547869129546 -122.33499999999999 42.500000000000007 -122.40499999999999 -119.94499999999998 5.5682000000000009 34.045000000000009
decision_type= 2 2 2 2 2 2 2 2 2 2 2 2 2 2 2 2 2 2 2 2 2 2 2 2 2 2 2 2 2 2 2 2 2 2 2 2 2 2
left_child=1 5 4 7 19 16 9 8 29 18 22 -10 13 20 21 28 17 26 37 -2 -8 -4 31 33 -21 -17 -1 -28 -6 30 -3 -5 -13 -12 -24 -14 -26 -7
right_child=2 3 14 10 15 6 12 -9 11 -11 23 32 35 -15 -16 25 -18 -19 -20 24 -22 -23 34 -25 36 -27 27 -29 -30 -31 -32 -33 -34 -35 -36 -37 -38 -39
leaf_value= 0.088905597877718748 0.084744883563069862 0.14252384118082231 0.13719190780792143 -0.022923803746691784 0.055224303761497145 -0.026736455006591442 0.062057756344162808 -0.022662504690588784 0.16789762428889499 -0.086745621265224018 0.013343390117455334 0.15316060340404514 -0.095358169870277995 -0.097062197165715319 0.23830663572970623 0.066607736207544802 -0.073256532576079031 -0.039489628816489132 -0.056418129154610211 0.23644229949906817 -0.042830382573270646 0.2117248531396887 0.071997750654470102 -0.014707765010809351 0.11142210116402972 0.12715199083241441 0.035244025791172494 -0.10832091185607409 0.011700731284818239 -0.0032243517232512483 0.03469254737725308 -0.050192797519986655 0.069510652413419277 0.075361057274946672 -0.010309029325028999 -0.1259944115227056 0.17120754930751222 0.014766734939021312
leaf_weight=155 216 57 368 1109 470 441 95 236 258 899 770 75 1076 602 426 550 233 325 973 86 391 246 86 1060 180 215 223 38 574 254 215 1426 540 132 222 692 221 377
leaf_count=155 216 57 368 1109 470 441 95 236 258 899 770 75 1076 602 426 550 233 325 973 86 391 246 86 1060 180 215 223 38 574 254 215 1426 540 132 222 692 221 377
model_size=4288
internal_value=0 -0.0306532 0.111843 0.0020642 0.076901 -0.0629691 -0.0717957 0.062236 0.0765577 -0.0517111 -0.0184105 0.105774 -0.0907129 -0.0636789 0.19624 0.0534238 -0.0127098 0.00632856 -0.0341254 0.137314 -0.0223276 0.167054 -0.0327451 0.00236077 0.16063 0.0836234 0.042124 0.0143419 0.0312947 0.028068 0.0572895 -0.0382633 0.0797119 0.0224191 0.0126727 -0.107349 0.144371 -0.00760846
internal_weight=0 12960 3552 6440 2512 6520 5546 1635 1399 2690 4805 873 2856 1088 1040 1809 974 741 1791 703 486 614 2843 1962 487 765 416 261 1044 526 272 2535 615 902 308 1768 401 818
internal_count=16512 12960 3552 6440 2512 6520 5546 1635 1399 2690 4805 873 2856 1088 1040 1809 974 741 1791 703 486 614 2843 1962 487 765 416 261 1044 526 272 2535 615 902 308 1768 401 818
is_linear=0
shrinkage=0.1


Tree=2
num_leaves= 34
num_cat= 0
full_tree_array_lgbids= 0 1 3 4 2 5 26 14 7 6 8 18 17 30 -28 15 -16 9 11 -3 10 21 13 -2 24 -7 -19 -5 -32 -2147483648 -2147483648 28 -17 -2147483648 -2147483648 16 -11 12 -13 -2147483648 -2147483648 19 -12 22 -23 31 25 -2147483648 -2147483648 -20 -26 -2147483648 -2147483648 -2147483648 -2147483648 -2147483648 -2147483648 -2147483648 -2147483648 -2147483648 -2147483648 -2147483648 -2147483648 -1 29 -2147483648 -2147483648 -2147483648 -2147483648 -2147483648 -2147483648 -6 -18 -2147483648 -2147483648 20 -14 -2147483648 -2147483648 -2147483648 -2147483648 -2147483648 -2147483648 27 32 -2147483648 -2147483648 -4 23 -2147483648 -2147483648 -10 -33 -15 -27 -2147483648 -2147483648 -2147483648 -2147483648 -2147483648 -2147483648 -2147483648 -2147483648 -2147483648 -2147483648 -2147483648 -2147483648 -2147483648 -2147483648 -2147483648 -2147483648 -2147483648 -2147483648 -2147483648 -2147483648 -2147483648 -2147483648 -2147483648 -2147483648 -2147483648 -2147483648 -2147483648 -2147483648 -2147483648 -2147483648 -2147483648 -2147483648 -2147483648 -2147483648 -30 -31 -2147483648 -2147483648 -2147483648 -2147483648 -2147483648 -2147483648 -2147483648 -2147483648 -2147483648 -2147483648 -2147483648 -2147483648 -2147483648 -2147483648 -2147483648 -2147483648 -2147483648 -2147483648 -2147483648 -2147483648 -9 -22 -2147483648 -2147483648 -2147483648 -2147483648 -2147483648 -2147483648 -2147483648 -2147483648 -2147483648 -2147483648 -2147483648 -2147483648 -2147483648 -2147483648 -8 -29 -21 -34 -2147483648 -2147483648 -2147483648 -2147483648 -2147483648 -2147483648 -24 -25 -2147483648 -2147483648 -2147483648 -2147483648 -2147483648 -2147483648 -2147483648 -2147483648 -2147483648 -2147483648 -2147483648 -2147483648 -2147483648 -2147483648 -2147483648 -2147483648 -2147483648 -2147483648 -2147483648 -2147483648 -2147483648 -2147483648 -2147483648 -2147483648 -2147483648 -2147483648 -2147483648 -2147483648 -2147483648 -2147483648 -2147483648 -2147483648 -2147483648 -2147483648 -2147483648 -2147483648 -2147483648 -2147483648 -2147483648 -2147483648 -2147483648 -2147483648 -2147483648 -2147483648 -2147483648 -2147483648 -2147483648 -2147483648 -2147483648 -2147483648 -2147483648 -2147483648 -2147483648 -2147483648 -2147483648 -2147483648 -2147483648 -2147483648 -2147483648 -2147483648 -2147483648 -2147483648 -2147483648 -2147483648 -2147483648 -2147483648 -2147483648 -2147483648 -2147483648 -2147483648 -2147483648 -2147483648 -2147483648 -2147483648 -2147483648 -2147483648
split_feature= 1 1 6 1 6 6 2 7 1 8 7 8 7 6 7 8 6 1 2 1 8 7 8 8 6 8 1 8 7 8 2 2 6
split_gain= 4563.67 1259.06 689.747 644.67 218.156 208.634 163.201 143.25 133.596 106.951 82.9086 81.3517 99.9377 79.5118 60.4907 69.3923 59.167 57.6843 44.5306 37.177 27.1318 25.4614 64.0687 20.7836 20.4583 17.9864 17.9055 13.0948 12.7169 32.8599 8.81182 8.47783 0.37595
threshold= 5.2771000000000017 3.1792500000000001 2.2982753493904258 7.3930000000000016 2.1628386478062818 2.7472725830126556 19.500000000000004 34.455000000000005 4.0612500000000002 -117.77499999999999 37.815000000000005 -121.63499999999998 38.665000000000006 2.6829812717770039 37.935000000000009 -118.25499999999998 3.1336552646136835 6.2770500000000009 21.500000000000004 3.8769000000000005 -122.38499999999998 37.945000000000007 -122.19499999999998 -117.60499999999998 2.2038024706228287 -121.895 8.7395500000000013 -122.40499999999999 34.655000000000008 -122.31499999999998 28.500000000000004 20.500000000000004 1.9322222929778572
decision_type= 2 2 2 2 2 2 2 2 2 2 2 2 2 2 2 2 2 2 2 2 2 2 2 2 2 2 2 2 2 2 2 2 2
left_child=1 4 6 5 14 18 -3 9 21 16 19 12 20 31 15 28 -6 -7 -2 27 -9 22 -4 -24 -20 -15 30 -8 -1 -30 -5 -10 -21
right_child=3 2 8 26 7 17 10 11 13 -11 -12 -13 -14 25 -16 -17 -18 -19 24 32 -22 -23 23 -25 -26 -27 -28 -29 29 -31 -32 -33 -34
leaf_value= 0.080786661256217474 0.077452010371302837 0.013771535054705032 0.057484799274545799 0.14288679715810401 0.0013357823758315566 0.036891070073128161 0.18162238215622695 0.028267984763801504 0.0015818753682721694 -0.077614761855687095 0.017357126251523591 -0.096406985096812878 -0.10090441670762487 0.02866164449651383 -0.064465695115718619 -0.034109802848837426 -0.045896406042719523 0.093361273326579189 0.2075931866273836 0.1921859975476734 -0.044323240790498451 -0.057066628259589094 -0.017303315064895533 -0.058487813347971221 0.12935704782915611 -0.012642234605520667 0.21944876598168728 0.073116730925074522 0.11975494829975829 -0.0095946997115635771 0.20833225766333141 0.054598096559385259 0.12648735593597429
leaf_weight=167 262 370 154 264 634 857 46 147 208 928 141 1827 415 380 245 348 1237 435 108 122 566 530 1648 406 528 1596 365 330 49 226 164 571 238
leaf_count=167 262 370 154 264 634 857 46 147 208 928 141 1827 415 380 245 348 1237 435 108 122 566 530 1648 406 528 1596 365 330 49 226 164 571 238
model_size=3728
internal_value=0 -0.0247785 0.00625238 0.11238 -0.0555854 0.0836716 0.0750414 -0.0637636 -0.00936385 -0.045714 0.100891 -0.0808604 -0.0556799 0.00806496 -0.0101192 0.00673513 -0.0298915 0.0559039 0.123623 0.116894 -0.029357 -0.0269009 -0.01966 -0.025444 0.142642 -0.00469918 0.191661 0.0863914 0.0388936 0.0134531 0.167964 0.0404423 0.148752
internal_weight=0 13529 6740 2983 6789 2190 1247 5754 5493 2799 877 2955 1128 2755 1035 790 1871 1292 898 736 713 2738 2208 2054 636 1976 793 376 442 275 428 779 360
internal_count=16512 13529 6740 2983 6789 2190 1247 5754 5493 2799 877 2955 1128 2755 1035 790 1871 1292 898 736 713 2738 2208 2054 636 1976 793 376 442 275 428 779 360
is_linear=0
shrinkage=0.1


Tree=3
num_leaves= 24
num_cat= 0
full_tree_array_lgbids= 0 1 2 5 3 6 8 17 13 4 7 19 -8 10 -10 -1 -19 -7 21 9 -6 18 14 -2 20 -2147483648 -2147483648 -4 -12 -2147483648 -2147483648 -2147483648 -2147483648 -2147483648 -2147483648 -2147483648 -2147483648 -15 -23 -3 11 -2147483648 -2147483648 -5 22 15 -16 -2147483648 -2147483648 -21 -22 -2147483648 -2147483648 -2147483648 -2147483648 -2147483648 -2147483648 -2147483648 -2147483648 -2147483648 -2147483648 -2147483648 -2147483648 -2147483648 -2147483648 -2147483648 -2147483648 -2147483648 -2147483648 -2147483648 -2147483648 -2147483648 -2147483648 -2147483648 -2147483648 -2147483648 -2147483648 -2147483648 -2147483648 -2147483648 -2147483648 -11 12 -2147483648 -2147483648 -2147483648 -2147483648 -2147483648 -2147483648 -20 -24 16 -17 -2147483648 -2147483648 -2147483648 -2147483648 -2147483648 -2147483648 -2147483648 -2147483648 -2147483648 -2147483648 -2147483648 -2147483648 -2147483648 -2147483648 -2147483648 -2147483648 -2147483648 -2147483648 -2147483648 -2147483648 -2147483648 -2147483648 -2147483648 -2147483648 -2147483648 -2147483648 -2147483648 -2147483648 -2147483648 -2147483648 -2147483648 -2147483648 -2147483648 -2147483648 -2147483648 -2147483648 -2147483648 -2147483648 -2147483648 -2147483648 -2147483648 -2147483648 -2147483648 -2147483648 -2147483648 -2147483648 -2147483648 -2147483648 -2147483648 -2147483648 -2147483648 -2147483648 -2147483648 -2147483648 -2147483648 -2147483648 -2147483648 -2147483648 -2147483648 -2147483648 -2147483648 -2147483648 -2147483648 -2147483648 -2147483648 -2147483648 -2147483648 -2147483648 -2147483648 -2147483648 -2147483648 -2147483648 -13 -14 -2147483648 -2147483648 -2147483648 -2147483648 -2147483648 -2147483648 -2147483648 -2147483648 -2147483648 -2147483648 -2147483648 -2147483648 -2147483648 -2147483648 -2147483648 -2147483648 -9 -18 -2147483648 -2147483648 -2147483648 -2147483648 -2147483648 -2147483648 -2147483648 -2147483648 -2147483648 -2147483648 -2147483648 -2147483648 -2147483648 -2147483648 -2147483648 -2147483648 -2147483648 -2147483648 -2147483648 -2147483648 -2147483648 -2147483648 -2147483648 -2147483648 -2147483648 -2147483648 -2147483648 -2147483648 -2147483648 -2147483648 -2147483648 -2147483648 -2147483648 -2147483648 -2147483648 -2147483648 -2147483648 -2147483648 -2147483648 -2147483648 -2147483648 -2147483648 -2147483648 -2147483648 -2147483648 -2147483648 -2147483648 -2147483648 -2147483648 -2147483648 -2147483648 -2147483648 -2147483648 -2147483648 -2147483648 -2147483648 -2147483648 -2147483648 -2147483648 -2147483648 -2147483648 -2147483648 -2147483648 -2147483648 -2147483648 -2147483648 -2147483648 -2147483648 -2147483648 -2147483648
split_feature= 1 1 1 6 7 3 6 1 1 8 2 2 1 1 6 7 8 6 3 2 6 6 2
split_gain= 3701.49 944.322 597.836 566.934 157.231 144.2 142.968 125.379 120.986 118.733 53.399 51.7295 54.6078 44.9417 33.3617 26.1743 23.5037 21.2632 20.6609 15.1584 20.8912 7.58037 5.10668
threshold= 5.1326000000000009 2.7820000000000005 6.3963500000000009 2.4136952392348086 37.995000000000012 3.8792159595040387 2.735488224282792 3.8346500000000003 7.852450000000001 -122.35499999999998 26.500000000000004 19.500000000000004 3.8769000000000005 2.2210000000000005 3.016322398451238 37.875000000000007 -122.21499999999999 2.8941056667066012 4.8809487864875196 16.500000000000004 2.1628386478062818 2.2982753493904258 44.500000000000007
decision_type= 2 2 2 2 2 2 2 2 2 2 2 2 2 2 2 2 2 2 2 2 2 2 2
left_child=1 5 6 4 9 17 19 18 10 -3 -4 -11 -13 -7 15 16 -9 -1 -5 -2 -21 -15 -20
right_child=2 3 8 7 -6 13 -8 14 -10 11 -12 12 -14 21 -16 -17 -18 -19 22 20 -22 -23 -24
leaf_value= -0.0038986325142142397 0.04488049846519631 0.13544572498037222 0.090403503144720412 -0.017659671613982263 -0.034726251057792472 -0.084090781563939426 0.031748340992421964 0.093544746395722744 0.18402133289516609 0.0077454064947603905 0.15854686224021208 0.038373120856680563 0.096023293486875577 -0.023664662304695949 -0.018321548289664116 -0.025273891027253068 0.016085973657094361 -0.044519499687495835 -0.049700500216399622 0.17142959740012886 0.093024665944913487 -0.062314852779534746 0.0015644529013282803
leaf_weight=580 163 213 491 1239 271 1893 1115 107 609 451 312 739 426 358 1317 339 1151 833 1695 112 497 1432 169
leaf_count=580 163 213 491 1239 271 1893 1115 107 609 451 312 739 426 358 1317 339 1151 833 1695 112 497 1432 169
model_size=2608
internal_value=0 -0.0237699 0.0952022 -0.00219729 0.0439028 -0.0581312 0.0573123 -0.0182867 0.145838 0.0555532 0.11688 0.0450228 0.0594538 -0.0697504 -0.00143208 0.0124962 0.0226743 -0.0278457 -0.0341148 0.0942343 0.107444 -0.0545848 -0.0450526
internal_weight=0 13213 3299 8117 2100 5096 1887 6017 1412 1829 803 1616 1165 3683 2914 1597 1258 1413 3103 772 609 1790 1864
internal_count=16512 13213 3299 8117 2100 5096 1887 6017 1412 1829 803 1616 1165 3683 2914 1597 1258 1413 3103 772 609 1790 1864
is_linear=0
shrinkage=0.1


Tree=4
num_leaves= 28
num_cat= 0
full_tree_array_lgbids= 0 1 3 4 2 5 -5 13 6 11 10 21 -7 -2147483648 -2147483648 14 -15 7 8 -3 12 20 19 -2 24 -2147483648 -2147483648 -2147483648 -2147483648 -2147483648 -2147483648 16 -16 -2147483648 -2147483648 15 -9 9 25 -2147483648 -2147483648 -13 18 -4 -22 -12 22 -2147483648 -2147483648 -23 -26 -2147483648 -2147483648 -2147483648 -2147483648 -2147483648 -2147483648 -2147483648 -2147483648 -2147483648 -2147483648 -2147483648 -2147483648 -1 26 -2147483648 -2147483648 -2147483648 -2147483648 -2147483648 -2147483648 -6 -17 -2147483648 -2147483648 17 -11 -10 -27 -2147483648 -2147483648 -2147483648 -2147483648 -2147483648 -2147483648 -14 -20 -2147483648 -2147483648 -2147483648 -2147483648 -2147483648 -2147483648 23 -24 -2147483648 -2147483648 -2147483648 -2147483648 -2147483648 -2147483648 -2147483648 -2147483648 -2147483648 -2147483648 -2147483648 -2147483648 -2147483648 -2147483648 -2147483648 -2147483648 -2147483648 -2147483648 -2147483648 -2147483648 -2147483648 -2147483648 -2147483648 -2147483648 -2147483648 -2147483648 -2147483648 -2147483648 -2147483648 -2147483648 -2147483648 -2147483648 -2147483648 -2147483648 -18 -28 -2147483648 -2147483648 -2147483648 -2147483648 -2147483648 -2147483648 -2147483648 -2147483648 -2147483648 -2147483648 -2147483648 -2147483648 -2147483648 -2147483648 -2147483648 -2147483648 -2147483648 -2147483648 -2147483648 -2147483648 -8 -19 -2147483648 -2147483648 -2147483648 -2147483648 -2147483648 -2147483648 -2147483648 -2147483648 -2147483648 -2147483648 -2147483648 -2147483648 -2147483648 -2147483648 -2147483648 -2147483648 -2147483648 -2147483648 -2147483648 -2147483648 -2147483648 -2147483648 -2147483648 -2147483648 -2147483648 -2147483648 -2147483648 -2147483648 -2147483648 -2147483648 -2147483648 -2147483648 -2147483648 -2147483648 -21 -25 -2147483648 -2147483648 -2147483648 -2147483648 -2147483648 -2147483648 -2147483648 -2147483648 -2147483648 -2147483648 -2147483648 -2147483648 -2147483648 -2147483648 -2147483648 -2147483648 -2147483648 -2147483648 -2147483648 -2147483648 -2147483648 -2147483648 -2147483648 -2147483648 -2147483648 -2147483648 -2147483648 -2147483648 -2147483648 -2147483648 -2147483648 -2147483648 -2147483648 -2147483648 -2147483648 -2147483648 -2147483648 -2147483648 -2147483648 -2147483648 -2147483648 -2147483648 -2147483648 -2147483648 -2147483648 -2147483648 -2147483648 -2147483648 -2147483648 -2147483648 -2147483648 -2147483648 -2147483648 -2147483648 -2147483648 -2147483648 -2147483648 -2147483648 -2147483648 -2147483648 -2147483648 -2147483648 -2147483648 -2147483648 -2147483648 -2147483648
split_feature= 1 1 6 1 6 6 7 8 8 7 1 2 6 7 8 6 8 8 7 2 2 2 8 7 4 8 2
split_gain= 3025.38 964.814 418.272 282.555 220.909 105.351 101.554 98.7426 85.7494 90.5219 81.4277 81.2972 77.3342 72.3525 58.7343 54.0824 34.9911 30.9901 25.1706 24.2739 19.3736 18.9219 9.3036 4.09836 3.78168 3.46396 1.62806
threshold= 5.6042500000000013 3.4883000000000002 2.4136952392348086 7.7055000000000016 2.2352443515477258 3.0089663118548242 34.455000000000005 -117.77499999999999 -121.63499999999998 37.895000000000003 4.5301500000000017 20.500000000000004 1.9628175980828908 37.935000000000009 -117.145 3.4287187039764357 -122.33499999999999 -122.31499999999998 37.935000000000009 16.500000000000004 42.500000000000007 21.500000000000004 -117.65499999999999 37.915000000000006 1.0435797675926601 -120.09499999999998 27.500000000000004
decision_type= 2 2 2 2 2 2 2 2 2 2 2 2 2 2 2 2 2 2 2 2 2 2 2 2 2 2 2
left_child=1 4 11 5 13 21 7 15 9 17 20 -3 -13 14 16 -6 -1 -8 -14 -12 -4 -2 23 -21 -23 -10 -18
right_child=3 2 10 -5 6 -7 8 -9 25 -11 19 12 18 -15 -16 -17 26 -19 -20 22 -22 24 -24 -25 -26 -27 -28
leaf_value= 0.11677509129450128 0.07127881493427346 0.019025805121493426 -0.020775518618203634 0.16279530398936859 0.00042428094399151828 0.044766950964976467 0.055734291696864974 -0.064441792359009764 -0.067369167762849319 -0.069078468113447408 -0.012592894979410874 0.14068924174103034 0.073693426642218215 -0.052781766590067669 -0.06059693666948654 -0.040211192802593693 -0.0063321232835420798 -0.024419399202997356 -0.0071941535458515549 0.039844194616873857 0.022399546726930123 0.10329413103666157 -0.029333884858592292 -0.014184393516804379 0.15306101110308096 -0.095761233778837371 0.034232213157248448
leaf_weight=74 352 438 2425 670 1044 649 133 1041 1141 705 511 241 641 343 158 1136 431 475 109 1110 337 500 127 156 235 848 482
leaf_count=74 352 438 2425 670 1044 649 133 1041 1141 705 511 241 641 343 158 1136 431 475 109 1110 337 500 127 156 235 848 482
model_size=3056
internal_value=0 -0.017782 0.0127506 0.104253 -0.0410121 0.0816592 -0.0495602 -0.0348714 -0.0638887 -0.0402794 -0.00235278 0.0620663 0.0810892 -0.0035392 0.0112121 -0.0207509 0.0227073 -0.00688578 0.0619378 0.01673 -0.0155076 0.103686 0.0274866 0.0331866 0.119206 -0.079474 0.015083
internal_weight=0 14106 6095 2406 8011 1736 6523 3221 3302 1313 4666 1429 991 1488 1145 2180 987 608 750 1904 2762 1087 1393 1266 735 1989 913
internal_count=16512 14106 6095 2406 8011 1736 6523 3221 3302 1313 4666 1429 991 1488 1145 2180 987 608 750 1904 2762 1087 1393 1266 735 1989 913
is_linear=0
shrinkage=0.1


Tree=5
num_leaves= 23
num_cat= 0
full_tree_array_lgbids= 0 2 1 5 3 4 6 -1 17 7 8 14 13 12 -8 -2147483648 -2147483648 -7 -19 -4 11 9 -10 -2 18 20 -15 -3 -14 -2147483648 -2147483648 -2147483648 -2147483648 -2147483648 -2147483648 -2147483648 -2147483648 -2147483648 -2147483648 -2147483648 -2147483648 16 -13 -5 10 -2147483648 -2147483648 -2147483648 -2147483648 -16 -20 21 -22 -2147483648 -2147483648 -2147483648 -2147483648 -2147483648 -2147483648 -2147483648 -2147483648 -2147483648 -2147483648 -2147483648 -2147483648 -2147483648 -2147483648 -2147483648 -2147483648 -2147483648 -2147483648 -2147483648 -2147483648 -2147483648 -2147483648 -2147483648 -2147483648 -2147483648 -2147483648 -2147483648 -2147483648 -2147483648 -2147483648 -9 -18 -2147483648 -2147483648 -2147483648 -2147483648 15 19 -2147483648 -2147483648 -2147483648 -2147483648 -2147483648 -2147483648 -2147483648 -2147483648 -2147483648 -2147483648 -2147483648 -2147483648 -6 -23 -2147483648 -2147483648 -2147483648 -2147483648 -2147483648 -2147483648 -2147483648 -2147483648 -2147483648 -2147483648 -2147483648 -2147483648 -2147483648 -2147483648 -2147483648 -2147483648 -2147483648 -2147483648 -2147483648 -2147483648 -2147483648 -2147483648 -2147483648 -2147483648 -2147483648 -2147483648 -2147483648 -2147483648 -2147483648 -2147483648 -2147483648 -2147483648 -2147483648 -2147483648 -2147483648 -2147483648 -2147483648 -2147483648 -2147483648 -2147483648 -2147483648 -2147483648 -2147483648 -2147483648 -2147483648 -2147483648 -2147483648 -2147483648 -2147483648 -2147483648 -2147483648 -2147483648 -2147483648 -2147483648 -2147483648 -2147483648 -2147483648 -2147483648 -2147483648 -2147483648 -2147483648 -2147483648 -2147483648 -2147483648 -2147483648 -2147483648 -2147483648 -2147483648 -2147483648 -2147483648 -2147483648 -2147483648 -2147483648 -2147483648 -11 -17 -12 -21 -2147483648 -2147483648 -2147483648 -2147483648 -2147483648 -2147483648 -2147483648 -2147483648 -2147483648 -2147483648 -2147483648 -2147483648 -2147483648 -2147483648 -2147483648 -2147483648 -2147483648 -2147483648 -2147483648 -2147483648 -2147483648 -2147483648 -2147483648 -2147483648 -2147483648 -2147483648 -2147483648 -2147483648 -2147483648 -2147483648 -2147483648 -2147483648 -2147483648 -2147483648 -2147483648 -2147483648 -2147483648 -2147483648 -2147483648 -2147483648 -2147483648 -2147483648 -2147483648 -2147483648 -2147483648 -2147483648 -2147483648 -2147483648 -2147483648 -2147483648 -2147483648 -2147483648 -2147483648 -2147483648 -2147483648 -2147483648 -2147483648 -2147483648 -2147483648 -2147483648 -2147483648 -2147483648 -2147483648 -2147483648 -2147483648 -2147483648 -2147483648 -2147483648 -2147483648 -2147483648 -2147483648 -2147483648
split_feature= 1 1 1 6 6 3 1 2 7 8 6 7 2 6 2 7 1 1 6 8 7 8
split_gain= 2446.71 651.417 443.453 349.484 181.901 89.1295 68.3438 66.2709 61.0091 141.689 56.8398 36.0754 27.4918 23.0469 20.2642 16.9726 15.3007 11.8176 10.7906 3.75939 1.24436 7.63443
threshold= 4.5301500000000017 6.3350000000000009 2.5894500000000007 2.2038024706228287 2.5219735498882589 3.6482937607122259 7.852450000000001 24.500000000000004 37.925000000000004 -122.29499999999999 2.8273651247857257 37.815000000000005 26.500000000000004 3.0375944537846187 21.500000000000004 34.525000000000013 3.4105000000000003 1.9486000000000003 2.0653737590585881 -117.79499999999999 37.955000000000005 -117.86499999999999
decision_type= 2 2 2 2 2 2 2 2 2 2 2 2 2 2 2 2 2 2 2 2 2 2
left_child=2 4 5 7 14 -1 12 -4 9 -5 15 16 -3 20 -2 -11 -9 -7 -16 -12 21 -6
right_child=1 6 3 8 13 17 -8 11 -10 10 19 -13 -14 -15 18 -17 -18 -19 -20 -21 -22 -23
leaf_value= -0.017790969954312293 0.041923400077250289 0.073624686671087056 0.0051161959387511962 0.065740648392931089 0.052482203004348429 -0.075191989923494795 0.14933966642676905 0.051976271485405935 -0.044816519413086515 0.011255573747249449 -0.023169449899524189 -0.0027879041993538992 0.12939871328146155 0.0040902471124771031 0.15437250882904563 -0.023053392485616431 0.10965201840583427 -0.050721702973082032 0.082984764069119962 -0.051911816161911428 -0.0057797372498801756 0.0039588874397689811
leaf_weight=872 267 530 472 269 881 1326 609 335 1228 1252 2177 132 335 1162 117 711 290 2046 445 626 192 238
leaf_count=872 267 530 472 269 881 1326 609 335 1228 1252 2177 132 335 1162 117 711 290 2046 445 626 192 238
model_size=2496
internal_value=0 0.0607879 -0.0247378 -0.00952057 0.0354348 -0.0516011 0.117583 0.0417071 -0.0195731 -0.0134164 -0.0178841 0.064522 0.095225 0.0205508 0.0798352 -0.00117116 0.0787378 -0.0603444 0.0978466 -0.0295885 0.0351406 0.0421618
internal_weight=0 4776 11736 7492 3302 4244 1474 1229 6263 5035 4766 757 865 2473 829 1963 625 3372 562 2803 1311 1119
internal_count=16512 4776 11736 7492 3302 4244 1474 1229 6263 5035 4766 757 865 2473 829 1963 625 3372 562 2803 1311 1119
is_linear=0
shrinkage=0.1


Tree=6
num_leaves= 22
num_cat= 0
full_tree_array_lgbids= 0 1 3 4 2 6 -5 13 7 5 10 -2 -8 -2147483648 -2147483648 -1 14 11 9 8 -7 15 16 -2147483648 -2147483648 -2147483648 -2147483648 -2147483648 -2147483648 -2147483648 -2147483648 -2147483648 -2147483648 -15 -16 -6 -13 -9 -11 12 -10 -2147483648 -2147483648 -4 18 -12 -18 -2147483648 -2147483648 -2147483648 -2147483648 -2147483648 -2147483648 -2147483648 -2147483648 -2147483648 -2147483648 -2147483648 -2147483648 -2147483648 -2147483648 -2147483648 -2147483648 -2147483648 -2147483648 -2147483648 -2147483648 -2147483648 -2147483648 -2147483648 -2147483648 -2147483648 -2147483648 -2147483648 -2147483648 -2147483648 -2147483648 -2147483648 -2147483648 17 -14 -2147483648 -2147483648 -2147483648 -2147483648 -2147483648 -2147483648 -2147483648 -2147483648 20 19 -2147483648 -2147483648 -2147483648 -2147483648 -2147483648 -2147483648 -2147483648 -2147483648 -2147483648 -2147483648 -2147483648 -2147483648 -2147483648 -2147483648 -2147483648 -2147483648 -2147483648 -2147483648 -2147483648 -2147483648 -2147483648 -2147483648 -2147483648 -2147483648 -2147483648 -2147483648 -2147483648 -2147483648 -2147483648 -2147483648 -2147483648 -2147483648 -2147483648 -2147483648 -2147483648 -2147483648 -2147483648 -2147483648 -2147483648 -2147483648 -2147483648 -2147483648 -2147483648 -2147483648 -2147483648 -2147483648 -2147483648 -2147483648 -2147483648 -2147483648 -2147483648 -2147483648 -2147483648 -2147483648 -2147483648 -2147483648 -2147483648 -2147483648 -2147483648 -2147483648 -2147483648 -2147483648 -2147483648 -2147483648 -2147483648 -2147483648 -2147483648 -2147483648 -3 -19 -2147483648 -2147483648 -2147483648 -2147483648 -2147483648 -2147483648 -2147483648 -2147483648 -2147483648 -2147483648 -2147483648 -2147483648 -2147483648 -2147483648 -2147483648 -2147483648 -2147483648 -2147483648 -17 -22 -20 -21 -2147483648 -2147483648 -2147483648 -2147483648 -2147483648 -2147483648 -2147483648 -2147483648 -2147483648 -2147483648 -2147483648 -2147483648 -2147483648 -2147483648 -2147483648 -2147483648 -2147483648 -2147483648 -2147483648 -2147483648 -2147483648 -2147483648 -2147483648 -2147483648 -2147483648 -2147483648 -2147483648 -2147483648 -2147483648 -2147483648 -2147483648 -2147483648 -2147483648 -2147483648 -2147483648 -2147483648 -2147483648 -2147483648 -2147483648 -2147483648 -2147483648 -2147483648 -2147483648 -2147483648 -2147483648 -2147483648 -2147483648 -2147483648 -2147483648 -2147483648 -2147483648 -2147483648 -2147483648 -2147483648 -2147483648 -2147483648 -2147483648 -2147483648 -2147483648 -2147483648 -2147483648 -2147483648 -2147483648 -2147483648 -2147483648 -2147483648 -2147483648 -2147483648 -2147483648 -2147483648 -2147483648 -2147483648
split_feature= 1 1 6 1 6 7 6 1 8 3 1 3 6 2 7 8 2 2 7 8 8
split_gain= 2012.05 642.777 303.597 167.801 123.642 86.5826 66.0163 63.9473 61.0521 41.3578 39.6436 36.791 27.3946 7.37489 7.39353 6.98696 1.51178 0.923688 0.134618 23.9374 14.9652
threshold= 5.6042500000000013 3.3277500000000004 2.5288691539219195 7.3930000000000016 2.0376051459673437 37.935000000000009 2.6529733204757315 2.2210000000000005 -117.88499999999998 4.7252880533656763 4.5301500000000017 3.4845502266762112 2.0653737590585881 27.500000000000004 37.995000000000012 -122.40499999999999 16.500000000000004 15.500000000000002 34.455000000000005 -119.94499999999998 -117.79499999999999
decision_type= 2 2 2 2 2 2 2 2 2 2 2 2 2 2 2 2 2 2 2 2 2
left_child=1 4 5 6 13 8 -2 11 12 -9 15 -6 17 -1 -15 -4 -12 -3 20 -20 -17
right_child=3 2 10 -5 7 -7 -8 9 -10 -11 16 -13 -14 14 -16 18 -18 -19 19 -21 -22
leaf_value= -0.01647289394747602 0.1010515004765969 0.015899435674602336 0.026883104135865504 0.12688921177736279 -0.018637226537481733 -0.016097531611129881 0.04722357552596218 -0.016070154240837187 0.0045672191249245698 -0.043758242069768014 -0.014126637883739947 -0.064445940731785487 0.048889835714924487 0.043465947030463081 -0.047168348620834882 0.0017927174997894191 0.01911124483793129 0.10415203948395738 -0.023275480284834938 -0.085000290257894268 -0.037344475244812908
leaf_weight=438 528 55 214 793 424 310 1085 1890 346 2221 481 2048 953 345 64 1081 1259 420 867 196 494
leaf_count=438 528 55 214 793 424 310 1085 1890 346 2221 481 2048 953 345 64 1081 1259 420 867 196 494
model_size=2384
internal_value=0 -0.0145481 0.00860835 0.0852934 -0.0353547 0.0421307 0.0648436 -0.0406269 0.0523059 -0.0310289 -0.00660519 -0.0565888 0.0638728 0.00562202 0.0292836 -0.016689 0.00992307 0.0939333 -0.0202237 -0.0346565 -0.0104827
internal_weight=0 14106 6676 2406 7430 2084 1613 6583 1774 4111 4592 2472 1428 847 409 2852 1740 475 2638 1063 1575
internal_count=16512 14106 6676 2406 7430 2084 1613 6583 1774 4111 4592 2472 1428 847 409 2852 1740 475 2638 1063 1575
is_linear=0
shrinkage=0.1


Tree=7
num_leaves= 24
num_cat= 0
full_tree_array_lgbids= 0 1 3 9 2 4 14 17 -11 10 5 -2 19 -5 -16 -1 -19 -2147483648 -2147483648 -3 12 8 6 -2147483648 -2147483648 -6 -21 -2147483648 -2147483648 -2147483648 -2147483648 -2147483648 -2147483648 -2147483648 -2147483648 -2147483648 -2147483648 -2147483648 -2147483648 -2147483648 -2147483648 18 -14 20 22 7 11 -2147483648 -2147483648 -2147483648 -2147483648 -2147483648 -2147483648 -2147483648 -2147483648 -2147483648 -2147483648 -2147483648 -2147483648 -2147483648 -2147483648 -2147483648 -2147483648 -2147483648 -2147483648 -2147483648 -2147483648 -2147483648 -2147483648 -2147483648 -2147483648 -2147483648 -2147483648 -2147483648 -2147483648 -2147483648 -2147483648 -2147483648 -2147483648 -2147483648 -2147483648 -2147483648 -2147483648 -12 -20 -2147483648 -2147483648 -4 21 -10 -24 15 13 16 -13 -2147483648 -2147483648 -2147483648 -2147483648 -2147483648 -2147483648 -2147483648 -2147483648 -2147483648 -2147483648 -2147483648 -2147483648 -2147483648 -2147483648 -2147483648 -2147483648 -2147483648 -2147483648 -2147483648 -2147483648 -2147483648 -2147483648 -2147483648 -2147483648 -2147483648 -2147483648 -2147483648 -2147483648 -2147483648 -2147483648 -2147483648 -2147483648 -2147483648 -2147483648 -2147483648 -2147483648 -2147483648 -2147483648 -2147483648 -2147483648 -2147483648 -2147483648 -2147483648 -2147483648 -2147483648 -2147483648 -2147483648 -2147483648 -2147483648 -2147483648 -2147483648 -2147483648 -2147483648 -2147483648 -2147483648 -2147483648 -2147483648 -2147483648 -2147483648 -2147483648 -2147483648 -2147483648 -2147483648 -2147483648 -2147483648 -2147483648 -2147483648 -2147483648 -2147483648 -2147483648 -2147483648 -2147483648 -2147483648 -2147483648 -2147483648 -2147483648 -2147483648 -2147483648 -2147483648 -2147483648 -2147483648 -2147483648 -22 -23 -2147483648 -2147483648 -2147483648 -2147483648 -7 -17 -9 -15 -8 -18 -2147483648 -2147483648 -2147483648 -2147483648 -2147483648 -2147483648 -2147483648 -2147483648 -2147483648 -2147483648 -2147483648 -2147483648 -2147483648 -2147483648 -2147483648 -2147483648 -2147483648 -2147483648 -2147483648 -2147483648 -2147483648 -2147483648 -2147483648 -2147483648 -2147483648 -2147483648 -2147483648 -2147483648 -2147483648 -2147483648 -2147483648 -2147483648 -2147483648 -2147483648 -2147483648 -2147483648 -2147483648 -2147483648 -2147483648 -2147483648 -2147483648 -2147483648 -2147483648 -2147483648 -2147483648 -2147483648 -2147483648 -2147483648 -2147483648 -2147483648 -2147483648 -2147483648 -2147483648 -2147483648 -2147483648 -2147483648 -2147483648 -2147483648 -2147483648 -2147483648 -2147483648 -2147483648 -2147483648 -2147483648 -2147483648 -2147483648
split_feature= 1 1 6 1 6 8 7 8 7 3 2 8 7 8 2 6 7 6 1 6 8 7 7
split_gain= 1629.76 471.588 259.378 178.036 64.4636 61.3241 149.826 114.432 63.0362 60.5395 47.8638 39.3614 22.3789 21.3201 14.5635 13.2557 11.0298 5.8834 4.83742 3.19874 3.13073 5.22166 0.475008
threshold= 5.3736000000000006 2.8762500000000002 2.2634687595142249 6.8672000000000013 2.5498511575161031 -121.85499999999998 34.525000000000013 -118.29499999999999 37.915000000000006 4.2015099382944241 24.500000000000004 -119.94499999999998 37.815000000000005 -117.60499999999998 20.500000000000004 2.8824264705882361 37.305000000000007 3.0973600929976173 3.6835000000000004 3.1424162072895592 -122.24499999999999 37.485000000000007 38.735000000000007
decision_type= 2 2 2 2 2 2 2 2 2 2 2 2 2 2 2 2 2 2 2 2 2 2 2
left_child=1 9 10 4 -2 8 7 15 20 17 -3 16 18 -9 -5 -7 -8 -1 -12 -6 -4 -22 -10
right_child=3 2 5 14 19 6 11 13 22 -11 12 -13 -14 -15 -16 -17 -18 -19 -20 -21 21 -23 -24
leaf_value= -0.006348818953662726 0.09060273712861 0.012144819239558525 0.062241366787183984 0.077744627772706895 0.048615296282180281 0.056993108845090769 0.0053894437262578801 -0.0018151827473650202 -0.0033578295201694254 -0.048882474830242564 0.050139830807410184 -0.077345810132840323 0.0038921361194445277 -0.032127722931859247 0.12385147027148546 0.0083138592601244461 -0.040241661888136326 -0.035030618927599719 0.098200145313784959 0.012245984439993305 0.046676066464163259 -0.0083198604623576488 -0.06382418552330181
leaf_weight=1008 441 567 355 392 823 482 311 1812 456 3313 375 441 148 987 648 384 923 1101 357 489 282 283 134
leaf_count=1008 441 567 355 392 823 482 311 1812 456 3313 375 441 148 987 648 384 923 1101 357 489 282 283 134
model_size=2608
internal_value=0 -0.0143368 0.00123296 0.0704211 0.0490328 -0.00745872 -0.0138413 -0.00118308 0.0151127 -0.0381623 0.0423787 -0.0415382 0.061859 -0.0125042 0.106473 0.0354079 -0.0287414 -0.0213221 0.0735791 0.03506 0.035765 0.0191294 -0.0170909
internal_weight=0 13719 8297 2793 1753 6850 5340 3665 1510 5422 1447 1675 880 2799 1040 866 1234 2109 732 1312 920 565 590
internal_count=16512 13719 8297 2793 1753 6850 5340 3665 1510 5422 1447 1675 880 2799 1040 866 1234 2109 732 1312 920 565 590
is_linear=0
shrinkage=0.1


Tree=8
num_leaves= 20
num_cat= 0
full_tree_array_lgbids= 0 2 1 11 3 4 12 -1 16 13 5 -2 -6 14 -14 -2147483648 -2147483648 -13 -18 -4 17 6 7 -2147483648 -2147483648 -2147483648 -2147483648 -3 -16 -2147483648 -2147483648 -2147483648 -2147483648 -2147483648 -2147483648 -2147483648 -2147483648 -2147483648 -2147483648 -2147483648 -2147483648 -15 -19 -5 -8 9 8 -2147483648 -2147483648 -2147483648 -2147483648 -2147483648 -2147483648 -2147483648 -2147483648 -2147483648 -2147483648 -2147483648 -2147483648 -2147483648 -2147483648 -2147483648 -2147483648 -2147483648 -2147483648 -2147483648 -2147483648 -2147483648 -2147483648 -2147483648 -2147483648 -2147483648 -2147483648 -2147483648 -2147483648 -2147483648 -2147483648 -2147483648 -2147483648 -2147483648 -2147483648 -2147483648 -2147483648 -2147483648 -2147483648 -2147483648 -2147483648 -2147483648 -2147483648 -2147483648 -2147483648 -7 15 10 18 -2147483648 -2147483648 -2147483648 -2147483648 -2147483648 -2147483648 -2147483648 -2147483648 -2147483648 -2147483648 -2147483648 -2147483648 -2147483648 -2147483648 -2147483648 -2147483648 -2147483648 -2147483648 -2147483648 -2147483648 -2147483648 -2147483648 -2147483648 -2147483648 -2147483648 -2147483648 -2147483648 -2147483648 -2147483648 -2147483648 -2147483648 -2147483648 -2147483648 -2147483648 -2147483648 -2147483648 -2147483648 -2147483648 -2147483648 -2147483648 -2147483648 -2147483648 -2147483648 -2147483648 -2147483648 -2147483648 -2147483648 -2147483648 -2147483648 -2147483648 -2147483648 -2147483648 -2147483648 -2147483648 -2147483648 -2147483648 -2147483648 -2147483648 -2147483648 -2147483648 -2147483648 -2147483648 -2147483648 -2147483648 -2147483648 -2147483648 -2147483648 -2147483648 -2147483648 -2147483648 -2147483648 -2147483648 -2147483648 -2147483648 -2147483648 -2147483648 -2147483648 -2147483648 -2147483648 -2147483648 -2147483648 -2147483648 -2147483648 -2147483648 -2147483648 -2147483648 -2147483648 -2147483648 -2147483648 -2147483648 -11 -17 -9 -12 -10 -20 -2147483648 -2147483648 -2147483648 -2147483648 -2147483648 -2147483648 -2147483648 -2147483648 -2147483648 -2147483648 -2147483648 -2147483648 -2147483648 -2147483648 -2147483648 -2147483648 -2147483648 -2147483648 -2147483648 -2147483648 -2147483648 -2147483648 -2147483648 -2147483648 -2147483648 -2147483648 -2147483648 -2147483648 -2147483648 -2147483648 -2147483648 -2147483648 -2147483648 -2147483648 -2147483648 -2147483648 -2147483648 -2147483648 -2147483648 -2147483648 -2147483648 -2147483648 -2147483648 -2147483648 -2147483648 -2147483648 -2147483648 -2147483648 -2147483648 -2147483648 -2147483648 -2147483648 -2147483648 -2147483648 -2147483648 -2147483648 -2147483648 -2147483648 -2147483648 -2147483648 -2147483648 -2147483648 -2147483648 -2147483648
split_feature= 1 1 1 6 6 8 7 7 8 8 7 3 1 2 2 8 7 7 8
split_gain= 1333.22 300.14 255.699 200.262 89.0042 49.151 72.7158 46.5078 85.1449 84.8418 54.5123 35.5314 29.5989 27.7178 23.5896 4.26866 3.30963 3.22501 2.62978
threshold= 4.6754000000000007 6.3350000000000009 2.5205000000000006 2.0653737590585881 2.5163636904584812 -122.35499999999998 38.685000000000009 34.455000000000005 -121.63499999999998 -118.30499999999999 37.595000000000006 3.3654435698213785 8.7395500000000013 19.500000000000004 27.500000000000004 -117.675 35.335000000000008 37.815000000000005 -119.94499999999998
decision_type= 2 2 2 2 2 2 2 2 2 2 2 2 2 2 2 2 2 2 2
left_child=2 4 11 13 -2 6 -5 9 10 -7 -9 -1 14 -4 -3 -11 -13 -15 -10
right_child=1 12 3 5 -6 7 -8 8 18 15 -12 16 -14 17 -16 -17 -18 -19 -20
leaf_value= -0.0056963408350380919 0.065308004719916685 0.056221658380307654 -0.00055551985005810581 0.045520652922114137 0.016408187466136755 0.027765597160076261 -0.053432183962657448 0.030207509535867545 -0.035478137568776116 -0.0067386984263246383 -0.026583198226819094 -0.033600741945378307 0.12427950028792561 0.067952142417623748 0.10476614558750375 -0.031836831352809368 -0.055791753166655557 -0.0022742608419562479 -0.068463192153899524
leaf_weight=542 699 687 273 489 2206 831 147 471 1156 1851 733 1583 365 570 422 1052 1786 98 551
leaf_count=542 699 687 273 489 2206 831 147 471 1156 1851 733 1583 365 570 422 1052 1786 98 551
model_size=2160
internal_value=0 0.0479663 -0.0173118 -0.00658269 0.0281744 -0.0127017 0.0226495 -0.0160852 -0.0288539 -0.00613082 -0.0043669 -0.0398674 0.0869726 0.0407632 0.074694 -0.0158339 -0.0453648 0.0576495 -0.0461253
internal_weight=0 4379 12133 8222 2905 7281 636 6645 2911 3734 1204 3911 1474 941 1109 2903 3369 668 1707
internal_count=16512 4379 12133 8222 2905 7281 636 6645 2911 3734 1204 3911 1474 941 1109 2903 3369 668 1707
is_linear=0
shrinkage=0.1


Tree=9
num_leaves= 18
num_cat= 0
full_tree_array_lgbids= 0 1 4 3 2 11 -6 14 7 5 -4 -2 -13 -2147483648 -2147483648 15 -16 8 9 6 -7 -2147483648 -2147483648 -2147483648 -2147483648 -2147483648 -2147483648 -2147483648 -2147483648 -2147483648 -2147483648 16 -17 -2147483648 -2147483648 -5 -10 10 -11 12 -8 -2147483648 -2147483648 -2147483648 -2147483648 -2147483648 -2147483648 -2147483648 -2147483648 -2147483648 -2147483648 -2147483648 -2147483648 -2147483648 -2147483648 -2147483648 -2147483648 -2147483648 -2147483648 -2147483648 -2147483648 -2147483648 -2147483648 -1 -18 -2147483648 -2147483648 -2147483648 -2147483648 -2147483648 -2147483648 -2147483648 -2147483648 -2147483648 -2147483648 13 -12 -2147483648 -2147483648 -3 -14 -2147483648 -2147483648 -2147483648 -2147483648 -2147483648 -2147483648 -2147483648 -2147483648 -2147483648 -2147483648 -2147483648 -2147483648 -2147483648 -2147483648 -2147483648 -2147483648 -2147483648 -2147483648 -2147483648 -2147483648 -2147483648 -2147483648 -2147483648 -2147483648 -2147483648 -2147483648 -2147483648 -2147483648 -2147483648 -2147483648 -2147483648 -2147483648 -2147483648 -2147483648 -2147483648 -2147483648 -2147483648 -2147483648 -2147483648 -2147483648 -2147483648 -2147483648 -2147483648 -2147483648 -2147483648 -2147483648 -2147483648 -2147483648 -2147483648 -2147483648 -2147483648 -2147483648 -2147483648 -2147483648 -2147483648 -2147483648 -2147483648 -2147483648 -2147483648 -2147483648 -2147483648 -2147483648 -2147483648 -2147483648 -2147483648 -2147483648 -2147483648 -2147483648 -2147483648 -2147483648 -9 -15 -2147483648 -2147483648 -2147483648 -2147483648 -2147483648 -2147483648 -2147483648 -2147483648 -2147483648 -2147483648 -2147483648 -2147483648 -2147483648 -2147483648 -2147483648 -2147483648 -2147483648 -2147483648 -2147483648 -2147483648 -2147483648 -2147483648 -2147483648 -2147483648 -2147483648 -2147483648 -2147483648 -2147483648 -2147483648 -2147483648 -2147483648 -2147483648 -2147483648 -2147483648 -2147483648 -2147483648 -2147483648 -2147483648 -2147483648 -2147483648 -2147483648 -2147483648 -2147483648 -2147483648 -2147483648 -2147483648 -2147483648 -2147483648 -2147483648 -2147483648 -2147483648 -2147483648 -2147483648 -2147483648 -2147483648 -2147483648 -2147483648 -2147483648 -2147483648 -2147483648 -2147483648 -2147483648 -2147483648 -2147483648 -2147483648 -2147483648 -2147483648 -2147483648 -2147483648 -2147483648 -2147483648 -2147483648 -2147483648 -2147483648 -2147483648 -2147483648 -2147483648 -2147483648 -2147483648 -2147483648 -2147483648 -2147483648 -2147483648 -2147483648 -2147483648 -2147483648 -2147483648 -2147483648 -2147483648 -2147483648 -2147483648 -2147483648 -2147483648 -2147483648 -2147483648 -2147483648 -2147483648 -2147483648 -2147483648 -2147483648 -2147483648 -2147483648
split_feature= 1 1 6 6 1 7 8 7 8 8 7 6 6 8 7 8 8
split_gain= 1079.48 356.443 152.556 86.7492 77.6764 47.6385 36.2958 30.613 49.496 31.5487 30.7246 28.1424 18.2453 15.1918 14.6101 23.7448 4.71565
threshold= 5.6042500000000013 3.5488500000000003 2.7762783380468687 2.2352443515477258 7.7055000000000016 37.935000000000009 -117.85499999999998 34.455000000000005 -118.29499999999999 -120.09499999999998 37.895000000000003 3.0089663118548242 2.0653737590585881 -122.31499999999998 37.935000000000009 -117.22499999999998 -122.31499999999998
decision_type= 2 2 2 2 2 2 2 2 2 2 2 2 2 2 2 2 2
left_child=1 3 5 14 11 6 12 8 -5 10 13 -2 -3 -9 15 16 -1
right_child=4 2 -4 7 -6 -7 -8 9 -10 -11 -12 -13 -14 -15 -16 -17 -18
leaf_value= 0.088376440799512568 0.064483240496128608 0.077382831008912162 -0.0083081880207342574 0.012140767796415987 0.09834749475733548 -0.011464392866112358 -0.0012455739713472765 0.044334447544831082 -0.028545472526840483 -0.065188395677908004 -0.047019024843289958 0.024025159376100832 0.035290161891838388 -0.021993435687069379 -0.033325683834554261 -0.036199267180348063 0.015311106880839054
leaf_weight=89 1087 406 3018 663 670 464 445 139 2665 868 1413 649 1503 984 349 226 874
leaf_count=89 1087 406 3018 663 670 464 445 139 2665 868 1413 649 1503 984 349 226 874
model_size=1936
internal_value=0 -0.0107457 0.00916907 -0.0247992 0.0630002 0.0278867 0.0356433 -0.0306781 -0.02044 -0.0406876 -0.0323016 0.0493581 0.0442423 -0.0137837 0.000933493 0.0109894 0.0220638
internal_weight=0 14106 5836 8270 2406 2818 2354 6732 3328 3404 2536 1736 1909 1123 1538 1189 963
internal_count=16512 14106 5836 8270 2406 2818 2354 6732 3328 3404 2536 1736 1909 1123 1538 1189 963
is_linear=0
shrinkage=0.1


Tree=10
num_leaves= 13
num_cat= 0
full_tree_array_lgbids= 0 2 1 8 3 4 7 -1 -10 5 -5 11 -6 -3 -9 -2147483648 -2147483648 -2147483648 -2147483648 6 -7 -2147483648 -2147483648 -2 -13 -2147483648 -2147483648 -2147483648 -2147483648 -2147483648 -2147483648 -2147483648 -2147483648 -2147483648 -2147483648 -2147483648 -2147483648 -2147483648 -2147483648 -4 9 -2147483648 -2147483648 -2147483648 -2147483648 -2147483648 -2147483648 -2147483648 -2147483648 -2147483648 -2147483648 -2147483648 -2147483648 -2147483648 -2147483648 -2147483648 -2147483648 -2147483648 -2147483648 -2147483648 -2147483648 -2147483648 -2147483648 -2147483648 -2147483648 -2147483648 -2147483648 -2147483648 -2147483648 -2147483648 -2147483648 -2147483648 -2147483648 -2147483648 -2147483648 -2147483648 -2147483648 -2147483648 -2147483648 -2147483648 -2147483648 10 -11 -2147483648 -2147483648 -2147483648 -2147483648 -2147483648 -2147483648 -2147483648 -2147483648 -2147483648 -2147483648 -2147483648 -2147483648 -2147483648 -2147483648 -2147483648 -2147483648 -2147483648 -2147483648 -2147483648 -2147483648 -2147483648 -2147483648 -2147483648 -2147483648 -2147483648 -2147483648 -2147483648 -2147483648 -2147483648 -2147483648 -2147483648 -2147483648 -2147483648 -2147483648 -2147483648 -2147483648 -2147483648 -2147483648 -2147483648 -2147483648 -2147483648 -2147483648 -2147483648 -2147483648 -2147483648 -2147483648 -2147483648 -2147483648 -2147483648 -2147483648 -2147483648 -2147483648 -2147483648 -2147483648 -2147483648 -2147483648 -2147483648 -2147483648 -2147483648 -2147483648 -2147483648 -2147483648 -2147483648 -2147483648 -2147483648 -2147483648 -2147483648 -2147483648 -2147483648 -2147483648 -2147483648 -2147483648 -2147483648 -2147483648 -2147483648 -2147483648 -2147483648 -2147483648 -2147483648 -2147483648 -8 -12 -2147483648 -2147483648 -2147483648 -2147483648 -2147483648 -2147483648 -2147483648 -2147483648 -2147483648 -2147483648 -2147483648 -2147483648 -2147483648 -2147483648 -2147483648 -2147483648 -2147483648 -2147483648 -2147483648 -2147483648 -2147483648 -2147483648 -2147483648 -2147483648 -2147483648 -2147483648 -2147483648 -2147483648 -2147483648 -2147483648 -2147483648 -2147483648 -2147483648 -2147483648 -2147483648 -2147483648 -2147483648 -2147483648 -2147483648 -2147483648 -2147483648 -2147483648 -2147483648 -2147483648 -2147483648 -2147483648 -2147483648 -2147483648 -2147483648 -2147483648 -2147483648 -2147483648 -2147483648 -2147483648 -2147483648 -2147483648 -2147483648 -2147483648 -2147483648 -2147483648 -2147483648 -2147483648 -2147483648 -2147483648 -2147483648 -2147483648 -2147483648 -2147483648 -2147483648 -2147483648 -2147483648 -2147483648 -2147483648 -2147483648 -2147483648 -2147483648 -2147483648 -2147483648 -2147483648 -2147483648 -2147483648 -2147483648 -2147483648 -2147483648 -2147483648 -2147483648 -2147483648 -2147483648 -2147483648 -2147483648
split_feature= 1 1 1 6 6 7 8 2 3 8 7 2
split_gain= 889.569 206.396 149.504 121.987 58.3136 45.1446 62.2338 18.1937 15.132 11.6722 24.5061 6.28604
threshold= 4.5301500000000017 6.2770500000000009 2.5044000000000004 2.5763869593405579 2.735488224282792 37.955000000000005 -122.40499999999999 18.500000000000004 3.3654435698213785 -117.145 34.595000000000006 21.500000000000004
decision_type= 2 2 2 2 2 2 2 2 2 2 2 2
left_child=2 4 8 5 11 6 -4 -3 -1 10 -8 -2
right_child=1 7 3 -5 -6 -7 9 -9 -10 -11 -12 -13
leaf_value= -0.0039886706240509669 0.015157409684665233 0.044118449640545225 0.090012694411077274 -0.017483293689603004 0.0072142525776536306 -0.021440144082640222 0.032989964661086411 0.084338706442942946 -0.038044334845333247 -0.034427835378968687 -0.0033320635049606858 0.054914742467053163
leaf_weight=540 415 545 191 4883 1919 603 1237 991 3306 194 782 906
leaf_count=540 415 545 191 4883 1919 603 1237 991 3306 194 782 906
model_size=1376
internal_value=0 0.0371674 -0.0151254 -0.00628428 0.0215701 0.0119015 0.0202647 0.0700678 -0.0332627 0.0142449 0.0189217 0.0424247
internal_weight=0 4776 11736 7890 3240 3007 2404 1536 3846 2213 2019 1321
internal_count=16512 4776 11736 7890 3240 3007 2404 1536 3846 2213 2019 1321
is_linear=0
shrinkage=0.1


Tree=11
num_leaves= 17
num_cat= 0
full_tree_array_lgbids= 0 2 1 13 4 3 10 -1 14 -4 6 5 8 -3 -12 -2147483648 -2147483648 -15 -16 -2147483648 -2147483648 7 -8 -2 -7 -5 9 -2147483648 -2147483648 -2147483648 -2147483648 -2147483648 -2147483648 -2147483648 -2147483648 -2147483648 -2147483648 -2147483648 -2147483648 -2147483648 -2147483648 -2147483648 -2147483648 -6 11 -2147483648 -2147483648 -2147483648 -2147483648 -2147483648 -2147483648 -2147483648 -2147483648 15 -11 -2147483648 -2147483648 -2147483648 -2147483648 -2147483648 -2147483648 -2147483648 -2147483648 -2147483648 -2147483648 -2147483648 -2147483648 -2147483648 -2147483648 -2147483648 -2147483648 -2147483648 -2147483648 -2147483648 -2147483648 -2147483648 -2147483648 -2147483648 -2147483648 -2147483648 -2147483648 -2147483648 -2147483648 -2147483648 -2147483648 -2147483648 -2147483648 -2147483648 -2147483648 12 -13 -2147483648 -2147483648 -2147483648 -2147483648 -2147483648 -2147483648 -2147483648 -2147483648 -2147483648 -2147483648 -2147483648 -2147483648 -2147483648 -2147483648 -2147483648 -2147483648 -10 -17 -2147483648 -2147483648 -2147483648 -2147483648 -2147483648 -2147483648 -2147483648 -2147483648 -2147483648 -2147483648 -2147483648 -2147483648 -2147483648 -2147483648 -2147483648 -2147483648 -2147483648 -2147483648 -2147483648 -2147483648 -2147483648 -2147483648 -2147483648 -2147483648 -2147483648 -2147483648 -2147483648 -2147483648 -2147483648 -2147483648 -2147483648 -2147483648 -2147483648 -2147483648 -2147483648 -2147483648 -2147483648 -2147483648 -2147483648 -2147483648 -2147483648 -2147483648 -2147483648 -2147483648 -2147483648 -2147483648 -2147483648 -2147483648 -2147483648 -2147483648 -2147483648 -2147483648 -2147483648 -2147483648 -2147483648 -2147483648 -2147483648 -2147483648 -2147483648 -2147483648 -2147483648 -2147483648 -2147483648 -2147483648 -2147483648 -2147483648 -2147483648 -2147483648 -2147483648 -2147483648 -9 -14 -2147483648 -2147483648 -2147483648 -2147483648 -2147483648 -2147483648 -2147483648 -2147483648 -2147483648 -2147483648 -2147483648 -2147483648 -2147483648 -2147483648 -2147483648 -2147483648 -2147483648 -2147483648 -2147483648 -2147483648 -2147483648 -2147483648 -2147483648 -2147483648 -2147483648 -2147483648 -2147483648 -2147483648 -2147483648 -2147483648 -2147483648 -2147483648 -2147483648 -2147483648 -2147483648 -2147483648 -2147483648 -2147483648 -2147483648 -2147483648 -2147483648 -2147483648 -2147483648 -2147483648 -2147483648 -2147483648 -2147483648 -2147483648 -2147483648 -2147483648 -2147483648 -2147483648 -2147483648 -2147483648 -2147483648 -2147483648 -2147483648 -2147483648 -2147483648 -2147483648 -2147483648 -2147483648 -2147483648 -2147483648 -2147483648 -2147483648 -2147483648 -2147483648 -2147483648 -2147483648 -2147483648 -2147483648 -2147483648 -2147483648
split_feature= 1 1 6 6 1 2 7 8 8 7 2 6 7 2 7 8
split_gain= 721.486 209.225 94.5658 84.4637 51.3387 14.4272 13.7961 51.4163 13.7429 16.5596 6.36184 4.71569 10.2313 1.82971 2.63444 0.330705
threshold= 4.125700000000001 6.3963500000000009 2.0376051459673437 2.4469862317432325 2.2210000000000005 16.500000000000004 38.475000000000001 -122.40499999999999 -122.21499999999999 37.965000000000011 29.500000000000004 3.0375944537846187 34.525000000000013 27.500000000000004 37.815000000000005 -117.77499999999999
decision_type= 2 2 2 2 2 2 2 2 2 2 2 2 2 2 2 2
left_child=2 3 13 5 -4 -2 7 -6 -5 15 -3 12 -9 -1 -15 -10
right_child=1 10 4 8 6 -7 -8 11 9 -11 -12 -13 -14 14 -16 -17
leaf_value= -0.0024132646740950372 0.0048535396111085011 0.051116658466203516 -0.036580717761874271 0.045045083886961851 0.03994145853058647 0.060294871359224178 -0.037086692367756663 0.0051123469949532476 0.014785196123570397 -0.034596490646888522 0.088065876012080921 -0.023863530468102783 -0.019874021629066776 0.049442138920633379 -0.016161620778767694 -0.013907989745028704
leaf_weight=601 223 879 2472 354 330 785 885 1749 2295 328 533 2475 1436 440 124 603
leaf_count=601 223 879 2472 354 330 785 885 1749 2295 328 533 2475 1436 440 124 603
model_size=1824
internal_value=0 0.0284047 -0.0162127 0.0171224 -0.0201913 0.0480296 -0.0142983 -0.0109314 0.00842006 0.00440107 0.0650642 -0.0138975 -0.00615309 0.0157083 0.0350186 0.00881487
internal_weight=0 6000 10512 4588 9347 1008 6875 5990 3580 3226 1412 5660 3185 1165 564 2898
internal_count=16512 6000 10512 4588 9347 1008 6875 5990 3580 3226 1412 5660 3185 1165 564 2898
is_linear=0
shrinkage=0.1


Tree=12
num_leaves= 11
num_cat= 0
full_tree_array_lgbids= 0 1 3 5 2 4 -5 -1 -7 7 -4 6 -6 -2147483648 -2147483648 -2147483648 -2147483648 -2147483648 -2147483648 -3 8 -2147483648 -2147483648 9 -8 -2147483648 -2147483648 -2147483648 -2147483648 -2147483648 -2147483648 -2147483648 -2147483648 -2147483648 -2147483648 -2147483648 -2147483648 -2147483648 -2147483648 -2147483648 -2147483648 -9 -10 -2147483648 -2147483648 -2147483648 -2147483648 -2 -11 -2147483648 -2147483648 -2147483648 -2147483648 -2147483648 -2147483648 -2147483648 -2147483648 -2147483648 -2147483648 -2147483648 -2147483648 -2147483648 -2147483648
split_feature= 1 1 6 1 6 3 7 2 6 8
split_gain= 589.335 125.896 81.2393 78.1745 31.3455 14.0029 11.2322 9.48905 7.56238 6.71247
threshold= 5.0116000000000005 2.7820000000000005 2.4469862317432325 7.2638000000000007 2.9432978723404259 4.3101408005062494 37.955000000000005 24.500000000000004 1.9472568337679903 -117.85499999999998
decision_type= 2 2 2 2 2 2 2 2 2 2
left_child=1 5 7 4 6 -1 9 -3 -9 -2
right_child=3 2 -4 -5 -6 -7 -8 8 -10 -11
leaf_value= -0.01296791953594182 0.055259947614012206 -0.00034161533098729061 -0.0089705824971997583 0.069264043192140093 0.0081343062352484865 -0.033532971620194411 -0.012067324404105 0.06353549111266564 0.019965500180709174 0.0096124726047152192
leaf_weight=2280 1157 837 5602 854 1167 2816 164 324 1038 273
leaf_count=2280 1157 837 5602 854 1167 2816 164 324 1038 273
model_size=1152
internal_value=0 -0.0103299 -0.00118311 0.0368534 0.0268286 -0.024332 0.040515 0.0186556 0.0303302 0.0465454
internal_weight=0 12897 7801 3615 2761 5096 1594 2199 1362 1430
internal_count=16512 12897 7801 3615 2761 5096 1594 2199 1362 1430
is_linear=0
shrinkage=0.1


Tree=13
num_leaves= 16
num_cat= 0
full_tree_array_lgbids= 0 2 1 -1 4 3 5 -2147483648 -2147483648 -4 8 9 7 6 -7 -2147483648 -2147483648 -2147483648 -2147483648 -2147483648 -2147483648 10 -10 -2 -11 -5 -9 -3 -8 -2147483648 -2147483648 -2147483648 -2147483648 -2147483648 -2147483648 -2147483648 -2147483648 -2147483648 -2147483648 -2147483648 -2147483648 -2147483648 -2147483648 12 11 -2147483648 -2147483648 -2147483648 -2147483648 -2147483648 -2147483648 -2147483648 -2147483648 -2147483648 -2147483648 -2147483648 -2147483648 -2147483648 -2147483648 -2147483648 -2147483648 -2147483648 -2147483648 -2147483648 -2147483648 -2147483648 -2147483648 -2147483648 -2147483648 -2147483648 -2147483648 -2147483648 -2147483648 -2147483648 -2147483648 -2147483648 -2147483648 -2147483648 -2147483648 -2147483648 -2147483648 -2147483648 -2147483648 -2147483648 -2147483648 -2147483648 -2147483648 14 -14 13 -13 -2147483648 -2147483648 -2147483648 -2147483648 -2147483648 -2147483648 -2147483648 -2147483648 -2147483648 -2147483648 -2147483648 -2147483648 -2147483648 -2147483648 -2147483648 -2147483648 -2147483648 -2147483648 -2147483648 -2147483648 -2147483648 -2147483648 -2147483648 -2147483648 -2147483648 -2147483648 -2147483648 -2147483648 -2147483648 -2147483648 -2147483648 -2147483648 -2147483648 -2147483648 -2147483648 -2147483648 -2147483648 -2147483648 -2147483648 -2147483648 -2147483648 -2147483648 -2147483648 -2147483648 -2147483648 -2147483648 -2147483648 -2147483648 -2147483648 -2147483648 -2147483648 -2147483648 -2147483648 -2147483648 -2147483648 -2147483648 -2147483648 -2147483648 -2147483648 -2147483648 -2147483648 -2147483648 -2147483648 -2147483648 -2147483648 -2147483648 -2147483648 -2147483648 -2147483648 -2147483648 -2147483648 -2147483648 -2147483648 -2147483648 -2147483648 -2147483648 -2147483648 -2147483648 -2147483648 -2147483648 -2147483648 -2147483648 -2147483648 -2147483648 -6 -16 -2147483648 -2147483648 -12 -15 -2147483648 -2147483648 -2147483648 -2147483648 -2147483648 -2147483648 -2147483648 -2147483648 -2147483648 -2147483648 -2147483648 -2147483648 -2147483648 -2147483648 -2147483648 -2147483648 -2147483648 -2147483648 -2147483648 -2147483648 -2147483648 -2147483648 -2147483648 -2147483648 -2147483648 -2147483648 -2147483648 -2147483648 -2147483648 -2147483648 -2147483648 -2147483648 -2147483648 -2147483648 -2147483648 -2147483648 -2147483648 -2147483648 -2147483648 -2147483648 -2147483648 -2147483648 -2147483648 -2147483648 -2147483648 -2147483648 -2147483648 -2147483648 -2147483648 -2147483648 -2147483648 -2147483648 -2147483648 -2147483648 -2147483648 -2147483648 -2147483648 -2147483648 -2147483648 -2147483648 -2147483648 -2147483648 -2147483648 -2147483648 -2147483648 -2147483648 -2147483648 -2147483648 -2147483648 -2147483648 -2147483648 -2147483648 -2147483648 -2147483648
split_feature= 1 1 6 6 1 2 1 8 2 2 7 8 8 7 6
split_gain= 478.867 129.484 56.2686 43.721 25.5065 14.2927 4.37946 3.48811 2.33895 1.9834 1.7148 29.9649 22.4868 8.18758 5.05898
threshold= 4.125700000000001 5.8308000000000009 2.0231950334409352 2.3055777777777782 2.2210000000000005 26.500000000000004 9.1688500000000008 -122.24499999999999 51.500000000000007 16.500000000000004 34.455000000000005 -120.09499999999998 -117.79499999999999 37.895000000000003 3.4287187039764357
decision_type= 2 2 2 2 2 2 2 2 2 2 2 2 2 2 2
left_child=2 3 -1 9 -4 6 -3 -5 10 -2 12 13 14 -12 -6
right_child=1 5 4 7 8 -7 -8 -9 -10 -11 11 -13 -14 -15 -16
leaf_value= 0.014309405057251768 0.00086518898606300363 0.025984725334392691 -0.030548398762349212 0.039060991141224188 0.014546986751949129 0.065290706621975239 0.085697576505460338 0.0011056214678683317 0.020626376230653012 0.060763952541778313 0.001043391644465346 -0.050925340984541871 -0.025277277233716561 -0.026588280064972426 -0.014560130716948023
leaf_weight=1116 156 1080 2485 332 1412 875 139 2970 379 448 1131 649 1101 1399 840
leaf_count=1116 156 1080 2485 332 1412 875 139 2970 379 448 1131 649 1101 1399 840
model_size=1712
internal_value=0 0.0234523 -0.013386 0.0111647 -0.0166755 0.0463729 0.0327937 0.00492185 -0.0116872 0.0452934 -0.0135621 -0.0217262 -0.00582179 -0.0142359 0.00368998
internal_weight=0 6000 10512 3906 9396 2094 1219 3302 6911 604 6532 3179 3353 2530 2252
internal_count=16512 6000 10512 3906 9396 2094 1219 3302 6911 604 6532 3179 3353 2530 2252
is_linear=0
shrinkage=0.1


Tree=14
num_leaves= 19
num_cat= 0
full_tree_array_lgbids= 0 3 1 4 15 2 7 5 -6 16 17 6 -4 -3 -9 -1 11 -2147483648 -2147483648 -5 -18 -17 -19 8 -8 -2147483648 -2147483648 -2147483648 -2147483648 -2147483648 -2147483648 -2147483648 -2147483648 12 -13 -2147483648 -2147483648 -2147483648 -2147483648 -2147483648 -2147483648 -2147483648 -2147483648 -2147483648 -2147483648 -2147483648 -2147483648 9 -10 -2147483648 -2147483648 -2147483648 -2147483648 -2147483648 -2147483648 -2147483648 -2147483648 -2147483648 -2147483648 -2147483648 -2147483648 -2147483648 -2147483648 -2147483648 -2147483648 -2147483648 -2147483648 13 14 -2147483648 -2147483648 -2147483648 -2147483648 -2147483648 -2147483648 -2147483648 -2147483648 -2147483648 -2147483648 -2147483648 -2147483648 -2147483648 -2147483648 -2147483648 -2147483648 -2147483648 -2147483648 -2147483648 -2147483648 -2147483648 -2147483648 -2147483648 -2147483648 -2147483648 -2147483648 -2 10 -2147483648 -2147483648 -2147483648 -2147483648 -2147483648 -2147483648 -2147483648 -2147483648 -2147483648 -2147483648 -2147483648 -2147483648 -2147483648 -2147483648 -2147483648 -2147483648 -2147483648 -2147483648 -2147483648 -2147483648 -2147483648 -2147483648 -2147483648 -2147483648 -2147483648 -2147483648 -2147483648 -2147483648 -2147483648 -2147483648 -2147483648 -2147483648 -2147483648 -2147483648 -2147483648 -2147483648 -2147483648 -2147483648 -7 -15 -14 -16 -2147483648 -2147483648 -2147483648 -2147483648 -2147483648 -2147483648 -2147483648 -2147483648 -2147483648 -2147483648 -2147483648 -2147483648 -2147483648 -2147483648 -2147483648 -2147483648 -2147483648 -2147483648 -2147483648 -2147483648 -2147483648 -2147483648 -2147483648 -2147483648 -2147483648 -2147483648 -2147483648 -2147483648 -2147483648 -2147483648 -2147483648 -2147483648 -2147483648 -2147483648 -2147483648 -2147483648 -2147483648 -2147483648 -2147483648 -2147483648 -2147483648 -2147483648 -2147483648 -2147483648 -2147483648 -2147483648 -2147483648 -2147483648 -2147483648 -2147483648 -2147483648 -2147483648 -2147483648 -2147483648 -11 -12 -2147483648 -2147483648 -2147483648 -2147483648 -2147483648 -2147483648 -2147483648 -2147483648 -2147483648 -2147483648 -2147483648 -2147483648 -2147483648 -2147483648 -2147483648 -2147483648 -2147483648 -2147483648 -2147483648 -2147483648 -2147483648 -2147483648 -2147483648 -2147483648 -2147483648 -2147483648 -2147483648 -2147483648 -2147483648 -2147483648 -2147483648 -2147483648 -2147483648 -2147483648 -2147483648 -2147483648 -2147483648 -2147483648 -2147483648 -2147483648 -2147483648 -2147483648 -2147483648 -2147483648 -2147483648 -2147483648 -2147483648 -2147483648 -2147483648 -2147483648 -2147483648 -2147483648 -2147483648 -2147483648 -2147483648 -2147483648 -2147483648 -2147483648 -2147483648 -2147483648
split_feature= 1 1 6 6 7 8 7 1 8 7 8 8 7 8 8 7 8 8
split_gain= 382.81 120.712 43.6579 32.9475 30.6048 29.2147 7.84664 5.92678 4.47874 26.6616 10.6231 2.55826 19.6656 33.8271 17.5177 0.780258 11.2377 0.426747
threshold= 3.8346500000000003 5.8308000000000009 2.9742256672023202 2.6067607057324289 38.475000000000001 -122.35499999999998 37.925000000000004 8.7395500000000013 -118.23499999999999 34.155000000000008 -122.29499999999999 -117.145 34.455000000000005 -118.35499999999998 -120.09499999999998 34.715000000000011 -117.79499999999999 -120.62499999999999
decision_type= 2 2 2 2 2 2 2 2 2 2 2 2 2 2 2 2 2 2
left_child=3 2 6 4 5 -1 8 -3 9 -2 -11 12 13 -7 -14 16 -5 -17
right_child=1 7 -4 15 -6 11 -8 -9 -10 10 -12 -13 14 -15 -16 17 -18 -19
leaf_value= 0.054812336819340113 0.072994322690190558 0.034945046987906778 -0.0076623114481027422 -0.0050624754062349418 -0.030838693121004224 0.059436355964308386 -0.0089141240729419657 0.073902369037474672 0.0080380407275336112 0.065684216061069098 0.013734139730540735 -0.033535883946426433 -2.7561973088028794e-05 0.004393145501010374 -0.053689675931881953 -0.021581808558065366 -0.032264654628778033 -0.048510931118679157
leaf_weight=246 357 1729 1912 2259 718 336 510 365 989 232 964 340 874 880 258 1729 995 819
leaf_count=246 357 1729 1912 2259 718 336 510 365 989 232 964 340 874 880 258 1729 995 819
model_size=2048
internal_value=0 0.0185158 0.00872089 -0.0138232 -0.0027656 0.00410436 0.0189845 0.0417356 0.0245818 0.0351175 0.0238114 -0.000536325 0.00424215 0.0196025 -0.012258 -0.0207833 -0.0133803 -0.0302376
internal_weight=0 7058 4964 9454 3652 2934 3052 2094 2542 1553 1196 2688 2348 1216 1132 5802 3254 2548
internal_count=16512 7058 4964 9454 3652 2934 3052 2094 2542 1553 1196 2688 2348 1216 1132 5802 3254 2548
is_linear=0
shrinkage=0.1


Tree=15
num_leaves= 11
num_cat= 0
full_tree_array_lgbids= 0 1 4 2 -3 9 -6 3 -4 -2147483648 -2147483648 -2 -11 -2147483648 -2147483648 -1 5 -2147483648 -2147483648 -2147483648 -2147483648 -2147483648 -2147483648 -2147483648 -2147483648 -2147483648 -2147483648 -2147483648 -2147483648 -2147483648 -2147483648 -2147483648 -2147483648 6 7 -2147483648 -2147483648 -2147483648 -2147483648 -2147483648 -2147483648 -2147483648 -2147483648 -2147483648 -2147483648 -2147483648 -2147483648 -2147483648 -2147483648 -2147483648 -2147483648 -2147483648 -2147483648 -2147483648 -2147483648 -2147483648 -2147483648 -2147483648 -2147483648 -2147483648 -2147483648 -2147483648 -2147483648 -2147483648 -2147483648 -2147483648 -2147483648 -5 -8 8 -9 -2147483648 -2147483648 -2147483648 -2147483648 -2147483648 -2147483648 -2147483648 -2147483648 -2147483648 -2147483648 -2147483648 -2147483648 -2147483648 -2147483648 -2147483648 -2147483648 -2147483648 -2147483648 -2147483648 -2147483648 -2147483648 -2147483648 -2147483648 -2147483648 -2147483648 -2147483648 -2147483648 -2147483648 -2147483648 -2147483648 -2147483648 -2147483648 -2147483648 -2147483648 -2147483648 -2147483648 -2147483648 -2147483648 -2147483648 -2147483648 -2147483648 -2147483648 -2147483648 -2147483648 -2147483648 -2147483648 -2147483648 -2147483648 -2147483648 -2147483648 -2147483648 -2147483648 -2147483648 -2147483648 -2147483648 -2147483648 -2147483648 -2147483648 -2147483648 -2147483648 -2147483648 -2147483648 -2147483648 -2147483648 -2147483648 -2147483648 -2147483648 -2147483648 -7 -10 -2147483648 -2147483648 -2147483648 -2147483648 -2147483648 -2147483648 -2147483648 -2147483648 -2147483648 -2147483648 -2147483648 -2147483648 -2147483648 -2147483648 -2147483648 -2147483648 -2147483648 -2147483648 -2147483648 -2147483648 -2147483648 -2147483648 -2147483648 -2147483648 -2147483648 -2147483648 -2147483648 -2147483648 -2147483648 -2147483648 -2147483648 -2147483648 -2147483648 -2147483648 -2147483648 -2147483648 -2147483648 -2147483648 -2147483648 -2147483648 -2147483648 -2147483648 -2147483648 -2147483648 -2147483648 -2147483648 -2147483648 -2147483648 -2147483648 -2147483648 -2147483648 -2147483648 -2147483648 -2147483648 -2147483648 -2147483648 -2147483648 -2147483648 -2147483648 -2147483648 -2147483648 -2147483648 -2147483648 -2147483648 -2147483648 -2147483648 -2147483648 -2147483648 -2147483648 -2147483648 -2147483648 -2147483648 -2147483648 -2147483648 -2147483648 -2147483648 -2147483648 -2147483648 -2147483648 -2147483648 -2147483648 -2147483648 -2147483648 -2147483648 -2147483648 -2147483648 -2147483648 -2147483648 -2147483648 -2147483648 -2147483648 -2147483648 -2147483648 -2147483648 -2147483648 -2147483648 -2147483648 -2147483648 -2147483648 -2147483648 -2147483648 -2147483648 -2147483648 -2147483648 -2147483648 -2147483648 -2147483648 -2147483648 -2147483648 -2147483648 -2147483648 -2147483648 -2147483648 -2147483648
split_feature= 1 6 7 8 1 7 8 8 7 6
split_gain= 307.126 52.6558 55.9334 50.89 46.7371 13.8536 80.806 35.3955 14.5291 11.0316
threshold= 4.5993500000000003 2.8079590171801518 38.475000000000001 -122.35499999999998 6.5626000000000007 34.455000000000005 -118.27499999999999 -121.52499999999999 37.595000000000006 2.3578464509898605
decision_type= 2 2 2 2 2 2 2 2 2 2
left_child=1 2 3 -1 9 6 -5 8 -7 -2
right_child=4 -3 -4 5 -6 7 -8 -9 -10 -11
leaf_value= 0.048405637271677571 0.044486894381790126 -0.017903260287763342 -0.0275134375854614 0.040137606863476574 0.045417656271253146 0.036641861574055828 -0.00512646079961495 -0.032901869880402154 -0.011113897660247563 0.0095506700478372158
leaf_weight=452 494 5906 1065 908 1288 388 1691 884 631 2805
leaf_count=452 494 5906 1065 908 1288 388 1691 884 631 2805
model_size=1152
internal_value=0 -0.00899489 -0.00025377 0.00560645 0.0233844 0.00130942 0.0106872 -0.0114982 0.00706985 0.0147821
internal_weight=0 11925 6019 4954 4587 4502 2599 1903 1019 3299
internal_count=16512 11925 6019 4954 4587 4502 2599 1903 1019 3299
is_linear=0
shrinkage=0.1


Tree=16
num_leaves= 8
num_cat= 0
full_tree_array_lgbids= 0 3 1 -1 4 2 6 -2147483648 -2147483648 -5 -6 5 -4 -3 -8 -2147483648 -2147483648 -2147483648 -2147483648 -2147483648 -2147483648 -2147483648 -2147483648 -2 -7 -2147483648 -2147483648 -2147483648 -2147483648 -2147483648 -2147483648
split_feature= 1 1 6 1 6 7 2
split_gain= 246.617 66.845 19.6152 10.4004 8.47847 1.84949 1.37388
threshold= 3.8346500000000003 5.8308000000000009 3.1262267671728927 1.9486000000000003 1.9322222929778572 37.925000000000004 26.500000000000004
decision_type= 2 2 2 2 2 2 2
left_child=3 2 5 -1 -5 -2 -3
right_child=1 6 -4 4 -6 -7 -8
leaf_value= -0.026615814235752513 0.019049091381917821 0.022269919461304619 -0.010342998276679531 0.019366887910061789 -0.010202256147750674 -0.0099724379315306554 0.050925606572814287
leaf_weight=1781 2964 1219 1395 608 7065 605 875
leaf_count=1781 2964 1219 1395 608 7065 605 875
model_size=816
internal_value=0 0.0152602 0.00725216 -0.0113927 -0.00785923 0.0141295 0.034244
internal_weight=0 7058 4964 9454 7673 3569 2094
internal_count=16512 7058 4964 9454 7673 3569 2094
is_linear=0
shrinkage=0.1


Tree=17
num_leaves= 10
num_cat= 0
full_tree_array_lgbids= 0 7 1 8 -9 2 -3 -1 -10 -2147483648 -2147483648 -2 3 -2147483648 -2147483648 -2147483648 -2147483648 -2147483648 -2147483648 -2147483648 -2147483648 -2147483648 -2147483648 -2147483648 -2147483648 -4 4 -2147483648 -2147483648 -2147483648 -2147483648 -2147483648 -2147483648 -2147483648 -2147483648 -2147483648 -2147483648 -2147483648 -2147483648 -2147483648 -2147483648 -2147483648 -2147483648 -2147483648 -2147483648 -2147483648 -2147483648 -2147483648 -2147483648 -2147483648 -2147483648 -2147483648 -2147483648 5 -6 -2147483648 -2147483648 -2147483648 -2147483648 -2147483648 -2147483648 -2147483648 -2147483648 -2147483648 -2147483648 -2147483648 -2147483648 -2147483648 -2147483648 -2147483648 -2147483648 -2147483648 -2147483648 -2147483648 -2147483648 -2147483648 -2147483648 -2147483648 -2147483648 -2147483648 -2147483648 -2147483648 -2147483648 -2147483648 -2147483648 -2147483648 -2147483648 -2147483648 -2147483648 -2147483648 -2147483648 -2147483648 -2147483648 -2147483648 -2147483648 -2147483648 -2147483648 -2147483648 -2147483648 -2147483648 -2147483648 -2147483648 -2147483648 -2147483648 -2147483648 -2147483648 -2147483648 -5 6 -2147483648 -2147483648 -2147483648 -2147483648 -2147483648 -2147483648 -2147483648 -2147483648 -2147483648 -2147483648 -2147483648 -2147483648 -2147483648 -2147483648 -2147483648 -2147483648 -2147483648 -2147483648 -2147483648 -2147483648 -2147483648 -2147483648 -2147483648 -2147483648 -2147483648 -2147483648 -2147483648 -2147483648 -2147483648 -2147483648 -2147483648 -2147483648 -2147483648 -2147483648 -2147483648 -2147483648 -2147483648 -2147483648 -2147483648 -2147483648 -2147483648 -2147483648 -2147483648 -2147483648 -2147483648 -2147483648 -2147483648 -2147483648 -2147483648 -2147483648 -2147483648 -2147483648 -2147483648 -2147483648 -2147483648 -2147483648 -2147483648 -2147483648 -2147483648 -2147483648 -2147483648 -2147483648 -2147483648 -2147483648 -2147483648 -2147483648 -2147483648 -2147483648 -2147483648 -2147483648 -2147483648 -2147483648 -2147483648 -2147483648 -2147483648 -2147483648 -2147483648 -2147483648 -2147483648 -2147483648 -2147483648 -2147483648 -2147483648 -2147483648 -2147483648 -2147483648 -2147483648 -2147483648 -2147483648 -2147483648 -2147483648 -2147483648 -2147483648 -2147483648 -2147483648 -2147483648 -2147483648 -2147483648 -2147483648 -2147483648 -2147483648 -2147483648 -2147483648 -2147483648 -2147483648 -2147483648 -2147483648 -2147483648 -7 -8 -2147483648 -2147483648 -2147483648 -2147483648 -2147483648 -2147483648 -2147483648 -2147483648 -2147483648 -2147483648 -2147483648 -2147483648 -2147483648 -2147483648 -2147483648 -2147483648 -2147483648 -2147483648 -2147483648 -2147483648 -2147483648 -2147483648 -2147483648 -2147483648 -2147483648 -2147483648 -2147483648 -2147483648 -2147483648 -2147483648 -2147483648 -2147483648 -2147483648 -2147483648 -2147483648 -2147483648
split_feature= 1 1 6 8 7 8 7 7 6
split_gain= 194.456 55.9744 25.7285 9.89728 25.1589 14.0636 8.4808 1.89474 10.6464
threshold= 3.6530500000000008 6.2770500000000009 2.0653737590585881 -122.33499999999999 37.645000000000003 -117.77499999999999 33.675000000000004 39.355000000000011 2.8396278889382178
decision_type= 2 2 2 2 2 2 2 2 2
left_child=7 2 -2 -4 5 -5 -7 8 -1
right_child=1 -3 3 4 -6 6 -8 -9 -10
leaf_value= -0.0015546000241570468 0.042048676406918097 0.03510220924432967 0.035125821651939386 0.012696117655391368 -0.021912018562135892 0.0042221225537786775 -0.042054641921944053 -0.039394989985525847 -0.017351829867925047
leaf_weight=4070 500 1536 480 3319 995 567 385 506 4154
leaf_count=4070 500 1536 480 3319 995 567 385 506 4154
model_size=1040
internal_value=0 0.0126369 0.00711233 0.00407227 0.00124171 0.00663576 -0.0144927 -0.0112647 -0.00953389
internal_weight=0 7782 6246 5746 5266 4271 952 8730 8224
internal_count=16512 7782 6246 5746 5266 4271 952 8730 8224
is_linear=0
shrinkage=0.1


Tree=18
num_leaves= 12
num_cat= 0
full_tree_array_lgbids= 0 1 8 2 -3 9 -10 3 -4 -2147483648 -2147483648 10 -11 -2147483648 -2147483648 -1 4 -2147483648 -2147483648 -2147483648 -2147483648 -2147483648 -2147483648 -2 -12 -2147483648 -2147483648 -2147483648 -2147483648 -2147483648 -2147483648 -2147483648 -2147483648 5 -6 -2147483648 -2147483648 -2147483648 -2147483648 -2147483648 -2147483648 -2147483648 -2147483648 -2147483648 -2147483648 -2147483648 -2147483648 -2147483648 -2147483648 -2147483648 -2147483648 -2147483648 -2147483648 -2147483648 -2147483648 -2147483648 -2147483648 -2147483648 -2147483648 -2147483648 -2147483648 -2147483648 -2147483648 -2147483648 -2147483648 -2147483648 -2147483648 7 6 -2147483648 -2147483648 -2147483648 -2147483648 -2147483648 -2147483648 -2147483648 -2147483648 -2147483648 -2147483648 -2147483648 -2147483648 -2147483648 -2147483648 -2147483648 -2147483648 -2147483648 -2147483648 -2147483648 -2147483648 -2147483648 -2147483648 -2147483648 -2147483648 -2147483648 -2147483648 -2147483648 -2147483648 -2147483648 -2147483648 -2147483648 -2147483648 -2147483648 -2147483648 -2147483648 -2147483648 -2147483648 -2147483648 -2147483648 -2147483648 -2147483648 -2147483648 -2147483648 -2147483648 -2147483648 -2147483648 -2147483648 -2147483648 -2147483648 -2147483648 -2147483648 -2147483648 -2147483648 -2147483648 -2147483648 -2147483648 -2147483648 -2147483648 -2147483648 -2147483648 -2147483648 -2147483648 -2147483648 -2147483648 -2147483648 -2147483648 -5 -9 -7 -8 -2147483648 -2147483648 -2147483648 -2147483648 -2147483648 -2147483648 -2147483648 -2147483648 -2147483648 -2147483648 -2147483648 -2147483648 -2147483648 -2147483648 -2147483648 -2147483648 -2147483648 -2147483648 -2147483648 -2147483648 -2147483648 -2147483648 -2147483648 -2147483648 -2147483648 -2147483648 -2147483648 -2147483648 -2147483648 -2147483648 -2147483648 -2147483648 -2147483648 -2147483648 -2147483648 -2147483648 -2147483648 -2147483648 -2147483648 -2147483648 -2147483648 -2147483648 -2147483648 -2147483648 -2147483648 -2147483648 -2147483648 -2147483648 -2147483648 -2147483648 -2147483648 -2147483648 -2147483648 -2147483648 -2147483648 -2147483648 -2147483648 -2147483648 -2147483648 -2147483648 -2147483648 -2147483648 -2147483648 -2147483648 -2147483648 -2147483648 -2147483648 -2147483648 -2147483648 -2147483648 -2147483648 -2147483648 -2147483648 -2147483648 -2147483648 -2147483648 -2147483648 -2147483648 -2147483648 -2147483648 -2147483648 -2147483648 -2147483648 -2147483648 -2147483648 -2147483648 -2147483648 -2147483648 -2147483648 -2147483648 -2147483648 -2147483648 -2147483648 -2147483648 -2147483648 -2147483648 -2147483648 -2147483648 -2147483648 -2147483648 -2147483648 -2147483648 -2147483648 -2147483648 -2147483648 -2147483648 -2147483648 -2147483648 -2147483648 -2147483648 -2147483648 -2147483648 -2147483648 -2147483648 -2147483648 -2147483648
split_feature= 1 6 7 8 8 7 8 8 7 8 6
split_gain= 156.226 32.8569 44.4704 35.028 13.6645 43.0945 52.2724 42.8377 9.78001 12.1125 3.54329
threshold= 5.2771000000000017 2.9137341371666818 38.475000000000001 -122.35499999999998 -117.145 34.655000000000008 -120.34499999999998 -118.36499999999999 37.955000000000005 -117.85499999999998 3.0672102833228161
decision_type= 2 2 2 2 2 2 2 2 2 2 2
left_child=1 2 3 -1 5 7 -7 -5 9 10 -2
right_child=8 -3 -4 4 -6 6 -8 -9 -10 -11 -12
leaf_value= 0.040803666758147561 0.043708439097204448 -0.013490164778795619 -0.022428107672438819 0.047501643326252396 -0.025800119936087818 0.0026691091758062092 -0.04520326626419538 0.0076877685244259629 -0.022337783228399025 0.00097501948494683631 0.012223989167876632
leaf_weight=573 1511 5925 1256 701 603 1809 524 2138 225 610 637
leaf_count=573 1511 5925 1256 701 603 1809 524 2138 225 610 637
model_size=1264
internal_value=0 -0.00512964 0.00138484 0.00609641 0.00265273 0.00597003 -0.00808319 0.0175185 0.0232648 0.0269851 0.0343716
internal_weight=0 13529 7604 6348 5775 5172 2333 2839 2983 2758 2148
internal_count=16512 13529 7604 6348 5775 5172 2333 2839 2983 2758 2148
is_linear=0
shrinkage=0.1


Tree=19
num_leaves= 8
num_cat= 0
full_tree_array_lgbids= 0 -1 1 -2147483648 -2147483648 2 -3 -2147483648 -2147483648 -2147483648 -2147483648 3 -4 -2147483648 -2147483648 -2147483648 -2147483648 -2147483648 -2147483648 -2147483648 -2147483648 -2147483648 -2147483648 4 6 -2147483648 -2147483648 -2147483648 -2147483648 -2147483648 -2147483648 -2147483648 -2147483648 -2147483648 -2147483648 -2147483648 -2147483648 -2147483648 -2147483648 -2147483648 -2147483648 -2147483648 -2147483648 -2147483648 -2147483648 -2147483648 -2147483648 5 -6 -5 -8 -2147483648 -2147483648 -2147483648 -2147483648 -2147483648 -2147483648 -2147483648 -2147483648 -2147483648 -2147483648 -2147483648 -2147483648 -2147483648 -2147483648 -2147483648 -2147483648 -2147483648 -2147483648 -2147483648 -2147483648 -2147483648 -2147483648 -2147483648 -2147483648 -2147483648 -2147483648 -2147483648 -2147483648 -2147483648 -2147483648 -2147483648 -2147483648 -2147483648 -2147483648 -2147483648 -2147483648 -2147483648 -2147483648 -2147483648 -2147483648 -2147483648 -2147483648 -2147483648 -2147483648 -2 -7 -2147483648 -2147483648 -2147483648 -2147483648 -2147483648 -2147483648 -2147483648 -2147483648 -2147483648 -2147483648 -2147483648 -2147483648 -2147483648 -2147483648 -2147483648 -2147483648 -2147483648 -2147483648 -2147483648 -2147483648 -2147483648 -2147483648 -2147483648 -2147483648 -2147483648 -2147483648 -2147483648 -2147483648 -2147483648 -2147483648
split_feature= 1 1 6 7 8 4 8
split_gain= 121.421 31.366 22.5838 5.51812 7.36793 5.76498 2.6316
threshold= 3.6530500000000008 8.0125000000000011 2.9742256672023202 37.875000000000007 -117.175 1.0489629380026984 -122.40499999999999
decision_type= 2 2 2 2 2 2 2
left_child=-1 2 3 4 5 -2 -5
right_child=1 -3 -4 6 -6 -7 -8
leaf_value= -0.0093662245529796146 0.012929482485900722 0.045562625787880305 -0.0040692066188740021 0.031196611667348242 -0.023648619151728265 0.036549938802861788 -0.021224345212038
leaf_weight=8730 1968 548 2767 220 238 1466 575
leaf_count=8730 1968 548 2767 220 238 1466 575
model_size=816
internal_value=0 0.0105072 0.00785165 0.0152358 0.0199889 0.0230132 -0.00671792
internal_weight=0 7782 7234 4467 3672 3434 795
internal_count=16512 7782 7234 4467 3672 3434 795
is_linear=0
shrinkage=0.1


end of trees

feature_importances:
Column_1=85
Column_8=83
Column_6=75
Column_7=72
Column_2=47
Column_3=13
Column_4=2

parameters:
[boosting: gbdt]
[objective: regression]
[metric: rmse]
[tree_learner: serial]
[device_type: cpu]
[data_sample_strategy: bagging]
[data: data/california_housing.libsvm.train]
[valid: data/california_housing.libsvm.test]
[num_iterations: 20]
[learning_rate: 0.1]
[num_leaves: 255]
[num_threads: 0]
[seed: 42]
[deterministic: 0]
[force_col_wise: 0]
[force_row_wise: 0]
[histogram_pool_size: -1]
[max_depth: 7]
[min_data_in_leaf: 10]
[min_sum_hessian_in_leaf: 0.001]
[bagging_fraction: 1]
[pos_bagging_fraction: 1]
[neg_bagging_fraction: 1]
[bagging_freq: 0]
[bagging_seed: 400]
[feature_fraction: 1]
[feature_fraction_bynode: 1]
[feature_fraction_seed: 30056]
[extra_trees: 0]
[extra_seed: 12879]
[early_stopping_round: 0]
[early_stopping_min_delta: 0]
[first_metric_only: 0]
[max_delta_step: 0]
[lambda_l1: 0]
[lambda_l2: 0]
[linear_lambda: 0]
[min_gain_to_split: 0]
[drop_rate: 0.1]
[max_drop: 50]
[skip_drop: 0.5]
[xgboost_dart_mode: 0]
[uniform_drop: 0]
[drop_seed: 17869]
[top_rate: 0.2]
[other_rate: 0.1]
[min_data_per_group: 100]
[max_cat_threshold: 32]
[cat_l2: 10]
[cat_smooth: 10]
[max_cat_to_onehot: 4]
[top_k: 20]
[monotone_constraints: ]
[monotone_constraints_method: basic]
[monotone_penalty: 0]
[feature_contri: ]
[forcedsplits_filename: ]
[refit_decay_rate: 0.9]
[tinygbdt_penalty_feature: 4]
[tinygbdt_penalty_split: 0.015625]
[tinygbdt_forestsize: 64000]
[tinygbdt_precision: 7]
[cegb_tradeoff: 1]
[cegb_penalty_split: 0]
[cegb_penalty_feature_lazy: ]
[cegb_penalty_feature_coupled: ]
[path_smooth: 0]
[interaction_constraints: ]
[verbosity: 2]
[saved_feature_importance_type: 0]
[use_quantized_grad: 0]
[num_grad_quant_bins: 4]
[quant_train_renew_leaf: 0]
[stochastic_rounding: 1]
[linear_tree: 0]
[max_bin: 255]
[max_bin_by_feature: ]
[min_data_in_bin: 3]
[bin_construct_sample_cnt: 200000]
[data_random_seed: 175]
[is_enable_sparse: 1]
[enable_bundle: 1]
[use_missing: 1]
[zero_as_missing: 0]
[feature_pre_filter: 1]
[pre_partition: 0]
[two_round: 0]
[header: 0]
[label_column: ]
[weight_column: ]
[group_column: ]
[ignore_column: ]
[categorical_feature: ]
[forcedbins_filename: ]
[precise_float_parser: 0]
[parser_config_file: ]
[objective_seed: 16083]
[num_class: 1]
[is_unbalance: 0]
[scale_pos_weight: 1]
[sigmoid: 1]
[boost_from_average: 1]
[reg_sqrt: 0]
[alpha: 0.9]
[fair_c: 1]
[poisson_max_delta_step: 0.7]
[tweedie_variance_power: 1.5]
[lambdarank_truncation_level: 30]
[lambdarank_norm: 1]
[label_gain: ]
[lambdarank_position_bias_regularization: 0]
[eval_at: ]
[multi_error_top_k: 1]
[auc_mu_weights: ]
[num_machines: 1]
[local_listen_port: 12400]
[time_out: 120]
[machine_list_filename: ]
[machines: ]
[gpu_platform_id: -1]
[gpu_device_id: -1]
[gpu_use_dp: 0]
[num_gpu: 1]

end of parameters
