tree
version=v4
num_class=1
num_tree_per_iteration=1
label_index=0
max_feature_idx=8
objective=regression
feature_names=Column_0 Column_1 Column_2 Column_3 Column_4 Column_5 Column_6 Column_7 Column_8
feature_infos=none [0.49990000000000001:15.0001] [1:52] [0.88888888888888884:141.90909090909091] [0.33333333333333331:25.63636363636364] [3:35682] [0.69230769230769229:1243.333333333333] [32.549999999999997:41.950000000000003] [-124.34999999999999:-114.31]
tree_sizes=3003 3073 3150 2950 2964 3021 2957 2741 2755 2699 2619 2350 2192 2062 2273 1856 2059 1856 2060 1865 1508 1840 1128 1567 1797 1437 1783 1576 1374 660

Tree=0
num_leaves= 32
num_cat= 0
full_tree_array_lgbids= 0 1 2 5 3 4 10 9 11 6 7 15 12 19 22 14 13 24 20 25 8 18 16 27 17 26 21 30 29 23 28 -1 -16 -11 -15 -7 -26 -13 -22 -3 -27 -8 -10 -5 -20 -9 -18 -2 -29 -17 -19 -6 -28 -14 -23 -4 -32 -21 -31 -12 -25 -24 -30
split_feature= 1 1 1 6 6 3 2 1 7 1 1 1 1 6 3 2 6 6 2 2 6 2 1 2 7 1 6 1 5 7 4
split_gain= 6986.71 1684.18 1291.15 975.323 430.437 317.385 232.995 211.919 186.254 180.083 155.232 136.001 119.975 111.736 110.264 106.786 104.502 94.2549 84.3941 72.2782 65.9306 42.6401 32.4611 35.8142 32.3626 30.0542 29.5859 27.1732 24.5286 14.9606 8.12165
threshold= 5.0387000000000013 3.0679500000000002 6.8672000000000013 2.3489548886254448 2.671038674349933 4.3101408005062494 24.500000000000004 4.0775500000000013 37.815000000000005 2.2210000000000005 7.852450000000001 2.4115000000000006 5.7307500000000013 2.4907552973342448 3.449226804123712 19.500000000000004 2.9005380231986346 2.0653737590585881 43.500000000000007 26.500000000000004 2.2906328481453726 27.500000000000004 8.7395500000000013 28.500000000000004 35.335000000000008 3.5330000000000008 2.9742256672023202 5.6402500000000009 139.50000000000003 37.645000000000003 1.0103851166134901
decision_type= 2 2 2 2 2 2 2 2 2 2 2 2 2 2 2 2 2 2 2 2 2 2 2 2 2 2 2 2 2 2 2
left_child=1 5 4 6 15 9 25 18 -8 14 19 24 26 -11 -1 27 -9 -17 -5 30 -13 -14 23 -12 -7 -3 -6 -2 -24 -21 -4
right_child=2 3 10 7 12 11 8 16 -10 13 22 20 21 -15 -16 17 -18 -19 -20 29 -22 -23 28 -25 -26 -27 -28 -29 -30 -31 -32
leaf_value= 2.0405687631288161 2.122367892078735 2.0619325518895399 2.1860943173854421 2.0293758741925956 2.1246833370498446 1.9807571227445304 2.1984147209355398 2.1002101309481218 2.0795283240852767 2.0970408790997888 2.2611911907323741 2.043693994763716 2.1410397950488846 2.0327038778370752 1.9814897297846104 2.3293276008777508 2.055796547371648 2.2183144165789459 2.080533949453383 2.3136092887030801 1.9920349409095919 2.1974100577568745 2.2256631944098948 2.3423931801380187 1.9518240180001829 2.1119780300641722 2.0841198818403921 2.1915848606410337 2.348659992346585 2.2369779892674675 2.2272434057145407
leaf_weight=503 128 198 107 2717 312 636 733 1016 163 430 147 309 586 767 899 91 1158 572 377 129 1491 187 19 97 1194 369 516 120 346 39 156
leaf_count=503 128 198 107 2717 312 636 733 1016 163 430 147 309 586 767 899 91 1158 572 377 129 1491 187 19 97 1194 369 516 120 346 39 156
model_size=3504
internal_value=2.07195 2.03789 2.19622 2.07259 2.15739 2.00039 2.1449 2.05251 2.17679 2.02716 2.28999 1.98123 2.12609 2.05582 2.00269 2.2124 2.07655 2.23355 2.03561 2.24376 2.0009 2.15468 2.32271 2.29347 1.96188 2.0945 2.0994 2.15586 2.34226 2.29582 2.2105
internal_weight=0 12960 3552 6731 2512 6229 1463 5268 896 2599 1040 3630 1601 1197 1402 911 2174 663 3094 431 1800 773 609 244 1830 567 828 248 365 168 263
internal_count=16512 12960 3552 6731 2512 6229 1463 5268 896 2599 1040 3630 1601 1197 1402 911 2174 663 3094 431 1800 773 609 244 1830 567 828 248 365 168 263
is_linear=0
shrinkage=1


Tree=1
num_leaves= 31
num_cat= 0
full_tree_array_lgbids= 0 1 2 5 3 4 12 13 6 7 9 18 16 19 23 14 29 8 10 27 11 17 15 24 20 22 21 26 25 -14 28 -1 -16 -15 -31 -7 -10 -8 -12 -3 -29 -9 -13 -5 -19 -11 -17 -2 -26 -20 -22 -6 -24 -18 -23 -4 -28 -21 -27 -2147483648 -2147483648 -25 -30
split_feature= 1 1 1 6 6 6 7 2 8 1 8 6 1 7 8 6 1 2 2 2 6 2 6 5 1 7 1 7 6 7
split_gain= 5658 1460.99 945.061 831.203 321.266 309.32 223.243 218.582 177.04 171.666 138.807 136.665 123.657 115.163 131.462 106.071 81.2523 78.5786 78.0283 77.5926 59.4467 36.8167 24.9742 16.7745 16.0406 11.7408 11.3759 10.4367 7.6221 4.15639
threshold= 5.1326000000000009 3.1792500000000001 6.8672000000000013 2.2982753493904258 2.6585924622132828 2.1628386478062818 34.455000000000005 19.500000000000004 -117.77499999999999 4.1119000000000012 -121.63499999999998 1.9628175980828908 8.4454500000000028 37.935000000000009 -118.24499999999999 2.8335312747426764 5.8308000000000009 47.500000000000007 21.500000000000004 26.500000000000004 2.2038024706228287 27.500000000000004 3.1262267671728927 70.000000000000014 5.6402500000000009 37.645000000000003 7.3930000000000016 37.955000000000005 3.1747392355722384 38.815000000000005
decision_type= 2 2 2 2 2 2 2 2 2 2 2 2 2 2 2 2 2 2 2 2 2 2 2 2 2 2 2 2 2 2
left_child=1 5 4 7 18 13 8 27 -7 17 -8 -9 19 14 -1 -11 22 -5 24 26 -20 -18 -6 -14 -2 -21 -4 -3 -25 -15
right_child=2 3 12 9 16 6 10 11 -10 15 -12 -13 23 29 -16 -17 21 -19 20 25 -22 -23 -24 28 -26 -27 -28 -29 -30 -31
leaf_value= 0.044230430953254636 0.051710352190187048 0.021716185106585423 0.11257013540252361 -0.033517635639986235 0.048827385960445342 -0.032418481581660212 -0.062115720910071164 0.16254536505971776 -0.086464694131891839 0.033086021130256597 -0.10739158312721281 0.077517444901220187 0.10762568108427029 -0.060880741065378358 -0.039420649286328324 -0.010822406174656622 0.064840007462105109 0.030431795661703398 0.22015546661538954 0.22502748265708844 0.13662539405426799 0.12128281233978436 0.010032595539933747 0.25069624308012767 0.11076683308929205 0.16209582549591478 0.15471344836835946 -0.036636348605155945 0.20779113991926593 -0.10328082793857903
leaf_weight=447 107 300 153 2681 418 1871 1128 305 928 1009 1827 539 11.999999999999998 181 343 1321 524 219 117 194 423 172 367 331 131 52 215 50 83 64
leaf_count=447 107 300 153 2681 418 1871 1128 305 928 1009 1827 539 12 181 343 1321 524 219 117 194 423 172 367 331 131 52 215 50 83 64
model_size=3392
internal_value=0 -0.02926 0.117191 0.00497081 0.0807981 -0.0616504 -0.0707621 0.0804366 -0.0503373 -0.0122579 -0.0901086 0.108244 0.19624 -0.0109948 0.00791104 0.00819202 0.0532941 -0.0286884 0.133154 0.167054 0.154724 0.0787885 0.0306902 0.238307 0.0842162 0.211725 0.137192 0.0133801 0.242094 -0.0719567
internal_weight=0 13213 3299 6424 2259 6789 5754 1194 2799 5230 2955 844 1040 1035 790 2330 1481 2900 778 614 540 696 785 426 238 246 368 350 414 245
internal_count=16512 13213 3299 6424 2259 6789 5754 1194 2799 5230 2955 844 1040 1035 790 2330 1481 2900 778 614 540 696 785 426 238 246 368 350 414 245
is_linear=0
shrinkage=0.1


Tree=2
num_leaves= 32
num_cat= 0
full_tree_array_lgbids= 0 1 2 6 3 4 8 13 10 5 9 17 16 11 22 19 28 21 15 7 29 14 12 25 18 20 27 26 30 23 24 -1 -21 -15 -30 -8 -23 -12 -17 -3 -9 -7 -31 -5 -16 -11 -14 -2 -27 -19 -20 -6 -22 -18 -29 -4 -28 -13 -32 -10 -25 -24 -26
split_feature= 1 1 1 6 6 7 3 8 1 1 1 2 2 6 3 6 6 2 6 8 2 6 2 1 5 5 6 1 8 8 6
split_gain= 4593.3 1123.1 860.204 691.123 239.795 228.156 205.976 185.386 183.251 149.574 105.344 97.173 81.7015 76.0932 71.58 64.0512 51.8511 48.0318 52.7678 41.2223 26.6258 21.5462 18.9929 14.5043 12.7301 12.4405 12.3311 10.7764 10.3798 7.83695 7.12131
threshold= 5.0387000000000013 2.8762500000000002 6.3963500000000009 2.4136952392348086 2.5827178004959954 37.995000000000012 3.8792159595040387 -122.35499999999998 7.852450000000001 3.8346500000000003 2.2948000000000004 26.500000000000004 42.500000000000007 3.0973600929976173 5.1947827066293142 2.2906328481453726 3.0375944537846187 21.500000000000004 2.0653737590585881 -117.145 20.500000000000004 2.1718174014038287 20.500000000000004 9.1688500000000008 139.50000000000003 358.50000000000006 2.6585924622132828 5.6851000000000012 -117.79499999999999 -122.27499999999999 2.2820667453403218
decision_type= 2 2 2 2 2 2 2 2 2 2 2 2 2 2 2 2 2 2 2 2 2 2 2 2 2 2 2 2 2 2 2
left_child=1 6 4 5 17 7 13 -3 11 14 21 26 -11 19 -5 -12 20 25 -19 -1 -6 -8 23 -10 -24 -2 -4 -18 -15 -7 -13
right_child=2 3 8 9 16 29 10 -9 22 12 15 30 -14 28 -16 -17 27 18 -20 -21 -22 -23 24 -25 -26 -27 -28 -29 -30 -31 -32
leaf_value= 0.0049431311228497277 -0.032807712559588253 0.15525302710059363 0.14084475033302257 -0.021756683590240855 0.028230403204931018 -0.0085063570053042735 -0.060645489713293081 0.050020475173194502 0.14853231923033794 -0.0097105011414146177 -0.017268745650373115 0.22271335677554213 0.048191479024689475 -0.047618668565411859 -0.05477748556130882 -0.06618015511440789 0.0064548819710920071 0.21353098875597906 0.11639004326505781 -0.07594990942899775 0.072191242709795947 -0.094691603641533117 0.10804279883702597 0.2121658910191461 0.22251148384886901 0.079527981925297891 0.091775990409602978 0.037027274828742698 -0.098404657180820199 -0.05778816729577671 0.16594247938094972
leaf_weight=605 15.999999999999998 195 94 1556 249 85 273 1509 120 2424 363 48 293 699 1309 1511 434 76 348 82 529 1819 14.999999999999998 89 385 179 397 309 70 167 264
leaf_count=605 16 195 94 1556 249 85 273 1509 120 2424 363 48 293 699 1309 1511 434 76 348 82 529 1819 15 89 385 179 397 309 70 167 264
model_size=3504
internal_value=0 -0.027629 0.100809 -0.00259932 0.0607028 0.0487636 -0.0624268 0.0620629 0.161592 -0.0205975 -0.0743991 0.12973 -0.00346638 -0.0298153 -0.0368437 -0.0567059 0.0390936 0.113801 0.133802 -0.00471222 0.0581215 -0.0902487 0.203603 0.17563 0.218219 0.0703107 0.10117 0.0191694 -0.0522416 -0.0411653 0.174676
internal_weight=0 12960 3552 7538 2140 1956 5422 1704 1412 5582 3966 803 2717 1456 2865 1874 1521 619 424 687 778 2092 609 209 400 195 491 743 769 252 312
internal_count=16512 12960 3552 7538 2140 1956 5422 1704 1412 5582 3966 803 2717 1456 2865 1874 1521 619 424 687 778 2092 609 209 400 195 491 743 769 252 312
is_linear=0
shrinkage=0.1


Tree=3
num_leaves= 29
num_cat= 0
full_tree_array_lgbids= 0 1 3 4 2 5 18 12 7 6 9 15 16 20 24 13 -14 10 11 23 8 14 17 26 19 21 22 25 27 -20 -26 -1 -15 -2147483648 -2147483648 -6 -12 -9 -13 -3 -25 -8 -10 -4 -16 -11 -19 -2 -28 -17 -21 -7 -23 -18 -24 -5 -27 -22 -29 -2147483648 -2147483648 -2147483648 -2147483648
split_feature= 1 1 6 1 6 6 2 7 6 1 8 8 7 8 8 2 1 2 1 6 2 7 2 8 5 8 4 7
split_gain= 3744.58 1104.17 602.175 486.299 204.479 175.615 175.274 166.467 160.555 141.737 137.003 103.617 80.3657 94.2909 77.7278 58.9471 56.5855 47.4915 38.4586 31.2675 29.6845 11.4665 9.65442 8.96746 8.50971 6.69021 5.93258 0.602959
threshold= 5.3736000000000006 3.1913000000000005 2.4136952392348086 7.3930000000000016 2.1628386478062818 2.7472725830126556 19.500000000000004 34.455000000000005 1.9628175980828908 4.5301500000000017 -118.29499999999999 -121.63499999999998 37.935000000000009 -118.25499999999998 -122.38499999999998 21.500000000000004 6.2770500000000009 18.500000000000004 8.7395500000000013 2.2038024706228287 28.500000000000004 37.955000000000005 26.500000000000004 -117.26499999999999 70.000000000000014 -117.71499999999999 1.0671403331650682 37.805000000000007
decision_type= 2 2 2 2 2 2 2 2 2 2 2 2 2 2 2 2 2 2 2 2 2 2 2 2 2 2 2 2
left_child=1 4 6 5 12 15 23 10 -8 14 -6 -9 13 -1 -4 26 21 -11 20 -17 25 -7 -18 -3 -20 -5 -2 -22
right_child=3 2 9 18 7 16 8 11 -10 17 -12 -13 -14 -15 -16 19 22 -19 24 -21 27 -23 -24 -25 -26 -27 -28 -29
leaf_value= 0.039451119854282381 0.050074562027042073 0.014673601934889589 0.030514567816019827 0.13942493334412576 0.005603701120295318 0.041814640331748476 0.14168041119293776 -0.049775768694974729 0.057326321117961099 -0.011524787454914474 -0.050956955529434571 -0.089487059237286545 -0.060546299341032929 -0.032641468240347297 -0.026036457895962137 0.19169570167078495 0.074722188845143797 0.028210208805655102 0.084323451295495039 0.12229882029350847 0.19785748734412825 -0.0098791204986628158 0.1249871934029986 -0.035042475343216216 0.20234714548918747 0.083465739440614903 0.097836052051910732 0.13821679582553251
leaf_weight=445 133 394 290 205 564 668 320 1141 901 515 2266 1841 247 350 3289 97 350 1076 11.999999999999998 480 136 80 85 80 353 59 107 28
leaf_count=445 133 394 290 205 564 668 320 1141 901 515 2266 1841 247 350 3289 97 350 1076 12 480 136 80 85 80 353 59 107 28
model_size=3168
internal_value=0 -0.0215082 0.00693386 0.105646 -0.0499958 0.0791724 0.0589774 -0.0574411 0.0794339 -0.0101288 -0.0396848 -0.0742924 -0.00846804 0.00771224 -0.0214542 0.115577 0.0540309 0.0153482 0.172416 0.133965 0.150199 0.0362859 0.0845441 0.0062827 0.198467 0.126919 0.0713682 0.187675
internal_weight=0 13719 6865 2793 6854 2000 1695 5812 1221 5170 2830 2982 1042 795 3579 817 1183 1591 793 577 428 748 435 474 365 264 240 164
internal_count=16512 13719 6865 2793 6854 2000 1695 5812 1221 5170 2830 2982 1042 795 3579 817 1183 1591 793 577 428 748 435 474 365 264 240 164
is_linear=0
shrinkage=0.1


Tree=4
num_leaves= 29
num_cat= 0
full_tree_array_lgbids= 0 1 3 4 2 7 18 11 5 8 13 17 16 22 24 12 26 6 10 23 9 14 15 27 19 20 21 -5 -24 25 -26 -1 -14 -13 -28 -6 -8 -7 -12 -3 -25 -10 -11 -4 -16 -15 -17 -2 -29 -19 -21 -9 -22 -18 -23 -2147483648 -2147483648 -2147483648 -2147483648 -20 -27 -2147483648 -2147483648
split_feature= 1 1 6 1 6 7 8 6 2 6 8 7 8 6 7 8 1 2 2 4 2 2 1 8 7 5 7 5
split_gain= 3051.5 1011.31 445.143 305.16 258.917 140.191 156.408 128.489 125.506 124.304 123.126 112.214 106.939 95.8229 101.53 38.8818 36.5282 25.3231 18.6958 18.2939 16.6465 12.1182 8.39539 4.41524 4.27978 3.64201 1.77737 1.58214
threshold= 5.6042500000000013 3.5488500000000003 2.4136952392348086 7.7055000000000016 2.2352443515477258 34.455000000000005 -117.77499999999999 2.6529733204757315 19.500000000000004 1.9628175980828908 -121.63499999999998 37.915000000000006 -122.31499999999998 2.9742256672023202 37.915000000000006 -121.48499999999999 6.3350000000000009 21.500000000000004 18.500000000000004 1.0435797675926601 36.500000000000007 25.500000000000004 8.7395500000000013 -117.98499999999999 37.975000000000001 139.50000000000003 39.505000000000003 565.50000000000011
decision_type= 2 2 2 2 2 2 2 2 2 2 2 2 2 2 2 2 2 2 2 2 2 2 2 2 2 2 2 2
left_child=1 4 8 7 11 6 -6 17 23 -10 -7 12 -1 14 -4 -15 20 27 22 -19 -9 -18 -5 -3 25 -20 -13 -2
right_child=3 2 13 18 5 10 -8 16 9 -11 -12 26 -14 15 -16 -17 21 19 24 -21 -22 -23 -24 -25 -26 -27 -28 -29
leaf_value= 0.12221329533233401 0.028301499305026873 0.030065627903550985 0.024989935387350698 0.10462860146520335 -0.01853103332494694 -0.039557564729227793 -0.066178408721960041 0.038478877448761661 0.1500604770951352 0.063741580624560895 -0.079747494244217509 -0.046716997668674737 0.0036107076454320389 0.010885972737028085 -0.028745861697969922 -0.024781538724009646 0.070774336081202927 0.11809887295596214 0.084424182000969142 0.17224842198446497 0.1151922637358942 0.11436277262430308 0.16263628825545312 -0.0078481021603303298 0.062066185176372524 0.18142992074777434 -0.093965262226891111 0.095506151175086818
leaf_weight=89 28 230 1823 109 2253 1361 1075 589 236 736 2043 293 1099 483 484 1690 373 253 13.999999999999998 147 47 158 98 154 9.9999999999999982 439 57 141
leaf_count=89 28 230 1823 109 2253 1361 1075 589 236 736 2043 293 1099 483 484 1690 373 253 14 147 47 158 98 154 10 439 57 141
model_size=3168
internal_value=0 -0.0177795 0.0142316 0.104238 -0.0403692 -0.0489682 -0.0339219 0.0817999 0.0649222 0.0846997 -0.0636786 -0.00273014 0.0124959 -0.00111143 0.0137164 -0.0168536 0.0621647 0.122071 0.162378 0.137999 0.0441479 0.0837442 0.132091 0.0148606 0.175919 0.178432 -0.0544117 0.0843717
internal_weight=0 14106 5836 2406 8270 6732 3328 1736 1356 972 3404 1538 1188 4480 2307 2173 1167 569 670 400 636 531 207 384 463 453 350 169
internal_count=16512 14106 5836 2406 8270 6732 3328 1736 1356 972 3404 1538 1188 4480 2307 2173 1167 569 670 400 636 531 207 384 463 453 350 169
is_linear=0
shrinkage=0.1


Tree=5
num_leaves= 30
num_cat= 0
full_tree_array_lgbids= 0 2 1 5 3 4 10 18 15 6 7 11 13 12 23 19 -20 -7 17 21 9 8 20 22 14 24 16 27 26 25 28 -1 -21 -2147483648 -2147483648 -2147483648 -2147483648 -17 -19 -4 -23 -8 -11 -5 -10 -9 -22 -2 -24 -13 -16 -6 -26 -15 -18 -3 -29 -14 -28 -12 -27 -25 -30
split_feature= 1 1 1 6 6 3 2 7 8 7 1 2 2 2 6 1 8 3 8 7 7 1 1 8 1 7 7 6 1
split_gain= 2523.1 648.871 491.643 376.588 208.924 129.585 121.473 116.499 200.632 106.236 95.344 51.9005 51.3816 47.9401 41.8745 40.6668 39.3769 29.0219 21.2093 25.0137 11.6753 9.37208 9.1781 8.49471 4.85962 4.65918 3.66332 2.54871 1.40763
threshold= 4.5301500000000017 6.3350000000000009 2.5894500000000007 2.2634687595142249 2.5219735498882589 3.6482937607122259 24.500000000000004 37.935000000000009 -122.24499999999999 37.815000000000005 7.852450000000001 21.500000000000004 26.500000000000004 16.500000000000004 2.0653737590585881 1.9486000000000003 -117.65499999999999 4.4053436317780594 -118.27499999999999 37.935000000000009 39.355000000000011 3.3627000000000002 5.6402500000000009 -118.00499999999998 5.4090500000000015 38.275000000000013 37.615000000000002 3.102783329035586 10.027200000000002
decision_type= 2 2 2 2 2 2 2 2 2 2 2 2 2 2 2 2 2 2 2 2 2 2 2 2 2 2 2 2 2
left_child=2 4 5 6 11 18 21 8 -5 -8 12 22 27 24 -13 -7 -15 -17 19 -1 -9 -4 -2 25 -6 -12 -14 -3 -25
right_child=1 10 3 7 13 15 9 20 -10 -11 23 14 26 16 -16 17 -18 -19 -20 -21 -22 -23 -24 28 -26 -27 -28 -29 -30
leaf_value= 0.012117743446681969 0.026387971632642556 0.086720859666820624 -0.022766390073372694 0.068901415246001643 -0.01534550204371116 -0.076937605413698873 0.078091628408663308 -0.044191697640284446 -0.018588063996571074 -0.014713074940716825 0.16139224917231085 0.15929502011873786 0.13895997546659605 0.036356463537148095 0.084308055511275515 -0.032345609938452445 -0.023574800258394431 -0.061672576009657913 -0.036694753534912347 -0.070280750903378555 -0.082670796677642489 0.015683887259926723 0.089867827136601727 0.097375489955710381 0.014511714554519382 0.037046435996890073 0.089890268893213943 0.055337522559659152 0.15777516571842895
leaf_weight=397 204 304 244 293 404 1326 728 1008 4591 166 453 117 261 1626 445 689 151 1357 415 60 173 289 63 97 292 9.9999999999999982 74 226 49
leaf_count=397 204 304 244 293 404 1326 728 1008 4591 166 453 117 261 1626 445 689 151 1357 415 60 173 289 63 97 292 10 74 226 49
model_size=3280
internal_value=0 0.0613988 -0.0249864 -0.00942485 0.0365818 -0.0524575 0.0374113 -0.0204447 -0.0133394 0.0608594 0.116993 0.0810608 0.0945547 0.0216715 0.0999192 -0.061683 0.0312638 -0.0517966 -0.0167826 0.00129956 -0.0498283 -0.00191812 0.0413664 0.148863 -0.0028192 0.158707 0.128121 0.0733385 0.117647
internal_weight=0 4776 11736 7492 3302 4244 1427 6065 4884 894 1474 829 865 2473 562 3372 1777 2046 872 457 1181 533 267 609 696 463 335 530 146
internal_count=16512 4776 11736 7492 3302 4244 1427 6065 4884 894 1474 829 865 2473 562 3372 1777 2046 872 457 1181 533 267 609 696 463 335 530 146
is_linear=0
shrinkage=0.1


Tree=6
num_leaves= 29
num_cat= 0
full_tree_array_lgbids= 0 2 1 7 3 4 9 10 17 8 5 15 14 13 21 16 26 24 22 23 11 6 12 20 18 19 25 -3 -15 27 -23 -1 -18 -12 -28 -9 -26 -19 -24 -4 -25 -10 -13 -5 -8 -7 -14 -2 -22 -17 -20 -6 -21 -16 -27 -2147483648 -2147483648 -2147483648 -2147483648 -11 -29 -2147483648 -2147483648
split_feature= 1 1 1 6 6 6 7 3 2 1 6 7 8 2 6 2 7 1 6 7 5 2 7 2 6 7 3 1
split_gain= 2041.1 471.003 443.562 308.518 159.451 109.224 120.185 108.609 87.8581 74.2123 45.3461 42.8838 33.9087 31.8815 31.7944 28.3767 27.4669 24.3397 22.7829 21.6836 8.93768 8.36512 8.07905 4.24577 3.55515 3.44487 2.70455 0.605101
threshold= 4.6754000000000007 6.3350000000000009 2.7820000000000005 2.0653737590585881 2.5288691539219195 2.8079590171801518 37.935000000000009 4.2015099382944241 24.500000000000004 7.7055000000000016 3.0973600929976173 37.815000000000005 -122.38499999999998 26.500000000000004 3.0375944537846187 21.500000000000004 37.915000000000006 2.2210000000000005 2.0653737590585881 37.955000000000005 374.50000000000006 18.500000000000004 39.285000000000004 16.500000000000004 1.9139224725972623 37.775000000000013 3.0522493994321906 8.7395500000000013
decision_type= 2 2 2 2 2 2 2 2 2 2 2 2 2 2 2 2 2 2 2 2 2 2 2 2 2 2 2 2
left_child=2 4 7 8 15 6 -5 10 23 13 16 -10 -7 -3 19 20 -1 24 -17 -6 -2 27 -19 -4 -9 -16 -12 -11
right_child=1 9 3 5 14 12 -8 17 11 21 26 -13 -14 -15 25 18 -18 22 -20 -21 -22 -23 -24 -25 -26 -27 -28 -29
leaf_value= 0.00073967077435242582 -0.049601518066430636 0.064869395599728735 -0.0091218944708677304 0.014145869035622111 0.041437028975974267 0.020198098520158789 -0.03451344825463503 -0.024725580987287686 0.097678374441017235 0.082694238766070904 -0.014513591839931906 -0.0030285400464274592 -0.028751953161978167 0.11274238761252962 0.010604784553332948 0.14550179829029367 -0.056463738552161628 -0.041800419717467459 0.079781015019075627 -0.0065733162661576099 0.052292475773720072 0.14330036306580768 -0.080298383294831258 0.035367718076882645 -0.069602358802569611 -0.026435008071481237 -0.046123398803636008 0.13156308664427119
leaf_weight=828 22 495 167 2261 982 203 739 80 409 109 172 62 3040 309 900 100 140 1371 397 170 208 463 148 156 1459 126 898 98
leaf_count=828 22 495 167 2261 982 203 739 80 409 109 172 62 3040 309 900 100 140 1371 397 170 208 463 148 156 1459 126 898 98
model_size=3168
internal_value=0 0.0586889 -0.0211818 -0.00469954 0.0350417 -0.0123062 0.00215946 -0.0439419 0.0551092 0.105294 -0.0251264 0.0844218 -0.0256879 0.0832683 0.0210226 0.0770411 -0.00753355 -0.0564815 0.0930045 0.0343522 0.0425461 0.131724 -0.0455514 0.0123653 -0.0672696 0.00605604 -0.0410422 0.10583
internal_weight=0 4379 12133 7037 2905 6243 3000 5096 794 1474 2038 471 3243 804 2178 727 968 3058 497 1152 230 670 1519 323 1539 1026 1070 207
internal_count=16512 4379 12133 7037 2905 6243 3000 5096 794 1474 2038 471 3243 804 2178 727 968 3058 497 1152 230 670 1519 323 1539 1026 1070 207
is_linear=0
shrinkage=0.1


Tree=7
num_leaves= 26
num_cat= 0
full_tree_array_lgbids= 0 1 3 4 2 6 17 13 7 5 11 15 19 21 -19 24 14 8 9 10 23 12 18 16 20 22 -21 -5 -23 -2147483648 -2147483648 -1 -26 -15 -16 -6 -10 -9 -11 -3 -12 -7 -25 -4 -14 -13 -20 -2 -18 -17 -22 -8 -24 -2147483648 -2147483648 -2147483648 -2147483648 -2147483648 -2147483648 -2147483648 -2147483648 -2147483648 -2147483648
split_feature= 1 1 6 1 6 7 6 7 8 8 2 8 7 2 7 7 8 1 7 2 8 2 1 8 8
split_gain= 1674.46 481.69 273.724 215.76 124.473 113.38 90.6657 84.6338 119.214 113.156 83.3819 62.1618 69.9849 33.1082 29.7976 23.8904 30.8563 13.8406 13.0394 11.4154 7.98215 7.59554 6.78323 5.91344 3.96261
threshold= 5.2771000000000017 3.3941500000000002 2.5102460737381374 7.2638000000000007 2.0376051459673437 37.935000000000009 2.7472725830126556 34.455000000000005 -118.30499999999999 -120.09499999999998 19.500000000000004 -117.79499999999999 37.915000000000006 27.500000000000004 37.995000000000012 37.955000000000005 -117.85499999999998 9.1688500000000008 33.655000000000008 40.500000000000007 -122.40499999999999 28.500000000000004 6.0886500000000003 -122.35499999999998 -118.10499999999998
decision_type= 2 2 2 2 2 2 2 2 2 2 2 2 2 2 2 2 2 2 2 2 2 2 2 2 2
left_child=1 4 5 6 13 10 15 8 -6 -9 -3 12 -4 24 -15 16 -2 21 -13 22 -17 -5 -8 -7 -1
right_child=3 2 11 17 7 23 19 9 -10 -11 -12 18 -14 14 -16 20 -18 -19 -20 -21 -22 -23 -24 -25 -26
leaf_value= -0.00082148694683349243 0.09422175510617628 0.0095133751264780374 0.006655785588089571 0.083479713334202163 0.019024242612864978 0.013487901153800254 0.018152575185137215 -0.037166285495644789 -0.033409647068084823 -0.080986755755917794 0.066991133019178389 -0.018802329534810272 -0.032428742392093445 0.04248567839347351 -0.045042247543548887 0.088710058156562896 0.033634653802217966 0.1355690134471699 -0.056632967064616041 0.10118603630618631 -0.026255618663979515 0.12334708704938445 0.044069371825112807 -0.042746132363153749 -0.040220706490036409
leaf_weight=270 655 396 2665 341 584 91 686 2638 2713 874 1104 384 682 362 66 23 146 304 345 49 51 209 519 172 183
leaf_count=270 655 396 2665 341 584 91 686 2638 2713 874 1104 384 682 362 66 23 146 304 345 49 51 209 519 172 183
model_size=2832
internal_value=0 -0.0150099 0.00692985 0.0680755 -0.0316687 0.0406129 0.0505449 -0.0364749 -0.024122 -0.0480715 0.051817 -0.00763916 -0.00130826 0.00547655 0.0289884 0.0769454 0.0831784 0.111779 -0.0367057 0.0321234 0.00947696 0.0986293 0.0293151 -0.0232887 -0.0167377
internal_weight=0 13529 5839 2983 7690 1763 2129 6809 3297 3512 1500 4076 3347 881 428 875 801 854 729 1254 74 550 1205 263 453
internal_count=16512 13529 5839 2983 7690 1763 2129 6809 3297 3512 1500 4076 3347 881 428 875 801 854 729 1254 74 550 1205 263 453
is_linear=0
shrinkage=0.1


Tree=8
num_leaves= 26
num_cat= 0
full_tree_array_lgbids= 0 2 1 7 4 3 11 20 16 12 5 8 15 13 -13 -1 22 17 19 23 14 6 10 -2 9 18 24 21 -15 -2147483648 -2147483648 -2147483648 -2147483648 -22 -24 -9 -19 -18 -21 -4 -25 -14 -16 -6 -8 -7 -12 -2147483648 -2147483648 -10 -11 -5 -20 -17 -26 -3 -23 -2147483648 -2147483648 -2147483648 -2147483648 -2147483648 -2147483648
split_feature= 1 1 1 6 6 2 3 3 2 6 8 1 2 6 7 1 7 8 8 8 7 2 7 8 6
split_gain= 1384.96 424.096 204.461 175.965 175.425 79.4081 72.4865 68.1023 64.6633 79.3502 49.9073 46.4895 33.9104 28.7869 27.6418 24.5792 20.2114 22.1896 17.4645 13.5101 7.78099 6.40579 4.07852 0.299777 0.113807
threshold= 4.125700000000001 6.2770500000000009 2.5205000000000006 2.735488224282792 2.0376051459673437 51.500000000000007 5.0372251488776927 3.3654435698213785 16.500000000000004 2.0653737590585881 -122.33499999999999 8.0125000000000011 22.500000000000004 2.8629972339304532 37.815000000000005 5.3357000000000001 35.335000000000008 -118.31499999999998 -122.33499999999999 -119.84499999999998 34.045000000000009 17.500000000000004 37.935000000000009 -118.29499999999999 3.1424162072895592
decision_type= 2 2 2 2 2 2 2 2 2 2 2 2 2 2 2 2 2 2 2 2 2 2 2 2 2
left_child=2 3 7 8 12 6 -6 20 -2 -10 -7 13 23 21 -14 18 17 -9 -5 -18 -1 -3 -22 -4 -17
right_child=1 11 4 15 5 10 -8 16 9 -11 -12 -13 14 -15 -16 24 19 -19 -20 -21 22 -23 -24 -25 -26
leaf_value= -0.03100162096012702 0.0070037057224360492 0.050519984448546218 0.021852065433963709 0.04557115873997851 -0.0070374677168584436 0.09555667062182871 -0.032085989351635466 0.00029537170174523815 0.11677275854994409 0.046713118661833586 0.0033161998824733831 0.11123854079620275 0.06801861348663521 0.047910293610877994 -0.013760471414000653 0.035782184540767474 -0.049162499997611873 -0.042191029927421422 -0.0069204151476101889 -0.078690423191381767 0.018309160979134181 0.099882949458847597 -0.060416488784054916 -0.026750281322525729 0.008824776063297908
leaf_weight=199 395 107 149 124 2663 113 2864 238 224 1274 225 548 408 470 74 427 1370 1345 1649 416 310 411 33 105 371
leaf_count=199 395 107 149 124 2663 113 2864 238 224 1274 225 548 408 470 74 427 1370 1345 1649 416 310 411 33 105 371
model_size=2832
internal_value=0 0.038527 -0.0219903 0.0226765 -0.0108939 -0.0168953 -0.0200172 -0.0407189 0.0467174 0.0571893 0.034154 0.0845925 0.03693 0.0698131 0.0554633 0.00497551 -0.0465315 -0.0358033 -0.00324926 -0.0560402 -0.00458898 0.0896864 0.010735 0.00176054 0.0232494
internal_weight=0 6000 10512 4464 6601 5865 5527 3911 1893 1498 338 1536 736 988 482 2571 3369 1583 1773 1786 542 518 343 254 798
internal_count=16512 6000 10512 4464 6601 5865 5527 3911 1893 1498 338 1536 736 988 482 2571 3369 1583 1773 1786 542 518 343 254 798
is_linear=0
shrinkage=0.1


Tree=9
num_leaves= 25
num_cat= 0
full_tree_array_lgbids= 0 2 1 7 3 6 10 11 17 4 8 12 18 14 -12 15 -13 21 -19 5 -6 9 23 13 16 20 19 22 -16 -2147483648 -2147483648 -1 -17 -2147483648 -2147483648 -9 -23 -2147483648 -2147483648 -4 -7 -2147483648 -2147483648 -5 -11 -10 -25 -2 -15 -14 -18 -8 -22 -20 -21 -3 -24 -2147483648 -2147483648 -2147483648 -2147483648 -2147483648 -2147483648
split_feature= 1 1 1 6 7 8 6 3 8 7 2 6 7 8 1 7 8 7 8 7 7 6 4 7
split_gain= 1121.09 263.567 220.141 171.467 100.988 115.327 92.3384 60.8077 31.5936 46.4042 29.3229 29.2628 26.3264 37.1239 18.7409 15.0352 11.4895 10.9691 10.4335 46.4396 10.2737 3.30468 2.7513 2.2401
threshold= 4.5301500000000017 6.3963500000000009 2.7820000000000005 2.5763869593405579 37.935000000000009 -122.40499999999999 2.735488224282792 4.3101408005062494 -117.79499999999999 37.895000000000003 29.500000000000004 2.8335312747426764 37.925000000000004 -118.30499999999999 9.1688500000000008 37.915000000000006 -122.38499999999998 39.285000000000004 -121.52499999999999 34.655000000000008 37.915000000000006 2.8751854599406532 1.0097363099187924 33.715000000000011
decision_type= 2 2 2 2 2 2 2 2 2 2 2 2 2 2 2 2 2 2 2 2 2 2 2 2
left_child=2 6 7 4 5 -4 12 11 9 -5 14 15 13 -2 22 -1 -14 21 20 -20 -8 -9 -3 -10
right_child=1 10 3 8 -6 -7 18 17 23 -11 -12 -13 16 -15 -16 -17 -18 -19 19 -21 -22 -23 -24 -25
leaf_value= 0.0064571488863567608 0.069635820783057245 0.036823070266798728 0.11172548509616208 -0.0054574622619937658 -0.026772629216840444 0.019925211774925913 0.041266661409346025 -0.031440752860322739 -0.024763665037110388 -0.038560344980137384 0.10124386734528797 -0.030697405875417957 0.056463343580253428 0.026551096193404011 0.10699145960597656 -0.041114087007860317 -0.028671113072725182 -0.068775334728119503 0.012823504102398365 -0.042837903832850584 -0.0055988930030668408 -0.048929755397432308 0.068926687747449006 -0.055567099183083737
leaf_weight=744 754 304 169 2653 489 1874 422 1229 367 715 533 1372 56 453 156 164 110 369 1166 241 162 1218 419 373
leaf_count=744 754 304 169 2653 489 1874 422 1229 367 715 533 1372 56 453 156 164 110 369 1166 241 162 1218 419 373
model_size=2720
internal_value=0 0.0411233 -0.0167353 -0.00432748 0.0170338 0.0275191 0.0254688 -0.0329024 -0.0174937 -0.0124849 0.0784194 -0.0193226 0.0470074 0.0534657 0.0645793 -0.00213501 4.89446e-05 -0.0438975 0.0106157 0.00328946 0.0282663 -0.0401459 0.0554281 -0.0402903
internal_weight=0 4776 11736 6640 2532 2043 3364 5096 4108 3368 1412 2280 1373 1207 879 908 166 2816 1991 1407 584 2447 723 740
internal_count=16512 4776 11736 6640 2532 2043 3364 5096 4108 3368 1412 2280 1373 1207 879 908 166 2816 1991 1407 584 2447 723 740
is_linear=0
shrinkage=0.1


Tree=10
num_leaves= 24
num_cat= 0
full_tree_array_lgbids= 0 2 1 10 4 3 7 16 11 12 5 9 8 13 21 17 -18 15 -13 -4 -14 6 -7 -2 20 19 14 18 -15 -9 22 -1 -19 -2147483648 -2147483648 -12 -17 -2147483648 -2147483648 -2147483648 -2147483648 -2147483648 -2147483648 -6 -8 -2147483648 -2147483648 -2147483648 -2147483648 -11 -22 -5 -21 -10 -16 -3 -20 -2147483648 -2147483648 -2147483648 -2147483648 -23 -24
split_feature= 1 1 6 6 1 7 8 1 8 2 2 7 3 6 7 1 8 7 8 7 4 3 8
split_gain= 916.648 278.402 136.407 118.598 98.1323 65.7038 155.574 50.4093 43.2001 41.9288 38.1277 37.3503 32.3569 31.5448 30.3946 16.6931 10.9766 46.4716 9.87619 9.46423 5.27476 0.787108 0.0313011
threshold= 4.125700000000001 5.8308000000000009 2.0231950334409352 2.2982753493904258 2.2210000000000005 38.475000000000001 -122.35499999999998 7.7055000000000016 -122.19499999999998 16.500000000000004 27.500000000000004 37.815000000000005 3.4845502266762112 3.0089663118548242 37.615000000000002 3.4298000000000006 -118.19499999999998 34.965000000000011 -117.83499999999999 37.615000000000002 1.0245723468785857 5.396289833514504 -118.00499999999998
decision_type= 2 2 2 2 2 2 2 2 2 2 2 2 2 2 2 2 2 2 2 2 2 2 2
left_child=2 3 10 9 12 6 -6 13 19 -2 16 15 -4 18 -10 -12 17 -1 -3 -5 -11 -9 -23
right_child=1 7 4 8 5 -7 -8 21 14 20 11 -13 -14 -15 -16 -17 -18 -19 -20 -21 -22 22 -24
leaf_value= 0.074415439532726613 0.0054599073436111221 0.071173440147249883 -0.0096922869241851221 0.10160563478051728 0.055318395994030517 -0.043875431193357128 -0.015594402091216498 -0.042377395480871202 0.0083880911175312056 0.045305754644267844 0.039762560264032992 -0.019940588771739706 -0.046883625193911288 0.025145076370175986 -0.02508950860092083 0.1033020391361788 -0.031238835532495981 -0.016015719401282297 0.026328909699365778 0.032835571946197892 0.092908687219117159 0.098998966649191 0.062389547482947116
leaf_weight=114 150 749 425 67 364 888 5659 9.9999999999999982 2445 141 307 117 2060 516 504 112 228 238 159 300 299 493 167
leaf_count=114 150 749 425 67 364 888 5659 10 2445 141 307 117 2060 516 504 112 228 238 159 300 299 493 167
model_size=2608
internal_value=0 0.0314634 -0.0179586 0.0152352 -0.022113 -0.0154933 -0.0113088 0.0617344 0.00739506 0.0592997 0.0170189 0.0400072 -0.0405229 0.0494874 0.00266659 0.0567469 -0.00422558 0.0132716 0.0633207 0.0453903 0.0776541 0.0877638 0.0897357
internal_weight=0 6000 10512 3906 9396 6911 6023 2094 3316 590 1116 536 2485 1424 2949 419 580 352 908 367 440 670 660
internal_count=16512 6000 10512 3906 9396 6911 6023 2094 3316 590 1116 536 2485 1424 2949 419 580 352 908 367 440 670 660
is_linear=0
shrinkage=0.1


Tree=11
num_leaves= 20
num_cat= 0
full_tree_array_lgbids= 0 1 4 3 2 13 -6 9 5 11 8 17 16 -2147483648 -2147483648 10 -11 6 7 -3 12 15 14 -2 -19 18 -18 -2147483648 -2147483648 -2147483648 -2147483648 -1 -12 -2147483648 -2147483648 -5 -8 -7 -9 -2147483648 -2147483648 -13 -14 -4 -17 -10 -16 -2147483648 -2147483648 -2147483648 -2147483648 -15 -20 -2147483648 -2147483648 -2147483648 -2147483648 -2147483648 -2147483648 -2147483648 -2147483648 -2147483648 -2147483648
split_feature= 1 1 6 6 1 7 8 8 8 8 7 2 7 6 7 7 2 7 8
split_gain= 741.871 260.278 123.291 77.0267 50.6096 50.0198 80.7779 70.8017 40.9717 36.0955 58.4846 35.0159 37.4368 32.2275 30.2867 15.1856 9.28748 7.27261 0.582023
threshold= 5.6042500000000013 3.6530500000000008 2.3238229356603282 2.2982753493904258 7.3930000000000016 34.455000000000005 -117.675 -120.09499999999998 -122.24499999999999 -117.145 37.805000000000007 17.500000000000004 37.815000000000005 2.4530432249902163 34.525000000000013 37.895000000000003 40.500000000000007 37.955000000000005 -122.25499999999998
decision_type= 2 2 2 2 2 2 2 2 2 2 2 2 2 2 2 2 2 2 2
left_child=1 3 11 9 13 6 -5 -7 15 10 -1 -3 -13 17 -10 -4 18 -2 -15
right_child=4 2 8 5 -6 7 -8 -9 14 -11 -12 12 -14 16 -16 -17 -18 -19 -20
leaf_value= 0.020426716513129099 0.084907242518835774 0.0041260167524902799 0.059346064787343271 -0.0043491887290104557 0.075908311627350733 -0.025842258095411838 -0.041389417249010879 -0.062663238227513393 0.0061717694902652474 -0.049590888833388302 -0.025148691050449114 0.070512172305404408 -0.0040558745532820956 0.072901725088290514 -0.016484384824770531 0.0069444031635942198 0.081633650648896355 -0.056622310441273908 0.024712037092708389
leaf_weight=1140 268 245 252 2406 793 2556 1020 874 2445 195 539 584 119 84 1505 226 101 12.999999999999998 1147
leaf_count=1140 268 245 252 2406 793 2556 1020 874 2445 195 539 584 119 84 1505 226 101 13 1147
model_size=2160
internal_value=0 -0.00885636 0.00902399 -0.0198672 0.0519234 -0.0253066 -0.0153769 -0.0352246 0.00153695 3.25982e-05 0.0057959 0.0439951 0.0578897 0.0401317 -0.00246051 0.0345704 0.0320672 0.0783596 0.0280004
internal_weight=0 14106 5376 8730 2406 6856 3426 3430 4428 1874 1679 948 703 1613 3950 478 1332 281 1231
internal_count=16512 14106 5376 8730 2406 6856 3426 3430 4428 1874 1679 948 703 1613 3950 478 1332 281 1231
is_linear=0
shrinkage=0.1


Tree=12
num_leaves= 18
num_cat= 0
full_tree_array_lgbids= 0 2 1 3 -4 5 7 11 4 -2147483648 -2147483648 9 8 14 16 15 -13 6 10 -2147483648 -2147483648 -2147483648 -2147483648 -2 12 13 -10 -3 -16 -9 -18 -1 -17 -2147483648 -2147483648 -5 -8 -6 -12 -2147483648 -2147483648 -2147483648 -2147483648 -2147483648 -2147483648 -2147483648 -2147483648 -2147483648 -2147483648 -11 -14 -7 -15 -2147483648 -2147483648 -2147483648 -2147483648 -2147483648 -2147483648 -2147483648 -2147483648 -2147483648 -2147483648
split_feature= 1 1 7 8 6 6 7 2 8 2 7 7 7 7 1 7 7
split_gain= 606.836 182.735 91.821 198.316 89.1835 81.7375 71.4591 32.2137 24.4046 20.2678 17.6708 16.797 14.7758 13.862 13.5109 7.58552 3.40056
threshold= 4.0612500000000002 5.8308000000000009 38.475000000000001 -122.38499999999998 2.8941056667066012 2.4469862317432325 34.455000000000005 26.500000000000004 -117.77499999999999 21.500000000000004 34.435000000000009 38.005000000000003 37.995000000000012 37.915000000000006 7.2638000000000007 37.765000000000008 38.025000000000013
decision_type= 2 2 2 2 2 2 2 2 2 2 2 2 2 2 2 2 2
left_child=2 5 3 11 6 9 -5 14 13 -2 -6 15 -11 -7 -3 -1 -9
right_child=1 7 -4 4 10 8 -8 16 -10 12 -12 -13 -14 -15 -16 -17 -18
leaf_value= 0.046050152580507778 0.011541703949193176 0.024444689821448266 -0.041238878872106151 0.0095456157781363179 -0.019464653547926796 0.01401360456799711 -0.020050229427463581 0.070777239782552057 -0.022173656569118003 0.059948258688048706 -0.039014717578542787 0.012628959128700143 -0.031834825720926302 -0.014479159681203287 0.057808456555402524 0.10201739122747047 -0.040280852218468985
leaf_weight=176 316 760 1403 2341 2786 2179 1823 857 534 615 1422 139 42 485 459 157 18
leaf_count=176 316 760 1403 2341 2786 2179 1823 857 534 615 1422 139 42 485 459 157 18
model_size=1936
internal_value=0 0.0248833 -0.0152136 -0.011085 -0.0148009 0.0121915 -0.00341145 0.0501638 0.00364994 0.0402655 -0.0260712 0.0548241 0.0540808 0.0088263 0.0370074 0.0724371 0.0684926
internal_weight=0 6265 10247 8844 8372 4171 4164 2094 3198 973 4208 472 657 2664 1219 333 875
internal_count=16512 6265 10247 8844 8372 4171 4164 2094 3198 973 4208 472 657 2664 1219 333 875
is_linear=0
shrinkage=0.1


Tree=13
num_leaves= 16
num_cat= 0
full_tree_array_lgbids= 0 1 2 7 3 6 13 -1 14 4 10 8 -8 -4 -15 -2147483648 -2147483648 -9 -16 5 -6 11 -12 9 12 -2147483648 -2147483648 -2147483648 -2147483648 -2147483648 -2147483648 -2147483648 -2147483648 -2147483648 -2147483648 -2147483648 -2147483648 -2147483648 -2147483648 -3 -7 -2147483648 -2147483648 -5 -13 -2147483648 -2147483648 -2 -11 -10 -14 -2147483648 -2147483648 -2147483648 -2147483648 -2147483648 -2147483648 -2147483648 -2147483648 -2147483648 -2147483648 -2147483648 -2147483648
split_feature= 1 1 1 6 7 8 6 3 7 8 8 7 8 2 1
split_gain= 493.589 112.388 99.4577 95.1261 62.9799 92.7192 43.8603 22.2311 14.3341 27.1349 12.4563 22.585 9.19134 5.15141 4.44384
threshold= 4.5993500000000003 2.5044000000000004 6.5626000000000007 2.6652197465730842 37.945000000000007 -117.895 2.9742256672023202 3.3654435698213785 37.925000000000004 -118.20499999999998 -117.79499999999999 37.915000000000006 -122.38499999999998 21.500000000000004 1.8344000000000003
decision_type= 2 2 2 2 2 2 2 2 2 2 2 2 2 2 2
left_child=1 7 6 4 5 -3 8 -1 9 -2 11 -5 -10 -4 -9
right_child=2 3 13 10 -6 -7 -8 14 12 -11 -12 -13 -14 -15 -16
leaf_value= -0.00049659932821264697 0.04714310196655324 0.028511733229002679 0.037925353877377943 -0.0050838222443913275 -0.019643843803570298 -0.019071248284244675 0.0014363445057896432 -0.041772705940139827 0.048192040917774043 0.013017332608537813 -0.032153202265459473 -0.031784104826973358 -0.024714998303041344 0.065762738764146345 -0.024076790818729939
leaf_weight=540 1093 2159 538 2992 750 641 1319 1169 75 626 807 730 186 750 2137
leaf_count=540 1093 2159 538 2992 750 641 1319 1169 75 626 807 730 186 750 2137
model_size=1712
internal_value=0 -0.0109278 0.0284094 -0.00368382 0.00974628 0.0176186 0.0183656 -0.0261447 0.0296433 0.0347157 -0.0142108 -0.0103206 -0.0037647 0.054135 -0.0303341
internal_weight=0 11925 4587 8079 3550 2800 3299 3846 1980 1719 4529 3722 261 1288 3306
internal_count=16512 11925 4587 8079 3550 2800 3299 3846 1980 1719 4529 3722 261 1288 3306
is_linear=0
shrinkage=0.1


Tree=14
num_leaves= 19
num_cat= 0
full_tree_array_lgbids= 0 3 1 14 4 2 9 -1 -16 5 12 7 6 15 -11 -2147483648 -2147483648 -2147483648 -2147483648 8 -7 13 -14 -2 11 -4 10 16 17 -2147483648 -2147483648 -2147483648 -2147483648 -2147483648 -2147483648 -2147483648 -2147483648 -2147483648 -2147483648 -5 -10 -2147483648 -2147483648 -6 -15 -2147483648 -2147483648 -2147483648 -2147483648 -9 -13 -2147483648 -2147483648 -8 -12 -3 -18 -17 -19 -2147483648 -2147483648 -2147483648 -2147483648
split_feature= 1 1 6 1 3 6 8 2 8 6 7 7 2 7 3 8 7 7
split_gain= 401.667 127.169 68.0875 51.1722 67.8945 39.4024 25.4696 19.7066 17.9087 16.0266 13.8593 13.4241 11.1231 8.52104 8.35576 5.60137 20.8952 2.71571
threshold= 3.9004500000000006 5.8308000000000009 2.2734093974820149 2.2210000000000005 4.5952877783354031 3.5589256535947715 -122.27499999999999 16.500000000000004 -118.22499999999998 3.1424162072895592 37.615000000000002 37.815000000000005 49.500000000000007 34.455000000000005 3.5232617427316812 -117.83499999999999 37.615000000000002 33.935000000000009
decision_type= 2 2 2 2 2 2 2 2 2 2 2 2 2 2 2 2 2 2
left_child=3 2 7 14 5 8 -4 -2 -5 15 -8 -9 13 -6 -1 16 -3 -17
right_child=1 9 6 4 12 -7 10 11 -10 -11 -12 -13 -14 -15 -16 17 -18 -19
leaf_value= -0.0067021933940375911 0.00042123894700232676 0.065080957767334677 0.03531423343054628 0.024964606336018959 -0.0086201072649398202 -0.019860410077289278 0.004731503472251479 0.06728968392865621 -0.0038741946387298659 0.01888115465203765 -0.019948280893142094 -0.00086729582724009839 0.0145530947164734 -0.026060947446678251 -0.031948435038415178 0.032429850701243726 0.02447889591034879 -0.051187803910885891
leaf_weight=552 170 956 407 1294 1534 654 2981 433 701 541 681 86 291 2405 2229 224 335 38
leaf_count=552 170 956 407 1294 1534 654 2981 433 701 541 681 86 291 2405 2229 224 335 38
model_size=2048
internal_value=0 0.0189693 0.00925309 -0.0134553 -0.00800482 0.0062664 0.00366005 0.0422837 0.0148313 0.0410466 0.000141953 0.0559958 -0.0169421 -0.0192688 -0.0269373 0.0487682 0.0545452 0.0203021
internal_weight=0 6852 4758 9660 6879 2649 4069 689 1995 2094 3662 519 4230 3939 2781 1553 1291 262
internal_count=16512 6852 4758 9660 6879 2649 4069 689 1995 2094 3662 519 4230 3939 2781 1553 1291 262
is_linear=0
shrinkage=0.1


Tree=15
num_leaves= 13
num_cat= 0
full_tree_array_lgbids= 0 1 5 2 8 6 -7 3 -4 9 -10 -2 -8 -2147483648 -2147483648 7 4 -2147483648 -2147483648 11 10 -2147483648 -2147483648 -2147483648 -2147483648 -2147483648 -2147483648 -2147483648 -2147483648 -2147483648 -2147483648 -1 -9 -5 -6 -2147483648 -2147483648 -2147483648 -2147483648 -3 -13 -11 -12 -2147483648 -2147483648 -2147483648 -2147483648 -2147483648 -2147483648 -2147483648 -2147483648 -2147483648 -2147483648 -2147483648 -2147483648 -2147483648 -2147483648 -2147483648 -2147483648 -2147483648 -2147483648 -2147483648 -2147483648
split_feature= 1 6 7 8 8 1 6 2 8 7 8 6
split_gain= 325.207 88.5273 98.5406 114.456 69.3504 43.4631 22.9288 12.8895 12.7214 24.1072 61.9757 24.1738
threshold= 5.0116000000000005 2.8396278889382178 38.475000000000001 -122.35499999999998 -117.145 6.8672000000000013 2.5498511575161031 46.500000000000007 -117.77499999999999 34.655000000000008 -121.56499999999998 3.442186331338819
decision_type= 2 2 2 2 2 2 2 2 2 2 2 2
left_child=1 2 3 7 -5 6 -2 -1 9 11 -11 -3
right_child=5 8 -4 4 -6 -7 -8 -9 -10 10 -12 -13
leaf_value= 0.033318024149663013 0.040684871642954361 0.010596454695836213 -0.028245981445151908 0.0069856690079587169 -0.035539557376469022 0.048291447955729948 0.01110630414284753 0.084907256573898152 -0.032788023087681466 -0.0027671582505461151 -0.039828552911849495 -0.015895691791437069
leaf_weight=284 676 1110 1142 4489 560 1040 1899 227 1129 1076 1368 1512
leaf_count=284 676 1110 1142 4489 560 1040 1899 227 1129 1076 1368 1512
model_size=1376
internal_value=0 -0.00766201 0.0011841 0.00722892 0.00226907 0.0273353 0.0188714 0.0562354 -0.0172321 -0.0137653 -0.0235118 -0.00468048
internal_weight=0 12897 6702 5560 5049 3615 2575 511 6195 5066 2444 2622
internal_count=16512 12897 6702 5560 5049 3615 2575 511 6195 5066 2444 2622
is_linear=0
shrinkage=0.1


Tree=16
num_leaves= 16
num_cat= 0
full_tree_array_lgbids= 0 3 1 10 6 2 12 -1 13 7 14 4 -4 -3 -14 -2147483648 -2147483648 -12 -15 9 8 -8 -16 5 11 -2147483648 -2147483648 -2147483648 -2147483648 -2147483648 -2147483648 -2147483648 -2147483648 -2147483648 -2147483648 -2147483648 -2147483648 -2147483648 -2147483648 -5 -11 -9 -10 -2147483648 -2147483648 -2147483648 -2147483648 -2 -7 -6 -13 -2147483648 -2147483648 -2147483648 -2147483648 -2147483648 -2147483648 -2147483648 -2147483648 -2147483648 -2147483648 -2147483648 -2147483648
split_feature= 1 1 6 6 7 8 8 7 8 6 2 8 1 7 7
split_gain= 270.476 77.706 53.989 33.9736 26.1662 31.5091 22.916 69.2245 76.3473 53.9635 6.98386 3.6067 2.18471 2.05328 1.08962
threshold= 3.8346500000000003 6.2770500000000009 3.1336552646136835 2.0231950334409352 37.935000000000009 -118.22499999999998 -117.56499999999998 34.525000000000013 -119.94499999999998 3.442186331338819 27.500000000000004 -122.40499999999999 8.7395500000000013 37.815000000000005 33.465000000000011
decision_type= 2 2 2 2 2 2 2 2 2 2 2 2 2 2 2
left_child=3 2 4 10 5 -2 7 9 -9 -5 -1 -6 -3 -12 -8
right_child=1 12 -4 6 11 -7 14 8 -10 -11 13 -13 -14 -15 -16
leaf_value= -0.0052612823612018869 0.03127028346283614 0.03093847187578835 -0.0097634779323557998 0.01669566844248908 0.026143420977482141 0.0056455172104907837 -0.018260713108520715 -0.012943226744168562 -0.051196218281200773 -0.015419398627206897 0.039744852123840248 -0.019746530966919647 0.059939325218127198 -0.01302756896033383 -0.044735636818852981
leaf_weight=542 2025 1171 1524 1631 156 1332 649 3368 832 1320 376 485 365 108 628
leaf_count=542 2025 1171 1524 1631 156 1332 649 3368 832 1320 376 485 365 108 628
model_size=1712
internal_value=0 0.0153826 0.0091387 -0.0114841 0.016344 0.0211028 -0.01415 -0.0110909 -0.020521 0.00233041 0.0104147 -0.00857831 0.03783 0.0279692 -0.0312805
internal_weight=0 7058 5522 9454 3998 3357 8428 7151 4200 2951 1026 641 1536 484 1277
internal_count=16512 7058 5522 9454 3998 3357 8428 7151 4200 2951 1026 641 1536 484 1277
is_linear=0
shrinkage=0.1


Tree=17
num_leaves= 13
num_cat= 0
full_tree_array_lgbids= 0 1 5 2 10 6 -7 11 3 -3 -12 8 -8 -2147483648 -2147483648 -1 -13 4 7 -2147483648 -2147483648 -2147483648 -2147483648 -2 9 -2147483648 -2147483648 -2147483648 -2147483648 -2147483648 -2147483648 -2147483648 -2147483648 -2147483648 -2147483648 -4 -6 -5 -9 -2147483648 -2147483648 -2147483648 -2147483648 -2147483648 -2147483648 -2147483648 -2147483648 -2147483648 -2147483648 -10 -11 -2147483648 -2147483648 -2147483648 -2147483648 -2147483648 -2147483648 -2147483648 -2147483648 -2147483648 -2147483648 -2147483648 -2147483648
split_feature= 1 7 8 8 7 1 6 7 2 4 7 7
split_gain= 215.107 45.5027 143.239 52.7365 95.9627 38.1275 28.0054 17.9915 7.96936 16.1825 1.9297 1.06507
threshold= 4.405050000000001 37.925000000000004 -122.31499999999998 -117.77499999999999 34.525000000000013 6.8672000000000013 2.9742256672023202 33.695000000000007 21.500000000000004 1.0423757776567768 39.355000000000011 37.765000000000008
decision_type= 2 2 2 2 2 2 2 2 2 2 2 2
left_child=1 2 11 4 -4 6 8 -5 -2 -10 -3 -1
right_child=5 10 3 7 -6 -7 -8 -9 9 -11 -12 -13
leaf_value= 0.037616017901208186 0.0055497014051179711 -0.017714421395264589 0.0093210098868912478 -0.011182462793724333 -0.01764705385771163 0.039350637720333627 -0.0012435465970442499 -0.039412910128264492 0.017329664032612099 0.048704886687084468 -0.041849560054449612 0.084882651400147835
leaf_weight=257 799 1785 3855 1105 2795 1040 1610 914 1032 619 530 171
leaf_count=257 799 1785 3855 1105 2795 1040 1610 914 1032 619 530 171
model_size=1376
internal_value=0 -0.00800818 -0.004132 -0.00712551 -0.00201369 0.0179195 0.0124297 -0.0239624 0.021415 0.029093 -0.02324 0.0565006
internal_weight=0 11412 9097 8669 6650 5100 4060 2019 2450 1651 2315 428
internal_count=16512 11412 9097 8669 6650 5100 4060 2019 2450 1651 2315 428
is_linear=0
shrinkage=0.1


Tree=18
num_leaves= 16
num_cat= 0
full_tree_array_lgbids= 0 6 1 7 -8 2 11 10 8 -2147483648 -2147483648 3 13 -3 -13 12 -12 9 14 -2147483648 -2147483648 -2147483648 -2147483648 5 4 -4 -15 -2147483648 -2147483648 -2147483648 -2147483648 -1 -14 -2147483648 -2147483648 -9 -11 -10 -16 -2147483648 -2147483648 -2147483648 -2147483648 -2147483648 -2147483648 -2147483648 -2147483648 -2 -7 -5 -6 -2147483648 -2147483648 -2147483648 -2147483648 -2147483648 -2147483648 -2147483648 -2147483648 -2147483648 -2147483648 -2147483648 -2147483648
split_feature= 1 6 7 8 7 7 7 8 7 8 7 3 8 8 8
split_gain= 176.525 55.0233 36.7181 50.2914 30.8177 22.7718 16.8807 40.0068 70.262 92.3751 20.4646 13.9114 12.2773 6.66503 3.67453
threshold= 3.6530500000000008 3.0089663118548242 37.925000000000004 -117.85499999999998 33.935000000000009 34.185000000000009 39.355000000000011 -121.675 35.335000000000008 -118.30499999999999 37.805000000000007 7.5573198511601065 -122.29499999999999 -122.40499999999999 -119.94499999999998
decision_type= 2 2 2 2 2 2 2 2 2 2 2 2 2 2 2
left_child=6 2 3 5 -5 -2 7 10 9 -9 12 -3 -1 -4 -10
right_child=1 11 13 4 -6 -7 -8 8 14 -11 -12 -13 -14 -15 -16
leaf_value= 0.056439181334442569 0.042930362028528665 -0.0058595727198446279 0.024686641338332444 0.010000549528102627 -0.052325538707886303 0.019844989860777571 -0.037384726797652389 0.024175465855957898 -0.022247478876608173 -0.013563284639936741 -0.0087196011282992068 0.0297725507841754 0.011679309676096743 -0.019671118682560822 -0.04581930161254627
leaf_weight=243 1508 2463 205 655 173 1930 506 1041 1328 3569 715 323 602 525 726
leaf_count=243 1508 2463 205 655 173 1930 506 1041 1328 3569 715 323 602 525 726
model_size=1712
internal_value=0 0.0116237 0.0190695 0.0235672 -0.00302169 0.0299709 -0.0103615 -0.00869881 -0.0129127 -0.00504137 0.00930202 -0.0017285 0.0245511 -0.00721449 -0.0305791
internal_weight=0 7782 4996 4266 828 3438 8730 8224 6664 4610 1560 2786 845 730 2054
internal_count=16512 7782 4996 4266 828 3438 8730 8224 6664 4610 1560 2786 845 730 2054
is_linear=0
shrinkage=0.1


Tree=19
num_leaves= 13
num_cat= 0
full_tree_array_lgbids= 0 1 6 2 7 11 -8 3 -4 9 8 -2 -13 -2147483648 -2147483648 4 5 -2147483648 -2147483648 -3 -11 10 -10 -2147483648 -2147483648 -2147483648 -2147483648 -2147483648 -2147483648 -2147483648 -2147483648 -1 -6 -5 -7 -2147483648 -2147483648 -2147483648 -2147483648 -2147483648 -2147483648 -2147483648 -2147483648 -9 -12 -2147483648 -2147483648 -2147483648 -2147483648 -2147483648 -2147483648 -2147483648 -2147483648 -2147483648 -2147483648 -2147483648 -2147483648 -2147483648 -2147483648 -2147483648 -2147483648 -2147483648 -2147483648
split_feature= 1 6 7 8 7 7 6 8 7 7 8 4
split_gain= 150.484 51.5113 52.9445 66.0927 49.362 24.2071 2.30999 1.69932 22.2176 13.5249 5.57041 0.101515
threshold= 5.5682000000000009 2.9137341371666818 37.945000000000007 -117.77499999999999 34.525000000000013 33.565000000000005 3.1424162072895592 -121.56499999999998 34.655000000000008 37.915000000000006 -117.50499999999998 1.0003353454057682
decision_type= 2 2 2 2 2 2 2 2 2 2 2 2
left_child=1 2 3 4 -1 -5 11 9 10 -3 -9 -2
right_child=6 7 -4 5 -6 -7 -8 8 -10 -11 -12 -13
leaf_value= 0.026945100956230213 0.014225954512924311 0.014435778029554839 -0.015033744058160561 0.0010135242849779594 0.0019701937384832865 -0.037376061613969107 0.007653409592406739 -0.0049831088423248036 -0.031595227112776222 -0.024818488273180041 -0.025226633898926449 0.038392464217821443
leaf_weight=2280 587 709 1945 755 2364 557 658 2856 1296 357 925 1223
leaf_count=2280 587 709 1945 755 2364 557 658 2856 1296 357 925 1223
model_size=1376
internal_value=0 -0.00429654 0.00212612 0.00772987 0.0142318 -0.0152845 0.0244492 -0.0125572 -0.0154646 0.00128965 -0.00993557 0.030555
internal_weight=0 14044 7901 5956 4644 1312 2468 6143 5077 1066 3781 1810
internal_count=16512 14044 7901 5956 4644 1312 2468 6143 5077 1066 3781 1810
is_linear=0
shrinkage=0.1


Tree=20
num_leaves= 8
num_cat= 0
full_tree_array_lgbids= 0 1 5 2 -3 6 -7 3 -4 -2147483648 -2147483648 -2 -8 -2147483648 -2147483648 -1 4 -2147483648 -2147483648 -2147483648 -2147483648 -2147483648 -2147483648 -2147483648 -2147483648 -2147483648 -2147483648 -2147483648 -2147483648 -2147483648 -2147483648 -2147483648 -2147483648 -5 -6 -2147483648 -2147483648 -2147483648 -2147483648 -2147483648 -2147483648 -2147483648 -2147483648 -2147483648 -2147483648 -2147483648 -2147483648 -2147483648 -2147483648 -2147483648 -2147483648 -2147483648 -2147483648 -2147483648 -2147483648 -2147483648 -2147483648 -2147483648 -2147483648 -2147483648 -2147483648 -2147483648 -2147483648
split_feature= 1 6 7 8 7 1 4
split_gain= 117.909 39.4047 40.6691 78.3859 39.7347 3.16765 2.78213
threshold= 5.2771000000000017 3.1336552646136835 37.915000000000006 -122.31499999999998 34.455000000000005 8.2050500000000017 1.0671403331650682
decision_type= 2 2 2 2 2 2 2
left_child=1 2 3 -1 -5 6 -2
right_child=5 -3 -4 4 -6 -7 -8
leaf_value= 0.051955702212357839 0.0097456556333749278 -0.014170203737912911 -0.014141142866506667 0.009479503505554222 -0.011227975295222735 0.041128214581767235 0.033774146752799251
leaf_weight=437 1895 4400 2281 4109 2302 487 601
leaf_count=437 1895 4400 2281 4109 2302 487 601
model_size=816
internal_value=0 -0.0043459 0.000389219 0.00522914 0.00204406 0.0197103 0.0155314
internal_weight=0 13529 9129 6848 6411 2983 2496
internal_count=16512 13529 9129 6848 6411 2983 2496
is_linear=0
shrinkage=0.1


Tree=21
num_leaves= 13
num_cat= 0
full_tree_array_lgbids= 0 7 1 8 -9 2 3 9 -10 -2147483648 -2147483648 4 -4 6 -5 11 10 -2147483648 -2147483648 -2147483648 -2147483648 -2147483648 -2147483648 -2 5 -2147483648 -2147483648 -3 -8 -2147483648 -2147483648 -1 -13 -11 -12 -2147483648 -2147483648 -2147483648 -2147483648 -2147483648 -2147483648 -2147483648 -2147483648 -2147483648 -2147483648 -2147483648 -2147483648 -2147483648 -2147483648 -6 -7 -2147483648 -2147483648 -2147483648 -2147483648 -2147483648 -2147483648 -2147483648 -2147483648 -2147483648 -2147483648 -2147483648 -2147483648
split_feature= 1 8 7 7 6 3 8 8 7 8 7 7
split_gain= 97.2294 30.6022 30.0621 21.1983 20.9653 26.6886 17.7225 8.74806 5.38971 20.1778 7.53403 6.23493
threshold= 3.6530500000000008 -117.71499999999999 37.965000000000011 33.645000000000003 2.0653737590585881 6.3652809400434434 -117.145 -116.47499999999998 39.355000000000011 -122.38499999999998 34.655000000000008 38.705000000000005
decision_type= 2 2 2 2 2 2 2 2 2 2 2 2
left_child=7 2 4 6 -2 -6 -3 8 9 11 -11 -1
right_child=1 3 -4 -5 5 -7 -8 -9 -10 10 -12 -13
leaf_value= 0.03726141838759877 0.045632944365212785 0.026742671984073842 -0.010071462363889699 -0.036664934630269368 0.0068652764842998025 0.028050035438411072 -0.020454661245328479 -0.051290452852126113 -0.030572587614000148 -0.001866175487855809 -0.01483813995678792 -0.024928796479497292
leaf_weight=368 474 388 905 427 3585 1643 360 171 506 4239 3347 99
leaf_count=368 474 388 905 427 3585 1643 360 171 506 4239 3347 99
model_size=1376
internal_value=0 0.00906838 0.0125948 -0.0107604 0.0161923 0.013523 0.00402738 -0.00808363 -0.00722041 -0.0057531 -0.0075895 0.0240776
internal_weight=0 7782 6607 1175 5702 5228 748 8730 8559 8053 7586 467
internal_count=16512 7782 6607 1175 5702 5228 748 8730 8559 8053 7586 467
is_linear=0
shrinkage=0.1


Tree=22
num_leaves= 8
num_cat= 0
full_tree_array_lgbids= 0 4 1 -1 5 2 -3 -2147483648 -2147483648 6 -7 -2 3 -2147483648 -2147483648 -2147483648 -2147483648 -2147483648 -2147483648 -6 -8 -2147483648 -2147483648 -2147483648 -2147483648 -4 -5 -2147483648 -2147483648 -2147483648 -2147483648
split_feature= 1 6 2 4 1 6 2
split_gain= 74.4827 19.1306 15.8973 16.9192 7.63745 8.63045 0.536309
threshold= 3.8346500000000003 3.1424162072895592 17.500000000000004 1.0385565016069338 1.9486000000000003 1.9322222929778572 27.500000000000004
decision_type= 2 2 2 2 2 2 2
left_child=4 2 -2 -4 -1 6 -6
right_child=1 -3 3 -5 5 -7 -8
leaf_value= -0.018763770728868093 -0.0016180280637823575 -0.0040603904198848418 0.0099950856983174029 0.030881450060343169 -0.00011627908041136283 -0.0058069807053497905 0.040566893835491738
leaf_weight=1781 1290 1883 2252 1633 330 7065 278
leaf_count=1781 1290 1883 2252 1633 330 7065 278
model_size=816
internal_value=0 0.00895514 0.013691 0.0187743 -0.00668557 -0.00388207 0.0184856
internal_weight=0 7058 5175 3885 9454 7673 608
internal_count=16512 7058 5175 3885 9454 7673 608
is_linear=0
shrinkage=0.1


Tree=23
num_leaves= 9
num_cat= 0
full_tree_array_lgbids= 0 1 -2 2 -3 -2147483648 -2147483648 3 6 -2147483648 -2147483648 -2147483648 -2147483648 -2147483648 -2147483648 4 5 -4 7 -2147483648 -2147483648 -2147483648 -2147483648 -2147483648 -2147483648 -2147483648 -2147483648 -2147483648 -2147483648 -2147483648 -2147483648 -1 -6 -5 -7 -2147483648 -2147483648 -8 -9 -2147483648 -2147483648 -2147483648 -2147483648 -2147483648 -2147483648 -2147483648 -2147483648 -2147483648 -2147483648 -2147483648 -2147483648 -2147483648 -2147483648 -2147483648 -2147483648 -2147483648 -2147483648 -2147483648 -2147483648 -2147483648 -2147483648 -2147483648 -2147483648
split_feature= 1 8 6 7 8 8 7 8
split_gain= 64.184 28.8101 32.6401 22.2163 63.1253 50.6287 3.76627 14.0181
threshold= 5.6042500000000013 -117.145 2.4469862317432325 34.455000000000005 -118.36499999999999 -119.84499999999998 33.835000000000008 -121.675
decision_type= 2 2 2 2 2 2 2 2
left_child=1 2 3 4 -1 -5 -4 -8
right_child=-2 -3 6 5 -6 -7 7 -9
leaf_value= 0.059523490559476838 0.017763786424952365 -0.024153714604236973 0.011416690209524228 0.0054194683583708644 0.0070688078839330551 -0.064230452159408633 0.0044290125828542392 -0.011087808279157656
leaf_weight=457 2406 1105 915 1909 1058 169 2159 6334
leaf_count=457 2406 1105 915 1909 1058 169 2159 6334
model_size=928
internal_value=0 -0.00302989 -0.00123451 0.00951067 0.0228918 -0.000245034 -0.00533819 -0.00714329
internal_weight=0 14106 13001 3593 1515 2078 9408 8493
internal_count=16512 14106 13001 3593 1515 2078 9408 8493
is_linear=0
shrinkage=0.1


Tree=24
num_leaves= 12
num_cat= 0
full_tree_array_lgbids= 0 1 -2 2 9 -2147483648 -2147483648 4 3 10 -11 -2147483648 -2147483648 -2147483648 -2147483648 5 7 6 8 -3 -12 -2147483648 -2147483648 -2147483648 -2147483648 -2147483648 -2147483648 -2147483648 -2147483648 -2147483648 -2147483648 -1 -7 -6 -9 -4 -8 -5 -10 -2147483648 -2147483648 -2147483648 -2147483648 -2147483648 -2147483648 -2147483648 -2147483648 -2147483648 -2147483648 -2147483648 -2147483648 -2147483648 -2147483648 -2147483648 -2147483648 -2147483648 -2147483648 -2147483648 -2147483648 -2147483648 -2147483648 -2147483648 -2147483648
split_feature= 1 8 7 8 8 7 7 7 1 7 8
split_gain= 46.9547 20.8512 39.9506 137.32 85.2553 73.9847 56.7015 15.3535 14.0917 9.3613 13.5281
threshold= 5.6042500000000013 -117.50499999999998 34.525000000000013 -119.94499999999998 -118.35499999999998 34.155000000000008 37.895000000000003 33.695000000000007 3.3627000000000002 33.915000000000006 -117.16499999999998
decision_type= 2 2 2 2 2 2 2 2 2 2 2
left_child=1 2 4 6 5 -1 -4 -6 -5 10 -3
right_child=-2 9 3 8 7 -7 -8 -9 -10 -11 -12
leaf_value= 0.070183312572685175 0.015987407725273593 0.017173872975481317 0.011384461372757351 -0.03095974996499902 0.03961572889738893 0.011820953295931472 -0.012592651203447023 -0.0025251995237647981 -0.073942642238586639 -0.036195188071550581 -0.018632005294870503
leaf_weight=471 2406 428 2941 757 242 760 2752 3821 294 620 1020
leaf_count=471 2406 428 2941 757 242 760 2752 3821 294 620 1020
model_size=1264
internal_value=0 -0.0027269 -0.000363055 -0.00687262 0.00792945 0.0341513 -0.000206091 -1.52058e-05 -0.0429835 -0.0164871 -0.0080485
internal_weight=0 14106 12038 6744 5294 1231 5693 4063 1051 2068 1448
internal_count=16512 14106 12038 6744 5294 1231 5693 4063 1051 2068 1448
is_linear=0
shrinkage=0.1


Tree=25
num_leaves= 7
num_cat= 0
full_tree_array_lgbids= 0 -1 1 -2147483648 -2147483648 5 2 -2147483648 -2147483648 -2147483648 -2147483648 -2 -7 3 -4 -2147483648 -2147483648 -2147483648 -2147483648 -2147483648 -2147483648 -2147483648 -2147483648 -2147483648 -2147483648 -2147483648 -2147483648 -3 4 -2147483648 -2147483648 -2147483648 -2147483648 -2147483648 -2147483648 -2147483648 -2147483648 -2147483648 -2147483648 -2147483648 -2147483648 -2147483648 -2147483648 -2147483648 -2147483648 -2147483648 -2147483648 -2147483648 -2147483648 -2147483648 -2147483648 -2147483648 -2147483648 -2147483648 -2147483648 -2147483648 -2147483648 -5 -6 -2147483648 -2147483648 -2147483648 -2147483648
split_feature= 1 8 7 8 8 7
split_gain= 35.1083 18.1271 42.3891 50.4796 19.0884 4.56507
threshold= 3.4883000000000002 -122.33499999999999 37.615000000000002 -122.02499999999999 -118.01499999999999 38.735000000000007
decision_type= 2 2 2 2 2 2
left_child=-1 5 3 -3 -5 -2
right_child=1 2 -4 4 -6 -7
leaf_value= -0.0062426624530574383 0.034208113564971922 0.050167776005361091 -0.015946508477972555 0.012373175223883091 -0.0053515954858873354 -0.052054005418362664
leaf_weight=8011 693 403 1438 3552 2372 43
leaf_count=8011 693 403 1438 3552 2372 43
model_size=704
internal_value=0 0.00588283 0.00367573 0.00813547 0.00527609 0.0291683
internal_weight=0 8501 7765 6327 5924 736
internal_count=16512 8501 7765 6327 5924 736
is_linear=0
shrinkage=0.1


Tree=26
num_leaves= 12
num_cat= 0
full_tree_array_lgbids= 0 1 -2 4 2 -2147483648 -2147483648 8 -6 3 5 -2147483648 -2147483648 -2147483648 -2147483648 -1 9 -2147483648 -2147483648 6 10 -4 7 -2147483648 -2147483648 -2147483648 -2147483648 -2147483648 -2147483648 -2147483648 -2147483648 -2147483648 -2147483648 -10 -11 -2147483648 -2147483648 -2147483648 -2147483648 -3 -8 -5 -12 -2147483648 -2147483648 -7 -9 -2147483648 -2147483648 -2147483648 -2147483648 -2147483648 -2147483648 -2147483648 -2147483648 -2147483648 -2147483648 -2147483648 -2147483648 -2147483648 -2147483648 -2147483648 -2147483648
split_feature= 1 8 7 8 7 8 7 1 8 7 8
split_gain= 26.6589 10.9237 80.4526 102.372 51.1127 32.3064 14.8418 13.0215 9.98059 49.6306 2.59657
threshold= 5.6851000000000012 -121.675 34.655000000000008 -118.30499999999999 38.675000000000004 -119.94499999999998 34.155000000000008 3.5488500000000003 -122.41499999999998 37.615000000000002 -116.53499999999998
decision_type= 2 2 2 2 2 2 2 2 2 2 2
left_child=1 4 3 6 8 -4 -3 -7 -1 -10 -5
right_child=-2 2 5 10 -6 7 -8 -9 9 -11 -12
leaf_value= 0.03220670505077898 0.014092424323338366 0.039763600366887017 -0.011011584536462546 -0.0045719956146850361 -0.02775163794909874 -0.029366030903651225 0.0095309507558282939 -0.075550142055416991 0.02828634000957387 -0.0087386471998014796 -0.041587793285725642
leaf_weight=728 2280 898 2163 5471 552 817 884 235 945 1323 216
leaf_count=728 2280 898 2163 5471 552 817 884 235 945 1323 216
model_size=1264
internal_value=0 -0.00225764 -0.00518791 0.00135717 0.00656622 -0.0203933 0.024766 -0.0396828 0.0128891 0.00668843 -0.00597791
internal_weight=0 14232 10684 7469 3548 3215 1782 1052 2996 2268 5687
internal_count=16512 14232 10684 7469 3548 3215 1782 1052 2996 2268 5687
is_linear=0
shrinkage=0.1


Tree=27
num_leaves= 9
num_cat= 0
full_tree_array_lgbids= 0 1 -2 2 -3 -2147483648 -2147483648 5 3 -2147483648 -2147483648 -2147483648 -2147483648 -2147483648 -2147483648 7 6 4 -5 -2147483648 -2147483648 -2147483648 -2147483648 -2147483648 -2147483648 -2147483648 -2147483648 -2147483648 -2147483648 -2147483648 -2147483648 -1 -9 -7 -8 -4 -6 -2147483648 -2147483648 -2147483648 -2147483648 -2147483648 -2147483648 -2147483648 -2147483648 -2147483648 -2147483648 -2147483648 -2147483648 -2147483648 -2147483648 -2147483648 -2147483648 -2147483648 -2147483648 -2147483648 -2147483648 -2147483648 -2147483648 -2147483648 -2147483648 -2147483648 -2147483648
split_feature= 6 7 8 7 8 7 8 8
split_gain= 22.8861 21.183 30.8057 22.972 22.9377 20.6668 166.667 37.02
threshold= 3.2358284584328918 37.945000000000007 -117.75499999999998 33.565000000000005 -117.16499999999998 34.525000000000013 -120.56499999999998 -118.36499999999999
decision_type= 2 2 2 2 2 2 2 2
left_child=1 2 5 4 -4 7 -7 -1
right_child=-2 -3 3 -5 -6 6 -8 -9
leaf_value= 0.036487387287663479 -0.0090063013887464721 -0.0089962427914809951 0.029300502174139587 -0.026750724103402481 -0.012912328357364156 0.01517737513892726 -0.038193794246030491 0.0092215060640466317
leaf_weight=1272 4438 2492 483 854 649 2843 890 2591
leaf_count=1272 4438 2492 483 854 649 2843 890 2591
model_size=928
internal_value=0 0.00331042 0.00651102 -0.00859672 0.00509898 0.010461 0.00245293 0.0181996
internal_weight=0 12074 9582 1986 1132 7596 3733 3863
internal_count=16512 12074 9582 1986 1132 7596 3733 3863
is_linear=0
shrinkage=0.1


Tree=28
num_leaves= 6
num_cat= 0
full_tree_array_lgbids= 0 1 -2 2 -3 -2147483648 -2147483648 -1 3 -2147483648 -2147483648 -2147483648 -2147483648 -2147483648 -2147483648 -2147483648 -2147483648 4 -5 -2147483648 -2147483648 -2147483648 -2147483648 -2147483648 -2147483648 -2147483648 -2147483648 -2147483648 -2147483648 -2147483648 -2147483648 -2147483648 -2147483648 -2147483648 -2147483648 -4 -6 -2147483648 -2147483648 -2147483648 -2147483648 -2147483648 -2147483648 -2147483648 -2147483648 -2147483648 -2147483648 -2147483648 -2147483648 -2147483648 -2147483648 -2147483648 -2147483648 -2147483648 -2147483648 -2147483648 -2147483648 -2147483648 -2147483648 -2147483648 -2147483648 -2147483648 -2147483648
split_feature= 3 6 2 7 8
split_gain= 15.2879 11.8518 1.93623 7.35456 7.1042
threshold= 6.3286213786213787 2.5763869593405579 21.500000000000004 37.805000000000007 -122.27499999999999
decision_type= 2 2 2 2 2
left_child=1 2 -1 4 -4
right_child=-2 -3 3 -5 -6
leaf_value= -0.0066234063932101269 0.010418853175908438 -0.0064773480300398222 0.047748475480977805 -0.0078544833855637448 0.011505496874649109
leaf_weight=1527 3135 8551 292 811 2196
leaf_count=1527 3135 8551 292 811 2196
model_size=592
internal_value=0 -0.00244174 0.00470881 0.00995412 0.0157591
internal_weight=0 13377 4826 3299 2488
internal_count=16512 13377 4826 3299 2488
is_linear=0
shrinkage=0.1


Tree=29
num_leaves= 4
num_cat= 0
full_tree_array_lgbids= 0 -1 1 -2147483648 -2147483648 -2 2 -2147483648 -2147483648 -2147483648 -2147483648 -2147483648 -2147483648 -3 -4
split_feature= 4 1 2
split_gain= 9.87654 13.4058 2.12759
threshold= 0.99160544721033084 2.7820000000000005 51.500000000000007
decision_type= 2 2 2
left_child=-1 -2 -3
right_child=1 2 -4
leaf_value= -0.00999240352641605 -0.0055399778813087948 0.0046063124564607134 0.027948703179013379
leaf_weight=3014 4471 8457 570
leaf_count=3014 4471 8457 570
model_size=368
internal_value=0 0.00223123 0.00608024
internal_weight=0 13498 9027
internal_count=16512 13498 9027
is_linear=0
shrinkage=0.1


end of trees

feature_importances:
Column_7=121
Column_1=106
Column_8=104
Column_6=87
Column_2=60
Column_3=19
Column_4=10
Column_5=8

parameters:
[boosting: gbdt]
[objective: regression]
[metric: rmse]
[tree_learner: serial]
[device_type: cpu]
[data_sample_strategy: bagging]
[data: data/california_housing.libsvm.train]
[valid: data/california_housing.libsvm.test]
[num_iterations: 30]
[learning_rate: 0.1]
[num_leaves: 255]
[num_threads: 0]
[seed: 42]
[deterministic: 0]
[force_col_wise: 0]
[force_row_wise: 0]
[histogram_pool_size: -1]
[max_depth: 5]
[min_data_in_leaf: 10]
[min_sum_hessian_in_leaf: 0.001]
[bagging_fraction: 1]
[pos_bagging_fraction: 1]
[neg_bagging_fraction: 1]
[bagging_freq: 0]
[bagging_seed: 400]
[feature_fraction: 1]
[feature_fraction_bynode: 1]
[feature_fraction_seed: 30056]
[extra_trees: 0]
[extra_seed: 12879]
[early_stopping_round: 0]
[early_stopping_min_delta: 0]
[first_metric_only: 0]
[max_delta_step: 0]
[lambda_l1: 0]
[lambda_l2: 0]
[linear_lambda: 0]
[min_gain_to_split: 0]
[drop_rate: 0.1]
[max_drop: 50]
[skip_drop: 0.5]
[xgboost_dart_mode: 0]
[uniform_drop: 0]
[drop_seed: 17869]
[top_rate: 0.2]
[other_rate: 0.1]
[min_data_per_group: 100]
[max_cat_threshold: 32]
[cat_l2: 10]
[cat_smooth: 10]
[max_cat_to_onehot: 4]
[top_k: 20]
[monotone_constraints: ]
[monotone_constraints_method: basic]
[monotone_penalty: 0]
[feature_contri: ]
[forcedsplits_filename: ]
[refit_decay_rate: 0.9]
[tinygbdt_penalty_feature: 0.25]
[tinygbdt_penalty_split: 0.03125]
[tinygbdt_forestsize: 64000]
[tinygbdt_precision: 7]
[cegb_tradeoff: 1]
[cegb_penalty_split: 0]
[cegb_penalty_feature_lazy: ]
[cegb_penalty_feature_coupled: ]
[path_smooth: 0]
[interaction_constraints: ]
[verbosity: 2]
[saved_feature_importance_type: 0]
[use_quantized_grad: 0]
[num_grad_quant_bins: 4]
[quant_train_renew_leaf: 0]
[stochastic_rounding: 1]
[linear_tree: 0]
[max_bin: 255]
[max_bin_by_feature: ]
[min_data_in_bin: 3]
[bin_construct_sample_cnt: 200000]
[data_random_seed: 175]
[is_enable_sparse: 1]
[enable_bundle: 1]
[use_missing: 1]
[zero_as_missing: 0]
[feature_pre_filter: 1]
[pre_partition: 0]
[two_round: 0]
[header: 0]
[label_column: ]
[weight_column: ]
[group_column: ]
[ignore_column: ]
[categorical_feature: ]
[forcedbins_filename: ]
[precise_float_parser: 0]
[parser_config_file: ]
[objective_seed: 16083]
[num_class: 1]
[is_unbalance: 0]
[scale_pos_weight: 1]
[sigmoid: 1]
[boost_from_average: 1]
[reg_sqrt: 0]
[alpha: 0.9]
[fair_c: 1]
[poisson_max_delta_step: 0.7]
[tweedie_variance_power: 1.5]
[lambdarank_truncation_level: 30]
[lambdarank_norm: 1]
[label_gain: ]
[lambdarank_position_bias_regularization: 0]
[eval_at: ]
[multi_error_top_k: 1]
[auc_mu_weights: ]
[num_machines: 1]
[local_listen_port: 12400]
[time_out: 120]
[machine_list_filename: ]
[machines: ]
[gpu_platform_id: -1]
[gpu_device_id: -1]
[gpu_use_dp: 0]
[num_gpu: 1]

end of parameters
