tree
version=v4
num_class=1
num_tree_per_iteration=1
label_index=0
max_feature_idx=7
objective=regression
feature_names=Column_0 Column_1 Column_2 Column_3 Column_4 Column_5 Column_6 Column_7
feature_infos=[-1.570595979690552:1.570752859115601] [-1.570681214332581:1.5706571340560909] [-1.5706690549850459:1.5707360506057739] [-1.5702953338623051:1.5700980424880981] [-1.570364356040955:1.570599317550659] [-1.5702542066574101:1.5705970525741582] [-1.570304274559021:1.5705224275588989] [-1.5689036846160889:1.570236444473267]
tree_sizes=3084 3129 2863 2503 2510 2083 2285 1651 942 1999 800 1206 1376 1507 810 928 1375 671 668 1446 1662 1375 378 660 664 379 379

Tree=0
num_leaves= 32
num_cat= 0
full_tree_array_lgbids= 0 1 3 4 2 7 8 12 21 5 14 26 9 16 13 23 20 24 28 11 6 17 15 27 29 25 10 19 30 18 22 -1 -25 -14 -22 -6 -26 -23 -30 -3 -13 -7 -8 -4 -19 -16 -17 -2 -29 -28 -31 -9 -27 -11 -12 -5 -21 -18 -32 -10 -20 -15 -24
split_feature= 2 4 2 2 2 6 5 4 6 3 5 1 1 3 6 5 0 5 5 5 6 4 5 5 5 0 5 3 0 0 1
split_gain= 107.402 23.2197 8.61703 5.41448 4.35221 3.97479 7.48851 3.15897 2.83205 2.55482 4.83263 2.30391 2.23363 2.07213 1.48669 2.05861 1.36763 1.15639 1.14679 1.13859 1.11003 0.946927 0.787552 0.745247 0.675825 0.640145 0.528525 0.660716 0.365709 0.262101 0.0234202
threshold= 0.22240778803825376 -0.13487913459539411 -0.33504875004291529 0.831111639738083 -0.35692687332630152 1.0996640324592593 0.17076345533132556 -0.62264147400856007 0.23248040676116946 0.33348274230957037 -0.081027176231145845 -0.063510026782751069 -0.028266851790249341 0.047571904957294471 1.0996640324592593 -0.12362807989120483 0.48065467178821569 -1.3099576830863946 0.20172023028135302 0.90692374110221874 -1.1232284307479858 -0.9847588539123534 -0.88524380326271046 -0.84710562229156483 -0.89637285470962513 0.39113223552703863 -1.1129922270774844 -0.71507582068443287 0.62239006161689769 -0.26234114170074457 1.1314366459846499
decision_type= 2 2 2 2 2 2 2 2 2 2 2 2 2 2 2 2 2 2 2 2 2 2 2 2 2 2 2 2 2 2 2
left_child=1 4 5 7 12 11 -7 26 16 25 -11 -3 23 18 17 -16 19 -4 -10 -5 -14 24 -15 -1 -6 -9 27 -2 -23 -28 -18
right_child=3 2 14 8 21 6 -8 9 13 10 -12 -13 20 22 15 -17 30 -19 -20 -21 -22 28 -24 -25 -26 -27 29 -29 -30 -31 -32
leaf_value= 0.73410158763111721 0.68773465269904643 0.74576312192184147 0.71148853979584525 0.70572838207060729 0.71756021215053434 0.74459648144746271 0.70659498379572372 0.71618172766164567 0.70303461463790828 0.71463083717014075 0.69125707693110128 0.73621397801554389 0.72842719100532405 0.69636384723984901 0.72703529746200657 0.69548876485623845 0.69296731328049199 0.7280717060389289 0.68891320468961492 0.69321169944280825 0.71452330681801779 0.71745049404777961 0.68240325179970052 0.72375521021605105 0.7012707417551246 0.70808431163410079 0.70092590049137526 0.71675801006650219 0.70737397464394569 0.69204981261754484 0.70313676912358825
leaf_weight=124 17 546 60 476 48 107 108 344 185 170 209 586 86 71 48 47 266 464 120 115 482 215 266 461 182 241 126 41 101 204 37
leaf_count=124 17 546 60 476 48 107 108 344 185 170 209 586 86 71 48 47 266 464 120 115 482 215 266 461 182 241 126 41 101 204 37
model_size=3504
internal_value=0.715004 0.726381 0.733821 0.700565 0.717773 0.738376 0.725507 0.705287 0.696409 0.70848 0.701741 0.74082 0.721357 0.691109 0.72391 0.711428 0.700214 0.726173 0.697479 0.703293 0.716628 0.710203 0.685345 0.725948 0.70467 0.712846 0.697354 0.708251 0.71423 0.695439 0.694209
internal_weight=0 3665 1966 2888 1699 1347 215 1352 1536 964 379 1132 1153 642 619 95 894 524 305 591 568 546 337 585 230 585 388 58 316 330 303
internal_count=6553 3665 1966 2888 1699 1347 215 1352 1536 964 379 1132 1153 642 619 95 894 524 305 591 568 546 337 585 230 585 388 58 316 330 303
is_linear=0
shrinkage=1


Tree=1
num_leaves= 31
num_cat= 0
full_tree_array_lgbids= 0 1 3 6 2 10 7 14 24 4 18 15 11 17 8 21 16 28 25 9 5 22 19 29 26 27 12 23 -19 20 13 -1 -23 -16 -18 -8 -30 -26 -27 -3 -11 -6 -7 -4 -24 -20 -21 -2 -31 -17 -28 -12 -29 -13 -14 -5 -25 -2147483648 -2147483648 -9 -22 -10 -15
split_feature= 2 4 2 2 5 6 2 6 3 4 6 3 5 5 0 4 5 0 6 3 5 4 5 5 6 3 3 7 3 5
split_gain= 86.7061 18.5757 6.92181 4.23108 3.25732 7.59039 3.01065 2.52301 3.50561 1.91062 1.5821 3.26253 1.75082 1.55256 1.54532 1.26439 1.17138 1.0178 0.915259 2.25771 0.738763 0.695657 0.61373 0.601429 0.588802 0.818395 0.347805 0.305145 0.231618 0.186988
threshold= 0.22240778803825376 -0.25070770084857935 -0.36874486505985254 0.6500774919986726 0.65354096889495861 0.42225234210491186 -0.35692687332630152 -0.08627330511808394 0.047571904957294471 0.56924891471862804 0.56632831692695629 -0.19819757342338556 -0.85936468839645375 -0.6967884600162505 -0.28396070003509516 -0.60982060432434071 -0.78617820143699635 0.46820004284381872 1.0996640324592593 0.2989127933979035 0.20172023028135302 -0.70120677351951588 -1.3099576830863946 1.1980468630790713 -0.5871194303035735 0.31131325662136083 -1.3288813829421993 -0.63094553351402272 -0.083273753523826585 -1.2652705907821657
decision_type= 2 2 2 2 2 2 2 2 2 2 2 2 2 2 2 2 2 2 2 2 2 2 2 2 2 2 2 2 2 2
left_child=1 6 4 10 9 -6 14 17 20 -3 15 27 -13 -10 21 29 -16 23 22 -20 -9 -1 -4 -5 28 -26 -17 -12 -8 -2
right_child=3 2 18 7 5 -7 24 8 13 -11 11 12 -14 -15 16 26 -18 -19 19 -21 -22 -23 -24 -25 25 -27 -28 -29 -30 -31
leaf_value= 0.0064048114387390892 0.0047690336550162598 0.018401884147157314 -0.0025824752571777659 -0.0072116253591254249 0.024228242724984739 -0.0038281592378002962 -0.0052863421868784609 -0.0090822424219204612 -0.015188452361021624 0.028559743669367511 -0.012610995485738387 -0.0026173696110143941 -0.027659330331953242 -0.029913683519367885 0.010695058201733781 -0.014406983261661871 -0.0014988054723201229 -0.017397048777971515 0.010989642429922243 -0.021829866270788693 -0.019210110583017529 0.017395698757900393 0.011593666287685819 -0.020442068344079117 -0.002810194263516818 -0.015567297490148728 0.00088576625774712439 0.0054703559466214831 0.0092102781215754274 -0.014665668351728023
leaf_weight=283 22 409 65 538 256 172 74 289 129 549 36 47 160 366 152 42 473 317 64 44 212 160 534 75 208 144 409 87 78 159
leaf_count=283 22 409 65 538 256 172 74 289 129 549 36 47 160 366 152 42 473 317 64 44 212 160 534 75 208 144 409 87 78 159
model_size=3392
internal_value=0 0.0102399 0.016491 -0.0129949 0.0207429 0.0129532 0.00191704 -0.015853 -0.0196838 0.024223 -0.00727268 -0.0137169 -0.0219735 -0.0260762 0.0051616 -0.00390781 0.00146674 -0.0117504 0.00815556 -0.00238127 -0.0133679 0.0103744 0.0100554 -0.00883036 -0.00495833 -0.00802901 -0.000538392 0.000178253 0.00215271 -0.0123034
internal_weight=0 3665 2093 2888 1386 428 1572 1926 996 958 962 330 207 495 1068 632 625 930 707 108 501 443 599 613 504 352 451 123 152 181
internal_count=6553 3665 2093 2888 1386 428 1572 1926 996 958 962 330 207 495 1068 632 625 930 707 108 501 443 599 613 504 352 451 123 152 181
is_linear=0
shrinkage=0.1


Tree=2
num_leaves= 27
num_cat= 0
full_tree_array_lgbids= 0 1 2 6 3 8 7 23 12 4 17 16 9 14 18 -1 -25 13 15 11 5 21 20 22 -18 24 10 -4 19 25 -20 -2147483648 -2147483648 -2147483648 -2147483648 -8 -15 -14 -17 -3 -13 -6 -7 -5 -23 -19 -22 -2 -24 -2147483648 -2147483648 -10 -26 -11 -12 -2147483648 -2147483648 -16 -21 -9 -27 -2147483648 -2147483648
split_feature= 2 4 2 2 6 5 1 6 6 3 5 0 5 6 7 4 4 0 3 5 5 6 4 2 7 2
split_gain= 70.135 15.2746 5.06474 3.53997 2.22751 6.8112 1.92368 1.73359 1.60679 3.48864 2.08785 1.57416 1.24548 2.78817 1.1512 0.902208 0.863844 0.731988 0.692274 0.346653 0.204001 0.144212 0.140397 0.118645 0.0431435 0.0182146
threshold= 0.11063466221094136 -0.13487913459539411 0.60325127840042125 -0.52795374393463124 0.63653609156608593 0.14603263139724734 -0.79297658801078785 0.81695055961608898 0.56632831692695629 -0.19819757342338556 -0.78617820143699635 0.065077152103185668 -0.77255976200103749 -0.26590463519096369 -1.1476808190345762 -0.81808331608772267 0.5883547067642213 0.20387880504131317 0.062065752223134048 0.67661032080650341 0.59622937440872203 0.20021943747997281 -1.2761357426643369 -1.1717493534088133 -0.76058852672576893 1.1354576945304873
decision_type= 2 2 2 2 2 2 2 2 2 2 2 2 2 2 2 2 2 2 2 2 2 2 2 2 2 2
left_child=1 6 8 4 11 -6 23 14 16 24 -11 -3 13 -8 -4 -14 22 21 25 -16 -19 -5 -2 -1 -10 -9
right_child=2 3 7 17 5 -7 12 18 9 10 -12 -13 15 -15 19 -17 -18 20 -20 -21 -22 -23 -24 -25 -26 -27
leaf_value= 0.018411708984870552 -0.016206899711922292 0.028960287409106222 -0.021547329730016832 0.018224033945757428 0.026214966212298619 -0.003368417516290008 0.018224722003695498 -0.0097139675929469801 -0.010893442953061877 0.00082371252905225989 -0.025365526538213168 0.018093400045802708 -0.0059967740628944369 -0.0032983218315236554 -0.0090429754098003898 0.0026325041334381077 0.0051254391605997911 0.0085497243181025875 -0.025488535839868418 -0.015306769323396278 -0.0039639478116187945 0.0085817741568288992 -0.0033186578847375428 0.0072193442497518849 0.0067037457863556305 -0.021762016522956808
leaf_weight=86 62 390 187 232 185 161 149 135 33 53 184 388 490 156 974 402 232 218 252 392 86 168 423 320 105 90
leaf_count=86 62 390 187 232 185 161 149 135 33 53 184 388 490 156 974 402 232 218 252 392 86 168 423 320 105 90
model_size=2944
internal_value=0 0.00991817 -0.0108998 0.0163101 0.0201265 0.0124493 0.00262906 -0.0140545 -0.00503545 -0.0114112 -0.0195089 0.0235408 0.000267997 0.00721621 -0.0121297 -0.00210779 -0.00170086 0.0102168 -0.0203209 -0.0108405 0.00500967 0.0141743 -0.00496623 0.00959014 0.00249572 -0.0145332
internal_weight=0 3431 3122 1828 1124 346 1603 2030 1092 375 237 778 1197 305 1553 892 717 704 477 1366 304 400 485 406 138 225
internal_count=6553 3431 3122 1828 1124 346 1603 2030 1092 375 237 778 1197 305 1553 892 717 704 477 1366 304 400 485 406 138 225
is_linear=0
shrinkage=0.1


Tree=3
num_leaves= 22
num_cat= 0
full_tree_array_lgbids= 0 1 3 5 2 6 12 16 10 4 14 -2 7 -5 13 -1 -18 11 17 19 9 18 15 -2147483648 -2147483648 -8 8 -2147483648 -2147483648 -14 20 -2147483648 -2147483648 -2147483648 -2147483648 -7 -13 -12 -19 -3 -21 -6 -11 -4 -20 -16 -17 -2147483648 -2147483648 -2147483648 -2147483648 -2147483648 -2147483648 -9 -10 -2147483648 -2147483648 -2147483648 -2147483648 -2147483648 -2147483648 -15 -22
split_feature= 2 4 2 2 1 0 4 3 5 6 6 5 6 5 3 6 1 4 5 4 3
split_gain= 56.6372 11.7606 4.24037 2.52675 1.69559 1.57029 1.31216 1.10553 3.19793 0.823581 0.74856 1.08788 0.651146 0.773488 0.578199 2.18904 0.497272 0.305819 0.299843 0.249085 0.15106
threshold= 0.22240778803825376 -0.27586798369884485 -0.52795374393463124 0.89601022005081188 -0.4492183774709701 -0.15831713378429405 -0.62264147400856007 0.41326110064983373 0.37919975817203527 0.88111311197280895 -0.99024060368537892 0.029261186718940738 -0.10207844525575639 -0.41172227263450617 0.9665420949459077 0.16434586793184283 -0.028266851790249341 -1.2761357426643369 -1.2532984614372251 0.73437872529029857 -0.49994552135467524
decision_type= 2 2 2 2 2 2 2 2 2 2 2 2 2 2 2 2 2 2 2 2 2
left_child=1 5 4 6 19 16 -2 -8 -9 -6 11 -7 -5 -14 18 -16 -1 -12 -4 -3 -15
right_child=3 2 14 12 9 10 7 8 -10 -11 17 -13 13 20 15 -17 -18 -19 -20 -21 -22
leaf_value= 0.010080160425718783 -0.013252922068932095 0.019032471270158724 -0.0008404561834336789 -0.010608105626826984 0.016623810036511522 0.016769318511813052 -0.0013510299421349457 -0.0020820873445176157 -0.023016314446039573 0.0052824023860773388 -0.012541499936714107 -0.0056037238063864825 -0.010976517251487274 -0.014155143895410361 0.012219723278188066 -0.016351580647879269 0.0011268913015297169 -0.0022084776097092812 0.011039878655509214 0.029498928088866467 -0.02443206557421566
leaf_weight=364 430 230 102 671 623 90 660 236 156 172 149 73 272 156 81 73 341 518 653 196 307
leaf_count=364 430 230 102 671 623 90 660 236 156 172 149 73 272 156 81 73 341 518 653 196 307
model_size=2384
internal_value=0 0.00831783 0.013307 -0.0105557 0.0175467 0.00139475 -0.00720132 -0.00472775 -0.0104131 0.0141701 -0.00230423 0.00674949 -0.0140914 -0.0172714 0.00761215 -0.00132382 0.00574957 -0.00451675 0.00943485 0.023848 -0.0209694
internal_weight=0 3665 2130 2888 1221 1535 1482 1052 392 795 830 163 1406 735 909 154 705 667 755 426 463
internal_count=6553 3665 2130 2888 1221 1535 1482 1052 392 795 830 163 1406 735 909 154 705 667 755 426 463
is_linear=0
shrinkage=0.1


Tree=4
num_leaves= 22
num_cat= 0
full_tree_array_lgbids= 0 1 2 8 3 12 10 15 -10 5 4 19 13 17 11 -1 16 -2147483648 -2147483648 6 9 -5 7 -2 -21 -14 14 -4 18 -12 20 -2147483648 -2147483648 -17 -18 -2147483648 -2147483648 -2147483648 -2147483648 -3 -8 -7 -11 -2147483648 -2147483648 -6 -9 -2147483648 -2147483648 -2147483648 -2147483648 -2147483648 -2147483648 -15 -16 -2147483648 -2147483648 -19 -20 -2147483648 -2147483648 -13 -22
split_feature= 2 4 2 5 6 6 5 7 2 4 6 3 6 3 5 1 0 7 0 4 5
split_gain= 45.9013 9.64299 2.8314 2.17455 9.10028 2.93058 2.97429 1.92896 1.35049 1.18626 1.07989 0.869235 0.729544 2.0141 1.06459 0.50095 0.437595 0.217611 0.11305 0.0530802 0.0323491
threshold= 0.11063466221094136 -0.13487913459539411 0.52685046195983898 0.65354096889495861 -0.08627330511808394 -1.1006352305412288 -0.63327881693840016 0.13482514768838882 -0.35692687332630152 0.66168963909149181 0.51476114988327037 0.062065752223134048 0.40036414563655859 -0.17713720351457593 -0.25795789062976832 -1.1175977587699888 -0.28396070003509516 -1.1476808190345762 0.31741669774055487 0.5883547067642213 -0.88524380326271046
decision_type= 2 2 2 2 2 2 2 2 2 2 2 2 2 2 2 2 2 2 2 2 2
left_child=1 8 12 5 -5 6 -3 -6 15 -7 17 -12 19 -14 -15 -1 -17 -4 -19 -2 -13
right_child=2 3 10 4 7 9 -8 -9 -10 -11 11 20 13 14 -16 16 -18 18 -20 -21 -22
leaf_value= 0.013604489414227065 -0.0029227224643993675 -0.013304405723330241 -0.016868549769367545 0.022204444132512435 -0.014252176028717908 0.013229580556532665 0.015474339196641399 0.0057829424490297874 -0.0040768348529883142 0.022373767287500689 -0.010167266323676151 -0.010160168209226758 0.0023601467708663257 -0.0028698077836594028 -0.02358621120703748 0.0076242124724884763 -0.000318288712905424 -0.0052789395711538914 -0.011451767383686001 0.0067881556406350326 -0.023236211375001856
leaf_weight=163 364 86 180 239 168 475 112 133 450 615 352 82 149 77 142 418 572 758 538 178 302
leaf_count=163 364 86 180 239 168 475 112 133 450 615 352 82 149 77 142 418 572 758 538 178 302
model_size=2384
internal_value=0 0.00807412 -0.00887326 0.0133011 0.00681783 0.0160193 0.00297448 -0.00539945 0.00211342 0.0183889 -0.0111339 -0.015529 -0.00337817 -0.00874607 -0.0163024 0.00452939 0.00303521 -0.00894229 -0.00784143 0.000266459 -0.0204439
internal_weight=0 3431 3122 1828 540 1288 198 301 1603 1090 2212 736 910 368 219 1153 990 1476 1296 542 384
internal_count=6553 3431 3122 1828 540 1288 198 301 1603 1090 2212 736 910 368 219 1153 990 1476 1296 542 384
is_linear=0
shrinkage=0.1


Tree=5
num_leaves= 16
num_cat= 0
full_tree_array_lgbids= 0 1 2 8 3 6 14 12 -10 5 4 -2 9 -4 -16 -1 -14 -2147483648 -2147483648 7 13 11 -6 -2147483648 -2147483648 -8 10 -2147483648 -2147483648 -2147483648 -2147483648 -2147483648 -2147483648 -2147483648 -2147483648 -2147483648 -2147483648 -2147483648 -2147483648 -3 -9 -7 -15 -5 -13 -2147483648 -2147483648 -2147483648 -2147483648 -2147483648 -2147483648 -2147483648 -2147483648 -11 -12 -2147483648 -2147483648 -2147483648 -2147483648 -2147483648 -2147483648 -2147483648 -2147483648
split_feature= 2 4 2 6 5 2 4 4 2 5 3 7 1 0 3
split_gain= 36.8522 7.48301 2.12824 1.85372 3.8564 1.44747 1.04054 0.905389 0.766084 0.747163 1.68348 0.451498 0.227171 0.123511 0.0810408
threshold= 0.11063466221094136 -0.13487913459539411 0.88075530529022228 1.0996640324592593 0.17076345533132556 -0.73440709710121144 -0.62264147400856007 0.89232283830642711 -0.35692687332630152 0.8343319594860078 -0.083273753523826585 -0.72775903344154347 -0.028266851790249341 0.31741669774055487 0.46739728748798381
decision_type= 2 2 2 2 2 2 2 2 2 2 2 2 2 2 2
left_child=1 8 6 5 11 7 -2 -3 12 -8 -11 -5 -1 -7 -4
right_child=2 3 14 4 -6 13 9 -9 -10 10 -12 -13 -14 -15 -16
leaf_value= 0.0075279657372659577 -0.010704547412748708 0.013571813916968746 -0.0093800227382970988 -0.0023956038965246619 -0.011049841519603174 0.013102728415616058 -0.00039233376162032093 0.024304629813776922 -0.0036691513359384978 0.00093154279081542318 -0.018737958604759127 0.021323701422002201 0.00052164156735619749 0.0048139959009746037 -0.015634035600411079
leaf_weight=585 485 441 942 39 140 465 906 308 450 138 161 113 568 322 490
leaf_count=585 485 441 942 39 140 465 906 308 450 138 161 113 568 322 490
model_size=1712
internal_value=0 0.00726671 -0.00798593 0.011971 0.00263415 0.013746 -0.00499137 0.0179853 0.00190208 -0.00269188 -0.00965973 0.0152378 0.00407645 0.0097114 -0.01152
internal_weight=0 3431 3122 1828 292 1536 1690 749 1603 1205 299 152 1153 787 1432
internal_count=6553 3431 3122 1828 292 1536 1690 749 1603 1205 299 152 1153 787 1432
is_linear=0
shrinkage=0.1


Tree=6
num_leaves= 19
num_cat= 0
full_tree_array_lgbids= 0 1 7 6 2 13 8 11 -8 4 3 14 -15 -9 9 -1 -13 -2147483648 -2147483648 5 12 -4 10 17 15 -2147483648 -2147483648 -2147483648 -2147483648 16 -11 -2147483648 -2147483648 -2147483648 -2147483648 -2147483648 -2147483648 -2147483648 -2147483648 -3 -7 -6 -14 -2147483648 -2147483648 -5 -12 -2 -19 -16 -17 -2147483648 -2147483648 -2147483648 -2147483648 -2147483648 -2147483648 -2147483648 -2147483648 -10 -18 -2147483648 -2147483648
split_feature= 2 4 5 6 6 5 2 6 3 5 7 4 2 0 5 3 7 2
split_gain= 29.6954 6.14826 1.83472 7.41915 2.18009 3.06466 1.5441 1.21958 1.31865 1.25734 1.02681 0.621338 0.553299 0.42103 0.358513 0.391185 0.26938 0.144034
threshold= 0.22240778803825376 0.29228626191616064 0.65354096889495861 0.16434586793184283 -0.89988881349563588 -0.62291163206100453 -0.35692687332630152 0.48795536160469061 -0.68933159112930287 -0.78617820143699635 0.13482514768838882 -0.70120677351951588 -0.52795374393463124 0.79292166233062755 1.2487433552742007 -0.27326881885528559 -0.51510864496231068 0.70152944326400768
decision_type= 2 2 2 2 2 2 2 2 2 2 2 2 2 2 2 2 2 2
left_child=1 6 4 -4 5 -3 11 13 -9 16 -5 -1 -6 14 17 -16 -10 -2
right_child=7 2 3 10 12 -7 -8 8 9 -11 -12 -13 -14 -15 15 -17 -18 -19
leaf_value= 0.0010810652928989676 0.0018652263628819673 -0.013255681879008593 0.018600948448229699 -0.017777472849808296 0.021549559930412968 0.015199832295047601 -0.0028387997288022732 -0.0033481997723403809 -0.017921524606645107 -0.018046275897045348 0.0026564623982189822 0.0083033547856026235 0.0121674534750176 -0.010728756666332682 -0.0012027606169795037 -0.022397874264667432 0.0024934229859069966 -0.0051886448506656066
leaf_weight=695 451 92 221 132 464 128 704 269 55 566 94 761 374 481 64 90 115 797
leaf_count=695 451 92 221 132 464 128 704 269 55 566 94 761 374 481 64 90 115 797
model_size=2048
internal_value=0 0.0061013 0.0114881 0.00450535 0.0144383 0.00330025 0.002348 -0.00774281 -0.011755 -0.0148276 -0.0092784 0.0048559 0.0173623 -0.00560141 -0.00384231 -0.0135895 -0.00411141 -0.00263953
internal_weight=0 3665 1505 447 1058 220 2160 2888 1005 736 226 1456 838 1883 1402 154 170 1248
internal_count=6553 3665 1505 447 1058 220 2160 2888 1005 736 226 1456 838 1883 1402 154 170 1248
is_linear=0
shrinkage=0.1


Tree=7
num_leaves= 10
num_cat= 0
full_tree_array_lgbids= 0 1 3 6 2 -2 5 7 -8 4 -4 -2147483648 -2147483648 -5 -7 -1 -9 -2147483648 -2147483648 8 -6 -2147483648 -2147483648 -2147483648 -2147483648 -2147483648 -2147483648 -2147483648 -2147483648 -2147483648 -2147483648 -2147483648 -2147483648 -2147483648 -2147483648 -2147483648 -2147483648 -2147483648 -2147483648 -3 -10 -2147483648 -2147483648 -2147483648 -2147483648 -2147483648 -2147483648 -2147483648 -2147483648 -2147483648 -2147483648 -2147483648 -2147483648 -2147483648 -2147483648 -2147483648 -2147483648 -2147483648 -2147483648 -2147483648 -2147483648 -2147483648 -2147483648
split_feature= 2 4 0 2 1 7 5 6 2
split_gain= 23.721 4.66484 1.37822 1.0646 0.551916 0.535721 0.490363 1.46866 0.0122788
threshold= 0.11063466221094136 -0.47479055821895594 0.53016069531440746 0.47420810163021093 -0.051532631739974015 -1.2809419631958008 -0.95036792755126931 -0.30622373521327967 -0.36874486505985254
decision_type= 2 2 2 2 2 2 2 2 2
left_child=1 6 4 -2 8 -5 7 -1 -3
right_child=3 2 -4 5 -6 -7 -8 -9 -10
leaf_value= 0.02118739729013407 -0.0016436426815105221 0.018020483309552318 0.0040709226622475617 -0.017089218528309615 0.0079408503745536513 -0.0071874822224606829 -0.001694283568318638 -0.0011483008324093846 0.0083363633678858583
leaf_weight=99 780 514 749 216 743 2126 978 137 211
leaf_count=99 780 514 749 216 743 2126 978 137 211
model_size=1040
internal_value=0 0.00590321 0.00900797 -0.00648748 0.0115269 -0.00810071 0.0002333 0.00822134 0.0152021
internal_weight=0 3431 2217 3122 1468 2342 1214 236 725
internal_count=6553 3431 2217 3122 1468 2342 1214 236 725
is_linear=0
shrinkage=0.1


Tree=8
num_leaves= 8
num_cat= 0
full_tree_array_lgbids= 0 1 2 5 3 4 6 -1 -7 -3 -5 -2 -6 -4 -8
split_feature= 2 4 2 1 0 4 7
split_gain= 19.4075 3.43287 2.4848 0.442892 0.346205 0.247875 0.212227
threshold= -0.24277038127183911 0.56924891471862804 0.4504156112670899 -0.051532631739974015 0.34253489971160894 -0.77998724579811085 -1.1476808190345762
decision_type= 2 2 2 2 2 2 2
left_child=1 5 4 -3 -2 -1 -4
right_child=2 3 6 -5 -6 -7 -8
leaf_value= -5.1770265493211699e-05 0.0023389062942463677 0.01796502384652738 -0.013877621226843244 0.0086386346423671361 -0.0047867499870035291 0.0062007648938352897 -0.0061766149156169004
leaf_weight=705 849 397 324 479 606 1123 2070
leaf_count=705 849 397 324 479 606 1123 2070
model_size=816
internal_value=0 0.00672965 -0.00472772 0.0128653 -0.000628893 0.00378937 -0.00721886
internal_weight=0 2704 3849 876 1455 1828 2394
internal_count=6553 2704 3849 876 1455 1828 2394
is_linear=0
shrinkage=0.1


Tree=9
num_leaves= 15
num_cat= 0
full_tree_array_lgbids= 0 1 2 13 8 3 -4 -1 -15 -3 10 6 4 -2147483648 -2147483648 -2147483648 -2147483648 -2147483648 -2147483648 -2147483648 -2147483648 12 11 7 9 -5 5 -2147483648 -2147483648 -2147483648 -2147483648 -2147483648 -2147483648 -2147483648 -2147483648 -2147483648 -2147483648 -2147483648 -2147483648 -2147483648 -2147483648 -2147483648 -2147483648 -10 -14 -12 -13 -2 -9 -8 -11 -2147483648 -2147483648 -6 -7 -2147483648 -2147483648 -2147483648 -2147483648 -2147483648 -2147483648 -2147483648 -2147483648
split_feature= 2 4 2 5 3 6 3 6 1 0 6 5 5 0
split_gain= 15.4132 2.82665 1.62206 0.511639 4.45991 2.44658 1.11201 1.93897 0.201087 0.136657 0.0585123 4.4619 2.15985 0.00653021
threshold= -0.21647498756647107 0.56924891471862804 0.70152944326400768 0.12283720821142197 0.26035444438457495 -0.50634643435478199 -1.1720492243766782 1.0000000180025095e-35 -1.3718686103820799 -0.11098424345254898 0.43236374855041509 0.25088015198707586 -1.0830603837966917 0.24408297240734103
decision_type= 2 2 2 2 2 2 2 2 2 2 2 2 2 2
left_child=1 13 3 6 -5 -6 7 -2 -3 -8 12 -12 -10 -1
right_child=2 8 -4 4 5 -7 9 -9 10 -11 11 -13 -14 -15
leaf_value= 0.0055788163823036986 -0.02661230691656884 0.02900619675879771 -0.0073084653273516381 0.0018485182298953703 0.0025066197320001617 -0.020864811021834614 0.0075465781547105083 0.0058404750796034934 -0.006585654873098876 -0.00078020326586666347 0.017336933640763164 -0.009742197409402277 0.017535603980650193 -0.00019225936660373811
leaf_weight=1099 72 53 1822 518 98 275 448 60 74 504 182 148 438 762
leaf_count=1099 72 53 1822 518 98 275 448 60 74 504 182 148 438 762
model_size=1600
internal_value=0 0.00596106 -0.00432675 -0.00157603 -0.00508938 -0.0147243 0.0013118 -0.011861 0.0116693 0.00313828 0.0105781 0.00519235 0.0140493 0.00321581
internal_weight=0 2756 3797 1975 891 373 1084 132 895 952 842 330 512 1861
internal_count=6553 2756 3797 1975 891 373 1084 132 895 952 842 330 512 1861
is_linear=0
shrinkage=0.1


Tree=10
num_leaves= 6
num_cat= 0
full_tree_array_lgbids= 0 2 1 -1 4 3 -3 -2147483648 -2147483648 -4 -6 -2 -5 -2147483648 -2147483648
split_feature= 2 2 4 4 1
split_gain= 12.1935 1.36304 1.3333 0.240066 0.21936
threshold= -0.31999127566814417 0.47420810163021093 -0.47479055821895594 0.21189168095588687 -0.72185000777244557
decision_type= 2 2 2 2 2
left_child=2 3 -1 -2 -4
right_child=1 -3 4 -5 -6
leaf_value= 0.0010812898780601576 -0.003322556097217916 -0.0059497431842224259 0.013762266584805539 0.003391029325945696 0.0062507295592966975
leaf_weight=880 947 2342 436 716 1232
leaf_count=880 947 2342 436 716 1232
model_size=592
internal_value=0 -0.00365862 0.0057507 -0.000432041 0.00821418
internal_weight=0 4005 2548 1663 1668
internal_count=6553 4005 2548 1663 1668
is_linear=0
shrinkage=0.1


Tree=11
num_leaves= 9
num_cat= 0
full_tree_array_lgbids= 0 4 1 6 -6 5 2 -1 -8 -2147483648 -2147483648 -2 -7 7 3 -2147483648 -2147483648 -2147483648 -2147483648 -2147483648 -2147483648 -2147483648 -2147483648 -2147483648 -2147483648 -2147483648 -2147483648 -3 -9 -4 -5
split_feature= 2 6 3 5 4 0 1 5
split_gain= 9.53879 1.27354 3.57216 1.40788 1.01518 0.401406 0.210983 0.150147
threshold= -0.31999127566814417 0.40036414563655859 0.03902785666286946 -0.88524380326271046 0.8823601007461549 0.20387880504131317 -0.29146754741668696 0.2974898517131806
decision_type= 2 2 2 2 2 2 2 2
left_child=4 5 7 -4 6 -2 -1 -3
right_child=1 2 3 -5 -6 -7 -8 -9
leaf_value= 0.0070374978705122623 0.0013068496265515844 0.0033286666904510211 -0.00047144542149470066 -0.015739175638303234 0.011196905106273842 -0.0044498353301357331 0.00085071696951954543 -0.0066881995059060789
leaf_weight=833 1409 438 166 609 567 1084 1148 299
leaf_count=833 1409 438 166 609 567 1084 1148 299
model_size=928
internal_value=0 -0.00329276 -0.00674949 -0.0124689 0.00517563 -0.00119626 0.00345223 -0.000735164
internal_weight=0 4005 1512 775 2548 2493 1981 737
internal_count=6553 4005 1512 775 2548 2493 1981 737
is_linear=0
shrinkage=0.1


Tree=12
num_leaves= 6
num_cat= 0
full_tree_array_lgbids= 0 1 -2 -1 2 -2147483648 -2147483648 -2147483648 -2147483648 3 -4 -2147483648 -2147483648 -2147483648 -2147483648 -2147483648 -2147483648 -2147483648 -2147483648 -3 4 -2147483648 -2147483648 -2147483648 -2147483648 -2147483648 -2147483648 -2147483648 -2147483648 -2147483648 -2147483648 -2147483648 -2147483648 -2147483648 -2147483648 -2147483648 -2147483648 -2147483648 -2147483648 -2147483648 -2147483648 -5 -6 -2147483648 -2147483648 -2147483648 -2147483648 -2147483648 -2147483648 -2147483648 -2147483648 -2147483648 -2147483648 -2147483648 -2147483648 -2147483648 -2147483648 -2147483648 -2147483648 -2147483648 -2147483648 -2147483648 -2147483648
split_feature= 2 4 0 6 5
split_gain= 7.9309 1.59869 0.528416 0.0847173 1.36132
threshold= 0.22240778803825376 -0.77998724579811085 0.24408297240734103 0.75538641214370739 -0.67387598752975453
decision_type= 2 2 2 2 2
left_child=1 -1 3 -3 -5
right_child=-2 2 -4 4 -6
leaf_value= -0.0016103053127263099 -0.0043141296176707087 0.0096775432897511521 0.001810716541007201 0.016064093381583947 -0.002855321751160439
leaf_weight=963 2888 1138 1129 116 319
leaf_count=963 2888 1138 1129 116 319
model_size=592
internal_value=0 0.00339951 0.00518502 0.00760689 0.00218986
internal_weight=0 3665 2702 1573 435
internal_count=6553 3665 2702 1573 435
is_linear=0
shrinkage=0.1


Tree=13
num_leaves= 8
num_cat= 0
full_tree_array_lgbids= 0 1 -2 -1 2 -2147483648 -2147483648 -2147483648 -2147483648 4 3 -2147483648 -2147483648 -2147483648 -2147483648 -2147483648 -2147483648 -2147483648 -2147483648 5 -6 -4 6 -2147483648 -2147483648 -2147483648 -2147483648 -2147483648 -2147483648 -2147483648 -2147483648 -2147483648 -2147483648 -2147483648 -2147483648 -2147483648 -2147483648 -2147483648 -2147483648 -3 -7 -2147483648 -2147483648 -2147483648 -2147483648 -5 -8 -2147483648 -2147483648 -2147483648 -2147483648 -2147483648 -2147483648 -2147483648 -2147483648 -2147483648 -2147483648 -2147483648 -2147483648 -2147483648 -2147483648 -2147483648 -2147483648
split_feature= 2 4 5 6 6 5 7
split_gain= 6.15388 0.946174 0.74269 5.17943 1.2102 1.79842 1.06168
threshold= 0.29799550771713262 0.29228626191616064 0.65354096889495861 -0.24426137655973432 -0.89988881349563588 -0.38368180394172663 0.13482514768838882
decision_type= 2 2 2 2 2 2 2
left_child=1 -1 4 -4 5 -3 -5
right_child=-2 2 3 6 -6 -7 -8
leaf_value= 0.00072068526285229135 -0.0040970607033676137 -0.013213750597399971 0.015330495581091789 -0.0181216345966521 0.011315648495279891 0.011426253088367437 0.0016766626345226542
leaf_weight=2247 2732 120 181 164 872 112 125
leaf_count=2247 2732 120 181 164 872 112 125
model_size=816
internal_value=0 0.00292938 0.00608246 2.64988e-05 0.00866063 -0.00131858 -0.00955836
internal_weight=0 3821 1574 470 1104 232 289
internal_count=6553 3821 1574 470 1104 232 289
is_linear=0
shrinkage=0.1


Tree=14
num_leaves= 6
num_cat= 0
full_tree_array_lgbids= 0 4 1 -1 -6 3 2 -2147483648 -2147483648 -2147483648 -2147483648 -2 -5 -3 -4
split_feature= 2 7 4 3 1
split_gain= 5.08452 0.702233 0.500982 0.471084 0.255137
threshold= -0.36874486505985254 -0.63094553351402272 0.64830824732780468 0.38624238967895513 -0.041156854480504983
decision_type= 2 2 2 2 2
left_child=4 3 -3 -2 -1
right_child=1 2 -4 -5 -6
leaf_value= 0.0071415171397337142 -0.0028730059650629606 -0.0027199443857577801 0.0033921723273235547 -0.011648354593756054 0.0014048114964668715
leaf_weight=1186 750 2030 859 470 1258
leaf_count=1186 750 2030 859 470 1258
model_size=592
internal_value=0 -0.00249138 -0.0009026 -0.00625367 0.00418866
internal_weight=0 4109 2889 1220 2444
internal_count=6553 4109 2889 1220 2444
is_linear=0
shrinkage=0.1


Tree=15
num_leaves= 5
num_cat= 0
full_tree_array_lgbids= 0 -1 1 -2147483648 -2147483648 -2 2 -2147483648 -2147483648 -2147483648 -2147483648 -2147483648 -2147483648 -3 3 -2147483648 -2147483648 -2147483648 -2147483648 -2147483648 -2147483648 -2147483648 -2147483648 -2147483648 -2147483648 -2147483648 -2147483648 -2147483648 -2147483648 -4 -5
split_feature= 2 6 3 5
split_gain= 3.91754 0.726578 2.97633 0.756744
threshold= -0.62022417783737172 0.48795536160469061 0.03902785666286946 -0.78617820143699635
decision_type= 2 2 2 2
left_child=-1 -2 -3 -4
right_child=1 2 3 -5
leaf_value= 0.0046214738446065775 -0.00017493529665036571 0.00046225714015599807 -0.00024457825281084904 -0.013383710193593287
leaf_weight=1898 3023 800 192 640
leaf_count=1898 3023 800 192 640
model_size=480
internal_value=0 -0.00188433 -0.00505069 -0.0103516
internal_weight=0 4655 1632 832
internal_count=6553 4655 1632 832
is_linear=0
shrinkage=0.1


Tree=16
num_leaves= 6
num_cat= 0
full_tree_array_lgbids= 0 1 -2 -1 2 -2147483648 -2147483648 -2147483648 -2147483648 -3 3 -2147483648 -2147483648 -2147483648 -2147483648 -2147483648 -2147483648 -2147483648 -2147483648 -2147483648 -2147483648 -4 4 -2147483648 -2147483648 -2147483648 -2147483648 -2147483648 -2147483648 -2147483648 -2147483648 -2147483648 -2147483648 -2147483648 -2147483648 -2147483648 -2147483648 -2147483648 -2147483648 -2147483648 -2147483648 -2147483648 -2147483648 -2147483648 -2147483648 -5 -6 -2147483648 -2147483648 -2147483648 -2147483648 -2147483648 -2147483648 -2147483648 -2147483648 -2147483648 -2147483648 -2147483648 -2147483648 -2147483648 -2147483648 -2147483648 -2147483648
split_feature= 2 1 4 6 5
split_gain= 3.3111 0.890078 0.581739 0.209411 2.84385
threshold= 0.4504156112670899 -1.1882524490356443 -0.67562311887741078 0.64664298295974743 -0.14943312853574753
decision_type= 2 2 2 2 2
left_child=1 -1 -3 -4 -5
right_child=-2 2 3 4 -6
leaf_value= 0.00905683322791998 -0.0036855293035673222 -0.0028120741339295475 0.004625394941456573 0.0071511717391866958 -0.0085642941571515488
leaf_weight=495 2394 1065 1835 343 421
leaf_count=495 2394 1065 1835 343 421
model_size=592
internal_value=0 0.00212146 0.0011845 0.00282219 -0.00150879
internal_weight=0 4159 3664 2599 764
internal_count=6553 4159 3664 2599 764
is_linear=0
shrinkage=0.1


Tree=17
num_leaves= 4
num_cat= 0
full_tree_array_lgbids= 0 -1 1 -2147483648 -2147483648 -2 2 -2147483648 -2147483648 -2147483648 -2147483648 -2147483648 -2147483648 -3 -4
split_feature= 2 7 4
split_gain= 2.38305 0.291209 0.218277
threshold= -0.73440709710121144 -0.88851091265678395 0.29228626191616064
decision_type= 2 2 2
left_child=-1 -2 -3
right_child=1 2 -4
leaf_value= 0.0043573281624075073 -0.0054885334956963098 -0.0023141859820652792 0.0024160454889285868
leaf_weight=1664 1049 2277 1563
leaf_count=1664 1049 2277 1563
model_size=368
internal_value=0 -0.00148304 -0.000388834
internal_weight=0 4889 3840
internal_count=6553 4889 3840
is_linear=0
shrinkage=0.1


Tree=18
num_leaves= 4
num_cat= 0
full_tree_array_lgbids= 0 1 -2 2 -3 -2147483648 -2147483648 -1 -4 -2147483648 -2147483648 -2147483648 -2147483648 -2147483648 -2147483648
split_feature= 2 0 1
split_gain= 1.91115 0.825216 0.152994
threshold= 0.59416678547859203 0.25716689229011541 -0.041156854480504983
decision_type= 2 2 2
left_child=1 2 -1
right_child=-2 -3 -4
leaf_value= 0.006485045980964485 -0.0035530764585563904 -0.0012719315945115032 0.00091642053508266842
leaf_weight=1309 2056 1876 1312
leaf_count=1309 2056 1876 1312
model_size=368
internal_value=0 0.00162444 0.00369755
internal_weight=0 4497 2621
internal_count=6553 4497 2621
is_linear=0
shrinkage=0.1


Tree=19
num_leaves= 7
num_cat= 0
full_tree_array_lgbids= 0 1 -2 -1 2 -2147483648 -2147483648 -2147483648 -2147483648 4 3 -2147483648 -2147483648 -2147483648 -2147483648 -2147483648 -2147483648 -2147483648 -2147483648 5 -6 -4 -5 -2147483648 -2147483648 -2147483648 -2147483648 -2147483648 -2147483648 -2147483648 -2147483648 -2147483648 -2147483648 -2147483648 -2147483648 -2147483648 -2147483648 -2147483648 -2147483648 -3 -7 -2147483648 -2147483648 -2147483648 -2147483648 -2147483648 -2147483648 -2147483648 -2147483648 -2147483648 -2147483648 -2147483648 -2147483648 -2147483648 -2147483648 -2147483648 -2147483648 -2147483648 -2147483648 -2147483648 -2147483648 -2147483648 -2147483648
split_feature= 2 4 5 6 6 5
split_gain= 1.28432 0.887288 0.424679 3.46142 0.236853 1.67916
threshold= 0.89601022005081188 0.29228626191616064 0.8587247133255006 0.05517734773457051 -1.1006352305412288 -0.29158644378185267
decision_type= 2 2 2 2 2 2
left_child=1 -1 4 -4 5 -3
right_child=-2 2 3 -5 -6 -7
leaf_value= -0.00079131433305477136 -0.0042140473548208162 -0.014812821991802231 0.0085955834891259051 -0.012305787167316154 0.0072252774377392914 0.010205158608950344
leaf_weight=3031 1406 123 240 251 1395 107
leaf_count=3031 1406 123 240 251 1395 107
model_size=704
internal_value=0 0.00115115 0.00393357 -0.00208923 0.00575338 -0.00317402
internal_weight=0 5147 2116 491 1625 230
internal_count=6553 5147 2116 491 1625 230
is_linear=0
shrinkage=0.1


Tree=20
num_leaves= 10
num_cat= 0
full_tree_array_lgbids= 0 -1 1 -2147483648 -2147483648 4 2 -2147483648 -2147483648 -2147483648 -2147483648 5 6 -3 3 -2147483648 -2147483648 -2147483648 -2147483648 -2147483648 -2147483648 -2147483648 -2147483648 -2 -7 -6 8 -2147483648 -2147483648 7 -5 -2147483648 -2147483648 -2147483648 -2147483648 -2147483648 -2147483648 -2147483648 -2147483648 -2147483648 -2147483648 -2147483648 -2147483648 -2147483648 -2147483648 -2147483648 -2147483648 -2147483648 -2147483648 -2147483648 -2147483648 -2147483648 -2147483648 -8 -10 -2147483648 -2147483648 -2147483648 -2147483648 -4 -9 -2147483648 -2147483648
split_feature= 2 5 3 6 3 6 6 7 7
split_gain= 1.03755 0.145368 4.00499 2.20916 0.718646 2.69632 1.35014 0.666615 0.404524
threshold= -0.73440709710121144 0.21436554193496707 -0.10433290526270864 -0.59995731711387623 -0.86277875304222096 1.0000000180025095e-35 0.63653609156608593 -0.54943230748176564 -0.58448660373687733
decision_type= 2 2 2 2 2 2 2 2 2
left_child=-1 4 -3 7 5 -2 -6 -4 -8
right_child=1 2 3 -5 6 -7 8 -9 -10
leaf_value= 0.0036498509941461283 -0.013380729430072055 0.0019536904506517803 -0.013076373248279177 -0.012615252403207315 0.004698752987431002 0.0040281056078639247 -0.012751871989671105 0.007135255904435072 0.00021934647183445701
leaf_weight=1664 329 993 91 781 1536 287 202 215 455
leaf_count=1664 329 993 91 781 1536 287 202 215 455
model_size=1040
internal_value=0 -0.00124225 -0.00363864 -0.00874736 0.000532223 -0.00526979 0.00216197 0.00112461 -0.00376876
internal_weight=0 4889 2080 1087 2809 616 2193 306 657
internal_count=6553 4889 2080 1087 2809 616 2193 306 657
is_linear=0
shrinkage=0.1


Tree=21
num_leaves= 6
num_cat= 0
full_tree_array_lgbids= 0 1 -2 -1 2 -2147483648 -2147483648 -2147483648 -2147483648 -3 3 -2147483648 -2147483648 -2147483648 -2147483648 -2147483648 -2147483648 -2147483648 -2147483648 -2147483648 -2147483648 4 -5 -2147483648 -2147483648 -2147483648 -2147483648 -2147483648 -2147483648 -2147483648 -2147483648 -2147483648 -2147483648 -2147483648 -2147483648 -2147483648 -2147483648 -2147483648 -2147483648 -2147483648 -2147483648 -2147483648 -2147483648 -4 -6 -2147483648 -2147483648 -2147483648 -2147483648 -2147483648 -2147483648 -2147483648 -2147483648 -2147483648 -2147483648 -2147483648 -2147483648 -2147483648 -2147483648 -2147483648 -2147483648 -2147483648 -2147483648
split_feature= 0 5 3 6 7
split_gain= 0.677886 0.558342 2.39337 0.950829 0.33488
threshold= 0.25716689229011541 0.12283720821142197 -0.16804680228233337 -0.56123605370521534 -0.57505470514297474
decision_type= 2 2 2 2 2
left_child=1 -1 -3 4 -4
right_child=-2 2 3 -5 -6
leaf_value= 0.0040631696448061713 -0.0023740162149653221 0.004417133705630418 -0.011875933366947068 -0.0094335379192200391 0.0085109720058741487
leaf_weight=2091 2752 775 78 655 202
leaf_count=2091 2752 775 78 655 202
model_size=592
internal_value=0 0.00171884 -0.00114783 -0.00576051 0.00283176
internal_weight=0 3801 1710 935 280
internal_count=6553 3801 1710 935 280
is_linear=0
shrinkage=0.1


Tree=22
num_leaves= 2
num_cat= 0
full_tree_array_lgbids= 0 -1 -2
split_feature= 2
split_gain= 0.448643
threshold= -0.24277038127183911
decision_type= 2
left_child=-1
right_child=-2
leaf_value= 0.002320956501960114 -0.0016305186745336185
leaf_weight=2704 3849
leaf_count=2704 3849
model_size=144
internal_value=0
internal_weight=0
internal_count=6553
is_linear=0
shrinkage=0.1


Tree=23
num_leaves= 4
num_cat= 0
full_tree_array_lgbids= 0 -1 1 -2147483648 -2147483648 -2 2 -2147483648 -2147483648 -2147483648 -2147483648 -2147483648 -2147483648 -3 -4
split_feature= 4 5 6
split_gain= 0.308477 0.119962 0.239923
threshold= 0.21189168095588687 1.1454110145568848 -0.3203322142362594
decision_type= 2 2 2
left_child=-1 -2 -3
right_child=1 2 -4
leaf_value= -0.0016527540764860703 0.0032762334021129384 0.0048011567090583554 -0.010798850497061115
leaf_weight=3718 2441 154 240
leaf_count=3718 2441 154 240
model_size=368
internal_value=0 0.00216753 -0.00470139
internal_weight=0 2835 394
internal_count=6553 2835 394
is_linear=0
shrinkage=0.1


Tree=24
num_leaves= 4
num_cat= 0
full_tree_array_lgbids= 0 -1 1 -2147483648 -2147483648 -2 2 -2147483648 -2147483648 -2147483648 -2147483648 -2147483648 -2147483648 -3 -4
split_feature= 1 6 3
split_gain= 0.268692 0.239198 1.41091
threshold= -1.1993861794471739 0.64664298295974743 -0.16804680228233337
decision_type= 2 2 2
left_child=-1 -2 -3
right_child=1 2 -4
leaf_value= 0.0052306998053102665 0.00060186209737833705 0.0013528208038471566 -0.0077748227483591462
leaf_weight=754 4103 742 954
leaf_count=754 4103 742 954
model_size=368
internal_value=0 -0.000680108 -0.00378148
internal_weight=0 5799 1696
internal_count=6553 5799 1696
is_linear=0
shrinkage=0.1


Tree=25
num_leaves= 2
num_cat= 0
full_tree_array_lgbids= 0 -1 -2
split_feature= 0
split_gain= 0.193813
threshold= -0.11098424345254898
decision_type= 2
left_child=-1
right_child=-2
leaf_value= 0.0020088749280193188 -0.0017288188290182215
leaf_weight=3031 3522
leaf_count=3031 3522
model_size=144
internal_value=0
internal_weight=0
internal_count=6553
is_linear=0
shrinkage=0.1


Tree=26
num_leaves= 2
num_cat= 0
full_tree_array_lgbids= 0 -1 -2
split_feature= 2
split_gain= 0.104834
threshold= 0.89601022005081188
decision_type= 2
left_child=-1
right_child=-2
leaf_value= 0.00095649093936917375 -0.0035014643378925973
leaf_weight=5147 1406
leaf_count=5147 1406
model_size=144
internal_value=0
internal_weight=0
internal_count=6553
is_linear=0
shrinkage=0.1


end of trees

feature_importances:
Column_5=53
Column_2=48
Column_6=44
Column_4=37
Column_3=29
Column_0=22
Column_1=17
Column_7=16

parameters:
[boosting: gbdt]
[objective: regression]
[metric: rmse]
[tree_learner: serial]
[device_type: cpu]
[data_sample_strategy: bagging]
[data: data/kin8nm.libsvm.train]
[valid: data/kin8nm.libsvm.test]
[num_iterations: 1000]
[learning_rate: 0.1]
[num_leaves: 255]
[num_threads: 0]
[seed: 42]
[deterministic: 0]
[force_col_wise: 0]
[force_row_wise: 0]
[histogram_pool_size: -1]
[max_depth: 5]
[min_data_in_leaf: 10]
[min_sum_hessian_in_leaf: 0.001]
[bagging_fraction: 1]
[pos_bagging_fraction: 1]
[neg_bagging_fraction: 1]
[bagging_freq: 0]
[bagging_seed: 400]
[feature_fraction: 1]
[feature_fraction_bynode: 1]
[feature_fraction_seed: 30056]
[extra_trees: 0]
[extra_seed: 12879]
[early_stopping_round: 0]
[early_stopping_min_delta: 0]
[first_metric_only: 0]
[max_delta_step: 0]
[lambda_l1: 0]
[lambda_l2: 0]
[linear_lambda: 0]
[min_gain_to_split: 0]
[drop_rate: 0.1]
[max_drop: 50]
[skip_drop: 0.5]
[xgboost_dart_mode: 0]
[uniform_drop: 0]
[drop_seed: 17869]
[top_rate: 0.2]
[other_rate: 0.1]
[min_data_per_group: 100]
[max_cat_threshold: 32]
[cat_l2: 10]
[cat_smooth: 10]
[max_cat_to_onehot: 4]
[top_k: 20]
[monotone_constraints: ]
[monotone_constraints_method: basic]
[monotone_penalty: 0]
[feature_contri: ]
[forcedsplits_filename: ]
[refit_decay_rate: 0.9]
[tinygbdt_penalty_feature: 0.03125]
[tinygbdt_penalty_split: 0.00390625]
[tinygbdt_forestsize: 64000]
[tinygbdt_precision: 7]
[cegb_tradeoff: 1]
[cegb_penalty_split: 0]
[cegb_penalty_feature_lazy: ]
[cegb_penalty_feature_coupled: ]
[path_smooth: 0]
[interaction_constraints: ]
[verbosity: 2]
[saved_feature_importance_type: 0]
[use_quantized_grad: 0]
[num_grad_quant_bins: 4]
[quant_train_renew_leaf: 0]
[stochastic_rounding: 1]
[linear_tree: 0]
[max_bin: 255]
[max_bin_by_feature: ]
[min_data_in_bin: 3]
[bin_construct_sample_cnt: 200000]
[data_random_seed: 175]
[is_enable_sparse: 1]
[enable_bundle: 1]
[use_missing: 1]
[zero_as_missing: 0]
[feature_pre_filter: 1]
[pre_partition: 0]
[two_round: 0]
[header: 0]
[label_column: ]
[weight_column: ]
[group_column: ]
[ignore_column: ]
[categorical_feature: ]
[forcedbins_filename: ]
[precise_float_parser: 0]
[parser_config_file: ]
[objective_seed: 16083]
[num_class: 1]
[is_unbalance: 0]
[scale_pos_weight: 1]
[sigmoid: 1]
[boost_from_average: 1]
[reg_sqrt: 0]
[alpha: 0.9]
[fair_c: 1]
[poisson_max_delta_step: 0.7]
[tweedie_variance_power: 1.5]
[lambdarank_truncation_level: 30]
[lambdarank_norm: 1]
[label_gain: ]
[lambdarank_position_bias_regularization: 0]
[eval_at: ]
[multi_error_top_k: 1]
[auc_mu_weights: ]
[num_machines: 1]
[local_listen_port: 12400]
[time_out: 120]
[machine_list_filename: ]
[machines: ]
[gpu_platform_id: -1]
[gpu_device_id: -1]
[gpu_use_dp: 0]
[num_gpu: 1]

end of parameters
