tree
version=v4
num_class=1
num_tree_per_iteration=1
label_index=0
max_feature_idx=7
objective=regression
feature_names=Column_0 Column_1 Column_2 Column_3 Column_4 Column_5 Column_6 Column_7
feature_infos=[-1.570595979690552:1.570752859115601] [-1.570681214332581:1.5706571340560909] [-1.5706690549850459:1.5707360506057739] [-1.5702953338623051:1.5700980424880981] [-1.570364356040955:1.570599317550659] [-1.5702542066574101:1.5705970525741582] [-1.570304274559021:1.5705224275588989] [-1.5689036846160889:1.570236444473267]
tree_sizes=3082 3127 2996 3002 2872 2508 2572 2372 2298 2226 1798 1728 1877 1882 1073 1377 1453 1515 1730 499 743 1729 1592 377 1380 668 1513 1384

Tree=0
num_leaves= 32
num_cat= 0
full_tree_array_lgbids= 0 1 3 4 2 7 8 12 21 5 14 26 9 16 13 23 20 24 28 11 6 17 15 27 29 25 10 19 30 18 22 -1 -25 -14 -22 -6 -26 -23 -30 -3 -13 -7 -8 -4 -19 -16 -17 -2 -29 -28 -31 -9 -27 -11 -12 -5 -21 -18 -32 -10 -20 -15 -24
split_feature= 2 4 2 2 2 6 5 4 6 3 5 1 1 3 6 5 0 5 5 5 6 4 5 5 5 0 5 3 0 0 1
split_gain= 107.402 23.2216 8.62094 5.41643 4.35612 3.98065 7.50023 3.16678 2.83987 2.57045 4.85216 2.31563 2.2434 2.08971 1.49255 2.08596 1.38521 1.18373 1.17413 1.16984 1.13542 0.956693 0.814896 0.770638 0.716841 0.659676 0.54415 0.711497 0.406725 0.312882 0.0546702
threshold= 0.22240778803825376 -0.13487913459539411 -0.33504875004291529 0.831111639738083 -0.35692687332630152 1.0996640324592593 0.17076345533132556 -0.62264147400856007 0.23248040676116946 0.33348274230957037 -0.081027176231145845 -0.063510026782751069 -0.028266851790249341 0.047571904957294471 1.0996640324592593 -0.12362807989120483 0.48065467178821569 -1.3099576830863946 0.20172023028135302 0.90692374110221874 -1.1232284307479858 -0.9847588539123534 -0.88524380326271046 -0.84710562229156483 -0.89637285470962513 0.39113223552703863 -1.1129922270774844 -0.71507582068443287 0.62239006161689769 -0.26234114170074457 1.1314366459846499
decision_type= 2 2 2 2 2 2 2 2 2 2 2 2 2 2 2 2 2 2 2 2 2 2 2 2 2 2 2 2 2 2 2
left_child=1 4 5 7 12 11 -7 26 16 25 -11 -3 23 18 17 -16 19 -4 -10 -5 -14 24 -15 -1 -6 -9 27 -2 -23 -28 -18
right_child=3 2 14 8 21 6 -8 9 13 10 -12 -13 20 22 15 -17 30 -19 -20 -21 -22 28 -24 -25 -26 -27 29 -29 -30 -31 -32
leaf_value= 0.73410158763111721 0.68773465269904643 0.74576312192184147 0.71148853979584525 0.70572838207060729 0.71756021215053434 0.74459648144746271 0.70659498379572372 0.71618172766164567 0.70303461463790828 0.71463083717014075 0.69125707693110128 0.73621397801554389 0.72842719100532405 0.69636384723984901 0.72703529746200657 0.69548876485623845 0.69296731328049199 0.7280717060389289 0.68891320468961492 0.69321169944280825 0.71452330681801779 0.71745049404777961 0.68240325179970052 0.72375521021605105 0.7012707417551246 0.70808431163410079 0.70092590049137526 0.71675801006650219 0.70737397464394569 0.69204981261754484 0.70313676912358825
leaf_weight=124 17 546 60 476 48 107 108 344 185 170 209 586 86 71 48 47 266 464 120 115 482 215 266 461 182 241 126 41 101 204 37
leaf_count=124 17 546 60 476 48 107 108 344 185 170 209 586 86 71 48 47 266 464 120 115 482 215 266 461 182 241 126 41 101 204 37
model_size=3504
internal_value=0.715004 0.726381 0.733821 0.700565 0.717773 0.738376 0.725507 0.705287 0.696409 0.70848 0.701741 0.74082 0.721357 0.691109 0.72391 0.711428 0.700214 0.726173 0.697479 0.703293 0.716628 0.710203 0.685345 0.725948 0.70467 0.712846 0.697354 0.708251 0.71423 0.695439 0.694209
internal_weight=0 3665 1966 2888 1699 1347 215 1352 1536 964 379 1132 1153 642 619 95 894 524 305 591 568 546 337 585 230 585 388 58 316 330 303
internal_count=6553 3665 1966 2888 1699 1347 215 1352 1536 964 379 1132 1153 642 619 95 894 524 305 591 568 546 337 585 230 585 388 58 316 330 303
is_linear=0
shrinkage=1


Tree=1
num_leaves= 31
num_cat= 0
full_tree_array_lgbids= 0 1 3 6 2 10 7 14 24 4 18 15 11 17 8 21 16 28 25 9 5 22 19 29 26 27 12 23 -19 20 13 -1 -23 -16 -18 -8 -30 -26 -27 -3 -11 -6 -7 -4 -24 -20 -21 -2 -31 -17 -28 -12 -29 -13 -14 -5 -25 -2147483648 -2147483648 -9 -22 -10 -15
split_feature= 2 4 2 2 5 6 2 6 3 4 6 3 5 5 0 4 5 0 6 3 5 4 5 5 6 3 3 7 3 5
split_gain= 86.8272 18.6968 7.04486 4.35217 3.38232 7.7193 3.1337 2.64996 3.63842 2.03953 1.70905 3.39925 1.88949 1.68537 1.67618 1.40111 1.31591 1.15061 1.04026 2.4081 0.871576 0.840188 0.764121 0.75182 0.719661 0.976598 0.494289 0.443817 0.389821 0.333472
threshold= 0.22240778803825376 -0.25070770084857935 -0.36874486505985254 0.6500774919986726 0.65354096889495861 0.42225234210491186 -0.35692687332630152 -0.08627330511808394 0.047571904957294471 0.56924891471862804 0.56632831692695629 -0.19819757342338556 -0.85936468839645375 -0.6967884600162505 -0.28396070003509516 -0.60982060432434071 -0.78617820143699635 0.46820004284381872 1.0996640324592593 0.2989127933979035 0.20172023028135302 -0.70120677351951588 -1.3099576830863946 1.1980468630790713 -0.5871194303035735 0.31131325662136083 -1.3288813829421993 -0.63094553351402272 -0.083273753523826585 -1.2652705907821657
decision_type= 2 2 2 2 2 2 2 2 2 2 2 2 2 2 2 2 2 2 2 2 2 2 2 2 2 2 2 2 2 2
left_child=1 6 4 10 9 -6 14 17 20 -3 15 27 -13 -10 21 29 -16 23 22 -20 -9 -1 -4 -5 28 -26 -17 -12 -8 -2
right_child=3 2 18 7 5 -7 24 8 13 -11 11 12 -14 -15 16 26 -18 -19 19 -21 -22 -23 -24 -25 25 -27 -28 -29 -30 -31
leaf_value= 0.0064048114387390892 0.0047690336550162598 0.018401884147157314 -0.0025824752571777659 -0.0072116253591254249 0.024228242724984739 -0.0038281592378002962 -0.0052863421868784609 -0.0090822424219204612 -0.015188452361021624 0.028559743669367511 -0.012610995485738387 -0.0026173696110143941 -0.027659330331953242 -0.029913683519367885 0.010695058201733781 -0.014406983261661871 -0.0014988054723201229 -0.017397048777971515 0.010989642429922243 -0.021829866270788693 -0.019210110583017529 0.017395698757900393 0.011593666287685819 -0.020442068344079117 -0.002810194263516818 -0.015567297490148728 0.00088576625774712439 0.0054703559466214831 0.0092102781215754274 -0.014665668351728023
leaf_weight=283 22 409 65 538 256 172 74 289 129 549 36 47 160 366 152 42 473 317 64 44 212 160 534 75 208 144 409 87 78 159
leaf_count=283 22 409 65 538 256 172 74 289 129 549 36 47 160 366 152 42 473 317 64 44 212 160 534 75 208 144 409 87 78 159
model_size=3392
internal_value=0 0.0102399 0.016491 -0.0129949 0.0207429 0.0129532 0.00191704 -0.015853 -0.0196838 0.024223 -0.00727268 -0.0137169 -0.0219735 -0.0260762 0.0051616 -0.00390781 0.00146674 -0.0117504 0.00815556 -0.00238127 -0.0133679 0.0103744 0.0100554 -0.00883036 -0.00495833 -0.00802901 -0.000538392 0.000178253 0.00215271 -0.0123034
internal_weight=0 3665 2093 2888 1386 428 1572 1926 996 958 962 330 207 495 1068 632 625 930 707 108 501 443 599 613 504 352 451 123 152 181
internal_count=6553 3665 2093 2888 1386 428 1572 1926 996 958 962 330 207 495 1068 632 625 930 707 108 501 443 599 613 504 352 451 123 152 181
is_linear=0
shrinkage=0.1


Tree=2
num_leaves= 29
num_cat= 0
full_tree_array_lgbids= 0 1 2 6 3 8 7 23 12 4 17 16 9 14 18 -1 27 13 15 11 5 21 20 22 -18 24 10 26 19 25 -20 -2147483648 -2147483648 -25 -29 -8 -15 -14 -17 -3 -13 -6 -7 -5 -23 -19 -22 -2 -24 -2147483648 -2147483648 -10 -26 -11 -12 -4 -28 -16 -21 -9 -27 -2147483648 -2147483648
split_feature= 2 4 2 2 6 5 1 6 6 3 5 0 5 6 7 4 4 0 3 5 5 6 4 2 7 2 5 1
split_gain= 70.3636 15.5051 5.29521 3.77044 2.46189 7.04753 2.15415 1.96601 1.83921 3.73083 2.33003 1.81049 1.48572 3.03426 1.39339 1.1483 1.10603 0.966363 0.934461 0.596653 0.45986 0.400071 0.394303 0.35888 0.285331 0.276027 0.24254 0.0939888
threshold= 0.11063466221094136 -0.13487913459539411 0.60325127840042125 -0.52795374393463124 0.63653609156608593 0.14603263139724734 -0.79297658801078785 0.81695055961608898 0.56632831692695629 -0.19819757342338556 -0.78617820143699635 0.065077152103185668 -0.77255976200103749 -0.26590463519096369 -1.1476808190345762 -0.81808331608772267 0.5883547067642213 0.20387880504131317 0.062065752223134048 0.67661032080650341 0.59622937440872203 0.20021943747997281 -1.2761357426643369 -1.1717493534088133 -0.76058852672576893 1.1354576945304873 -0.14943312853574753 -1.4288483262062073
decision_type= 2 2 2 2 2 2 2 2 2 2 2 2 2 2 2 2 2 2 2 2 2 2 2 2 2 2 2 2
left_child=1 6 8 4 11 -6 23 14 16 24 -11 -3 13 -8 26 -14 22 21 25 -16 -19 -5 -2 -1 -10 -9 -4 -25
right_child=2 3 7 17 5 -7 12 18 9 10 -12 -13 15 -15 19 -17 -18 20 -20 -21 -22 -23 -24 27 -26 -27 -28 -29
leaf_value= 0.018411708984870552 -0.016206899711922292 0.028960287409106222 -0.015606283653595702 0.018224033945757428 0.026214966212298619 -0.003368417516290008 0.018224722003695498 -0.0097139675929469801 -0.010893442953061877 0.00082371252905225989 -0.025365526538213168 0.018093400045802708 -0.0059967740628944369 -0.0032983218315236554 -0.0090429754098003898 0.0026325041334381077 0.0051254391605997911 0.0085497243181025875 -0.025488535839868418 -0.015306769323396278 -0.0039639478116187945 0.0085817741568288992 -0.0033186578847375428 0.01692200747999811 0.0067037457863556305 -0.021762016522956808 -0.028231006565990605 0.0052496306616567866
leaf_weight=86 62 390 99 232 185 161 149 135 33 53 184 388 490 156 974 402 232 218 252 392 86 168 423 54 105 90 88 266
leaf_count=86 62 390 99 232 185 161 149 135 33 53 184 388 490 156 974 402 232 218 252 392 86 168 423 54 105 90 88 266
model_size=3168
internal_value=0 0.00991817 -0.0108998 0.0163101 0.0201265 0.0124493 0.00262906 -0.0140545 -0.00503545 -0.0114112 -0.0195089 0.0235408 0.000267997 0.00721621 -0.0121297 -0.00210779 -0.00170086 0.0102168 -0.0203209 -0.0108405 0.00500967 0.0141743 -0.00496623 0.00959014 0.00249572 -0.0145332 -0.0215473 0.00721934
internal_weight=0 3431 3122 1828 1124 346 1603 2030 1092 375 237 778 1197 305 1553 892 717 704 477 1366 304 400 485 406 138 225 187 320
internal_count=6553 3431 3122 1828 1124 346 1603 2030 1092 375 237 778 1197 305 1553 892 717 704 477 1366 304 400 485 406 138 225 187 320
is_linear=0
shrinkage=0.1


Tree=3
num_leaves= 29
num_cat= 0
full_tree_array_lgbids= 0 1 3 5 2 6 12 16 10 4 14 27 7 21 13 22 24 11 18 19 9 17 15 -2 -29 25 8 26 -23 23 20 -1 -24 -18 -26 -7 -13 -12 -20 -3 -21 -6 -11 -4 -19 -16 -17 -2147483648 -2147483648 -2147483648 -2147483648 -8 -27 -9 -10 -5 -28 -2147483648 -2147483648 -14 -25 -15 -22
split_feature= 2 4 2 2 1 0 4 3 5 6 6 5 6 5 3 6 1 5 4 4 3 0 4 3 5 0 5 0
split_gain= 56.9536 12.086 4.55798 2.84397 2.0162 1.88293 1.62745 1.4329 3.50847 1.14585 1.08017 1.41908 0.972628 1.07839 0.896858 2.52941 0.816913 0.638857 0.638785 0.569629 0.487061 0.286735 0.282125 0.259119 0.243898 0.120924 0.0878076 0.0189304
threshold= 0.22240778803825376 -0.27586798369884485 -0.52795374393463124 0.89601022005081188 -0.4492183774709701 -0.15831713378429405 -0.62264147400856007 0.41326110064983373 0.37919975817203527 0.88111311197280895 -0.99024060368537892 0.029261186718940738 -0.10207844525575639 -0.41172227263450617 0.9665420949459077 0.16434586793184283 -0.028266851790249341 -1.2532984614372251 -1.2761357426643369 0.73437872529029857 -0.49994552135467524 0.49276305735111242 -1.4032559394836424 0.75222203135490429 -1.0718960165977478 0.88190972805023204 1.1980468630790713 0.74138087034225475
decision_type= 2 2 2 2 2 2 2 2 2 2 2 2 2 2 2 2 2 2 2 2 2 2 2 2 2 2 2 2
left_child=1 5 4 6 19 16 27 25 -9 -6 11 -7 21 23 17 -16 22 -4 -12 -3 -15 26 -1 -14 -18 -8 -5 -2
right_child=3 2 14 12 9 10 7 8 -10 -11 18 -13 13 20 15 -17 24 -19 -20 -21 -22 -23 -24 -25 -26 -27 -28 -29
leaf_value= -0.0036222725884900208 -0.010985698063818803 0.019040242290508977 -0.00083466292605461451 -0.0065563282037016642 0.016623810036511522 0.016789177670143547 0.00053879040026532168 -0.0021047438718812639 -0.022999176830695106 0.0052824023860773388 -0.012547620111215397 -0.0055792397990095596 -0.0075926865117078779 -0.014128961399397575 0.012222155000522941 -0.016351580647879269 0.013324161063955757 0.011041710849690564 -0.0022106887624800411 0.029498928088866467 -0.024396990191992315 -0.015695800123139314 0.011851008750660265 -0.020247318761775625 -0.00091991081613766615 -0.0070656785006044292 -0.01893110553501174 -0.019510147875795761
leaf_weight=42 316 230 102 392 623 90 496 236 156 172 149 73 198 156 81 73 49 653 518 196 307 227 322 74 292 164 52 114
leaf_count=42 316 230 102 392 623 90 496 236 156 172 149 73 198 156 81 73 49 653 518 196 307 227 322 74 292 164 52 114
model_size=3168
internal_value=0 0.00831783 0.0133088 -0.0105557 0.0175481 0.00139229 -0.00720092 -0.00473015 -0.0104199 0.0141701 -0.0023024 0.00677142 -0.0140918 -0.017273 0.00761434 -0.00132254 0.00574207 0.00943722 -0.00451984 0.0238522 -0.0209374 -0.0106072 0.0100656 -0.0110355 0.00112689 -0.0013508 -0.00800563 -0.0132457
internal_weight=0 3665 2130 2888 1221 1535 1482 1052 392 795 830 163 1406 735 909 154 705 755 667 426 463 671 364 272 341 660 444 430
internal_count=6553 3665 2130 2888 1221 1535 1482 1052 392 795 830 163 1406 735 909 154 705 755 667 426 463 671 364 272 341 660 444 430
is_linear=0
shrinkage=0.1


Tree=4
num_leaves= 27
num_cat= 0
full_tree_array_lgbids= 0 1 2 8 3 12 10 15 24 5 4 18 13 16 11 -1 22 25 -26 6 9 19 7 -2 -20 -14 14 23 20 21 17 -2147483648 -2147483648 -17 -24 -10 -27 -2147483648 -2147483648 -3 -8 -7 -11 -5 -21 -6 -9 -2147483648 -2147483648 -2147483648 -2147483648 -2147483648 -2147483648 -15 -16 -4 -25 -18 -22 -12 -23 -13 -19
split_feature= 2 4 2 5 6 6 5 7 2 4 6 3 6 3 5 1 7 5 4 7 0 5 0 5 0 5
split_gain= 46.2602 10.0098 3.19216 2.53976 9.46746 3.29778 3.34346 2.29614 1.68473 1.55548 1.4519 1.17729 1.09149 2.40278 1.45185 0.85361 0.585353 0.441713 0.428679 0.362505 0.342284 0.329128 0.258442 0.191304 0.00944696 0.151078
threshold= 0.11063466221094136 -0.13487913459539411 0.52685046195983898 0.65354096889495861 -0.08627330511808394 -1.1006352305412288 -0.63327881693840016 0.13482514768838882 -0.35692687332630152 0.66168963909149181 0.51476114988327037 0.062065752223134048 0.40036414563655859 -0.17713720351457593 -0.25795789062976832 -0.028266851790249341 -1.1476808190345762 -0.88524380326271046 0.5883547067642213 -0.57505470514297474 0.22036685049533847 0.66465881466865551 -0.28396070003509516 0.099228095263242735 0.69481554627418529 -0.24339744448661796
decision_type= 2 2 2 2 2 2 2 2 2 2 2 2 2 2 2 2 2 2 2 2 2 2 2 2 2 2
left_child=1 8 12 5 19 6 -3 -6 15 -7 16 21 18 -14 -15 -1 23 -13 -2 -5 -18 -12 -17 -4 25 -10
right_child=2 3 10 4 7 9 -8 -9 24 -11 11 17 13 14 -16 22 20 -19 -20 -21 -22 -23 -24 -25 -26 -27
leaf_value= 0.0081174820282573137 -0.0029259819892084146 -0.013304667147742803 -0.010891177122636389 0.012027464072141324 -0.014252309915207748 0.013229320577443825 0.015474162628691245 0.0057828060452847331 0.0050953151430040908 0.022373660967015187 -0.0068949961588486083 -0.0099251124200059049 0.0023830468947655405 -0.0028563703742942644 -0.023603686685247583 0.0056526871969852649 -0.0053014660956782018 -0.023191935831329336 0.006770639657435332 0.026505227048515476 -0.011005476497418261 -0.018882323677811508 -0.0026743735006681205 -0.025158200966815154 -0.009753334047834808 -0.0057156580049114933
leaf_weight=585 364 86 105 71 168 475 112 133 124 615 253 82 149 77 142 237 719 302 178 168 577 99 331 75 145 181
leaf_count=585 364 86 105 71 168 475 112 133 124 615 253 82 149 77 142 237 719 302 178 168 577 99 331 75 145 181
model_size=2944
internal_value=0 0.00807357 -0.00887266 0.013301 0.00681769 0.0160191 0.00297427 -0.00539958 0.00211244 0.0183887 -0.011132 -0.0155321 -0.00338074 -0.00874073 -0.016309 0.00451275 -0.00893791 -0.0203589 0.000258517 0.0222043 -0.00784098 -0.0102664 0.000800122 -0.0168358 -0.00403766 -0.00132038
internal_weight=0 3431 3122 1828 540 1288 198 301 1603 1090 2212 736 910 368 219 1153 1476 384 542 239 1296 352 568 180 450 305
internal_count=6553 3431 3122 1828 540 1288 198 301 1603 1090 2212 736 910 368 219 1153 1476 384 542 239 1296 352 568 180 450 305
is_linear=0
shrinkage=0.1


Tree=5
num_leaves= 22
num_cat= 0
full_tree_array_lgbids= 0 1 2 8 3 6 16 13 -10 5 4 9 10 20 -18 -1 14 -2147483648 -2147483648 7 15 12 19 18 17 -8 11 -4 -22 -2147483648 -2147483648 -2147483648 -2147483648 -15 -16 -2147483648 -2147483648 -2147483648 -2147483648 -3 -9 -7 -17 -5 -14 -6 -21 -2 -20 -11 -19 -2147483648 -2147483648 -12 -13 -2147483648 -2147483648 -2147483648 -2147483648 -2147483648 -2147483648 -2147483648 -2147483648
split_feature= 2 4 2 6 5 2 4 4 2 6 5 6 7 1 0 0 7 3 0 7 3
split_gain= 37.2592 7.89638 2.55115 2.26582 4.27044 1.86429 1.45749 1.31613 1.15309 1.09033 0.970713 1.6609 0.865548 0.637443 0.554127 0.529904 0.452918 0.417313 0.205363 0.0671782 0.0281391
threshold= 0.11063466221094136 -0.13487913459539411 0.88075530529022228 1.0996640324592593 0.17076345533132556 -0.73440709710121144 0.29228626191616064 0.89232283830642711 -0.35692687332630152 0.82886412739753734 0.8343319594860078 0.085684716701507582 -0.72775903344154347 -1.1175977587699888 -0.28396070003509516 0.31741669774055487 -0.56086111068725575 -0.67650708556175221 0.25716689229011541 0.29997672140598303 -0.49994552135467524
decision_type= 2 2 2 2 2 2 2 2 2 2 2 2 2 2 2 2 2 2 2 2 2
left_child=1 8 6 5 12 7 9 -3 13 18 -8 -12 -5 -1 -15 -7 20 -11 -2 -6 -4
right_child=2 3 16 4 19 15 10 -9 -10 17 11 -13 -14 14 -16 -17 -18 -19 -20 -21 -22
leaf_value= 0.012676434464926939 -0.0024964901657959799 0.013579452525307865 -0.0096729441340486985 -0.002395693576918581 -0.018438903791315641 0.013087953425898788 0.0022041508000942745 0.024298722361208412 -0.0036338968352130096 -0.0026688596304014047 0.0027141835384399578 -0.021023418635807256 0.021323522665348333 0.0069393439548291738 -0.00049655247817322339 0.004829785797993728 -0.0094539061769593619 -0.019722381011168993 -0.0097457300582346959 -0.0029992920707966855 -0.018476076552644372
leaf_weight=163 431 441 155 39 73 465 525 308 450 53 85 88 113 418 572 322 952 180 328 67 325
leaf_count=163 431 441 155 39 73 465 525 308 450 53 85 88 113 418 572 322 952 180 328 67 325
model_size=2384
internal_value=0 0.00726622 -0.00798539 0.0119709 0.00263402 0.0137459 -0.00498594 0.0179874 0.0019012 -0.00802829 -0.000662143 -0.00936043 0.0152377 0.00406147 0.00264305 0.00970914 -0.0115252 -0.0158433 -0.00562923 -0.0110499 -0.0156334
internal_weight=0 3431 3122 1828 292 1536 1690 749 1603 992 698 173 152 1153 990 787 1432 233 759 140 480
internal_count=6553 3431 3122 1828 292 1536 1690 749 1603 992 698 173 152 1153 990 787 1432 233 759 140 480
is_linear=0
shrinkage=0.1


Tree=6
num_leaves= 23
num_cat= 0
full_tree_array_lgbids= 0 1 7 6 2 13 8 11 -8 4 3 15 -15 17 9 18 20 -2147483648 -2147483648 5 12 19 10 16 21 -2147483648 -2147483648 -9 -19 14 -11 -1 -20 -13 -22 -2147483648 -2147483648 -2147483648 -2147483648 -3 -7 -6 -14 -4 -21 -5 -12 -2 -18 -17 -23 -2147483648 -2147483648 -2147483648 -2147483648 -2147483648 -2147483648 -2147483648 -2147483648 -10 -16 -2147483648 -2147483648
split_feature= 2 4 5 6 6 5 2 6 3 5 7 4 2 2 7 3 5 2 6 6 0 4
split_gain= 30.1203 6.51121 2.27478 7.79111 2.60896 3.50065 1.92418 1.43087 1.65994 1.662 1.34122 1.04044 1.0022 0.701819 0.630516 0.418211 0.448388 0.376783 0.342702 0.305706 0.225719 0.156642
threshold= 0.22240778803825376 0.29228626191616064 0.65354096889495861 0.16434586793184283 -0.89988881349563588 -0.62291163206100453 -0.35692687332630152 0.48795536160469061 -0.68933159112930287 -0.78617820143699635 0.13482514768838882 -0.70120677351951588 -0.52795374393463124 0.70152944326400768 -0.51510864496231068 -1.3288813829421993 -0.3474139124155044 0.82253289222717296 -0.95239326357841492 -0.49114532768726343 0.14897394180297854 -0.60982060432434071
decision_type= 2 2 2 2 2 2 2 2 2 2 2 2 2 2 2 2 2 2 2 2 2 2
left_child=1 6 4 19 5 -3 11 13 17 14 -5 18 -6 15 -10 16 -2 -9 -1 -4 -13 -17
right_child=7 2 3 10 12 -7 -8 8 9 -11 -12 20 -14 -15 -16 21 -18 -19 -20 -21 -22 -23
leaf_value= 0.0089932735181853466 -0.028983901339498436 -0.0132756495413006 0.023822742791429583 -0.017543218197710247 0.021546043528140782 0.015187727007742069 -0.0027748297543356872 0.004061944672234784 -0.017405118029564622 -0.017787314886509226 0.0023613574389526821 0.01159389317480071 0.012124638745117993 -0.0078428831009780681 0.0024876038402156988 -0.0067911247700186712 -0.001915484215868147 -0.0094576801448984418 -0.0010660861412211638 0.0087956760765220496 0.0040465793696798187 0.0021798994505169739
leaf_weight=149 33 92 143 132 464 128 704 122 55 566 94 427 374 1205 115 175 38 147 546 78 334 432
leaf_count=149 33 92 143 132 464 128 704 122 55 566 94 427 374 1205 115 175 38 147 546 78 334 432
model_size=2496
internal_value=0 0.00610101 0.0114642 0.00447199 0.0144184 0.00328486 0.00236416 -0.00774246 -0.0115757 -0.0145908 -0.00926432 0.00484895 0.0173413 -0.00569658 -0.00394828 -0.00188199 -0.0144966 -0.0033261 0.00109052 0.0185191 0.00828141 -0.000406475
internal_weight=0 3665 1505 447 1058 220 2160 2888 1005 736 226 1456 838 1883 170 678 71 269 695 221 761 607
internal_count=6553 3665 1505 447 1058 220 2160 2888 1005 736 226 1456 838 1883 170 678 71 269 695 221 761 607
is_linear=0
shrinkage=0.1


Tree=7
num_leaves= 20
num_cat= 0
full_tree_array_lgbids= 0 1 3 6 2 15 5 7 14 4 8 -2 16 -5 10 -1 -9 -8 18 9 -6 13 -10 -2147483648 -2147483648 -17 17 -2147483648 -2147483648 12 11 -2147483648 -2147483648 -2147483648 -2147483648 -2147483648 -2147483648 -16 -20 -3 -11 -2147483648 -2147483648 -4 -15 -2147483648 -2147483648 -2147483648 -2147483648 -2147483648 -2147483648 -2147483648 -2147483648 -18 -19 -2147483648 -2147483648 -2147483648 -2147483648 -7 -14 -12 -13
split_feature= 2 4 0 2 1 7 5 6 2 2 5 3 0 7 1 6 3 5 0
split_gain= 24.1978 5.1132 1.66398 1.48264 1.02588 0.874245 0.811089 1.85825 0.47786 0.471968 0.342356 1.18876 0.386736 0.261001 0.211331 0.183425 1.17932 0.568551 0.108461
threshold= 0.11063466221094136 -0.47479055821895594 0.53016069531440746 0.47420810163021093 -0.051532631739974015 -1.2809419631958008 -0.95036792755126931 -0.30622373521327967 -0.33504875004291529 -0.36874486505985254 0.4545369297266007 -0.10433290526270864 0.31741669774055487 1.3596149086952212 -1.4077088832855222 0.40036414563655859 0.22494059801101687 -0.78617820143699635 0.23191349208354953
decision_type= 2 2 2 2 2 2 2 2 2 2 2 2 2 2 2 2 2 2 2
left_child=1 6 4 15 9 -5 7 -1 13 -3 12 -12 -7 -4 -8 -2 -17 -18 -16
right_child=3 2 8 5 -6 10 14 -9 -10 -11 11 -13 -14 -15 18 16 17 -19 -20
leaf_value= 0.020639162951130233 0.0013432222075384559 0.017898013844925519 0.0080121345970908513 -0.016732492966898629 0.0078498600710382848 -0.0029609525281695842 0.012559606806146649 -0.0013164888827782804 -0.0028546760654521745 0.0082926741982101218 -0.0047666475376374334 -0.01539351587318631 -0.0092750811345004552 -0.011453133583012405 0.00048951071351161326 0.0010988023331751614 0.0056699197687622577 -0.020521321394647074 -0.0062513203887775218
leaf_weight=99 469 514 515 216 743 842 53 137 201 211 346 404 534 33 527 172 27 112 398
leaf_count=99 469 514 515 216 743 842 53 137 201 211 346 404 534 33 527 172 27 112 398
model_size=2160
internal_value=0 0.00590347 0.00900148 -0.00648777 0.0114317 -0.00808218 0.000245901 0.00789372 0.00423833 0.0151025 -0.00720332 -0.010491 -0.00541135 0.00683996 -0.00159959 -0.00170043 -0.00629037 -0.0154338 -0.00241087
internal_weight=0 3431 2217 3122 1468 2342 1214 236 749 725 2126 750 1376 548 978 780 311 139 925
internal_count=6553 3431 2217 3122 1468 2342 1214 236 749 725 2126 750 1376 548 978 780 311 139 925
is_linear=0
shrinkage=0.1


Tree=8
num_leaves= 19
num_cat= 0
full_tree_array_lgbids= 0 1 2 5 3 4 6 -1 16 11 12 -2 7 -4 9 -2147483648 -2147483648 -7 -18 -3 -13 14 13 -2147483648 -2147483648 15 8 -2147483648 -2147483648 17 10 -2147483648 -2147483648 -2147483648 -2147483648 -2147483648 -2147483648 -2147483648 -2147483648 -2147483648 -2147483648 -2147483648 -2147483648 -5 -16 -14 -15 -2147483648 -2147483648 -2147483648 -2147483648 -6 -17 -9 -10 -2147483648 -2147483648 -2147483648 -2147483648 -8 -19 -11 -12
split_feature= 2 4 2 1 0 4 7 5 3 4 3 0 6 5 5 3 0 6
split_gain= 19.604 4.27574 2.85554 0.979704 0.678959 0.643069 0.517321 0.33874 3.18935 0.236279 0.185074 0.175931 0.15375 3.05658 0.787613 0.148971 0.128788 0.00892157
threshold= -0.21647498756647107 0.56924891471862804 0.47420810163021093 -0.051532631739974015 -1.2824143767356868 -0.77998724579811085 -1.1476808190345762 0.18079009652137759 0.32302890717983251 0.26278324425220495 0.32302890717983251 0.37605473399162298 0.48795536160469061 0.25088015198707586 -1.0830603837966917 -1.2064955830574033 0.20387880504131317 0.71536892652511608
decision_type= 2 2 2 2 2 2 2 2 2 2 2 2 2 2 2 2 2 2
left_child=1 5 4 11 -2 -1 -4 15 -9 17 -11 -3 14 -14 -5 -6 -7 -8
right_child=2 3 6 12 7 16 9 8 -10 10 -12 -13 13 -15 -16 -17 -18 -19
leaf_value= -0.00015107299957713217 0.009172211266045149 0.022365755352715257 -0.01362482419669659 -0.0058372048205799533 -0.0097457041863394395 0.0085569869047304094 -0.00659026521890575 0.0014218265178787132 -0.016216171910929413 -0.00055488471514466761 -0.0082377390874731095 0.011602719272919067 0.016505018936827629 -0.012751254028989934 0.015663505629604137 0.0022763443027286868 0.0022776192401418194 -0.013111028611426441
leaf_weight=720 150 241 318 45 88 656 862 339 221 533 312 167 99 90 253 657 485 317
leaf_count=720 150 241 318 45 88 656 862 339 221 533 312 167 99 90 253 657 485 317
model_size=2048
internal_value=0 0.00657606 -0.00477315 0.0128652 -0.000747771 0.00355145 -0.00727397 -0.001888 -0.00553888 -0.00627615 -0.00339163 0.0179603 0.00859667 0.00257346 0.0124168 0.00085629 0.00588784 -0.00834352
internal_weight=0 2756 3797 895 1455 1861 2342 1305 560 2024 845 408 487 189 298 745 1141 1179
internal_count=6553 2756 3797 895 1455 1861 2342 1305 560 2024 845 408 487 189 298 745 1141 1179
is_linear=0
shrinkage=0.1


Tree=9
num_leaves= 18
num_cat= 0
full_tree_array_lgbids= 0 1 2 8 3 7 9 -1 13 -3 4 14 -9 12 10 -2147483648 -2147483648 -10 -15 -2147483648 -2147483648 6 5 -2 15 -2147483648 -2147483648 -4 -14 16 11 -2147483648 -2147483648 -2147483648 -2147483648 -2147483648 -2147483648 -2147483648 -2147483648 -2147483648 -2147483648 -2147483648 -2147483648 -5 -8 -6 -7 -2147483648 -2147483648 -16 -17 -2147483648 -2147483648 -2147483648 -2147483648 -2147483648 -2147483648 -2147483648 -2147483648 -11 -18 -12 -13
split_feature= 2 4 2 1 5 6 7 0 1 5 3 6 0 0 5 3 6
split_gain= 15.6739 2.8821 2.1934 0.653142 0.455032 1.65869 0.414911 0.383435 0.355961 0.234888 0.819606 0.283118 0.269124 0.186146 0.135009 0.583723 0.119797
threshold= -0.24277038127183911 0.56924891471862804 0.4504156112670899 -1.3718686103820799 1.0709915757179262 -0.24426137655973432 1.2522990703582761 0.34253489971160894 -0.72185000777244557 0.4545369297266007 -0.36263959109783167 -0.56123605370521534 0.14897394180297854 -0.61639648675918568 0.23002466559410104 -0.19819757342338556 0.81695055961608898
decision_type= 2 2 2 2 2 2 2 2 2 2 2 2 2 2 2 2 2
left_child=1 8 7 -3 6 -6 -5 14 -1 12 16 -12 -4 -10 -2 -16 -11
right_child=2 3 9 4 5 -7 -8 -9 13 10 11 -13 -14 -15 15 -17 -18
leaf_value= 0.0078957153038279482 0.0052819795566929895 0.028938910787781848 -0.0022124478361007275 0.013854900304706558 0.018550467002644854 -0.01022045125621281 -0.0013119407843000122 -0.0042071633261248857 0.0064355418459089726 -0.00047017726636530374 -0.0060604884918228942 -0.016876075639770574 -0.0080641299857594981 -0.00023446712323599265 0.0053080578598211393 -0.0082747599656983802 -0.014563454584966072
leaf_weight=496 491 52 867 617 53 84 70 606 389 253 168 347 683 943 159 199 76
leaf_count=496 491 52 867 617 53 84 70 606 389 253 168 347 683 943 159 199 76
model_size=1936
internal_value=0 0.00602245 -0.0042309 0.0115138 0.0104142 0.000909904 0.0123095 -0.000521502 0.00339092 -0.00648535 -0.00959708 -0.0133479 -0.00479096 0.00171346 0.00210925 -0.00224217 -0.00372577
internal_weight=0 2704 3849 876 824 137 687 1455 1828 2394 844 515 1550 1332 849 358 329
internal_count=6553 2704 3849 876 824 137 687 1455 1828 2394 844 515 1550 1332 849 358 329
is_linear=0
shrinkage=0.1


Tree=10
num_leaves= 12
num_cat= 0
full_tree_array_lgbids= 0 1 5 6 2 -2 9 7 -8 4 3 -2147483648 -2147483648 -7 -11 -1 -9 -2147483648 -2147483648 8 -6 -4 10 -2147483648 -2147483648 -2147483648 -2147483648 -2147483648 -2147483648 -2147483648 -2147483648 -2147483648 -2147483648 -2147483648 -2147483648 -2147483648 -2147483648 -2147483648 -2147483648 -3 -10 -2147483648 -2147483648 -2147483648 -2147483648 -5 -12 -2147483648 -2147483648 -2147483648 -2147483648 -2147483648 -2147483648 -2147483648 -2147483648 -2147483648 -2147483648 -2147483648 -2147483648 -2147483648 -2147483648 -2147483648 -2147483648
split_feature= 2 4 6 5 2 7 5 6 1 4 3
split_gain= 12.4762 2.92034 1.08733 1.73963 0.745176 0.411186 0.348421 1.25376 0.3414 0.158385 0.145754
threshold= 0.22240778803825376 -0.77998724579811085 1.1849914193153381 -0.75430628657340992 -0.66439446806907643 -1.0123478770256038 -0.95036792755126931 -0.30622373521327967 -0.4492183774709701 0.73437872529029857 -0.094840135425329194
decision_type= 2 2 2 2 2 2 2 2 2 2 2
left_child=1 6 4 -4 8 -2 7 -1 -3 -7 -5
right_child=5 2 3 10 -6 9 -8 -9 -10 -11 -12
leaf_value= 0.018344130483188333 -0.010016681226709614 0.014603159149890868 0.014799959175953909 0.0013822202258291156 0.0043434893316342659 -0.0054358921037100435 -0.0033581665324554904 -0.0043731342765845746 0.0073026752981892457 -0.00022702094407950661 -0.012119459415533641
leaf_weight=87 513 419 84 121 1180 1751 781 95 745 624 153
leaf_count=87 513 419 84 121 1180 1751 781 95 745 624 153
model_size=1264
internal_value=0 0.00403778 0.00601062 -0.00123975 0.00711798 -0.00512412 -0.00149765 0.00648622 0.0099306 -0.00406733 -0.00615704
internal_weight=0 3665 2702 358 2344 2888 963 182 1164 2375 274
internal_count=6553 3665 2702 358 2344 2888 963 182 1164 2375 274
is_linear=0
shrinkage=0.1


Tree=11
num_leaves= 11
num_cat= 0
full_tree_array_lgbids= 0 1 2 4 -3 3 -4 -1 -6 -2147483648 -2147483648 7 5 -2147483648 -2147483648 -2147483648 -2147483648 -2147483648 -2147483648 -2147483648 -2147483648 -2147483648 -2147483648 8 9 -5 6 -2147483648 -2147483648 -2147483648 -2147483648 -2147483648 -2147483648 -2147483648 -2147483648 -2147483648 -2147483648 -2147483648 -2147483648 -2147483648 -2147483648 -2147483648 -2147483648 -2147483648 -2147483648 -2147483648 -2147483648 -2 -10 -9 -11 -2147483648 -2147483648 -7 -8 -2147483648 -2147483648 -2147483648 -2147483648 -2147483648 -2147483648 -2147483648 -2147483648
split_feature= 2 4 2 4 1 3 6 6 3 3
split_gain= 10.2562 1.4618 1.45867 1.14975 0.522546 0.192906 1.41302 0.0650784 1.74551 1.53069
threshold= -0.31999127566814417 0.8823601007461549 0.89601022005081188 0.26278324425220495 -0.041156854480504983 0.76222687959671032 0.023997919633984569 -0.36684532463550562 -0.5971354842185973 0.28624123334884649
decision_type= 2 2 2 2 2 2 2 2 2 2
left_child=1 4 3 7 -1 -5 -7 8 -2 -9
right_child=2 -3 -4 5 -6 6 -8 9 -10 -11
leaf_value= 0.0064124331402746568 -0.010857047380912784 0.011169331701624543 -0.0067706884147780595 0.004019717438922669 0.00065488720350739685 0.0063200215219694662 -0.01303433277644217 -0.001631677792148727 0.0042908991066511219 -0.012485720066696043
leaf_weight=986 182 567 1406 818 995 127 145 537 401 389
leaf_count=986 182 567 1406 818 995 127 145 537 401 389
model_size=1152
internal_value=0 0.00522264 -0.00332267 -0.00145737 0.00352058 0.00201908 -0.00399756 -0.00396851 -0.000437962 -0.00619131
internal_weight=0 2548 4005 2599 1981 1090 272 1509 583 926
internal_count=6553 2548 4005 2599 1981 1090 272 1509 583 926
is_linear=0
shrinkage=0.1


Tree=12
num_leaves= 13
num_cat= 0
full_tree_array_lgbids= 0 1 2 -1 6 3 -4 -2147483648 -2147483648 8 7 4 11 -2147483648 -2147483648 -2147483648 -2147483648 -2147483648 -2147483648 -3 -10 -8 9 10 5 -5 -13 -2147483648 -2147483648 -2147483648 -2147483648 -2147483648 -2147483648 -2147483648 -2147483648 -2147483648 -2147483648 -2147483648 -2147483648 -2147483648 -2147483648 -2147483648 -2147483648 -2147483648 -2147483648 -9 -11 -2 -12 -6 -7 -2147483648 -2147483648 -2147483648 -2147483648 -2147483648 -2147483648 -2147483648 -2147483648 -2147483648 -2147483648 -2147483648 -2147483648
split_feature= 2 4 2 0 5 3 5 6 7 7 4 1
split_gain= 8.05856 1.03988 0.988074 0.406958 0.331688 1.52012 0.313224 1.29989 0.154864 0.121848 0.0171349 0.00479623
threshold= -0.31999127566814417 -0.3957854956388473 0.70152944326400768 0.30019079148769384 0.21436554193496707 -0.15349696576595304 0.93321415781974804 -0.35292859375476832 1.3319286108016972 -0.035873169079422951 0.67379841208457958 0.96235644817352306
decision_type= 2 2 2 2 2 2 2 2 2 2 2 2
left_child=1 -1 3 4 10 -6 8 -8 -3 -9 -2 -5
right_child=2 6 -4 11 5 -7 7 9 -10 -11 -12 -13
leaf_value= 0.00091836913488349114 0.0016452667897796846 0.0094953628790694581 -0.0055208679342926845 -0.0057464975861335373 0.0049306503532362744 -0.0092542341602575417 0.011915040113706525 -0.014071062280100353 -0.0022007414552250078 0.0019308439263784627 0.010298789106205936 0.0035532505615620035
leaf_weight=957 519 1158 1822 740 249 286 127 98 105 103 225 164
leaf_count=957 519 1158 1822 740 249 286 127 98 105 103 225 164
model_size=1376
internal_value=0 0.00470037 -0.0029904 -0.000878394 0.00136993 -0.0026523 0.00697528 0.00101562 0.008523 -0.00587108 0.00426226 -0.00405938
internal_weight=0 2548 4005 2183 1279 535 1591 328 1263 201 744 904
internal_count=6553 2548 4005 2183 1279 535 1591 328 1263 201 744 904
is_linear=0
shrinkage=0.1


Tree=13
num_leaves= 13
num_cat= 0
full_tree_array_lgbids= 0 1 4 11 2 10 5 -1 -13 7 3 -2 -12 -6 6 -2147483648 -2147483648 -2147483648 -2147483648 8 9 -4 -5 -2147483648 -2147483648 -2147483648 -2147483648 -2147483648 -2147483648 -7 -8 -2147483648 -2147483648 -2147483648 -2147483648 -2147483648 -2147483648 -2147483648 -2147483648 -3 -10 -9 -11 -2147483648 -2147483648 -2147483648 -2147483648 -2147483648 -2147483648 -2147483648 -2147483648 -2147483648 -2147483648 -2147483648 -2147483648 -2147483648 -2147483648 -2147483648 -2147483648 -2147483648 -2147483648 -2147483648 -2147483648
split_feature= 2 4 5 6 6 3 5 6 5 3 0 1
split_gain= 6.36159 1.33434 0.648937 1.68664 0.274076 0.881434 0.938475 0.214899 2.96259 0.705951 0.0885528 0.027936
threshold= 0.11063466221094136 0.21189168095588687 1.2262418270111082 -0.46191291511058802 0.40036414563655859 -0.53535610437393177 -0.78617820143699635 -1.1006352305412288 -0.29158644378185267 0.9556151330471041 0.9240403175354005 -0.79297658801078785
decision_type= 2 2 2 2 2 2 2 2 2 2 2 2
left_child=1 11 7 -4 10 -6 -7 8 -3 -9 -2 -1
right_child=4 2 3 -5 5 6 -8 9 -10 -11 -12 -13
leaf_value= 0.0051284006498433891 -0.00053608536319353054 -0.016002837685195524 0.01568725870370313 -0.012269856310479391 -0.00012660014785266155 0.00017098193512015799 -0.012014298717222236 0.011039551475674137 0.013589628183716299 0.00082342770644058686 -0.0068612085036537209 -0.00062130274785858518
leaf_weight=500 1533 90 54 117 370 188 622 898 101 230 409 1441
leaf_count=500 1533 90 54 117 370 188 622 898 101 230 409 1441
model_size=1376
internal_value=0 0.00323977 0.00634009 -0.00344129 -0.00356042 -0.00634542 -0.00918611 0.00760819 -0.000354466 0.00895648 -0.0018682 0.000859816
internal_weight=0 3431 1490 171 3122 1180 810 1319 191 1128 1942 1941
internal_count=6553 3431 1490 171 3122 1180 810 1319 191 1128 1942 1941
is_linear=0
shrinkage=0.1


Tree=14
num_leaves= 7
num_cat= 0
full_tree_array_lgbids= 0 3 1 -1 -5 2 4 -2147483648 -2147483648 -2147483648 -2147483648 -2 5 -3 -6 -2147483648 -2147483648 -2147483648 -2147483648 -2147483648 -2147483648 -2147483648 -2147483648 -2147483648 -2147483648 -4 -7 -2147483648 -2147483648 -2147483648 -2147483648
split_feature= 2 7 3 1 4 5
split_gain= 5.16485 0.778384 0.701921 0.428156 0.365271 0.193619
threshold= -0.36874486505985254 -0.63094553351402272 0.38624238967895513 -0.041156854480504983 0.64830824732780468 -0.77255976200103749
decision_type= 2 2 2 2 2 2
left_child=3 2 -2 -1 -3 -4
right_child=1 4 5 -5 -6 -7
leaf_value= 0.0067402785141341993 -0.0026625713376871619 -0.0025030933714033339 -0.0014264628235832789 0.0015186283915473782 0.0026480786944373608 -0.014084916713880374
leaf_weight=1186 750 2030 120 1258 859 350
leaf_count=1186 750 2030 120 1258 859 350
model_size=704
internal_value=0 -0.00241042 -0.00581789 0.00405254 -0.000971471 -0.010853
internal_weight=0 4109 1220 2444 2889 470
internal_count=6553 4109 1220 2444 2889 470
is_linear=0
shrinkage=0.1


Tree=15
num_leaves= 6
num_cat= 0
full_tree_array_lgbids= 0 1 -2 2 -3 -2147483648 -2147483648 3 -4 -2147483648 -2147483648 -2147483648 -2147483648 -2147483648 -2147483648 -1 4 -2147483648 -2147483648 -2147483648 -2147483648 -2147483648 -2147483648 -2147483648 -2147483648 -2147483648 -2147483648 -2147483648 -2147483648 -2147483648 -2147483648 -2147483648 -2147483648 -5 -6 -2147483648 -2147483648 -2147483648 -2147483648 -2147483648 -2147483648 -2147483648 -2147483648 -2147483648 -2147483648 -2147483648 -2147483648 -2147483648 -2147483648 -2147483648 -2147483648 -2147483648 -2147483648 -2147483648 -2147483648 -2147483648 -2147483648 -2147483648 -2147483648 -2147483648 -2147483648 -2147483648 -2147483648
split_feature= 2 0 1 6 3
split_gain= 4.2848 1.14362 0.408117 0.128145 0.662133
threshold= 0.41311286389827734 0.24408297240734103 -0.041156854480504983 0.76581475138664257 -0.15349696576595304
decision_type= 2 2 2 2 2
left_child=1 2 3 -1 -5
right_child=-2 -3 -4 4 -6
leaf_value= 0.0090678393209071423 -0.0037354516633788617 -0.000573949435742632 0.0016819296416991755 0.01020162610411916 -0.0055738726987945453
leaf_weight=863 2472 1723 1181 137 177
leaf_count=863 2472 1723 1181 137 177
model_size=592
internal_value=0 0.00226269 0.00433543 0.00699795 0.00130907
internal_weight=0 4081 2358 1177 314
internal_count=6553 4081 2358 1177 314
is_linear=0
shrinkage=0.1


Tree=16
num_leaves= 7
num_cat= 0
full_tree_array_lgbids= 0 5 1 -1 -7 -2 2 -2147483648 -2147483648 -2147483648 -2147483648 -2147483648 -2147483648 -3 3 -2147483648 -2147483648 -2147483648 -2147483648 -2147483648 -2147483648 -2147483648 -2147483648 -2147483648 -2147483648 -2147483648 -2147483648 -2147483648 -2147483648 -4 4 -2147483648 -2147483648 -2147483648 -2147483648 -2147483648 -2147483648 -2147483648 -2147483648 -2147483648 -2147483648 -2147483648 -2147483648 -2147483648 -2147483648 -2147483648 -2147483648 -2147483648 -2147483648 -2147483648 -2147483648 -2147483648 -2147483648 -2147483648 -2147483648 -2147483648 -2147483648 -2147483648 -2147483648 -2147483648 -2147483648 -5 -6
split_feature= 2 7 4 3 6 4
split_gain= 3.43461 0.732375 0.642991 0.359917 1.3208 0.221122
threshold= -0.62022417783737172 -1.2686905264854433 -0.3957854956388473 0.77286869287490856 -0.10207844525575639 0.73437872529029857
decision_type= 2 2 2 2 2 2
left_child=5 -2 -3 -4 -5 -1
right_child=1 2 3 4 -6 -7
leaf_value= 0.0024524824556124512 -0.0081848252684302829 -0.0038073924678250996 0.0020019468979084725 0.0032920012659425932 -0.0095440762536995981 0.0087110536644369064
leaf_weight=1369 434 1576 2007 285 353 529
leaf_count=1369 434 1576 2007 285 353 529
model_size=704
internal_value=0 -0.00171119 -0.00104558 0.000600026 -0.00381009 0.00419684
internal_weight=0 4655 4221 2645 638 1898
internal_count=6553 4655 4221 2645 638 1898
is_linear=0
shrinkage=0.1


Tree=17
num_leaves= 8
num_cat= 0
full_tree_array_lgbids= 0 1 -2 -1 2 -2147483648 -2147483648 -2147483648 -2147483648 4 3 -2147483648 -2147483648 -2147483648 -2147483648 -2147483648 -2147483648 -2147483648 -2147483648 5 6 -4 -5 -2147483648 -2147483648 -2147483648 -2147483648 -2147483648 -2147483648 -2147483648 -2147483648 -2147483648 -2147483648 -2147483648 -2147483648 -2147483648 -2147483648 -2147483648 -2147483648 -3 -7 -6 -8 -2147483648 -2147483648 -2147483648 -2147483648 -2147483648 -2147483648 -2147483648 -2147483648 -2147483648 -2147483648 -2147483648 -2147483648 -2147483648 -2147483648 -2147483648 -2147483648 -2147483648 -2147483648 -2147483648 -2147483648
split_feature= 2 1 4 0 6 5 5
split_gain= 2.76306 0.89806 0.761287 0.274366 0.0841301 1.84664 0.434544
threshold= 0.4504156112670899 -1.1882524490356443 -0.99983337521553006 -0.78353172540664662 -0.43798314034938807 0.012622401118278507 0.93321415781974804
decision_type= 2 2 2 2 2 2 2
left_child=1 -1 4 -4 5 -3 -6
right_child=-2 2 3 -5 6 -7 -8
leaf_value= 0.0081289107256687747 -0.0032783720910830555 0.012768826009987883 0.0061870485155309206 0.00087047167173773081 -0.0099896720878563244 -0.0099073891194533196 0.0055379719793890725
leaf_weight=495 2394 132 741 2214 374 114 89
leaf_count=495 2394 132 741 2214 374 114 89
model_size=816
internal_value=0 0.00188709 0.00104384 0.00220366 -0.00379015 0.00226034 -0.00700488
internal_weight=0 4159 3664 2955 709 246 463
internal_count=6553 4159 3664 2955 709 246 463
is_linear=0
shrinkage=0.1


Tree=18
num_leaves= 11
num_cat= 0
full_tree_array_lgbids= 0 -1 1 -2147483648 -2147483648 4 2 -2147483648 -2147483648 -2147483648 -2147483648 5 6 9 3 -2147483648 -2147483648 -2147483648 -2147483648 -2147483648 -2147483648 -2147483648 -2147483648 -2 -7 8 7 -3 -11 -4 -5 -2147483648 -2147483648 -2147483648 -2147483648 -2147483648 -2147483648 -2147483648 -2147483648 -2147483648 -2147483648 -2147483648 -2147483648 -2147483648 -2147483648 -2147483648 -2147483648 -2147483648 -2147483648 -2147483648 -2147483648 -6 -10 -8 -9 -2147483648 -2147483648 -2147483648 -2147483648 -2147483648 -2147483648 -2147483648 -2147483648
split_feature= 2 6 3 5 3 5 5 3 3 2
split_gain= 2.24022 0.48392 2.58503 0.921357 0.449471 3.28327 1.43232 1.47036 0.345518 0.0364103
threshold= -0.73440709710121144 0.48795536160469061 0.03902785666286946 -0.88524380326271046 -1.1720492243766782 -0.3474139124155044 0.69890433549880993 0.46739728748798381 -0.63953381776809681 1.1354576945304873
decision_type= 2 2 2 2 2 2 2 2 2 2
left_child=-1 4 9 -4 5 -2 8 -8 -6 -3
right_child=1 2 3 -5 6 -7 7 -9 -10 -11
leaf_value= 0.0039933061080231575 -0.017770760301569408 0.0027891125426571356 0.0012932910722839898 -0.01118985146788125 -0.0027979036626753825 0.0030591271894391033 0.00053607919150960967 -0.012036510137180594 0.0043911333910778387 -0.007910792346737654
leaf_weight=1664 186 686 181 698 405 247 473 282 1588 143
leaf_count=1664 186 686 181 698 405 247 473 282 1588 143
model_size=1152
internal_value=0 -0.00135915 -0.00397795 -0.00861938 4.6992e-05 -0.00588858 0.000982256 -0.00415991 0.00293024 0.000943411
internal_weight=0 4889 1708 879 3181 433 2748 755 1993 829
internal_count=6553 4889 1708 879 3181 433 2748 755 1993 829
is_linear=0
shrinkage=0.1


Tree=19
num_leaves= 3
num_cat= 0
full_tree_array_lgbids= 0 1 -2 -1 -3 -2147483648 -2147483648
split_feature= 2 0
split_gain= 1.57574 0.453524
threshold= 0.2851275652647019 -0.11098424345254898
decision_type= 2 2
left_child=1 -1
right_child=-2 -3
leaf_value= 0.0041481917267272026 -0.0024776075576591599 -0.00022332244858133603
leaf_weight=1757 2758 2038
leaf_count=1757 2758 2038
model_size=256
internal_value=0 0.00180059
internal_weight=0 3795
internal_count=6553 3795
is_linear=0
shrinkage=0.1


Tree=20
num_leaves= 5
num_cat= 0
full_tree_array_lgbids= 0 -1 1 -2147483648 -2147483648 2 3 -2147483648 -2147483648 -2147483648 -2147483648 -2 -4 -3 -5
split_feature= 2 7 3 4
split_gain= 1.24617 0.18556 0.0553885 0.00649109
threshold= -0.73440709710121144 -0.88851091265678395 -0.5971354842185973 0.29228626191616064
decision_type= 2 2 2 2
left_child=-1 2 -2 -3
right_child=1 3 -4 -5
leaf_value= 0.0034166472062172313 0.00077615534296955016 -0.0017969124763645467 -0.0070884099798103704 0.0020420040593441767
leaf_weight=1664 337 2277 712 1563
leaf_count=1664 337 2277 712 1563
model_size=480
internal_value=0 -0.00116288 -0.00456185 -0.000234353
internal_weight=0 4889 1049 3840
internal_count=6553 4889 1049 3840
is_linear=0
shrinkage=0.1


Tree=21
num_leaves= 11
num_cat= 0
full_tree_array_lgbids= 0 4 1 5 6 -2 2 9 -7 -6 7 -2147483648 -2147483648 3 -4 -1 -11 -2147483648 -2147483648 -2147483648 -2147483648 -8 8 -2147483648 -2147483648 -2147483648 -2147483648 -3 -5 -2147483648 -2147483648 -2147483648 -2147483648 -2147483648 -2147483648 -2147483648 -2147483648 -2147483648 -2147483648 -2147483648 -2147483648 -2147483648 -2147483648 -2147483648 -2147483648 -9 -10 -2147483648 -2147483648 -2147483648 -2147483648 -2147483648 -2147483648 -2147483648 -2147483648 -2147483648 -2147483648 -2147483648 -2147483648 -2147483648 -2147483648 -2147483648 -2147483648
split_feature= 5 3 6 7 3 6 6 4 7 7
split_gain= 0.893875 3.62446 2.41496 0.969745 0.795105 3.74335 1.62171 1.89516 1.03975 0.402964
threshold= 0.18079009652137759 -0.19819757342338556 -0.59995731711387623 -0.57505470514297474 -0.85128265619277943 0.023997919633984569 0.64664298295974743 0.24804390221834183 -0.87413856387138356 0.17602325975894934
decision_type= 2 2 2 2 2 2 2 2 2 2
left_child=4 -2 3 -3 5 9 -6 -8 -9 -1
right_child=1 2 -4 -5 6 -7 7 8 -10 -11
leaf_value= -0.0044877133753458516 0.002557597862328162 -0.0093966140322542455 -0.0089735696766852554 0.0062072471000984711 0.0050458351595950458 0.0054033445507174239 -0.0073673770864109093 -0.010174681008145024 0.0096615026746302915 -0.017331084219569508
leaf_weight=236 1277 135 1127 334 2010 393 488 79 276 198
leaf_count=236 1277 135 1127 334 2010 393 488 79 276 198
model_size=1152
internal_value=0 -0.0021032 -0.00583242 0.00171573 0.00164198 -0.00286232 0.00294764 -0.00205517 0.00524725 -0.0103471
internal_weight=0 2873 1596 469 3680 827 2853 843 355 434
internal_count=6553 2873 1596 469 3680 827 2853 843 355 434
is_linear=0
shrinkage=0.1


Tree=22
num_leaves= 9
num_cat= 0
full_tree_array_lgbids= 0 1 -2 -1 2 -2147483648 -2147483648 -2147483648 -2147483648 4 3 -2147483648 -2147483648 -2147483648 -2147483648 -2147483648 -2147483648 -2147483648 -2147483648 5 6 -4 7 -2147483648 -2147483648 -2147483648 -2147483648 -2147483648 -2147483648 -2147483648 -2147483648 -2147483648 -2147483648 -2147483648 -2147483648 -2147483648 -2147483648 -2147483648 -2147483648 -3 -7 -6 -8 -2147483648 -2147483648 -5 -9 -2147483648 -2147483648 -2147483648 -2147483648 -2147483648 -2147483648 -2147483648 -2147483648 -2147483648 -2147483648 -2147483648 -2147483648 -2147483648 -2147483648 -2147483648 -2147483648
split_feature= 2 1 6 3 4 5 5 5
split_gain= 0.780447 0.384625 0.236921 1.56459 0.396174 0.974268 0.675156 0.218047
threshold= 0.60325127840042125 -1.1993861794471739 0.64664298295974743 -0.16804680228233337 -0.60982060432434071 -0.18833094090223307 -1.2406408786773684 -0.82036203145980824
decision_type= 2 2 2 2 2 2 2 2
left_child=1 -1 4 -4 5 -3 -6 -5
right_child=-2 2 3 7 6 -7 -8 -9
leaf_value= 0.0067078329636604487 -0.0027242769468578585 0.0041963550010618664 0.0030800977373466824 0.0023108050211217918 -0.0055490829724973694 -0.0064597547672339724 0.004676330982276428 -0.0096185942725998536
leaf_weight=525 2030 361 516 146 225 500 1727 523
leaf_count=525 2030 361 516 146 225 500 1727 523
model_size=928
internal_value=0 0.0012227 0.000502419 -0.00261925 0.00181745 -0.00199186 0.00349768 -0.00701517
internal_weight=0 4523 3998 1185 2813 861 1952 669
internal_count=6553 4523 3998 1185 2813 861 1952 669
is_linear=0
shrinkage=0.1


Tree=23
num_leaves= 2
num_cat= 0
full_tree_array_lgbids= 0 -1 -2
split_feature= 2
split_gain= 0.50535
threshold= -0.6779712140560149
decision_type= 2
left_child=-1
right_child=-2
leaf_value= 0.0027987957171267241 -0.0010550618950891687
leaf_weight=1794 4759
leaf_count=1794 4759
model_size=144
internal_value=0
internal_weight=0
internal_count=6553
is_linear=0
shrinkage=0.1


Tree=24
num_leaves= 6
num_cat= 0
full_tree_array_lgbids= 0 1 -2 -1 2 -2147483648 -2147483648 -2147483648 -2147483648 -3 3 -2147483648 -2147483648 -2147483648 -2147483648 -2147483648 -2147483648 -2147483648 -2147483648 -2147483648 -2147483648 4 -5 -2147483648 -2147483648 -2147483648 -2147483648 -2147483648 -2147483648 -2147483648 -2147483648 -2147483648 -2147483648 -2147483648 -2147483648 -2147483648 -2147483648 -2147483648 -2147483648 -2147483648 -2147483648 -2147483648 -2147483648 -4 -6 -2147483648 -2147483648 -2147483648 -2147483648 -2147483648 -2147483648 -2147483648 -2147483648 -2147483648 -2147483648 -2147483648 -2147483648 -2147483648 -2147483648 -2147483648 -2147483648 -2147483648 -2147483648
split_feature= 0 5 3 6 7
split_gain= 0.423255 0.172499 1.11091 0.734412 0.217356
threshold= -0.11098424345254898 0.099228095263242735 -0.031700745224952691 -0.68856987357139576 -0.57505470514297474
decision_type= 2 2 2 2 2
left_child=1 -1 -3 4 -4
right_child=-2 2 3 -5 -6
leaf_value= 0.0039171339398343386 -0.0015624090269727221 0.0038456563116329293 -0.010100643814075739 -0.0079458008467587892 0.010738342278278792
leaf_weight=1654 3522 649 54 544 130
leaf_count=1654 3522 649 54 544 130
model_size=592
internal_value=0 0.00181551 -0.000708885 -0.00476918 0.00462255
internal_weight=0 3031 1377 728 184
internal_count=6553 3031 1377 728 184
is_linear=0
shrinkage=0.1


Tree=25
num_leaves= 4
num_cat= 0
full_tree_array_lgbids= 0 -1 1 -2147483648 -2147483648 -2 2 -2147483648 -2147483648 -2147483648 -2147483648 -2147483648 -2147483648 -3 -4
split_feature= 1 7 4
split_gain= 0.35785 0.257129 0.113902
threshold= -1.0771715641021729 -1.2588718533515932 -0.3957854956388473
decision_type= 2 2 2
left_child=-1 -2 -3
right_child=1 2 -4
leaf_value= 0.0038832789778492881 -0.0061526946813721985 -0.0024190036474724917 0.0012311200492890893
leaf_weight=1014 523 1889 3127
leaf_count=1014 523 1889 3127
model_size=368
internal_value=0 -0.000710895 -0.000143498
internal_weight=0 5539 5016
internal_count=6553 5539 5016
is_linear=0
shrinkage=0.1


Tree=26
num_leaves= 8
num_cat= 0
full_tree_array_lgbids= 0 1 -2 -1 2 -2147483648 -2147483648 -2147483648 -2147483648 4 3 -2147483648 -2147483648 -2147483648 -2147483648 -2147483648 -2147483648 -2147483648 -2147483648 5 -6 -4 6 -2147483648 -2147483648 -2147483648 -2147483648 -2147483648 -2147483648 -2147483648 -2147483648 -2147483648 -2147483648 -2147483648 -2147483648 -2147483648 -2147483648 -2147483648 -2147483648 -3 -7 -2147483648 -2147483648 -2147483648 -2147483648 -5 -8 -2147483648 -2147483648 -2147483648 -2147483648 -2147483648 -2147483648 -2147483648 -2147483648 -2147483648 -2147483648 -2147483648 -2147483648 -2147483648 -2147483648 -2147483648 -2147483648
split_feature= 2 4 5 6 6 5 7
split_gain= 0.290808 0.175531 0.25083 3.86275 1.46203 1.36627 0.399316
threshold= 0.93685343861579906 0.29228626191616064 0.65354096889495861 0.05517734773457051 -1.1006352305412288 -0.29158644378185267 0.13482514768838882
decision_type= 2 2 2 2 2 2 2
left_child=1 -1 4 -4 5 -3 -5
right_child=-2 2 3 6 -6 -7 -8
leaf_value= -0.00065099957034352575 -0.003244901811960123 -0.015888867354611074 0.0082390389357755497 -0.01619209748098387 0.006647499623631415 0.0073846428728007443 -0.0013194847486114928
leaf_weight=3085 1328 123 308 198 1273 91 147
leaf_count=3085 1328 123 308 198 1273 91 147
model_size=816
internal_value=0 0.000824733 0.00295213 -0.00132064 0.00482847 -0.00599219 -0.00985507
internal_weight=0 5225 2140 653 1487 214 345
internal_count=6553 5225 2140 653 1487 214 345
is_linear=0
shrinkage=0.1


Tree=27
num_leaves= 6
num_cat= 0
full_tree_array_lgbids= 0 1 -2 -1 2 -2147483648 -2147483648 -2147483648 -2147483648 -3 3 -2147483648 -2147483648 -2147483648 -2147483648 -2147483648 -2147483648 -2147483648 -2147483648 -2147483648 -2147483648 4 -5 -2147483648 -2147483648 -2147483648 -2147483648 -2147483648 -2147483648 -2147483648 -2147483648 -2147483648 -2147483648 -2147483648 -2147483648 -2147483648 -2147483648 -2147483648 -2147483648 -2147483648 -2147483648 -2147483648 -2147483648 -4 -6 -2147483648 -2147483648 -2147483648 -2147483648 -2147483648 -2147483648 -2147483648 -2147483648 -2147483648 -2147483648 -2147483648 -2147483648 -2147483648 -2147483648 -2147483648 -2147483648 -2147483648 -2147483648
split_feature= 0 5 3 6 7
split_gain= 0.0607559 0.0610889 0.984293 1.26128 0.200415
threshold= 0.25716689229011541 0.099228095263242735 -0.46587614715099329 -0.56123605370521534 -0.57505470514297474
decision_type= 2 2 2 2 2
left_child=1 -1 -3 4 -4
right_child=-2 2 3 -5 -6
leaf_value= 0.0031583168828725424 -0.0018034853568721918 0.0041751192919365432 -0.0074443777229598902 -0.0070131108906086731 0.0080165560551201543
leaf_weight=2060 2752 620 98 772 251
leaf_count=2060 2752 620 98 772 251
model_size=592
internal_value=0 0.00130576 -0.000886238 -0.00368556 0.00367509
internal_weight=0 3801 1741 1121 349
internal_count=6553 3801 1741 1121 349
is_linear=0
shrinkage=0.1


end of trees

feature_importances:
Column_5=73
Column_6=57
Column_2=54
Column_3=48
Column_4=46
Column_0=35
Column_7=28
Column_1=23

parameters:
[boosting: gbdt]
[objective: regression]
[metric: rmse]
[tree_learner: serial]
[device_type: cpu]
[data_sample_strategy: bagging]
[data: data/kin8nm.libsvm.train]
[valid: data/kin8nm.libsvm.test]
[num_iterations: 10000]
[learning_rate: 0.1]
[num_leaves: 255]
[num_threads: 0]
[seed: 42]
[deterministic: 0]
[force_col_wise: 0]
[force_row_wise: 0]
[histogram_pool_size: -1]
[max_depth: 5]
[min_data_in_leaf: 10]
[min_sum_hessian_in_leaf: 0.001]
[bagging_fraction: 1]
[pos_bagging_fraction: 1]
[neg_bagging_fraction: 1]
[bagging_freq: 0]
[bagging_seed: 400]
[feature_fraction: 1]
[feature_fraction_bynode: 1]
[feature_fraction_seed: 30056]
[extra_trees: 0]
[extra_seed: 12879]
[early_stopping_round: 0]
[early_stopping_min_delta: 0]
[first_metric_only: 0]
[max_delta_step: 0]
[lambda_l1: 0]
[lambda_l2: 0]
[linear_lambda: 0]
[min_gain_to_split: 0]
[drop_rate: 0.1]
[max_drop: 50]
[skip_drop: 0.5]
[xgboost_dart_mode: 0]
[uniform_drop: 0]
[drop_seed: 17869]
[top_rate: 0.2]
[other_rate: 0.1]
[min_data_per_group: 100]
[max_cat_threshold: 32]
[cat_l2: 10]
[cat_smooth: 10]
[max_cat_to_onehot: 4]
[top_k: 20]
[monotone_constraints: ]
[monotone_constraints_method: basic]
[monotone_penalty: 0]
[feature_contri: ]
[forcedsplits_filename: ]
[refit_decay_rate: 0.9]
[tinygbdt_penalty_feature: 0.03125]
[tinygbdt_penalty_split: 0.00195312]
[tinygbdt_forestsize: 64000]
[tinygbdt_precision: 7]
[cegb_tradeoff: 1]
[cegb_penalty_split: 0]
[cegb_penalty_feature_lazy: ]
[cegb_penalty_feature_coupled: ]
[path_smooth: 0]
[interaction_constraints: ]
[verbosity: 2]
[saved_feature_importance_type: 0]
[use_quantized_grad: 0]
[num_grad_quant_bins: 4]
[quant_train_renew_leaf: 0]
[stochastic_rounding: 1]
[linear_tree: 0]
[max_bin: 255]
[max_bin_by_feature: ]
[min_data_in_bin: 3]
[bin_construct_sample_cnt: 200000]
[data_random_seed: 175]
[is_enable_sparse: 1]
[enable_bundle: 1]
[use_missing: 1]
[zero_as_missing: 0]
[feature_pre_filter: 1]
[pre_partition: 0]
[two_round: 0]
[header: 0]
[label_column: ]
[weight_column: ]
[group_column: ]
[ignore_column: ]
[categorical_feature: ]
[forcedbins_filename: ]
[precise_float_parser: 0]
[parser_config_file: ]
[objective_seed: 16083]
[num_class: 1]
[is_unbalance: 0]
[scale_pos_weight: 1]
[sigmoid: 1]
[boost_from_average: 1]
[reg_sqrt: 0]
[alpha: 0.9]
[fair_c: 1]
[poisson_max_delta_step: 0.7]
[tweedie_variance_power: 1.5]
[lambdarank_truncation_level: 30]
[lambdarank_norm: 1]
[label_gain: ]
[lambdarank_position_bias_regularization: 0]
[eval_at: ]
[multi_error_top_k: 1]
[auc_mu_weights: ]
[num_machines: 1]
[local_listen_port: 12400]
[time_out: 120]
[machine_list_filename: ]
[machines: ]
[gpu_platform_id: -1]
[gpu_device_id: -1]
[gpu_use_dp: 0]
[num_gpu: 1]

end of parameters
