tree
version=v4
num_class=1
num_tree_per_iteration=1
label_index=0
max_feature_idx=8
objective=regression
feature_names=Column_0 Column_1 Column_2 Column_3 Column_4 Column_5 Column_6 Column_7 Column_8
feature_infos=none [0.49990000000000001:15.0001] [1:52] [0.88888888888888884:141.90909090909091] [0.33333333333333331:25.63636363636364] [3:35682] [0.69230769230769229:1243.333333333333] [32.549999999999997:41.950000000000003] [-124.34999999999999:-114.31]
tree_sizes=2998 3010 3148 2877 2890 2956 2956 2736 2755 2767 2617 2350 2329 2130 2275 2135 2143 2132 2068 2209 1583 1906 1577 1628 1431 1580 1862 1439 1996 1514 1511 1378 1376 668 1793 1386 2090

Tree=0
num_leaves= 32
num_cat= 0
full_tree_array_lgbids= 0 1 2 5 3 4 10 9 11 6 7 15 12 19 22 14 13 24 20 25 8 18 16 27 17 26 21 30 29 23 28 -1 -16 -11 -15 -7 -26 -13 -22 -3 -27 -8 -10 -5 -20 -9 -18 -2 -29 -17 -19 -6 -28 -14 -23 -4 -32 -21 -31 -12 -25 -24 -30
split_feature= 1 1 1 6 6 3 2 1 7 1 1 1 1 6 3 2 6 6 2 2 6 2 1 2 7 1 6 1 5 7 4
split_gain= 6980.71 1678.19 1285.17 969.354 424.484 311.416 227.057 205.981 180.363 174.177 149.279 130.095 114.053 105.893 104.42 100.864 98.6266 88.5049 78.5191 66.45 60.1181 36.8433 26.633 30.1736 26.5501 24.1635 23.7891 21.4232 18.888 9.27311 2.43415
threshold= 5.0387000000000013 3.0679500000000002 6.8672000000000013 2.3489548886254448 2.671038674349933 4.3101408005062494 24.500000000000004 4.0775500000000013 37.815000000000005 2.2210000000000005 7.852450000000001 2.4115000000000006 5.7307500000000013 2.4907552973342448 3.449226804123712 19.500000000000004 2.9005380231986346 2.0653737590585881 43.500000000000007 26.500000000000004 2.2906328481453726 27.500000000000004 8.7395500000000013 28.500000000000004 35.335000000000008 3.5330000000000008 2.9742256672023202 5.6402500000000009 139.50000000000003 37.645000000000003 1.0103851166134901
decision_type= 2 2 2 2 2 2 2 2 2 2 2 2 2 2 2 2 2 2 2 2 2 2 2 2 2 2 2 2 2 2 2
left_child=1 5 4 6 15 9 25 18 -8 14 19 24 26 -11 -1 27 -9 -17 -5 30 -13 -14 23 -12 -7 -3 -6 -2 -24 -21 -4
right_child=2 3 10 7 12 11 8 16 -10 13 22 20 21 -15 -16 17 -18 -19 -20 29 -22 -23 28 -25 -26 -27 -28 -29 -30 -31 -32
leaf_value= 2.0405687631288161 2.122367892078735 2.0619325518895399 2.1860943173854421 2.0293758741925956 2.1246833370498446 1.9807571227445304 2.1984147209355398 2.1002101309481218 2.0795283240852767 2.0970408790997888 2.2611911907323741 2.043693994763716 2.1410397950488846 2.0327038778370752 1.9814897297846104 2.3293276008777508 2.055796547371648 2.2183144165789459 2.080533949453383 2.3136092887030801 1.9920349409095919 2.1974100577568745 2.2256631944098948 2.3423931801380187 1.9518240180001829 2.1119780300641722 2.0841198818403921 2.1915848606410337 2.348659992346585 2.2369779892674675 2.2272434057145407
leaf_weight=503 128 198 107 2717 312 636 733 1016 163 430 147 309 586 767 899 91 1158 572 377 129 1491 187 19 97 1194 369 516 120 346 39 156
leaf_count=503 128 198 107 2717 312 636 733 1016 163 430 147 309 586 767 899 91 1158 572 377 129 1491 187 19 97 1194 369 516 120 346 39 156
model_size=3504
internal_value=2.07195 2.03789 2.19622 2.07259 2.15739 2.00039 2.1449 2.05251 2.17679 2.02716 2.28999 1.98123 2.12609 2.05582 2.00269 2.2124 2.07655 2.23355 2.03561 2.24376 2.0009 2.15468 2.32271 2.29347 1.96188 2.0945 2.0994 2.15586 2.34226 2.29582 2.2105
internal_weight=0 12960 3552 6731 2512 6229 1463 5268 896 2599 1040 3630 1601 1197 1402 911 2174 663 3094 431 1800 773 609 244 1830 567 828 248 365 168 263
internal_count=16512 12960 3552 6731 2512 6229 1463 5268 896 2599 1040 3630 1601 1197 1402 911 2174 663 3094 431 1800 773 609 244 1830 567 828 248 365 168 263
is_linear=0
shrinkage=1


Tree=1
num_leaves= 30
num_cat= 0
full_tree_array_lgbids= 0 1 2 5 3 4 12 13 6 7 9 18 16 19 23 14 -15 8 10 27 11 17 15 24 20 22 21 26 25 -14 28 -1 -16 -2147483648 -2147483648 -7 -10 -8 -12 -3 -29 -9 -13 -5 -19 -11 -17 -2 -26 -20 -22 -6 -24 -18 -23 -4 -28 -21 -27 -2147483648 -2147483648 -25 -30
split_feature= 1 1 1 6 6 6 7 2 8 1 8 6 1 7 8 6 1 2 2 2 6 2 6 5 1 7 1 7 6
split_gain= 5652.98 1455.99 940.061 826.219 316.282 304.335 218.306 213.613 172.118 166.697 133.885 131.743 118.673 110.225 126.634 101.18 76.2992 73.688 73.0752 72.7489 54.6967 32.0354 20.1929 11.9308 11.2906 6.99083 6.62594 5.51481 2.91897
threshold= 5.1326000000000009 3.1792500000000001 6.8672000000000013 2.2982753493904258 2.6585924622132828 2.1628386478062818 34.455000000000005 19.500000000000004 -117.77499999999999 4.1119000000000012 -121.63499999999998 1.9628175980828908 8.4454500000000028 37.935000000000009 -118.24499999999999 2.8335312747426764 5.8308000000000009 47.500000000000007 21.500000000000004 26.500000000000004 2.2038024706228287 27.500000000000004 3.1262267671728927 70.000000000000014 5.6402500000000009 37.645000000000003 7.3930000000000016 37.955000000000005 3.1747392355722384
decision_type= 2 2 2 2 2 2 2 2 2 2 2 2 2 2 2 2 2 2 2 2 2 2 2 2 2 2 2 2 2
left_child=1 5 4 7 18 13 8 27 -7 17 -8 -9 19 14 -1 -11 22 -5 24 26 -20 -18 -6 -14 -2 -21 -4 -3 -25
right_child=2 3 12 9 16 6 10 11 -10 15 -12 -13 23 -15 -16 -17 21 -19 20 25 -22 -23 -24 28 -26 -27 -28 -29 -30
leaf_value= 0.044230430953254636 0.051710352190187048 0.021716185106585423 0.11257013540252361 -0.033517635639986235 0.048827385960445342 -0.032418481581660212 -0.062115720910071164 0.16254536505971776 -0.086464694131891839 0.033086021130256597 -0.10739158312721281 0.077517444901220187 0.10762568108427029 -0.071956682126132807 -0.039420649286328324 -0.010822406174656622 0.064840007462105109 0.030431795661703398 0.22015546661538954 0.22502748265708844 0.13662539405426799 0.12128281233978436 0.010032595539933747 0.25069624308012767 0.11076683308929205 0.16209582549591478 0.15471344836835946 -0.036636348605155945 0.20779113991926593
leaf_weight=447 107 300 153 2681 418 1871 1128 305 928 1009 1827 539 11.999999999999998 245 343 1321 524 219 117 194 423 172 367 331 131 52 215 50 83
leaf_count=447 107 300 153 2681 418 1871 1128 305 928 1009 1827 539 12 245 343 1321 524 219 117 194 423 172 367 331 131 52 215 50 83
model_size=3280
internal_value=0 -0.02926 0.117191 0.00497081 0.0807981 -0.0616504 -0.0707621 0.0804366 -0.0503373 -0.0122579 -0.0901086 0.108244 0.19624 -0.0109948 0.00791104 0.00819202 0.0532941 -0.0286884 0.133154 0.167054 0.154724 0.0787885 0.0306902 0.238307 0.0842162 0.211725 0.137192 0.0133801 0.242094
internal_weight=0 13213 3299 6424 2259 6789 5754 1194 2799 5230 2955 844 1040 1035 790 2330 1481 2900 778 614 540 696 785 426 238 246 368 350 414
internal_count=16512 13213 3299 6424 2259 6789 5754 1194 2799 5230 2955 844 1040 1035 790 2330 1481 2900 778 614 540 696 785 426 238 246 368 350 414
is_linear=0
shrinkage=0.1


Tree=2
num_leaves= 32
num_cat= 0
full_tree_array_lgbids= 0 1 2 6 3 4 8 13 10 5 9 17 16 11 22 19 28 21 15 7 29 14 12 25 18 20 27 26 30 23 24 -1 -21 -15 -30 -8 -23 -12 -17 -3 -9 -7 -31 -5 -16 -11 -14 -2 -27 -19 -20 -6 -22 -18 -29 -4 -28 -13 -32 -10 -25 -24 -26
split_feature= 1 1 1 6 6 7 3 8 1 1 1 2 2 6 3 6 6 2 6 8 2 6 2 1 5 5 6 1 8 8 6
split_gain= 4589.17 1119.24 856.079 687.245 235.701 223.764 202.212 181.351 179.157 145.496 101.673 93.1574 77.7015 72.2262 67.58 60.2845 47.7886 43.9693 48.8459 37.3324 22.7039 17.0738 14.9773 10.6293 8.85507 8.51858 8.3467 6.8545 6.42669 3.76265 3.13694
threshold= 5.0387000000000013 2.8762500000000002 6.3963500000000009 2.4136952392348086 2.5827178004959954 37.995000000000012 3.8792159595040387 -122.35499999999998 7.852450000000001 3.8346500000000003 2.2948000000000004 26.500000000000004 42.500000000000007 3.0973600929976173 5.1947827066293142 2.2906328481453726 3.0375944537846187 21.500000000000004 2.0653737590585881 -117.145 20.500000000000004 2.1718174014038287 20.500000000000004 9.1688500000000008 139.50000000000003 358.50000000000006 2.6585924622132828 5.6851000000000012 -117.79499999999999 -122.27499999999999 2.2820667453403218
decision_type= 2 2 2 2 2 2 2 2 2 2 2 2 2 2 2 2 2 2 2 2 2 2 2 2 2 2 2 2 2 2 2
left_child=1 6 4 5 17 7 13 -3 11 14 21 26 -11 19 -5 -12 20 25 -19 -1 -6 -8 23 -10 -24 -2 -4 -18 -15 -7 -13
right_child=2 3 8 9 16 29 10 -9 22 12 15 30 -14 28 -16 -17 27 18 -20 -21 -22 -23 24 -25 -26 -27 -28 -29 -30 -31 -32
leaf_value= 0.004997166402595626 -0.032807712559588253 0.1552587070870094 0.14084475033302257 -0.021756683590240855 0.028230403204931018 -0.008467265450950329 -0.060948759344007286 0.050022677148099937 0.14853231923033794 -0.0097105011414146177 -0.017192798938548332 0.22271335677554213 0.048191479024689475 -0.047618668565411859 -0.05477748556130882 -0.06618015511440789 0.0064548819710920071 0.21353098875597906 0.11639004326505781 -0.07594990942899775 0.072191242709795947 -0.094691603641533117 0.10804279883702597 0.2121658910191461 0.22251148384886901 0.079527981925297891 0.091775990409602978 0.037027274828742698 -0.098404657180820199 -0.057699667605220106 0.16594247938094972
leaf_weight=605 15.999999999999998 195 94 1556 249 85 273 1509 120 2424 363 48 293 699 1309 1511 434 76 348 82 529 1819 14.999999999999998 89 385 179 397 309 70 167 264
leaf_count=605 16 195 94 1556 249 85 273 1509 120 2424 363 48 293 699 1309 1511 434 76 348 82 529 1819 15 89 385 179 397 309 70 167 264
model_size=3504
internal_value=0 -0.027629 0.100809 -0.00259634 0.0607028 0.0487751 -0.062431 0.0620655 0.161592 -0.0205975 -0.0744131 0.12973 -0.00346638 -0.0297928 -0.0368437 -0.0566911 0.0390936 0.113801 0.133802 -0.00466464 0.0581215 -0.0902883 0.203603 0.17563 0.218219 0.0703107 0.10117 0.0191694 -0.0522416 -0.0410935 0.174676
internal_weight=0 12960 3552 7538 2140 1956 5422 1704 1412 5582 3966 803 2717 1456 2865 1874 1521 619 424 687 778 2092 609 209 400 195 491 743 769 252 312
internal_count=16512 12960 3552 7538 2140 1956 5422 1704 1412 5582 3966 803 2717 1456 2865 1874 1521 619 424 687 778 2092 609 209 400 195 491 743 769 252 312
is_linear=0
shrinkage=0.1


Tree=3
num_leaves= 28
num_cat= 0
full_tree_array_lgbids= 0 1 3 4 2 5 18 12 7 6 9 15 16 20 24 13 -14 10 11 23 8 14 17 26 19 21 22 25 -22 -20 -26 -1 -15 -2147483648 -2147483648 -6 -12 -9 -13 -3 -25 -8 -10 -4 -16 -11 -19 -2 -28 -17 -21 -7 -23 -18 -24 -5 -27 -2147483648 -2147483648 -2147483648 -2147483648 -2147483648 -2147483648
split_feature= 1 1 6 1 6 6 2 7 6 1 8 8 7 8 8 2 1 2 1 6 2 7 2 8 5 8 4
split_gain= 3741.3 1100.89 598.908 483.034 201.269 172.365 172.026 163.217 157.323 138.487 133.765 100.381 77.0974 91.077 74.509 55.7127 53.3512 44.2728 35.2086 28.0957 26.5439 8.3103 6.49817 5.73234 5.36908 3.54959 2.7607
threshold= 5.3736000000000006 3.1913000000000005 2.4136952392348086 7.3930000000000016 2.1628386478062818 2.7472725830126556 19.500000000000004 34.455000000000005 1.9628175980828908 4.5301500000000017 -118.29499999999999 -121.63499999999998 37.935000000000009 -118.25499999999998 -122.38499999999998 21.500000000000004 6.2770500000000009 18.500000000000004 8.7395500000000013 2.2038024706228287 28.500000000000004 37.955000000000005 26.500000000000004 -117.26499999999999 70.000000000000014 -117.71499999999999 1.0671403331650682
decision_type= 2 2 2 2 2 2 2 2 2 2 2 2 2 2 2 2 2 2 2 2 2 2 2 2 2 2 2
left_child=1 4 6 5 12 15 23 10 -8 14 -6 -9 13 -1 -4 26 21 -11 20 -17 25 -7 -18 -3 -20 -5 -2
right_child=3 2 9 18 7 16 8 11 -10 17 -12 -13 -14 -15 -16 19 22 -19 24 -21 -22 -23 -24 -25 -26 -27 -28
leaf_value= 0.039451926628368376 0.050074562027042073 0.014672281760675124 0.030514567816019827 0.13942493334412576 0.005602682071922889 0.041814640331748476 0.14167998451084715 -0.049776411208909375 0.05732530043681372 -0.011524787454914474 -0.05095730672505358 -0.08948741017804665 -0.060536709469686513 -0.032636859501712023 -0.026036457895962137 0.19169570167078495 0.074722188845143797 0.028210208805655102 0.084323451295495039 0.12229882029350847 0.18767493025558751 -0.0098791204986628158 0.1249871934029986 -0.035042667598463598 0.20234714548918747 0.083465739440614903 0.097836052051910732
leaf_weight=445 133 394 290 205 564 668 320 1141 901 515 2266 1841 247 350 3289 97 350 1076 11.999999999999998 480 164 80 85 80 353 59 107
leaf_count=445 133 394 290 205 564 668 320 1141 901 515 2266 1841 247 350 3289 97 350 1076 12 480 164 80 85 80 353 59 107
model_size=3056
internal_value=0 -0.0215082 0.00693363 0.105646 -0.0499956 0.0791724 0.0589765 -0.0574416 0.079433 -0.0101288 -0.0396853 -0.0742928 -0.00846388 0.00771473 -0.0214542 0.115577 0.0540309 0.0153482 0.172416 0.133965 0.150199 0.0362859 0.0845441 0.00628157 0.198467 0.126919 0.0713682
internal_weight=0 13719 6865 2793 6854 2000 1695 5812 1221 5170 2830 2982 1042 795 3579 817 1183 1591 793 577 428 748 435 474 365 264 240
internal_count=16512 13719 6865 2793 6854 2000 1695 5812 1221 5170 2830 2982 1042 795 3579 817 1183 1591 793 577 428 748 435 474 365 264 240
is_linear=0
shrinkage=0.1


Tree=4
num_leaves= 28
num_cat= 0
full_tree_array_lgbids= 0 1 3 4 2 7 18 11 5 8 13 17 16 22 23 12 26 6 10 24 9 14 15 -2 19 20 21 -5 -24 25 -25 -1 -14 -13 -28 -6 -8 -7 -12 -3 -26 -10 -11 -4 -16 -15 -17 -2147483648 -2147483648 -19 -21 -9 -22 -18 -23 -2147483648 -2147483648 -2147483648 -2147483648 -20 -27 -2147483648 -2147483648
split_feature= 1 1 6 1 6 7 8 6 2 6 8 7 8 6 7 8 1 2 2 4 2 2 1 7 8 5 7
split_gain= 3048.9 1008.72 442.57 302.838 256.383 137.66 153.874 125.928 122.944 121.79 120.594 109.669 104.432 93.2604 99.0457 36.3975 33.9718 22.787 16.1918 15.9656 14.1934 9.60722 5.94227 2.18229 1.89869 1.30105 0.310757
threshold= 5.6042500000000013 3.5488500000000003 2.4136952392348086 7.7055000000000016 2.2352443515477258 34.455000000000005 -117.77499999999999 2.6529733204757315 19.500000000000004 1.9628175980828908 -121.63499999999998 37.915000000000006 -122.31499999999998 2.9742256672023202 37.915000000000006 -121.48499999999999 6.3350000000000009 21.500000000000004 18.500000000000004 1.0435797675926601 36.500000000000007 25.500000000000004 8.7395500000000013 37.975000000000001 -117.98499999999999 139.50000000000003 39.355000000000011
decision_type= 2 2 2 2 2 2 2 2 2 2 2 2 2 2 2 2 2 2 2 2 2 2 2 2 2 2 2
left_child=1 4 8 7 11 6 -6 17 24 -10 -7 12 -1 14 -4 -15 20 -2 22 -19 -9 -18 -5 25 -3 -20 -13
right_child=3 2 13 18 5 10 -8 16 9 -11 -12 26 -14 15 -16 -17 21 19 23 -21 -22 -23 -24 -25 -26 -27 -28
leaf_value= 0.12221123375249712 0.08437165264040232 0.030064225258968732 0.024989935387350698 0.10462860146520335 -0.018531482150847725 -0.039557992560928588 -0.066178491456542421 0.038478877448761661 0.15006018974029034 0.06374076776906093 -0.079747788880023346 -0.045928653487579955 0.0036122566550987876 0.010885972737028085 -0.028745861697969922 -0.024781538724009646 0.070774336081202927 0.11803735209179844 0.084424182000969142 0.17231076394214112 0.1151922637358942 0.11430292948549968 0.16263628825545312 0.060582439601421359 -0.0078481905694518777 0.18149983691463167 -0.093788396975686472
leaf_weight=89 169 230 1823 109 2253 1361 1075 589 236 736 2043 288 1099 483 484 1690 373 253 13.999999999999998 147 47 158 98 9.9999999999999982 154 439 62
leaf_count=89 169 230 1823 109 2253 1361 1075 589 236 736 2043 288 1099 483 484 1690 373 253 14 147 47 158 98 10 154 439 62
model_size=3056
internal_value=0 -0.0177795 0.0142314 0.104238 -0.0403691 -0.0489686 -0.0339223 0.0817907 0.0649215 0.084699 -0.063679 -0.002728 0.0124972 -0.00111143 0.0137164 -0.0168536 0.0621566 0.12206 0.162402 0.137983 0.0441479 0.0837263 0.132091 0.175953 0.0148598 0.1785 -0.0544067
internal_weight=0 14106 5836 2406 8270 6732 3328 1736 1356 972 3404 1538 1188 4480 2307 2173 1167 569 670 400 636 531 207 463 384 453 350
internal_count=16512 14106 5836 2406 8270 6732 3328 1736 1356 972 3404 1538 1188 4480 2307 2173 1167 569 670 400 636 531 207 463 384 453 350
is_linear=0
shrinkage=0.1


Tree=5
num_leaves= 29
num_cat= 0
full_tree_array_lgbids= 0 2 1 5 3 4 10 18 15 6 7 11 13 12 23 19 -20 -7 17 21 9 8 20 22 14 25 16 27 26 24 -25 -1 -21 -2147483648 -2147483648 -2147483648 -2147483648 -17 -19 -4 -23 -8 -11 -5 -10 -9 -22 -2 -24 -13 -16 -6 -27 -15 -18 -3 -29 -14 -28 -12 -26 -2147483648 -2147483648
split_feature= 1 1 1 6 6 3 2 7 8 7 1 2 2 2 6 1 8 3 8 7 7 1 1 8 7 1 7 6
split_gain= 2521.21 646.948 489.981 374.975 207.037 127.883 119.713 114.644 198.804 104.009 93.6139 50.0523 49.478 46.0611 40.0603 39.0402 37.5488 27.2952 19.4358 23.0527 9.84704 7.52728 7.31577 6.64622 3.20792 3.08177 2.49414 0.732154
threshold= 4.5301500000000017 6.3350000000000009 2.5894500000000007 2.2634687595142249 2.5219735498882589 3.6482937607122259 24.500000000000004 37.935000000000009 -122.24499999999999 37.815000000000005 7.852450000000001 21.500000000000004 26.500000000000004 16.500000000000004 2.0653737590585881 1.9486000000000003 -117.65499999999999 4.4053436317780594 -118.27499999999999 37.935000000000009 39.355000000000011 3.3627000000000002 5.6402500000000009 -118.00499999999998 38.275000000000013 5.4090500000000015 37.615000000000002 3.102783329035586
decision_type= 2 2 2 2 2 2 2 2 2 2 2 2 2 2 2 2 2 2 2 2 2 2 2 2 2 2 2 2
left_child=2 4 5 6 11 18 21 8 -5 -8 12 22 27 25 -13 -7 -15 -17 19 -1 -9 -4 -2 24 -12 -6 -14 -3
right_child=1 10 3 7 13 15 9 20 -10 -11 23 14 26 16 -16 17 -18 -19 -20 -21 -22 -23 -24 -25 -26 -27 -28 -29
leaf_value= 0.012114723853601825 0.026409597667139573 0.086715975377745447 -0.022753015243864361 0.068901298438602543 -0.01534550204371116 -0.076979795070105203 0.078090272701101041 -0.044192382976406312 -0.01858810276183058 -0.014554986312805888 0.16142517784384244 0.15929432288449036 0.13916502346720019 0.036352413439452919 0.084308562614795426 -0.032324555221597322 -0.023560011837807246 -0.06167184848883725 -0.036696142084806802 -0.070019502397626651 -0.082671327966486102 0.015680875819398792 0.089807859559853875 0.11769953428014911 0.036175973638892175 0.014530508121003538 0.088971205077895493 0.055337619562262456
leaf_weight=397 204 304 244 293 404 1326 728 1008 4591 166 453 117 261 1626 445 689 151 1357 415 60 173 289 63 146 9.9999999999999982 292 74 226
leaf_count=397 204 304 244 293 404 1326 728 1008 4591 166 453 117 261 1626 445 689 151 1357 415 60 173 289 63 146 10 292 74 226
model_size=3168
internal_value=0 0.0613987 -0.0249864 -0.00942129 0.0365824 -0.0524637 0.0374307 -0.0204448 -0.0133395 0.0608877 0.116991 0.0810618 0.0945363 0.021672 0.0999195 -0.061695 0.0312614 -0.051789 -0.0167667 0.00133124 -0.049829 -0.00191363 0.0413687 0.148886 0.15872 -0.00281131 0.128077 0.0733358
internal_weight=0 4776 11736 7492 3302 4244 1427 6065 4884 894 1474 829 865 2473 562 3372 1777 2046 872 457 1181 533 267 609 463 696 335 530
internal_count=16512 4776 11736 7492 3302 4244 1427 6065 4884 894 1474 829 865 2473 562 3372 1777 2046 872 457 1181 533 267 609 463 696 335 530
is_linear=0
shrinkage=0.1


Tree=6
num_leaves= 29
num_cat= 0
full_tree_array_lgbids= 0 2 1 7 3 4 9 10 17 8 5 15 14 13 21 16 26 24 22 23 11 6 12 20 18 19 25 -3 -15 27 -23 -1 -18 -12 -28 -9 -26 -19 -24 -4 -25 -10 -13 -5 -8 -7 -14 -2 -22 -17 -20 -6 -21 -16 -27 -2147483648 -2147483648 -2147483648 -2147483648 -11 -29 -2147483648 -2147483648
split_feature= 1 1 1 6 6 6 7 3 2 1 6 7 8 2 6 2 7 1 6 7 5 2 7 2 6 7 3 1
split_gain= 2040.01 469.899 442.653 307.739 158.402 108.155 119.162 107.855 86.8191 73.2674 44.4711 41.5921 32.8776 30.7911 30.7451 27.3104 26.0311 23.5177 21.7658 20.742 8.50374 7.52862 7.16089 3.22897 2.61541 2.42937 1.68816 0.332866
threshold= 4.6754000000000007 6.3350000000000009 2.7820000000000005 2.0653737590585881 2.5288691539219195 2.8079590171801518 37.935000000000009 4.2015099382944241 24.500000000000004 7.7055000000000016 3.0973600929976173 37.815000000000005 -122.38499999999998 26.500000000000004 3.0375944537846187 21.500000000000004 37.915000000000006 2.2210000000000005 2.0653737590585881 37.955000000000005 374.50000000000006 18.500000000000004 39.285000000000004 16.500000000000004 1.9139224725972623 37.775000000000013 3.0522493994321906 8.7395500000000013
decision_type= 2 2 2 2 2 2 2 2 2 2 2 2 2 2 2 2 2 2 2 2 2 2 2 2 2 2 2 2
left_child=2 4 7 8 15 6 -5 10 23 13 16 -10 -7 -3 19 20 -1 24 -17 -6 -2 27 -19 -4 -9 -16 -12 -11
right_child=1 9 3 5 14 12 -8 17 11 21 26 -13 -14 -15 25 18 -18 22 -20 -21 -22 -23 -24 -25 -26 -27 -28 -29
leaf_value= 0.00073671929859270855 -0.050877304679968142 0.064866857576228662 -0.0090965683053353587 0.014145542619870669 0.041443919388661751 0.020198182344638507 -0.034515197603636909 -0.024669256139313804 0.097677878937558762 0.081910723645171712 -0.014514052005874557 -0.0027741800007906052 -0.028751913482171862 0.11269878683995847 0.010604626225288183 0.14550109307514503 -0.056159213474020364 -0.041782192333096102 0.079781694599058983 -0.0066195472439422327 0.052441392178521853 0.14337114943251755 -0.080374803421767171 0.035391409450974791 -0.069657369574718311 -0.026435325738219991 -0.046123013779871533 0.13223190666081347
leaf_weight=828 22 495 167 2261 982 203 739 80 409 109 172 62 3040 309 900 100 140 1371 397 170 208 463 148 156 1459 126 898 98
leaf_count=828 22 495 167 2261 982 203 739 80 409 109 172 62 3040 309 900 100 140 1371 397 170 208 463 148 156 1459 126 898 98
model_size=3168
internal_value=0 0.0586889 -0.0211818 -0.00469647 0.0350423 -0.0123065 0.00215878 -0.0439462 0.0551388 0.105292 -0.0251066 0.0844549 -0.0256878 0.08325 0.021022 0.0770453 -0.00749203 -0.0565018 0.0930049 0.0343512 0.0425587 0.131743 -0.0455424 0.0123899 -0.0673188 0.00605586 -0.0410419 0.105734
internal_weight=0 4379 12133 7037 2905 6243 3000 5096 794 1474 2038 471 3243 804 2178 727 968 3058 497 1152 230 670 1519 323 1539 1026 1070 207
internal_count=16512 4379 12133 7037 2905 6243 3000 5096 794 1474 2038 471 3243 804 2178 727 968 3058 497 1152 230 670 1519 323 1539 1026 1070 207
is_linear=0
shrinkage=0.1


Tree=7
num_leaves= 26
num_cat= 0
full_tree_array_lgbids= 0 1 3 4 2 6 17 13 7 5 11 15 19 20 -19 24 14 8 9 10 23 12 18 16 21 22 -21 -5 -22 -2147483648 -2147483648 -1 -26 -15 -16 -6 -10 -9 -11 -3 -12 -7 -25 -4 -14 -13 -20 -2 -18 -17 -23 -8 -24 -2147483648 -2147483648 -2147483648 -2147483648 -2147483648 -2147483648 -2147483648 -2147483648 -2147483648 -2147483648
split_feature= 1 1 6 1 6 7 6 7 8 8 2 8 7 2 7 7 8 1 7 2 2 8 1 8 8
split_gain= 1673.96 481.174 273.224 215.17 124.245 112.956 90.272 84.2784 118.786 112.683 82.9653 61.7104 69.5912 32.8456 29.097 24.0093 30.215 14.6023 12.6486 10.9985 7.55717 7.54926 6.44 5.49022 3.55657
threshold= 5.2771000000000017 3.3941500000000002 2.5102460737381374 7.2638000000000007 2.0376051459673437 37.935000000000009 2.7472725830126556 34.455000000000005 -118.30499999999999 -120.09499999999998 19.500000000000004 -117.79499999999999 37.915000000000006 27.500000000000004 37.995000000000012 37.955000000000005 -117.85499999999998 9.1688500000000008 33.655000000000008 40.500000000000007 28.500000000000004 -122.40499999999999 6.0886500000000003 -122.35499999999998 -118.10499999999998
decision_type= 2 2 2 2 2 2 2 2 2 2 2 2 2 2 2 2 2 2 2 2 2 2 2 2 2
left_child=1 4 5 6 13 10 15 8 -6 -9 -3 12 -4 24 -15 16 -2 20 -13 22 -5 -17 -8 -7 -1
right_child=3 2 11 17 7 23 19 9 -10 -11 -12 18 -14 14 -16 21 -18 -19 -20 -21 -22 -23 -24 -25 -26
leaf_value= -0.00083403340040671611 0.094245424862695104 0.0095109434658132326 0.0066557938178042802 0.083054482723829343 0.019023851876718005 0.01347662754315924 0.018152335292402434 -0.037176152393980012 -0.033408927445604718 -0.080987677673905939 0.066990291326173054 -0.018802640169330212 -0.032427994561394613 0.042510411308471177 -0.044699759000848813 0.088145794006793399 0.03383180815327836 0.13608702189828223 -0.056633148906833457 0.10119329272788398 0.12324634978645727 -0.026703853949027901 0.044069473552454788 -0.042755392242526252 -0.040215306287336217
leaf_weight=270 655 396 2665 341 584 91 686 2638 2713 874 1104 384 682 362 66 23 146 304 345 49 209 51 519 172 183
leaf_count=270 655 396 2665 341 584 91 686 2638 2713 874 1104 384 682 362 66 23 146 304 345 49 209 51 519 172 183
model_size=2832
internal_value=0 -0.0150099 0.00692913 0.0680755 -0.0316682 0.0406104 0.0505489 -0.0364785 -0.0241215 -0.0480791 0.0518157 -0.00763907 -0.0013081 0.00550964 0.0290621 0.076955 0.0832337 0.111769 -0.036706 0.0321236 0.0983274 0.00899266 0.029315 -0.0232987 -0.016743
internal_weight=0 13529 5839 2983 7690 1763 2129 6809 3297 3512 1500 4076 3347 881 428 875 801 854 729 1254 550 74 1205 263 453
internal_count=16512 13529 5839 2983 7690 1763 2129 6809 3297 3512 1500 4076 3347 881 428 875 801 854 729 1254 550 74 1205 263 453
is_linear=0
shrinkage=0.1


Tree=8
num_leaves= 26
num_cat= 0
full_tree_array_lgbids= 0 2 1 7 4 3 11 21 16 12 5 8 15 13 -13 -1 23 17 19 20 14 6 10 -2 9 18 24 22 -15 -2147483648 -2147483648 -2147483648 -2147483648 -23 -25 -9 -19 -18 -21 -4 -22 -14 -16 -6 -8 -7 -12 -2147483648 -2147483648 -10 -11 -5 -20 -17 -26 -3 -24 -2147483648 -2147483648 -2147483648 -2147483648 -2147483648 -2147483648
split_feature= 1 1 1 6 6 2 3 3 2 6 8 1 2 6 7 1 7 8 8 8 8 7 2 7 6
split_gain= 1385.07 424.289 204.768 176.061 175.805 79.5981 72.6573 68.3342 64.8644 79.611 50.0763 46.9488 34.0955 28.9945 27.644 24.7339 20.5078 22.4844 17.7619 13.7324 13.3536 8.00734 6.62596 4.31043 0.410963
threshold= 4.125700000000001 6.2770500000000009 2.5205000000000006 2.735488224282792 2.0376051459673437 51.500000000000007 5.0372251488776927 3.3654435698213785 16.500000000000004 2.0653737590585881 -122.33499999999999 8.0125000000000011 28.500000000000004 2.8629972339304532 37.815000000000005 5.3357000000000001 35.335000000000008 -118.31499999999998 -122.33499999999999 -119.84499999999998 -118.29499999999999 34.045000000000009 17.500000000000004 37.935000000000009 3.1424162072895592
decision_type= 2 2 2 2 2 2 2 2 2 2 2 2 2 2 2 2 2 2 2 2 2 2 2 2 2
left_child=2 3 7 8 12 6 -6 21 -2 -10 -7 13 20 22 -14 18 17 -9 -5 -18 -4 -1 -3 -23 -17
right_child=1 11 4 15 5 10 -8 16 9 -11 -12 -13 14 -15 -16 24 19 -19 -20 -21 -22 23 -24 -25 -26
leaf_value= -0.031003287465934028 0.0069892721142490177 0.050534338469042608 0.032766695345779161 0.045571710495278243 -0.007037219120487318 0.095565389274759632 -0.032085580001335608 0.00029790043251729816 0.11679101651617592 0.04670976638997535 0.0033270132948075323 0.11131554049606279 0.077988509931555483 0.047879779199091844 -0.011945472235768854 0.035781954960181626 -0.049195595947587122 -0.042187288222956948 -0.0069202883695736808 -0.078683887977296349 -0.02323484984858494 0.018306637276414663 0.099824381979248089 -0.060180489114965457 0.0088242843220289035
leaf_weight=199 395 107 231 124 2663 113 2864 238 224 1274 225 548 303 470 62 427 1370 1345 1649 416 140 310 411 33 371
leaf_count=199 395 107 231 124 2663 113 2864 238 224 1274 225 548 303 470 62 427 1370 1345 1649 416 140 310 411 33 371
model_size=2832
internal_value=0 0.0385269 -0.0219903 0.0226752 -0.0108892 -0.0168944 -0.0200169 -0.0407267 0.0467143 0.0571892 0.0341641 0.084596 0.0369648 0.0697758 0.0627121 0.00497551 -0.0465424 -0.0357997 -0.00324911 -0.0560641 0.011634 -0.00457667 0.0896428 0.0107554 0.023249
internal_weight=0 6000 10512 4464 6601 5865 5527 3911 1893 1498 338 1536 736 988 365 2571 3369 1583 1773 1786 371 542 518 343 798
internal_count=16512 6000 10512 4464 6601 5865 5527 3911 1893 1498 338 1536 736 988 365 2571 3369 1583 1773 1786 371 542 518 343 798
is_linear=0
shrinkage=0.1


Tree=9
num_leaves= 26
num_cat= 0
full_tree_array_lgbids= 0 2 1 7 3 6 10 11 17 4 8 12 18 14 -12 15 24 21 -19 5 -6 9 23 13 16 20 19 22 -16 -2147483648 -2147483648 -1 -17 -13 -26 -9 -23 -2147483648 -2147483648 -4 -7 -2147483648 -2147483648 -5 -11 -10 -25 -2 -15 -14 -18 -8 -22 -20 -21 -3 -24 -2147483648 -2147483648 -2147483648 -2147483648 -2147483648 -2147483648
split_feature= 1 1 1 6 7 8 6 3 8 7 2 6 7 8 1 7 8 7 8 7 7 6 4 7 8
split_gain= 1121.87 264.272 221.11 172.385 102.113 115.036 93.1481 61.7839 32.391 47.1996 30.17 30.1434 27.4167 37.8648 20.8444 15.5859 12.3909 12.1285 11.2319 47.2963 11.1314 4.15286 3.70475 3.037 0.323264
threshold= 4.5301500000000017 6.3963500000000009 2.7820000000000005 2.5763869593405579 37.935000000000009 -122.40499999999999 2.735488224282792 4.3101408005062494 -117.79499999999999 37.895000000000003 29.500000000000004 2.8335312747426764 37.925000000000004 -118.30499999999999 9.1688500000000008 37.915000000000006 -122.38499999999998 39.285000000000004 -121.52499999999999 34.655000000000008 37.915000000000006 2.8751854599406532 1.0097363099187924 33.715000000000011 -117.77499999999999
decision_type= 2 2 2 2 2 2 2 2 2 2 2 2 2 2 2 2 2 2 2 2 2 2 2 2 2
left_child=2 6 7 4 5 -4 12 11 9 -5 14 15 13 -2 22 -1 -14 21 20 -20 -8 -9 -3 -10 -13
right_child=1 10 3 8 -6 -7 18 17 23 -11 -12 24 16 -15 -16 -17 -18 -19 19 -21 -22 -23 -24 -25 -26
leaf_value= 0.0064449461770490551 0.069647658748521288 0.036582147671939118 0.11140176687753325 -0.0054573854644084218 -0.026821673688574472 0.019984493747312801 0.041266889556010933 -0.031434454442431169 -0.02476365091983351 -0.038559875929959353 0.10125556669475802 -0.026472300084862121 0.056363608609951502 0.026605128197058028 0.10776161493685765 -0.040908802807098257 -0.028862142375755042 -0.068966862867235496 0.012823235670940897 -0.042836953340488565 -0.0055971395745327314 -0.048925527018951392 0.068782593605335271 -0.055567104991490458 -0.056350956162072953
leaf_weight=744 754 304 169 2653 489 1874 422 1229 367 715 533 1178 56 453 156 164 110 369 1166 241 162 1218 419 373 194
leaf_count=744 754 304 169 2653 489 1874 422 1229 367 715 533 1178 56 453 156 164 110 369 1166 241 162 1218 419 373 194
model_size=2832
internal_value=0 0.0411233 -0.0167353 -0.00432252 0.0170466 0.0275467 0.0254709 -0.0329088 -0.0174936 -0.0124848 0.0784142 -0.0193116 0.0470124 0.0534933 0.0645639 -0.00210793 -0.000111287 -0.043918 0.0106158 0.0032894 0.0282669 -0.0401407 0.0552433 -0.0402903 -0.0306971
internal_weight=0 4776 11736 6640 2532 2043 3364 5096 4108 3368 1412 2280 1373 1207 879 908 166 2816 1991 1407 584 2447 723 740 1372
internal_count=16512 4776 11736 6640 2532 2043 3364 5096 4108 3368 1412 2280 1373 1207 879 908 166 2816 1991 1407 584 2447 723 740 1372
is_linear=0
shrinkage=0.1


Tree=10
num_leaves= 24
num_cat= 0
full_tree_array_lgbids= 0 2 1 10 4 3 7 17 11 12 5 9 8 13 21 18 -19 15 -13 -4 -14 6 -7 -2 20 19 14 16 -15 -9 22 -1 -20 -2147483648 -2147483648 -12 -17 -2147483648 -2147483648 -2147483648 -2147483648 -2147483648 -2147483648 -6 -8 -2147483648 -2147483648 -2147483648 -2147483648 -11 -22 -5 -21 -10 -16 -3 -18 -2147483648 -2147483648 -2147483648 -2147483648 -23 -24
split_feature= 1 1 6 6 1 7 8 1 8 2 2 7 3 6 7 1 8 8 7 7 4 3 8
split_gain= 917.933 279.441 137.824 119.971 99.3241 67.0655 156.993 51.7343 44.5098 43.1352 37.5846 37.8904 33.2126 32.7545 31.7001 17.6455 10.9704 10.9118 47.2988 10.8036 6.61288 2.14054 1.42309
threshold= 4.125700000000001 5.8308000000000009 2.0231950334409352 2.2982753493904258 2.2210000000000005 38.475000000000001 -122.35499999999998 7.7055000000000016 -122.19499999999998 16.500000000000004 27.500000000000004 37.815000000000005 3.4845502266762112 3.0089663118548242 37.615000000000002 3.4298000000000006 -117.83499999999999 -118.15499999999999 34.965000000000011 37.615000000000002 1.0245723468785857 5.396289833514504 -118.00499999999998
decision_type= 2 2 2 2 2 2 2 2 2 2 2 2 2 2 2 2 2 2 2 2 2 2 2
left_child=2 3 10 9 12 6 -6 13 19 -2 17 15 -4 16 -10 -12 -3 18 -1 -5 -11 -9 -23
right_child=1 7 4 8 5 -7 -8 21 14 20 11 -13 -14 -15 -16 -17 -18 -19 -20 -21 -22 22 -24
leaf_value= 0.07284075712681147 0.0055282030428837371 0.071098402901582924 -0.0098289346722064217 0.10160466537101945 0.05533236805605446 -0.04388894036411977 -0.015599297580789082 -0.042481123954057697 0.0083905612911309123 0.045312568920512573 0.039356807052728149 -0.019871932704351905 -0.046845556676353317 0.025159102713839046 -0.025073366836330116 0.10251990652421748 0.026493176821994147 -0.030444455936240657 -0.016401570007212835 0.032840447869384663 0.092909333449835124 0.098971083488291256 0.062446022866304941
leaf_weight=117 150 749 425 67 364 888 5659 9.9999999999999982 2445 141 307 117 2060 516 504 112 159 225 238 300 299 493 167
leaf_count=117 150 749 425 67 364 888 5659 10 2445 141 307 117 2060 516 504 112 159 225 238 300 299 493 167
model_size=2608
internal_value=0 0.0314632 -0.0179585 0.0152421 -0.0221145 -0.0154983 -0.0113125 0.0617209 0.00739976 0.059319 0.0170327 0.0396264 -0.0405147 0.0494714 0.0026714 0.0562405 0.0632876 -0.00384691 0.0130107 0.0453941 0.0776567 0.0877558 0.0897291
internal_weight=0 6000 10512 3906 9396 6911 6023 2094 3316 590 1116 536 2485 1424 2949 419 908 580 355 367 440 670 660
internal_count=16512 6000 10512 3906 9396 6911 6023 2094 3316 590 1116 536 2485 1424 2949 419 908 580 355 367 440 670 660
is_linear=0
shrinkage=0.1


Tree=11
num_leaves= 20
num_cat= 0
full_tree_array_lgbids= 0 1 4 3 2 14 -6 9 5 11 8 16 17 -2147483648 -2147483648 10 -11 6 7 -3 12 15 13 -2 -18 18 -19 -2147483648 -2147483648 -2147483648 -2147483648 -1 -12 -2147483648 -2147483648 -5 -8 -7 -9 -2147483648 -2147483648 -13 -14 -4 -17 -10 -15 -2147483648 -2147483648 -2147483648 -2147483648 -16 -20 -2147483648 -2147483648 -2147483648 -2147483648 -2147483648 -2147483648 -2147483648 -2147483648 -2147483648 -2147483648
split_feature= 1 1 6 6 1 7 8 8 8 8 7 2 7 7 6 7 7 2 8
split_gain= 743.753 261.862 124.838 78.9851 52.4473 52.3511 79.6787 72.6585 42.858 37.7212 61.3385 37.1187 39.4128 32.1533 31.7492 17.0583 11.9313 10.8977 4.26376
threshold= 5.6042500000000013 3.6530500000000008 2.3238229356603282 2.2982753493904258 7.5465500000000008 34.455000000000005 -117.675 -120.09499999999998 -122.24499999999999 -117.145 37.805000000000007 17.500000000000004 37.815000000000005 34.525000000000013 2.4530432249902163 37.895000000000003 37.955000000000005 40.500000000000007 -122.01499999999999
decision_type= 2 2 2 2 2 2 2 2 2 2 2 2 2 2 2 2 2 2 2
left_child=1 3 11 9 14 6 -5 -7 15 10 -1 -3 -13 -10 16 -4 -2 18 -16
right_child=4 2 8 5 -6 7 -8 -9 13 -11 -12 12 -14 -15 17 -17 -18 -19 -20
leaf_value= 0.020522569801511344 0.083830993494032086 0.0039922438222648841 0.059348111332944847 -0.0044808654467785062 0.077380537457041765 -0.025873765899251257 -0.040959314299660612 -0.062694217446980768 0.0061703352839810963 -0.049459971257318297 -0.025345367489967727 0.070508249140213405 -0.0041388653940716835 -0.016483838446371597 0.056317975212992658 0.0069482602393337069 -0.060097233631781169 0.081136218522552331 0.023250487456802398
leaf_weight=1140 283 245 252 2406 731 2556 1020 874 2445 195 539 584 119 1505 221 226 13.999999999999998 106 1051
leaf_count=1140 283 245 252 2406 731 2556 1020 874 2445 195 539 584 119 1505 221 226 14 106 1051
model_size=2160
internal_value=0 -0.00885658 0.00901539 -0.0198623 0.0519248 -0.0253045 -0.0153413 -0.035256 0.00153666 4.79627e-05 0.00579784 0.0439477 0.0578724 -0.00246119 0.0408154 0.0345733 0.0770465 0.0330065 0.0289957
internal_weight=0 14106 5376 8730 2406 6856 3426 3430 4428 1874 1679 948 703 3950 1675 478 297 1378 1272
internal_count=16512 14106 5376 8730 2406 6856 3426 3430 4428 1874 1679 948 703 3950 1675 478 297 1378 1272
is_linear=0
shrinkage=0.1


Tree=12
num_leaves= 20
num_cat= 0
full_tree_array_lgbids= 0 2 1 3 17 5 7 11 4 -4 -19 9 8 14 16 15 -13 6 10 -2147483648 -2147483648 -2147483648 -2147483648 -2 12 13 -10 -3 -16 18 -18 -1 -17 -2147483648 -2147483648 -5 -8 -6 -12 -2147483648 -2147483648 -2147483648 -2147483648 -2147483648 -2147483648 -2147483648 -2147483648 -2147483648 -2147483648 -11 -14 -7 -15 -2147483648 -2147483648 -2147483648 -2147483648 -2147483648 -2147483648 -9 -20 -2147483648 -2147483648
split_feature= 1 1 7 8 6 6 7 2 8 2 7 7 7 7 1 7 7 8 5
split_gain= 608.977 184.914 94.8334 199.826 91.7183 84.0898 74.153 33.9607 26.62 22.4167 20.3083 18.7785 17.0202 16.1896 16.0987 9.78591 5.59014 1.98559 0.512217
threshold= 4.0612500000000002 5.8308000000000009 38.475000000000001 -122.38499999999998 2.8941056667066012 2.4469862317432325 34.455000000000005 26.500000000000004 -117.77499999999999 21.500000000000004 34.435000000000009 38.005000000000003 37.995000000000012 37.915000000000006 7.2638000000000007 37.765000000000008 38.025000000000013 -121.34499999999998 170.50000000000003
decision_type= 2 2 2 2 2 2 2 2 2 2 2 2 2 2 2 2 2 2 2
left_child=2 5 3 11 6 9 -5 14 13 -2 -6 15 -11 -7 -3 -1 18 -4 -9
right_child=1 7 17 4 10 8 -8 16 -10 12 -12 -13 -14 -15 -16 -17 -18 -19 -20
leaf_value= 0.04594080347821794 0.011601875002880558 0.024439904029966691 -0.04786581457748984 0.0096152564639028493 -0.019423181852443114 0.0140106991626207 -0.020053677048834422 -0.0097370111048221599 -0.022163327860672984 0.059942217951037595 -0.039078233685654246 0.012686542349887623 -0.031811524908767923 -0.014509432630507833 0.057971994886438574 0.10180406540062777 -0.04018417580260171 -0.021665401874509244 0.07309590006913752
leaf_weight=176 316 760 1053 2341 2786 2179 1823 25 534 615 1422 139 42 485 459 157 18 350 832
leaf_count=176 316 760 1053 2341 2786 2179 1823 25 534 615 1422 139 42 485 459 157 18 350 832
model_size=2160
internal_value=0 0.0248817 -0.0152127 -0.0110695 -0.0147791 0.0121917 -0.00337381 0.0501588 0.0036451 0.0402822 -0.0260652 0.0547293 0.0540767 0.00881841 0.037066 0.0722787 0.0683989 -0.0413297 0.0706795
internal_weight=0 6265 10247 8844 8372 4171 4164 2094 3198 973 4208 472 657 2664 1219 333 875 1403 857
internal_count=16512 6265 10247 8844 8372 4171 4164 2094 3198 973 4208 472 657 2664 1219 333 875 1403 857
is_linear=0
shrinkage=0.1


Tree=13
num_leaves= 17
num_cat= 0
full_tree_array_lgbids= 0 1 2 7 3 6 13 15 14 4 8 10 -8 -4 -15 -1 -17 -9 -16 5 -6 9 -10 11 12 -2147483648 -2147483648 -2147483648 -2147483648 -2147483648 -2147483648 -2147483648 -2147483648 -2147483648 -2147483648 -2147483648 -2147483648 -2147483648 -2147483648 -3 -7 -2147483648 -2147483648 -5 -11 -2147483648 -2147483648 -2 -13 -12 -14 -2147483648 -2147483648 -2147483648 -2147483648 -2147483648 -2147483648 -2147483648 -2147483648 -2147483648 -2147483648 -2147483648 -2147483648
split_feature= 1 1 1 6 7 8 6 3 8 7 7 8 8 2 1 7
split_gain= 496.164 114.244 102.29 97.754 60.6303 87.6857 46.2491 24.3491 20.3916 29.9023 17.0957 29.5153 12.3161 7.65503 6.95997 0.579057
threshold= 4.5993500000000003 2.5044000000000004 6.5626000000000007 2.5949646725452555 37.945000000000007 -117.895 2.9742256672023202 3.3654435698213785 -117.79499999999999 34.525000000000013 37.925000000000004 -117.85499999999998 -122.38499999999998 21.500000000000004 1.8344000000000003 34.045000000000009
decision_type= 2 2 2 2 2 2 2 2 2 2 2 2 2 2 2 2
left_child=1 7 6 4 5 -3 10 15 9 -5 11 -2 -12 -4 -9 -1
right_child=2 3 13 8 -6 -7 -8 14 -10 -11 12 -13 -14 -15 -16 -17
leaf_value= -0.023932458859302067 0.042692343957974811 0.029954605810129143 0.037985486752702073 0.0022396154655605588 -0.019957308819324868 -0.018749644260276997 0.0014532760460799245 -0.04167855157440415 -0.031913158966412281 -0.019233976162431648 0.048543689322968327 0.0011635999392234128 -0.02498190392920327 0.065771147585016052 -0.024029248457345991 0.013017685298075288
leaf_weight=199 1388 1954 538 1890 637 567 1319 1169 871 2160 75 331 186 750 2137 341
leaf_count=199 1388 1954 538 1890 637 567 1319 1169 871 2160 75 331 186 750 2137 341
model_size=1824
internal_value=0 -0.0109281 0.0284102 -0.00370361 0.0111423 0.0190005 0.018355 -0.0261041 -0.0132308 -0.00921297 0.0296143 0.0346958 -0.00385386 0.054165 -0.03027 -0.000599127
internal_weight=0 11925 4587 8079 3158 2521 3299 3846 4921 4050 1980 1719 261 1288 3306 540
internal_count=16512 11925 4587 8079 3158 2521 3299 3846 4921 4050 1980 1719 261 1288 3306 540
is_linear=0
shrinkage=0.1


Tree=14
num_leaves= 19
num_cat= 0
full_tree_array_lgbids= 0 3 1 4 -5 2 11 15 5 -2147483648 -2147483648 10 8 12 -13 -1 -17 6 7 -2147483648 -2147483648 -2147483648 -2147483648 -2 13 14 9 16 17 -2147483648 -2147483648 -2147483648 -2147483648 -2147483648 -2147483648 -6 -8 -7 -9 -2147483648 -2147483648 -2147483648 -2147483648 -2147483648 -2147483648 -2147483648 -2147483648 -2147483648 -2147483648 -12 -15 -4 -16 -10 -11 -3 -18 -14 -19 -2147483648 -2147483648 -2147483648 -2147483648
split_feature= 1 1 6 7 8 7 8 8 8 7 2 1 6 7 7 7 7 8
split_gain= 404.301 130.582 70.6001 55.953 136.987 53.322 174.916 130.149 29.6561 52.1372 22.6558 19.2128 17.4748 16.399 9.41614 7.10575 6.89445 1.92131
threshold= 3.9004500000000006 5.8308000000000009 2.2734093974820149 38.475000000000001 -122.38499999999998 34.455000000000005 -118.30499999999999 -120.09499999999998 -121.85499999999998 34.655000000000008 16.500000000000004 8.7395500000000013 2.5949646725452555 37.815000000000005 37.615000000000002 38.235000000000007 37.615000000000002 -117.90499999999999
decision_type= 2 2 2 2 2 2 2 2 2 2 2 2 2 2 2 2 2 2
left_child=3 2 10 4 15 6 -6 -7 14 -10 -2 12 16 -12 -4 -1 -3 -14
right_child=1 11 8 -5 5 7 -8 -9 9 -11 13 -13 17 -15 -16 -17 -18 -19
leaf_value= 0.063831388016590496 0.00032120397588347689 0.070005423213779491 0.043019741251355825 -0.035002361863012386 0.033504725510232578 -0.0098423200818896807 -0.015714931919539571 -0.056725237675100987 0.0064095661360242849 -0.027841911276234255 0.067182655447414349 0.069648016680491295 0.033823365099814762 -0.00094863245382818373 0.0096927045169722757 0.0086226522670191149 0.019849669261410189 0.0063358716504153152
leaf_weight=306 170 371 381 1349 998 2085 3831 985 2266 795 433 365 884 86 627 106 127 347
leaf_count=306 170 371 381 1349 998 2085 3831 985 2266 795 433 365 884 86 627 106 127 347
model_size=2048
internal_value=0 0.0189629 0.00923092 -0.0134507 -0.00995252 -0.0130601 -0.0055428 -0.0248846 0.00365141 -0.00248619 0.0421816 0.0410759 0.0350441 0.0558931 0.0222895 0.0496272 0.0572147 0.0260751
internal_weight=0 6852 4758 9660 8311 7899 4829 3070 4069 3061 689 2094 1729 519 1008 412 498 1231
internal_count=16512 6852 4758 9660 8311 7899 4829 3070 4069 3061 689 2094 1729 519 1008 412 498 1231
is_linear=0
shrinkage=0.1


Tree=15
num_leaves= 17
num_cat= 0
full_tree_array_lgbids= 0 1 5 2 7 6 -7 3 11 8 -9 14 15 -2147483648 -2147483648 13 4 12 -13 10 9 -2147483648 -2147483648 -2 -16 -8 -17 -2147483648 -2147483648 -2147483648 -2147483648 -1 -15 -5 -6 -4 -14 -2147483648 -2147483648 -3 -12 -10 -11 -2147483648 -2147483648 -2147483648 -2147483648 -2147483648 -2147483648 -2147483648 -2147483648 -2147483648 -2147483648 -2147483648 -2147483648 -2147483648 -2147483648 -2147483648 -2147483648 -2147483648 -2147483648 -2147483648 -2147483648
split_feature= 1 6 7 8 8 1 6 8 7 8 6 7 8 2 7 2
split_gain= 326.923 94.6445 101.223 117.536 83.6912 45.0832 24.8828 13.5205 18.4721 59.5797 30.5665 12.8372 5.7527 4.38202 1.11702 1.07599
threshold= 5.0116000000000005 2.8396278889382178 37.945000000000007 -122.33499999999999 -117.145 6.8672000000000013 2.5498511575161031 -117.56499999999998 34.655000000000008 -121.56499999999998 3.442186331338819 39.355000000000011 -122.26499999999999 19.500000000000004 37.875000000000007 36.500000000000007
decision_type= 2 2 2 2 2 2 2 2 2 2 2 2 2 2 2 2
left_child=1 2 3 13 -5 6 14 8 10 -10 -3 12 -4 -1 -2 -8
right_child=5 7 11 4 -6 -7 15 -9 9 -11 -12 -13 -14 -15 -16 -17
leaf_value= -0.03132498323917389 0.046956136099847223 0.0087225658188299429 0.0077029759326652097 0.010138028354907402 -0.035146278325506243 0.047931209670792813 0.0080603740826352775 -0.033722827118564294 -0.0030773395353380323 -0.038758749438642721 -0.017833166801164507 -0.044334762964065369 -0.021998240343252359 0.075885225568449233 -0.00093841359159478578 0.041217353292111611
leaf_weight=20 583 1182 363 4073 560 1040 1714 967 1076 1376 1594 426 937 323 93 185
leaf_count=20 583 1182 363 4073 560 1040 1714 967 1076 1376 1594 426 937 323 93 185
model_size=1824
internal_value=0 -0.00764343 0.00131184 0.00914283 0.00466442 0.027269 0.0189238 -0.0173316 -0.0142998 -0.0231008 -0.00652593 -0.0212646 -0.0137047 0.0696339 0.0403671 0.0112905
internal_weight=0 12897 6702 4976 4633 3615 2575 6195 5228 2452 2776 1726 1300 343 676 1899
internal_count=16512 12897 6702 4976 4633 3615 2575 6195 5228 2452 2776 1726 1300 343 676 1899
is_linear=0
shrinkage=0.1


Tree=16
num_leaves= 17
num_cat= 0
full_tree_array_lgbids= 0 3 1 14 4 2 8 -1 -16 5 13 6 -4 10 -10 -2147483648 -2147483648 -2147483648 -2147483648 9 -7 15 -15 -2 7 -2147483648 -2147483648 11 12 -2147483648 -2147483648 -2147483648 -2147483648 -2147483648 -2147483648 -2147483648 -2147483648 -2147483648 -2147483648 -5 -11 -2147483648 -2147483648 -6 -17 -2147483648 -2147483648 -2147483648 -2147483648 -8 -9 -2147483648 -2147483648 -2147483648 -2147483648 -3 -13 -12 -14 -2147483648 -2147483648 -2147483648 -2147483648
split_feature= 1 1 6 1 3 6 2 6 6 8 7 8 8 2 3 7
split_gain= 272.407 82.2046 47.7478 37.7571 48.1476 29.9278 21.8941 27.9403 12.6626 9.50025 5.50839 17.6405 14.2241 4.79116 3.75283 0.699324
threshold= 3.8346500000000003 5.8308000000000009 2.9291766686969298 2.2210000000000005 4.5952877783354031 3.5589256535947715 21.500000000000004 2.0653737590585881 3.1424162072895592 -118.22499999999998 37.615000000000002 -117.83499999999999 -122.40499999999999 49.500000000000007 3.6193833748516839 34.455000000000005
decision_type= 2 2 2 2 2 2 2 2 2 2 2 2 2 2 2 2
left_child=3 2 6 14 5 9 -2 -8 10 -5 11 -3 -12 15 -1 -6
right_child=1 8 -4 4 13 -7 7 -9 -10 -11 12 -13 -14 -15 -16 -17
leaf_value= -0.0070003504827279061 0.00073309122540556472 0.056071273634152631 -0.0058984885293228637 0.022248228123628859 -0.0076601200631986471 -0.017611581443885093 0.06698902417531509 0.019888142349614474 0.013273360990865807 -0.0023608871721837541 0.066151062534966817 0.014623273473312076 -0.0021082472851939277 0.013042501165561946 -0.028024748911767608 -0.022008440442670654
leaf_weight=624 956 956 2080 1276 1451 650 234 1694 541 692 96 262 239 276 2157 2328
leaf_count=624 956 956 2080 1276 1451 650 234 1694 541 692 96 262 239 276 2157 2328
model_size=1824
internal_value=0 0.0153387 0.00761441 -0.0114513 -0.00651031 0.00584701 0.0173602 0.0256047 0.0336499 0.013595 0.0407483 0.0471555 0.0174526 -0.0144885 -0.0233073 -0.0164992
internal_weight=0 7058 4964 9454 6673 2618 2884 1928 2094 1968 1553 1218 335 4055 2781 3779
internal_count=16512 7058 4964 9454 6673 2618 2884 1928 2094 1968 1553 1218 335 4055 2781 3779
is_linear=0
shrinkage=0.1


Tree=17
num_leaves= 17
num_cat= 0
full_tree_array_lgbids= 0 1 2 9 3 7 -4 -1 13 4 10 8 -9 -2147483648 -2147483648 -2147483648 -2147483648 14 -15 6 5 12 -12 15 11 -2147483648 -2147483648 -2147483648 -2147483648 -2147483648 -2147483648 -2147483648 -2147483648 -2147483648 -2147483648 -11 -16 -2147483648 -2147483648 -3 -8 -6 -7 -5 -14 -2147483648 -2147483648 -2 -17 -10 -13 -2147483648 -2147483648 -2147483648 -2147483648 -2147483648 -2147483648 -2147483648 -2147483648 -2147483648 -2147483648 -2147483648 -2147483648
split_feature= 1 6 1 8 7 8 6 6 4 2 7 2 8 7 1 2
split_gain= 217.315 50.9574 44.0158 37.4722 68.0111 105.929 73.749 32.0578 16.5595 15.7359 14.4261 7.0457 6.41104 6.36786 3.5714 1.53032
threshold= 4.405050000000001 2.0231950334409352 6.8672000000000013 -117.56499999999998 34.525000000000013 -119.94499999999998 3.253673235601747 3.1424162072895592 1.0385565016069338 26.500000000000004 33.625000000000007 11.500000000000002 -117.145 37.815000000000005 3.4105000000000003 33.500000000000007
decision_type= 2 2 2 2 2 2 2 2 2 2 2 2 2 2 2 2
left_child=1 9 7 4 6 -6 -3 8 15 -1 12 -10 -5 14 -11 -2
right_child=2 3 -4 10 5 -7 -8 -9 11 13 -12 -13 -14 -15 -16 -17
leaf_value= -0.0024032705161591162 0.00030706387690292505 0.019486808170353257 0.039644668794319909 0.014594370968099507 -0.0085415665291085231 -0.048976511176955957 -0.012248753571367262 -0.0060072902763941092 0.00038303037762909197 0.026275758227029801 -0.04384662578587141 0.037148436358482632 -0.024789204991358824 -0.0076651537977340924 0.070983268310835512 0.022626437219324148
leaf_weight=587 978 1885 1040 212 4098 930 1763 1094 223 319 709 1108 617 128 164 657
leaf_count=587 978 1885 1040 212 4098 930 1763 1094 223 319 709 1108 617 128 164 657
model_size=1824
internal_value=0 -0.00798022 0.0178569 -0.0106424 -0.00753958 -0.0160206 0.00414969 0.0122758 0.0190195 0.0147173 -0.0281458 0.0309886 -0.0147177 0.0311654 0.0414559 0.00927577
internal_weight=0 11412 5100 10214 8676 5028 3648 4060 2966 1198 1538 1331 829 611 483 1635
internal_count=16512 11412 5100 10214 8676 5028 3648 4060 2966 1198 1538 1331 829 611 483 1635
is_linear=0
shrinkage=0.1


Tree=18
num_leaves= 16
num_cat= 0
full_tree_array_lgbids= 0 1 6 9 2 7 12 10 -11 5 3 8 13 -8 -14 -1 11 -2147483648 -2147483648 14 -7 4 -5 -2 -10 -9 -15 -2147483648 -2147483648 -2147483648 -2147483648 -2147483648 -2147483648 -12 -13 -2147483648 -2147483648 -2147483648 -2147483648 -3 -16 -2147483648 -2147483648 -4 -6 -2147483648 -2147483648 -2147483648 -2147483648 -2147483648 -2147483648 -2147483648 -2147483648 -2147483648 -2147483648 -2147483648 -2147483648 -2147483648 -2147483648 -2147483648 -2147483648 -2147483648 -2147483648
split_feature= 1 1 8 7 8 7 7 8 6 7 8 8 8 7 2
split_gain= 177.191 57.8128 49.2388 46.8367 68.8358 45.9563 12.2629 15.2685 8.12312 4.23331 17.5638 4.86373 3.41646 2.13741 1.58435
threshold= 5.2771000000000017 2.7820000000000005 -122.35499999999998 37.595000000000006 -117.77499999999999 38.735000000000007 37.955000000000005 -117.85499999999998 3.0672102833228161 38.945000000000007 -122.38499999999998 -116.40499999999999 -122.40499999999999 33.885000000000012 47.500000000000007
decision_type= 2 2 2 2 2 2 2 2 2 2 2 2 2 2 2
left_child=1 9 5 4 -4 14 7 8 -2 10 -1 -12 -8 -9 -3
right_child=6 2 3 -5 -6 -7 12 13 -10 -11 11 -13 -14 -15 -16
leaf_value= 0.035521762995188132 0.039175688049664772 0.027168572363701182 0.0094751483192784414 -0.019526398336277857 -0.019035388883156836 -0.042030414876419009 0.040540098321848905 0.015537742908048253 0.014843640686689001 -0.034293322713807549 -0.01293570643485413 -0.058166056425652958 -0.030658809217473795 -0.027676770721397289 0.062851050067588884
leaf_weight=151 1511 434 4553 1685 1404 111 58 466 637 531 4297 117 167 144 246
leaf_count=151 1511 434 4553 1685 1404 111 58 466 637 531 4297 117 167 144 246
model_size=1712
internal_value=0 -0.00511023 0.000723328 -0.00215746 0.00275553 0.0285552 0.0231768 0.0260714 0.0319599 -0.0147638 -0.0124921 -0.0141346 -0.0123053 0.00533628 0.0400772
internal_weight=0 13529 8433 7642 5957 791 2983 2758 2148 5096 4565 4414 225 610 680
internal_count=16512 13529 8433 7642 5957 791 2983 2758 2148 5096 4565 4414 225 610 680
is_linear=0
shrinkage=0.1


Tree=19
num_leaves= 18
num_cat= 0
full_tree_array_lgbids= 0 5 1 11 7 2 12 -1 16 8 14 3 13 -3 -14 -2147483648 -2147483648 -13 -18 10 9 15 -16 4 6 -4 -15 -2147483648 -2147483648 -2147483648 -2147483648 -2147483648 -2147483648 -2147483648 -2147483648 -2147483648 -2147483648 -2147483648 -2147483648 -7 -12 -10 -11 -9 -17 -2147483648 -2147483648 -2 -6 -5 -8 -2147483648 -2147483648 -2147483648 -2147483648 -2147483648 -2147483648 -2147483648 -2147483648 -2147483648 -2147483648 -2147483648 -2147483648
split_feature= 1 6 7 8 7 6 7 8 7 8 6 2 3 8 7 8 1
split_gain= 144.13 42.8665 30.9331 36.9574 77.0196 20.8349 14.6601 12.5744 39.7389 48.357 35.821 7.22391 6.25902 5.38167 1.85085 4.18713 1.77099
threshold= 3.8346500000000003 3.1336552646136835 37.965000000000011 -118.24499999999999 34.165000000000006 1.9322222929778572 33.675000000000004 -117.77499999999999 34.655000000000008 -120.56499999999998 3.442186331338819 27.500000000000004 8.0108708495805292 -122.40499999999999 33.695000000000007 -117.16499999999998 1.4214500000000003
decision_type= 2 2 2 2 2 2 2 2 2 2 2 2 2 2 2 2 2
left_child=5 2 3 4 -2 11 -5 8 10 -10 -7 -1 -3 -4 15 -9 -13
right_child=1 12 13 6 -6 7 -8 14 9 -11 -12 16 -14 -15 -16 -17 -18
leaf_value= -0.0031271138325227547 0.062015285211110008 -0.0070163842243399352 0.024311117697224924 0.024454511525005693 0.019033949280533726 0.015140264035080229 -0.0043900755247114958 0.019080829616984641 -0.0077431405786653673 -0.036241705870551026 -0.012483313008586839 -0.04802786521613598 0.036438877595315028 -0.019996698546953715 -0.035511275663007949 -0.0218295458283191 0.041524025969594335
leaf_weight=427 688 1778 165 651 2103 1652 1048 181 3159 1120 1263 28 143 482 742 574 308
leaf_count=427 688 1778 165 651 2103 1652 1048 181 3159 1120 1263 28 143 482 742 574 308
model_size=1936
internal_value=0 0.0114937 0.0172059 0.0209385 0.0296291 -0.00858077 0.00666221 -0.0104973 -0.0077573 -0.0152025 0.00317163 0.0132495 -0.00378156 -0.00869718 -0.0236646 -0.0120219 0.0340614
internal_weight=0 7058 5137 4490 2791 9454 1699 8691 7194 4279 2915 763 1921 647 1497 755 336
internal_count=16512 7058 5137 4490 2791 9454 1699 8691 7194 4279 2915 763 1921 647 1497 755 336
is_linear=0
shrinkage=0.1


Tree=20
num_leaves= 9
num_cat= 0
full_tree_array_lgbids= 0 1 7 2 -3 -2 -9 6 3 -2147483648 -2147483648 -2147483648 -2147483648 -2147483648 -2147483648 -1 -8 4 5 -2147483648 -2147483648 -2147483648 -2147483648 -2147483648 -2147483648 -2147483648 -2147483648 -2147483648 -2147483648 -2147483648 -2147483648 -2147483648 -2147483648 -2147483648 -2147483648 -4 -6 -5 -7 -2147483648 -2147483648 -2147483648 -2147483648 -2147483648 -2147483648 -2147483648 -2147483648 -2147483648 -2147483648 -2147483648 -2147483648 -2147483648 -2147483648 -2147483648 -2147483648 -2147483648 -2147483648 -2147483648 -2147483648 -2147483648 -2147483648 -2147483648 -2147483648
split_feature= 1 7 8 8 7 7 7 4
split_gain= 120.54 44.1164 118.898 51.0614 70.284 26.0388 6.82603 3.10866
threshold= 5.5682000000000009 37.915000000000006 -122.31499999999998 -117.77499999999999 34.525000000000013 33.695000000000007 37.765000000000008 1.0003353454057682
decision_type= 2 2 2 2 2 2 2 2
left_child=1 2 6 4 -4 -5 -1 -2
right_child=7 -3 3 5 -6 -7 -8 -9
leaf_value= 0.03201997286955556 0.0084593050615118324 -0.017584341824298182 0.0099461568603473535 -0.0060620807064272059 -0.011128147304275495 -0.033466786817594227 0.077098728877325093 0.028637539158392424
leaf_weight=372 819 2710 4896 1383 3422 1066 195 1649
leaf_count=372 819 2710 4896 1383 3422 1066 195 1649
model_size=928
internal_value=0 -0.00385584 -0.000573311 -0.00310612 0.00127625 -0.0179908 0.0475232 0.0219414
internal_weight=0 14044 11334 10767 8318 2449 567 2468
internal_count=16512 14044 11334 10767 8318 2449 567 2468
is_linear=0
shrinkage=0.1


Tree=21
num_leaves= 14
num_cat= 0
full_tree_array_lgbids= 0 6 1 7 -8 2 12 10 8 -2147483648 -2147483648 3 -4 -3 -14 -1 11 9 -10 -2147483648 -2147483648 -2147483648 -2147483648 5 4 -2147483648 -2147483648 -2147483648 -2147483648 -2147483648 -2147483648 -2147483648 -2147483648 -12 -13 -9 -11 -2147483648 -2147483648 -2147483648 -2147483648 -2147483648 -2147483648 -2147483648 -2147483648 -2147483648 -2147483648 -2 -7 -5 -6 -2147483648 -2147483648 -2147483648 -2147483648 -2147483648 -2147483648 -2147483648 -2147483648 -2147483648 -2147483648 -2147483648 -2147483648
split_feature= 1 6 8 7 8 8 7 8 7 8 7 8 3
split_gain= 97.4041 33.9307 27.3214 28.5193 65.6458 33.9929 10.8104 27.9321 46.441 62.8991 21.5038 12.9693 9.44109
threshold= 3.6530500000000008 3.0089663118548242 -117.175 37.615000000000002 -122.40499999999999 -122.03499999999998 39.355000000000011 -121.675 35.335000000000008 -118.35499999999998 37.595000000000006 -122.38499999999998 7.5573198511601065
decision_type= 2 2 2 2 2 2 2 2 2 2 2 2 2
left_child=6 2 3 5 -5 -2 7 10 9 -9 -1 -12 -3
right_child=1 12 -4 4 -6 -7 -8 8 -10 -11 11 -13 -14
leaf_value= 0.040030049112865854 0.06060779440189018 -0.005852727214719286 -0.02641113752332527 0.037076306059556689 -0.0153533290272656 0.019501150179741352 -0.031625963215625996 0.027157817113792945 -0.025038382806582833 -0.0093345831897871153 0.02142688354793057 -0.012067836197054684 0.025888306261025857
leaf_weight=337 353 2463 257 460 943 2983 506 735 2054 3875 466 757 323
leaf_count=337 353 2463 257 460 943 2983 506 735 2054 3875 466 757 323
model_size=1488
internal_value=0 0.00890547 0.0150832 0.0173335 0.00183672 0.0238509 -0.00793842 -0.00648099 -0.01015 -0.00351638 0.00919212 0.000694665 -0.00217277
internal_weight=0 7782 4996 4739 1403 3336 8730 8224 6664 4610 1560 1223 2786
internal_count=16512 7782 4996 4739 1403 3336 8730 8224 6664 4610 1560 1223 2786
is_linear=0
shrinkage=0.1


Tree=22
num_leaves= 9
num_cat= 0
full_tree_array_lgbids= 0 1 -2 2 5 -2147483648 -2147483648 3 -4 6 7 -2147483648 -2147483648 -2147483648 -2147483648 -1 4 -2147483648 -2147483648 -3 -8 -7 -9 -2147483648 -2147483648 -2147483648 -2147483648 -2147483648 -2147483648 -2147483648 -2147483648 -2147483648 -2147483648 -5 -6 -2147483648 -2147483648 -2147483648 -2147483648 -2147483648 -2147483648 -2147483648 -2147483648 -2147483648 -2147483648 -2147483648 -2147483648 -2147483648 -2147483648 -2147483648 -2147483648 -2147483648 -2147483648 -2147483648 -2147483648 -2147483648 -2147483648 -2147483648 -2147483648 -2147483648 -2147483648 -2147483648 -2147483648
split_feature= 1 6 7 8 7 8 7 7
split_gain= 78.9227 38.6607 38.7094 50.7298 31.7412 4.79243 2.13105 1.26142
threshold= 5.6042500000000013 3.1336552646136835 37.925000000000004 -122.31499999999998 34.455000000000005 -121.48499999999999 37.895000000000003 35.135000000000012
decision_type= 2 2 2 2 2 2 2 2
left_child=1 2 3 -1 -5 6 -3 -7
right_child=-2 5 -4 4 -6 7 -8 -9
leaf_value= 0.043529938868115375 0.018705850070029031 0.015453483150390739 -0.01253918408863056 0.0096107112074243911 -0.0085796285165822949 -0.011726706390081387 -0.023880984024240725 -0.029546231572347662
leaf_weight=460 2406 511 2320 4346 2415 3019 194 841
leaf_count=460 2406 511 2320 4346 2415 3019 194 841
model_size=928
internal_value=0 -0.00319058 0.00125576 0.00568787 0.0031132 -0.0124836 0.00462953 -0.0156091
internal_weight=0 14106 9541 7221 6761 4565 705 3860
internal_count=16512 14106 9541 7221 6761 4565 705 3860
is_linear=0
shrinkage=0.1


Tree=23
num_leaves= 10
num_cat= 0
full_tree_array_lgbids= 0 7 1 8 -9 3 2 -1 -10 -2147483648 -2147483648 4 -5 6 -4 -2147483648 -2147483648 -2147483648 -2147483648 -2147483648 -2147483648 -2147483648 -2147483648 -2 5 -2147483648 -2147483648 -3 -8 -2147483648 -2147483648 -2147483648 -2147483648 -2147483648 -2147483648 -2147483648 -2147483648 -2147483648 -2147483648 -2147483648 -2147483648 -2147483648 -2147483648 -2147483648 -2147483648 -2147483648 -2147483648 -2147483648 -2147483648 -6 -7 -2147483648 -2147483648 -2147483648 -2147483648 -2147483648 -2147483648 -2147483648 -2147483648 -2147483648 -2147483648 -2147483648 -2147483648
split_feature= 1 8 7 7 7 8 8 8 6
split_gain= 61.7495 25.7101 23.4615 23.2928 19.5897 15.388 14.692 6.9923 5.0165
threshold= 3.6530500000000008 -117.71499999999999 33.645000000000003 37.965000000000011 33.625000000000007 -118.27499999999999 -117.145 -116.47499999999998 2.4839226633581473
decision_type= 2 2 2 2 2 2 2 2 2
left_child=7 3 6 4 -2 -6 -3 8 -1
right_child=1 2 -4 -5 5 -7 -8 -9 -10
leaf_value= 0.0020610947315937689 0.086364178832721072 0.02449030751139214 -0.036078321324678829 -0.0096003903405746018 0.018275138531729445 0.0012331446224934735 -0.018485433752034122 -0.045813898799113101 -0.0095177614144519723
leaf_weight=2710 74 388 427 905 3863 1765 360 171 5849
leaf_count=2710 74 388 427 905 3863 1765 360 171 5849
model_size=1040
internal_value=0 0.00744256 -0.0106876 0.0106669 0.0138836 0.0129306 0.0038068 -0.00663436 -0.0058516
internal_weight=0 7782 1175 6607 5702 5628 748 8730 8559
internal_count=16512 7782 1175 6607 5702 5628 748 8730 8559
is_linear=0
shrinkage=0.1


Tree=24
num_leaves= 7
num_cat= 0
full_tree_array_lgbids= 0 1 -2 2 -3 -2147483648 -2147483648 3 -4 -2147483648 -2147483648 -2147483648 -2147483648 -2147483648 -2147483648 5 4 -2147483648 -2147483648 -2147483648 -2147483648 -2147483648 -2147483648 -2147483648 -2147483648 -2147483648 -2147483648 -2147483648 -2147483648 -2147483648 -2147483648 -1 -7 -5 -6 -2147483648 -2147483648 -2147483648 -2147483648 -2147483648 -2147483648 -2147483648 -2147483648 -2147483648 -2147483648 -2147483648 -2147483648 -2147483648 -2147483648 -2147483648 -2147483648 -2147483648 -2147483648 -2147483648 -2147483648 -2147483648 -2147483648 -2147483648 -2147483648 -2147483648 -2147483648 -2147483648 -2147483648
split_feature= 1 6 8 7 8 8
split_gain= 49.8148 24.2167 21.3571 49.6176 82.2808 69.7174
threshold= 5.6851000000000012 2.8024658054711251 -117.145 34.455000000000005 -119.94499999999998 -118.36499999999999
decision_type= 2 2 2 2 2 2
left_child=1 2 3 5 -5 -1
right_child=-2 -3 -4 4 -6 -7
leaf_value= 0.049054458238972393 0.0162439250118309 -0.0081276721937341354 -0.023106971615506872 0.0025005185431324272 -0.049168194117880232 0.0068743705674511081
leaf_weight=682 2280 7177 558 3449 431 1935
leaf_count=682 2280 7177 558 3449 431 1935
model_size=704
internal_value=0 -0.00260232 0.00301859 0.0052624 -0.00323897 0.0178667
internal_weight=0 14232 7055 6497 3880 2617
internal_count=16512 14232 7055 6497 3880 2617
is_linear=0
shrinkage=0.1


Tree=25
num_leaves= 9
num_cat= 0
full_tree_array_lgbids= 0 1 2 3 -3 7 -4 4 -5 -2147483648 -2147483648 -2 -9 -2147483648 -2147483648 5 6 -2147483648 -2147483648 -2147483648 -2147483648 -2147483648 -2147483648 -2147483648 -2147483648 -2147483648 -2147483648 -2147483648 -2147483648 -2147483648 -2147483648 -1 -7 -6 -8 -2147483648 -2147483648 -2147483648 -2147483648 -2147483648 -2147483648 -2147483648 -2147483648 -2147483648 -2147483648 -2147483648 -2147483648 -2147483648 -2147483648 -2147483648 -2147483648 -2147483648 -2147483648 -2147483648 -2147483648 -2147483648 -2147483648 -2147483648 -2147483648 -2147483648 -2147483648 -2147483648 -2147483648
split_feature= 1 6 4 8 7 8 8 1
split_gain= 38.3967 11.8982 11.0775 8.82661 28.5406 80.6138 13.7381 2.1131
threshold= 4.5993500000000003 2.6485137608459874 1.0385565016069338 -117.16499999999998 34.115000000000002 -118.36499999999999 -121.87499999999999 8.4454500000000028
decision_type= 2 2 2 2 2 2 2 2
left_child=1 3 7 4 5 -1 -6 -2
right_child=2 -3 -4 -5 6 -7 -8 -9
leaf_value= 0.0848085358244548 -0.00023859742040344495 -0.0080022096274413902 0.01943358482734182 -0.02172327230669354 0.0095879800957498294 0.0088633915369342071 -0.011047104286457242 0.030974390239839163
leaf_weight=211 2441 7049 1894 447 1481 1016 1721 252
leaf_count=211 2441 7049 1894 447 1481 1016 1721 252
model_size=928
internal_value=0 -0.00369227 0.00959894 0.0025384 0.00498703 0.0219232 -0.00150289 0.00268219
internal_weight=0 11925 4587 4876 4429 1227 3202 2693
internal_count=16512 11925 4587 4876 4429 1227 3202 2693
is_linear=0
shrinkage=0.1


Tree=26
num_leaves= 13
num_cat= 0
full_tree_array_lgbids= 0 1 -2 7 2 -2147483648 -2147483648 9 8 3 5 -2147483648 -2147483648 -2147483648 -2147483648 -1 -11 10 -10 4 6 -4 11 -2147483648 -2147483648 -2147483648 -2147483648 -2147483648 -2147483648 -2147483648 -2147483648 -2147483648 -2147483648 -2147483648 -2147483648 -9 -12 -2147483648 -2147483648 -3 -6 -5 -8 -2147483648 -2147483648 -7 -13 -2147483648 -2147483648 -2147483648 -2147483648 -2147483648 -2147483648 -2147483648 -2147483648 -2147483648 -2147483648 -2147483648 -2147483648 -2147483648 -2147483648 -2147483648 -2147483648
split_feature= 7 8 7 8 7 1 8 7 8 8 7 8
split_gain= 31.0709 79.234 164.689 121.047 48.0362 34.6302 13.0294 10.9826 41.5108 11.8199 7.03488 0.552937
threshold= 37.925000000000004 -121.28499999999998 35.335000000000008 -118.30499999999999 34.155000000000008 3.8584500000000004 -116.53499999999998 37.595000000000006 -122.33499999999999 -122.02499999999999 37.765000000000008 -120.47499999999998
decision_type= 2 2 2 2 2 2 2 2 2 2 2 2
left_child=1 7 3 4 -3 -4 -5 9 10 -1 -9 -7
right_child=-2 2 5 6 -6 11 -8 8 -10 -11 -12 -13
leaf_value= 0.049207841654888861 -0.012131446468383017 0.040721909605617175 -0.025952882351691034 -0.0029776276529909825 0.0076631381356254552 -0.035312286599017459 -0.041418012061243896 0.016212687046241223 -0.0074002206644682381 0.018207419372466005 0.059787051242880557 -0.096203625532375145
leaf_weight=514 2882 1204 1215 6399 1302 83 234 360 940 962 241 176
leaf_count=514 2882 1204 1215 6399 1302 83 234 360 940 962 241 176
model_size=1376
internal_value=0 0.00256514 -0.00199139 0.00331119 0.0235461 -0.0348681 -0.00433373 0.0185938 0.00862365 0.029003 0.0336859 -0.0766902
internal_weight=0 13630 10613 9139 2506 1474 6633 3017 1541 1476 601 259
internal_count=16512 13630 10613 9139 2506 1474 6633 3017 1541 1476 601 259
is_linear=0
shrinkage=0.1


Tree=27
num_leaves= 7
num_cat= 0
full_tree_array_lgbids= 0 1 5 2 -3 -2 -7 -1 3 -2147483648 -2147483648 -2147483648 -2147483648 -2147483648 -2147483648 -2147483648 -2147483648 4 -5 -2147483648 -2147483648 -2147483648 -2147483648 -2147483648 -2147483648 -2147483648 -2147483648 -2147483648 -2147483648 -2147483648 -2147483648 -2147483648 -2147483648 -2147483648 -2147483648 -4 -6 -2147483648 -2147483648 -2147483648 -2147483648 -2147483648 -2147483648 -2147483648 -2147483648 -2147483648 -2147483648 -2147483648 -2147483648 -2147483648 -2147483648 -2147483648 -2147483648 -2147483648 -2147483648 -2147483648 -2147483648 -2147483648 -2147483648 -2147483648 -2147483648 -2147483648 -2147483648
split_feature= 3 6 2 7 4 2
split_gain= 26.6256 18.3428 9.31902 9.83776 4.92592 2.26204
threshold= 6.3286213786213787 2.4469862317432325 21.500000000000004 37.805000000000007 1.1321898918370887 32.500000000000007
decision_type= 2 2 2 2 2 2
left_child=1 2 -1 4 -4 -2
right_child=5 -3 3 -5 -6 -7
leaf_value= -0.0071142709094192125 0.0062694214079833986 -0.0059940118756084864 0.013804204776734278 -0.0067809621950470425 0.047858408280729278 0.026325042757560632
leaf_weight=1199 2388 9569 1706 650 253 747
leaf_count=1199 2388 9569 1706 650 253 747
model_size=704
internal_value=0 -0.00258923 0.00596652 0.011978 0.0182022 0.0110482
internal_weight=0 13377 3808 2609 1959 3135
internal_count=16512 13377 3808 2609 1959 3135
is_linear=0
shrinkage=0.1


Tree=28
num_leaves= 15
num_cat= 0
full_tree_array_lgbids= 0 1 10 3 2 12 -12 4 6 5 8 -2 -14 -2147483648 -2147483648 -1 9 7 13 11 -7 -4 -10 -2147483648 -2147483648 -2147483648 -2147483648 -2147483648 -2147483648 -2147483648 -2147483648 -2147483648 -2147483648 -6 -11 -5 -9 -8 -15 -3 -13 -2147483648 -2147483648 -2147483648 -2147483648 -2147483648 -2147483648 -2147483648 -2147483648 -2147483648 -2147483648 -2147483648 -2147483648 -2147483648 -2147483648 -2147483648 -2147483648 -2147483648 -2147483648 -2147483648 -2147483648 -2147483648 -2147483648
split_feature= 8 7 8 8 7 7 7 7 1 8 7 8 8 8
split_gain= 22.5775 41.9899 113.93 58.3437 64.8999 57.2385 38.1935 41.7879 28.6575 28.1412 27.9415 24.9672 19.597 7.32414
threshold= -117.75499999999998 34.525000000000013 -119.94499999999998 -118.36499999999999 34.155000000000008 37.895000000000003 34.045000000000009 33.645000000000003 3.5488500000000003 -119.30499999999999 33.915000000000006 -121.24499999999999 -117.145 -118.01499999999999
decision_type= 2 2 2 2 2 2 2 2 2 2 2 2 2 2
left_child=1 3 5 4 -1 11 7 -5 -4 -6 12 -3 -2 -8
right_child=10 2 8 6 9 -7 13 -9 -10 -11 -12 -13 -14 -15
leaf_value= 0.056923630739100839 0.014897488803646412 0.016993948471339542 -0.023872708679600035 0.072927056190253484 0.063904963563602993 -0.010398374885571398 0.027621178093696422 -0.007097200195325809 -0.072913235226284262 0.00023010878901694385 -0.030167193259319387 -0.010817424613863353 -0.014910403923331995 -0.010076753783216777
leaf_weight=652 800 2931 789 101 142 2979 1082 2995 278 803 923 741 1054 242
leaf_count=652 800 2931 789 101 142 2979 1082 2995 278 803 923 741 1054 242
model_size=1600
internal_value=0 0.00230374 -0.00366528 0.0099602 0.0290379 0.00162634 0.00306721 -0.00448659 -0.0366499 0.00979818 -0.0113943 0.0113817 -0.00204831 0.0207308
internal_weight=0 13735 7718 6017 1597 6651 4420 3096 1067 945 2777 3672 1854 1324
internal_count=16512 13735 7718 6017 1597 6651 4420 3096 1067 945 2777 3672 1854 1324
is_linear=0
shrinkage=0.1


Tree=29
num_leaves= 8
num_cat= 0
full_tree_array_lgbids= 0 1 -2 -1 2 -2147483648 -2147483648 -2147483648 -2147483648 3 5 -2147483648 -2147483648 -2147483648 -2147483648 -2147483648 -2147483648 -2147483648 -2147483648 4 -5 6 -7 -2147483648 -2147483648 -2147483648 -2147483648 -2147483648 -2147483648 -2147483648 -2147483648 -2147483648 -2147483648 -2147483648 -2147483648 -2147483648 -2147483648 -2147483648 -2147483648 -3 -6 -2147483648 -2147483648 -4 -8 -2147483648 -2147483648 -2147483648 -2147483648 -2147483648 -2147483648 -2147483648 -2147483648 -2147483648 -2147483648 -2147483648 -2147483648 -2147483648 -2147483648 -2147483648 -2147483648 -2147483648 -2147483648
split_feature= 3 4 8 7 8 7 8
split_gain= 17.1876 12.1297 8.23089 11.6285 21.2863 2.80854 5.93344
threshold= 6.3286213786213787 0.9926017150155082 -117.77499999999999 37.895000000000003 -122.31499999999998 33.565000000000005 -117.24499999999999
decision_type= 2 2 2 2 2 2 2
left_child=1 -1 3 4 -3 6 -4
right_child=-2 2 5 -5 -6 -7 -8
leaf_value= -0.012397500686974455 0.009944102987735251 0.033801376542811325 0.034856848494517943 -0.0093508359991813193 0.0034139842042948971 -0.024546217916270027 -0.0090004430772165373
leaf_weight=2632 3135 493 172 1869 6647 794 770
leaf_count=2632 3135 493 172 1869 6647 794 770
model_size=816
internal_value=0 -0.00233047 0.000135455 0.0024287 0.00551216 -0.0117654 -0.00099253
internal_weight=0 13377 10745 9009 7140 1736 942
internal_count=16512 13377 10745 9009 7140 1736 942
is_linear=0
shrinkage=0.1


Tree=30
num_leaves= 8
num_cat= 0
full_tree_array_lgbids= 0 1 -2 2 -3 -2147483648 -2147483648 6 3 -2147483648 -2147483648 -2147483648 -2147483648 -2147483648 -2147483648 -1 -8 5 4 -2147483648 -2147483648 -2147483648 -2147483648 -2147483648 -2147483648 -2147483648 -2147483648 -2147483648 -2147483648 -2147483648 -2147483648 -2147483648 -2147483648 -2147483648 -2147483648 -4 -7 -5 -6 -2147483648 -2147483648 -2147483648 -2147483648 -2147483648 -2147483648 -2147483648 -2147483648 -2147483648 -2147483648 -2147483648 -2147483648 -2147483648 -2147483648 -2147483648 -2147483648 -2147483648 -2147483648 -2147483648 -2147483648 -2147483648 -2147483648 -2147483648 -2147483648
split_feature= 6 7 8 7 8 8 7
split_gain= 13.8848 19.3536 11.6009 24.9379 78.3589 59.7979 2.65052
threshold= 3.2358284584328918 39.355000000000011 -122.35499999999998 34.525000000000013 -119.94499999999998 -118.35499999999998 38.705000000000005
decision_type= 2 2 2 2 2 2 2
left_child=1 2 6 5 -5 -4 -1
right_child=-2 -3 3 4 -6 -7 -8
leaf_value= 0.02671819349581649 -0.0076085361984578942 -0.024434464468439041 0.029769521145614958 0.0015466958155122591 -0.037324166132632314 0.001842918441814297 -0.023960699967574328
leaf_weight=890 4438 524 1359 3987 790 4420 104
leaf_count=890 4438 524 1359 3987 790 4420 104
model_size=816
internal_value=0 0.00279664 0.00403206 0.00239514 -0.0048816 0.00841019 0.0214158
internal_weight=0 12074 11550 10556 4777 5779 994
internal_count=16512 12074 11550 10556 4777 5779 994
is_linear=0
shrinkage=0.1


Tree=31
num_leaves= 6
num_cat= 0
full_tree_array_lgbids= 0 1 -2 -1 2 -2147483648 -2147483648 -2147483648 -2147483648 3 -4 -2147483648 -2147483648 -2147483648 -2147483648 -2147483648 -2147483648 -2147483648 -2147483648 -3 4 -2147483648 -2147483648 -2147483648 -2147483648 -2147483648 -2147483648 -2147483648 -2147483648 -2147483648 -2147483648 -2147483648 -2147483648 -2147483648 -2147483648 -2147483648 -2147483648 -2147483648 -2147483648 -2147483648 -2147483648 -5 -6 -2147483648 -2147483648 -2147483648 -2147483648 -2147483648 -2147483648 -2147483648 -2147483648 -2147483648 -2147483648 -2147483648 -2147483648 -2147483648 -2147483648 -2147483648 -2147483648 -2147483648 -2147483648 -2147483648 -2147483648
split_feature= 3 4 8 7 7
split_gain= 8.99684 5.44832 1.58133 9.1664 2.44573
threshold= 6.3286213786213787 0.99160544721033084 -117.77499999999999 33.625000000000007 34.525000000000013
decision_type= 2 2 2 2 2
left_child=1 -1 3 -3 -5
right_child=-2 2 -4 4 -6
leaf_value= -0.011236521592429743 0.0088637934878403168 0.099738666554912925 -0.010394395555131676 0.0074602895329661219 -0.0028775749650616755
leaf_weight=2583 3135 32 1746 4076 4940
leaf_count=2583 3135 32 1746 4076 4940
model_size=592
internal_value=0 -0.0020773 0.000114503 0.00214241 0.00179602
internal_weight=0 13377 10794 9048 9016
internal_count=16512 13377 10794 9048 9016
is_linear=0
shrinkage=0.1


Tree=32
num_leaves= 6
num_cat= 0
full_tree_array_lgbids= 0 1 -2 2 -3 -2147483648 -2147483648 -1 3 -2147483648 -2147483648 -2147483648 -2147483648 -2147483648 -2147483648 -2147483648 -2147483648 4 -5 -2147483648 -2147483648 -2147483648 -2147483648 -2147483648 -2147483648 -2147483648 -2147483648 -2147483648 -2147483648 -2147483648 -2147483648 -2147483648 -2147483648 -2147483648 -2147483648 -4 -6 -2147483648 -2147483648 -2147483648 -2147483648 -2147483648 -2147483648 -2147483648 -2147483648 -2147483648 -2147483648 -2147483648 -2147483648 -2147483648 -2147483648 -2147483648 -2147483648 -2147483648 -2147483648 -2147483648 -2147483648 -2147483648 -2147483648 -2147483648 -2147483648 -2147483648 -2147483648
split_feature= 6 7 8 7 8
split_gain= 7.63282 12.066 21.9394 17.5512 47.9611
threshold= 3.442186331338819 38.455000000000005 -122.41499999999998 37.615000000000002 -122.01499999999999
decision_type= 2 2 2 2 2
left_child=1 2 -1 4 -4
right_child=-2 -3 3 -5 -6
leaf_value= 0.027961612042578299 -0.0085761302063812519 -0.011299365532302302 0.04073185872960329 -0.010467703091623211 0.0030005009667806635
leaf_weight=708 3196 1649 518 1944 8497
leaf_count=708 3196 1649 518 1944 8497
model_size=592
internal_value=0 0.00205837 0.00394634 0.00239485 0.00516854
internal_weight=0 13316 11667 10959 9015
internal_count=16512 13316 11667 10959 9015
is_linear=0
shrinkage=0.1


Tree=33
num_leaves= 4
num_cat= 0
full_tree_array_lgbids= 0 1 -2 2 -3 -2147483648 -2147483648 -1 -4 -2147483648 -2147483648 -2147483648 -2147483648 -2147483648 -2147483648
split_feature= 8 3 4
split_gain= 6.58862 6.01017 1.21551
threshold= -116.53499999999998 6.5207558992324239 0.99160544721033084
decision_type= 2 2 2
left_child=1 2 -1
right_child=-2 -3 -4
leaf_value= -0.0095975833430298352 -0.034337416495124007 0.01021009205267725 0.00073559717833953688
leaf_weight=2652 236 2484 11140
leaf_count=2652 236 2484 11140
model_size=368
internal_value=0 0.000497888 -0.00125132
internal_weight=0 16276 13792
internal_count=16512 16276 13792
is_linear=0
shrinkage=0.1


Tree=34
num_leaves= 12
num_cat= 0
full_tree_array_lgbids= 0 -1 1 -2147483648 -2147483648 3 2 -2147483648 -2147483648 -2147483648 -2147483648 6 4 9 -4 -2147483648 -2147483648 -2147483648 -2147483648 -2147483648 -2147483648 -2147483648 -2147483648 7 10 5 8 -3 -11 -2147483648 -2147483648 -2147483648 -2147483648 -2147483648 -2147483648 -2147483648 -2147483648 -2147483648 -2147483648 -2147483648 -2147483648 -2147483648 -2147483648 -2147483648 -2147483648 -2147483648 -2147483648 -2 -9 -8 -12 -5 -7 -6 -10 -2147483648 -2147483648 -2147483648 -2147483648 -2147483648 -2147483648 -2147483648 -2147483648
split_feature= 1 8 7 7 8 7 8 7 1 8 7
split_gain= 4.4528 3.95269 15.3329 14.9818 76.4952 26.5178 19.1879 42.7162 13.9924 12.7251 11.921
threshold= 1.9486000000000003 -117.75499999999998 33.565000000000005 34.525000000000013 -119.94499999999998 37.595000000000006 -118.36499999999999 34.135000000000012 3.3627000000000002 -117.16499999999998 33.645000000000003
decision_type= 2 2 2 2 2 2 2 2 2 2 2
left_child=-1 3 9 6 5 -5 7 -2 -6 -3 -8
right_child=1 2 -4 4 8 -7 10 -9 -10 -11 -12
leaf_value= -0.011449829392060268 0.04921028512909869 0.023581558866498403 -0.021166244734987873 0.015996424971218504 -0.017519974182639921 -0.0033393486732920322 0.060828913020726183 0.0073405882146475839 -0.060332995903262368 -0.0096015932284228833 0.0023611859865538586
leaf_weight=1781 586 517 1138 1889 503 4070 101 986 318 792 3831
leaf_count=1781 586 517 1138 1889 503 4070 101 986 318 792 3831
model_size=1264
internal_value=0 0.0013843 -0.00796893 0.00324749 -0.00167734 0.00279008 0.00931404 0.0229485 -0.0341028 0.00350436 0.00386303
internal_weight=0 14731 2447 12284 6780 5959 5504 1572 821 1309 3932
internal_count=16512 14731 2447 12284 6780 5959 5504 1572 821 1309 3932
is_linear=0
shrinkage=0.1


Tree=35
num_leaves= 6
num_cat= 0
full_tree_array_lgbids= 0 1 -2 -1 2 -2147483648 -2147483648 -2147483648 -2147483648 3 -4 -2147483648 -2147483648 -2147483648 -2147483648 -2147483648 -2147483648 -2147483648 -2147483648 -3 4 -2147483648 -2147483648 -2147483648 -2147483648 -2147483648 -2147483648 -2147483648 -2147483648 -2147483648 -2147483648 -2147483648 -2147483648 -2147483648 -2147483648 -2147483648 -2147483648 -2147483648 -2147483648 -2147483648 -2147483648 -5 -6 -2147483648 -2147483648 -2147483648 -2147483648 -2147483648 -2147483648 -2147483648 -2147483648 -2147483648 -2147483648 -2147483648 -2147483648 -2147483648 -2147483648 -2147483648 -2147483648 -2147483648 -2147483648 -2147483648 -2147483648
split_feature= 7 8 7 8 7
split_gain= 1.16127 13.0459 1.64925 35.2084 87.4981
threshold= 39.355000000000011 -122.35499999999998 37.595000000000006 -120.62499999999999 34.655000000000008
decision_type= 2 2 2 2 2
left_child=1 -1 3 -3 -5
right_child=-2 2 -4 4 -6
leaf_value= 0.017604736910870358 -0.020334356247266344 0.018680728019054803 -0.008455143165637306 0.0026421669952922111 -0.028150171401166407
leaf_weight=1135 540 1649 3042 8818 1328
leaf_count=1135 540 1649 3042 8818 1328
model_size=592
internal_value=0 0.000687488 -0.000606647 0.00141753 -0.00138821
internal_weight=0 15972 14837 11795 10146
internal_count=16512 15972 14837 11795 10146
is_linear=0
shrinkage=0.1


Tree=36
num_leaves= 16
num_cat= 0
full_tree_array_lgbids= 0 2 1 5 3 13 -3 6 9 4 7 -2 -15 -2147483648 -2147483648 -1 8 10 11 14 12 -5 -9 -2147483648 -2147483648 -2147483648 -2147483648 -2147483648 -2147483648 -2147483648 -2147483648 -2147483648 -2147483648 -8 -10 -7 -12 -11 -13 -4 -16 -6 -14 -2147483648 -2147483648 -2147483648 -2147483648 -2147483648 -2147483648 -2147483648 -2147483648 -2147483648 -2147483648 -2147483648 -2147483648 -2147483648 -2147483648 -2147483648 -2147483648 -2147483648 -2147483648 -2147483648 -2147483648
split_feature= 8 7 7 8 7 8 7 1 8 7 7 8 8 8 8
split_gain= 0.0787195 11.1502 5.63558 46.6789 33.1676 20.6831 28.1403 13.6186 11.2153 10.3901 18.7386 9.99078 9.29014 3.14794 0.267697
threshold= -117.50499999999998 33.915000000000006 34.655000000000008 -120.56499999999998 37.595000000000006 -118.35499999999998 34.165000000000006 4.1119000000000012 -119.30499999999999 34.045000000000009 33.755000000000003 -118.01499999999999 -122.40499999999999 -117.16499999999998 -122.13499999999998
decision_type= 2 2 2 2 2 2 2 2 2 2 2 2 2 2 2
left_child=2 13 5 4 14 6 -1 -5 -8 10 -7 -11 -6 -2 -4
right_child=1 -3 3 7 12 9 8 -9 -10 11 -12 -13 -14 -15 -16
leaf_value= 0.038164438635474016 0.01695665670604643 -0.028216049278603491 0.043466144536941476 -0.015466771078134496 0.0097695890709132063 0.016527712119854938 0.042484212500333296 -0.058498296188597268 -0.0049337640606015301 0.022772614061568507 -0.01006671955734444 -0.0094664963425371007 -0.0090248732212310882 -0.0099309115703972821 0.012217702125747283
leaf_weight=795 508 652 271 1212 1218 742 183 229 772 1076 2588 432 3266 1110 1458
leaf_count=795 508 652 271 1212 1218 742 183 229 772 1076 2588 432 3266 1110 1458
model_size=1712
internal_value=0 -0.00916572 0.0014609 -0.00262934 0.00193415 0.00621299 0.0196037 -0.0223052 0.00415261 0.00136931 -0.00414087 0.013537 -0.00391969 -0.00148908 0.0171155
internal_weight=0 2270 14242 7654 6213 6588 1750 1441 955 4838 3330 1508 4484 1618 1729
internal_count=16512 2270 14242 7654 6213 6588 1750 1441 955 4838 3330 1508 4484 1618 1729
is_linear=0
shrinkage=0.1


end of trees

feature_importances:
Column_7=147
Column_8=142
Column_1=108
Column_6=91
Column_2=63
Column_3=22
Column_4=12
Column_5=8

parameters:
[boosting: gbdt]
[objective: regression]
[metric: rmse]
[tree_learner: serial]
[device_type: cpu]
[data_sample_strategy: bagging]
[data: data/california_housing.libsvm.train]
[valid: data/california_housing.libsvm.test]
[num_iterations: 100000]
[learning_rate: 0.1]
[num_leaves: 255]
[num_threads: 0]
[seed: 42]
[deterministic: 0]
[force_col_wise: 0]
[force_row_wise: 0]
[histogram_pool_size: -1]
[max_depth: 5]
[min_data_in_leaf: 10]
[min_sum_hessian_in_leaf: 0.001]
[bagging_fraction: 1]
[pos_bagging_fraction: 1]
[neg_bagging_fraction: 1]
[bagging_freq: 0]
[bagging_seed: 400]
[feature_fraction: 1]
[feature_fraction_bynode: 1]
[feature_fraction_seed: 30056]
[extra_trees: 0]
[extra_seed: 12879]
[early_stopping_round: 0]
[early_stopping_min_delta: 0]
[first_metric_only: 0]
[max_delta_step: 0]
[lambda_l1: 0]
[lambda_l2: 0]
[linear_lambda: 0]
[min_gain_to_split: 0]
[drop_rate: 0.1]
[max_drop: 50]
[skip_drop: 0.5]
[xgboost_dart_mode: 0]
[uniform_drop: 0]
[drop_seed: 17869]
[top_rate: 0.2]
[other_rate: 0.1]
[min_data_per_group: 100]
[max_cat_threshold: 32]
[cat_l2: 10]
[cat_smooth: 10]
[max_cat_to_onehot: 4]
[top_k: 20]
[monotone_constraints: ]
[monotone_constraints_method: basic]
[monotone_penalty: 0]
[feature_contri: ]
[forcedsplits_filename: ]
[refit_decay_rate: 0.9]
[tinygbdt_penalty_feature: 1]
[tinygbdt_penalty_split: 0.015625]
[tinygbdt_forestsize: 64000]
[tinygbdt_precision: 7]
[cegb_tradeoff: 1]
[cegb_penalty_split: 0]
[cegb_penalty_feature_lazy: ]
[cegb_penalty_feature_coupled: ]
[path_smooth: 0]
[interaction_constraints: ]
[verbosity: 2]
[saved_feature_importance_type: 0]
[use_quantized_grad: 0]
[num_grad_quant_bins: 4]
[quant_train_renew_leaf: 0]
[stochastic_rounding: 1]
[linear_tree: 0]
[max_bin: 255]
[max_bin_by_feature: ]
[min_data_in_bin: 3]
[bin_construct_sample_cnt: 200000]
[data_random_seed: 175]
[is_enable_sparse: 1]
[enable_bundle: 1]
[use_missing: 1]
[zero_as_missing: 0]
[feature_pre_filter: 1]
[pre_partition: 0]
[two_round: 0]
[header: 0]
[label_column: ]
[weight_column: ]
[group_column: ]
[ignore_column: ]
[categorical_feature: ]
[forcedbins_filename: ]
[precise_float_parser: 0]
[parser_config_file: ]
[objective_seed: 16083]
[num_class: 1]
[is_unbalance: 0]
[scale_pos_weight: 1]
[sigmoid: 1]
[boost_from_average: 1]
[reg_sqrt: 0]
[alpha: 0.9]
[fair_c: 1]
[poisson_max_delta_step: 0.7]
[tweedie_variance_power: 1.5]
[lambdarank_truncation_level: 30]
[lambdarank_norm: 1]
[label_gain: ]
[lambdarank_position_bias_regularization: 0]
[eval_at: ]
[multi_error_top_k: 1]
[auc_mu_weights: ]
[num_machines: 1]
[local_listen_port: 12400]
[time_out: 120]
[machine_list_filename: ]
[machines: ]
[gpu_platform_id: -1]
[gpu_device_id: -1]
[gpu_use_dp: 0]
[num_gpu: 1]

end of parameters
