tree
version=v4
num_class=1
num_tree_per_iteration=1
label_index=0
max_feature_idx=7
objective=regression
feature_names=Column_0 Column_1 Column_2 Column_3 Column_4 Column_5 Column_6 Column_7
feature_infos=[-1.570595979690552:1.570752859115601] [-1.570681214332581:1.5706571340560909] [-1.5706690549850459:1.5707360506057739] [-1.5702953338623051:1.5700980424880981] [-1.570364356040955:1.570599317550659] [-1.5702542066574101:1.5705970525741582] [-1.570304274559021:1.5705224275588989] [-1.5689036846160889:1.570236444473267]
tree_sizes=5333 4798 2073 2569 1862 804 1583 567 571 734 663 1000 1504 498 667 926 996 660 499 379 922 378 497 380

Tree=0
num_leaves= 31
num_cat= 0
full_tree_array_lgbids= 0 1 3 4 2 7 8 13 27 5 15 -2 9 18 14 -1 26 -6 -29 12 6 22 16 -2147483648 -2147483648 -9 10 25 -20 24 -16 -2147483648 -2147483648 -15 -28 -2147483648 -2147483648 -2147483648 -2147483648 17 29 -7 -8 23 28 21 -18 -2147483648 -2147483648 -2147483648 -2147483648 -2147483648 -2147483648 20 11 -5 -27 -2147483648 -2147483648 -10 -26 -2147483648 -2147483648 -2147483648 -2147483648 -2147483648 -2147483648 -2147483648 -2147483648 -2147483648 -2147483648 -2147483648 -2147483648 -2147483648 -2147483648 -2147483648 -2147483648 -2147483648 -2147483648 -3 -19 -14 -31 -2147483648 -2147483648 -2147483648 -2147483648 -4 -25 -24 -30 -17 -23 -2147483648 -2147483648 -2147483648 -2147483648 -2147483648 -2147483648 -2147483648 -2147483648 -2147483648 -2147483648 -2147483648 -2147483648 -2147483648 -2147483648 -11 -22 19 -13 -2147483648 -2147483648 -2147483648 -2147483648 -2147483648 -2147483648 -2147483648 -2147483648 -2147483648 -2147483648 -2147483648 -2147483648 -2147483648 -2147483648 -2147483648 -2147483648 -2147483648 -2147483648 -2147483648 -2147483648 -2147483648 -2147483648 -2147483648 -2147483648 -2147483648 -2147483648 -2147483648 -2147483648 -2147483648 -2147483648 -2147483648 -2147483648 -2147483648 -2147483648 -2147483648 -2147483648 -2147483648 -2147483648 -2147483648 -2147483648 -2147483648 -2147483648 -2147483648 -2147483648 -2147483648 -2147483648 -2147483648 -2147483648 -2147483648 -2147483648 -2147483648 -2147483648 -2147483648 -2147483648 -2147483648 -2147483648 -2147483648 -2147483648 -2147483648 -2147483648 -2147483648 -2147483648 -2147483648 -2147483648 -2147483648 -2147483648 -2147483648 -2147483648 -2147483648 -2147483648 -2147483648 -2147483648 -2147483648 -2147483648 -2147483648 -2147483648 -2147483648 -2147483648 -2147483648 -2147483648 -2147483648 -2147483648 -2147483648 -2147483648 -2147483648 -2147483648 -2147483648 -2147483648 -2147483648 -2147483648 -2147483648 -2147483648 -2147483648 -2147483648 -2147483648 -2147483648 -2147483648 -2147483648 -2147483648 -2147483648 -2147483648 -2147483648 -2147483648 -2147483648 -2147483648 -2147483648 -2147483648 -2147483648 -12 -21 -2147483648 -2147483648 -2147483648 -2147483648 -2147483648 -2147483648 -2147483648 -2147483648 -2147483648 -2147483648 -2147483648 -2147483648 -2147483648 -2147483648 -2147483648 -2147483648 -2147483648 -2147483648 -2147483648 -2147483648 -2147483648 -2147483648 -2147483648 -2147483648 -2147483648 -2147483648 -2147483648 -2147483648 -2147483648 -2147483648 -2147483648 -2147483648 -2147483648 -2147483648
split_feature= 2 4 2 2 2 6 5 4 6 3 5 6 1 1 3 6 5 4 0 7 6 3 5 6 5 5 6 4 0 0
split_gain= 106.652 22.4657 7.85922 4.66057 3.5944 3.21307 6.71507 2.39334 2.06643 1.77357 4.04356 3.02965 1.53047 1.4641 1.28698 0.724968 1.24611 0.675011 0.582476 0.420213 0.410475 0.363205 0.343889 0.335265 0.334286 0.31047 0.301438 0.177396 0.0763544 0.0366074
threshold= 0.22240778803825376 -0.13487913459539411 -0.33504875004291529 0.831111639738083 -0.35692687332630152 1.0996640324592593 0.17076345533132556 -0.62264147400856007 0.23248040676116946 0.33348274230957037 -0.081027176231145845 0.05517734773457051 -0.063510026782751069 -0.028266851790249341 0.047571904957294471 1.0996640324592593 -0.12362807989120483 0.85643300414085399 0.48065467178821569 -0.84866309165954579 0.33271835744380956 0.63822954893112194 -1.3099576830863946 -0.21962230652570722 0.20172023028135302 0.90692374110221874 -1.1232284307479858 -0.9847588539123534 -1.1402159929275513 -0.42838852107524866
decision_type= 2 2 2 2 2 2 2 2 2 2 2 2 2 2 2 2 2 2 2 2 2 2 2 2 2 2 2 2 2 2
left_child=1 4 5 7 13 12 -7 -2 18 -9 20 19 17 -1 24 22 21 -3 25 -12 -11 -17 23 -4 -10 -5 -15 -6 -24 -14
right_child=3 2 15 8 27 6 -8 9 14 10 11 -13 29 26 -16 16 -18 -19 -20 -21 -22 -23 28 -25 -26 -27 -28 -29 -30 -31
leaf_value= 0.72594828850574022 0.69735410501160522 0.74111276228503753 0.69510215916433926 0.70572838207060729 0.70467028340286231 0.74459648144746271 0.70659498379572372 0.71284586909303327 0.70303461463790828 0.72326966045916163 0.68164581000423452 0.67807165162977945 0.74229035434549473 0.72842719100532405 0.68534450484495435 0.73720129677437429 0.69548876485623845 0.75275999330198695 0.69420912802040802 0.71248537881551222 0.70444145585488538 0.69653729952490351 0.74069713262417947 0.72681773458015742 0.68891320468961492 0.69321169944280825 0.71452330681801779 0.71422983436490872 0.7259409665396549 0.73301755088364273
leaf_weight=585 388 328 29 476 230 107 108 585 185 92 20 111 202 86 337 36 47 218 303 78 78 11.999999999999998 67 31 120 115 482 316 397 384
leaf_count=585 388 328 29 476 230 107 108 585 185 92 20 111 202 86 337 36 47 218 303 78 78 12 67 31 120 115 482 316 397 384
model_size=3392
internal_value=0.715004 0.726381 0.733821 0.700565 0.717773 0.738376 0.725507 0.705287 0.696409 0.70848 0.701741 0.691257 0.74082 0.721357 0.691109 0.72391 0.711428 0.745763 0.700214 0.706192 0.714631 0.727035 0.726173 0.711489 0.697479 0.703293 0.716628 0.710203 0.728072 0.736214
internal_weight=0 3665 1966 2888 1699 1347 215 1352 1536 964 379 209 1132 1153 642 619 95 546 894 98 170 48 524 60 305 591 568 546 464 586
internal_count=6553 3665 1966 2888 1699 1347 215 1352 1536 964 379 209 1132 1153 642 619 95 546 894 98 170 48 524 60 305 591 568 546 464 586
is_linear=0
shrinkage=1


Tree=1
num_leaves= 22
num_cat= 0
full_tree_array_lgbids= 0 1 3 6 2 14 7 12 -8 4 -4 -2 16 20 8 13 15 -2147483648 -2147483648 9 5 -2147483648 -2147483648 -2147483648 -2147483648 -16 17 -5 -22 -9 11 -1 -15 -14 -17 -2147483648 -2147483648 -2147483648 -2147483648 10 -11 19 -7 -2147483648 -2147483648 -2147483648 -2147483648 -2147483648 -2147483648 -2147483648 -2147483648 -2147483648 -2147483648 -18 -19 -2147483648 -2147483648 -2147483648 -2147483648 -2147483648 -2147483648 -10 -13 -2147483648 -2147483648 -2147483648 -2147483648 -2147483648 -2147483648 -2147483648 -2147483648 -2147483648 -2147483648 -2147483648 -2147483648 -2147483648 -2147483648 -2147483648 -2147483648 -3 18 -2147483648 -2147483648 -6 -21 -2147483648 -2147483648 -2147483648 -2147483648 -2147483648 -2147483648 -2147483648 -2147483648 -2147483648 -2147483648 -2147483648 -2147483648 -2147483648 -2147483648 -2147483648 -2147483648 -2147483648 -2147483648 -2147483648 -2147483648 -2147483648 -2147483648 -2147483648 -2147483648 -2147483648 -2147483648 -2147483648 -2147483648 -2147483648 -2147483648 -2147483648 -2147483648 -2147483648 -2147483648 -2147483648 -2147483648 -2147483648 -2147483648 -2147483648 -2147483648 -2147483648 -2147483648 -2147483648 -2147483648 -2147483648 -2147483648 -2147483648 -2147483648 -2147483648 -2147483648 -2147483648 -2147483648 -2147483648 -2147483648 -2147483648 -2147483648 -2147483648 -2147483648 -2147483648 -2147483648 -2147483648 -2147483648 -2147483648 -2147483648 -2147483648 -2147483648 -2147483648 -2147483648 -2147483648 -2147483648 -2147483648 -2147483648 -2147483648 -2147483648 -2147483648 -2147483648 -12 -20 -2147483648 -2147483648 -2147483648 -2147483648 -2147483648 -2147483648 -2147483648 -2147483648 -2147483648 -2147483648 -2147483648 -2147483648 -2147483648 -2147483648 -2147483648 -2147483648 -2147483648 -2147483648 -2147483648 -2147483648 -2147483648 -2147483648 -2147483648 -2147483648 -2147483648 -2147483648 -2147483648 -2147483648 -2147483648 -2147483648 -2147483648 -2147483648 -2147483648 -2147483648 -2147483648 -2147483648 -2147483648 -2147483648 -2147483648 -2147483648 -2147483648 -2147483648 -2147483648 -2147483648 -2147483648 -2147483648 -2147483648 -2147483648 -2147483648 -2147483648 -2147483648 -2147483648 -2147483648 -2147483648 -2147483648 -2147483648 -2147483648 -2147483648 -2147483648 -2147483648 -2147483648 -2147483648 -2147483648 -2147483648 -2147483648 -2147483648 -2147483648 -2147483648 -2147483648 -2147483648 -2147483648 -2147483648 -2147483648 -2147483648 -2147483648 -2147483648 -2147483648 -2147483648 -2147483648 -2147483648 -2147483648 -2147483648 -2147483648 -2147483648 -2147483648 -2147483648 -2147483648 -2147483648 -2147483648 -2147483648 -2147483648 -2147483648
split_feature= 2 4 2 2 5 6 2 6 3 7 4 5 5 6 4 1 5 3 1 6 0
split_gain= 85.7296 17.6034 5.92777 3.30211 2.25291 6.60706 2.03213 1.45478 2.42086 0.88486 1.147 0.752895 0.711916 1.57547 0.468396 0.38741 0.269037 0.789181 0.226252 0.119427 0.0463491
threshold= 0.22240778803825376 -0.25070770084857935 -0.36874486505985254 0.6500774919986726 0.65354096889495861 0.42225234210491186 -0.35692687332630152 -0.08627330511808394 0.047571904957294471 1.2305972576141355 0.35609744489192968 -0.6967884600162505 -0.82036203145980824 -0.16419291496276853 -0.60982060432434071 -0.67561626434326161 0.88074597716331493 -0.19819757342338556 -0.4492183774709701 -0.37835273146629328 0.46820004284381872
decision_type= 2 2 2 2 2 2 2 2 2 2 2 2 2 2 2 2 2 2 2 2 2
left_child=1 6 4 14 9 19 12 20 -9 10 -3 -10 13 -1 -2 -14 -16 -18 -12 -6 -5
right_child=3 2 -4 7 5 -7 -8 8 11 -11 18 -13 15 -15 16 -17 17 -19 -20 -21 -22
leaf_value= 0.024063114485994894 -0.014325190158775095 0.017770669074138906 0.0081638925253625042 -0.0088722093090774692 0.030583035770305401 -0.003819730975475639 -0.0049611780509867323 -0.013398228482471176 -0.014569040793788353 0.0097566447212753416 0.037127173418859738 -0.029990961278096619 0.0099118106994807494 0.0017832652300072849 -0.0015298084897880431 -0.00062636658158161549 0.0010270506259985269 -0.023907515852702191 0.025665847225006051 0.014211921679735598 -0.017518274718629306
leaf_weight=131 278 273 707 613 157 172 504 501 129 102 208 366 252 121 526 564 64 94 375 99 317
leaf_count=131 278 273 707 613 157 172 504 501 129 102 208 366 252 121 526 564 64 94 375 99 317
model_size=2384
internal_value=0 0.0102399 0.0164917 -0.0129949 0.0207397 0.0129708 0.0019161 -0.0158674 -0.0196472 0.0242106 0.0259329 -0.0259719 0.00516156 0.0133653 -0.00724393 0.00262807 -0.00436587 -0.0138074 0.029755 0.024252 -0.0118193
internal_weight=0 3665 2093 2888 1386 428 1572 1926 996 958 856 495 1068 252 962 816 684 158 583 256 930
internal_count=6553 3665 2093 2888 1386 428 1572 1926 996 958 856 495 1068 252 962 816 684 158 583 256 930
is_linear=0
shrinkage=0.1


Tree=2
num_leaves= 16
num_cat= 0
full_tree_array_lgbids= 0 1 2 6 3 7 10 12 -8 5 4 -2 8 14 -12 -1 -14 -2147483648 -2147483648 13 -7 11 -6 -2147483648 -2147483648 -9 9 -4 -16 -2147483648 -2147483648 -2147483648 -2147483648 -2147483648 -2147483648 -2147483648 -2147483648 -2147483648 -2147483648 -3 -15 -2147483648 -2147483648 -5 -13 -2147483648 -2147483648 -2147483648 -2147483648 -2147483648 -2147483648 -2147483648 -2147483648 -10 -11 -2147483648 -2147483648 -2147483648 -2147483648 -2147483648 -2147483648 -2147483648 -2147483648
split_feature= 2 4 2 6 5 2 2 6 3 5 6 3 0 4 7
split_gain= 69.085 14.1988 4.00058 2.3968 7.21902 1.76151 0.755029 0.746717 2.8207 1.40152 0.592333 0.466233 0.185497 0.161538 0.0508785
threshold= 0.11063466221094136 -0.13487913459539411 0.60325127840042125 0.88111311197280895 0.17076345533132556 -0.51753544807434071 -0.35692687332630152 0.56632831692695629 -0.19819757342338556 -0.78617820143699635 0.81695055961608898 1.1742224693298342 -0.28396070003509516 0.89232283830642711 -1.1476808190345762
decision_type= 2 2 2 2 2 2 2 2 2 2 2 2 2 2 2
left_child=1 6 7 5 11 13 12 -2 -9 -10 14 -5 -1 -3 -4
right_child=2 3 10 4 -6 -7 -8 8 9 -11 -12 -13 -14 -15 -16
leaf_value= 0.010074626469659566 -0.001539875025571307 0.018882055538750192 -0.021579524666758224 0.024390569515754561 -0.0085739969489115643 0.01237368667235573 -0.0037466645357813427 0.0028751609392254954 0.0015316654198785436 -0.026450331303741498 -0.020250335354755775 -0.0075419848468154665 0.001622235919514219 0.028492655300651676 -0.010869157691499817
leaf_weight=477 717 526 187 204 190 523 450 138 53 184 477 25 676 360 1366
leaf_count=477 717 526 187 204 190 523 450 138 53 184 477 25 676 360 1366
model_size=1712
internal_value=0 0.00991986 -0.0109017 0.0163123 0.00753715 0.0189218 0.00263021 -0.00503022 -0.0117038 -0.0201928 -0.0140601 0.0209045 0.00511902 0.022787 -0.0121588
internal_weight=0 3431 3122 1828 419 1409 1603 1092 375 237 2030 229 1153 886 1553
internal_count=6553 3431 3122 1828 419 1409 1603 1092 375 237 2030 229 1153 886 1553
is_linear=0
shrinkage=0.1


Tree=3
num_leaves= 12
num_cat= 0
full_tree_array_lgbids= 0 1 3 5 2 7 -5 6 -7 4 -4 -2 8 -2147483648 -2147483648 -1 -8 -2147483648 -2147483648 -3 -6 -2147483648 -2147483648 -2147483648 -2147483648 -9 9 -2147483648 -2147483648 -2147483648 -2147483648 -2147483648 -2147483648 -2147483648 -2147483648 -2147483648 -2147483648 -2147483648 -2147483648 -2147483648 -2147483648 -2147483648 -2147483648 -2147483648 -2147483648 -2147483648 -2147483648 -2147483648 -2147483648 -2147483648 -2147483648 -2147483648 -2147483648 -10 10 -2147483648 -2147483648 -2147483648 -2147483648 -2147483648 -2147483648 -2147483648 -2147483648 -2147483648 -2147483648 -2147483648 -2147483648 -2147483648 -2147483648 -2147483648 -2147483648 -2147483648 -2147483648 -2147483648 -2147483648 -2147483648 -2147483648 -2147483648 -2147483648 -2147483648 -2147483648 -2147483648 -2147483648 -2147483648 -2147483648 -2147483648 -2147483648 -2147483648 -2147483648 -2147483648 -2147483648 -2147483648 -2147483648 -2147483648 -2147483648 -2147483648 -2147483648 -2147483648 -2147483648 -2147483648 -2147483648 -2147483648 -2147483648 -2147483648 -2147483648 -2147483648 -2147483648 -2147483648 -2147483648 -11 -12 -2147483648 -2147483648 -2147483648 -2147483648 -2147483648 -2147483648 -2147483648 -2147483648 -2147483648 -2147483648 -2147483648 -2147483648 -2147483648 -2147483648 -2147483648 -2147483648
split_feature= 2 4 2 2 1 5 6 4 3 5 6
split_gain= 55.5948 10.9747 3.53928 1.44549 0.495643 0.460077 0.774237 0.318121 0.0409323 1.82076 0.346514
threshold= 0.22240778803825376 -0.3957854956388473 -0.52795374393463124 0.89601022005081188 -0.4492183774709701 -0.95036792755126931 -0.30622373521327967 -0.62264147400856007 0.41326110064983373 0.12283720821142197 -0.03681091591715812
decision_type= 2 2 2 2 2 2 2 2 2 2 2
left_child=1 5 4 7 -3 6 -1 -2 -9 -10 -11
right_child=3 2 -4 -5 -6 -7 -8 8 9 10 -12
leaf_value= 0.020666103431625137 -0.013406833384949499 0.023107736819016785 0.0072150094201909199 -0.014102539456869418 0.013969328659825761 -0.0013476057198303199 0.00018071380455027492 -0.0012424592348333771 -0.00074874891074772803 -0.0081004188974004455 -0.030625216478596107
leaf_weight=120 430 464 963 1406 847 1121 150 660 201 85 106
leaf_count=120 430 464 963 1406 847 1121 150 660 201 85 106
model_size=1264
internal_value=0 0.00832154 0.0129736 -0.0105604 0.0172037 0.0007163 0.00928533 -0.00719991 -0.00466286 -0.0104217 -0.0206011
internal_weight=0 3665 2274 2888 1311 1391 270 1482 1052 392 191
internal_count=6553 3665 2274 2888 1311 1391 270 1482 1052 392 191
is_linear=0
shrinkage=0.1


Tree=4
num_leaves= 13
num_cat= 0
full_tree_array_lgbids= 0 1 2 8 3 9 -4 -1 -10 5 4 -2 10 -2147483648 -2147483648 -2147483648 -2147483648 -2147483648 -2147483648 6 -7 -5 7 -2147483648 -2147483648 -11 11 -2147483648 -2147483648 -2147483648 -2147483648 -2147483648 -2147483648 -2147483648 -2147483648 -2147483648 -2147483648 -2147483648 -2147483648 -3 -8 -2147483648 -2147483648 -2147483648 -2147483648 -6 -9 -2147483648 -2147483648 -2147483648 -2147483648 -2147483648 -2147483648 -12 -13 -2147483648 -2147483648 -2147483648 -2147483648 -2147483648 -2147483648 -2147483648 -2147483648
split_feature= 2 4 2 6 5 5 6 7 1 6 3 5
split_gain= 44.7918 8.73576 1.75259 1.35872 7.28253 1.49799 1.44675 0.625177 0.202704 0.110687 2.21381 1.11328
threshold= 0.11063466221094136 -0.13487913459539411 0.70152944326400768 0.63653609156608593 0.12283720821142197 -1.0830603837966917 -0.4273798912763595 0.36710415780544287 -0.79297658801078785 0.40036414563655859 -0.19819757342338556 -0.85936468839645375
decision_type= 2 2 2 2 2 2 2 2 2 2 2 2
left_child=1 8 9 5 -5 6 -3 -6 -1 -2 -11 -12
right_child=2 3 -4 4 7 -7 -8 -9 -10 10 11 -13
leaf_value= 0.0086347312440813572 -0.0013053663312388914 -0.0098240476317836764 -0.01185837900070545 0.018841866677777083 -0.015838068173233247 0.018665094568228052 0.016773646878444147 0.0049595711730684609 -0.00017162187481853158 0.0017791289748129203 0.002707329762140007 -0.022505266371605746
leaf_weight=406 785 98 1822 304 152 1055 107 112 1197 200 66 249
leaf_count=406 785 98 1822 304 152 1055 107 112 1197 200 66 249
model_size=1376
internal_value=0 0.00807344 -0.00887251 0.0133478 0.00682397 0.0162886 0.00405865 -0.00701483 0.00205881 -0.0046877 -0.0098433 -0.0172226
internal_weight=0 3431 3122 1828 568 1260 205 264 1603 1300 515 315
internal_count=6553 3431 3122 1828 568 1260 205 264 1603 1300 515 315
is_linear=0
shrinkage=0.1


Tree=5
num_leaves= 6
num_cat= 0
full_tree_array_lgbids= 0 1 3 -1 2 -2 4 -2147483648 -2147483648 -3 -4 -2147483648 -2147483648 -5 -6
split_feature= 2 4 2 6 3
split_gain= 35.7515 6.8666 2.23273 0.633257 0.983824
threshold= 0.22240778803825376 -0.67562311887741078 -0.6779712140560149 0.48795536160469061 0.062065752223134048
decision_type= 2 2 2 2 2
left_child=1 -1 -3 -2 -5
right_child=3 2 -4 4 -6
leaf_value= -0.0010230118773785935 -0.0062524605253396195 0.01419011700724113 0.0058109602162307837 -0.0069585193040792347 -0.018463827857240246
leaf_weight=1071 1883 1291 1303 481 524
leaf_count=1071 1883 1291 1303 481 524
model_size=592
internal_value=0 0.00676548 0.00998116 -0.00858569 -0.0129573
internal_weight=0 3665 2594 2888 1005
internal_count=6553 3665 2594 2888 1005
is_linear=0
shrinkage=0.1


Tree=6
num_leaves= 9
num_cat= 0
full_tree_array_lgbids= 0 1 3 -1 2 5 4 -2147483648 -2147483648 6 -4 -2 -7 -5 -6 -2147483648 -2147483648 -2147483648 -2147483648 -3 7 -2147483648 -2147483648 -2147483648 -2147483648 -2147483648 -2147483648 -2147483648 -2147483648 -2147483648 -2147483648 -2147483648 -2147483648 -2147483648 -2147483648 -2147483648 -2147483648 -2147483648 -2147483648 -2147483648 -2147483648 -8 -9 -2147483648 -2147483648 -2147483648 -2147483648 -2147483648 -2147483648 -2147483648 -2147483648 -2147483648 -2147483648 -2147483648 -2147483648 -2147483648 -2147483648 -2147483648 -2147483648 -2147483648 -2147483648 -2147483648 -2147483648
split_feature= 2 4 0 5 3 0 6 5
split_gain= 28.7015 5.25335 0.783257 0.686557 2.61788 0.313732 0.11539 3.25235
threshold= 0.11063466221094136 -0.092393502593040452 0.48065467178821569 0.4545369297266007 -0.25675596296787256 0.30019079148769384 0.75538641214370739 0.12283720821142197
decision_type= 2 2 2 2 2 2 2 2
left_child=1 -1 6 5 -5 -2 -3 -8
right_child=3 2 -4 4 -6 -7 7 -9
leaf_value= 0.0016409786688377057 -0.0018807200012613606 0.017179436738053517 0.0054795804503085469 -0.0034856056459389179 -0.017138448847183192 -0.0093797611509298003 0.019252970099914821 -0.0074498317072478441
leaf_weight=1641 1205 824 646 462 647 808 170 150
leaf_count=1641 1205 824 646 462 647 808 170 150
model_size=928
internal_value=0 0.00657069 0.0110901 -0.00722103 -0.0114508 -0.00489077 0.0142582 0.00673603
internal_weight=0 3431 1790 3122 1109 2013 1144 320
internal_count=6553 3431 1790 3122 1109 2013 1144 320
is_linear=0
shrinkage=0.1


Tree=7
num_leaves= 4
num_cat= 0
full_tree_array_lgbids= 0 1 2 -1 -3 -2 -4
split_feature= 2 4 2
split_gain= 23.7112 3.48685 2.83825
threshold= -0.24277038127183911 0.56924891471862804 0.49475210905075079
decision_type= 2 2 2
left_child=1 -1 -2
right_child=2 -3 -4
leaf_value= 0.0042861690905188939 -0.00078407195838039231 0.014347274884258368 -0.0083759657115793622
leaf_weight=1828 1559 876 2290
leaf_count=1828 1559 876 2290
model_size=368
internal_value=0 0.00754561 -0.00530094
internal_weight=0 2704 3849
internal_count=6553 2704 3849
is_linear=0
shrinkage=0.1


Tree=8
num_leaves= 4
num_cat= 0
full_tree_array_lgbids= 0 1 2 -1 -3 -2 -4
split_feature= 2 4 2
split_gain= 18.6764 2.49259 1.79665
threshold= -0.24277038127183911 -0.70120677351951588 0.47420810163021093
decision_type= 2 2 2
left_child=1 -1 -2
right_child=2 -3 -4
leaf_value= -0.00013143888981533692 -0.00057930275466237455 0.0094874755869156415 -0.0074679707342550222
leaf_weight=758 1507 1946 2342
leaf_count=758 1507 1946 2342
model_size=368
internal_value=0 0.00679105 -0.00477085
internal_weight=0 2704 3849
internal_count=6553 2704 3849
is_linear=0
shrinkage=0.1


Tree=9
num_leaves= 5
num_cat= 0
full_tree_array_lgbids= 0 3 1 -1 -5 2 -3 -2147483648 -2147483648 -2147483648 -2147483648 -2 -4 -2147483648 -2147483648
split_feature= 2 2 4 4
split_gain= 14.7483 1.31011 1.41151 1.18083
threshold= -0.31999127566814417 0.89601022005081188 0.26278324425220495 0.56924891471862804
decision_type= 2 2 2 2
left_child=3 2 -2 -1
right_child=1 -3 -4 -5
leaf_value= 0.0037774534449261329 -0.0051461773928656931 -0.0083574617349860096 0.0028247008432549805 0.012014814669757203
leaf_weight=1721 1509 1406 1090 827
leaf_count=1721 1509 1406 1090 827
model_size=480
internal_value=0 -0.00410418 -0.00180325 0.00645104
internal_weight=0 4005 2599 2548
internal_count=6553 4005 2599 2548
is_linear=0
shrinkage=0.1


Tree=10
num_leaves= 4
num_cat= 0
full_tree_array_lgbids= 0 1 -2 -1 2 -2147483648 -2147483648 -2147483648 -2147483648 -3 -4 -2147483648 -2147483648 -2147483648 -2147483648
split_feature= 2 4 0
split_gain= 11.4484 2.09627 1.13455
threshold= 0.29799550771713262 -0.80669787526130665 0.20387880504131317
decision_type= 2 2 2
left_child=1 -1 -3
right_child=-2 2 -4
leaf_value= -0.0021366374388694684 -0.0054866816914725816 0.0091610099296211868 0.0017861263488048074
leaf_weight=968 2732 1622 1231
leaf_count=968 2732 1622 1231
model_size=368
internal_value=0 0.00392296 0.00597893
internal_weight=0 3821 2853
internal_count=6553 3821 2853
is_linear=0
shrinkage=0.1


Tree=11
num_leaves= 6
num_cat= 0
full_tree_array_lgbids= 0 4 1 -1 -6 -2 2 -2147483648 -2147483648 -2147483648 -2147483648 -2147483648 -2147483648 -3 3 -2147483648 -2147483648 -2147483648 -2147483648 -2147483648 -2147483648 -2147483648 -2147483648 -2147483648 -2147483648 -2147483648 -2147483648 -2147483648 -2147483648 -4 -5
split_feature= 2 6 3 5 1
split_gain= 9.56448 0.909353 3.66288 1.69284 0.742928
threshold= -0.34356653690338129 0.40036414563655859 0.03902785666286946 -0.87143251299858082 -0.041156854480504983
decision_type= 2 2 2 2 2
left_child=4 -2 -3 -4 -1
right_child=1 2 3 -5 -6
leaf_value= 0.0093572283471974917 -0.0010618058964034364 -0.00062283961949563798 0.00059271719807360568 -0.017505674500784475 0.0019055780980922591
leaf_weight=1210 2522 749 173 613 1286
leaf_count=1210 2522 749 173 613 1286
model_size=592
internal_value=0 -0.00339483 -0.00722798 -0.0135222 0.00551796
internal_weight=0 4057 1535 786 2496
internal_count=6553 4057 1535 786 2496
is_linear=0
shrinkage=0.1


Tree=12
num_leaves= 8
num_cat= 0
full_tree_array_lgbids= 0 1 -2 -1 2 -2147483648 -2147483648 -2147483648 -2147483648 4 3 -2147483648 -2147483648 -2147483648 -2147483648 -2147483648 -2147483648 -2147483648 -2147483648 5 -6 -4 6 -2147483648 -2147483648 -2147483648 -2147483648 -2147483648 -2147483648 -2147483648 -2147483648 -2147483648 -2147483648 -2147483648 -2147483648 -2147483648 -2147483648 -2147483648 -2147483648 -3 -7 -2147483648 -2147483648 -2147483648 -2147483648 -5 -8 -2147483648 -2147483648 -2147483648 -2147483648 -2147483648 -2147483648 -2147483648 -2147483648 -2147483648 -2147483648 -2147483648 -2147483648 -2147483648 -2147483648 -2147483648 -2147483648
split_feature= 2 4 5 6 6 5 7
split_gain= 7.41866 1.64089 1.0989 7.79632 1.11626 1.6362 0.409081
threshold= 0.4504156112670899 0.21189168095588687 0.65354096889495861 0.05517734773457051 -1.1006352305412288 -0.29158644378185267 0.13482514768838882
decision_type= 2 2 2 2 2 2 2
left_child=1 -1 4 -4 5 -3 -5
right_child=-2 2 3 6 -6 -7 -8
leaf_value= 0.0001312384355429879 -0.0052020766220645673 -0.016695239541009751 0.014206381717131856 -0.02310226619726637 0.012087211903413941 0.014137559635110382 -0.0014302196322320063
leaf_weight=2352 2394 109 258 161 1078 82 119
leaf_count=2352 2394 109 258 161 1078 82 119
model_size=816
internal_value=0 0.00299441 0.00672114 -0.000417127 0.00974745 -0.00345812 -0.0138916
internal_weight=0 4159 1807 538 1269 191 280
internal_count=6553 4159 1807 538 1269 191 280
is_linear=0
shrinkage=0.1


Tree=13
num_leaves= 3
num_cat= 0
full_tree_array_lgbids= 0 -1 1 -2147483648 -2147483648 -2 -3
split_feature= 2 7
split_gain= 5.94154 0.409723
threshold= -0.36874486505985254 -1.0472885966300958
decision_type= 2 2
left_child=-1 -2
right_child=1 -3
leaf_value= 0.0047602633138715943 -0.0091400211918221761 -0.0015581950734094834
leaf_weight=2444 690 3419
leaf_count=2444 690 3419
model_size=256
internal_value=0 -0.00283137
internal_weight=0 4109
internal_count=6553 4109
is_linear=0
shrinkage=0.1


Tree=14
num_leaves= 4
num_cat= 0
full_tree_array_lgbids= 0 1 -2 2 -3 -2147483648 -2147483648 -1 -4 -2147483648 -2147483648 -2147483648 -2147483648 -2147483648 -2147483648
split_feature= 2 0 1
split_gain= 4.36818 1.29328 0.0719876
threshold= 0.4504156112670899 0.24408297240734103 -0.041156854480504983
decision_type= 2 2 2
left_child=1 2 -1
right_child=-2 -3 -4
leaf_value= 0.0088025011757863134 -0.0043962019792247922 -0.0011936120455123321 0.0017338019324749767
leaf_weight=1196 2394 1756 1207
leaf_count=1196 2394 1756 1207
model_size=368
internal_value=0 0.00253054 0.00525197
internal_weight=0 4159 2403
internal_count=6553 4159 2403
is_linear=0
shrinkage=0.1


Tree=15
num_leaves= 5
num_cat= 0
full_tree_array_lgbids= 0 -1 1 -2147483648 -2147483648 -2 2 -2147483648 -2147483648 -2147483648 -2147483648 -2147483648 -2147483648 -3 3 -2147483648 -2147483648 -2147483648 -2147483648 -2147483648 -2147483648 -2147483648 -2147483648 -2147483648 -2147483648 -2147483648 -2147483648 -2147483648 -2147483648 -4 -5
split_feature= 2 5 3 6
split_gain= 3.39164 0.219201 3.90622 2.50947
threshold= -0.36874486505985254 0.12283720821142197 -0.10433290526270864 -0.34208901226520533
decision_type= 2 2 2 2
left_child=-1 -2 -3 -4
right_child=1 2 3 -5
leaf_value= 0.0040371262701453031 0.00013868413743787307 0.00093485397295557616 -0.0012373857809264985 -0.016802879397938082
leaf_weight=2444 2241 886 353 629
leaf_count=2444 2241 886 353 629
model_size=480
internal_value=0 -0.00240125 -0.00544836 -0.0112075
internal_weight=0 4109 1868 982
internal_count=6553 4109 1868 982
is_linear=0
shrinkage=0.1


Tree=16
num_leaves= 6
num_cat= 0
full_tree_array_lgbids= 0 -1 1 -2147483648 -2147483648 4 2 -2147483648 -2147483648 -2147483648 -2147483648 -2 -6 -3 3 -2147483648 -2147483648 -2147483648 -2147483648 -2147483648 -2147483648 -2147483648 -2147483648 -2147483648 -2147483648 -2147483648 -2147483648 -2147483648 -2147483648 -4 -5
split_feature= 2 6 3 5 0
split_gain= 2.32769 0.209899 2.64611 0.165737 0.049297
threshold= -0.73440709710121144 0.48795536160469061 0.03902785666286946 -0.88524380326271046 0.20387880504131317
decision_type= 2 2 2 2 2
left_child=-1 4 -3 -4 -2
right_child=1 2 3 -5 -6
leaf_value= 0.0048946176092525863 0.002954801572498513 0.00075715365913983483 0.001057950831507204 -0.013837944041735425 -0.0033116866186330488
leaf_weight=1664 1792 829 181 698 1389
leaf_count=1664 1792 829 181 698 1389
model_size=592
internal_value=0 -0.00166591 -0.00517548 -0.0107706 0.000218507
internal_weight=0 4889 1708 879 3181
internal_count=6553 4889 1708 879 3181
is_linear=0
shrinkage=0.1


Tree=17
num_leaves= 4
num_cat= 0
full_tree_array_lgbids= 0 -1 1 -2147483648 -2147483648 -2 2 -2147483648 -2147483648 -2147483648 -2147483648 -2147483648 -2147483648 -3 -4
split_feature= 4 5 6
split_gain= 1.75909 0.792349 4.98814
threshold= 0.29228626191616064 0.67661032080650341 0.040858589112758643
decision_type= 2 2 2
left_child=-1 -2 -3
right_child=1 2 -4
leaf_value= -0.0022593524192132627 0.0057078444305851059 0.0079749201325482466 -0.012390692718842427
leaf_weight=3874 1898 373 408
leaf_count=3874 1898 373 408
model_size=368
internal_value=0 0.00326716 -0.00266422
internal_weight=0 2679 781
internal_count=6553 2679 781
is_linear=0
shrinkage=0.1


Tree=18
num_leaves= 3
num_cat= 0
full_tree_array_lgbids= 0 1 -2 -1 -3 -2147483648 -2147483648
split_feature= 2 4
split_gain= 1.64177 0.378244
threshold= 0.52685046195983898 -0.47479055821895594
decision_type= 2 2
left_child=1 -1
right_child=-2 -3
leaf_value= -0.0019954464185375233 -0.0037813778401252318 0.0039935232460015175
leaf_weight=1498 2212 2843
leaf_count=1498 2212 2843
model_size=256
internal_value=0 0.00192684
internal_weight=0 4341
internal_count=6553 4341
is_linear=0
shrinkage=0.1


Tree=19
num_leaves= 2
num_cat= 0
full_tree_array_lgbids= 0 -1 -2
split_feature= 2
split_gain= 0.790812
threshold= -0.62022417783737172
decision_type= 2
left_child=-1
right_child=-2
leaf_value= 0.0038511152214620184 -0.0015702291629882536
leaf_weight=1898 4655
leaf_count=1898 4655
model_size=144
internal_value=0
internal_weight=0
internal_count=6553
is_linear=0
shrinkage=0.1


Tree=20
num_leaves= 5
num_cat= 0
full_tree_array_lgbids= 0 1 -2 -1 2 -2147483648 -2147483648 -2147483648 -2147483648 -3 3 -2147483648 -2147483648 -2147483648 -2147483648 -2147483648 -2147483648 -2147483648 -2147483648 -2147483648 -2147483648 -4 -5 -2147483648 -2147483648 -2147483648 -2147483648 -2147483648 -2147483648 -2147483648 -2147483648
split_feature= 0 5 3 6
split_gain= 0.68259 0.21426 1.85367 0.616625
threshold= 0.25716689229011541 0.12283720821142197 -0.16804680228233337 -0.56123605370521534
decision_type= 2 2 2 2
left_child=1 -1 -3 -4
right_child=-2 2 3 -5
leaf_value= 0.0047814794148721643 -0.0028589271671130732 0.0047272348642469417 0.0035891160219762245 -0.010379947086392711
leaf_weight=2091 2752 775 280 655
leaf_count=2091 2752 775 280 655
model_size=480
internal_value=0 0.00206992 -0.00124579 -0.0061967
internal_weight=0 3801 1710 935
internal_count=6553 3801 1710 935
is_linear=0
shrinkage=0.1


Tree=21
num_leaves= 2
num_cat= 0
full_tree_array_lgbids= 0 -1 -2
split_feature= 4
split_gain= 0.411037
threshold= 0.73437872529029857
decision_type= 2
left_child=-1
right_child=-2
leaf_value= -0.0014388422942698698 0.0038911371301903331
leaf_weight=4784 1769
leaf_count=4784 1769
model_size=144
internal_value=0
internal_weight=0
internal_count=6553
is_linear=0
shrinkage=0.1


Tree=22
num_leaves= 3
num_cat= 0
full_tree_array_lgbids= 0 1 -2 -1 -3 -2147483648 -2147483648
split_feature= 2 1
split_gain= 0.331677 0.149902
threshold= 0.70152944326400768 -1.1882524490356443
decision_type= 2 2
left_child=1 -1
right_child=-2 -3
leaf_value= 0.0087479160682742592 -0.0037836574250816228 0.00046240873176921888
leaf_weight=568 1822 4163
leaf_count=568 1822 4163
model_size=256
internal_value=0 0.00145716
internal_weight=0 4731
internal_count=6553 4731
is_linear=0
shrinkage=0.1


Tree=23
num_leaves= 2
num_cat= 0
full_tree_array_lgbids= 0 -1 -2
split_feature= 7
split_gain= 0.0993843
threshold= -0.63094553351402272
decision_type= 2
left_child=-1
right_child=-2
leaf_value= -0.0035393060568726718 0.0014710790202870072
leaf_weight=1924 4629
leaf_count=1924 4629
model_size=144
internal_value=0
internal_weight=0
internal_count=6553
is_linear=0
shrinkage=0.1


end of trees

feature_importances:
Column_2=36
Column_6=28
Column_5=26
Column_4=23
Column_3=15
Column_0=11
Column_1=9
Column_7=7

parameters:
[boosting: gbdt]
[objective: regression]
[metric: rmse]
[tree_learner: serial]
[device_type: cpu]
[data_sample_strategy: bagging]
[data: data/kin8nm.libsvm.train]
[valid: data/kin8nm.libsvm.test]
[num_iterations: 100]
[learning_rate: 0.1]
[num_leaves: 255]
[num_threads: 0]
[seed: 42]
[deterministic: 0]
[force_col_wise: 0]
[force_row_wise: 0]
[histogram_pool_size: -1]
[max_depth: 7]
[min_data_in_leaf: 10]
[min_sum_hessian_in_leaf: 0.001]
[bagging_fraction: 1]
[pos_bagging_fraction: 1]
[neg_bagging_fraction: 1]
[bagging_freq: 0]
[bagging_seed: 400]
[feature_fraction: 1]
[feature_fraction_bynode: 1]
[feature_fraction_seed: 30056]
[extra_trees: 0]
[extra_seed: 12879]
[early_stopping_round: 0]
[early_stopping_min_delta: 0]
[first_metric_only: 0]
[max_delta_step: 0]
[lambda_l1: 0]
[lambda_l2: 0]
[linear_lambda: 0]
[min_gain_to_split: 0]
[drop_rate: 0.1]
[max_drop: 50]
[skip_drop: 0.5]
[xgboost_dart_mode: 0]
[uniform_drop: 0]
[drop_seed: 17869]
[top_rate: 0.2]
[other_rate: 0.1]
[min_data_per_group: 100]
[max_cat_threshold: 32]
[cat_l2: 10]
[cat_smooth: 10]
[max_cat_to_onehot: 4]
[top_k: 20]
[monotone_constraints: ]
[monotone_constraints_method: basic]
[monotone_penalty: 0]
[feature_contri: ]
[forcedsplits_filename: ]
[refit_decay_rate: 0.9]
[tinygbdt_penalty_feature: 0.125]
[tinygbdt_penalty_split: 0.0078125]
[tinygbdt_forestsize: 64000]
[tinygbdt_precision: 7]
[cegb_tradeoff: 1]
[cegb_penalty_split: 0]
[cegb_penalty_feature_lazy: ]
[cegb_penalty_feature_coupled: ]
[path_smooth: 0]
[interaction_constraints: ]
[verbosity: 2]
[saved_feature_importance_type: 0]
[use_quantized_grad: 0]
[num_grad_quant_bins: 4]
[quant_train_renew_leaf: 0]
[stochastic_rounding: 1]
[linear_tree: 0]
[max_bin: 255]
[max_bin_by_feature: ]
[min_data_in_bin: 3]
[bin_construct_sample_cnt: 200000]
[data_random_seed: 175]
[is_enable_sparse: 1]
[enable_bundle: 1]
[use_missing: 1]
[zero_as_missing: 0]
[feature_pre_filter: 1]
[pre_partition: 0]
[two_round: 0]
[header: 0]
[label_column: ]
[weight_column: ]
[group_column: ]
[ignore_column: ]
[categorical_feature: ]
[forcedbins_filename: ]
[precise_float_parser: 0]
[parser_config_file: ]
[objective_seed: 16083]
[num_class: 1]
[is_unbalance: 0]
[scale_pos_weight: 1]
[sigmoid: 1]
[boost_from_average: 1]
[reg_sqrt: 0]
[alpha: 0.9]
[fair_c: 1]
[poisson_max_delta_step: 0.7]
[tweedie_variance_power: 1.5]
[lambdarank_truncation_level: 30]
[lambdarank_norm: 1]
[label_gain: ]
[lambdarank_position_bias_regularization: 0]
[eval_at: ]
[multi_error_top_k: 1]
[auc_mu_weights: ]
[num_machines: 1]
[local_listen_port: 12400]
[time_out: 120]
[machine_list_filename: ]
[machines: ]
[gpu_platform_id: -1]
[gpu_device_id: -1]
[gpu_use_dp: 0]
[num_gpu: 1]

end of parameters
