tree
version=v4
num_class=1
num_tree_per_iteration=1
label_index=0
max_feature_idx=8
objective=regression
feature_names=Column_0 Column_1 Column_2 Column_3 Column_4 Column_5 Column_6 Column_7 Column_8
feature_infos=none [0.49990000000000001:15.0001] [1:52] [0.88888888888888884:141.90909090909091] [0.33333333333333331:25.63636363636364] [3:35682] [0.69230769230769229:1243.333333333333] [32.549999999999997:41.950000000000003] [-124.34999999999999:-114.31]
tree_sizes=5561 1701 2550 789 724 722 723 657 655 919 490 663 375 665 377 375 375 661

Tree=0
num_leaves= 36
num_cat= 0
full_tree_array_lgbids= 0 1 2 5 3 4 10 9 11 6 7 14 12 20 32 16 15 33 21 28 8 18 17 -2 19 34 26 -4 -22 -12 -34 -1 -18 27 -17 -7 -35 -13 -23 -3 -30 13 31 22 30 23 -19 -2147483648 -2147483648 -16 25 -6 -36 -14 -28 -2147483648 -2147483648 -2147483648 -2147483648 -2147483648 -2147483648 -2147483648 -2147483648 -2147483648 -2147483648 -2147483648 -2147483648 -11 -29 -2147483648 -2147483648 -2147483648 -2147483648 -2147483648 -2147483648 -2147483648 -2147483648 -2147483648 -2147483648 -2147483648 -2147483648 -2147483648 -2147483648 29 24 -10 -33 -5 -24 -20 -32 -9 -25 -2147483648 -2147483648 -2147483648 -2147483648 -2147483648 -2147483648 -2147483648 -2147483648 -21 -27 -2147483648 -2147483648 -2147483648 -2147483648 -2147483648 -2147483648 -2147483648 -2147483648 -2147483648 -2147483648 -2147483648 -2147483648 -2147483648 -2147483648 -2147483648 -2147483648 -2147483648 -2147483648 -2147483648 -2147483648 -2147483648 -2147483648 -2147483648 -2147483648 -2147483648 -2147483648 -2147483648 -2147483648 -2147483648 -2147483648 -2147483648 -2147483648 -2147483648 -2147483648 -2147483648 -2147483648 -2147483648 -2147483648 -2147483648 -2147483648 -2147483648 -2147483648 -2147483648 -2147483648 -2147483648 -2147483648 -2147483648 -2147483648 -2147483648 -2147483648 -2147483648 -2147483648 -2147483648 -2147483648 -2147483648 -2147483648 -2147483648 -2147483648 -2147483648 -2147483648 -2147483648 -2147483648 -2147483648 -2147483648 -8 -31 -15 -26 -2147483648 -2147483648 -2147483648 -2147483648 -2147483648 -2147483648 -2147483648 -2147483648 -2147483648 -2147483648 -2147483648 -2147483648 -2147483648 -2147483648 -2147483648 -2147483648 -2147483648 -2147483648 -2147483648 -2147483648 -2147483648 -2147483648 -2147483648 -2147483648 -2147483648 -2147483648 -2147483648 -2147483648 -2147483648 -2147483648 -2147483648 -2147483648 -2147483648 -2147483648 -2147483648 -2147483648 -2147483648 -2147483648 -2147483648 -2147483648 -2147483648 -2147483648 -2147483648 -2147483648 -2147483648 -2147483648 -2147483648 -2147483648 -2147483648 -2147483648 -2147483648 -2147483648 -2147483648 -2147483648 -2147483648 -2147483648 -2147483648 -2147483648 -2147483648 -2147483648 -2147483648 -2147483648 -2147483648 -2147483648 -2147483648 -2147483648 -2147483648 -2147483648 -2147483648 -2147483648 -2147483648 -2147483648 -2147483648 -2147483648 -2147483648 -2147483648 -2147483648 -2147483648 -2147483648 -2147483648 -2147483648 -2147483648 -2147483648 -2147483648
split_feature= 1 1 1 6 6 3 2 1 7 1 1 1 1 6 2 6 3 6 2 6 2 6 3 2 8 1 2 8 1 1 8 7 1 7 6
split_gain= 6988.7 1684.19 1291.17 973.37 426.515 315.432 227.104 206.028 174.457 170.255 151.31 126.173 112.116 111.976 98.9261 94.0333 92.5605 90.736 70.6285 66.7393 52.6063 44.29 29.9404 23.9526 23.8134 21.6178 19.0308 18.6658 18.2573 17.9391 17.356 14.3875 12.7892 10.722 5.97656
threshold= 5.0387000000000013 3.0679500000000002 6.8672000000000013 2.3489548886254448 2.671038674349933 4.3101408005062494 24.500000000000004 4.0775500000000013 37.815000000000005 2.2210000000000005 7.852450000000001 2.4115000000000006 5.7307500000000013 1.9628175980828908 19.500000000000004 2.4907552973342448 3.449226804123712 2.9005380231986346 43.500000000000007 2.0653737590585881 26.500000000000004 2.2906328481453726 5.1186051221335997 41.500000000000007 -117.88499999999998 5.8308000000000009 27.500000000000004 -118.26499999999999 3.5330000000000008 3.4298000000000006 -122.40499999999999 37.995000000000012 8.7395500000000013 35.335000000000008 2.9742256672023202
decision_type= 2 2 2 2 2 2 2 2 2 2 2 2 2 2 2 2 2 2 2 2 2 2 2 2 2 2 2 2 2 2 2 2 2 2 2
left_child=1 5 4 6 14 9 28 18 13 16 20 33 34 29 -2 27 -1 23 22 -16 -4 -13 -5 -9 -15 -21 -14 -11 -3 -8 -20 -10 -12 -7 -6
right_child=2 3 10 7 12 11 8 17 31 15 32 21 26 24 19 -17 -18 -19 30 25 -22 -23 -24 -25 -26 -27 -28 -29 -30 -31 -32 -33 -34 -35 -36
leaf_value= 2.0405687631288161 2.1558599736411375 2.0619325518895399 2.2105021416414852 2.0474118544579003 2.1246833370498446 1.9807571227445304 2.1965323452694219 2.0892426552552306 2.1212005317600884 2.1225559014779325 2.2934723094715035 2.043693994763716 2.1410397950488846 2.1803908632616107 2.3293276008777508 2.0327038778370752 1.9814897297846104 2.055796547371648 2.1470309877511444 2.1893908157405639 2.2958198799055269 1.9920349409095919 2.0155083659287123 2.1540272791155655 2.0853910788377314 2.255568014458782 2.1974100577568745 2.0508470150556986 2.1119780300641722 2.2845502876908457 2.0584465939763881 2.0318246126680579 2.3422574193033054 1.9518240180001829 2.0841198818403921
leaf_weight=503 248 198 263 1181 312 636 90 844 87 277 244 309 586 402 91 767 899 1158 94 322 168 1491 1536 172 67 250 187 153 369 174 283 76 365 1194 516
leaf_count=503 248 198 263 1181 312 636 90 844 87 277 244 309 586 402 91 767 899 1158 94 322 168 1491 1536 172 67 250 187 153 369 174 283 76 365 1194 516
model_size=3952
internal_value=2.07195 2.03789 2.19622 2.07259 2.15739 2.00039 2.1449 2.05251 2.17679 2.02716 2.28999 1.98123 2.12609 2.19841 2.2124 2.05582 2.00269 2.07655 2.03561 2.23355 2.24376 2.0009 2.02938 2.10021 2.16682 2.21831 2.15468 2.09704 2.0945 2.25454 2.08053 2.07953 2.32271 1.96188 2.0994
internal_weight=0 12960 3552 6731 2512 6229 1463 5268 896 2599 1040 3630 1601 733 911 1197 1402 2174 3094 663 431 1800 2717 1016 469 572 773 430 567 264 377 163 609 1830 828
internal_count=16512 12960 3552 6731 2512 6229 1463 5268 896 2599 1040 3630 1601 733 911 1197 1402 2174 3094 663 431 1800 2717 1016 469 572 773 430 567 264 377 163 609 1830 828
is_linear=0
shrinkage=1


Tree=1
num_leaves= 11
num_cat= 0
full_tree_array_lgbids= 0 1 2 5 3 4 -4 -1 6 7 -5 -2 -6 -2147483648 -2147483648 -2147483648 -2147483648 9 -8 -3 8 -2147483648 -2147483648 -2147483648 -2147483648 -2147483648 -2147483648 -2147483648 -2147483648 -2147483648 -2147483648 -2147483648 -2147483648 -2147483648 -2147483648 -7 -11 -2147483648 -2147483648 -2147483648 -2147483648 -9 -10 -2147483648 -2147483648 -2147483648 -2147483648 -2147483648 -2147483648 -2147483648 -2147483648 -2147483648 -2147483648 -2147483648 -2147483648 -2147483648 -2147483648 -2147483648 -2147483648 -2147483648 -2147483648 -2147483648 -2147483648
split_feature= 1 1 1 6 6 6 7 2 6 8
split_gain= 5518.84 1228.23 905.461 649.391 212.27 144.531 70.3575 55.6534 39.0083 20.13
threshold= 5.0387000000000013 3.1261000000000005 6.8672000000000013 2.4136952392348086 2.5763869593405579 2.1628386478062818 34.455000000000005 20.500000000000004 1.9628175980828908 -117.77499999999999
decision_type= 2 2 2 2 2 2 2 2 2 2
left_child=1 5 4 7 -2 -1 9 -3 -9 -7
right_child=2 3 -4 -5 -6 6 -8 8 -10 -11
leaf_value= -0.012770134913417162 0.13731405293460669 0.0090920385074477559 0.1962399646868177 -0.018410486271213011 0.053423756145893543 -0.03332277672654689 -0.091130899203269389 0.15396821388499873 0.060692177999778052 -0.086951376058488114
leaf_weight=974 703 497 1040 4805 1809 1791 2856 302 836 899
leaf_count=974 703 497 1040 4805 1809 1791 2856 302 836 899
model_size=1152
internal_value=0 -0.0306532 0.111843 0.0020642 0.076901 -0.0629691 -0.0717851 0.062236 0.0854456 -0.0512455
internal_weight=0 12960 3552 6440 2512 6520 5546 1635 1138 2690
internal_count=16512 12960 3552 6440 2512 6520 5546 1635 1138 2690
is_linear=0
shrinkage=0.1


Tree=2
num_leaves= 12
num_cat= 0
full_tree_array_lgbids= 0 1 3 4 2 5 -5 9 6 10 -4 -2 -7 -2147483648 -2147483648 -1 -11 -6 7 -3 -12 -2147483648 -2147483648 -2147483648 -2147483648 -2147483648 -2147483648 -2147483648 -2147483648 -2147483648 -2147483648 -2147483648 -2147483648 -2147483648 -2147483648 -2147483648 -2147483648 8 -9 -2147483648 -2147483648 -2147483648 -2147483648 -2147483648 -2147483648 -2147483648 -2147483648 -2147483648 -2147483648 -2147483648 -2147483648 -2147483648 -2147483648 -2147483648 -2147483648 -2147483648 -2147483648 -2147483648 -2147483648 -2147483648 -2147483648 -2147483648 -2147483648 -2147483648 -2147483648 -2147483648 -2147483648 -2147483648 -2147483648 -2147483648 -2147483648 -2147483648 -2147483648 -2147483648 -2147483648 -8 -10 -2147483648 -2147483648 -2147483648 -2147483648 -2147483648 -2147483648 -2147483648 -2147483648 -2147483648 -2147483648 -2147483648 -2147483648 -2147483648 -2147483648 -2147483648 -2147483648 -2147483648 -2147483648 -2147483648 -2147483648 -2147483648 -2147483648 -2147483648 -2147483648 -2147483648 -2147483648 -2147483648 -2147483648 -2147483648 -2147483648 -2147483648 -2147483648 -2147483648 -2147483648 -2147483648 -2147483648 -2147483648 -2147483648 -2147483648 -2147483648 -2147483648 -2147483648 -2147483648 -2147483648 -2147483648 -2147483648 -2147483648 -2147483648 -2147483648 -2147483648
split_feature= 1 1 6 1 6 6 7 8 7 7 2
split_gain= 4456.76 1317.28 451.125 323.669 225.325 11.0376 5.65716 8.93098 10.3102 5.4882 0.9257
threshold= 5.6042500000000013 3.5488500000000003 2.4136952392348086 7.7055000000000016 2.2352443515477258 2.6529733204757315 34.455000000000005 -121.63499999999998 37.915000000000006 37.935000000000009 19.500000000000004
decision_type= 2 2 2 2 2 2 2 2 2 2 2
left_child=1 4 10 5 9 -2 -6 8 -8 -1 -3
right_child=3 2 -4 -5 6 -7 7 -9 -10 -11 -12
leaf_value= 0.016300347168821002 0.14786270222608622 0.018333955044605926 -0.0012182741763899687 0.20193225599575176 -0.042792252762658863 0.076452559141873933 -0.0061094602042396466 -0.096174080005463541 -0.083004783813681079 -0.067948361253499304 0.099858242321825108
leaf_weight=1189 569 384 4480 670 3328 1167 636 2043 725 349 972
leaf_count=1189 569 384 4480 670 3328 1167 636 2043 725 349 972
model_size=1264
internal_value=0 -0.0218807 0.0169028 0.128283 -0.0492495 0.0998583 -0.0598574 -0.0765416 -0.0470713 -0.00281721 0.0767717
internal_weight=0 14106 5836 2406 8270 1736 6732 3404 1361 1538 1356
internal_count=16512 14106 5836 2406 8270 1736 6732 3404 1361 1538 1356
is_linear=0
shrinkage=0.1


Tree=3
num_leaves= 6
num_cat= 0
full_tree_array_lgbids= 0 2 1 -1 3 4 -3 -2147483648 -2147483648 -4 -5 -2 -6 -2147483648 -2147483648
split_feature= 1 1 1 6 6
split_gain= 3598.89 817.71 507.787 352.175 100.908
threshold= 4.5301500000000017 6.3350000000000009 2.7820000000000005 2.2634687595142249 2.735488224282792
decision_type= 2 2 2 2 2
left_child=2 4 -1 -4 -2
right_child=1 -3 3 -5 -6
leaf_value= -0.059097034772580354 0.081993296754869618 0.1451342778699915 0.052315111044945663 -0.02304089710981078 0.018330838153253568
leaf_weight=5096 1343 1474 1250 5390 1959
leaf_count=5096 1343 1474 1250 5390 1959
model_size=592
internal_value=0 0.0753675 -0.030671 -0.0088549 0.0442238
internal_weight=0 4776 11736 6640 3302
internal_count=16512 4776 11736 6640 3302
is_linear=0
shrinkage=0.1


Tree=4
num_leaves= 5
num_cat= 0
full_tree_array_lgbids= 0 1 3 -1 2 -2 -5 -2147483648 -2147483648 -3 -4 -2147483648 -2147483648 -2147483648 -2147483648
split_feature= 1 1 6 1
split_gain= 2892.7 644.411 293.148 238.907
threshold= 5.2771000000000017 3.1792500000000001 2.2982753493904258 7.3930000000000016
decision_type= 2 2 2 2
left_child=1 -1 -3 -2
right_child=3 2 -4 -5
leaf_value= -0.045957293784084696 0.068599664042509945 0.064487857594559578 -0.0082139225679175136 0.15948742067539412
leaf_weight=6789 2190 1247 5493 793
leaf_count=6789 2190 1247 5493 793
model_size=480
internal_value=0 -0.0204529 0.00523699 0.0927612
internal_weight=0 13529 6740 2983
internal_count=16512 13529 6740 2983
is_linear=0
shrinkage=0.1


Tree=5
num_leaves= 5
num_cat= 0
full_tree_array_lgbids= 0 2 1 -1 3 -2 -3 -2147483648 -2147483648 -4 -5 -2147483648 -2147483648 -2147483648 -2147483648
split_feature= 1 1 1 6
split_gain= 2320.68 433.922 253.315 172.235
threshold= 4.5301500000000017 6.3963500000000009 2.5894500000000007 2.0653737590585881
decision_type= 2 2 2 2
left_child=2 -2 -1 -4
right_child=1 -3 3 -5
leaf_value= -0.052943292103961141 0.03728822500635566 0.12069865743177909 0.056835061911480994 -0.018237603197798134
leaf_weight=4244 3364 1412 872 6620
leaf_count=4244 3364 1412 872 6620
model_size=480
internal_value=0 0.0619481 -0.02521 -0.00949983
internal_weight=0 4776 11736 7492
internal_count=16512 4776 11736 7492
is_linear=0
shrinkage=0.1


Tree=6
num_leaves= 5
num_cat= 0
full_tree_array_lgbids= 0 2 1 -1 -4 3 -3 -2147483648 -2147483648 -2147483648 -2147483648 -2 -5 -2147483648 -2147483648
split_feature= 1 1 6 6
split_gain= 1856.27 424.598 84.1436 73.5965
threshold= 4.125700000000001 6.2770500000000009 2.2982753493904258 2.735488224282792
decision_type= 2 2 2 2
left_child=2 3 -1 -2
right_child=1 -3 -4 -5
leaf_value= 0.0086317564273167679 0.060118904111015052 0.1056920581136031 -0.036652697969511358 0.0034911944670896439
leaf_weight=2212 1893 1536 8300 2571
leaf_count=2212 1893 1536 8300 2571
model_size=480
internal_value=0 0.0475207 -0.0271237 0.0275047
internal_weight=0 6000 10512 4464
internal_count=16512 6000 10512 4464
is_linear=0
shrinkage=0.1


Tree=7
num_leaves= 4
num_cat= 0
full_tree_array_lgbids= 0 1 -2 -1 2 -2147483648 -2147483648 -2147483648 -2147483648 -3 -4 -2147483648 -2147483648 -2147483648 -2147483648
split_feature= 1 1 6
split_gain= 1459.78 334.539 122.239
threshold= 5.6042500000000013 2.8762500000000002 2.5288691539219195
decision_type= 2 2 2
left_child=1 -1 -3
right_child=-2 2 -4
leaf_value= -0.039973070369718512 0.07873189713679532 0.034315178495962016 -0.012011703036752155
leaf_weight=5422 2406 2841 5843
leaf_count=5422 2406 2841 5843
model_size=368
internal_value=0 -0.013429 0.00314429
internal_weight=0 14106 8684
internal_count=16512 14106 8684
is_linear=0
shrinkage=0.1


Tree=8
num_leaves= 4
num_cat= 0
full_tree_array_lgbids= 0 -1 1 -2147483648 -2147483648 2 -3 -2147483648 -2147483648 -2147483648 -2147483648 -2 -4 -2147483648 -2147483648
split_feature= 1 1 6
split_gain= 1175.35 211.378 31.2822
threshold= 4.0612500000000002 7.7055000000000016 2.9291766686969298
decision_type= 2 2 2
left_child=-1 2 -2
right_child=1 -3 -4
leaf_value= -0.023357044729911056 0.049260187184333309 0.12076460043924041 4.4146116289252296e-05
leaf_weight=10247 3214 670 2381
leaf_count=10247 3214 670 2381
model_size=368
internal_value=0 0.0382027 0.0283159
internal_weight=0 6265 5595
internal_count=16512 6265 5595
is_linear=0
shrinkage=0.1


Tree=9
num_leaves= 5
num_cat= 0
full_tree_array_lgbids= 0 1 -2 2 -3 -2147483648 -2147483648 -1 3 -2147483648 -2147483648 -2147483648 -2147483648 -2147483648 -2147483648 -2147483648 -2147483648 -4 -5 -2147483648 -2147483648 -2147483648 -2147483648 -2147483648 -2147483648 -2147483648 -2147483648 -2147483648 -2147483648 -2147483648 -2147483648
split_feature= 1 7 8 6
split_gain= 917.194 95.4985 356.01 73.1
threshold= 5.1326000000000009 37.925000000000004 -122.31499999999998 2.8396278889382178
decision_type= 2 2 2 2
left_child=1 2 -1 -4
right_child=-2 -3 3 -5
leaf_value= 0.10293099290781721 0.054559328910423477 -0.049240369090130853 0.010159315895271109 -0.029213159359820648
leaf_weight=546 3299 2584 4714 5369
leaf_count=546 3299 2584 4714 5369
model_size=480
internal_value=0 -0.0136223 -0.00496322 -0.0108058
internal_weight=0 13213 10629 10083
internal_count=16512 13213 10629 10083
is_linear=0
shrinkage=0.1


Tree=10
num_leaves= 3
num_cat= 0
full_tree_array_lgbids= 0 -1 1 -2147483648 -2147483648 -2 -3
split_feature= 1 1
split_gain= 708.388 85.4839
threshold= 3.8346500000000003 6.3963500000000009
decision_type= 2 2
left_child=-1 -2
right_child=1 -3
leaf_value= -0.021646992256309089 0.01686191286397274 0.077512963644636418
leaf_weight=9454 5646 1412
leaf_count=9454 5646 1412
model_size=256
internal_value=0 0.0289956
internal_weight=0 7058
internal_count=16512 7058
is_linear=0
shrinkage=0.1


Tree=11
num_leaves= 4
num_cat= 0
full_tree_array_lgbids= 0 1 -2 -1 2 -2147483648 -2147483648 -2147483648 -2147483648 -3 -4 -2147483648 -2147483648 -2147483648 -2147483648
split_feature= 1 1 6
split_gain= 523.752 66.0302 11.9689
threshold= 5.8308000000000009 2.5205000000000006 2.0653737590585881
decision_type= 2 2 2
left_child=1 -1 -3
right_child=-2 2 -4
leaf_value= -0.036066511314924214 0.059876277612420731 0.055302129242131265 -0.004698324121381223
leaf_weight=3911 2094 1084 9423
leaf_count=3911 2094 1084 9423
model_size=368
internal_value=0 -0.00869614 0.00149188
internal_weight=0 14418 10507
internal_count=16512 14418 10507
is_linear=0
shrinkage=0.1


Tree=12
num_leaves= 2
num_cat= 0
full_tree_array_lgbids= 0 -1 -2
split_feature= 1
split_gain= 384.064
threshold= 3.6530500000000008
decision_type= 2
left_child=-1
right_child=-2
leaf_value= -0.019852888254078858 0.022271359118028283
leaf_weight=8730 7782
leaf_count=8730 7782
model_size=144
internal_value=0
internal_weight=0
internal_count=16512
is_linear=0
shrinkage=0.1


Tree=13
num_leaves= 4
num_cat= 0
full_tree_array_lgbids= 0 1 -2 2 -3 -2147483648 -2147483648 -1 -4 -2147483648 -2147483648 -2147483648 -2147483648 -2147483648 -2147483648
split_feature= 1 7 8
split_gain= 288.022 13.8986 181.497
threshold= 5.8308000000000009 37.925000000000004 -122.31499999999998
decision_type= 2 2 2
left_child=1 2 -1
right_child=-2 -3 -4
leaf_value= 0.092946449219105304 0.051661513840974019 -0.040436244776998871 -0.0047203222851937175
leaf_weight=589 2094 2734 11095
leaf_count=589 2094 2734 11095
model_size=368
internal_value=0 -0.00750307 0.00020314
internal_weight=0 14418 11684
internal_count=16512 14418 11684
is_linear=0
shrinkage=0.1


Tree=14
num_leaves= 2
num_cat= 0
full_tree_array_lgbids= 0 -1 -2
split_feature= 1
split_gain= 193.338
threshold= 4.6754000000000007
decision_type= 2
left_child=-1
right_child=-2
leaf_value= -0.010997776375905037 0.030471802091803214
leaf_weight=12133 4379
leaf_count=12133 4379
model_size=144
internal_value=0
internal_weight=0
internal_count=16512
is_linear=0
shrinkage=0.1


Tree=15
num_leaves= 2
num_cat= 0
full_tree_array_lgbids= 0 -1 -2
split_feature= 1
split_gain= 97.8984
threshold= 3.9004500000000006
decision_type= 2
left_child=-1
right_child=-2
leaf_value= -0.014116889409782871 0.019902094505676177
leaf_weight=9660 6852
leaf_count=9660 6852
model_size=144
internal_value=0
internal_weight=0
internal_count=16512
is_linear=0
shrinkage=0.1


Tree=16
num_leaves= 2
num_cat= 0
full_tree_array_lgbids= 0 -1 -2
split_feature= 1
split_gain= 44.8777
threshold= 7.3930000000000016
decision_type= 2
left_child=-1
right_child=-2
leaf_value= -0.0035689198026356058 0.07074382138890091
leaf_weight=15719 793
leaf_count=15719 793
model_size=144
internal_value=0
internal_weight=0
internal_count=16512
is_linear=0
shrinkage=0.1


Tree=17
num_leaves= 4
num_cat= 0
full_tree_array_lgbids= 0 1 -2 2 -3 -2147483648 -2147483648 -1 -4 -2147483648 -2147483648 -2147483648 -2147483648 -2147483648 -2147483648
split_feature= 7 6 8
split_gain= 29.0394 192.686 104.526
threshold= 37.925000000000004 3.0375944537846187 -117.77499999999999
decision_type= 2 2 2
left_child=1 2 -1
right_child=-2 -3 -4
leaf_value= 0.036608518678936039 -0.034061055966530092 -0.017628834542114055 -0.023094549445074969
leaf_weight=6413 2882 5501 1716
leaf_count=6413 2882 5501 1716
model_size=368
internal_value=0 0.00720205 0.0240054
internal_weight=0 13630 8129
internal_count=16512 13630 8129
is_linear=0
shrinkage=0.1


end of trees

feature_importances:
Column_1=43
Column_6=26
Column_7=10
Column_2=8
Column_8=8
Column_3=3

parameters:
[boosting: gbdt]
[objective: regression]
[metric: rmse]
[tree_learner: serial]
[device_type: cpu]
[data_sample_strategy: bagging]
[data: data/california_housing.libsvm.train]
[valid: data/california_housing.libsvm.test]
[num_iterations: 50]
[learning_rate: 0.1]
[num_leaves: 255]
[num_threads: 0]
[seed: 42]
[deterministic: 0]
[force_col_wise: 0]
[force_row_wise: 0]
[histogram_pool_size: -1]
[max_depth: 7]
[min_data_in_leaf: 10]
[min_sum_hessian_in_leaf: 0.001]
[bagging_fraction: 1]
[pos_bagging_fraction: 1]
[neg_bagging_fraction: 1]
[bagging_freq: 0]
[bagging_seed: 400]
[feature_fraction: 1]
[feature_fraction_bynode: 1]
[feature_fraction_seed: 30056]
[extra_trees: 0]
[extra_seed: 12879]
[early_stopping_round: 0]
[early_stopping_min_delta: 0]
[first_metric_only: 0]
[max_delta_step: 0]
[lambda_l1: 0]
[lambda_l2: 0]
[linear_lambda: 0]
[min_gain_to_split: 0]
[drop_rate: 0.1]
[max_drop: 50]
[skip_drop: 0.5]
[xgboost_dart_mode: 0]
[uniform_drop: 0]
[drop_seed: 17869]
[top_rate: 0.2]
[other_rate: 0.1]
[min_data_per_group: 100]
[max_cat_threshold: 32]
[cat_l2: 10]
[cat_smooth: 10]
[max_cat_to_onehot: 4]
[top_k: 20]
[monotone_constraints: ]
[monotone_constraints_method: basic]
[monotone_penalty: 0]
[feature_contri: ]
[forcedsplits_filename: ]
[refit_decay_rate: 0.9]
[tinygbdt_penalty_feature: 0.00195312]
[tinygbdt_penalty_split: 2]
[tinygbdt_forestsize: 64000]
[tinygbdt_precision: 7]
[cegb_tradeoff: 1]
[cegb_penalty_split: 0]
[cegb_penalty_feature_lazy: ]
[cegb_penalty_feature_coupled: ]
[path_smooth: 0]
[interaction_constraints: ]
[verbosity: 2]
[saved_feature_importance_type: 0]
[use_quantized_grad: 0]
[num_grad_quant_bins: 4]
[quant_train_renew_leaf: 0]
[stochastic_rounding: 1]
[linear_tree: 0]
[max_bin: 255]
[max_bin_by_feature: ]
[min_data_in_bin: 3]
[bin_construct_sample_cnt: 200000]
[data_random_seed: 175]
[is_enable_sparse: 1]
[enable_bundle: 1]
[use_missing: 1]
[zero_as_missing: 0]
[feature_pre_filter: 1]
[pre_partition: 0]
[two_round: 0]
[header: 0]
[label_column: ]
[weight_column: ]
[group_column: ]
[ignore_column: ]
[categorical_feature: ]
[forcedbins_filename: ]
[precise_float_parser: 0]
[parser_config_file: ]
[objective_seed: 16083]
[num_class: 1]
[is_unbalance: 0]
[scale_pos_weight: 1]
[sigmoid: 1]
[boost_from_average: 1]
[reg_sqrt: 0]
[alpha: 0.9]
[fair_c: 1]
[poisson_max_delta_step: 0.7]
[tweedie_variance_power: 1.5]
[lambdarank_truncation_level: 30]
[lambdarank_norm: 1]
[label_gain: ]
[lambdarank_position_bias_regularization: 0]
[eval_at: ]
[multi_error_top_k: 1]
[auc_mu_weights: ]
[num_machines: 1]
[local_listen_port: 12400]
[time_out: 120]
[machine_list_filename: ]
[machines: ]
[gpu_platform_id: -1]
[gpu_device_id: -1]
[gpu_use_dp: 0]
[num_gpu: 1]

end of parameters
