tree
version=v4
num_class=1
num_tree_per_iteration=1
label_index=0
max_feature_idx=8
objective=regression
feature_names=Column_0 Column_1 Column_2 Column_3 Column_4 Column_5 Column_6 Column_7 Column_8
feature_infos=none [0.49990000000000001:15.0001] [1:52] [0.88888888888888884:141.90909090909091] [0.33333333333333331:25.63636363636364] [3:35682] [0.69230769230769229:1243.333333333333] [32.549999999999997:41.950000000000003] [-124.34999999999999:-114.31]
tree_sizes=7024 5994 5448 5119 4640 2810 4211 2620 4070 4154 4508 4009 1435 793 1053 2214 917 3960 3892 499 491 1383 922 981 376 377

Tree=0
num_leaves= 59
num_cat= 0
full_tree_array_lgbids= 0 1 2 5 3 4 10 9 11 6 7 16 13 20 33 15 14 35 21 36 8 19 17 42 18 39 29 -4 -22 34 47 45 50 27 49 51 -37 54 31 -3 37 12 38 22 25 24 48 -2 -44 -18 23 -6 -41 -15 -31 -2147483648 -2147483648 -2147483648 -2147483648 -12 -36 -35 -49 -1 53 -17 -52 30 -29 -16 -51 52 -53 -2147483648 -2147483648 -13 -56 32 44 -2147483648 -2147483648 -38 56 28 26 57 -40 41 40 46 -27 43 -26 -19 -50 -2147483648 -2147483648 -2147483648 -2147483648 -2147483648 -2147483648 55 -25 -2147483648 -2147483648 -2147483648 -2147483648 -2147483648 -2147483648 -2147483648 -2147483648 -2147483648 -2147483648 -2147483648 -2147483648 -2147483648 -2147483648 -2147483648 -2147483648 -2147483648 -2147483648 -2147483648 -2147483648 -2147483648 -2147483648 -2147483648 -2147483648 -2147483648 -2147483648 -47 -55 -2147483648 -2147483648 -2147483648 -2147483648 -11 -32 -2147483648 -2147483648 -2147483648 -2147483648 -2147483648 -2147483648 -7 -54 -2147483648 -2147483648 -2147483648 -2147483648 -2147483648 -2147483648 -2147483648 -2147483648 -2147483648 -2147483648 -23 -34 -33 -46 -2147483648 -2147483648 -2147483648 -2147483648 -2147483648 -2147483648 -39 -58 -8 -30 -14 -28 -10 -59 -2147483648 -2147483648 -5 -43 -24 -42 -21 -48 -2147483648 -2147483648 -9 -45 -2147483648 -2147483648 -2147483648 -2147483648 -2147483648 -2147483648 -2147483648 -2147483648 -2147483648 -2147483648 -2147483648 -2147483648 -2147483648 -2147483648 -2147483648 -2147483648 -2147483648 -2147483648 -20 -57 -2147483648 -2147483648 -2147483648 -2147483648 -2147483648 -2147483648 -2147483648 -2147483648 -2147483648 -2147483648 -2147483648 -2147483648 -2147483648 -2147483648 -2147483648 -2147483648 -2147483648 -2147483648 -2147483648 -2147483648 -2147483648 -2147483648 -2147483648 -2147483648 -2147483648 -2147483648 -2147483648 -2147483648 -2147483648 -2147483648 -2147483648 -2147483648 -2147483648 -2147483648 -2147483648 -2147483648 -2147483648 -2147483648 -2147483648 -2147483648 -2147483648 -2147483648 -2147483648 -2147483648 -2147483648 -2147483648 -2147483648 -2147483648 -2147483648 -2147483648
split_feature= 1 1 1 6 6 3 2 1 7 1 1 1 6 1 6 3 2 6 6 2 2 6 3 1 2 8 8 8 1 2 7 7 8 1 2 7 1 2 7 6 7 6 1 7 8 4 7 5 8 6 6 8 6 7 7 7 5 8
split_gain= 6972.71 1670.08 1277.06 961.135 416.156 303.198 218.62 197.544 171.597 165.52 140.951 121.439 112.867 105.506 96.799 95.3262 92.3168 89.7516 78.6299 69.6441 57.2469 50.8056 49.456 43.2585 41.7182 36.8716 34.2041 32.8064 28.3297 27.2964 21.615 21.547 24.7221 17.4299 18.408 17.2376 15.3979 16.7808 15.2781 14.2422 12.0154 11.8755 11.5482 10.874 10.5464 10.0255 7.57921 7.12236 7.01134 6.48852 5.60687 5.51271 8.87679 4.79987 4.59869 1.87583 1.44178 0.312403
threshold= 5.0387000000000013 3.0679500000000002 6.8672000000000013 2.3489548886254448 2.671038674349933 4.3101408005062494 24.500000000000004 4.0775500000000013 37.815000000000005 2.2210000000000005 7.852450000000001 2.4115000000000006 1.9628175980828908 5.7307500000000013 2.4907552973342448 3.449226804123712 19.500000000000004 2.9005380231986346 2.0653737590585881 43.500000000000007 26.500000000000004 2.2906328481453726 5.1186051221335997 5.8308000000000009 41.500000000000007 -122.40499999999999 -117.88499999999998 -118.26499999999999 3.4298000000000006 27.500000000000004 37.815000000000005 34.525000000000013 -117.77499999999999 8.7395500000000013 28.500000000000004 35.335000000000008 3.5330000000000008 18.500000000000004 37.995000000000012 2.9742256672023202 34.415000000000006 3.0817415934345274 5.6402500000000009 38.545000000000009 -120.44499999999998 1.0291350557942953 38.435000000000009 139.50000000000003 -122.33499999999999 3.458170981799539 2.10671797776953 -117.35499999999998 2.254419630548663 34.045000000000009 37.945000000000007 38.005000000000003 534.50000000000011 -122.425
decision_type= 2 2 2 2 2 2 2 2 2 2 2 2 2 2 2 2 2 2 2 2 2 2 2 2 2 2 2 2 2 2 2 2 2 2 2 2 2 2 2 2 2 2 2 2 2 2 2 2 2 2 2 2 2 2 2 2 2 2
left_child=1 5 4 6 16 9 36 19 12 15 20 35 28 39 27 45 42 24 -18 22 -4 54 41 55 43 46 -14 30 -8 -15 -11 32 -23 34 -12 51 -3 -38 57 -6 -24 -5 -2 -9 -33 -1 -21 -35 -19 -16 -17 52 -7 -47 -13 -20 -39 -10
right_child=2 3 10 7 13 11 8 17 38 14 33 21 26 29 49 50 18 48 23 25 -22 31 40 -25 -26 -27 -28 -29 -30 -31 -32 44 -34 47 -36 -37 37 56 -40 -41 -42 -43 -44 -45 -46 53 -48 -49 -50 -51 -52 -53 -54 -55 -56 -57 -58 -59
leaf_value= 2.0090854045861635 2.122367892078735 2.0619325518895399 2.2105021416414852 2.0623490992633817 2.1246833370498446 2.0841138599801572 2.1965323452694219 2.0954689418246426 2.2142838774901663 2.1406373236940905 2.2611911907323741 2.0627082295896169 2.1803908632616107 2.1410397950488846 2.0512620347066561 2.0262926385334912 2.3293276008777508 2.1135874555732319 2.1957668316364023 2.1654641714581091 2.2958198799055269 2.0423423215696768 2.0333915413355754 2.255568014458782 2.1540272791155655 2.0584465939763881 2.0853910788377314 2.0508470150556986 2.2845502876908457 2.1974100577568745 2.0404662446165749 1.9910892755883369 1.9852344261613879 2.2256631944098948 2.3423931801380187 1.9518240180001829 2.0905904528987551 2.0245249734293451 2.0318246126680579 2.0841198818403921 2.0042626363250329 2.0299805008867327 2.1915848606410337 2.0321558591188165 1.9516641567416866 2.0195706739465327 1.9921922446126408 2.348659992346585 2.0520217962379657 2.0155875827794167 1.9756287203382159 1.9596066990438676 1.9888444208027325 2.0794739076624724 2.0039542439775833 2.087710141191141 2.1734629168237776 2.0951919498649194
leaf_weight=181 128 198 263 636 312 39 90 761 19 227 147 209 402 586 368 104 91 71 303 84 168 272 593 250 172 283 67 153 174 187 50 667 275 19 97 1194 254 10.999999999999998 76 516 943 545 120 83 277 114 9.9999999999999982 346 1087 399 795 303 294 208 100 19 104 68
leaf_count=181 128 198 263 636 312 39 90 761 19 227 147 209 402 586 368 104 91 71 303 84 168 272 593 250 172 283 67 153 174 187 50 667 275 19 97 1194 254 11 76 516 943 545 120 83 277 114 10 346 1087 399 795 303 294 208 100 19 104 68
model_size=6528
internal_value=2.07195 2.03789 2.19622 2.07259 2.15739 2.00039 2.1449 2.05251 2.17679 2.02716 2.28999 1.98123 2.19841 2.12609 2.05582 2.00269 2.2124 2.07655 2.23355 2.03561 2.24376 2.0009 2.02938 2.21831 2.10021 2.08053 2.16682 2.09704 2.25454 2.15468 2.12256 1.99203 2.01363 2.32271 2.29347 1.96188 2.0945 2.11198 2.07953 2.0994 2.01551 2.04741 2.15586 2.08924 1.97952 2.04057 2.14703 2.34226 2.0558 2.0327 1.98149 1.98076 2 2.05827 2.04369 2.18939 2.15922 2.1212
internal_weight=0 12960 3552 6731 2512 6229 1463 5268 896 2599 1040 3630 733 1601 1197 1402 911 2174 663 3094 431 1800 2717 572 1016 377 469 430 264 773 277 1491 547 609 244 1830 567 369 163 828 1536 1181 248 844 944 503 94 365 1158 767 899 636 333 322 309 322 115 87
internal_count=16512 12960 3552 6731 2512 6229 1463 5268 896 2599 1040 3630 733 1601 1197 1402 911 2174 663 3094 431 1800 2717 572 1016 377 469 430 264 773 277 1491 547 609 244 1830 567 369 163 828 1536 1181 248 844 944 503 94 365 1158 767 899 636 333 322 309 322 115 87
is_linear=0
shrinkage=1


Tree=1
num_leaves= 40
num_cat= 0
full_tree_array_lgbids= 0 1 2 5 3 4 12 16 6 7 10 19 15 21 -14 17 -18 9 13 8 -9 22 23 -2 24 32 25 -4 -23 -2147483648 -2147483648 26 -19 -2147483648 -2147483648 18 -11 14 35 29 11 -2147483648 -2147483648 28 34 33 -25 -2147483648 -2147483648 -21 36 -6 -34 -17 -27 -2147483648 -2147483648 -2147483648 -2147483648 -2147483648 -2147483648 -2147483648 -2147483648 -1 27 -2147483648 -2147483648 -2147483648 -2147483648 -2147483648 -2147483648 37 -20 -2147483648 -2147483648 20 -16 -15 -37 30 -31 -10 31 -2147483648 -2147483648 -2147483648 -2147483648 -5 38 -24 -36 -12 -35 -2147483648 -2147483648 -2147483648 -2147483648 -2147483648 -2147483648 -2147483648 -2147483648 -26 -38 -2147483648 -2147483648 -2147483648 -2147483648 -2147483648 -2147483648 -2147483648 -2147483648 -2147483648 -2147483648 -2147483648 -2147483648 -2147483648 -2147483648 -2147483648 -2147483648 -2147483648 -2147483648 -2147483648 -2147483648 -2147483648 -2147483648 -2147483648 -2147483648 -2147483648 -2147483648 -28 -29 -2147483648 -2147483648 -2147483648 -2147483648 -2147483648 -2147483648 -2147483648 -2147483648 -2147483648 -2147483648 -2147483648 -2147483648 -7 -39 -2147483648 -2147483648 -2147483648 -2147483648 -2147483648 -2147483648 -8 -22 -2147483648 -2147483648 -2147483648 -2147483648 -2147483648 -2147483648 -3 -32 -2147483648 -2147483648 -2147483648 -2147483648 -13 -33 -2147483648 -2147483648 -2147483648 -2147483648 -2147483648 -2147483648 -2147483648 -2147483648 -2147483648 -2147483648 -30 -40 -2147483648 -2147483648 -2147483648 -2147483648 -2147483648 -2147483648 -2147483648 -2147483648 -2147483648 -2147483648 -2147483648 -2147483648 -2147483648 -2147483648 -2147483648 -2147483648 -2147483648 -2147483648 -2147483648 -2147483648 -2147483648 -2147483648 -2147483648 -2147483648 -2147483648 -2147483648 -2147483648 -2147483648 -2147483648 -2147483648 -2147483648 -2147483648 -2147483648 -2147483648 -2147483648 -2147483648 -2147483648 -2147483648 -2147483648 -2147483648 -2147483648 -2147483648 -2147483648 -2147483648 -2147483648 -2147483648 -2147483648 -2147483648 -2147483648 -2147483648 -2147483648 -2147483648 -2147483648 -2147483648 -2147483648 -2147483648 -2147483648 -2147483648 -2147483648 -2147483648 -2147483648 -2147483648 -2147483648 -2147483648 -2147483648 -2147483648 -2147483648 -2147483648 -2147483648 -2147483648 -2147483648 -2147483648 -2147483648 -2147483648 -2147483648 -2147483648
split_feature= 1 1 1 6 6 6 7 7 2 8 1 6 1 8 7 1 7 8 6 2 8 2 2 6 6 2 7 8 3 8 7 8 6 2 8 8 1 7 7
split_gain= 5630.36 1339.45 1016.98 762.283 325.948 244.277 174.143 168.398 161.501 126.347 116.013 108.082 97.0632 90.4831 115.881 89.3106 74.8832 83.162 64.6256 55.0766 52.5348 50.4051 39.5905 35.5444 27.9116 25.1668 20.113 34.1749 16.9286 16.8404 20.8871 15.5359 11.0615 10.8637 9.58804 4.35064 3.15489 1.65488 0.185651
threshold= 5.0387000000000013 3.1097000000000006 6.8672000000000013 2.4136952392348086 2.5763869593405579 2.1628386478062818 34.455000000000005 37.935000000000009 24.500000000000004 -117.77499999999999 4.1119000000000012 1.9628175980828908 8.4454500000000028 -121.63499999999998 37.895000000000003 5.8308000000000009 37.945000000000007 -118.24499999999999 3.442186331338819 21.500000000000004 -122.31499999999998 26.500000000000004 44.500000000000007 2.9291766686969298 2.0653737590585881 27.500000000000004 34.655000000000008 -122.35499999999998 4.7926201822371182 -118.29499999999999 34.155000000000008 -122.33499999999999 3.0298305221858191 42.500000000000007 -122.40499999999999 -119.84499999999998 5.5682000000000009 34.045000000000009 34.435000000000009
decision_type= 2 2 2 2 2 2 2 2 2 2 2 2 2 2 2 2 2 2 2 2 2 2 2 2 2 2 2 2 2 2 2 2 2 2 2 2 2 2 2
left_child=1 5 4 7 19 16 9 8 29 18 22 -10 21 14 20 32 17 26 37 -2 -8 -4 28 33 -21 -17 -1 -28 -5 30 -3 -13 -6 -12 -24 -15 -26 -7 -30
right_child=2 3 12 10 15 6 13 -9 11 -11 23 31 -14 35 -16 25 -18 -19 -20 24 -22 -23 34 -25 36 -27 27 -29 38 -31 -32 -33 -34 -35 -36 -37 -38 -39 -40
leaf_value= 0.086210756310825476 0.084835085221048864 0.14056201121459405 0.13719190780792143 -0.015776921625914316 0.051561590727867403 -0.028162541353627779 0.06081755451723439 -0.023114788040984421 0.16476471049633501 -0.086505419191625507 0.013294099706720998 0.15236902554829918 0.23830664142214217 -0.095935437840308391 -0.097538491110661193 0.066471332063729113 -0.073087688862825892 -0.040031419162383966 -0.05608803093768075 0.23644229949906817 -0.04402452250001488 0.2117248531396887 0.071470359096650116 -0.01468458296989205 0.11132478339597583 0.12715199083241441 0.12925747205934876 -0.010077199769841734 -0.032260685093232502 -0.0034293641628664775 0.0335429930962289 0.06808009107889898 0.011061070172671201 0.075328715027055959 -0.010603963635837148 -0.12551086726640645 0.1712761836686926 0.013012580669830798 -0.058798578452617725
leaf_weight=152 216 60 368 700 523 431 96 240 264 885 770 75 426 1086 596 550 231 322 960 86 381 246 86 1060 180 215 41 214 855 256 218 552 521 132 226 662 221 368 1041
leaf_count=152 216 60 368 700 523 431 96 240 264 885 770 75 426 1086 596 550 231 322 960 86 381 246 86 1060 180 215 41 214 855 256 218 552 521 132 226 662 221 368 1041
model_size=4400
internal_value=0 -0.0306532 0.111843 0.00158447 0.076901 -0.0634427 -0.0721122 0.061157 0.0753501 -0.0520996 -0.0187827 0.103822 0.19624 -0.0908692 -0.0643689 0.0534143 -0.0140899 0.00460487 -0.034789 0.137338 -0.0229242 0.167054 -0.033042 0.00235178 0.160625 0.0835254 0.0399191 0.0123256 -0.0384576 0.027843 0.0566406 0.0781625 0.0313501 0.0223723 0.0120191 -0.107136 0.144365 -0.00919828 -0.0468313
internal_weight=0 12960 3552 6535 2512 6425 5465 1665 1425 2644 4870 891 1040 2821 1073 1809 960 729 1759 703 477 614 2908 1962 487 765 407 255 2596 534 278 627 1044 902 312 1748 401 799 1896
internal_count=16512 12960 3552 6535 2512 6425 5465 1665 1425 2644 4870 891 1040 2821 1073 1809 960 729 1759 703 477 614 2908 1962 487 765 407 255 2596 534 278 627 1044 902 312 1748 401 799 1896
is_linear=0
shrinkage=0.1


Tree=2
num_leaves= 32
num_cat= 0
full_tree_array_lgbids= 0 1 2 5 3 4 23 16 7 6 8 14 10 27 -25 17 -18 9 12 -3 11 22 15 -2 19 -6 -12 -4 -29 -2147483648 -2147483648 25 -19 -2147483648 -2147483648 18 -11 13 -14 -2147483648 -2147483648 20 -13 30 -24 -10 24 -2147483648 -2147483648 -16 29 -2147483648 -2147483648 -2147483648 -2147483648 -2147483648 -2147483648 -2147483648 -2147483648 -2147483648 -2147483648 -2147483648 -2147483648 -1 26 -2147483648 -2147483648 -2147483648 -2147483648 -2147483648 -2147483648 -7 -20 -2147483648 -2147483648 21 -15 -2147483648 -2147483648 -2147483648 -2147483648 -2147483648 -2147483648 -8 28 -2147483648 -2147483648 -5 -32 -2147483648 -2147483648 -2147483648 -2147483648 -17 -26 -2147483648 -2147483648 -2147483648 -2147483648 -2147483648 -2147483648 -21 -31 -2147483648 -2147483648 -2147483648 -2147483648 -2147483648 -2147483648 -2147483648 -2147483648 -2147483648 -2147483648 -2147483648 -2147483648 -2147483648 -2147483648 -2147483648 -2147483648 -2147483648 -2147483648 -2147483648 -2147483648 -2147483648 -2147483648 -2147483648 -2147483648 -2147483648 -2147483648 -27 -28 -2147483648 -2147483648 -2147483648 -2147483648 -2147483648 -2147483648 -2147483648 -2147483648 -2147483648 -2147483648 -2147483648 -2147483648 -2147483648 -2147483648 -2147483648 -2147483648 -2147483648 -2147483648 -2147483648 -2147483648 -9 -23 -2147483648 -2147483648 -2147483648 -2147483648 -2147483648 -2147483648 -2147483648 -2147483648 -2147483648 -2147483648 -2147483648 -2147483648 -2147483648 -2147483648 -2147483648 -2147483648 -22 -30 -2147483648 -2147483648 -2147483648 -2147483648 -2147483648 -2147483648 -2147483648 -2147483648 -2147483648 -2147483648 -2147483648 -2147483648 -2147483648 -2147483648 -2147483648 -2147483648 -2147483648 -2147483648 -2147483648 -2147483648 -2147483648 -2147483648 -2147483648 -2147483648 -2147483648 -2147483648 -2147483648 -2147483648 -2147483648 -2147483648 -2147483648 -2147483648 -2147483648 -2147483648 -2147483648 -2147483648 -2147483648 -2147483648 -2147483648 -2147483648 -2147483648 -2147483648 -2147483648 -2147483648 -2147483648 -2147483648 -2147483648 -2147483648 -2147483648 -2147483648 -2147483648 -2147483648 -2147483648 -2147483648 -2147483648 -2147483648 -2147483648 -2147483648 -2147483648 -2147483648 -2147483648 -2147483648 -2147483648 -2147483648 -2147483648 -2147483648 -2147483648 -2147483648 -2147483648 -2147483648 -2147483648 -2147483648 -2147483648 -2147483648 -2147483648 -2147483648 -2147483648 -2147483648 -2147483648 -2147483648 -2147483648 -2147483648 -2147483648 -2147483648
split_feature= 1 1 1 6 6 6 2 7 1 8 1 7 8 7 2 6 7 8 6 6 6 8 2 1 8 7 8 2 1 1 3
split_gain= 4554.72 1156.81 735.124 647.104 234.055 205.551 140.158 139.157 104.344 100.174 75.2277 74.0943 72.6826 93.8704 59.9183 59.718 52.288 63.1933 48.7644 30.1458 22.5871 21.2093 19.2694 13.093 7.44928 7.22805 23.3163 2.70244 1.75373 1.37688 1.03882
threshold= 5.1326000000000009 3.1792500000000001 7.3930000000000016 2.2982753493904258 2.7472725830126556 2.1628386478062818 19.500000000000004 34.455000000000005 4.0612500000000002 -117.77499999999999 6.2770500000000009 37.815000000000005 -121.63499999999998 38.665000000000006 21.500000000000004 2.6829812717770039 37.935000000000009 -118.25499999999998 3.1336552646136835 2.2038024706228287 1.9322222929778572 -122.38499999999998 47.500000000000007 8.7395500000000013 -121.895 34.655000000000008 -120.02499999999999 28.500000000000004 3.8136000000000005 5.6042500000000013 5.1822875816993479
decision_type= 2 2 2 2 2 2 2 2 2 2 2 2 2 2 2 2 2 2 2 2 2 2 2 2 2 2 2 2 2 2 2
left_child=1 5 4 6 14 16 -3 9 22 18 -6 20 13 21 -2 -10 17 25 -7 -16 -8 -9 30 27 -17 -1 -27 -4 -22 -21 -5
right_child=2 3 23 8 10 7 11 12 15 -11 -12 -13 -14 -15 19 24 -18 -19 -20 29 28 -23 -24 -25 -26 26 -28 -29 -30 -31 -32
leaf_value= 0.079702672906760919 0.069841519367670829 0.012773119628030275 0.14288679648077848 -0.01732039381387545 0.03211001837118415 0.00049617088207301509 0.15380727319937687 0.027594156215778317 0.038312621760371555 -0.077272524925551977 0.093368641177898851 0.014635009459308247 -0.096111212892368125 -0.101118773495756 0.20292829509292332 0.027043637406263473 -0.064305625147737411 -0.035001041764264988 -0.045391939824432737 0.087669218151347234 0.061329357013357726 -0.044682468337915157 0.024646088421208467 0.21944877173394373 -0.014076468003165147 0.031610085894569817 -0.10825690713367964 0.20833225766333141 0.12225435052818634 0.14246703057377827 -0.043026592357204886
leaf_weight=167 310 350 264 1183 1025 634 253 147 698 928 435 137 1827 415 133 347 245 348 1237 216 226 566 205 365 1447 237 38 164 228 387 1350
leaf_count=167 310 350 264 1183 1025 634 253 147 698 928 435 137 1827 415 133 347 245 348 1237 216 226 566 205 365 1447 237 38 164 228 387 1350
model_size=3504
internal_value=0 -0.0263549 0.105555 0.00456997 0.078308 -0.0556171 0.0729676 -0.0636666 -0.0110451 -0.0455678 0.0503617 0.0979297 -0.08081 -0.0560268 0.117315 0.00632332 -0.0108667 0.00570609 -0.0298425 0.137311 0.11407 -0.0297811 -0.026853 0.191661 -0.00612291 0.0377561 0.012283 0.167964 0.091926 0.122838 -0.0310209
internal_weight=0 13213 3299 6424 2506 6789 1194 5754 5230 2799 1460 844 2955 1128 1046 2492 1035 790 1871 736 707 713 2738 793 1794 442 275 428 454 603 2533
internal_count=16512 13213 3299 6424 2506 6789 1194 5754 5230 2799 1460 844 2955 1128 1046 2492 1035 790 1871 736 707 713 2738 793 1794 442 275 428 454 603 2533
is_linear=0
shrinkage=0.1


Tree=3
num_leaves= 27
num_cat= 0
full_tree_array_lgbids= 0 1 3 4 2 5 -5 11 6 7 8 25 16 -2147483648 -2147483648 15 -13 10 13 -3 9 12 24 -2 -27 -7 -18 -2147483648 -2147483648 -2147483648 -2147483648 -1 23 -2147483648 -2147483648 -6 22 14 -15 -2147483648 -2147483648 17 -11 19 20 -10 -26 -2147483648 -2147483648 -2147483648 -2147483648 -2147483648 -2147483648 -2147483648 -2147483648 -2147483648 -2147483648 -2147483648 -2147483648 -2147483648 -2147483648 -2147483648 -2147483648 -2147483648 -2147483648 -17 -25 -2147483648 -2147483648 -2147483648 -2147483648 -2147483648 -2147483648 -12 -24 18 -16 -2147483648 -2147483648 -2147483648 -2147483648 -2147483648 -2147483648 -9 -19 -2147483648 -2147483648 -4 -21 21 -22 -2147483648 -2147483648 -2147483648 -2147483648 -2147483648 -2147483648 -2147483648 -2147483648 -2147483648 -2147483648 -2147483648 -2147483648 -2147483648 -2147483648 -2147483648 -2147483648 -2147483648 -2147483648 -2147483648 -2147483648 -2147483648 -2147483648 -2147483648 -2147483648 -2147483648 -2147483648 -2147483648 -2147483648 -2147483648 -2147483648 -2147483648 -2147483648 -2147483648 -2147483648 -2147483648 -2147483648 -2147483648 -2147483648 -2147483648 -2147483648 -2147483648 -2147483648 -2147483648 -2147483648 -2147483648 -2147483648 -2147483648 -2147483648 -2147483648 -2147483648 -2147483648 -2147483648 -2147483648 -2147483648 -2147483648 -2147483648 -2147483648 -2147483648 -2147483648 -2147483648 -8 -20 -2147483648 -2147483648 -2147483648 -2147483648 -2147483648 -2147483648 -2147483648 -2147483648 -2147483648 -2147483648 -2147483648 -2147483648 -2147483648 -2147483648 -2147483648 -2147483648 -2147483648 -2147483648 -2147483648 -2147483648 -2147483648 -2147483648 -2147483648 -2147483648 -2147483648 -2147483648 -14 -23 -2147483648 -2147483648 -2147483648 -2147483648 -2147483648 -2147483648 -2147483648 -2147483648 -2147483648 -2147483648 -2147483648 -2147483648 -2147483648 -2147483648 -2147483648 -2147483648 -2147483648 -2147483648 -2147483648 -2147483648 -2147483648 -2147483648 -2147483648 -2147483648 -2147483648 -2147483648 -2147483648 -2147483648 -2147483648 -2147483648 -2147483648 -2147483648 -2147483648 -2147483648 -2147483648 -2147483648 -2147483648 -2147483648 -2147483648 -2147483648 -2147483648 -2147483648 -2147483648 -2147483648 -2147483648 -2147483648 -2147483648 -2147483648 -2147483648 -2147483648 -2147483648 -2147483648 -2147483648 -2147483648 -2147483648 -2147483648 -2147483648 -2147483648 -2147483648 -2147483648 -2147483648 -2147483648 -2147483648 -2147483648 -2147483648 -2147483648 -2147483648 -2147483648 -2147483648 -2147483648 -2147483648 -2147483648 -2147483648 -2147483648
split_feature= 1 1 6 1 6 6 7 2 1 7 8 7 8 8 7 8 1 6 8 7 7 8 8 8 2 2
split_gain= 3691.58 1001.72 542.726 501.95 158.623 151.079 102.377 102.032 83.5551 74.7815 74.0191 41.9298 39.1397 35.8059 39.8575 32.6351 30.9119 29.8669 29.0014 23.4245 19.9139 28.0426 14.271 12.6472 8.54899 4.10566
threshold= 5.2771000000000017 3.1913000000000005 2.3722374117110965 7.3930000000000016 2.2352443515477258 2.6585924622132828 34.455000000000005 19.500000000000004 4.5301500000000017 37.815000000000005 -118.30499999999999 37.935000000000009 -122.38499999999998 -120.09499999999998 37.915000000000006 -122.31499999999998 6.2770500000000009 2.0231950334409352 -122.33499999999999 38.735000000000007 37.945000000000007 -117.79499999999999 -117.77499999999999 -117.145 20.500000000000004 21.500000000000004
decision_type= 2 2 2 2 2 2 2 2 2 2 2 2 2 2 2 2 2 2 2 2 2 2 2 2 2 2
left_child=1 4 7 5 11 25 10 -3 12 17 -6 15 19 14 18 -1 -7 -9 -8 -4 21 -14 -12 -17 -10 -2
right_child=3 2 8 -5 6 16 13 9 24 -11 22 -13 20 -15 -16 23 -18 -19 -20 -21 -22 -23 -24 -25 -26 -27
leaf_value= 0.11472791648501982 0.076799002040577352 0.011601407571319253 0.050434458934075201 0.17249516501299297 0.0047067174558478907 0.037951067023143784 0.045340541015257654 0.13208933442197224 -0.010708138918756901 0.006970200961610923 -0.037838168554677018 -0.058526074445025056 -0.009838802655388286 -0.10190529958982474 -0.081543661881218588 0.0060489473775438944 0.08660036003003356 0.072251559342113567 -0.0501953859396609 -0.079327783748811609 -0.056995288557628268 -0.048390563024001312 -0.071174767165251035 -0.062958743507292553 0.029295378790223314 0.13437558113591982
leaf_weight=58 212 423 263 793 467 968 92 360 531 180 1386 323 2224 767 1174 737 488 515 807 49 529 649 894 149 952 522
leaf_count=58 212 423 263 793 467 968 92 360 531 180 1386 323 2224 767 1174 737 488 515 807 49 529 649 894 149 952 522
model_size=2944
internal_value=0 -0.0223381 0.00585268 0.101311 -0.0497926 0.0755356 -0.0580107 0.0615181 -0.00997828 0.0815321 -0.0414546 -0.0135537 -0.0199408 -0.0740246 -0.0637089 0.00183415 0.0542566 0.0968705 -0.0404186 0.0300551 -0.024526 -0.0185475 -0.0509096 -0.00555618 0.0149718 0.117746
internal_weight=0 13529 6675 2983 6854 2190 5587 1478 5197 1055 2747 1267 3714 2840 2073 944 1456 875 899 312 3402 2873 2280 886 1483 734
internal_count=16512 13529 6675 2983 6854 2190 5587 1478 5197 1055 2747 1267 3714 2840 2073 944 1456 875 899 312 3402 2873 2280 886 1483 734
is_linear=0
shrinkage=0.1


Tree=4
num_leaves= 20
num_cat= 0
full_tree_array_lgbids= 0 1 3 4 2 6 -5 8 5 7 10 17 -8 -2147483648 -2147483648 -1 16 9 13 -3 11 12 -12 -2 -19 -2147483648 -2147483648 -2147483648 -2147483648 -2147483648 -2147483648 -2147483648 -2147483648 -10 -18 -6 -11 -7 -15 -2147483648 -2147483648 -9 15 14 -14 -2147483648 -2147483648 -2147483648 -2147483648 -2147483648 -2147483648 -2147483648 -2147483648 -2147483648 -2147483648 -2147483648 -2147483648 -2147483648 -2147483648 -2147483648 -2147483648 -2147483648 -2147483648 -2147483648 -2147483648 -2147483648 -2147483648 -2147483648 -2147483648 -2147483648 -2147483648 -2147483648 -2147483648 -2147483648 -2147483648 -2147483648 -2147483648 -2147483648 -2147483648 -2147483648 -2147483648 -2147483648 -2147483648 -2147483648 -2147483648 -13 -17 18 -16 -2147483648 -2147483648 -2147483648 -2147483648 -2147483648 -2147483648 -2147483648 -2147483648 -2147483648 -2147483648 -2147483648 -2147483648 -2147483648 -2147483648 -2147483648 -2147483648 -2147483648 -2147483648 -2147483648 -2147483648 -2147483648 -2147483648 -2147483648 -2147483648 -2147483648 -2147483648 -2147483648 -2147483648 -2147483648 -2147483648 -2147483648 -2147483648 -2147483648 -2147483648 -2147483648 -2147483648 -2147483648 -2147483648 -2147483648 -2147483648 -2147483648 -2147483648 -2147483648 -2147483648 -2147483648 -2147483648 -2147483648 -2147483648 -2147483648 -2147483648 -2147483648 -2147483648 -2147483648 -2147483648 -2147483648 -2147483648 -2147483648 -2147483648 -2147483648 -2147483648 -2147483648 -2147483648 -2147483648 -2147483648 -2147483648 -2147483648 -2147483648 -2147483648 -2147483648 -2147483648 -2147483648 -2147483648 -2147483648 -2147483648 -2147483648 -2147483648 -2147483648 -2147483648 -2147483648 -2147483648 -2147483648 -2147483648 -2147483648 -2147483648 -2147483648 -2147483648 -4 -20 -2147483648 -2147483648 -2147483648 -2147483648 -2147483648 -2147483648 -2147483648 -2147483648 -2147483648 -2147483648 -2147483648 -2147483648 -2147483648 -2147483648 -2147483648 -2147483648 -2147483648 -2147483648 -2147483648 -2147483648 -2147483648 -2147483648 -2147483648 -2147483648 -2147483648 -2147483648 -2147483648 -2147483648 -2147483648 -2147483648 -2147483648 -2147483648 -2147483648 -2147483648 -2147483648 -2147483648 -2147483648 -2147483648 -2147483648 -2147483648 -2147483648 -2147483648 -2147483648 -2147483648 -2147483648 -2147483648 -2147483648 -2147483648 -2147483648 -2147483648 -2147483648 -2147483648 -2147483648 -2147483648 -2147483648 -2147483648 -2147483648 -2147483648 -2147483648 -2147483648 -2147483648 -2147483648 -2147483648 -2147483648 -2147483648 -2147483648 -2147483648 -2147483648 -2147483648 -2147483648 -2147483648 -2147483648 -2147483648 -2147483648 -2147483648 -2147483648 -2147483648 -2147483648
split_feature= 1 1 6 1 6 1 6 2 1 3 6 6 7 3 8 7 2 2 8
split_gain= 2992.26 962.388 395.788 277.493 207.754 96.6025 88.322 69.0368 65.6398 61.6941 54.8624 53.9478 39.4636 27.2329 20.6646 14.1269 7.88242 6.49069 4.27403
threshold= 5.6042500000000013 3.5488500000000003 2.4136952392348086 7.7055000000000016 2.2352443515477258 2.5205000000000006 3.0089663118548242 19.500000000000004 2.5510500000000005 3.6193833748516839 2.9742256672023202 1.9628175980828908 37.915000000000006 4.7252880533656763 -117.56499999999998 37.935000000000009 24.500000000000004 21.500000000000004 -122.21499999999999
decision_type= 2 2 2 2 2 2 2 2 2 2 2 2 2 2 2 2 2 2 2
left_child=1 4 7 6 8 9 17 -3 -1 -6 12 -9 14 -7 18 -13 -10 -2 -4
right_child=3 2 10 -5 5 13 -8 11 16 -11 -12 15 -14 -15 -16 -17 -18 -19 -20
leaf_value= -0.032610455012605989 0.069670511831116694 0.01719488861381251 0.093617167982943908 0.16336000834980899 -0.025374637381595608 -0.016337056137156566 0.04439241784834267 0.14108763267996455 -0.012865226628900474 -0.073158275586578794 -0.016847044869858684 0.076644800937783988 -0.024619633648958261 -0.04672678600090574 -0.022340408358466977 -0.0084937556385106996 0.042827376971701879 0.11876422473010893 0.026625236276949345
leaf_weight=719 352 384 136 670 607 1410 649 236 299 2610 2173 631 484 2105 282 105 520 735 1405
leaf_count=719 352 384 136 670 607 1410 649 236 299 2610 2173 631 484 2105 282 105 520 735 1405
model_size=2160
internal_value=0 -0.0177285 0.0141683 0.103939 -0.0402375 -0.048684 0.081006 0.0644326 -0.00326618 -0.0641422 -0.00104557 0.0830943 0.0138381 -0.0345363 0.0240485 0.0644987 0.0224952 0.102866 0.0325376
internal_weight=0 14106 5836 2406 8270 6732 1736 1356 1538 3217 4480 972 2307 3515 1823 736 819 1087 1541
internal_count=16512 14106 5836 2406 8270 6732 1736 1356 1538 3217 4480 972 2307 3515 1823 736 819 1087 1541
is_linear=0
shrinkage=0.1


Tree=5
num_leaves= 16
num_cat= 0
full_tree_array_lgbids= 0 2 1 5 3 4 6 -1 11 7 8 13 14 10 -8 -2147483648 -2147483648 -7 -13 -4 9 -5 -10 -2 -15 -6 -16 -3 -12 -2147483648 -2147483648 -2147483648 -2147483648 -2147483648 -2147483648 -2147483648 -2147483648 -2147483648 -2147483648 -2147483648 -2147483648 12 -11 -2147483648 -2147483648 -2147483648 -2147483648 -2147483648 -2147483648 -2147483648 -2147483648 -2147483648 -2147483648 -2147483648 -2147483648 -2147483648 -2147483648 -2147483648 -2147483648 -2147483648 -2147483648 -2147483648 -2147483648 -2147483648 -2147483648 -2147483648 -2147483648 -2147483648 -2147483648 -2147483648 -2147483648 -2147483648 -2147483648 -2147483648 -2147483648 -2147483648 -2147483648 -2147483648 -2147483648 -2147483648 -2147483648 -2147483648 -2147483648 -9 -14 -2147483648 -2147483648 -2147483648 -2147483648 -2147483648 -2147483648 -2147483648 -2147483648 -2147483648 -2147483648 -2147483648 -2147483648 -2147483648 -2147483648 -2147483648 -2147483648 -2147483648 -2147483648 -2147483648 -2147483648 -2147483648 -2147483648 -2147483648 -2147483648 -2147483648 -2147483648 -2147483648 -2147483648 -2147483648 -2147483648 -2147483648 -2147483648 -2147483648 -2147483648 -2147483648 -2147483648 -2147483648 -2147483648 -2147483648 -2147483648 -2147483648 -2147483648
split_feature= 1 1 1 6 6 3 1 2 2 7 2 1 8 2 2
split_gain= 2461.7 629.729 421.95 302.29 169.999 83.4841 47.7785 42.3186 28.2211 17.981 16.7282 10.475 8.91184 6.23827 4.7788
threshold= 4.5301500000000017 6.3963500000000009 2.7820000000000005 2.2634687595142249 2.5219735498882589 3.8792159595040387 7.852450000000001 24.500000000000004 47.500000000000007 37.815000000000005 26.500000000000004 1.9486000000000003 -122.40499999999999 21.500000000000004 16.500000000000004
decision_type= 2 2 2 2 2 2 2 2 2 2 2 2 2 2 2
left_child=2 4 5 7 13 -1 10 -4 -5 12 -3 -7 -9 -2 -6
right_child=1 6 3 8 14 11 -8 9 -10 -11 -12 -13 -14 -15 -16
leaf_value= -0.021345432016658103 0.042339433151324567 0.072430452902051162 0.0050306000130528467 -0.021807064729306311 -0.0027582293442475355 -0.077567447141056664 0.1504358152320994 0.15255280719634068 0.02678752813842445 -0.003356341432537074 0.13358747325718212 -0.049004599460323872 0.063565899283573354 0.09963692897916139 0.031329467027258251
leaf_weight=1413 273 491 470 5014 711 1169 609 94 376 138 312 2514 548 574 1806
leaf_count=1413 273 491 470 5014 711 1169 609 94 376 138 312 2514 548 574 1806
model_size=1712
internal_value=0 0.0611868 -0.0249002 -0.00725802 0.0366737 -0.0478876 0.119588 0.0408602 -0.0184172 0.0624499 0.0961926 -0.0580706 0.0765951 0.0811691 0.0217004
internal_weight=0 4776 11736 6640 3364 5096 1412 1250 5390 780 803 3683 642 847 2517
internal_count=16512 4776 11736 6640 3364 5096 1412 1250 5390 780 803 3683 642 847 2517
is_linear=0
shrinkage=0.1


Tree=6
num_leaves= 14
num_cat= 0
full_tree_array_lgbids= 0 1 2 7 3 6 8 -1 -9 4 9 -2 -8 10 -10 -2147483648 -2147483648 -2147483648 -2147483648 5 -6 -5 -11 -2147483648 -2147483648 -2147483648 -2147483648 -4 -12 -2147483648 -2147483648 -2147483648 -2147483648 -2147483648 -2147483648 -2147483648 -2147483648 -2147483648 -2147483648 -3 11 -2147483648 -2147483648 -2147483648 -2147483648 -2147483648 -2147483648 -2147483648 -2147483648 -2147483648 -2147483648 -2147483648 -2147483648 -2147483648 -2147483648 -2147483648 -2147483648 -2147483648 -2147483648 -2147483648 -2147483648 -2147483648 -2147483648 -2147483648 -2147483648 -2147483648 -2147483648 -2147483648 -2147483648 -2147483648 -2147483648 -2147483648 -2147483648 -2147483648 -2147483648 -2147483648 -2147483648 -2147483648 -2147483648 -2147483648 -2147483648 12 -13 -2147483648 -2147483648 -2147483648 -2147483648 -2147483648 -2147483648 -2147483648 -2147483648 -2147483648 -2147483648 -2147483648 -2147483648 -2147483648 -2147483648 -2147483648 -2147483648 -2147483648 -2147483648 -2147483648 -2147483648 -2147483648 -2147483648 -2147483648 -2147483648 -2147483648 -2147483648 -2147483648 -2147483648 -2147483648 -2147483648 -2147483648 -2147483648 -2147483648 -2147483648 -2147483648 -2147483648 -2147483648 -2147483648 -2147483648 -2147483648 -2147483648 -2147483648 -2147483648 -2147483648 -2147483648 -2147483648 -2147483648 -2147483648 -2147483648 -2147483648 -2147483648 -2147483648 -2147483648 -2147483648 -2147483648 -2147483648 -2147483648 -2147483648 -2147483648 -2147483648 -2147483648 -2147483648 -2147483648 -2147483648 -2147483648 -2147483648 -2147483648 -2147483648 -2147483648 -2147483648 -2147483648 -2147483648 -2147483648 -2147483648 -2147483648 -2147483648 -2147483648 -2147483648 -2147483648 -2147483648 -7 -14 -2147483648 -2147483648 -2147483648 -2147483648 -2147483648 -2147483648 -2147483648 -2147483648 -2147483648 -2147483648 -2147483648 -2147483648 -2147483648 -2147483648 -2147483648 -2147483648 -2147483648 -2147483648 -2147483648 -2147483648 -2147483648 -2147483648 -2147483648 -2147483648 -2147483648 -2147483648 -2147483648 -2147483648 -2147483648 -2147483648 -2147483648 -2147483648 -2147483648 -2147483648 -2147483648 -2147483648 -2147483648 -2147483648 -2147483648 -2147483648 -2147483648 -2147483648 -2147483648 -2147483648 -2147483648 -2147483648 -2147483648 -2147483648 -2147483648 -2147483648 -2147483648 -2147483648 -2147483648 -2147483648 -2147483648 -2147483648 -2147483648 -2147483648 -2147483648 -2147483648 -2147483648 -2147483648 -2147483648 -2147483648 -2147483648 -2147483648 -2147483648 -2147483648 -2147483648 -2147483648 -2147483648 -2147483648 -2147483648 -2147483648 -2147483648 -2147483648 -2147483648 -2147483648 -2147483648 -2147483648 -2147483648 -2147483648 -2147483648 -2147483648 -2147483648 -2147483648 -2147483648 -2147483648 -2147483648 -2147483648
split_feature= 1 1 1 6 7 8 6 3 2 1 1 8 7
split_gain= 1996.91 452.82 323.115 282.311 81.414 70.6939 63.0827 59.5163 33.1555 27.0443 12.3504 10.5082 15.2165
threshold= 5.0387000000000013 2.7820000000000005 6.3350000000000009 2.4469862317432325 37.995000000000012 -122.35499999999998 2.5763869593405579 4.2015099382944241 26.500000000000004 3.8346500000000003 9.1688500000000008 -117.145 34.455000000000005
decision_type= 2 2 2 2 2 2 2 2 2 2 2 2 2
left_child=1 7 6 4 5 -3 -2 -1 10 -5 -4 12 -7
right_child=2 3 8 9 -6 11 -8 -9 -10 -11 -12 -13 -14
leaf_value= -0.024586422112207726 0.078268505779353348 0.11506426558258454 0.071851286484161392 -0.026905871391703823 -0.031111448060068339 0.053629372420494953 0.024789750778222729 -0.055436355510987426 0.13462919681083677 -0.0024592120562337352 0.14932070766582337 -0.041880596198687531 0.0090323986141591182
leaf_weight=2038 584 207 700 3011 311 995 1494 3058 635 2646 139 116 578
leaf_count=2038 584 207 700 3011 311 995 1494 3058 635 2646 139 116 578
model_size=1488
internal_value=0 -0.0184634 0.0673665 -0.00249926 0.0307505 0.0408977 0.0398194 -0.0430988 0.106202 -0.0154712 0.0846859 0.0318081 0.0372422
internal_weight=0 12960 3552 7864 2207 1896 2078 5096 1474 5657 839 1689 1573
internal_count=16512 12960 3552 7864 2207 1896 2078 5096 1474 5657 839 1689 1573
is_linear=0
shrinkage=0.1


Tree=7
num_leaves= 13
num_cat= 0
full_tree_array_lgbids= 0 1 3 4 2 7 -5 -1 6 5 -4 -2 -9 -2147483648 -2147483648 -2147483648 -2147483648 11 10 8 -7 -2147483648 -2147483648 -2147483648 -2147483648 -2147483648 -2147483648 -2147483648 -2147483648 -2147483648 -2147483648 -2147483648 -2147483648 -2147483648 -2147483648 -6 -13 -8 -12 -3 9 -2147483648 -2147483648 -2147483648 -2147483648 -2147483648 -2147483648 -2147483648 -2147483648 -2147483648 -2147483648 -2147483648 -2147483648 -2147483648 -2147483648 -2147483648 -2147483648 -2147483648 -2147483648 -2147483648 -2147483648 -2147483648 -2147483648 -2147483648 -2147483648 -2147483648 -2147483648 -2147483648 -2147483648 -2147483648 -2147483648 -2147483648 -2147483648 -2147483648 -2147483648 -2147483648 -2147483648 -2147483648 -2147483648 -2147483648 -2147483648 -10 -11 -2147483648 -2147483648 -2147483648 -2147483648 -2147483648 -2147483648 -2147483648 -2147483648 -2147483648 -2147483648 -2147483648 -2147483648 -2147483648 -2147483648 -2147483648 -2147483648 -2147483648 -2147483648 -2147483648 -2147483648 -2147483648 -2147483648 -2147483648 -2147483648 -2147483648 -2147483648 -2147483648 -2147483648 -2147483648 -2147483648 -2147483648 -2147483648 -2147483648 -2147483648 -2147483648 -2147483648 -2147483648 -2147483648 -2147483648 -2147483648 -2147483648 -2147483648 -2147483648 -2147483648
split_feature= 1 1 6 1 6 7 1 6 2 6 3 3
split_gain= 1617.71 446.21 214.812 160.781 91.5646 56.3707 50.2982 44.877 39.9585 23.7922 20.4075 10.0713
threshold= 5.3736000000000006 3.4883000000000002 2.6829812717770039 7.7055000000000016 2.0376051459673437 37.935000000000009 2.2210000000000005 3.0375944537846187 19.500000000000004 2.0653737590585881 4.9749804381846641 3.4845502266762112
decision_type= 2 2 2 2 2 2 2 2 2 2 2 2
left_child=1 4 5 7 -1 8 11 -2 -3 -10 -8 -6
right_child=3 2 -4 -5 6 -7 10 -9 9 -11 -12 -13
leaf_value= 0.007823799244353306 0.071110416335010071 0.0065643336404404111 -0.010142009202852638 0.12060640488530566 -0.015617313873728975 -0.015962135206154925 -0.014693709708390271 0.024607674792679432 0.10100061242005749 0.044335140168993425 -0.041161728694312512 -0.060160491904883887
leaf_weight=908 1381 523 3333 670 424 384 2582 742 338 1130 2049 2048
leaf_count=908 1381 523 3333 670 424 384 2582 742 338 1130 2049 2048
model_size=1376
internal_value=0 -0.0143792 0.00836322 0.0706297 -0.0305837 0.0343329 -0.0354934 0.0548575 0.0440332 0.0573821 -0.0264046 -0.0525204
internal_weight=0 13719 5708 2793 8011 2375 7103 2123 1991 1468 4631 2472
internal_count=16512 13719 5708 2793 8011 2375 7103 2123 1991 1468 4631 2472
is_linear=0
shrinkage=0.1


Tree=8
num_leaves= 12
num_cat= 0
full_tree_array_lgbids= 0 2 1 7 3 4 8 -1 -9 5 -5 -2 -6 -3 -10 -2147483648 -2147483648 -2147483648 -2147483648 6 -7 -2147483648 -2147483648 -2147483648 -2147483648 -2147483648 -2147483648 -2147483648 -2147483648 -2147483648 -2147483648 -2147483648 -2147483648 -2147483648 -2147483648 -2147483648 -2147483648 -2147483648 -2147483648 -4 9 -2147483648 -2147483648 -2147483648 -2147483648 -2147483648 -2147483648 -2147483648 -2147483648 -2147483648 -2147483648 -2147483648 -2147483648 -2147483648 -2147483648 -2147483648 -2147483648 -2147483648 -2147483648 -2147483648 -2147483648 -2147483648 -2147483648 -2147483648 -2147483648 -2147483648 -2147483648 -2147483648 -2147483648 -2147483648 -2147483648 -2147483648 -2147483648 -2147483648 -2147483648 -2147483648 -2147483648 -2147483648 -2147483648 -2147483648 -2147483648 10 -11 -2147483648 -2147483648 -2147483648 -2147483648 -2147483648 -2147483648 -2147483648 -2147483648 -2147483648 -2147483648 -2147483648 -2147483648 -2147483648 -2147483648 -2147483648 -2147483648 -2147483648 -2147483648 -2147483648 -2147483648 -2147483648 -2147483648 -2147483648 -2147483648 -2147483648 -2147483648 -2147483648 -2147483648 -2147483648 -2147483648 -2147483648 -2147483648 -2147483648 -2147483648 -2147483648 -2147483648 -2147483648 -2147483648 -2147483648 -2147483648 -2147483648 -2147483648 -2147483648 -2147483648 -2147483648 -2147483648 -2147483648 -2147483648 -2147483648 -2147483648 -2147483648 -2147483648 -2147483648 -2147483648 -2147483648 -2147483648 -2147483648 -2147483648 -2147483648 -2147483648 -2147483648 -2147483648 -2147483648 -2147483648 -2147483648 -2147483648 -2147483648 -2147483648 -2147483648 -2147483648 -2147483648 -2147483648 -2147483648 -2147483648 -2147483648 -2147483648 -2147483648 -2147483648 -2147483648 -2147483648 -8 -12 -2147483648 -2147483648 -2147483648 -2147483648 -2147483648 -2147483648 -2147483648 -2147483648 -2147483648 -2147483648 -2147483648 -2147483648 -2147483648 -2147483648 -2147483648 -2147483648 -2147483648 -2147483648 -2147483648 -2147483648 -2147483648 -2147483648 -2147483648 -2147483648 -2147483648 -2147483648 -2147483648 -2147483648 -2147483648 -2147483648 -2147483648 -2147483648 -2147483648 -2147483648 -2147483648 -2147483648 -2147483648 -2147483648 -2147483648 -2147483648 -2147483648 -2147483648 -2147483648 -2147483648 -2147483648 -2147483648 -2147483648 -2147483648 -2147483648 -2147483648 -2147483648 -2147483648 -2147483648 -2147483648 -2147483648 -2147483648 -2147483648 -2147483648 -2147483648 -2147483648 -2147483648 -2147483648 -2147483648 -2147483648 -2147483648 -2147483648 -2147483648 -2147483648 -2147483648 -2147483648 -2147483648 -2147483648 -2147483648 -2147483648 -2147483648 -2147483648 -2147483648 -2147483648 -2147483648 -2147483648 -2147483648 -2147483648 -2147483648 -2147483648 -2147483648 -2147483648 -2147483648 -2147483648 -2147483648 -2147483648
split_feature= 1 1 1 6 6 7 8 3 2 8 7
split_gain= 1329.92 306.269 202.433 166.822 75.0954 37.2331 42.2285 22.8806 8.40318 2.97444 28.3114
threshold= 4.5301500000000017 6.3350000000000009 2.5894500000000007 2.4530432249902163 2.735488224282792 37.965000000000011 -122.40499999999999 3.3654435698213785 21.500000000000004 -117.895 34.155000000000008
decision_type= 2 2 2 2 2 2 2 2 2 2 2
left_child=2 4 7 5 -2 6 -4 -1 -3 10 -8
right_child=1 8 3 -5 -6 -7 9 -9 -10 -11 -12
leaf_value= -0.0024145118673785334 0.051539180304092991 0.061430238469888238 0.10456096069601151 -0.018691096714769269 0.01011538222898511 -0.026959647014208245 0.064882025246714381 -0.043982802966432429 0.10559305576242682 -0.012783608320263843 0.010800769551389068
leaf_weight=565 1343 619 166 5237 1959 383 520 3679 855 418 768
leaf_count=565 1343 619 166 5237 1959 383 520 3679 855 418 768
model_size=1264
internal_value=0 0.0455068 -0.0185191 -0.00722953 0.0269634 0.0193888 0.0288714 -0.0384489 0.0870471 0.0215065 0.0326348
internal_weight=0 4776 11736 7492 3302 2255 1872 4244 1474 1706 1288
internal_count=16512 4776 11736 7492 3302 2255 1872 4244 1474 1706 1288
is_linear=0
shrinkage=0.1


Tree=9
num_leaves= 13
num_cat= 0
full_tree_array_lgbids= 0 2 1 -1 4 3 11 -2147483648 -2147483648 -4 5 10 -5 -3 -13 -2147483648 -2147483648 -2147483648 -2147483648 -2147483648 -2147483648 6 -7 -2 -12 -2147483648 -2147483648 -2147483648 -2147483648 -2147483648 -2147483648 -2147483648 -2147483648 -2147483648 -2147483648 -2147483648 -2147483648 -2147483648 -2147483648 -2147483648 -2147483648 -2147483648 -2147483648 -6 7 -2147483648 -2147483648 -2147483648 -2147483648 -2147483648 -2147483648 -2147483648 -2147483648 -2147483648 -2147483648 -2147483648 -2147483648 -2147483648 -2147483648 -2147483648 -2147483648 -2147483648 -2147483648 -2147483648 -2147483648 -2147483648 -2147483648 -2147483648 -2147483648 -2147483648 -2147483648 -2147483648 -2147483648 -2147483648 -2147483648 -2147483648 -2147483648 -2147483648 -2147483648 -2147483648 -2147483648 -2147483648 -2147483648 -2147483648 -2147483648 -2147483648 -2147483648 -2147483648 -2147483648 9 8 -2147483648 -2147483648 -2147483648 -2147483648 -2147483648 -2147483648 -2147483648 -2147483648 -2147483648 -2147483648 -2147483648 -2147483648 -2147483648 -2147483648 -2147483648 -2147483648 -2147483648 -2147483648 -2147483648 -2147483648 -2147483648 -2147483648 -2147483648 -2147483648 -2147483648 -2147483648 -2147483648 -2147483648 -2147483648 -2147483648 -2147483648 -2147483648 -2147483648 -2147483648 -2147483648 -2147483648 -2147483648 -2147483648 -2147483648 -2147483648 -2147483648 -2147483648 -2147483648 -2147483648 -2147483648 -2147483648 -2147483648 -2147483648 -2147483648 -2147483648 -2147483648 -2147483648 -2147483648 -2147483648 -2147483648 -2147483648 -2147483648 -2147483648 -2147483648 -2147483648 -2147483648 -2147483648 -2147483648 -2147483648 -2147483648 -2147483648 -2147483648 -2147483648 -2147483648 -2147483648 -2147483648 -2147483648 -2147483648 -2147483648 -2147483648 -2147483648 -2147483648 -2147483648 -2147483648 -2147483648 -2147483648 -2147483648 -2147483648 -2147483648 -2147483648 -2147483648 -2147483648 -2147483648 -8 -11 -9 -10 -2147483648 -2147483648 -2147483648 -2147483648 -2147483648 -2147483648 -2147483648 -2147483648 -2147483648 -2147483648 -2147483648 -2147483648 -2147483648 -2147483648 -2147483648 -2147483648 -2147483648 -2147483648 -2147483648 -2147483648 -2147483648 -2147483648 -2147483648 -2147483648 -2147483648 -2147483648 -2147483648 -2147483648 -2147483648 -2147483648 -2147483648 -2147483648 -2147483648 -2147483648 -2147483648 -2147483648 -2147483648 -2147483648 -2147483648 -2147483648 -2147483648 -2147483648 -2147483648 -2147483648 -2147483648 -2147483648 -2147483648 -2147483648 -2147483648 -2147483648 -2147483648 -2147483648 -2147483648 -2147483648 -2147483648 -2147483648 -2147483648 -2147483648 -2147483648 -2147483648 -2147483648 -2147483648 -2147483648 -2147483648 -2147483648 -2147483648 -2147483648 -2147483648 -2147483648 -2147483648 -2147483648 -2147483648
split_feature= 1 1 6 6 1 7 8 7 8 8 2 1
split_gain= 1068.62 308.956 114.538 109.595 58.3121 17.7901 86.6344 8.77287 70.1266 54.6337 4.7696 2.01502
threshold= 4.125700000000001 6.2770500000000009 2.0376051459673437 2.4469862317432325 2.2210000000000005 38.475000000000001 -122.35499999999998 34.455000000000005 -120.09499999999998 -118.30499999999999 16.500000000000004 8.7395500000000013
decision_type= 2 2 2 2 2 2 2 2 2 2 2 2
left_child=2 3 -1 10 -4 6 -6 9 -9 -8 -2 -3
right_child=1 11 4 -5 5 -7 7 8 -10 -11 -12 -13
leaf_value= 0.017128710654322376 0.0077154820288433679 0.065593262893924406 -0.043463671669919872 0.00955369101292417 0.049310884923207218 -0.04590353867269284 0.027575434050207723 -0.016031408002025377 -0.071024888448282003 -0.01790242205900703 0.071269500731776653 0.1143003443052214
leaf_weight=1165 219 1171 2472 3480 361 885 728 1563 620 2718 765 365
leaf_count=1165 219 1171 2472 3480 361 885 728 1563 620 2718 765 365
model_size=1376
internal_value=0 0.0346645 -0.0197857 0.0200398 -0.0243866 -0.0175272 -0.0133348 -0.0173524 -0.0316503 -0.0082948 0.0571249 0.0771675
internal_weight=0 6000 10512 4464 9347 6875 5990 5629 2183 3446 984 1536
internal_count=16512 6000 10512 4464 9347 6875 5990 5629 2183 3446 984 1536
is_linear=0
shrinkage=0.1


Tree=10
num_leaves= 18
num_cat= 0
full_tree_array_lgbids= 0 1 4 3 2 15 -6 13 9 5 -4 -2 -17 -2147483648 -2147483648 14 -15 10 11 6 -7 -2147483648 -2147483648 -2147483648 -2147483648 -2147483648 -2147483648 -2147483648 -2147483648 -2147483648 -2147483648 -1 -16 -2147483648 -2147483648 16 -12 12 -13 7 -8 -2147483648 -2147483648 -2147483648 -2147483648 -2147483648 -2147483648 -2147483648 -2147483648 -2147483648 -2147483648 -2147483648 -2147483648 -2147483648 -2147483648 -2147483648 -2147483648 -2147483648 -2147483648 -2147483648 -2147483648 -2147483648 -2147483648 -2147483648 -2147483648 -2147483648 -2147483648 -2147483648 -2147483648 -2147483648 -2147483648 -5 -18 -2147483648 -2147483648 -11 -14 -2147483648 -2147483648 -3 8 -2147483648 -2147483648 -2147483648 -2147483648 -2147483648 -2147483648 -2147483648 -2147483648 -2147483648 -2147483648 -2147483648 -2147483648 -2147483648 -2147483648 -2147483648 -2147483648 -2147483648 -2147483648 -2147483648 -2147483648 -2147483648 -2147483648 -2147483648 -2147483648 -2147483648 -2147483648 -2147483648 -2147483648 -2147483648 -2147483648 -2147483648 -2147483648 -2147483648 -2147483648 -2147483648 -2147483648 -2147483648 -2147483648 -2147483648 -2147483648 -2147483648 -2147483648 -2147483648 -2147483648 -2147483648 -2147483648 -2147483648 -2147483648 -2147483648 -2147483648 -2147483648 -2147483648 -2147483648 -2147483648 -2147483648 -2147483648 -2147483648 -2147483648 -2147483648 -2147483648 -2147483648 -2147483648 -2147483648 -2147483648 -2147483648 -2147483648 -2147483648 -2147483648 -2147483648 -2147483648 -2147483648 -2147483648 -2147483648 -2147483648 -2147483648 -2147483648 -2147483648 -2147483648 -2147483648 -2147483648 -9 -10 -2147483648 -2147483648 -2147483648 -2147483648 -2147483648 -2147483648 -2147483648 -2147483648 -2147483648 -2147483648 -2147483648 -2147483648 -2147483648 -2147483648 -2147483648 -2147483648 -2147483648 -2147483648 -2147483648 -2147483648 -2147483648 -2147483648 -2147483648 -2147483648 -2147483648 -2147483648 -2147483648 -2147483648 -2147483648 -2147483648 -2147483648 -2147483648 -2147483648 -2147483648 -2147483648 -2147483648 -2147483648 -2147483648 -2147483648 -2147483648 -2147483648 -2147483648 -2147483648 -2147483648 -2147483648 -2147483648 -2147483648 -2147483648 -2147483648 -2147483648 -2147483648 -2147483648 -2147483648 -2147483648 -2147483648 -2147483648 -2147483648 -2147483648 -2147483648 -2147483648 -2147483648 -2147483648 -2147483648 -2147483648 -2147483648 -2147483648 -2147483648 -2147483648 -2147483648 -2147483648 -2147483648 -2147483648 -2147483648 -2147483648 -2147483648 -2147483648 -2147483648 -2147483648 -2147483648 -2147483648 -2147483648 -2147483648 -2147483648 -2147483648 -2147483648 -2147483648 -2147483648 -2147483648 -2147483648 -2147483648 -2147483648 -2147483648
split_feature= 1 1 6 6 1 7 8 7 8 7 8 8 7 7 8 6 6
split_gain= 876.352 253.384 100.18 46.2047 34.2972 22.9825 15.9999 16.3347 15.5783 10.3824 24.6121 22.6191 20.1425 4.29617 9.5206 2.77315 2.7013
threshold= 5.6042500000000013 3.6530500000000008 2.8273651247857257 2.2982753493904258 7.852450000000001 37.935000000000009 -118.22499999999998 34.165000000000006 -122.29499999999999 34.455000000000005 -117.79499999999999 -121.675 37.895000000000003 37.935000000000009 -118.13499999999998 2.5949646725452555 3.442186331338819
decision_type= 2 2 2 2 2 2 2 2 2 2 2 2 2 2 2 2 2
left_child=1 3 5 13 15 6 7 -3 -9 10 16 12 -11 14 -1 -2 -5
right_child=4 2 -4 9 -6 -7 -8 8 -10 11 -12 -13 -14 -15 -16 -17 -18
leaf_value= 0.027968405917119916 0.077429970292805073 0.089094212472826867 -0.0088509726609970439 0.011624935872433788 0.092865040973868773 -0.014011666905471171 0.0096882601975275384 0.08709571237206204 0.020340647712967591 0.0092786396246424922 -0.040760381403299628 -0.050983635000404884 -0.041819763163163687 -0.034960616191277626 -0.020024699875305058 0.033802289132104361 -0.022829414597072176
leaf_weight=919 501 375 2601 1148 609 457 856 234 853 623 1098 2097 710 440 515 1296 1180
leaf_count=919 501 375 2601 1148 609 457 856 234 853 623 1098 2097 710 440 515 1296 1180
model_size=1936
internal_value=0 -0.00986495 0.00930241 -0.0216684 0.0578367 0.0263175 0.0342685 0.0486603 0.0347111 -0.0275922 -0.017031 -0.0381411 -0.0179381 4.04134e-06 0.0107324 0.0459656 -0.00583904
internal_weight=0 14106 5376 8730 2406 2775 2318 1462 1087 6856 3426 3430 1333 1874 1434 1797 2328
internal_count=16512 14106 5376 8730 2406 2775 2318 1462 1087 6856 3426 3430 1333 1874 1434 1797 2328
is_linear=0
shrinkage=0.1


Tree=11
num_leaves= 11
num_cat= 0
full_tree_array_lgbids= 0 2 1 3 -4 5 -3 4 -5 -2147483648 -2147483648 -2 -7 -2147483648 -2147483648 -1 6 -2147483648 -2147483648 -2147483648 -2147483648 -2147483648 -2147483648 -2147483648 -2147483648 -2147483648 -2147483648 -2147483648 -2147483648 -2147483648 -2147483648 -2147483648 -2147483648 7 -8 -2147483648 -2147483648 -2147483648 -2147483648 -2147483648 -2147483648 -2147483648 -2147483648 -2147483648 -2147483648 -2147483648 -2147483648 -2147483648 -2147483648 -2147483648 -2147483648 -2147483648 -2147483648 -2147483648 -2147483648 -2147483648 -2147483648 -2147483648 -2147483648 -2147483648 -2147483648 -2147483648 -2147483648 -2147483648 -2147483648 -2147483648 -2147483648 9 8 -2147483648 -2147483648 -2147483648 -2147483648 -2147483648 -2147483648 -2147483648 -2147483648 -2147483648 -2147483648 -2147483648 -2147483648 -2147483648 -2147483648 -2147483648 -2147483648 -2147483648 -2147483648 -2147483648 -2147483648 -2147483648 -2147483648 -2147483648 -2147483648 -2147483648 -2147483648 -2147483648 -2147483648 -2147483648 -2147483648 -2147483648 -2147483648 -2147483648 -2147483648 -2147483648 -2147483648 -2147483648 -2147483648 -2147483648 -2147483648 -2147483648 -2147483648 -2147483648 -2147483648 -2147483648 -2147483648 -2147483648 -2147483648 -2147483648 -2147483648 -2147483648 -2147483648 -2147483648 -2147483648 -2147483648 -2147483648 -2147483648 -2147483648 -2147483648 -2147483648 -2147483648 -2147483648 -2147483648 -2147483648 -2147483648 -2147483648 -6 -11 -9 -10 -2147483648 -2147483648 -2147483648 -2147483648 -2147483648 -2147483648 -2147483648 -2147483648 -2147483648 -2147483648 -2147483648 -2147483648 -2147483648 -2147483648 -2147483648 -2147483648 -2147483648 -2147483648 -2147483648 -2147483648 -2147483648 -2147483648 -2147483648 -2147483648 -2147483648 -2147483648 -2147483648 -2147483648 -2147483648 -2147483648 -2147483648 -2147483648 -2147483648 -2147483648 -2147483648 -2147483648 -2147483648 -2147483648 -2147483648 -2147483648 -2147483648 -2147483648 -2147483648 -2147483648 -2147483648 -2147483648 -2147483648 -2147483648 -2147483648 -2147483648 -2147483648 -2147483648 -2147483648 -2147483648 -2147483648 -2147483648 -2147483648 -2147483648 -2147483648 -2147483648 -2147483648 -2147483648 -2147483648 -2147483648 -2147483648 -2147483648 -2147483648 -2147483648 -2147483648 -2147483648 -2147483648 -2147483648 -2147483648 -2147483648 -2147483648 -2147483648 -2147483648 -2147483648 -2147483648 -2147483648 -2147483648 -2147483648 -2147483648 -2147483648 -2147483648 -2147483648 -2147483648 -2147483648 -2147483648 -2147483648 -2147483648 -2147483648 -2147483648 -2147483648 -2147483648 -2147483648 -2147483648 -2147483648 -2147483648 -2147483648 -2147483648 -2147483648 -2147483648 -2147483648 -2147483648 -2147483648 -2147483648 -2147483648 -2147483648 -2147483648 -2147483648 -2147483648 -2147483648 -2147483648 -2147483648 -2147483648
split_feature= 1 1 6 7 8 6 8 7 8 8
split_gain= 705.588 112.093 103.823 117.457 90.3424 34.511 24.6988 52.6369 89.2807 40.5298
threshold= 4.6754000000000007 6.8672000000000013 2.8079590171801518 37.945000000000007 -122.35499999999998 2.3578464509898605 -117.145 34.455000000000005 -120.56499999999998 -118.35499999999998
decision_type= 2 2 2 2 2 2 2 2 2 2
left_child=2 5 3 4 -1 -2 7 9 -9 -6
right_child=1 -3 -4 -5 6 -7 -8 8 -10 -11
leaf_value= 0.079859514773845119 0.067539244993371925 0.072502860267979072 -0.025066701643797269 -0.03035120556777305 0.062246528221633173 0.017453888114661812 -0.035455578744324048 0.010328711226112848 -0.058704914468871952 0.011442276823553824
leaf_weight=299 483 1040 6008 1616 584 2856 522 1043 489 1572
leaf_count=299 483 1040 6008 1616 584 2856 522 1043 489 1572
model_size=1152
internal_value=0 0.0360522 -0.0130118 -0.00118726 0.00926493 0.0246989 0.0042512 0.00987131 -0.0117062 0.0252037
internal_weight=0 4379 12133 6125 4509 3339 4210 3688 1532 2156
internal_count=16512 4379 12133 6125 4509 3339 4210 3688 1532 2156
is_linear=0
shrinkage=0.1


Tree=12
num_leaves= 7
num_cat= 0
full_tree_array_lgbids= 0 1 3 -1 2 -2 -5 -2147483648 -2147483648 4 -4 -2147483648 -2147483648 -2147483648 -2147483648 -2147483648 -2147483648 -2147483648 -2147483648 -3 5 -2147483648 -2147483648 -2147483648 -2147483648 -2147483648 -2147483648 -2147483648 -2147483648 -2147483648 -2147483648 -2147483648 -2147483648 -2147483648 -2147483648 -2147483648 -2147483648 -2147483648 -2147483648 -2147483648 -2147483648 -6 -7 -2147483648 -2147483648 -2147483648 -2147483648 -2147483648 -2147483648 -2147483648 -2147483648 -2147483648 -2147483648 -2147483648 -2147483648 -2147483648 -2147483648 -2147483648 -2147483648 -2147483648 -2147483648 -2147483648 -2147483648
split_feature= 1 1 6 2 2 6
split_gain= 566.545 152.442 65.5468 13.56 4.56557 9.35699
threshold= 5.6042500000000013 3.3277500000000004 2.8024658054711251 27.500000000000004 16.500000000000004 2.0653737590585881
decision_type= 2 2 2 2 2 2
left_child=1 -1 4 -2 -3 -6
right_child=3 2 -4 -5 5 -7
leaf_value= -0.020045329677026529 0.03254038962208182 -0.0097661833594208537 -0.0092966386692297752 0.070949499538210822 0.064487868314436647 0.018969768718252587
leaf_weight=7430 1464 708 3303 942 473 2192
leaf_count=7430 1464 708 3303 942 473 2192
model_size=704
internal_value=0 -0.00811524 0.00516226 0.0475784 0.0193211 0.0270486
internal_weight=0 14106 6676 2406 3373 2665
internal_count=16512 14106 6676 2406 3373 2665
is_linear=0
shrinkage=0.1


Tree=13
num_leaves= 6
num_cat= 0
full_tree_array_lgbids= 0 2 1 -1 4 3 -3 -2147483648 -2147483648 -4 -6 -2 -5 -2147483648 -2147483648
split_feature= 1 1 1 6 6
split_gain= 456.109 102.024 33.3971 27.4247 26.3047
threshold= 4.125700000000001 6.3963500000000009 2.2336500000000004 2.3055777777777782 2.0376051459673437
decision_type= 2 2 2 2 2
left_child=2 3 -1 -2 -4
right_child=1 -3 4 -5 -6
leaf_value= -0.029956401706675448 0.050000410280400476 0.054384465936341164 0.024742119018666481 0.0081584910995663399 -0.011406907704155065
leaf_weight=2846 665 1412 848 3923 6818
leaf_count=2846 665 1412 848 3923 6818
model_size=592
internal_value=0 0.0236745 -0.0135128 0.0142232 -0.00740816
internal_weight=0 6000 10512 4588 7666
internal_count=16512 6000 10512 4588 7666
is_linear=0
shrinkage=0.1


Tree=14
num_leaves= 7
num_cat= 0
full_tree_array_lgbids= 0 1 4 2 -3 5 -6 3 -4 -2147483648 -2147483648 -2 -7 -2147483648 -2147483648 -1 -5 -2147483648 -2147483648 -2147483648 -2147483648 -2147483648 -2147483648 -2147483648 -2147483648 -2147483648 -2147483648 -2147483648 -2147483648 -2147483648 -2147483648
split_feature= 1 6 7 8 1 2
split_gain= 362.031 44.738 41.7611 45.4497 37.7068 11.5282
threshold= 4.6271500000000012 2.5949646725452555 37.895000000000003 -122.31499999999998 7.2638000000000007 26.500000000000004
decision_type= 2 2 2 2 2 2
left_child=1 2 3 -1 5 -2
right_child=4 -3 -4 -5 -6 -7
leaf_value= 0.079178146708017663 0.0051616111013110706 -0.01763360272729457 -0.023597174200617722 0.0071047038025812657 0.058939427059428423 0.035807410100626207
leaf_weight=247 2016 7499 1205 3052 854 1639
leaf_count=247 2016 7499 1205 3052 854 1639
model_size=704
internal_value=0 -0.00994988 0.00284324 0.0125009 0.0264867 0.018904
internal_weight=0 12003 4504 3299 4509 3655
internal_count=16512 12003 4504 3299 4509 3655
is_linear=0
shrinkage=0.1


Tree=15
num_leaves= 7
num_cat= 0
full_tree_array_lgbids= 0 1 -2 -1 2 -2147483648 -2147483648 -2147483648 -2147483648 -3 3 -2147483648 -2147483648 -2147483648 -2147483648 -2147483648 -2147483648 -2147483648 -2147483648 -2147483648 -2147483648 4 -5 -2147483648 -2147483648 -2147483648 -2147483648 -2147483648 -2147483648 -2147483648 -2147483648 -2147483648 -2147483648 -2147483648 -2147483648 -2147483648 -2147483648 -2147483648 -2147483648 -2147483648 -2147483648 -2147483648 -2147483648 5 -6 -2147483648 -2147483648 -2147483648 -2147483648 -2147483648 -2147483648 -2147483648 -2147483648 -2147483648 -2147483648 -2147483648 -2147483648 -2147483648 -2147483648 -2147483648 -2147483648 -2147483648 -2147483648 -2147483648 -2147483648 -2147483648 -2147483648 -2147483648 -2147483648 -2147483648 -2147483648 -2147483648 -2147483648 -2147483648 -2147483648 -2147483648 -2147483648 -2147483648 -2147483648 -2147483648 -2147483648 -2147483648 -2147483648 -2147483648 -2147483648 -2147483648 -2147483648 -4 -7 -2147483648 -2147483648 -2147483648 -2147483648 -2147483648 -2147483648 -2147483648 -2147483648 -2147483648 -2147483648 -2147483648 -2147483648 -2147483648 -2147483648 -2147483648 -2147483648 -2147483648 -2147483648 -2147483648 -2147483648 -2147483648 -2147483648 -2147483648 -2147483648 -2147483648 -2147483648 -2147483648 -2147483648 -2147483648 -2147483648 -2147483648 -2147483648 -2147483648 -2147483648 -2147483648 -2147483648 -2147483648 -2147483648
split_feature= 1 1 8 7 8 6
split_gain= 292.604 77.1667 41.3327 53.8295 72.5861 26.6111
threshold= 5.8308000000000009 2.8762500000000002 -122.35499999999998 37.635000000000012 -117.79499999999999 2.9137341371666818
decision_type= 2 2 2 2 2 2
left_child=1 -1 -3 4 5 -4
right_child=-2 2 3 -5 -6 -7
leaf_value= -0.018880614426129635 0.039112094854184647 0.038231671695495649 0.02605986885109975 -0.025863155212529916 -0.022323916847855313 -0.0025905709107710562
leaf_weight=5422 2094 814 2775 1687 1505 2215
leaf_count=5422 2094 814 2775 1687 1505 2215
model_size=704
internal_value=0 -0.00568045 0.00227545 -0.00130171 0.00507783 0.0133423
internal_weight=0 14418 8996 8182 6495 4990
internal_count=16512 14418 8996 8182 6495 4990
is_linear=0
shrinkage=0.1


Tree=16
num_leaves= 5
num_cat= 0
full_tree_array_lgbids= 0 -1 1 -2147483648 -2147483648 2 -3 -2147483648 -2147483648 -2147483648 -2147483648 3 -4 -2147483648 -2147483648 -2147483648 -2147483648 -2147483648 -2147483648 -2147483648 -2147483648 -2147483648 -2147483648 -2 -5 -2147483648 -2147483648 -2147483648 -2147483648 -2147483648 -2147483648
split_feature= 1 6 7 8
split_gain= 235.785 45.3314 38.4655 20.1033
threshold= 3.8346500000000003 3.1336552646136835 37.965000000000011 -117.85499999999998
decision_type= 2 2 2 2
left_child=-1 2 3 -2
right_child=1 -3 -4 -5
leaf_value= -0.011863480305045779 0.036750581963110325 -0.0055055670909373161 -0.01534557769067299 -8.4947487225277164e-06
leaf_weight=9454 3610 1921 647 880
leaf_count=9454 3610 1921 647 880
model_size=480
internal_value=0 0.0158908 0.0238921 0.0295461
internal_weight=0 7058 5137 4490
internal_count=16512 7058 5137 4490
is_linear=0
shrinkage=0.1


Tree=17
num_leaves= 10
num_cat= 0
full_tree_array_lgbids= 0 1 -2 2 -3 -2147483648 -2147483648 -1 3 -2147483648 -2147483648 -2147483648 -2147483648 -2147483648 -2147483648 -2147483648 -2147483648 4 -5 -2147483648 -2147483648 -2147483648 -2147483648 -2147483648 -2147483648 -2147483648 -2147483648 -2147483648 -2147483648 -2147483648 -2147483648 -2147483648 -2147483648 -2147483648 -2147483648 5 8 -2147483648 -2147483648 -2147483648 -2147483648 -2147483648 -2147483648 -2147483648 -2147483648 -2147483648 -2147483648 -2147483648 -2147483648 -2147483648 -2147483648 -2147483648 -2147483648 -2147483648 -2147483648 -2147483648 -2147483648 -2147483648 -2147483648 -2147483648 -2147483648 -2147483648 -2147483648 -2147483648 -2147483648 -2147483648 -2147483648 -2147483648 -2147483648 -2147483648 -2147483648 7 6 -6 -10 -2147483648 -2147483648 -2147483648 -2147483648 -2147483648 -2147483648 -2147483648 -2147483648 -2147483648 -2147483648 -2147483648 -2147483648 -2147483648 -2147483648 -2147483648 -2147483648 -2147483648 -2147483648 -2147483648 -2147483648 -2147483648 -2147483648 -2147483648 -2147483648 -2147483648 -2147483648 -2147483648 -2147483648 -2147483648 -2147483648 -2147483648 -2147483648 -2147483648 -2147483648 -2147483648 -2147483648 -2147483648 -2147483648 -2147483648 -2147483648 -2147483648 -2147483648 -2147483648 -2147483648 -2147483648 -2147483648 -2147483648 -2147483648 -2147483648 -2147483648 -2147483648 -2147483648 -2147483648 -2147483648 -2147483648 -2147483648 -2147483648 -2147483648 -2147483648 -2147483648 -2147483648 -2147483648 -2147483648 -2147483648 -2147483648 -2147483648 -2147483648 -2147483648 -4 -9 -7 -8 -2147483648 -2147483648 -2147483648 -2147483648 -2147483648 -2147483648 -2147483648 -2147483648 -2147483648 -2147483648 -2147483648 -2147483648 -2147483648 -2147483648 -2147483648 -2147483648 -2147483648 -2147483648 -2147483648 -2147483648 -2147483648 -2147483648 -2147483648 -2147483648 -2147483648 -2147483648 -2147483648 -2147483648 -2147483648 -2147483648 -2147483648 -2147483648 -2147483648 -2147483648 -2147483648 -2147483648 -2147483648 -2147483648 -2147483648 -2147483648 -2147483648 -2147483648 -2147483648 -2147483648 -2147483648 -2147483648 -2147483648 -2147483648 -2147483648 -2147483648 -2147483648 -2147483648 -2147483648 -2147483648 -2147483648 -2147483648 -2147483648 -2147483648 -2147483648 -2147483648 -2147483648 -2147483648 -2147483648 -2147483648 -2147483648 -2147483648 -2147483648 -2147483648 -2147483648 -2147483648 -2147483648 -2147483648 -2147483648 -2147483648 -2147483648 -2147483648 -2147483648 -2147483648 -2147483648 -2147483648 -2147483648 -2147483648 -2147483648 -2147483648 -2147483648 -2147483648 -2147483648 -2147483648 -2147483648 -2147483648 -2147483648 -2147483648 -2147483648 -2147483648 -2147483648 -2147483648 -2147483648 -2147483648 -2147483648 -2147483648 -2147483648 -2147483648 -2147483648 -2147483648 -2147483648 -2147483648 -2147483648 -2147483648
split_feature= 1 7 8 6 8 7 8 8 7
split_gain= 190.225 49.4358 121.996 47.0939 8.57293 74.7445 119.829 2.68525 1.77029
threshold= 5.8308000000000009 37.925000000000004 -122.31499999999998 3.0375944537846187 -117.77499999999999 34.655000000000008 -120.56499999999998 -118.36499999999999 33.565000000000005
decision_type= 2 2 2 2 2 2 2 2 2
left_child=1 2 -1 4 5 7 -7 -4 -6
right_child=-2 -3 3 -5 8 6 -8 -9 -10
leaf_value= 0.056227341367280449 0.033334374382752233 -0.02414264874491516 0.053117974941766913 -0.015614078177923835 0.004935346373608443 0.012066872930559887 -0.053937009522487644 0.016321535071755874 -0.040618013299272976
leaf_weight=589 2094 2734 856 4708 870 1520 640 1837 664
leaf_count=589 2094 2734 856 4708 870 1520 640 1837 664
model_size=1040
internal_value=0 -0.00484132 -0.000324904 -0.00332709 0.00572992 0.0122138 -0.00748983 0.0280177 -0.0147827
internal_weight=0 14418 11684 11095 6387 4853 2160 2693 1534
internal_count=16512 14418 11684 11095 6387 4853 2160 2693 1534
is_linear=0
shrinkage=0.1


Tree=18
num_leaves= 9
num_cat= 0
full_tree_array_lgbids= 0 1 -2 2 -3 -2147483648 -2147483648 -1 3 -2147483648 -2147483648 -2147483648 -2147483648 -2147483648 -2147483648 -2147483648 -2147483648 4 -5 -2147483648 -2147483648 -2147483648 -2147483648 -2147483648 -2147483648 -2147483648 -2147483648 -2147483648 -2147483648 -2147483648 -2147483648 -2147483648 -2147483648 -2147483648 -2147483648 6 5 -2147483648 -2147483648 -2147483648 -2147483648 -2147483648 -2147483648 -2147483648 -2147483648 -2147483648 -2147483648 -2147483648 -2147483648 -2147483648 -2147483648 -2147483648 -2147483648 -2147483648 -2147483648 -2147483648 -2147483648 -2147483648 -2147483648 -2147483648 -2147483648 -2147483648 -2147483648 -2147483648 -2147483648 -2147483648 -2147483648 -2147483648 -2147483648 -2147483648 -2147483648 -4 -8 7 -7 -2147483648 -2147483648 -2147483648 -2147483648 -2147483648 -2147483648 -2147483648 -2147483648 -2147483648 -2147483648 -2147483648 -2147483648 -2147483648 -2147483648 -2147483648 -2147483648 -2147483648 -2147483648 -2147483648 -2147483648 -2147483648 -2147483648 -2147483648 -2147483648 -2147483648 -2147483648 -2147483648 -2147483648 -2147483648 -2147483648 -2147483648 -2147483648 -2147483648 -2147483648 -2147483648 -2147483648 -2147483648 -2147483648 -2147483648 -2147483648 -2147483648 -2147483648 -2147483648 -2147483648 -2147483648 -2147483648 -2147483648 -2147483648 -2147483648 -2147483648 -2147483648 -2147483648 -2147483648 -2147483648 -2147483648 -2147483648 -2147483648 -2147483648 -2147483648 -2147483648 -2147483648 -2147483648 -2147483648 -2147483648 -2147483648 -2147483648 -2147483648 -2147483648 -2147483648 -2147483648 -2147483648 -2147483648 -6 -9 -2147483648 -2147483648 -2147483648 -2147483648 -2147483648 -2147483648 -2147483648 -2147483648 -2147483648 -2147483648 -2147483648 -2147483648 -2147483648 -2147483648 -2147483648 -2147483648 -2147483648 -2147483648 -2147483648 -2147483648 -2147483648 -2147483648 -2147483648 -2147483648 -2147483648 -2147483648 -2147483648 -2147483648 -2147483648 -2147483648 -2147483648 -2147483648 -2147483648 -2147483648 -2147483648 -2147483648 -2147483648 -2147483648 -2147483648 -2147483648 -2147483648 -2147483648 -2147483648 -2147483648 -2147483648 -2147483648 -2147483648 -2147483648 -2147483648 -2147483648 -2147483648 -2147483648 -2147483648 -2147483648 -2147483648 -2147483648 -2147483648 -2147483648 -2147483648 -2147483648 -2147483648 -2147483648 -2147483648 -2147483648 -2147483648 -2147483648 -2147483648 -2147483648 -2147483648 -2147483648 -2147483648 -2147483648 -2147483648 -2147483648 -2147483648 -2147483648 -2147483648 -2147483648 -2147483648 -2147483648 -2147483648 -2147483648 -2147483648 -2147483648 -2147483648 -2147483648 -2147483648 -2147483648 -2147483648 -2147483648 -2147483648 -2147483648 -2147483648 -2147483648 -2147483648 -2147483648 -2147483648 -2147483648 -2147483648 -2147483648 -2147483648 -2147483648 -2147483648 -2147483648 -2147483648 -2147483648
split_feature= 1 7 8 6 7 8 8 7
split_gain= 142.443 15.9493 82.8012 11.1516 2.77147 55.578 55.2813 18.7698
threshold= 5.2771000000000017 38.475000000000001 -122.35499999999998 3.0973600929976173 34.455000000000005 -119.94499999999998 -118.27499999999999 37.595000000000006
decision_type= 2 2 2 2 2 2 2 2
left_child=1 2 -1 4 6 7 -4 -6
right_child=-2 -3 3 -5 5 -7 -8 -9
leaf_value= 0.041416464894119411 0.024599787159497403 -0.028138608564198583 0.036882895329187863 -0.016676717149230209 0.025941296441386198 -0.050591060377212886 -0.0020079714749679021 -0.016900618310471245
leaf_weight=783 2983 1603 1317 4322 897 661 2663 1283
leaf_count=783 2983 1603 1317 4322 897 661 2663 1283
model_size=928
internal_value=0 -0.00542399 -0.00237087 -0.00544773 0.00166731 -0.0112125 0.0108612 0.000727454
internal_weight=0 13529 11926 11143 6821 2841 3980 2180
internal_count=16512 13529 11926 11143 6821 2841 3980 2180
is_linear=0
shrinkage=0.1


Tree=19
num_leaves= 3
num_cat= 0
full_tree_array_lgbids= 0 1 -2 -1 -3 -2147483648 -2147483648
split_feature= 1 1
split_gain= 102.399 10.6973
threshold= 5.8308000000000009 2.3096500000000004
decision_type= 2 2
left_child=1 -1
right_child=-2 -3
leaf_value= -0.019032554088842427 0.027540958181927346 0.00016161862273847863
leaf_weight=3126 2094 11292
leaf_count=3126 2094 11292
model_size=256
internal_value=0 -0.00399991
internal_weight=0 14418
internal_count=16512 14418
is_linear=0
shrinkage=0.1


Tree=20
num_leaves= 3
num_cat= 0
full_tree_array_lgbids= 0 -1 1 -2147483648 -2147483648 -2 -3
split_feature= 1 2
split_gain= 76.7104 10.167
threshold= 3.8346500000000003 17.500000000000004
decision_type= 2 2
left_child=-1 -2
right_child=1 -3
leaf_value= -0.008417480829445002 -0.0065070845639265259 0.018459270443468578
leaf_weight=9454 2031 5027
leaf_count=9454 2031 5027
model_size=256
internal_value=0 0.011275
internal_weight=0 7058
internal_count=16512 7058
is_linear=0
shrinkage=0.1


Tree=21
num_leaves= 6
num_cat= 0
full_tree_array_lgbids= 0 1 -2 2 -3 -2147483648 -2147483648 -1 3 -2147483648 -2147483648 -2147483648 -2147483648 -2147483648 -2147483648 -2147483648 -2147483648 4 -5 -2147483648 -2147483648 -2147483648 -2147483648 -2147483648 -2147483648 -2147483648 -2147483648 -2147483648 -2147483648 -2147483648 -2147483648 -2147483648 -2147483648 -2147483648 -2147483648 -4 -6 -2147483648 -2147483648 -2147483648 -2147483648 -2147483648 -2147483648 -2147483648 -2147483648 -2147483648 -2147483648 -2147483648 -2147483648 -2147483648 -2147483648 -2147483648 -2147483648 -2147483648 -2147483648 -2147483648 -2147483648 -2147483648 -2147483648 -2147483648 -2147483648 -2147483648 -2147483648
split_feature= 1 7 8 7 8
split_gain= 54.5304 3.27668 57.3102 164.715 90.2044
threshold= 5.8308000000000009 37.925000000000004 -121.46499999999999 35.335000000000008 -118.29499999999999
decision_type= 2 2 2 2 2
left_child=1 2 -1 4 -4
right_child=-2 -3 3 -5 -6
leaf_value= 0.022160138211876415 0.023729032686326226 -0.019204452130258204 0.025892255352300542 -0.042252680291784882 -0.0071268994904532786
leaf_weight=2303 2094 2734 2157 1497 5727
leaf_count=2303 2094 2734 2157 1497 5727
model_size=592
internal_value=0 -0.00344629 0.000241046 -0.00514001 0.00190688
internal_weight=0 14418 11684 9381 7884
internal_count=16512 14418 11684 9381 7884
is_linear=0
shrinkage=0.1


Tree=22
num_leaves= 5
num_cat= 0
full_tree_array_lgbids= 0 1 -2 2 -3 -2147483648 -2147483648 3 -4 -2147483648 -2147483648 -2147483648 -2147483648 -2147483648 -2147483648 -1 -5 -2147483648 -2147483648 -2147483648 -2147483648 -2147483648 -2147483648 -2147483648 -2147483648 -2147483648 -2147483648 -2147483648 -2147483648 -2147483648 -2147483648
split_feature= 1 6 7 8
split_gain= 31.7954 2.80446 9.56495 5.17071
threshold= 6.5626000000000007 2.8396278889382178 38.475000000000001 -122.35499999999998
decision_type= 2 2 2 2
left_child=1 2 3 -1
right_child=-2 -3 -4 -5
leaf_value= 0.045195065532903513 0.028462493878543223 -0.010079894260525723 -0.020660769664210734 0.0057316652292260144
leaf_weight=614 1288 7380 1192 6038
leaf_count=614 1288 7380 1192 6038
model_size=480
internal_value=0 -0.00240802 0.00481004 0.00937426
internal_weight=0 15224 7844 6652
internal_count=16512 15224 7844 6652
is_linear=0
shrinkage=0.1


Tree=23
num_leaves= 6
num_cat= 0
full_tree_array_lgbids= 0 1 -2 2 3 -2147483648 -2147483648 -1 -4 4 -5 -2147483648 -2147483648 -2147483648 -2147483648 -2147483648 -2147483648 -2147483648 -2147483648 -3 -6 -2147483648 -2147483648 -2147483648 -2147483648 -2147483648 -2147483648 -2147483648 -2147483648 -2147483648 -2147483648
split_feature= 7 8 6 7 8
split_gain= 18.4598 70.5011 26.1587 1.81707 18.0414
threshold= 37.925000000000004 -117.75499999999998 3.102783329035586 33.565000000000005 -117.145
decision_type= 2 2 2 2 2
left_child=1 2 -1 4 -3
right_child=-2 3 -4 -5 -6
leaf_value= 0.016637704122276872 -0.016983879354760915 0.031115190860191821 -0.0040555520954976302 -0.035923369202350459 -0.022175954595828617
leaf_weight=6819 2882 587 4034 1298 892
leaf_count=6819 2882 587 4034 1298 892
model_size=592
internal_value=0 0.00359116 0.00894614 -0.017337 -0.00102524
internal_weight=0 13630 10853 2777 1479
internal_count=16512 13630 10853 2777 1479
is_linear=0
shrinkage=0.1


Tree=24
num_leaves= 2
num_cat= 0
full_tree_array_lgbids= 0 -1 -2
split_feature= 1
split_gain= 8.74446
threshold= 8.0125000000000011
decision_type= 2
left_child=-1
right_child=-2
leaf_value= -0.0013829307043023704 0.040286688651315135
leaf_weight=15964 548
leaf_count=15964 548
model_size=144
internal_value=0
internal_weight=0
internal_count=16512
is_linear=0
shrinkage=0.1


Tree=25
num_leaves= 2
num_cat= 0
full_tree_array_lgbids= 0 -1 -2
split_feature= 1
split_gain= 1.93229
threshold= 3.9221500000000007
decision_type= 2
left_child=-1
right_child=-2
leaf_value= -0.0060111810995885822 0.0086198069427929486
leaf_weight=9728 6784
leaf_count=9728 6784
model_size=144
internal_value=0
internal_weight=0
internal_count=16512
is_linear=0
shrinkage=0.1


end of trees

feature_importances:
Column_1=83
Column_8=66
Column_6=65
Column_7=61
Column_2=37
Column_3=12
Column_5=2
Column_4=1

parameters:
[boosting: gbdt]
[objective: regression]
[metric: rmse]
[tree_learner: serial]
[device_type: cpu]
[data_sample_strategy: bagging]
[data: data/california_housing.libsvm.train]
[valid: data/california_housing.libsvm.test]
[num_iterations: 1000]
[learning_rate: 0.1]
[num_leaves: 255]
[num_threads: 0]
[seed: 42]
[deterministic: 0]
[force_col_wise: 0]
[force_row_wise: 0]
[histogram_pool_size: -1]
[max_depth: 7]
[min_data_in_leaf: 10]
[min_sum_hessian_in_leaf: 0.001]
[bagging_fraction: 1]
[pos_bagging_fraction: 1]
[neg_bagging_fraction: 1]
[bagging_freq: 0]
[bagging_seed: 400]
[feature_fraction: 1]
[feature_fraction_bynode: 1]
[feature_fraction_seed: 30056]
[extra_trees: 0]
[extra_seed: 12879]
[early_stopping_round: 0]
[early_stopping_min_delta: 0]
[first_metric_only: 0]
[max_delta_step: 0]
[lambda_l1: 0]
[lambda_l2: 0]
[linear_lambda: 0]
[min_gain_to_split: 0]
[drop_rate: 0.1]
[max_drop: 50]
[skip_drop: 0.5]
[xgboost_dart_mode: 0]
[uniform_drop: 0]
[drop_seed: 17869]
[top_rate: 0.2]
[other_rate: 0.1]
[min_data_per_group: 100]
[max_cat_threshold: 32]
[cat_l2: 10]
[cat_smooth: 10]
[max_cat_to_onehot: 4]
[top_k: 20]
[monotone_constraints: ]
[monotone_constraints_method: basic]
[monotone_penalty: 0]
[feature_contri: ]
[forcedsplits_filename: ]
[refit_decay_rate: 0.9]
[tinygbdt_penalty_feature: 2]
[tinygbdt_penalty_split: 0.125]
[tinygbdt_forestsize: 64000]
[tinygbdt_precision: 7]
[cegb_tradeoff: 1]
[cegb_penalty_split: 0]
[cegb_penalty_feature_lazy: ]
[cegb_penalty_feature_coupled: ]
[path_smooth: 0]
[interaction_constraints: ]
[verbosity: 2]
[saved_feature_importance_type: 0]
[use_quantized_grad: 0]
[num_grad_quant_bins: 4]
[quant_train_renew_leaf: 0]
[stochastic_rounding: 1]
[linear_tree: 0]
[max_bin: 255]
[max_bin_by_feature: ]
[min_data_in_bin: 3]
[bin_construct_sample_cnt: 200000]
[data_random_seed: 175]
[is_enable_sparse: 1]
[enable_bundle: 1]
[use_missing: 1]
[zero_as_missing: 0]
[feature_pre_filter: 1]
[pre_partition: 0]
[two_round: 0]
[header: 0]
[label_column: ]
[weight_column: ]
[group_column: ]
[ignore_column: ]
[categorical_feature: ]
[forcedbins_filename: ]
[precise_float_parser: 0]
[parser_config_file: ]
[objective_seed: 16083]
[num_class: 1]
[is_unbalance: 0]
[scale_pos_weight: 1]
[sigmoid: 1]
[boost_from_average: 1]
[reg_sqrt: 0]
[alpha: 0.9]
[fair_c: 1]
[poisson_max_delta_step: 0.7]
[tweedie_variance_power: 1.5]
[lambdarank_truncation_level: 30]
[lambdarank_norm: 1]
[label_gain: ]
[lambdarank_position_bias_regularization: 0]
[eval_at: ]
[multi_error_top_k: 1]
[auc_mu_weights: ]
[num_machines: 1]
[local_listen_port: 12400]
[time_out: 120]
[machine_list_filename: ]
[machines: ]
[gpu_platform_id: -1]
[gpu_device_id: -1]
[gpu_use_dp: 0]
[num_gpu: 1]

end of parameters
