tree
version=v4
num_class=1
num_tree_per_iteration=1
label_index=0
max_feature_idx=7
objective=regression
feature_names=Column_0 Column_1 Column_2 Column_3 Column_4 Column_5 Column_6 Column_7
feature_infos=[-1.570595979690552:1.570752859115601] [-1.570681214332581:1.5706571340560909] [-1.5706690549850459:1.5707360506057739] [-1.5702953338623051:1.5700980424880981] [-1.570364356040955:1.570599317550659] [-1.5702542066574101:1.5705970525741582] [-1.570304274559021:1.5705224275588989] [-1.5689036846160889:1.570236444473267]
tree_sizes=3080 3130 2439 2290 2080

Tree=0
num_leaves= 32
num_cat= 0
full_tree_array_lgbids= 0 1 3 4 2 7 8 12 21 5 14 26 9 16 13 23 20 25 28 11 6 17 15 27 29 24 10 19 30 18 22 -1 -25 -14 -22 -6 -27 -23 -30 -3 -13 -7 -8 -4 -19 -16 -17 -2 -29 -28 -31 -9 -26 -11 -12 -5 -21 -18 -32 -10 -20 -15 -24
split_feature= 2 4 2 2 2 6 5 4 6 3 5 1 1 3 6 5 0 5 5 5 6 4 5 5 0 5 5 3 0 0 1
split_gain= 107.644 23.4579 8.8514 5.65276 4.58659 4.20526 7.70726 3.38553 3.05862 2.76576 5.03575 2.52266 2.45629 2.27917 1.71716 2.24611 1.57466 1.34389 1.33429 1.31828 1.30144 1.16958 0.975052 0.936653 0.84327 0.835982 0.739463 0.801341 0.525865 0.402726 0.203108
threshold= 0.22240778803825376 -0.13487913459539411 -0.33504875004291529 0.831111639738083 -0.35692687332630152 1.0996640324592593 0.17076345533132556 -0.62264147400856007 0.23248040676116946 0.33348274230957037 -0.081027176231145845 -0.063510026782751069 -0.028266851790249341 0.047571904957294471 1.0996640324592593 -0.12362807989120483 0.48065467178821569 -1.3099576830863946 0.20172023028135302 0.90692374110221874 -1.1232284307479858 -0.9847588539123534 -0.88524380326271046 -0.84710562229156483 0.39113223552703863 -0.89637285470962513 -1.1129922270774844 -0.71507582068443287 0.62239006161689769 -0.26234114170074457 1.1314366459846499
decision_type= 2 2 2 2 2 2 2 2 2 2 2 2 2 2 2 2 2 2 2 2 2 2 2 2 2 2 2 2 2 2 2
left_child=1 4 5 7 12 11 -7 26 16 24 -11 -3 23 18 17 -16 19 -4 -10 -5 -14 25 -15 -1 -9 -6 27 -2 -23 -28 -18
right_child=3 2 14 8 21 6 -8 9 13 10 -12 -13 20 22 15 -17 30 -19 -20 -21 -22 28 -24 -25 -26 -27 29 -29 -30 -31 -32
leaf_value= 0.73410158763111721 0.68773465269904643 0.74576312192184147 0.71148853979584525 0.70572838207060729 0.71756021215053434 0.74459648144746271 0.70659498379572372 0.71618172766164567 0.70303461463790828 0.71463083717014075 0.69125707693110128 0.73621397801554389 0.72842719100532405 0.69636384723984901 0.72703529746200657 0.69548876485623845 0.69296731328049199 0.7280717060389289 0.68891320468961492 0.69321169944280825 0.71452330681801779 0.71745049404777961 0.68240325179970052 0.72375521021605105 0.70808431163410079 0.7012707417551246 0.70092590049137526 0.71675801006650219 0.70737397464394569 0.69204981261754484 0.70313676912358825
leaf_weight=124 17 546 60 476 48 107 108 344 185 170 209 586 86 71 48 47 266 464 120 115 482 215 266 461 241 182 126 41 101 204 37
leaf_count=124 17 546 60 476 48 107 108 344 185 170 209 586 86 71 48 47 266 464 120 115 482 215 266 461 241 182 126 41 101 204 37
model_size=3504
internal_value=0.715004 0.726381 0.733821 0.700565 0.717773 0.738376 0.725507 0.705287 0.696409 0.70848 0.701741 0.74082 0.721357 0.691109 0.72391 0.711428 0.700214 0.726173 0.697479 0.703293 0.716628 0.710203 0.685345 0.725948 0.712846 0.70467 0.697354 0.708251 0.71423 0.695439 0.694209
internal_weight=0 3665 1966 2888 1699 1347 215 1352 1536 964 379 1132 1153 642 619 95 894 524 305 591 568 546 337 585 585 230 388 58 316 330 303
internal_count=6553 3665 1966 2888 1699 1347 215 1352 1536 964 379 1132 1153 642 619 95 894 524 305 591 568 546 337 585 585 230 388 58 316 330 303
is_linear=0
shrinkage=1


Tree=1
num_leaves= 31
num_cat= 0
full_tree_array_lgbids= 0 1 3 6 2 10 7 14 22 4 18 15 11 17 8 21 16 28 23 9 5 24 19 29 26 27 12 25 -19 20 13 -1 -23 -16 -18 -8 -30 -24 -25 -3 -11 -6 -7 -4 -26 -20 -21 -2 -31 -17 -28 -12 -29 -13 -14 -5 -27 -2147483648 -2147483648 -9 -22 -10 -15
split_feature= 2 4 2 2 5 6 2 6 3 4 6 3 5 5 0 4 5 0 6 3 5 4 6 3 5 5 3 7 3 5
split_gain= 86.7061 18.5757 6.91791 4.23108 3.24951 7.57476 3.00675 2.51129 3.48217 1.895 1.57038 3.23128 1.71566 1.52912 1.52579 1.23314 1.1245 0.994364 0.907447 2.19912 0.715326 0.648782 0.569271 0.751988 0.555137 0.542836 0.297023 0.269989 0.165212 0.136207
threshold= 0.22240778803825376 -0.25070770084857935 -0.36874486505985254 0.6500774919986726 0.65354096889495861 0.42225234210491186 -0.35692687332630152 -0.08627330511808394 0.047571904957294471 0.56924891471862804 0.56632831692695629 -0.19819757342338556 -0.85936468839645375 -0.6967884600162505 -0.28396070003509516 -0.60982060432434071 -0.78617820143699635 0.46820004284381872 1.0996640324592593 0.2989127933979035 0.20172023028135302 -0.70120677351951588 -0.5871194303035735 0.31131325662136083 -1.3099576830863946 1.1980468630790713 -1.3288813829421993 -0.63094553351402272 -0.083273753523826585 -1.2652705907821657
decision_type= 2 2 2 2 2 2 2 2 2 2 2 2 2 2 2 2 2 2 2 2 2 2 2 2 2 2 2 2 2 2
left_child=1 6 4 10 9 -6 14 17 20 -3 15 27 -13 -10 21 29 -16 25 24 -20 -9 -1 28 -24 -4 -5 -17 -12 -8 -2
right_child=3 2 18 7 5 -7 22 8 13 -11 11 12 -14 -15 16 26 -18 -19 19 -21 -22 -23 23 -25 -26 -27 -28 -29 -30 -31
leaf_value= 0.0064048114387390892 0.0047690336550162598 0.018401884147157314 -0.0025824752571777659 -0.0072116253591254249 0.024228242724984739 -0.0038281592378002962 -0.0052863421868784609 -0.0090822424219204612 -0.015188452361021624 0.028559743669367511 -0.012610995485738387 -0.0026173696110143941 -0.027659330331953242 -0.029913683519367885 0.010695058201733781 -0.014406983261661871 -0.0014988054723201229 -0.017397048777971515 0.010989642429922243 -0.021829866270788693 -0.019210110583017529 0.017395698757900393 -0.002810194263516818 -0.015567297490148728 0.011593666287685819 -0.020442068344079117 0.00088576625774712439 0.0054703559466214831 0.0092102781215754274 -0.014665668351728023
leaf_weight=283 22 409 65 538 256 172 74 289 129 549 36 47 160 366 152 42 473 317 64 44 212 160 208 144 534 75 409 87 78 159
leaf_count=283 22 409 65 538 256 172 74 289 129 549 36 47 160 366 152 42 473 317 64 44 212 160 208 144 534 75 409 87 78 159
model_size=3392
internal_value=0 0.0102399 0.016491 -0.0129949 0.0207429 0.0129532 0.00191704 -0.015853 -0.0196838 0.024223 -0.00727268 -0.0137169 -0.0219735 -0.0260762 0.0051616 -0.00390781 0.00146674 -0.0117504 0.00815556 -0.00238127 -0.0133679 0.0103744 -0.00495833 -0.00802901 0.0100554 -0.00883036 -0.000538392 0.000178253 0.00215271 -0.0123034
internal_weight=0 3665 2093 2888 1386 428 1572 1926 996 958 962 330 207 495 1068 632 625 930 707 108 501 443 504 352 599 613 451 123 152 181
internal_count=6553 3665 2093 2888 1386 428 1572 1926 996 958 962 330 207 495 1068 632 625 930 707 108 501 443 504 352 599 613 451 123 152 181
is_linear=0
shrinkage=0.1


Tree=2
num_leaves= 21
num_cat= 0
full_tree_array_lgbids= 0 1 2 6 3 8 7 -1 12 4 17 16 9 14 18 -2147483648 -2147483648 13 15 11 5 -5 -19 -2 -18 -10 10 -4 19 -9 -20 -2147483648 -2147483648 -2147483648 -2147483648 -8 -15 -14 -17 -3 -13 -6 -7 -2147483648 -2147483648 -2147483648 -2147483648 -2147483648 -2147483648 -2147483648 -2147483648 -2147483648 -2147483648 -11 -12 -2147483648 -2147483648 -16 -21 -2147483648 -2147483648 -2147483648 -2147483648
split_feature= 2 4 2 2 6 5 1 6 6 3 5 0 5 6 7 4 4 0 3 5
split_gain= 69.9202 15.0558 4.84599 3.32122 2.00095 6.58073 1.70493 1.51093 1.38414 3.24645 1.84566 1.3437 1.0072 2.53817 0.90901 0.652208 0.621657 0.505426 0.450086 0.0888405
threshold= 0.11063466221094136 -0.13487913459539411 0.60325127840042125 -0.52795374393463124 0.63653609156608593 0.14603263139724734 -0.79297658801078785 0.81695055961608898 0.56632831692695629 -0.19819757342338556 -0.78617820143699635 0.065077152103185668 -0.77255976200103749 -0.26590463519096369 -1.1476808190345762 -0.81808331608772267 0.5883547067642213 0.20387880504131317 0.062065752223134048 0.67661032080650341
decision_type= 2 2 2 2 2 2 2 2 2 2 2 2 2 2 2 2 2 2 2 2
left_child=1 6 8 4 11 -6 -1 14 16 -10 -11 -3 13 -8 -4 -14 -2 -5 -9 -16
right_child=2 3 7 17 5 -7 12 18 9 10 -12 -13 15 -15 19 -17 -18 -19 -20 -21
leaf_value= 0.0095901407207376124 -0.0049662269430580681 0.028960287409106222 -0.021547329730016832 0.014174284834407445 0.026214966212298619 -0.003368417516290008 0.018224722003695498 -0.01453318716495091 0.0024957223921470966 0.00082371252905225989 -0.025365526538213168 0.018093400045802708 -0.0059967740628944369 -0.0032983218315236554 -0.0090429754098003898 0.0026325041334381077 0.0051254391605997911 0.0050096723340366705 -0.025488535839868418 -0.015306769323396278
leaf_weight=406 485 390 187 400 185 161 149 225 138 53 184 388 490 156 974 402 232 304 252 392
leaf_count=406 485 390 187 400 185 161 149 225 138 53 184 388 490 156 974 402 232 304 252 392
model_size=2272
internal_value=0 0.00991817 -0.0108998 0.0163101 0.0201265 0.0124493 0.00262906 -0.0140545 -0.00503545 -0.0114112 -0.0195089 0.0235408 0.000267997 0.00721621 -0.0121297 -0.00210779 -0.00170086 0.0102168 -0.0203209 -0.0108405
internal_weight=0 3431 3122 1828 1124 346 1603 2030 1092 375 237 778 1197 305 1553 892 717 704 477 1366
internal_count=6553 3431 3122 1828 1124 346 1603 2030 1092 375 237 778 1197 305 1553 892 717 704 477 1366
is_linear=0
shrinkage=0.1


Tree=3
num_leaves= 19
num_cat= 0
full_tree_array_lgbids= 0 1 3 6 2 5 14 -1 10 4 12 -2 7 -5 15 -2147483648 -2147483648 11 -12 17 9 16 13 -2147483648 -2147483648 -7 8 -2147483648 -2147483648 -16 -17 -2147483648 -2147483648 -2147483648 -2147483648 -8 -13 -2147483648 -2147483648 -3 -19 -6 -11 -4 -18 -14 -15 -2147483648 -2147483648 -2147483648 -2147483648 -2147483648 -2147483648 -9 -10 -2147483648 -2147483648 -2147483648 -2147483648 -2147483648 -2147483648 -2147483648 -2147483648
split_feature= 2 4 2 2 1 4 0 3 5 4 6 5 5 6 6 5 6 4
split_gain= 56.3577 11.4808 4.28892 2.25902 1.53953 1.06563 0.90745 0.801339 2.86867 0.554865 0.534322 0.960294 0.460145 3.68635 0.354215 0.40942 0.25935 0.0537089
threshold= 0.22240778803825376 -0.3957854956388473 -0.52795374393463124 0.89601022005081188 -0.4492183774709701 -0.62264147400856007 -0.15831713378429405 0.41326110064983373 0.37919975817203527 0.8823601007461549 -0.99024060368537892 0.029261186718940738 0.65354096889495861 0.05517734773457051 -0.10207844525575639 -0.41172227263450617 -1.1089878082275388 0.73437872529029857
decision_type= 2 2 2 2 2 2 2 2 2 2 2 2 2 2 2 2 2 2
left_child=1 6 4 5 17 -2 -1 -7 -9 -6 11 -8 16 -14 -5 -16 -4 -3
right_child=3 2 12 14 9 7 10 8 -10 -11 -12 -13 13 -15 15 -17 -18 -19
leaf_value= 0.0050312328115069251 -0.013333898364690806 0.018832091834142445 -0.0018511915369537855 -0.010608105626826984 0.010209025891154832 -0.0012779576356335769 0.017876013747068594 -0.0020422943493832789 -0.022983574361364265 0.019718683542949814 -0.0052226443053821686 -0.0068782822198521056 0.014199345757960986 -0.013499181491251176 -0.011034985733054141 -0.021014188342706602 0.011605428905247458 0.029498928088866467
leaf_weight=640 430 268 99 671 532 660 83 236 156 315 603 65 129 130 272 463 605 196
leaf_count=640 430 268 99 671 532 660 83 236 156 315 603 65 129 130 272 463 605 196
model_size=2048
internal_value=0 0.00832021 0.0129227 -0.0105587 0.0171406 -0.00718249 0.000796086 -0.00466813 -0.0103761 0.0137457 -0.00281309 0.00700419 0.00718052 0.00029661 -0.0141174 -0.0173212 0.00971309 0.0233379
internal_weight=0 3665 2274 2888 1311 1482 1391 1052 392 847 751 148 963 259 1406 735 704 464
internal_count=6553 3665 2274 2888 1311 1482 1391 1052 392 847 751 148 963 259 1406 735 704 464
is_linear=0
shrinkage=0.1


Tree=4
num_leaves= 16
num_cat= 0
full_tree_array_lgbids= 0 1 2 6 3 10 7 14 -8 5 4 -2 11 -4 9 -1 -16 -2147483648 -2147483648 8 -7 13 -6 -2147483648 -2147483648 -12 12 -2147483648 -2147483648 -9 -11 -2147483648 -2147483648 -2147483648 -2147483648 -2147483648 -2147483648 -2147483648 -2147483648 -3 -10 -2147483648 -2147483648 -5 -15 -2147483648 -2147483648 -2147483648 -2147483648 -2147483648 -2147483648 -2147483648 -2147483648 -13 -14 -2147483648 -2147483648 -2147483648 -2147483648 -2147483648 -2147483648 -2147483648 -2147483648
split_feature= 2 4 2 6 5 2 2 6 4 3 6 3 5 7 1
split_gain= 45.467 9.2647 2.41568 1.9974 3.92654 1.15289 0.936447 0.657456 0.569426 0.552255 0.291289 1.64499 0.591061 0.205884 0.193405
threshold= 0.11063466221094136 -0.13487913459539411 0.52685046195983898 1.0996640324592593 0.17076345533132556 -0.73440709710121144 -0.35692687332630152 0.51476114988327037 0.89232283830642711 0.062065752223134048 0.40036414563655859 -0.17713720351457593 -0.25795789062976832 -0.72775903344154347 -0.028266851790249341
decision_type= 2 2 2 2 2 2 2 2 2 2 2 2 2 2 2
left_child=1 6 10 5 13 8 14 -4 -3 -9 -2 -12 -13 -5 -1
right_child=2 3 7 4 -6 -7 -8 9 -10 -11 11 12 -14 -15 -16
leaf_value= 0.0082789369826861779 0.00025919280694737496 0.015074297275339821 -0.0089411979874831522 -0.0015298689285723063 -0.010850240261892656 0.011172946696045419 -0.0041001382248812461 -0.010028265675381674 0.025716350388610372 -0.020579163376108531 0.0024998506110774092 -0.0030373161580026539 -0.02357882753606479 0.022559249106860531 0.00064883927329837743
leaf_weight=585 542 441 1476 39 140 787 450 352 308 384 149 77 142 113 568
leaf_count=585 542 441 1476 39 140 787 450 352 308 384 149 77 142 113 568
model_size=1712
internal_value=0 0.00807306 -0.00887209 0.0133107 0.00332362 0.0152093 0.00210022 -0.0111345 0.0194505 -0.0155331 -0.00337264 -0.00872171 -0.0163565 0.0163785 0.00452014
internal_weight=0 3431 3122 1828 292 1536 1603 2212 749 736 910 368 219 152 1153
internal_count=6553 3431 3122 1828 292 1536 1603 2212 749 736 910 368 219 152 1153
is_linear=0
shrinkage=0.1


end of trees

feature_importances:
Column_5=28
Column_6=20
Column_2=18
Column_4=16
Column_3=14
Column_0=9
Column_1=6
Column_7=3

parameters:
[boosting: gbdt]
[objective: regression]
[metric: rmse]
[tree_learner: serial]
[device_type: cpu]
[data_sample_strategy: bagging]
[data: data/kin8nm.libsvm.train]
[valid: data/kin8nm.libsvm.test]
[num_iterations: 5]
[learning_rate: 0.1]
[num_leaves: 255]
[num_threads: 0]
[seed: 42]
[deterministic: 0]
[force_col_wise: 0]
[force_row_wise: 0]
[histogram_pool_size: -1]
[max_depth: 5]
[min_data_in_leaf: 10]
[min_sum_hessian_in_leaf: 0.001]
[bagging_fraction: 1]
[pos_bagging_fraction: 1]
[neg_bagging_fraction: 1]
[bagging_freq: 0]
[bagging_seed: 400]
[feature_fraction: 1]
[feature_fraction_bynode: 1]
[feature_fraction_seed: 30056]
[extra_trees: 0]
[extra_seed: 12879]
[early_stopping_round: 0]
[early_stopping_min_delta: 0]
[first_metric_only: 0]
[max_delta_step: 0]
[lambda_l1: 0]
[lambda_l2: 0]
[linear_lambda: 0]
[min_gain_to_split: 0]
[drop_rate: 0.1]
[max_drop: 50]
[skip_drop: 0.5]
[xgboost_dart_mode: 0]
[uniform_drop: 0]
[drop_seed: 17869]
[top_rate: 0.2]
[other_rate: 0.1]
[min_data_per_group: 100]
[max_cat_threshold: 32]
[cat_l2: 10]
[cat_smooth: 10]
[max_cat_to_onehot: 4]
[top_k: 20]
[monotone_constraints: ]
[monotone_constraints_method: basic]
[monotone_penalty: 0]
[feature_contri: ]
[forcedsplits_filename: ]
[refit_decay_rate: 0.9]
[tinygbdt_penalty_feature: 0.000976562]
[tinygbdt_penalty_split: 0.0078125]
[tinygbdt_forestsize: 64000]
[tinygbdt_precision: 7]
[cegb_tradeoff: 1]
[cegb_penalty_split: 0]
[cegb_penalty_feature_lazy: ]
[cegb_penalty_feature_coupled: ]
[path_smooth: 0]
[interaction_constraints: ]
[verbosity: 2]
[saved_feature_importance_type: 0]
[use_quantized_grad: 0]
[num_grad_quant_bins: 4]
[quant_train_renew_leaf: 0]
[stochastic_rounding: 1]
[linear_tree: 0]
[max_bin: 255]
[max_bin_by_feature: ]
[min_data_in_bin: 3]
[bin_construct_sample_cnt: 200000]
[data_random_seed: 175]
[is_enable_sparse: 1]
[enable_bundle: 1]
[use_missing: 1]
[zero_as_missing: 0]
[feature_pre_filter: 1]
[pre_partition: 0]
[two_round: 0]
[header: 0]
[label_column: ]
[weight_column: ]
[group_column: ]
[ignore_column: ]
[categorical_feature: ]
[forcedbins_filename: ]
[precise_float_parser: 0]
[parser_config_file: ]
[objective_seed: 16083]
[num_class: 1]
[is_unbalance: 0]
[scale_pos_weight: 1]
[sigmoid: 1]
[boost_from_average: 1]
[reg_sqrt: 0]
[alpha: 0.9]
[fair_c: 1]
[poisson_max_delta_step: 0.7]
[tweedie_variance_power: 1.5]
[lambdarank_truncation_level: 30]
[lambdarank_norm: 1]
[label_gain: ]
[lambdarank_position_bias_regularization: 0]
[eval_at: ]
[multi_error_top_k: 1]
[auc_mu_weights: ]
[num_machines: 1]
[local_listen_port: 12400]
[time_out: 120]
[machine_list_filename: ]
[machines: ]
[gpu_platform_id: -1]
[gpu_device_id: -1]
[gpu_use_dp: 0]
[num_gpu: 1]

end of parameters
