tree
version=v4
num_class=1
num_tree_per_iteration=1
label_index=0
max_feature_idx=8
objective=regression
feature_names=Column_0 Column_1 Column_2 Column_3 Column_4 Column_5 Column_6 Column_7 Column_8
feature_infos=none [0.49990000000000001:15.0001] [1:52] [0.88888888888888884:141.90909090909091] [0.33333333333333331:25.63636363636364] [3:35682] [0.69230769230769229:1243.333333333333] [32.549999999999997:41.950000000000003] [-124.34999999999999:-114.31]
tree_sizes=2753 1916 1709 860 790 791 1047 721 555 492 492 926 378 375 378 375 661 378

Tree=0
num_leaves= 28
num_cat= 0
full_tree_array_lgbids= 0 1 2 5 3 4 10 9 11 6 7 13 12 19 23 15 14 24 20 22 8 17 16 26 18 25 21 -4 -21 -12 -25 -1 -17 -11 -16 -7 -26 -13 -22 -3 -24 -8 -10 -5 -19 -9 -18 -2 -28 -15 -20 -6 -27 -14 -23 -2147483648 -2147483648 -2147483648 -2147483648 -2147483648 -2147483648 -2147483648 -2147483648
split_feature= 1 1 1 6 6 3 2 1 7 1 1 1 1 2 6 3 6 2 6 2 6 2 1 1 7 6 1
split_gain= 6988.68 1684.18 1291.15 973.354 426.499 315.416 227.089 206.012 174.441 170.239 151.294 126.157 112.1 98.9105 94.0177 92.5449 90.7203 70.6129 68.7237 52.5907 44.2744 19.0151 18.2417 12.7736 10.7064 5.96093 1.64197
threshold= 5.0387000000000013 3.0679500000000002 6.8672000000000013 2.3489548886254448 2.671038674349933 4.3101408005062494 24.500000000000004 4.0775500000000013 37.815000000000005 2.2210000000000005 7.852450000000001 2.4115000000000006 5.7307500000000013 19.500000000000004 2.4907552973342448 3.449226804123712 2.9005380231986346 43.500000000000007 2.0653737590585881 26.500000000000004 2.2906328481453726 27.500000000000004 3.5330000000000008 8.7395500000000013 35.335000000000008 2.9742256672023202 5.6402500000000009
decision_type= 2 2 2 2 2 2 2 2 2 2 2 2 2 2 2 2 2 2 2 2 2 2 2 2 2 2 2
left_child=1 5 4 6 13 9 22 17 -8 15 19 24 25 26 -11 -1 -9 -5 -15 -4 -13 -14 -3 -12 -7 -6 -2
right_child=2 3 10 7 12 11 8 16 -10 14 23 20 21 18 -16 -17 -18 -19 -20 -21 -22 -23 -24 -25 -26 -27 -28
leaf_value= 2.0405687631288161 2.122367892078735 2.0619325518895399 2.2105021416414852 2.0293758741925956 2.1246833370498446 1.9807571227445304 2.1984147209355398 2.1002101309481218 2.0795283240852767 2.0970408790997888 2.2934723094715035 2.043693994763716 2.1410397950488846 2.3293276008777508 2.0327038778370752 1.9814897297846104 2.055796547371648 2.080533949453383 2.2183144165789459 2.2958198799055269 1.9920349409095919 2.1974100577568745 2.1119780300641722 2.3422574193033054 1.9518240180001829 2.0841198818403921 2.1915848606410337
leaf_weight=503 128 198 263 2717 312 636 733 1016 163 430 244 309 586 91 767 899 1158 377 572 168 1491 187 369 365 1194 516 120
leaf_count=503 128 198 263 2717 312 636 733 1016 163 430 244 309 586 91 767 899 1158 377 572 168 1491 187 369 365 1194 516 120
model_size=3056
internal_value=2.07195 2.03789 2.19622 2.07259 2.15739 2.00039 2.1449 2.05251 2.17679 2.02716 2.28999 1.98123 2.12609 2.2124 2.05582 2.00269 2.07655 2.03561 2.23355 2.24376 2.0009 2.15468 2.0945 2.32271 1.96188 2.0994 2.15586
internal_weight=0 12960 3552 6731 2512 6229 1463 5268 896 2599 1040 3630 1601 911 1197 1402 2174 3094 663 431 1800 773 567 609 1830 828 248
internal_count=16512 12960 3552 6731 2512 6229 1463 5268 896 2599 1040 3630 1601 911 1197 1402 2174 3094 663 431 1800 773 567 609 1830 828 248
is_linear=0
shrinkage=1


Tree=1
num_leaves= 14
num_cat= 0
full_tree_array_lgbids= 0 1 2 5 3 4 12 -1 6 7 8 -2 -6 -4 -14 -2147483648 -2147483648 9 10 -3 11 -5 -10 -2147483648 -2147483648 -2147483648 -2147483648 -2147483648 -2147483648 -2147483648 -2147483648 -2147483648 -2147483648 -2147483648 -2147483648 -7 -11 -8 -12 -2147483648 -2147483648 -9 -13 -2147483648 -2147483648 -2147483648 -2147483648 -2147483648 -2147483648 -2147483648 -2147483648 -2147483648 -2147483648 -2147483648 -2147483648 -2147483648 -2147483648 -2147483648 -2147483648 -2147483648 -2147483648 -2147483648 -2147483648
split_feature= 1 1 1 6 6 6 7 2 1 8 8 6 1
split_gain= 5551.94 1352.96 837.03 721.203 211.266 199.32 107.337 106.613 59.6974 59.1651 20.9317 18.7903 13.8596
threshold= 5.1326000000000009 3.1792500000000001 6.8672000000000013 2.2982753493904258 2.6585924622132828 2.1628386478062818 34.455000000000005 19.500000000000004 4.1119000000000012 -117.77499999999999 -121.63499999999998 1.9628175980828908 8.4454500000000028
decision_type= 2 2 2 2 2 2 2 2 2 2 2 2 2
left_child=1 5 4 7 -2 -1 9 -3 -5 -7 -8 -9 -4
right_child=2 3 12 8 -6 6 10 11 -10 -11 -12 -13 -14
leaf_value= -0.010994847526578097 0.13315449112853883 0.013380108862050941 0.16703049837374995 -0.028688351000306912 0.053294137425528576 -0.032418481581660212 -0.062115720910071164 0.16254536505971776 0.0081920157784152407 -0.086464694131891839 -0.10739158312721281 0.077517444901220187 0.23833999359814073
leaf_weight=1035 778 350 614 2900 1481 1871 1128 305 2330 928 1827 539 426
leaf_count=1035 778 350 614 2900 1481 1871 1128 305 2330 928 1827 539 426
model_size=1488
internal_value=0 -0.02926 0.117191 0.00497081 0.0807981 -0.0616504 -0.0707621 0.0804366 -0.0122579 -0.0503373 -0.0901086 0.108244 0.19624
internal_weight=0 13213 3299 6424 2259 6789 5754 1194 5230 2799 2955 844 1040
internal_count=16512 13213 3299 6424 2259 6789 5754 1194 5230 2799 2955 844 1040
is_linear=0
shrinkage=0.1


Tree=2
num_leaves= 11
num_cat= 0
full_tree_array_lgbids= 0 1 3 4 2 7 -5 -1 9 6 5 -2 -9 -2147483648 -2147483648 -2147483648 -2147483648 -6 -11 -3 8 -4 -7 -2147483648 -2147483648 -2147483648 -2147483648 -2147483648 -2147483648 -2147483648 -2147483648 -2147483648 -2147483648 -2147483648 -2147483648 -2147483648 -2147483648 -2147483648 -2147483648 -2147483648 -2147483648 -8 -10 -2147483648 -2147483648 -2147483648 -2147483648 -2147483648 -2147483648 -2147483648 -2147483648 -2147483648 -2147483648 -2147483648 -2147483648 -2147483648 -2147483648 -2147483648 -2147483648 -2147483648 -2147483648 -2147483648 -2147483648
split_feature= 1 1 6 1 6 1 2 2 7 7
split_gain= 4469.05 1319.18 602.284 320.887 93.5652 60.072 47.2781 29.9329 18.8913 17.6371
threshold= 5.6042500000000013 3.1913000000000005 2.4136952392348086 7.7055000000000016 2.1628386478062818 4.5301500000000017 20.500000000000004 27.500000000000004 37.995000000000012 34.455000000000005
decision_type= 2 2 2 2 2 2 2 2 2 2
left_child=1 4 6 7 -1 -4 -3 -2 -8 -6
right_child=3 2 5 -5 9 -7 8 -9 -10 -11
leaf_value= -0.0094140059702905454 0.074821500040485739 0.014197970600027693 -0.023639957981588636 0.20031919768754283 -0.045060907291049342 0.019012906481483155 0.10225928064802117 0.14500338752503336 -0.034124243930311861 -0.08081985448199891
leaf_weight=1042 1104 536 3579 670 2830 1904 1120 632 113 2982
leaf_count=1042 1104 536 3579 670 2830 1904 1120 632 113 2982
model_size=1152
internal_value=0 -0.0218672 0.00963564 0.128204 -0.0551994 -0.00882853 0.0668652 0.100372 0.0897602 -0.063408
internal_weight=0 14106 7252 2406 6854 5483 1769 1736 1233 5812
internal_count=16512 14106 7252 2406 6854 5483 1769 1736 1233 5812
is_linear=0
shrinkage=0.1


Tree=3
num_leaves= 7
num_cat= 0
full_tree_array_lgbids= 0 1 2 5 3 4 -4 -1 -7 -3 -5 -2 -6 -2147483648 -2147483648
split_feature= 1 1 1 6 6 3
split_gain= 3565.63 765.376 542.561 405.146 35.869 10.0747
threshold= 5.0387000000000013 2.7820000000000005 6.3963500000000009 2.2634687595142249 2.7472725830126556 3.8792159595040387
decision_type= 2 2 2 2 2 2
left_child=1 5 4 -3 -2 -1
right_child=2 3 -4 -5 -6 -7
leaf_value= -0.02619644458554303 0.092730601139918004 0.056395622371281096 0.14730870380599273 -0.015962396580894194 0.025572594354518103 -0.071338884814114753
leaf_weight=1413 910 1402 1412 6462 1230 3683
leaf_count=1413 910 1402 1412 6462 1230 3683
model_size=704
internal_value=0 -0.0249876 0.0911709 -0.00306235 0.0541304 -0.058822
internal_weight=0 12960 3552 7864 2140 5096
internal_count=16512 12960 3552 7864 2140 5096
is_linear=0
shrinkage=0.1


Tree=4
num_leaves= 6
num_cat= 0
full_tree_array_lgbids= 0 1 3 4 2 -2 -5 -1 -6 -3 -4 -2147483648 -2147483648 -2147483648 -2147483648
split_feature= 1 1 6 1 6
split_gain= 2858.4 832.761 264.972 125.58 68.8205
threshold= 5.6042500000000013 3.5488500000000003 2.5288691539219195 7.7055000000000016 2.2352443515477258
decision_type= 2 2 2 2 2
left_child=1 4 -3 -2 -1
right_child=3 2 -4 -5 -6
leaf_value= -0.001546706250621677 0.081003301106202893 0.058031739106458237 -0.0045642891133857834 0.16555640842042751 -0.049745746546413505
leaf_weight=1538 1736 1795 4041 670 6732
leaf_count=1538 1736 1795 4041 670 6732
model_size=592
internal_value=0 -0.0178324 0.0146886 0.104549 -0.040782
internal_weight=0 14106 5836 2406 8270
internal_count=16512 14106 5836 2406 8270
is_linear=0
shrinkage=0.1


Tree=5
num_leaves= 6
num_cat= 0
full_tree_array_lgbids= 0 2 1 -1 3 4 -3 -2147483648 -2147483648 -4 -5 -2 -6 -2147483648 -2147483648
split_feature= 1 1 1 6 6
split_gain= 2322.54 460.344 290.557 188.402 27.1121
threshold= 4.5301500000000017 6.3350000000000009 2.5894500000000007 2.0653737590585881 2.735488224282792
decision_type= 2 2 2 2 2
left_child=2 4 -1 -4 -2
right_child=1 -3 3 -5 -6
leaf_value= -0.053318699665753991 0.070534017691532627 0.11896382826830615 0.056894486418678517 -0.017847477692537948 0.012630424946440184
leaf_weight=4244 1343 1474 872 6620 1959
leaf_count=4244 1343 1474 872 6620 1959
model_size=592
internal_value=0 0.0617301 -0.0251212 -0.0091482 0.0361812
internal_weight=0 4776 11736 7492 3302
internal_count=16512 4776 11736 7492 3302
is_linear=0
shrinkage=0.1


Tree=6
num_leaves= 7
num_cat= 0
full_tree_array_lgbids= 0 2 1 3 -4 5 -3 -1 4 -2147483648 -2147483648 -2 -7 -2147483648 -2147483648 -2147483648 -2147483648 -5 -6 -2147483648 -2147483648 -2147483648 -2147483648 -2147483648 -2147483648 -2147483648 -2147483648 -2147483648 -2147483648 -2147483648 -2147483648
split_feature= 1 1 7 8 6 6
split_gain= 1827.26 449.283 72.3637 325.29 56.6884 56.289
threshold= 4.125700000000001 6.2770500000000009 37.925000000000004 -122.31499999999998 2.6067607057324289 2.4469862317432325
decision_type= 2 2 2 2 2 2
left_child=2 5 3 -1 -5 -2
right_child=1 -3 -4 4 -6 -7
leaf_value= 0.10543275215486821 0.076935770563573994 0.10554815401431672 -0.06132518830259686 0.0045374218736241338 -0.03787724948416249 0.012720482370953285
leaf_weight=370 984 1536 2197 2701 5244 3480
leaf_count=370 984 1536 2197 2701 5244 3480
model_size=704
internal_value=0 0.0470157 -0.0268354 -0.0177225 -0.0234579 0.0268755
internal_weight=0 6000 10512 8315 7945 4464
internal_count=16512 6000 10512 8315 7945 4464
is_linear=0
shrinkage=0.1


Tree=7
num_leaves= 5
num_cat= 0
full_tree_array_lgbids= 0 1 3 -1 2 -2 -5 -2147483648 -2147483648 -3 -4 -2147483648 -2147483648 -2147483648 -2147483648
split_feature= 1 1 6 1
split_gain= 1447.09 266.955 72.6855 6.61068
threshold= 5.2771000000000017 2.8762500000000002 2.0653737590585881 7.3930000000000016
decision_type= 2 2 2 2
left_child=1 -1 -3 -2
right_child=3 2 -4 -5
leaf_value= -0.03987195832871588 0.050132813336937393 0.062852770431826049 -0.0058809110351047949 0.12078849840493422
leaf_weight=5422 2190 848 7259 793
leaf_count=5422 2190 848 7259 793
model_size=480
internal_value=0 -0.0151952 0.0013087 0.0689159
internal_weight=0 13529 8107 2983
internal_count=16512 13529 8107 2983
is_linear=0
shrinkage=0.1


Tree=8
num_leaves= 4
num_cat= 0
full_tree_array_lgbids= 0 2 1 -1 -4 -2 -3
split_feature= 1 1 1
split_gain= 1134.15 74.4782 34.126
threshold= 4.5301500000000017 7.2638000000000007 2.5044000000000004
decision_type= 2 2 2
left_child=2 -2 -1
right_child=1 -3 -4
leaf_value= -0.04288363835536 0.033134490505936774 0.10601612384086455 -0.0070419221714338584
leaf_weight=3846 3922 854 7890
leaf_count=3846 3922 854 7890
model_size=368
internal_value=0 0.0461665 -0.0187876
internal_weight=0 4776 11736
internal_count=16512 4776 11736
is_linear=0
shrinkage=0.1


Tree=9
num_leaves= 3
num_cat= 0
full_tree_array_lgbids= 0 -1 1 -2147483648 -2147483648 -2 -3
split_feature= 1 1
split_gain= 874.684 95.0388
threshold= 4.0612500000000002 5.8308000000000009
decision_type= 2 2
left_child=-1 -2
right_child=1 -3
leaf_value= -0.020944467215284861 0.016195637083758801 0.070232069323498958
leaf_weight=10247 4171 2094
leaf_count=10247 4171 2094
model_size=256
internal_value=0 0.0342567
internal_weight=0 6265
internal_count=16512 6265
is_linear=0
shrinkage=0.1


Tree=10
num_leaves= 3
num_cat= 0
full_tree_array_lgbids= 0 -1 1 -2147483648 -2147483648 -2 -3
split_feature= 1 6
split_gain= 653.202 66.3639
threshold= 3.8346500000000003 2.9742256672023202
decision_type= 2 2
left_child=-1 -2
right_child=1 -3
leaf_value= -0.020976913064703701 0.046645537472851994 -0.0015712087307238746
leaf_weight=9454 4343 2715
leaf_count=9454 4343 2715
model_size=256
internal_value=0 0.028098
internal_weight=0 7058
internal_count=16512 7058
is_linear=0
shrinkage=0.1


Tree=11
num_leaves= 5
num_cat= 0
full_tree_array_lgbids= 0 1 -2 2 -3 -2147483648 -2147483648 -1 3 -2147483648 -2147483648 -2147483648 -2147483648 -2147483648 -2147483648 -2147483648 -2147483648 -4 -5 -2147483648 -2147483648 -2147483648 -2147483648 -2147483648 -2147483648 -2147483648 -2147483648 -2147483648 -2147483648 -2147483648 -2147483648
split_feature= 1 7 8 6
split_gain= 546.648 83.0889 277.396 83.3668
threshold= 5.8308000000000009 37.925000000000004 -122.31499999999998 2.8751854599406532
decision_type= 2 2 2 2
left_child=1 2 -1 -4
right_child=-2 -3 3 -5
leaf_value= 0.098193547370683892 0.060393307406168745 -0.043679506216718351 0.01377461234993552 -0.024744343499940518
leaf_weight=589 2094 2734 5443 5652
leaf_count=589 2094 2734 5443 5652
model_size=480
internal_value=0 -0.00877123 -0.00060286 -0.00584766
internal_weight=0 14418 11684 11095
internal_count=16512 14418 11684 11095
is_linear=0
shrinkage=0.1


Tree=12
num_leaves= 2
num_cat= 0
full_tree_array_lgbids= 0 -1 -2
split_feature= 1
split_gain= 380.523
threshold= 5.3736000000000006
decision_type= 2
left_child=-1
right_child=-2
leaf_value= -0.0094255738936680471 0.046297690137891971
leaf_weight=13719 2793
leaf_count=13719 2793
model_size=144
internal_value=0
internal_weight=0
internal_count=16512
is_linear=0
shrinkage=0.1


Tree=13
num_leaves= 2
num_cat= 0
full_tree_array_lgbids= 0 -1 -2
split_feature= 1
split_gain= 292.591
threshold= 3.6530500000000008
decision_type= 2
left_child=-1
right_child=-2
leaf_value= -0.018567812031797453 0.020829735084501415
leaf_weight=8730 7782
leaf_count=8730 7782
model_size=144
internal_value=0
internal_weight=0
internal_count=16512
is_linear=0
shrinkage=0.1


Tree=14
num_leaves= 2
num_cat= 0
full_tree_array_lgbids= 0 -1 -2
split_feature= 1
split_gain= 192.268
threshold= 5.8308000000000009
decision_type= 2
left_child=-1
right_child=-2
leaf_value= -0.0069191806507587486 0.047641234434239343
leaf_weight=14418 2094
leaf_count=14418 2094
model_size=144
internal_value=0
internal_weight=0
internal_count=16512
is_linear=0
shrinkage=0.1


Tree=15
num_leaves= 2
num_cat= 0
full_tree_array_lgbids= 0 -1 -2
split_feature= 1
split_gain= 121.237
threshold= 3.5488500000000003
decision_type= 2
left_child=-1
right_child=-2
leaf_value= -0.016972470928428244 0.017030130387729284
leaf_weight=8270 8242
leaf_count=8270 8242
model_size=144
internal_value=0
internal_weight=0
internal_count=16512
is_linear=0
shrinkage=0.1


Tree=16
num_leaves= 4
num_cat= 0
full_tree_array_lgbids= 0 1 -2 2 -3 -2147483648 -2147483648 -1 -4 -2147483648 -2147483648 -2147483648 -2147483648 -2147483648 -2147483648
split_feature= 7 6 8
split_gain= 85.9314 194.724 95.6196
threshold= 37.925000000000004 2.9137341371666818 -117.77499999999999
decision_type= 2 2 2
left_child=1 2 -1
right_child=-2 -3 -4
leaf_value= 0.039663712398722836 -0.035739652886550781 -0.013647314334677758 -0.022792346369489059
leaf_weight=5675 2882 6476 1479
leaf_count=5675 2882 6476 1479
model_size=368
internal_value=0 0.00755698 0.0267517
internal_weight=0 13630 7154
internal_count=16512 13630 7154
is_linear=0
shrinkage=0.1


Tree=17
num_leaves= 2
num_cat= 0
full_tree_array_lgbids= 0 -1 -2
split_feature= 1
split_gain= 35.6218
threshold= 6.3350000000000009
decision_type= 2
left_child=-1
right_child=-2
leaf_value= -0.0049071710983256689 0.050063799489780382
leaf_weight=15038 1474
leaf_count=15038 1474
model_size=144
internal_value=0
internal_weight=0
internal_count=16512
is_linear=0
shrinkage=0.1


end of trees

feature_importances:
Column_1=46
Column_6=25
Column_2=8
Column_7=8
Column_8=5
Column_3=3

parameters:
[boosting: gbdt]
[objective: regression]
[metric: rmse]
[tree_learner: serial]
[device_type: cpu]
[data_sample_strategy: bagging]
[data: data/california_housing.libsvm.train]
[valid: data/california_housing.libsvm.test]
[num_iterations: 100000]
[learning_rate: 0.1]
[num_leaves: 255]
[num_threads: 0]
[seed: 42]
[deterministic: 0]
[force_col_wise: 0]
[force_row_wise: 0]
[histogram_pool_size: -1]
[max_depth: 5]
[min_data_in_leaf: 10]
[min_sum_hessian_in_leaf: 0.001]
[bagging_fraction: 1]
[pos_bagging_fraction: 1]
[neg_bagging_fraction: 1]
[bagging_freq: 0]
[bagging_seed: 400]
[feature_fraction: 1]
[feature_fraction_bynode: 1]
[feature_fraction_seed: 30056]
[extra_trees: 0]
[extra_seed: 12879]
[early_stopping_round: 0]
[early_stopping_min_delta: 0]
[first_metric_only: 0]
[max_delta_step: 0]
[lambda_l1: 0]
[lambda_l2: 0]
[linear_lambda: 0]
[min_gain_to_split: 0]
[drop_rate: 0.1]
[max_drop: 50]
[skip_drop: 0.5]
[xgboost_dart_mode: 0]
[uniform_drop: 0]
[drop_seed: 17869]
[top_rate: 0.2]
[other_rate: 0.1]
[min_data_per_group: 100]
[max_cat_threshold: 32]
[cat_l2: 10]
[cat_smooth: 10]
[max_cat_to_onehot: 4]
[top_k: 20]
[monotone_constraints: ]
[monotone_constraints_method: basic]
[monotone_penalty: 0]
[feature_contri: ]
[forcedsplits_filename: ]
[refit_decay_rate: 0.9]
[tinygbdt_penalty_feature: 0.00390625]
[tinygbdt_penalty_split: 2]
[tinygbdt_forestsize: 64000]
[tinygbdt_precision: 7]
[cegb_tradeoff: 1]
[cegb_penalty_split: 0]
[cegb_penalty_feature_lazy: ]
[cegb_penalty_feature_coupled: ]
[path_smooth: 0]
[interaction_constraints: ]
[verbosity: 2]
[saved_feature_importance_type: 0]
[use_quantized_grad: 0]
[num_grad_quant_bins: 4]
[quant_train_renew_leaf: 0]
[stochastic_rounding: 1]
[linear_tree: 0]
[max_bin: 255]
[max_bin_by_feature: ]
[min_data_in_bin: 3]
[bin_construct_sample_cnt: 200000]
[data_random_seed: 175]
[is_enable_sparse: 1]
[enable_bundle: 1]
[use_missing: 1]
[zero_as_missing: 0]
[feature_pre_filter: 1]
[pre_partition: 0]
[two_round: 0]
[header: 0]
[label_column: ]
[weight_column: ]
[group_column: ]
[ignore_column: ]
[categorical_feature: ]
[forcedbins_filename: ]
[precise_float_parser: 0]
[parser_config_file: ]
[objective_seed: 16083]
[num_class: 1]
[is_unbalance: 0]
[scale_pos_weight: 1]
[sigmoid: 1]
[boost_from_average: 1]
[reg_sqrt: 0]
[alpha: 0.9]
[fair_c: 1]
[poisson_max_delta_step: 0.7]
[tweedie_variance_power: 1.5]
[lambdarank_truncation_level: 30]
[lambdarank_norm: 1]
[label_gain: ]
[lambdarank_position_bias_regularization: 0]
[eval_at: ]
[multi_error_top_k: 1]
[auc_mu_weights: ]
[num_machines: 1]
[local_listen_port: 12400]
[time_out: 120]
[machine_list_filename: ]
[machines: ]
[gpu_platform_id: -1]
[gpu_device_id: -1]
[gpu_use_dp: 0]
[num_gpu: 1]

end of parameters
