tree
version=v4
num_class=1
num_tree_per_iteration=1
label_index=0
max_feature_idx=8
objective=regression
feature_names=Column_0 Column_1 Column_2 Column_3 Column_4 Column_5 Column_6 Column_7 Column_8
feature_infos=none [0.49990000000000001:15.0001] [1:52] [0.88888888888888884:141.90909090909091] [0.33333333333333331:25.63636363636364] [3:35682] [0.69230769230769229:1243.333333333333] [32.549999999999997:41.950000000000003] [-124.34999999999999:-114.31]
tree_sizes=895 856 922 861 918 860 790 857 859 730 791 792 664 649 661 653 665 378 659 495 497 664 659

Tree=0
num_leaves= 8
num_cat= 0
full_tree_array_lgbids= 0 1 2 5 3 4 6 -1 -7 -3 -5 -2 -6 -4 -8
split_feature= 1 1 1 6 6 3 1
split_gain= 6860.71 1557.71 1164.68 848.385 303.031 190.448 27.8256
threshold= 5.0387000000000013 3.0679500000000002 6.8672000000000013 2.3489548886254448 2.671038674349933 4.3101408005062494 7.852450000000001
decision_type= 2 2 2 2 2 2 2
left_child=1 5 4 -3 -2 -1 -4
right_child=2 3 6 -5 -6 -7 -8
leaf_value= 2.0271553702362852 2.2124016810384575 2.1448965452081059 2.2437582437954506 2.0525059688733616 2.1260912310358373 1.9812300134534242 2.3227113326055062
leaf_weight=2599 911 1463 431 5268 1601 3630 609
leaf_count=2599 911 1463 431 5268 1601 3630 609
model_size=816
internal_value=2.07195 2.03789 2.19622 2.07259 2.15739 2.00039 2.28999
internal_weight=0 12960 3552 6731 2512 6229 1040
internal_count=16512 12960 3552 6731 2512 6229 1040
is_linear=0
shrinkage=1


Tree=1
num_leaves= 7
num_cat= 0
full_tree_array_lgbids= 0 1 3 4 2 5 -5 -1 -6 -3 -4 -2 -7 -2147483648 -2147483648
split_feature= 1 1 6 1 6 2
split_gain= 5555.21 1712.51 784.974 449.968 211.383 97.3113
threshold= 5.6042500000000013 3.1913000000000005 2.4136952392348086 7.7055000000000016 2.1628386478062818 27.500000000000004
decision_type= 2 2 2 2 2 2
left_child=1 4 -3 5 -1 -2
right_child=3 2 -4 -5 -6 -7
leaf_value= -0.0082740533818989534 0.08366184650830015 0.073703667606659334 -0.009300027036995534 0.22158456530616577 -0.071020922948427975 0.16009667489878079
leaf_weight=1042 1104 1769 5483 670 5812 632
leaf_count=1042 1104 1769 5483 670 5812 632
model_size=704
internal_value=0 -0.0242454 0.0109473 0.142147 -0.0614816 0.111488
internal_weight=0 14106 7252 2406 6854 1736
internal_count=16512 14106 7252 2406 6854 1736
is_linear=0
shrinkage=0.1


Tree=2
num_leaves= 8
num_cat= 0
full_tree_array_lgbids= 0 2 1 5 3 4 6 -1 -7 -4 -5 -2 -6 -3 -8
split_feature= 1 1 1 6 6 3 1
split_gain= 4573.17 1114.08 716.799 601.675 253.528 105.056 50.9713
threshold= 4.5301500000000017 6.3350000000000009 2.6597500000000003 2.2634687595142249 2.735488224282792 3.8792159595040387 8.4454500000000028
decision_type= 2 2 2 2 2 2 2
left_child=2 4 5 -4 -2 -1 -3
right_child=1 6 3 -5 -6 -7 -8
leaf_value= -0.031434199577858646 0.09135010436317291 0.1374114317758158 0.054125912536775955 -0.028090511297110696 0.020804448647833221 -0.082837807867825727 0.21743759357068743
leaf_weight=1324 1343 1048 1361 5802 1959 3249 426
leaf_count=1324 1343 1048 1361 5802 1959 3249 426
model_size=816
internal_value=0 0.0837677 -0.0340895 -0.012469 0.049497 -0.0679552 0.16054
internal_weight=0 4776 11736 7163 3302 4573 1474
internal_count=16512 4776 11736 7163 3302 4573 1474
is_linear=0
shrinkage=0.1


Tree=3
num_leaves= 7
num_cat= 0
full_tree_array_lgbids= 0 1 2 4 3 5 -4 -1 -6 -3 -5 -2 -7 -2147483648 -2147483648
split_feature= 1 1 1 6 6 6
split_gain= 3716.56 846.912 474.956 349.162 233.578 115.103
threshold= 5.1326000000000009 3.5488500000000003 6.8672000000000013 2.4136952392348086 2.2352443515477258 2.5891438608419741
decision_type= 2 2 2 2 2 2
left_child=1 4 5 -3 -1 -2
right_child=2 3 -4 -5 -6 -7
leaf_value= -0.00032717859172592273 0.12096437672380614 0.068317707879618536 0.16098440332920291 -0.00639358281591507 -0.055714748827192177 0.045393929212750983
leaf_weight=1538 655 1174 1040 3769 6732 1604
leaf_count=1538 655 1174 1040 3769 6732 1604
model_size=704
internal_value=0 -0.0241783 0.0968376 0.0113509 -0.0454141 0.0673057
internal_weight=0 13213 3299 4943 8270 2259
internal_count=16512 13213 3299 4943 8270 2259
is_linear=0
shrinkage=0.1


Tree=4
num_leaves= 8
num_cat= 0
full_tree_array_lgbids= 0 2 1 5 4 3 6 -1 -7 -4 -6 -2 -5 -3 -8
split_feature= 1 1 6 6 1 7 2
split_gain= 3009.75 893.564 331.016 238.171 182.87 38.7609 19.8339
threshold= 4.125700000000001 6.2770500000000009 2.0376051459673437 2.735488224282792 2.4115000000000006 37.935000000000009 26.500000000000004
decision_type= 2 2 2 2 2 2 2
left_child=2 3 5 -2 -4 -1 -3
right_child=1 6 4 -5 -6 -7 -8
leaf_value= 0.046723925516650888 0.068050235591627609 0.099941604986711535 -0.067531376630762072 0.0079220814233290603 -0.027153371211985456 -0.060995450262528131 0.16831493564010216
leaf_weight=961 1893 878 3129 2571 6218 204 658
leaf_count=961 1893 878 3129 2571 6218 204 658
model_size=816
internal_value=0 0.0579478 -0.0330752 0.03342 -0.0406703 0.0278615 0.129232
internal_weight=0 6000 10512 4464 9347 1165 1536
internal_count=16512 6000 10512 4464 9347 1165 1536
is_linear=0
shrinkage=0.1


Tree=5
num_leaves= 7
num_cat= 0
full_tree_array_lgbids= 0 1 3 4 2 5 -5 -1 -6 -3 -4 -2 -7 -2147483648 -2147483648
split_feature= 1 1 6 1 3 6
split_gain= 2456.65 613.389 373.988 221.648 42.4662 14.72
threshold= 5.2771000000000017 2.7820000000000005 2.2982753493904258 7.3930000000000016 3.8792159595040387 2.9432978723404259
decision_type= 2 2 2 2 2 2
left_child=1 4 -3 5 -1 -2
right_child=3 2 -4 -5 -6 -7
leaf_value= -0.017088251020950487 0.088057443983430905 0.051351507727643908 -0.012463531996239464 0.14444552875678249 -0.061943468674109083 0.030364916829366637
leaf_weight=1413 1247 1636 6797 793 3683 943
leaf_count=1413 1247 1636 6797 793 3683 943
model_size=704
internal_value=0 -0.0186996 -8.34294e-05 0.0848096 -0.0495062 0.0632154
internal_weight=0 13529 8433 2983 5096 2190
internal_count=16512 13529 8433 2983 5096 2190
is_linear=0
shrinkage=0.1


Tree=6
num_leaves= 6
num_cat= 0
full_tree_array_lgbids= 0 2 1 -1 3 4 -3 -2147483648 -2147483648 -4 -5 -2 -6 -2147483648 -2147483648
split_feature= 1 1 1 6 6
split_gain= 2009.14 380.354 266.522 247.336 46.6574
threshold= 4.5301500000000017 6.3963500000000009 2.5044000000000004 2.0653737590585881 2.5219735498882589
decision_type= 2 2 2 2 2
left_child=2 4 -1 -4 -2
right_child=1 -3 3 -5 -6
leaf_value= -0.050724117346493437 0.078564470297565692 0.10922166426565826 0.053497640459441442 -0.018075560134926005 0.02029745026243697
leaf_weight=3846 847 1412 920 6970 2517
leaf_count=3846 847 1412 920 6970 2517
model_size=592
internal_value=0 0.0569208 -0.0231641 -0.00972989 0.0349681
internal_weight=0 4776 11736 7890 3364
internal_count=16512 4776 11736 7890 3364
is_linear=0
shrinkage=0.1


Tree=7
num_leaves= 7
num_cat= 0
full_tree_array_lgbids= 0 2 1 3 -4 4 5 -1 -5 -2147483648 -2147483648 -2 -6 -3 -7
split_feature= 1 1 7 8 6 2
split_gain= 1635.32 414.618 180.403 397.417 82.9332 11.8236
threshold= 4.0612500000000002 5.8308000000000009 37.925000000000004 -122.31499999999998 2.6829812717770039 26.500000000000004
decision_type= 2 2 2 2 2 2
left_child=2 4 3 -1 -2 -3
right_child=1 5 -4 -5 -6 -7
leaf_value= 0.10872197541541287 0.051837638729336978 0.06032619009671028 -0.062005029829169417 -0.021961467328971862 0.00088537432652337146 0.12072562488473154
leaf_weight=350 1615 1219 2144 7753 2556 875
leaf_count=350 1615 1219 2144 7753 2556 875
model_size=704
internal_value=0 0.042323 -0.0258762 -0.0163167 0.020614 0.0855647
internal_weight=0 6265 10247 8103 4171 2094
internal_count=16512 6265 10247 8103 4171 2094
is_linear=0
shrinkage=0.1


Tree=8
num_leaves= 7
num_cat= 0
full_tree_array_lgbids= 0 2 1 4 5 3 -3 -1 -6 -4 -7 -2 -5 -2147483648 -2147483648
split_feature= 1 1 6 2 7 7
split_gain= 1286.26 286.696 123.817 63.0256 55.9721 31.7463
threshold= 4.125700000000001 6.3963500000000009 2.2982753493904258 36.500000000000007 37.935000000000009 34.455000000000005
decision_type= 2 2 2 2 2 2
left_child=2 3 4 -2 -1 -4
right_child=1 -3 5 -5 -6 -7
leaf_value= 0.027848542204469359 0.012738215455572563 0.089649001552833674 -0.015561685936239335 0.070922715110550844 -0.050408903226658877 -0.047434203257191637
leaf_weight=1718 3702 1412 4210 886 494 4090
leaf_count=1718 3702 1412 4210 886 494 4090
model_size=704
internal_value=0 0.0394298 -0.0225056 0.0239744 0.0103715 -0.0312675
internal_weight=0 6000 10512 4588 2212 8300
internal_count=16512 6000 10512 4588 2212 8300
is_linear=0
shrinkage=0.1


Tree=9
num_leaves= 5
num_cat= 0
full_tree_array_lgbids= 0 1 -2 3 2 -2147483648 -2147483648 -1 -5 -3 -4 -2147483648 -2147483648 -2147483648 -2147483648
split_feature= 1 1 6 3
split_gain= 1024.53 287.636 141.576 11.1759
threshold= 5.6042500000000013 3.3277500000000004 2.5357030921530415 4.4053436317780594
decision_type= 2 2 2 2
left_child=1 3 -3 -1
right_child=-2 2 -4 -5
leaf_value= -0.010058074718065271 0.065492863968910187 0.040561324095090577 -0.0069185257312825155 -0.042742680200436992
leaf_weight=3239 2406 2113 4563 4191
leaf_count=3239 2406 2113 4563 4191
model_size=480
internal_value=0 -0.0111708 0.00810917 -0.0284943
internal_weight=0 14106 6676 7430
internal_count=16512 14106 6676 7430
is_linear=0
shrinkage=0.1


Tree=10
num_leaves= 6
num_cat= 0
full_tree_array_lgbids= 0 1 3 -1 2 4 -5 -2147483648 -2147483648 -3 -4 -2 -6 -2147483648 -2147483648
split_feature= 1 1 6 1 2
split_gain= 818.008 116.174 99.728 99.6151 16.856
threshold= 4.6754000000000007 2.2336500000000004 2.4206262209680918 7.852450000000001 21.500000000000004
decision_type= 2 2 2 2 2
left_child=1 -1 -3 4 -2
right_child=3 2 -4 -5 -6
leaf_value= -0.043427120998664748 0.002764233562107607 0.022352001183365118 -0.016983401390242087 0.10484084830067331 0.050269042954231236
leaf_weight=2846 1547 2579 6708 609 2223
leaf_count=2846 1547 2579 6708 609 2223
model_size=592
internal_value=0 -0.0148251 -0.00605996 0.0410761 0.0307757
internal_weight=0 12133 9287 4379 3770
internal_count=16512 12133 9287 4379 3770
is_linear=0
shrinkage=0.1


Tree=11
num_leaves= 6
num_cat= 0
full_tree_array_lgbids= 0 3 1 4 -5 2 -3 -1 -6 -2147483648 -2147483648 -2 -4 -2147483648 -2147483648
split_feature= 1 1 6 7 8
split_gain= 656.717 125.833 77.7494 5.15264 129.874
threshold= 3.8346500000000003 7.3930000000000016 2.9742256672023202 38.475000000000001 -122.38499999999998
decision_type= 2 2 2 2 2
left_child=3 2 -2 4 -1
right_child=1 -3 -4 -5 -6
leaf_value= 0.074469321632388549 0.035216399883874268 0.085986730524916899 -0.007456970992206222 -0.055360130804599977 -0.018254881307957761
leaf_weight=396 3838 793 2427 1331 7727
leaf_count=396 3838 793 2427 1331 7727
model_size=592
internal_value=0 0.0262468 0.0186852 -0.0195949 -0.0137345
internal_weight=0 7058 6265 9454 8123
internal_count=16512 7058 6265 9454 8123
is_linear=0
shrinkage=0.1


Tree=12
num_leaves= 4
num_cat= 0
full_tree_array_lgbids= 0 1 -2 2 -3 -2147483648 -2147483648 -1 -4 -2147483648 -2147483648 -2147483648 -2147483648 -2147483648 -2147483648
split_feature= 1 7 8
split_gain= 509.689 131.672 367.664
threshold= 5.3736000000000006 37.915000000000006 -122.31499999999998
decision_type= 2 2 2
left_child=1 2 -1
right_child=-2 -3 -4
leaf_value= 0.096625332557763774 0.04586629834188144 -0.040850253893660385 -0.0069242637882914616
leaf_weight=556 2793 2673 10490
leaf_count=556 2793 2673 10490
model_size=368
internal_value=0 -0.00933775 -0.0017121
internal_weight=0 13719 11046
internal_count=16512 13719 11046
is_linear=0
shrinkage=0.1


Tree=13
num_leaves= 4
num_cat= 0
full_tree_array_lgbids= 0 -1 1 -2147483648 -2147483648 -2 2 -2147483648 -2147483648 -2147483648 -2147483648 -2147483648 -2147483648 -3 -4
split_feature= 1 2 6
split_gain= 406.128 94.3185 138.088
threshold= 3.6530500000000008 17.500000000000004 2.0653737590585881
decision_type= 2 2 2
left_child=-1 -2 -3
right_child=1 2 -4
leaf_value= -0.018096724114828204 -0.01080768884457275 0.12176344422223705 0.025694364580441477
leaf_weight=8730 2192 396 5194
leaf_count=8730 2192 396 5194
model_size=368
internal_value=0 0.0203013 0.0325
internal_weight=0 7782 5590
internal_count=16512 7782 5590
is_linear=0
shrinkage=0.1


Tree=14
num_leaves= 4
num_cat= 0
full_tree_array_lgbids= 0 1 -2 2 -3 -2147483648 -2147483648 -1 -4 -2147483648 -2147483648 -2147483648 -2147483648 -2147483648 -2147483648
split_feature= 1 6 7
split_gain= 346.649 96.4239 189.121
threshold= 5.8308000000000009 2.8396278889382178 37.935000000000009
decision_type= 2 2 2
left_child=1 2 -1
right_child=-2 -3 -4
leaf_value= 0.020115468203059698 0.047896590946674353 -0.021871752794899835 -0.033208040405187204
leaf_weight=5617 2094 6967 1834
leaf_count=5617 2094 6967 1834
model_size=368
internal_value=0 -0.00695627 0.00699034
internal_weight=0 14418 7451
internal_count=16512 14418 7451
is_linear=0
shrinkage=0.1


Tree=15
num_leaves= 4
num_cat= 0
full_tree_array_lgbids= 0 -1 1 -2147483648 -2147483648 -2 2 -2147483648 -2147483648 -2147483648 -2147483648 -2147483648 -2147483648 -3 -4
split_feature= 1 2 6
split_gain= 244.604 33.3568 22.8678
threshold= 3.9004500000000006 20.500000000000004 2.0653737590585881
decision_type= 2 2 2
left_child=-1 -2 -3
right_child=1 2 -4
leaf_value= -0.013912908759780511 -0.0051410800439018849 0.12140457256297982 0.02774120286427826
leaf_weight=9660 2491 280 4081
leaf_count=9660 2491 280 4081
model_size=368
internal_value=0 0.0196145 0.0337549
internal_weight=0 6852 4361
internal_count=16512 6852 4361
is_linear=0
shrinkage=0.1


Tree=16
num_leaves= 4
num_cat= 0
full_tree_array_lgbids= 0 1 -2 2 -3 -2147483648 -2147483648 -1 -4 -2147483648 -2147483648 -2147483648 -2147483648 -2147483648 -2147483648
split_feature= 1 8 7
split_gain= 201.931 61.8175 227.656
threshold= 5.8308000000000009 -117.77499999999999 34.525000000000013
decision_type= 2 2 2
left_child=1 2 -1
right_child=-2 -3 -4
leaf_value= 0.022594521466980235 0.041395105728553788 -0.035950366693530779 -0.016159887121110231
leaf_weight=5051 2094 2498 6869
leaf_count=5051 2094 2498 6869
model_size=368
internal_value=0 -0.00601202 0.000261968
internal_weight=0 14418 11920
internal_count=16512 14418 11920
is_linear=0
shrinkage=0.1


Tree=17
num_leaves= 2
num_cat= 0
full_tree_array_lgbids= 0 -1 -2
split_feature= 1
split_gain= 125.557
threshold= 5.0116000000000005
decision_type= 2
left_child=-1
right_child=-2
leaf_value= -0.0075697822607664073 0.027006218673215416
leaf_weight=12897 3615
leaf_count=12897 3615
model_size=144
internal_value=0
internal_weight=0
internal_count=16512
is_linear=0
shrinkage=0.1


Tree=18
num_leaves= 4
num_cat= 0
full_tree_array_lgbids= 0 1 -2 2 -3 -2147483648 -2147483648 -1 -4 -2147483648 -2147483648 -2147483648 -2147483648 -2147483648 -2147483648
split_feature= 6 7 8
split_gain= 103.152 209.32 196.981
threshold= 3.1100458715596333 37.935000000000009 -117.77499999999999
decision_type= 2 2 2
left_child=1 2 -1
right_child=-2 -3 -4
leaf_value= 0.031196478702251895 -0.019826899136096622 -0.027567722738534157 -0.021938906174968062
leaf_weight=6856 5414 2394 1848
leaf_count=6856 5414 2394 1848
model_size=368
internal_value=0 0.00967227 0.019915
internal_weight=0 11098 8704
internal_count=16512 11098 8704
is_linear=0
shrinkage=0.1


Tree=19
num_leaves= 3
num_cat= 0
full_tree_array_lgbids= 0 -1 1 -2147483648 -2147483648 -2 -3
split_feature= 1 2
split_gain= 69.9351 29.8997
threshold= 2.7820000000000005 38.500000000000007
decision_type= 2 2
left_child=-1 -2
right_child=1 -3
leaf_value= -0.019695914805132712 0.0016213708369748918 0.038830830789808798
leaf_weight=5096 9216 2200
leaf_count=5096 9216 2200
model_size=256
internal_value=0 0.00879208
internal_weight=0 11416
internal_count=16512 11416
is_linear=0
shrinkage=0.1


Tree=20
num_leaves= 3
num_cat= 0
full_tree_array_lgbids= 0 1 -2 -1 -3 -2147483648 -2147483648
split_feature= 1 6
split_gain= 41.9218 1.86576
threshold= 5.8308000000000009 2.0376051459673437
decision_type= 2 2
left_child=1 -1
right_child=-2 -3
leaf_value= 0.032477953124281665 0.03292195877100576 -0.0088741914376082847
leaf_weight=1427 2094 12991
leaf_count=1427 2094 12991
model_size=256
internal_value=0 -0.00478142
internal_weight=0 14418
internal_count=16512 14418
is_linear=0
shrinkage=0.1


Tree=21
num_leaves= 4
num_cat= 0
full_tree_array_lgbids= 0 1 -2 -1 2 -2147483648 -2147483648 -2147483648 -2147483648 -3 -4 -2147483648 -2147483648 -2147483648 -2147483648
split_feature= 7 8 8
split_gain= 19.7104 179.298 52.6602
threshold= 37.925000000000004 -122.31499999999998 -117.75499999999998
decision_type= 2 2 2
left_child=1 -1 -3
right_child=-2 2 -4
leaf_value= 0.079893797859744972 -0.026175264762571916 0.009177430995813066 -0.026145573508239317
leaf_weight=685 2882 10168 2777
leaf_count=685 2882 10168 2777
model_size=368
internal_value=0 0.00553464 0.00159983
internal_weight=0 13630 12945
internal_count=16512 13630 12945
is_linear=0
shrinkage=0.1


Tree=22
num_leaves= 4
num_cat= 0
full_tree_array_lgbids= 0 1 -2 2 -3 -2147483648 -2147483648 -1 -4 -2147483648 -2147483648 -2147483648 -2147483648 -2147483648 -2147483648
split_feature= 6 7 8
split_gain= 15.2457 49.969 45.5005
threshold= 3.102783329035586 37.945000000000007 -117.85499999999998
decision_type= 2 2 2
left_child=1 2 -1
right_child=-2 -3 -4
leaf_value= 0.026212717847922118 -0.017009653719438189 -0.021793046164669913 -0.015585528563100899
leaf_weight=6692 5479 2346 1995
leaf_count=6692 5479 2346 1995
model_size=368
internal_value=0 0.00844701 0.0166136
internal_weight=0 11033 8687
internal_count=16512 11033 8687
is_linear=0
shrinkage=0.1


end of trees

feature_importances:
Column_1=42
Column_6=26
Column_7=11
Column_2=8
Column_8=8
Column_3=4

parameters:
[boosting: gbdt]
[objective: regression]
[metric: rmse]
[tree_learner: serial]
[device_type: cpu]
[data_sample_strategy: bagging]
[data: data/california_housing.libsvm.train]
[valid: data/california_housing.libsvm.test]
[num_iterations: 500]
[learning_rate: 0.1]
[num_leaves: 255]
[num_threads: 0]
[seed: 42]
[deterministic: 0]
[force_col_wise: 0]
[force_row_wise: 0]
[histogram_pool_size: -1]
[max_depth: 3]
[min_data_in_leaf: 10]
[min_sum_hessian_in_leaf: 0.001]
[bagging_fraction: 1]
[pos_bagging_fraction: 1]
[neg_bagging_fraction: 1]
[bagging_freq: 0]
[bagging_seed: 400]
[feature_fraction: 1]
[feature_fraction_bynode: 1]
[feature_fraction_seed: 30056]
[extra_trees: 0]
[extra_seed: 12879]
[early_stopping_round: 0]
[early_stopping_min_delta: 0]
[first_metric_only: 0]
[max_delta_step: 0]
[lambda_l1: 0]
[lambda_l2: 0]
[linear_lambda: 0]
[min_gain_to_split: 0]
[drop_rate: 0.1]
[max_drop: 50]
[skip_drop: 0.5]
[xgboost_dart_mode: 0]
[uniform_drop: 0]
[drop_seed: 17869]
[top_rate: 0.2]
[other_rate: 0.1]
[min_data_per_group: 100]
[max_cat_threshold: 32]
[cat_l2: 10]
[cat_smooth: 10]
[max_cat_to_onehot: 4]
[top_k: 20]
[monotone_constraints: ]
[monotone_constraints_method: basic]
[monotone_penalty: 0]
[feature_contri: ]
[forcedsplits_filename: ]
[refit_decay_rate: 0.9]
[tinygbdt_penalty_feature: 16]
[tinygbdt_penalty_split: 0.5]
[tinygbdt_forestsize: 64000]
[tinygbdt_precision: 7]
[cegb_tradeoff: 1]
[cegb_penalty_split: 0]
[cegb_penalty_feature_lazy: ]
[cegb_penalty_feature_coupled: ]
[path_smooth: 0]
[interaction_constraints: ]
[verbosity: 2]
[saved_feature_importance_type: 0]
[use_quantized_grad: 0]
[num_grad_quant_bins: 4]
[quant_train_renew_leaf: 0]
[stochastic_rounding: 1]
[linear_tree: 0]
[max_bin: 255]
[max_bin_by_feature: ]
[min_data_in_bin: 3]
[bin_construct_sample_cnt: 200000]
[data_random_seed: 175]
[is_enable_sparse: 1]
[enable_bundle: 1]
[use_missing: 1]
[zero_as_missing: 0]
[feature_pre_filter: 1]
[pre_partition: 0]
[two_round: 0]
[header: 0]
[label_column: ]
[weight_column: ]
[group_column: ]
[ignore_column: ]
[categorical_feature: ]
[forcedbins_filename: ]
[precise_float_parser: 0]
[parser_config_file: ]
[objective_seed: 16083]
[num_class: 1]
[is_unbalance: 0]
[scale_pos_weight: 1]
[sigmoid: 1]
[boost_from_average: 1]
[reg_sqrt: 0]
[alpha: 0.9]
[fair_c: 1]
[poisson_max_delta_step: 0.7]
[tweedie_variance_power: 1.5]
[lambdarank_truncation_level: 30]
[lambdarank_norm: 1]
[label_gain: ]
[lambdarank_position_bias_regularization: 0]
[eval_at: ]
[multi_error_top_k: 1]
[auc_mu_weights: ]
[num_machines: 1]
[local_listen_port: 12400]
[time_out: 120]
[machine_list_filename: ]
[machines: ]
[gpu_platform_id: -1]
[gpu_device_id: -1]
[gpu_use_dp: 0]
[num_gpu: 1]

end of parameters
