tree
version=v4
num_class=1
num_tree_per_iteration=1
label_index=0
max_feature_idx=8
objective=regression
feature_names=Column_0 Column_1 Column_2 Column_3 Column_4 Column_5 Column_6 Column_7 Column_8
feature_infos=none [0.49990000000000001:15.0001] [1:52] [0.88888888888888884:141.90909090909091] [0.33333333333333331:25.63636363636364] [3:35682] [0.69230769230769229:1243.333333333333] [32.549999999999997:41.950000000000003] [-124.34999999999999:-114.31]
tree_sizes=2936 2817 2880 2669 2677 2751 2406 2550 2474 2606 2402 2538 2341 2440 2479 2070 2202 1918 1928 2137 1579 1861 1496 1706 1797 1647 1798 1443 2152 1379 1775 1872 501 1799 380

Tree=0
num_leaves= 31
num_cat= 0
full_tree_array_lgbids= 0 1 2 5 3 4 10 9 11 6 7 15 12 19 22 14 13 24 20 25 8 18 16 27 17 26 21 -4 29 23 28 -1 -16 -11 -15 -7 -26 -13 -22 -3 -27 -8 -10 -5 -20 -9 -18 -2 -29 -17 -19 -6 -28 -14 -23 -2147483648 -2147483648 -21 -31 -12 -25 -24 -30
split_feature= 1 1 1 6 6 3 2 1 7 1 1 1 1 6 3 2 6 6 2 2 6 2 1 2 7 1 6 1 5 7
split_gain= 6972.71 1670.2 1277.17 961.37 416.507 303.432 219.089 198.012 172.418 166.224 141.302 122.142 106.092 97.9708 96.498 92.9027 90.6891 80.6299 70.5816 58.536 52.2119 28.9448 18.7189 22.3533 18.6439 16.2182 15.8906 13.5482 11.0677 1.42936
threshold= 5.0387000000000013 3.0679500000000002 6.8672000000000013 2.3489548886254448 2.671038674349933 4.3101408005062494 24.500000000000004 4.0775500000000013 37.815000000000005 2.2210000000000005 7.852450000000001 2.4115000000000006 5.7307500000000013 2.4907552973342448 3.449226804123712 19.500000000000004 2.9005380231986346 2.0653737590585881 43.500000000000007 26.500000000000004 2.2906328481453726 27.500000000000004 8.7395500000000013 28.500000000000004 35.335000000000008 3.5330000000000008 2.9742256672023202 5.6402500000000009 139.50000000000003 37.645000000000003
decision_type= 2 2 2 2 2 2 2 2 2 2 2 2 2 2 2 2 2 2 2 2 2 2 2 2 2 2 2 2 2 2
left_child=1 5 4 6 15 9 25 18 -8 14 19 24 26 -11 -1 27 -9 -17 -5 -4 -13 -14 23 -12 -7 -3 -6 -2 -24 -21
right_child=2 3 10 7 12 11 8 16 -10 13 22 20 21 -15 -16 17 -18 -19 -20 29 -22 -23 28 -25 -26 -27 -28 -29 -30 -31
leaf_value= 2.0405687631288161 2.122367892078735 2.0619325518895399 2.2105021416414852 2.0293758741925956 2.1246833370498446 1.9807571227445304 2.1984147209355398 2.1002101309481218 2.0795283240852767 2.0970408790997888 2.2611911907323741 2.043693994763716 2.1410397950488846 2.0327038778370752 1.9814897297846104 2.3293276008777508 2.055796547371648 2.2183144165789459 2.080533949453383 2.3136092887030801 1.9920349409095919 2.1974100577568745 2.2256631944098948 2.3423931801380187 1.9518240180001829 2.1119780300641722 2.0841198818403921 2.1915848606410337 2.348659992346585 2.2369779892674675
leaf_weight=503 128 198 263 2717 312 636 733 1016 163 430 147 309 586 767 899 91 1158 572 377 129 1491 187 19 97 1194 369 516 120 346 39
leaf_count=503 128 198 263 2717 312 636 733 1016 163 430 147 309 586 767 899 91 1158 572 377 129 1491 187 19 97 1194 369 516 120 346 39
model_size=3392
internal_value=2.07195 2.03789 2.19622 2.07259 2.15739 2.00039 2.1449 2.05251 2.17679 2.02716 2.28999 1.98123 2.12609 2.05582 2.00269 2.2124 2.07655 2.23355 2.03561 2.24376 2.0009 2.15468 2.32271 2.29347 1.96188 2.0945 2.0994 2.15586 2.34226 2.29582
internal_weight=0 12960 3552 6731 2512 6229 1463 5268 896 2599 1040 3630 1601 1197 1402 911 2174 663 3094 431 1800 773 609 244 1830 567 828 248 365 168
internal_count=16512 12960 3552 6731 2512 6229 1463 5268 896 2599 1040 3630 1601 1197 1402 911 2174 663 3094 431 1800 773 609 244 1830 567 828 248 365 168
is_linear=0
shrinkage=1


Tree=1
num_leaves= 27
num_cat= 0
full_tree_array_lgbids= 0 1 2 5 3 4 12 13 6 7 9 18 16 19 23 14 -15 8 10 -3 11 17 15 24 20 22 21 25 -21 -14 -25 -1 -16 -2147483648 -2147483648 -7 -10 -8 -12 -2147483648 -2147483648 -9 -13 -5 -19 -11 -17 -2 -26 -20 -22 -6 -24 -18 -23 -4 -27 -2147483648 -2147483648 -2147483648 -2147483648 -2147483648 -2147483648
split_feature= 1 1 1 6 6 6 7 2 8 1 8 6 1 7 8 6 1 2 2 2 6 2 6 5 1 4
split_gain= 5645.49 1448.51 932.577 818.742 308.805 296.859 210.852 206.144 164.673 159.229 126.44 124.298 111.196 102.772 119.235 93.7504 68.8383 66.2583 65.6143 65.3426 47.3373 24.6604 12.8179 4.52452 3.93123 0.702311
threshold= 5.1326000000000009 3.1792500000000001 6.8672000000000013 2.2982753493904258 2.6585924622132828 2.1628386478062818 34.455000000000005 19.500000000000004 -117.77499999999999 4.1119000000000012 -121.63499999999998 1.9628175980828908 8.4454500000000028 37.935000000000009 -118.24499999999999 2.8335312747426764 5.8308000000000009 47.500000000000007 21.500000000000004 26.500000000000004 2.2038024706228287 27.500000000000004 3.1262267671728927 70.000000000000014 5.6402500000000009 1.0097363099187924
decision_type= 2 2 2 2 2 2 2 2 2 2 2 2 2 2 2 2 2 2 2 2 2 2 2 2 2 2
left_child=1 5 4 7 18 13 8 -3 -7 17 -8 -9 19 14 -1 -11 22 -5 24 25 -20 -18 -6 -14 -2 -4
right_child=2 3 12 9 16 6 10 11 -10 15 -12 -13 23 -15 -16 -17 21 -19 20 -21 -22 -23 -24 -25 -26 -27
leaf_value= 0.044230430953254636 0.051710352190187048 0.013380108862050941 0.11059793351965697 -0.033517635639986235 0.048827385960445342 -0.032418481581660212 -0.062115720910071164 0.16254536505971776 -0.086464694131891839 0.033086021130256597 -0.10739158312721281 0.077517444901220187 0.10762568108427029 -0.071956682126132807 -0.039420649286328324 -0.010822406174656622 0.064840007462105109 0.030431795661703398 0.22015546661538954 0.21172485594009238 0.13662539405426799 0.12128281233978436 0.010032595539933747 0.24209449534497904 0.11076683308929205 0.15488111242500233
leaf_weight=447 107 350 147 2681 418 1871 1128 305 928 1009 1827 539 11.999999999999998 245 343 1321 524 219 117 246 423 172 367 414 131 221
leaf_count=447 107 350 147 2681 418 1871 1128 305 928 1009 1827 539 12 245 343 1321 524 219 117 246 423 172 367 414 131 221
model_size=2944
internal_value=0 -0.02926 0.117191 0.00497081 0.0807981 -0.0616504 -0.0707621 0.0804366 -0.0503373 -0.0122579 -0.0901086 0.108244 0.19624 -0.0109948 0.00791104 0.00819202 0.0532941 -0.0286884 0.133154 0.167054 0.154724 0.0787885 0.0306902 0.238307 0.0842162 0.137192
internal_weight=0 13213 3299 6424 2259 6789 5754 1194 2799 5230 2955 844 1040 1035 790 2330 1481 2900 778 614 540 696 785 426 238 368
internal_count=16512 13213 3299 6424 2259 6789 5754 1194 2799 5230 2955 844 1040 1035 790 2330 1481 2900 778 614 540 696 785 426 238 368
is_linear=0
shrinkage=0.1


Tree=2
num_leaves= 28
num_cat= 0
full_tree_array_lgbids= 0 1 2 6 3 4 7 13 10 5 9 17 16 11 22 19 -15 21 15 8 -7 14 12 25 18 20 -18 26 -13 23 24 -1 -21 -2147483648 -2147483648 -8 -23 -12 -17 -3 -10 -2147483648 -2147483648 -5 -16 -11 -14 -2 -27 -19 -20 -6 -22 -2147483648 -2147483648 -4 -28 -2147483648 -2147483648 -9 -25 -24 -26
split_feature= 1 1 1 6 6 7 3 1 8 1 1 2 2 6 3 6 6 2 6 8 2 6 2 1 5 5 6
split_gain= 4582.41 1112.15 848.953 680.103 228.793 221.282 195.181 175.126 174.023 138.481 94.6806 87.0123 70.7249 65.234 60.6035 53.3157 40.7808 36.8673 41.9084 30.3792 15.7664 10.1051 8.53694 2.73254 2.09785 1.58233 1.4854
threshold= 5.0387000000000013 2.8762500000000002 6.3963500000000009 2.4136952392348086 2.5827178004959954 37.995000000000012 3.8792159595040387 7.852450000000001 -122.35499999999998 3.8346500000000003 2.2948000000000004 26.500000000000004 42.500000000000007 3.0973600929976173 5.1947827066293142 2.2906328481453726 3.0375944537846187 21.500000000000004 2.0653737590585881 -117.145 20.500000000000004 2.1718174014038287 20.500000000000004 9.1688500000000008 139.50000000000003 358.50000000000006 2.6585924622132828
decision_type= 2 2 2 2 2 2 2 2 2 2 2 2 2 2 2 2 2 2 2 2 2 2 2 2 2 2 2
left_child=1 6 4 5 17 8 13 11 -3 14 21 26 -11 19 -5 -12 20 25 -19 -1 -6 -8 23 -9 -24 -2 -4
right_child=2 3 7 9 16 -7 10 22 -10 12 15 -13 -14 -15 -16 -17 -18 18 -20 -21 -22 -23 24 -25 -26 -27 -28
leaf_value= 0.004997166402595626 -0.032755612139590086 0.15530145615721361 0.14059486463071499 -0.021756683590240855 0.028230403204931018 -0.04196680344791117 -0.060948759344007286 0.14921526030947765 0.05015581119245003 -0.0097105011414146177 -0.017192798938548332 0.17460610964037002 0.048191479024689475 -0.052241580402965282 -0.05477748556130882 -0.06618015511440789 0.019169376443520087 0.21353098875597906 0.11639004326505781 -0.07594990942899775 0.072191242709795947 -0.094691603641533117 0.10807482798894247 0.21131945063224 0.22301706312538744 0.079583866178843735 0.091382259151591025
leaf_weight=605 15.999999999999998 195 94 1556 249 252 273 120 1509 2424 363 312 293 769 1309 1511 743 76 348 82 529 1819 14.999999999999998 89 385 179 397
leaf_count=605 16 195 94 1556 249 252 273 120 1509 2424 363 312 293 769 1309 1511 743 76 348 82 529 1819 15 89 385 179 397
model_size=3056
internal_value=0 -0.0276298 0.100812 -0.00259777 0.0607079 0.0487696 -0.062431 0.161592 0.0621883 -0.0205975 -0.0744131 0.129479 -0.00346638 -0.0297928 -0.0368437 -0.0566911 0.0390936 0.113818 0.133802 -0.00466464 0.0581215 -0.0902883 0.203934 0.175662 0.218707 0.0703663 0.100804
internal_weight=0 12960 3552 7538 2140 1956 5422 1412 1704 5582 3966 803 2717 1456 2865 1874 1521 619 424 687 778 2092 609 209 400 195 491
internal_count=16512 12960 3552 7538 2140 1956 5422 1412 1704 5582 3966 803 2717 1456 2865 1874 1521 619 424 687 778 2092 609 209 400 195 491
is_linear=0
shrinkage=0.1


Tree=3
num_leaves= 25
num_cat= 0
full_tree_array_lgbids= 0 1 3 4 2 9 18 12 8 5 7 17 16 23 -20 13 -14 10 11 6 21 14 15 -2 19 22 20 -5 -25 -2147483648 -2147483648 -1 -15 -2147483648 -2147483648 -6 -12 -10 -13 -3 -8 -7 -23 -4 -16 -9 -17 -2147483648 -2147483648 -19 -21 -11 -24 -18 -22 -2147483648 -2147483648 -2147483648 -2147483648 -2147483648 -2147483648 -2147483648 -2147483648
split_feature= 1 1 6 1 6 7 2 1 7 6 8 8 7 8 8 6 1 2 2 4 2 8 2 1
split_gain= 3747.62 1208.67 589.274 373.072 238.63 178.653 170.286 147.46 145.634 144.366 141.563 129.277 76.5633 79.146 64.0608 38.3925 36.4773 25.9026 13.9115 12.1069 9.67984 5.46335 5.29571 3.62415
threshold= 5.6042500000000013 3.3277500000000004 2.4469862317432325 7.7055000000000016 2.1496330815790889 37.935000000000009 19.500000000000004 4.5301500000000017 34.455000000000005 2.6529733204757315 -117.77499999999999 -121.63499999999998 37.935000000000009 -118.25499999999998 -122.38499999999998 2.9742256672023202 6.2770500000000009 21.500000000000004 18.500000000000004 1.0435797675926601 25.500000000000004 -122.35499999999998 36.500000000000007 8.7395500000000013
decision_type= 2 2 2 2 2 2 2 2 2 2 2 2 2 2 2 2 2 2 2 2 2 2 2 2
left_child=1 4 5 9 12 6 -3 14 10 17 -6 -10 13 -1 -4 -9 22 -2 23 -19 -18 -7 -11 -5
right_child=3 2 7 18 8 21 -8 15 11 16 -12 -13 -14 -15 -16 -17 20 19 -20 -21 -22 -23 -24 -25
leaf_value= 0.041776269171050914 0.091917395720688203 0.017259029797593455 0.033704416719430932 0.11805578105732661 -0.022943466793592045 0.021474917816770515 0.097397996711200904 0.034334270685837907 -0.044692499679377065 0.042632826944755453 -0.071224899929884108 -0.088130413373693803 -0.057992405394751416 -0.02589630158029757 -0.025467502123471306 -0.00024166946888890792 0.076933464473415356 0.13153232860382602 0.19486787062737745 0.18776061047299381 0.12426739074777118 -0.043320394872611613 0.11632284972402784 0.18172805966163169
leaf_weight=485 169 399 253 109 2060 82 1089 931 1282 549 1018 1970 243 372 2832 931 401 253 463 147 172 159 45 98
leaf_count=485 169 399 253 109 2060 82 1089 931 1282 549 1018 1970 243 372 2832 931 401 253 463 147 172 159 45 98
model_size=2720
internal_value=0 -0.0197205 0.0113795 0.115618 -0.0476645 0.0623631 0.0759091 -0.00643957 -0.0554002 0.0905972 -0.0389118 -0.0710064 -0.00314917 0.0124015 -0.0206148 0.0170463 0.0692924 0.134293 0.18045 0.152196 0.0911419 -0.0212739 0.0482154 0.1482
internal_weight=0 14106 6676 2406 7430 1729 1488 4947 6330 1736 3078 3252 1100 857 3085 1862 1167 569 670 400 573 241 594 207
internal_count=16512 14106 6676 2406 7430 1729 1488 4947 6330 1736 3078 3252 1100 857 3085 1862 1167 569 670 400 573 241 594 207
is_linear=0
shrinkage=0.1


Tree=4
num_leaves= 25
num_cat= 0
full_tree_array_lgbids= 0 1 3 7 2 5 17 11 15 6 4 12 13 19 -19 14 21 23 20 18 8 10 9 -2 16 22 -15 -5 -21 -2147483648 -2147483648 -1 -16 -13 -23 -9 -25 -17 -22 -3 -20 -8 -10 -4 -12 -6 -11 -2147483648 -2147483648 -14 -18 -7 -24 -2147483648 -2147483648 -2147483648 -2147483648 -2147483648 -2147483648 -2147483648 -2147483648 -2147483648 -2147483648
split_feature= 1 1 6 1 1 6 2 3 7 6 7 6 2 1 7 1 6 1 1 2 7 3 7 6
split_gain= 3045.65 861.295 531.517 428.508 163.594 150.827 141.775 140.767 105.322 81.5617 75.1213 51.1699 41.8584 40.5256 31.6422 28.7543 23.4139 19.3644 13.9853 12.8063 6.89603 5.75857 4.90309 0.315458
threshold= 5.2771000000000017 2.7820000000000005 2.2634687595142249 7.3930000000000016 4.0612500000000002 2.7472725830126556 24.500000000000004 4.2015099382944241 37.815000000000005 2.6829812717770039 37.945000000000007 2.9005380231986346 21.500000000000004 6.2770500000000009 37.915000000000006 2.2210000000000005 2.2038024706228287 8.7395500000000013 3.5330000000000008 28.500000000000004 34.655000000000008 3.0522493994321906 37.955000000000005 1.9139224725972623
decision_type= 2 2 2 2 2 2 2 2 2 2 2 2 2 2 2 2 2 2 2 2 2 2 2 2
left_child=1 7 6 5 10 12 18 11 -8 -6 -4 14 -2 22 -1 23 -14 19 -3 -5 -17 -13 -7 -9
right_child=3 2 4 17 9 13 8 15 -10 -11 -12 21 16 -15 -16 20 -18 -19 -20 -21 -22 -23 -24 -25
leaf_value= 0.0010605714112439306 0.061637847300864163 -0.014966694859070179 -0.018085326005445924 0.1150567688866321 0.036293902510595097 0.036054946370559351 0.097588888815403785 -0.033558659544214609 7.409327544080906e-05 -0.0048162751285770961 -0.055663290339806742 -0.015068591671924179 0.17436575062090048 0.07510241317230909 -0.065693757936130956 -0.037513549688791163 0.1067433424024123 0.17934839946562298 0.032784027522024903 0.16987626311090981 -0.064224793902500618 -0.052870400227304305 -0.014847871934405852 -0.082152906425933675
leaf_weight=705 262 231 3320 264 834 759 753 80 156 1976 818 195 108 435 131 524 528 365 345 164 995 1007 98 1459
leaf_count=705 262 231 3320 264 834 759 753 80 156 1976 818 195 108 435 131 524 528 365 345 164 995 1007 98 1459
model_size=2720
internal_value=0 -0.0202246 -0.000412015 0.0917258 -0.0122084 0.0684572 0.0547806 -0.0530109 0.0808537 0.00738511 -0.0255137 -0.0314215 0.101716 0.0453407 -0.00939974 -0.0673991 0.118226 0.155986 0.013634 0.136062 -0.0550104 -0.0467378 0.0302341 -0.0796269
internal_weight=0 13529 8433 2983 6948 2190 1485 5096 909 2810 4138 2038 898 1292 836 3058 636 793 576 428 1519 1202 857 1539
internal_count=16512 13529 8433 2983 6948 2190 1485 5096 909 2810 4138 2038 898 1292 836 3058 636 793 576 428 1519 1202 857 1539
is_linear=0
shrinkage=0.1


Tree=5
num_leaves= 26
num_cat= 0
full_tree_array_lgbids= 0 2 1 6 3 4 8 19 17 7 5 14 12 13 22 20 -21 -8 18 -4 11 9 10 21 15 23 16 -3 -15 24 -24 -1 -22 -2147483648 -2147483648 -2147483648 -2147483648 -19 -20 -2147483648 -2147483648 -9 -13 -5 -11 -7 -12 -2 -23 -16 -17 -6 -25 -14 -18 -2147483648 -2147483648 -2147483648 -2147483648 -10 -26 -2147483648 -2147483648
split_feature= 1 1 1 6 6 2 3 2 1 7 8 7 2 2 2 6 8 1 6 8 7 1 8 1 7
split_gain= 2481.59 653.252 458.448 380.111 199.003 127.973 112.695 98.7845 88.4435 82.8877 76.3827 51.2779 48.5825 47.627 45.2802 42.0094 32.8626 30.684 20.0141 16.1595 17.7749 2.93263 1.45512 0.876457 0.415363
threshold= 4.5301500000000017 6.3350000000000009 2.5894500000000007 2.0653737590585881 2.5163636904584812 47.500000000000007 3.6482937607122259 19.500000000000004 7.852450000000001 38.475000000000001 -122.33499999999999 37.815000000000005 16.500000000000004 26.500000000000004 21.500000000000004 2.0653737590585881 -117.65499999999999 1.9486000000000003 2.254419630548663 -118.27499999999999 37.935000000000009 5.6402500000000009 -118.00499999999998 5.4090500000000015 38.275000000000013
decision_type= 2 2 2 2 2 2 2 2 2 2 2 2 2 2 2 2 2 2 2 2 2 2 2 2 2
left_child=2 4 6 7 14 9 19 -4 13 -5 -7 -9 23 -3 21 -16 -14 -8 -19 20 -1 -2 24 -6 -10
right_child=1 8 3 5 12 10 17 11 22 -11 -12 -13 16 -15 15 -17 -18 18 -20 -21 -22 -23 -24 -25 -26
leaf_value= 0.012584627024059346 0.024832919104237908 0.072688291426726073 -0.0038397773485630755 -0.017676231130564619 -0.018780118115722281 0.095375051390288818 -0.075406111161838055 0.090651743218615508 0.16204747284287649 -0.057506998098817555 0.0040051778303285632 -0.0045550690817364146 0.036599980712050527 0.12916864972923006 0.16351636782065671 0.082885524387768195 -0.023977822511123851 -0.022159720789343914 -0.057303390799067266 -0.037822686663593154 -0.070153668062654717 0.090696440586849822 0.11738555277251217 0.014446854886402237 0.025175090953707697
leaf_weight=397 201 530 250 5374 406 164 1326 533 453 720 362 89 1639 335 117 433 151 376 1670 415 60 63 146 292 9.9999999999999982
leaf_count=397 201 530 250 5374 406 164 1326 533 453 720 362 89 1639 335 117 433 151 376 1670 415 60 63 146 292 10
model_size=2832
internal_value=0 0.0609884 -0.0248194 -0.00965746 0.0359439 -0.018022 -0.051585 0.0538441 0.117092 -0.0223822 0.0324931 0.0770289 0.0212864 0.0945622 0.0807446 0.100038 0.0314898 -0.0605033 -0.0508449 -0.0170981 0.00172183 0.0405504 0.149093 -0.00488001 0.159091
internal_weight=0 4776 11736 7492 3302 6620 4244 872 1474 6094 526 622 2488 865 814 550 1790 3372 2046 872 457 264 609 698 463
internal_count=16512 4776 11736 7492 3302 6620 4244 872 1474 6094 526 622 2488 865 814 550 1790 3372 2046 872 457 264 609 698 463
is_linear=0
shrinkage=0.1


Tree=6
num_leaves= 21
num_cat= 0
full_tree_array_lgbids= 0 1 3 4 2 10 18 13 5 8 11 15 -12 19 -20 14 -15 6 7 -3 9 12 16 -2 17 -2147483648 -2147483648 -5 -21 -2147483648 -2147483648 -1 -16 -2147483648 -2147483648 -6 -8 -7 -9 -2147483648 -2147483648 -10 -11 -4 -14 -13 -18 -2147483648 -2147483648 -17 -19 -2147483648 -2147483648 -2147483648 -2147483648 -2147483648 -2147483648 -2147483648 -2147483648 -2147483648 -2147483648 -2147483648 -2147483648
split_feature= 1 1 6 1 6 7 8 8 2 6 6 6 7 7 8 2 8 6 1 8
split_gain= 2030.54 692.446 321.345 184.95 170.774 101.711 122.352 109.244 89.7838 96.9861 81.9097 69.2227 72.5005 66.9244 79.686 27.2274 26.7637 12.9511 8.60348 6.07318
threshold= 5.6042500000000013 3.5488500000000003 2.4136952392348086 7.3930000000000016 2.2352443515477258 34.455000000000005 -118.29499999999999 -120.09499999999998 16.500000000000004 1.9628175980828908 3.0089663118548242 2.9742256672023202 37.915000000000006 37.935000000000009 -122.31499999999998 21.500000000000004 -121.48499999999999 2.4530432249902163 9.1688500000000008 -117.83499999999999
decision_type= 2 2 2 2 2 2 2 2 2 2 2 2 2 2 2 2 2 2 2 2
left_child=1 4 8 10 13 6 -6 -7 -3 -10 15 12 -4 14 -1 -2 -13 -17 19 -5
right_child=3 2 11 18 5 7 -8 -9 9 -11 -12 16 -14 -15 -16 17 -18 -19 -20 -21
leaf_value= 0.11181886506298284 0.053372463801878059 0.00032934149130859453 0.022669228976737385 0.12403448940552186 0.014063697541716403 -0.042501440388196421 -0.037379255710368646 -0.08688604151250684 0.12671197920597788 0.051384631052842633 0.032855368431088328 0.011411528035638736 -0.026021399032686549 -0.045191271582826507 0.0028010599572857744 0.13193303454129851 -0.023175073811955223 0.08508584706233023 0.15001520776116339 0.070151430598642914
leaf_weight=89 323 277 1823 382 663 2536 2665 868 271 808 607 483 484 349 1100 201 1690 482 304 107
leaf_count=89 323 277 1823 382 663 2536 2665 868 271 808 607 483 484 349 1100 201 1690 482 304 107
model_size=2272
internal_value=0 -0.0145473 0.0121704 0.0852886 -0.0334016 -0.0406257 -0.0271309 -0.0538193 0.0560096 0.0703037 0.0649178 -0.00109876 0.0124541 -0.00178069 0.0109613 0.0842636 -0.0154874 0.0988725 0.126724 0.112244
internal_weight=0 14106 5836 2406 8270 6732 3328 3404 1356 1079 1613 4480 2307 1538 1189 1006 2173 683 793 489
internal_count=16512 14106 5836 2406 8270 6732 3328 3404 1356 1079 1613 4480 2307 1538 1189 1006 2173 683 793 489
is_linear=0
shrinkage=0.1


Tree=7
num_leaves= 23
num_cat= 0
full_tree_array_lgbids= 0 2 1 7 3 4 8 11 19 5 9 12 17 14 -10 16 15 21 -21 6 -7 10 20 -2 13 18 -19 -3 -16 -2147483648 -2147483648 -1 -18 -13 -17 -9 -23 -2147483648 -2147483648 -4 -8 -2147483648 -2147483648 -5 -12 -11 -22 -2147483648 -2147483648 -14 -15 -6 -20 -2147483648 -2147483648 -2147483648 -2147483648 -2147483648 -2147483648 -2147483648 -2147483648 -2147483648 -2147483648
split_feature= 1 1 1 6 6 7 8 3 1 8 7 1 2 6 2 8 3 7 8 7 7 6
split_gain= 1664.39 421.617 317.104 244.917 130.655 115.97 119.889 85.1403 49.9481 45.9384 65.4069 38.6601 38.097 41.4333 31.2947 26.2724 25.368 15.2132 21.9378 11.6426 5.52983 2.49701
threshold= 4.5301500000000017 6.3350000000000009 2.7820000000000005 2.5288691539219195 2.735488224282792 37.935000000000009 -122.40499999999999 4.3366453516970003 8.0125000000000011 -117.79499999999999 37.895000000000003 2.2003500000000007 21.500000000000004 2.0653737590585881 26.500000000000004 -122.38499999999998 3.3654435698213785 37.955000000000005 -121.46499999999999 39.285000000000004 33.715000000000011 2.8751854599406532
decision_type= 2 2 2 2 2 2 2 2 2 2 2 2 2 2 2 2 2 2 2 2 2 2
left_child=2 4 7 5 12 6 -4 11 14 10 -5 16 -2 -14 -3 -13 -1 18 -6 21 -11 -9
right_child=1 8 3 9 17 -7 -8 19 -10 20 -12 15 13 -15 -16 -17 -18 -19 -20 -21 -22 -23
leaf_value= -0.010878063695704085 0.025072891016139853 0.060222368745754574 0.12140396441574451 -0.0063460732744066621 0.043532682685628647 -0.028685329590658455 0.024791017225067366 -0.039432895481133851 0.12345581387694803 -0.028879571630490843 -0.04362722883662809 0.098440466448664665 0.13611583315058906 0.059564335609667632 0.10763128974615305 -0.0096260327021738049 -0.048756963811799101 -0.022383255206192353 0.0082072473052994619 -0.079544544341935697 -0.064058292714523887 -0.058178102318413805
leaf_weight=445 421 561 162 2769 433 433 1731 1201 548 391 771 40 117 805 365 889 972 246 1280 365 383 1184
leaf_count=445 421 561 162 2769 433 433 1731 1201 548 391 771 40 117 805 365 889 972 246 1280 365 383 1184
model_size=2496
internal_value=0 0.0500425 -0.020365 -0.00555349 0.0297635 0.0215649 0.033059 -0.039664 0.0954708 -0.020175 -0.0144658 -0.0242338 0.0554211 0.0692786 0.0789095 -0.00497301 -0.0368613 0.0121739 0.0171366 -0.0528275 -0.0462871 -0.0487387
internal_weight=0 4776 11736 6640 3302 2326 1893 5096 1474 4314 3540 2346 1343 922 926 929 1417 1959 1713 2750 774 2385
internal_count=16512 4776 11736 6640 3302 2326 1893 5096 1474 4314 3540 2346 1343 922 926 929 1417 1959 1713 2750 774 2385
is_linear=0
shrinkage=0.1


Tree=8
num_leaves= 22
num_cat= 0
full_tree_array_lgbids= 0 1 3 5 2 10 19 7 15 8 4 13 -12 -5 20 16 11 -7 18 -3 12 6 9 14 17 -2147483648 -2147483648 -2147483648 -2147483648 -21 -22 -1 -18 -9 -13 -2147483648 -2147483648 -17 -20 -2147483648 -2147483648 -10 -14 -4 -8 -6 -11 -2 -16 -15 -19 -2147483648 -2147483648 -2147483648 -2147483648 -2147483648 -2147483648 -2147483648 -2147483648 -2147483648 -2147483648 -2147483648 -2147483648
split_feature= 1 1 6 1 8 3 7 1 2 7 6 8 7 7 8 1 3 8 3 2 5
split_gain= 1358.67 415.641 250.868 151 88.2851 86.4972 79.3116 75.625 73.444 66.7509 65.0597 40.7706 40.6306 21.4146 23.5284 20.5976 20.3377 5.84061 4.66464 3.63847 0.612956
threshold= 5.3736000000000006 3.1792500000000001 2.2634687595142249 7.2638000000000007 -122.26499999999999 4.4053436317780594 37.815000000000005 2.2336500000000004 16.500000000000004 37.945000000000007 2.9432978723404259 -118.25499999999998 37.815000000000005 37.955000000000005 -117.85499999999998 2.5044000000000004 3.4845502266762112 -122.40499999999999 5.023782403770622 20.500000000000004 198.50000000000003
decision_type= 2 2 2 2 2 2 2 2 2 2 2 2 2 2 2 2 2 2 2 2 2
left_child=1 5 8 10 6 7 -4 16 -3 -6 13 -9 -10 14 -2 -7 -1 -15 -17 -5 -21
right_child=3 2 4 19 9 15 -8 11 12 -11 -12 -13 -14 17 -16 18 -18 -19 -20 20 -22
leaf_value= -0.012717540241653029 0.082154441996186517 -0.0057748027535497537 0.076869578318999848 0.079847094336135072 -0.0038436146829092794 -0.052505421595051151 -0.0029195959480110296 0.019175337937044269 0.074119262121240204 -0.041374856725036956 0.023884777126186238 -0.020762616194911945 0.0031554963577056319 0.080794566256865374 0.030365783741759439 -0.01828065367914955 -0.046058047038210925 -0.025613047940553066 -0.041108891104203134 0.025650512365003427 0.11747361610627385
leaf_weight=537 800 245 294 312 4455 1868 323 804 772 702 840 695 139 31 196 746 1014 72 1125 24 518
leaf_count=537 800 245 294 312 4455 1868 323 804 772 702 840 695 139 31 196 746 1014 72 1125 24 518
model_size=2384
internal_value=0 -0.0130314 0.00457894 0.0640094 -0.00424521 -0.0310075 0.0350999 -0.0172279 0.0486539 -0.00895258 0.0476529 0.000658408 0.0632916 0.0658196 0.0719631 -0.0422479 -0.0345146 0.00641254 -0.0320069 0.101147 0.113408
internal_weight=0 13719 6930 2793 5774 6789 617 3050 1156 5157 1939 1499 911 1099 996 3739 1551 103 1871 854 542
internal_count=16512 13719 6930 2793 5774 6789 617 3050 1156 5157 1939 1499 911 1099 996 3739 1551 103 1871 854 542
is_linear=0
shrinkage=0.1


Tree=9
num_leaves= 24
num_cat= 0
full_tree_array_lgbids= 0 2 1 8 4 3 14 19 9 12 5 10 11 17 -16 20 -21 18 -11 15 21 6 7 -2 16 22 13 -3 -19 -2147483648 -2147483648 -1 -22 -2147483648 -2147483648 -10 -20 -2147483648 -2147483648 -4 -17 -14 -23 -6 -8 -7 -9 -2147483648 -2147483648 -12 -18 -5 -24 -13 -15 -2147483648 -2147483648 -2147483648 -2147483648 -2147483648 -2147483648 -2147483648 -2147483648
split_feature= 1 1 6 6 1 8 7 7 2 7 2 8 7 7 2 8 6 1 1 8 7 8 7
split_gain= 1127.24 344.707 174.472 151.456 100.135 61.516 104.865 77.9996 54.3455 46.3634 42.2568 41.2283 37.8788 36.2145 34.0174 33.2064 32.2404 22.5095 15.8152 12.9657 44.1991 7.87838 5.42337
threshold= 4.125700000000001 6.2770500000000009 2.0376051459673437 2.4469862317432325 2.5205000000000006 -122.38499999999998 38.32500000000001 34.455000000000005 27.500000000000004 37.815000000000005 16.500000000000004 -122.21499999999999 35.335000000000008 37.965000000000011 29.500000000000004 -117.65499999999999 2.0653737590585881 9.1688500000000008 3.4105000000000003 -118.15499999999999 34.965000000000011 -119.84499999999998 37.615000000000002
decision_type= 2 2 2 2 2 2 2 2 2 2 2 2 2 2 2 2 2 2 2 2 2 2 2
left_child=2 3 8 10 12 6 -6 -7 19 18 -2 22 15 -13 17 -4 -12 -3 -10 20 -1 -14 -5
right_child=1 14 4 11 5 7 -8 -9 9 -11 16 13 21 -15 -16 -17 -18 -19 -20 -21 -22 -23 -24
leaf_value= 0.072462533220273115 0.010568555504228222 0.053366930186685951 -0.014922188596292914 0.10483597039603271 0.069390401841277108 -0.0074550362631901207 -0.030507322133152593 -0.034478638522680793 0.04555070731044969 -0.019695040214461307 0.11070867208223459 0.010186118184569303 -0.045372564515500598 -0.033387878375436199 0.10087277117241678 -0.051264341146580829 0.053869283135249607 0.10969527505624753 0.1091608843797993 -0.034836491731252396 -0.01605811411496252 -0.074798129254258147 0.036870252919408292
leaf_weight=119 219 806 1198 65 264 2962 234 2405 323 124 224 2811 1287 324 574 589 541 156 117 232 250 408 280
leaf_count=119 219 806 1198 65 264 2962 234 2405 323 124 224 2811 1287 324 574 589 541 156 117 232 250 408 280
model_size=2608
internal_value=0 0.0348729 -0.0199046 0.0204324 -0.0246931 -0.015997 0.0224505 -0.0195646 0.0185141 0.0444016 0.0571713 0.0100441 -0.0393405 0.00568278 0.0768406 -0.0269007 0.0705125 0.0625013 0.0624652 -0.00577962 0.0124892 -0.0524555 0.0496754
internal_weight=0 6000 10512 4464 9347 5865 498 5367 1165 564 984 3480 3482 3135 1536 1787 765 962 440 601 369 1695 345
internal_count=16512 6000 10512 4464 9347 5865 498 5367 1165 564 984 3480 3482 3135 1536 1787 765 962 440 601 369 1695 345
is_linear=0
shrinkage=0.1


Tree=10
num_leaves= 21
num_cat= 0
full_tree_array_lgbids= 0 1 3 2 7 6 13 4 11 8 -9 15 12 16 -15 17 5 14 -13 10 9 -2147483648 -2147483648 19 -17 18 -14 -5 -18 -2147483648 -2147483648 -1 -19 -6 -7 -4 -16 -2147483648 -2147483648 -3 -12 -10 -11 -2147483648 -2147483648 -2147483648 -2147483648 -2 -21 -2147483648 -2147483648 -8 -20 -2147483648 -2147483648 -2147483648 -2147483648 -2147483648 -2147483648 -2147483648 -2147483648 -2147483648 -2147483648
split_feature= 1 6 7 1 8 8 6 8 7 8 6 7 2 1 8 7 2 7 8 2
split_gain= 925 191.983 211.411 188.7 185.565 123.013 80.5553 25.8102 53.6994 89.2583 37.5806 24.1713 17.8895 14.7765 10.1165 8.77246 8.54626 6.49766 5.0638 4.22836
threshold= 4.6754000000000007 2.8079590171801518 37.945000000000007 6.5626000000000007 -122.35499999999998 -117.77499999999999 2.5219735498882589 -117.79499999999999 34.525000000000013 -121.56499999999998 3.442186331338819 39.355000000000011 38.500000000000007 8.7395500000000013 -122.26499999999999 37.955000000000005 21.500000000000004 37.765000000000008 -117.675 21.500000000000004
decision_type= 2 2 2 2 2 2 2 2 2 2 2 2 2 2 2 2 2 2 2 2
left_child=1 2 4 6 17 -6 15 8 10 -10 -3 14 18 16 -4 19 -5 -1 -8 -2
right_child=3 7 11 13 5 -7 12 -9 9 -11 -12 -13 -14 -15 -16 -17 -18 -19 -20 -21
leaf_value= 0.057962041482743289 0.034808887879771648 0.0065572660279901301 0.00093872266048232889 0.044098075502327139 0.015198890083381359 -0.027349481668075964 0.016570589707778374 -0.046072609260520231 -0.011118535022364553 -0.053784162204582757 -0.024226117642821166 -0.061856027791381323 0.058098607243316128 0.099389892639464725 -0.033863033450993306 -0.0095019517241623913 0.07899571327592772 0.11688519652319573 -0.01182838460612021 0.074780109406027417
leaf_weight=135 210 1022 336 414 3165 1045 1782 1090 1028 1418 1450 409 188 365 871 58 509 164 363 490
leaf_count=135 210 1022 336 414 3165 1045 1782 1090 1028 1418 1450 409 188 365 871 58 509 164 363 490
model_size=2272
internal_value=0 -0.0143659 -0.0012996 0.0398039 0.0103168 0.0046376 0.0257388 -0.0276866 -0.0236117 -0.0358527 -0.0114993 -0.0337119 0.0154983 0.073558 -0.0241751 0.0572573 0.0633428 0.0902811 0.0117646 0.0627887
internal_weight=0 12133 6125 4379 4509 4210 3091 6008 4918 2446 2472 1616 2333 1288 1207 758 923 299 2145 700
internal_count=16512 12133 6125 4379 4509 4210 3091 6008 4918 2446 2472 1616 2333 1288 1207 758 923 299 2145 700
is_linear=0
shrinkage=0.1


Tree=11
num_leaves= 23
num_cat= 0
full_tree_array_lgbids= 0 2 1 8 4 3 7 19 10 14 5 9 11 13 -9 20 -21 16 -12 -4 -16 6 15 -2 18 21 12 17 -15 -2147483648 -2147483648 -1 -22 -2147483648 -2147483648 -10 -18 -2147483648 -2147483648 -2147483648 -2147483648 -2147483648 -2147483648 -6 -8 -7 -17 -2147483648 -2147483648 -11 -20 -5 -23 -13 -14 -3 -19 -2147483648 -2147483648 -2147483648 -2147483648 -2147483648 -2147483648
split_feature= 1 1 6 6 1 8 7 1 2 2 7 8 7 6 3 7 8 7 4 8 7 7
split_gain= 754.182 228.699 119.333 97.7288 68.7301 39.5367 86.2401 36.5144 35.305 29.4739 28.9182 28.7561 25.1684 21.9107 19.5482 14.3022 9.22134 7.66591 4.48743 4.2644 35.7391 2.27386
threshold= 4.125700000000001 5.8308000000000009 2.0376051459673437 2.3055777777777782 2.2210000000000005 -117.56499999999998 34.525000000000013 7.7055000000000016 27.500000000000004 17.500000000000004 37.815000000000005 -122.19499999999998 37.615000000000002 3.0089663118548242 3.3133866958124387 33.625000000000007 -117.16499999999998 37.615000000000002 1.0566504789339417 -118.26499999999999 34.965000000000011 37.615000000000002
decision_type= 2 2 2 2 2 2 2 2 2 2 2 2 2 2 2 2 2 2 2 2 2 2
left_child=2 3 8 9 14 6 -6 13 19 -2 16 21 -13 17 -4 -7 -10 -3 -11 20 -1 -5
right_child=1 7 4 11 5 15 -8 -9 10 18 -12 12 -14 -15 -16 -17 -18 -19 -20 -21 -22 -23
leaf_value= 0.07091312348936607 0.010053217058638269 0.067777358915667774 -0.0045519513943983458 0.092172881155344319 0.0047414133658441795 -0.020024021962752284 -0.022351225090082902 0.080255697996133191 0.061736589549674127 0.049927798417634894 -0.016597483098326673 0.0076936045417243595 -0.025079083795489156 0.022603945914662017 -0.041527204963515398 -0.057074105917292096 -0.031415200564596395 0.02730557381542861 0.097339373145266167 -0.029003191743554042 -0.014400408752448857 0.029087913790091399
leaf_weight=109 177 690 329 67 2512 531 3374 670 404 223 124 2438 501 516 2143 458 36 218 204 242 250 296
leaf_count=109 177 690 329 67 2512 531 3374 670 404 223 124 2438 501 516 2143 458 36 218 204 242 250 296
model_size=2496
internal_value=0 0.0286504 -0.016353 0.0137605 -0.0204093 -0.0145855 -0.0107888 0.056425 0.0161916 0.0542559 0.0385683 0.00635312 0.00210697 0.0452125 -0.0366061 -0.0371817 0.0541151 0.0580606 0.0725788 -0.00480756 0.0115026 0.0407317
internal_weight=0 6000 10512 3906 9347 6875 5886 2094 1165 604 564 3302 2939 1424 2472 989 440 908 427 601 359 363
internal_count=16512 6000 10512 3906 9347 6875 5886 2094 1165 604 564 3302 2939 1424 2472 989 440 908 427 601 359 363
is_linear=0
shrinkage=0.1


Tree=12
num_leaves= 20
num_cat= 0
full_tree_array_lgbids= 0 3 1 4 10 2 8 5 -6 12 11 9 7 17 18 -1 6 -2147483648 -2147483648 13 -14 14 -13 -2 15 16 -9 -3 -19 -10 -20 -2147483648 -2147483648 -7 -8 -2147483648 -2147483648 -2147483648 -2147483648 -5 -15 -2147483648 -2147483648 -12 -16 -2147483648 -2147483648 -2147483648 -2147483648 -11 -17 -4 -18 -2147483648 -2147483648 -2147483648 -2147483648 -2147483648 -2147483648 -2147483648 -2147483648 -2147483648 -2147483648
split_feature= 1 1 6 6 7 8 8 6 2 2 7 8 8 6 7 7 2 1 7
split_gain= 610.797 209.701 100.992 79.9804 81.1581 90.2757 50.5255 31.6624 31.3597 23.5077 21.4409 53.0319 37.4387 35.8503 34.7471 19.6795 19.021 11.1179 4.69001
threshold= 3.9004500000000006 5.8308000000000009 2.3793126239259754 2.6067607057324289 37.925000000000004 -122.33499999999999 -117.145 3.1336552646136835 26.500000000000004 16.500000000000004 34.455000000000005 -120.09499999999998 -117.79499999999999 3.442186331338819 37.915000000000006 37.815000000000005 20.500000000000004 9.1688500000000008 38.025000000000013
decision_type= 2 2 2 2 2 2 2 2 2 2 2 2 2 2 2 2 2 2 2
left_child=3 2 9 4 5 -1 -7 16 17 -2 12 14 13 -5 -12 -11 -4 -3 -10
right_child=1 8 7 10 -6 6 -8 -9 18 15 11 -13 -14 -15 -16 -17 -18 -19 -20
leaf_value= 0.086354900381464997 0.0037159036227366383 0.031846658939008468 -0.0061369401594374602 0.0094698410157397963 -0.029689024676676889 0.0082470737341190162 -0.040533899859122237 -0.012947645858689294 0.071633572514873109 0.065789820917984729 -0.0072729833857622002 -0.060572321979244906 -0.037043899462801573 -0.022098709366824391 -0.040631080834084315 0.004420108624021743 0.020215138793717516 0.08189285254950146 -0.046051039960649277
leaf_weight=163 213 1080 833 998 1062 2157 342 1301 857 594 1000 731 984 1264 959 127 1690 139 18
leaf_count=163 213 1080 833 998 1062 2157 342 1301 857 594 1000 731 984 1264 959 127 1690 139 18
model_size=2160
internal_value=0 0.0232016 0.0110632 -0.0164573 -0.00363253 0.00676266 0.00157117 0.00319211 0.0507825 0.0432891 -0.024503 -0.0336493 -0.0169233 -0.00817059 -0.023603 0.0549799 0.0115147 0.0375533 0.0692126
internal_weight=0 6852 4758 9660 3724 2662 2499 3824 2094 934 5936 2690 3246 2262 1959 721 2523 1219 875
internal_count=16512 6852 4758 9660 3724 2662 2499 3824 2094 934 5936 2690 3246 2262 1959 721 2523 1219 875
is_linear=0
shrinkage=0.1


Tree=13
num_leaves= 21
num_cat= 0
full_tree_array_lgbids= 0 1 3 7 2 6 -5 8 9 4 11 15 -8 -2147483648 -2147483648 13 18 10 -11 16 5 12 14 17 19 -2147483648 -2147483648 -2147483648 -2147483648 -2147483648 -2147483648 -1 -15 -10 -20 -9 -12 -2147483648 -2147483648 -3 -18 -6 -7 -4 -14 -13 -16 -2 -19 -17 -21 -2147483648 -2147483648 -2147483648 -2147483648 -2147483648 -2147483648 -2147483648 -2147483648 -2147483648 -2147483648 -2147483648 -2147483648
split_feature= 1 1 6 1 2 6 6 7 8 8 7 8 7 6 8 4 5 2 8 4
split_gain= 499.294 138.471 112.121 60.6963 44.6457 48.6631 30.0504 29.9827 88.5777 48.4779 39.7092 22.1734 15.2452 11.8192 10.1842 9.95101 8.75916 5.34139 3.67078 0.988408
threshold= 5.1326000000000009 3.0251000000000006 2.6652197465730842 6.8672000000000013 26.500000000000004 1.9472568337679903 3.1424162072895592 34.655000000000008 -118.30499999999999 -119.94499999999998 37.915000000000006 -122.40499999999999 38.735000000000007 2.4404597018862955 -117.77499999999999 1.0671403331650682 524.50000000000011 16.500000000000004 -116.40499999999999 1.7614858528214548
decision_type= 2 2 2 2 2 2 2 2 2 2 2 2 2 2 2 2 2 2 2 2
left_child=1 7 4 6 16 -6 15 8 13 10 -9 12 -4 -1 -13 17 -3 -2 -10 -17
right_child=3 2 11 -5 5 -7 -8 9 18 -11 -12 14 -14 -15 -16 19 -18 -19 -20 -21
leaf_value= 0.062972206460795682 -0.0037301930409927896 -0.04075665971887181 0.041343979443204996 0.058521828158622016 0.07745721759742992 0.021391480870955326 0.00091693035447762417 -0.0038297187400588226 -0.018388329468272114 -0.05791649695895016 -0.035592104073954176 -0.0088335148033906932 -0.056787888930980551 0.011748019166391229 -0.031182052384204274 0.060116075408333997 0.0055835974095833265 0.033065313241978998 -0.064065255112006878 -0.073859881361325583
leaf_weight=181 232 151 243 1040 256 1475 628 1043 2288 672 1365 3113 43 365 748 426 1151 961 119 11.999999999999998
leaf_count=181 232 151 243 1040 256 1475 628 1043 2288 672 1365 3113 43 365 748 426 1151 961 119 12
model_size=2272
internal_value=0 -0.00886037 0.0011749 0.0354871 0.0170306 0.0296831 0.0248824 -0.0208035 -0.0115172 -0.029707 -0.0218346 -0.0104216 0.0265899 0.0287289 -0.0131631 0.03411 0.000209267 0.0259098 -0.0206466 0.0564455
internal_weight=0 13213 7180 3299 3033 1731 2259 6033 2953 3080 2408 4147 286 546 3861 1631 1302 1193 2407 438
internal_count=16512 13213 7180 3299 3033 1731 2259 6033 2953 3080 2408 4147 286 546 3861 1631 1302 1193 2407 438
is_linear=0
shrinkage=0.1


Tree=14
num_leaves= 22
num_cat= 0
full_tree_array_lgbids= 0 3 1 13 6 2 10 -1 14 7 -8 4 17 11 -12 -2147483648 -2147483648 20 -16 8 9 -2147483648 -2147483648 5 15 19 18 12 16 -2147483648 -2147483648 -2147483648 -2147483648 -2147483648 -2147483648 -15 -22 -2147483648 -2147483648 -5 -10 -9 -11 -2147483648 -2147483648 -2147483648 -2147483648 -2 -7 -6 -17 -4 -21 -19 -20 -3 -14 -13 -18 -2147483648 -2147483648 -2147483648 -2147483648
split_feature= 1 1 6 6 7 8 7 8 7 7 6 8 7 2 7 8 7 8 7 7 1
split_gain= 410.229 135.122 67.5063 50.3712 30.4879 36.0521 28.5925 62.1848 42.9133 41.3354 18.8206 10.0296 23.6299 10.0205 7.58175 3.60969 2.87982 1.54079 25.5491 8.9469 0.204774
threshold= 3.8346500000000003 5.8308000000000009 2.7762783380468687 2.0231950334409352 37.925000000000004 -118.24499999999999 39.355000000000011 -122.38499999999998 38.305000000000007 34.455000000000005 3.1424162072895592 -117.83499999999999 37.615000000000002 27.500000000000004 37.815000000000005 -122.44499999999998 33.955000000000005 -121.48499999999999 34.655000000000008 37.915000000000006 1.7274500000000004
decision_type= 2 2 2 2 2 2 2 2 2 2 2 2 2 2 2 2 2 2 2 2 2
left_child=3 2 4 13 5 -2 7 8 -5 -9 11 12 -3 -1 20 -6 -13 19 -19 -4 -15
right_child=1 10 17 6 15 -7 -8 9 -10 -11 -12 16 -14 14 -16 -17 -18 18 -20 -21 -22
leaf_value= -0.0054036449580848554 0.04253231545259506 0.066755868923377357 0.02581212344684939 0.063008304692208125 0.030668669185601179 0.0073164756730088147 -0.047573559445813679 -0.0093924028745419556 -0.013293258417940582 -0.02760239409949421 0.018409992034362832 0.030265180265381192 0.024739474430367517 -0.030866282837731497 -0.015723147980558374 -0.026515681971205032 -0.056907722636824476 -0.00091052340743107368 -0.038527929907500313 -0.018822999990474928 0.049239859362665422
leaf_weight=542 1238 956 471 231 100 715 490 4152 204 3351 541 227 335 35 108 266 35 1554 408 212 341
leaf_count=542 1238 956 471 231 100 715 490 4152 204 3351 541 227 335 35 108 266 35 1554 408 212 341
model_size=2384
internal_value=0 0.0186848 0.00905171 -0.0139494 0.0232428 0.0296397 -0.0169626 -0.015073 0.0272255 -0.0175254 0.0415208 0.0495716 0.0558531 0.0108027 0.0289512 -0.0108915 0.0186199 -0.00339029 -0.0087331 0.0119576 0.0417832
internal_weight=0 7058 4964 9454 2319 1953 8428 7938 435 7503 2094 1553 1291 1026 484 366 262 2645 1962 683 376
internal_count=16512 7058 4964 9454 2319 1953 8428 7938 435 7503 2094 1553 1291 1026 484 366 262 2645 1962 683 376
is_linear=0
shrinkage=0.1


Tree=15
num_leaves= 16
num_cat= 0
full_tree_array_lgbids= 0 1 4 2 10 6 14 3 -4 11 -12 -2 7 -6 -16 8 5 -2147483648 -2147483648 13 12 -2147483648 -2147483648 -2147483648 -2147483648 9 -9 -2147483648 -2147483648 -2147483648 -2147483648 -1 -10 -5 -7 -2147483648 -2147483648 -2147483648 -2147483648 -3 -15 -13 -14 -2147483648 -2147483648 -2147483648 -2147483648 -2147483648 -2147483648 -2147483648 -2147483648 -8 -11 -2147483648 -2147483648 -2147483648 -2147483648 -2147483648 -2147483648 -2147483648 -2147483648 -2147483648 -2147483648
split_feature= 1 6 7 8 1 7 6 2 2 8 8 7 8 6 2
split_gain= 332.988 75.9005 73.6056 75.8976 71.9647 66.2458 31.3607 15.1571 4.36281 3.83169 2.36761 15.0759 36.8054 11.8725 1.6896
threshold= 4.405050000000001 2.8024658054711251 38.475000000000001 -122.35499999999998 6.3963500000000009 34.455000000000005 2.3578464509898605 49.500000000000007 46.500000000000007 -117.77499999999999 -117.79499999999999 34.885000000000012 -120.62499999999999 3.442186331338819 29.500000000000004
decision_type= 2 2 2 2 2 2 2 2 2 2 2 2 2 2 2
left_child=1 2 3 8 6 -5 -2 9 -1 -8 11 13 -13 -3 -6
right_child=4 10 -4 5 14 -7 7 -9 -10 -11 -12 12 -14 -15 -16
leaf_value= 0.028610314378930579 0.041030576755115226 0.0061916893243060761 -0.027750012686095393 0.0132005752398167 0.03389377720849427 -0.015616943777607121 0.010626283436124965 0.06867361272440145 0.077290270582307141 -0.013171882399893909 -0.032431927907820735 -0.014465222527958994 -0.049168461026474292 -0.017297129835680325 0.059681166635300292
leaf_weight=226 578 995 1045 2447 879 1818 2499 95 194 516 1032 1550 685 1420 533
leaf_count=226 578 995 1045 2447 879 1818 2499 95 194 516 1032 1550 685 1420 533
model_size=1712
internal_value=0 -0.00977925 -0.000633214 0.00541525 0.0218825 0.000916812 0.013557 0.00845093 0.0510958 0.00655336 -0.0190025 -0.0160221 -0.0251013 -0.00761954 0.043628
internal_weight=0 11412 5730 4685 5100 4265 3688 3110 420 3015 5682 4650 2235 2415 1412
internal_count=16512 11412 5730 4685 5100 4265 3688 3110 420 3015 5682 4650 2235 2415 1412
is_linear=0
shrinkage=0.1


Tree=16
num_leaves= 18
num_cat= 0
full_tree_array_lgbids= 0 5 1 6 12 2 11 7 -8 15 13 8 3 16 -13 10 -9 -2147483648 -2147483648 -7 -17 14 -15 -2 -10 4 9 -3 -18 -2147483648 -2147483648 -1 -12 -2147483648 -2147483648 -2147483648 -2147483648 -2147483648 -2147483648 -2147483648 -2147483648 -2147483648 -2147483648 -14 -16 -2147483648 -2147483648 -2147483648 -2147483648 -2147483648 -2147483648 -4 -6 -5 -11 -2147483648 -2147483648 -2147483648 -2147483648 -2147483648 -2147483648 -2147483648 -2147483648
split_feature= 1 1 6 8 7 6 8 7 2 7 8 6 7 8 7 8 4
split_gain= 274.547 92.5874 62.0073 27.9906 31.9208 25.0318 14.8306 26.5869 14.0529 13.9615 13.2021 8.96773 5.06409 20.1841 37.3289 19.8038 4.18095
threshold= 3.6530500000000008 5.8308000000000009 2.0653737590585881 -117.79499999999999 37.935000000000009 2.4839226633581473 -117.145 37.805000000000007 17.500000000000004 33.695000000000007 -122.28499999999998 3.1424162072895592 34.655000000000008 -121.56499999999998 38.675000000000004 -118.30499999999999 1.0003353454057682
decision_type= 2 2 2 2 2 2 2 2 2 2 2 2 2 2 2 2 2
left_child=5 2 8 4 -4 6 7 10 -2 -5 -1 16 15 14 -14 -7 -3
right_child=1 11 3 9 -6 12 -8 -9 -10 -11 -12 -13 13 -15 -16 -17 -18
leaf_value= 0.060812796702082374 0.0052952769417381309 0.022606110330349524 0.012842222025458344 -0.0016427984571545059 -0.015261398516032476 0.01406316553479533 -0.035594356765042572 -0.016422727202532881 0.064197154888577426 -0.04198235321488139 0.0078034822580682955 0.013916303086104887 0.0057516331544311032 -0.034616522009599117 -0.042588670262074822 -0.016401619512195622 0.049687729451330445
leaf_weight=131 142 496 3517 514 819 520 282 905 335 361 1452 541 763 1645 367 2665 1057
leaf_count=131 142 496 3517 514 819 520 282 905 335 361 1452 541 763 1645 367 2665 1057
model_size=1936
internal_value=0 0.0141591 0.00684335 0.00319842 0.0075339 -0.0126216 -0.00202276 0.00178238 0.0466624 -0.0182857 0.0121902 0.0340312 -0.0175475 -0.0245714 -0.00994827 -0.0114278 0.0410384
internal_weight=0 7782 5688 5211 4336 8730 2770 2488 477 875 1583 2094 5960 2775 1130 3185 1553
internal_count=16512 7782 5688 5211 4336 8730 2770 2488 477 875 1583 2094 5960 2775 1130 3185 1553
is_linear=0
shrinkage=0.1


Tree=17
num_leaves= 14
num_cat= 0
full_tree_array_lgbids= 0 1 5 2 11 6 -7 3 -4 12 -13 7 9 -2147483648 -2147483648 -1 4 -2147483648 -2147483648 -3 -14 -2147483648 -2147483648 -2 8 -8 10 -2147483648 -2147483648 -2147483648 -2147483648 -2147483648 -2147483648 -5 -6 -2147483648 -2147483648 -2147483648 -2147483648 -2147483648 -2147483648 -2147483648 -2147483648 -2147483648 -2147483648 -2147483648 -2147483648 -2147483648 -2147483648 -9 -10 -2147483648 -2147483648 -11 -12 -2147483648 -2147483648 -2147483648 -2147483648 -2147483648 -2147483648 -2147483648 -2147483648
split_feature= 1 6 7 8 7 1 6 5 4 8 7 8 7
split_gain= 218.691 59.3011 57.8077 62.9858 58.54 42.01 21.5031 6.2944 3.53014 1.74047 3.28167 1.23616 3.31458
threshold= 4.6271500000000012 2.9137341371666818 38.475000000000001 -122.35499999999998 34.455000000000005 7.7055000000000016 2.5763869593405579 390.50000000000006 1.0411779658482612 -122.23499999999999 37.955000000000005 -122.38499999999998 38.685000000000009
decision_type= 2 2 2 2 2 2 2 2 2 2 2 2 2
left_child=1 2 3 -1 -5 6 7 -2 -9 -8 -11 12 -3
right_child=5 11 -4 4 -6 -7 9 8 -10 10 -12 -13 -14
leaf_value= 0.04431819609399619 -0.019754484245773928 0.033625961121764379 -0.023341823821212252 0.011765443532479042 -0.013572604924514448 0.047885486343545398 0.038354511459648057 0.020759603885121037 0.052522360490950618 0.0085705426461516483 -0.025807599288582669 -0.018002693061769635 -0.040822639227923702
leaf_weight=490 93 165 1203 2913 2144 670 228 479 484 2332 223 5029 59
leaf_count=490 93 165 1203 2913 2144 670 228 479 484 2332 223 5029 59
model_size=1488
internal_value=0 -0.00738041 -0.000176478 0.00484748 0.00102295 0.0196467 0.0147183 0.0317495 0.0367234 0.00825593 0.00557002 -0.0166373 0.0140167
internal_weight=0 12003 6750 5547 5057 4509 3839 1056 963 2783 2555 5253 224
internal_count=16512 12003 6750 5547 5057 4509 3839 1056 963 2783 2555 5253 224
is_linear=0
shrinkage=0.1


Tree=18
num_leaves= 14
num_cat= 0
full_tree_array_lgbids= 0 6 1 12 7 2 9 -1 -14 8 -9 3 10 -3 -11 -2147483648 -2147483648 -2147483648 -2147483648 11 -10 -2147483648 -2147483648 5 4 -4 -12 -2147483648 -2147483648 -2147483648 -2147483648 -2147483648 -2147483648 -2147483648 -2147483648 -2147483648 -2147483648 -2147483648 -2147483648 -8 -13 -2147483648 -2147483648 -2147483648 -2147483648 -2147483648 -2147483648 -2 -7 -5 -6 -2147483648 -2147483648 -2147483648 -2147483648 -2147483648 -2147483648 -2147483648 -2147483648 -2147483648 -2147483648 -2147483648 -2147483648
split_feature= 1 6 7 8 7 7 1 3 6 3 8 8 3
split_gain= 182.119 58.5164 48.939 65.4496 26.7653 19.1876 19.011 22.5957 20.2683 18.5269 11.7149 4.36129 1.72364
threshold= 3.6530500000000008 3.0089663118548242 37.925000000000004 -117.85499999999998 33.935000000000009 34.185000000000009 1.9486000000000003 4.5952877783354031 3.5589256535947715 7.5573198511601065 -122.40499999999999 -118.21499999999999 2.6633984153933228
decision_type= 2 2 2 2 2 2 2 2 2 2 2 2 2
left_child=6 2 3 5 -5 -2 12 8 11 -3 -4 -8 -1
right_child=1 9 10 4 -6 -7 7 -9 -10 -11 -12 -13 -14
leaf_value= 0.016347883240534707 0.043374263072265266 -0.0060904681205448691 0.024528760909973843 0.0075184741896467877 -0.051492100669006481 0.021615827803801894 0.017029353616380527 -0.014017521653733456 -0.01671459404951833 0.031063192734356405 -0.022498568856423456 -0.0055839728576420056 -0.026986037679555305
leaf_weight=130 1508 2463 205 655 173 1930 1429 3912 852 323 525 756 1651
leaf_count=130 1508 2463 205 655 173 1930 1429 3912 852 323 525 756 1651
model_size=1488
internal_value=0 0.0117441 0.0192874 0.024178 -0.00481103 0.0311597 -0.0104688 -0.00704618 0.00193369 -0.00178299 -0.00929226 0.00920525 -0.023823
internal_weight=0 7782 4996 4266 828 3438 8730 6949 3037 2786 730 2185 1781
internal_count=16512 7782 4996 4266 828 3438 8730 6949 3037 2786 730 2185 1781
is_linear=0
shrinkage=0.1


Tree=19
num_leaves= 17
num_cat= 0
full_tree_array_lgbids= 0 1 11 2 9 12 -13 4 3 10 -11 13 15 -2147483648 -2147483648 6 8 5 7 -3 -12 -2147483648 -2147483648 -2 14 -14 -17 -2147483648 -2147483648 -2147483648 -2147483648 -1 -8 -6 -10 -4 -7 -5 -9 -2147483648 -2147483648 -2147483648 -2147483648 -2147483648 -2147483648 -2147483648 -2147483648 -2147483648 -2147483648 -15 -16 -2147483648 -2147483648 -2147483648 -2147483648 -2147483648 -2147483648 -2147483648 -2147483648 -2147483648 -2147483648 -2147483648 -2147483648
split_feature= 1 8 7 8 8 7 7 8 7 7 8 7 8 7 8 7
split_gain= 151.837 56.8074 101.34 183.98 120.994 96.4506 95.2938 51.7732 36.3157 27.9352 37.8702 6.15118 7.12207 8.73294 12.7958 1.48713
threshold= 5.5682000000000009 -117.77499999999999 34.525000000000013 -121.63499999999998 -118.35499999999998 38.675000000000004 34.155000000000008 -119.94499999999998 34.045000000000009 33.695000000000007 -117.145 38.155000000000008 -118.03499999999998 34.155000000000008 -122.01499999999999 33.645000000000003
decision_type= 2 2 2 2 2 2 2 2 2 2 2 2 2 2 2 2
left_child=1 2 4 5 6 -4 -1 -5 -6 10 -3 12 13 -2 -15 -14
right_child=11 9 3 7 8 -7 -8 -9 -10 -11 -12 -13 15 14 -16 -17
leaf_value= 0.080040264201686265 0.055198772815516273 0.017880751891376594 0.014948655098087552 -0.0176031768969779 -0.0067732233696311296 -0.034565961892981986 0.016379022995043634 -0.049978843560151351 0.020509250998618184 -0.036603143854197724 -0.024498329269949902 -0.028072130605088255 0.030978045905782382 0.044600757651487688 0.010668210961901695 -0.0052162132114845234
leaf_weight=466 463 536 2958 2140 2583 572 748 1029 1099 1066 847 95 295 518 682 415
leaf_count=466 463 536 2958 2140 2583 572 748 1029 1099 1066 847 95 295 518 682 415
model_size=1824
internal_value=0 -0.00428958 -0.000867437 -0.00965109 0.0111509 0.00692532 0.0408157 -0.0281158 0.00137002 -0.020492 -0.00807375 0.0244096 0.0265106 0.0336356 0.0253158 0.00982225
internal_weight=0 14044 11595 6699 4896 3530 1214 3169 3682 2449 1383 2468 2373 1663 1200 710
internal_count=16512 14044 11595 6699 4896 3530 1214 3169 3682 2449 1383 2468 2373 1663 1200 710
is_linear=0
shrinkage=0.1


Tree=20
num_leaves= 9
num_cat= 0
full_tree_array_lgbids= 0 1 6 2 -3 7 -8 3 -4 -2147483648 -2147483648 -2 -9 -2147483648 -2147483648 4 5 -2147483648 -2147483648 -2147483648 -2147483648 -2147483648 -2147483648 -2147483648 -2147483648 -2147483648 -2147483648 -2147483648 -2147483648 -2147483648 -2147483648 -1 -6 -5 -7 -2147483648 -2147483648 -2147483648 -2147483648 -2147483648 -2147483648 -2147483648 -2147483648 -2147483648 -2147483648 -2147483648 -2147483648 -2147483648 -2147483648 -2147483648 -2147483648 -2147483648 -2147483648 -2147483648 -2147483648 -2147483648 -2147483648 -2147483648 -2147483648 -2147483648 -2147483648 -2147483648 -2147483648
split_feature= 1 6 7 8 7 7 7 8
split_gain= 118.793 44.5477 48.5765 70.5894 50.7542 25.4664 1.79522 4.24085
threshold= 5.5682000000000009 3.1336552646136835 37.925000000000004 -117.77499999999999 34.525000000000013 33.565000000000005 37.955000000000005 -118.02499999999999
decision_type= 2 2 2 2 2 2 2 2
left_child=1 2 3 4 -1 -5 7 -2
right_child=6 -3 -4 5 -6 -7 -8 -9
leaf_value= 0.023321403866373866 0.031537500806565838 -0.013752773888651211 -0.014240417096311596 -0.0001404285661599322 0.00052035336620689574 -0.0341092450809184 -0.013785567578105701 0.0086452568852068198
leaf_weight=2765 1601 4547 2312 925 2775 720 168 699
leaf_count=2765 1601 4547 2312 925 2775 720 168 699
model_size=928
internal_value=0 -0.00386062 0.000875568 0.00573961 0.0119003 -0.0150082 0.0219686 0.0245802
internal_weight=0 14044 9497 7185 5540 1645 2468 2300
internal_count=16512 14044 9497 7185 5540 1645 2468 2300
is_linear=0
shrinkage=0.1


Tree=21
num_leaves= 13
num_cat= 0
full_tree_array_lgbids= 0 6 1 7 -8 11 2 8 -9 -2147483648 -2147483648 -2 -13 3 -4 10 9 -2147483648 -2147483648 -2147483648 -2147483648 -2147483648 -2147483648 -2147483648 -2147483648 -2147483648 -2147483648 4 5 -2147483648 -2147483648 -1 -12 -10 -11 -2147483648 -2147483648 -2147483648 -2147483648 -2147483648 -2147483648 -2147483648 -2147483648 -2147483648 -2147483648 -2147483648 -2147483648 -2147483648 -2147483648 -2147483648 -2147483648 -2147483648 -2147483648 -2147483648 -2147483648 -3 -6 -5 -7 -2147483648 -2147483648 -2147483648 -2147483648
split_feature= 1 8 7 8 7 3 8 7 8 7 7 7
split_gain= 97.6673 29.7575 59.1086 59.7369 79.1612 10.5533 6.54266 3.586 20.4909 10.3967 4.68852 1.47889
threshold= 3.6530500000000008 -122.33499999999999 37.615000000000002 -118.27499999999999 34.165000000000006 6.4673777210027508 -116.47499999999998 39.355000000000011 -122.38499999999998 35.335000000000008 38.305000000000007 38.155000000000008
decision_type= 2 2 2 2 2 2 2 2 2 2 2 2
left_child=6 11 3 4 -3 -5 7 8 10 -10 -1 -2
right_child=1 2 -4 5 -6 -7 -8 -9 9 -11 -12 -13
leaf_value= 0.044264578725784445 0.046110848137713711 0.053736583909207949 -0.016166209510334803 -0.0065935999763545462 0.011809745069866848 0.015911281804717094 -0.047995178552878187 -0.028753602847315669 -0.0022071521415362844 -0.015340316068320087 -0.0032769268887018529 0.0037146854484522277
leaf_weight=260 501 798 1283 2118 2016 896 171 506 4441 3145 207 170
leaf_count=260 501 798 1283 2118 2016 896 171 506 4441 3145 207 170
model_size=1376
internal_value=0 0.00899168 0.00650264 0.0114931 0.0236994 9.66369e-05 -0.00801527 -0.00721651 -0.00586325 -0.00765189 0.0231916 0.0353696
internal_weight=0 7782 7111 5828 2814 3014 8730 8559 8053 7586 467 671
internal_count=16512 7782 7111 5828 2814 3014 8730 8559 8053 7586 467 671
is_linear=0
shrinkage=0.1


Tree=22
num_leaves= 8
num_cat= 0
full_tree_array_lgbids= 0 1 5 2 -3 6 -7 3 -4 -2147483648 -2147483648 -2 -8 -2147483648 -2147483648 -1 4 -2147483648 -2147483648 -2147483648 -2147483648 -2147483648 -2147483648 -2147483648 -2147483648 -2147483648 -2147483648 -2147483648 -2147483648 -2147483648 -2147483648 -2147483648 -2147483648 -5 -6 -2147483648 -2147483648 -2147483648 -2147483648 -2147483648 -2147483648 -2147483648 -2147483648 -2147483648 -2147483648 -2147483648 -2147483648 -2147483648 -2147483648 -2147483648 -2147483648 -2147483648 -2147483648 -2147483648 -2147483648 -2147483648 -2147483648 -2147483648 -2147483648 -2147483648 -2147483648 -2147483648 -2147483648
split_feature= 1 6 7 8 8 1 4
split_gain= 76.4076 29.7526 23.5191 50.8766 28.825 2.34046 1.66136
threshold= 5.2771000000000017 3.1100458715596333 37.925000000000004 -122.31499999999998 -117.145 8.0125000000000011 1.0671403331650682
decision_type= 2 2 2 2 2 2 2
left_child=1 2 3 -1 -5 6 -2
right_child=5 -3 -4 4 -6 -7 -8
leaf_value= 0.044146278608041781 0.0066465986753300628 -0.012252400697052725 -0.011516213110128799 0.0053457882877112383 -0.02260285519817214 0.035224907603824386 0.029393077304875833
leaf_weight=438 1845 4554 2238 5571 728 548 590
leaf_count=438 1845 4554 2238 5571 728 548 590
model_size=816
internal_value=0 -0.00361506 0.000767609 0.00484824 0.00211565 0.0163956 0.0121581
internal_weight=0 13529 8975 6737 6299 2983 2435
internal_count=16512 13529 8975 6737 6299 2983 2435
is_linear=0
shrinkage=0.1


Tree=23
num_leaves= 11
num_cat= 0
full_tree_array_lgbids= 0 7 1 -1 -9 2 4 -2147483648 -2147483648 -2147483648 -2147483648 3 8 5 -6 -2147483648 -2147483648 -2147483648 -2147483648 -2147483648 -2147483648 -2147483648 -2147483648 6 9 -4 -10 -3 -7 -2147483648 -2147483648 -2147483648 -2147483648 -2147483648 -2147483648 -2147483648 -2147483648 -2147483648 -2147483648 -2147483648 -2147483648 -2147483648 -2147483648 -2147483648 -2147483648 -2147483648 -2147483648 -2 -8 -5 -11 -2147483648 -2147483648 -2147483648 -2147483648 -2147483648 -2147483648 -2147483648 -2147483648 -2147483648 -2147483648 -2147483648 -2147483648
split_feature= 1 8 7 6 7 8 4 1 8 3
split_gain= 62.1371 27.3698 25.8349 24.5112 14.0763 14.427 5.85742 1.64597 0.326683 0.125332
threshold= 3.5488500000000003 -117.69499999999998 37.935000000000009 2.9069418255464767 33.645000000000003 -117.145 1.0489629380026984 1.8066500000000001 -122.40499999999999 6.1963000852514929
decision_type= 2 2 2 2 2 2 2 2 2 2
left_child=7 2 3 6 5 -3 -2 -1 -4 -5
right_child=1 4 8 9 -6 -7 -8 -9 -10 -11
leaf_value= -0.018889223247964462 0.013682885858497138 0.023657662280837689 0.016705917145894922 -0.0038850985647714944 -0.034024102475287074 -0.019746385656234801 0.031728908341464933 -0.0047278137582616973 -0.016913501811474382 0.015184446559846354
leaf_weight=1389 1992 376 253 1538 443 388 1457 6881 822 973
leaf_count=1389 1992 376 253 1538 443 388 1457 6881 822 973
model_size=1152
internal_value=0 0.00713046 0.010321 0.0138061 -0.0114656 0.00161477 0.0213063 -0.00710631 -0.00900121 0.00350426
internal_weight=0 8242 7035 5960 1207 764 3449 8270 1075 2511
internal_count=16512 8242 7035 5960 1207 764 3449 8270 1075 2511
is_linear=0
shrinkage=0.1


Tree=24
num_leaves= 12
num_cat= 0
full_tree_array_lgbids= 0 1 -2 2 9 -2147483648 -2147483648 4 3 10 -11 -2147483648 -2147483648 -2147483648 -2147483648 5 7 6 8 -3 -12 -2147483648 -2147483648 -2147483648 -2147483648 -2147483648 -2147483648 -2147483648 -2147483648 -2147483648 -2147483648 -1 -7 -6 -9 -4 -8 -5 -10 -2147483648 -2147483648 -2147483648 -2147483648 -2147483648 -2147483648 -2147483648 -2147483648 -2147483648 -2147483648 -2147483648 -2147483648 -2147483648 -2147483648 -2147483648 -2147483648 -2147483648 -2147483648 -2147483648 -2147483648 -2147483648 -2147483648 -2147483648 -2147483648
split_feature= 1 8 7 8 8 7 7 7 1 7 8
split_gain= 48.2768 23.3606 46.5502 148.359 79.0403 81.3714 43.4066 18.8941 12.9235 12.4523 13.8767
threshold= 5.6851000000000012 -117.50499999999998 34.525000000000013 -119.94499999999998 -118.36499999999999 34.155000000000008 37.895000000000003 33.695000000000007 3.3096500000000004 33.915000000000006 -117.16499999999998
decision_type= 2 2 2 2 2 2 2 2 2 2 2
left_child=1 2 4 6 5 -1 -4 -6 -5 10 -3
right_child=-2 9 3 8 7 -7 -8 -9 -10 -11 -12
leaf_value= 0.075578645507216227 0.016259492691249666 0.016296483871180479 0.01008966445574596 -0.032100243742936706 0.040364770287821997 0.01271625604627556 -0.011198590588482316 -0.0014931622856218126 -0.071787425120904427 -0.035843651049221895 -0.017981476642922333
leaf_weight=397 2280 430 2983 742 246 760 2769 3949 312 621 1023
leaf_count=397 2280 430 2983 742 246 760 2769 3949 312 621 1023
model_size=1264
internal_value=0 -0.00260481 -0.000281722 -0.0069244 0.0081656 0.0342862 -0.000158454 0.000961439 -0.0438483 -0.016223 -0.00783728
internal_weight=0 14232 12158 6806 5352 1157 5752 4195 1054 2074 1453
internal_count=16512 14232 12158 6806 5352 1157 5752 4195 1054 2074 1453
is_linear=0
shrinkage=0.1


Tree=25
num_leaves= 10
num_cat= 0
full_tree_array_lgbids= 0 -1 1 -2147483648 -2147483648 5 2 -2147483648 -2147483648 -2147483648 -2147483648 -2 6 3 -4 -2147483648 -2147483648 -2147483648 -2147483648 -2147483648 -2147483648 -2147483648 -2147483648 -2147483648 -2147483648 8 7 -3 4 -2147483648 -2147483648 -2147483648 -2147483648 -2147483648 -2147483648 -2147483648 -2147483648 -2147483648 -2147483648 -2147483648 -2147483648 -2147483648 -2147483648 -2147483648 -2147483648 -2147483648 -2147483648 -2147483648 -2147483648 -2147483648 -2147483648 -7 -10 -8 -9 -2147483648 -2147483648 -5 -6 -2147483648 -2147483648 -2147483648 -2147483648
split_feature= 1 4 6 2 6 8 7 8 8
split_gain= 36.3321 21.5795 11.4445 9.41433 5.64096 0.304101 22.9629 11.646 2.78166
threshold= 3.4883000000000002 1.0069504830917877 3.1336552646136835 18.500000000000004 1.9322222929778572 -121.85499999999998 34.595000000000006 -120.34499999999998 -118.33499999999999
decision_type= 2 2 2 2 2 2 2 2 2
left_child=-1 5 3 -3 -5 -2 8 -8 -7
right_child=1 2 -4 4 -6 6 7 -9 -10
leaf_value= -0.0061116591068882268 0.0097807214067478151 0.0025872819962408514 -0.0023642660956932323 0.053811633542324579 0.017987224625204381 0.019716836508066049 -0.024001181616074257 -0.091058444906222197 -0.0097237287461052445
leaf_weight=8011 751 1381 1476 232 2734 382 344 95 1106
leaf_count=8011 751 1381 1476 232 2734 382 344 95 1106
model_size=1040
internal_value=0 0.00575938 0.0106036 0.0150068 0.0207894 -0.0047738 -0.0104461 -0.0385124 -0.00216573
internal_weight=0 8501 5823 4347 2966 2678 1927 439 1488
internal_count=16512 8501 5823 4347 2966 2678 1927 439 1488
is_linear=0
shrinkage=0.1


Tree=26
num_leaves= 12
num_cat= 0
full_tree_array_lgbids= 0 1 -2 4 2 -2147483648 -2147483648 -1 6 3 5 -2147483648 -2147483648 -2147483648 -2147483648 -2147483648 -2147483648 7 -8 8 10 -4 9 -2147483648 -2147483648 -2147483648 -2147483648 -2147483648 -2147483648 -2147483648 -2147483648 -2147483648 -2147483648 -2147483648 -2147483648 -6 -9 -2147483648 -2147483648 -3 -10 -5 -12 -2147483648 -2147483648 -7 -11 -2147483648 -2147483648 -2147483648 -2147483648 -2147483648 -2147483648 -2147483648 -2147483648 -2147483648 -2147483648 -2147483648 -2147483648 -2147483648 -2147483648 -2147483648 -2147483648
split_feature= 1 8 7 8 7 8 8 7 7 1 8
split_gain= 30.1526 15.8175 82.9021 101.766 49.6143 48.5166 28.2126 41.2446 13.1318 10.9366 6.82956
threshold= 6.1273500000000007 -121.85499999999998 34.655000000000008 -118.30499999999999 37.595000000000006 -119.94499999999998 -122.38499999999998 38.705000000000005 34.155000000000008 3.5488500000000003 -116.53499999999998
decision_type= 2 2 2 2 2 2 2 2 2 2 2
left_child=1 4 3 8 -1 -4 7 -6 -3 -7 -5
right_child=-2 2 5 10 6 9 -8 -9 -10 -11 -12
leaf_value= 0.032834507594200729 0.016458109633962738 0.037588896628403173 -0.0097434841328086011 -0.0038838458120988811 0.028335927075096769 -0.030738046058172059 -0.014177777982776347 -0.023160244942021867 0.010368352024651802 -0.07256713659430046 -0.040896120572616476
leaf_weight=832 1722 957 2578 5675 857 817 1346 330 936 244 218
leaf_count=832 1722 957 2578 5675 857 817 1346 330 936 244 218
model_size=1264
internal_value=0 -0.00191622 -0.00465793 0.00189072 0.00739258 -0.0186694 -0.000964185 0.0140194 0.0241296 -0.0403576 -0.00525304
internal_weight=0 14790 11425 7786 3365 3639 2533 1187 1893 1061 5893
internal_count=16512 14790 11425 7786 3365 3639 2533 1187 1893 1061 5893
is_linear=0
shrinkage=0.1


Tree=27
num_leaves= 7
num_cat= 0
full_tree_array_lgbids= 0 1 5 2 -3 -2 -7 -1 3 -2147483648 -2147483648 -2147483648 -2147483648 -2147483648 -2147483648 -2147483648 -2147483648 4 -5 -2147483648 -2147483648 -2147483648 -2147483648 -2147483648 -2147483648 -2147483648 -2147483648 -2147483648 -2147483648 -2147483648 -2147483648 -2147483648 -2147483648 -2147483648 -2147483648 -4 -6 -2147483648 -2147483648 -2147483648 -2147483648 -2147483648 -2147483648 -2147483648 -2147483648 -2147483648 -2147483648 -2147483648 -2147483648 -2147483648 -2147483648 -2147483648 -2147483648 -2147483648 -2147483648 -2147483648 -2147483648 -2147483648 -2147483648 -2147483648 -2147483648 -2147483648 -2147483648
split_feature= 3 6 2 7 8 2
split_gain= 22.4204 17.7739 10.1204 10.2962 5.77196 0.0739612
threshold= 6.3286213786213787 2.5763869593405579 21.500000000000004 37.805000000000007 -122.27499999999999 32.500000000000007
decision_type= 2 2 2 2 2 2
left_child=1 2 -1 4 -4 -2
right_child=5 -3 3 -5 -6 -7
leaf_value= -0.0072505190424917978 0.0060207006523204879 -0.0066114732468707475 0.044962087431077352 -0.0070385201386854741 0.012103561948279161 0.025741238592920636
leaf_weight=1527 2388 8551 292 811 2196 747
leaf_count=1527 2388 8551 292 811 2196 747
model_size=704
internal_value=0 -0.00251223 0.00475105 0.0103062 0.0159599 0.0107197
internal_weight=0 13377 4826 3299 2488 3135
internal_count=16512 13377 4826 3299 2488 3135
is_linear=0
shrinkage=0.1


Tree=28
num_leaves= 17
num_cat= 0
full_tree_array_lgbids= 0 1 11 4 2 12 -13 5 6 3 10 -2 -14 -2147483648 -2147483648 -1 9 -6 7 13 8 15 14 -2147483648 -2147483648 -2147483648 -2147483648 -2147483648 -2147483648 -2147483648 -2147483648 -2147483648 -2147483648 -7 -11 -2147483648 -2147483648 -8 -9 -3 -15 -5 -10 -4 -17 -12 -16 -2147483648 -2147483648 -2147483648 -2147483648 -2147483648 -2147483648 -2147483648 -2147483648 -2147483648 -2147483648 -2147483648 -2147483648 -2147483648 -2147483648 -2147483648 -2147483648
split_feature= 8 7 8 7 8 7 7 7 8 8 8 7 8 8 1 7
split_gain= 20.4844 40.1263 119.609 58.535 55.5942 49.6018 32.6938 39.7473 27.1669 27.0913 23.7416 19.0388 30.3339 16.6662 12.8607 0.528923
threshold= -117.75499999999998 34.525000000000013 -121.56499999999998 37.595000000000006 -118.36499999999999 34.135000000000012 33.645000000000003 34.045000000000009 -122.40499999999999 -119.30499999999999 -119.94499999999998 33.565000000000005 -117.16499999999998 -122.02499999999999 3.5488500000000003 35.645000000000003
decision_type= 2 2 2 2 2 2 2 2 2 2 2 2 2 2 2 2
left_child=1 4 3 13 5 -1 -6 -8 -5 -7 15 12 -2 -3 -12 -4
right_child=11 2 10 8 6 9 7 -9 -10 -11 14 -13 -14 -15 -16 -17
leaf_value= 0.056506288459571868 0.025131936873838079 0.049289167915412692 0.018189524818745698 0.014275682159336873 0.075908372310534267 0.06716738695272205 -0.0065846286316455019 0.019378209115938762 -0.011553204813453545 0.0036363223797676691 -0.02599027263651589 -0.024294845870337617 -0.014071821186019915 0.015014561419138379 -0.067258143081939489 -0.014944152669078803
leaf_weight=590 535 514 232 1218 101 142 2995 1324 1879 865 789 1298 944 924 278 1884
leaf_count=590 535 514 232 1218 101 142 2995 1324 1879 865 789 1298 944 924 278 1884
model_size=1824
internal_value=0 0.00228416 -0.00366047 0.00769292 0.00990933 0.0288177 0.0030775 0.00137434 -0.00139512 0.012595 -0.0198363 -0.0112974 0.000109389 0.0272657 -0.0367424 -0.0113113
internal_weight=0 13735 7718 4535 6017 1597 4420 4319 3097 1007 3183 2777 1479 1438 1067 2116
internal_count=16512 13735 7718 4535 6017 1597 4420 4319 3097 1007 3183 2777 1479 1438 1067 2116
is_linear=0
shrinkage=0.1


Tree=29
num_leaves= 6
num_cat= 0
full_tree_array_lgbids= 0 1 -2 -1 2 -2147483648 -2147483648 -2147483648 -2147483648 3 -4 -2147483648 -2147483648 -2147483648 -2147483648 -2147483648 -2147483648 -2147483648 -2147483648 -3 4 -2147483648 -2147483648 -2147483648 -2147483648 -2147483648 -2147483648 -2147483648 -2147483648 -2147483648 -2147483648 -2147483648 -2147483648 -2147483648 -2147483648 -2147483648 -2147483648 -2147483648 -2147483648 -2147483648 -2147483648 -5 -6 -2147483648 -2147483648 -2147483648 -2147483648 -2147483648 -2147483648 -2147483648 -2147483648 -2147483648 -2147483648 -2147483648 -2147483648 -2147483648 -2147483648 -2147483648 -2147483648 -2147483648 -2147483648 -2147483648 -2147483648
split_feature= 3 4 8 7 7
split_gain= 13.2163 8.55796 6.55291 12.3496 5.88681
threshold= 6.3286213786213787 0.99160544721033084 -117.77499999999999 33.625000000000007 34.525000000000013
decision_type= 2 2 2 2 2
left_child=1 -1 3 -3 -5
right_child=-2 2 -4 4 -6
leaf_value= -0.012062826115596373 0.0095797796683379302 0.10625613531155978 -0.011666163562283676 0.0081629415320368277 -0.0030723792395585649
leaf_weight=2583 3135 32 1746 4076 4940
leaf_count=2583 3135 32 1746 4076 4940
model_size=592
internal_value=0 -0.00224509 0.000104287 0.00237564 0.00200694
internal_weight=0 13377 10794 9048 9016
internal_count=16512 13377 10794 9048 9016
is_linear=0
shrinkage=0.1


Tree=30
num_leaves= 12
num_cat= 0
full_tree_array_lgbids= 0 1 -2 3 2 -2147483648 -2147483648 7 9 4 -4 -2147483648 -2147483648 -2147483648 -2147483648 -1 8 10 -11 5 6 -2147483648 -2147483648 -2147483648 -2147483648 -2147483648 -2147483648 -2147483648 -2147483648 -2147483648 -2147483648 -2147483648 -2147483648 -9 -10 -5 -12 -2147483648 -2147483648 -3 -7 -6 -8 -2147483648 -2147483648 -2147483648 -2147483648 -2147483648 -2147483648 -2147483648 -2147483648 -2147483648 -2147483648 -2147483648 -2147483648 -2147483648 -2147483648 -2147483648 -2147483648 -2147483648 -2147483648 -2147483648 -2147483648
split_feature= 6 7 8 8 7 8 8 7 8 8 7
split_gain= 11.8515 9.18464 96.7221 56.1903 48.472 18.3977 18.1015 13.2873 6.6377 0.739346 15.4007
threshold= 3.2358284584328918 34.525000000000013 -119.94499999999998 -118.35499999999998 37.595000000000006 -122.02499999999999 -122.40499999999999 34.135000000000012 -119.34499999999998 -117.145 33.755000000000003
decision_type= 2 2 2 2 2 2 2 2 2 2 2
left_child=1 3 4 7 5 -3 -6 -1 -9 10 -5
right_child=-2 2 -4 9 6 -7 -8 8 -10 -11 -12
leaf_value= 0.046311058888581183 -0.0075069705007317702 0.04646089665994519 -0.038444947849417953 0.02145271327581786 0.01264485922966678 0.010568550461868255 -0.0098534425268522116 0.060131455640913101 0.005157797855863705 -0.013261856261211583 -0.001333343086137183
leaf_weight=639 4438 463 790 1016 1097 999 2946 114 606 843 2561
leaf_count=639 4438 463 790 1016 1097 999 2946 114 606 843 2561
model_size=1264
internal_value=0 0.00275931 -0.00213804 0.00809394 0.00307222 0.0219353 -0.00374891 0.0291195 0.013862 0.0016293 0.00513874
internal_weight=0 12074 6295 5779 5505 1462 4043 1359 720 4420 3577
internal_count=16512 12074 6295 5779 5505 1462 4043 1359 720 4420 3577
is_linear=0
shrinkage=0.1


Tree=31
num_leaves= 13
num_cat= 0
full_tree_array_lgbids= 0 3 1 -1 6 2 4 -2147483648 -2147483648 7 -8 8 11 -3 5 -2147483648 -2147483648 -2147483648 -2147483648 -5 -9 -2147483648 -2147483648 9 10 -4 -13 -2147483648 -2147483648 -6 -7 -2147483648 -2147483648 -2147483648 -2147483648 -2147483648 -2147483648 -2147483648 -2147483648 -2147483648 -2147483648 -2147483648 -2147483648 -2147483648 -2147483648 -2147483648 -2147483648 -2 -11 -10 -12 -2147483648 -2147483648 -2147483648 -2147483648 -2147483648 -2147483648 -2147483648 -2147483648 -2147483648 -2147483648 -2147483648 -2147483648
split_feature= 8 7 8 7 8 1 7 8 7 8 8 8
split_gain= 6.75884 54.6605 59.6696 33.8416 23.7218 11.7604 9.82763 32.5744 2.98625 17.5516 7.04339 0.603561
threshold= -121.85499999999998 34.655000000000008 -118.30499999999999 37.595000000000006 -119.94499999999998 3.8136000000000005 38.735000000000007 -122.40499999999999 34.165000000000006 -118.38499999999998 -119.30499999999999 -116.53499999999998
decision_type= 2 2 2 2 2 2 2 2 2 2 2 2
left_child=3 2 8 -1 -3 -6 7 -5 9 -2 -10 -4
right_child=1 4 11 6 5 -7 -8 -9 10 -11 -12 -13
leaf_value= 0.026548035455305929 0.048823146620406578 -0.0072894481698245212 -0.0018085916709358618 0.024239178325479064 -0.022962895865480223 -0.067684123329293563 -0.023453822028401614 -0.0073369123476717778 0.043698208998440881 0.012936271008974119 -0.00065343567979526517 -0.034258029835056596
leaf_weight=1115 551 2682 6310 901 871 213 486 1426 183 713 834 227
leaf_count=1115 551 2682 6310 901 871 213 486 1426 183 713 834 227
model_size=1376
internal_value=0 -0.00235057 0.00276572 0.00753044 -0.0143302 -0.0317504 -7.64125e-06 0.00488915 0.0191043 0.02858 0.00732724 -0.00293541
internal_weight=0 12584 8818 3928 3766 1084 2813 2327 2281 1264 1017 6537
internal_count=16512 12584 8818 3928 3766 1084 2813 2327 2281 1264 1017 6537
is_linear=0
shrinkage=0.1


Tree=32
num_leaves= 3
num_cat= 0
full_tree_array_lgbids= 0 1 -2 -1 -3 -2147483648 -2147483648
split_feature= 3 4
split_gain= 5.37668 2.04848
threshold= 6.3286213786213787 0.99160544721033084
decision_type= 2 2
left_child=1 -1
right_child=-2 -3
leaf_value= -0.010764626986608605 0.0085006012887217895 0.00010706377008675255
leaf_weight=2583 3135 10794
leaf_count=2583 3135 10794
model_size=256
internal_value=0 -0.00199218
internal_weight=0 13377
internal_count=16512 13377
is_linear=0
shrinkage=0.1


Tree=33
num_leaves= 12
num_cat= 0
full_tree_array_lgbids= 0 1 2 -1 4 3 -4 -2147483648 -2147483648 7 5 -2 -5 -2147483648 -2147483648 -2147483648 -2147483648 -2147483648 -2147483648 9 8 6 10 -2147483648 -2147483648 -2147483648 -2147483648 -2147483648 -2147483648 -2147483648 -2147483648 -2147483648 -2147483648 -2147483648 -2147483648 -2147483648 -2147483648 -2147483648 -2147483648 -3 -11 -9 -10 -6 -8 -7 -12 -2147483648 -2147483648 -2147483648 -2147483648 -2147483648 -2147483648 -2147483648 -2147483648 -2147483648 -2147483648 -2147483648 -2147483648 -2147483648 -2147483648 -2147483648 -2147483648
split_feature= 8 7 7 8 7 8 7 7 6 7 1
split_gain= 3.35661 14.783 8.80125 12.4019 4.45272 59.4222 28.0692 26.0103 11.2941 5.10412 3.36337
threshold= -117.75499999999998 33.645000000000003 33.565000000000005 -117.24499999999999 34.525000000000013 -121.56499999999998 38.815000000000005 33.995000000000012 3.5724599197268012 33.885000000000012 5.5358500000000008
decision_type= 2 2 2 2 2 2 2 2 2 2 2
left_child=1 -1 3 -2 7 6 -6 9 -9 -3 -7
right_child=2 4 -4 -5 5 10 -8 8 -10 -11 -12
leaf_value= 0.062104668873693231 0.032231308703704442 0.0054482799496778115 -0.020171841412601341 -0.0064706795032749391 0.010264226514209116 -0.013040782269940966 -0.020571863441746926 0.020544984230395427 -0.0045633509956629122 -0.014700768561358582 -0.059375828261891875
leaf_weight=102 291 1597 1298 1188 3918 3057 617 2433 691 1194 126
leaf_count=102 291 1597 1298 1188 3918 3057 617 2433 691 1194 126
model_size=1264
internal_value=0 0.0017831 -0.0088192 0.00114411 0.00133179 -0.00256862 0.00606889 0.00642111 0.0149913 -0.00317156 -0.014875
internal_weight=0 13735 2777 1479 13633 7718 4535 5915 3124 2791 3183
internal_count=16512 13735 2777 1479 13633 7718 4535 5915 3124 2791 3183
is_linear=0
shrinkage=0.1


Tree=34
num_leaves= 2
num_cat= 0
full_tree_array_lgbids= 0 -1 -2
split_feature= 3
split_gain= 0.520235
threshold= 6.5207558992324239
decision_type= 2
left_child=-1
right_child=-2
leaf_value= -0.0016076884471541816 0.0087659542552769067
leaf_weight=13953 2559
leaf_count=13953 2559
model_size=144
internal_value=0
internal_weight=0
internal_count=16512
is_linear=0
shrinkage=0.1


end of trees

feature_importances:
Column_7=136
Column_8=127
Column_1=104
Column_6=86
Column_2=56
Column_3=22
Column_4=12
Column_5=7

parameters:
[boosting: gbdt]
[objective: regression]
[metric: rmse]
[tree_learner: serial]
[device_type: cpu]
[data_sample_strategy: bagging]
[data: data/california_housing.libsvm.train]
[valid: data/california_housing.libsvm.test]
[num_iterations: 100000]
[learning_rate: 0.1]
[num_leaves: 255]
[num_threads: 0]
[seed: 42]
[deterministic: 0]
[force_col_wise: 0]
[force_row_wise: 0]
[histogram_pool_size: -1]
[max_depth: 5]
[min_data_in_leaf: 10]
[min_sum_hessian_in_leaf: 0.001]
[bagging_fraction: 1]
[pos_bagging_fraction: 1]
[neg_bagging_fraction: 1]
[bagging_freq: 0]
[bagging_seed: 400]
[feature_fraction: 1]
[feature_fraction_bynode: 1]
[feature_fraction_seed: 30056]
[extra_trees: 0]
[extra_seed: 12879]
[early_stopping_round: 0]
[early_stopping_min_delta: 0]
[first_metric_only: 0]
[max_delta_step: 0]
[lambda_l1: 0]
[lambda_l2: 0]
[linear_lambda: 0]
[min_gain_to_split: 0]
[drop_rate: 0.1]
[max_drop: 50]
[skip_drop: 0.5]
[xgboost_dart_mode: 0]
[uniform_drop: 0]
[drop_seed: 17869]
[top_rate: 0.2]
[other_rate: 0.1]
[min_data_per_group: 100]
[max_cat_threshold: 32]
[cat_l2: 10]
[cat_smooth: 10]
[max_cat_to_onehot: 4]
[top_k: 20]
[monotone_constraints: ]
[monotone_constraints_method: basic]
[monotone_penalty: 0]
[feature_contri: ]
[forcedsplits_filename: ]
[refit_decay_rate: 0.9]
[tinygbdt_penalty_feature: 2]
[tinygbdt_penalty_split: 0.0078125]
[tinygbdt_forestsize: 64000]
[tinygbdt_precision: 7]
[cegb_tradeoff: 1]
[cegb_penalty_split: 0]
[cegb_penalty_feature_lazy: ]
[cegb_penalty_feature_coupled: ]
[path_smooth: 0]
[interaction_constraints: ]
[verbosity: 2]
[saved_feature_importance_type: 0]
[use_quantized_grad: 0]
[num_grad_quant_bins: 4]
[quant_train_renew_leaf: 0]
[stochastic_rounding: 1]
[linear_tree: 0]
[max_bin: 255]
[max_bin_by_feature: ]
[min_data_in_bin: 3]
[bin_construct_sample_cnt: 200000]
[data_random_seed: 175]
[is_enable_sparse: 1]
[enable_bundle: 1]
[use_missing: 1]
[zero_as_missing: 0]
[feature_pre_filter: 1]
[pre_partition: 0]
[two_round: 0]
[header: 0]
[label_column: ]
[weight_column: ]
[group_column: ]
[ignore_column: ]
[categorical_feature: ]
[forcedbins_filename: ]
[precise_float_parser: 0]
[parser_config_file: ]
[objective_seed: 16083]
[num_class: 1]
[is_unbalance: 0]
[scale_pos_weight: 1]
[sigmoid: 1]
[boost_from_average: 1]
[reg_sqrt: 0]
[alpha: 0.9]
[fair_c: 1]
[poisson_max_delta_step: 0.7]
[tweedie_variance_power: 1.5]
[lambdarank_truncation_level: 30]
[lambdarank_norm: 1]
[label_gain: ]
[lambdarank_position_bias_regularization: 0]
[eval_at: ]
[multi_error_top_k: 1]
[auc_mu_weights: ]
[num_machines: 1]
[local_listen_port: 12400]
[time_out: 120]
[machine_list_filename: ]
[machines: ]
[gpu_platform_id: -1]
[gpu_device_id: -1]
[gpu_use_dp: 0]
[num_gpu: 1]

end of parameters
