tree
version=v4
num_class=1
num_tree_per_iteration=1
label_index=0
max_feature_idx=8
objective=regression
feature_names=Column_0 Column_1 Column_2 Column_3 Column_4 Column_5 Column_6 Column_7 Column_8
feature_infos=none [0.49990000000000001:15.0001] [1:52] [0.88888888888888884:141.90909090909091] [0.33333333333333331:25.63636363636364] [3:35682] [0.69230769230769229:1243.333333333333] [32.549999999999997:41.950000000000003] [-124.34999999999999:-114.31]
tree_sizes=11085 11107 10907 10722 10512

Tree=0
num_leaves= 119
num_cat= 0
full_tree_array_lgbids= 0 1 2 5 3 4 10 9 11 6 7 16 13 20 33 15 14 35 21 37 8 19 17 44 18 39 29 77 64 34 46 45 53 27 52 49 59 54 31 70 38 12 36 22 25 24 51 80 67 96 23 72 74 63 60 99 79 89 105 82 112 -35 91 107 48 94 58 30 78 71 85 50 84 115 66 68 101 32 42 92 111 76 55 28 26 56 102 41 40 47 73 43 65 98 62 -2 93 75 -69 -18 97 57 69 100 86 104 88 87 81 61 -62 110 114 103 95 90 113 -66 109 106 83 117 -114 -2147483648 -2147483648 108 116 -1 -109 -47 -50 -17 -96 -55 -60 -11 -32 -29 -80 -16 -73 -54 -87 -7 -52 -51 -86 -37 -117 -61 -68 -13 -70 -56 -103 -23 -34 -33 -44 -3 -94 -72 -113 -39 -78 -40 -57 -8 -30 -14 -28 -10 -58 -38 -104 -5 -43 -24 -42 -21 -49 -27 -75 -9 -45 -26 -67 -19 -100 -53 -64 -2147483648 -2147483648 -82 -95 -46 -77 -2147483648 -2147483648 -2147483648 -2147483648 -98 -99 -20 -59 -25 -71 -6 -102 -74 -88 -41 -106 -76 -90 -15 -89 -65 -83 -31 -63 -2147483648 -2147483648 -4 -112 -101 -116 -79 -105 -81 -97 -22 -92 -91 -115 -2147483648 -2147483648 -107 -111 -12 -108 -84 -85 -36 -119 -2147483648 -2147483648 -2147483648 -2147483648 -2147483648 -2147483648 -48 -110 -93 -118
split_feature= 1 1 1 6 6 3 2 1 7 1 1 1 6 1 6 3 2 6 6 2 2 6 3 1 2 8 8 8 1 2 7 7 8 1 2 7 7 1 2 6 7 6 8 7 1 4 5 7 7 8 6 8 6 6 7 5 8 7 7 7 6 2 8 1 7 8 7 7 2 4 3 8 2 6 2 6 8 4 8 6 5 6 4 8 8 8 7 4 6 4 8 2 8 2 4 8 7 8 7 5 5 8 7 2 8 8 5 8 1 2 8 8 7 5 8 8 4 8
split_gain= 6987.71 1685.21 1292.18 976.383 431.528 318.446 234.116 213.04 187.466 181.265 156.323 137.183 128.983 121.127 113.039 111.566 107.937 105.744 95.7383 85.6363 73.6112 67.2939 66.9365 60.6149 58.9506 54.3521 50.8164 49.6668 44.942 44.0327 40.0877 39.2755 43.5668 33.7941 37.5008 33.7259 31.3943 31.2661 36.2447 30.9785 29.8679 29.728 29.3912 28.9746 28.6566 27.0098 26.2151 25.8038 25.3809 24.8535 30.2039 24.2438 23.3489 22.5912 22.3272 21.0297 20.0272 19.8524 18.979 18.84 18.4881 18.7368 18.1633 16.8762 16.5651 16.4096 15.927 15.2428 14.1965 13.3068 12.9098 12.8478 12.8469 12.6154 12.4716 11.9817 9.92364 9.72614 9.10714 7.89106 7.76607 7.31176 6.76177 7.64526 6.70127 6.07632 5.92791 5.79849 5.61069 5.38807 7.74316 5.36625 5.34216 5.32161 5.03041 4.68386 4.26493 6.59241 4.10539 4.08245 3.84084 3.62931 3.41162 3.02734 2.93947 2.88436 2.80677 2.56563 2.44247 2.34485 2.27581 2.01923 1.41876 1.19403 0.937299 0.848455 0.62695 0.256094
threshold= 5.0387000000000013 3.0679500000000002 6.8672000000000013 2.3489548886254448 2.671038674349933 4.3101408005062494 24.500000000000004 4.0775500000000013 37.815000000000005 2.2210000000000005 7.852450000000001 2.4115000000000006 1.9628175980828908 5.7307500000000013 2.4907552973342448 3.449226804123712 19.500000000000004 2.9005380231986346 2.0653737590585881 43.500000000000007 26.500000000000004 2.2906328481453726 5.1186051221335997 5.8308000000000009 41.500000000000007 -122.40499999999999 -117.88499999999998 -118.26499999999999 3.4298000000000006 27.500000000000004 37.815000000000005 34.525000000000013 -117.77499999999999 8.7395500000000013 28.500000000000004 35.335000000000008 37.995000000000012 3.5330000000000008 18.500000000000004 2.9742256672023202 34.415000000000006 3.0817415934345274 -120.44499999999998 38.545000000000009 5.6402500000000009 1.0291350557942953 139.50000000000003 38.435000000000009 34.045000000000009 -117.35499999999998 2.254419630548663 -122.33499999999999 3.458170981799539 2.10671797776953 37.945000000000007 534.50000000000011 -122.425 38.005000000000003 35.335000000000008 36.835000000000008 3.458170981799539 40.500000000000007 -117.75499999999998 6.2770500000000009 37.645000000000003 -122.28499999999998 38.925000000000004 37.955000000000005 26.500000000000004 1.0435797675926601 4.5820434769673541 -122.38499999999998 22.500000000000004 2.8079590171801518 16.500000000000004 2.5219735498882589 -118.26499999999999 1.0103851166134901 -117.145 2.5163636904584812 390.50000000000006 3.0089663118548242 1.0003353454057682 -117.81499999999998 -116.40499999999999 -117.79499999999999 37.925000000000004 1.0110829055585981 3.3663541575396478 1.0139026949414627 -118.26499999999999 20.500000000000004 -117.23499999999999 16.500000000000004 1.1538900096482767 -122.00499999999998 34.145000000000003 -122.25499999999998 38.235000000000007 1162.5000000000002 1614.5000000000002 -122.35499999999998 38.635000000000012 17.500000000000004 -121.36499999999999 -122.23499999999999 1203.5000000000002 -121.76499999999999 9.1688500000000008 35.500000000000007 -121.34499999999998 -121.81499999999998 37.805000000000007 868.50000000000011 -117.96499999999999 -120.34499999999998 0.92197646103896114 -118.07499999999997
decision_type= 2 2 2 2 2 2 2 2 2 2 2 2 2 2 2 2 2 2 2 2 2 2 2 2 2 2 2 2 2 2 2 2 2 2 2 2 2 2 2 2 2 2 2 2 2 2 2 2 2 2 2 2 2 2 2 2 2 2 2 2 2 2 2 2 2 2 2 2 2 2 2 2 2 2 2 2 2 2 2 2 2 2 2 2 2 2 2 2 2 2 2 2 2 2 2 2 2 2 2 2 2 2 2 2 2 2 2 2 2 2 2 2 2 2 2 2 2 2
left_child=1 5 4 6 16 9 37 19 12 15 20 35 28 39 27 45 44 24 96 22 77 54 41 57 43 47 -14 30 -8 63 -11 32 -23 34 82 49 56 70 76 72 -24 -5 -33 -9 80 107 -35 -21 -47 50 -7 98 71 94 68 -40 -10 -20 -55 115 61 -31 -53 87 89 -26 -61 75 -13 -25 92 -16 100 -27 104 -46 -39 99 -29 103 -2 -65 106 -84 -51 -54 -74 -15 -76 90 -22 108 -3 -82 -17 -81 -18 -98 -19 110 -6 -56 -38 -79 -41 -66 -12 -1 -48 -107 -4 -72 117 -91 -101 -37 -93 -36
right_child=2 3 10 7 13 11 8 17 36 14 33 21 26 29 52 53 18 51 23 25 64 31 40 69 65 73 -28 78 -30 60 -32 42 -34 46 112 59 102 38 55 74 -42 -43 -44 -45 67 48 91 -49 -50 84 -52 62 85 58 101 -57 -58 -59 -60 66 -62 -63 -64 81 105 -67 -68 -69 -70 -71 111 -73 86 -75 88 -77 -78 79 -80 95 93 -83 83 -85 -86 -87 -88 -89 -90 113 -92 116 -94 -95 -96 -97 97 -99 -100 114 -102 -103 -104 -105 -106 109 -108 -109 -110 -111 -112 -113 -114 -115 -116 -117 -118 -119
leaf_value= 2.0428115776403302 2.0322522439146704 2.0942646251487904 2.1970469771605763 2.0623490992633817 2.0788100563966578 2.0841138599801572 2.1965323452694219 2.0954689418246426 2.2142838774901663 2.1406373236940905 2.201214742644098 2.0345072442712553 2.1803908632616107 2.1096638881203256 2.1369577986748349 2.0163646038680656 2.3475029406369599 2.1269417179355425 2.1957668316364023 2.1654641714581091 2.3134738265400703 2.0423423215696768 2.0333915413355754 2.2374554972134808 2.2091709412441252 2.0795638084043055 2.0853910788377314 2.0653824157377607 2.2845502876908457 2.1919918556662772 2.0404662446165749 1.9910892755883369 1.9852344261613879 2.2256631944098948 2.3539183635514314 1.9734622437591023 2.0412401231857533 2.1091870245220798 2.0245249734293451 2.0834683157028921 2.0042626363250329 2.0299805008867327 1.9516641567416866 2.0321558591188165 2.2290802035057791 2.0195706739465327 2.2974192872479229 1.9921922446126408 2.0794739076624724 1.9685349276794362 1.9888444208027325 2.0588902430478546 2.0194666467334796 1.9876247733728514 2.048631191897333 2.1734629168237776 2.0951919498649194 2.087710141191141 1.9546252503190962 1.9717715616073146 2.0880122439150677 2.2838810687809143 2.0262876156140166 2.1854929355010166 2.2731583668156543 2.1356460584060457 1.9436251819951067 2.0902165239069102 2.0885806931844439 2.2872151599752977 2.0615003930585472 2.0468548239882924 2.1472471363027816 2.035621369557977 2.1070863956405002 2.1539228614650354 2.0673858812271733 2.2432252427681045 2.0052765696740975 2.261906623327202 2.1164124939581668 2.1474610484222523 2.299884311105183 2.2336177960559054 1.9309619655047523 1.9695393397118284 2.0833785607593032 2.1384854126492021 2.0785653826666226 2.3505294585180594 2.2209656433100169 2.3175530508989759 2.0101922421986527 2.1698756092870899 2.0851989775483477 2.2078495719740459 2.3441824260131363 2.24765874254427 2.0592165302409682 2.2186498283933367 2.1199560171028113 1.9934744660704813 1.9696822432512706 2.3295710676383008 2.0509785154122926 2.2451105803087024 2.2547846299662213 2.0031723742454979 2.3389576326004473 2.1657122381860678 2.1442219711450132 2.021195993752015 2.3036811097582559 2.3165633133534196 2.1745879558770809 1.9291164365278606 2.3598136219946544 2.3162255237335629
leaf_weight=27 9.9999999999999982 97 19 636 64 39 90 761 19 227 24 100 402 146 18 89 58 57 303 84 33 272 593 159 43 147 67 116 174 144 50 667 275 19 72 9.9999999999999982 66 141 10.999999999999998 56 943 545 277 83 72 114 27 9.9999999999999982 208 231 294 858 368 506 19 104 68 19 289 497 14.999999999999998 28 229 91 17 129 377 13.999999999999998 109 91 27 350 176 136 205 34 113 11.000000000000002 37 24 88 159 63 29 72 31 19 190 137 34 14.999999999999998 9.9999999999999982 9.9999999999999982 30 14.999999999999998 110 17 15.999999999999998 13.999999999999998 41 53 81 9.9999999999999982 10.999999999999998 118 12.000000000000002 31 154 84 9.9999999999999982 33 64 13.999999999999998 47 13.999999999999998 310 225 10.999999999999998
leaf_count=27 10 97 19 636 64 39 90 761 19 227 24 100 402 146 18 89 58 57 303 84 33 272 593 159 43 147 67 116 174 144 50 667 275 19 72 10 66 141 11 56 943 545 277 83 72 114 27 10 208 231 294 858 368 506 19 104 68 19 289 497 15 28 229 91 17 129 377 14 109 91 27 350 176 136 205 34 113 11 37 24 88 159 63 29 72 31 19 190 137 34 15 10 10 30 15 110 17 16 14 41 53 81 10 11 118 12 31 154 84 10 33 64 14 47 14 310 225 11
model_size=13248
internal_value=2.07195 2.03789 2.19622 2.07259 2.15739 2.00039 2.1449 2.05251 2.17679 2.02716 2.28999 1.98123 2.19841 2.12609 2.05582 2.00269 2.2124 2.07655 2.23355 2.03561 2.24376 2.0009 2.02938 2.21831 2.10021 2.08053 2.16682 2.09704 2.25454 2.15468 2.12256 1.99203 2.01363 2.32271 2.29347 1.96188 2.07953 2.0945 2.11198 2.0994 2.01551 2.04741 1.97952 2.08924 2.15586 2.04057 2.34226 2.14703 2.05827 1.98076 2 2.0558 2.0327 1.98149 2.04369 2.15922 2.1212 2.18939 1.97563 1.95182 2.19741 2.20695 2.05202 2.14104 2.29582 2.15403 1.95963 2.19158 2.06271 2.25557 2.06193 2.05126 2.12468 2.05845 2.08412 2.20497 2.09059 2.2105 2.05085 2.22724 2.12237 2.1613 2.26119 2.279 1.95961 2.01559 2.14102 2.12596 2.09566 2.31361 2.28457 2.34866 2.08641 2.13 2.02629 2.21753 2.32933 2.29738 2.11359 2.18609 2.09745 2.00395 2.03182 2.2864 2.06144 2.23698 2.23141 2.00909 2.32885 2.20902 2.16352 2.03315 2.34239 2.33082 2.20743 1.9305 2.35802 2.34892
internal_weight=0 12960 3552 6731 2512 6229 1463 5268 896 2599 1040 3630 733 1601 1197 1402 911 2174 663 3094 431 1800 2717 572 1016 377 469 430 264 773 277 1491 547 609 244 1830 163 567 369 828 1536 1181 944 844 248 503 365 94 322 636 333 1158 767 899 309 115 87 322 795 1194 187 172 1087 586 168 172 874 120 209 250 198 368 312 283 516 106 254 263 153 156 128 250 147 92 303 399 195 336 342 129 48 346 107 118 104 134 91 33 71 107 117 100 76 22 174 39 55 181 111 22 52 91 97 81 55 320 235 83
internal_count=16512 12960 3552 6731 2512 6229 1463 5268 896 2599 1040 3630 733 1601 1197 1402 911 2174 663 3094 431 1800 2717 572 1016 377 469 430 264 773 277 1491 547 609 244 1830 163 567 369 828 1536 1181 944 844 248 503 365 94 322 636 333 1158 767 899 309 115 87 322 795 1194 187 172 1087 586 168 172 874 120 209 250 198 368 312 283 516 106 254 263 153 156 128 250 147 92 303 399 195 336 342 129 48 346 107 118 104 134 91 33 71 107 117 100 76 22 174 39 55 181 111 22 52 91 97 81 55 320 235 83
is_linear=0
shrinkage=1


Tree=1
num_leaves= 113
num_cat= 0
full_tree_array_lgbids= 0 1 2 5 3 4 12 16 6 7 10 19 13 21 48 17 82 9 14 8 42 22 23 47 24 33 25 58 59 -14 71 26 39 83 -84 18 52 15 38 30 11 54 96 28 34 32 44 86 67 104 35 55 69 65 61 92 68 80 79 -2147483648 -2147483648 93 72 60 27 78 62 107 110 -2147483648 -2147483648 36 51 53 111 20 46 43 89 31 73 40 29 -9 85 -44 106 41 37 57 70 50 74 45 49 97 87 84 -69 105 109 64 66 56 75 99 76 91 88 63 -63 100 94 77 90 81 102 -61 95 -2147483648 -2147483648 -2147483648 -2147483648 101 108 103 98 -1 -62 -28 -29 -19 -80 -41 -64 -18 -109 -85 -112 -2147483648 -2147483648 -2147483648 -2147483648 -7 -38 -20 -53 -11 -55 -54 -113 -8 -22 -17 -48 -16 -45 -40 -91 -3 -33 -32 -75 -10 -42 -13 -31 -2147483648 -2147483648 -56 -87 -2147483648 -2147483648 -98 -108 -5 -43 -30 -39 -24 -59 -36 -72 -12 -52 -34 -76 -25 -47 -46 -51 -2 -99 -88 -89 -49 -86 -2147483648 -2147483648 -21 -107 -106 -111 -26 -66 -37 -68 -6 -58 -57 -77 -35 -101 -71 -78 -15 -93 -67 -90 -27 -65 -2147483648 -2147483648 -4 -102 -94 -96 -60 -79 -70 -92 -23 -83 -82 -104 -2147483648 -2147483648 -81 -97 -2147483648 -2147483648 -2147483648 -2147483648 -2147483648 -2147483648 -2147483648 -2147483648 -50 -103 -95 -110 -73 -105 -74 -100
split_feature= 1 1 1 6 6 6 7 7 2 8 1 6 1 1 8 7 7 8 6 2 8 2 2 6 6 2 7 8 3 8 8 7 2 6 8 1 7 7 8 2 8 6 8 7 8 7 7 1 5 7 7 7 8 6 7 7 8 7 1 7 8 6 1 2 7 1 1 7 8 2 7 6 1 7 3 8 7 4 6 8 4 8 7 8 6 7 5 2 6 3 7 6 4 2 8 3 1 6 7 1 5 8 6 6 1 6 2 4 1 5 1 1
split_gain= 5659.64 1368.72 1046.26 791.011 352.507 272.715 201.029 198.551 191.051 154.577 145.531 138.282 126.645 118.038 117.161 143.012 104.929 112.484 95.8767 85.7792 80.8461 80.7708 69.6273 65.7672 58.5781 55.4847 50.6017 65.7762 48.082 45.2891 43.2354 52.2868 42.115 41.2888 40.5193 34.2705 32.7028 31.9021 31.7568 27.1311 26.2635 25.9672 25.854 24.9507 22.4946 23.0495 22.2801 21.4221 19.8689 19.1899 18.8734 17.0527 15.8916 15.8524 15.7929 15.3961 15.0162 14.7032 14.5168 14.5078 14.3042 13.283 13.1637 12.6338 12.3899 12.2347 11.4331 10.8893 10.6495 10.6428 10.5887 10.1548 11.7348 10.0611 8.49998 7.8279 7.59462 7.57992 7.33058 6.92811 6.49628 10.9394 6.43018 11.2466 6.20825 5.9918 5.85391 6.40214 5.83331 5.28723 4.87249 4.3385 4.2509 3.1535 2.7114 2.66119 2.27361 1.93142 1.82422 1.63002 1.57572 1.39963 1.36166 1.0622 1.02907 1.76853 0.630216 0.173282 0.13937 0.100675 0.0928884 0.0241191
threshold= 5.0387000000000013 3.1097000000000006 6.8672000000000013 2.4136952392348086 2.5763869593405579 2.1628386478062818 34.455000000000005 37.935000000000009 24.500000000000004 -117.77499999999999 4.1119000000000012 1.9628175980828908 8.4454500000000028 5.8308000000000009 -121.63499999999998 37.895000000000003 37.945000000000007 -118.24499999999999 3.442186331338819 21.500000000000004 -122.31499999999998 26.500000000000004 44.500000000000007 2.9291766686969298 2.0653737590585881 27.500000000000004 34.655000000000008 -122.35499999999998 4.7926201822371182 -122.33499999999999 -118.29499999999999 34.155000000000008 42.500000000000007 2.9366774891774896 -122.40499999999999 5.5682000000000009 34.045000000000009 34.435000000000009 -119.84499999999998 28.500000000000004 -122.40499999999999 3.1424162072895592 -122.35499999999998 35.645000000000003 -121.46499999999999 37.915000000000006 38.675000000000004 5.6402500000000009 70.000000000000014 34.655000000000008 37.765000000000008 34.045000000000009 -116.53499999999998 2.8335312747426764 38.005000000000003 37.925000000000004 -117.91499999999998 38.155000000000008 7.3930000000000016 37.645000000000003 -118.37499999999999 3.458170981799539 2.2003500000000007 40.500000000000007 37.935000000000009 6.3350000000000009 6.3963500000000009 37.955000000000005 -117.71499999999999 14.500000000000002 37.735000000000007 3.1747392355722384 9.1688500000000008 33.695000000000007 6.0498344370860933 -122.19499999999998 37.875000000000007 1.0417933552053971 1.5104297674263547 -122.28499999999998 1.0139026949414627 -118.09499999999998 38.815000000000005 -122.26499999999999 2.5219735498882589 38.765000000000008 1140.5000000000002 15.500000000000002 3.0298305221858191 5.1947827066293142 33.045000000000009 3.1424162072895592 1.0097363099187924 20.500000000000004 -118.175 6.8391702402831678 4.0612500000000002 2.0376051459673437 37.485000000000007 5.2158500000000005 1162.5000000000002 -121.79499999999999 3.1519910337552743 3.5391140273339228 5.3736000000000006 1.8799668983343667 34.500000000000007 1.0373307138179437 9.1688500000000008 534.50000000000011 1.6111500000000001 2.3270500000000003
decision_type= 2 2 2 2 2 2 2 2 2 2 2 2 2 2 2 2 2 2 2 2 2 2 2 2 2 2 2 2 2 2 2 2 2 2 2 2 2 2 2 2 2 2 2 2 2 2 2 2 2 2 2 2 2 2 2 2 2 2 2 2 2 2 2 2 2 2 2 2 2 2 2 2 2 2 2 2 2 2 2 2 2 2 2 2 2 2 2 2 2 2 2 2 2 2 2 2 2 2 2 2 2 2 2 2 2 2 2 2 2 2 2 2
left_child=1 5 4 7 19 16 9 8 30 18 22 40 21 33 15 20 17 26 36 47 -8 58 28 32 104 65 60 -28 41 -13 31 -3 50 55 57 64 -7 -30 43 78 -10 -5 54 -16 45 -25 -17 86 -14 -46 -12 -20 53 -11 -9 56 -6 -24 92 80 -1 63 -41 -27 -26 91 -37 84 77 99 -36 93 103 -32 -34 -57 -71 -60 -19 -61 81 -23 83 107 -49 -56 97 -88 -67 -40 -70 -15 100 101 -94 -81 -44 -2 -74 -35 -4 -50 -82 -73 105 -21 -98 -18 -95 -106 -85 -54
right_child=2 3 12 10 13 6 14 42 11 52 23 29 48 25 38 46 82 39 51 24 -22 59 34 44 35 61 27 -29 37 -31 73 -33 74 69 70 66 -38 -39 89 62 -42 -43 96 -45 49 -47 -48 67 71 -51 -52 -53 111 -55 85 75 -58 -59 68 79 -62 -63 -64 -65 -66 88 -68 -69 90 76 -72 72 98 -75 -76 -77 -78 -79 -80 95 102 -83 -84 110 -86 -87 87 -89 -90 -91 -92 -93 94 108 -96 -97 106 -99 -100 -101 -102 -103 -104 -105 109 -107 -108 -109 -110 -111 -112 -113
leaf_value= 0.12004633573159365 0.062226991122588518 0.13922680700818699 0.072784451375136505 0.0034526885907401779 0.075404580390038028 -0.028296137803472933 0.059045989572769034 0.09759424281391231 0.22363129605035315 -0.061943192205967147 0.021982394564230259 0.15200140062967937 0.10762568108427029 0.065720721988223638 -0.04406507964340154 -0.069216434904985663 -0.043138038553297522 -0.10687562200952978 -0.065454390534873716 0.24702082451652077 -0.044412958529335383 0.21821601656350223 0.086914337738907263 0.030477198241080378 0.11931676829390857 0.11920347212087722 0.12923717969437926 -0.010319021570052361 -0.032231015922305616 0.068068334948991935 0.016504864080099168 0.032567879023380715 0.060290220263644612 -0.037547862212009293 0.00083407082386541265 0.15569187857759881 0.013049518090156198 -0.058800488044297564 -0.13237924952979693 -0.056580343333383402 0.14707573651212263 -0.03598801625026745 -0.057479273814675026 -0.10068640641175929 -0.015255583482670965 -0.037837517231754547 -0.1113833193241352 0.14114649544935673 0.26015746423176361 -0.055307762242806785 -0.016821589142755541 -0.035308781839202996 -0.12861121245372442 -0.092715229559096557 0.013384131411090495 0.057807791382074362 0.02329359875109635 -0.047407381460070612 0.15009402242990644 0.23530060201883318 0.055957407419236355 0.015144229612567209 0.025112630911292389 0.18213537653287254 0.016562676749059133 0.104575224239927 0.20825195800799592 0.022553581930696967 0.16369913816452028 0.026152266231522465 -0.056458609286281804 0.13203350676016673 0.24838527891370987 -0.025804899650238522 0.12437126843198654 -0.018313374910281881 -0.019491425386451662 0.19829679463058711 -0.052142471921738258 0.090242392366582713 0.24398089357044386 0.11046037100828612 -0.10266434939112515 -0.099931189134007406 0.061977053912622593 -0.068002303530062952 0.045179397108800277 0.11817086374759674 0.069289553263621739 -0.11205386106652776 0.088962110881028442 0.039190486925253218 0.15214398428797724 0.24450300888103596 0.10854418575763702 0.16044784660997063 -0.0051073003560304642 0.0082018824666738512 0.18695162892341616 -0.0034182318784903897 0.11356742570642382 0.21838390084735135 0.19278721159154721 0.19218352556228638 0.21622873544692994 0.18789273765352038 -0.048934647177948674 0.001372672258703797 0.26138838175180795 0.25779173839383013 -0.072084685515424393 -0.10678100742399693
leaf_weight=71 15.999999999999998 60 37 359 283 431 96 22 61 293 598 75 11.999999999999998 168 89 198 9.9999999999999982 34 673 17 381 55 76 188 166 159 41 214 855 552 143 218 101 34 181 156 368 1041 401 30 203 341 113 997 641 72 398 80 21 159 172 287 81 471 50 25 76 9.9999999999999982 104 11.999999999999998 81 10.999999999999998 77 45 13.999999999999998 102 65 11.999999999999998 15.999999999999998 445 45 18.000000000000004 45 113 31 42 47 60 181 10.999999999999998 115 12.999999999999998 64 21 13.999999999999998 13.999999999999998 34 25 129 261 35 151 41 68 43 29 24 35 9.9999999999999982 92 32 57 10.999999999999998 9.9999999999999982 9.9999999999999982 18 17 27 185 41 109 40
leaf_count=71 16 60 37 359 283 431 96 22 61 293 598 75 12 168 89 198 10 34 673 17 381 55 76 188 166 159 41 214 855 552 143 218 101 34 181 156 368 1041 401 30 203 341 113 997 641 72 398 80 21 159 172 287 81 471 50 25 76 10 104 12 81 11 77 45 14 102 65 12 16 445 45 18 45 113 31 42 47 60 181 11 115 13 64 21 14 14 34 25 129 261 35 151 41 68 43 29 24 35 10 92 32 57 11 10 10 18 17 27 185 41 109 40
model_size=12576
internal_value=0 -0.0306532 0.111843 0.00158441 0.076901 -0.0634427 -0.0720969 0.0611315 0.0753469 -0.0522257 -0.0187741 0.103784 0.19624 0.0535082 -0.0907212 -0.0645744 -0.0141767 0.00454183 -0.0350073 0.137097 -0.023591 0.167033 -0.0330328 0.00235965 0.160526 0.0835031 0.0396715 0.0121194 -0.0384442 0.0781082 0.0278982 0.0555878 0.0223913 0.0315291 0.0119928 0.144296 -0.00925333 -0.046819 -0.106771 -0.0398612 0.164765 -0.0157606 -0.0232724 -0.0960462 -0.0146862 0.0115593 -0.0973749 0.0842737 0.238336 -0.023216 0.0133145 -0.0564421 -0.0864486 -0.0809139 0.0216773 0.0558353 0.0643727 0.0712955 0.137155 0.21173 0.0858937 0.127051 0.00220806 0.133086 0.111325 0.0664798 0.171151 0.117265 0.154607 0.0147744 -0.0105738 0.242124 0.208979 -0.00217093 0.0753396 0.01009 0.021792 0.167729 -0.0607979 0.16287 0.224826 0.197616 -0.0732494 -0.0619767 0.129355 -0.00441915 0.0524824 0.076108 0.0848702 -0.124366 0.112409 0.0531625 0.112631 0.250436 0.129825 0.141141 -0.0483742 0.0251509 0.237216 -0.0126278 0.0916983 0.229631 0.239512 0.153516 0.2362 0.216612 -0.0232796 -0.0106572 0.25685 0.249642 -0.076583 -0.121395
internal_weight=0 12960 3552 6535 2512 6425 5465 1665 1425 2644 4870 891 1040 1809 2821 1073 960 729 1759 703 477 614 2908 1962 487 765 407 255 2596 627 534 278 902 1044 312 401 799 1896 1748 322 264 700 240 1086 1060 260 596 216 426 800 770 960 885 764 86 426 359 86 368 246 152 215 107 204 180 550 221 106 215 618 226 414 83 256 132 67 492 164 215 52 194 68 231 167 94 64 110 59 231 662 51 319 153 331 84 40 154 51 55 126 69 78 126 28 86 35 41 37 253 51 130 121
internal_count=16512 12960 3552 6535 2512 6425 5465 1665 1425 2644 4870 891 1040 1809 2821 1073 960 729 1759 703 477 614 2908 1962 487 765 407 255 2596 627 534 278 902 1044 312 401 799 1896 1748 322 264 700 240 1086 1060 260 596 216 426 800 770 960 885 764 86 426 359 86 368 246 152 215 107 204 180 550 221 106 215 618 226 414 83 256 132 67 492 164 215 52 194 68 231 167 94 64 110 59 231 662 51 319 153 331 84 40 154 51 55 126 69 78 126 28 86 35 41 37 253 51 130 121
is_linear=0
shrinkage=0.1


Tree=2
num_leaves= 111
num_cat= 0
full_tree_array_lgbids= 0 1 2 5 3 4 13 15 7 6 8 20 19 24 41 16 76 9 11 57 10 22 14 51 23 48 31 71 61 42 49 25 37 77 -78 17 53 12 33 58 106 21 47 29 40 30 27 82 68 56 35 60 89 39 79 92 72 94 102 84 108 -43 97 54 26 65 64 109 -79 -2147483648 -2147483648 44 34 88 62 18 46 43 86 59 73 -59 -108 32 28 67 -49 38 52 63 69 78 45 50 36 100 83 91 81 93 -58 70 66 75 98 90 104 55 87 80 -81 -4 96 105 74 95 107 -63 103 99 85 -44 -110 -2147483648 -2147483648 101 -99 -1 -56 -27 -28 -18 -67 -39 -66 -17 -111 -2147483648 -2147483648 -2147483648 -2147483648 -2147483648 -2147483648 -7 -46 -19 -36 -11 -90 -55 -64 -9 -20 -14 -48 -13 -45 -35 -88 -3 -61 -60 -75 -2147483648 -2147483648 -2147483648 -2147483648 -8 -34 -23 -30 -12 -69 -2147483648 -2147483648 -5 -40 -31 -54 -24 -65 -42 -71 -10 -80 -32 -47 -16 -52 -29 -38 -2 -102 -84 -85 -53 -93 -70 -83 -22 -95 -2147483648 -2147483648 -25 -72 -37 -68 -6 -77 -62 -100 -50 -92 -91 -106 -21 -57 -41 -89 -33 -82 -2147483648 -2147483648 -2147483648 -2147483648 -94 -98 -73 -107 -74 -76 -26 -97 -96 -109 -2147483648 -2147483648 -104 -105 -15 -101 -86 -87 -2147483648 -2147483648 -2147483648 -2147483648 -2147483648 -2147483648 -2147483648 -2147483648 -51 -103 -2147483648 -2147483648
split_feature= 1 1 1 6 6 6 2 7 1 8 7 8 7 1 6 7 8 6 8 1 2 6 2 6 2 7 8 8 1 3 2 6 2 8 7 1 7 2 7 2 8 1 2 7 8 8 7 8 6 5 7 1 7 1 8 8 7 7 8 7 2 7 7 7 1 6 1 1 4 7 8 8 4 5 6 8 7 8 8 7 3 5 4 8 4 8 7 7 8 7 8 8 5 5 4 8 7 2 4 2 6 1 8 2 3 7 1 2 4 5
split_gain= 4589.11 1194.07 766.263 682.646 262.3 242.628 177.738 174.716 141.65 136.665 112.595 107.68 124.5 104.859 97.4893 90.4116 100.138 86.844 67.7323 66.1362 64.8271 60.2335 57.6424 52.0157 47.2517 43.2172 61.979 42.0416 40.9491 40.1246 34.0045 31.99 30.2788 27.7494 27.6188 27.6067 23.6533 22.4948 21.1987 20.8821 20.7705 20.7565 25.0361 20.588 20.265 20.1013 19.6832 19.6023 18.2198 17.2399 15.9409 14.909 14.0977 13.8138 13.5352 13.5201 12.7122 11.174 19.3793 14.9823 11.0976 10.1528 9.15162 8.25451 7.62922 7.5432 7.44947 7.31309 6.50079 6.46241 6.11547 6.08807 6.92337 6.01912 5.57804 5.5655 5.38867 7.84881 5.33814 5.31704 5.11346 5.00657 4.42129 6.14199 4.41462 4.88826 4.26846 4.03358 4.01412 4.00133 6.35207 3.36118 3.20314 3.15491 2.80415 4.63696 2.67437 2.59929 1.96452 1.85378 1.77257 1.47528 1.33123 1.25749 1.05447 0.886501 0.750879 0.456065 0.42802 0.0310723
threshold= 5.1326000000000009 3.1792500000000001 6.8672000000000013 2.2982753493904258 2.6585924622132828 2.1628386478062818 19.500000000000004 34.455000000000005 4.0612500000000002 -117.77499999999999 37.815000000000005 -121.63499999999998 37.915000000000006 7.852450000000001 2.6829812717770039 37.935000000000009 -118.24499999999999 3.1336552646136835 -122.33499999999999 5.6851000000000012 21.500000000000004 1.9322222929778572 47.500000000000007 2.2038024706228287 26.500000000000004 34.655000000000008 -120.02499999999999 -121.895 3.8136000000000005 5.1822875816993479 26.500000000000004 3.0228140180430265 28.500000000000004 -119.94499999999998 34.035000000000004 5.7307500000000013 34.655000000000008 32.500000000000007 37.805000000000007 36.500000000000007 -122.29499999999999 8.7395500000000013 28.500000000000004 35.645000000000003 -118.395 -122.29499999999999 38.675000000000004 -122.03499999999998 3.1262267671728927 139.50000000000003 37.915000000000006 5.6402500000000009 38.675000000000004 2.2336500000000004 -118.37499999999999 -117.81499999999998 37.805000000000007 37.955000000000005 -118.29499999999999 34.175000000000004 37.500000000000007 37.645000000000003 33.625000000000007 37.795000000000009 2.2003500000000007 1.5104297674263547 6.3350000000000009 4.125700000000001 1.0671403331650682 35.375000000000007 -122.44499999999998 -122.00499999999998 0.95712370739180408 1627.5000000000002 2.5763869593405579 -117.24499999999999 38.815000000000005 -122.26499999999999 -117.18499999999999 37.965000000000011 6.0885186209439537 899.50000000000011 1.0271096002911728 -117.23499999999999 1.0003353454057682 -117.81499999999998 36.975000000000001 37.595000000000006 -116.53499999999998 37.985000000000007 -121.44499999999998 -121.895 962.50000000000011 459.50000000000006 1.0139026949414627 -118.26499999999999 37.895000000000003 20.500000000000004 1.0097363099187924 14.500000000000002 2.4716480639382667 11.055650000000002 -122.23499999999999 35.500000000000007 7.3584173399399555 33.885000000000012 3.9221500000000007 33.500000000000007 1.0330925810040332 1070.5000000000002
decision_type= 2 2 2 2 2 2 2 2 2 2 2 2 2 2 2 2 2 2 2 2 2 2 2 2 2 2 2 2 2 2 2 2 2 2 2 2 2 2 2 2 2 2 2 2 2 2 2 2 2 2 2 2 2 2 2 2 2 2 2 2 2 2 2 2 2 2 2 2 2 2 2 2 2 2 2 2 2 2 2 2 2 2 2 2 2 2 2 2 2 2 2 2 2 2 2 2 2 2 2 2 2 2 2 2 2 2 2 2 2 2
left_child=1 5 4 6 20 15 57 9 22 17 21 12 18 24 30 16 25 44 -9 48 51 32 29 56 71 54 -27 50 -23 38 78 39 -8 43 -19 70 -29 65 -5 55 63 42 84 -13 -7 -32 -14 67 60 -43 -16 82 -31 88 -1 -21 93 58 59 -3 75 94 -55 -24 -39 -18 -37 -12 91 -42 -25 92 105 -60 -74 -6 77 109 -10 80 -33 -70 100 -84 99 -86 -35 -41 -11 90 -50 -53 -4 -22 95 -26 -94 101 -62 -15 -2 -51 -63 -104 -91 -73 -59 -96 -44 -17
right_child=2 3 13 8 19 7 10 11 14 53 47 33 46 41 27 76 37 34 -20 31 23 28 40 35 61 26 -28 36 -30 52 45 79 -34 86 -36 66 -38 64 -40 87 69 49 108 -45 -46 -47 -48 -49 89 97 -52 68 -54 62 -56 -57 -58 106 73 -61 98 102 -64 -65 -66 -67 -68 -69 81 -71 -72 72 74 -75 -76 -77 -78 -79 -80 -81 -82 -83 83 -85 85 -87 -88 -89 -90 104 -92 -93 96 -95 107 -97 -98 -99 -100 -101 -102 -103 103 -105 -106 -107 -108 -109 -110 -111
leaf_value= 0.1068667777857798 -0.029772780806972422 0.11244277664490286 0.094998341271032904 -0.012954766055067072 0.03904804307210516 0.039174311865980811 0.10053562940790868 0.055769185814065772 0.015868915608758485 -0.086157078849675078 0.018907024097749064 -0.038770673644688468 -0.060563394382063832 0.091061682867653232 0.041215240475263953 -0.023728581882460277 -0.095640406737456454 -0.057241798496994248 -0.03741104342599734 0.090674651693552738 0.16613883025505966 0.061270276997887445 0.082225101366639144 0.15264305543331874 0.19555258985721705 0.031326524401869518 -0.1078026027271622 -0.0052674903897241172 0.12236242659324617 -0.038660714550180844 0.10939397731652628 0.024547044911822823 0.17717542195187086 -0.11323089896608279 -0.025459544633880324 0.13077036546723497 -0.034206035491365319 -0.039792691739664106 -0.061364967551385499 0.17165749197204908 0.019630265128621951 0.12261014392501431 0.20704073729563732 -0.089843651478251144 -0.0084882717356117299 0.046837898178233216 -0.099501932379834859 -0.043575249785600706 0.041076905020172638 0.19906519680488399 -0.0065092886501379246 0.12069629178796377 -0.069693972050575898 -0.050995066101442145 0.047902277209822777 0.039722701565463203 0.11483739447944306 -0.049372277979273349 -0.017192236321457364 0.030233673007751351 0.13618957485471453 0.16320224790012136 -0.079521282854736516 -0.023445069491863254 0.033222685401038878 -0.042509314519078807 0.17162342315880202 0.083249293064000085 0.078894725255668166 -0.030810429225219232 0.089432304000979096 0.078907748702913505 0.16105363935542605 0.033208213402674748 0.10334666084584804 -0.01102977550077823 -0.092397914244793364 -0.066933367186956277 -0.034393481848140554 0.0063038265412407261 0.0577201322029713 0.14783479939436628 0.072504723439591801 -0.013529465813189746 0.18662725147746861 0.13017496512881641 -0.066446769223720933 0.096080338037931007 -0.1158266360430341 -0.047393595742491579 0.00090276532972221376 0.06066978376577882 0.1897752434015274 0.22312223713800133 0.18610598444938661 0.1187605733672778 0.11338914632797242 0.23181623550171548 0.071307807317689847 0.14402081268398387 0.041984048609932267 0.23598150919223657 0.14155763039986288 0.071152206547558314 0.011415665410459042 0.012326973947611723 -0.0058945883479383267 0.2192649635885443 0.23466911464929582 0.020160133689641951
leaf_weight=85 13.000000000000002 31 11.999999999999998 1077 278 117 78 99 246 331 62 92 210 17 234 32 37 783 407 259 17 226 65 21 33 237 38 1024 228 1163 65 72 175 691 454 124 423 24 106 36 79 19 49 1017 517 357 412 43 63 82 113 18 187 249 87 74 17 32 118 112 13.999999999999998 17 272 9.9999999999999982 58 224 93 32 20 51 185 10.000000000000002 24 39 172 31 64 139 30 35 344 42 70 11.999999999999998 63 29 27 12.999999999999998 76 26 207 51 24 83 25 14.999999999999998 9.9999999999999982 235 19 38 11.999999999999998 29 12.000000000000002 9.9999999999999982 9.9999999999999982 10.999999999999998 18 56 48 9.9999999999999982
leaf_count=85 13 31 12 1077 278 117 78 99 246 331 62 92 210 17 234 32 37 783 407 259 17 226 65 21 33 237 38 1024 228 1163 65 72 175 691 454 124 423 24 106 36 79 19 49 1017 517 357 412 43 63 82 113 18 187 249 87 74 17 32 118 112 14 17 272 10 58 224 93 32 20 51 185 10 24 39 172 31 64 139 30 35 344 42 70 12 63 29 27 13 76 26 207 51 24 83 25 15 10 235 19 38 12 29 12 10 10 11 18 56 48 10
model_size=12352
internal_value=0 -0.0263464 0.105521 0.0045758 0.0727908 -0.0556061 0.072871 -0.0636471 -0.0110159 -0.0456707 0.0978148 -0.0806744 -0.0562219 0.176616 0.00632 -0.0109031 0.00568376 -0.0300289 -0.0191801 0.0480272 0.119931 0.113993 -0.0267942 0.139301 0.138619 0.0370896 0.0121014 -0.00610605 0.0919509 -0.030972 0.0382574 0.0668628 0.153547 -0.0957715 -0.0455772 0.122759 -0.0137271 -0.0352446 -0.0172925 0.0886202 0.0248275 0.203507 0.180174 -0.0856068 0.000307505 0.0564733 -0.0863555 0.0143247 0.0238142 0.219105 0.0256738 0.0759806 -0.0429594 -0.0772073 0.0770417 0.079352 0.199109 0.0127209 0.0204611 0.0480552 0.0402776 0.180659 -0.0658878 0.0681357 0.0118523 -0.0500413 0.148279 0.0408108 0.0996462 -0.000158007 0.0958761 0.111765 0.103989 -0.00467238 0.110413 0.0340241 -0.0643874 -0.0544832 0.0104056 0.048434 0.0519786 0.125596 0.0470069 0.0599144 0.153425 0.168833 -0.111472 0.151606 -0.0916973 0.00541386 0.0102767 0.0763289 0.148445 0.213435 0.195086 0.171555 0.167309 0.224404 0.0988334 0.127652 0.0046705 0.20871 0.13294 0.109555 -0.0310577 0.0440321 -0.0337203 0.209031 0.220713 -0.0132789
internal_weight=0 13213 3299 6424 2259 6789 1194 5754 5230 2799 844 2955 1128 1040 2492 1035 790 1871 506 1481 778 707 2738 540 431 447 275 1794 454 2533 698 833 253 1827 1237 423 1447 343 1183 382 205 609 244 1109 634 422 622 137 648 365 347 238 1350 928 172 333 117 350 300 143 342 168 521 75 82 261 217 94 131 130 206 263 217 157 196 309 245 181 276 451 416 62 107 82 147 92 718 49 407 306 270 69 46 100 129 48 34 346 33 55 25 111 39 22 36 21 50 81 97 42
internal_count=16512 13213 3299 6424 2259 6789 1194 5754 5230 2799 844 2955 1128 1040 2492 1035 790 1871 506 1481 778 707 2738 540 431 447 275 1794 454 2533 698 833 253 1827 1237 423 1447 343 1183 382 205 609 244 1109 634 422 622 137 648 365 347 238 1350 928 172 333 117 350 300 143 342 168 521 75 82 261 217 94 131 130 206 263 217 157 196 309 245 181 276 451 416 62 107 82 147 92 718 49 407 306 270 69 46 100 129 48 34 346 33 55 25 111 39 22 36 21 50 81 97 42
is_linear=0
shrinkage=0.1


Tree=3
num_leaves= 106
num_cat= 0
full_tree_array_lgbids= 0 1 2 6 3 4 11 17 13 5 8 15 12 23 39 26 43 36 21 7 34 16 14 48 22 29 25 79 65 40 44 27 -28 52 -45 71 42 49 30 28 9 47 96 33 24 19 31 81 63 100 32 51 68 62 56 95 80 90 98 73 99 -41 89 41 66 -2147483648 -2147483648 54 53 -2147483648 -2147483648 72 -73 60 64 78 50 88 69 76 38 10 18 104 75 -36 -98 37 57 35 55 20 45 46 87 -2 82 74 -65 103 -102 61 59 58 70 86 83 85 84 67 92 97 -97 94 93 91 -92 101 -100 77 -75 -42 -101 -2147483648 -2147483648 102 -91 -1 -43 -29 -68 -2147483648 -2147483648 -2147483648 -2147483648 -19 -56 -54 -55 -2147483648 -2147483648 -2147483648 -2147483648 -8 -74 -2147483648 -2147483648 -38 -62 -44 -66 -15 -80 -51 -52 -23 -90 -32 -71 -3 -78 -30 -40 -9 -12 -11 -20 -7 -106 -49 -77 -2147483648 -2147483648 -2147483648 -2147483648 -5 -39 -35 -59 -18 -37 -26 -57 -10 -22 -21 -47 -16 -48 -33 -89 -2147483648 -2147483648 -83 -84 -50 -76 -2147483648 -2147483648 -17 -105 -2147483648 -2147483648 -24 -63 -34 -61 -6 -60 -53 -72 -31 -88 -70 -85 -14 -87 -64 -86 -27 -69 -58 -94 -4 -99 -2147483648 -2147483648 -81 -96 -82 -95 -25 -93 -2147483648 -2147483648 -67 -103 -2147483648 -2147483648 -13 -79 -2147483648 -2147483648 -2147483648 -2147483648 -2147483648 -2147483648 -2147483648 -2147483648 -2147483648 -2147483648 -46 -104 -2147483648 -2147483648
split_feature= 1 1 1 6 6 7 3 8 1 8 7 1 1 1 6 2 3 6 7 7 8 6 6 2 2 2 7 8 7 6 3 8 1 6 8 7 6 7 2 1 2 6 7 8 5 8 7 7 1 2 6 7 7 8 8 8 8 8 8 7 8 7 1 7 5 7 8 3 2 7 8 8 7 4 8 7 7 6 6 4 6 5 2 7 6 5 8 7 6 6 4 8 3 8 2 5 1 8 3 7 4 2 2 5 3
split_gain= 3720.43 915.515 683.756 577.59 235.112 173.828 173.703 146.15 143.474 84.7787 140.589 84.5137 77.6245 70.357 57.8305 56.1975 51.396 51.1656 46.7222 41.0851 46.553 39.6636 38.7477 37.8502 37.4982 37.3705 33.2552 33.4753 28.49 27.6388 26.1586 24.0545 22.0445 21.27 20.9536 19.9036 18.673 17.4126 17.3545 16.647 21.7284 16.2068 16.1757 16.0604 15.2042 15.0568 14.4482 13.7248 13.3574 13.2163 17.2664 12.6234 11.6947 15.1717 13.8129 11.678 10.1969 10.1494 9.92053 9.23557 9.14468 9.10136 8.97435 8.05598 7.9647 7.80097 7.53454 7.45979 7.07862 6.7791 6.18835 6.15062 8.98746 5.71484 5.29289 5.16023 4.91362 4.8913 4.86677 4.77069 4.33619 4.16712 4.67323 4.16644 3.40341 3.11763 2.89363 2.68205 2.48607 2.35578 1.88626 2.53548 1.7978 1.73324 1.61968 1.55528 1.03438 1.00384 0.681254 0.489162 0.396651 0.274444 0.192565 0.122628 0.0900985
threshold= 5.0387000000000013 2.7820000000000005 6.8672000000000013 2.4136952392348086 2.5763869593405579 37.935000000000009 3.8792159595040387 -122.33499999999999 3.8346500000000003 -117.99499999999999 34.155000000000008 7.852450000000001 5.8308000000000009 2.2210000000000005 3.016322398451238 21.500000000000004 4.8809487864875196 2.8941056667066012 33.695000000000007 37.875000000000007 -122.21499999999999 2.2982753493904258 2.0653737590585881 26.500000000000004 44.500000000000007 27.500000000000004 37.935000000000009 -118.21499999999999 37.765000000000008 3.0298305221858191 4.3645181386446135 -117.79499999999999 5.5682000000000009 3.2651338971106418 -122.35499999999998 34.415000000000006 2.2038024706228287 37.915000000000006 47.500000000000007 9.1688500000000008 28.500000000000004 1.6125326273398461 34.105000000000011 -117.79499999999999 70.000000000000014 -122.40499999999999 37.795000000000009 38.005000000000003 5.6402500000000009 26.500000000000004 1.9322222929778572 37.955000000000005 34.595000000000006 -121.48499999999999 -118.27499999999999 -122.40499999999999 -117.96499999999999 -122.24499999999999 -118.22499999999998 37.615000000000002 -118.31499999999998 37.935000000000009 6.3350000000000009 37.955000000000005 252.50000000000003 37.645000000000003 -117.13499999999998 6.8025928032261413 15.500000000000002 34.715000000000011 -122.19499999999998 -117.01499999999999 38.895000000000003 1.1341727378312747 -118.01499999999999 39.425000000000004 37.595000000000006 2.788985387372485 1.5681615996735363 1.0103851166134901 2.5163636904584812 416.50000000000006 16.500000000000004 32.795000000000009 3.1174424219910848 1480.5000000000002 -121.36499999999999 33.885000000000012 3.102783329035586 3.5724599197268012 1.0579855072463773 -117.93499999999999 6.8768377815489048 -122.00499999999998 17.500000000000004 1162.5000000000002 3.6100000000000003 -121.34499999999998 7.4865982383344258 37.805000000000007 1.0801460222890127 39.500000000000007 21.500000000000004 639.50000000000011 4.6437571666840416
decision_type= 2 2 2 2 2 2 2 2 2 2 2 2 2 2 2 2 2 2 2 2 2 2 2 2 2 2 2 2 2 2 2 2 2 2 2 2 2 2 2 2 2 2 2 2 2 2 2 2 2 2 2 2 2 2 2 2 2 2 2 2 2 2 2 2 2 2 2 2 2 2 2 2 2 2 2 2 2 2 2 2 2 2 2 2 2 2 2 2 2 2 2 2 2 2 2 2 2 2 2 2 2 2 2 2 2
left_child=1 6 4 5 15 7 17 28 16 10 -9 23 29 36 19 48 33 26 -11 20 -10 49 100 79 35 62 27 41 76 51 88 46 61 37 47 -18 71 -5 -30 40 73 -1 60 52 -41 -21 -16 104 81 78 -51 58 54 -54 -19 -26 67 -35 -6 -34 -38 -24 85 74 -44 90 -29 -27 86 -32 -53 72 -8 77 -50 -49 -3 -13 -15 95 94 -2 -83 -70 -64 -14 -31 -33 -23 102 91 -25 -58 -82 -81 97 -36 -4 101 -42 103 -67 -46 -17 -7
right_child=2 3 11 8 12 34 13 9 14 18 -12 39 25 21 31 22 24 43 -20 45 -22 30 32 65 55 56 -28 66 38 68 69 87 59 57 96 -37 42 -39 -40 44 99 -43 64 -45 89 -47 -48 75 63 50 -52 70 53 -55 -56 -57 92 -59 -60 -61 -62 -63 84 -65 -66 98 -68 -69 83 -71 -72 -73 -74 -75 -76 -77 -78 -79 -80 80 93 82 -84 -85 -86 -87 -88 -89 -90 -91 -92 -93 -94 -95 -96 -97 -98 -99 -100 -101 -102 -103 -104 -105 -106
leaf_value= 0.096972020839651438 -0.029409261718392372 0.16188679685195287 0.093680617291676371 -0.0017793967717226863 0.062907835332448536 0.054096894487738592 -0.039107929568821462 0.10302318529885748 0.086375480062431773 0.031067706560338915 0.029782467572935119 0.16920915401362357 0.029975772357654352 -0.09455531374974685 -0.0063362833366475317 0.14186645686626434 -0.035211617657289564 -0.01040279738496519 -0.039069592488929633 0.020125118278924173 0.013492385079924708 -0.022666046760724229 0.097613233426888768 0.17331692697036835 0.049581391785648611 0.09712315543947625 -0.072610096430489379 -0.017503054867395097 0.10442140757523735 0.012430497590224453 -0.057011223484747423 -0.035460684866859361 0.15236503561368075 0.032566349017899482 -0.053291282746737591 -0.058372215551227236 -0.017696538879810011 -0.060092818944669162 0.19919825991639845 0.084602099284529692 0.20526979865104544 0.016228300535211956 -0.054579252380420246 -0.085112375485640712 0.19572932022539052 -0.034686442213542133 -0.041789744834105177 0.0032017096033403348 0.12994946761513657 0.04995134317626556 -0.024263136522617475 0.043963789939880371 -0.032308286824263635 -0.10274793016376781 -0.04405569349109828 -0.015199944326621077 0.0093370236394306003 -0.03760953170169766 0.030555513345866859 0.10182362753048278 -0.075778082995252183 0.0067026193253695967 0.083899560078116497 0.011048363087077935 -0.096585234250985738 0.12685556551989385 -0.067822281833814113 0.14363244323720856 -0.049159703575647799 -0.07558953164544574 -0.022281534314000359 -0.10170869895390103 -0.087343918717443403 0.21830519835154216 0.07542702379386601 -0.084594735503196725 0.082655561594544236 0.12551968038448544 -0.037041456884699023 0.12335313467139544 0.13925708215683699 0.03288073229521294 0.086525883316062396 0.018477750459765609 0.05449319794774056 0.054249532427638775 -0.026262509812381166 -0.061917414606075021 -0.045978500105659757 0.14661786664615981 0.20297460170353163 0.10816001702438703 0.084314726516604432 0.098193450145084751 0.19973196278918873 0.098511526500806218 -0.03108875520199865 0.047248694232918997 0.16064309835433963 0.17153503840619869 0.20871248158012948 0.075267592010398718 0.21291605740631181 0.18890952008111139 0.10832885733017555
leaf_weight=30 9.9999999999999982 11.999999999999998 19 658 253 10.000000000000002 178 446 99 284 653 47 163 22 847 9.9999999999999982 648 206 150 72 1066 133 166 84 42 128 67 135 29 45 351 130 164 25 126 1047 34 61 77 11.999999999999998 102 299 57 93 88 239 150 69 53 48 119 28 68 67 399 127 15.000000000000002 495 194 57 484 13.999999999999998 121 11.999999999999998 1044 17.000000000000004 49 62 12.999999999999998 778 48 35 61 11.999999999999998 41 9.9999999999999982 74 122 169 11.000000000000002 24 68 32 374 110 156 89 114 170 10.999999999999998 34 10.999999999999998 9.9999999999999982 110 10.999999999999998 55 91 33 9.9999999999999982 22 41 11.999999999999998 193 35 12.999999999999998
leaf_count=30 10 12 19 658 253 10 178 446 99 284 653 47 163 22 847 10 648 206 150 72 1066 133 166 84 42 128 67 135 29 45 351 130 164 25 126 1047 34 61 77 12 102 299 57 93 88 239 150 69 53 48 119 28 68 67 399 127 15 495 194 57 484 14 121 12 1044 17 49 62 13 778 48 35 61 12 41 10 74 122 169 11 24 68 32 374 110 156 89 114 170 11 34 11 10 110 11 55 91 33 10 22 41 12 193 35 13
model_size=11792
internal_value=0 -0.0248554 0.0906888 -0.00344169 0.0624259 0.0423509 -0.0579005 0.0549477 -0.0195242 0.0445917 0.0595053 0.158954 0.0432912 -0.0693874 -0.00265394 0.111665 -0.0342958 -0.0279599 0.0068267 0.0109031 0.0196859 -0.055017 0.130754 0.124757 -0.0449468 0.0677324 -0.00480976 0.00404526 0.137634 0.0253817 -0.0626051 -0.0187782 0.11743 -0.018272 -0.0257667 -0.0495179 -0.0829758 -0.00672671 0.173269 0.183156 0.165892 0.0235909 -0.0872293 -0.0440789 0.200477 -0.0219969 -0.0116703 0.0129825 0.0686252 -0.0246644 -0.00293203 0.0420744 -0.038922 -0.0672672 -0.032597 0.000899559 0.103815 -0.0342357 0.0488668 0.139329 -0.0719658 0.0905424 0.0536274 0.0954001 -0.0944105 0.162593 -0.0309033 0.1123 0.00862497 -0.0698136 0.00212464 -0.057843 -0.0514192 0.143016 0.106168 -0.00791176 0.0937111 0.13767 -0.0436661 0.100588 0.113445 0.0428239 0.0500472 0.0162057 0.0698965 0.0418463 -0.0132686 -0.0478216 -0.0357456 0.205239 0.175578 0.165772 0.0393281 0.105548 0.161543 0.0818437 -0.0439805 0.0642142 0.119646 0.199285 0.19288 0.105509 0.207534 0.178456 0.0847497
internal_weight=0 12960 3552 7864 2512 2044 5096 1725 5820 1533 1099 1040 1809 3683 2717 703 3103 1413 434 1476 1165 1790 487 431 1864 765 580 513 192 1044 1432 1241 401 1239 319 1695 1893 719 106 609 305 329 1619 833 304 311 997 102 216 358 167 523 740 135 605 169 215 520 447 221 518 180 550 106 1101 168 184 190 521 1129 76 274 239 181 94 79 86 169 191 263 156 110 100 387 231 319 134 244 303 292 129 95 25 134 22 107 217 52 39 124 86 29 281 45 23
internal_count=16512 12960 3552 7864 2512 2044 5096 1725 5820 1533 1099 1040 1809 3683 2717 703 3103 1413 434 1476 1165 1790 487 431 1864 765 580 513 192 1044 1432 1241 401 1239 319 1695 1893 719 106 609 305 329 1619 833 304 311 997 102 216 358 167 523 740 135 605 169 215 520 447 221 518 180 550 106 1101 168 184 190 521 1129 76 274 239 181 94 79 86 169 191 263 156 110 100 387 231 319 134 244 303 292 129 95 25 134 22 107 217 52 39 124 86 29 281 45 23
is_linear=0
shrinkage=0.1


Tree=4
num_leaves= 105
num_cat= 0
full_tree_array_lgbids= 0 2 1 5 3 4 6 20 16 7 8 13 18 15 29 23 53 68 19 38 12 9 21 40 14 32 44 49 57 35 48 24 102 59 -55 99 69 36 26 75 41 17 42 10 30 28 66 72 47 46 27 84 33 54 81 58 85 101 63 90 98 -31 62 39 55 -25 -104 91 60 -2147483648 -2147483648 100 -101 77 79 37 96 82 52 76 103 87 50 22 25 80 -44 43 11 31 71 51 56 -23 93 -2 83 65 61 89 70 34 74 -6 97 45 94 67 -56 88 -83 -3 73 -51 86 -17 -103 64 95 -8 92 -37 -100 -2147483648 -2147483648 78 -64 -1 -41 -26 -57 -2147483648 -2147483648 -2147483648 -2147483648 -22 -93 -61 -62 -2147483648 -2147483648 -2147483648 -2147483648 -7 -102 -2147483648 -2147483648 -70 -79 -71 -81 -18 -39 -38 -98 -21 -84 -28 -54 -4 -78 -77 -105 -40 -89 -43 -52 -9 -24 -19 -27 -14 -82 -2147483648 -2147483648 -5 -45 -12 -13 -11 -33 -32 -73 -10 -53 -30 -58 -2147483648 -2147483648 -68 -95 -2147483648 -2147483648 -74 -85 -42 -67 -49 -63 -15 -91 -48 -72 -16 -36 -29 -76 -2147483648 -2147483648 -86 -99 -34 -47 -35 -96 -20 -69 -2147483648 -2147483648 -46 -90 -2147483648 -2147483648 -2147483648 -2147483648 -60 -75 -2147483648 -2147483648 -87 -88 -2147483648 -2147483648 -2147483648 -2147483648 -59 -66 -65 -97 -2147483648 -2147483648 -92 -94 -2147483648 -2147483648 -2147483648 -2147483648 -2147483648 -2147483648 -2147483648 -2147483648 -50 -80 -2147483648 -2147483648
split_feature= 1 1 1 6 6 3 1 2 8 7 8 7 7 2 6 2 1 1 1 6 6 7 8 7 8 6 3 1 8 2 8 7 2 8 7 1 7 2 1 6 5 2 8 8 6 7 4 6 5 6 1 6 1 8 2 8 8 6 4 3 1 1 7 7 8 2 5 4 6 7 7 1 8 2 6 7 8 8 1 8 8 7 7 1 4 3 8 7 8 6 4 5 8 7 3 8 7 8 3 8 7 1 6 6
split_gain= 3032.7 802.333 550.634 433.632 246.916 140.258 124.765 111.792 83.8913 113.367 119.266 90.5257 78.2593 77.7568 79.0812 58.3701 57.544 55.3806 46.264 43.3248 41.4072 34.0511 30.011 27.5829 35.0082 26.651 25.1587 23.5839 22.9231 20.2273 19.4416 34.9343 19.0676 19.9899 18.8304 16.9534 16.6122 17.3266 14.9769 14.2932 13.4184 13.2511 13.1364 12.8346 12.7856 12.4246 11.5227 11.0092 10.9081 10.4173 10.3979 9.93894 9.75457 9.07658 9.02113 8.52967 8.40822 8.03108 7.52123 7.43036 6.70874 6.64463 5.9061 5.89524 7.53607 5.89247 5.58559 5.45936 5.29933 5.39554 5.08307 4.7751 4.77292 4.50269 4.49825 4.49797 10.284 4.29187 3.83853 3.83392 3.72164 3.66402 3.49156 3.396 2.96116 2.89206 3.15874 2.71753 2.66177 2.57963 2.55683 2.44259 2.38074 2.20797 1.97704 1.54934 1.48858 1.46117 0.984229 0.693966 1.63765 0.564867 0.179705 0.158089
threshold= 4.5301500000000017 6.3963500000000009 2.7820000000000005 2.2634687595142249 2.735488224282792 3.8792159595040387 7.7055000000000016 24.500000000000004 -117.79499999999999 37.945000000000007 -122.21499999999999 34.525000000000013 37.815000000000005 21.500000000000004 2.1628386478062818 26.500000000000004 1.9486000000000003 3.4883000000000002 5.6042500000000013 2.2906328481453726 3.0973600929976173 33.655000000000008 -122.33499999999999 37.935000000000009 -118.21499999999999 2.0231950334409352 4.3645181386446135 5.5682000000000009 -117.16499999999998 18.500000000000004 -122.425 38.735000000000007 16.500000000000004 -117.50499999999998 37.935000000000009 8.7395500000000013 37.945000000000007 26.500000000000004 3.3627000000000002 2.0231950334409352 774.50000000000011 16.500000000000004 -122.04499999999999 -122.44499999999998 3.1424162072895592 37.915000000000006 1.0181992504140156 2.0509070328557395 139.50000000000003 2.6585924622132828 4.2118000000000011 2.5102460737381374 2.5205000000000006 -117.79499999999999 42.500000000000007 -117.13499999999998 -116.11499999999999 2.2820667453403218 0.95712370739180408 3.0522493994321906 1.7507000000000001 5.3063000000000011 37.955000000000005 37.645000000000003 -122.06499999999998 17.500000000000004 198.50000000000003 1.0167919415867082 2.0231950334409352 34.525000000000013 37.805000000000007 3.6100000000000003 -122.11499999999999 8.5000000000000018 2.4652231585518112 35.645000000000003 -118.395 -118.31499999999998 9.1688500000000008 -119.84499999999998 -122.48499999999999 37.815000000000005 34.595000000000006 5.3736000000000006 0.99348180144455467 5.94511539128926 -122.00499999999998 37.985000000000007 -121.91499999999998 2.0653737590585881 1.0003353454057682 2536.5000000000005 -117.83499999999999 34.715000000000011 6.2144426020714691 -122.40499999999999 39.505000000000003 -121.46499999999999 6.7403703703703712 -117.07499999999997 38.515000000000008 7.3930000000000016 2.3489548886254448 1.7937987955083712
decision_type= 2 2 2 2 2 2 2 2 2 2 2 2 2 2 2 2 2 2 2 2 2 2 2 2 2 2 2 2 2 2 2 2 2 2 2 2 2 2 2 2 2 2 2 2 2 2 2 2 2 2 2 2 2 2 2 2 2 2 2 2 2 2 2 2 2 2 2 2 2 2 2 2 2 2 2 2 2 2 2 2 2 2 2 2 2 2 2 2 2 2 2 2 2 2 2 2 2 2 2 2 2 2 2 2
left_child=2 4 5 7 13 20 15 38 9 10 43 -12 17 40 46 49 68 22 32 36 23 28 -9 24 39 -19 82 34 51 35 31 -11 84 45 -16 90 37 -18 75 -1 72 87 80 -5 54 -34 89 65 -31 58 -43 -10 -28 59 67 -26 -30 101 -3 91 -61 -49 78 64 -59 -42 -23 -20 99 77 -48 -32 -2 -60 -29 76 -4 -70 -50 -71 -14 88 -21 -74 -6 -51 -87 -40 -46 -15 -8 -22 -92 -68 -35 -65 -38 -86 -37 100 -7 -17 -25 -77
right_child=1 6 3 8 18 16 29 12 21 30 11 -13 42 14 27 57 19 25 44 26 53 66 -24 102 55 -27 52 74 56 48 71 -33 33 94 -36 98 96 -39 41 -41 47 50 -44 -45 81 -47 70 61 62 85 -52 -53 -54 -55 -56 -57 -58 63 73 60 -62 -63 -64 95 -66 -67 93 -69 69 79 -72 -73 83 -75 -76 103 -78 -79 -80 -81 -82 -83 -84 -85 97 86 -88 -89 -90 -91 92 -93 -94 -95 -96 -97 -98 -99 -100 -101 -102 -103 -104 -105
leaf_value= 0.048698992302268748 0.075297892714540168 0.027781329236247321 0.05776403398811817 0.082351796737022337 -0.03138619721867144 -0.028342244912718619 0.079961554429087894 0.13415301659454901 0.055156005150638523 0.014864958357065916 0.0015279130734564173 -0.033866960760925595 0.062571543591240272 0.13209996059023102 0.071262489194774362 0.19278562733105253 -0.036024322473449555 0.13948461235176479 0.036255484696972623 -0.032966300801447759 -0.027595269525873253 0.017166473725810646 0.040913279648039411 -0.05637475575358436 -0.017494408763488945 0.079795211763121196 -0.073506056623567323 0.12683989174373739 -0.038436912314383072 0.083887119491895035 -0.060424607076897577 -0.067158584238754385 0.024817640593008804 -0.053272722228321925 0.010916425321920543 0.11738751709461213 -0.047005192115385501 0.012508482202406855 0.0055500596469755699 0.0049595359570195853 0.072011338248848908 0.033383985251308451 -0.043679391957965552 0.037065088376790907 0.070604519685730338 -0.015263806329569732 0.17778977095533949 0.024039425422607393 0.1684715776277913 0.02231906894594431 0.12340602620422621 -0.010466515927344835 -0.055818209851435097 -0.078989563634885213 0.14907148157556852 -0.064430879122194126 -0.10239099838115551 0.18944694361379069 0.05642440545965325 -0.067803799503056691 -0.037342863130110385 0.059407603208426023 0.10166975577863364 0.14252433578173321 0.12962490665091642 0.16009979064647969 -0.0668048847597007 0.066919697027528521 -0.018791950009763244 -0.083205749899809195 0.098460647463798526 -0.042260647872187827 -0.021218980428756817 0.13788136973744258 0.092052637826796485 -0.068477034274684753 -0.020804909663274886 -0.075186786502704064 0.19111050991784961 -0.10237683731371461 0.0079425800169940254 -0.014919751223642381 -0.05696333640111171 0.025516471300178614 0.01271109958489736 0.10542313974689355 0.069762252019597334 -0.045087482081726193 0.025595178510757811 0.070900646557933419 0.14484336086445385 0.0071934801545374258 0.096308319489745539 -0.10486293116520191 -0.011320757239108633 0.083101886571044239 -0.083445523833406393 -0.010820230438681952 0.17223239622332834 -0.088257494568824771 -0.072082110643386849 0.13851898670196536 -0.091680772738023247 -0.031298402800671379
leaf_weight=125 11.999999999999998 10.999999999999998 25 117 88 43 39 42 36 138 1944 1185 26 29 476 35 169 178 143 341 116 9.9999999999999982 278 49 147 144 960 77 297 14.999999999999998 428 90 794 43 64 9.9999999999999982 144 155 128 253 40 124 51 180 24 99 109 148 225 18 17 109 593 70 11.999999999999998 68 27 31 10.999999999999998 118 396 122 12.999999999999998 11.999999999999998 157 12.999999999999998 436 164 20 481 11.999999999999998 364 59 64 154 19 88 357 210 221 61 30 123 39 75 44 308 20 227 19 36 49 34 29 41 41 29 251 88 17 30 9.9999999999999982 22 49
leaf_count=125 12 11 25 117 88 43 39 42 36 138 1944 1185 26 29 476 35 169 178 143 341 116 10 278 49 147 144 960 77 297 15 428 90 794 43 64 10 144 155 128 253 40 124 51 180 24 99 109 148 225 18 17 109 593 70 12 68 27 31 11 118 396 122 13 12 157 13 436 164 20 481 12 364 59 64 154 19 88 357 210 221 61 30 123 39 75 44 308 20 227 19 36 49 34 29 41 41 29 251 88 17 30 10 22 49
model_size=11680
internal_value=0 0.0671993 -0.027347 -0.00834172 0.0406168 -0.0521105 0.13053 0.0448284 -0.0206725 -0.0148657 -0.00608733 -0.0118767 0.068219 0.073354 0.0896819 0.102092 -0.0624486 0.083064 0.0180411 -0.0537995 -0.0251639 -0.048021 0.053151 -0.00661172 0.000656254 0.112791 -0.0604432 0.0759564 -0.028434 0.162025 -0.0443505 -0.0175128 0.00784664 0.0158027 0.0641104 0.134965 -0.0268369 -0.0128065 0.00601012 0.0194236 0.0379079 0.020921 -0.000842692 0.0549053 0.0416754 0.0203741 0.1523 0.0488152 0.174124 0.0795566 0.0442377 0.00582597 -0.0667521 -0.0416108 0.056264 -0.0323394 -0.0437664 0.138021 0.11338 -0.0377573 -0.0443358 0.0400206 0.177145 0.130047 0.139489 0.0936179 -0.0673606 0.0526364 -0.081049 -0.0832852 0.169922 -0.0520765 0.00587997 0.125934 0.103648 -0.0177979 -0.0034224 -0.072195 0.179401 -0.0892411 0.0242685 0.025114 -0.0393276 -0.00262018 -0.0109288 0.071695 0.0742199 -0.00129285 0.0298989 0.107875 0.106489 -0.0172641 0.121269 -0.0691784 -0.0327962 0.096556 -0.0531137 -0.00540658 0.166636 -0.0542395 -0.0463175 0.180726 -0.0673146 -0.0416865
internal_weight=0 4776 11736 6640 3364 5096 1412 1250 5390 4446 3426 3129 780 1373 940 742 3683 642 1991 2514 1413 944 320 664 593 322 2017 771 469 670 1020 228 1391 977 540 207 497 324 470 378 433 289 138 297 600 893 169 323 463 456 141 145 1553 749 319 215 324 286 86 679 514 270 448 241 188 53 475 307 1169 1079 121 792 110 75 231 181 113 377 435 702 87 281 464 98 414 370 352 148 251 48 109 165 70 465 84 53 173 326 98 90 73 45 71 68
internal_count=16512 4776 11736 6640 3364 5096 1412 1250 5390 4446 3426 3129 780 1373 940 742 3683 642 1991 2514 1413 944 320 664 593 322 2017 771 469 670 1020 228 1391 977 540 207 497 324 470 378 433 289 138 297 600 893 169 323 463 456 141 145 1553 749 319 215 324 286 86 679 514 270 448 241 188 53 475 307 1169 1079 121 792 110 75 231 181 113 377 435 702 87 281 464 98 414 370 352 148 251 48 109 165 70 465 84 53 173 326 98 90 73 45 71 68
is_linear=0
shrinkage=0.1


end of trees

feature_importances:
Column_8=124
Column_7=118
Column_6=84
Column_1=80
Column_2=64
Column_4=28
Column_5=27
Column_3=24

parameters:
[boosting: gbdt]
[objective: regression]
[metric: rmse]
[tree_learner: serial]
[device_type: cpu]
[data_sample_strategy: bagging]
[data: data/california_housing.libsvm.train]
[valid: data/california_housing.libsvm.test]
[num_iterations: 5]
[learning_rate: 0.1]
[num_leaves: 255]
[num_threads: 0]
[seed: 42]
[deterministic: 0]
[force_col_wise: 0]
[force_row_wise: 0]
[histogram_pool_size: -1]
[max_depth: 7]
[min_data_in_leaf: 10]
[min_sum_hessian_in_leaf: 0.001]
[bagging_fraction: 1]
[pos_bagging_fraction: 1]
[neg_bagging_fraction: 1]
[bagging_freq: 0]
[bagging_seed: 400]
[feature_fraction: 1]
[feature_fraction_bynode: 1]
[feature_fraction_seed: 30056]
[extra_trees: 0]
[extra_seed: 12879]
[early_stopping_round: 0]
[early_stopping_min_delta: 0]
[first_metric_only: 0]
[max_delta_step: 0]
[lambda_l1: 0]
[lambda_l2: 0]
[linear_lambda: 0]
[min_gain_to_split: 0]
[drop_rate: 0.1]
[max_drop: 50]
[skip_drop: 0.5]
[xgboost_dart_mode: 0]
[uniform_drop: 0]
[drop_seed: 17869]
[top_rate: 0.2]
[other_rate: 0.1]
[min_data_per_group: 100]
[max_cat_threshold: 32]
[cat_l2: 10]
[cat_smooth: 10]
[max_cat_to_onehot: 4]
[top_k: 20]
[monotone_constraints: ]
[monotone_constraints_method: basic]
[monotone_penalty: 0]
[feature_contri: ]
[forcedsplits_filename: ]
[refit_decay_rate: 0.9]
[tinygbdt_penalty_feature: 0.125]
[tinygbdt_penalty_split: 0.000976562]
[tinygbdt_forestsize: 64000]
[tinygbdt_precision: 7]
[cegb_tradeoff: 1]
[cegb_penalty_split: 0]
[cegb_penalty_feature_lazy: ]
[cegb_penalty_feature_coupled: ]
[path_smooth: 0]
[interaction_constraints: ]
[verbosity: 2]
[saved_feature_importance_type: 0]
[use_quantized_grad: 0]
[num_grad_quant_bins: 4]
[quant_train_renew_leaf: 0]
[stochastic_rounding: 1]
[linear_tree: 0]
[max_bin: 255]
[max_bin_by_feature: ]
[min_data_in_bin: 3]
[bin_construct_sample_cnt: 200000]
[data_random_seed: 175]
[is_enable_sparse: 1]
[enable_bundle: 1]
[use_missing: 1]
[zero_as_missing: 0]
[feature_pre_filter: 1]
[pre_partition: 0]
[two_round: 0]
[header: 0]
[label_column: ]
[weight_column: ]
[group_column: ]
[ignore_column: ]
[categorical_feature: ]
[forcedbins_filename: ]
[precise_float_parser: 0]
[parser_config_file: ]
[objective_seed: 16083]
[num_class: 1]
[is_unbalance: 0]
[scale_pos_weight: 1]
[sigmoid: 1]
[boost_from_average: 1]
[reg_sqrt: 0]
[alpha: 0.9]
[fair_c: 1]
[poisson_max_delta_step: 0.7]
[tweedie_variance_power: 1.5]
[lambdarank_truncation_level: 30]
[lambdarank_norm: 1]
[label_gain: ]
[lambdarank_position_bias_regularization: 0]
[eval_at: ]
[multi_error_top_k: 1]
[auc_mu_weights: ]
[num_machines: 1]
[local_listen_port: 12400]
[time_out: 120]
[machine_list_filename: ]
[machines: ]
[gpu_platform_id: -1]
[gpu_device_id: -1]
[gpu_use_dp: 0]
[num_gpu: 1]

end of parameters
