tree
version=v4
num_class=1
num_tree_per_iteration=1
label_index=0
max_feature_idx=7
objective=regression
feature_names=Column_0 Column_1 Column_2 Column_3 Column_4 Column_5 Column_6 Column_7
feature_infos=[-1.570595979690552:1.570752859115601] [-1.570681214332581:1.5706571340560909] [-1.5706690549850459:1.5707360506057739] [-1.5702953338623051:1.5700980424880981] [-1.570364356040955:1.570599317550659] [-1.5702542066574101:1.5705970525741582] [-1.570304274559021:1.5705224275588989] [-1.5689036846160889:1.570236444473267]
tree_sizes=8980 4868 2009 2772 1791 1058 1786 567 570 733 1066 663 573 1369 925 497 998 1439 377 994 500 664 379 380

Tree=0
num_leaves= 85
num_cat= 0
full_tree_array_lgbids= 0 1 3 4 2 7 8 13 27 5 15 45 9 18 14 35 26 41 54 12 6 22 16 48 66 39 10 25 71 24 30 43 49 50 31 69 58 67 -56 17 29 38 46 23 28 21 34 -2 81 -47 -68 52 55 20 11 57 51 -20 -73 63 73 61 74 62 75 64 60 -15 -52 44 40 -6 -71 -43 -60 -29 78 -2147483648 -2147483648 37 33 59 47 72 77 -8 -48 56 42 53 36 -17 -23 -18 -36 -2147483648 -2147483648 -50 -83 -2147483648 -2147483648 -2147483648 -2147483648 79 70 80 68 83 32 19 82 76 -59 -27 65 -2147483648 -2147483648 -2147483648 -2147483648 -10 -65 -26 -75 -16 -63 -32 -76 -1 -64 -45 -77 -37 -66 -51 -62 -2147483648 -2147483648 -2147483648 -2147483648 -28 -46 -33 -42 -2147483648 -2147483648 -2147483648 -2147483648 -2147483648 -2147483648 -2147483648 -2147483648 -2147483648 -2147483648 -69 -80 -2147483648 -2147483648 -2147483648 -2147483648 -3 -39 -19 -35 -14 -61 -31 -49 -7 -74 -40 -79 -2147483648 -2147483648 -2147483648 -2147483648 -4 -58 -25 -44 -24 -55 -30 -38 -2147483648 -2147483648 -2147483648 -2147483648 -2147483648 -2147483648 -2147483648 -2147483648 -2147483648 -2147483648 -2147483648 -2147483648 -2147483648 -2147483648 -2147483648 -2147483648 -2147483648 -2147483648 -2147483648 -2147483648 -2147483648 -2147483648 -2147483648 -2147483648 -9 -81 -54 -72 -41 -82 -57 -70 -11 -85 -22 -34 -12 -21 -13 -84 -5 -78 -2147483648 -2147483648 -2147483648 -2147483648 -53 -67 -2147483648 -2147483648 -2147483648 -2147483648 -2147483648 -2147483648 -2147483648 -2147483648 -2147483648 -2147483648 -2147483648 -2147483648 -2147483648 -2147483648 -2147483648 -2147483648 -2147483648 -2147483648 -2147483648 -2147483648 -2147483648 -2147483648 -2147483648 -2147483648
split_feature= 2 4 2 2 2 6 5 4 6 3 5 6 1 1 3 6 5 4 0 7 6 3 5 6 5 5 6 4 0 0 5 5 7 6 3 5 3 0 5 0 0 5 7 6 6 5 7 5 3 4 5 3 1 1 0 6 4 7 4 7 0 7 3 0 1 7 0 5 7 6 3 1 3 3 5 4 3 7 3 4 3 7 5 2
split_gain= 107.644 23.4579 8.8514 5.65276 4.58659 4.20526 7.70726 3.38553 3.05862 2.76576 5.03575 4.02183 2.52266 2.45629 2.27917 1.71716 2.2383 1.6672 1.57466 1.4124 1.40266 1.35539 1.33608 1.32745 1.32647 1.30266 1.29363 1.16958 1.06854 1.02879 0.96724 0.963372 0.955233 0.934559 0.93376 0.928841 0.912861 0.868117 0.846301 0.84327 0.808247 0.789107 0.779931 0.758011 0.741232 0.739463 0.739324 0.732473 0.660716 0.633116 0.612407 0.610779 0.591382 0.582124 0.47899 0.477996 0.476983 0.408319 0.40565 0.386579 0.359844 0.346878 0.304346 0.287498 0.270004 0.2673 0.262101 0.25864 0.254037 0.233905 0.225187 0.187483 0.144526 0.134281 0.110421 0.104639 0.0997459 0.0982957 0.0883423 0.0759934 0.0630963 0.0437147 0.0431324 0.0267276
threshold= 0.22240778803825376 -0.13487913459539411 -0.33504875004291529 0.831111639738083 -0.35692687332630152 1.0996640324592593 0.17076345533132556 -0.62264147400856007 0.23248040676116946 0.33348274230957037 -0.081027176231145845 0.05517734773457051 -0.063510026782751069 -0.028266851790249341 0.047571904957294471 1.0996640324592593 -0.12362807989120483 0.85643300414085399 0.48065467178821569 -0.84866309165954579 0.33271835744380956 0.63822954893112194 -1.3099576830863946 -0.21962230652570722 0.20172023028135302 0.90692374110221874 -1.1232284307479858 -0.9847588539123534 -1.1402159929275513 -0.42838852107524866 -0.88524380326271046 -1.2652705907821657 -0.65860617160797108 -1.0479806065559383 -0.66475412249565113 -0.84710562229156483 0.7839358150959016 0.55547255277633678 -0.84710562229156483 0.39113223552703863 -0.28396070003509516 -0.89637285470962513 0.97444215416908275 0.108576238155365 -0.24426137655973432 -1.1129922270774844 0.11116131395101546 1.0439303517341616 -0.71507582068443287 -0.77998724579811085 -0.22917296737432477 -0.48799206316471094 0.53662991523742687 0.44487559795379644 0.62239006161689769 -1.1006352305412288 0.50127318501472484 1.3988879323005678 -1.3555004000663753 0.8762398660182954 0.20387880504131317 -0.48185230791568751 -0.55495774745941151 0.12342416867613791 -1.4077088832855222 0.35052199661731726 -0.26234114170074457 0.23002466559410104 -1.2969858646392818 -0.4273798912763595 -1.1821406483650208 1.1314366459846499 0.62055370211601268 -0.49994552135467524 1.1454110145568848 -1.1141936779022215 0.72470727562904369 -0.70626717805862416 0.26035444438457495 -0.04123223572969436 -0.56684127449989308 -0.74209830164909352 0.32027117908000952 0.46336591243743902
decision_type= 2 2 2 2 2 2 2 2 2 2 2 2 2 2 2 2 2 2 2 2 2 2 2 2 2 2 2 2 2 2 2 2 2 2 2 2 2 2 2 2 2 2 2 2 2 2 2 2 2 2 2 2 2 2 2 2 2 2 2 2 2 2 2 2 2 2 2 2 2 2 2 2 2 2 2 2 2 2 2 2 2 2 2 2
left_child=1 4 5 7 13 12 38 45 18 39 20 19 17 35 24 22 21 37 25 -12 83 -17 23 56 63 57 50 41 53 59 61 44 -22 -19 -18 43 -30 -3 72 52 -33 69 -25 62 -28 48 -8 -31 -2 64 -15 -27 79 -24 67 80 -4 76 -43 -14 -51 -16 -1 -10 -37 -53 -47 -29 -57 -6 -54 -20 -7 -26 -32 -45 -5 -40 -69 -9 -41 -50 -13 -11
right_child=3 2 15 8 27 6 46 9 14 10 11 82 29 26 30 16 34 33 71 -21 32 -23 28 42 73 51 31 54 36 47 74 40 -34 -35 -36 49 -38 -39 77 55 -42 58 -44 75 -46 66 -48 -49 81 60 -52 65 70 -55 -56 68 -58 -59 -60 -61 -62 -63 -64 -65 -66 -67 -68 78 -70 -71 -72 -73 -74 -75 -76 -77 -78 -79 -80 -81 -82 -83 -84 -85
leaf_value= 0.72883654127852249 0.68773465269904643 0.74489149152412482 0.67573870019436444 0.70869821946974954 0.73207049518086076 0.76112454313177613 0.69731479758108428 0.71245502177397346 0.70795344495090151 0.72846191153247297 0.68164581000423452 0.68459976775333531 0.74538573610178616 0.7386779463063351 0.6843806664378278 0.73720129677437429 0.71645724913189579 0.7385923389478366 0.69296731328049199 0.71248537881551222 0.68591712580207398 0.69653729952490351 0.74786382402684726 0.73900817867696589 0.69180444298806265 0.70593057141790028 0.744839765219098 0.7224092295062865 0.72892490500759122 0.73526158021104115 0.68071657282450415 0.71865330174571918 0.71218799387697007 0.75624118837186394 0.68466632135912509 0.73343642616651095 0.71632252658449824 0.73297396084700317 0.72251937687190171 0.68513745064719711 0.70859738878729206 0.6923756775252361 0.70121780197685979 0.70498970731711408 0.71689391801373181 0.70092590049137526 0.71459514432558535 0.72179740424665018 0.69896505765235439 0.73385338169620729 0.71908761395329168 0.68058105188971774 0.69153941556015963 0.72385540782791025 0.70737397464394569 0.68823531201157673 0.70693538409043488 0.69259671724316296 0.70575503033382869 0.73235933787739294 0.72200867834822857 0.70328746281435017 0.7493467643280759 0.69772891003063464 0.7176982809355843 0.69942409472701839 0.69204981261754484 0.71863533365158749 0.71192852532915496 0.70960296016616176 0.7120566784663579 0.70313676912358825 0.7416571162106198 0.67941342170900121 0.6902624580883816 0.72814902062865117 0.70052883957609824 0.74111438674470798 0.70246756289619494 0.72248057582659664 0.70969467268481234 0.72249767213558203 0.67607481610963294 0.71927562117199906
leaf_weight=23 17 224 11.000000000000002 335 17 33 50 67 96 40 20 26 154 41 26 36 15.999999999999998 43 266 78 23 11.999999999999998 47 21.000000000000004 92 35 22 121 303 320 219 180 55 175 31 30 94 104 15.999999999999998 22 250 61 9.9999999999999982 9.9999999999999982 30 126 58 64 9.9999999999999982 118 45 50 18 20 101 12.999999999999998 18 33 121 48 96 45 45 89 217 30 204 50 193 31 90 37 18 28 47 46 108 40 44 169 12.999999999999998 31 85 52
leaf_count=23 17 224 11 335 17 33 50 67 96 40 20 26 154 41 26 36 16 43 266 78 23 12 47 21 92 35 22 121 303 320 219 180 55 175 31 30 94 104 16 22 250 61 10 10 30 126 58 64 10 118 45 50 18 20 101 13 18 33 121 48 96 45 45 89 217 30 204 50 193 31 90 37 18 28 47 46 108 40 44 169 13 31 85 52
model_size=9440
internal_value=0.715004 0.726381 0.733821 0.700565 0.717773 0.738376 0.725507 0.705287 0.696409 0.70848 0.701741 0.691257 0.74082 0.721357 0.691109 0.72391 0.711428 0.745763 0.700214 0.706192 0.714631 0.727035 0.726173 0.711489 0.697479 0.703293 0.716628 0.710203 0.728072 0.736214 0.685345 0.714523 0.704441 0.75276 0.695489 0.725948 0.725941 0.741113 0.744596 0.712846 0.712807 0.70467 0.726818 0.734102 0.728717 0.697354 0.706595 0.733018 0.708251 0.723755 0.728427 0.693212 0.716182 0.740697 0.71423 0.708084 0.695102 0.705728 0.701271 0.74229 0.72854 0.696364 0.742409 0.703035 0.71961 0.687647 0.695439 0.71745 0.710433 0.71756 0.708637 0.694209 0.754254 0.688913 0.682403 0.724013 0.706707 0.735802 0.711067 0.719634 0.694259 0.716758 0.678072 0.72327
internal_weight=0 3665 1966 2888 1699 1347 215 1352 1536 964 379 209 1132 1153 642 619 95 546 894 98 170 48 524 60 305 591 568 546 464 586 337 482 78 218 47 585 397 328 107 585 430 230 31 124 52 388 108 384 58 461 86 115 344 67 316 241 29 476 182 202 214 71 68 185 247 80 330 215 206 48 108 303 51 120 266 56 443 56 94 236 35 41 111 92
internal_count=6553 3665 1966 2888 1699 1347 215 1352 1536 964 379 209 1132 1153 642 619 95 546 894 98 170 48 524 60 305 591 568 546 464 586 337 482 78 218 47 585 397 328 107 585 430 230 31 124 52 388 108 384 58 461 86 115 344 67 316 241 29 476 182 202 214 71 68 185 247 80 330 215 206 48 108 303 51 120 266 56 443 56 94 236 35 41 111 92
is_linear=0
shrinkage=1


Tree=1
num_leaves= 23
num_cat= 0
full_tree_array_lgbids= 0 1 3 6 2 9 7 14 -8 4 19 15 10 -5 8 -1 -16 -2147483648 -2147483648 12 5 -4 20 -2 -17 -11 11 -2147483648 -2147483648 21 17 -2147483648 -2147483648 -2147483648 -2147483648 -2147483648 -2147483648 -2147483648 -2147483648 13 -14 18 -7 -2147483648 -2147483648 -21 -22 -2147483648 -2147483648 -2147483648 -2147483648 -2147483648 -2147483648 -12 -13 -2147483648 -2147483648 -2147483648 -2147483648 -9 -23 -10 -19 -2147483648 -2147483648 -2147483648 -2147483648 -2147483648 -2147483648 -2147483648 -2147483648 -2147483648 -2147483648 -2147483648 -2147483648 -2147483648 -2147483648 -2147483648 -2147483648 -3 16 -2147483648 -2147483648 -6 -20 -2147483648 -2147483648 -2147483648 -2147483648 -2147483648 -2147483648 -2147483648 -2147483648 -2147483648 -2147483648 -2147483648 -2147483648 -2147483648 -2147483648 -2147483648 -2147483648 -2147483648 -2147483648 -2147483648 -2147483648 -2147483648 -2147483648 -2147483648 -2147483648 -2147483648 -2147483648 -2147483648 -2147483648 -2147483648 -2147483648 -2147483648 -2147483648 -2147483648 -2147483648 -2147483648 -2147483648 -2147483648 -2147483648 -2147483648 -2147483648 -2147483648 -2147483648 -2147483648 -2147483648 -2147483648 -2147483648 -2147483648 -2147483648 -2147483648 -2147483648 -2147483648 -2147483648 -2147483648 -2147483648 -2147483648 -2147483648 -2147483648 -2147483648 -2147483648 -2147483648 -2147483648 -2147483648 -2147483648 -2147483648 -2147483648 -2147483648 -2147483648 -2147483648 -2147483648 -2147483648 -2147483648 -2147483648 -2147483648 -2147483648 -2147483648 -2147483648 -15 -18 -2147483648 -2147483648 -2147483648 -2147483648 -2147483648 -2147483648 -2147483648 -2147483648 -2147483648 -2147483648 -2147483648 -2147483648 -2147483648 -2147483648 -2147483648 -2147483648 -2147483648 -2147483648 -2147483648 -2147483648 -2147483648 -2147483648 -2147483648 -2147483648 -2147483648 -2147483648 -2147483648 -2147483648 -2147483648 -2147483648 -2147483648 -2147483648 -2147483648 -2147483648 -2147483648 -2147483648 -2147483648 -2147483648 -2147483648 -2147483648 -2147483648 -2147483648 -2147483648 -2147483648 -2147483648 -2147483648 -2147483648 -2147483648 -2147483648 -2147483648 -2147483648 -2147483648 -2147483648 -2147483648 -2147483648 -2147483648 -2147483648 -2147483648 -2147483648 -2147483648 -2147483648 -2147483648 -2147483648 -2147483648 -2147483648 -2147483648 -2147483648 -2147483648 -2147483648 -2147483648 -2147483648 -2147483648 -2147483648 -2147483648 -2147483648 -2147483648 -2147483648 -2147483648 -2147483648 -2147483648 -2147483648 -2147483648 -2147483648 -2147483648 -2147483648 -2147483648 -2147483648 -2147483648 -2147483648 -2147483648 -2147483648 -2147483648
split_feature= 2 4 2 2 5 6 2 6 3 6 3 5 7 4 1 4 1 5 6 6 3 5
split_gain= 85.8858 17.7366 6.08092 3.36599 2.25281 6.86219 2.19411 1.37529 2.00266 1.00303 2.83677 1.08795 0.984915 1.26821 0.715358 0.568417 0.388666 0.368556 0.285513 0.0834126 1.03249 0.0281605
threshold= 0.22240778803825376 -0.25070770084857935 -0.36874486505985254 0.70152944326400768 0.65354096889495861 0.42225234210491186 -0.35692687332630152 -0.08627330511808394 0.047571904957294471 0.56632831692695629 -0.19819757342338556 -0.85936468839645375 1.2305972576141355 0.35609744489192968 -0.028266851790249341 -0.60982060432434071 -0.4492183774709701 -0.88524380326271046 -0.37835273146629328 1.0996640324592593 0.2989127933979035 0.20172023028135302
decision_type= 2 2 2 2 2 2 2 2 2 2 2 2 2 2 2 2 2 2 2 2 2 2
left_child=1 6 4 9 12 18 14 -5 21 15 -11 -12 13 -3 -1 -2 -15 -10 -6 -4 -21 -9
right_child=3 2 19 7 5 -7 -8 8 17 10 11 -13 -14 16 -16 -17 -18 -19 -20 20 -22 -23
leaf_value= 0.0095356494933323509 -0.012564159380203553 0.017689955953488146 0.0100591470315125 -0.012086800812132722 0.03083029353240754 -0.0037622472542056511 -0.0049617530672722279 -0.0093948303241191775 -0.013886197005437376 -0.00040448894970676434 -0.0022021823225820318 -0.027909435504536506 0.009849894052946612 0.037082218413650905 0.00073695087816922061 -0.00099912033868433691 0.025524774894366664 -0.028942545209885453 0.014409773775160013 0.010138441114304442 -0.02054227932610295 -0.020390326311792606
leaf_weight=538 204 273 599 881 157 172 504 281 96 137 47 180 102 208 530 498 375 370 99 64 44 194
leaf_count=538 204 273 599 881 157 172 504 281 96 137 47 180 102 208 530 498 375 370 99 64 44 194
model_size=2496
internal_value=0 0.0102399 0.0164879 -0.0129949 0.020735 0.0131304 0.00192114 -0.0160735 -0.019806 -0.0077329 -0.014238 -0.0225868 0.0241325 0.0258344 0.00516925 -0.0043599 0.0296482 -0.0258408 0.0244802 0.00816185 -0.00236111 -0.0138856
internal_weight=0 3665 2093 2888 1386 428 1572 1822 941 1066 364 227 958 856 1068 702 583 466 256 707 108 475
internal_count=6553 3665 2093 2888 1386 428 1572 1822 941 1066 364 227 958 856 1068 702 583 466 256 707 108 475
is_linear=0
shrinkage=0.1


Tree=2
num_leaves= 15
num_cat= 0
full_tree_array_lgbids= 0 1 2 6 3 8 7 13 -8 4 -5 -2 9 12 -9 -1 -15 -2147483648 -2147483648 11 5 -2147483648 -2147483648 -2147483648 -2147483648 -10 10 -4 -14 -2147483648 -2147483648 -2147483648 -2147483648 -2147483648 -2147483648 -2147483648 -2147483648 -2147483648 -2147483648 -3 -13 -6 -7 -2147483648 -2147483648 -2147483648 -2147483648 -2147483648 -2147483648 -2147483648 -2147483648 -2147483648 -2147483648 -11 -12 -2147483648 -2147483648 -2147483648 -2147483648 -2147483648 -2147483648 -2147483648 -2147483648
split_feature= 2 4 2 2 6 5 2 6 6 3 5 0 7 0
split_gain= 69.2619 14.3315 4.12496 2.55707 1.33033 5.75996 0.905966 0.776395 0.50148 2.37918 1.09961 0.401776 0.158339 0.111814
threshold= 0.11063466221094136 -0.13487913459539411 0.60325127840042125 -0.52795374393463124 0.63653609156608593 0.14603263139724734 -0.35692687332630152 0.81695055961608898 0.56632831692695629 -0.19819757342338556 -0.78617820143699635 0.065077152103185668 -1.1476808190345762 -0.28396070003509516
decision_type= 2 2 2 2 2 2 2 2 2 2 2 2 2 2
left_child=1 6 8 4 11 -6 13 12 -2 -10 -11 -3 -4 -1
right_child=2 3 7 -5 5 -7 -8 -9 9 10 -12 -13 -14 -15
leaf_value= 0.0097694783738035279 -0.0018633873694439288 0.028621207628255853 -0.021380014601428146 0.010266707087413868 0.026030836757020778 -0.0032897228405446462 -0.0037110814243723222 -0.020253506847505338 0.0024379092450017461 0.0010196879602757827 -0.024859819660322621 0.018373844434312767 -0.010876643594020231 0.0018358924989530007
leaf_weight=477 717 390 187 704 185 161 450 477 138 53 184 388 1366 676
leaf_count=477 717 390 187 704 185 161 450 477 138 53 184 388 1366 676
model_size=1600
internal_value=0 0.00992022 -0.0109021 0.0163048 0.0200866 0.0123875 0.0026395 -0.0140475 -0.00505474 -0.0111566 -0.0190724 0.0235107 -0.0121414 0.00511804
internal_weight=0 3431 3122 1828 1124 346 1603 2030 1092 375 237 778 1553 1153
internal_count=6553 3431 3122 1828 1124 346 1603 2030 1092 375 237 778 1553 1153
is_linear=0
shrinkage=0.1


Tree=3
num_leaves= 15
num_cat= 0
full_tree_array_lgbids= 0 1 3 6 2 5 -5 7 13 4 -4 -2 8 -2147483648 -2147483648 -1 -9 -8 -15 -3 11 -2147483648 -2147483648 -2147483648 -2147483648 -7 9 -2147483648 -2147483648 -2147483648 -2147483648 -2147483648 -2147483648 -2147483648 -2147483648 -2147483648 -2147483648 -2147483648 -2147483648 -2147483648 -2147483648 -6 12 -2147483648 -2147483648 -2147483648 -2147483648 -2147483648 -2147483648 -2147483648 -2147483648 -2147483648 -2147483648 10 -11 -2147483648 -2147483648 -2147483648 -2147483648 -2147483648 -2147483648 -2147483648 -2147483648 -2147483648 -2147483648 -2147483648 -2147483648 -2147483648 -2147483648 -2147483648 -2147483648 -2147483648 -2147483648 -2147483648 -2147483648 -2147483648 -2147483648 -2147483648 -2147483648 -2147483648 -2147483648 -2147483648 -2147483648 -2147483648 -2147483648 -13 -14 -2147483648 -2147483648 -2147483648 -2147483648 -2147483648 -2147483648 -2147483648 -2147483648 -2147483648 -2147483648 -2147483648 -2147483648 -2147483648 -2147483648 -2147483648 -2147483648 -2147483648 -2147483648 -2147483648 -2147483648 -10 -12 -2147483648 -2147483648 -2147483648 -2147483648 -2147483648 -2147483648 -2147483648 -2147483648 -2147483648 -2147483648 -2147483648 -2147483648 -2147483648 -2147483648 -2147483648 -2147483648 -2147483648 -2147483648
split_feature= 2 4 2 2 4 4 5 6 3 5 6 6 5 1
split_gain= 55.7893 11.048 3.53329 1.61098 0.728044 0.54774 0.546279 1.12749 0.210402 2.21502 0.475916 0.027868 0.569401 0.0118438
threshold= 0.22240778803825376 -0.3957854956388473 -0.52795374393463124 0.89601022005081188 0.8823601007461549 -0.62264147400856007 -0.82036203145980824 -0.30622373521327967 0.41326110064983373 0.37919975817203527 0.55544862151145946 1.0996640324592593 0.13624867796897891 -0.7610255479812621
decision_type= 2 2 2 2 2 2 2 2 2 2 2 2 2 2
left_child=1 6 4 5 -3 -2 7 -1 -7 10 -10 -6 -13 -8
right_child=3 2 -4 -5 11 8 13 -9 9 -11 -12 12 -14 -15
leaf_value= 0.018116384281408198 -0.013456501656071132 0.013796453260845285 0.0072986144137072292 -0.01408706967974893 0.025779673846781554 -0.0012770300679227206 0.0053359519533099139 -0.00078849976456984387 0.0056362040681039068 -0.022879449759001056 -0.014853947622743384 0.026721844598650936 -0.0079130867087259527 -0.0040730418826100392
leaf_weight=156 430 837 963 1406 393 660 284 176 147 156 89 40 41 775
leaf_count=156 430 837 963 1406 393 660 284 176 147 156 89 40 41 775
model_size=1600
internal_value=0 0.00832148 0.0129516 -0.0105603 0.0171041 -0.00721445 0.000752108 0.00809452 -0.00466304 -0.010364 -0.00209101 0.0229448 0.00919058 -0.00154976
internal_weight=0 3665 2274 2888 1311 1482 1391 332 1052 392 236 474 81 1059
internal_count=6553 3665 2274 2888 1311 1482 1391 332 1052 392 236 474 81 1059
is_linear=0
shrinkage=0.1


Tree=4
num_leaves= 12
num_cat= 0
full_tree_array_lgbids= 0 1 2 9 3 -2 7 -1 -11 5 4 -2147483648 -2147483648 -4 8 -2147483648 -2147483648 -2147483648 -2147483648 6 -7 10 -6 -2147483648 -2147483648 -2147483648 -2147483648 -2147483648 -2147483648 -9 -10 -2147483648 -2147483648 -2147483648 -2147483648 -2147483648 -2147483648 -2147483648 -2147483648 -3 -8 -2147483648 -2147483648 -5 -12 -2147483648 -2147483648 -2147483648 -2147483648 -2147483648 -2147483648 -2147483648 -2147483648 -2147483648 -2147483648 -2147483648 -2147483648 -2147483648 -2147483648 -2147483648 -2147483648 -2147483648 -2147483648
split_feature= 2 4 2 6 5 5 6 6 3 1 3
split_gain= 44.9714 8.71902 1.83197 1.36577 5.64062 0.451123 0.354233 0.144794 1.03659 0.140134 0.0163115
threshold= 0.11063466221094136 -0.13487913459539411 0.6500774919986726 0.88111311197280895 0.17076345533132556 -1.3247948288917539 -0.4273798912763595 -0.08627330511808394 0.047571904957294471 -0.79297658801078785 1.1742224693298342
decision_type= 2 2 2 2 2 2 2 2 2 2 2
left_child=1 9 -2 5 10 6 -3 -4 -9 -1 -5
right_child=2 3 7 4 -6 -7 -8 8 -10 -11 -12
leaf_value= 0.0083712419842942188 -0.0044333748282241745 -0.013792507471692451 -0.0081792340719916423 0.021045944797429807 -0.009384562244736834 0.016948353617910496 0.014069472059297065 -0.0093547685452208991 -0.020426501911550977 -1.5300997098072985e-05 -0.0091015490256249904
leaf_weight=406 1196 53 930 204 190 1284 72 501 495 1197 25
leaf_count=406 1196 53 930 204 190 1284 72 501 495 1197 25
model_size=1264
internal_value=0 0.00807545 -0.00887472 0.0133077 0.00544813 0.0156449 0.00225599 -0.0116327 -0.0148573 0.0021088 0.0177547
internal_weight=0 3431 3122 1828 419 1409 125 1926 996 1603 229
internal_count=6553 3431 3122 1828 419 1409 125 1926 996 1603 229
is_linear=0
shrinkage=0.1


Tree=5
num_leaves= 7
num_cat= 0
full_tree_array_lgbids= 0 1 2 -1 3 -2 5 -2147483648 -2147483648 4 -5 -2147483648 -2147483648 -4 -7 -2147483648 -2147483648 -2147483648 -2147483648 -3 -6 -2147483648 -2147483648 -2147483648 -2147483648 -2147483648 -2147483648 -2147483648 -2147483648 -2147483648 -2147483648
split_feature= 2 4 2 2 1 5
split_gain= 35.9155 6.61962 1.10103 1.08115 0.178449 0.0438526
threshold= 0.11063466221094136 -0.47479055821895594 0.52685046195983898 -0.51753544807434071 -0.4492183774709701 0.4545369297266007
decision_type= 2 2 2 2 2 2
left_child=1 -1 -2 4 -3 -4
right_child=2 3 5 -5 -6 -7
leaf_value= 0.00044556040666545582 -0.0029754883787997074 0.019447347572943391 -0.0077526607540018989 0.0060580038254459704 0.010902474499830016 -0.014349537490422585
leaf_weight=1214 910 494 1442 825 898 770
leaf_count=1214 910 494 1442 825 898 770
model_size=704
internal_value=0 0.0072679 -0.00798724 0.0110037 0.0139349 -0.010049
internal_weight=0 3431 3122 2217 1392 2212
internal_count=6553 3431 3122 2217 1392 2212
is_linear=0
shrinkage=0.1


Tree=6
num_leaves= 12
num_cat= 0
full_tree_array_lgbids= 0 1 7 6 2 -2 8 -1 -8 4 3 -2147483648 -2147483648 -9 9 -2147483648 -2147483648 -2147483648 -2147483648 5 -6 -4 10 -2147483648 -2147483648 -2147483648 -2147483648 -2147483648 -2147483648 -10 -11 -2147483648 -2147483648 -2147483648 -2147483648 -2147483648 -2147483648 -2147483648 -2147483648 -3 -7 -2147483648 -2147483648 -2147483648 -2147483648 -5 -12 -2147483648 -2147483648 -2147483648 -2147483648 -2147483648 -2147483648 -2147483648 -2147483648 -2147483648 -2147483648 -2147483648 -2147483648 -2147483648 -2147483648 -2147483648 -2147483648
split_feature= 2 4 5 6 6 5 2 6 3 5 7
split_gain= 28.7358 5.75262 1.50019 7.64972 1.7666 1.80528 0.945823 0.447831 0.83528 0.897989 0.412318
threshold= 0.22240778803825376 0.26278324425220495 0.65354096889495861 0.16434586793184283 -1.1006352305412288 -0.29158644378185267 -0.35692687332630152 0.48795536160469061 -0.68933159112930287 -0.78617820143699635 0.13482514768838882
decision_type= 2 2 2 2 2 2 2 2 2 2 2
left_child=1 6 4 -4 5 -3 -1 -2 -9 -10 -5
right_child=7 2 3 10 -6 -7 -8 8 9 -11 -12
leaf_value= 0.0048247033184910674 -0.0055248440676991233 -0.01340132998150733 0.018807789351224968 -0.019734658389107179 0.01735148668993523 0.018710383776274018 -0.0033966418379208687 -0.0027414402675202125 -0.0033068124236374655 -0.01882435166323887 0.0020206982104961453
leaf_weight=1439 1883 92 227 133 916 68 694 269 170 566 96
leaf_count=1439 1883 92 227 133 916 68 694 269 170 566 96
model_size=1264
internal_value=0 0.00610026 0.0116005 0.00403212 0.0148079 0.000246148 0.00214978 -0.00774151 -0.0118947 -0.0152401 -0.0106145
internal_weight=0 3665 1532 456 1076 160 2133 2888 1005 736 229
internal_count=6553 3665 1532 456 1076 160 2133 2888 1005 736 229
is_linear=0
shrinkage=0.1


Tree=7
num_leaves= 4
num_cat= 0
full_tree_array_lgbids= 0 1 2 -1 -3 -2 -4
split_feature= 2 4 2
split_gain= 23.1172 3.90153 2.41251
threshold= -0.21647498756647107 0.56924891471862804 0.47420810163021093
decision_type= 2 2 2
left_child=1 -1 -2
right_child=2 -3 -4
leaf_value= 0.0040121838440493355 -0.00081366790661586714 0.014190440527247994 -0.0081055642878926949
leaf_weight=1861 1455 895 2342
leaf_count=1861 1455 895 2342
model_size=368
internal_value=0 0.00731753 -0.00531133
internal_weight=0 2756 3797
internal_count=6553 2756 3797
is_linear=0
shrinkage=0.1


Tree=8
num_leaves= 4
num_cat= 0
full_tree_array_lgbids= 0 1 2 -1 -3 -2 -4
split_feature= 2 4 2
split_gain= 18.2846 2.86616 1.59055
threshold= -0.24277038127183911 -0.70120677351951588 0.4504156112670899
decision_type= 2 2 2
left_child=1 -1 -2
right_child=2 -3 -4
leaf_value= -0.00037634432069173378 -0.00057226264792097634 0.0094620302736163116 -0.0072243941770059848
leaf_weight=758 1455 1946 2394
leaf_count=758 1455 1946 2394
model_size=368
internal_value=0 0.00670408 -0.00470975
internal_weight=0 2704 3849
internal_count=6553 2704 3849
is_linear=0
shrinkage=0.1


Tree=9
num_leaves= 5
num_cat= 0
full_tree_array_lgbids= 0 1 3 -1 2 -2 -5 -2147483648 -2147483648 -3 -4 -2147483648 -2147483648 -2147483648 -2147483648
split_feature= 2 4 0 7
split_gain= 14.303 2.50273 0.244965 0.118172
threshold= 0.11063466221094136 -0.092393502593040452 0.48065467178821569 -1.1476808190345762
decision_type= 2 2 2 2
left_child=1 -1 -3 -2
right_child=3 2 -4 -5
leaf_value= 0.00085224688762831815 -0.012725726802260168 0.011392460409504541 0.0032851028437409033 -0.0041894354820012419
leaf_weight=1641 407 1144 646 2715
leaf_count=1641 407 1144 646 2715
model_size=480
internal_value=0 0.00482474 0.00846656 -0.00530227
internal_weight=0 3431 1790 3122
internal_count=6553 3431 1790 3122
is_linear=0
shrinkage=0.1


Tree=10
num_leaves= 7
num_cat= 0
full_tree_array_lgbids= 0 5 1 -1 -7 3 2 -2147483648 -2147483648 -2147483648 -2147483648 -2 -5 -3 4 -2147483648 -2147483648 -2147483648 -2147483648 -2147483648 -2147483648 -2147483648 -2147483648 -2147483648 -2147483648 -2147483648 -2147483648 -2147483648 -2147483648 -4 -6
split_feature= 2 5 3 0 6 4
split_gain= 11.7733 0.994248 5.05064 1.3654 1.15446 0.76479
threshold= -0.31999127566814417 0.4545369297266007 -0.20790822058916092 0.30019079148769384 -0.5871194303035735 -0.70120677351951588
decision_type= 2 2 2 2 2 2
left_child=5 3 -3 -2 -4 -1
right_child=1 2 4 -5 -6 -7
leaf_value= 0.00010215818392807757 0.0016129480710928186 0.00047409985686831232 -0.0035427771260201795 -0.0062350077603557132 -0.018767729887273165 0.0080915792233799862
leaf_weight=714 1556 617 223 1059 550 1834
leaf_count=714 1556 617 223 1059 550 1834
model_size=704
internal_value=0 -0.00372357 -0.00778401 -0.00156525 -0.0143755 0.00585279
internal_weight=0 4005 1390 2615 773 2548
internal_count=6553 4005 1390 2615 773 2548
is_linear=0
shrinkage=0.1


Tree=11
num_leaves= 4
num_cat= 0
full_tree_array_lgbids= 0 1 -2 -1 2 -2147483648 -2147483648 -2147483648 -2147483648 -3 -4 -2147483648 -2147483648 -2147483648 -2147483648
split_feature= 2 4 0
split_gain= 9.29684 1.57105 0.509789
threshold= 0.29799550771713262 -0.80669787526130665 0.20387880504131317
decision_type= 2 2 2
left_child=1 -1 -3
right_child=-2 2 -4
leaf_value= -0.002071296839927557 -0.0050376701365988418 0.0084073154329162292 0.0017313278239391742
leaf_weight=968 2732 1622 1231
leaf_count=968 2732 1622 1231
model_size=368
internal_value=0 0.00360191 0.00552679
internal_weight=0 3821 2853
internal_count=6553 3821 2853
is_linear=0
shrinkage=0.1


Tree=12
num_leaves= 4
num_cat= 0
full_tree_array_lgbids= 0 2 1 -1 -4 -2 -3
split_feature= 2 4 1
split_gain= 7.44265 0.722153 0.550346
threshold= -0.36874486505985254 0.26278324425220495 -0.041156854480504983
decision_type= 2 2 2
left_child=2 -2 -1
right_child=1 -3 -4
leaf_value= 0.0088076779219491419 -0.005445366507675414 0.00035638372969138587 0.0015778260775326327
leaf_weight=1186 2395 1714 1258
leaf_count=1186 2395 1714 1258
model_size=368
internal_value=0 -0.00302526 0.00508626
internal_weight=0 4109 2444
internal_count=6553 4109 2444
is_linear=0
shrinkage=0.1


Tree=13
num_leaves= 6
num_cat= 0
full_tree_array_lgbids= 0 1 -2 -1 2 -2147483648 -2147483648 -2147483648 -2147483648 -3 3 -2147483648 -2147483648 -2147483648 -2147483648 -2147483648 -2147483648 -2147483648 -2147483648 -2147483648 -2147483648 -4 4 -2147483648 -2147483648 -2147483648 -2147483648 -2147483648 -2147483648 -2147483648 -2147483648 -2147483648 -2147483648 -2147483648 -2147483648 -2147483648 -2147483648 -2147483648 -2147483648 -2147483648 -2147483648 -2147483648 -2147483648 -2147483648 -2147483648 -5 -6 -2147483648 -2147483648 -2147483648 -2147483648 -2147483648 -2147483648 -2147483648 -2147483648 -2147483648 -2147483648 -2147483648 -2147483648 -2147483648 -2147483648 -2147483648 -2147483648
split_feature= 2 4 5 6 7
split_gain= 5.97418 1.15436 0.0681388 4.4716 0.111816
threshold= 0.4504156112670899 0.66168963909149181 0.65354096889495861 -0.048602104187011712 0.13482514768838882
decision_type= 2 2 2 2 2
left_child=1 -1 -3 -4 -5
right_child=-2 2 3 4 -6
leaf_value= 0.00078613829602908647 -0.0047898013009934834 0.010476102109879913 0.016049222186313872 -0.022418750678069699 0.0013790621799904161
leaf_weight=2926 2394 872 158 117 86
leaf_count=2926 2394 872 158 117 86
model_size=592
internal_value=0 0.0027571 0.00743434 8.69325e-05 -0.0123369
internal_weight=0 4159 1233 361 203
internal_count=6553 4159 1233 361 203
is_linear=0
shrinkage=0.1


Tree=14
num_leaves= 5
num_cat= 0
full_tree_array_lgbids= 0 -1 1 -2147483648 -2147483648 -2 2 -2147483648 -2147483648 -2147483648 -2147483648 -2147483648 -2147483648 -3 3 -2147483648 -2147483648 -2147483648 -2147483648 -2147483648 -2147483648 -2147483648 -2147483648 -2147483648 -2147483648 -2147483648 -2147483648 -2147483648 -2147483648 -4 -5
split_feature= 2 6 3 5
split_gain= 4.47872 0.384165 2.84595 0.708985
threshold= -0.36874486505985254 0.48795536160469061 0.03902785666286946 -0.78617820143699635
decision_type= 2 2 2 2
left_child=-1 -2 -3 -4
right_child=1 2 3 -5
leaf_value= 0.0043042097975474784 -0.00052535126311024222 0.0001223163277941889 -4.9736993324503685e-05 -0.016081112973132316
leaf_weight=2444 2661 700 176 572
leaf_count=2444 2661 700 176 572
model_size=480
internal_value=0 -0.00256011 -0.0062994 -0.012309
internal_weight=0 4109 1448 748
internal_count=6553 4109 1448 748
is_linear=0
shrinkage=0.1


Tree=15
num_leaves= 3
num_cat= 0
full_tree_array_lgbids= 0 1 -2 -1 -3 -2147483648 -2147483648
split_feature= 2 0
split_gain= 3.41286 0.743731
threshold= 0.47420810163021093 0.25716689229011541
decision_type= 2 2
left_child=1 -1
right_child=-2 -3
leaf_value= 0.0047391279703057282 -0.004125172821672721 -0.0011371923855446381
leaf_weight=2459 2342 1752
leaf_count=2459 2342 1752
model_size=256
internal_value=0 0.00229427
internal_weight=0 4211
internal_count=6553 4211
is_linear=0
shrinkage=0.1


Tree=16
num_leaves= 6
num_cat= 0
full_tree_array_lgbids= 0 -1 1 -2147483648 -2147483648 4 2 -2147483648 -2147483648 -2147483648 -2147483648 -2 -6 -3 3 -2147483648 -2147483648 -2147483648 -2147483648 -2147483648 -2147483648 -2147483648 -2147483648 -2147483648 -2147483648 -2147483648 -2147483648 -2147483648 -2147483648 -4 -5
split_feature= 2 6 3 5 0
split_gain= 2.69509 0.311433 2.9181 0.179397 0.164283
threshold= -0.73440709710121144 0.48795536160469061 0.026778744533658031 -0.74230572581291188 0.20387880504131317
decision_type= 2 2 2 2 2
left_child=-1 4 -3 -4 -2
right_child=1 2 3 -5 -6
leaf_value= 0.0049728114336517141 0.0028646567211646967 0.00087100863150109094 -0.0006180139100918524 -0.01410073795498531 -0.0033193810980058714
leaf_weight=1664 1792 822 221 665 1389
leaf_count=1664 1792 822 221 665 1389
model_size=592
internal_value=0 -0.00169253 -0.00515082 -0.0107377 0.000164365
internal_weight=0 4889 1708 886 3181
internal_count=6553 4889 1708 886 3181
is_linear=0
shrinkage=0.1


Tree=17
num_leaves= 7
num_cat= 0
full_tree_array_lgbids= 0 1 -2 -1 2 -2147483648 -2147483648 -2147483648 -2147483648 4 3 -2147483648 -2147483648 -2147483648 -2147483648 -2147483648 -2147483648 -2147483648 -2147483648 5 -6 -4 -5 -2147483648 -2147483648 -2147483648 -2147483648 -2147483648 -2147483648 -2147483648 -2147483648 -2147483648 -2147483648 -2147483648 -2147483648 -2147483648 -2147483648 -2147483648 -2147483648 -3 -7 -2147483648 -2147483648 -2147483648 -2147483648 -2147483648 -2147483648 -2147483648 -2147483648 -2147483648 -2147483648 -2147483648 -2147483648 -2147483648 -2147483648 -2147483648 -2147483648 -2147483648 -2147483648 -2147483648 -2147483648 -2147483648 -2147483648
split_feature= 2 4 5 6 6 5
split_gain= 1.94734 1.4728 0.439466 5.2031 0.429518 0.861448
threshold= 0.89601022005081188 0.29228626191616064 0.65354096889495861 0.05517734773457051 -1.1006352305412288 -0.29158644378185267
decision_type= 2 2 2 2 2 2
left_child=1 -1 4 -4 5 -3
right_child=-2 2 3 -5 -6 -7
leaf_value= -0.0010126467362518308 -0.0051987137107662451 -0.015392990692782951 0.010724909922840899 -0.011738556344036335 0.009487670194951732 0.011503976902200118
leaf_weight=3031 1406 123 305 339 1259 90
leaf_count=3031 1406 123 305 339 1259 90
model_size=704
internal_value=0 0.00142013 0.00490488 -0.0010998 0.00753193 -0.00402807
internal_weight=0 5147 2116 644 1472 213
internal_count=6553 5147 2116 644 1472 213
is_linear=0
shrinkage=0.1


Tree=18
num_leaves= 2
num_cat= 0
full_tree_array_lgbids= 0 -1 -2
split_feature= 2
split_gain= 1.24058
threshold= -0.6779712140560149
decision_type= 2
left_child=-1
right_child=-2
leaf_value= 0.0041202698418999831 -0.0015532179377020765
leaf_weight=1794 4759
leaf_count=1794 4759
model_size=144
internal_value=0
internal_weight=0
internal_count=6553
is_linear=0
shrinkage=0.1


Tree=19
num_leaves= 6
num_cat= 0
full_tree_array_lgbids= 0 4 1 -1 -6 -2 2 -2147483648 -2147483648 -2147483648 -2147483648 -2147483648 -2147483648 3 -4 -2147483648 -2147483648 -2147483648 -2147483648 -2147483648 -2147483648 -2147483648 -2147483648 -2147483648 -2147483648 -2147483648 -2147483648 -3 -5 -2147483648 -2147483648
split_feature= 5 3 6 7 0
split_gain= 0.710453 4.4311 2.5475 0.635419 0.260375
threshold= 0.12283720821142197 -0.10433290526270864 -0.34208901226520533 -0.57505470514297474 0.25716689229011541
decision_type= 2 2 2 2 2
left_child=4 -2 3 -3 -1
right_child=1 2 -4 -5 -6
leaf_value= 0.0047070111161289022 0.0026397543332552908 -0.01210327161833924 -0.011906894046723676 0.0052845893428520854 -0.0014376814691365025
leaf_weight=2091 1428 168 984 423 1459
leaf_count=2091 1428 168 984 423 1459
model_size=592
internal_value=0 -0.00257902 -0.0073107 0.000341847 0.00218163
internal_weight=0 3003 1575 591 3550
internal_count=6553 3003 1575 591 3550
is_linear=0
shrinkage=0.1


Tree=20
num_leaves= 3
num_cat= 0
full_tree_array_lgbids= 0 1 -2 -1 -3 -2147483648 -2147483648
split_feature= 2 4
split_gain= 0.628305 0.669921
threshold= 0.84255495667457592 -0.62264147400856007
decision_type= 2 2
left_child=1 -1
right_child=-2 -3
leaf_value= -0.0028406150265416182 -0.0043324778850597455 0.0030859010720246114
leaf_weight=1522 1510 3521
leaf_count=1522 1510 3521
model_size=256
internal_value=0 0.00129725
internal_weight=0 5043
internal_count=6553 5043
is_linear=0
shrinkage=0.1


Tree=21
num_leaves= 4
num_cat= 0
full_tree_array_lgbids= 0 -1 1 -2147483648 -2147483648 -2 2 -2147483648 -2147483648 -2147483648 -2147483648 -2147483648 -2147483648 -3 -4
split_feature= 1 6 3
split_gain= 0.292182 0.374263 1.08043
threshold= -1.1993861794471739 0.64664298295974743 -0.16804680228233337
decision_type= 2 2 2
left_child=-1 -2 -3
right_child=1 2 -4
leaf_value= 0.0062966317001934627 0.00075356246962273929 0.0010081871444563542 -0.0090016791555915573
leaf_weight=754 4103 742 954
leaf_count=754 4103 742 954
model_size=368
internal_value=0 -0.000818703 -0.00462236
internal_weight=0 5799 1696
internal_count=6553 5799 1696
is_linear=0
shrinkage=0.1


Tree=22
num_leaves= 2
num_cat= 0
full_tree_array_lgbids= 0 -1 -2
split_feature= 7
split_gain= 0.089487
threshold= -0.63094553351402272
decision_type= 2
left_child=-1
right_child=-2
leaf_value= -0.0034437353207992269 0.0014313559769223994
leaf_weight=1924 4629
leaf_count=1924 4629
model_size=144
internal_value=0
internal_weight=0
internal_count=6553
is_linear=0
shrinkage=0.1


Tree=23
num_leaves= 2
num_cat= 0
full_tree_array_lgbids= 0 -1 -2
split_feature= 2
split_gain= 0.0138094
threshold= -0.73440709710121144
decision_type= 2
left_child=-1
right_child=-2
leaf_value= 0.0037746915293260272 -0.0012847385281376125
leaf_weight=1664 4889
leaf_count=1664 4889
model_size=144
internal_value=0
internal_weight=0
internal_count=6553
is_linear=0
shrinkage=0.1


end of trees

feature_importances:
Column_2=39
Column_5=39
Column_6=37
Column_4=28
Column_3=27
Column_0=18
Column_7=18
Column_1=13

parameters:
[boosting: gbdt]
[objective: regression]
[metric: rmse]
[tree_learner: serial]
[device_type: cpu]
[data_sample_strategy: bagging]
[data: data/kin8nm.libsvm.train]
[valid: data/kin8nm.libsvm.test]
[num_iterations: 100]
[learning_rate: 0.1]
[num_leaves: 255]
[num_threads: 0]
[seed: 42]
[deterministic: 0]
[force_col_wise: 0]
[force_row_wise: 0]
[histogram_pool_size: -1]
[max_depth: 7]
[min_data_in_leaf: 10]
[min_sum_hessian_in_leaf: 0.001]
[bagging_fraction: 1]
[pos_bagging_fraction: 1]
[neg_bagging_fraction: 1]
[bagging_freq: 0]
[bagging_seed: 400]
[feature_fraction: 1]
[feature_fraction_bynode: 1]
[feature_fraction_seed: 30056]
[extra_trees: 0]
[extra_seed: 12879]
[early_stopping_round: 0]
[early_stopping_min_delta: 0]
[first_metric_only: 0]
[max_delta_step: 0]
[lambda_l1: 0]
[lambda_l2: 0]
[linear_lambda: 0]
[min_gain_to_split: 0]
[drop_rate: 0.1]
[max_drop: 50]
[skip_drop: 0.5]
[xgboost_dart_mode: 0]
[uniform_drop: 0]
[drop_seed: 17869]
[top_rate: 0.2]
[other_rate: 0.1]
[min_data_per_group: 100]
[max_cat_threshold: 32]
[cat_l2: 10]
[cat_smooth: 10]
[max_cat_to_onehot: 4]
[top_k: 20]
[monotone_constraints: ]
[monotone_constraints_method: basic]
[monotone_penalty: 0]
[feature_contri: ]
[forcedsplits_filename: ]
[refit_decay_rate: 0.9]
[tinygbdt_penalty_feature: 0.000976562]
[tinygbdt_penalty_split: 0.0078125]
[tinygbdt_forestsize: 64000]
[tinygbdt_precision: 7]
[cegb_tradeoff: 1]
[cegb_penalty_split: 0]
[cegb_penalty_feature_lazy: ]
[cegb_penalty_feature_coupled: ]
[path_smooth: 0]
[interaction_constraints: ]
[verbosity: 2]
[saved_feature_importance_type: 0]
[use_quantized_grad: 0]
[num_grad_quant_bins: 4]
[quant_train_renew_leaf: 0]
[stochastic_rounding: 1]
[linear_tree: 0]
[max_bin: 255]
[max_bin_by_feature: ]
[min_data_in_bin: 3]
[bin_construct_sample_cnt: 200000]
[data_random_seed: 175]
[is_enable_sparse: 1]
[enable_bundle: 1]
[use_missing: 1]
[zero_as_missing: 0]
[feature_pre_filter: 1]
[pre_partition: 0]
[two_round: 0]
[header: 0]
[label_column: ]
[weight_column: ]
[group_column: ]
[ignore_column: ]
[categorical_feature: ]
[forcedbins_filename: ]
[precise_float_parser: 0]
[parser_config_file: ]
[objective_seed: 16083]
[num_class: 1]
[is_unbalance: 0]
[scale_pos_weight: 1]
[sigmoid: 1]
[boost_from_average: 1]
[reg_sqrt: 0]
[alpha: 0.9]
[fair_c: 1]
[poisson_max_delta_step: 0.7]
[tweedie_variance_power: 1.5]
[lambdarank_truncation_level: 30]
[lambdarank_norm: 1]
[label_gain: ]
[lambdarank_position_bias_regularization: 0]
[eval_at: ]
[multi_error_top_k: 1]
[auc_mu_weights: ]
[num_machines: 1]
[local_listen_port: 12400]
[time_out: 120]
[machine_list_filename: ]
[machines: ]
[gpu_platform_id: -1]
[gpu_device_id: -1]
[gpu_use_dp: 0]
[num_gpu: 1]

end of parameters
