tree
version=v4
num_class=1
num_tree_per_iteration=1
label_index=0
max_feature_idx=8
objective=regression
feature_names=Column_0 Column_1 Column_2 Column_3 Column_4 Column_5 Column_6 Column_7 Column_8
feature_infos=none [0.49990000000000001:15.0001] [1:52] [0.88888888888888884:141.90909090909091] [0.33333333333333331:25.63636363636364] [3:35682] [0.69230769230769229:1243.333333333333] [32.549999999999997:41.950000000000003] [-124.34999999999999:-114.31]
tree_sizes=2687 2465 2532 2465 2394

Tree=0
num_leaves= 27
num_cat= 0
full_tree_array_lgbids= 0 1 2 5 3 4 10 9 11 6 7 15 12 19 22 14 13 24 20 25 8 18 16 -2 17 -6 21 -4 -21 23 -24 -1 -16 -11 -15 -7 -26 -13 -22 -3 -27 -8 -10 -5 -20 -9 -18 -2147483648 -2147483648 -17 -19 -2147483648 -2147483648 -14 -23 -2147483648 -2147483648 -2147483648 -2147483648 -12 -25 -2147483648 -2147483648
split_feature= 1 1 1 6 6 3 2 1 7 1 1 1 1 6 3 2 6 6 2 2 6 2 1 2 7 1
split_gain= 6956.71 1654.2 1261.17 945.37 400.507 287.432 203.089 182.012 156.418 150.224 125.302 106.142 90.0924 81.9708 80.498 76.9027 74.6891 64.6299 54.5816 42.536 36.2119 12.9448 2.71893 6.35329 2.6439 0.218227
threshold= 5.0387000000000013 3.0679500000000002 6.8672000000000013 2.3489548886254448 2.671038674349933 4.3101408005062494 24.500000000000004 4.0775500000000013 37.815000000000005 2.2210000000000005 7.852450000000001 2.4115000000000006 5.7307500000000013 2.4907552973342448 3.449226804123712 19.500000000000004 2.9005380231986346 2.0653737590585881 43.500000000000007 26.500000000000004 2.2906328481453726 27.500000000000004 8.7395500000000013 28.500000000000004 35.335000000000008 3.5330000000000008
decision_type= 2 2 2 2 2 2 2 2 2 2 2 2 2 2 2 2 2 2 2 2 2 2 2 2 2 2
left_child=1 5 4 6 15 9 25 18 -8 14 19 24 -6 -11 -1 -2 -9 -17 -5 -4 -13 -14 23 -12 -7 -3
right_child=2 3 10 7 12 11 8 16 -10 13 22 20 21 -15 -16 17 -18 -19 -20 -21 -22 -23 -24 -25 -26 -27
leaf_value= 2.0405687631288161 2.1558599736411375 2.0619325518895399 2.2105021416414852 2.0293758741925956 2.0994046620642437 1.9807571227445304 2.1984147209355398 2.1002101309481218 2.0795283240852767 2.0970408790997888 2.2611911907323741 2.043693994763716 2.1410397950488846 2.0327038778370752 1.9814897297846104 2.3293276008777508 2.055796547371648 2.2183144165789459 2.080533949453383 2.2958198799055269 1.9920349409095919 2.1974100577568745 2.3422574193033054 2.3423931801380187 1.9518240180001829 2.1119780300641722
leaf_weight=503 248 198 263 2717 828 636 733 1016 163 430 147 309 586 767 899 91 1158 572 377 168 1491 187 365 97 1194 369
leaf_count=503 248 198 263 2717 828 636 733 1016 163 430 147 309 586 767 899 91 1158 572 377 168 1491 187 365 97 1194 369
model_size=2944
internal_value=2.07195 2.03789 2.19622 2.07259 2.15739 2.00039 2.1449 2.05251 2.17679 2.02716 2.28999 1.98123 2.12609 2.05582 2.00269 2.2124 2.07655 2.23355 2.03561 2.24376 2.0009 2.15468 2.32271 2.29347 1.96188 2.0945
internal_weight=0 12960 3552 6731 2512 6229 1463 5268 896 2599 1040 3630 1601 1197 1402 911 2174 663 3094 431 1800 773 609 244 1830 567
internal_count=16512 12960 3552 6731 2512 6229 1463 5268 896 2599 1040 3630 1601 1197 1402 911 2174 663 3094 431 1800 773 609 244 1830 567
is_linear=0
shrinkage=1


Tree=1
num_leaves= 22
num_cat= 0
full_tree_array_lgbids= 0 1 2 5 3 4 12 13 6 7 9 16 19 18 -14 14 -15 8 10 -3 11 17 15 -2 20 -6 -21 -4 -20 -2147483648 -2147483648 -1 -16 -2147483648 -2147483648 -7 -10 -8 -12 -2147483648 -2147483648 -9 -13 -5 -19 -11 -17 -2147483648 -2147483648 -18 -22 -2147483648 -2147483648 -2147483648 -2147483648 -2147483648 -2147483648 -2147483648 -2147483648 -2147483648 -2147483648 -2147483648 -2147483648
split_feature= 1 1 1 6 6 6 7 2 8 1 8 6 1 7 8 6 2 2 2 1 6
split_gain= 5630.77 1432.29 916.339 802.14 294.553 280.921 194.915 190.791 148.735 143.3 110.502 108.361 95.2585 86.8345 103.298 78.6561 59.0973 50.3208 49.4051 47.19 45.2612
threshold= 5.1326000000000009 3.1792500000000001 6.8672000000000013 2.2982753493904258 2.7472725830126556 2.1628386478062818 34.455000000000005 19.500000000000004 -117.77499999999999 4.1119000000000012 -121.63499999999998 1.9628175980828908 8.4454500000000028 37.935000000000009 -118.24499999999999 2.9291766686969298 21.500000000000004 47.500000000000007 26.500000000000004 5.8308000000000009 2.2038024706228287
decision_type= 2 2 2 2 2 2 2 2 2 2 2 2 2 2 2 2 2 2 2 2 2
left_child=1 5 4 7 16 13 8 -3 -7 17 -8 -9 18 14 -1 -11 -2 -5 -4 -6 -18
right_child=2 3 12 9 19 6 10 11 -10 15 -12 -13 -14 -15 -16 -17 20 -19 -20 -21 -22
leaf_value= 0.044230430953254636 0.078618303007493118 0.013255709789693357 0.13719190780792143 -0.033517635639986235 0.025581943843984691 -0.032418481581660212 -0.062115720910071164 0.16254536505971776 -0.086464694131891839 0.029790109835255971 -0.10739158312721281 0.077517444901220187 0.23830663572970623 -0.071956682126132807 -0.039420649286328324 -0.013891626500723456 0.22015546661538954 0.030431795661703398 0.2117248531396887 0.074960977785426694 0.13022844626029434
leaf_weight=447 288 350 368 2681 703 1871 1128 305 928 1178 1827 539 426 245 343 1152 117 219 246 610 541
leaf_count=447 288 350 368 2681 703 1871 1128 305 928 1178 1827 539 426 245 343 1152 117 219 246 610 541
model_size=2384
internal_value=0 -0.0292631 0.117203 0.00496437 0.0808164 -0.0616504 -0.0707621 0.0804001 -0.0503373 -0.0122575 -0.0901086 0.108244 0.19624 -0.0109948 0.00791104 0.00819296 0.125638 -0.0286884 0.167054 0.0485227 0.146219
internal_weight=0 13213 3299 6424 2259 6789 5754 1194 2799 5230 2955 844 1040 1035 790 2330 946 2900 614 1313 658
internal_count=16512 13213 3299 6424 2259 6789 5754 1194 2799 5230 2955 844 1040 1035 790 2330 946 2900 614 1313 658
is_linear=0
shrinkage=0.1


Tree=2
num_leaves= 23
num_cat= 0
full_tree_array_lgbids= 0 1 3 5 2 4 18 11 8 6 9 16 13 20 -20 12 -13 10 14 7 -8 15 17 -2 19 21 -15 -5 -22 -2147483648 -2147483648 -1 -14 -2147483648 -2147483648 -7 -12 -10 -16 -3 -9 -2147483648 -2147483648 -4 -17 -11 -19 -2147483648 -2147483648 -18 -21 -6 -23 -2147483648 -2147483648 -2147483648 -2147483648 -2147483648 -2147483648 -2147483648 -2147483648 -2147483648 -2147483648
split_feature= 1 1 6 1 6 6 7 2 7 1 8 7 8 1 8 2 2 2 1 6 2 6
split_gain= 4574.7 1253.1 688.986 644.216 212.541 197.306 172.106 153.074 143.101 133.209 103.58 75.9594 65.3494 63.68 60.278 59.841 30.2027 20.6442 19.4602 11.7684 10.4993 6.54563
threshold= 5.2771000000000017 3.1097000000000006 2.4136952392348086 7.3930000000000016 2.6585924622132828 2.2352443515477258 37.935000000000009 19.500000000000004 34.455000000000005 4.5301500000000017 -118.29499999999999 37.935000000000009 -118.25499999999998 6.2770500000000009 -120.09499999999998 42.500000000000007 21.500000000000004 20.500000000000004 8.7395500000000013 2.2038024706228287 28.500000000000004 3.0375944537846187
decision_type= 2 2 2 2 2 2 2 2 2 2 2 2 2 2 2 2 2 2 2 2 2 2
left_child=1 5 6 4 16 11 7 -3 10 15 -7 12 -1 21 -10 -4 -2 -11 20 -18 -5 -6
right_child=3 2 9 18 13 8 -8 -9 14 17 -12 -13 -14 -15 -16 -17 19 -19 -20 -21 -22 -23
leaf_value= 0.031772622220677921 0.085006233884399443 0.015582630827625111 -0.030663316995492629 0.14288679715810401 0.063469983397862348 -0.00097440733340466894 -0.024529806962527802 0.094058390656773433 -0.072662856005375268 -0.010734930623690211 -0.058856680850347204 -0.068286820697092937 -0.036018039732664008 0.096315426067220142 -0.11449773192424838 0.015733854610812482 0.20685434440771738 0.029417259022191153 0.21944876598168728 0.13470447370984959 0.20833225766333141 0.023039871483264217
leaf_weight=472 212 412 3381 264 449 507 250 1128 1957 517 2063 306 390 488 730 493 108 923 365 414 164 519
leaf_count=472 212 412 3381 264 449 507 250 1128 1957 517 2063 306 390 488 730 493 108 923 365 414 164 519
model_size=2496
internal_value=0 -0.0248041 0.0045146 0.112496 0.0838296 -0.0572212 0.0594332 0.0730636 -0.0661404 -0.0139845 -0.0474379 -0.0170772 0.00110167 0.0600671 -0.0840285 -0.0247589 0.130966 0.0150015 0.191661 0.149632 0.167964 0.0417931
internal_weight=0 13529 7104 2983 2190 6425 1790 1540 5257 5314 2570 1168 862 1456 2687 3874 734 1440 793 522 428 968
internal_count=16512 13529 7104 2983 2190 6425 1790 1540 5257 5314 2570 1168 862 1456 2687 3874 734 1440 793 522 428 968
is_linear=0
shrinkage=0.1


Tree=3
num_leaves= 22
num_cat= 0
full_tree_array_lgbids= 0 1 3 4 2 6 20 9 5 7 12 18 15 -5 -22 19 14 10 11 -3 8 13 16 -2 -20 -8 17 -2147483648 -2147483648 -2147483648 -2147483648 -1 -21 -11 -16 -6 -12 -7 -13 -2147483648 -2147483648 -9 -10 -4 -15 -14 -18 -2147483648 -2147483648 -2147483648 -2147483648 -2147483648 -2147483648 -17 -19 -2147483648 -2147483648 -2147483648 -2147483648 -2147483648 -2147483648 -2147483648 -2147483648
split_feature= 1 1 6 1 6 1 6 2 6 1 3 3 6 7 2 1 8 2 2 7 2
split_gain= 3734.49 1197.66 506.108 358.701 288.862 140.811 137.048 115.699 132.302 103.114 102.917 87.3892 80.9552 79.9684 34.5625 23.7635 16.9723 3.39286 2.5111 2.04416 0.745109
threshold= 5.6042500000000013 3.5488500000000003 2.4136952392348086 7.7055000000000016 2.2352443515477258 2.5205000000000006 2.6529733204757315 19.500000000000004 1.9628175980828908 2.5510500000000005 3.6193833748516839 5.0006134969325169 2.9742256672023202 37.915000000000006 24.500000000000004 6.3963500000000009 -121.48499999999999 26.500000000000004 21.500000000000004 37.945000000000007 18.500000000000004
decision_type= 2 2 2 2 2 2 2 2 2 2 2 2 2 2 2 2 2 2 2 2 2
left_child=1 4 7 6 9 10 18 -3 -9 19 -6 -7 13 -4 -11 -8 -14 -17 -2 -1 -5
right_child=3 2 12 20 5 11 15 8 -10 14 -12 -13 16 -15 -16 17 -18 -19 -20 -21 -22
leaf_value= -0.019913381009020521 0.096956023235689789 0.017988899730759535 0.025599297632311804 0.14702613888452379 -0.028138495260217944 -0.020905428978102589 0.049764792005375001 0.1643347165077704 0.068140456943903069 -0.013281310822986845 -0.080682348558055672 -0.057964149025641835 0.010667442261794773 -0.028769716491811134 0.046402767114520363 0.078739229795743312 -0.025837435343911731 0.14138211721794741 0.15167008941154927 -0.067342320338448752 0.19562413593267391
leaf_weight=490 169 384 1823 207 607 1837 671 236 736 299 2610 1678 483 484 520 372 1690 124 400 229 463
leaf_count=490 169 384 1823 207 607 1837 671 236 736 299 2610 1678 483 484 520 372 1690 124 400 229 463
model_size=2384
internal_value=0 -0.0197275 0.0154339 0.115659 -0.0445404 -0.0539703 0.0905923 0.07068 0.0914963 -0.00326438 -0.0707681 -0.0385966 -0.00128793 0.0141929 0.0246133 0.0687357 -0.0177234 0.0944 0.135419 -0.0350194 0.18061
internal_weight=0 14106 5836 2406 8270 6732 1736 1356 972 1538 3217 3515 4480 2307 819 1167 2173 496 569 719 670
internal_count=16512 14106 5836 2406 8270 6732 1736 1356 972 1538 3217 3515 4480 2307 819 1167 2173 496 569 719 670
is_linear=0
shrinkage=0.1


Tree=4
num_leaves= 21
num_cat= 0
full_tree_array_lgbids= 0 1 2 4 3 5 9 14 13 7 6 17 15 12 -11 19 -16 -6 16 8 -9 10 11 -2 18 -7 -17 -4 -14 -2147483648 -2147483648 -1 -21 -2147483648 -2147483648 -2147483648 -2147483648 -15 -18 -3 -10 -2147483648 -2147483648 -5 -12 -8 -13 -2147483648 -2147483648 -19 -20 -2147483648 -2147483648 -2147483648 -2147483648 -2147483648 -2147483648 -2147483648 -2147483648 -2147483648 -2147483648 -2147483648 -2147483648
split_feature= 1 1 1 6 3 6 1 7 8 1 3 2 2 1 6 6 3 2 6 8
split_gain= 3056.95 735.892 534.699 453.957 142.445 138.629 113.971 101.582 98.2466 90.8303 60.6954 56.2587 46.5364 36.5258 30.7848 17.0149 12.1727 7.16344 16.0784 5.74873
threshold= 5.0387000000000013 2.7820000000000005 6.3963500000000009 2.2634687595142249 3.8792159595040387 2.5763869593405579 4.0612500000000002 37.985000000000007 -122.35499999999998 7.852450000000001 5.1822875816993479 40.500000000000007 26.500000000000004 1.9486000000000003 3.0973600929976173 3.0375944537846187 4.4053436317780594 16.500000000000004 2.0653737590585881 -117.145
decision_type= 2 2 2 2 2 2 2 2 2 2 2 2 2 2 2 2 2 2 2 2
left_child=1 4 5 7 14 17 10 8 -3 12 -5 -8 -4 -6 19 -7 -15 -2 -19 -1
right_child=2 3 9 6 13 15 11 -9 -10 -11 -12 -13 -14 16 -16 -17 -18 18 -20 -21
leaf_value= 0.008613512726643912 0.045238152332603934 0.14544357173610478 0.080899695474123345 -0.011554665518504505 -0.08460952642354222 0.049905687362622464 -0.0023462322817045821 -0.043097618226382362 0.048400184808992164 0.16591127444921164 -0.041736048396721744 0.054560828740698376 0.14561103829152836 -0.032394350983225143 -0.042984390511576626 0.013689570350772708 -0.063030025821449384 0.17335627188415903 0.092692158642467729 -0.066368316557211218
leaf_weight=585 127 160 491 2165 1169 794 2003 139 1103 609 1973 321 312 657 749 743 1857 95 381 79
leaf_count=585 127 160 491 2165 1169 794 2003 139 1103 609 1973 321 312 657 749 743 1857 95 381 79
model_size=2272
internal_value=0 -0.022648 0.0826347 -0.00303672 -0.0529117 0.0501525 -0.0146312 0.0504036 0.0606939 0.131864 -0.0259452 0.00551399 0.106043 -0.0644144 -0.0229296 0.0323985 -0.0550238 0.095406 0.108791 -0.000307518
internal_weight=0 12960 3552 7864 5096 2140 6462 1402 1263 1412 4138 2324 803 3683 1413 1537 2514 603 476 664
internal_count=16512 12960 3552 7864 5096 2140 6462 1402 1263 1412 4138 2324 803 3683 1413 1537 2514 603 476 664
is_linear=0
shrinkage=0.1


end of trees

feature_importances:
Column_1=34
Column_6=27
Column_2=23
Column_7=10
Column_8=9
Column_3=7

parameters:
[boosting: gbdt]
[objective: regression]
[metric: rmse]
[tree_learner: serial]
[device_type: cpu]
[data_sample_strategy: bagging]
[data: data/california_housing.libsvm.train]
[valid: data/california_housing.libsvm.test]
[num_iterations: 5]
[learning_rate: 0.1]
[num_leaves: 255]
[num_threads: 0]
[seed: 42]
[deterministic: 0]
[force_col_wise: 0]
[force_row_wise: 0]
[histogram_pool_size: -1]
[max_depth: 5]
[min_data_in_leaf: 10]
[min_sum_hessian_in_leaf: 0.001]
[bagging_fraction: 1]
[pos_bagging_fraction: 1]
[neg_bagging_fraction: 1]
[bagging_freq: 0]
[bagging_seed: 400]
[feature_fraction: 1]
[feature_fraction_bynode: 1]
[feature_fraction_seed: 30056]
[extra_trees: 0]
[extra_seed: 12879]
[early_stopping_round: 0]
[early_stopping_min_delta: 0]
[first_metric_only: 0]
[max_delta_step: 0]
[lambda_l1: 0]
[lambda_l2: 0]
[linear_lambda: 0]
[min_gain_to_split: 0]
[drop_rate: 0.1]
[max_drop: 50]
[skip_drop: 0.5]
[xgboost_dart_mode: 0]
[uniform_drop: 0]
[drop_seed: 17869]
[top_rate: 0.2]
[other_rate: 0.1]
[min_data_per_group: 100]
[max_cat_threshold: 32]
[cat_l2: 10]
[cat_smooth: 10]
[max_cat_to_onehot: 4]
[top_k: 20]
[monotone_constraints: ]
[monotone_constraints_method: basic]
[monotone_penalty: 0]
[feature_contri: ]
[forcedsplits_filename: ]
[refit_decay_rate: 0.9]
[tinygbdt_penalty_feature: 4]
[tinygbdt_penalty_split: 0.0078125]
[tinygbdt_forestsize: 64000]
[tinygbdt_precision: 7]
[cegb_tradeoff: 1]
[cegb_penalty_split: 0]
[cegb_penalty_feature_lazy: ]
[cegb_penalty_feature_coupled: ]
[path_smooth: 0]
[interaction_constraints: ]
[verbosity: 2]
[saved_feature_importance_type: 0]
[use_quantized_grad: 0]
[num_grad_quant_bins: 4]
[quant_train_renew_leaf: 0]
[stochastic_rounding: 1]
[linear_tree: 0]
[max_bin: 255]
[max_bin_by_feature: ]
[min_data_in_bin: 3]
[bin_construct_sample_cnt: 200000]
[data_random_seed: 175]
[is_enable_sparse: 1]
[enable_bundle: 1]
[use_missing: 1]
[zero_as_missing: 0]
[feature_pre_filter: 1]
[pre_partition: 0]
[two_round: 0]
[header: 0]
[label_column: ]
[weight_column: ]
[group_column: ]
[ignore_column: ]
[categorical_feature: ]
[forcedbins_filename: ]
[precise_float_parser: 0]
[parser_config_file: ]
[objective_seed: 16083]
[num_class: 1]
[is_unbalance: 0]
[scale_pos_weight: 1]
[sigmoid: 1]
[boost_from_average: 1]
[reg_sqrt: 0]
[alpha: 0.9]
[fair_c: 1]
[poisson_max_delta_step: 0.7]
[tweedie_variance_power: 1.5]
[lambdarank_truncation_level: 30]
[lambdarank_norm: 1]
[label_gain: ]
[lambdarank_position_bias_regularization: 0]
[eval_at: ]
[multi_error_top_k: 1]
[auc_mu_weights: ]
[num_machines: 1]
[local_listen_port: 12400]
[time_out: 120]
[machine_list_filename: ]
[machines: ]
[gpu_platform_id: -1]
[gpu_device_id: -1]
[gpu_use_dp: 0]
[num_gpu: 1]

end of parameters
