tree
version=v4
num_class=1
num_tree_per_iteration=1
label_index=0
max_feature_idx=8
objective=regression
feature_names=Column_0 Column_1 Column_2 Column_3 Column_4 Column_5 Column_6 Column_7 Column_8
feature_infos=none [0.49990000000000001:15.0001] [1:52] [0.88888888888888884:141.90909090909091] [0.33333333333333331:25.63636363636364] [3:35682] [0.69230769230769229:1243.333333333333] [32.549999999999997:41.950000000000003] [-124.34999999999999:-114.31]
tree_sizes=2874 2603 2537 2400 2184 2126 2114 1914 1933 1975 2134 1643 1653 1575 1507 1727 1507 1378 915 1655 1446 912 1515 1509 1373 376

Tree=0
num_leaves= 30
num_cat= 0
full_tree_array_lgbids= 0 1 2 5 3 4 10 9 11 6 7 15 12 19 22 14 13 24 20 25 8 18 16 27 17 26 21 -4 -21 23 28 -1 -16 -11 -15 -7 -26 -13 -22 -3 -27 -8 -10 -5 -20 -9 -18 -2 -29 -17 -19 -6 -28 -14 -23 -2147483648 -2147483648 -2147483648 -2147483648 -12 -25 -24 -30
split_feature= 1 1 1 6 6 3 2 1 7 1 1 1 1 6 3 2 6 6 2 2 6 2 1 2 7 1 6 1 5
split_gain= 6972.71 1670.08 1277.06 961.135 416.156 303.198 218.62 197.544 171.597 165.52 140.951 121.439 105.506 96.799 95.3262 92.3168 89.7516 78.7549 69.6441 57.2469 50.8056 27.4214 17.4299 19.658 17.2376 15.3979 14.3672 11.6732 8.37236
threshold= 5.0387000000000013 3.0679500000000002 6.8672000000000013 2.3489548886254448 2.671038674349933 4.3101408005062494 24.500000000000004 4.0775500000000013 37.815000000000005 2.2210000000000005 7.852450000000001 2.4115000000000006 5.7307500000000013 2.4907552973342448 3.449226804123712 19.500000000000004 2.9005380231986346 2.0653737590585881 43.500000000000007 26.500000000000004 2.2906328481453726 27.500000000000004 8.7395500000000013 28.500000000000004 35.335000000000008 3.5330000000000008 2.9742256672023202 5.6402500000000009 139.50000000000003
decision_type= 2 2 2 2 2 2 2 2 2 2 2 2 2 2 2 2 2 2 2 2 2 2 2 2 2 2 2 2 2
left_child=1 5 4 6 15 9 25 18 -8 14 19 24 26 -11 -1 27 -9 -17 -5 -4 -13 -14 23 -12 -7 -3 -6 -2 -24
right_child=2 3 10 7 12 11 8 16 -10 13 22 20 21 -15 -16 17 -18 -19 -20 -21 -22 -23 28 -25 -26 -27 -28 -29 -30
leaf_value= 2.0405687631288161 2.122367892078735 2.0619325518895399 2.2105021416414852 2.0293758741925956 2.1246833370498446 1.9807571227445304 2.1984147209355398 2.1002101309481218 2.0795283240852767 2.0970408790997888 2.2611911907323741 2.043693994763716 2.1410397950488846 2.0327038778370752 1.9814897297846104 2.3293276008777508 2.055796547371648 2.2183144165789459 2.080533949453383 2.2958198799055269 1.9920349409095919 2.1974100577568745 2.2256631944098948 2.3423931801380187 1.9518240180001829 2.1119780300641722 2.0841198818403921 2.1915848606410337 2.348659992346585
leaf_weight=503 128 198 263 2717 312 636 733 1016 163 430 147 309 586 767 899 91 1158 572 377 168 1491 187 19 97 1194 369 516 120 346
leaf_count=503 128 198 263 2717 312 636 733 1016 163 430 147 309 586 767 899 91 1158 572 377 168 1491 187 19 97 1194 369 516 120 346
model_size=3280
internal_value=2.07195 2.03789 2.19622 2.07259 2.15739 2.00039 2.1449 2.05251 2.17679 2.02716 2.28999 1.98123 2.12609 2.05582 2.00269 2.2124 2.07655 2.23355 2.03561 2.24376 2.0009 2.15468 2.32271 2.29347 1.96188 2.0945 2.0994 2.15586 2.34226
internal_weight=0 12960 3552 6731 2512 6229 1463 5268 896 2599 1040 3630 1601 1197 1402 911 2174 663 3094 431 1800 773 609 244 1830 567 828 248 365
internal_count=16512 12960 3552 6731 2512 6229 1463 5268 896 2599 1040 3630 1601 1197 1402 911 2174 663 3094 431 1800 773 609 244 1830 567 828 248 365
is_linear=0
shrinkage=1


Tree=1
num_leaves= 24
num_cat= 0
full_tree_array_lgbids= 0 1 2 5 3 4 12 13 6 7 9 18 16 19 -14 14 -15 8 10 -3 11 17 15 -2 20 22 21 -4 -21 -2147483648 -2147483648 -1 -16 -2147483648 -2147483648 -7 -10 -8 -12 -2147483648 -2147483648 -9 -13 -5 -19 -11 -17 -2147483648 -2147483648 -20 -22 -6 -24 -18 -23 -2147483648 -2147483648 -2147483648 -2147483648 -2147483648 -2147483648 -2147483648 -2147483648
split_feature= 1 1 1 6 6 6 7 2 8 1 8 6 1 7 8 6 1 2 2 2 6 2 6
split_gain= 5638.59 1441.49 925.561 811.609 301.673 289.726 203.368 198.894 157.071 151.979 118.838 116.697 104.063 95.2876 110.931 85.9144 61.4711 58.4223 58.2471 57.1551 38.4467 16.0042 4.16166
threshold= 5.1326000000000009 3.1792500000000001 6.8672000000000013 2.2982753493904258 2.6585924622132828 2.1628386478062818 34.455000000000005 19.500000000000004 -117.77499999999999 4.1119000000000012 -121.63499999999998 1.9628175980828908 8.4454500000000028 37.935000000000009 -118.24499999999999 2.8335312747426764 5.8308000000000009 47.500000000000007 21.500000000000004 26.500000000000004 2.2038024706228287 27.500000000000004 3.1262267671728927
decision_type= 2 2 2 2 2 2 2 2 2 2 2 2 2 2 2 2 2 2 2 2 2 2 2
left_child=1 5 4 7 18 13 8 -3 -7 17 -8 -9 19 14 -1 -11 22 -5 -2 -4 -20 -18 -6
right_child=2 3 12 9 16 6 10 11 -10 15 -12 -13 -14 -15 -16 -17 21 -19 20 -21 -22 -23 -24
leaf_value= 0.044230430953254636 0.084216230332131395 0.013380108862050941 0.13719190780792143 -0.033517635639986235 0.048827385960445342 -0.032418481581660212 -0.062115720910071164 0.16254536505971776 -0.086464694131891839 0.033086021130256597 -0.10739158312721281 0.077517444901220187 0.23830664142214217 -0.071956682126132807 -0.039420649286328324 -0.010822406174656622 0.064840007462105109 0.030431795661703398 0.22015546661538954 0.2117248531396887 0.13662539405426799 0.12128281233978436 0.010032595539933747
leaf_weight=447 238 350 368 2681 418 1871 1128 305 928 1009 1827 539 426 245 343 1321 524 219 117 246 423 172 367
leaf_count=447 238 350 368 2681 418 1871 1128 305 928 1009 1827 539 426 245 343 1321 524 219 117 246 423 172 367
model_size=2608
internal_value=0 -0.02926 0.117191 0.00497081 0.0807981 -0.0616504 -0.0707621 0.0804366 -0.0503373 -0.0122579 -0.0901086 0.108244 0.19624 -0.0109948 0.00791104 0.00819202 0.0532941 -0.0286884 0.133154 0.167054 0.154724 0.0787885 0.0306902
internal_weight=0 13213 3299 6424 2259 6789 5754 1194 2799 5230 2955 844 1040 1035 790 2330 1481 2900 778 614 540 696 785
internal_count=16512 13213 3299 6424 2259 6789 5754 1194 2799 5230 2955 844 1040 1035 790 2330 1481 2900 778 614 540 696 785
is_linear=0
shrinkage=0.1


Tree=2
num_leaves= 23
num_cat= 0
full_tree_array_lgbids= 0 1 3 5 2 4 18 11 8 6 9 16 14 20 -20 12 -13 10 13 7 21 15 17 -2 19 -6 -16 -5 -22 -2147483648 -2147483648 -1 -14 -2147483648 -2147483648 -7 -12 -10 -15 -3 -9 -8 -23 -4 -17 -11 -19 -2147483648 -2147483648 -18 -21 -2147483648 -2147483648 -2147483648 -2147483648 -2147483648 -2147483648 -2147483648 -2147483648 -2147483648 -2147483648 -2147483648 -2147483648
split_feature= 1 1 6 1 6 6 7 2 7 1 8 7 8 8 1 2 2 2 1 6 2 8
split_gain= 4571.28 1258.54 692.375 649.62 213.217 201.049 175.833 155.059 146.374 138.384 106.853 79.2328 68.3884 63.5514 63.1518 63.0046 53.2934 23.1211 22.968 22.6403 12.9524 0.255553
threshold= 5.2771000000000017 3.1097000000000006 2.4136952392348086 7.3930000000000016 2.7472725830126556 2.2352443515477258 37.935000000000009 19.500000000000004 34.455000000000005 4.5301500000000017 -118.29499999999999 37.935000000000009 -118.25499999999998 -120.09499999999998 6.2770500000000009 42.500000000000007 21.500000000000004 20.500000000000004 8.7395500000000013 2.2038024706228287 28.500000000000004 -122.35499999999998
decision_type= 2 2 2 2 2 2 2 2 2 2 2 2 2 2 2 2 2 2 2 2 2 2
left_child=1 5 6 4 16 11 7 -3 10 15 -7 12 -1 -10 -6 -4 -2 -11 20 -18 -5 -8
right_child=3 2 9 18 14 8 21 -9 13 17 -12 -13 -14 -15 -16 -17 19 -19 -20 -21 -22 -23
leaf_value= 0.031772622220677921 0.076345445959871458 0.015810179724629281 -0.030671292230772331 0.14288679648077848 0.036900445073267382 -0.00097440733340466894 0.021473145277802058 0.09401336701392482 -0.072662856005375268 -0.010393294123518399 -0.058856680850347204 -0.068286820697092937 -0.036018039732664008 -0.11449773192424838 0.093528280435879352 0.015727703698802623 0.20685434440771738 0.029502774658366961 0.21944877173394373 0.13004968160165653 0.20833225766333141 -0.050401012797083249
leaf_weight=472 262 412 3381 264 857 507 90 1128 1957 517 2063 306 390 730 435 493 108 923 365 528 164 160
leaf_count=472 262 412 3381 264 857 507 90 1128 1957 517 2063 306 390 730 435 493 108 923 365 528 164 160
model_size=2496
internal_value=0 -0.0247842 0.00455253 0.112405 0.0837066 -0.0572212 0.0594577 0.0730915 -0.0661404 -0.0139421 -0.0474379 -0.0170772 0.00110167 -0.0840285 0.0559663 -0.0247666 0.123618 0.015179 0.191661 0.143092 0.167964 -0.0245263
internal_weight=0 13529 7104 2983 2190 6425 1790 1540 5257 5314 2570 1168 862 2687 1292 3874 898 1440 793 636 428 250
internal_count=16512 13529 7104 2983 2190 6425 1790 1540 5257 5314 2570 1168 862 2687 1292 3874 898 1440 793 636 428 250
is_linear=0
shrinkage=0.1


Tree=3
num_leaves= 21
num_cat= 0
full_tree_array_lgbids= 0 1 3 4 2 6 19 9 5 7 12 17 16 -5 -21 18 14 10 11 -3 8 13 15 -2 -19 -8 -18 -2147483648 -2147483648 -2147483648 -2147483648 -1 -20 -11 -16 -6 -12 -7 -13 -2147483648 -2147483648 -9 -10 -4 -15 -14 -17 -2147483648 -2147483648 -2147483648 -2147483648 -2147483648 -2147483648 -2147483648 -2147483648 -2147483648 -2147483648 -2147483648 -2147483648 -2147483648 -2147483648 -2147483648 -2147483648
split_feature= 1 1 6 1 6 1 6 2 6 1 3 3 1 2 2 6 1 2 7 2
split_gain= 3722.23 1200.57 506.452 360.432 288.189 140.063 133.408 112.366 131.356 102.334 102.088 86.5346 80.8263 34.8836 33.4815 29.6994 23.67 4.18874 0.981659 0.0462943
threshold= 5.6042500000000013 3.5488500000000003 2.4136952392348086 7.7055000000000016 2.2352443515477258 2.5205000000000006 2.6529733204757315 19.500000000000004 1.9628175980828908 2.5510500000000005 3.6193833748516839 5.0006134969325169 4.5301500000000017 42.500000000000007 24.500000000000004 2.9742256672023202 6.3963500000000009 21.500000000000004 37.945000000000007 18.500000000000004
decision_type= 2 2 2 2 2 2 2 2 2 2 2 2 2 2 2 2 2 2 2 2
left_child=1 4 7 6 9 10 17 -3 -9 18 -6 -7 13 -4 -11 -14 -8 -2 -1 -5
right_child=3 2 12 19 5 11 16 8 -10 14 -12 -13 15 -15 -16 -17 -18 -19 -20 -21
leaf_value= -0.019913381009020521 0.094921893695474074 0.018603969849997761 -0.021117740739444214 0.14702011737342618 -0.028138495260217944 -0.02091081582205645 0.049558820877912635 0.16426949705494476 0.0680755172401563 -0.013291236321374132 -0.080682348558055672 -0.057965463664076324 0.035312760329959898 0.028728708509193242 0.046384642174682369 -0.0013854061837446157 0.094527294296177955 0.15161763852834703 -0.067342320338448752 0.19562683276606818
leaf_weight=490 169 384 2258 207 607 1837 671 236 736 299 2610 1678 973 318 520 931 496 400 229 463
leaf_count=490 169 384 2258 207 607 1837 671 236 736 299 2610 1678 973 318 520 931 496 400 229 463
model_size=2272
internal_value=0 -0.0196964 0.0155134 0.115477 -0.0445433 -0.0539721 0.0903389 0.0708076 0.0914313 -0.00327244 -0.0707681 -0.0386001 -0.00122291 -0.0149643 0.0245982 0.0173684 0.0686714 0.134778 -0.0350194 0.18061
internal_weight=0 14106 5836 2406 8270 6732 1736 1356 972 1538 3217 3515 4480 2576 819 1904 1167 569 719 670
internal_count=16512 14106 5836 2406 8270 6732 1736 1356 972 1538 3217 3515 4480 2576 819 1904 1167 569 719 670
is_linear=0
shrinkage=0.1


Tree=4
num_leaves= 18
num_cat= 0
full_tree_array_lgbids= 0 1 2 4 3 5 10 13 12 8 6 -2 14 11 -12 16 -15 -6 15 9 -10 7 -8 -2147483648 -2147483648 -7 -16 -4 -13 -2147483648 -2147483648 -1 -18 -2147483648 -2147483648 -2147483648 -2147483648 -14 -17 -3 -11 -2147483648 -2147483648 -5 -9 -2147483648 -2147483648 -2147483648 -2147483648 -2147483648 -2147483648 -2147483648 -2147483648 -2147483648 -2147483648 -2147483648 -2147483648 -2147483648 -2147483648 -2147483648 -2147483648 -2147483648 -2147483648
split_feature= 1 1 1 6 3 6 7 8 7 8 1 2 1 6 6 3 8
split_gain= 3023.46 737.308 540.087 446.274 138.249 138.135 112.617 225.66 96.9693 92.5704 86.5299 46.3187 32.097 26.3556 12.8956 7.29813 0.756656
threshold= 5.0387000000000013 2.7820000000000005 6.3963500000000009 2.2634687595142249 3.8792159595040387 2.5288691539219195 37.945000000000007 -122.24499999999999 37.985000000000007 -122.35499999999998 7.852450000000001 26.500000000000004 1.9486000000000003 3.0973600929976173 3.0375944537846187 4.4053436317780594 -117.145
decision_type= 2 2 2 2 2 2 2 2 2 2 2 2 2 2 2 2 2
left_child=1 4 5 8 13 -2 7 -5 9 -3 11 -4 -6 16 -7 -14 -1
right_child=2 3 10 6 12 14 -8 -9 -10 -11 -12 -13 15 -15 -16 -17 -18
leaf_value= 0.0086137443060318054 0.098198512796714738 0.14512980135623366 0.080218056969101836 0.077018908238285347 -0.08460952642354222 0.049375825696031057 -0.046739170786526812 -0.0131379699660484 -0.043007194946801441 0.048416976071123698 0.1659112599438243 0.14674894585265205 -0.032394072616506862 -0.042984308513411097 0.013560508652734364 -0.063029875380279862 -0.066368196480259115
leaf_weight=585 550 160 491 347 1169 847 1176 4939 139 1103 609 312 657 749 743 1857 79
leaf_count=585 550 160 491 347 1169 847 1176 4939 139 1103 609 312 657 749 743 1857 79
model_size=1936
internal_value=0 -0.02254 0.0822406 -0.00285878 -0.0529115 0.0494888 -0.0144117 -0.00721961 0.0503899 0.0606688 0.131879 0.106068 -0.0644143 -0.0229294 0.0326395 -0.0550236 -0.0003073
internal_weight=0 12960 3552 7864 5096 2140 6462 5286 1402 1263 1412 803 3683 1413 1590 2514 664
internal_count=16512 12960 3552 7864 5096 2140 6462 5286 1402 1263 1412 803 3683 1413 1590 2514 664
is_linear=0
shrinkage=0.1


Tree=5
num_leaves= 17
num_cat= 0
full_tree_array_lgbids= 0 1 3 4 2 10 -5 13 6 5 11 15 -12 -2147483648 -2147483648 14 -15 7 8 9 -7 12 -13 -2 -17 -2147483648 -2147483648 -2147483648 -2147483648 -2147483648 -2147483648 -1 -16 -2147483648 -2147483648 -6 -9 -8 -10 -3 -11 -2147483648 -2147483648 -4 -14 -2147483648 -2147483648 -2147483648 -2147483648 -2147483648 -2147483648 -2147483648 -2147483648 -2147483648 -2147483648 -2147483648 -2147483648 -2147483648 -2147483648 -2147483648 -2147483648 -2147483648 -2147483648
split_feature= 1 1 6 1 6 7 7 8 8 2 6 8 7 7 8 2
split_gain= 2458.32 809.773 341.471 212.764 183.791 98.5219 90.3779 125.835 117.059 85.9974 82.7336 40.3065 58.3043 37.8936 41.7234 15.7463
threshold= 5.6042500000000013 3.5488500000000003 2.5288691539219195 7.7055000000000016 2.1496330815790889 37.935000000000009 34.455000000000005 -117.77499999999999 -121.675 17.500000000000004 3.0089663118548242 -117.79499999999999 37.915000000000006 37.975000000000001 -118.26499999999999 21.500000000000004
decision_type= 2 2 2 2 2 2 2 2 2 2 2 2 2 2 2 2
left_child=1 4 5 10 13 9 7 -6 -8 -3 15 12 -4 14 -1 -2
right_child=3 2 11 -5 6 -7 8 -9 -10 -11 -12 -13 -14 -15 -16 -17
leaf_value= 0.039383835694920544 0.061495071354676682 0.0089863587865575915 0.011368267567449566 0.1464794628466688 -0.014237097266316088 -0.017251076615183603 -0.03129440902116986 -0.061085938001651609 -0.074111455801092171 0.078170171651801568 0.039476352556634092 -0.034078805910317658 -0.032344742619129223 -0.049088950778007949 -0.019676360032025705 0.1105376597210293
leaf_weight=585 352 341 2659 670 2315 253 1439 1133 2155 1201 649 731 651 237 406 735
leaf_count=585 352 341 2659 670 2315 253 1439 1133 2155 1201 649 731 651 237 406 735
model_size=1824
internal_value=0 -0.0160678 0.013167 0.0942032 -0.0366983 0.0515778 -0.0435831 -0.0296315 -0.056968 0.0628708 0.0740274 -0.00389503 0.00277094 0.00278246 0.0151876 0.0946563
internal_weight=0 14106 5836 2406 8270 1795 7042 3448 3594 1542 1736 4041 3310 1228 991 1087
internal_count=16512 14106 5836 2406 8270 1795 7042 3448 3594 1542 1736 4041 3310 1228 991 1087
is_linear=0
shrinkage=0.1


Tree=6
num_leaves= 17
num_cat= 0
full_tree_array_lgbids= 0 2 1 7 3 4 10 -1 -9 9 5 13 15 11 -12 -2147483648 -2147483648 -2147483648 -2147483648 -4 12 6 8 -2 14 -6 -17 -3 -13 -2147483648 -2147483648 -2147483648 -2147483648 -2147483648 -2147483648 -2147483648 -2147483648 -2147483648 -2147483648 -2147483648 -2147483648 -11 -14 -5 -8 -7 -10 -2147483648 -2147483648 -15 -16 -2147483648 -2147483648 -2147483648 -2147483648 -2147483648 -2147483648 -2147483648 -2147483648 -2147483648 -2147483648 -2147483648 -2147483648
split_feature= 1 1 1 6 6 8 7 3 7 2 2 1 7 2 6 2
split_gain= 2035.56 505.686 357.31 290.128 147.1 80.062 105.994 74.7905 70.2925 60.5614 42.4972 24.5515 23.0228 15.2296 16.9394 13.698
threshold= 4.5301500000000017 6.3350000000000009 2.6597500000000003 2.0653737590585881 2.5163636904584812 -122.38499999999998 38.305000000000007 3.8792159595040387 34.455000000000005 24.500000000000004 26.500000000000004 9.1688500000000008 37.815000000000005 21.500000000000004 2.0653737590585881 16.500000000000004
decision_type= 2 2 2 2 2 2 2 2 2 2 2 2 2 2 2 2
left_child=2 4 7 9 13 6 -5 -1 -7 -4 11 -3 -11 -2 -15 -6
right_child=1 10 3 5 15 8 -8 -9 -10 12 -12 -13 -14 14 -16 -17
leaf_value= -0.020499221759329882 0.035950570228989377 0.072502776127973831 0.0077787101319722139 0.076539231141586409 -0.0052983942293871548 -0.0075856268300607795 -0.030374301408802897 -0.056091602593197891 -0.035987936474106343 0.095476265019670215 0.13429993333778983 0.1498056823508345 -0.0087177639597491047 0.15830990462285333 0.076390035326246331 0.02874438724864874
leaf_weight=1324 264 700 329 305 698 3267 232 3249 2526 431 635 139 73 117 433 1790
leaf_count=1324 264 700 329 305 698 3267 232 3249 2526 431 635 139 73 117 433 1790
model_size=1824
internal_value=0 0.0556323 -0.0226397 -0.00786222 0.0329631 -0.0157014 0.0303494 -0.0457867 -0.0199703 0.0517084 0.106415 0.0853098 0.0803847 0.0750493 0.0938166 0.0191938
internal_weight=0 4776 11736 7163 3302 6330 537 4573 5793 833 1474 839 504 814 550 2488
internal_count=16512 4776 11736 7163 3302 6330 537 4573 5793 833 1474 839 504 814 550 2488
is_linear=0
shrinkage=0.1


Tree=7
num_leaves= 14
num_cat= 0
full_tree_array_lgbids= 0 2 1 9 4 3 10 -1 -11 11 5 7 -5 12 -12 -2147483648 -2147483648 -2147483648 -2147483648 -4 -13 6 -7 -2 8 -2147483648 -2147483648 -3 -14 -2147483648 -2147483648 -2147483648 -2147483648 -2147483648 -2147483648 -2147483648 -2147483648 -2147483648 -2147483648 -2147483648 -2147483648 -2147483648 -2147483648 -6 -8 -2147483648 -2147483648 -2147483648 -2147483648 -9 -10 -2147483648 -2147483648 -2147483648 -2147483648 -2147483648 -2147483648 -2147483648 -2147483648 -2147483648 -2147483648 -2147483648 -2147483648
split_feature= 1 1 6 6 1 7 8 2 6 1 1 3 2
split_gain= 1652.46 508.677 212.192 190.065 135.71 65.1269 170.634 46.6026 60.575 35.2688 33.9106 27.6779 9.48443
threshold= 4.125700000000001 6.2770500000000009 2.0376051459673437 2.735488224282792 2.2210000000000005 37.925000000000004 -122.31499999999998 19.500000000000004 2.0653737590585881 3.2027500000000004 8.0125000000000011 3.3133866958124387 26.500000000000004
decision_type= 2 2 2 2 2 2 2 2 2 2 2 2 2
left_child=2 3 9 7 11 6 -6 -2 -9 -1 12 -4 -3
right_child=1 10 4 -5 5 -7 -8 8 -10 -11 -12 -13 -14
leaf_value= 0.0018741669803320729 0.015679268269634158 0.057841176983977984 -0.0086172540768369547 0.0048260129104647186 0.077850287744522462 -0.046149691076616053 -0.019118936872695558 0.13416007762128601 0.053821883509939251 0.058842794760052941 0.1252226290809684 -0.059957787689577796 0.10723380290605511
leaf_weight=789 529 600 329 2571 243 1450 5182 196 1168 376 548 2143 388
leaf_count=789 529 600 329 2571 243 1450 5182 196 1168 376 548 2143 388
model_size=1488
internal_value=0 0.0424658 -0.0242385 0.0246105 -0.0297848 -0.0213925 -0.0147754 0.0514811 0.0653661 0.0202606 0.0943577 -0.0531248 0.0772383
internal_weight=0 6000 10512 4464 9347 6875 5425 1893 1364 1165 1536 2472 988
internal_count=16512 6000 10512 4464 9347 6875 5425 1893 1364 1165 1536 2472 988
is_linear=0
shrinkage=0.1


Tree=8
num_leaves= 14
num_cat= 0
full_tree_array_lgbids= 0 1 3 5 2 8 -5 7 10 4 11 -2 -10 -2147483648 -2147483648 -1 9 -7 -12 6 -6 12 -13 -2147483648 -2147483648 -2147483648 -2147483648 -2147483648 -2147483648 -2147483648 -2147483648 -2147483648 -2147483648 -9 -11 -2147483648 -2147483648 -2147483648 -2147483648 -3 -8 -2147483648 -2147483648 -4 -14 -2147483648 -2147483648 -2147483648 -2147483648 -2147483648 -2147483648 -2147483648 -2147483648 -2147483648 -2147483648 -2147483648 -2147483648 -2147483648 -2147483648 -2147483648 -2147483648 -2147483648 -2147483648
split_feature= 1 1 6 1 7 3 8 1 6 6 1 8 7
split_gain= 1348.66 378.951 229.497 124.669 79.7101 70.0482 69.4619 58.6562 35.9482 23.9572 4.93443 2.37113 1.73742
threshold= 5.3736000000000006 3.3277500000000004 2.6829812717770039 7.3930000000000016 37.935000000000009 4.4053436317780594 -117.88499999999998 2.2336500000000004 2.5763869593405579 3.1424162072895592 2.5044000000000004 -117.79499999999999 37.915000000000006
decision_type= 2 2 2 2 2 2 2 2 2 2 2 2 2
left_child=1 5 4 8 6 7 -3 -1 -2 -9 -7 12 -4
right_child=3 2 11 -5 -6 10 -8 9 -10 -11 -12 -13 -14
leaf_value= -0.034062488600505106 0.08315128937454315 0.052410675431678461 0.00048499893487096628 0.10421504572175988 -0.018907695744496727 -0.05337628019947524 -0.0060566437353957578 0.019388500334727807 0.036223888984992826 -0.023698653832092888 -0.030289993571412495 -0.036924342073205697 -0.033021278837350267
leaf_weight=1551 534 1763 2389 793 437 1868 437 1032 1466 656 2323 680 583
leaf_count=1551 534 1763 2389 793 437 1868 437 1032 1466 656 2323 680 583
model_size=1488
internal_value=0 -0.0131314 0.0060883 0.0645004 0.0309028 -0.0293996 0.0407969 -0.0149331 0.0487535 0.00264373 -0.0405799 -0.0118295 -0.00608773
internal_weight=0 13719 6289 2793 2637 7430 2200 3239 2000 1688 4191 3652 2972
internal_count=16512 13719 6289 2793 2637 7430 2200 3239 2000 1688 4191 3652 2972
is_linear=0
shrinkage=0.1


Tree=9
num_leaves= 15
num_cat= 0
full_tree_array_lgbids= 0 2 1 3 6 7 12 4 -5 11 8 -2 -9 -3 -14 -1 5 -2147483648 -2147483648 13 -13 10 9 -2147483648 -2147483648 -2147483648 -2147483648 -2147483648 -2147483648 -2147483648 -2147483648 -2147483648 -2147483648 -6 -7 -2147483648 -2147483648 -2147483648 -2147483648 -4 -15 -2147483648 -2147483648 -8 -12 -10 -11 -2147483648 -2147483648 -2147483648 -2147483648 -2147483648 -2147483648 -2147483648 -2147483648 -2147483648 -2147483648 -2147483648 -2147483648 -2147483648 -2147483648 -2147483648 -2147483648
split_feature= 1 1 6 7 8 8 1 6 8 7 7 7 2 8
split_gain= 1104.34 209.219 204.314 131.904 120.233 73.9059 65.8373 56.4156 11.1286 67.9504 20.45 9.74236 7.49183 5.87007
threshold= 4.6754000000000007 6.3350000000000009 2.4469862317432325 37.945000000000007 -122.35499999999998 -117.145 2.8762500000000002 2.3578464509898605 -121.675 34.455000000000005 38.675000000000004 35.335000000000008 21.500000000000004 -117.79499999999999
decision_type= 2 2 2 2 2 2 2 2 2 2 2 2 2 2
left_child=2 7 3 4 -1 -6 11 -2 10 -10 -8 13 -3 -4
right_child=1 12 6 -5 5 -7 8 -9 9 -11 -12 -13 -14 -15
leaf_value= 0.10646561980511081 0.07314611244730132 0.054638597201604723 -0.015334976527267827 -0.03448352901125426 0.020708070637242434 -0.048974542515760021 0.016780687098323043 0.01855850160918128 -0.0087868984659916164 -0.048175518270795512 -0.063488628462968905 -0.052037063087788528 0.095599490623207689 -0.051339518496720263
leaf_weight=212 430 619 1466 821 2160 297 939 2475 2558 1123 130 1765 855 662
leaf_count=212 430 619 1466 821 2160 297 939 2475 2558 1123 130 1765 855 662
model_size=1600
internal_value=0 0.0440612 -0.0159024 0.00700393 0.0197657 0.0122849 -0.0251519 0.0266386 -0.014542 -0.0208036 0.00701922 -0.0380974 0.0783981 -0.0265356
internal_weight=0 4379 12133 3490 2669 2457 8643 2905 4750 3681 1069 3893 1474 2128
internal_count=16512 4379 12133 3490 2669 2457 8643 2905 4750 3681 1069 3893 1474 2128
is_linear=0
shrinkage=0.1


Tree=10
num_leaves= 17
num_cat= 0
full_tree_array_lgbids= 0 2 1 3 10 5 7 4 -5 12 11 8 9 15 -9 -1 6 -2147483648 -2147483648 13 -14 14 -13 -2 -10 -7 -11 -3 -17 -2147483648 -2147483648 -2147483648 -2147483648 -6 -8 -2147483648 -2147483648 -2147483648 -2147483648 -4 -15 -2147483648 -2147483648 -12 -16 -2147483648 -2147483648 -2147483648 -2147483648 -2147483648 -2147483648 -2147483648 -2147483648 -2147483648 -2147483648 -2147483648 -2147483648 -2147483648 -2147483648 -2147483648 -2147483648 -2147483648 -2147483648
split_feature= 1 1 6 7 8 6 8 2 2 8 7 8 8 6 7 1
split_gain= 892.565 246.583 109.691 103.936 116.31 80.2703 33.8041 25.3687 14.3281 11.4319 6.11599 49.3862 34.511 28.8498 18.1712 0.693389
threshold= 4.125700000000001 5.8308000000000009 2.5763869593405579 37.925000000000004 -122.31499999999998 2.2982753493904258 -117.145 26.500000000000004 16.500000000000004 -122.19499999999998 34.455000000000005 -120.09499999999998 -117.79499999999999 3.442186331338819 37.915000000000006 8.7395500000000013
decision_type= 2 2 2 2 2 2 2 2 2 2 2 2 2 2 2 2
left_child=2 5 3 4 -1 8 -6 15 -2 -7 12 14 13 -4 -12 -3
right_child=1 7 10 -5 6 9 -8 -9 -10 -11 11 -13 -14 -15 -16 -17
leaf_value= 0.099203861157373341 0.00066746158727134272 0.037052539853602788 0.011053901090814791 -0.034271407853902612 0.01131819037222432 0.047598236062810106 -0.04296383812708679 0.08547810007510874 0.079462682799732495 0.0024403592919539688 -0.009016050279694092 -0.069205706905343695 -0.042672678006812931 -0.025605083685410271 -0.045249961576473326 0.09852108523536604
leaf_weight=204 150 1047 1178 1079 2232 367 349 875 440 2949 1125 798 1100 1335 1112 172
leaf_count=204 150 1047 1178 1079 2232 367 349 875 440 2949 1125 798 1100 1335 1112 172
model_size=1824
internal_value=0 0.0317103 -0.0180995 -0.00167532 0.0109535 0.0152916 0.00397823 0.0623367 0.05943 0.00743823 -0.0276457 -0.0381177 -0.0188489 -0.00842073 -0.0270277 0.0457257
internal_weight=0 6000 10512 3864 2785 3906 2581 2094 590 3316 6648 3035 3613 2513 2237 1219
internal_count=16512 6000 10512 3864 2785 3906 2581 2094 590 3316 6648 3035 3613 2513 2237 1219
is_linear=0
shrinkage=0.1


Tree=11
num_leaves= 10
num_cat= 0
full_tree_array_lgbids= 0 3 1 -1 4 2 7 -2147483648 -2147483648 -5 8 5 -4 -3 -9 -2147483648 -2147483648 -2147483648 -2147483648 -2147483648 -2147483648 -6 -10 -2 6 -2147483648 -2147483648 -2147483648 -2147483648 -2147483648 -2147483648 -2147483648 -2147483648 -2147483648 -2147483648 -2147483648 -2147483648 -2147483648 -2147483648 -2147483648 -2147483648 -2147483648 -2147483648 -2147483648 -2147483648 -2147483648 -2147483648 -2147483648 -2147483648 -7 -8 -2147483648 -2147483648 -2147483648 -2147483648 -2147483648 -2147483648 -2147483648 -2147483648 -2147483648 -2147483648 -2147483648 -2147483648
split_feature= 1 1 6 6 1 2 6 1 3
split_gain= 714.628 218.775 83.3155 65.3056 24.0589 22.9028 40.2252 10.2374 1.61887
threshold= 3.9221500000000007 5.8308000000000009 2.9291766686969298 2.0231950334409352 2.2210000000000005 21.500000000000004 2.0653737590585881 7.852450000000001 4.9274433341457486
decision_type= 2 2 2 2 2 2 2 2 2
left_child=3 2 5 -1 -5 -2 -7 -3 -6
right_child=1 7 -4 4 8 6 -8 -9 -10
leaf_value= 0.014190101166997119 0.0028637838544569071 0.044574524649447896 -0.0079532245377201272 -0.037314857858409066 -0.0057586229312285324 0.10294995281854036 0.030847374249475382 0.084214297790433573 -0.025374116916067887
leaf_weight=1054 909 1485 1971 2485 3015 214 1596 609 3174
leaf_count=1054 909 1485 1971 2485 3015 214 1596 609 3174
model_size=1040
internal_value=0 0.0258949 0.0124075 -0.0180583 -0.0219768 0.0271669 0.0393722 0.056103 -0.0158183
internal_weight=0 6784 4690 9728 8674 2719 1810 2094 6189
internal_count=16512 6784 4690 9728 8674 2719 1810 2094 6189
is_linear=0
shrinkage=0.1


Tree=12
num_leaves= 10
num_cat= 0
full_tree_array_lgbids= 0 1 4 2 -3 6 -6 3 -4 -2147483648 -2147483648 7 -8 -2147483648 -2147483648 -1 5 -2147483648 -2147483648 -2147483648 -2147483648 -2147483648 -2147483648 8 -9 -2147483648 -2147483648 -2147483648 -2147483648 -2147483648 -2147483648 -2147483648 -2147483648 -5 -7 -2147483648 -2147483648 -2147483648 -2147483648 -2147483648 -2147483648 -2147483648 -2147483648 -2147483648 -2147483648 -2147483648 -2147483648 -2 -10 -2147483648 -2147483648 -2147483648 -2147483648 -2147483648 -2147483648 -2147483648 -2147483648 -2147483648 -2147483648 -2147483648 -2147483648 -2147483648 -2147483648
split_feature= 1 6 7 8 1 7 6 7 8
split_gain= 575.601 104.179 123.491 103.548 96.9686 78.6733 35.7465 12.7471 9.71945
threshold= 4.5993500000000003 2.8079590171801518 38.475000000000001 -122.35499999999998 6.8672000000000013 34.455000000000005 3.0298305221858191 37.925000000000004 -117.85499999999998
decision_type= 2 2 2 2 2 2 2 2 2
left_child=1 2 3 -1 6 -5 7 8 -2
right_child=4 -3 -4 5 -6 -7 -8 -9 -10
leaf_value= 0.064801081511225767 0.04989583959914564 -0.023983769528620622 -0.038166168510942275 0.016771128618145309 0.065710478719836554 -0.018709279419058096 -0.00051366510341098047 -0.012502957376951385 0.0031119243820395435
leaf_weight=452 1599 5906 1065 2599 1040 1903 1257 295 396
leaf_count=452 1599 5906 1065 2599 1040 1903 1257 295 396
model_size=1040
internal_value=0 -0.0121611 -0.000560305 0.00752412 0.0316156 0.00177352 0.0216188 0.0337674 0.0406094
internal_weight=0 11925 6019 4954 4587 4502 3547 2290 1995
internal_count=16512 11925 6019 4954 4587 4502 3547 2290 1995
is_linear=0
shrinkage=0.1


Tree=13
num_leaves= 9
num_cat= 0
full_tree_array_lgbids= 0 3 1 -1 4 2 -3 -2147483648 -2147483648 5 -6 -2 7 -2147483648 -2147483648 -2147483648 -2147483648 -2147483648 -2147483648 -5 6 -2147483648 -2147483648 -2147483648 -2147483648 -4 -9 -2147483648 -2147483648 -2147483648 -2147483648 -2147483648 -2147483648 -2147483648 -2147483648 -2147483648 -2147483648 -2147483648 -2147483648 -2147483648 -2147483648 -7 -8 -2147483648 -2147483648 -2147483648 -2147483648 -2147483648 -2147483648 -2147483648 -2147483648 -2147483648 -2147483648 -2147483648 -2147483648 -2147483648 -2147483648 -2147483648 -2147483648 -2147483648 -2147483648 -2147483648 -2147483648
split_feature= 1 1 6 6 7 8 7 8
split_gain= 470.257 129.514 44.7648 22.8272 1.28124 26.3875 11.8452 0.337831
threshold= 3.8346500000000003 5.8308000000000009 2.2734093974820149 2.0376051459673437 39.355000000000011 -122.38499999999998 34.455000000000005 -122.24499999999999
decision_type= 2 2 2 2 2 2 2 2
left_child=3 2 -2 -1 5 -5 -7 -4
right_child=1 -3 7 4 -6 6 -8 -9
leaf_value= 0.010841973934880176 0.045507213159508564 0.04607457775813463 0.038639954584549469 0.027236686873190148 -0.053611603998607649 -0.010348165031658075 -0.030291460777523246 -0.00015126099917285173
leaf_weight=1074 722 2094 460 430 489 4128 3333 3782
leaf_count=1074 722 2094 460 430 489 4128 3333 3782
model_size=928
internal_value=0 0.0207621 0.0100843 -0.0155002 -0.0188762 -0.0167237 -0.0192573 0.00405524
internal_weight=0 7058 4964 9454 8380 7891 7461 4242
internal_count=16512 7058 4964 9454 8380 7891 7461 4242
is_linear=0
shrinkage=0.1


Tree=14
num_leaves= 8
num_cat= 0
full_tree_array_lgbids= 0 1 5 -1 2 6 -7 -2147483648 -2147483648 3 -4 -2 -8 -2147483648 -2147483648 -2147483648 -2147483648 -2147483648 -2147483648 4 -5 -2147483648 -2147483648 -2147483648 -2147483648 -2147483648 -2147483648 -2147483648 -2147483648 -2147483648 -2147483648 -2147483648 -2147483648 -2147483648 -2147483648 -2147483648 -2147483648 -2147483648 -2147483648 -3 -6 -2147483648 -2147483648 -2147483648 -2147483648 -2147483648 -2147483648 -2147483648 -2147483648 -2147483648 -2147483648 -2147483648 -2147483648 -2147483648 -2147483648 -2147483648 -2147483648 -2147483648 -2147483648 -2147483648 -2147483648 -2147483648 -2147483648
split_feature= 1 1 6 7 8 7 8
split_gain= 368.069 102.001 74.1956 32.6857 57.3005 8.49698 10.7399
threshold= 5.2771000000000017 2.7820000000000005 2.8079590171801518 37.815000000000005 -118.01499999999999 37.955000000000005 -118.03499999999998
decision_type= 2 2 2 2 2 2 2
left_child=1 -1 3 4 -3 6 -2
right_child=5 2 -4 -5 -6 -7 -8
leaf_value= -0.021773986678728229 0.049904581525463093 0.032746700777701407 -0.01248489639515462 -0.013776097072386157 -0.008767778394160524 -0.019666010552241157 0.01475784726860991
leaf_weight=5096 1887 2462 3979 1022 970 225 871
leaf_count=5096 1887 2462 3979 1022 970 225 871
model_size=816
internal_value=0 -0.00758365 0.000991469 0.0130306 0.0210133 0.0343946 0.0388049
internal_weight=0 13529 8433 4454 3432 2983 2758
internal_count=16512 13529 8433 4454 3432 2983 2758
is_linear=0
shrinkage=0.1


Tree=15
num_leaves= 11
num_cat= 0
full_tree_array_lgbids= 0 3 1 4 -5 2 -3 7 5 -2147483648 -2147483648 8 -4 -2147483648 -2147483648 -1 -9 6 -7 -2147483648 -2147483648 -2147483648 -2147483648 9 -10 -2147483648 -2147483648 -2147483648 -2147483648 -2147483648 -2147483648 -2147483648 -2147483648 -2147483648 -2147483648 -6 -8 -2147483648 -2147483648 -2147483648 -2147483648 -2147483648 -2147483648 -2147483648 -2147483648 -2147483648 -2147483648 -2 -11 -2147483648 -2147483648 -2147483648 -2147483648 -2147483648 -2147483648 -2147483648 -2147483648 -2147483648 -2147483648 -2147483648 -2147483648 -2147483648 -2147483648
split_feature= 1 1 6 8 7 8 7 8 7 8
split_gain= 299.315 75.9307 35.3379 5.57738 85.7647 90.0412 79.1217 63.4052 5.4416 5.80085
threshold= 3.8346500000000003 6.5626000000000007 2.9742256672023202 -117.77499999999999 34.655000000000008 -121.63499999999998 38.675000000000004 -118.30499999999999 37.925000000000004 -118.24499999999999
decision_type= 2 2 2 2 2 2 2 2 2 2
left_child=3 2 8 4 7 6 -6 -1 9 -2
right_child=1 -3 -4 -5 5 -7 -8 -9 -10 -11
leaf_value= 0.037413639505556297 0.039147378843796647 0.046969577802045831 -0.006002939277481991 -0.031224179559511619 0.014108771111786433 -0.037516665473147894 -0.045463098609795818 -0.0057446420983235831 -0.011349370480085925 0.0075561250976012451
leaf_weight=1003 1835 1288 2234 1687 1613 2448 539 2164 561 1140
leaf_count=1003 1835 1288 2234 1687 1613 2448 539 2164 561 1140
model_size=1152
internal_value=0 0.0171676 0.0105151 -0.0128167 -0.00881853 -0.0203452 -0.000811878 0.00792374 0.0209509 0.0270418
internal_weight=0 7058 5770 9454 7767 4600 2152 3167 3536 2975
internal_count=16512 7058 5770 9454 7767 4600 2152 3167 3536 2975
is_linear=0
shrinkage=0.1


Tree=16
num_leaves= 8
num_cat= 0
full_tree_array_lgbids= 0 1 4 2 -3 6 -6 3 -4 -2147483648 -2147483648 -2 -8 -2147483648 -2147483648 -1 5 -2147483648 -2147483648 -2147483648 -2147483648 -2147483648 -2147483648 -2147483648 -2147483648 -2147483648 -2147483648 -2147483648 -2147483648 -2147483648 -2147483648 -2147483648 -2147483648 -5 -7 -2147483648 -2147483648 -2147483648 -2147483648 -2147483648 -2147483648 -2147483648 -2147483648 -2147483648 -2147483648 -2147483648 -2147483648 -2147483648 -2147483648 -2147483648 -2147483648 -2147483648 -2147483648 -2147483648 -2147483648 -2147483648 -2147483648 -2147483648 -2147483648 -2147483648 -2147483648 -2147483648 -2147483648
split_feature= 1 6 7 8 1 8 2
split_gain= 230.037 27.2637 36.0598 64.7471 26.1084 12.8163 11.8387
threshold= 4.405050000000001 2.9137341371666818 37.895000000000003 -122.31499999999998 7.2638000000000007 -117.77499999999999 38.500000000000007
decision_type= 2 2 2 2 2 2 2
left_child=1 2 3 -1 6 -5 -2
right_child=4 -3 -4 5 -6 -7 -8
leaf_value= 0.072096797317529507 0.008422138567960041 -0.019179639290758266 -0.021057903768257339 0.010530126112722193 0.049966415519212964 -0.020465149909460169 0.046981253861358652
leaf_weight=289 3632 4999 1814 3205 854 1105 614
leaf_count=289 3632 4999 1814 3205 854 1105 614
model_size=816
internal_value=0 -0.00894734 -0.000971152 0.00695174 0.020021 0.00258354 0.013998
internal_weight=0 11412 6413 4599 5100 4310 4246
internal_count=16512 11412 6413 4599 5100 4310 4246
is_linear=0
shrinkage=0.1


Tree=17
num_leaves= 6
num_cat= 0
full_tree_array_lgbids= 0 1 -2 -1 2 -2147483648 -2147483648 -2147483648 -2147483648 3 -4 -2147483648 -2147483648 -2147483648 -2147483648 -2147483648 -2147483648 -2147483648 -2147483648 -3 4 -2147483648 -2147483648 -2147483648 -2147483648 -2147483648 -2147483648 -2147483648 -2147483648 -2147483648 -2147483648 -2147483648 -2147483648 -2147483648 -2147483648 -2147483648 -2147483648 -2147483648 -2147483648 -2147483648 -2147483648 -5 -6 -2147483648 -2147483648 -2147483648 -2147483648 -2147483648 -2147483648 -2147483648 -2147483648 -2147483648 -2147483648 -2147483648 -2147483648 -2147483648 -2147483648 -2147483648 -2147483648 -2147483648 -2147483648 -2147483648 -2147483648
split_feature= 1 1 6 2 7
split_gain= 181.161 42.4964 37.0365 10.4417 5.62543
threshold= 5.5682000000000009 2.3096500000000004 2.4530432249902163 21.500000000000004 37.815000000000005
decision_type= 2 2 2 2 2
left_child=1 -1 3 -3 -5
right_child=-2 2 -4 4 -6
leaf_value= -0.021682505867660275 0.029266262019028197 -0.0080196425945930419 -0.0065798051191015075 0.035840319801859519 -0.0093180609247444767
leaf_weight=3126 2468 993 7813 1652 460
leaf_count=3126 2468 993 7813 1652 460
model_size=592
internal_value=0 -0.00514306 -0.000407549 0.0151235 0.0260047
internal_weight=0 14044 10918 3105 2112
internal_count=16512 14044 10918 3105 2112
is_linear=0
shrinkage=0.1


Tree=18
num_leaves= 5
num_cat= 0
full_tree_array_lgbids= 0 -1 1 -2147483648 -2147483648 2 -3 -2147483648 -2147483648 -2147483648 -2147483648 3 -4 -2147483648 -2147483648 -2147483648 -2147483648 -2147483648 -2147483648 -2147483648 -2147483648 -2147483648 -2147483648 -2 -5 -2147483648 -2147483648 -2147483648 -2147483648 -2147483648 -2147483648
split_feature= 1 6 7 8
split_gain= 147.759 40.2859 20.439 17.0901
threshold= 3.6530500000000008 3.1336552646136835 37.965000000000011 -117.71499999999999
decision_type= 2 2 2 2
left_child=-1 2 3 -2
right_child=1 -3 -4 -5
leaf_value= -0.010805028733794839 0.02993270673753581 -0.0071745188177194403 -0.012792120266622953 -0.0066903687339327682
leaf_weight=8730 4150 2126 748 758
leaf_count=8730 4150 2126 748 758
model_size=480
internal_value=0 0.0121213 0.0193743 0.0242766
internal_weight=0 7782 5656 4908
internal_count=16512 7782 5656 4908
is_linear=0
shrinkage=0.1


Tree=19
num_leaves= 10
num_cat= 0
full_tree_array_lgbids= 0 1 -2 2 8 -2147483648 -2147483648 4 3 -3 -10 -2147483648 -2147483648 -2147483648 -2147483648 6 -6 5 7 -2147483648 -2147483648 -2147483648 -2147483648 -2147483648 -2147483648 -2147483648 -2147483648 -2147483648 -2147483648 -2147483648 -2147483648 -1 -8 -2147483648 -2147483648 -4 -7 -5 -9 -2147483648 -2147483648 -2147483648 -2147483648 -2147483648 -2147483648 -2147483648 -2147483648 -2147483648 -2147483648 -2147483648 -2147483648 -2147483648 -2147483648 -2147483648 -2147483648 -2147483648 -2147483648 -2147483648 -2147483648 -2147483648 -2147483648 -2147483648 -2147483648
split_feature= 1 8 7 8 8 7 7 8 7
split_gain= 110.73 18.6325 102.981 191.33 84.799 77.9873 61.2262 20.8427 1.28212
threshold= 5.6042500000000013 -117.77499999999999 34.525000000000013 -121.56499999999998 -118.35499999999998 38.675000000000004 34.155000000000008 -119.94499999999998 33.695000000000007
decision_type= 2 2 2 2 2 2 2 2 2
left_child=1 2 4 5 6 -4 -1 -5 -3
right_child=-2 8 3 7 -6 -7 -8 -9 -10
leaf_value= 0.085700320371776634 0.02530570163900004 -0.0066186211550579412 0.016249748552079422 -0.020381040416512192 0.0033134090220793919 -0.036474069090824623 0.01852310044906182 -0.056791027059193346 -0.040880989376401146
leaf_weight=471 2406 1387 3012 2035 3694 646 760 1031 1070
leaf_count=471 2406 1387 3012 2035 3694 646 760 1031 1070
model_size=1040
internal_value=0 -0.00431629 -0.000683564 -0.0111013 0.0135395 0.00693876 0.0442262 -0.0326246 -0.0215396
internal_weight=0 14106 11649 6724 4925 3658 1231 3066 2457
internal_count=16512 14106 11649 6724 4925 3658 1231 3066 2457
is_linear=0
shrinkage=0.1


Tree=20
num_leaves= 7
num_cat= 0
full_tree_array_lgbids= 0 1 -2 2 -3 -2147483648 -2147483648 4 3 -2147483648 -2147483648 -2147483648 -2147483648 -2147483648 -2147483648 -1 -6 5 -5 -2147483648 -2147483648 -2147483648 -2147483648 -2147483648 -2147483648 -2147483648 -2147483648 -2147483648 -2147483648 -2147483648 -2147483648 -2147483648 -2147483648 -2147483648 -2147483648 -4 -7 -2147483648 -2147483648 -2147483648 -2147483648 -2147483648 -2147483648 -2147483648 -2147483648 -2147483648 -2147483648 -2147483648 -2147483648 -2147483648 -2147483648 -2147483648 -2147483648 -2147483648 -2147483648 -2147483648 -2147483648 -2147483648 -2147483648 -2147483648 -2147483648 -2147483648 -2147483648
split_feature= 1 6 7 8 8 7
split_gain= 75.2566 15.424 30.4464 105.634 102.678 51.507
threshold= 5.8308000000000009 3.1336552646136835 34.455000000000005 -119.94499999999998 -118.27499999999999 37.805000000000007
decision_type= 2 2 2 2 2 2
left_child=1 2 4 5 -1 -4
right_child=-2 -3 3 -5 -6 -7
leaf_value= 0.040922034590019793 0.02474845100025333 -0.014827555678905792 0.018391446388244592 -0.053950820297940683 -0.0010403165880400881 -0.014699607827237879
leaf_weight=1484 2094 4666 1982 714 2973 2599
leaf_count=1484 2094 4666 1982 714 2973 2599
model_size=704
internal_value=0 -0.00359434 0.00178036 -0.00760591 0.0129314 -0.000382544
internal_weight=0 14418 9752 5295 4457 4581
internal_count=16512 14418 9752 5295 4457 4581
is_linear=0
shrinkage=0.1


Tree=21
num_leaves= 5
num_cat= 0
full_tree_array_lgbids= 0 -1 1 -2147483648 -2147483648 -2 2 -2147483648 -2147483648 -2147483648 -2147483648 -2147483648 -2147483648 3 -4 -2147483648 -2147483648 -2147483648 -2147483648 -2147483648 -2147483648 -2147483648 -2147483648 -2147483648 -2147483648 -2147483648 -2147483648 -3 -5 -2147483648 -2147483648
split_feature= 1 8 7 8
split_gain= 52.7784 1.11209 51.2647 16.49
threshold= 3.8346500000000003 -122.33499999999999 37.615000000000002 -122.03499999999998
decision_type= 2 2 2 2
left_child=-1 -2 3 -3
right_child=1 2 -4 -5
leaf_value= -0.0075336281077397682 0.043962165756620687 0.063120379321729106 -0.02258709097962874 0.010089244640960213
leaf_weight=9454 590 340 1163 4965
leaf_count=9454 590 340 1163 4965
model_size=480
internal_value=0 0.0100911 0.00700143 0.013488
internal_weight=0 7058 6468 5305
internal_count=16512 7058 6468 5305
is_linear=0
shrinkage=0.1


Tree=22
num_leaves= 8
num_cat= 0
full_tree_array_lgbids= 0 1 -2 2 3 -2147483648 -2147483648 -1 -4 4 5 -2147483648 -2147483648 -2147483648 -2147483648 -2147483648 -2147483648 -2147483648 -2147483648 -3 -6 6 -7 -2147483648 -2147483648 -2147483648 -2147483648 -2147483648 -2147483648 -2147483648 -2147483648 -2147483648 -2147483648 -2147483648 -2147483648 -2147483648 -2147483648 -2147483648 -2147483648 -2147483648 -2147483648 -2147483648 -2147483648 -5 -8 -2147483648 -2147483648 -2147483648 -2147483648 -2147483648 -2147483648 -2147483648 -2147483648 -2147483648 -2147483648 -2147483648 -2147483648 -2147483648 -2147483648 -2147483648 -2147483648 -2147483648 -2147483648
split_feature= 1 8 7 7 8 8 7
split_gain= 34.1787 8.40834 50.9464 38.0894 137.389 79.4811 62.3442
threshold= 6.2770500000000009 -122.38499999999998 38.705000000000005 34.525000000000013 -118.30499999999999 -119.94499999999998 37.595000000000006
decision_type= 2 2 2 2 2 2 2
left_child=1 2 -1 4 -3 6 -5
right_child=-2 3 -4 5 -6 -7 -8
leaf_value= 0.041809413078442811 0.02524474546811651 0.032249827232431839 -0.030183055998235377 0.015795381962470857 -0.0062002165095476573 -0.048381378076344177 -0.01953837779664911
leaf_weight=888 1536 1884 330 1664 5917 1124 3169
leaf_count=888 1536 1884 330 1664 5917 1124 3169
model_size=816
internal_value=0 -0.0025892 0.0223041 -0.00479301 0.00308576 -0.0151107 -0.00737298
internal_weight=0 14976 1218 13758 7801 5957 4833
internal_count=16512 14976 1218 13758 7801 5957 4833
is_linear=0
shrinkage=0.1


Tree=23
num_leaves= 8
num_cat= 0
full_tree_array_lgbids= 0 1 -2 2 -3 -2147483648 -2147483648 3 5 -2147483648 -2147483648 -2147483648 -2147483648 -2147483648 -2147483648 6 4 -4 -7 -2147483648 -2147483648 -2147483648 -2147483648 -2147483648 -2147483648 -2147483648 -2147483648 -2147483648 -2147483648 -2147483648 -2147483648 -1 -8 -5 -6 -2147483648 -2147483648 -2147483648 -2147483648 -2147483648 -2147483648 -2147483648 -2147483648 -2147483648 -2147483648 -2147483648 -2147483648 -2147483648 -2147483648 -2147483648 -2147483648 -2147483648 -2147483648 -2147483648 -2147483648 -2147483648 -2147483648 -2147483648 -2147483648 -2147483648 -2147483648 -2147483648 -2147483648
split_feature= 6 7 8 7 8 7 8
split_gain= 29.1335 23.4664 33.1408 13.9634 163.675 8.97499 4.56803
threshold= 3.1424162072895592 37.925000000000004 -117.75499999999998 34.525000000000013 -120.56499999999998 33.565000000000005 -118.36499999999999
decision_type= 2 2 2 2 2 2 2
left_child=1 2 3 6 -5 -4 -1
right_child=-2 -3 5 4 -6 -7 -8
leaf_value= 0.047899426558109089 -0.011790583782774831 -0.012304570437360478 0.0070071245635748474 0.019001175268464107 -0.043246699056366855 -0.036072478377635463 0.016361241512917461
leaf_weight=1205 5153 2472 1072 2629 805 785 2391
leaf_count=1205 5153 2472 1072 2629 805 785 2391
model_size=816
internal_value=0 0.00534879 0.0102592 0.0159287 0.004409 -0.0112037 0.0269295
internal_weight=0 11359 8887 7030 3434 1857 3596
internal_count=16512 11359 8887 7030 3434 1857 3596
is_linear=0
shrinkage=0.1


Tree=24
num_leaves= 6
num_cat= 0
full_tree_array_lgbids= 0 1 -2 2 -3 -2147483648 -2147483648 3 -4 -2147483648 -2147483648 -2147483648 -2147483648 -2147483648 -2147483648 -1 4 -2147483648 -2147483648 -2147483648 -2147483648 -2147483648 -2147483648 -2147483648 -2147483648 -2147483648 -2147483648 -2147483648 -2147483648 -2147483648 -2147483648 -2147483648 -2147483648 -5 -6 -2147483648 -2147483648 -2147483648 -2147483648 -2147483648 -2147483648 -2147483648 -2147483648 -2147483648 -2147483648 -2147483648 -2147483648 -2147483648 -2147483648 -2147483648 -2147483648 -2147483648 -2147483648 -2147483648 -2147483648 -2147483648 -2147483648 -2147483648 -2147483648 -2147483648 -2147483648 -2147483648 -2147483648
split_feature= 6 7 8 8 7
split_gain= 7.84811 3.25778 15.289 0.365515 34.1052
threshold= 3.1424162072895592 37.925000000000004 -117.16499999999998 -122.31499999999998 34.525000000000013
decision_type= 2 2 2 2 2
left_child=1 2 3 -1 -5
right_child=-2 -3 -4 4 -6
leaf_value= 0.048174870257869581 -0.010611525389867434 -0.011074113395191468 -0.021578078102522026 0.019635927710632113 -0.0053585598203079576
leaf_weight=565 5153 2472 872 4544 2906
leaf_count=565 5153 2472 872 4544 2906
model_size=592
internal_value=0 0.00481391 0.00923331 0.0125855 0.0098864
internal_weight=0 11359 8887 8015 7450
internal_count=16512 11359 8887 8015 7450
is_linear=0
shrinkage=0.1


Tree=25
num_leaves= 2
num_cat= 0
full_tree_array_lgbids= 0 -1 -2
split_feature= 1
split_gain= 1.18615
threshold= 7.5465500000000008
decision_type= 2
left_child=-1
right_child=-2
leaf_value= -0.0014845523226606468 0.032048864441665166
leaf_weight=15781 731
leaf_count=15781 731
model_size=144
internal_value=0
internal_weight=0
internal_count=16512
is_linear=0
shrinkage=0.1


end of trees

feature_importances:
Column_1=80
Column_6=59
Column_8=56
Column_7=55
Column_2=36
Column_3=10
Column_5=1

parameters:
[boosting: gbdt]
[objective: regression]
[metric: rmse]
[tree_learner: serial]
[device_type: cpu]
[data_sample_strategy: bagging]
[data: data/california_housing.libsvm.train]
[valid: data/california_housing.libsvm.test]
[num_iterations: 30]
[learning_rate: 0.1]
[num_leaves: 255]
[num_threads: 0]
[seed: 42]
[deterministic: 0]
[force_col_wise: 0]
[force_row_wise: 0]
[histogram_pool_size: -1]
[max_depth: 5]
[min_data_in_leaf: 10]
[min_sum_hessian_in_leaf: 0.001]
[bagging_fraction: 1]
[pos_bagging_fraction: 1]
[neg_bagging_fraction: 1]
[bagging_freq: 0]
[bagging_seed: 400]
[feature_fraction: 1]
[feature_fraction_bynode: 1]
[feature_fraction_seed: 30056]
[extra_trees: 0]
[extra_seed: 12879]
[early_stopping_round: 0]
[early_stopping_min_delta: 0]
[first_metric_only: 0]
[max_delta_step: 0]
[lambda_l1: 0]
[lambda_l2: 0]
[linear_lambda: 0]
[min_gain_to_split: 0]
[drop_rate: 0.1]
[max_drop: 50]
[skip_drop: 0.5]
[xgboost_dart_mode: 0]
[uniform_drop: 0]
[drop_seed: 17869]
[top_rate: 0.2]
[other_rate: 0.1]
[min_data_per_group: 100]
[max_cat_threshold: 32]
[cat_l2: 10]
[cat_smooth: 10]
[max_cat_to_onehot: 4]
[top_k: 20]
[monotone_constraints: ]
[monotone_constraints_method: basic]
[monotone_penalty: 0]
[feature_contri: ]
[forcedsplits_filename: ]
[refit_decay_rate: 0.9]
[tinygbdt_penalty_feature: 2]
[tinygbdt_penalty_split: 0.125]
[tinygbdt_forestsize: 64000]
[tinygbdt_precision: 7]
[cegb_tradeoff: 1]
[cegb_penalty_split: 0]
[cegb_penalty_feature_lazy: ]
[cegb_penalty_feature_coupled: ]
[path_smooth: 0]
[interaction_constraints: ]
[verbosity: 2]
[saved_feature_importance_type: 0]
[use_quantized_grad: 0]
[num_grad_quant_bins: 4]
[quant_train_renew_leaf: 0]
[stochastic_rounding: 1]
[linear_tree: 0]
[max_bin: 255]
[max_bin_by_feature: ]
[min_data_in_bin: 3]
[bin_construct_sample_cnt: 200000]
[data_random_seed: 175]
[is_enable_sparse: 1]
[enable_bundle: 1]
[use_missing: 1]
[zero_as_missing: 0]
[feature_pre_filter: 1]
[pre_partition: 0]
[two_round: 0]
[header: 0]
[label_column: ]
[weight_column: ]
[group_column: ]
[ignore_column: ]
[categorical_feature: ]
[forcedbins_filename: ]
[precise_float_parser: 0]
[parser_config_file: ]
[objective_seed: 16083]
[num_class: 1]
[is_unbalance: 0]
[scale_pos_weight: 1]
[sigmoid: 1]
[boost_from_average: 1]
[reg_sqrt: 0]
[alpha: 0.9]
[fair_c: 1]
[poisson_max_delta_step: 0.7]
[tweedie_variance_power: 1.5]
[lambdarank_truncation_level: 30]
[lambdarank_norm: 1]
[label_gain: ]
[lambdarank_position_bias_regularization: 0]
[eval_at: ]
[multi_error_top_k: 1]
[auc_mu_weights: ]
[num_machines: 1]
[local_listen_port: 12400]
[time_out: 120]
[machine_list_filename: ]
[machines: ]
[gpu_platform_id: -1]
[gpu_device_id: -1]
[gpu_use_dp: 0]
[num_gpu: 1]

end of parameters
