tree
version=v4
num_class=1
num_tree_per_iteration=1
label_index=0
max_feature_idx=8
objective=regression
feature_names=Column_0 Column_1 Column_2 Column_3 Column_4 Column_5 Column_6 Column_7 Column_8
feature_infos=none [0.49990000000000001:15.0001] [1:52] [0.88888888888888884:141.90909090909091] [0.33333333333333331:25.63636363636364] [3:35682] [0.69230769230769229:1243.333333333333] [32.549999999999997:41.950000000000003] [-124.34999999999999:-114.31]
tree_sizes=3003 3073 3150 2885 2827 2959 2883 2739 2614 2631

Tree=0
num_leaves= 32
num_cat= 0
full_tree_array_lgbids= 0 1 2 5 3 4 10 9 11 6 7 15 12 19 22 14 13 24 20 25 8 18 16 27 17 26 21 30 29 23 28 -1 -16 -11 -15 -7 -26 -13 -22 -3 -27 -8 -10 -5 -20 -9 -18 -2 -29 -17 -19 -6 -28 -14 -23 -4 -32 -21 -31 -12 -25 -24 -30
split_feature= 1 1 1 6 6 3 2 1 7 1 1 1 1 6 3 2 6 6 2 2 6 2 1 2 7 1 6 1 5 7 4
split_gain= 6984.71 1682.18 1289.15 973.323 428.437 315.385 230.995 209.919 184.254 178.083 153.232 134.001 117.975 109.736 108.264 104.786 102.502 92.2549 82.3941 70.2782 63.9306 40.6401 30.4611 33.8142 30.3626 28.0542 27.5859 25.1732 22.5286 12.9606 6.12165
threshold= 5.0387000000000013 3.0679500000000002 6.8672000000000013 2.3489548886254448 2.671038674349933 4.3101408005062494 24.500000000000004 4.0775500000000013 37.815000000000005 2.2210000000000005 7.852450000000001 2.4115000000000006 5.7307500000000013 2.4907552973342448 3.449226804123712 19.500000000000004 2.9005380231986346 2.0653737590585881 43.500000000000007 26.500000000000004 2.2906328481453726 27.500000000000004 8.7395500000000013 28.500000000000004 35.335000000000008 3.5330000000000008 2.9742256672023202 5.6402500000000009 139.50000000000003 37.645000000000003 1.0103851166134901
decision_type= 2 2 2 2 2 2 2 2 2 2 2 2 2 2 2 2 2 2 2 2 2 2 2 2 2 2 2 2 2 2 2
left_child=1 5 4 6 15 9 25 18 -8 14 19 24 26 -11 -1 27 -9 -17 -5 30 -13 -14 23 -12 -7 -3 -6 -2 -24 -21 -4
right_child=2 3 10 7 12 11 8 16 -10 13 22 20 21 -15 -16 17 -18 -19 -20 29 -22 -23 28 -25 -26 -27 -28 -29 -30 -31 -32
leaf_value= 2.0405687631288161 2.122367892078735 2.0619325518895399 2.1860943173854421 2.0293758741925956 2.1246833370498446 1.9807571227445304 2.1984147209355398 2.1002101309481218 2.0795283240852767 2.0970408790997888 2.2611911907323741 2.043693994763716 2.1410397950488846 2.0327038778370752 1.9814897297846104 2.3293276008777508 2.055796547371648 2.2183144165789459 2.080533949453383 2.3136092887030801 1.9920349409095919 2.1974100577568745 2.2256631944098948 2.3423931801380187 1.9518240180001829 2.1119780300641722 2.0841198818403921 2.1915848606410337 2.348659992346585 2.2369779892674675 2.2272434057145407
leaf_weight=503 128 198 107 2717 312 636 733 1016 163 430 147 309 586 767 899 91 1158 572 377 129 1491 187 19 97 1194 369 516 120 346 39 156
leaf_count=503 128 198 107 2717 312 636 733 1016 163 430 147 309 586 767 899 91 1158 572 377 129 1491 187 19 97 1194 369 516 120 346 39 156
model_size=3504
internal_value=2.07195 2.03789 2.19622 2.07259 2.15739 2.00039 2.1449 2.05251 2.17679 2.02716 2.28999 1.98123 2.12609 2.05582 2.00269 2.2124 2.07655 2.23355 2.03561 2.24376 2.0009 2.15468 2.32271 2.29347 1.96188 2.0945 2.0994 2.15586 2.34226 2.29582 2.2105
internal_weight=0 12960 3552 6731 2512 6229 1463 5268 896 2599 1040 3630 1601 1197 1402 911 2174 663 3094 431 1800 773 609 244 1830 567 828 248 365 168 263
internal_count=16512 12960 3552 6731 2512 6229 1463 5268 896 2599 1040 3630 1601 1197 1402 911 2174 663 3094 431 1800 773 609 244 1830 567 828 248 365 168 263
is_linear=0
shrinkage=1


Tree=1
num_leaves= 31
num_cat= 0
full_tree_array_lgbids= 0 1 2 5 3 4 12 13 6 7 9 18 16 19 23 14 29 8 10 27 11 17 15 24 20 22 21 26 25 -14 28 -1 -16 -15 -31 -7 -10 -8 -12 -3 -29 -9 -13 -5 -19 -11 -17 -2 -26 -20 -22 -6 -24 -18 -23 -4 -28 -21 -27 -2147483648 -2147483648 -25 -30
split_feature= 1 1 1 6 6 6 7 2 8 1 8 6 1 7 8 6 1 2 2 2 6 2 6 5 1 7 1 7 6 7
split_gain= 5656 1458.99 943.061 829.203 319.266 307.32 221.243 216.582 175.04 169.666 136.807 134.665 121.657 113.163 129.462 104.071 79.2523 76.5786 76.0283 75.5926 57.4467 34.8167 22.9742 14.7745 14.0406 9.74083 9.37594 8.43669 5.6221 2.15639
threshold= 5.1326000000000009 3.1792500000000001 6.8672000000000013 2.2982753493904258 2.6585924622132828 2.1628386478062818 34.455000000000005 19.500000000000004 -117.77499999999999 4.1119000000000012 -121.63499999999998 1.9628175980828908 8.4454500000000028 37.935000000000009 -118.24499999999999 2.8335312747426764 5.8308000000000009 47.500000000000007 21.500000000000004 26.500000000000004 2.2038024706228287 27.500000000000004 3.1262267671728927 70.000000000000014 5.6402500000000009 37.645000000000003 7.3930000000000016 37.955000000000005 3.1747392355722384 38.815000000000005
decision_type= 2 2 2 2 2 2 2 2 2 2 2 2 2 2 2 2 2 2 2 2 2 2 2 2 2 2 2 2 2 2
left_child=1 5 4 7 18 13 8 27 -7 17 -8 -9 19 14 -1 -11 22 -5 24 26 -20 -18 -6 -14 -2 -21 -4 -3 -25 -15
right_child=2 3 12 9 16 6 10 11 -10 15 -12 -13 23 29 -16 -17 21 -19 20 25 -22 -23 -24 28 -26 -27 -28 -29 -30 -31
leaf_value= 0.044230430953254636 0.051710352190187048 0.021716185106585423 0.11257013540252361 -0.033517635639986235 0.048827385960445342 -0.032418481581660212 -0.062115720910071164 0.16254536505971776 -0.086464694131891839 0.033086021130256597 -0.10739158312721281 0.077517444901220187 0.10762568108427029 -0.060880741065378358 -0.039420649286328324 -0.010822406174656622 0.064840007462105109 0.030431795661703398 0.22015546661538954 0.22502748265708844 0.13662539405426799 0.12128281233978436 0.010032595539933747 0.25069624308012767 0.11076683308929205 0.16209582549591478 0.15471344836835946 -0.036636348605155945 0.20779113991926593 -0.10328082793857903
leaf_weight=447 107 300 153 2681 418 1871 1128 305 928 1009 1827 539 11.999999999999998 181 343 1321 524 219 117 194 423 172 367 331 131 52 215 50 83 64
leaf_count=447 107 300 153 2681 418 1871 1128 305 928 1009 1827 539 12 181 343 1321 524 219 117 194 423 172 367 331 131 52 215 50 83 64
model_size=3392
internal_value=0 -0.02926 0.117191 0.00497081 0.0807981 -0.0616504 -0.0707621 0.0804366 -0.0503373 -0.0122579 -0.0901086 0.108244 0.19624 -0.0109948 0.00791104 0.00819202 0.0532941 -0.0286884 0.133154 0.167054 0.154724 0.0787885 0.0306902 0.238307 0.0842162 0.211725 0.137192 0.0133801 0.242094 -0.0719567
internal_weight=0 13213 3299 6424 2259 6789 5754 1194 2799 5230 2955 844 1040 1035 790 2330 1481 2900 778 614 540 696 785 426 238 246 368 350 414 245
internal_count=16512 13213 3299 6424 2259 6789 5754 1194 2799 5230 2955 844 1040 1035 790 2330 1481 2900 778 614 540 696 785 426 238 246 368 350 414 245
is_linear=0
shrinkage=0.1


Tree=2
num_leaves= 32
num_cat= 0
full_tree_array_lgbids= 0 1 2 6 3 4 8 13 10 5 9 17 16 11 22 19 28 21 15 7 29 14 12 25 18 20 27 26 30 23 24 -1 -21 -15 -30 -8 -23 -12 -17 -3 -9 -7 -31 -5 -16 -11 -14 -2 -27 -19 -20 -6 -22 -18 -29 -4 -28 -13 -32 -10 -25 -24 -26
split_feature= 1 1 1 6 6 7 3 8 1 1 1 2 2 6 3 6 6 2 6 8 2 6 2 1 5 5 6 1 8 8 6
split_gain= 4591.3 1121.1 858.204 689.123 237.795 226.156 203.976 183.386 181.251 147.574 103.344 95.173 79.7015 74.0932 69.58 62.0512 49.8511 46.0318 50.7678 39.2223 24.6258 19.5462 16.9929 12.5043 10.7301 10.4405 10.3311 8.77637 8.37981 5.83695 5.12131
threshold= 5.0387000000000013 2.8762500000000002 6.3963500000000009 2.4136952392348086 2.5827178004959954 37.995000000000012 3.8792159595040387 -122.35499999999998 7.852450000000001 3.8346500000000003 2.2948000000000004 26.500000000000004 42.500000000000007 3.0973600929976173 5.1947827066293142 2.2906328481453726 3.0375944537846187 21.500000000000004 2.0653737590585881 -117.145 20.500000000000004 2.1718174014038287 20.500000000000004 9.1688500000000008 139.50000000000003 358.50000000000006 2.6585924622132828 5.6851000000000012 -117.79499999999999 -122.27499999999999 2.2820667453403218
decision_type= 2 2 2 2 2 2 2 2 2 2 2 2 2 2 2 2 2 2 2 2 2 2 2 2 2 2 2 2 2 2 2
left_child=1 6 4 5 17 7 13 -3 11 14 21 26 -11 19 -5 -12 20 25 -19 -1 -6 -8 23 -10 -24 -2 -4 -18 -15 -7 -13
right_child=2 3 8 9 16 29 10 -9 22 12 15 30 -14 28 -16 -17 27 18 -20 -21 -22 -23 24 -25 -26 -27 -28 -29 -30 -31 -32
leaf_value= 0.0049431311228497277 -0.032807712559588253 0.15525302710059363 0.14084475033302257 -0.021756683590240855 0.028230403204931018 -0.0085063570053042735 -0.060645489713293081 0.050020475173194502 0.14853231923033794 -0.0097105011414146177 -0.017268745650373115 0.22271335677554213 0.048191479024689475 -0.047618668565411859 -0.05477748556130882 -0.06618015511440789 0.0064548819710920071 0.21353098875597906 0.11639004326505781 -0.07594990942899775 0.072191242709795947 -0.094691603641533117 0.10804279883702597 0.2121658910191461 0.22251148384886901 0.079527981925297891 0.091775990409602978 0.037027274828742698 -0.098404657180820199 -0.05778816729577671 0.16594247938094972
leaf_weight=605 15.999999999999998 195 94 1556 249 85 273 1509 120 2424 363 48 293 699 1309 1511 434 76 348 82 529 1819 14.999999999999998 89 385 179 397 309 70 167 264
leaf_count=605 16 195 94 1556 249 85 273 1509 120 2424 363 48 293 699 1309 1511 434 76 348 82 529 1819 15 89 385 179 397 309 70 167 264
model_size=3504
internal_value=0 -0.027629 0.100809 -0.00259932 0.0607028 0.0487636 -0.0624268 0.0620629 0.161592 -0.0205975 -0.0743991 0.12973 -0.00346638 -0.0298153 -0.0368437 -0.0567059 0.0390936 0.113801 0.133802 -0.00471222 0.0581215 -0.0902487 0.203603 0.17563 0.218219 0.0703107 0.10117 0.0191694 -0.0522416 -0.0411653 0.174676
internal_weight=0 12960 3552 7538 2140 1956 5422 1704 1412 5582 3966 803 2717 1456 2865 1874 1521 619 424 687 778 2092 609 209 400 195 491 743 769 252 312
internal_count=16512 12960 3552 7538 2140 1956 5422 1704 1412 5582 3966 803 2717 1456 2865 1874 1521 619 424 687 778 2092 609 209 400 195 491 743 769 252 312
is_linear=0
shrinkage=0.1


Tree=3
num_leaves= 28
num_cat= 0
full_tree_array_lgbids= 0 1 3 4 2 5 18 12 7 6 9 15 16 20 24 13 -14 10 11 23 8 14 17 26 19 21 22 25 -22 -20 -26 -1 -15 -2147483648 -2147483648 -6 -12 -9 -13 -3 -25 -8 -10 -4 -16 -11 -19 -2 -28 -17 -21 -7 -23 -18 -24 -5 -27 -2147483648 -2147483648 -2147483648 -2147483648 -2147483648 -2147483648
split_feature= 1 1 6 1 6 6 2 7 6 1 8 8 7 8 8 2 1 2 1 6 2 7 2 8 5 8 4
split_gain= 3742.58 1102.17 600.175 484.299 202.479 173.615 173.274 164.467 158.555 139.737 135.003 101.617 78.3657 92.2909 75.7278 56.9471 54.5855 45.4915 36.4586 29.2675 27.6845 9.46655 7.65442 6.96746 6.50971 4.69021 3.93258
threshold= 5.3736000000000006 3.1913000000000005 2.4136952392348086 7.3930000000000016 2.1628386478062818 2.7472725830126556 19.500000000000004 34.455000000000005 1.9628175980828908 4.5301500000000017 -118.29499999999999 -121.63499999999998 37.935000000000009 -118.25499999999998 -122.38499999999998 21.500000000000004 6.2770500000000009 18.500000000000004 8.7395500000000013 2.2038024706228287 28.500000000000004 37.955000000000005 26.500000000000004 -117.26499999999999 70.000000000000014 -117.71499999999999 1.0671403331650682
decision_type= 2 2 2 2 2 2 2 2 2 2 2 2 2 2 2 2 2 2 2 2 2 2 2 2 2 2 2
left_child=1 4 6 5 12 15 23 10 -8 14 -6 -9 13 -1 -4 26 21 -11 20 -17 25 -7 -18 -3 -20 -5 -2
right_child=3 2 9 18 7 16 8 11 -10 17 -12 -13 -14 -15 -16 19 22 -19 24 -21 -22 -23 -24 -25 -26 -27 -28
leaf_value= 0.039451119854282381 0.050074562027042073 0.014673601934889589 0.030514567816019827 0.13942493334412576 0.005603701120295318 0.041814640331748476 0.14168041119293776 -0.049775768694974729 0.057326321117961099 -0.011524787454914474 -0.050956955529434571 -0.089487059237286545 -0.060546299341032929 -0.032641468240347297 -0.026036457895962137 0.19169570167078495 0.074722188845143797 0.028210208805655102 0.084323451295495039 0.12229882029350847 0.18767493025558751 -0.0098791204986628158 0.1249871934029986 -0.035042475343216216 0.20234714548918747 0.083465739440614903 0.097836052051910732
leaf_weight=445 133 394 290 205 564 668 320 1141 901 515 2266 1841 247 350 3289 97 350 1076 11.999999999999998 480 164 80 85 80 353 59 107
leaf_count=445 133 394 290 205 564 668 320 1141 901 515 2266 1841 247 350 3289 97 350 1076 12 480 164 80 85 80 353 59 107
model_size=3056
internal_value=0 -0.0215082 0.00693386 0.105646 -0.0499958 0.0791724 0.0589774 -0.0574411 0.0794339 -0.0101288 -0.0396848 -0.0742924 -0.00846804 0.00771224 -0.0214542 0.115577 0.0540309 0.0153482 0.172416 0.133965 0.150199 0.0362859 0.0845441 0.0062827 0.198467 0.126919 0.0713682
internal_weight=0 13719 6865 2793 6854 2000 1695 5812 1221 5170 2830 2982 1042 795 3579 817 1183 1591 793 577 428 748 435 474 365 264 240
internal_count=16512 13719 6865 2793 6854 2000 1695 5812 1221 5170 2830 2982 1042 795 3579 817 1183 1591 793 577 428 748 435 474 365 264 240
is_linear=0
shrinkage=0.1


Tree=4
num_leaves= 27
num_cat= 0
full_tree_array_lgbids= 0 1 3 4 2 7 18 11 5 8 13 17 16 22 23 12 -13 6 10 24 9 14 15 -2 19 20 21 -5 -24 25 -25 -1 -14 -2147483648 -2147483648 -6 -8 -7 -12 -3 -26 -10 -11 -4 -16 -15 -17 -2147483648 -2147483648 -19 -21 -9 -22 -18 -23 -2147483648 -2147483648 -2147483648 -2147483648 -20 -27 -2147483648 -2147483648
split_feature= 1 1 6 1 6 7 8 6 2 6 8 7 8 6 7 8 1 2 2 4 2 2 1 7 8 5
split_gain= 3049.56 1009.38 443.205 303.478 256.98 138.254 154.471 126.537 123.569 122.367 121.188 110.276 105.001 93.8854 99.5925 36.9443 34.5499 23.3652 16.8012 16.4812 14.709 10.1228 6.45789 2.69792 2.47774 1.75417
threshold= 5.6042500000000013 3.5488500000000003 2.4136952392348086 7.7055000000000016 2.2352443515477258 34.455000000000005 -117.77499999999999 2.6529733204757315 19.500000000000004 1.9628175980828908 -121.63499999999998 37.915000000000006 -122.31499999999998 2.9742256672023202 37.915000000000006 -121.48499999999999 6.3350000000000009 21.500000000000004 18.500000000000004 1.0435797675926601 36.500000000000007 25.500000000000004 8.7395500000000013 37.975000000000001 -117.98499999999999 139.50000000000003
decision_type= 2 2 2 2 2 2 2 2 2 2 2 2 2 2 2 2 2 2 2 2 2 2 2 2 2 2
left_child=1 4 8 7 11 6 -6 17 24 -10 -7 12 -1 14 -4 -15 20 -2 22 -19 -9 -18 -5 25 -3 -20
right_child=3 2 13 18 5 10 -8 16 9 -11 -12 -13 -14 15 -16 -17 21 19 23 -21 -22 -23 -24 -25 -26 -27
leaf_value= 0.12221329533233401 0.08437165264040232 0.030065627903550985 0.024989935387350698 0.10462860146520335 -0.01853103332494694 -0.039557564729227793 -0.066178408721960041 0.038478877448761661 0.1500604770951352 0.063741580624560895 -0.079747494244217509 -0.054411715039584252 0.0036107076454320389 0.010885972737028085 -0.028745861697969922 -0.024781538724009646 0.070774336081202927 0.11803735209179844 0.084424182000969142 0.17231076394214112 0.1151922637358942 0.11430292948549968 0.16263628825545312 0.060582439601421359 -0.0078481021603303298 0.18149983691463167
leaf_weight=89 169 230 1823 109 2253 1361 1075 589 236 736 2043 350 1099 483 484 1690 373 253 13.999999999999998 147 47 158 98 9.9999999999999982 154 439
leaf_count=89 169 230 1823 109 2253 1361 1075 589 236 736 2043 350 1099 483 484 1690 373 253 14 147 47 158 98 10 154 439
model_size=2944
internal_value=0 -0.0177795 0.0142316 0.104238 -0.0403692 -0.0489682 -0.0339219 0.0817907 0.0649222 0.0846997 -0.0636786 -0.00273014 0.0124959 -0.00111143 0.0137164 -0.0168536 0.0621566 0.12206 0.162402 0.137983 0.0441479 0.0837263 0.132091 0.175953 0.0148606 0.1785
internal_weight=0 14106 5836 2406 8270 6732 3328 1736 1356 972 3404 1538 1188 4480 2307 2173 1167 569 670 400 636 531 207 463 384 453
internal_count=16512 14106 5836 2406 8270 6732 3328 1736 1356 972 3404 1538 1188 4480 2307 2173 1167 569 670 400 636 531 207 463 384 453
is_linear=0
shrinkage=0.1


Tree=5
num_leaves= 29
num_cat= 0
full_tree_array_lgbids= 0 2 1 5 3 4 10 18 15 6 7 11 13 12 23 19 -20 -7 17 21 9 8 20 22 14 25 16 27 26 24 -25 -1 -21 -2147483648 -2147483648 -2147483648 -2147483648 -17 -19 -4 -23 -8 -11 -5 -10 -9 -22 -2 -24 -13 -16 -6 -27 -15 -18 -3 -29 -14 -28 -12 -26 -2147483648 -2147483648
split_feature= 1 1 1 6 6 3 2 7 8 7 1 2 2 2 6 1 8 3 8 7 7 8 1 8 7 1 7 6
split_gain= 2521.26 646.995 490.372 375.369 207.085 127.958 119.568 114.656 198.788 103.837 93.6608 50.0522 49.4468 46.0611 40.0289 39.0592 37.5019 27.2115 19.4033 23.0205 9.83159 7.52324 7.2844 6.61497 3.03604 3.0349 2.46289 0.700904
threshold= 4.5301500000000017 6.3350000000000009 2.5894500000000007 2.2634687595142249 2.5219735498882589 3.6482937607122259 24.500000000000004 37.935000000000009 -122.24499999999999 37.815000000000005 7.852450000000001 21.500000000000004 26.500000000000004 16.500000000000004 2.0653737590585881 1.9486000000000003 -117.65499999999999 4.4053436317780594 -118.27499999999999 37.935000000000009 39.355000000000011 -117.91499999999998 5.6402500000000009 -118.00499999999998 38.275000000000013 5.4090500000000015 37.615000000000002 3.102783329035586
decision_type= 2 2 2 2 2 2 2 2 2 2 2 2 2 2 2 2 2 2 2 2 2 2 2 2 2 2 2 2
left_child=2 4 5 6 11 18 21 8 -5 -8 12 22 27 25 -13 -7 -15 -17 19 -1 -9 -4 -2 24 -12 -6 -14 -3
right_child=1 10 3 7 13 15 9 20 -10 -11 23 14 26 16 -16 17 -18 -19 -20 -21 -22 -23 -24 -25 -26 -27 -28 -29
leaf_value= 0.012117743446681969 0.026409803992610965 0.086715975377745447 0.010738667178246874 0.068901415246001643 -0.01534550204371116 -0.076995838542000372 0.078091628408663308 -0.044191697640284446 -0.018588063996571074 -0.014491227754470277 0.16142517784384244 0.15929437564988425 0.13916502346720019 0.036352413439452919 0.084308684760524139 -0.03233730254865641 -0.023560011837807246 -0.061676684542833274 -0.036694753534912347 -0.070106606906435151 -0.082670796677642489 -0.030977307776457731 0.089807859559853875 0.11769953428014911 0.036175973638892175 0.014530508121003538 0.088971205077895493 0.055337619562262456
leaf_weight=397 204 304 372 293 404 1326 728 1008 4591 166 453 117 261 1626 445 689 151 1357 415 60 173 161 63 146 9.9999999999999982 292 74 226
leaf_count=397 204 304 372 293 404 1326 728 1008 4591 166 453 117 261 1626 445 689 151 1357 415 60 173 161 63 146 10 292 74 226
model_size=3168
internal_value=0 0.0613988 -0.0249864 -0.00941596 0.0365824 -0.0524732 0.037458 -0.0204447 -0.0133394 0.0609006 0.116991 0.0810619 0.0945363 0.021672 0.0999196 -0.0617059 0.0312614 -0.0517965 -0.0167706 0.00132242 -0.0498283 -0.00186222 0.0413689 0.148886 0.15872 -0.00281131 0.128077 0.0733358
internal_weight=0 4776 11736 7492 3302 4244 1427 6065 4884 894 1474 829 865 2473 562 3372 1777 2046 872 457 1181 533 267 609 463 696 335 530
internal_count=16512 4776 11736 7492 3302 4244 1427 6065 4884 894 1474 829 865 2473 562 3372 1777 2046 872 457 1181 533 267 609 463 696 335 530
is_linear=0
shrinkage=0.1


Tree=6
num_leaves= 28
num_cat= 0
full_tree_array_lgbids= 0 2 1 7 3 4 9 10 17 8 5 15 14 13 21 16 26 24 22 23 11 6 12 20 18 19 25 -3 -15 -11 -23 -1 -18 -12 -28 -9 -26 -19 -24 -4 -25 -10 -13 -5 -8 -7 -14 -2 -22 -17 -20 -6 -21 -16 -27 -2147483648 -2147483648 -2147483648 -2147483648 -2147483648 -2147483648 -2147483648 -2147483648
split_feature= 1 1 1 6 6 6 7 3 2 1 6 7 8 2 6 2 7 1 6 7 5 2 7 7 6 7 3
split_gain= 2039.32 469.196 443.116 308.462 157.699 107.509 118.772 107.068 85.0584 72.5643 43.454 40.8174 32.1275 30.0255 30.0108 26.5759 25.5285 22.5538 21.0002 19.9764 7.73763 6.76299 6.68803 2.41423 1.84627 1.66375 0.921839
threshold= 4.6754000000000007 6.3350000000000009 2.7820000000000005 2.0653737590585881 2.5288691539219195 2.8079590171801518 37.935000000000009 4.2015099382944241 24.500000000000004 7.7055000000000016 3.0973600929976173 37.815000000000005 -122.38499999999998 26.500000000000004 3.0375944537846187 21.500000000000004 37.915000000000006 2.2210000000000005 2.0653737590585881 37.955000000000005 374.50000000000006 18.500000000000004 39.285000000000004 37.595000000000006 1.9139224725972623 37.775000000000013 3.0522493994321906
decision_type= 2 2 2 2 2 2 2 2 2 2 2 2 2 2 2 2 2 2 2 2 2 2 2 2 2 2 2
left_child=2 4 7 8 15 6 -5 10 23 13 16 -10 -7 -3 19 20 -1 24 -17 -6 -2 -11 -19 -4 -9 -16 -12
right_child=1 9 3 5 14 12 -8 17 11 21 26 -13 -14 -15 25 18 -18 22 -20 -21 -22 -23 -24 -25 -26 -27 -28
leaf_value= 0.00069132853676147419 -0.050876164148476989 0.064866857576228662 0.02433888344809149 0.014170269637480812 0.041443919388661751 0.020198126472681852 -0.034556894991086877 -0.024670089525170625 0.097678376860178842 0.10573427888929197 -0.014514098086307737 -0.0027652756138254082 -0.028751943811131886 0.11269878683995847 0.010604626225288183 0.14550110910413788 -0.056397270073315936 -0.041810211620616988 0.079781715253776211 -0.0066195472439422327 0.052441352500598164 0.14337114943251755 -0.08068573578650988 -0.029817878336483694 -0.069653051720026976 -0.026435325738219991 -0.04612230206956415
leaf_weight=828 22 495 254 2261 982 203 739 80 409 207 172 62 3040 309 900 100 140 1371 397 170 208 463 148 69 1459 126 898
leaf_count=828 22 495 254 2261 982 203 739 80 409 207 172 62 3040 309 900 100 140 1371 397 170 208 463 148 69 1459 126 898
model_size=3056
internal_value=0 0.0586889 -0.0211818 -0.00467537 0.0350423 -0.0123025 0.00216714 -0.0439753 0.0552943 0.105292 -0.025141 0.0844565 -0.0256878 0.08325 0.021022 0.0770454 -0.00756529 -0.0565274 0.0930049 0.0343512 0.0425588 0.131743 -0.045598 0.0127698 -0.0673148 0.00605586 -0.0410414
internal_weight=0 4379 12133 7037 2905 6243 3000 5096 794 1474 2038 471 3243 804 2178 727 968 3058 497 1152 230 670 1519 323 1539 1026 1070
internal_count=16512 4379 12133 7037 2905 6243 3000 5096 794 1474 2038 471 3243 804 2178 727 968 3058 497 1152 230 670 1519 323 1539 1026 1070
is_linear=0
shrinkage=0.1


Tree=7
num_leaves= 26
num_cat= 0
full_tree_array_lgbids= 0 1 3 4 2 6 17 13 7 5 11 15 19 20 -19 24 14 8 9 10 23 12 18 16 21 22 -21 -5 -22 -2147483648 -2147483648 -1 -26 -15 -16 -6 -10 -9 -11 -3 -12 -7 -25 -4 -14 -13 -20 -2 -18 -17 -23 -8 -24 -2147483648 -2147483648 -2147483648 -2147483648 -2147483648 -2147483648 -2147483648 -2147483648 -2147483648 -2147483648
split_feature= 1 1 6 1 6 7 6 7 8 8 2 8 7 2 7 7 8 1 7 2 2 8 1 8 8
split_gain= 1672.68 483.192 274.815 213.873 121.447 111.017 88.9281 83.1183 117.231 111.155 80.3869 60.3836 68.1928 32.3964 27.8616 22.6499 28.8244 14.8 11.2577 9.63909 6.77058 6.15863 5.0025 4.37291 1.8417
threshold= 5.2771000000000017 3.3941500000000002 2.5102460737381374 7.2638000000000007 2.0376051459673437 37.935000000000009 2.7472725830126556 34.455000000000005 -118.30499999999999 -120.09499999999998 19.500000000000004 -117.79499999999999 37.915000000000006 27.500000000000004 37.995000000000012 37.955000000000005 -117.85499999999998 9.1688500000000008 33.655000000000008 40.500000000000007 28.500000000000004 -122.40499999999999 6.0886500000000003 -122.35499999999998 -118.10499999999998
decision_type= 2 2 2 2 2 2 2 2 2 2 2 2 2 2 2 2 2 2 2 2 2 2 2 2 2
left_child=1 4 5 6 13 10 15 8 -6 -9 -3 12 -4 24 -15 16 -2 20 -13 22 -5 -17 -8 -7 -1
right_child=3 2 11 17 7 23 19 9 -10 -11 -12 18 -14 14 -16 21 -18 -19 -20 -21 -22 -23 -24 -25 -26
leaf_value= -0.0014626544797620563 0.094245404249416201 0.0099960644687690572 0.0066552653858406689 0.082463919283150319 0.018974857753515883 0.014110834086006815 0.018152335292402434 -0.03722495585749596 -0.033419128430199611 -0.081007177785992118 0.067110422531798095 -0.018803234452813438 -0.032426712279347292 0.042508824267752668 -0.044860572761602026 0.088145774052194925 0.033831795551080561 0.13674946201040017 -0.056633488118810499 0.10119329272788398 0.12324634978645727 -0.026703874894655217 0.044069473552454788 -0.042481688894114869 -0.040464675204594285
leaf_weight=270 655 396 2665 341 584 91 686 2638 2713 874 1104 384 682 362 66 23 146 304 345 49 209 51 519 172 183
leaf_count=270 655 396 2665 341 584 91 686 2638 2713 874 1104 384 682 362 66 23 146 304 345 49 209 51 519 172 183
model_size=2832
internal_value=0 -0.0150099 0.00700254 0.0680755 -0.0317239 0.040854 0.0505489 -0.0365082 -0.0241385 -0.0481206 0.0520322 -0.00763929 -0.00130826 0.00525249 0.029036 0.076955 0.0832337 0.111769 -0.0367064 0.0321236 0.0979612 0.00899264 0.029315 -0.0229002 -0.0172184
internal_weight=0 13529 5839 2983 7690 1763 2129 6809 3297 3512 1500 4076 3347 881 428 875 801 854 729 1254 550 74 1205 263 453
internal_count=16512 13529 5839 2983 7690 1763 2129 6809 3297 3512 1500 4076 3347 881 428 875 801 854 729 1254 550 74 1205 263 453
is_linear=0
shrinkage=0.1


Tree=8
num_leaves= 24
num_cat= 0
full_tree_array_lgbids= 0 2 1 7 4 3 11 20 16 12 5 8 15 13 -13 -1 22 17 19 -4 14 6 10 -2 9 18 -17 21 -15 -2147483648 -2147483648 -2147483648 -2147483648 -22 -24 -9 -19 -18 -21 -2147483648 -2147483648 -14 -16 -6 -8 -7 -12 -2147483648 -2147483648 -10 -11 -5 -20 -2147483648 -2147483648 -3 -23 -2147483648 -2147483648 -2147483648 -2147483648 -2147483648 -2147483648
split_feature= 1 1 1 6 6 2 3 3 2 6 8 1 2 6 7 1 7 8 8 8 7 2 7
split_gain= 1383.75 422.231 202.706 174.385 174.222 77.7051 70.537 66.4308 63.1198 78.2441 48.1205 45.8003 32.2571 27.0953 25.4505 22.7965 18.5412 20.4152 15.684 11.638 6.02188 4.78141 2.21263
threshold= 4.125700000000001 6.2770500000000009 2.5205000000000006 2.735488224282792 2.0376051459673437 51.500000000000007 5.0372251488776927 3.3654435698213785 16.500000000000004 2.0653737590585881 -122.33499999999999 8.0125000000000011 22.500000000000004 2.8629972339304532 37.815000000000005 5.3357000000000001 35.335000000000008 -118.31499999999998 -122.33499999999999 -119.84499999999998 34.045000000000009 17.500000000000004 37.935000000000009
decision_type= 2 2 2 2 2 2 2 2 2 2 2 2 2 2 2 2 2 2 2 2 2 2 2
left_child=2 3 7 8 12 6 -6 20 -2 -10 -7 13 -4 21 -14 18 17 -9 -5 -18 -1 -3 -22
right_child=1 11 4 15 5 10 -8 16 9 -11 -12 -13 14 -15 -16 -17 19 -19 -20 -21 22 -23 -24
leaf_value= -0.030996420279837886 0.0069658852184981204 0.05026310853808074 0.001782749012659403 0.045571886071740023 -0.0070643682953430292 0.095562401133696601 -0.032088537224539242 0.00030659785623341298 0.11702542235975021 0.046713290642974373 0.0033259540514813529 0.11148146290185923 0.068050739245532607 0.047758124302564924 -0.01332706200836755 0.023249002855936625 -0.049198562367819249 -0.042183795280434422 -0.0069203171408070549 -0.078678244676512604 0.0183180565211261 0.099812884455367734 -0.060227148765415864
leaf_weight=199 395 107 254 124 2663 113 2864 238 224 1274 225 548 408 470 74 798 1370 1345 1649 416 310 411 33
leaf_count=199 395 107 254 124 2663 113 2864 238 224 1274 225 548 408 470 74 798 1370 1345 1649 416 310 411 33
model_size=2608
internal_value=0 0.0385349 -0.0219948 0.0226859 -0.0108977 -0.0169083 -0.0200315 -0.0407245 0.0467395 0.0572273 0.0341624 0.084596 0.0369991 0.0696838 0.0555571 0.0049755 -0.0465409 -0.0357955 -0.00324912 -0.0560651 -0.00457045 0.0895777 0.0107612
internal_weight=0 6000 10512 4464 6601 5865 5527 3911 1893 1498 338 1536 736 988 482 2571 3369 1583 1773 1786 542 518 343
internal_count=16512 6000 10512 4464 6601 5865 5527 3911 1893 1498 338 1536 736 988 482 2571 3369 1583 1773 1786 542 518 343
is_linear=0
shrinkage=0.1


Tree=9
num_leaves= 24
num_cat= 0
full_tree_array_lgbids= 0 2 1 7 3 6 10 11 16 4 8 12 18 14 -12 15 -13 20 -18 5 -6 9 22 13 17 21 19 -3 -16 -2147483648 -2147483648 -1 -17 -2147483648 -2147483648 -9 -22 -2147483648 -2147483648 -4 -7 -2147483648 -2147483648 -5 -11 -10 -24 -2 -15 -14 -19 -8 -23 -20 -21 -2147483648 -2147483648 -2147483648 -2147483648 -2147483648 -2147483648 -2147483648 -2147483648
split_feature= 1 1 1 6 7 8 6 3 8 7 1 6 7 8 2 7 7 8 8 7 6 7 7
split_gain= 1118.96 261.909 219.353 170.485 98.0891 114.641 90.5159 59.3083 29.9119 44.7075 28.3015 27.4578 24.9034 35.4256 23.6203 13.2223 10.1178 9.88046 8.9682 15.8335 1.68684 0.739649 0.552526
threshold= 4.5301500000000017 6.3963500000000009 2.7820000000000005 2.5763869593405579 37.935000000000009 -122.40499999999999 2.735488224282792 4.3101408005062494 -117.79499999999999 37.895000000000003 8.7395500000000013 2.8335312747426764 37.925000000000004 -118.30499999999999 27.500000000000004 37.915000000000006 39.285000000000004 -122.38499999999998 -121.85499999999998 34.655000000000008 2.8751854599406532 37.915000000000006 33.715000000000011
decision_type= 2 2 2 2 2 2 2 2 2 2 2 2 2 2 2 2 2 2 2 2 2 2 2
left_child=2 6 7 4 5 -4 12 11 9 -5 14 15 13 -2 -3 -1 20 -14 21 -20 -9 -8 -10
right_child=1 10 3 8 -6 -7 18 16 22 -11 -12 -13 17 -15 -16 -17 -18 -19 19 -21 -22 -23 -24
leaf_value= 0.0064014537269481142 0.069627523380141013 0.052347965063663973 0.11206004461273551 -0.0054556077865694826 -0.026476687886290335 0.019908698333203426 0.045116809817752054 -0.031413814296322271 -0.024763041843878415 -0.038556009758462469 0.10873942966126415 -0.030693247434261224 0.056341633480042223 0.026560046887780783 0.09290158553211951 -0.041047051086987758 -0.069209228139017337 -0.028867533810182727 0.012803230731932054 -0.021125920661872546 -0.048920760465742279 0.0016823734186747223 -0.055566411684504428
leaf_weight=744 754 647 169 2653 489 1874 310 1229 367 715 365 1372 56 453 400 164 369 110 1166 379 1218 136 373
leaf_count=744 754 647 169 2653 489 1874 310 1229 367 715 365 1372 56 453 400 164 369 110 1166 379 1218 136 373
model_size=2608
internal_value=0 0.0411154 -0.016732 -0.00430055 0.0171011 0.0275316 0.02546 -0.03293 -0.0174916 -0.0124826 0.0784134 -0.0193334 0.0469851 0.0534638 0.0678412 -0.00216854 -0.0439387 -0.000122273 0.0106162 0.00448016 -0.0401279 0.0318722 -0.0402896
internal_weight=0 4776 11736 6640 2532 2043 3364 5096 4108 3368 1412 2280 1373 1207 1047 908 2816 166 1991 1545 2447 446 740
internal_count=16512 4776 11736 6640 2532 2043 3364 5096 4108 3368 1412 2280 1373 1207 1047 908 2816 166 1991 1545 2447 446 740
is_linear=0
shrinkage=0.1


end of trees

feature_importances:
Column_1=64
Column_6=56
Column_7=47
Column_2=43
Column_8=40
Column_3=11
Column_5=7
Column_4=3

parameters:
[boosting: gbdt]
[objective: regression]
[metric: rmse]
[tree_learner: serial]
[device_type: cpu]
[data_sample_strategy: bagging]
[data: data/california_housing.libsvm.train]
[valid: data/california_housing.libsvm.test]
[num_iterations: 10]
[learning_rate: 0.1]
[num_leaves: 255]
[num_threads: 0]
[seed: 42]
[deterministic: 0]
[force_col_wise: 0]
[force_row_wise: 0]
[histogram_pool_size: -1]
[max_depth: 5]
[min_data_in_leaf: 10]
[min_sum_hessian_in_leaf: 0.001]
[bagging_fraction: 1]
[pos_bagging_fraction: 1]
[neg_bagging_fraction: 1]
[bagging_freq: 0]
[bagging_seed: 400]
[feature_fraction: 1]
[feature_fraction_bynode: 1]
[feature_fraction_seed: 30056]
[extra_trees: 0]
[extra_seed: 12879]
[early_stopping_round: 0]
[early_stopping_min_delta: 0]
[first_metric_only: 0]
[max_delta_step: 0]
[lambda_l1: 0]
[lambda_l2: 0]
[linear_lambda: 0]
[min_gain_to_split: 0]
[drop_rate: 0.1]
[max_drop: 50]
[skip_drop: 0.5]
[xgboost_dart_mode: 0]
[uniform_drop: 0]
[drop_seed: 17869]
[top_rate: 0.2]
[other_rate: 0.1]
[min_data_per_group: 100]
[max_cat_threshold: 32]
[cat_l2: 10]
[cat_smooth: 10]
[max_cat_to_onehot: 4]
[top_k: 20]
[monotone_constraints: ]
[monotone_constraints_method: basic]
[monotone_penalty: 0]
[feature_contri: ]
[forcedsplits_filename: ]
[refit_decay_rate: 0.9]
[tinygbdt_penalty_feature: 0.5]
[tinygbdt_penalty_split: 0.03125]
[tinygbdt_forestsize: 64000]
[tinygbdt_precision: 7]
[cegb_tradeoff: 1]
[cegb_penalty_split: 0]
[cegb_penalty_feature_lazy: ]
[cegb_penalty_feature_coupled: ]
[path_smooth: 0]
[interaction_constraints: ]
[verbosity: 2]
[saved_feature_importance_type: 0]
[use_quantized_grad: 0]
[num_grad_quant_bins: 4]
[quant_train_renew_leaf: 0]
[stochastic_rounding: 1]
[linear_tree: 0]
[max_bin: 255]
[max_bin_by_feature: ]
[min_data_in_bin: 3]
[bin_construct_sample_cnt: 200000]
[data_random_seed: 175]
[is_enable_sparse: 1]
[enable_bundle: 1]
[use_missing: 1]
[zero_as_missing: 0]
[feature_pre_filter: 1]
[pre_partition: 0]
[two_round: 0]
[header: 0]
[label_column: ]
[weight_column: ]
[group_column: ]
[ignore_column: ]
[categorical_feature: ]
[forcedbins_filename: ]
[precise_float_parser: 0]
[parser_config_file: ]
[objective_seed: 16083]
[num_class: 1]
[is_unbalance: 0]
[scale_pos_weight: 1]
[sigmoid: 1]
[boost_from_average: 1]
[reg_sqrt: 0]
[alpha: 0.9]
[fair_c: 1]
[poisson_max_delta_step: 0.7]
[tweedie_variance_power: 1.5]
[lambdarank_truncation_level: 30]
[lambdarank_norm: 1]
[label_gain: ]
[lambdarank_position_bias_regularization: 0]
[eval_at: ]
[multi_error_top_k: 1]
[auc_mu_weights: ]
[num_machines: 1]
[local_listen_port: 12400]
[time_out: 120]
[machine_list_filename: ]
[machines: ]
[gpu_platform_id: -1]
[gpu_device_id: -1]
[gpu_use_dp: 0]
[num_gpu: 1]

end of parameters
