tree
version=v4
num_class=1
num_tree_per_iteration=1
label_index=0
max_feature_idx=8
objective=regression
feature_names=Column_0 Column_1 Column_2 Column_3 Column_4 Column_5 Column_6 Column_7 Column_8
feature_infos=none [0.49990000000000001:15.0001] [1:52] [0.88888888888888884:141.90909090909091] [0.33333333333333331:25.63636363636364] [3:35682] [0.69230769230769229:1243.333333333333] [32.549999999999997:41.950000000000003] [-124.34999999999999:-114.31]
tree_sizes=3267 5050 3105 2965 4514 2964 4784 1704 4232 4301

Tree=0
num_leaves= 24
num_cat= 0
full_tree_array_lgbids= 0 1 2 5 3 4 10 9 11 6 7 16 13 20 -12 15 14 -7 21 -3 8 19 17 -2 18 -6 -15 -4 -22 -2147483648 -2147483648 -1 -17 -11 -16 -2147483648 -2147483648 -13 -23 -2147483648 -2147483648 12 -10 22 -21 -9 -19 -2147483648 -2147483648 -18 -20 -2147483648 -2147483648 -2147483648 -2147483648 -2147483648 -2147483648 -2147483648 -2147483648 -2147483648 -2147483648 -2147483648 -2147483648 -2147483648 -2147483648 -2147483648 -2147483648 -2147483648 -2147483648 -2147483648 -2147483648 -2147483648 -2147483648 -2147483648 -2147483648 -2147483648 -2147483648 -2147483648 -2147483648 -2147483648 -2147483648 -2147483648 -2147483648 -8 -14 -2147483648 -2147483648 -5 -24 -2147483648 -2147483648 -2147483648 -2147483648 -2147483648 -2147483648 -2147483648 -2147483648 -2147483648 -2147483648 -2147483648 -2147483648 -2147483648 -2147483648 -2147483648 -2147483648 -2147483648 -2147483648 -2147483648 -2147483648 -2147483648 -2147483648 -2147483648 -2147483648 -2147483648 -2147483648 -2147483648 -2147483648 -2147483648 -2147483648 -2147483648 -2147483648 -2147483648 -2147483648 -2147483648 -2147483648 -2147483648 -2147483648
split_feature= 1 1 1 6 6 3 2 1 7 1 1 1 6 1 6 3 2 6 6 2 2 6 3
split_gain= 6924.71 1622.2 1229.18 913.382 368.525 255.444 171.112 150.036 124.459 118.259 93.3198 74.1768 65.9744 58.1217 50.0294 48.5566 44.932 42.736 32.7217 22.6285 10.6004 4.28219 3.91694
threshold= 5.0387000000000013 3.0679500000000002 6.8672000000000013 2.3489548886254448 2.671038674349933 4.3101408005062494 24.500000000000004 4.0775500000000013 37.815000000000005 2.2210000000000005 7.852450000000001 2.4115000000000006 1.9628175980828908 5.7307500000000013 2.4907552973342448 3.449226804123712 19.500000000000004 2.9005380231986346 2.0653737590585881 43.500000000000007 26.500000000000004 2.2906328481453726 5.1186051221335997
decision_type= 2 2 2 2 2 2 2 2 2 2 2 2 2 2 2 2 2 2 2 2 2 2 2
left_child=1 5 4 6 16 9 -3 19 12 15 20 -7 -8 -6 -11 -1 -2 -9 -18 22 -4 -13 -5
right_child=2 3 10 7 13 11 8 17 -10 14 -12 21 -14 -15 -16 -17 18 -19 -20 -21 -22 -23 -24
leaf_value= 2.0405687631288161 2.1558599736411375 2.0945018313365229 2.2105021416414852 2.0474118544579003 2.0994046620642437 1.961879457681825 2.2545441709562692 2.1002101309481218 2.0795283240852767 2.0970408790997888 2.3227113326055062 2.043693994763716 2.1668194654867707 2.154676585639304 2.0327038778370752 1.9814897297846104 2.3293276008777508 2.055796547371648 2.2183144165789459 2.080533949453383 2.2958198799055269 1.9920349409095919 2.0155083659287123
leaf_weight=503 248 567 263 1181 828 1830 264 1016 163 430 609 309 469 773 767 899 91 1158 572 377 168 1491 1536
leaf_count=503 248 567 263 1181 828 1830 264 1016 163 430 609 309 469 773 767 899 91 1158 572 377 168 1491 1536
model_size=2608
internal_value=2.07195 2.03789 2.19622 2.07259 2.15739 2.00039 2.1449 2.05251 2.17679 2.02716 2.28999 1.98123 2.19841 2.12609 2.05582 2.00269 2.2124 2.07655 2.23355 2.03561 2.24376 2.0009 2.02938
internal_weight=0 12960 3552 6731 2512 6229 1463 5268 896 2599 1040 3630 733 1601 1197 1402 911 2174 663 3094 431 1800 2717
internal_count=16512 12960 3552 6731 2512 6229 1463 5268 896 2599 1040 3630 733 1601 1197 1402 911 2174 663 3094 431 1800 2717
is_linear=0
shrinkage=1


Tree=1
num_leaves= 26
num_cat= 0
full_tree_array_lgbids= 0 1 2 5 3 4 13 14 6 7 10 18 22 20 -15 15 -16 9 11 -3 8 24 21 -2 23 -6 -24 -4 -22 -2147483648 -2147483648 -1 -17 -2147483648 -2147483648 16 -11 12 -13 -2147483648 -2147483648 -9 17 -5 -26 -12 -23 -2147483648 -2147483648 -20 -25 -2147483648 -2147483648 -2147483648 -2147483648 -2147483648 -2147483648 -2147483648 -2147483648 -2147483648 -2147483648 -2147483648 -2147483648 -2147483648 -2147483648 -2147483648 -2147483648 -2147483648 -2147483648 -2147483648 -2147483648 -7 -18 -2147483648 -2147483648 19 -14 -2147483648 -2147483648 -2147483648 -2147483648 -2147483648 -2147483648 -2147483648 -2147483648 -10 -19 -2147483648 -2147483648 -2147483648 -2147483648 -2147483648 -2147483648 -2147483648 -2147483648 -2147483648 -2147483648 -2147483648 -2147483648 -2147483648 -2147483648 -2147483648 -2147483648 -2147483648 -2147483648 -2147483648 -2147483648 -2147483648 -2147483648 -2147483648 -2147483648 -2147483648 -2147483648 -2147483648 -2147483648 -2147483648 -2147483648 -2147483648 -2147483648 -2147483648 -2147483648 -2147483648 -2147483648 -2147483648 -2147483648 -2147483648 -2147483648 -2147483648 -2147483648 -2147483648 -2147483648 -2147483648 -2147483648 -2147483648 -2147483648 -2147483648 -2147483648 -2147483648 -2147483648 -2147483648 -2147483648 -2147483648 -2147483648 -2147483648 -2147483648 -2147483648 -2147483648 -2147483648 -2147483648 -2147483648 -2147483648 -8 -21 -2147483648 -2147483648 -2147483648 -2147483648 -2147483648 -2147483648 -2147483648 -2147483648 -2147483648 -2147483648 -2147483648 -2147483648 -2147483648 -2147483648 -2147483648 -2147483648 -2147483648 -2147483648 -2147483648 -2147483648 -2147483648 -2147483648 -2147483648 -2147483648 -2147483648 -2147483648 -2147483648 -2147483648 -2147483648 -2147483648 -2147483648 -2147483648 -2147483648 -2147483648 -2147483648 -2147483648 -2147483648 -2147483648 -2147483648 -2147483648 -2147483648 -2147483648 -2147483648 -2147483648 -2147483648 -2147483648 -2147483648 -2147483648 -2147483648 -2147483648 -2147483648 -2147483648 -2147483648 -2147483648 -2147483648 -2147483648 -2147483648 -2147483648 -2147483648 -2147483648 -2147483648 -2147483648 -2147483648 -2147483648 -2147483648 -2147483648 -2147483648 -2147483648 -2147483648 -2147483648 -2147483648 -2147483648 -2147483648 -2147483648 -2147483648 -2147483648 -2147483648 -2147483648 -2147483648 -2147483648 -2147483648 -2147483648 -2147483648 -2147483648 -2147483648 -2147483648 -2147483648 -2147483648 -2147483648 -2147483648 -2147483648 -2147483648 -2147483648 -2147483648 -2147483648 -2147483648 -2147483648 -2147483648 -2147483648 -2147483648 -2147483648 -2147483648
split_feature= 1 1 1 6 6 6 7 2 6 8 1 8 7 1 7 8 6 7 2 8 2 6 1 6 2
split_gain= 5599.09 1406.1 884.667 772.491 264.161 247.672 169.853 144.607 131.354 114.171 89.4787 78.1336 98.8549 71.5402 56.0024 70.0182 50.4118 39.285 28.264 24.8114 22.5796 15.4727 15.0486 13.2905 4.20873
threshold= 5.1326000000000009 3.1792500000000001 6.8672000000000013 2.4136952392348086 2.7472725830126556 2.1628386478062818 34.455000000000005 19.500000000000004 2.0231950334409352 -117.77499999999999 4.1119000000000012 -121.63499999999998 37.915000000000006 8.4454500000000028 37.935000000000009 -118.24499999999999 3.442186331338819 37.995000000000012 21.500000000000004 -122.33499999999999 26.500000000000004 2.9291766686969298 5.8308000000000009 2.2038024706228287 46.500000000000007
decision_type= 2 2 2 2 2 2 2 2 2 2 2 2 2 2 2 2 2 2 2 2 2 2 2 2 2
left_child=1 5 4 7 18 14 9 -3 -9 16 24 12 19 20 15 -1 -7 -10 -2 -8 -4 -12 -6 -20 -5
right_child=2 3 13 10 22 6 11 8 17 -11 21 -13 -14 -15 -16 -17 -18 -19 23 -21 -22 -23 -24 -25 -26
leaf_value= 0.043882271269507195 0.078495193351611509 0.0093796961059319783 0.13543657874890969 -0.036572484010584293 0.025589329777513981 -0.0058552652882198179 0.064638579792032635 0.14868768062454762 0.075589220413444097 -0.085916063414295987 0.024593510791449415 -0.10766344181607063 -0.096785305672507871 0.23959604986930186 -0.07235363311457392 -0.039252818217290618 -0.055446351101412716 -0.031555246701240179 0.22015546661538954 -0.041036280650469298 0.21211785104663333 -0.013891626500723456 0.074817116627675775 0.13044659851494206 0.022219943474913233
leaf_weight=447 288 444 368 2449 703 873 99 381 672 928 1007 1827 622 426 245 343 998 104 117 407 246 1152 610 541 215
leaf_count=447 288 444 368 2449 703 873 99 381 672 928 1007 1827 622 426 245 343 998 104 117 407 246 1152 610 541 215
model_size=2832
internal_value=0 -0.0292631 0.117203 0.00502842 0.0808164 -0.061711 -0.0707997 0.0676632 0.0900296 -0.0500812 -0.0157633 -0.0904244 -0.0625027 0.19624 -0.0111836 0.00778691 -0.0323074 0.0612297 0.125726 -0.0203608 0.166159 0.0040586 0.0484598 0.146398 -0.0318276
internal_weight=0 13213 3299 6424 2259 6789 5754 1601 1157 2799 4823 2955 1128 1040 1035 790 1871 776 946 506 614 2159 1313 658 2664
internal_count=16512 13213 3299 6424 2259 6789 5754 1601 1157 2799 4823 2955 1128 1040 1035 790 1871 776 946 506 614 2159 1313 658 2664
is_linear=0
shrinkage=0.1


Tree=2
num_leaves= 20
num_cat= 0
full_tree_array_lgbids= 0 1 3 4 2 5 -5 14 7 6 8 -2 17 -2147483648 -2147483648 15 -16 9 11 -3 10 -4 13 -2147483648 -2147483648 -7 -19 -2147483648 -2147483648 -2147483648 -2147483648 -1 -17 -2147483648 -2147483648 16 -11 12 -13 -2147483648 -2147483648 18 -12 -2147483648 -2147483648 -10 -15 -2147483648 -2147483648 -2147483648 -2147483648 -2147483648 -2147483648 -2147483648 -2147483648 -2147483648 -2147483648 -2147483648 -2147483648 -2147483648 -2147483648 -2147483648 -2147483648 -2147483648 -2147483648 -2147483648 -2147483648 -2147483648 -2147483648 -2147483648 -2147483648 -6 -18 -2147483648 -2147483648 -9 -14 -2147483648 -2147483648 -2147483648 -2147483648 -2147483648 -2147483648 -8 -20 -2147483648 -2147483648 -2147483648 -2147483648 -2147483648 -2147483648 -2147483648 -2147483648 -2147483648 -2147483648 -2147483648 -2147483648 -2147483648 -2147483648 -2147483648 -2147483648 -2147483648 -2147483648 -2147483648 -2147483648 -2147483648 -2147483648 -2147483648 -2147483648 -2147483648 -2147483648 -2147483648 -2147483648 -2147483648 -2147483648 -2147483648 -2147483648 -2147483648 -2147483648 -2147483648 -2147483648 -2147483648 -2147483648 -2147483648 -2147483648 -2147483648 -2147483648
split_feature= 1 1 6 1 6 6 2 7 1 8 7 8 7 6 7 8 6 1 1
split_gain= 4543.27 1224.17 657.623 612.256 192.138 180.95 130.504 126.718 100.386 83.7482 60.0006 52.8491 72.4851 50.0461 32.852 43.7655 31.8426 31.8194 12.2521
threshold= 5.2771000000000017 3.1913000000000005 2.2982753493904258 7.3930000000000016 2.1628386478062818 2.6585924622132828 19.500000000000004 34.455000000000005 4.0612500000000002 -117.77499999999999 37.815000000000005 -121.63499999999998 38.675000000000004 2.6829812717770039 37.935000000000009 -118.25499999999998 3.1336552646136835 6.2770500000000009 3.8769000000000005
decision_type= 2 2 2 2 2 2 2 2 2 2 2 2 2 2 2 2 2 2 2
left_child=1 4 6 5 14 -2 -3 9 -4 16 18 12 -9 -10 15 -1 -6 -7 -8
right_child=3 2 8 -5 7 17 10 11 13 -11 -12 -13 -14 -15 -16 -17 -18 -19 -20
leaf_value= 0.040107759142482886 0.13096242774606554 0.014331179516255472 -0.026846203987344865 0.19163208317720951 0.0026380332915769654 0.041852615536129088 0.085806379202671507 -0.029867735486458425 0.040382517967029422 -0.077262467406888288 0.014904926550308509 -0.096699006466492446 -0.1018886064465629 -0.0048357625554359285 -0.064335876221293484 -0.034128205722430721 -0.04492336619736173 0.096253002483729797 0.15053498352619096
leaf_weight=445 734 367 2683 793 644 968 370 728 779 940 140 1841 413 1976 247 350 1246 488 360
leaf_count=445 734 367 2683 793 644 968 370 728 779 940 140 1841 413 1976 247 350 1246 488 360
model_size=2160
internal_value=0 -0.0248042 0.00646612 0.112496 -0.0552578 0.0838407 0.0754141 -0.0634461 -0.0092177 -0.0448418 0.101181 -0.0811021 -0.0559366 0.0079501 -0.0095853 0.00742526 -0.0287173 0.0600857 0.117727
internal_weight=0 13529 6675 2983 6854 2190 1237 5812 5438 2830 870 2982 1141 2755 1042 795 1890 1456 730
internal_count=16512 13529 6675 2983 6854 2190 1237 5812 5438 2830 870 2982 1141 2755 1042 795 1890 1456 730
is_linear=0
shrinkage=0.1


Tree=3
num_leaves= 18
num_cat= 0
full_tree_array_lgbids= 0 1 3 4 2 5 -5 9 6 7 11 -2 -7 -2147483648 -2147483648 -1 15 10 12 -3 8 13 16 -2147483648 -2147483648 -2147483648 -2147483648 -2147483648 -2147483648 -2147483648 -2147483648 -2147483648 -2147483648 -11 -17 -6 -12 -8 -14 -2147483648 -2147483648 -9 14 -4 -15 -13 -18 -2147483648 -2147483648 -2147483648 -2147483648 -2147483648 -2147483648 -2147483648 -2147483648 -2147483648 -2147483648 -2147483648 -2147483648 -2147483648 -2147483648 -2147483648 -2147483648 -2147483648 -2147483648 -2147483648 -2147483648 -2147483648 -2147483648 -2147483648 -2147483648 -2147483648 -2147483648 -2147483648 -2147483648 -2147483648 -2147483648 -2147483648 -2147483648 -2147483648 -2147483648 -2147483648 -2147483648 -2147483648 -2147483648 -10 -16 -2147483648 -2147483648 -2147483648 -2147483648 -2147483648 -2147483648 -2147483648 -2147483648 -2147483648 -2147483648 -2147483648 -2147483648 -2147483648 -2147483648 -2147483648 -2147483648 -2147483648 -2147483648 -2147483648 -2147483648 -2147483648 -2147483648 -2147483648 -2147483648 -2147483648 -2147483648 -2147483648 -2147483648 -2147483648 -2147483648 -2147483648 -2147483648 -2147483648 -2147483648 -2147483648 -2147483648 -2147483648 -2147483648 -2147483648 -2147483648
split_feature= 1 1 6 1 6 2 1 2 6 1 3 1 3 2 7 2 2
split_gain= 3703.69 1153.53 470.663 332.559 260.453 116.504 108.081 79.4624 83.4754 70.0814 64.3542 61.0265 37.1164 16.7178 14.5519 6.71645 1.95598
threshold= 5.6042500000000013 3.5488500000000003 2.4136952392348086 7.7055000000000016 2.2352443515477258 27.500000000000004 2.5205000000000006 19.500000000000004 1.9628175980828908 2.5510500000000005 3.6193833748516839 4.5301500000000017 5.0006134969325169 42.500000000000007 37.935000000000009 21.500000000000004 16.500000000000004
decision_type= 2 2 2 2 2 2 2 2 2 2 2 2 2 2 2 2 2
left_child=1 4 7 5 9 -2 10 -3 -9 -1 -6 13 -8 -4 -10 -11 -13
right_child=3 2 11 -5 6 -7 12 8 14 15 -12 16 -14 -15 -16 -17 -18
leaf_value= -0.034497913425436615 0.066022364041002243 0.018482234578186763 -0.02243885857486301 0.18103643864518337 -0.029145212783639303 0.13308491490020924 -0.022344463023716336 0.15958749482850151 0.082011781004294404 -0.020455825137218737 -0.080249220584099945 -0.012748923409163386 -0.056344551964165983 0.03146197664344004 -0.011555690534767651 0.043912987544528416 0.029338013532883053
leaf_weight=719 1104 384 2258 670 607 632 1837 236 631 244 2610 511 1678 318 105 575 1393
leaf_count=719 1104 384 2258 670 607 632 1837 236 631 244 2610 511 1678 318 105 575 1393
model_size=1936
internal_value=0 -0.0197287 0.0152479 0.115666 -0.0444111 0.0904368 -0.0538821 0.0702772 0.0907394 -0.0029553 -0.0706067 -0.00140823 -0.0385755 -0.015785 0.0686632 0.024736 0.0180426
internal_weight=0 14106 5836 2406 8270 1736 6732 1356 972 1538 3217 4480 3515 2576 736 819 1904
internal_count=16512 14106 5836 2406 8270 1736 6732 1356 972 1538 3217 4480 3515 2576 736 819 1904
is_linear=0
shrinkage=0.1


Tree=4
num_leaves= 18
num_cat= 0
full_tree_array_lgbids= 0 1 2 7 3 4 8 -1 16 5 9 -2 -6 12 -10 -2147483648 -2147483648 -9 -18 6 -7 10 -11 -2147483648 -2147483648 -2147483648 -2147483648 -4 -14 -2147483648 -2147483648 -2147483648 -2147483648 -2147483648 -2147483648 -2147483648 -2147483648 -2147483648 -2147483648 -3 13 -2147483648 -2147483648 -5 11 -2147483648 -2147483648 -2147483648 -2147483648 -2147483648 -2147483648 -2147483648 -2147483648 -2147483648 -2147483648 -2147483648 -2147483648 -2147483648 -2147483648 -2147483648 -2147483648 -2147483648 -2147483648 -2147483648 -2147483648 -2147483648 -2147483648 -2147483648 -2147483648 -2147483648 -2147483648 -2147483648 -2147483648 -2147483648 -2147483648 -2147483648 -2147483648 -2147483648 -2147483648 -2147483648 -2147483648 14 -15 -2147483648 -2147483648 -2147483648 -2147483648 -2147483648 -2147483648 15 -13 -2147483648 -2147483648 -2147483648 -2147483648 -2147483648 -2147483648 -2147483648 -2147483648 -2147483648 -2147483648 -2147483648 -2147483648 -2147483648 -2147483648 -2147483648 -2147483648 -2147483648 -2147483648 -2147483648 -2147483648 -2147483648 -2147483648 -2147483648 -2147483648 -2147483648 -2147483648 -2147483648 -2147483648 -2147483648 -2147483648 -2147483648 -2147483648 -2147483648 -2147483648 -2147483648 -2147483648 -2147483648 -2147483648 -2147483648 -2147483648 -2147483648 -2147483648 -2147483648 -2147483648 -2147483648 -2147483648 -2147483648 -2147483648 -2147483648 -2147483648 -2147483648 -2147483648 -2147483648 -2147483648 -2147483648 -2147483648 -2147483648 -2147483648 -2147483648 -2147483648 -2147483648 -2147483648 -2147483648 -2147483648 -2147483648 -2147483648 -2147483648 -2147483648 -2147483648 -2147483648 -2147483648 -2147483648 -8 -16 -2147483648 -2147483648 -2147483648 -2147483648 -2147483648 -2147483648 -2147483648 -2147483648 -2147483648 -2147483648 -2147483648 -2147483648 -2147483648 -2147483648 -12 -17 -2147483648 -2147483648 -2147483648 -2147483648 -2147483648 -2147483648 -2147483648 -2147483648 -2147483648 -2147483648 -2147483648 -2147483648 -2147483648 -2147483648 -2147483648 -2147483648 -2147483648 -2147483648 -2147483648 -2147483648 -2147483648 -2147483648 -2147483648 -2147483648 -2147483648 -2147483648 -2147483648 -2147483648 -2147483648 -2147483648 -2147483648 -2147483648 -2147483648 -2147483648 -2147483648 -2147483648 -2147483648 -2147483648 -2147483648 -2147483648 -2147483648 -2147483648 -2147483648 -2147483648 -2147483648 -2147483648 -2147483648 -2147483648 -2147483648 -2147483648 -2147483648 -2147483648 -2147483648 -2147483648 -2147483648 -2147483648 -2147483648 -2147483648 -2147483648 -2147483648 -2147483648 -2147483648 -2147483648 -2147483648 -2147483648 -2147483648 -2147483648 -2147483648 -2147483648 -2147483648 -2147483648 -2147483648 -2147483648 -2147483648
split_feature= 1 1 1 6 6 7 8 3 2 7 8 8 1 8 7 7 1
split_gain= 2998.19 705.627 535.422 414.259 122.875 112.93 113.114 101.761 65.2481 50.0528 152.962 49.9495 42.7093 22.091 88.8582 21.6037 5.07015
threshold= 5.0387000000000013 2.7820000000000005 6.3963500000000009 2.4136952392348086 2.5763869593405579 37.995000000000012 -122.35499999999998 3.8792159595040387 26.500000000000004 37.895000000000003 -122.24499999999999 -117.77499999999999 8.7395500000000013 -117.98499999999999 34.155000000000008 34.525000000000013 1.9486000000000003
decision_type= 2 2 2 2 2 2 2 2 2 2 2 2 2 2 2 2 2
left_child=1 7 4 5 -2 6 -3 -1 12 10 -5 15 -4 14 -8 -12 -9
right_child=2 3 8 9 -6 -7 13 16 -10 -11 11 -13 -14 -15 -16 -17 -18
leaf_value= -0.023679661506774419 0.09610357214907142 0.13788044275715947 0.087213160929134392 0.077608409725868979 0.030360898149542744 -0.037103181530082067 0.098001338333696175 -0.08413446105215372 0.16748152863922122 -0.047181541990896664 0.0046827652541670574 -0.045824376083894218 0.17624492608010769 0.00017677374320693111 0.023349600578853432 -0.027684758810004526 -0.054646235171532491
leaf_weight=1413 603 204 628 262 1537 268 456 1169 612 1064 2174 1003 172 424 692 1317 2514
leaf_count=1413 603 204 628 262 1537 268 456 1169 612 1064 2174 1003 172 424 692 1317 2514
model_size=1936
internal_value=0 -0.0225461 0.0822629 -0.00292531 0.0488856 0.0387013 0.0501403 -0.0528244 0.132849 -0.0175447 -0.0109144 -0.0160753 0.106355 0.0387541 0.0530022 -0.00752807 -0.0640059
internal_weight=0 12960 3552 7864 2140 2044 1776 5096 1412 5820 4756 4494 800 1572 1148 3491 3683
internal_count=16512 12960 3552 7864 2140 2044 1776 5096 1412 5820 4756 4494 800 1572 1148 3491 3683
is_linear=0
shrinkage=0.1


Tree=5
num_leaves= 18
num_cat= 0
full_tree_array_lgbids= 0 2 1 5 3 4 6 16 -7 9 7 12 -6 14 -8 -1 -18 -2147483648 -2147483648 -4 15 8 10 -2 13 -2147483648 -2147483648 -3 -16 -2147483648 -2147483648 -2147483648 -2147483648 -2147483648 -2147483648 -2147483648 -2147483648 -2147483648 -2147483648 -2147483648 -2147483648 -11 -17 -5 -10 11 -12 -2147483648 -2147483648 -14 -15 -2147483648 -2147483648 -2147483648 -2147483648 -2147483648 -2147483648 -2147483648 -2147483648 -2147483648 -2147483648 -2147483648 -2147483648 -2147483648 -2147483648 -2147483648 -2147483648 -2147483648 -2147483648 -2147483648 -2147483648 -2147483648 -2147483648 -2147483648 -2147483648 -2147483648 -2147483648 -2147483648 -2147483648 -2147483648 -2147483648 -2147483648 -2147483648 -2147483648 -2147483648 -2147483648 -2147483648 -2147483648 -2147483648 -2147483648 -2147483648 -9 -13 -2147483648 -2147483648 -2147483648 -2147483648 -2147483648 -2147483648 -2147483648 -2147483648 -2147483648 -2147483648 -2147483648 -2147483648 -2147483648 -2147483648 -2147483648 -2147483648 -2147483648 -2147483648 -2147483648 -2147483648 -2147483648 -2147483648 -2147483648 -2147483648 -2147483648 -2147483648 -2147483648 -2147483648 -2147483648 -2147483648 -2147483648 -2147483648 -2147483648 -2147483648
split_feature= 1 1 1 6 6 3 1 8 7 2 7 6 2 6 2 7 6
split_gain= 2448.69 625.091 397.917 299.885 163.936 75.2367 51.9859 44.5234 56.2728 40.1533 29.62 39.2149 23.6113 23.1881 17.9893 11.8989 0.0964769
threshold= 4.5301500000000017 6.3350000000000009 2.7820000000000005 2.2147445135257553 2.735488224282792 4.2015099382944241 8.0125000000000011 -122.38499999999998 38.32500000000001 24.500000000000004 37.945000000000007 2.8941056667066012 21.500000000000004 2.0653737590585881 26.500000000000004 37.815000000000005 2.8335312747426764
decision_type= 2 2 2 2 2 2 2 2 2 2 2 2 2 2 2 2 2
left_child=2 4 5 9 12 16 14 8 -5 -4 11 -9 -2 -14 -3 -11 -1
right_child=1 6 3 7 -6 -7 -8 10 -10 15 -12 -13 13 -15 -16 -17 -18
leaf_value= -0.0051420784237561747 0.029649116368267482 0.072351886106384405 0.0061699337785092881 0.071299962781760026 0.013997814841210876 -0.061053895224600335 0.15454376446657617 0.00018938250088838652 -0.031613860711157175 0.084420235395693252 -0.053718342170865345 -0.031012973134390054 0.16566122867103317 0.073073252187101811 0.13338241354728195 -0.0055947211167189925 -0.041564935111759127
leaf_weight=800 421 561 426 272 1959 3058 548 2010 196 564 798 2261 117 805 365 113 1238
leaf_count=800 421 561 426 272 1959 3058 548 2010 196 564 798 2261 117 805 365 113 1238
model_size=1936
internal_value=0 0.0611546 -0.024887 -0.00750007 0.0357693 -0.047542 0.118022 -0.0179537 0.0281993 0.0449766 -0.0222148 -0.0163287 0.0675269 0.0848225 0.0964082 0.0693956 -0.0272674
internal_weight=0 4776 11736 6640 3302 5096 1474 5537 468 1103 5069 4271 1343 922 926 677 2038
internal_count=16512 4776 11736 6640 3302 5096 1474 5537 468 1103 5069 4271 1343 922 926 677 2038
is_linear=0
shrinkage=0.1


Tree=6
num_leaves= 22
num_cat= 0
full_tree_array_lgbids= 0 1 3 4 2 5 -5 13 6 9 16 -2 -7 -2147483648 -2147483648 14 -15 7 8 12 -11 -4 17 -2147483648 -2147483648 -2147483648 -2147483648 -2147483648 -2147483648 -2147483648 -2147483648 -1 20 -2147483648 -2147483648 -6 -9 10 -10 -3 15 -2147483648 -2147483648 -2147483648 -2147483648 18 -19 -2147483648 -2147483648 -2147483648 -2147483648 -2147483648 -2147483648 -2147483648 -2147483648 -2147483648 -2147483648 -2147483648 -2147483648 -2147483648 -2147483648 -2147483648 -2147483648 -2147483648 -2147483648 -16 -22 -2147483648 -2147483648 -2147483648 -2147483648 -2147483648 -2147483648 -2147483648 -2147483648 11 -12 -2147483648 -2147483648 -2147483648 -2147483648 -14 -17 -2147483648 -2147483648 -2147483648 -2147483648 -2147483648 -2147483648 -2147483648 -2147483648 19 -20 -2147483648 -2147483648 -2147483648 -2147483648 -2147483648 -2147483648 -2147483648 -2147483648 -2147483648 -2147483648 -2147483648 -2147483648 -2147483648 -2147483648 -2147483648 -2147483648 -2147483648 -2147483648 -2147483648 -2147483648 -2147483648 -2147483648 -2147483648 -2147483648 -2147483648 -2147483648 -2147483648 -2147483648 -2147483648 -2147483648 -2147483648 -2147483648 -2147483648 -2147483648 -2147483648 -2147483648 -2147483648 -2147483648 -2147483648 -2147483648 -2147483648 -2147483648 -2147483648 -2147483648 -2147483648 -2147483648 -2147483648 -2147483648 -2147483648 -2147483648 -2147483648 -2147483648 -2147483648 -2147483648 -2147483648 -2147483648 -2147483648 -2147483648 -8 -13 -2147483648 -2147483648 -2147483648 -2147483648 -2147483648 -2147483648 -2147483648 -2147483648 -2147483648 -2147483648 -2147483648 -2147483648 -2147483648 -2147483648 -2147483648 -2147483648 -2147483648 -2147483648 -2147483648 -2147483648 -2147483648 -2147483648 -2147483648 -2147483648 -2147483648 -2147483648 -2147483648 -2147483648 -2147483648 -2147483648 -18 -21 -2147483648 -2147483648 -2147483648 -2147483648 -2147483648 -2147483648 -2147483648 -2147483648 -2147483648 -2147483648 -2147483648 -2147483648 -2147483648 -2147483648 -2147483648 -2147483648 -2147483648 -2147483648 -2147483648 -2147483648 -2147483648 -2147483648 -2147483648 -2147483648 -2147483648 -2147483648 -2147483648 -2147483648 -2147483648 -2147483648 -2147483648 -2147483648 -2147483648 -2147483648 -2147483648 -2147483648 -2147483648 -2147483648 -2147483648 -2147483648 -2147483648 -2147483648 -2147483648 -2147483648 -2147483648 -2147483648 -2147483648 -2147483648 -2147483648 -2147483648 -2147483648 -2147483648 -2147483648 -2147483648 -2147483648 -2147483648 -2147483648 -2147483648 -2147483648 -2147483648 -2147483648 -2147483648 -2147483648 -2147483648 -2147483648 -2147483648 -2147483648 -2147483648 -2147483648 -2147483648
split_feature= 1 1 6 1 6 6 7 8 8 7 7 8 2 7 8 6 8 7 8 6 8
split_gain= 2007.59 633.865 249.668 147.564 134.316 66.3802 60.0764 64.7061 61.765 48.5966 42.0084 38.661 37.7136 32.5536 36.6244 32.0084 12.2043 31.3543 25.9943 5.52612 5.05458
threshold= 5.6042500000000013 3.5488500000000003 2.5288691539219195 7.7055000000000016 2.2352443515477258 3.0089663118548242 34.455000000000005 -118.29499999999999 -120.09499999999998 37.935000000000009 37.895000000000003 -122.31499999999998 17.500000000000004 37.935000000000009 -122.31499999999998 1.9628175980828908 -121.85499999999998 34.655000000000008 -117.79499999999999 3.1747392355722384 -117.145
decision_type= 2 2 2 2 2 2 2 2 2 2 2 2 2 2 2 2 2 2 2 2 2
left_child=1 4 9 5 13 -2 7 -6 10 12 11 -8 -3 14 -1 -14 -4 18 19 -18 -16
right_child=3 2 16 -5 6 -7 8 -9 -10 -11 -12 -13 15 -15 20 -17 17 -19 -20 -21 -22
leaf_value= 0.11520863857245847 0.088542754508309895 0.0085270048552015237 0.023074756048982691 0.13355243574216297 0.012515995271026675 0.031808538158396932 0.060681089627549804 -0.036801360898096845 -0.087086516280051263 -0.015283851876943245 -0.061175802257109724 -0.031319470456100972 0.12595008559390364 -0.047235970604126709 0.014868740676940322 0.056049301926139064 0.030541696130870558 -0.038900601663347335 -0.029602249374488951 -0.011994797545171021 -0.056054205769374046
leaf_weight=89 1087 341 850 670 663 649 139 2665 868 253 1413 984 249 349 938 952 946 875 716 654 162
leaf_count=89 1087 341 850 670 663 649 139 2665 868 253 1413 984 249 349 938 952 946 875 716 654 162
model_size=2384
internal_value=0 -0.0146299 0.0118556 0.085773 -0.0333204 0.0673328 -0.0407299 -0.0269764 -0.0541763 0.0466637 -0.0429121 -0.019932 0.0568276 -0.000887963 0.0127163 0.0705416 -0.003606 -0.0107131 -6.36285e-05 0.0131549 0.00442372
internal_weight=0 14106 5836 2406 8270 1736 6732 3328 3404 1795 2536 1123 1542 1538 1189 1201 4041 3191 2316 1600 1100
internal_count=16512 14106 5836 2406 8270 1736 6732 3328 3404 1795 2536 1123 1542 1538 1189 1201 4041 3191 2316 1600 1100
is_linear=0
shrinkage=0.1


Tree=7
num_leaves= 11
num_cat= 0
full_tree_array_lgbids= 0 2 1 6 3 4 7 -1 -8 8 5 -2 -6 -3 -9 -2147483648 -2147483648 -2147483648 -2147483648 -4 -10 -5 9 -2147483648 -2147483648 -2147483648 -2147483648 -2147483648 -2147483648 -2147483648 -2147483648 -2147483648 -2147483648 -2147483648 -2147483648 -2147483648 -2147483648 -2147483648 -2147483648 -2147483648 -2147483648 -2147483648 -2147483648 -2147483648 -2147483648 -7 -11 -2147483648 -2147483648 -2147483648 -2147483648 -2147483648 -2147483648 -2147483648 -2147483648 -2147483648 -2147483648 -2147483648 -2147483648 -2147483648 -2147483648 -2147483648 -2147483648
split_feature= 1 1 1 6 6 2 3 2 2 8
split_gain= 1623.65 392.123 260.088 203.876 99.2771 37.8152 37.4838 25.8644 10.6941 2.22137
threshold= 4.5301500000000017 6.3350000000000009 2.5894500000000007 2.0653737590585881 2.5163636904584812 47.500000000000007 3.3654435698213785 21.500000000000004 24.500000000000004 -122.33499999999999
decision_type= 2 2 2 2 2 2 2 2 2 2
left_child=2 4 6 8 -2 -5 -1 -3 -4 -7
right_child=1 7 3 5 -6 9 -8 -9 -10 -11
leaf_value= -0.0029392316311894532 0.068397996916806925 0.067303784952313914 0.0078015942604392338 -0.018402069530966677 0.016725786803240768 0.080473085784739481 -0.048567601423316474 0.11746656590995069 0.067910066992154489 0.0035923806269645428
leaf_weight=565 814 619 343 6094 2488 164 3679 855 529 362
leaf_count=565 814 619 343 6094 2488 164 3679 855 529 362
model_size=1152
internal_value=0 0.0501224 -0.0203975 -0.00788091 0.0294639 -0.0147499 -0.0424931 0.0964009 0.0442665 0.0275628
internal_weight=0 4776 11736 7492 3302 6620 4244 1474 872 526
internal_count=16512 4776 11736 7492 3302 6620 4244 1474 872 526
is_linear=0
shrinkage=0.1


Tree=8
num_leaves= 14
num_cat= 0
full_tree_array_lgbids= 0 1 3 4 2 6 -5 -1 7 5 -4 -2 -8 -2147483648 -2147483648 -2147483648 -2147483648 8 9 10 -7 -2147483648 -2147483648 -2147483648 -2147483648 -2147483648 -2147483648 -2147483648 -2147483648 -2147483648 -2147483648 -2147483648 -2147483648 -2147483648 -2147483648 -6 -10 11 -11 -3 -12 -2147483648 -2147483648 -2147483648 -2147483648 -2147483648 -2147483648 -2147483648 -2147483648 -2147483648 -2147483648 -2147483648 -2147483648 -2147483648 -2147483648 -2147483648 -2147483648 -2147483648 -2147483648 -2147483648 -2147483648 -2147483648 -2147483648 -2147483648 -2147483648 -2147483648 -2147483648 -2147483648 -2147483648 -2147483648 -2147483648 -2147483648 -2147483648 -2147483648 -2147483648 12 -13 -2147483648 -2147483648 -2147483648 -2147483648 -2147483648 -2147483648 -2147483648 -2147483648 -2147483648 -2147483648 -2147483648 -2147483648 -2147483648 -2147483648 -2147483648 -2147483648 -2147483648 -2147483648 -2147483648 -2147483648 -2147483648 -2147483648 -2147483648 -2147483648 -2147483648 -2147483648 -2147483648 -2147483648 -2147483648 -2147483648 -2147483648 -2147483648 -2147483648 -2147483648 -2147483648 -2147483648 -2147483648 -2147483648 -2147483648 -2147483648 -2147483648 -2147483648 -2147483648 -2147483648 -2147483648 -2147483648 -2147483648 -2147483648 -2147483648 -2147483648 -2147483648 -2147483648 -2147483648 -2147483648 -2147483648 -2147483648 -2147483648 -2147483648 -2147483648 -2147483648 -2147483648 -2147483648 -2147483648 -2147483648 -2147483648 -2147483648 -2147483648 -2147483648 -2147483648 -2147483648 -2147483648 -2147483648 -2147483648 -2147483648 -9 -14 -2147483648 -2147483648 -2147483648 -2147483648 -2147483648 -2147483648 -2147483648 -2147483648 -2147483648 -2147483648 -2147483648 -2147483648 -2147483648 -2147483648 -2147483648 -2147483648 -2147483648 -2147483648 -2147483648 -2147483648 -2147483648 -2147483648 -2147483648 -2147483648 -2147483648 -2147483648 -2147483648 -2147483648 -2147483648 -2147483648 -2147483648 -2147483648 -2147483648 -2147483648 -2147483648 -2147483648 -2147483648 -2147483648 -2147483648 -2147483648 -2147483648 -2147483648 -2147483648 -2147483648 -2147483648 -2147483648 -2147483648 -2147483648 -2147483648 -2147483648 -2147483648 -2147483648 -2147483648 -2147483648 -2147483648 -2147483648 -2147483648 -2147483648 -2147483648 -2147483648 -2147483648 -2147483648 -2147483648 -2147483648 -2147483648 -2147483648 -2147483648 -2147483648 -2147483648 -2147483648 -2147483648 -2147483648 -2147483648 -2147483648 -2147483648 -2147483648 -2147483648 -2147483648 -2147483648 -2147483648 -2147483648 -2147483648 -2147483648 -2147483648 -2147483648 -2147483648 -2147483648 -2147483648 -2147483648 -2147483648 -2147483648 -2147483648 -2147483648 -2147483648 -2147483648 -2147483648 -2147483648 -2147483648 -2147483648 -2147483648 -2147483648 -2147483648
split_feature= 1 1 6 1 6 7 6 7 8 8 8 7 8
split_gain= 1324.38 370.145 188.217 123.341 55.5784 48.7053 43.1526 30.8619 44.0276 38.1226 30.4378 23.8344 15.9889
threshold= 5.3736000000000006 3.3277500000000004 2.5763869593405579 7.3930000000000016 2.0376051459673437 37.935000000000009 3.0089663118548242 34.455000000000005 -118.30499999999999 -120.09499999999998 -117.88499999999998 37.895000000000003 -122.31499999999998
decision_type= 2 2 2 2 2 2 2 2 2 2 2 2 2
left_child=1 4 5 6 -1 10 -2 8 -6 11 -3 12 -9
right_child=3 2 -4 -5 7 -7 -8 9 -10 -11 -12 -13 -14
leaf_value= 0.0059816081473799566 0.065977351016313843 0.055089758293518615 -0.0082688345350181401 0.10546435246844206 0.018389427317015362 -0.018973286654984531 0.018088759798663243 0.059180988378481562 -0.03011299486264531 -0.075455553876937545 -0.002293011820083873 -0.052055529470621587 -0.024265800303883547
leaf_weight=847 1247 1466 4123 793 560 341 753 131 2621 863 359 1423 985
leaf_count=847 1247 1466 4123 793 560 341 753 131 2621 863 359 1423 985
model_size=1488
internal_value=0 -0.0130861 0.00626111 0.0642778 -0.0294622 0.033919 0.0479473 -0.0340225 -0.0215744 -0.045662 0.0438019 -0.0355353 -0.0144705
internal_weight=0 13719 6289 2793 7430 2166 2000 6583 3181 3402 1825 2539 1116
internal_count=16512 13719 6289 2793 7430 2166 2000 6583 3181 3402 1825 2539 1116
is_linear=0
shrinkage=0.1


Tree=9
num_leaves= 15
num_cat= 0
full_tree_array_lgbids= 0 2 1 13 4 3 5 -1 -15 -4 7 6 12 -3 -7 -2147483648 -2147483648 -2147483648 -2147483648 -2147483648 -2147483648 8 -9 -2 -8 -5 -14 -2147483648 -2147483648 -2147483648 -2147483648 -2147483648 -2147483648 -2147483648 -2147483648 -2147483648 -2147483648 -2147483648 -2147483648 -2147483648 -2147483648 -2147483648 -2147483648 -6 9 -2147483648 -2147483648 -2147483648 -2147483648 -2147483648 -2147483648 -2147483648 -2147483648 -2147483648 -2147483648 -2147483648 -2147483648 -2147483648 -2147483648 -2147483648 -2147483648 -2147483648 -2147483648 -2147483648 -2147483648 -2147483648 -2147483648 -2147483648 -2147483648 -2147483648 -2147483648 -2147483648 -2147483648 -2147483648 -2147483648 -2147483648 -2147483648 -2147483648 -2147483648 -2147483648 -2147483648 -2147483648 -2147483648 -2147483648 -2147483648 -2147483648 -2147483648 -2147483648 -2147483648 11 10 -2147483648 -2147483648 -2147483648 -2147483648 -2147483648 -2147483648 -2147483648 -2147483648 -2147483648 -2147483648 -2147483648 -2147483648 -2147483648 -2147483648 -2147483648 -2147483648 -2147483648 -2147483648 -2147483648 -2147483648 -2147483648 -2147483648 -2147483648 -2147483648 -2147483648 -2147483648 -2147483648 -2147483648 -2147483648 -2147483648 -2147483648 -2147483648 -2147483648 -2147483648 -2147483648 -2147483648 -2147483648 -2147483648 -2147483648 -2147483648 -2147483648 -2147483648 -2147483648 -2147483648 -2147483648 -2147483648 -2147483648 -2147483648 -2147483648 -2147483648 -2147483648 -2147483648 -2147483648 -2147483648 -2147483648 -2147483648 -2147483648 -2147483648 -2147483648 -2147483648 -2147483648 -2147483648 -2147483648 -2147483648 -2147483648 -2147483648 -2147483648 -2147483648 -2147483648 -2147483648 -2147483648 -2147483648 -2147483648 -2147483648 -2147483648 -2147483648 -2147483648 -2147483648 -2147483648 -2147483648 -2147483648 -2147483648 -2147483648 -2147483648 -2147483648 -2147483648 -2147483648 -2147483648 -10 -13 -11 -12 -2147483648 -2147483648 -2147483648 -2147483648 -2147483648 -2147483648 -2147483648 -2147483648 -2147483648 -2147483648 -2147483648 -2147483648 -2147483648 -2147483648 -2147483648 -2147483648 -2147483648 -2147483648 -2147483648 -2147483648 -2147483648 -2147483648 -2147483648 -2147483648 -2147483648 -2147483648 -2147483648 -2147483648 -2147483648 -2147483648 -2147483648 -2147483648 -2147483648 -2147483648 -2147483648 -2147483648 -2147483648 -2147483648 -2147483648 -2147483648 -2147483648 -2147483648 -2147483648 -2147483648 -2147483648 -2147483648 -2147483648 -2147483648 -2147483648 -2147483648 -2147483648 -2147483648 -2147483648 -2147483648 -2147483648 -2147483648 -2147483648 -2147483648 -2147483648 -2147483648 -2147483648 -2147483648 -2147483648 -2147483648 -2147483648 -2147483648 -2147483648 -2147483648 -2147483648 -2147483648 -2147483648 -2147483648
split_feature= 1 1 1 6 6 2 2 7 8 7 8 8 6 3
split_gain= 1086.09 313.89 117.545 107.066 106.62 13.7777 9.96969 9.5704 77.0476 7.37359 67.2785 48.681 3.38824 0.0591851
threshold= 4.125700000000001 6.2770500000000009 2.2336500000000004 2.4469862317432325 2.0376051459673437 29.500000000000004 16.500000000000004 38.475000000000001 -122.38499999999998 34.455000000000005 -120.09499999999998 -117.79499999999999 3.1336552646136835 3.5232617427316812
decision_type= 2 2 2 2 2 2 2 2 2 2 2 2 2 2
left_child=2 3 13 6 -4 -3 -2 8 -6 11 -11 -10 -5 -1
right_child=1 5 4 12 7 -7 -8 -9 9 10 -12 -13 -14 -15
leaf_value= -0.011169117872357357 0.0056467823548131887 0.060312019562963753 0.030446560769111255 0.02010122929312478 0.048602425432490472 0.10699057696303105 0.071807412782316268 -0.044404102360028543 0.0044392709262919402 -0.015870962821030007 -0.070669511337071028 -0.034550270086338271 -0.0091392590185772945 -0.049018964643295602
leaf_weight=562 219 962 848 2252 349 574 765 873 2330 1560 611 1095 1228 2284
leaf_count=562 219 962 848 2252 349 574 765 873 2330 1560 611 1095 1228 2284
model_size=1600
internal_value=0 0.0349412 -0.0199436 0.0202093 -0.0119242 0.0777557 0.0570826 -0.0171941 -0.0131984 -0.0170527 -0.0312933 -0.008026 0.00978303 -0.0415448
internal_weight=0 6000 10512 4464 7666 1536 984 6818 5945 5596 2171 3425 3480 2846
internal_count=16512 6000 10512 4464 7666 1536 984 6818 5945 5596 2171 3425 3480 2846
is_linear=0
shrinkage=0.1


end of trees

feature_importances:
Column_1=47
Column_6=42
Column_7=27
Column_8=27
Column_2=24
Column_3=9

parameters:
[boosting: gbdt]
[objective: regression]
[metric: rmse]
[tree_learner: serial]
[device_type: cpu]
[data_sample_strategy: bagging]
[data: data/california_housing.libsvm.train]
[valid: data/california_housing.libsvm.test]
[num_iterations: 10]
[learning_rate: 0.1]
[num_leaves: 255]
[num_threads: 0]
[seed: 42]
[deterministic: 0]
[force_col_wise: 0]
[force_row_wise: 0]
[histogram_pool_size: -1]
[max_depth: 7]
[min_data_in_leaf: 10]
[min_sum_hessian_in_leaf: 0.001]
[bagging_fraction: 1]
[pos_bagging_fraction: 1]
[neg_bagging_fraction: 1]
[bagging_freq: 0]
[bagging_seed: 400]
[feature_fraction: 1]
[feature_fraction_bynode: 1]
[feature_fraction_seed: 30056]
[extra_trees: 0]
[extra_seed: 12879]
[early_stopping_round: 0]
[early_stopping_min_delta: 0]
[first_metric_only: 0]
[max_delta_step: 0]
[lambda_l1: 0]
[lambda_l2: 0]
[linear_lambda: 0]
[min_gain_to_split: 0]
[drop_rate: 0.1]
[max_drop: 50]
[skip_drop: 0.5]
[xgboost_dart_mode: 0]
[uniform_drop: 0]
[drop_seed: 17869]
[top_rate: 0.2]
[other_rate: 0.1]
[min_data_per_group: 100]
[max_cat_threshold: 32]
[cat_l2: 10]
[cat_smooth: 10]
[max_cat_to_onehot: 4]
[top_k: 20]
[monotone_constraints: ]
[monotone_constraints_method: basic]
[monotone_penalty: 0]
[feature_contri: ]
[forcedsplits_filename: ]
[refit_decay_rate: 0.9]
[tinygbdt_penalty_feature: 8]
[tinygbdt_penalty_split: 0.00195312]
[tinygbdt_forestsize: 64000]
[tinygbdt_precision: 7]
[cegb_tradeoff: 1]
[cegb_penalty_split: 0]
[cegb_penalty_feature_lazy: ]
[cegb_penalty_feature_coupled: ]
[path_smooth: 0]
[interaction_constraints: ]
[verbosity: 2]
[saved_feature_importance_type: 0]
[use_quantized_grad: 0]
[num_grad_quant_bins: 4]
[quant_train_renew_leaf: 0]
[stochastic_rounding: 1]
[linear_tree: 0]
[max_bin: 255]
[max_bin_by_feature: ]
[min_data_in_bin: 3]
[bin_construct_sample_cnt: 200000]
[data_random_seed: 175]
[is_enable_sparse: 1]
[enable_bundle: 1]
[use_missing: 1]
[zero_as_missing: 0]
[feature_pre_filter: 1]
[pre_partition: 0]
[two_round: 0]
[header: 0]
[label_column: ]
[weight_column: ]
[group_column: ]
[ignore_column: ]
[categorical_feature: ]
[forcedbins_filename: ]
[precise_float_parser: 0]
[parser_config_file: ]
[objective_seed: 16083]
[num_class: 1]
[is_unbalance: 0]
[scale_pos_weight: 1]
[sigmoid: 1]
[boost_from_average: 1]
[reg_sqrt: 0]
[alpha: 0.9]
[fair_c: 1]
[poisson_max_delta_step: 0.7]
[tweedie_variance_power: 1.5]
[lambdarank_truncation_level: 30]
[lambdarank_norm: 1]
[label_gain: ]
[lambdarank_position_bias_regularization: 0]
[eval_at: ]
[multi_error_top_k: 1]
[auc_mu_weights: ]
[num_machines: 1]
[local_listen_port: 12400]
[time_out: 120]
[machine_list_filename: ]
[machines: ]
[gpu_platform_id: -1]
[gpu_device_id: -1]
[gpu_use_dp: 0]
[num_gpu: 1]

end of parameters
