tree
version=v4
num_class=1
num_tree_per_iteration=1
label_index=0
max_feature_idx=8
objective=regression
feature_names=Column_0 Column_1 Column_2 Column_3 Column_4 Column_5 Column_6 Column_7 Column_8
feature_infos=none [0.49990000000000001:15.0001] [1:52] [0.88888888888888884:141.90909090909091] [0.33333333333333331:25.63636363636364] [3:35682] [0.69230769230769229:1243.333333333333] [32.549999999999997:41.950000000000003] [-124.34999999999999:-114.31]
tree_sizes=5503 5247 3242 2827 4290 4229 2545 1639 4160 1557 793 1568 3945 656 3886 562 926 493 3888 374 378 661 376 378

Tree=0
num_leaves= 35
num_cat= 0
full_tree_array_lgbids= 0 1 2 5 3 4 10 9 11 6 7 16 13 20 33 15 14 -7 21 -3 8 19 17 -2 18 -6 29 -4 -22 -12 -35 -1 -17 27 -16 -2147483648 -2147483648 -13 30 -2147483648 -2147483648 12 -10 22 25 24 -19 -2147483648 -2147483648 -18 23 -2147483648 -2147483648 -15 -31 -2147483648 -2147483648 -2147483648 -2147483648 -2147483648 -2147483648 -2147483648 -2147483648 -2147483648 -2147483648 -2147483648 -2147483648 32 -29 -2147483648 -2147483648 -2147483648 -2147483648 -2147483648 -2147483648 -2147483648 -2147483648 31 -32 -2147483648 -2147483648 -2147483648 -2147483648 28 26 -2147483648 -2147483648 -5 -24 -21 -27 -9 -26 -2147483648 -2147483648 -2147483648 -2147483648 -2147483648 -2147483648 -2147483648 -2147483648 -20 -25 -2147483648 -2147483648 -2147483648 -2147483648 -2147483648 -2147483648 -2147483648 -2147483648 -2147483648 -2147483648 -2147483648 -2147483648 -2147483648 -2147483648 -2147483648 -2147483648 -2147483648 -2147483648 -2147483648 -2147483648 -2147483648 -2147483648 -2147483648 -2147483648 -2147483648 -2147483648 -2147483648 -2147483648 -2147483648 -2147483648 -2147483648 -2147483648 -11 -34 -2147483648 -2147483648 -2147483648 -2147483648 -2147483648 -2147483648 -2147483648 -2147483648 -2147483648 -2147483648 -2147483648 -2147483648 -2147483648 -2147483648 -2147483648 -2147483648 -2147483648 -2147483648 -23 -33 -2147483648 -2147483648 -2147483648 -2147483648 -2147483648 -2147483648 -2147483648 -2147483648 -2147483648 -2147483648 -8 -30 -14 -28 -2147483648 -2147483648 -2147483648 -2147483648 -2147483648 -2147483648 -2147483648 -2147483648 -2147483648 -2147483648 -2147483648 -2147483648 -2147483648 -2147483648 -2147483648 -2147483648 -2147483648 -2147483648 -2147483648 -2147483648 -2147483648 -2147483648 -2147483648 -2147483648 -2147483648 -2147483648 -2147483648 -2147483648 -2147483648 -2147483648 -2147483648 -2147483648 -2147483648 -2147483648 -2147483648 -2147483648 -2147483648 -2147483648 -2147483648 -2147483648 -2147483648 -2147483648 -2147483648 -2147483648 -2147483648 -2147483648 -2147483648 -2147483648 -2147483648 -2147483648 -2147483648 -2147483648 -2147483648 -2147483648 -2147483648 -2147483648 -2147483648 -2147483648 -2147483648 -2147483648 -2147483648 -2147483648 -2147483648 -2147483648 -2147483648 -2147483648 -2147483648 -2147483648 -2147483648 -2147483648 -2147483648 -2147483648 -2147483648 -2147483648 -2147483648 -2147483648 -2147483648 -2147483648 -2147483648 -2147483648 -2147483648 -2147483648 -2147483648 -2147483648
split_feature= 1 1 1 6 6 3 2 1 7 1 1 1 6 1 6 3 2 6 6 2 2 6 3 1 2 8 8 8 1 2 7 8 7 1
split_gain= 6956.71 1653.96 1260.93 944.885 399.781 286.948 202.12 181.044 154.722 148.77 124.576 104.689 95.742 88.8815 79.549 78.0762 75.6918 72.7516 60.5049 52.6441 39.8719 33.3056 30.956 24.8835 23.4682 18.3716 16.5791 14.9314 10.7047 9.54638 2.79703 4.8471 2.11505 0.0548665
threshold= 5.0387000000000013 3.0679500000000002 6.8672000000000013 2.3489548886254448 2.671038674349933 4.3101408005062494 24.500000000000004 4.0775500000000013 37.815000000000005 2.2210000000000005 7.852450000000001 2.4115000000000006 1.9628175980828908 5.7307500000000013 2.4907552973342448 3.449226804123712 19.500000000000004 2.9005380231986346 2.0653737590585881 43.500000000000007 26.500000000000004 2.2906328481453726 5.1186051221335997 5.8308000000000009 41.500000000000007 -122.40499999999999 -117.88499999999998 -118.26499999999999 3.4298000000000006 27.500000000000004 34.525000000000013 -117.77499999999999 37.815000000000005 8.7395500000000013
decision_type= 2 2 2 2 2 2 2 2 2 2 2 2 2 2 2 2 2 2 2 2 2 2 2 2 2 2 2 2 2 2 2 2 2 2
left_child=1 5 4 6 16 9 -3 19 12 15 20 -7 28 -6 27 -1 -2 24 -18 22 -4 -13 -5 -20 -9 -21 -14 32 -8 -15 31 -23 -11 -12
right_child=2 3 10 7 13 11 8 17 -10 14 33 21 26 29 -16 -17 18 -19 23 25 -22 30 -24 -25 -26 -27 -28 -29 -30 -31 -32 -33 -34 -35
leaf_value= 2.0405687631288161 2.1558599736411375 2.0945018313365229 2.2105021416414852 2.0474118544579003 2.0994046620642437 1.961879457681825 2.1965323452694219 2.0892426552552306 2.0795283240852767 2.1406373236940905 2.2934723094715035 2.043693994763716 2.1803908632616107 2.1410397950488846 2.0327038778370752 1.9814897297846104 2.3293276008777508 2.055796547371648 2.1893908157405639 2.1470309877511444 2.2958198799055269 2.0423423215696768 2.0155083659287123 2.255568014458782 2.1540272791155655 2.0584465939763881 2.0853910788377314 2.0508470150556986 2.2845502876908457 2.1974100577568745 1.9795206760962585 1.9852344261613879 2.0404662446165749 2.3422574193033054
leaf_weight=503 248 567 263 1181 828 1830 90 844 163 227 244 309 402 586 767 899 91 1158 322 94 168 272 1536 250 172 283 67 153 174 187 944 275 50 365
leaf_count=503 248 567 263 1181 828 1830 90 844 163 227 244 309 402 586 767 899 91 1158 322 94 168 272 1536 250 172 283 67 153 174 187 944 275 50 365
model_size=3840
internal_value=2.07195 2.03789 2.19622 2.07259 2.15739 2.00039 2.1449 2.05251 2.17679 2.02716 2.28999 1.98123 2.19841 2.12609 2.05582 2.00269 2.2124 2.07655 2.23355 2.03561 2.24376 2.0009 2.02938 2.21831 2.10021 2.08053 2.16682 2.09704 2.25454 2.15468 1.99203 2.01363 2.12256 2.32271
internal_weight=0 12960 3552 6731 2512 6229 1463 5268 896 2599 1040 3630 733 1601 1197 1402 911 2174 663 3094 431 1800 2717 572 1016 377 469 430 264 773 1491 547 277 609
internal_count=16512 12960 3552 6731 2512 6229 1463 5268 896 2599 1040 3630 733 1601 1197 1402 911 2174 663 3094 431 1800 2717 572 1016 377 469 430 264 773 1491 547 277 609
is_linear=0
shrinkage=1


Tree=1
num_leaves= 29
num_cat= 0
full_tree_array_lgbids= 0 1 2 5 3 4 13 15 6 7 12 20 14 21 -15 16 -17 9 10 -3 8 23 22 -2 24 -6 25 -4 -23 -2147483648 -2147483648 26 -18 -2147483648 -2147483648 17 -11 11 -12 -2147483648 -2147483648 -9 18 -5 -25 -14 -24 -2147483648 -2147483648 -22 -26 -2147483648 -2147483648 -16 -27 -2147483648 -2147483648 -2147483648 -2147483648 -2147483648 -2147483648 -2147483648 -2147483648 -1 27 -2147483648 -2147483648 -2147483648 -2147483648 -2147483648 -2147483648 -7 -19 -2147483648 -2147483648 19 -13 -2147483648 -2147483648 -2147483648 -2147483648 -2147483648 -2147483648 -2147483648 -2147483648 -10 -20 -2147483648 -2147483648 -2147483648 -2147483648 -2147483648 -2147483648 -2147483648 -2147483648 -2147483648 -2147483648 -2147483648 -2147483648 -2147483648 -2147483648 -2147483648 -2147483648 -2147483648 -2147483648 -2147483648 -2147483648 -2147483648 -2147483648 -2147483648 -2147483648 -2147483648 -2147483648 -2147483648 -2147483648 -2147483648 -2147483648 -2147483648 -2147483648 -2147483648 -2147483648 -2147483648 -2147483648 -2147483648 -2147483648 -2147483648 -2147483648 -2147483648 -2147483648 -28 -29 -2147483648 -2147483648 -2147483648 -2147483648 -2147483648 -2147483648 -2147483648 -2147483648 -2147483648 -2147483648 -2147483648 -2147483648 -2147483648 -2147483648 -2147483648 -2147483648 -2147483648 -2147483648 -2147483648 -2147483648 -8 -21 -2147483648 -2147483648 -2147483648 -2147483648 -2147483648 -2147483648 -2147483648 -2147483648 -2147483648 -2147483648 -2147483648 -2147483648 -2147483648 -2147483648 -2147483648 -2147483648 -2147483648 -2147483648 -2147483648 -2147483648 -2147483648 -2147483648 -2147483648 -2147483648 -2147483648 -2147483648 -2147483648 -2147483648 -2147483648 -2147483648 -2147483648 -2147483648 -2147483648 -2147483648 -2147483648 -2147483648 -2147483648 -2147483648 -2147483648 -2147483648 -2147483648 -2147483648 -2147483648 -2147483648 -2147483648 -2147483648 -2147483648 -2147483648 -2147483648 -2147483648 -2147483648 -2147483648 -2147483648 -2147483648 -2147483648 -2147483648 -2147483648 -2147483648 -2147483648 -2147483648 -2147483648 -2147483648 -2147483648 -2147483648 -2147483648 -2147483648 -2147483648 -2147483648 -2147483648 -2147483648 -2147483648 -2147483648 -2147483648 -2147483648 -2147483648 -2147483648 -2147483648 -2147483648 -2147483648 -2147483648 -2147483648 -2147483648 -2147483648 -2147483648 -2147483648 -2147483648 -2147483648 -2147483648 -2147483648 -2147483648 -2147483648 -2147483648 -2147483648 -2147483648 -2147483648 -2147483648 -2147483648 -2147483648 -2147483648 -2147483648 -2147483648 -2147483648
split_feature= 1 1 1 6 6 6 7 2 6 8 8 7 1 1 1 7 8 6 7 8 2 2 6 2 6 2 7 8
split_gain= 5611.86 1322.95 998.477 750.613 307.035 264.83 175.726 151.322 137.871 120.959 90.8243 109.92 82.635 78.6408 71.1439 69.4464 75.0449 62.8318 48.8119 37.1062 36.4173 35.4048 15.9224 15.5861 7.02893 5.16118 3.3401 17.1383
threshold= 5.0387000000000013 3.1792500000000001 6.8672000000000013 2.4136952392348086 2.5763869593405579 2.1628386478062818 34.455000000000005 19.500000000000004 2.0231950334409352 -117.77499999999999 -121.63499999999998 37.915000000000006 4.1119000000000012 8.4454500000000028 5.8308000000000009 37.935000000000009 -118.24499999999999 3.442186331338819 37.995000000000012 -122.33499999999999 21.500000000000004 26.500000000000004 2.9291766686969298 44.500000000000007 2.0653737590585881 27.500000000000004 34.655000000000008 -122.31499999999998
decision_type= 2 2 2 2 2 2 2 2 2 2 2 2 2 2 2 2 2 2 2 2 2 2 2 2 2 2 2 2
left_child=1 5 4 7 20 15 9 -3 -9 17 11 19 23 21 -6 16 26 -7 -10 -8 -2 -4 -14 -5 -22 -16 -1 -28
right_child=2 3 13 12 14 6 10 8 18 -11 -12 -13 22 -15 25 -17 -18 -19 -20 -21 24 -23 -24 -25 -26 -27 27 -29
leaf_value= 0.087544208416325417 0.084744883563069862 0.0075273270675777597 0.13627084435834347 -0.037394195577966964 0.031294676748457206 -0.0067119013379443445 0.064186726364711622 0.14628103319906965 0.073667613583145469 -0.08556217308806513 -0.10724035067372657 -0.096304869780188193 0.02241914628684431 0.23833999359814073 0.066607736207544802 -0.071961074460830013 -0.037774720774459827 -0.056045224608569769 -0.032532979591576132 -0.041000689104764614 0.23644229949906817 0.21304494015289457 -0.014707765010809351 0.01330764887564216 0.14437118854485173 0.12715199083241441 0.12426456913960225 -0.0084141981812704981
leaf_weight=172 216 428 368 2372 1044 873 99 371 644 928 1827 622 902 426 550 245 343 998 102 407 86 246 1060 292 401 215 49 226
leaf_count=172 216 428 368 2372 1044 873 99 371 644 928 1827 622 902 426 550 245 343 998 102 407 86 246 1060 292 401 215 49 226
model_size=3168
internal_value=0 -0.0306532 0.111843 0.00347337 0.076901 -0.0616732 -0.0707954 0.0657706 0.0880876 -0.0504446 -0.0900719 -0.0622646 -0.0173328 0.19624 0.0534238 -0.0109587 0.00795978 -0.0330265 0.0591469 -0.0204205 0.137314 0.16703 0.00236077 -0.0318368 0.16063 0.0836234 0.0430536 0.0152267
internal_weight=0 12960 3552 6171 2512 6789 5754 1545 1117 2799 2955 1128 4626 1040 1809 1035 790 1871 746 506 703 614 1962 2664 487 765 447 275
internal_count=16512 12960 3552 6171 2512 6789 5754 1545 1117 2799 2955 1128 4626 1040 1809 1035 790 1871 746 506 703 614 1962 2664 487 765 447 275
is_linear=0
shrinkage=0.1


Tree=2
num_leaves= 22
num_cat= 0
full_tree_array_lgbids= 0 1 3 4 2 5 -5 14 7 6 8 18 17 -2147483648 -2147483648 15 -16 9 11 -3 10 20 13 -2 -20 -7 -19 -2147483648 -2147483648 -2147483648 -2147483648 -1 -17 -2147483648 -2147483648 16 -11 12 -13 -2147483648 -2147483648 19 -12 -4 -22 -10 -15 -2147483648 -2147483648 -2147483648 -2147483648 -2147483648 -2147483648 -2147483648 -2147483648 -2147483648 -2147483648 -2147483648 -2147483648 -2147483648 -2147483648 -2147483648 -2147483648 -2147483648 -2147483648 -2147483648 -2147483648 -2147483648 -2147483648 -2147483648 -2147483648 -6 -18 -2147483648 -2147483648 -9 -14 -2147483648 -2147483648 -2147483648 -2147483648 -2147483648 -2147483648 -8 -21 -2147483648 -2147483648 -2147483648 -2147483648 -2147483648 -2147483648 -2147483648 -2147483648 -2147483648 -2147483648 -2147483648 -2147483648 -2147483648 -2147483648 -2147483648 -2147483648 -2147483648 -2147483648 -2147483648 -2147483648 -2147483648 -2147483648 -2147483648 -2147483648 -2147483648 -2147483648 -2147483648 -2147483648 -2147483648 -2147483648 -2147483648 -2147483648 -2147483648 -2147483648 -2147483648 -2147483648 -2147483648 -2147483648 -2147483648 -2147483648 -2147483648 -2147483648
split_feature= 1 1 6 1 6 6 2 7 1 8 7 8 7 6 7 8 6 1 2 1 2
split_gain= 4544.26 1224.16 655.7 615.813 196.571 187.161 132.034 122.09 102.895 79.6998 61.1083 53.5215 73.2663 47.0043 34.3096 39.406 32.5623 30.7751 17.419 9.94085 6.30195
threshold= 5.2771000000000017 3.1913000000000005 2.2982753493904258 7.3930000000000016 2.1628386478062818 2.7472725830126556 19.500000000000004 34.455000000000005 4.1119000000000012 -117.77499999999999 37.815000000000005 -121.63499999999998 38.675000000000004 2.9291766686969298 37.935000000000009 -118.25499999999998 3.1336552646136835 6.2770500000000009 21.500000000000004 3.8769000000000005 47.500000000000007
decision_type= 2 2 2 2 2 2 2 2 2 2 2 2 2 2 2 2 2 2 2 2 2
left_child=1 4 6 5 14 18 -3 9 20 16 19 12 -9 -10 15 -1 -6 -7 -2 -8 -4
right_child=3 2 8 -5 7 17 10 11 13 -11 -12 -13 -14 -15 -16 -17 -18 -19 -20 -21 -22
leaf_value= 0.039387894470893435 0.077797681916476666 0.014198741623154799 -0.030268422305126261 0.19165916877785819 0.0018443106471896947 0.036521081602948806 0.086335340231984248 -0.029753599787683604 0.029458063217580238 -0.076944515446319861 0.014829285408902382 -0.096318855027426376 -0.10153270444447134 -0.011643052523569557 -0.06398428817585286 -0.032822801219632054 -0.045474410204726604 0.093377457556539575 0.14342491153368447 0.14934412082993528 0.028567747469601591
leaf_weight=445 262 367 2630 793 644 857 370 728 1305 940 140 1841 413 1288 247 350 1246 435 636 360 215
leaf_count=445 262 367 2630 793 644 857 370 728 1305 940 140 1841 413 1288 247 350 1246 435 636 360 215
model_size=2384
internal_value=0 -0.0247989 0.0064386 0.112472 -0.0552207 0.0837986 0.0751778 -0.0634408 -0.00919775 -0.0451594 0.100901 -0.0807903 -0.055735 0.00904224 -0.00937091 0.00759702 -0.029351 0.0556639 0.124278 0.117408 -0.0258221
internal_weight=0 13529 6675 2983 6854 2190 1237 5812 5438 2830 870 2982 1141 2593 1042 795 1890 1292 898 730 2845
internal_count=16512 13529 6675 2983 6854 2190 1237 5812 5438 2830 870 2982 1141 2593 1042 795 1890 1292 898 730 2845
is_linear=0
shrinkage=0.1


Tree=3
num_leaves= 16
num_cat= 0
full_tree_array_lgbids= 0 1 3 4 2 6 -5 9 5 7 11 -2 -8 -2147483648 -2147483648 -1 14 10 12 -3 8 -4 -13 -2147483648 -2147483648 -2147483648 -2147483648 -2147483648 -2147483648 -2147483648 -2147483648 -2147483648 -2147483648 -11 -16 -6 -12 -7 -14 -2147483648 -2147483648 -9 13 -2147483648 -2147483648 -2147483648 -2147483648 -2147483648 -2147483648 -2147483648 -2147483648 -2147483648 -2147483648 -2147483648 -2147483648 -2147483648 -2147483648 -2147483648 -2147483648 -2147483648 -2147483648 -2147483648 -2147483648 -2147483648 -2147483648 -2147483648 -2147483648 -2147483648 -2147483648 -2147483648 -2147483648 -2147483648 -2147483648 -2147483648 -2147483648 -2147483648 -2147483648 -2147483648 -2147483648 -2147483648 -2147483648 -2147483648 -2147483648 -2147483648 -2147483648 -10 -15 -2147483648 -2147483648 -2147483648 -2147483648 -2147483648 -2147483648 -2147483648 -2147483648 -2147483648 -2147483648 -2147483648 -2147483648 -2147483648 -2147483648 -2147483648 -2147483648 -2147483648 -2147483648 -2147483648 -2147483648 -2147483648 -2147483648 -2147483648 -2147483648 -2147483648 -2147483648 -2147483648 -2147483648 -2147483648 -2147483648 -2147483648 -2147483648 -2147483648 -2147483648 -2147483648 -2147483648 -2147483648 -2147483648 -2147483648 -2147483648
split_feature= 1 1 6 1 6 1 6 2 6 1 3 1 3 7 2
split_gain= 3677.74 1147.49 460.936 331.484 259.098 101.309 99.8277 70.2999 68.6754 64.5309 58.0593 55.2053 26.4618 7.6795 0.547917
threshold= 5.6042500000000013 3.5488500000000003 2.4136952392348086 7.7055000000000016 2.2352443515477258 2.5205000000000006 2.6529733204757315 19.500000000000004 1.9628175980828908 2.5510500000000005 3.6193833748516839 4.5301500000000017 5.0006134969325169 37.935000000000009 24.500000000000004
decision_type= 2 2 2 2 2 2 2 2 2 2 2 2 2 2 2
left_child=1 4 7 6 9 10 -2 -3 -9 -1 -6 -4 -7 -10 -11
right_child=3 2 11 -5 5 12 -8 8 13 14 -12 -13 -14 -15 -16
leaf_value= -0.034239889213411194 0.13480425744785179 0.018942561619041953 -0.015672277200719013 0.18108176519288055 -0.029092187775587405 -0.022708823689956751 0.068122499350988283 0.15727996477438927 0.082208027623945468 -0.013899627591780759 -0.080234999745902244 0.018145415152111807 -0.056003258449750584 -0.011280939522243683 0.047598317842012669
leaf_weight=719 569 384 2576 670 607 1837 1167 236 631 299 2610 1904 1678 105 520
leaf_count=719 569 384 2576 670 607 1837 1167 236 631 299 2610 1904 1678 105 520
model_size=1712
internal_value=0 -0.0196744 0.0152944 0.115348 -0.0443513 -0.0538862 0.0899784 0.0701186 0.0903363 -0.00261596 -0.0705851 -0.00129976 -0.038603 0.0688706 0.0251467
internal_weight=0 14106 5836 2406 8270 6732 1736 1356 972 1538 3217 4480 3515 736 819
internal_count=16512 14106 5836 2406 8270 6732 1736 1356 972 1538 3217 4480 3515 736 819
is_linear=0
shrinkage=0.1


Tree=4
num_leaves= 15
num_cat= 0
full_tree_array_lgbids= 0 1 2 6 3 5 8 -1 -8 4 9 -2 -7 10 -10 -2147483648 -2147483648 -2147483648 -2147483648 7 -6 -5 13 -2147483648 -2147483648 -2147483648 -2147483648 -4 -12 -2147483648 -2147483648 -2147483648 -2147483648 -2147483648 -2147483648 -2147483648 -2147483648 -2147483648 -2147483648 -3 11 -2147483648 -2147483648 -2147483648 -2147483648 -11 -15 -2147483648 -2147483648 -2147483648 -2147483648 -2147483648 -2147483648 -2147483648 -2147483648 -2147483648 -2147483648 -2147483648 -2147483648 -2147483648 -2147483648 -2147483648 -2147483648 -2147483648 -2147483648 -2147483648 -2147483648 -2147483648 -2147483648 -2147483648 -2147483648 -2147483648 -2147483648 -2147483648 -2147483648 -2147483648 -2147483648 -2147483648 -2147483648 -2147483648 -2147483648 12 -13 -2147483648 -2147483648 -2147483648 -2147483648 -2147483648 -2147483648 -2147483648 -2147483648 -2147483648 -2147483648 -2147483648 -2147483648 -2147483648 -2147483648 -2147483648 -2147483648 -2147483648 -2147483648 -2147483648 -2147483648 -2147483648 -2147483648 -2147483648 -2147483648 -2147483648 -2147483648 -2147483648 -2147483648 -2147483648 -2147483648 -2147483648 -2147483648 -2147483648 -2147483648 -2147483648 -2147483648 -2147483648 -2147483648 -2147483648 -2147483648 -2147483648 -2147483648 -2147483648 -2147483648 -2147483648 -2147483648 -2147483648 -2147483648 -2147483648 -2147483648 -2147483648 -2147483648 -2147483648 -2147483648 -2147483648 -2147483648 -2147483648 -2147483648 -2147483648 -2147483648 -2147483648 -2147483648 -2147483648 -2147483648 -2147483648 -2147483648 -2147483648 -2147483648 -2147483648 -2147483648 -2147483648 -2147483648 -2147483648 -2147483648 -2147483648 -2147483648 -2147483648 -2147483648 -2147483648 -2147483648 -9 -14 -2147483648 -2147483648 -2147483648 -2147483648 -2147483648 -2147483648 -2147483648 -2147483648 -2147483648 -2147483648 -2147483648 -2147483648 -2147483648 -2147483648 -2147483648 -2147483648 -2147483648 -2147483648 -2147483648 -2147483648 -2147483648 -2147483648 -2147483648 -2147483648 -2147483648 -2147483648 -2147483648 -2147483648 -2147483648 -2147483648 -2147483648 -2147483648 -2147483648 -2147483648 -2147483648 -2147483648 -2147483648 -2147483648 -2147483648 -2147483648 -2147483648 -2147483648 -2147483648 -2147483648 -2147483648 -2147483648 -2147483648 -2147483648 -2147483648 -2147483648 -2147483648 -2147483648 -2147483648 -2147483648 -2147483648 -2147483648 -2147483648 -2147483648 -2147483648 -2147483648 -2147483648 -2147483648 -2147483648 -2147483648 -2147483648 -2147483648 -2147483648 -2147483648 -2147483648 -2147483648 -2147483648 -2147483648 -2147483648 -2147483648 -2147483648 -2147483648 -2147483648 -2147483648 -2147483648 -2147483648 -2147483648 -2147483648 -2147483648 -2147483648 -2147483648 -2147483648 -2147483648 -2147483648 -2147483648 -2147483648
split_feature= 1 1 1 6 7 6 3 8 2 1 1 8 7 8
split_gain= 2976.2 735.646 459.138 425.817 128.834 90.4497 86.8834 82.6682 49.6556 45.722 23.4599 15.4908 69.4822 2.68857
threshold= 5.1326000000000009 2.7820000000000005 6.3963500000000009 2.4469862317432325 37.935000000000009 2.9742256672023202 3.8792159595040387 -122.35499999999998 26.500000000000004 3.8346500000000003 8.7395500000000013 -117.99499999999999 34.155000000000008 -122.26499999999999
decision_type= 2 2 2 2 2 2 2 2 2 2 2 2 2 2
left_child=1 6 5 4 7 -2 -1 -3 10 -5 -4 12 -9 -11
right_child=2 3 8 9 -6 -7 -8 11 -10 13 -12 -13 -14 -15
leaf_value= -0.023859782160919472 0.075747488002302771 0.1371092306612394 0.087829703287125846 -0.031402415304182314 -0.030044365808809544 0.01510637286091664 -0.063858563824242695 0.098723658522144347 0.16682233935909871 0.048347663112787258 0.17440867516710315 0.0040663864327871889 0.027875581335930627 -0.0080192342082035413
leaf_weight=1413 1123 195 628 3011 371 764 3683 490 612 282 172 477 737 2554
leaf_count=1413 1123 195 628 3011 371 764 3683 490 612 282 172 477 737 2554
model_size=1600
internal_value=0 -0.0214831 0.0860431 -0.00184198 0.038083 0.0511954 -0.0527678 0.0513928 0.132614 -0.0173422 0.106444 0.0415837 0.0561686 -0.00241435
internal_weight=0 13213 3299 8117 2270 1887 5096 1899 1412 5847 800 1704 1227 2836
internal_count=16512 13213 3299 8117 2270 1887 5096 1899 1412 5847 800 1704 1227 2836
is_linear=0
shrinkage=0.1


Tree=5
num_leaves= 14
num_cat= 0
full_tree_array_lgbids= 0 2 1 5 3 4 6 -1 -7 9 7 12 -6 -3 -8 -2147483648 -2147483648 -2147483648 -2147483648 -4 -11 8 -9 -2 -14 -2147483648 -2147483648 -2147483648 -2147483648 -2147483648 -2147483648 -2147483648 -2147483648 -2147483648 -2147483648 -2147483648 -2147483648 -2147483648 -2147483648 -2147483648 -2147483648 -2147483648 -2147483648 -5 10 -2147483648 -2147483648 -2147483648 -2147483648 -2147483648 -2147483648 -2147483648 -2147483648 -2147483648 -2147483648 -2147483648 -2147483648 -2147483648 -2147483648 -2147483648 -2147483648 -2147483648 -2147483648 -2147483648 -2147483648 -2147483648 -2147483648 -2147483648 -2147483648 -2147483648 -2147483648 -2147483648 -2147483648 -2147483648 -2147483648 -2147483648 -2147483648 -2147483648 -2147483648 -2147483648 -2147483648 -2147483648 -2147483648 -2147483648 -2147483648 -2147483648 -2147483648 -2147483648 -2147483648 11 -12 -2147483648 -2147483648 -2147483648 -2147483648 -2147483648 -2147483648 -2147483648 -2147483648 -2147483648 -2147483648 -2147483648 -2147483648 -2147483648 -2147483648 -2147483648 -2147483648 -2147483648 -2147483648 -2147483648 -2147483648 -2147483648 -2147483648 -2147483648 -2147483648 -2147483648 -2147483648 -2147483648 -2147483648 -2147483648 -2147483648 -2147483648 -2147483648 -2147483648 -2147483648 -2147483648 -2147483648 -2147483648 -2147483648 -2147483648 -2147483648 -2147483648 -2147483648 -2147483648 -2147483648 -2147483648 -2147483648 -2147483648 -2147483648 -2147483648 -2147483648 -2147483648 -2147483648 -2147483648 -2147483648 -2147483648 -2147483648 -2147483648 -2147483648 -2147483648 -2147483648 -2147483648 -2147483648 -2147483648 -2147483648 -2147483648 -2147483648 -2147483648 -2147483648 -2147483648 -2147483648 -2147483648 -2147483648 -2147483648 -2147483648 -2147483648 -2147483648 -2147483648 -2147483648 -2147483648 -2147483648 -2147483648 -2147483648 -2147483648 -2147483648 -2147483648 -2147483648 -2147483648 -2147483648 -10 -13 -2147483648 -2147483648 -2147483648 -2147483648 -2147483648 -2147483648 -2147483648 -2147483648 -2147483648 -2147483648 -2147483648 -2147483648 -2147483648 -2147483648 -2147483648 -2147483648 -2147483648 -2147483648 -2147483648 -2147483648 -2147483648 -2147483648 -2147483648 -2147483648 -2147483648 -2147483648 -2147483648 -2147483648 -2147483648 -2147483648 -2147483648 -2147483648 -2147483648 -2147483648 -2147483648 -2147483648 -2147483648 -2147483648 -2147483648 -2147483648 -2147483648 -2147483648 -2147483648 -2147483648 -2147483648 -2147483648 -2147483648 -2147483648 -2147483648 -2147483648 -2147483648 -2147483648 -2147483648 -2147483648 -2147483648 -2147483648 -2147483648 -2147483648 -2147483648 -2147483648 -2147483648 -2147483648 -2147483648 -2147483648 -2147483648 -2147483648 -2147483648 -2147483648 -2147483648 -2147483648 -2147483648 -2147483648 -2147483648 -2147483648
split_feature= 1 1 1 6 6 3 1 7 8 2 8 7 2
split_gain= 2409.35 606.839 382.002 278.395 152.115 54.7892 35.7095 27.8517 128.865 19.737 13.3133 18.5644 6.00655
threshold= 4.5301500000000017 6.3350000000000009 2.7820000000000005 2.2147445135257553 2.735488224282792 4.2015099382944241 7.852450000000001 37.945000000000007 -122.24499999999999 24.500000000000004 -117.79499999999999 34.525000000000013 21.500000000000004
decision_type= 2 2 2 2 2 2 2 2 2 2 2 2 2
left_child=2 4 5 9 12 -1 -3 8 -5 -4 11 -10 -2
right_child=1 6 3 7 -6 -7 -8 -9 10 -11 -12 -13 -14
leaf_value= -0.027367026985006478 0.029572577607284819 0.093971396124507223 0.0064254550848368277 0.069663734604608368 0.013430749602595214 -0.060902703499217073 0.15154416029607612 -0.047132391529057308 0.0055694550342200305 0.069108772259303605 -0.044824616397223016 -0.031097542080211257 0.085144005301373116
leaf_weight=2038 421 865 426 305 1959 3058 609 1043 1990 677 957 1242 922
leaf_count=2038 421 865 426 305 1959 3058 609 1043 1990 677 957 1242 922
model_size=1488
internal_value=0 0.060896 -0.0247818 -0.00735314 0.0355129 -0.0474911 0.117758 -0.0177621 -0.0109456 0.0448993 -0.0168148 -0.00852102 0.0677236
internal_weight=0 4776 11736 6640 3302 5096 1474 5537 4494 1103 4189 3232 1343
internal_count=16512 4776 11736 6640 3302 5096 1474 5537 4494 1103 4189 3232 1343
is_linear=0
shrinkage=0.1


Tree=6
num_leaves= 12
num_cat= 0
full_tree_array_lgbids= 0 1 3 4 2 7 -5 -1 5 6 -4 -2 -9 -2147483648 -2147483648 -2147483648 -2147483648 -6 10 8 -8 -2147483648 -2147483648 -2147483648 -2147483648 -2147483648 -2147483648 -2147483648 -2147483648 -2147483648 -2147483648 -2147483648 -2147483648 -2147483648 -2147483648 -2147483648 -2147483648 -7 -12 -3 9 -2147483648 -2147483648 -2147483648 -2147483648 -2147483648 -2147483648 -2147483648 -2147483648 -2147483648 -2147483648 -2147483648 -2147483648 -2147483648 -2147483648 -2147483648 -2147483648 -2147483648 -2147483648 -2147483648 -2147483648 -2147483648 -2147483648 -2147483648 -2147483648 -2147483648 -2147483648 -2147483648 -2147483648 -2147483648 -2147483648 -2147483648 -2147483648 -2147483648 -2147483648 -2147483648 -2147483648 -2147483648 -2147483648 -2147483648 -2147483648 -10 -11 -2147483648 -2147483648 -2147483648 -2147483648 -2147483648 -2147483648 -2147483648 -2147483648 -2147483648 -2147483648 -2147483648 -2147483648 -2147483648 -2147483648 -2147483648 -2147483648 -2147483648 -2147483648 -2147483648 -2147483648 -2147483648 -2147483648 -2147483648 -2147483648 -2147483648 -2147483648 -2147483648 -2147483648 -2147483648 -2147483648 -2147483648 -2147483648 -2147483648 -2147483648 -2147483648 -2147483648 -2147483648 -2147483648 -2147483648 -2147483648 -2147483648 -2147483648 -2147483648 -2147483648
split_feature= 1 1 6 1 6 1 7 6 2 6 3
split_gain= 1965.92 593.453 263.67 127.104 102.425 44.6411 36.8961 26.6518 16.1168 8.62094 3.18395
threshold= 5.6042500000000013 3.4883000000000002 2.5288691539219195 7.7055000000000016 2.0376051459673437 2.2210000000000005 37.995000000000012 3.0089663118548242 17.500000000000004 2.0653737590585881 4.7252880533656763
decision_type= 2 2 2 2 2 2 2 2 2 2 2
left_child=1 4 6 7 -1 -6 8 -2 -3 -10 -7
right_child=3 2 -4 -5 5 10 -8 -9 9 -11 -12
leaf_value= 0.0093886500542305438 0.086706901509492632 0.008964139178955324 -0.0054380466655154364 0.13349422864921726 -0.057984652519584692 -0.013496172282369892 -0.024708574473400764 0.033532677564855368 0.11162722400382318 0.05147672728928282 -0.041815561361017654
leaf_weight=908 1087 370 4211 670 2472 2056 218 649 383 913 2575
leaf_count=908 1087 370 4211 670 2472 2056 218 649 383 913 2575
model_size=1264
internal_value=0 -0.014565 0.0106287 0.0853925 -0.0337332 -0.0392456 0.0465402 0.0668278 0.0558633 0.0692527 -0.0292428
internal_weight=0 14106 6095 2406 8011 7103 1884 1736 1666 1296 4631
internal_count=16512 14106 6095 2406 8011 7103 1884 1736 1666 1296 4631
is_linear=0
shrinkage=0.1


Tree=7
num_leaves= 10
num_cat= 0
full_tree_array_lgbids= 0 2 1 5 3 4 8 -1 -7 6 -5 -2 -6 -3 -10 -2147483648 -2147483648 -2147483648 -2147483648 7 -8 -2147483648 -2147483648 -2147483648 -2147483648 -2147483648 -2147483648 -2147483648 -2147483648 -2147483648 -2147483648 -2147483648 -2147483648 -2147483648 -2147483648 -2147483648 -2147483648 -2147483648 -2147483648 -4 -9 -2147483648 -2147483648 -2147483648 -2147483648 -2147483648 -2147483648 -2147483648 -2147483648 -2147483648 -2147483648 -2147483648 -2147483648 -2147483648 -2147483648 -2147483648 -2147483648 -2147483648 -2147483648 -2147483648 -2147483648 -2147483648 -2147483648
split_feature= 1 1 1 6 6 3 7 8 2
split_gain= 1594.06 318.414 255.615 189.711 76.0453 18.7934 9.50623 20.4999 5.37594
threshold= 4.6754000000000007 6.3350000000000009 2.5894500000000007 2.2982753493904258 2.5163636904584812 3.3654435698213785 37.985000000000007 -122.40499999999999 26.500000000000004
decision_type= 2 2 2 2 2 2 2 2 2
left_child=2 4 5 6 -2 -1 7 -4 -3
right_child=1 8 3 -5 -6 -7 -8 -9 -10
leaf_value= -0.00092381931801194706 0.074164626004693313 0.073780824526055486 0.12236236943269536 -0.01641627937597619 0.017815134001793197 -0.048646021938315125 -0.037971374428097567 0.029956477922220601 0.12581861876626865
leaf_weight=565 699 839 149 6263 2206 3679 193 1284 635
leaf_count=565 699 839 149 6263 2206 3679 193 1284 635
model_size=1040
internal_value=0 0.0531944 -0.0191987 -0.00677494 0.0313739 -0.0422928 0.0303614 0.0395646 0.0961987
internal_weight=0 4379 12133 7889 2905 4244 1626 1433 1474
internal_count=16512 4379 12133 7889 2905 4244 1626 1433 1474
is_linear=0
shrinkage=0.1


Tree=8
num_leaves= 13
num_cat= 0
full_tree_array_lgbids= 0 1 3 5 2 -2 -5 -1 7 4 -4 -2147483648 -2147483648 -2147483648 -2147483648 -2147483648 -2147483648 8 9 6 -6 -2147483648 -2147483648 -2147483648 -2147483648 -2147483648 -2147483648 -2147483648 -2147483648 -2147483648 -2147483648 -2147483648 -2147483648 -2147483648 -2147483648 -7 -10 10 -11 -3 -8 -2147483648 -2147483648 -2147483648 -2147483648 -2147483648 -2147483648 -2147483648 -2147483648 -2147483648 -2147483648 -2147483648 -2147483648 -2147483648 -2147483648 -2147483648 -2147483648 -2147483648 -2147483648 -2147483648 -2147483648 -2147483648 -2147483648 -2147483648 -2147483648 -2147483648 -2147483648 -2147483648 -2147483648 -2147483648 -2147483648 -2147483648 -2147483648 -2147483648 -2147483648 11 -12 -2147483648 -2147483648 -2147483648 -2147483648 -2147483648 -2147483648 -2147483648 -2147483648 -2147483648 -2147483648 -2147483648 -2147483648 -2147483648 -2147483648 -2147483648 -2147483648 -2147483648 -2147483648 -2147483648 -2147483648 -2147483648 -2147483648 -2147483648 -2147483648 -2147483648 -2147483648 -2147483648 -2147483648 -2147483648 -2147483648 -2147483648 -2147483648 -2147483648 -2147483648 -2147483648 -2147483648 -2147483648 -2147483648 -2147483648 -2147483648 -2147483648 -2147483648 -2147483648 -2147483648 -2147483648 -2147483648 -2147483648 -2147483648 -2147483648 -2147483648 -2147483648 -2147483648 -2147483648 -2147483648 -2147483648 -2147483648 -2147483648 -2147483648 -2147483648 -2147483648 -2147483648 -2147483648 -2147483648 -2147483648 -2147483648 -2147483648 -2147483648 -2147483648 -2147483648 -2147483648 -2147483648 -2147483648 -2147483648 -2147483648 -9 -13 -2147483648 -2147483648 -2147483648 -2147483648 -2147483648 -2147483648 -2147483648 -2147483648 -2147483648 -2147483648 -2147483648 -2147483648 -2147483648 -2147483648 -2147483648 -2147483648 -2147483648 -2147483648 -2147483648 -2147483648 -2147483648 -2147483648 -2147483648 -2147483648 -2147483648 -2147483648 -2147483648 -2147483648 -2147483648 -2147483648 -2147483648 -2147483648 -2147483648 -2147483648 -2147483648 -2147483648 -2147483648 -2147483648 -2147483648 -2147483648 -2147483648 -2147483648 -2147483648 -2147483648 -2147483648 -2147483648 -2147483648 -2147483648 -2147483648 -2147483648 -2147483648 -2147483648 -2147483648 -2147483648 -2147483648 -2147483648 -2147483648 -2147483648 -2147483648 -2147483648 -2147483648 -2147483648 -2147483648 -2147483648 -2147483648 -2147483648 -2147483648 -2147483648 -2147483648 -2147483648 -2147483648 -2147483648 -2147483648 -2147483648 -2147483648 -2147483648 -2147483648 -2147483648 -2147483648 -2147483648 -2147483648 -2147483648 -2147483648 -2147483648 -2147483648 -2147483648 -2147483648 -2147483648 -2147483648 -2147483648 -2147483648 -2147483648 -2147483648 -2147483648 -2147483648 -2147483648 -2147483648 -2147483648 -2147483648 -2147483648 -2147483648 -2147483648
split_feature= 1 1 6 1 7 6 8 7 8 8 7 8
split_gain= 1283.39 329.364 177.59 93.1514 38.3865 27.266 11.0476 6.62293 26.4524 25.0744 13.3703 5.99211
threshold= 5.3736000000000006 3.3277500000000004 2.6829812717770039 7.3930000000000016 37.935000000000009 2.0376051459673437 -117.16499999999998 34.455000000000005 -118.30499999999999 -120.09499999999998 37.895000000000003 -122.31499999999998
decision_type= 2 2 2 2 2 2 2 2 2 2 2 2
left_child=1 5 4 -2 6 -1 -3 8 -7 10 11 -9
right_child=3 2 -4 -5 -6 7 -8 9 -10 -11 -12 -13
leaf_value= 0.0067352653183430609 0.047659949305671037 0.046553251466830689 -0.011636095199050001 0.10541307445037712 -0.020121411365820244 0.021703052497752132 -0.043827960051014914 0.072251600984000519 -0.030022380846556024 -0.078484429014150092 -0.053454733420967099 -0.022471493853901417
leaf_weight=847 2000 2059 3652 793 437 560 141 131 2621 863 1423 985
leaf_count=847 2000 2059 3652 793 437 560 141 131 2621 863 1423 985
model_size=1376
internal_value=0 -0.0130412 0.00610357 0.0640575 0.0306713 -0.029246 0.0407606 -0.0338755 -0.0209164 -0.0459928 -0.034949 -0.0113526
internal_weight=0 13719 6289 2793 2637 7430 2200 6583 3181 3402 2539 1116
internal_count=16512 13719 6289 2793 2637 7430 2200 6583 3181 3402 2539 1116
is_linear=0
shrinkage=0.1


Tree=9
num_leaves= 9
num_cat= 0
full_tree_array_lgbids= 0 2 1 3 7 5 -3 4 -5 -4 -9 -2 -7 -2147483648 -2147483648 -1 6 -2147483648 -2147483648 -2147483648 -2147483648 -2147483648 -2147483648 -2147483648 -2147483648 -2147483648 -2147483648 -2147483648 -2147483648 -2147483648 -2147483648 -2147483648 -2147483648 -6 -8 -2147483648 -2147483648 -2147483648 -2147483648 -2147483648 -2147483648 -2147483648 -2147483648 -2147483648 -2147483648 -2147483648 -2147483648 -2147483648 -2147483648 -2147483648 -2147483648 -2147483648 -2147483648 -2147483648 -2147483648 -2147483648 -2147483648 -2147483648 -2147483648 -2147483648 -2147483648 -2147483648 -2147483648
split_feature= 1 1 6 7 8 6 8 1
split_gain= 1044.71 198.374 137.766 79.2421 46.417 32.1629 10.2493 7.21318
threshold= 4.5301500000000017 6.3963500000000009 2.4530432249902163 37.945000000000007 -122.40499999999999 2.3578464509898605 -117.145 2.5044000000000004
decision_type= 2 2 2 2 2 2 2 2
left_child=2 5 3 4 -1 -2 -6 -4
right_child=1 -3 7 -5 6 -7 -8 -9
leaf_value= 0.10435423768333135 0.071920882662473304 0.079936255733180278 -0.042086326909735183 -0.035369636541706356 0.019655801756370241 0.016622094190732083 -0.045841140640786274 -0.017866915121615232
leaf_weight=185 514 1412 2782 827 2132 2850 296 5514
leaf_count=185 514 1412 2782 827 2132 2850 296 5514
model_size=928
internal_value=0 0.0412919 -0.0168039 0.00534652 0.018233 0.0250714 0.011671 -0.0259887
internal_weight=0 4776 11736 3440 2613 3364 2428 8296
internal_count=16512 4776 11736 3440 2613 3364 2428 8296
is_linear=0
shrinkage=0.1


Tree=10
num_leaves= 6
num_cat= 0
full_tree_array_lgbids= 0 3 1 -1 4 2 -3 -2147483648 -2147483648 -5 -6 -2 -4 -2147483648 -2147483648
split_feature= 1 1 6 6 1
split_gain= 839.416 200.185 62.394 55.2134 6.02506
threshold= 4.125700000000001 6.2770500000000009 2.735488224282792 2.0376051459673437 2.2210000000000005
decision_type= 2 2 2 2 2
left_child=3 2 -2 -1 -5
right_child=1 -3 -4 4 -6
leaf_value= 0.016853102719608111 0.040958146438897169 0.070059275049106876 0.0018329921988698033 -0.040547211656859261 -0.015892159863206221
leaf_weight=1165 1893 1536 2571 2472 6875
leaf_count=1165 1893 1536 2571 2472 6875
model_size=592
internal_value=0 0.0316429 0.0184244 -0.018061 -0.0224127
internal_weight=0 6000 4464 10512 9347
internal_count=16512 6000 4464 10512 9347
is_linear=0
shrinkage=0.1


Tree=11
num_leaves= 9
num_cat= 0
full_tree_array_lgbids= 0 1 3 4 2 -2 -5 5 6 -3 -4 -2147483648 -2147483648 -2147483648 -2147483648 -1 -7 7 -8 -2147483648 -2147483648 -2147483648 -2147483648 -2147483648 -2147483648 -2147483648 -2147483648 -2147483648 -2147483648 -2147483648 -2147483648 -2147483648 -2147483648 -2147483648 -2147483648 -6 -9 -2147483648 -2147483648 -2147483648 -2147483648 -2147483648 -2147483648 -2147483648 -2147483648 -2147483648 -2147483648 -2147483648 -2147483648 -2147483648 -2147483648 -2147483648 -2147483648 -2147483648 -2147483648 -2147483648 -2147483648 -2147483648 -2147483648 -2147483648 -2147483648 -2147483648 -2147483648
split_feature= 1 1 6 2 7 8 8 7
split_gain= 666.123 175.305 52.9786 18.501 10.529 115.111 99.4361 53.8247
threshold= 5.6042500000000013 3.6530500000000008 2.8273651247857257 27.500000000000004 34.455000000000005 -118.30499999999999 -121.675 38.675000000000004
decision_type= 2 2 2 2 2 2 2 2
left_child=1 4 -3 -2 5 -1 7 -6
right_child=3 2 -4 -5 6 -7 -8 -9
leaf_value= 0.036767767142857719 0.034112661278507164 0.025726459130858755 -0.0087115846509446676 0.080718274307961246 0.010242698535397193 -0.019698969100735902 -0.050539734378324402 -0.055447656482837851
leaf_weight=870 1464 2775 2601 942 1422 3456 2478 504
leaf_count=870 1464 2775 2601 942 1422 3456 2478 504
model_size=928
internal_value=0 -0.00893078 0.00906475 0.0523597 -0.0200126 -0.00834297 -0.0314755 -0.0069473
internal_weight=0 14106 5376 2406 8730 4326 4404 1926
internal_count=16512 14106 5376 2406 8730 4326 4404 1926
is_linear=0
shrinkage=0.1


Tree=12
num_leaves= 10
num_cat= 0
full_tree_array_lgbids= 0 1 4 2 -3 8 -6 -1 3 -2147483648 -2147483648 -2 -10 -2147483648 -2147483648 -2147483648 -2147483648 5 -5 -2147483648 -2147483648 -2147483648 -2147483648 -2147483648 -2147483648 -2147483648 -2147483648 -2147483648 -2147483648 -2147483648 -2147483648 -2147483648 -2147483648 -2147483648 -2147483648 6 -7 -2147483648 -2147483648 -2147483648 -2147483648 -2147483648 -2147483648 -2147483648 -2147483648 -2147483648 -2147483648 -2147483648 -2147483648 -2147483648 -2147483648 -2147483648 -2147483648 -2147483648 -2147483648 -2147483648 -2147483648 -2147483648 -2147483648 -2147483648 -2147483648 -2147483648 -2147483648 -2147483648 -2147483648 -2147483648 -2147483648 -2147483648 -2147483648 -2147483648 -2147483648 -4 7 -2147483648 -2147483648 -2147483648 -2147483648 -2147483648 -2147483648 -2147483648 -2147483648 -2147483648 -2147483648 -2147483648 -2147483648 -2147483648 -2147483648 -2147483648 -2147483648 -2147483648 -2147483648 -2147483648 -2147483648 -2147483648 -2147483648 -2147483648 -2147483648 -2147483648 -2147483648 -2147483648 -2147483648 -2147483648 -2147483648 -2147483648 -2147483648 -2147483648 -2147483648 -2147483648 -2147483648 -2147483648 -2147483648 -2147483648 -2147483648 -2147483648 -2147483648 -2147483648 -2147483648 -2147483648 -2147483648 -2147483648 -2147483648 -2147483648 -2147483648 -2147483648 -2147483648 -2147483648 -2147483648 -2147483648 -2147483648 -2147483648 -2147483648 -2147483648 -2147483648 -2147483648 -2147483648 -2147483648 -2147483648 -2147483648 -2147483648 -2147483648 -2147483648 -2147483648 -2147483648 -2147483648 -2147483648 -8 -9 -2147483648 -2147483648 -2147483648 -2147483648 -2147483648 -2147483648 -2147483648 -2147483648 -2147483648 -2147483648 -2147483648 -2147483648 -2147483648 -2147483648 -2147483648 -2147483648 -2147483648 -2147483648 -2147483648 -2147483648 -2147483648 -2147483648 -2147483648 -2147483648 -2147483648 -2147483648 -2147483648 -2147483648 -2147483648 -2147483648 -2147483648 -2147483648 -2147483648 -2147483648 -2147483648 -2147483648 -2147483648 -2147483648 -2147483648 -2147483648 -2147483648 -2147483648 -2147483648 -2147483648 -2147483648 -2147483648 -2147483648 -2147483648 -2147483648 -2147483648 -2147483648 -2147483648 -2147483648 -2147483648 -2147483648 -2147483648 -2147483648 -2147483648 -2147483648 -2147483648 -2147483648 -2147483648 -2147483648 -2147483648 -2147483648 -2147483648 -2147483648 -2147483648 -2147483648 -2147483648 -2147483648 -2147483648 -2147483648 -2147483648 -2147483648 -2147483648 -2147483648 -2147483648 -2147483648 -2147483648 -2147483648 -2147483648 -2147483648 -2147483648 -2147483648 -2147483648 -2147483648 -2147483648 -2147483648 -2147483648 -2147483648 -2147483648 -2147483648 -2147483648 -2147483648 -2147483648 -2147483648 -2147483648 -2147483648 -2147483648 -2147483648 -2147483648 -2147483648 -2147483648 -2147483648 -2147483648 -2147483648 -2147483648
split_feature= 1 7 8 6 1 8 7 8 2
split_gain= 522.659 71.64 245.855 88.9135 39.2569 16.2531 122.059 105.2 2.35968
threshold= 5.0116000000000005 37.925000000000004 -122.31499999999998 3.0375944537846187 7.852450000000001 -117.77499999999999 34.525000000000013 -120.56499999999998 17.500000000000004
decision_type= 2 2 2 2 2 2 2 2 2
left_child=1 2 -1 5 8 6 -4 -8 -2
right_child=4 -3 3 -5 -6 -7 7 -9 -10
leaf_value= 0.075824632985877105 -0.0001801253053902959 -0.034298977315304409 0.034187749732715704 -0.025044931177338886 0.081973276250724827 -0.02248626764004821 0.010656574778867785 -0.059576574508980962 0.041139715300493748
leaf_weight=523 969 2535 2244 4252 609 1389 1298 656 2037
leaf_count=523 969 2535 2244 4252 609 1389 1298 656 2037
model_size=1040
internal_value=0 -0.010355 -0.00449729 -0.00876686 0.036943 0.0036216 0.01226 -0.0129222 0.02782
internal_weight=0 12897 10362 9839 3615 5587 4198 1954 3006
internal_count=16512 12897 10362 9839 3615 5587 4198 1954 3006
is_linear=0
shrinkage=0.1


Tree=13
num_leaves= 4
num_cat= 0
full_tree_array_lgbids= 0 -1 1 -2147483648 -2147483648 2 -3 -2147483648 -2147483648 -2147483648 -2147483648 -2 -4 -2147483648 -2147483648
split_feature= 1 1 6
split_gain= 417.576 87.4694 43.3363
threshold= 3.9221500000000007 6.8672000000000013 2.4469862317432325
decision_type= 2 2 2
left_child=-1 2 -2
right_child=1 -3 -4
leaf_value= -0.014962365623845873 0.044899030276043882 0.061829370685109797 0.0053094552835021014
leaf_weight=9728 1282 1040 4462
leaf_count=9728 1282 1040 4462
model_size=368
internal_value=0 0.0214555 0.0141454
internal_weight=0 6784 5744
internal_count=16512 6784 5744
is_linear=0
shrinkage=0.1


Tree=14
num_leaves= 9
num_cat= 0
full_tree_array_lgbids= 0 1 -2 2 -3 -2147483648 -2147483648 -1 3 -2147483648 -2147483648 -2147483648 -2147483648 -2147483648 -2147483648 -2147483648 -2147483648 4 -5 -2147483648 -2147483648 -2147483648 -2147483648 -2147483648 -2147483648 -2147483648 -2147483648 -2147483648 -2147483648 -2147483648 -2147483648 -2147483648 -2147483648 -2147483648 -2147483648 5 -6 -2147483648 -2147483648 -2147483648 -2147483648 -2147483648 -2147483648 -2147483648 -2147483648 -2147483648 -2147483648 -2147483648 -2147483648 -2147483648 -2147483648 -2147483648 -2147483648 -2147483648 -2147483648 -2147483648 -2147483648 -2147483648 -2147483648 -2147483648 -2147483648 -2147483648 -2147483648 -2147483648 -2147483648 -2147483648 -2147483648 -2147483648 -2147483648 -2147483648 -2147483648 7 6 -2147483648 -2147483648 -2147483648 -2147483648 -2147483648 -2147483648 -2147483648 -2147483648 -2147483648 -2147483648 -2147483648 -2147483648 -2147483648 -2147483648 -2147483648 -2147483648 -2147483648 -2147483648 -2147483648 -2147483648 -2147483648 -2147483648 -2147483648 -2147483648 -2147483648 -2147483648 -2147483648 -2147483648 -2147483648 -2147483648 -2147483648 -2147483648 -2147483648 -2147483648 -2147483648 -2147483648 -2147483648 -2147483648 -2147483648 -2147483648 -2147483648 -2147483648 -2147483648 -2147483648 -2147483648 -2147483648 -2147483648 -2147483648 -2147483648 -2147483648 -2147483648 -2147483648 -2147483648 -2147483648 -2147483648 -2147483648 -2147483648 -2147483648 -2147483648 -2147483648 -2147483648 -2147483648 -2147483648 -2147483648 -2147483648 -2147483648 -2147483648 -2147483648 -2147483648 -2147483648 -4 -9 -7 -8 -2147483648 -2147483648 -2147483648 -2147483648 -2147483648 -2147483648 -2147483648 -2147483648 -2147483648 -2147483648 -2147483648 -2147483648 -2147483648 -2147483648 -2147483648 -2147483648 -2147483648 -2147483648 -2147483648 -2147483648 -2147483648 -2147483648 -2147483648 -2147483648 -2147483648 -2147483648 -2147483648 -2147483648 -2147483648 -2147483648 -2147483648 -2147483648 -2147483648 -2147483648 -2147483648 -2147483648 -2147483648 -2147483648 -2147483648 -2147483648 -2147483648 -2147483648 -2147483648 -2147483648 -2147483648 -2147483648 -2147483648 -2147483648 -2147483648 -2147483648 -2147483648 -2147483648 -2147483648 -2147483648 -2147483648 -2147483648 -2147483648 -2147483648 -2147483648 -2147483648 -2147483648 -2147483648 -2147483648 -2147483648 -2147483648 -2147483648 -2147483648 -2147483648 -2147483648 -2147483648 -2147483648 -2147483648 -2147483648 -2147483648 -2147483648 -2147483648 -2147483648 -2147483648 -2147483648 -2147483648 -2147483648 -2147483648 -2147483648 -2147483648 -2147483648 -2147483648 -2147483648 -2147483648 -2147483648 -2147483648 -2147483648 -2147483648 -2147483648 -2147483648 -2147483648 -2147483648 -2147483648 -2147483648 -2147483648 -2147483648 -2147483648 -2147483648 -2147483648 -2147483648 -2147483648 -2147483648 -2147483648 -2147483648
split_feature= 1 7 8 6 8 7 8 8
split_gain= 333.885 75.391 188.354 83.4867 19.2815 91.7729 111.564 2.36984
threshold= 5.8308000000000009 37.915000000000006 -122.31499999999998 3.0375944537846187 -117.77499999999999 34.655000000000008 -120.47499999999998 -118.36499999999999
decision_type= 2 2 2 2 2 2 2 2
left_child=1 2 -1 4 5 7 -7 -4
right_child=-2 -3 3 -5 -6 6 -8 -9
leaf_value= 0.069649017813780092 0.043204235158362907 -0.0298248598629644 0.064025671493722278 -0.019923302214338912 -0.01859261885480339 0.012798370356616018 -0.05859481168130766 0.01943131216453186
leaf_weight=580 2094 2758 856 4703 1534 1528 622 1837
leaf_count=580 2094 2758 856 4703 1534 1528 622 1837
model_size=928
internal_value=0 -0.00627477 -0.000704349 -0.00438711 0.00707075 0.0151995 -0.00785584 0.0336061
internal_weight=0 14418 11660 11080 6377 4843 2150 2693
internal_count=16512 14418 11660 11080 6377 4843 2150 2693
is_linear=0
shrinkage=0.1


Tree=15
num_leaves= 4
num_cat= 0
full_tree_array_lgbids= 0 2 1 -1 -4 -2 -3
split_feature= 1 2 6
split_gain= 255.031 17.8564 4.3265
threshold= 4.5301500000000017 20.500000000000004 2.5949646725452555
decision_type= 2 2 2
left_child=2 -2 -1
right_child=1 -3 -4
leaf_value= 0.0035016158659083672 0.0020624956428617696 0.036628016439016232 -0.01744576190063617
leaf_weight=4413 1812 2964 7323
leaf_count=4413 1812 2964 7323
model_size=368
internal_value=0 0.023514 -0.00956908
internal_weight=0 4776 11736
internal_count=16512 4776 11736
is_linear=0
shrinkage=0.1


Tree=16
num_leaves= 5
num_cat= 0
full_tree_array_lgbids= 0 1 -2 2 -3 -2147483648 -2147483648 -1 3 -2147483648 -2147483648 -2147483648 -2147483648 -2147483648 -2147483648 -2147483648 -2147483648 -4 -5 -2147483648 -2147483648 -2147483648 -2147483648 -2147483648 -2147483648 -2147483648 -2147483648 -2147483648 -2147483648 -2147483648 -2147483648
split_feature= 1 7 8 6
split_gain= 203.26 35.0727 133.811 22.5778
threshold= 5.8308000000000009 38.475000000000001 -122.38499999999998 2.9137341371666818
decision_type= 2 2 2 2
left_child=1 2 -1 -4
right_child=-2 -3 3 -5
leaf_value= 0.052975841946890347 0.036600989757279219 -0.034086776983241203 0.0052075047250492949 -0.01650620317173308
leaf_weight=793 2094 1639 6220 5766
leaf_count=793 2094 1639 6220 5766
model_size=480
internal_value=0 -0.00531575 -0.00162566 -0.00523812
internal_weight=0 14418 12779 11986
internal_count=16512 14418 12779 11986
is_linear=0
shrinkage=0.1


Tree=17
num_leaves= 3
num_cat= 0
full_tree_array_lgbids= 0 -1 1 -2147483648 -2147483648 -2 -3
split_feature= 1 2
split_gain= 160.528 18.9857
threshold= 3.8346500000000003 17.500000000000004
decision_type= 2 2
left_child=-1 -2
right_child=1 -3
leaf_value= -0.011262149984053655 -0.0069918391341492556 0.024004931707063498
leaf_weight=9454 2031 5027
leaf_count=9454 2031 5027
model_size=256
internal_value=0 0.0150853
internal_weight=0 7058
internal_count=16512 7058
is_linear=0
shrinkage=0.1


Tree=18
num_leaves= 9
num_cat= 0
full_tree_array_lgbids= 0 1 -2 2 -3 -2147483648 -2147483648 -1 3 -2147483648 -2147483648 -2147483648 -2147483648 -2147483648 -2147483648 -2147483648 -2147483648 4 -5 -2147483648 -2147483648 -2147483648 -2147483648 -2147483648 -2147483648 -2147483648 -2147483648 -2147483648 -2147483648 -2147483648 -2147483648 -2147483648 -2147483648 -2147483648 -2147483648 6 5 -2147483648 -2147483648 -2147483648 -2147483648 -2147483648 -2147483648 -2147483648 -2147483648 -2147483648 -2147483648 -2147483648 -2147483648 -2147483648 -2147483648 -2147483648 -2147483648 -2147483648 -2147483648 -2147483648 -2147483648 -2147483648 -2147483648 -2147483648 -2147483648 -2147483648 -2147483648 -2147483648 -2147483648 -2147483648 -2147483648 -2147483648 -2147483648 -2147483648 -2147483648 7 -8 -6 -7 -2147483648 -2147483648 -2147483648 -2147483648 -2147483648 -2147483648 -2147483648 -2147483648 -2147483648 -2147483648 -2147483648 -2147483648 -2147483648 -2147483648 -2147483648 -2147483648 -2147483648 -2147483648 -2147483648 -2147483648 -2147483648 -2147483648 -2147483648 -2147483648 -2147483648 -2147483648 -2147483648 -2147483648 -2147483648 -2147483648 -2147483648 -2147483648 -2147483648 -2147483648 -2147483648 -2147483648 -2147483648 -2147483648 -2147483648 -2147483648 -2147483648 -2147483648 -2147483648 -2147483648 -2147483648 -2147483648 -2147483648 -2147483648 -2147483648 -2147483648 -2147483648 -2147483648 -2147483648 -2147483648 -2147483648 -2147483648 -2147483648 -2147483648 -2147483648 -2147483648 -2147483648 -2147483648 -2147483648 -2147483648 -2147483648 -2147483648 -2147483648 -2147483648 -4 -9 -2147483648 -2147483648 -2147483648 -2147483648 -2147483648 -2147483648 -2147483648 -2147483648 -2147483648 -2147483648 -2147483648 -2147483648 -2147483648 -2147483648 -2147483648 -2147483648 -2147483648 -2147483648 -2147483648 -2147483648 -2147483648 -2147483648 -2147483648 -2147483648 -2147483648 -2147483648 -2147483648 -2147483648 -2147483648 -2147483648 -2147483648 -2147483648 -2147483648 -2147483648 -2147483648 -2147483648 -2147483648 -2147483648 -2147483648 -2147483648 -2147483648 -2147483648 -2147483648 -2147483648 -2147483648 -2147483648 -2147483648 -2147483648 -2147483648 -2147483648 -2147483648 -2147483648 -2147483648 -2147483648 -2147483648 -2147483648 -2147483648 -2147483648 -2147483648 -2147483648 -2147483648 -2147483648 -2147483648 -2147483648 -2147483648 -2147483648 -2147483648 -2147483648 -2147483648 -2147483648 -2147483648 -2147483648 -2147483648 -2147483648 -2147483648 -2147483648 -2147483648 -2147483648 -2147483648 -2147483648 -2147483648 -2147483648 -2147483648 -2147483648 -2147483648 -2147483648 -2147483648 -2147483648 -2147483648 -2147483648 -2147483648 -2147483648 -2147483648 -2147483648 -2147483648 -2147483648 -2147483648 -2147483648 -2147483648 -2147483648 -2147483648 -2147483648 -2147483648 -2147483648 -2147483648 -2147483648 -2147483648 -2147483648 -2147483648 -2147483648
split_feature= 1 7 8 8 7 8 8 7
split_gain= 117.489 11.7599 76.2213 18.9481 58.698 154.922 22.9506 16.5252
threshold= 5.8308000000000009 37.915000000000006 -122.31499999999998 -117.77499999999999 34.525000000000013 -120.56499999999998 -118.35499999999998 34.165000000000006
decision_type= 2 2 2 2 2 2 2 2
left_child=1 2 -1 4 6 -6 7 -4
right_child=-2 -3 3 -5 5 -7 -8 -9
leaf_value= 0.056892681146132884 0.031518853934407912 -0.02428932885607691 0.082877585094848605 -0.023701289212844281 0.0071384373859639224 -0.050841053555823836 0.0054170452883571659 0.016476255054788742
leaf_weight=580 2094 2758 535 2498 2236 1295 3768 748
leaf_count=580 2094 2758 535 2498 2236 1295 3768 748
model_size=928
internal_value=0 -0.00457764 8.48619e-05 -0.00288883 0.00316914 -0.0141256 0.0152594 0.044165
internal_weight=0 14418 11660 11080 8582 3531 5051 1283
internal_count=16512 14418 11660 11080 8582 3531 5051 1283
is_linear=0
shrinkage=0.1


Tree=19
num_leaves= 2
num_cat= 0
full_tree_array_lgbids= 0 -1 -2
split_feature= 1
split_gain= 74.1577
threshold= 3.6530500000000008
decision_type= 2
left_child=-1
right_child=-2
leaf_value= -0.010329884884008508 0.01158826713293548
leaf_weight=8730 7782
leaf_count=8730 7782
model_size=144
internal_value=0
internal_weight=0
internal_count=16512
is_linear=0
shrinkage=0.1


Tree=20
num_leaves= 2
num_cat= 0
full_tree_array_lgbids= 0 -1 -2
split_feature= 1
split_gain= 53.5289
threshold= 5.8308000000000009
decision_type= 2
left_child=-1
right_child=-2
leaf_value= -0.0039515777737399033 0.027208141280191292
leaf_weight=14418 2094
leaf_count=14418 2094
model_size=144
internal_value=0
internal_weight=0
internal_count=16512
is_linear=0
shrinkage=0.1


Tree=21
num_leaves= 4
num_cat= 0
full_tree_array_lgbids= 0 1 -2 2 -3 -2147483648 -2147483648 -1 -4 -2147483648 -2147483648 -2147483648 -2147483648 -2147483648 -2147483648
split_feature= 7 6 8
split_gain= 36.7409 92.7228 41.1456
threshold= 37.925000000000004 3.1100458715596333 -117.75499999999998
decision_type= 2 2 2
left_child=1 2 -1
right_child=-2 -3 -4
leaf_value= 0.021192887354869527 -0.021490112558861379 -0.012146674374882952 -0.012855964576822698
leaf_weight=6862 2882 4960 1808
leaf_count=6862 2882 4960 1808
model_size=368
internal_value=0 0.00454398 0.0140925
internal_weight=0 13630 8670
internal_count=16512 13630 8670
is_linear=0
shrinkage=0.1


Tree=22
num_leaves= 2
num_cat= 0
full_tree_array_lgbids= 0 -1 -2
split_feature= 1
split_gain= 18.6956
threshold= 7.2638000000000007
decision_type= 2
left_child=-1
right_child=-2
leaf_value= -0.0021861935513912772 0.040083628758543828
leaf_weight=15658 854
leaf_count=15658 854
model_size=144
internal_value=0
internal_weight=0
internal_count=16512
is_linear=0
shrinkage=0.1


Tree=23
num_leaves= 2
num_cat= 0
full_tree_array_lgbids= 0 -1 -2
split_feature= 1
split_gain= 6.34062
threshold= 3.0251000000000006
decision_type= 2
left_child=-1
right_child=-2
leaf_value= -0.011832244573446497 0.0068120938730396171
leaf_weight=6033 10479
leaf_count=6033 10479
model_size=144
internal_value=0
internal_weight=0
internal_count=16512
is_linear=0
shrinkage=0.1


end of trees

feature_importances:
Column_1=69
Column_6=46
Column_8=39
Column_7=34
Column_2=25
Column_3=9

parameters:
[boosting: gbdt]
[objective: regression]
[metric: rmse]
[tree_learner: serial]
[device_type: cpu]
[data_sample_strategy: bagging]
[data: data/california_housing.libsvm.train]
[valid: data/california_housing.libsvm.test]
[num_iterations: 10000]
[learning_rate: 0.1]
[num_leaves: 255]
[num_threads: 0]
[seed: 42]
[deterministic: 0]
[force_col_wise: 0]
[force_row_wise: 0]
[histogram_pool_size: -1]
[max_depth: 7]
[min_data_in_leaf: 10]
[min_sum_hessian_in_leaf: 0.001]
[bagging_fraction: 1]
[pos_bagging_fraction: 1]
[neg_bagging_fraction: 1]
[bagging_freq: 0]
[bagging_seed: 400]
[feature_fraction: 1]
[feature_fraction_bynode: 1]
[feature_fraction_seed: 30056]
[extra_trees: 0]
[extra_seed: 12879]
[early_stopping_round: 0]
[early_stopping_min_delta: 0]
[first_metric_only: 0]
[max_delta_step: 0]
[lambda_l1: 0]
[lambda_l2: 0]
[linear_lambda: 0]
[min_gain_to_split: 0]
[drop_rate: 0.1]
[max_drop: 50]
[skip_drop: 0.5]
[xgboost_dart_mode: 0]
[uniform_drop: 0]
[drop_seed: 17869]
[top_rate: 0.2]
[other_rate: 0.1]
[min_data_per_group: 100]
[max_cat_threshold: 32]
[cat_l2: 10]
[cat_smooth: 10]
[max_cat_to_onehot: 4]
[top_k: 20]
[monotone_constraints: ]
[monotone_constraints_method: basic]
[monotone_penalty: 0]
[feature_contri: ]
[forcedsplits_filename: ]
[refit_decay_rate: 0.9]
[tinygbdt_penalty_feature: 4]
[tinygbdt_penalty_split: 0.25]
[tinygbdt_forestsize: 64000]
[tinygbdt_precision: 7]
[cegb_tradeoff: 1]
[cegb_penalty_split: 0]
[cegb_penalty_feature_lazy: ]
[cegb_penalty_feature_coupled: ]
[path_smooth: 0]
[interaction_constraints: ]
[verbosity: 2]
[saved_feature_importance_type: 0]
[use_quantized_grad: 0]
[num_grad_quant_bins: 4]
[quant_train_renew_leaf: 0]
[stochastic_rounding: 1]
[linear_tree: 0]
[max_bin: 255]
[max_bin_by_feature: ]
[min_data_in_bin: 3]
[bin_construct_sample_cnt: 200000]
[data_random_seed: 175]
[is_enable_sparse: 1]
[enable_bundle: 1]
[use_missing: 1]
[zero_as_missing: 0]
[feature_pre_filter: 1]
[pre_partition: 0]
[two_round: 0]
[header: 0]
[label_column: ]
[weight_column: ]
[group_column: ]
[ignore_column: ]
[categorical_feature: ]
[forcedbins_filename: ]
[precise_float_parser: 0]
[parser_config_file: ]
[objective_seed: 16083]
[num_class: 1]
[is_unbalance: 0]
[scale_pos_weight: 1]
[sigmoid: 1]
[boost_from_average: 1]
[reg_sqrt: 0]
[alpha: 0.9]
[fair_c: 1]
[poisson_max_delta_step: 0.7]
[tweedie_variance_power: 1.5]
[lambdarank_truncation_level: 30]
[lambdarank_norm: 1]
[label_gain: ]
[lambdarank_position_bias_regularization: 0]
[eval_at: ]
[multi_error_top_k: 1]
[auc_mu_weights: ]
[num_machines: 1]
[local_listen_port: 12400]
[time_out: 120]
[machine_list_filename: ]
[machines: ]
[gpu_platform_id: -1]
[gpu_device_id: -1]
[gpu_use_dp: 0]
[num_gpu: 1]

end of parameters
