tree
version=v4
num_class=1
num_tree_per_iteration=1
label_index=0
max_feature_idx=21
objective=binary sigmoid:1
feature_names=Column_0 Column_1 Column_2 Column_3 Column_4 Column_5 Column_6 Column_7 Column_8 Column_9 Column_10 Column_11 Column_12 Column_13 Column_14 Column_15 Column_16 Column_17 Column_18 Column_19 Column_20 Column_21
feature_infos=[0:5] [0:3] [0:9] [0:1] [0:8] [0:1] [0:1] [0:1] [0:11] [0:1] [0:4] [0:3] [0:3] [0:8] [0:8] none [0:3] [0:2] [0:4] [0:8] [0:5] [0:6]
tree_sizes=1056 1047 1047 1035 1041 1047 1041 1053 1046 1051 1052 1061 1062 1060 1063 971 1066 883 802 805 882 806 799 800 802 801 801 801 801 801 801 797 801 795 970 801 796 888 809 804 890 892 810 807 809 721 801 721 806 802 968 718 805 888 805 719 805 888 719 801 891 802 886 890 808 716 719 799 802 716 720 805 721 887 801 718 801 889 800 720 798 721 803 722 800 977 884 803 806 804 966 724 978 884 808 886 804 986 886 724 808 727 814 809

Tree=0
num_leaves= 8
num_cat= 0
full_tree_array_lgbids= 0 1 2 5 6 4 3 -1 -7 -3 -8 -2 -6 -4 -5
split_feature= 8 20 19 7 4 10 21
split_gain= 2189.03 1173.35 1115.86 757.886 242.814 203.331 28.495
threshold= 3.5000000000000004 3.5000000000000004 1.5000000000000002 1.0000000180025095e-35 4.5000000000000009 1.0000000180025095e-35 4.5000000000000009
decision_type= 2 2 2 2 2 2 2
left_child=1 5 4 -4 -2 -1 -3
right_child=2 6 3 -5 -6 -7 -8
leaf_value= 0.13625295265526666 0.13625295265526666 0.13456384585043257 -0.25410630703196962 0.011094830380406609 -0.26425303862428545 -0.26425303862428545 -0.052220455005699037
leaf_weight=14.48168098926544 127.58860319852829 532.82598674297333 689.87732023000717 127.83828735351562 17.228206694126129 104.36797678470612 8.4892612695693952
leaf_count=58 511 2134 2763 512 69 418 34
model_size=816
internal_value=-0.0711178 0.0691485 -0.167321 -0.212646 0.0886066 -0.215452 0.131635
internal_weight=0 660.165 962.532 817.716 144.817 118.85 541.315
internal_count=6499 2644 3855 3275 580 476 2168
is_linear=0
shrinkage=1


Tree=1
num_leaves= 8
num_cat= 0
full_tree_array_lgbids= 0 1 2 5 6 4 3 -1 -7 -3 -8 -2 -6 -4 -5
split_feature= 8 20 19 7 4 10 21
split_gain= 1787.63 954.136 914.011 625.745 197.564 167.035 23.1298
threshold= 3.5000000000000004 3.5000000000000004 1.5000000000000002 1.0000000180025095e-35 4.5000000000000009 1.0000000180025095e-35 4.5000000000000009
decision_type= 2 2 2 2 2 2 2
left_child=1 5 4 -4 -2 -1 -3
right_child=2 6 3 -5 -6 -7 -8
leaf_value= 0.18726217829300001 0.18726217829300001 0.18571508241162918 -0.16726255154856101 0.073892799984502308 -0.17677793099633521 -0.17677793099633521 0.016997149351572715
leaf_weight=14.432910382747648 127.15891733765602 531.09220561385155 679.71848121285439 127.99606323242188 16.952329516410828 102.69672083854675 8.4942075908184034
leaf_count=58 511 2134 2763 512 69 418 34
model_size=816
internal_value=0 0.12688 -0.0876402 -0.129047 0.144439 -0.13192 0.183059
internal_weight=0 656.716 951.826 807.715 144.111 117.13 539.586
internal_count=6499 2644 3855 3275 580 476 2168
is_linear=0
shrinkage=0.1


Tree=2
num_leaves= 8
num_cat= 0
full_tree_array_lgbids= 0 1 2 5 6 4 3 -1 -7 -3 -8 -2 -6 -4 -5
split_feature= 8 20 19 7 4 10 21
split_gain= 1484.85 791.01 759.699 525.359 163.932 139.58 19.5606
threshold= 3.5000000000000004 3.5000000000000004 1.5000000000000002 1.0000000180025095e-35 4.5000000000000009 1.0000000180025095e-35 4.5000000000000009
decision_type= 2 2 2 2 2 2 2
left_child=1 5 4 -4 -2 -1 -3
right_child=2 6 3 -5 -6 -7 -8
leaf_value= 0.17236010255125836 0.17236010255125836 0.17086405170974694 -0.15502436945878606 0.066626512356841902 -0.16433727988382651 -0.16433727988382651 0.015291415035553924
leaf_weight=14.127121359109877 124.46481059491634 520.04911720752716 660.97406414151192 127.76914215087891 16.43764516711235 99.578777968883514 8.4973639547824842
leaf_count=58 511 2134 2763 512 69 418 34
model_size=816
internal_value=0 0.116867 -0.0808941 -0.119119 0.133081 -0.122505 0.168363
internal_weight=0 642.252 929.646 788.743 140.902 113.706 528.546
internal_count=6499 2644 3855 3275 580 476 2168
is_linear=0
shrinkage=0.1


Tree=3
num_leaves= 8
num_cat= 0
full_tree_array_lgbids= 0 1 2 5 6 4 3 -1 -7 -3 -8 -2 -6 -4 -5
split_feature= 8 20 19 4 4 10 21
split_gain= 1249 665.214 638.322 465.534 138.014 118.144 17.0478
threshold= 3.5000000000000004 3.5000000000000004 1.5000000000000002 5.5000000000000009 4.5000000000000009 1.0000000180025095e-35 4.5000000000000009
decision_type= 2 2 2 2 2 2 2
left_child=1 5 4 -4 -2 -1 -3
right_child=2 6 3 -5 -6 -7 -8
leaf_value= 0.1609037703805144 0.1609037703805144 0.15940188087544543 -0.13152452094662784 0.18593198198927297 -0.15458733496862687 -0.15458733496862687 0.013759198216872701
leaf_weight=13.6439371407032 120.20779101550579 502.57771798968315 714.21368005871773 49.465191811323166 15.761341184377669 95.481748044490814 8.4991559386253339
leaf_count=58 511 2134 3076 199 69 418 34
model_size=816
internal_value=0 0.1091 -0.0754007 -0.110962 0.124333 -0.115142 0.15698
internal_weight=0 620.203 899.648 763.679 135.969 109.126 511.077
internal_count=6499 2644 3855 3275 580 476 2168
is_linear=0
shrinkage=0.1


Tree=4
num_leaves= 8
num_cat= 0
full_tree_array_lgbids= 0 1 2 5 6 4 3 -1 -7 -3 -8 -2 -6 -4 -5
split_feature= 8 20 19 7 4 10 21
split_gain= 1058.68 565.58 538.788 415.68 117.495 101.002 15.2006
threshold= 3.5000000000000004 3.5000000000000004 1.5000000000000002 1.0000000180025095e-35 4.5000000000000009 1.0000000180025095e-35 4.5000000000000009
decision_type= 2 2 2 2 2 2 2
left_child=1 5 4 -4 -2 -1 -3
right_child=2 6 3 -5 -6 -7 -8
leaf_value= 0.15185187516794491 0.15185187516794491 0.150304303522415 -0.13780942792587297 0.06144696400678909 -0.14676872362570559 -0.14676872362570559 0.01238208966845589
leaf_weight=13.042239397764204 114.90662641823292 480.80972275137901 610.95480671525002 126.60149097442627 14.980887696146963 90.75378343462944 8.4999189376831037
leaf_count=58 511 2134 2763 512 69 418 34
model_size=816
internal_value=0 0.102905 -0.0705129 -0.103607 0.11741 -0.109246 0.147908
internal_weight=0 593.106 867.444 737.556 129.888 103.796 489.31
internal_count=6499 2644 3855 3275 580 476 2168
is_linear=0
shrinkage=0.1


Tree=5
num_leaves= 8
num_cat= 0
full_tree_array_lgbids= 0 1 2 5 6 4 3 -1 -7 -3 -8 -2 -6 -4 -5
split_feature= 8 20 19 7 4 10 21
split_gain= 905.748 485.021 459.145 359.18 100.911 87.0353 13.7974
threshold= 3.5000000000000004 3.5000000000000004 1.5000000000000002 1.0000000180025095e-35 4.5000000000000009 1.0000000180025095e-35 4.5000000000000009
decision_type= 2 2 2 2 2 2 2
left_child=1 5 4 -4 -2 -1 -3
right_child=2 6 3 -5 -6 -7 -8
leaf_value= 0.14454675775689577 0.14454675775689577 0.14292252037587155 -0.1308679037201633 0.05560725653805107 -0.14038449805642142 -0.14038449805642142 0.011143876139678986
leaf_weight=12.365946739912031 108.9482548981905 456.33597576618195 580.59435327351093 125.94146846234798 14.139219447970389 85.654981583356857 8.4999179244041425
leaf_count=58 511 2134 2763 512 69 418 34
model_size=816
internal_value=0 0.0978548 -0.066554 -0.0976283 0.111816 -0.104439 0.140513
internal_weight=0 562.857 829.623 706.536 123.087 98.0209 464.836
internal_count=6499 2644 3855 3275 580 476 2168
is_linear=0
shrinkage=0.1


Tree=6
num_leaves= 8
num_cat= 0
full_tree_array_lgbids= 0 1 2 5 6 4 3 -1 -7 -3 -8 -2 -6 -4 -5
split_feature= 8 20 19 4 4 10 21
split_gain= 779.584 418.806 393.27 332.007 87.2819 75.4831 12.7004
threshold= 3.5000000000000004 3.5000000000000004 1.5000000000000002 5.5000000000000009 4.5000000000000009 1.0000000180025095e-35 4.5000000000000009
decision_type= 2 2 2 2 2 2 2
left_child=1 5 4 -4 -2 -1 -3
right_child=2 6 3 -5 -6 -7 -8
leaf_value= 0.13855140791954978 0.13855140791954978 0.13682439039250779 -0.11166128405514984 0.16347015136058904 -0.13509509769210032 -0.13509509769210032 0.010030179016638035
leaf_weight=11.647865027189253 102.62170739471912 430.34496757388115 626.97010035812855 47.265657484531403 13.268332377076147 80.379172950983047 8.499360114336012
leaf_count=58 511 2134 3076 199 69 418 34
model_size=816
internal_value=0 0.093661 -0.0630986 -0.0923739 0.107221 -0.10046 0.134369
internal_weight=0 530.871 790.126 674.236 115.89 92.027 438.844
internal_count=6499 2644 3855 3275 580 476 2168
is_linear=0
shrinkage=0.1


Tree=7
num_leaves= 8
num_cat= 0
full_tree_array_lgbids= 0 1 2 5 6 3 4 -1 -7 -3 -8 -2 -5 -4 -6
split_feature= 8 20 4 4 4 10 21
split_gain= 672.596 363.653 343.909 315.703 309.339 65.8101 11.822
threshold= 3.5000000000000004 3.5000000000000004 2.5000000000000004 1.0000000180025095e-35 5.5000000000000009 1.0000000180025095e-35 4.5000000000000009
decision_type= 2 2 2 2 2 2 2
left_child=1 5 3 -2 -4 -1 -3
right_child=2 6 4 -5 -6 -7 -8
leaf_value= 0.13356356395996258 -0.14529282149684927 0.13171005731933175 -0.11869843311920447 0.14837441881911215 0.15389833784723783 -0.13066022980921915 0.0090282261165076112
leaf_weight=10.912395119667051 51.908115670084953 403.72099873423576 530.46725672483444 125.13725709915161 45.285649582743645 75.069723188877106 8.4984066188335401
leaf_count=58 264 2134 2765 627 199 418 34
model_size=816
internal_value=0 0.0901236 -0.0597384 0.0622738 -0.0972574 -0.0971263 0.129181
internal_weight=0 498.202 752.798 177.045 575.753 85.9821 412.219
internal_count=6499 2644 3855 891 2964 476 2168
is_linear=0
shrinkage=0.1


Tree=8
num_leaves= 8
num_cat= 0
full_tree_array_lgbids= 0 1 2 5 6 3 4 -1 -7 -3 -8 -2 -5 -4 -6
split_feature= 8 20 4 4 4 10 21
split_gain= 584.471 317.203 296.519 273.704 266.35 57.6238 11.1
threshold= 3.5000000000000004 3.5000000000000004 2.5000000000000004 1.0000000180025095e-35 5.5000000000000009 1.0000000180025095e-35 4.5000000000000009
decision_type= 2 2 2 2 2 2 2
left_child=1 5 3 -2 -4 -1 -3
right_child=2 6 4 -5 -6 -7 -8
leaf_value= 0.12936717161346731 -0.13978814497319475 0.12736450175659514 -0.11343085486951202 0.14240819835891569 0.14621023574542055 -0.12690484179902931 0.0081266281495820016
leaf_weight=10.177520692348478 48.72111688554287 377.11591854691505 501.11881312727928 117.72383327782154 43.016563415527344 69.83132404088974 8.4971830844879133
leaf_count=58 264 2134 2765 627 199 418 34
model_size=816
internal_value=0 0.0870984 -0.0571345 0.0598048 -0.092905 -0.0943058 0.124737
internal_weight=0 465.622 710.58 166.445 544.135 80.0088 385.613
internal_count=6499 2644 3855 891 2964 476 2168
is_linear=0
shrinkage=0.1


Tree=9
num_leaves= 8
num_cat= 0
full_tree_array_lgbids= 0 1 2 5 6 3 4 -1 -7 -3 -8 -2 -5 -4 -6
split_feature= 8 20 4 4 4 10 21
split_gain= 509.672 277.728 256.363 238.496 230.148 50.6412 10.4996
threshold= 3.5000000000000004 3.5000000000000004 2.5000000000000004 1.0000000180025095e-35 5.5000000000000009 1.0000000180025095e-35 4.5000000000000009
decision_type= 2 2 2 2 2 2 2
left_child=1 5 3 -2 -4 -1 -3
right_child=2 6 4 -5 -6 -7 -8
leaf_value= 0.12580350276737742 -0.1351172420254087 0.12362912245979391 -0.10863248417510525 0.13735862927931936 0.13992454436181059 -0.12369825373571018 0.0073152391151233565
leaf_weight=9.456299960613249 45.529184013605118 351.00311988592148 472.42269667983055 110.23233403265476 40.579360768198967 64.738919049501419 8.4957862794399244
leaf_count=58 264 2134 2765 627 199 418 34
model_size=816
internal_value=0 0.0844787 -0.0548068 0.0577138 -0.0889712 -0.0918989 0.12088
internal_weight=0 433.694 668.764 155.762 513.002 74.1952 359.499
internal_count=6499 2644 3855 891 2964 476 2168
is_linear=0
shrinkage=0.1


Tree=10
num_leaves= 8
num_cat= 0
full_tree_array_lgbids= 0 1 2 5 6 3 4 -1 -7 -3 -8 -2 -5 -4 -6
split_feature= 8 20 4 4 4 10 21
split_gain= 445.704 243.921 222.1 208.701 199.403 44.6407 9.99025
threshold= 3.5000000000000004 3.5000000000000004 2.5000000000000004 1.0000000180025095e-35 5.5000000000000009 1.0000000180025095e-35 4.5000000000000009
decision_type= 2 2 2 2 2 2 2
left_child=1 5 3 -2 -4 -1 -3
right_child=2 6 4 -5 -6 -7 -8
leaf_value= 0.12275322415096231 -0.13111353004825663 0.12038400087870281 -0.10419879614795335 0.13304018591668704 0.13471134256417225 -0.12094088198253522 0.0065849330255211939
leaf_weight=8.7580039203166944 42.389104306697845 325.71884620189667 444.71579402685165 102.81145115196705 38.064152121543884 59.844586253166199 8.4942886531352979
leaf_count=58 264 2134 2765 627 199 418 34
model_size=816
internal_value=0 0.0821832 -0.0526942 0.0559245 -0.0853622 -0.0898302 0.117492
internal_weight=0 402.816 627.981 145.201 482.78 68.6026 334.213
internal_count=6499 2644 3855 891 2964 476 2168
is_linear=0
shrinkage=0.1


Tree=11
num_leaves= 8
num_cat= 0
full_tree_array_lgbids= 0 1 2 5 6 3 4 -1 -7 -3 -8 -2 -5 -4 -6
split_feature= 8 20 9 10 19 10 12
split_gain= 390.653 214.778 206.466 167.028 114.385 39.452 10.144
threshold= 3.5000000000000004 3.5000000000000004 1.0000000180025095e-35 1.0000000180025095e-35 1.5000000000000002 1.0000000180025095e-35 1.0000000180025095e-35
decision_type= 2 2 2 2 2 2 2
left_child=1 5 3 -2 -4 -1 -3
right_child=2 6 4 -5 -6 -7 -8
leaf_value= 0.120124818310304 0.11845687264494929 -0.037351347476324619 0.11914917803331171 -0.044425029081011702 -0.12390419260381205 -0.11855542649094364 0.11679102756216418
leaf_weight=8.0889927148818952 96.194051325321198 4.6498577296733847 20.907384902238846 184.56234389543533 287.0092796087265 55.18286994099617 305.33662542700768
leaf_count=58 592 26 155 1185 1923 418 2142
model_size=816
internal_value=0 0.0801492 -0.0507496 0.0113823 -0.107401 -0.0880413 0.114479
internal_weight=0 373.258 588.673 280.756 307.917 63.2719 309.986
internal_count=6499 2644 3855 1777 2078 476 2168
is_linear=0
shrinkage=0.1


Tree=12
num_leaves= 8
num_cat= 0
full_tree_array_lgbids= 0 1 2 5 6 3 4 -1 -7 -3 -8 -2 -5 -4 -6
split_feature= 8 20 9 21 19 10 21
split_gain= 341.318 189.277 185.893 158.449 101.084 34.9395 10.4267
threshold= 3.5000000000000004 3.5000000000000004 1.0000000180025095e-35 1.0000000180025095e-35 1.5000000000000002 1.0000000180025095e-35 4.5000000000000009
decision_type= 2 2 2 2 2 2 2
left_child=1 5 3 -2 -4 -1 -3
right_child=2 6 4 -5 -6 -7 -8
leaf_value= 0.11784687452276783 0.16176047170754049 0.11505914457152307 0.11699825558672441 -0.027872088327229951 -0.12121741064661151 -0.11648097729749039 -0.0016544567310483661
leaf_weight=7.4533958137035361 55.518957577645779 278.8628446161747 19.247628077864647 218.49145960062742 265.15523092448711 50.774910271167755 8.4520173668861371
leaf_count=58 327 2134 155 1450 1923 418 34
model_size=816
internal_value=0 0.0782414 -0.0483487 0.0105505 -0.105096 -0.0864863 0.111626
internal_weight=0 345.543 558.413 274.01 284.403 58.2283 287.315
internal_count=6499 2644 3855 1777 2078 476 2168
is_linear=0
shrinkage=0.1


Tree=13
num_leaves= 8
num_cat= 0
full_tree_array_lgbids= 0 2 1 5 6 3 4 -1 -7 -4 -8 -2 -5 -3 -6
split_feature= 8 9 20 21 19 10 21
split_gain= 298.19 168.52 167.297 133.085 89.5469 30.9994 9.93271
threshold= 3.5000000000000004 1.0000000180025095e-35 3.5000000000000004 1.0000000180025095e-35 1.5000000000000002 1.0000000180025095e-35 4.5000000000000009
decision_type= 2 2 2 2 2 2 2
left_child=2 3 5 -2 -3 -1 -4
right_child=1 4 6 -5 -6 -7 -8
leaf_value= 0.11586288176687953 0.15129025961332676 0.11512141722890622 0.11279886524970545 -0.025253665266398134 -0.11887957130473133 -0.11466884050498732 -0.0014888349550752592
leaf_weight=6.8536426723003379 53.530377008020878 17.685282006859779 257.12191674113274 217.10759344696999 244.3970792889595 46.631700873374939 8.4529476314783079
leaf_count=58 327 155 2134 1450 1923 418 34
model_size=816
internal_value=0 -0.0458064 0.0765917 0.00966554 -0.103089 -0.0851284 0.109161
internal_weight=0 532.72 319.06 270.638 262.082 53.4853 265.575
internal_count=6499 3855 2644 1777 2078 476 2168
is_linear=0
shrinkage=0.1


Tree=14
num_leaves= 8
num_cat= 0
full_tree_array_lgbids= 0 2 1 5 6 3 4 -1 -7 -4 -8 -2 -5 -3 -6
split_feature= 8 9 20 10 19 10 12
split_gain= 260.777 153.155 148.074 130.199 79.4929 27.5455 9.82688
threshold= 3.5000000000000004 1.0000000180025095e-35 3.5000000000000004 2.5000000000000004 1.5000000000000002 1.0000000180025095e-35 1.0000000180025095e-35
decision_type= 2 2 2 2 2 2 2
left_child=2 3 5 -2 -3 -1 -4
right_child=1 4 6 -5 -6 -7 -8
leaf_value= 0.11412744279391081 0.055457580236322392 0.11347708495761999 -0.04761728167434795 -0.096215427175568871 -0.11683512550344111 -0.11307963800542431 0.10968933299357203
leaf_weight=6.2908793091773978 185.26800959557295 16.222259104251862 4.3576593250036231 82.182155251502991 224.80988821387291 42.756608352065086 240.81556466221809
leaf_count=58 1193 155 26 584 1923 418 2142
model_size=816
internal_value=0 -0.0433791 0.0750813 0.00885146 -0.101334 -0.0839378 0.106893
internal_weight=0 508.482 294.221 267.45 241.032 49.0475 245.173
internal_count=6499 3855 2644 1777 2078 476 2168
is_linear=0
shrinkage=0.1


Tree=15
num_leaves= 7
num_cat= 0
full_tree_array_lgbids= 0 2 1 4 5 3 -3 -1 -6 -4 -7 -2 -5 -2147483648 -2147483648
split_feature= 11 4 6 4 17 7
split_gain= 237.497 252.877 239.66 132.96 53.0494 0.68076
threshold= 1.5000000000000002 5.5000000000000009 1.0000000180025095e-35 2.5000000000000004 1.0000000180025095e-35 1.0000000180025095e-35
decision_type= 2 2 2 2 2 2
left_child=2 3 4 -2 -1 -4
right_child=1 -3 5 -5 -6 -7
leaf_value= 0.43505805407055287 0.026459009038000827 0.12134591725746335 -0.11392013880405072 -0.10434997484132796 0.11761918450189164 -0.17417899024859901
leaf_weight=5.4876615256071082 104.13730286061764 81.308389708399773 45.14796407520771 313.28170424699783 200.52699418365955 4.4011064171791068
leaf_count=31 828 640 428 2671 1883 18
model_size=704
internal_value=0 -0.0402407 0.0785066 -0.0717159 0.126075 -0.119273
internal_weight=0 498.727 255.564 417.419 206.015 49.5491
internal_count=6499 4139 2360 3499 1914 446
is_linear=0
shrinkage=0.1


Tree=16
num_leaves= 8
num_cat= 0
full_tree_array_lgbids= 0 2 1 5 6 4 3 -1 -7 -4 -8 -2 -6 -3 -5
split_feature= 11 7 6 1 2 12 7
split_gain= 207.95 222.489 211.532 68.8262 41.9297 27.6496 0.177723
threshold= 1.5000000000000002 1.0000000180025095e-35 1.0000000180025095e-35 1.0000000180025095e-35 1.0000000180025095e-35 2.5000000000000004 1.0000000180025095e-35
decision_type= 2 2 2 2 2 2 2
left_child=2 4 5 -3 -2 -1 -4
right_child=1 3 6 -5 -6 -7 -8
leaf_value= 0.11288220363698427 0.099063505840692997 -0.0641524950006091 -0.11242830037585756 0.089303012805497517 -0.097187036996106105 0.26936197519521915 -0.16232120916559689
leaf_weight=178.08107206225395 11.528539434075354 38.341260701417923 41.365785762667656 129.06466440111399 291.6406784504652 12.421853497624396 4.2575312554836264
leaf_count=1860 104 192 428 1049 2794 54 18
model_size=816
internal_value=0 -0.0385389 0.076681 0.0541568 -0.0897243 0.123086 -0.117084
internal_weight=0 470.575 236.126 167.406 303.169 190.503 45.6233
internal_count=6499 4139 2360 1241 2898 1914 446
is_linear=0
shrinkage=0.1


Tree=17
num_leaves= 6
num_cat= 0
full_tree_array_lgbids= 0 2 1 4 -4 3 -3 -1 -6 -2147483648 -2147483648 -2 -5 -2147483648 -2147483648
split_feature= 11 4 6 4 12
split_gain= 182.328 198.358 187.097 114.42 16.3783
threshold= 1.5000000000000002 5.5000000000000009 1.0000000180025095e-35 2.5000000000000004 2.5000000000000004
decision_type= 2 2 2 2 2
left_child=2 3 4 -2 -1
right_child=1 -3 -4 -5 -6
leaf_value= 0.11156915128433154 0.026082825169863502 0.11747516822654694 -0.1151820826675746 -0.099312397219089396 0.23100420500061158
leaf_weight=162.93354564160109 99.944852590560913 70.397174879908562 41.924824550747871 274.56253988295794 12.998622983694075
leaf_count=1860 828 640 446 2671 54
model_size=592
internal_value=0 -0.0368409 0.0750589 -0.0658482 0.120394
internal_weight=0 444.905 217.857 374.507 175.932
internal_count=6499 4139 2360 3499 1914
is_linear=0
shrinkage=0.1


Tree=18
num_leaves= 5
num_cat= 0
full_tree_array_lgbids= 0 -1 1 -2147483648 -2147483648 3 2 -2147483648 -2147483648 -2147483648 -2147483648 -2 -5 -3 -4
split_feature= 8 19 4 4
split_gain= 163.849 189.579 104.779 72.9054
threshold= 1.0000000180025095e-35 1.5000000000000002 5.5000000000000009 4.5000000000000009
decision_type= 2 2 2 2
left_child=-1 3 -3 -2
right_child=1 2 -4 -5
leaf_value= 0.10968872198745293 0.11274586758775945 -0.072152444802435906 0.12279006458947464 -0.18228199539028545
leaf_weight=112.02261102199554 105.59088303893805 363.75226014852524 30.079600840806961 9.2062423825263959
leaf_count=1398 1256 3568 199 78
model_size=480
internal_value=0 -0.0242325 -0.0572634 0.0890859
internal_weight=0 508.629 393.832 114.797
internal_count=6499 5101 3767 1334
is_linear=0
shrinkage=0.1


Tree=19
num_leaves= 5
num_cat= 0
full_tree_array_lgbids= 0 -1 1 -2147483648 -2147483648 3 2 -2147483648 -2147483648 -2147483648 -2147483648 -2 -5 -3 -4
split_feature= 8 19 7 4
split_gain= 145.569 165.247 99.9615 65.3229
threshold= 1.0000000180025095e-35 1.5000000000000002 1.0000000180025095e-35 4.5000000000000009
decision_type= 2 2 2 2
left_child=-1 3 -3 -2
right_child=1 2 -4 -5
leaf_value= 0.1086831579069167 0.11156966557735944 -0.085175163016432354 0.032220076453320437 -0.1816367932117294
leaf_weight=102.25205159932375 96.498303540050983 276.40626622736454 99.414917849004269 8.3583102822303754
leaf_count=1398 1256 3200 567 78
model_size=480
internal_value=0 -0.0230751 -0.0541209 0.0881976
internal_weight=0 480.678 375.821 104.857
internal_count=6499 5101 3767 1334
is_linear=0
shrinkage=0.1


Tree=20
num_leaves= 6
num_cat= 0
full_tree_array_lgbids= 0 1 2 4 -3 3 -4 -1 -6 -2147483648 -2147483648 -2 -5 -2147483648 -2147483648
split_feature= 11 6 4 4 12
split_gain= 130.246 145.544 139.99 88.2565 13.4558
threshold= 1.5000000000000002 1.0000000180025095e-35 5.5000000000000009 2.5000000000000004 2.5000000000000004
decision_type= 2 2 2 2 2
left_child=1 4 3 -2 -1
right_child=2 -3 -4 -5 -6
leaf_value= 0.10841767983685964 0.025018918358206851 -0.11265130534150276 0.11336214548462756 -0.091929472526906419 0.21855387490797132
leaf_weight=123.76784134656191 91.082095786929131 34.109666936099529 55.953114792704582 228.48505052924156 12.996237754821776
leaf_count=1860 828 446 640 2671 54
model_size=592
internal_value=0 0.0726648 -0.032975 -0.0585972 0.118884
internal_weight=0 170.874 375.52 319.567 136.764
internal_count=6499 2360 4139 3499 1914
is_linear=0
shrinkage=0.1


Tree=21
num_leaves= 5
num_cat= 0
full_tree_array_lgbids= 0 -1 1 -2147483648 -2147483648 3 2 -2147483648 -2147483648 -2147483648 -2147483648 -2 -5 -3 -4
split_feature= 8 19 9 4
split_gain= 117.694 128.188 90.538 55.0887
threshold= 1.0000000180025095e-35 1.5000000000000002 1.0000000180025095e-35 4.5000000000000009
decision_type= 2 2 2 2
left_child=-1 3 -3 -2
right_child=1 2 -4 -5
leaf_value= 0.10714190535642805 0.10981152106800647 -0.0048738554419572658 -0.1099901010177554 -0.18001610371827237
leaf_weight=86.009829215705395 81.133228652179241 194.08695641905069 144.03422161191702 7.250091388821601
leaf_count=1398 1256 1691 2076 78
model_size=480
internal_value=0 -0.0215333 -0.0496517 0.0860369
internal_weight=0 426.504 338.121 88.3833
internal_count=6499 5101 3767 1334
is_linear=0
shrinkage=0.1


Tree=22
num_leaves= 5
num_cat= 0
full_tree_array_lgbids= 0 1 -2 2 3 -2147483648 -2147483648 -1 -4 -3 -5 -2147483648 -2147483648 -2147483648 -2147483648
split_feature= 4 4 4 19
split_gain= 105.794 181.196 151.064 95.3493
threshold= 5.5000000000000009 2.5000000000000004 1.0000000180025095e-35 4.5000000000000009
decision_type= 2 2 2 2
left_child=1 2 -1 -3
right_child=-2 3 -4 -5
leaf_value= -0.11776355243555103 0.10990140901865048 -0.11469136581631621 0.11264143168281343 0.023743635975719851
leaf_weight=36.837187744677067 74.7382752597332 173.9332248903811 128.12103543803096 70.53172730281949
leaf_count=320 1123 2523 1885 648
model_size=480
internal_value=0 -0.0199801 0.0611892 -0.0747508
internal_weight=0 409.423 164.958 244.465
internal_count=6499 5376 2205 3171
is_linear=0
shrinkage=0.1


Tree=23
num_leaves= 5
num_cat= 0
full_tree_array_lgbids= 0 1 -2 2 3 -2147483648 -2147483648 -1 -4 -3 -5 -2147483648 -2147483648 -2147483648 -2147483648
split_feature= 4 4 4 19
split_gain= 94.4822 158.848 134.9 88.6399
threshold= 5.5000000000000009 2.5000000000000004 1.0000000180025095e-35 4.5000000000000009
decision_type= 2 2 2 2
left_child=1 2 -1 -3
right_child=-2 3 -4 -5
leaf_value= -0.1158794066529869 0.10891569964852724 -0.11369594922686443 0.11148751557506098 0.021096064393397711
leaf_weight=33.845743983983994 68.206721656024456 158.68893612921238 117.06733932346106 71.396555088460445
leaf_count=320 1123 2523 1885 648
model_size=480
internal_value=0 -0.0194399 0.0604952 -0.0718694
internal_weight=0 380.999 150.913 230.085
internal_count=6499 5376 2205 3171
is_linear=0
shrinkage=0.1


Tree=24
num_leaves= 5
num_cat= 0
full_tree_array_lgbids= 0 1 -2 2 3 -2147483648 -2147483648 -1 -4 -3 -5 -2147483648 -2147483648 -2147483648 -2147483648
split_feature= 4 4 4 19
split_gain= 84.4317 139.186 120.593 82.5059
threshold= 5.5000000000000009 2.5000000000000004 1.0000000180025095e-35 4.5000000000000009
decision_type= 2 2 2 2
left_child=1 2 -1 -3
right_child=-2 3 -4 -5
leaf_value= -0.11421557322055675 0.10803229642223869 -0.11278545094970237 0.11043852904811623 0.018771632334112519
leaf_weight=31.048104576766491 62.194866549223661 144.68783002346754 106.88170956447721 72.170193821191788
leaf_count=320 1123 2523 1885 648
model_size=480
internal_value=0 -0.0189021 0.0598687 -0.0690033
internal_weight=0 354.788 137.93 216.858
internal_count=6499 5376 2205 3171
is_linear=0
shrinkage=0.1


Tree=25
num_leaves= 5
num_cat= 0
full_tree_array_lgbids= 0 1 -2 2 3 -2147483648 -2147483648 -1 -4 -3 -5 -2147483648 -2147483648 -2147483648 -2147483648
split_feature= 4 4 4 19
split_gain= 75.4878 121.884 107.904 76.8623
threshold= 5.5000000000000009 2.5000000000000004 1.0000000180025095e-35 4.5000000000000009
decision_type= 2 2 2 2
left_child=1 2 -1 -3
right_child=-2 3 -4 -5
leaf_value= -0.1127419460603985 0.10723975322803514 -0.11194855830243847 0.10948441876539666 0.01672499054750692
leaf_weight=28.441848188638687 56.670903857797384 131.84789038076997 97.510381322354078 72.862692005932331
leaf_count=320 1123 2523 1885 648
model_size=480
internal_value=0 -0.0183639 0.0593025 -0.0661497
internal_weight=0 330.663 125.952 204.711
internal_count=6499 5376 2205 3171
is_linear=0
shrinkage=0.1


Tree=26
num_leaves= 5
num_cat= 0
full_tree_array_lgbids= 0 1 -2 2 3 -2147483648 -2147483648 -1 -4 -3 -5 -2147483648 -2147483648 -2147483648 -2147483648
split_feature= 4 4 4 19
split_gain= 67.5183 106.661 96.6304 71.6411
threshold= 5.5000000000000009 2.5000000000000004 1.0000000180025095e-35 4.5000000000000009
decision_type= 2 2 2 2
left_child=1 2 -1 -3
right_child=-2 3 -4 -5
leaf_value= -0.11143345350910319 0.10652805029737565 -0.11117568262834482 0.10861632117400546 0.01491839254755239
leaf_weight=26.021949842572212 51.603044766932726 120.0881255865097 88.900265857577324 73.482904590666294
leaf_count=320 1123 2523 1885 648
model_size=480
internal_value=0 -0.0178232 0.0587902 -0.0633082
internal_weight=0 308.493 114.922 193.571
internal_count=6499 5376 2205 3171
is_linear=0
shrinkage=0.1


Tree=27
num_leaves= 5
num_cat= 0
full_tree_array_lgbids= 0 1 -2 2 3 -2147483648 -2147483648 -1 -4 -3 -5 -2147483648 -2147483648 -2147483648 -2147483648
split_feature= 4 4 4 12
split_gain= 60.4088 93.2716 86.5978 69.4649
threshold= 5.5000000000000009 2.5000000000000004 1.0000000180025095e-35 2.5000000000000004
decision_type= 2 2 2 2
left_child=1 2 -1 -3
right_child=-2 3 -4 -5
leaf_value= -0.11026901625330553 0.10588843435046731 -0.081945489665564669 0.10782636216108671 0.11815642265378222
leaf_weight=23.781540364027023 46.960015919059515 163.69843561202288 80.999578038230538 19.66999327391386
leaf_count=320 1123 3031 1885 140
model_size=480
internal_value=0 -0.0172781 0.0583266 -0.0604805
internal_weight=0 288.15 104.781 183.368
internal_count=6499 5376 2205 3171
is_linear=0
shrinkage=0.1


Tree=28
num_leaves= 5
num_cat= 0
full_tree_array_lgbids= 0 1 -2 2 3 -2147483648 -2147483648 -1 -4 -3 -5 -2147483648 -2147483648 -2147483648 -2147483648
split_feature= 4 4 4 19
split_gain= 54.0327 81.5197 77.657 67.5534
threshold= 5.5000000000000009 2.5000000000000004 1.0000000180025095e-35 4.5000000000000009
decision_type= 2 2 2 2
left_child=1 2 -1 -3
right_child=-2 3 -4 -5
leaf_value= -0.10923078165533701 0.10531319184645832 -0.10997517758830883 0.10710748864091756 0.01765790763025207
leaf_weight=21.712492145597935 42.711436185985804 102.57516886852682 73.758296871557832 71.096331186592579
leaf_count=320 1123 2523 1885 648
model_size=480
internal_value=0 -0.0167083 0.0579066 -0.0577257
internal_weight=0 269.142 95.4708 173.672
internal_count=6499 5376 2205 3171
is_linear=0
shrinkage=0.1


Tree=29
num_leaves= 5
num_cat= 0
full_tree_array_lgbids= 0 1 -2 2 3 -2147483648 -2147483648 -1 -4 -3 -5 -2147483648 -2147483648 -2147483648 -2147483648
split_feature= 4 4 4 19
split_gain= 48.3712 71.2222 69.6784 62.5935
threshold= 5.5000000000000009 2.5000000000000004 1.0000000180025095e-35 4.5000000000000009
decision_type= 2 2 2 2
left_child=1 2 -1 -3
right_child=-2 3 -4 -5
leaf_value= -0.10830352267315531 0.1047955077872546 -0.10933504087831214 0.10645335492093613 0.015746099428843443
leaf_weight=19.805877663195133 38.828083926811814 93.329707255586982 67.128476826474071 71.720657043159008
leaf_count=320 1123 2523 1885 648
model_size=480
internal_value=0 -0.0161672 0.0575262 -0.0549825
internal_weight=0 251.985 86.9344 165.05
internal_count=6499 5376 2205 3171
is_linear=0
shrinkage=0.1


Tree=30
num_leaves= 5
num_cat= 0
full_tree_array_lgbids= 0 1 -2 2 3 -2147483648 -2147483648 -1 -4 -3 -5 -2147483648 -2147483648 -2147483648 -2147483648
split_feature= 4 4 4 19
split_gain= 43.3063 62.1775 62.55 58.0012
threshold= 5.5000000000000009 2.5000000000000004 1.0000000180025095e-35 4.5000000000000009
decision_type= 2 2 2 2
left_child=1 2 -1 -3
right_child=-2 3 -4 -5
leaf_value= -0.10747416140671909 0.10432936386788755 -0.10873505895769829 0.10585822032009506 0.014055667518588305
leaf_weight=18.052325263619423 35.282075131312013 84.890578094869852 61.064450331032276 72.280321415513754
leaf_count=320 1123 2523 1885 648
model_size=480
internal_value=0 -0.0156192 0.0571815 -0.0522656
internal_weight=0 236.288 79.1168 157.171
internal_count=6499 5376 2205 3171
is_linear=0
shrinkage=0.1


Tree=31
num_leaves= 5
num_cat= 0
full_tree_array_lgbids= 0 1 -2 2 3 -2147483648 -2147483648 -1 -4 -3 -5 -2147483648 -2147483648 -2147483648 -2147483648
split_feature= 4 4 4 12
split_gain= 38.772 54.2402 56.174 55.5921
threshold= 5.5000000000000009 2.5000000000000004 1.0000000180025095e-35 2.5000000000000004
decision_type= 2 2 2 2
left_child=1 2 -1 -3
right_child=-2 3 -4 -5
leaf_value= -0.10673141165122479 0.10390941694708322 -0.073009600227944699 0.1053168667623075 0.11110298075663205
leaf_weight=16.442284733057022 32.04698833078146 130.89067787863314 55.522954173386097 19.08404852449894
leaf_count=320 1123 3031 1885 140
model_size=480
internal_value=0 -0.0150644 0.0568691 -0.0495816
internal_weight=0 221.94 71.9652 149.975
internal_count=6499 5376 2205 3171
is_linear=0
shrinkage=0.1


Tree=32
num_leaves= 5
num_cat= 0
full_tree_array_lgbids= 0 1 -2 3 2 -2147483648 -2147483648 -1 -5 -3 -4 -2147483648 -2147483648 -2147483648 -2147483648
split_feature= 4 4 19 4
split_gain= 34.6881 47.2978 54.1047 50.4654
threshold= 5.5000000000000009 2.5000000000000004 4.5000000000000009 1.0000000180025095e-35
decision_type= 2 2 2 2
left_child=1 3 -3 -1
right_child=-2 2 -4 -5
leaf_value= -0.10606547993702427 0.1035309203370432 -0.10782412976047283 0.016221740713892995 0.10482455692072001
leaf_weight=14.96623447164893 29.097923683002591 72.870959315448999 70.094382710754871 50.463185833767056
leaf_count=320 1123 2523 648 1885
model_size=480
internal_value=0 -0.0144812 -0.0470058 0.0565859
internal_weight=0 208.395 142.965 65.4294
internal_count=6499 5376 3171 2205
is_linear=0
shrinkage=0.1


Tree=33
num_leaves= 5
num_cat= 0
full_tree_array_lgbids= 0 3 1 -1 -5 2 -3 -2147483648 -2147483648 -2147483648 -2147483648 -2 -4 -2147483648 -2147483648
split_feature= 14 4 4 4
split_gain= 31.6185 37.8469 43.7241 1.49318
threshold= 1.5000000000000002 5.5000000000000009 2.5000000000000004 3.5000000000000004
decision_type= 2 2 2 2
left_child=3 2 -2 -1
right_child=1 -3 -4 -5
leaf_value= 0.10194952532412149 0.050821621092048755 0.10318965252817328 -0.058076177269480368 0.18429576722737587
leaf_weight=6.4052589945495111 53.056393794715405 26.411528827622533 129.18950479850173 7.6937264949083328
leaf_count=347 1858 1123 3140 31
model_size=480
internal_value=0 -0.0099734 -0.0263733 0.146885
internal_weight=0 208.657 182.246 14.099
internal_count=6499 6121 4998 378
is_linear=0
shrinkage=0.1


Tree=34
num_leaves= 7
num_cat= 0
full_tree_array_lgbids= 0 1 4 3 2 5 -6 -1 -5 -3 -4 -2 -7 -2147483648 -2147483648
split_feature= 6 19 19 11 11 4
split_gain= 28.8992 57.5038 150.799 41.3581 16.2569 10.4671
threshold= 1.0000000180025095e-35 4.5000000000000009 6.5000000000000009 1.5000000000000002 2.5000000000000004 2.5000000000000004
decision_type= 2 2 2 2 2 2
left_child=1 3 -3 -1 5 -2
right_child=4 2 -4 -5 -6 -7
leaf_value= 0.10224379169381724 0.028622409763847795 0.53255191416369863 0.041023510663389801 -0.059769574586805874 0.24660136719569736 -0.09925691500776479
leaf_weight=20.202581083402038 8.3636030498892051 7.0745554119348517 55.774698346853256 79.107583243399858 1.6875051409006108 40.831409245729446
leaf_count=1139 114 58 1690 2564 7 927
model_size=704
internal_value=0 0.0209239 0.0963519 -0.0268113 -0.066767 -0.0775163
internal_weight=0 162.159 62.8493 99.3102 50.8825 49.195
internal_count=6499 5451 1748 3703 1048 1041
is_linear=0
shrinkage=0.1


Tree=35
num_leaves= 5
num_cat= 0
full_tree_array_lgbids= 0 1 -2 2 3 -2147483648 -2147483648 -1 -4 -3 -5 -2147483648 -2147483648 -2147483648 -2147483648
split_feature= 4 10 17 8
split_gain= 27.8669 35.3022 55.1621 28.2019
threshold= 5.5000000000000009 1.5000000000000002 1.5000000000000002 1.0000000180025095e-35
decision_type= 2 2 2 2
left_child=1 2 -1 -3
right_child=-2 3 -4 -5
leaf_value= -0.0033351482086963892 0.1030305117462044 0.10197275960510602 0.2195108298639557 -0.091704466150367939
leaf_weight=96.913180653937161 23.871579445898533 8.8237278871238214 12.775613933801649 64.115704674273729
leaf_count=3363 1123 474 96 1443
model_size=480
internal_value=0 -0.0136822 0.02262 -0.0682747
internal_weight=0 182.628 109.689 72.9394
internal_count=6499 5376 3459 1917
is_linear=0
shrinkage=0.1


Tree=36
num_leaves= 5
num_cat= 0
full_tree_array_lgbids= 0 3 1 -1 -5 2 -3 -2147483648 -2147483648 -2147483648 -2147483648 -2 -4 -2147483648 -2147483648
split_feature= 13 4 4 4
split_gain= 26.1182 30.1624 34.3302 0.464793
threshold= 1.5000000000000002 5.5000000000000009 2.5000000000000004 3.5000000000000004
decision_type= 2 2 2 2
left_child=3 2 -2 -1
right_child=1 -3 -4 -5
leaf_value= 0.10165065220092956 0.046738282745824304 0.10273892529361016 -0.054372768080390592 0.16751485156057278
leaf_weight=5.4371636807918531 48.842756690457463 21.658080330118537 117.0195203628391 7.4585493355989456
leaf_count=346 1859 1123 3140 31
model_size=480
internal_value=0 -0.00989077 -0.0245978 0.139745
internal_weight=0 187.52 165.862 12.8957
internal_count=6499 6122 4999 377
is_linear=0
shrinkage=0.1


Tree=37
num_leaves= 6
num_cat= 0
full_tree_array_lgbids= 0 1 2 4 -3 -2 3 -1 -6 -2147483648 -2147483648 -2147483648 -2147483648 -4 -5
split_feature= 11 6 14 19 12
split_gain= 22.8039 53.4351 23.9401 35.0546 1.26602
threshold= 1.5000000000000002 1.0000000180025095e-35 5.5000000000000009 4.5000000000000009 2.5000000000000004
decision_type= 2 2 2 2 2
left_child=1 4 -2 -4 -1
right_child=2 -3 3 -5 -6
leaf_value= 0.1017271148114921 -0.11304961488080895 -0.11110053991722163 -0.044126334775850456 0.072834062757089757 0.15268288566876659
leaf_weight=26.79631376452744 24.622023595497012 14.165342634543775 73.542620317079127 40.909719832241535 12.147994533181189
leaf_count=1860 728 446 2404 1007 54
model_size=592
internal_value=0 0.0566173 -0.0219239 -0.00232014 0.117622
internal_weight=0 53.1097 139.074 114.452 38.9443
internal_count=6499 2360 4139 3411 1914
is_linear=0
shrinkage=0.1


Tree=38
num_leaves= 5
num_cat= 0
full_tree_array_lgbids= 0 1 -2 2 3 -2147483648 -2147483648 -1 -4 -3 -5 -2147483648 -2147483648 -2147483648 -2147483648
split_feature= 4 10 9 8
split_gain= 21.4621 28.8629 43.9991 21.4854
threshold= 5.5000000000000009 1.5000000000000002 1.0000000180025095e-35 1.0000000180025095e-35
decision_type= 2 2 2 2
left_child=1 2 -1 -3
right_child=-2 3 -4 -5
leaf_value= 0.068377821202909778 0.10258298478147304 0.1015677607257207 -0.070335516931929742 -0.087775894041170782
leaf_weight=68.175941379740834 18.991579279303551 7.0391756780445567 35.490952143445611 55.518201300874352
leaf_count=1774 1123 474 1685 1443
model_size=480
internal_value=0 -0.0119884 0.0208885 -0.0664703
internal_weight=0 166.224 103.667 62.5574
internal_count=6499 5376 3459 1917
is_linear=0
shrinkage=0.1


Tree=39
num_leaves= 5
num_cat= 0
full_tree_array_lgbids= 0 1 -2 2 3 -2147483648 -2147483648 -1 -4 -3 -5 -2147483648 -2147483648 -2147483648 -2147483648
split_feature= 4 10 17 8
split_gain= 19.1634 24.8931 36.9396 18.7532
threshold= 5.5000000000000009 1.5000000000000002 1.5000000000000002 1.0000000180025095e-35
decision_type= 2 2 2 2
left_child=1 2 -1 -3
right_child=-2 3 -4 -5
leaf_value= -0.005534120497061072 0.10233540059563047 0.10141644391348853 0.16993153680477535 -0.084649172284524218
leaf_weight=87.765192870050669 17.223750283010304 6.3783293031156054 14.298667363822458 51.996601489372551
leaf_count=3363 1123 474 96 1443
model_size=480
internal_value=0 -0.0112847 0.0190478 -0.0643187
internal_weight=0 160.439 102.064 58.3749
internal_count=6499 5376 3459 1917
is_linear=0
shrinkage=0.1


Tree=40
num_leaves= 6
num_cat= 0
full_tree_array_lgbids= 0 1 2 4 -3 -2 3 -1 -6 -2147483648 -2147483648 -2147483648 -2147483648 -4 -5
split_feature= 11 6 14 19 12
split_gain= 20.5428 44.0319 20.6021 25.3408 0.629356
threshold= 1.5000000000000002 1.0000000180025095e-35 5.5000000000000009 4.5000000000000009 2.5000000000000004
decision_type= 2 2 2 2 2
left_child=1 4 -2 -4 -1
right_child=2 -3 3 -5 -6
leaf_value= 0.10151892825425446 -0.11381085483580933 -0.11117909510606101 -0.040709918472155875 0.062232639501933133 0.14654728762439886
leaf_weight=22.055270582437515 21.005339100956917 11.583225835114716 67.800624501891434 39.057913926430047 11.703059971332548
leaf_count=1860 728 446 2404 1007 54
model_size=592
internal_value=0 0.058804 -0.0212735 -0.00308334 0.117129
internal_weight=0 45.3416 127.864 106.859 33.7583
internal_count=6499 2360 4139 3411 1914
is_linear=0
shrinkage=0.1


Tree=41
num_leaves= 6
num_cat= 0
full_tree_array_lgbids= 0 1 2 4 -3 3 -4 -1 -6 -2147483648 -2147483648 -2 -5 -2147483648 -2147483648
split_feature= 11 6 20 10 12
split_gain= 17.8497 39.128 18.9359 23.7419 0.145433
threshold= 1.5000000000000002 1.0000000180025095e-35 4.5000000000000009 1.0000000180025095e-35 2.5000000000000004
decision_type= 2 2 2 2 2
left_child=1 4 3 -2 -1
right_child=2 -3 -4 -5 -6
leaf_value= 0.1013767273882247 0.051138921753645962 -0.11022956235657383 -0.11037325673484373 -0.046013264673019631 0.14020258909031427
leaf_weight=19.983003860339522 47.619204105809331 10.566630640998481 20.220968391746283 57.938132835552096 11.043317139148714
leaf_count=1860 1130 446 850 2159 54
model_size=592
internal_value=0 0.0579271 -0.0195788 -0.00218581 0.115196
internal_weight=0 41.593 125.778 105.557 31.0263
internal_count=6499 2360 4139 3289 1914
is_linear=0
shrinkage=0.1


Tree=42
num_leaves= 5
num_cat= 0
full_tree_array_lgbids= 0 1 -2 2 3 -2147483648 -2147483648 -1 -4 -3 -5 -2147483648 -2147483648 -2147483648 -2147483648
split_feature= 4 10 9 8
split_gain= 16.8571 19.4791 31.8006 15.0434
threshold= 5.5000000000000009 1.5000000000000002 1.0000000180025095e-35 1.0000000180025095e-35
decision_type= 2 2 2 2
left_child=1 2 -1 -3
right_child=-2 3 -4 -5
leaf_value= 0.056789775656081759 0.10234111335817236 0.10120842069779097 -0.066839400037089991 -0.082778961477004406
leaf_weight=64.487214632332325 15.281492935027925 5.2821325585246077 32.066949811764061 44.330505759455264
leaf_count=1774 1123 474 1685 1443
model_size=480
internal_value=0 -0.0110569 0.0157308 -0.0631903
internal_weight=0 146.167 96.5542 49.6126
internal_count=6499 5376 3459 1917
is_linear=0
shrinkage=0.1


Tree=43
num_leaves= 5
num_cat= 0
full_tree_array_lgbids= 0 1 2 -1 -3 -2 3 -2147483648 -2147483648 -2147483648 -2147483648 -2147483648 -2147483648 -4 -5
split_feature= 11 6 14 19
split_gain= 15.2291 33.794 18.4629 19.5521
threshold= 1.5000000000000002 1.0000000180025095e-35 5.5000000000000009 4.5000000000000009
decision_type= 2 2 2 2
left_child=1 -1 -2 -4
right_child=2 -3 3 -5
leaf_value= 0.11409420907488801 -0.11400965857460058 -0.11021032744246539 -0.036449602302289608 0.056319079978626042
leaf_weight=27.461667050141841 17.956020511686802 9.2214371971786004 62.672951461747289 38.396524098701775
leaf_count=1914 728 446 2404 1007
model_size=480
internal_value=0 0.0577083 -0.0182239 -0.00120657
internal_weight=0 36.6831 119.025 101.069
internal_count=6499 2360 4139 3411
is_linear=0
shrinkage=0.1


Tree=44
num_leaves= 5
num_cat= 0
full_tree_array_lgbids= 0 1 -2 2 3 -2147483648 -2147483648 -1 -4 -3 -5 -2147483648 -2147483648 -2147483648 -2147483648
split_feature= 4 10 9 7
split_gain= 14.6719 17.0048 24.9043 13.0361
threshold= 5.5000000000000009 1.5000000000000002 1.0000000180025095e-35 1.0000000180025095e-35
decision_type= 2 2 2 2
left_child=1 2 -1 -3
right_child=-2 3 -4 -5
leaf_value= 0.051167888064847511 0.10223417876925311 -0.10406927541974056 -0.061844162482157308 0.012633642315949026
leaf_weight=62.721830333117396 13.514411012642084 28.773673987947404 29.879120940342546 15.956135299988089
leaf_count=1774 1123 1311 1685 606
model_size=480
internal_value=0 -0.0104228 0.0147028 -0.0624387
internal_weight=0 137.331 92.601 44.7298
internal_count=6499 5376 3459 1917
is_linear=0
shrinkage=0.1


Tree=45
num_leaves= 4
num_cat= 0
full_tree_array_lgbids= 0 -1 1 -2147483648 -2147483648 -2 2 -2147483648 -2147483648 -2147483648 -2147483648 -2147483648 -2147483648 -3 -4
split_feature= 4 4 19
split_gain= 14.3898 32.0726 24.0589
threshold= 1.0000000180025095e-35 2.5000000000000004 4.5000000000000009
decision_type= 2 2 2
left_child=-1 -2 -3
right_child=1 2 -4
leaf_value= -0.10556107302355884 0.10464804755777235 -0.074733822113737761 0.024534190277814661
leaf_weight=12.662080649286507 28.692078278865665 43.216044108383358 61.479128847364336
leaf_count=320 1885 2722 1572
model_size=368
internal_value=0 0.00960519 -0.0164416
internal_weight=0 133.387 104.695
internal_count=6499 6179 4294
is_linear=0
shrinkage=0.1


Tree=46
num_leaves= 5
num_cat= 0
full_tree_array_lgbids= 0 1 -2 2 3 -2147483648 -2147483648 -1 -4 -3 -5 -2147483648 -2147483648 -2147483648 -2147483648
split_feature= 4 10 20 7
split_gain= 13.5528 14.5488 19.8947 11.8
threshold= 5.5000000000000009 1.5000000000000002 1.5000000000000002 1.0000000180025095e-35
decision_type= 2 2 2 2
left_child=1 2 -1 -3
right_child=-2 3 -4 -5
leaf_value= 0.16090187390249833 0.10221221495982609 -0.10380644090297571 -0.0027935760455316235 0.011923982046851139
leaf_weight=8.6355235129594785 12.556343108415602 25.850804308895022 78.507389225531369 15.072536728344856
leaf_count=45 1123 1311 3414 606
model_size=480
internal_value=0 -0.0104134 0.013428 -0.0611816
internal_weight=0 128.066 87.1429 40.9233
internal_count=6499 5376 3459 1917
is_linear=0
shrinkage=0.1


Tree=47
num_leaves= 4
num_cat= 0
full_tree_array_lgbids= 0 -1 1 -2147483648 -2147483648 -2 2 -2147483648 -2147483648 -2147483648 -2147483648 -2147483648 -2147483648 -3 -4
split_feature= 4 4 19
split_gain= 12.6057 28.8261 20.8607
threshold= 1.0000000180025095e-35 2.5000000000000004 4.5000000000000009
decision_type= 2 2 2
left_child=-1 -2 -3
right_child=1 2 -4
leaf_value= -0.10502026069212995 0.10424534435951689 -0.072988758225355027 0.022671386079216246
leaf_weight=11.351075574755667 26.071056210901588 39.937131028622389 59.168043797370046
leaf_count=320 1885 2722 1572
model_size=368
internal_value=0 0.00914108 -0.0158775
internal_weight=0 125.176 99.1052
internal_count=6499 6179 4294
is_linear=0
shrinkage=0.1


Tree=48
num_leaves= 5
num_cat= 0
full_tree_array_lgbids= 0 1 -2 2 3 -2147483648 -2147483648 -1 -4 -3 -5 -2147483648 -2147483648 -2147483648 -2147483648
split_feature= 4 10 17 21
split_gain= 12.5247 12.4409 18.9736 10.9688
threshold= 5.5000000000000009 1.5000000000000002 1.5000000000000002 1.0000000180025095e-35
decision_type= 2 2 2 2
left_child=1 2 -1 -3
right_child=-2 3 -4 -5
leaf_value= -0.012218152752051275 0.10219028804696831 0.052131096242434373 0.11114766136181364 -0.088254416101062605
leaf_weight=66.085594106465578 11.692821732722221 7.5883701089769593 16.337232064455748 29.933706276584417
leaf_count=3363 1123 220 96 1697
model_size=480
internal_value=0 -0.0103197 0.0122345 -0.0598632
internal_weight=0 119.945 82.4228 37.5221
internal_count=6499 5376 3459 1917
is_linear=0
shrinkage=0.1


Tree=49
num_leaves= 5
num_cat= 0
full_tree_array_lgbids= 0 1 -2 2 3 -2147483648 -2147483648 -1 -4 -3 -5 -2147483648 -2147483648 -2147483648 -2147483648
split_feature= 4 4 4 19
split_gain= 11.1275 11.8746 29.9625 25.3651
threshold= 5.5000000000000009 2.5000000000000004 1.0000000180025095e-35 4.5000000000000009
decision_type= 2 2 2 2
left_child=1 2 -1 -3
right_child=-2 3 -4 -5
leaf_value= -0.10449030023968885 0.10198103770733698 -0.10428738955253861 0.10389500314860489 0.011895301758347533
leaf_weight=10.11908710002899 10.600706946570424 30.715944200288504 24.052476602140814 53.458070073276758
leaf_count=320 1123 2523 1885 648
model_size=480
internal_value=0 -0.00951282 0.0421867 -0.0305009
internal_weight=0 118.346 34.1716 84.174
internal_count=6499 5376 2205 3171
is_linear=0
shrinkage=0.1


Tree=50
num_leaves= 7
num_cat= 0
full_tree_array_lgbids= 0 1 3 -1 2 4 5 -2147483648 -2147483648 -3 -4 -2 -6 -5 -7
split_feature= 6 11 20 20 7 4
split_gain= 10.0387 21.6148 17.6181 13.5845 8.23842 7.65542
threshold= 1.0000000180025095e-35 1.5000000000000002 4.5000000000000009 1.5000000000000002 1.0000000180025095e-35 2.5000000000000004
decision_type= 2 2 2 2 2 2
left_child=1 -1 -3 4 -2 -5
right_child=3 2 -4 5 -6 -7
leaf_value= 0.11207161610539358 -0.10052262175765103 0.015617385162165551 -0.1129475399006426 0.022743883502703319 0.19367374496235878 -0.11684304067424543
leaf_weight=19.57165315002203 1.5397959719412053 58.882559217978269 13.902221686206756 5.7653138730675009 3.444608211517334 19.083517429418862
leaf_count=1914 307 2687 850 114 14 613
model_size=704
internal_value=0 0.0167048 -0.0089391 -0.0531724 0.10279 -0.0844567
internal_weight=0 92.3564 72.7848 29.8332 4.9844 24.8488
internal_count=6499 5451 3537 1048 321 727
is_linear=0
shrinkage=0.1


Tree=51
num_leaves= 4
num_cat= 0
full_tree_array_lgbids= 0 -1 1 -2147483648 -2147483648 -2 2 -2147483648 -2147483648 -2147483648 -2147483648 -2147483648 -2147483648 -3 -4
split_feature= 4 4 0
split_gain= 9.86513 22.1445 15.5919
threshold= 1.0000000180025095e-35 2.5000000000000004 1.5000000000000002
decision_type= 2 2 2
left_child=-1 -2 -3
right_child=1 2 -4
leaf_value= -0.10414727728095607 0.10354782016428372 0.088496552423901684 -0.032398607414278961
leaf_weight=9.278729993849991 20.701981493271887 13.378729754593222 74.307806081837043
leaf_count=320 1885 261 4033
model_size=368
internal_value=0 0.00848934 -0.0139531
internal_weight=0 108.389 87.6865
internal_count=6499 6179 4294
is_linear=0
shrinkage=0.1


Tree=52
num_leaves= 5
num_cat= 0
full_tree_array_lgbids= 0 1 -2 2 3 -2147483648 -2147483648 -1 -4 -3 -5 -2147483648 -2147483648 -2147483648 -2147483648
split_feature= 4 10 17 7
split_gain= 9.94226 10.0035 14.8411 9.06053
threshold= 5.5000000000000009 1.5000000000000002 1.5000000000000002 1.0000000180025095e-35
decision_type= 2 2 2 2
left_child=1 2 -1 -3
right_child=-2 3 -4 -5
leaf_value= -0.013698441032483908 0.10184108090354788 -0.10321624658726228 0.097077909921891969 0.012630415732302246
leaf_weight=56.429850042331964 9.5865226963069272 19.556510773021728 16.715193502604961 12.123616753611715
leaf_count=3363 1123 1311 96 606
model_size=480
internal_value=0 -0.00968993 0.0116163 -0.0588831
internal_weight=0 104.825 73.145 31.6801
internal_count=6499 5376 3459 1917
is_linear=0
shrinkage=0.1


Tree=53
num_leaves= 6
num_cat= 0
full_tree_array_lgbids= 0 1 4 2 3 -2 -6 -1 -4 -3 -5 -2147483648 -2147483648 -2147483648 -2147483648
split_feature= 20 6 19 20 11
split_gain= 8.95718 12.4119 17.7634 12.0864 8.99452
threshold= 4.5000000000000009 1.0000000180025095e-35 4.5000000000000009 1.5000000000000002 1.5000000000000002
decision_type= 2 2 2 2 2
left_child=1 2 -1 -3 -2
right_child=4 3 -4 -5 -6
leaf_value= -0.016261824158008899 0.10051979625268213 0.10369577586455646 0.08686207730307173 -0.081944152671950238 -0.11318759944083823
leaf_weight=36.102121126372367 2.6497386121191076 4.5970920757390585 34.46711182477884 21.715168978553265 12.484417463187127
leaf_count=2354 524 321 1723 727 850
model_size=592
internal_value=0 0.0113961 0.0341055 -0.0495105 -0.075771
internal_weight=0 96.8815 70.5692 26.3123 15.1342
internal_count=6499 5125 4077 1048 1374
is_linear=0
shrinkage=0.1


Tree=54
num_leaves= 5
num_cat= 0
full_tree_array_lgbids= 0 1 -2 2 3 -2147483648 -2147483648 -1 -4 -3 -5 -2147483648 -2147483648 -2147483648 -2147483648
split_feature= 4 10 20 7
split_gain= 8.56726 9.21453 13.2828 7.89042
threshold= 5.5000000000000009 1.5000000000000002 1.5000000000000002 1.0000000180025095e-35
decision_type= 2 2 2 2
left_child=1 2 -1 -3
right_child=-2 3 -4 -5
leaf_value= 0.14163293421800802 0.10173029700709735 -0.10300492276514611 -0.003946117757021219 0.009970568015720967
leaf_weight=7.5245622396469107 8.4551552452612651 17.789964085910469 64.323693131795153 11.435451528057458
leaf_count=45 1123 1311 3414 606
model_size=480
internal_value=0 -0.00896909 0.0113002 -0.0587994
internal_weight=0 101.074 71.8483 29.2254
internal_count=6499 5376 3459 1917
is_linear=0
shrinkage=0.1


Tree=55
num_leaves= 4
num_cat= 0
full_tree_array_lgbids= 0 -1 1 -2147483648 -2147483648 -2 2 -2147483648 -2147483648 -2147483648 -2147483648 -2147483648 -2147483648 -3 -4
split_feature= 4 4 19
split_gain= 8.05343 20.4009 13.4844
threshold= 1.0000000180025095e-35 2.5000000000000004 4.5000000000000009
decision_type= 2 2 2
left_child=-1 -2 -3
right_child=1 2 -4
leaf_value= -0.1035100559431222 0.10348386824675238 -0.071370677100859758 0.017293560292790156
leaf_weight=7.8846135018393388 18.909119429299608 28.89787307032384 50.829239467857406
leaf_count=320 1885 2722 1572
model_size=368
internal_value=0 0.00784039 -0.0148437
internal_weight=0 98.6362 79.7271
internal_count=6499 6179 4294
is_linear=0
shrinkage=0.1


Tree=56
num_leaves= 5
num_cat= 0
full_tree_array_lgbids= 0 1 -2 2 3 -2147483648 -2147483648 -1 -4 -3 -5 -2147483648 -2147483648 -2147483648 -2147483648
split_feature= 4 10 2 12
split_gain= 7.94854 7.78668 12.507 8.00921
threshold= 5.5000000000000009 1.5000000000000002 1.0000000180025095e-35 2.5000000000000004
decision_type= 2 2 2 2
left_child=1 2 -1 -3
right_child=-2 3 -4 -5
leaf_value= 0.17591361431027219 0.10171314306107293 -0.083942842578212828 -0.001744203155833236 0.068469795827115362
leaf_weight=4.5893806996755293 7.9289013803936532 22.190098091959957 63.578501988667995 4.7015912216156712
leaf_count=99 1123 1750 3360 167
model_size=480
internal_value=0 -0.00888224 0.0102166 -0.0572959
internal_weight=0 95.0596 68.1679 26.8917
internal_count=6499 5376 3459 1917
is_linear=0
shrinkage=0.1


Tree=57
num_leaves= 6
num_cat= 0
full_tree_array_lgbids= 0 1 4 2 3 -2 -6 -1 -4 -3 -5 -2147483648 -2147483648 -2147483648 -2147483648
split_feature= 20 6 19 20 11
split_gain= 7.65348 9.66897 13.9811 9.56234 7.19746
threshold= 4.5000000000000009 1.0000000180025095e-35 4.5000000000000009 1.5000000000000002 1.5000000000000002
decision_type= 2 2 2 2 2
left_child=1 2 -1 -3 -2
right_child=4 3 -4 -5 -6
leaf_value= -0.01573585751267623 0.10042631000531275 0.095980393171922571 0.080904110871361901 -0.078237904774842049 -0.11241223131610756
leaf_weight=32.456089606974274 2.1771328493487081 4.251601449679586 31.749079147586599 19.251948369201273 10.779676631093023
leaf_count=2354 524 321 1723 727 850
model_size=592
internal_value=0 0.0109424 0.032052 -0.0467232 -0.076649
internal_weight=0 87.7087 64.2052 23.5035 12.9568
internal_count=6499 5125 4077 1048 1374
is_linear=0
shrinkage=0.1


Tree=58
num_leaves= 4
num_cat= 0
full_tree_array_lgbids= 0 -1 1 -2147483648 -2147483648 -2 2 -2147483648 -2147483648 -2147483648 -2147483648 -2147483648 -2147483648 -3 -4
split_feature= 4 4 0
split_gain= 6.87596 18.3517 11.0676
threshold= 1.0000000180025095e-35 2.5000000000000004 1.5000000000000002
decision_type= 2 2 2
left_child=-1 -2 -3
right_child=1 2 -4
leaf_value= -0.10300064415922457 0.10325588154499465 0.075431661325665963 -0.032653908157206889
leaf_weight=6.9612773936241856 17.142098461976275 12.410255859605966 62.033054324099794
leaf_count=320 1885 261 4033
model_size=368
internal_value=0 0.00743052 -0.0146352
internal_weight=0 91.5854 74.4433
internal_count=6499 6179 4294
is_linear=0
shrinkage=0.1


Tree=59
num_leaves= 5
num_cat= 0
full_tree_array_lgbids= 0 1 -2 2 3 -2147483648 -2147483648 -1 -4 -3 -5 -2147483648 -2147483648 -2147483648 -2147483648
split_feature= 4 10 20 12
split_gain= 7.15647 6.98069 10.4883 6.76435
threshold= 5.5000000000000009 1.5000000000000002 1.5000000000000002 2.5000000000000004
decision_type= 2 2 2 2
left_child=1 2 -1 -3
right_child=-2 3 -4 -5
leaf_value= 0.13347097360447355 0.10166186257595555 -0.083455334673514209 -0.0046420207055900059 0.064493776986083814
leaf_weight=6.7410083189606658 7.2643811777234069 20.1371401201468 57.337429342558607 4.3174213133752337
leaf_count=45 1123 1750 3414 167
model_size=480
internal_value=0 -0.0086808 0.00988737 -0.0573351
internal_weight=0 88.533 64.0784 24.4546
internal_count=6499 5376 3459 1917
is_linear=0
shrinkage=0.1


Tree=60
num_leaves= 6
num_cat= 0
full_tree_array_lgbids= 0 1 4 2 3 -2 -6 -1 -4 -3 -5 -2147483648 -2147483648 -2147483648 -2147483648
split_feature= 20 6 20 20 11
split_gain= 6.63772 7.86072 11.9963 7.13424 5.70277
threshold= 4.5000000000000009 1.0000000180025095e-35 3.5000000000000004 1.5000000000000002 1.5000000000000002
decision_type= 2 2 2 2 2
left_child=1 2 -1 -3 -2
right_child=4 3 -4 -5 -6
leaf_value= -0.029367125983619825 0.10034937732154961 0.084027984882300177 0.066139057813675572 -0.074403225619015606 -0.11114947059421239
leaf_weight=22.993053192738444 1.7869342435151327 3.9920264920219806 37.632829936919734 17.47376894345507 9.4772558659315091
leaf_count=1004 524 321 3073 727 850
model_size=592
internal_value=0 0.0103433 0.0299173 -0.0449395 -0.0775976
internal_weight=0 82.0917 60.6259 21.4658 11.2642
internal_count=6499 5125 4077 1048 1374
is_linear=0
shrinkage=0.1


Tree=61
num_leaves= 5
num_cat= 0
full_tree_array_lgbids= 0 1 -2 2 3 -2147483648 -2147483648 -1 -4 -3 -5 -2147483648 -2147483648 -2147483648 -2147483648
split_feature= 4 4 4 19
split_gain= 6.04607 7.00647 17.3872 16.827
threshold= 5.5000000000000009 2.5000000000000004 1.0000000180025095e-35 4.5000000000000009
decision_type= 2 2 2 2
left_child=1 2 -1 -3
right_child=-2 3 -4 -5
leaf_value= -0.10255350308715408 0.10149262840755946 -0.10295531615225839 0.10301829032677119 0.010691494063197636
leaf_weight=6.0746748475357899 6.3514673321042201 20.373601810541004 15.417615164769813 43.008126942440867
leaf_count=320 1123 2523 1885 648
model_size=480
internal_value=0 -0.00792271 0.0449146 -0.0258395
internal_weight=0 84.874 21.4923 63.3817
internal_count=6499 5376 2205 3171
is_linear=0
shrinkage=0.1


Tree=62
num_leaves= 6
num_cat= 0
full_tree_array_lgbids= 0 1 2 4 -3 3 -4 -1 -6 -2147483648 -2147483648 -2 -5 -2147483648 -2147483648
split_feature= 19 17 17 10 4
split_gain= 6.82069 37.8 16.0581 14.3862 11.1993
threshold= 5.5000000000000009 1.5000000000000002 1.5000000000000002 1.0000000180025095e-35 2.5000000000000004
decision_type= 2 2 2 2 2
left_child=1 4 3 -2 -1
right_child=2 -3 -4 -5 -6
leaf_value= 0.04467190720549908 -0.074376390800518874 0.19916651929127896 -0.11523116842075753 0.094616357741315257 -0.068282775055482067
leaf_weight=16.870722884079441 9.4843179099261778 10.249303041025994 15.503037657588719 12.537103281123562 22.212554441299289
leaf_count=1714 77 58 434 1494 2722
model_size=592
internal_value=0 0.0259105 -0.034794 0.0218335 -0.0195247
internal_weight=0 49.3326 37.5245 22.0214 39.0833
internal_count=6499 4494 2005 1571 4436
is_linear=0
shrinkage=0.1


Tree=63
num_leaves= 6
num_cat= 0
full_tree_array_lgbids= 0 1 2 4 -3 3 -4 -1 -6 -2147483648 -2147483648 -2 -5 -2147483648 -2147483648
split_feature= 19 17 17 10 4
split_gain= 5.68387 30.9831 14.3026 12.2214 9.27342
threshold= 5.5000000000000009 1.5000000000000002 1.5000000000000002 1.0000000180025095e-35 2.5000000000000004
decision_type= 2 2 2 2 2
left_child=1 4 3 -2 -1
right_child=2 -3 -4 -5 -6
leaf_value= 0.04093881803995323 -0.069737332661099605 0.18233062957450386 -0.11395574655277847 0.090827248969639424 -0.064229821734069659
leaf_weight=16.584098219871521 9.1230346485972422 10.083653578534721 14.176744395866988 11.793347192346117 21.301954644150101
leaf_count=1714 77 58 434 1494 2722
model_size=592
internal_value=0 0.0239583 -0.0336414 0.0207943 -0.0181937
internal_weight=0 47.9697 35.0931 20.9164 37.8861
internal_count=6499 4494 2005 1571 4436
is_linear=0
shrinkage=0.1


Tree=64
num_leaves= 5
num_cat= 0
full_tree_array_lgbids= 0 1 -2 2 3 -2147483648 -2147483648 -1 -4 -3 -5 -2147483648 -2147483648 -2147483648 -2147483648
split_feature= 4 10 19 12
split_gain= 5.61844 5.35053 22.7252 16.678
threshold= 5.5000000000000009 1.0000000180025095e-35 5.5000000000000009 2.5000000000000004
decision_type= 2 2 2 2
left_child=1 2 -1 -3
right_child=-2 3 -4 -5
leaf_value= 0.067914039145523616 0.10165414230963868 -0.088652790694401615 -0.089100035581332268 0.088015437030131663
leaf_weight=29.100983088836074 5.9208564352011299 22.501770469476472 14.419893376529215 7.5954418452456585
leaf_count=2892 1123 2164 115 205
model_size=480
internal_value=0 -0.00862256 0.0158901 -0.0440682
internal_weight=0 73.6181 43.5209 30.0972
internal_count=6499 5376 3007 2369
is_linear=0
shrinkage=0.1


Tree=65
num_leaves= 4
num_cat= 0
full_tree_array_lgbids= 0 -1 1 -2147483648 -2147483648 -2 2 -2147483648 -2147483648 -2147483648 -2147483648 -2147483648 -2147483648 -3 -4
split_feature= 4 4 2
split_gain= 5.132 12.1861 8.00198
threshold= 1.0000000180025095e-35 2.5000000000000004 4.5000000000000009
decision_type= 2 2 2
left_child=-1 -2 -3
right_child=1 2 -4
leaf_value= -0.10221541970174633 0.10235280560441969 -0.044064611017314785 0.036454161604112932
leaf_weight=5.5361870070919386 12.181270436034536 35.332435405580327 23.087263889261521
leaf_count=320 1885 3430 864
model_size=368
internal_value=0 0.00752828 -0.0122439
internal_weight=0 70.601 58.4197
internal_count=6499 6179 4294
is_linear=0
shrinkage=0.1


Tree=66
num_leaves= 4
num_cat= 0
full_tree_array_lgbids= 0 1 -2 -1 2 -2147483648 -2147483648 -2147483648 -2147483648 -3 -4 -2147483648 -2147483648 -2147483648 -2147483648
split_feature= 4 14 10
split_gain= 5.04567 4.201 6.72565
threshold= 5.5000000000000009 1.5000000000000002 1.0000000180025095e-35
decision_type= 2 2 2
left_child=1 -1 -3
right_child=-2 2 -4
leaf_value= 0.10863504207590474 0.10148943380821165 0.012212503513528171 -0.059016370159258758
leaf_weight=3.6291391850681967 5.445090079563669 40.093862541485578 24.838385058799759
leaf_count=378 1123 2660 2338
model_size=368
internal_value=0 -0.00848835 -0.0150345
internal_weight=0 68.5614 64.9322
internal_count=6499 5376 4998
is_linear=0
shrinkage=0.1


Tree=67
num_leaves= 5
num_cat= 0
full_tree_array_lgbids= 0 1 3 -1 2 -2 -5 -2147483648 -2147483648 -3 -4 -2147483648 -2147483648 -2147483648 -2147483648
split_feature= 20 4 4 11
split_gain= 4.44085 5.0943 7.36197 2.9727
threshold= 4.5000000000000009 1.0000000180025095e-35 2.5000000000000004 1.5000000000000002
decision_type= 2 2 2 2
left_child=1 -1 -3 -2
right_child=3 2 -4 -5
leaf_value= -0.10202534327822184 0.10021230759100747 0.10231344082527181 0.0012351809569149284 -0.10729953520831821
leaf_weight=4.6082760933786622 1.0847559766843904 9.8699849329423142 49.99893497384619 6.84706143848598
leaf_count=278 524 1361 3486 850
model_size=480
internal_value=0 0.00932778 0.0178989 -0.0789202
internal_weight=0 64.4772 59.8689 7.93182
internal_count=6499 5125 4847 1374
is_linear=0
shrinkage=0.1


Tree=68
num_leaves= 5
num_cat= 0
full_tree_array_lgbids= 0 1 -2 2 3 -2147483648 -2147483648 -1 -4 -3 -5 -2147483648 -2147483648 -2147483648 -2147483648
split_feature= 4 21 17 4
split_gain= 4.41196 4.00587 11.2925 7.78811
threshold= 5.5000000000000009 3.5000000000000004 1.5000000000000002 2.5000000000000004
decision_type= 2 2 2 2
left_child=1 2 -1 -3
right_child=-2 3 -4 -5
leaf_value= -0.022395038332797299 0.10134526499660174 0.086747309878155168 0.089074872627559726 -0.11237299477588324
leaf_weight=39.752098752069287 4.9275682760635382 2.9201643622945967 13.264076292980461 9.4890652047470212
leaf_count=4136 1123 644 296 300
model_size=480
internal_value=0 -0.00797476 0.00549353 -0.0655156
internal_weight=0 65.4254 53.0162 12.4092
internal_count=6499 5376 4432 944
is_linear=0
shrinkage=0.1


Tree=69
num_leaves= 4
num_cat= 0
full_tree_array_lgbids= 0 1 -2 -1 2 -2147483648 -2147483648 -2147483648 -2147483648 -3 -4 -2147483648 -2147483648 -2147483648 -2147483648
split_feature= 4 13 2
split_gain= 3.85194 3.58833 5.3004
threshold= 5.5000000000000009 1.5000000000000002 4.5000000000000009
decision_type= 2 2 2
left_child=1 -1 -3
right_child=-2 2 -4
leaf_value= 0.10806187324823416 0.10121660655601408 -0.044344768282919861 0.020402772703280808
leaf_weight=3.3155647777020922 4.4640272631077087 32.061314239981584 28.889471681206487
leaf_count=377 1123 3432 1567
model_size=368
internal_value=0 -0.00737618 -0.0136557
internal_weight=0 64.2664 60.9508
internal_count=6499 5376 4999
is_linear=0
shrinkage=0.1


Tree=70
num_leaves= 4
num_cat= 0
full_tree_array_lgbids= 0 -1 1 -2147483648 -2147483648 -2 2 -2147483648 -2147483648 -2147483648 -2147483648 -2147483648 -2147483648 -3 -4
split_feature= 4 4 19
split_gain= 3.73375 9.60888 7.29782
threshold= 1.0000000180025095e-35 2.5000000000000004 4.5000000000000009
decision_type= 2 2 2
left_child=-1 -2 -3
right_child=1 2 -4
leaf_value= -0.10176655231813224 0.10191901980151417 -0.068213626714874631 0.016473658624703843
leaf_weight=4.3648412409238508 9.939987843972629 17.283093491918407 35.964372973656282
leaf_count=320 1885 2722 1572
model_size=368
internal_value=0 0.00675128 -0.0110142
internal_weight=0 63.1875 53.2475
internal_count=6499 6179 4294
is_linear=0
shrinkage=0.1


Tree=71
num_leaves= 5
num_cat= 0
full_tree_array_lgbids= 0 1 -2 2 3 -2147483648 -2147483648 -1 -4 -3 -5 -2147483648 -2147483648 -2147483648 -2147483648
split_feature= 4 21 9 4
split_gain= 3.56417 3.61154 9.02399 6.30793
threshold= 5.5000000000000009 3.5000000000000004 1.0000000180025095e-35 2.5000000000000004
decision_type= 2 2 2 2
left_child=1 2 -1 -3
right_child=-2 3 -4 -5
leaf_value= 0.030837441185980086 0.10119917236927266 0.084403942718199287 -0.073903762473880072 -0.11130702352053459
leaf_weight=38.303337239893153 4.2211775718023992 2.4996133596869159 12.122549407999029 8.4373533586040139
leaf_count=1923 1123 644 2509 300
model_size=480
internal_value=0 -0.00721747 0.00565731 -0.0665778
internal_weight=0 61.3629 50.4259 10.937
internal_count=6499 5376 4432 944
is_linear=0
shrinkage=0.1


Tree=72
num_leaves= 4
num_cat= 0
full_tree_array_lgbids= 0 -1 1 -2147483648 -2147483648 -2 2 -2147483648 -2147483648 -2147483648 -2147483648 -2147483648 -2147483648 -3 -4
split_feature= 4 4 0
split_gain= 3.29348 8.27974 6.18783
threshold= 1.0000000180025095e-35 2.5000000000000004 3.5000000000000004
decision_type= 2 2 2
left_child=-1 -2 -3
right_child=1 2 -4
leaf_value= -0.10155824195746502 0.10165654585239053 0.015484287680279797 -0.066028234286901896
leaf_weight=3.9991101832129052 8.8146913558011857 35.052275630470831 15.909902854240498
leaf_count=320 1885 2425 1869
model_size=368
internal_value=0 0.00649629 -0.00996314
internal_weight=0 59.7769 50.9622
internal_count=6499 6179 4294
is_linear=0
shrinkage=0.1


Tree=73
num_leaves= 6
num_cat= 0
full_tree_array_lgbids= 0 1 3 2 4 -2 -5 -1 -4 -3 -6 -2147483648 -2147483648 -2147483648 -2147483648
split_feature= 20 12 19 11 3
split_gain= 3.24872 4.71723 9.83805 1.67454 0.884852
threshold= 4.5000000000000009 2.5000000000000004 5.5000000000000009 1.5000000000000002 1.0000000180025095e-35
decision_type= 2 2 2 2 2
left_child=1 2 -1 -2 -3
right_child=3 4 -4 -5 -6
leaf_value= 0.034110823116283509 0.10014512851198949 0.11401363187290803 -0.0620495213134468 -0.10662878878926739 -0.10068046829105803
leaf_weight=30.52827274921583 0.73681314516579632 5.8893704935908309 19.277032374055125 5.247941710986197 0.46152626117691387
leaf_count=3075 524 61 1919 850 70
model_size=592
internal_value=0 0.00837335 -0.00310782 -0.0811718 0.0984116
internal_weight=0 56.1562 49.8053 5.98475 6.3509
internal_count=6499 5125 4994 1374 131
is_linear=0
shrinkage=0.1


Tree=74
num_leaves= 5
num_cat= 0
full_tree_array_lgbids= 0 1 -2 3 2 -2147483648 -2147483648 -1 -5 -3 -4 -2147483648 -2147483648 -2147483648 -2147483648
split_feature= 4 19 19 4
split_gain= 3.16138 3.78296 21.8474 8.86176
threshold= 5.5000000000000009 4.5000000000000009 5.5000000000000009 2.5000000000000004
decision_type= 2 2 2 2
left_child=1 3 -3 -1
right_child=-2 2 -4 -5
leaf_value= 0.032486417129307964 0.10105754301771558 0.15235870394129256 -0.032800389228986065 -0.10203567651476071
leaf_weight=9.7405977387679741 3.8805103451595633 9.1222870852798206 25.116283339448273 12.643875702808145
leaf_count=1714 1123 58 1081 2523
model_size=480
internal_value=0 -0.00719942 0.0165321 -0.0434984
internal_weight=0 56.623 34.2386 22.3845
internal_count=6499 5376 1139 4237
is_linear=0
shrinkage=0.1


Tree=75
num_leaves= 4
num_cat= 0
full_tree_array_lgbids= 0 -1 1 -2147483648 -2147483648 -2 2 -2147483648 -2147483648 -2147483648 -2147483648 -2147483648 -2147483648 -3 -4
split_feature= 4 4 19
split_gain= 3.01561 6.8829 5.29678
threshold= 1.0000000180025095e-35 2.5000000000000004 4.5000000000000009
decision_type= 2 2 2
left_child=-1 -2 -3
right_child=1 2 -4
leaf_value= -0.101466339168927 0.10139104729940854 -0.065449606562689014 0.015385066234120129
leaf_weight=3.757696399698033 7.6554739937419063 13.961269457999149 32.756362526502926
leaf_count=320 1885 2722 1572
model_size=368
internal_value=0 0.00673855 -0.00877187
internal_weight=0 54.3731 46.7176
internal_count=6499 6179 4294
is_linear=0
shrinkage=0.1


Tree=76
num_leaves= 5
num_cat= 0
full_tree_array_lgbids= 0 1 -2 2 3 -2147483648 -2147483648 -1 -4 -3 -5 -2147483648 -2147483648 -2147483648 -2147483648
split_feature= 4 21 19 4
split_gain= 2.91443 2.93905 7.14371 4.21936
threshold= 5.5000000000000009 3.5000000000000004 4.5000000000000009 2.5000000000000004
decision_type= 2 2 2 2
left_child=1 2 -1 -3
right_child=-2 3 -4 -5
leaf_value= -0.049605963407935987 0.1010387632649119 0.081769969893725966 0.039227058354228038 -0.10950104420336537
leaf_weight=16.981531613157131 3.6637933070887803 1.8422440957510824 27.176265037851408 6.9207681270781904
leaf_count=3646 1123 644 786 300
model_size=480
internal_value=0 -0.00724727 0.00506501 -0.0692902
internal_weight=0 52.9208 44.1578 8.76301
internal_count=6499 5376 4432 944
is_linear=0
shrinkage=0.1


Tree=77
num_leaves= 6
num_cat= 0
full_tree_array_lgbids= 0 1 2 4 -3 3 -4 -1 -6 -2147483648 -2147483648 -2 -5 -2147483648 -2147483648
split_feature= 19 17 17 10 4
split_gain= 2.53293 15.7201 8.13421 6.73184 3.56315
threshold= 5.5000000000000009 1.5000000000000002 1.5000000000000002 1.0000000180025095e-35 2.5000000000000004
decision_type= 2 2 2 2 2
left_child=1 4 3 -2 -1
right_child=2 -3 -4 -5 -6
leaf_value= 0.032347639841054932 -0.055363679539190927 0.14282920143260133 -0.10784193545184609 0.084388914165945392 -0.062788582249601557
leaf_weight=8.736932100204287 7.6841650772839811 8.4560559336096066 9.2403807076625544 8.4053540530730952 12.612184982455799
leaf_count=1714 77 58 434 1494 2722
model_size=592
internal_value=0 0.0234352 -0.028133 0.0176447 -0.0238549
internal_weight=0 29.8052 25.3299 16.0895 21.3491
internal_count=6499 4494 2005 1571 4436
is_linear=0
shrinkage=0.1


Tree=78
num_leaves= 5
num_cat= 0
full_tree_array_lgbids= 0 1 -2 2 3 -2147483648 -2147483648 -1 -4 -3 -5 -2147483648 -2147483648 -2147483648 -2147483648
split_feature= 4 8 4 2
split_gain= 2.61278 2.37985 7.81589 6.55255
threshold= 5.5000000000000009 7.5000000000000009 2.5000000000000004 4.5000000000000009
decision_type= 2 2 2 2
left_child=1 2 -1 -3
right_child=-2 3 -4 -5
leaf_value= 0.040395818225300549 0.10103082006710624 -0.031418918445414452 -0.098676489032046871 0.069936863011997238
leaf_weight=7.9051782760652722 3.3979650879628016 16.69764518993907 11.10381908348063 13.497592327650635
leaf_count=1997 1123 1069 1969 341
model_size=480
internal_value=0 -0.00725532 -0.0408412 0.0138882
internal_weight=0 49.2042 19.009 30.1952
internal_count=6499 5376 3966 1410
is_linear=0
shrinkage=0.1


Tree=79
num_leaves= 4
num_cat= 0
full_tree_array_lgbids= 0 -1 1 -2147483648 -2147483648 -2 2 -2147483648 -2147483648 -2147483648 -2147483648 -2147483648 -2147483648 -3 -4
split_feature= 4 4 8
split_gain= 2.7559 5.50164 3.59063
threshold= 1.0000000180025095e-35 2.5000000000000004 7.5000000000000009
decision_type= 2 2 2
left_child=-1 -2 -3
right_child=1 2 -4
leaf_value= -0.10136872301099785 0.10121907553775034 -0.058338807398100906 0.015049314854681216
leaf_weight=3.5313559966161838 6.4726930682663797 12.656718522892332 28.311785744968802
leaf_count=320 1885 3043 1251
model_size=368
internal_value=0 0.00722695 -0.00762305
internal_weight=0 47.4412 40.9685
internal_count=6499 6179 4294
is_linear=0
shrinkage=0.1


Tree=80
num_leaves= 5
num_cat= 0
full_tree_array_lgbids= 0 1 -2 2 3 -2147483648 -2147483648 -1 -4 -3 -5 -2147483648 -2147483648 -2147483648 -2147483648
split_feature= 4 21 19 4
split_gain= 2.40085 2.13122 4.95616 2.8095
threshold= 5.5000000000000009 3.5000000000000004 4.5000000000000009 2.5000000000000004
decision_type= 2 2 2 2
left_child=1 2 -1 -3
right_child=-2 3 -4 -5
leaf_value= -0.047435542226964923 0.10096826521979724 0.075555946769486501 0.03394117198514477 -0.10821535862862051
leaf_weight=14.549793791258706 3.2167237887042566 1.4720247472287145 24.885179323609918 5.5794465880608186
leaf_count=3646 1123 644 786 300
model_size=480
internal_value=0 -0.00727323 0.0039167 -0.0698523
internal_weight=0 46.4864 39.435 7.05147
internal_count=6499 5376 4432 944
is_linear=0
shrinkage=0.1


Tree=81
num_leaves= 4
num_cat= 0
full_tree_array_lgbids= 0 -1 1 -2147483648 -2147483648 -2 2 -2147483648 -2147483648 -2147483648 -2147483648 -2147483648 -2147483648 -3 -4
split_feature= 4 4 0
split_gain= 2.24296 4.96746 3.46954
threshold= 1.0000000180025095e-35 2.5000000000000004 2.5000000000000004
decision_type= 2 2 2
left_child=-1 -2 -3
right_child=1 2 -4
leaf_value= -0.10119516290687885 0.10114256428727048 0.022011689354283503 -0.046938726044709493
leaf_weight=3.0993971277493975 5.9307639732724047 22.527385900262743 16.950384272204246
leaf_count=320 1885 1901 2393
model_size=368
internal_value=0 0.00660865 -0.00759323
internal_weight=0 45.4085 39.4778
internal_count=6499 6179 4294
is_linear=0
shrinkage=0.1


Tree=82
num_leaves= 5
num_cat= 0
full_tree_array_lgbids= 0 1 -2 3 2 -2147483648 -2147483648 -1 -5 -3 -4 -2147483648 -2147483648 -2147483648 -2147483648
split_feature= 4 2 2 10
split_gain= 2.09731 1.96243 3.48703 1.02617
threshold= 5.5000000000000009 1.0000000180025095e-35 4.5000000000000009 3.5000000000000004
decision_type= 2 2 2 2
left_child=1 3 -3 -1
right_child=-2 2 -4 -5
leaf_value= 0.12661279903686892 0.10088907794096046 -0.048140681956220462 0.018731063214373671 -0.10132501047353011
leaf_weight=2.5775700145168225 2.9615283146267748 20.351570167520549 20.990965245931875 0.49567874567583192
leaf_count=99 1123 3490 1743 44
model_size=480
internal_value=0 -0.00698911 -0.0141877 0.0898491
internal_weight=0 44.4158 41.3425 3.07325
internal_count=6499 5376 5233 143
is_linear=0
shrinkage=0.1


Tree=83
num_leaves= 4
num_cat= 0
full_tree_array_lgbids= 0 -1 1 -2147483648 -2147483648 -2 2 -2147483648 -2147483648 -2147483648 -2147483648 -2147483648 -2147483648 -3 -4
split_feature= 4 4 9
split_gain= 1.95211 4.39938 3.2466
threshold= 1.0000000180025095e-35 2.5000000000000004 1.0000000180025095e-35
decision_type= 2 2 2
left_child=-1 -2 -3
right_child=1 2 -4
leaf_value= -0.10110177044186118 0.10103705413472877 0.0082864193293506298 -0.08194581338286322
leaf_weight=2.8503792751580468 5.4167403450992415 31.792434929520823 6.4864227256621225
leaf_count=320 1885 1329 2965
model_size=368
internal_value=0 0.0063897 -0.0070036
internal_weight=0 43.6956 38.2789
internal_count=6499 6179 4294
is_linear=0
shrinkage=0.1


Tree=84
num_leaves= 5
num_cat= 0
full_tree_array_lgbids= 0 1 -2 2 3 -2147483648 -2147483648 -1 -4 -3 -5 -2147483648 -2147483648 -2147483648 -2147483648
split_feature= 4 12 10 18
split_gain= 1.80869 2.0402 7.29248 4.44055
threshold= 5.5000000000000009 2.5000000000000004 1.0000000180025095e-35 3.5000000000000004
decision_type= 2 2 2 2
left_child=1 2 -1 -3
right_child=-2 3 -4 -5
leaf_value= 0.015212448892956141 0.10078286669226566 0.11072282635691587 -0.087880353108006751 -0.10856228546139486
leaf_weight=24.574843899812549 2.722303428919985 4.8702309168875209 11.7243135162862 1.5248719364171845
leaf_count=2994 1123 61 2164 157
model_size=480
internal_value=0 -0.00662363 -0.0180856 0.0584357
internal_weight=0 42.6943 36.2992 6.3951
internal_count=6499 5376 5158 218
is_linear=0
shrinkage=0.1


Tree=85
num_leaves= 7
num_cat= 0
full_tree_array_lgbids= 0 1 2 5 -3 3 4 -1 -7 -2147483648 -2147483648 -2 -5 -4 -6
split_feature= 19 17 12 8 10 7
split_gain= 1.93528 10.8117 5.84445 3.29589 2.71622 2.31732
threshold= 5.5000000000000009 1.5000000000000002 2.5000000000000004 1.0000000180025095e-35 1.0000000180025095e-35 1.0000000180025095e-35
decision_type= 2 2 2 2 2 2
left_child=1 5 3 -2 -4 -1
right_child=2 -3 4 -5 -6 -7
leaf_value= -0.060664236194010401 0.10015106953400979 0.13092819684255849 -0.11099805760057135 -0.079122361433766719 0.10962079815764587 0.037629908493465508
leaf_weight=9.7527043658483326 1.5331231594900607 7.290661039762198 0.96680555865168472 14.139453713782132 4.4487997330725193 5.6765639579389235
leaf_count=3938 1398 58 13 533 61 498
model_size=704
internal_value=0 0.0253751 -0.0277329 -0.0615855 0.0702354 -0.024501
internal_weight=0 22.7199 21.0882 15.6726 5.41561 15.4293
internal_count=6499 4494 2005 1931 74 4436
is_linear=0
shrinkage=0.1


Tree=86
num_leaves= 6
num_cat= 0
full_tree_array_lgbids= 0 1 2 4 -3 3 -4 -1 -6 -2147483648 -2147483648 -2 -5 -2147483648 -2147483648
split_feature= 19 17 17 20 4
split_gain= 1.50135 9.34251 5.16096 4.79618 2.09073
threshold= 5.5000000000000009 1.5000000000000002 1.5000000000000002 3.5000000000000004 2.5000000000000004
decision_type= 2 2 2 2 2
left_child=1 4 3 -2 -1
right_child=2 -3 -4 -5 -6
leaf_value= 0.033074868819078639 0.10860907704574362 0.12720670269566228 -0.10621318935689979 -0.034382974365984358 -0.061479047737846709
leaf_weight=6.1547734035411876 4.3822004422545442 6.7798203080892554 6.6356395627371958 8.672556786070345 8.8596482124994491
leaf_count=1714 63 58 434 1508 2722
model_size=592
internal_value=0 0.0239203 -0.026766 0.0136164 -0.0227191
internal_weight=0 21.7942 19.6904 13.0548 15.0144
internal_count=6499 4494 2005 1571 4436
is_linear=0
shrinkage=0.1


Tree=87
num_leaves= 5
num_cat= 0
full_tree_array_lgbids= 0 1 -2 2 3 -2147483648 -2147483648 -1 -4 -3 -5 -2147483648 -2147483648 -2147483648 -2147483648
split_feature= 4 12 10 18
split_gain= 1.51302 1.30207 5.30969 3.0685
threshold= 5.5000000000000009 2.5000000000000004 1.0000000180025095e-35 3.5000000000000004
decision_type= 2 2 2 2
left_child=1 2 -1 -3
right_child=-2 3 -4 -5
leaf_value= 0.012710090088717142 0.10073863366976413 0.10835494615047395 -0.084644299210098112 -0.1060775115235026
leaf_weight=22.348600427474594 2.4663471701205699 3.8993399478495112 9.8325202531705127 1.2042144936276598
leaf_count=2994 1123 61 2164 157
model_size=480
internal_value=0 -0.00679747 -0.0170353 0.0577583
internal_weight=0 37.2847 32.1811 5.10355
internal_count=6499 5376 5158 218
is_linear=0
shrinkage=0.1


Tree=88
num_leaves= 5
num_cat= 0
full_tree_array_lgbids= 0 3 1 -1 -5 -2 2 -2147483648 -2147483648 -2147483648 -2147483648 -2147483648 -2147483648 -3 -4
split_feature= 12 4 4 4
split_gain= 1.28856 1.63402 2.45238 0.798329
threshold= 1.0000000180025095e-35 1.0000000180025095e-35 2.5000000000000004 4.5000000000000009
decision_type= 2 2 2 2
left_child=3 -2 -3 -1
right_child=1 2 -4 -5
leaf_value= 0.10105561845028505 -0.10092913691150181 0.10081608952220511 0.0022950287657767842 -0.11156888635022427
leaf_weight=0.5095235221087927 2.2174483167473218 4.2911315195669877 28.457424354099203 2.9609672330552712
leaf_count=117 320 1768 3927 367
model_size=480
internal_value=0 0.00783963 0.0152045 -0.0803522
internal_weight=0 34.966 32.7486 3.47049
internal_count=6499 6015 5695 484
is_linear=0
shrinkage=0.1


Tree=89
num_leaves= 5
num_cat= 0
full_tree_array_lgbids= 0 1 -2 2 3 -2147483648 -2147483648 -1 -4 -3 -5 -2147483648 -2147483648 -2147483648 -2147483648
split_feature= 4 2 4 10
split_gain= 1.23418 1.09225 6.94 5.24931
threshold= 5.5000000000000009 4.5000000000000009 4.5000000000000009 1.0000000180025095e-35
decision_type= 2 2 2 2
left_child=1 2 -1 -3
right_child=-2 3 -4 -5
leaf_value= 0.094747883988525516 0.10066658878017315 0.068688499996165164 -0.065674080156673004 -0.058399537957452619
leaf_weight=4.0323182313004517 2.2280754355015224 10.388554490869867 14.438949518982554 6.4402851460908996
leaf_count=1286 1123 821 2347 922
model_size=480
internal_value=0 -0.00648005 -0.0306536 0.0200528
internal_weight=0 35.3001 18.4713 16.8288
internal_count=6499 5376 3633 1743
is_linear=0
shrinkage=0.1


Tree=90
num_leaves= 7
num_cat= 0
full_tree_array_lgbids= 0 1 2 5 -3 3 4 -1 -7 -2147483648 -2147483648 -2 -5 -4 -6
split_feature= 19 17 12 8 10 4
split_gain= 1.05675 7.72266 4.2658 2.2328 1.53685 1.52128
threshold= 5.5000000000000009 1.5000000000000002 2.5000000000000004 1.0000000180025095e-35 1.0000000180025095e-35 5.5000000000000009
decision_type= 2 2 2 2 2 2
left_child=1 5 3 -2 -4 -1
right_child=2 -3 4 -5 -6 -7
leaf_value= -0.041385261332431644 0.10012696147999117 0.12282154318381938 -0.10753556059434582 -0.0743426484371629 0.1078589382452277 0.1007827328294487
leaf_weight=11.060137962951558 1.2369812665565412 6.117323641665279 0.70025081373751064 11.854791681980714 3.550539892166853 1.5181145006790764
leaf_count=4237 1398 58 13 533 61 199
model_size=704
internal_value=0 0.0238887 -0.0259365 -0.0578578 0.0723761 -0.0242265
internal_weight=0 18.6956 17.3426 13.0918 4.25079 12.5783
internal_count=6499 4494 2005 1931 74 4436
is_linear=0
shrinkage=0.1


Tree=91
num_leaves= 4
num_cat= 0
full_tree_array_lgbids= 0 -1 1 -2147483648 -2147483648 -2 2 -2147483648 -2147483648 -2147483648 -2147483648 -2147483648 -2147483648 -3 -4
split_feature= 4 4 9
split_gain= 0.845397 3.00372 2.3162
threshold= 1.0000000180025095e-35 2.5000000000000004 1.0000000180025095e-35
decision_type= 2 2 2
left_child=-1 -2 -3
right_child=1 2 -4
leaf_value= -0.1008224511897399 0.10074258851186786 0.0084761546835948956 -0.084104607416676858
leaf_weight=1.8857059888541687 4.0678058750636401 23.24330824875506 4.9533756735327179
leaf_count=320 1885 1329 2965
model_size=368
internal_value=0 0.00589544 -0.00778772
internal_weight=0 32.2645 28.1967
internal_count=6499 6179 4294
is_linear=0
shrinkage=0.1


Tree=92
num_leaves= 7
num_cat= 0
full_tree_array_lgbids= 0 1 2 -1 5 3 4 -2147483648 -2147483648 -3 -7 -2 -5 -4 -6
split_feature= 14 4 10 9 7 12
split_gain= 0.840615 3.07458 1.31493 5.65733 5.20535 0.54268
threshold= 5.5000000000000009 4.5000000000000009 1.0000000180025095e-35 1.0000000180025095e-35 1.0000000180025095e-35 2.5000000000000004
decision_type= 2 2 2 2 2 2
left_child=1 -1 3 -2 -4 -3
right_child=2 5 4 -5 -6 -7
leaf_value= 0.1027082148955312 0.081979205001734806 -0.10734119909076706 -0.100673810273309 -0.066534932589030704 0.059785939410144429 0.015317589000545008
leaf_weight=1.6020917964051458 10.860703623708106 5.0344035492744297 5.2603368777490669 4.3448030540603204 4.7025596381281503 1.4904464017599819
leaf_count=713 591 733 1490 1223 1723 26
model_size=704
internal_value=0 -0.0434383 0.0140191 0.039543 -0.0249356 -0.0793227
internal_weight=0 8.12694 25.1684 15.2055 9.9629 6.52485
internal_count=6499 1472 5027 1814 3213 759
is_linear=0
shrinkage=0.1


Tree=93
num_leaves= 6
num_cat= 0
full_tree_array_lgbids= 0 1 2 4 -3 3 -4 -1 -6 -2147483648 -2147483648 -2 -5 -2147483648 -2147483648
split_feature= 19 17 17 20 4
split_gain= 0.716362 5.88613 3.67318 3.0777 1.28032
threshold= 5.5000000000000009 1.5000000000000002 1.5000000000000002 3.5000000000000004 2.5000000000000004
decision_type= 2 2 2 2 2
left_child=1 4 3 -2 -1
right_child=2 -3 -4 -5 -6
leaf_value= 0.036183708750117213 0.10551494558661721 0.11848883275191723 -0.10609121009300544 -0.031236130430894321 -0.06131117853015166
leaf_weight=4.3328080714854895 3.4101491868495959 5.3129320382140568 5.0244034635834387 6.920034431561362 6.5228958963416517
leaf_count=1714 63 58 434 1508 2722
model_size=592
internal_value=0 0.0238965 -0.0253591 0.0139075 -0.0223983
internal_weight=0 16.1686 15.3546 10.3302 10.8557
internal_count=6499 4494 2005 1571 4436
is_linear=0
shrinkage=0.1


Tree=94
num_leaves= 5
num_cat= 0
full_tree_array_lgbids= 0 1 -2 2 3 -2147483648 -2147483648 -1 -4 -3 -5 -2147483648 -2147483648 -2147483648 -2147483648
split_feature= 4 21 9 4
split_gain= 0.786552 0.696238 2.06488 1.07464
threshold= 5.5000000000000009 3.5000000000000004 1.0000000180025095e-35 2.5000000000000004
decision_type= 2 2 2 2
left_child=1 2 -1 -3
right_child=-2 3 -4 -5
leaf_value= 0.02265386834682406 0.10053464592057836 0.077851607456698946 -0.068668219129079694 -0.10649689451520715
leaf_weight=19.256306973489711 1.8426350547815662 0.83948863227851589 4.9142149151448384 3.3033016636036336
leaf_count=1923 1123 644 2509 300
model_size=480
internal_value=0 -0.00662785 0.00408677 -0.0691408
internal_weight=0 28.3133 24.1705 4.14279
internal_count=6499 5376 4432 944
is_linear=0
shrinkage=0.1


Tree=95
num_leaves= 6
num_cat= 0
full_tree_array_lgbids= 0 1 2 -1 4 -2 3 -2147483648 -2147483648 -3 -6 -2147483648 -2147483648 -4 -5
split_feature= 14 4 4 4 12
split_gain= 0.594284 2.18899 1.07533 0.897788 0.530061
threshold= 5.5000000000000009 4.5000000000000009 1.0000000180025095e-35 2.5000000000000004 2.5000000000000004
decision_type= 2 2 2 2 2
left_child=1 -1 -2 -4 -3
right_child=2 4 3 -5 -6
leaf_value= 0.10212536256449796 -0.10067637574841591 -0.10675358162895582 0.10067445721505275 0.0097896370987277 0.019836067190193495
leaf_weight=1.3078157423879044 1.6096000986872265 4.4535855688736774 2.9754467424645581 17.631818455411121 1.4305835347622631
leaf_count=713 320 733 1203 3504 26
model_size=592
internal_value=0 -0.0435899 0.0139584 0.0229123 -0.0759766
internal_weight=0 7.19198 22.2169 20.6073 5.88417
internal_count=6499 1472 5027 4707 759
is_linear=0
shrinkage=0.1


Tree=96
num_leaves= 5
num_cat= 0
full_tree_array_lgbids= 0 1 -2 2 3 -2147483648 -2147483648 -1 -4 -3 -5 -2147483648 -2147483648 -2147483648 -2147483648
split_feature= 4 21 19 4
split_gain= 0.564548 0.606093 1.68161 0.67359
threshold= 5.5000000000000009 3.5000000000000004 4.5000000000000009 2.5000000000000004
decision_type= 2 2 2 2
left_child=1 2 -1 -3
right_child=-2 3 -4 -5
leaf_value= -0.046708612820239692 0.10047895756676534 0.074465308640844621 0.028758367331758284 -0.10600796062239121
leaf_weight=7.5424498963402664 1.6519925963366393 0.71677861874923054 15.549378286115825 3.0013304096646607
leaf_count=3646 1123 644 786 300
model_size=480
internal_value=0 -0.00633767 0.0041087 -0.0712162
internal_weight=0 26.8099 23.0918 3.71811
internal_count=6499 5376 4432 944
is_linear=0
shrinkage=0.1


Tree=97
num_leaves= 7
num_cat= 0
full_tree_array_lgbids= 0 1 3 2 -3 4 5 -1 -4 -2147483648 -2147483648 -2 -6 -5 -7
split_feature= 14 21 11 10 9 7
split_gain= 0.451424 1.82399 1.54759 0.803991 4.06924 3.93269
threshold= 5.5000000000000009 1.5000000000000002 1.5000000000000002 1.0000000180025095e-35 1.0000000180025095e-35 1.0000000180025095e-35
decision_type= 2 2 2 2 2 2
left_child=1 2 -1 4 -2 -5
right_child=3 -3 -4 5 -6 -7
leaf_value= 0.10433404689517312 0.079187597694751186 -0.10235536668790789 -0.10399527461621612 -0.10055497529307234 -0.063020183970011315 0.056609734323741591
leaf_weight=1.8924414997454762 9.1428293932403921 3.8020007776649436 0.96006789430975903 4.3187832373223483 3.6603230214677742 4.0301873450807761
leaf_count=498 591 505 469 1490 1223 1723
model_size=704
internal_value=0 -0.0438126 0.0342167 0.0135777 0.0385315 -0.0246889
internal_weight=0 6.65451 2.85251 21.1521 12.8032 8.34897
internal_count=6499 1472 967 5027 1814 3213
is_linear=0
shrinkage=0.1


Tree=98
num_leaves= 6
num_cat= 0
full_tree_array_lgbids= 0 1 2 4 -3 3 -4 -1 -6 -2147483648 -2147483648 -2 -5 -2147483648 -2147483648
split_feature= 19 17 17 20 4
split_gain= 0.314044 4.19502 2.57685 1.98344 0.858673
threshold= 5.5000000000000009 1.5000000000000002 1.5000000000000002 3.5000000000000004 2.5000000000000004
decision_type= 2 2 2 2 2
left_child=1 4 3 -2 -1
right_child=2 -3 -4 -5 -6
leaf_value= 0.036952687022324134 0.09888710136865414 0.11430961458597999 -0.10509685290521296 -0.02974203051825168 -0.06120255956992058
leaf_weight=3.6514137491467391 2.8644089912995678 4.4081440344452867 4.0492761079221973 5.9954836817341857 5.2961756135773612
leaf_count=1714 63 58 434 1508 2722
model_size=592
internal_value=0 0.0235617 -0.0248375 0.0118439 -0.0211465
internal_weight=0 13.3557 12.9092 8.85989 8.94759
internal_count=6499 4494 2005 1571 4436
is_linear=0
shrinkage=0.1


Tree=99
num_leaves= 4
num_cat= 0
full_tree_array_lgbids= 0 1 -2 -1 2 -2147483648 -2147483648 -2147483648 -2147483648 -3 -4 -2147483648 -2147483648 -2147483648 -2147483648
split_feature= 4 2 2
split_gain= 0.375016 0.299024 0.923938
threshold= 5.5000000000000009 1.0000000180025095e-35 4.5000000000000009
decision_type= 2 2 2
left_child=1 -1 -3
right_child=-2 2 -4
leaf_value= 0.090208041954790402 0.10043809289129424 -0.046294862124941438 0.016224662890987278
leaf_weight=1.5272980558802434 1.4902316042571317 10.416892729655958 11.694257658426066
leaf_count=143 1123 3490 1743
model_size=368
internal_value=0 -0.00654606 -0.0132292
internal_weight=0 23.6384 22.1112
internal_count=6499 5376 5233
is_linear=0
shrinkage=0.1


Tree=100
num_leaves= 5
num_cat= 0
full_tree_array_lgbids= 0 1 -2 2 3 -2147483648 -2147483648 -1 -4 -3 -5 -2147483648 -2147483648 -2147483648 -2147483648
split_feature= 4 12 10 18
split_gain= 0.209243 0.341048 2.23529 1.1955
threshold= 5.5000000000000009 2.5000000000000004 1.0000000180025095e-35 3.5000000000000004
decision_type= 2 2 2 2
left_child=1 2 -1 -3
right_child=-2 3 -4 -5
leaf_value= 0.0097644300718589313 0.10039632566652366 0.10589691341796809 -0.082277899873312521 -0.10359238758329317
leaf_weight=14.462387533916635 1.3489497682894569 2.4849846512079234 5.7113094244850791 0.71204849571222428
leaf_count=2994 1123 61 2164 157
model_size=480
internal_value=0 -0.0059608 -0.0162934 0.0592391
internal_weight=0 23.3707 20.1737 3.19703
internal_count=6499 5376 5158 218
is_linear=0
shrinkage=0.1


Tree=101
num_leaves= 4
num_cat= 0
full_tree_array_lgbids= 0 -1 1 -2147483648 -2147483648 -2 2 -2147483648 -2147483648 -2147483648 -2147483648 -2147483648 -2147483648 -3 -4
split_feature= 4 4 9
split_gain= 0.114529 1.8541 0.853801
threshold= 1.0000000180025095e-35 2.5000000000000004 1.0000000180025095e-35
decision_type= 2 2 2
left_child=-1 -2 -3
right_child=1 2 -4
leaf_value= -0.10056461327884153 0.10051245115247126 0.0054843672589659715 -0.08285022893240393
leaf_weight=1.2703504560049648 2.9749793648225049 16.500948937959041 3.2012790894368655
leaf_count=320 1885 1329 2965
model_size=368
internal_value=0 0.00548097 -0.00886851
internal_weight=0 22.6772 19.7022
internal_count=6499 6179 4294
is_linear=0
shrinkage=0.1


Tree=102
num_leaves= 5
num_cat= 0
full_tree_array_lgbids= 0 -1 1 -2147483648 -2147483648 2 3 -2147483648 -2147483648 -2147483648 -2147483648 -2 -4 -3 -5
split_feature= 12 7 19 20
split_gain= 0.157128 0.287763 1.57002 1.03503
threshold= 1.0000000180025095e-35 1.0000000180025095e-35 6.5000000000000009 3.5000000000000004
decision_type= 2 2 2 2
left_child=-1 2 -2 -3
right_child=1 3 -4 -5
leaf_value= -0.075641245739391169 0.021260190812275058 0.11763249455314756 -0.076719677752432339 0.005682259758734428
leaf_weight=2.2209158620389671 8.1087380121607548 2.6474744479637593 4.5861792453797543 5.7923760558478534
leaf_count=484 3570 185 500 1760
model_size=480
internal_value=0 0.00780164 -0.0141361 0.0407996
internal_weight=0 21.1348 12.6949 8.43985
internal_count=6499 6015 4070 1945
is_linear=0
shrinkage=0.1


Tree=103
num_leaves= 5
num_cat= 0
full_tree_array_lgbids= 0 2 1 -1 3 -2 -3 -2147483648 -2147483648 -4 -5 -2147483648 -2147483648 -2147483648 -2147483648
split_feature= 6 20 11 19
split_gain= 0.0538931 3.52638 1.46927 0.768347
threshold= 1.0000000180025095e-35 1.5000000000000002 1.5000000000000002 6.5000000000000009
decision_type= 2 2 2 2
left_child=2 -2 -1 -4
right_child=1 -3 3 -5
leaf_value= 0.10339949429782264 0.1102036241139881 -0.084271633535733859 0.018801717049189738 -0.071799165836066742
leaf_weight=2.8812758165440764 1.6712994627741853 5.1552818182244664 9.8217014476831519 3.273632357653697
leaf_count=1914 321 727 2622 915
model_size=480
internal_value=0 -0.0366597 0.0154941 -0.00384711
internal_weight=0 6.82658 15.9766 13.0953
internal_count=6499 1048 5451 3537
is_linear=0
shrinkage=0.1


end of trees

feature_importances:
Column_4=159
Column_19=54
Column_10=43
Column_20=35
Column_8=26
Column_12=23
Column_21=23
Column_17=20
Column_7=18
Column_11=18
Column_9=15
Column_6=14
Column_2=10
Column_14=8
Column_0=4
Column_18=3
Column_13=2
Column_1=1
Column_3=1

parameters:
[boosting: gbdt]
[objective: binary]
[metric: auc, binary_logloss, rmse, l1, l2, mape, huber]
[tree_learner: serial]
[device_type: cpu]
[data_sample_strategy: bagging]
[data: data/mushroom.libsvm.train]
[valid: data/mushroom.libsvm.test]
[num_iterations: 100000]
[learning_rate: 0.1]
[num_leaves: 255]
[num_threads: 1]
[seed: 42]
[deterministic: 0]
[force_col_wise: 0]
[force_row_wise: 0]
[histogram_pool_size: -1]
[max_depth: 3]
[min_data_in_leaf: 10]
[min_sum_hessian_in_leaf: 0.001]
[bagging_fraction: 1]
[pos_bagging_fraction: 1]
[neg_bagging_fraction: 1]
[bagging_freq: 0]
[bagging_seed: 400]
[feature_fraction: 1]
[feature_fraction_bynode: 1]
[feature_fraction_seed: 30056]
[extra_trees: 0]
[extra_seed: 12879]
[early_stopping_round: 0]
[early_stopping_min_delta: 0]
[first_metric_only: 0]
[max_delta_step: 0]
[lambda_l1: 0]
[lambda_l2: 0]
[linear_lambda: 0]
[min_gain_to_split: 0]
[drop_rate: 0.1]
[max_drop: 50]
[skip_drop: 0.5]
[xgboost_dart_mode: 0]
[uniform_drop: 0]
[drop_seed: 17869]
[top_rate: 0.2]
[other_rate: 0.1]
[min_data_per_group: 100]
[max_cat_threshold: 32]
[cat_l2: 10]
[cat_smooth: 10]
[max_cat_to_onehot: 4]
[top_k: 20]
[monotone_constraints: ]
[monotone_constraints_method: basic]
[monotone_penalty: 0]
[feature_contri: ]
[forcedsplits_filename: ]
[refit_decay_rate: 0.9]
[tinygbdt_penalty_feature: 0.03125]
[tinygbdt_penalty_split: 0.000976562]
[tinygbdt_forestsize: 64000]
[tinygbdt_precision: 1]
[cegb_tradeoff: 1]
[cegb_penalty_split: 0]
[cegb_penalty_feature_lazy: ]
[cegb_penalty_feature_coupled: ]
[path_smooth: 0]
[interaction_constraints: ]
[verbosity: 1]
[saved_feature_importance_type: 0]
[use_quantized_grad: 0]
[num_grad_quant_bins: 4]
[quant_train_renew_leaf: 0]
[stochastic_rounding: 1]
[linear_tree: 0]
[max_bin: 255]
[max_bin_by_feature: ]
[min_data_in_bin: 3]
[bin_construct_sample_cnt: 200000]
[data_random_seed: 175]
[is_enable_sparse: 1]
[enable_bundle: 1]
[use_missing: 1]
[zero_as_missing: 0]
[feature_pre_filter: 1]
[pre_partition: 0]
[two_round: 0]
[header: 0]
[label_column: ]
[weight_column: ]
[group_column: ]
[ignore_column: ]
[categorical_feature: ]
[forcedbins_filename: ]
[precise_float_parser: 0]
[parser_config_file: ]
[objective_seed: 16083]
[num_class: 1]
[is_unbalance: 0]
[scale_pos_weight: 1]
[sigmoid: 1]
[boost_from_average: 1]
[reg_sqrt: 0]
[alpha: 0.9]
[fair_c: 1]
[poisson_max_delta_step: 0.7]
[tweedie_variance_power: 1.5]
[lambdarank_truncation_level: 30]
[lambdarank_norm: 1]
[label_gain: ]
[lambdarank_position_bias_regularization: 0]
[eval_at: ]
[multi_error_top_k: 1]
[auc_mu_weights: ]
[num_machines: 1]
[local_listen_port: 12400]
[time_out: 120]
[machine_list_filename: ]
[machines: ]
[gpu_platform_id: -1]
[gpu_device_id: -1]
[gpu_use_dp: 0]
[num_gpu: 1]

end of parameters
