tree
version=v4
num_class=1
num_tree_per_iteration=1
label_index=0
max_feature_idx=21
objective=binary sigmoid:1
feature_names=Column_0 Column_1 Column_2 Column_3 Column_4 Column_5 Column_6 Column_7 Column_8 Column_9 Column_10 Column_11 Column_12 Column_13 Column_14 Column_15 Column_16 Column_17 Column_18 Column_19 Column_20 Column_21
feature_infos=[0:5] [0:3] [0:9] [0:1] [0:8] [0:1] [0:1] [0:1] [0:11] [0:1] [0:4] [0:3] [0:3] [0:8] [0:8] none [0:3] [0:2] [0:4] [0:8] [0:5] [0:6]
tree_sizes=3093 3088 3088 2904 2991 2999 2914 2922 2916 4458 4452 4452 4450 3010 4543 2651 4627 1805 1982 2068 969 1543 1544 1546 1544 1544 1548 621 803 804 804 803 803 802 804 802 803 720 536 537 721 404

Tree=0
num_leaves= 16
num_cat= 0
full_tree_array_lgbids= 0 1 2 5 10 4 3 -1 -7 12 11 -2 -6 7 6 -2147483648 -2147483648 -2147483648 -2147483648 -3 -14 -12 -13 -2147483648 -2147483648 -2147483648 -2147483648 -4 13 8 -8 -2147483648 -2147483648 -2147483648 -2147483648 -2147483648 -2147483648 -2147483648 -2147483648 -2147483648 -2147483648 -2147483648 -2147483648 -2147483648 -2147483648 -2147483648 -2147483648 -2147483648 -2147483648 -2147483648 -2147483648 -2147483648 -2147483648 -2147483648 -2147483648 -2147483648 -2147483648 -9 14 -5 9 -2147483648 -2147483648 -2147483648 -2147483648 -2147483648 -2147483648 -2147483648 -2147483648 -2147483648 -2147483648 -2147483648 -2147483648 -2147483648 -2147483648 -2147483648 -2147483648 -2147483648 -2147483648 -2147483648 -2147483648 -2147483648 -2147483648 -2147483648 -2147483648 -2147483648 -2147483648 -2147483648 -2147483648 -2147483648 -2147483648 -2147483648 -2147483648 -2147483648 -2147483648 -2147483648 -2147483648 -2147483648 -2147483648 -2147483648 -2147483648 -2147483648 -2147483648 -2147483648 -2147483648 -2147483648 -2147483648 -2147483648 -2147483648 -2147483648 -2147483648 -2147483648 -2147483648 -2147483648 -2147483648 -2147483648 -2147483648 -15 -16 -2147483648 -2147483648 -10 -11 -2147483648 -2147483648 -2147483648 -2147483648
split_feature= 8 20 19 7 4 10 9 13 21 3 21 1 12 17 19
split_gain= 2179.18 1163.5 1106.01 748.021 232.95 193.473 140.431 108.753 72.5116 169.924 18.6375 23.3393 8.34498 6.67003 126.126
threshold= 3.5000000000000004 3.5000000000000004 1.5000000000000002 1.0000000180025095e-35 4.5000000000000009 1.0000000180025095e-35 1.0000000180025095e-35 1.5000000000000002 1.5000000000000002 1.0000000180025095e-35 4.5000000000000009 1.5000000000000002 1.0000000180025095e-35 1.5000000000000002 6.5000000000000009
decision_type= 2 2 2 2 2 2 2 2 2 2 2 2 2 2 2
left_child=1 5 4 7 -2 -1 8 -4 -5 -10 12 -12 -3 -9 -15
right_child=2 10 3 6 -6 -7 -8 13 9 -11 11 -13 -14 14 -16
leaf_value= 0.13625295265526666 0.13625295265526666 -0.075779630963319758 0.13625295265526666 0.13625295265526666 -0.26425303862428545 -0.26425303862428545 -0.26425303862428545 -0.26425303862428545 -0.23564546781860313 0.13625295265526666 -0.26425303862428551 0.1362529526552666 0.13625295265526666 0.13625295265526666 -0.26425303862428545
leaf_weight=14.48168098926544 127.58860319852829 4.2446306347846976 7.7402088046073905 58.176408112049103 17.228206694126129 104.36797678470612 17.228206694126129 603.98597091436386 24.46904718875885 27.964625358581543 3.9949464797973615 4.4943147897720337 528.58135610818863 9.7376820445060712 68.413458466529846
leaf_count=58 511 17 31 233 69 418 69 2419 98 112 16 18 2117 39 274
model_size=1712
internal_value=-0.0711178 0.0691485 -0.167321 -0.212646 0.0886066 -0.215452 0.0110948 -0.254106 0.053982 -0.0372996 0.131635 -0.0522205 0.134564 -0.258536 -0.21435
internal_weight=0 660.165 962.532 817.716 144.817 118.85 127.838 689.877 110.61 52.4337 541.315 8.48926 532.826 682.137 78.1511
internal_count=6499 2644 3855 3275 580 476 512 2763 443 210 2168 34 2134 2732 313
is_linear=0
shrinkage=1


Tree=1
num_leaves= 16
num_cat= 0
full_tree_array_lgbids= 0 1 2 5 10 4 3 -1 -7 12 11 -2 -6 7 6 -2147483648 -2147483648 -2147483648 -2147483648 -3 -14 -12 -13 -2147483648 -2147483648 -2147483648 -2147483648 -4 13 8 -8 -2147483648 -2147483648 -2147483648 -2147483648 -2147483648 -2147483648 -2147483648 -2147483648 -2147483648 -2147483648 -2147483648 -2147483648 -2147483648 -2147483648 -2147483648 -2147483648 -2147483648 -2147483648 -2147483648 -2147483648 -2147483648 -2147483648 -2147483648 -2147483648 -2147483648 -2147483648 -9 14 -5 9 -2147483648 -2147483648 -2147483648 -2147483648 -2147483648 -2147483648 -2147483648 -2147483648 -2147483648 -2147483648 -2147483648 -2147483648 -2147483648 -2147483648 -2147483648 -2147483648 -2147483648 -2147483648 -2147483648 -2147483648 -2147483648 -2147483648 -2147483648 -2147483648 -2147483648 -2147483648 -2147483648 -2147483648 -2147483648 -2147483648 -2147483648 -2147483648 -2147483648 -2147483648 -2147483648 -2147483648 -2147483648 -2147483648 -2147483648 -2147483648 -2147483648 -2147483648 -2147483648 -2147483648 -2147483648 -2147483648 -2147483648 -2147483648 -2147483648 -2147483648 -2147483648 -2147483648 -2147483648 -2147483648 -2147483648 -2147483648 -15 -16 -2147483648 -2147483648 -10 -11 -2147483648 -2147483648 -2147483648 -2147483648
split_feature= 8 20 19 7 4 10 9 13 21 3 21 4 12 17 19
split_gain= 1779.36 944.367 905.643 615.277 187.569 157.039 112.833 87.5053 56.6153 136.581 12.877 17.0815 4.76823 3.68209 101.745
threshold= 3.5000000000000004 3.5000000000000004 1.5000000000000002 1.0000000180025095e-35 4.5000000000000009 1.0000000180025095e-35 1.0000000180025095e-35 1.5000000000000002 1.5000000000000002 1.0000000180025095e-35 4.5000000000000009 4.5000000000000009 1.0000000180025095e-35 1.5000000000000002 6.5000000000000009
decision_type= 2 2 2 2 2 2 2 2 2 2 2 2 2 2 2
left_child=1 5 4 7 -2 -1 8 -4 -5 -10 12 -12 -3 -9 -15
right_child=2 10 3 6 -6 -7 -8 13 9 -11 11 -13 -14 14 -16
leaf_value= 0.18726217829300001 0.18726217829300001 -0.0041963809298885936 0.18726217829300001 0.18726217829300001 -0.17677793099633521 -0.17677793099633521 -0.17677793099633521 -0.17677793099633521 -0.15003617003733646 0.18726217829300001 0.18726217829300007 -0.17677793099633518 0.18726217829300001 0.18726217829300001 -0.17677793099633521
leaf_weight=14.432910382747648 127.15891733765602 4.2439043670892707 7.7141417562961569 57.980484813451767 16.952329516410828 102.69672083854675 16.952329516410828 594.31427681446075 24.163009226322174 27.870447635650635 4.4791790843009931 3.9309749603271484 526.80122897028923 9.7048880159854871 67.317946195602417
leaf_count=58 511 17 31 233 69 418 69 2419 98 112 18 16 2117 39 274
model_size=1712
internal_value=0 0.126905 -0.0878094 -0.129334 0.144439 -0.13192 0.0744647 -0.16744 0.113179 0.0306294 0.183103 0.0171068 0.185732 -0.171515 -0.130909
internal_weight=0 656.585 950.129 806.018 144.111 117.13 126.966 679.051 110.014 52.0335 539.455 8.41015 531.045 671.337 77.0228
internal_count=6499 2644 3855 3275 580 476 512 2763 443 210 2168 34 2134 2732 313
is_linear=0
shrinkage=0.1


Tree=2
num_leaves= 16
num_cat= 0
full_tree_array_lgbids= 0 1 2 5 10 4 3 -1 -7 12 11 -2 -6 7 6 -2147483648 -2147483648 -2147483648 -2147483648 -3 -14 -12 -13 -2147483648 -2147483648 -2147483648 -2147483648 -4 13 8 -8 -2147483648 -2147483648 -2147483648 -2147483648 -2147483648 -2147483648 -2147483648 -2147483648 -2147483648 -2147483648 -2147483648 -2147483648 -2147483648 -2147483648 -2147483648 -2147483648 -2147483648 -2147483648 -2147483648 -2147483648 -2147483648 -2147483648 -2147483648 -2147483648 -2147483648 -2147483648 -9 14 -5 9 -2147483648 -2147483648 -2147483648 -2147483648 -2147483648 -2147483648 -2147483648 -2147483648 -2147483648 -2147483648 -2147483648 -2147483648 -2147483648 -2147483648 -2147483648 -2147483648 -2147483648 -2147483648 -2147483648 -2147483648 -2147483648 -2147483648 -2147483648 -2147483648 -2147483648 -2147483648 -2147483648 -2147483648 -2147483648 -2147483648 -2147483648 -2147483648 -2147483648 -2147483648 -2147483648 -2147483648 -2147483648 -2147483648 -2147483648 -2147483648 -2147483648 -2147483648 -2147483648 -2147483648 -2147483648 -2147483648 -2147483648 -2147483648 -2147483648 -2147483648 -2147483648 -2147483648 -2147483648 -2147483648 -2147483648 -2147483648 -15 -16 -2147483648 -2147483648 -10 -11 -2147483648 -2147483648 -2147483648 -2147483648
split_feature= 8 20 19 7 4 10 9 13 21 3 21 4 12 17 19
split_gain= 1479.82 781.676 754.504 514.355 153.896 129.544 92.1269 71.4551 45.0461 111.478 8.71129 12.4039 2.34593 1.39864 83.2968
threshold= 3.5000000000000004 3.5000000000000004 1.5000000000000002 1.0000000180025095e-35 4.5000000000000009 1.0000000180025095e-35 1.0000000180025095e-35 1.5000000000000002 1.5000000000000002 1.0000000180025095e-35 4.5000000000000009 4.5000000000000009 1.0000000180025095e-35 1.5000000000000002 6.5000000000000009
decision_type= 2 2 2 2 2 2 2 2 2 2 2 2 2 2 2
left_child=1 5 4 7 -2 -1 8 -4 -5 -10 12 -12 -3 -9 -15
right_child=2 10 3 6 -6 -7 -8 13 9 -11 11 -13 -14 14 -16
leaf_value= 0.17236010255125836 0.17236010255125836 -0.0037773991993575971 0.17236010255125836 0.17236010255125836 -0.16433727988382651 -0.16433727988382651 -0.16433727988382651 -0.16433727988382651 -0.13835152866400741 0.17236010255125836 0.17236010255125839 -0.16433727988382651 0.17236010255125836 0.17236010255125836 -0.16433727988382651
leaf_weight=14.127121359109877 124.46481059491634 4.2432112842798224 7.5507027953863135 56.752056494355202 16.43764516711235 99.578777968883514 16.43764516711235 576.27048781514168 23.611025214195251 27.279958486557007 4.3842790424823743 3.8116278648376465 515.63992960751057 9.4992712587118131 65.274127185344696
leaf_count=58 511 17 31 233 69 418 69 2419 98 112 18 16 2117 39 274
model_size=1712
internal_value=0 0.116954 -0.0814481 -0.120069 0.133081 -0.122505 0.0686314 -0.155621 0.104207 0.0282045 0.168515 0.015774 0.170922 -0.159425 -0.121563
internal_weight=0 641.785 923.578 782.675 140.902 113.706 124.081 658.595 107.643 50.891 528.079 8.19591 519.883 651.044 74.7734
internal_count=6499 2644 3855 3275 580 476 512 2763 443 210 2168 34 2134 2732 313
is_linear=0
shrinkage=0.1


Tree=3
num_leaves= 14
num_cat= 0
full_tree_array_lgbids= 0 1 2 5 10 4 3 -1 -7 12 11 -2 -6 7 6 -2147483648 -2147483648 -2147483648 -2147483648 -3 -14 -12 -13 -2147483648 -2147483648 -2147483648 -2147483648 -4 -9 8 -8 -2147483648 -2147483648 -2147483648 -2147483648 -2147483648 -2147483648 -2147483648 -2147483648 -2147483648 -2147483648 -2147483648 -2147483648 -2147483648 -2147483648 -2147483648 -2147483648 -2147483648 -2147483648 -2147483648 -2147483648 -2147483648 -2147483648 -2147483648 -2147483648 -2147483648 -2147483648 -2147483648 -2147483648 -5 9 -2147483648 -2147483648 -2147483648 -2147483648 -2147483648 -2147483648 -2147483648 -2147483648 -2147483648 -2147483648 -2147483648 -2147483648 -2147483648 -2147483648 -2147483648 -2147483648 -2147483648 -2147483648 -2147483648 -2147483648 -2147483648 -2147483648 -2147483648 -2147483648 -2147483648 -2147483648 -2147483648 -2147483648 -2147483648 -2147483648 -2147483648 -2147483648 -2147483648 -2147483648 -2147483648 -2147483648 -2147483648 -2147483648 -2147483648 -2147483648 -2147483648 -2147483648 -2147483648 -2147483648 -2147483648 -2147483648 -2147483648 -2147483648 -2147483648 -2147483648 -2147483648 -2147483648 -2147483648 -2147483648 -2147483648 -2147483648 -2147483648 -2147483648 -2147483648 -2147483648 -10 -11 -2147483648 -2147483648 -2147483648 -2147483648
split_feature= 8 20 19 7 4 10 9 13 21 3 21 1 12
split_gain= 1247.62 656.383 636.724 435.241 127.945 108.075 76.0287 58.9039 36.2502 91.9376 5.5286 8.77511 0.606372
threshold= 3.5000000000000004 3.5000000000000004 1.5000000000000002 1.0000000180025095e-35 4.5000000000000009 1.0000000180025095e-35 1.0000000180025095e-35 1.5000000000000002 1.5000000000000002 1.0000000180025095e-35 4.5000000000000009 1.5000000000000002 1.0000000180025095e-35
decision_type= 2 2 2 2 2 2 2 2 2 2 2 2 2
left_child=1 5 4 7 -2 -1 8 -4 -5 -10 12 -12 -3
right_child=2 10 3 6 -6 -7 -8 -9 9 -11 11 -13 -14
leaf_value= 0.1609037703805144 0.1609037703805144 -0.0034002145451034805 0.1609037703805144 0.1609037703805144 -0.15458733496862687 -0.15458733496862687 -0.15458733496862687 -0.1499512248705151 -0.12863452077162127 0.1609037703805144 -0.15458733496862687 0.16090377038051437 0.1609037703805144
leaf_weight=13.6439371407032 120.20779101550579 4.2425556927919379 7.2924491614103308 54.810988858342171 15.761341184377669 95.481748044490814 15.761341184377669 624.32352818548679 22.892099589109421 26.34691309928894 3.654803752899169 4.2343253195285797 498.00370563566685
leaf_count=58 511 17 31 233 69 418 69 2732 98 112 16 18 2117
model_size=1488
internal_value=0 0.109272 -0.0764731 -0.112808 0.124333 -0.115142 0.064079 -0.146362 0.0972023 0.0262922 0.157277 0.0147459 0.159516
internal_weight=0 619.261 887.396 751.427 135.969 109.126 119.811 631.616 104.05 49.239 510.135 7.88913 502.246
internal_count=6499 2644 3855 3275 580 476 512 2763 443 210 2168 34 2134
is_linear=0
shrinkage=0.1


Tree=4
num_leaves= 15
num_cat= 0
full_tree_array_lgbids= 0 1 2 5 10 4 3 -1 -7 -3 11 -2 -6 7 6 -2147483648 -2147483648 -2147483648 -2147483648 -2147483648 -2147483648 -12 -13 -2147483648 -2147483648 -2147483648 -2147483648 -4 12 8 -8 -2147483648 -2147483648 -2147483648 -2147483648 -2147483648 -2147483648 -2147483648 -2147483648 -2147483648 -2147483648 -2147483648 -2147483648 -2147483648 -2147483648 -2147483648 -2147483648 -2147483648 -2147483648 -2147483648 -2147483648 -2147483648 -2147483648 -2147483648 -2147483648 -2147483648 -2147483648 -9 13 -5 9 -2147483648 -2147483648 -2147483648 -2147483648 -2147483648 -2147483648 -2147483648 -2147483648 -2147483648 -2147483648 -2147483648 -2147483648 -2147483648 -2147483648 -2147483648 -2147483648 -2147483648 -2147483648 -2147483648 -2147483648 -2147483648 -2147483648 -2147483648 -2147483648 -2147483648 -2147483648 -2147483648 -2147483648 -2147483648 -2147483648 -2147483648 -2147483648 -2147483648 -2147483648 -2147483648 -2147483648 -2147483648 -2147483648 -2147483648 -2147483648 -2147483648 -2147483648 -2147483648 -2147483648 -2147483648 -2147483648 -2147483648 -2147483648 -2147483648 -2147483648 -2147483648 -2147483648 -2147483648 -2147483648 -2147483648 -2147483648 -14 -15 -2147483648 -2147483648 -10 -11 -2147483648 -2147483648 -2147483648 -2147483648
split_feature= 8 20 19 7 4 10 9 13 21 3 21 1 17 19
split_gain= 1061.9 557.234 541.544 370.374 107.386 90.8925 63.1846 48.6718 29.3458 76.3408 3.01168 5.87348 0.779116 71.657
threshold= 3.5000000000000004 3.5000000000000004 1.5000000000000002 1.0000000180025095e-35 4.5000000000000009 1.0000000180025095e-35 1.0000000180025095e-35 1.5000000000000002 1.5000000000000002 1.0000000180025095e-35 4.5000000000000009 1.5000000000000002 1.5000000000000002 6.5000000000000009
decision_type= 2 2 2 2 2 2 2 2 2 2 2 2 2 2
left_child=1 5 4 7 -2 -1 8 -4 -5 -10 -3 -12 -9 -14
right_child=2 10 3 6 -6 -7 -8 12 9 -11 11 -13 13 -15
leaf_value= 0.15185187516794491 0.15185187516794491 0.15048366375750824 0.15185187516794491 0.15185187516794491 -0.14676872362570559 -0.14676872362570559 -0.14676872362570559 -0.14698604915864594 -0.12034183209056351 0.15185187516794491 -0.14676872362570559 0.15185187516794488 0.17075662901314903 -0.14698604915864594
leaf_weight=13.042239397764204 114.90662641823292 480.28367763757706 6.970852091908454 52.39382378757 14.980887696146963 90.75378343462944 14.980887696146963 526.08092118799686 22.065548837184906 25.185014009475708 3.4738290309905997 4.0475915372371674 9.4640404880046827 59.589157670736313
leaf_count=58 511 2134 31 233 69 418 69 2419 98 112 16 18 39 274
model_size=1600
internal_value=0 0.103178 -0.0723282 -0.106713 0.11741 -0.109246 0.0604261 -0.138532 0.0915765 0.0247401 0.148378 0.0139315 -0.141933 -0.103438
internal_weight=0 591.601 846.618 716.73 129.888 103.796 114.625 602.105 99.6444 47.2506 487.805 7.52142 595.134 69.0532
internal_count=6499 2644 3855 3275 580 476 512 2763 443 210 2168 34 2732 313
is_linear=0
shrinkage=0.1


Tree=5
num_leaves= 15
num_cat= 0
full_tree_array_lgbids= 0 1 2 5 11 4 3 -1 -7 13 12 -2 -6 7 6 -2147483648 -2147483648 -2147483648 -2147483648 -3 -15 -13 -14 -2147483648 -2147483648 -2147483648 -2147483648 -4 -9 8 -8 -2147483648 -2147483648 -2147483648 -2147483648 -2147483648 -2147483648 -2147483648 -2147483648 -2147483648 -2147483648 -2147483648 -2147483648 -2147483648 -2147483648 -2147483648 -2147483648 -2147483648 -2147483648 -2147483648 -2147483648 -2147483648 -2147483648 -2147483648 -2147483648 -2147483648 -2147483648 -2147483648 -2147483648 9 10 -2147483648 -2147483648 -2147483648 -2147483648 -2147483648 -2147483648 -2147483648 -2147483648 -2147483648 -2147483648 -2147483648 -2147483648 -2147483648 -2147483648 -2147483648 -2147483648 -2147483648 -2147483648 -2147483648 -2147483648 -2147483648 -2147483648 -2147483648 -2147483648 -2147483648 -2147483648 -2147483648 -2147483648 -2147483648 -2147483648 -2147483648 -2147483648 -2147483648 -2147483648 -2147483648 -2147483648 -2147483648 -2147483648 -2147483648 -2147483648 -2147483648 -2147483648 -2147483648 -2147483648 -2147483648 -2147483648 -2147483648 -2147483648 -2147483648 -2147483648 -2147483648 -2147483648 -2147483648 -2147483648 -2147483648 -2147483648 -2147483648 -2147483648 -5 -11 -10 -12 -2147483648 -2147483648 -2147483648 -2147483648
split_feature= 8 20 19 7 4 10 9 13 1 21 14 21 1 12
split_gain= 911.832 476.836 464.998 318.522 90.7527 76.8771 52.7326 40.4495 24.9854 53.0746 15.8977 0.957311 3.48738 0.270098
threshold= 3.5000000000000004 3.5000000000000004 1.5000000000000002 1.0000000180025095e-35 4.5000000000000009 1.0000000180025095e-35 1.0000000180025095e-35 1.5000000000000002 1.0000000180025095e-35 1.5000000000000002 6.5000000000000009 4.5000000000000009 1.5000000000000002 1.0000000180025095e-35
decision_type= 2 2 2 2 2 2 2 2 2 2 2 2 2 2
left_child=1 5 4 7 -2 -1 8 -4 9 -5 -10 13 -13 -3
right_child=2 11 3 6 -6 -7 -8 -9 10 -11 -12 12 -14 -15
leaf_value= 0.14454675775689577 0.14454675775689577 -0.018113745917658842 0.14454675775689577 0.14454675775689577 -0.14038449805642142 -0.14038449805642142 -0.14038449805642142 -0.13568772172443613 -0.079764190760033646 -0.14616216603889126 0.14896846346599671 -0.14038449805642142 0.14454675775689574 0.14460774664248963
leaf_weight=12.365946739912031 108.9482548981905 4.245741441845893 6.6093853265047064 14.924418479204178 14.139219447970389 85.654981583356857 14.139219447970389 562.00085325539112 5.6008527576923361 15.34173995256424 58.864974066615105 3.2786595821380606 3.8377076089382172 451.59387001395226
leaf_count=58 511 17 31 70 69 418 69 2732 26 71 276 16 18 2117
model_size=1600
internal_value=0 0.0981936 -0.0690582 -0.10192 0.111816 -0.104439 0.0574279 -0.13243 0.0869524 -0.00281191 0.129096 0.141097 0.013273 0.143092
internal_weight=0 560.977 800.569 677.481 123.087 98.0209 108.871 568.61 94.732 30.2662 64.4658 462.956 7.11637 455.84
internal_count=6499 2644 3855 3275 580 476 512 2763 443 141 302 2168 34 2134
is_linear=0
shrinkage=0.1


Tree=6
num_leaves= 14
num_cat= 0
full_tree_array_lgbids= 0 1 2 5 -3 4 3 -1 -7 -2147483648 -2147483648 -2 -6 7 6 -2147483648 -2147483648 -2147483648 -2147483648 -2147483648 -2147483648 -2147483648 -2147483648 -2147483648 -2147483648 -2147483648 -2147483648 -4 11 8 -8 -2147483648 -2147483648 -2147483648 -2147483648 -2147483648 -2147483648 -2147483648 -2147483648 -2147483648 -2147483648 -2147483648 -2147483648 -2147483648 -2147483648 -2147483648 -2147483648 -2147483648 -2147483648 -2147483648 -2147483648 -2147483648 -2147483648 -2147483648 -2147483648 -2147483648 -2147483648 -9 12 9 10 -2147483648 -2147483648 -2147483648 -2147483648 -2147483648 -2147483648 -2147483648 -2147483648 -2147483648 -2147483648 -2147483648 -2147483648 -2147483648 -2147483648 -2147483648 -2147483648 -2147483648 -2147483648 -2147483648 -2147483648 -2147483648 -2147483648 -2147483648 -2147483648 -2147483648 -2147483648 -2147483648 -2147483648 -2147483648 -2147483648 -2147483648 -2147483648 -2147483648 -2147483648 -2147483648 -2147483648 -2147483648 -2147483648 -2147483648 -2147483648 -2147483648 -2147483648 -2147483648 -2147483648 -2147483648 -2147483648 -2147483648 -2147483648 -2147483648 -2147483648 -2147483648 -2147483648 -2147483648 -2147483648 -2147483648 -2147483648 -13 -14 -5 -11 -10 -12 -2147483648 -2147483648 -2147483648 -2147483648
split_feature= 8 20 19 7 4 10 9 13 1 21 14 17 19
split_gain= 787.399 410.992 400.675 274.185 77.0436 65.2448 44.0602 33.4468 19.8491 44.3462 12.3742 0.613787 62.7319
threshold= 3.5000000000000004 3.5000000000000004 1.5000000000000002 1.0000000180025095e-35 4.5000000000000009 1.0000000180025095e-35 1.0000000180025095e-35 1.5000000000000002 1.0000000180025095e-35 1.5000000000000002 6.5000000000000009 1.5000000000000002 6.5000000000000009
decision_type= 2 2 2 2 2 2 2 2 2 2 2 2 2
left_child=1 5 4 7 -2 -1 8 -4 9 -5 -10 -9 -13
right_child=2 -3 3 6 -6 -7 -8 11 10 -11 -12 12 -14
leaf_value= 0.13855140791954978 0.13855140791954978 0.13516353986068361 0.13855140791954978 0.13855140791954976 -0.13509509769210032 -0.13509509769210032 -0.13509509769210032 -0.1354164678346583 -0.073064486299987519 -0.13988491942693068 0.14262869535264688 0.16831828023062234 -0.1354164678346583
leaf_weight=11.647865027189253 102.62170739471912 436.33287537097931 6.2255830317735663 14.057768136262894 13.268332377076147 80.379172950983047 13.268332377076147 467.19495461881161 5.5079644918441764 14.471892178058624 55.506051287055016 9.4045701473951322 52.919147402048111
leaf_count=58 511 2168 31 70 69 418 69 2419 26 71 276 39 274
model_size=1488
internal_value=0 0.0941239 -0.0661617 -0.0976286 0.107221 -0.10046 0.0549076 -0.126901 0.0830616 -0.00268759 0.123157 -0.130022 -0.0895833
internal_weight=0 528.36 754.446 638.556 115.89 92.027 102.812 535.744 89.5437 28.5297 61.014 529.519 62.3237
internal_count=6499 2644 3855 3275 580 476 512 2763 443 141 302 2732 313
is_linear=0
shrinkage=0.1


Tree=7
num_leaves= 14
num_cat= 0
full_tree_array_lgbids= 0 1 2 5 10 4 3 -1 -7 12 11 -2 -6 7 6 -2147483648 -2147483648 -2147483648 -2147483648 -3 -14 -12 -13 -2147483648 -2147483648 -2147483648 -2147483648 -4 -9 8 -8 -2147483648 -2147483648 -2147483648 -2147483648 -2147483648 -2147483648 -2147483648 -2147483648 -2147483648 -2147483648 -2147483648 -2147483648 -2147483648 -2147483648 -2147483648 -2147483648 -2147483648 -2147483648 -2147483648 -2147483648 -2147483648 -2147483648 -2147483648 -2147483648 -2147483648 -2147483648 -2147483648 -2147483648 -5 9 -2147483648 -2147483648 -2147483648 -2147483648 -2147483648 -2147483648 -2147483648 -2147483648 -2147483648 -2147483648 -2147483648 -2147483648 -2147483648 -2147483648 -2147483648 -2147483648 -2147483648 -2147483648 -2147483648 -2147483648 -2147483648 -2147483648 -2147483648 -2147483648 -2147483648 -2147483648 -2147483648 -2147483648 -2147483648 -2147483648 -2147483648 -2147483648 -2147483648 -2147483648 -2147483648 -2147483648 -2147483648 -2147483648 -2147483648 -2147483648 -2147483648 -2147483648 -2147483648 -2147483648 -2147483648 -2147483648 -2147483648 -2147483648 -2147483648 -2147483648 -2147483648 -2147483648 -2147483648 -2147483648 -2147483648 -2147483648 -2147483648 -2147483648 -2147483648 -2147483648 -10 -11 -2147483648 -2147483648 -2147483648 -2147483648
split_feature= 8 20 19 7 4 10 9 13 21 3 21 1 12
split_gain= 683.462 355.194 347.847 238.171 65.6276 55.5073 36.8286 27.7261 15.937 44.5155 0.548743 1.48161 0.173501
threshold= 3.5000000000000004 3.5000000000000004 1.5000000000000002 1.0000000180025095e-35 4.5000000000000009 1.0000000180025095e-35 1.0000000180025095e-35 1.5000000000000002 1.5000000000000002 1.0000000180025095e-35 4.5000000000000009 1.5000000000000002 1.0000000180025095e-35
decision_type= 2 2 2 2 2 2 2 2 2 2 2 2 2
left_child=1 5 4 7 -2 -1 8 -4 -5 -10 12 -12 -3
right_child=2 10 3 6 -6 -7 -8 -9 9 -11 11 -13 -14
leaf_value= 0.13356356395996258 0.13356356395996258 -0.029996618195908736 0.13356356395996258 0.13393675325000612 -0.13066022980921915 -0.13066022980921915 -0.13066022980921915 -0.12565288835215502 -0.10175675789731904 0.13327951056034301 -0.14017419660417998 0.13367746599946484 0.13372151835121218
leaf_weight=10.912395119667051 96.14196389913559 4.2156161516904822 5.8324870467185965 43.93346132338047 12.391892105340956 75.069723188877106 12.391892105340956 494.94862812757492 19.291692391037941 20.983031988143921 3.2713801860809317 3.3923099040985107 399.23204381763935
leaf_count=58 511 17 31 233 69 418 69 2732 98 112 16 18 2117
model_size=1488
internal_value=0 0.0905137 -0.0638775 -0.0942681 0.103396 -0.0971263 0.0527818 -0.122634 0.0797767 0.0206966 0.129853 -0.000763496 0.132011
internal_weight=0 496.093 705.915 597.381 108.534 85.9821 96.6001 500.781 84.2082 40.2747 410.111 6.66369 403.448
internal_count=6499 2644 3855 3275 580 476 512 2763 443 210 2168 34 2134
is_linear=0
shrinkage=0.1


Tree=8
num_leaves= 14
num_cat= 0
full_tree_array_lgbids= 0 1 2 5 -3 4 3 -1 -7 -2147483648 -2147483648 -2 -6 7 6 -2147483648 -2147483648 -2147483648 -2147483648 -2147483648 -2147483648 -2147483648 -2147483648 -2147483648 -2147483648 -2147483648 -2147483648 -4 11 8 -8 -2147483648 -2147483648 -2147483648 -2147483648 -2147483648 -2147483648 -2147483648 -2147483648 -2147483648 -2147483648 -2147483648 -2147483648 -2147483648 -2147483648 -2147483648 -2147483648 -2147483648 -2147483648 -2147483648 -2147483648 -2147483648 -2147483648 -2147483648 -2147483648 -2147483648 -2147483648 -9 12 9 10 -2147483648 -2147483648 -2147483648 -2147483648 -2147483648 -2147483648 -2147483648 -2147483648 -2147483648 -2147483648 -2147483648 -2147483648 -2147483648 -2147483648 -2147483648 -2147483648 -2147483648 -2147483648 -2147483648 -2147483648 -2147483648 -2147483648 -2147483648 -2147483648 -2147483648 -2147483648 -2147483648 -2147483648 -2147483648 -2147483648 -2147483648 -2147483648 -2147483648 -2147483648 -2147483648 -2147483648 -2147483648 -2147483648 -2147483648 -2147483648 -2147483648 -2147483648 -2147483648 -2147483648 -2147483648 -2147483648 -2147483648 -2147483648 -2147483648 -2147483648 -2147483648 -2147483648 -2147483648 -2147483648 -2147483648 -2147483648 -13 -14 -5 -11 -10 -12 -2147483648 -2147483648 -2147483648 -2147483648
split_feature= 8 20 19 7 4 10 9 13 1 21 14 17 19
split_gain= 595.711 309.103 302.167 206.482 55.9956 47.2527 30.6946 22.7184 13.2102 31.6591 7.56899 0.740309 55.3939
threshold= 3.5000000000000004 3.5000000000000004 1.5000000000000002 1.0000000180025095e-35 4.5000000000000009 1.0000000180025095e-35 1.0000000180025095e-35 1.5000000000000002 1.0000000180025095e-35 1.5000000000000002 6.5000000000000009 1.5000000000000002 6.5000000000000009
decision_type= 2 2 2 2 2 2 2 2 2 2 2 2 2
left_child=1 5 4 7 -2 -1 8 -4 9 -5 -10 -9 -13
right_child=2 -3 3 6 -6 -7 -8 11 10 -11 -12 12 -14
leaf_value= 0.12936717161346731 0.12936717161346731 0.12565393646762985 0.12936717161346731 0.12935622169595531 -0.12690484179902931 -0.12690484179902931 -0.12690484179902931 -0.12727874075560752 -0.065715334413372448 -0.13132312935941598 0.13408541587278341 0.16546475723210929 -0.12727874075560752
leaf_weight=10.177520692348478 89.667466789484024 382.85908730328083 5.4397093355655661 12.280711233615875 11.527180284261702 69.83132404088974 11.527180284261702 407.33189159631729 5.1702764928340903 12.895585089921951 48.590201526880264 9.3252641558647138 46.138461470603943
leaf_count=58 511 2168 31 70 69 418 69 2419 26 71 276 39 274
model_size=1488
internal_value=0 0.0876329 -0.0617153 -0.0910377 0.100175 -0.0943058 0.0509343 -0.118467 0.0769042 -0.0041667 0.11487 -0.12138 -0.078059
internal_weight=0 462.868 659.894 558.699 101.195 80.0088 90.464 468.235 78.9368 25.1763 53.7605 462.796 55.4637
internal_count=6499 2644 3855 3275 580 476 512 2763 443 141 302 2732 313
is_linear=0
shrinkage=0.1


Tree=9
num_leaves= 14
num_cat= 0
full_tree_array_lgbids= 0 1 2 5 11 4 3 -1 -7 12 -13 -2 -6 7 6 -2147483648 -2147483648 -2147483648 -2147483648 -3 -14 -2147483648 -2147483648 -2147483648 -2147483648 -2147483648 -2147483648 -4 -9 8 -8 -2147483648 -2147483648 -2147483648 -2147483648 -2147483648 -2147483648 -2147483648 -2147483648 -2147483648 -2147483648 -2147483648 -2147483648 -2147483648 -2147483648 -2147483648 -2147483648 -2147483648 -2147483648 -2147483648 -2147483648 -2147483648 -2147483648 -2147483648 -2147483648 -2147483648 -2147483648 -2147483648 -2147483648 9 -10 -2147483648 -2147483648 -2147483648 -2147483648 -2147483648 -2147483648 -2147483648 -2147483648 -2147483648 -2147483648 -2147483648 -2147483648 -2147483648 -2147483648 -2147483648 -2147483648 -2147483648 -2147483648 -2147483648 -2147483648 -2147483648 -2147483648 -2147483648 -2147483648 -2147483648 -2147483648 -2147483648 -2147483648 -2147483648 -2147483648 -2147483648 -2147483648 -2147483648 -2147483648 -2147483648 -2147483648 -2147483648 -2147483648 -2147483648 -2147483648 -2147483648 -2147483648 -2147483648 -2147483648 -2147483648 -2147483648 -2147483648 -2147483648 -2147483648 -2147483648 -2147483648 -2147483648 -2147483648 -2147483648 -2147483648 -2147483648 -2147483648 -2147483648 10 -11 -2147483648 -2147483648 -2147483648 -2147483648 -2147483648 -2147483648 -2147483648 -2147483648 -2147483648 -2147483648 -2147483648 -2147483648 -2147483648 -2147483648 -2147483648 -2147483648 -2147483648 -2147483648 -2147483648 -2147483648 -2147483648 -2147483648 -2147483648 -2147483648 -2147483648 -2147483648 -2147483648 -2147483648 -2147483648 -2147483648 -2147483648 -2147483648 -2147483648 -2147483648 -2147483648 -2147483648 -2147483648 -2147483648 -2147483648 -2147483648 -2147483648 -2147483648 -2147483648 -2147483648 -2147483648 -2147483648 -2147483648 -2147483648 -2147483648 -2147483648 -2147483648 -2147483648 -2147483648 -2147483648 -2147483648 -2147483648 -2147483648 -2147483648 -2147483648 -2147483648 -2147483648 -2147483648 -2147483648 -2147483648 -2147483648 -2147483648 -2147483648 -2147483648 -2147483648 -2147483648 -2147483648 -2147483648 -2147483648 -2147483648 -2147483648 -2147483648 -2147483648 -2147483648 -2147483648 -2147483648 -2147483648 -2147483648 -2147483648 -2147483648 -2147483648 -2147483648 -2147483648 -2147483648 -2147483648 -2147483648 -2147483648 -2147483648 -2147483648 -2147483648 -2147483648 -2147483648 -2147483648 -2147483648 -2147483648 -2147483648 -2147483648 -2147483648 -2147483648 -2147483648 -2147483648 -2147483648 -2147483648 -2147483648 -2147483648 -2147483648 -2147483648 -2147483648 -2147483648 -2147483648 -2147483648 -2147483648 -2147483648 -2147483648 -5 -12 -2147483648 -2147483648 -2147483648 -2147483648 -2147483648 -2147483648 -2147483648 -2147483648 -2147483648 -2147483648 -2147483648 -2147483648 -2147483648 -2147483648
split_feature= 8 20 19 7 4 10 9 13 2 3 21 21 12
split_gain= 521.038 269.036 264.219 180.511 47.8058 40.2076 25.4921 18.584 10.1238 14.8371 24.555 0.336272 0.185388
threshold= 3.5000000000000004 3.5000000000000004 1.5000000000000002 1.0000000180025095e-35 4.5000000000000009 1.0000000180025095e-35 1.0000000180025095e-35 1.5000000000000002 4.5000000000000009 1.0000000180025095e-35 1.5000000000000002 4.5000000000000009 1.0000000180025095e-35
decision_type= 2 2 2 2 2 2 2 2 2 2 2 2 2
left_child=1 5 4 7 -2 -1 8 -4 9 10 -5 12 -3
right_child=2 11 3 6 -6 -7 -8 -9 -10 -11 -12 -13 -14
leaf_value= 0.12580350276737742 0.12580350276737742 -0.039945844864002544 0.12580350276737742 0.12745971611293014 -0.12369825373571018 -0.12369825373571018 -0.12369825373571018 -0.11819381206190138 0.13238625291556672 0.12546444069603629 -0.12890958568388616 -0.013323298565744893 0.12601727403311411
leaf_weight=9.456299960613249 83.313263446092606 4.1700583696365348 5.0542292892932883 8.2942234128713608 10.686567977070807 64.738919049501419 10.686567977070807 429.49374505877495 34.083735331892967 15.529734537005423 15.762830078601837 6.1978386640548697 346.83466555178165
leaf_count=58 511 17 31 50 69 418 69 2732 206 96 91 34 2117
model_size=1488
internal_value=0 0.0849322 -0.0600493 -0.0885783 0.0974384 -0.0918989 0.0493608 -0.115356 0.0744646 0.0245948 -0.0405204 0.121662 0.124046
internal_weight=0 431.398 612.905 518.905 93.9998 74.1952 84.3571 434.548 73.6705 39.5868 24.0571 357.203 351.005
internal_count=6499 2644 3855 3275 580 476 512 2763 443 237 141 2168 2134
is_linear=0
shrinkage=0.1


Tree=10
num_leaves= 14
num_cat= 0
full_tree_array_lgbids= 0 1 2 5 -3 4 3 -1 -7 -2147483648 -2147483648 -2 -6 7 6 -2147483648 -2147483648 -2147483648 -2147483648 -2147483648 -2147483648 -2147483648 -2147483648 -2147483648 -2147483648 -2147483648 -2147483648 -4 11 8 -8 -2147483648 -2147483648 -2147483648 -2147483648 -2147483648 -2147483648 -2147483648 -2147483648 -2147483648 -2147483648 -2147483648 -2147483648 -2147483648 -2147483648 -2147483648 -2147483648 -2147483648 -2147483648 -2147483648 -2147483648 -2147483648 -2147483648 -2147483648 -2147483648 -2147483648 -2147483648 -9 12 9 -10 -2147483648 -2147483648 -2147483648 -2147483648 -2147483648 -2147483648 -2147483648 -2147483648 -2147483648 -2147483648 -2147483648 -2147483648 -2147483648 -2147483648 -2147483648 -2147483648 -2147483648 -2147483648 -2147483648 -2147483648 -2147483648 -2147483648 -2147483648 -2147483648 -2147483648 -2147483648 -2147483648 -2147483648 -2147483648 -2147483648 -2147483648 -2147483648 -2147483648 -2147483648 -2147483648 -2147483648 -2147483648 -2147483648 -2147483648 -2147483648 -2147483648 -2147483648 -2147483648 -2147483648 -2147483648 -2147483648 -2147483648 -2147483648 -2147483648 -2147483648 -2147483648 -2147483648 -2147483648 -2147483648 -2147483648 -2147483648 -13 -14 10 -11 -2147483648 -2147483648 -2147483648 -2147483648 -2147483648 -2147483648 -2147483648 -2147483648 -2147483648 -2147483648 -2147483648 -2147483648 -2147483648 -2147483648 -2147483648 -2147483648 -2147483648 -2147483648 -2147483648 -2147483648 -2147483648 -2147483648 -2147483648 -2147483648 -2147483648 -2147483648 -2147483648 -2147483648 -2147483648 -2147483648 -2147483648 -2147483648 -2147483648 -2147483648 -2147483648 -2147483648 -2147483648 -2147483648 -2147483648 -2147483648 -2147483648 -2147483648 -2147483648 -2147483648 -2147483648 -2147483648 -2147483648 -2147483648 -2147483648 -2147483648 -2147483648 -2147483648 -2147483648 -2147483648 -2147483648 -2147483648 -2147483648 -2147483648 -2147483648 -2147483648 -2147483648 -2147483648 -2147483648 -2147483648 -2147483648 -2147483648 -2147483648 -2147483648 -2147483648 -2147483648 -2147483648 -2147483648 -2147483648 -2147483648 -2147483648 -2147483648 -2147483648 -2147483648 -2147483648 -2147483648 -2147483648 -2147483648 -2147483648 -2147483648 -2147483648 -2147483648 -2147483648 -2147483648 -2147483648 -2147483648 -2147483648 -2147483648 -2147483648 -2147483648 -2147483648 -2147483648 -2147483648 -2147483648 -2147483648 -2147483648 -2147483648 -2147483648 -2147483648 -2147483648 -2147483648 -2147483648 -2147483648 -2147483648 -2147483648 -2147483648 -2147483648 -2147483648 -2147483648 -2147483648 -2147483648 -2147483648 -2147483648 -2147483648 -5 -12 -2147483648 -2147483648 -2147483648 -2147483648 -2147483648 -2147483648 -2147483648 -2147483648 -2147483648 -2147483648 -2147483648 -2147483648 -2147483648 -2147483648
split_feature= 8 20 19 7 4 10 9 13 2 3 21 17 19
split_gain= 456.783 235.257 230.784 156.821 40.7656 34.1289 21.0736 14.8646 7.48306 11.6847 20.1786 1.05538 49.0658
threshold= 3.5000000000000004 3.5000000000000004 1.5000000000000002 1.0000000180025095e-35 4.5000000000000009 1.0000000180025095e-35 1.0000000180025095e-35 1.5000000000000002 4.5000000000000009 1.0000000180025095e-35 1.5000000000000002 1.5000000000000002 6.5000000000000009
decision_type= 2 2 2 2 2 2 2 2 2 2 2 2 2
left_child=1 5 4 7 -2 -1 8 -4 9 10 -5 -9 -13
right_child=2 -3 3 6 -6 -7 -8 11 -10 -11 -12 12 -14
leaf_value= 0.12275322415096231 0.12275322415096231 0.11840856715156432 0.12275322415096231 0.12421871817663142 -0.12094088198253522 -0.12094088198253522 -0.12094088198253522 -0.12134110835727691 0.12897213751883377 0.12246185597640435 -0.1254216217457749 0.16244217148995185 -0.12134110835727691
leaf_weight=8.7580039203166944 77.161034539341927 331.67817287147045 4.6810020953416815 7.690572753548623 9.8786517977714521 59.844586253166199 9.8786517977714521 350.62014216184616 31.61429126560688 14.378552004694937 14.638826429843903 9.2287957817316038 39.714724659919739
leaf_count=58 511 2168 31 50 69 418 69 2419 206 96 91 39 274
model_size=1488
internal_value=0 0.0827193 -0.0583863 -0.0860764 0.0950949 -0.0898302 0.0481164 -0.112036 0.0725602 0.0239761 -0.0394418 -0.114787 -0.0678309
internal_weight=0 400.281 569.485 482.446 87.0397 68.6026 78.2009 404.245 68.3222 36.708 22.3294 399.564 48.9435
internal_count=6499 2644 3855 3275 580 476 512 2763 443 237 141 2732 313
is_linear=0
shrinkage=0.1


Tree=11
num_leaves= 14
num_cat= 0
full_tree_array_lgbids= 0 1 2 5 11 4 3 -1 -7 12 -13 -2 -6 7 6 -2147483648 -2147483648 -2147483648 -2147483648 -3 -14 -2147483648 -2147483648 -2147483648 -2147483648 -2147483648 -2147483648 -4 -9 8 -8 -2147483648 -2147483648 -2147483648 -2147483648 -2147483648 -2147483648 -2147483648 -2147483648 -2147483648 -2147483648 -2147483648 -2147483648 -2147483648 -2147483648 -2147483648 -2147483648 -2147483648 -2147483648 -2147483648 -2147483648 -2147483648 -2147483648 -2147483648 -2147483648 -2147483648 -2147483648 -2147483648 -2147483648 9 -10 -2147483648 -2147483648 -2147483648 -2147483648 -2147483648 -2147483648 -2147483648 -2147483648 -2147483648 -2147483648 -2147483648 -2147483648 -2147483648 -2147483648 -2147483648 -2147483648 -2147483648 -2147483648 -2147483648 -2147483648 -2147483648 -2147483648 -2147483648 -2147483648 -2147483648 -2147483648 -2147483648 -2147483648 -2147483648 -2147483648 -2147483648 -2147483648 -2147483648 -2147483648 -2147483648 -2147483648 -2147483648 -2147483648 -2147483648 -2147483648 -2147483648 -2147483648 -2147483648 -2147483648 -2147483648 -2147483648 -2147483648 -2147483648 -2147483648 -2147483648 -2147483648 -2147483648 -2147483648 -2147483648 -2147483648 -2147483648 -2147483648 -2147483648 10 -11 -2147483648 -2147483648 -2147483648 -2147483648 -2147483648 -2147483648 -2147483648 -2147483648 -2147483648 -2147483648 -2147483648 -2147483648 -2147483648 -2147483648 -2147483648 -2147483648 -2147483648 -2147483648 -2147483648 -2147483648 -2147483648 -2147483648 -2147483648 -2147483648 -2147483648 -2147483648 -2147483648 -2147483648 -2147483648 -2147483648 -2147483648 -2147483648 -2147483648 -2147483648 -2147483648 -2147483648 -2147483648 -2147483648 -2147483648 -2147483648 -2147483648 -2147483648 -2147483648 -2147483648 -2147483648 -2147483648 -2147483648 -2147483648 -2147483648 -2147483648 -2147483648 -2147483648 -2147483648 -2147483648 -2147483648 -2147483648 -2147483648 -2147483648 -2147483648 -2147483648 -2147483648 -2147483648 -2147483648 -2147483648 -2147483648 -2147483648 -2147483648 -2147483648 -2147483648 -2147483648 -2147483648 -2147483648 -2147483648 -2147483648 -2147483648 -2147483648 -2147483648 -2147483648 -2147483648 -2147483648 -2147483648 -2147483648 -2147483648 -2147483648 -2147483648 -2147483648 -2147483648 -2147483648 -2147483648 -2147483648 -2147483648 -2147483648 -2147483648 -2147483648 -2147483648 -2147483648 -2147483648 -2147483648 -2147483648 -2147483648 -2147483648 -2147483648 -2147483648 -2147483648 -2147483648 -2147483648 -2147483648 -2147483648 -2147483648 -2147483648 -2147483648 -2147483648 -2147483648 -2147483648 -2147483648 -2147483648 -2147483648 -2147483648 -5 -12 -2147483648 -2147483648 -2147483648 -2147483648 -2147483648 -2147483648 -2147483648 -2147483648 -2147483648 -2147483648 -2147483648 -2147483648 -2147483648 -2147483648
split_feature= 8 20 19 7 4 10 9 13 2 3 21 21 12
split_gain= 401.582 205.568 202.824 137.465 34.6995 28.8778 17.2682 11.7904 5.21335 8.96548 16.4207 0.863499 0.25217
threshold= 3.5000000000000004 3.5000000000000004 1.5000000000000002 1.0000000180025095e-35 4.5000000000000009 1.0000000180025095e-35 1.0000000180025095e-35 1.5000000000000002 4.5000000000000009 1.0000000180025095e-35 1.5000000000000002 4.5000000000000009 1.0000000180025095e-35
decision_type= 2 2 2 2 2 2 2 2 2 2 2 2 2
left_child=1 5 4 7 -2 -1 8 -4 9 10 -5 12 -3
right_child=2 11 3 6 -6 -7 -8 -9 -10 -11 -12 -13 -14
leaf_value= 0.120124818310304 0.120124818310304 -0.048335376166179687 0.120124818310304 0.12142695877444346 -0.11855542649094364 -0.11855542649094364 -0.11855542649094364 -0.11238922153175737 0.12601270279521326 0.11987289096037992 -0.12243188940319508 -0.023946967714001652 0.12037553410770672
leaf_weight=8.0889927148818952 71.26681512594223 4.119223177433013 4.3234271407127371 7.1104251146316555 9.1091340333223325 55.18286994099617 9.1091340333223325 368.89293165504932 29.242860659956932 13.276705518364905 13.552444145083426 6.1600155532360068 297.68258871138096
leaf_count=58 511 17 31 50 69 418 69 2732 206 96 91 34 2117
model_size=1488
internal_value=0 0.0805868 -0.0571582 -0.0842623 0.0930748 -0.0880413 0.0470414 -0.109696 0.0709158 0.0234435 -0.0385161 0.115232 0.118073
internal_weight=0 371.234 525.884 445.508 80.3759 63.2719 72.2916 373.216 63.1824 33.9396 20.6629 307.962 301.802
internal_count=6499 2644 3855 3275 580 476 512 2763 443 237 141 2168 2134
is_linear=0
shrinkage=0.1


Tree=12
num_leaves= 14
num_cat= 0
full_tree_array_lgbids= 0 1 2 5 -3 4 3 -1 -7 -2147483648 -2147483648 -2 -6 7 6 -2147483648 -2147483648 -2147483648 -2147483648 -2147483648 -2147483648 -2147483648 -2147483648 -2147483648 -2147483648 -2147483648 -2147483648 -4 11 8 -8 -2147483648 -2147483648 -2147483648 -2147483648 -2147483648 -2147483648 -2147483648 -2147483648 -2147483648 -2147483648 -2147483648 -2147483648 -2147483648 -2147483648 -2147483648 -2147483648 -2147483648 -2147483648 -2147483648 -2147483648 -2147483648 -2147483648 -2147483648 -2147483648 -2147483648 -2147483648 -9 12 9 -10 -2147483648 -2147483648 -2147483648 -2147483648 -2147483648 -2147483648 -2147483648 -2147483648 -2147483648 -2147483648 -2147483648 -2147483648 -2147483648 -2147483648 -2147483648 -2147483648 -2147483648 -2147483648 -2147483648 -2147483648 -2147483648 -2147483648 -2147483648 -2147483648 -2147483648 -2147483648 -2147483648 -2147483648 -2147483648 -2147483648 -2147483648 -2147483648 -2147483648 -2147483648 -2147483648 -2147483648 -2147483648 -2147483648 -2147483648 -2147483648 -2147483648 -2147483648 -2147483648 -2147483648 -2147483648 -2147483648 -2147483648 -2147483648 -2147483648 -2147483648 -2147483648 -2147483648 -2147483648 -2147483648 -2147483648 -2147483648 -13 -14 10 -11 -2147483648 -2147483648 -2147483648 -2147483648 -2147483648 -2147483648 -2147483648 -2147483648 -2147483648 -2147483648 -2147483648 -2147483648 -2147483648 -2147483648 -2147483648 -2147483648 -2147483648 -2147483648 -2147483648 -2147483648 -2147483648 -2147483648 -2147483648 -2147483648 -2147483648 -2147483648 -2147483648 -2147483648 -2147483648 -2147483648 -2147483648 -2147483648 -2147483648 -2147483648 -2147483648 -2147483648 -2147483648 -2147483648 -2147483648 -2147483648 -2147483648 -2147483648 -2147483648 -2147483648 -2147483648 -2147483648 -2147483648 -2147483648 -2147483648 -2147483648 -2147483648 -2147483648 -2147483648 -2147483648 -2147483648 -2147483648 -2147483648 -2147483648 -2147483648 -2147483648 -2147483648 -2147483648 -2147483648 -2147483648 -2147483648 -2147483648 -2147483648 -2147483648 -2147483648 -2147483648 -2147483648 -2147483648 -2147483648 -2147483648 -2147483648 -2147483648 -2147483648 -2147483648 -2147483648 -2147483648 -2147483648 -2147483648 -2147483648 -2147483648 -2147483648 -2147483648 -2147483648 -2147483648 -2147483648 -2147483648 -2147483648 -2147483648 -2147483648 -2147483648 -2147483648 -2147483648 -2147483648 -2147483648 -2147483648 -2147483648 -2147483648 -2147483648 -2147483648 -2147483648 -2147483648 -2147483648 -2147483648 -2147483648 -2147483648 -2147483648 -2147483648 -2147483648 -2147483648 -2147483648 -2147483648 -2147483648 -2147483648 -2147483648 -5 -12 -2147483648 -2147483648 -2147483648 -2147483648 -2147483648 -2147483648 -2147483648 -2147483648 -2147483648 -2147483648 -2147483648 -2147483648 -2147483648 -2147483648
split_feature= 8 20 19 7 4 10 9 13 2 3 21 17 19
split_gain= 353.435 180.38 177.639 119.495 29.4226 24.2969 13.9516 8.96797 3.23021 6.59175 13.1587 1.51325 43.4463
threshold= 3.5000000000000004 3.5000000000000004 1.5000000000000002 1.0000000180025095e-35 4.5000000000000009 1.0000000180025095e-35 1.0000000180025095e-35 1.5000000000000002 4.5000000000000009 1.0000000180025095e-35 1.5000000000000002 1.5000000000000002 6.5000000000000009
decision_type= 2 2 2 2 2 2 2 2 2 2 2 2 2
left_child=1 5 4 7 -2 -1 8 -4 9 10 -5 -9 -13
right_child=2 -3 3 6 -6 -7 -8 11 -10 -11 -12 12 -14
leaf_value= 0.11784687452276783 0.11784687452276783 0.11268860008620692 0.11784687452276783 0.11900772745051842 -0.11648097729749039 -0.11648097729749039 -0.11648097729749039 -0.11689308190427566 0.12342596434934586 0.11762791651266838 -0.11985247040716887 0.15939368860023354 -0.11689308190427566
leaf_weight=7.4533958137035361 65.666987255215645 284.67530158162117 3.9837115556001654 6.5578101873397854 8.3815043270587903 50.774910271167755 8.3815043270587903 299.06618381291628 26.98596753180027 12.230701446533205 12.513022288680075 9.1172246038913709 33.87521056830883
leaf_count=58 511 2168 31 50 69 418 69 2419 206 96 91 39 274
model_size=1488
internal_value=0 0.0788668 -0.0557968 -0.082193 0.0913234 -0.0864863 0.0461064 -0.106911 0.0694858 0.0229824 -0.0377166 -0.109529 -0.0583021
internal_weight=0 342.904 486.76 412.711 74.0485 58.2283 66.669 346.042 58.2875 31.3015 19.0708 342.059 42.9924
internal_count=6499 2644 3855 3275 580 476 512 2763 443 237 141 2732 313
is_linear=0
shrinkage=0.1


Tree=13
num_leaves= 15
num_cat= 0
full_tree_array_lgbids= 0 1 2 5 10 4 3 -1 -7 11 -12 -2 -6 7 6 -2147483648 -2147483648 -2147483648 -2147483648 -3 -13 -2147483648 -2147483648 -2147483648 -2147483648 -2147483648 -2147483648 -4 12 8 -8 -2147483648 -2147483648 -2147483648 -2147483648 -2147483648 -2147483648 -2147483648 -2147483648 -2147483648 -2147483648 -2147483648 -2147483648 -2147483648 -2147483648 -2147483648 -2147483648 -2147483648 -2147483648 -2147483648 -2147483648 -2147483648 -2147483648 -2147483648 -2147483648 -2147483648 -2147483648 -9 13 9 -10 -2147483648 -2147483648 -2147483648 -2147483648 -2147483648 -2147483648 -2147483648 -2147483648 -2147483648 -2147483648 -2147483648 -2147483648 -2147483648 -2147483648 -2147483648 -2147483648 -2147483648 -2147483648 -2147483648 -2147483648 -2147483648 -2147483648 -2147483648 -2147483648 -2147483648 -2147483648 -2147483648 -2147483648 -2147483648 -2147483648 -2147483648 -2147483648 -2147483648 -2147483648 -2147483648 -2147483648 -2147483648 -2147483648 -2147483648 -2147483648 -2147483648 -2147483648 -2147483648 -2147483648 -2147483648 -2147483648 -2147483648 -2147483648 -2147483648 -2147483648 -2147483648 -2147483648 -2147483648 -2147483648 -2147483648 -2147483648 -14 -15 -5 -11 -2147483648 -2147483648 -2147483648 -2147483648 -2147483648 -2147483648
split_feature= 8 20 19 7 4 10 9 13 1 21 21 12 17 19
split_gain= 311.668 157.868 156.543 104.888 24.8224 20.2953 11.0596 6.63358 1.50404 11.2862 1.35992 0.32414 0.264034 36.5441
threshold= 3.5000000000000004 3.5000000000000004 1.5000000000000002 1.0000000180025095e-35 4.5000000000000009 1.0000000180025095e-35 1.0000000180025095e-35 1.5000000000000002 1.0000000180025095e-35 1.5000000000000002 4.5000000000000009 1.0000000180025095e-35 1.5000000000000002 6.5000000000000009
decision_type= 2 2 2 2 2 2 2 2 2 2 2 2 2 2
left_child=1 5 4 7 -2 -1 8 -4 9 -5 11 -3 -9 -14
right_child=2 10 3 6 -6 -7 -8 12 -10 -11 -12 -13 13 -15
leaf_value= 0.11586288176687953 0.11586288176687953 -0.055409100100035427 0.11586288176687953 0.11558628598575962 -0.11466884050498732 -0.11466884050498732 -0.11466884050498732 -0.11502944324603932 0.10153228131006456 -0.11671686253213998 -0.032998186384835905 0.11613951846254721 0.15064265810746269 -0.11502944324603932
leaf_weight=6.8536426723003379 60.382955268025398 4.068915143609046 3.6631538420915595 8.1658513247966784 7.6975774168968192 46.631700873374939 7.6975774168968192 274.76466281712055 36.780994139611721 8.7125637233257276 6.1219794750213614 253.30944187939167 8.7033242136239988 31.122578591108322
leaf_count=58 511 17 31 70 69 418 69 2419 302 71 34 2117 39 274
model_size=1600
internal_value=0 0.077097 -0.0548555 -0.080798 0.0897976 -0.0851284 0.0452881 -0.105106 0.0682344 -0.00432758 0.110026 0.113427 -0.107679 -0.056971
internal_weight=0 316.986 447.691 379.611 68.0805 53.4853 61.357 318.254 53.6594 16.8784 263.5 257.378 314.591 39.8259
internal_count=6499 2644 3855 3275 580 476 512 2763 443 141 2168 2134 2732 313
is_linear=0
shrinkage=0.1


Tree=14
num_leaves= 15
num_cat= 0
full_tree_array_lgbids= 0 1 2 5 13 4 3 -1 -7 -3 -15 -2 -6 7 6 -2147483648 -2147483648 -2147483648 -2147483648 -2147483648 -2147483648 -2147483648 -2147483648 -2147483648 -2147483648 -2147483648 -2147483648 -4 8 10 -8 -2147483648 -2147483648 -2147483648 -2147483648 -2147483648 -2147483648 -2147483648 -2147483648 -2147483648 -2147483648 -2147483648 -2147483648 -2147483648 -2147483648 -2147483648 -2147483648 -2147483648 -2147483648 -2147483648 -2147483648 -2147483648 -2147483648 -2147483648 -2147483648 -2147483648 -2147483648 -9 9 11 -12 -2147483648 -2147483648 -2147483648 -2147483648 -2147483648 -2147483648 -2147483648 -2147483648 -2147483648 -2147483648 -2147483648 -2147483648 -2147483648 -2147483648 -2147483648 -2147483648 -2147483648 -2147483648 -2147483648 -2147483648 -2147483648 -2147483648 -2147483648 -2147483648 -2147483648 -2147483648 -2147483648 -2147483648 -2147483648 -2147483648 -2147483648 -2147483648 -2147483648 -2147483648 -2147483648 -2147483648 -2147483648 -2147483648 -2147483648 -2147483648 -2147483648 -2147483648 -2147483648 -2147483648 -2147483648 -2147483648 -2147483648 -2147483648 -2147483648 -2147483648 -2147483648 -2147483648 -2147483648 -2147483648 -2147483648 -2147483648 -10 -11 12 -13 -2147483648 -2147483648 -2147483648 -2147483648 -2147483648 -2147483648 -2147483648 -2147483648 -2147483648 -2147483648 -2147483648 -2147483648 -2147483648 -2147483648 -2147483648 -2147483648 -2147483648 -2147483648 -2147483648 -2147483648 -2147483648 -2147483648 -2147483648 -2147483648 -2147483648 -2147483648 -2147483648 -2147483648 -2147483648 -2147483648 -2147483648 -2147483648 -2147483648 -2147483648 -2147483648 -2147483648 -2147483648 -2147483648 -2147483648 -2147483648 -2147483648 -2147483648 -2147483648 -2147483648 -2147483648 -2147483648 -2147483648 -2147483648 -2147483648 -2147483648 -2147483648 -2147483648 -2147483648 -2147483648 -2147483648 -2147483648 -2147483648 -2147483648 -2147483648 -2147483648 -2147483648 -2147483648 -2147483648 -2147483648 -2147483648 -2147483648 -2147483648 -2147483648 -2147483648 -2147483648 -2147483648 -2147483648 -2147483648 -2147483648 -2147483648 -2147483648 -2147483648 -2147483648 -2147483648 -2147483648 -2147483648 -2147483648 -2147483648 -2147483648 -2147483648 -2147483648 -2147483648 -2147483648 -2147483648 -2147483648 -2147483648 -2147483648 -2147483648 -2147483648 -2147483648 -2147483648 -2147483648 -2147483648 -2147483648 -2147483648 -2147483648 -2147483648 -2147483648 -2147483648 -2147483648 -2147483648 -2147483648 -2147483648 -2147483648 -2147483648 -2147483648 -2147483648 -2147483648 -2147483648 -2147483648 -2147483648 -2147483648 -2147483648 -5 -14 -2147483648 -2147483648 -2147483648 -2147483648 -2147483648 -2147483648 -2147483648 -2147483648 -2147483648 -2147483648 -2147483648 -2147483648 -2147483648 -2147483648
split_feature= 8 20 19 7 4 10 9 19 19 4 2 3 21 21
split_gain= 275.556 138.722 137.815 92.3476 20.7804 16.771 8.28974 4.5951 25.5462 4.21303 0.726541 3.45461 8.40674 0.378197
threshold= 3.5000000000000004 3.5000000000000004 1.5000000000000002 1.0000000180025095e-35 4.5000000000000009 1.0000000180025095e-35 1.0000000180025095e-35 4.5000000000000009 6.5000000000000009 4.5000000000000009 4.5000000000000009 1.0000000180025095e-35 1.5000000000000002 4.5000000000000009
decision_type= 2 2 2 2 2 2 2 2 2 2 2 2 2 2
left_child=1 5 4 7 -2 -1 10 -4 -9 -10 11 12 -5 -3
right_child=2 13 3 6 -6 -7 -8 8 9 -11 -12 -13 -14 -15
leaf_value= 0.11412744279391081 0.11412744279391081 0.11152569048290713 -0.11339634826177347 0.11519290284037027 -0.11307963800542431 -0.11307963800542431 -0.11307963800542431 0.14356053617353864 0.11412744279391081 -0.11339634826177347 0.11941555077797883 0.11415862132162478 -0.11697667565706803 -0.029622600422171064
leaf_weight=6.2908793091773978 55.424815982580185 236.68053922057152 248.36737751960754 5.5772668570280102 7.0579090341925612 42.756608352065086 7.0579090341925612 8.2430455237627012 3.3623665273189536 32.191912606358528 23.117535702884197 10.429768942296507 11.008264876902102 6.1368049085140219
leaf_count=58 511 2134 2384 50 69 418 69 39 31 309 206 96 91 34
model_size=1600
internal_value=0 0.0757105 -0.0539338 -0.0794016 0.0884626 -0.0839378 0.0438513 -0.103528 -0.0475675 -0.0918794 0.0659447 0.0201885 -0.0389043 0.107958
internal_weight=0 291.865 411.838 349.355 62.4827 49.0475 57.1907 292.165 43.7973 35.5543 50.1328 27.0153 16.5855 242.817
internal_count=6499 2644 3855 3275 580 476 512 2763 379 340 443 237 141 2168
is_linear=0
shrinkage=0.1


Tree=15
num_leaves= 11
num_cat= 0
full_tree_array_lgbids= 0 1 2 5 -3 4 3 -1 -7 -2147483648 -2147483648 -2 -6 7 6 -2147483648 -2147483648 -2147483648 -2147483648 -2147483648 -2147483648 -2147483648 -2147483648 -2147483648 -2147483648 -2147483648 -2147483648 -4 8 -5 -8 -2147483648 -2147483648 -2147483648 -2147483648 -2147483648 -2147483648 -2147483648 -2147483648 -2147483648 -2147483648 -2147483648 -2147483648 -2147483648 -2147483648 -2147483648 -2147483648 -2147483648 -2147483648 -2147483648 -2147483648 -2147483648 -2147483648 -2147483648 -2147483648 -2147483648 -2147483648 -9 9 -2147483648 -2147483648 -2147483648 -2147483648 -2147483648 -2147483648 -2147483648 -2147483648 -2147483648 -2147483648 -2147483648 -2147483648 -2147483648 -2147483648 -2147483648 -2147483648 -2147483648 -2147483648 -2147483648 -2147483648 -2147483648 -2147483648 -2147483648 -2147483648 -2147483648 -2147483648 -2147483648 -2147483648 -2147483648 -2147483648 -2147483648 -2147483648 -2147483648 -2147483648 -2147483648 -2147483648 -2147483648 -2147483648 -2147483648 -2147483648 -2147483648 -2147483648 -2147483648 -2147483648 -2147483648 -2147483648 -2147483648 -2147483648 -2147483648 -2147483648 -2147483648 -2147483648 -2147483648 -2147483648 -2147483648 -2147483648 -2147483648 -2147483648 -10 -11 -2147483648 -2147483648 -2147483648 -2147483648 -2147483648 -2147483648 -2147483648 -2147483648
split_feature= 8 20 19 7 4 10 9 19 19 4
split_gain= 243.756 121.68 121.604 81.0777 17.213 13.6537 6.05601 2.93507 21.0706 2.44398
threshold= 3.5000000000000004 3.5000000000000004 1.5000000000000002 1.0000000180025095e-35 4.5000000000000009 1.0000000180025095e-35 1.0000000180025095e-35 4.5000000000000009 6.5000000000000009 4.5000000000000009
decision_type= 2 2 2 2 2 2 2 2 2 2
left_child=1 5 4 7 -2 -1 -5 -4 -9 -10
right_child=2 -3 3 6 -6 -7 -8 8 9 -11
leaf_value= 0.11260371998545887 0.11260371998545887 0.10588670802622016 -0.11196021313055711 0.064964229335730303 -0.11168115789146256 -0.11168115789146256 -0.11168115789146256 0.1377351133432195 0.11260371998545887 -0.11196021313055711
leaf_weight=5.7652898132801047 50.794191285967827 223.82128493487835 227.46670424938202 46.013196006417274 6.4621228650212279 39.147353008389473 6.4621228650212279 7.7574846893548957 3.0814480036497107 29.482890777289867
leaf_count=58 511 2168 2384 443 69 418 69 39 31 309
model_size=1152
internal_value=0 0.074337 -0.0532084 -0.0783265 0.0872902 -0.0828904 0.0432111 -0.102143 -0.04676 -0.0907105
internal_weight=0 268.734 377.52 320.264 57.2563 44.9126 52.4753 267.789 40.3218 32.5643
internal_count=6499 2644 3855 3275 580 476 512 2763 379 340
is_linear=0
shrinkage=0.1


Tree=16
num_leaves= 16
num_cat= 0
full_tree_array_lgbids= 0 2 1 5 10 4 3 -1 -7 11 -12 -2 -6 7 6 -2147483648 -2147483648 -2147483648 -2147483648 -4 -13 -2147483648 -2147483648 -2147483648 -2147483648 -2147483648 -2147483648 -3 8 12 -8 -2147483648 -2147483648 -2147483648 -2147483648 -2147483648 -2147483648 -2147483648 -2147483648 -2147483648 -2147483648 -2147483648 -2147483648 -2147483648 -2147483648 -2147483648 -2147483648 -2147483648 -2147483648 -2147483648 -2147483648 -2147483648 -2147483648 -2147483648 -2147483648 -2147483648 -2147483648 -9 9 13 -14 -2147483648 -2147483648 -2147483648 -2147483648 -2147483648 -2147483648 -2147483648 -2147483648 -2147483648 -2147483648 -2147483648 -2147483648 -2147483648 -2147483648 -2147483648 -2147483648 -2147483648 -2147483648 -2147483648 -2147483648 -2147483648 -2147483648 -2147483648 -2147483648 -2147483648 -2147483648 -2147483648 -2147483648 -2147483648 -2147483648 -2147483648 -2147483648 -2147483648 -2147483648 -2147483648 -2147483648 -2147483648 -2147483648 -2147483648 -2147483648 -2147483648 -2147483648 -2147483648 -2147483648 -2147483648 -2147483648 -2147483648 -2147483648 -2147483648 -2147483648 -2147483648 -2147483648 -2147483648 -2147483648 -2147483648 -2147483648 -10 -11 14 -15 -2147483648 -2147483648 -2147483648 -2147483648 -2147483648 -2147483648 -2147483648 -2147483648 -2147483648 -2147483648 -2147483648 -2147483648 -2147483648 -2147483648 -2147483648 -2147483648 -2147483648 -2147483648 -2147483648 -2147483648 -2147483648 -2147483648 -2147483648 -2147483648 -2147483648 -2147483648 -2147483648 -2147483648 -2147483648 -2147483648 -2147483648 -2147483648 -2147483648 -2147483648 -2147483648 -2147483648 -2147483648 -2147483648 -2147483648 -2147483648 -2147483648 -2147483648 -2147483648 -2147483648 -2147483648 -2147483648 -2147483648 -2147483648 -2147483648 -2147483648 -2147483648 -2147483648 -2147483648 -2147483648 -2147483648 -2147483648 -2147483648 -2147483648 -2147483648 -2147483648 -2147483648 -2147483648 -2147483648 -2147483648 -2147483648 -2147483648 -2147483648 -2147483648 -2147483648 -2147483648 -2147483648 -2147483648 -2147483648 -2147483648 -2147483648 -2147483648 -2147483648 -2147483648 -2147483648 -2147483648 -2147483648 -2147483648 -2147483648 -2147483648 -2147483648 -2147483648 -2147483648 -2147483648 -2147483648 -2147483648 -2147483648 -2147483648 -2147483648 -2147483648 -2147483648 -2147483648 -2147483648 -2147483648 -2147483648 -2147483648 -2147483648 -2147483648 -2147483648 -2147483648 -2147483648 -2147483648 -2147483648 -2147483648 -2147483648 -2147483648 -2147483648 -2147483648 -2147483648 -2147483648 -2147483648 -2147483648 -2147483648 -2147483648 -5 -16 -2147483648 -2147483648 -2147483648 -2147483648 -2147483648 -2147483648 -2147483648 -2147483648 -2147483648 -2147483648 -2147483648 -2147483648 -2147483648 -2147483648
split_feature= 8 19 20 7 4 10 9 19 19 4 21 12 2 3 21
split_gain= 214.771 106.56 106.378 72.0778 14.0985 10.9321 3.52079 1.46832 17.2491 0.90581 0.843424 1.559 0.122557 2.25509 5.79565
threshold= 3.5000000000000004 1.5000000000000002 3.5000000000000004 1.0000000180025095e-35 4.5000000000000009 1.0000000180025095e-35 1.0000000180025095e-35 4.5000000000000009 6.5000000000000009 4.5000000000000009 4.5000000000000009 1.0000000180025095e-35 4.5000000000000009 1.0000000180025095e-35 1.5000000000000002
decision_type= 2 2 2 2 2 2 2 2 2 2 2 2 2 2 2
left_child=2 4 5 7 -2 -1 12 -3 -9 -10 11 -4 13 14 -5
right_child=1 3 10 6 -6 -7 -8 8 9 -11 -12 -13 -14 -15 -16
leaf_value= 0.11126147420147421 0.11126147420147421 -0.11069338712940853 -0.074192733817914552 0.11271436730867013 -0.11044680992112868 -0.11044680992112868 -0.11044680992112868 0.13287971260577811 0.11126147420147406 -0.11069338712940853 -0.037444243115879988 0.11156194193644736 0.11666589396733439 0.11183665200061332 -0.11612436183926558
leaf_weight=5.2763521671295157 46.48648202419281 208.05503487586975 3.9107542037963858 4.8661170601844796 5.9091660529375067 35.797556668519974 5.9091660529375067 7.2623186856508246 2.8201192617416408 26.966864839196205 6.1012654304504386 196.6615881472826 20.239459738135338 9.085142083466053 10.605058766901491
leaf_count=58 511 2384 17 50 69 418 69 39 31 309 34 2117 206 96 91
model_size=1712
internal_value=0 -0.0521976 0.0728753 -0.0767216 0.0862573 -0.0819662 0.040265 -0.100923 -0.046054 -0.0896795 0.103648 0.10794 0.0601459 0.0135618 -0.0441482
internal_weight=0 348.205 247.748 295.809 52.3956 41.0739 50.7049 245.104 37.0493 29.787 206.674 200.572 44.7958 24.5563 15.4712
internal_count=6499 3855 2644 3275 580 476 512 2763 379 340 2168 2134 443 237 141
is_linear=0
shrinkage=0.1


Tree=17
num_leaves= 10
num_cat= 0
full_tree_array_lgbids= 0 2 1 5 -4 4 3 -1 -7 -2147483648 -2147483648 -2 -6 7 6 -2147483648 -2147483648 -2147483648 -2147483648 -2147483648 -2147483648 -2147483648 -2147483648 -2147483648 -2147483648 -2147483648 -2147483648 -3 8 -5 -8 -2147483648 -2147483648 -2147483648 -2147483648 -2147483648 -2147483648 -2147483648 -2147483648 -2147483648 -2147483648 -2147483648 -2147483648 -2147483648 -2147483648 -2147483648 -2147483648 -2147483648 -2147483648 -2147483648 -2147483648 -2147483648 -2147483648 -2147483648 -2147483648 -2147483648 -2147483648 -9 -10 -2147483648 -2147483648 -2147483648 -2147483648
split_feature= 8 19 20 7 4 10 9 19 19
split_gain= 190.346 93.9913 93.3447 63.2007 11.2941 8.47198 1.81303 0.0942836 13.8914
threshold= 3.5000000000000004 1.5000000000000002 3.5000000000000004 1.0000000180025095e-35 4.5000000000000009 1.0000000180025095e-35 1.0000000180025095e-35 4.5000000000000009 6.5000000000000009
decision_type= 2 2 2 2 2 2 2 2 2
left_child=2 4 5 7 -2 -1 -5 -3 -9
right_child=1 3 -4 6 -6 -7 -8 8 -10
leaf_value= 0.1100756958889617 0.1100756958889617 -0.10957285994285862 0.10201312104540171 0.059363116327894677 -0.10935442392955622 -0.10935442392955622 -0.10935442392955622 0.12878849914039744 -0.088767707332270795
leaf_weight=4.8230335712432852 42.492588877677917 190.08245766162872 189.92191849648952 41.043601013720036 5.397508665919303 32.697951048612595 5.397508665919303 6.7690785974264136 27.215193815529346
leaf_count=58 511 2384 2168 443 69 418 69 39 340
model_size=1040
internal_value=0 -0.0516289 0.0717972 -0.0758784 0.0853446 -0.0811484 0.0397543 -0.0998449 -0.0454343
internal_weight=0 318.398 227.443 270.508 47.8901 37.521 46.4411 224.067 33.9843
internal_count=6499 3855 2644 3275 580 476 512 2763 379
is_linear=0
shrinkage=0.1


Tree=18
num_leaves= 12
num_cat= 0
full_tree_array_lgbids= 0 2 1 5 8 4 3 -1 -7 9 -10 -2 -6 10 6 -2147483648 -2147483648 -2147483648 -2147483648 -4 -11 -2147483648 -2147483648 -2147483648 -2147483648 -2147483648 -2147483648 -3 -12 7 -8 -2147483648 -2147483648 -2147483648 -2147483648 -2147483648 -2147483648 -2147483648 -2147483648 -2147483648 -2147483648 -2147483648 -2147483648 -2147483648 -2147483648 -2147483648 -2147483648 -2147483648 -2147483648 -2147483648 -2147483648 -2147483648 -2147483648 -2147483648 -2147483648 -2147483648 -2147483648 -2147483648 -2147483648 -5 -9 -2147483648 -2147483648
split_feature= 8 19 20 7 4 10 4 20 21 12 13
split_gain= 167.316 81.9211 81.3175 55.8624 8.83797 6.31874 1.57486 2.36769 1.2157 1.41608 0.501903
threshold= 3.5000000000000004 1.5000000000000002 3.5000000000000004 1.0000000180025095e-35 4.5000000000000009 1.0000000180025095e-35 5.5000000000000009 3.5000000000000004 4.5000000000000009 1.0000000180025095e-35 1.5000000000000002
decision_type= 2 2 2 2 2 2 2 2 2 2 2
left_child=2 4 5 10 -2 -1 7 -5 9 -4 -3
right_child=1 3 8 6 -6 -7 -8 -9 -10 -11 -12
leaf_value= 0.10902547451640709 0.10902547451640709 0.11101099175449557 -0.077584805494991971 0.12148439270495026 -0.10838542814819269 -0.10838542814819269 0.10979672997903721 -0.043204585998402253 -0.044127559632069324 0.10933848146712849 -0.10134479897188098
leaf_weight=4.4039455801248542 38.800279162824154 2.7698497697710982 3.8794469237327567 6.8731588423252132 4.9252953529357901 29.837296485900879 16.167473062872887 21.946153216063976 6.0675320327281943 165.36786473542452 202.65597819536924
leaf_count=58 511 31 17 72 69 418 199 241 34 2117 2732
model_size=1264
internal_value=0 -0.0505623 0.0704277 -0.0741524 0.0845361 -0.0804231 0.0369429 -0.00392768 0.0998908 0.105054 -0.0984815
internal_weight=0 294.138 209.556 250.413 43.7256 34.2412 44.9868 28.8193 175.315 169.247 205.426
internal_count=6499 3855 2644 3275 580 476 512 313 2168 2134 2763
is_linear=0
shrinkage=0.1


Tree=19
num_leaves= 13
num_cat= 0
full_tree_array_lgbids= 0 1 2 5 10 4 3 -1 -7 11 -12 -2 -6 6 8 -2147483648 -2147483648 -2147483648 -2147483648 -3 -13 -2147483648 -2147483648 -2147483648 -2147483648 -2147483648 -2147483648 -4 7 9 -10 -2147483648 -2147483648 -2147483648 -2147483648 -2147483648 -2147483648 -2147483648 -2147483648 -2147483648 -2147483648 -2147483648 -2147483648 -2147483648 -2147483648 -2147483648 -2147483648 -2147483648 -2147483648 -2147483648 -2147483648 -2147483648 -2147483648 -2147483648 -2147483648 -2147483648 -2147483648 -8 -9 -5 -11 -2147483648 -2147483648
split_feature= 8 20 19 7 4 10 19 19 4 20 21 12
split_gain= 147.223 71.1306 71.0387 48.6859 6.61994 4.36784 0.591571 11.5516 0.28559 0.446747 0.145575 0.143248
threshold= 3.5000000000000004 3.5000000000000004 1.5000000000000002 1.0000000180025095e-35 4.5000000000000009 1.0000000180025095e-35 4.5000000000000009 6.5000000000000009 5.5000000000000009 3.5000000000000004 4.5000000000000009 1.0000000180025095e-35
decision_type= 2 2 2 2 2 2 2 2 2 2 2 2
left_child=1 5 4 6 -2 -1 -4 -8 9 -5 11 -3
right_child=2 10 3 8 -6 -7 7 -9 -10 -11 -12 -13
leaf_value= 0.10809320877587317 0.10809320877587328 -0.068255265848108218 -0.1077524911488492 0.1195660382257713 -0.1075240907530273 -0.1075240907530273 0.12800919298859822 -0.084491960515263101 0.10877807955990544 -0.039369308439361719 -0.039553472596360925 0.10837125996988586
leaf_weight=4.0174633711576488 35.395237632095814 3.963857874274253 159.18165695667267 6.3137688338756588 4.4904651269316664 27.203107580542564 6.6662687659263637 23.533660128712654 14.758910104632376 21.689912497997284 6.0909592211246482 150.89810933917761
leaf_count=58 511 17 2384 72 69 418 39 340 199 241 34 2117
model_size=1376
internal_value=0 0.0694727 -0.0493978 -0.0722863 0.0838183 -0.0797785 -0.0965631 -0.0375849 0.035228 -0.00353541 0.0984235 0.10385
internal_weight=0 192.173 272.03 232.144 39.8857 31.2206 189.382 30.1999 42.7626 28.0037 160.953 154.862
internal_count=6499 2644 3855 3275 580 476 2763 379 512 313 2168 2134
is_linear=0
shrinkage=0.1


Tree=20
num_leaves= 7
num_cat= 0
full_tree_array_lgbids= 0 1 2 5 -3 4 3 -1 -7 -2147483648 -2147483648 -2 -6 -4 -5
split_feature= 8 20 19 7 4 10
split_gain= 129.713 62.0669 61.7174 42.7734 4.62947 2.61364
threshold= 3.5000000000000004 3.5000000000000004 1.5000000000000002 1.0000000180025095e-35 4.5000000000000009 1.0000000180025095e-35
decision_type= 2 2 2 2 2 2
left_child=1 5 4 -4 -2 -1
right_child=2 -3 3 -5 -6 -7
leaf_value= 0.10726401292643045 0.10726401292643054 0.0970161875885516 -0.09533426470821936 0.03353275658027443 -0.10675703993551194 -0.10675703993551194
leaf_weight=3.6618147641420391 32.261850766837597 147.71516229957342 173.47528007626534 40.725883483886719 4.0908415876328936 24.782199762761593
leaf_count=58 511 2168 2763 512 69 418
model_size=704
internal_value=0 0.0685622 -0.0484873 -0.0708329 0.0831798 -0.0792045
internal_weight=0 176.159 250.554 214.201 36.3527 28.444
internal_count=6499 2644 3855 3275 580 476
is_linear=0
shrinkage=0.1


Tree=21
num_leaves= 7
num_cat= 0
full_tree_array_lgbids= 0 2 1 -1 -4 3 -3 -2147483648 -2147483648 -2147483648 -2147483648 -2 4 -2147483648 -2147483648 -2147483648 -2147483648 -2147483648 -2147483648 -2147483648 -2147483648 -2147483648 -2147483648 -2147483648 -2147483648 -5 5 -2147483648 -2147483648 -2147483648 -2147483648 -2147483648 -2147483648 -2147483648 -2147483648 -2147483648 -2147483648 -2147483648 -2147483648 -2147483648 -2147483648 -2147483648 -2147483648 -2147483648 -2147483648 -2147483648 -2147483648 -2147483648 -2147483648 -2147483648 -2147483648 -2147483648 -2147483648 -6 -7 -2147483648 -2147483648 -2147483648 -2147483648 -2147483648 -2147483648 -2147483648 -2147483648
split_feature= 4 4 4 19 19 12
split_gain= 113.892 188.269 60.3963 7.79618 11.3097 12.4375
threshold= 2.5000000000000004 5.5000000000000009 1.0000000180025095e-35 4.5000000000000009 5.5000000000000009 2.5000000000000004
decision_type= 2 2 2 2 2 2
left_child=2 3 -1 -2 -5 -6
right_child=1 -3 -4 4 5 -7
leaf_value= -0.10650309405369729 -0.11011717843667153 0.10696960136210226 0.10795286663651138 0.12410901808909665 -0.10490883744719788 0.096814385422888352
leaf_weight=18.235989104956388 147.63610415905714 68.285376474261284 115.7046860344708 7.6788832433521739 31.77558059990406 7.431241411715745
leaf_count=320 2523 1123 1885 58 516 74
model_size=704
internal_value=0 -0.0403866 0.0787547 -0.0921148 -0.0354281 -0.0666743
internal_weight=0 262.807 133.941 194.522 46.8857 39.2068
internal_count=6499 4294 2205 3171 648 590
is_linear=0
shrinkage=0.1


Tree=22
num_leaves= 7
num_cat= 0
full_tree_array_lgbids= 0 2 1 -1 -4 3 -3 -2147483648 -2147483648 -2147483648 -2147483648 -2 4 -2147483648 -2147483648 -2147483648 -2147483648 -2147483648 -2147483648 -2147483648 -2147483648 -2147483648 -2147483648 -2147483648 -2147483648 -5 5 -2147483648 -2147483648 -2147483648 -2147483648 -2147483648 -2147483648 -2147483648 -2147483648 -2147483648 -2147483648 -2147483648 -2147483648 -2147483648 -2147483648 -2147483648 -2147483648 -2147483648 -2147483648 -2147483648 -2147483648 -2147483648 -2147483648 -2147483648 -2147483648 -2147483648 -2147483648 -6 -7 -2147483648 -2147483648 -2147483648 -2147483648 -2147483648 -2147483648 -2147483648 -2147483648
split_feature= 4 4 4 19 19 12
split_gain= 100.922 167.505 52.9467 6.10583 8.55995 9.58881
threshold= 2.5000000000000004 5.5000000000000009 1.0000000180025095e-35 4.5000000000000009 5.5000000000000009 2.5000000000000004
decision_type= 2 2 2 2 2 2
left_child=2 3 -1 -2 -5 -6
right_child=1 -3 -4 4 5 -7
leaf_value= -0.10584664683450747 -0.10940199043908896 0.10626271636286938 0.10718948879625884 0.12137416825237896 -0.10355453882838356 0.091956157448965181
leaf_weight=16.597711849957705 134.41548096761107 62.177177961915731 105.40146170184016 7.0966031402349463 29.108860202133656 7.0611338391900054
leaf_count=320 2523 1123 1885 58 516 74
model_size=704
internal_value=0 -0.0400314 0.0782064 -0.0912248 -0.0347542 -0.0653868
internal_weight=0 239.859 121.999 177.682 43.2666 36.17
internal_count=6499 4294 2205 3171 648 590
is_linear=0
shrinkage=0.1


Tree=23
num_leaves= 7
num_cat= 0
full_tree_array_lgbids= 0 2 1 -1 -4 3 -3 -2147483648 -2147483648 -2147483648 -2147483648 -2 4 -2147483648 -2147483648 -2147483648 -2147483648 -2147483648 -2147483648 -2147483648 -2147483648 -2147483648 -2147483648 -2147483648 -2147483648 -5 5 -2147483648 -2147483648 -2147483648 -2147483648 -2147483648 -2147483648 -2147483648 -2147483648 -2147483648 -2147483648 -2147483648 -2147483648 -2147483648 -2147483648 -2147483648 -2147483648 -2147483648 -2147483648 -2147483648 -2147483648 -2147483648 -2147483648 -2147483648 -2147483648 -2147483648 -2147483648 -6 -7 -2147483648 -2147483648 -2147483648 -2147483648 -2147483648 -2147483648 -2147483648 -2147483648
split_feature= 4 4 4 19 19 12
split_gain= 89.3594 148.967 46.3115 4.60557 6.14513 7.05818
threshold= 2.5000000000000004 5.5000000000000009 1.0000000180025095e-35 4.5000000000000009 5.5000000000000009 2.5000000000000004
decision_type= 2 2 2 2 2 2
left_child=2 3 -1 -2 -5 -6
right_child=1 -3 -4 4 5 -7
leaf_value= -0.10525987074261872 -0.10874912694327243 0.10563149767537608 0.10650310389879368 0.11899215325530557 -0.10217787731473565 0.087062588906686306
leaf_weight=15.097675673663614 122.31715946272016 56.579259429126978 95.954461097717285 6.5431799329817286 26.675871510058641 6.7298917993903151
leaf_count=320 2523 1123 1885 58 516 74
model_size=704
internal_value=0 -0.0396924 0.0777137 -0.0903643 -0.0340729 -0.0640537
internal_weight=0 218.845 111.052 162.266 39.9489 33.4058
internal_count=6499 4294 2205 3171 648 590
is_linear=0
shrinkage=0.1


Tree=24
num_leaves= 7
num_cat= 0
full_tree_array_lgbids= 0 2 1 -1 -4 3 -3 -2147483648 -2147483648 -2147483648 -2147483648 -2 4 -2147483648 -2147483648 -2147483648 -2147483648 -2147483648 -2147483648 -2147483648 -2147483648 -2147483648 -2147483648 -2147483648 -2147483648 -5 5 -2147483648 -2147483648 -2147483648 -2147483648 -2147483648 -2147483648 -2147483648 -2147483648 -2147483648 -2147483648 -2147483648 -2147483648 -2147483648 -2147483648 -2147483648 -2147483648 -2147483648 -2147483648 -2147483648 -2147483648 -2147483648 -2147483648 -2147483648 -2147483648 -2147483648 -2147483648 -6 -7 -2147483648 -2147483648 -2147483648 -2147483648 -2147483648 -2147483648 -2147483648 -2147483648
split_feature= 4 4 4 19 19 12
split_gain= 79.0132 132.373 40.3746 3.25669 4.00505 4.80146
threshold= 2.5000000000000004 5.5000000000000009 1.0000000180025095e-35 4.5000000000000009 5.5000000000000009 2.5000000000000004
decision_type= 2 2 2 2 2 2
left_child=2 3 -1 -2 -5 -6
right_child=1 -3 -4 4 5 -7
leaf_value= -0.10473472486580554 -0.10814998310631113 0.10506708392831443 0.10588498485324566 0.11690885738087178 -0.10075502846137621 0.082143761717471397
leaf_weight=13.725942596793173 111.25912053138018 51.456004571169615 87.304175667464733 6.0205801390111437 24.461149260401729 6.435369260609149
leaf_count=320 2523 1123 1885 58 516 74
model_size=704
internal_value=0 -0.0393646 0.0772702 -0.0895202 -0.0333748 -0.0626594
internal_weight=0 199.632 101.03 148.176 36.9171 30.8965
internal_count=6499 4294 2205 3171 648 590
is_linear=0
shrinkage=0.1


Tree=25
num_leaves= 7
num_cat= 0
full_tree_array_lgbids= 0 2 1 -1 -4 3 -3 -2147483648 -2147483648 -2147483648 -2147483648 -2 4 -2147483648 -2147483648 -2147483648 -2147483648 -2147483648 -2147483648 -2147483648 -2147483648 -2147483648 -2147483648 -2147483648 -2147483648 -5 5 -2147483648 -2147483648 -2147483648 -2147483648 -2147483648 -2147483648 -2147483648 -2147483648 -2147483648 -2147483648 -2147483648 -2147483648 -2147483648 -2147483648 -2147483648 -2147483648 -2147483648 -2147483648 -2147483648 -2147483648 -2147483648 -2147483648 -2147483648 -2147483648 -2147483648 -2147483648 -6 -7 -2147483648 -2147483648 -2147483648 -2147483648 -2147483648 -2147483648 -2147483648 -2147483648
split_feature= 4 4 4 19 19 12
split_gain= 69.7435 117.5 35.0558 2.04508 2.10304 2.78716
threshold= 2.5000000000000004 5.5000000000000009 1.0000000180025095e-35 4.5000000000000009 5.5000000000000009 2.5000000000000004
decision_type= 2 2 2 2 2 2
left_child=2 3 -1 -2 -5 -6
right_child=1 -3 -4 4 5 -7
leaf_value= -0.10426421367857969 -0.10759730574934759 0.10456180068375574 0.10532760881582144 0.11508017572457084 -0.099262578278833988 0.077221070702020167
leaf_weight=12.472933076322077 101.16226727515459 46.772829845547676 79.392805572599173 5.5297574698925009 22.449542041867975 6.1750487536191931
leaf_count=320 2523 1123 1885 58 516 74
model_size=704
internal_value=0 -0.039043 0.0768706 -0.0886807 -0.0326515 -0.0611906
internal_weight=0 182.089 91.8657 135.317 34.1543 28.6246
internal_count=6499 4294 2205 3171 648 590
is_linear=0
shrinkage=0.1


Tree=26
num_leaves= 7
num_cat= 0
full_tree_array_lgbids= 0 2 1 -1 -4 3 -3 -2147483648 -2147483648 -2147483648 -2147483648 -2 4 -2147483648 -2147483648 -2147483648 -2147483648 -2147483648 -2147483648 -2147483648 -2147483648 -2147483648 -2147483648 -2147483648 -2147483648 -5 5 -2147483648 -2147483648 -2147483648 -2147483648 -2147483648 -2147483648 -2147483648 -2147483648 -2147483648 -2147483648 -2147483648 -2147483648 -2147483648 -2147483648 -2147483648 -2147483648 -2147483648 -2147483648 -2147483648 -2147483648 -2147483648 -2147483648 -2147483648 -2147483648 -2147483648 -2147483648 -6 -7 -2147483648 -2147483648 -2147483648 -2147483648 -2147483648 -2147483648 -2147483648 -2147483648
split_feature= 4 4 4 19 19 12
split_gain= 61.4289 104.156 30.2853 0.957684 0.408644 0.987816
threshold= 2.5000000000000004 5.5000000000000009 1.0000000180025095e-35 4.5000000000000009 5.5000000000000009 2.5000000000000004
decision_type= 2 2 2 2 2 2
left_child=2 3 -1 -2 -5 -6
right_child=1 -3 -4 4 5 -7
leaf_value= -0.10384223631241588 -0.10708501401810555 0.10410897402486863 0.10482442882385612 0.1134698570838336 -0.097677728541841702 0.072324315641686523
leaf_weight=11.329499382525681 91.951093517243862 42.496495872735977 72.164840955287218 5.070890553295615 20.626347243785862 5.9461764246225348
leaf_count=320 2523 1123 1885 58 516 74
model_size=704
internal_value=0 -0.0387234 0.0765101 -0.0878346 -0.0318957 -0.0596361
internal_weight=0 166.091 83.4943 123.595 31.6434 26.5725
internal_count=6499 4294 2205 3171 648 590
is_linear=0
shrinkage=0.1


Tree=27
num_leaves= 4
num_cat= 0
full_tree_array_lgbids= 0 2 1 -1 -4 -2 -3
split_feature= 4 4 4
split_gain= 53.9632 92.1702 26.002
threshold= 2.5000000000000004 5.5000000000000009 1.0000000180025095e-35
decision_type= 2 2 2
left_child=2 -2 -1
right_child=1 -3 -4
leaf_value= -0.10346346668833656 -0.086971342310763589 0.10370277181401327 0.10436975419762939
leaf_weight=10.286971118301151 112.92101101391017 38.595357157289982 65.567420445382595
leaf_count=320 3171 1123 1885
model_size=368
internal_value=0 -0.0384014 0.0761845
internal_weight=0 151.516 75.8544
internal_count=6499 4294 2205
is_linear=0
shrinkage=0.1


Tree=28
num_leaves= 5
num_cat= 0
full_tree_array_lgbids= 0 2 1 -1 -4 3 -3 -2147483648 -2147483648 -2147483648 -2147483648 -2 -5 -2147483648 -2147483648
split_feature= 4 4 4 19
split_gain= 46.7945 79.7565 22.1758 1.96938
threshold= 2.5000000000000004 5.5000000000000009 1.0000000180025095e-35 4.5000000000000009
decision_type= 2 2 2 2
left_child=2 3 -1 -2
right_child=1 -3 -4 -5
leaf_value= -0.10312320034957626 -0.10624241398912181 0.10333806943249924 0.10395856568828404 -0.02314346817260847
leaf_weight=9.3371838927268964 77.262506984174252 35.039488974958658 59.550561899319291 28.580732211470604
leaf_count=320 2523 1123 1885 648
model_size=480
internal_value=0 -0.0372586 0.0758903 -0.0838033
internal_weight=0 140.883 68.8877 105.843
internal_count=6499 4294 2205 3171
is_linear=0
shrinkage=0.1


Tree=29
num_leaves= 5
num_cat= 0
full_tree_array_lgbids= 0 2 1 -1 -4 3 -3 -2147483648 -2147483648 -2147483648 -2147483648 -2 -5 -2147483648 -2147483648
split_feature= 4 4 4 19
split_gain= 40.5645 69.2701 18.7285 2.07613
threshold= 2.5000000000000004 5.5000000000000009 1.0000000180025095e-35 4.5000000000000009
decision_type= 2 2 2 2
left_child=2 3 -1 -2
right_child=1 -3 -4 -5
leaf_value= -0.10281730946454154 -0.10581961163967457 0.10301038322621431 0.10358648375357166 -0.020973227850897003
leaf_weight=8.4724882002919895 70.175193404778838 31.800756730139256 54.067271528765559 28.394706659018993
leaf_count=320 2523 1123 1885 648
model_size=480
internal_value=0 -0.0364011 0.0756242 -0.0813782
internal_weight=0 130.371 62.5398 98.5699
internal_count=6499 4294 2205 3171
is_linear=0
shrinkage=0.1


Tree=30
num_leaves= 5
num_cat= 0
full_tree_array_lgbids= 0 2 1 -1 -4 3 -3 -2147483648 -2147483648 -2147483648 -2147483648 -2 -5 -2147483648 -2147483648
split_feature= 4 4 4 19
split_gain= 34.9758 59.9123 15.6262 2.10116
threshold= 2.5000000000000004 5.5000000000000009 1.0000000180025095e-35 4.5000000000000009
decision_type= 2 2 2 2
left_child=2 3 -1 -2
right_child=1 -3 -4 -5
leaf_value= -0.10254214008415995 -0.10542237735366687 0.10271574487327591 0.10324960936456831 -0.018989124766698857
leaf_weight=7.6857481766492119 63.724293872714043 28.852846894413233 49.073584865778685 28.234336495399475
leaf_count=320 2523 1123 1885 648
model_size=480
internal_value=0 -0.0355138 0.0753835 -0.0788845
internal_weight=0 120.811 56.7593 91.9586
internal_count=6499 4294 2205 3171
is_linear=0
shrinkage=0.1


Tree=31
num_leaves= 5
num_cat= 0
full_tree_array_lgbids= 0 2 1 -1 -4 3 -3 -2147483648 -2147483648 -2147483648 -2147483648 -2 -5 -2147483648 -2147483648
split_feature= 4 4 4 19
split_gain= 29.9611 51.5667 12.8325 2.04709
threshold= 2.5000000000000004 5.5000000000000009 1.0000000180025095e-35 4.5000000000000009
decision_type= 2 2 2 2
left_child=2 3 -1 -2
right_child=1 -3 -4 -5
leaf_value= -0.10229447692197036 -0.10504841656953778 0.10245066817357638 0.10294449207560415 -0.017179203934840032
leaf_weight=6.9703321978449813 57.855003654956818 26.171243596822023 44.528525149449706 28.095790721476078
leaf_count=320 2523 1123 1885 648
model_size=480
internal_value=0 -0.034596 0.0751655 -0.0763255
internal_weight=0 112.122 51.4989 85.9508
internal_count=6499 4294 2205 3171
is_linear=0
shrinkage=0.1


Tree=32
num_leaves= 5
num_cat= 0
full_tree_array_lgbids= 0 2 1 -1 -4 3 -3 -2147483648 -2147483648 -2147483648 -2147483648 -2 -5 -2147483648 -2147483648
split_feature= 4 4 4 19
split_gain= 25.4609 44.1291 10.3147 1.91768
threshold= 2.5000000000000004 5.5000000000000009 1.0000000180025095e-35 4.5000000000000009
decision_type= 2 2 2 2
left_child=2 3 -1 -2
right_child=1 -3 -4 -5
leaf_value= -0.10207144273247225 -0.10469592951320739 0.10221205483637119 0.10266804862005784 -0.015531287223733448
leaf_weight=6.3200968932360402 52.516707565635443 23.733187885954976 40.394043473526835 27.975836716592312
leaf_count=320 2523 1123 1885 648
model_size=480
internal_value=0 -0.0336478 0.0749682 -0.073706
internal_weight=0 104.226 46.7141 80.4925
internal_count=6499 4294 2205 3171
is_linear=0
shrinkage=0.1


Tree=33
num_leaves= 5
num_cat= 0
full_tree_array_lgbids= 0 2 1 -1 -4 3 -3 -2147483648 -2147483648 -2147483648 -2147483648 -2 -5 -2147483648 -2147483648
split_feature= 4 4 4 19
split_gain= 21.4219 37.506 8.0442 1.71759
threshold= 2.5000000000000004 5.5000000000000009 1.0000000180025095e-35 4.5000000000000009
decision_type= 2 2 2 2
left_child=2 3 -1 -2
right_child=1 -3 -4 -5
leaf_value= -0.10187049291220998 -0.10436347310958259 0.10199713961699773 0.10241752937243614 -0.014033281629239516
leaf_weight=5.7293662298470727 47.662803735584021 21.517620302736759 36.634895967319608 27.871748048812151
leaf_count=320 2523 1123 1885 648
model_size=480
internal_value=0 -0.0326696 0.0747895 -0.0710322
internal_weight=0 97.0522 42.3643 75.5346
internal_count=6499 4294 2205 3171
is_linear=0
shrinkage=0.1


Tree=34
num_leaves= 5
num_cat= 0
full_tree_array_lgbids= 0 2 1 -1 -4 3 -3 -2147483648 -2147483648 -2147483648 -2147483648 -2 -5 -2147483648 -2147483648
split_feature= 4 4 4 19
split_gain= 17.7969 31.6136 5.99532 1.45216
threshold= 2.5000000000000004 5.5000000000000009 1.0000000180025095e-35 4.5000000000000009
decision_type= 2 2 2 2
left_child=2 3 -1 -2
right_child=1 -3 -4 -5
leaf_value= -0.10168938057899986 -0.10404988040009705 0.10180350053065575 0.10219047680620003 -0.012673407760052022
leaf_weight=5.1929080858826628 43.250496603548527 19.505097143352032 33.218529609963298 27.781223867088556
leaf_count=320 2523 1123 1885 648
model_size=480
internal_value=0 -0.0316623 0.0746276 -0.0683116
internal_weight=0 90.5368 38.4114 71.0317
internal_count=6499 4294 2205 3171
is_linear=0
shrinkage=0.1


Tree=35
num_leaves= 5
num_cat= 0
full_tree_array_lgbids= 0 2 1 -1 -4 3 -3 -2147483648 -2147483648 -2147483648 -2147483648 -2 -5 -2147483648 -2147483648
split_feature= 4 4 4 19
split_gain= 14.5435 26.3761 4.14531 1.1273
threshold= 2.5000000000000004 5.5000000000000009 1.0000000180025095e-35 4.5000000000000009
decision_type= 2 2 2 2
left_child=2 3 -1 -2
right_child=1 -3 -4 -5
leaf_value= -0.10152607474343699 -0.1037542170467541 0.10162894080912488 0.10198465797947494 -0.011440368483184896
leaf_weight=4.7059109788388005 39.240548717789352 17.677711710333824 30.114943149499595 27.702322989702225
leaf_count=320 2523 1123 1885 648
model_size=480
internal_value=0 -0.0306277 0.0744809 -0.0655529
internal_weight=0 84.6206 34.8209 66.9429
internal_count=6499 4294 2205 3171
is_linear=0
shrinkage=0.1


Tree=36
num_leaves= 5
num_cat= 0
full_tree_array_lgbids= 0 2 1 -1 -4 3 -3 -2147483648 -2147483648 -2147483648 -2147483648 -2 -5 -2147483648 -2147483648
split_feature= 4 4 4 19
split_gain= 11.6239 21.7253 2.47387 0.74923
threshold= 2.5000000000000004 5.5000000000000009 1.0000000180025095e-35 4.5000000000000009
decision_type= 2 2 2 2
left_child=2 3 -1 -2
right_child=1 -3 -4 -5
leaf_value= -0.10137877633728379 -0.10347571851888876 0.10147153905027313 0.10179809000417202 -0.010323444711068587
leaf_weight=4.2639562096446779 35.597048496827483 16.019004689529538 27.296527069061995 27.633404038846493
leaf_count=320 2523 1123 1885 648
model_size=480
internal_value=0 -0.0295678 0.074348 -0.0627657
internal_weight=0 79.2495 31.5605 63.2305
internal_count=6499 4294 2205 3171
is_linear=0
shrinkage=0.1


Tree=37
num_leaves= 4
num_cat= 0
full_tree_array_lgbids= 0 -1 1 -2147483648 -2147483648 2 -3 -2147483648 -2147483648 -2147483648 -2147483648 -2 -4 -2147483648 -2147483648
split_feature= 8 4 4
split_gain= 9.05637 11.1043 0.405283
threshold= 1.0000000180025095e-35 2.5000000000000004 1.0000000180025095e-35
decision_type= 2 2 2
left_child=-1 2 -2
right_child=1 -3 -4
leaf_value= 0.10129583408710646 -0.10124587619355821 -0.05273100142318813 0.10173710424042913
leaf_weight=17.654863424599171 3.8629938391968635 62.667065953835845 18.79012490529567
leaf_count=1398 320 3370 1411
model_size=368
internal_value=0 -0.020909 0.0671228
internal_weight=0 85.3202 22.6531
internal_count=6499 5101 1731
is_linear=0
shrinkage=0.1


Tree=38
num_leaves= 3
num_cat= 0
full_tree_array_lgbids= 0 -1 1 -2147483648 -2147483648 -2 -3
split_feature= 8 4
split_gain= 6.6947 7.79242
threshold= 1.0000000180025095e-35 2.5000000000000004
decision_type= 2 2
left_child=-1 -2
right_child=1 -3
leaf_value= 0.10117100463860998 0.0670195914889824 -0.048859628388007594
leaf_weight=15.993488319218157 20.527173354290426 60.962355854921043
leaf_count=1398 1731 3370
model_size=256
internal_value=0 -0.0196697
internal_weight=0 81.4895
internal_count=6499 5101
is_linear=0
shrinkage=0.1


Tree=39
num_leaves= 3
num_cat= 0
full_tree_array_lgbids= 0 -1 1 -2147483648 -2147483648 -2 -3
split_feature= 8 4
split_gain= 4.57396 4.45014
threshold= 1.0000000180025095e-35 2.5000000000000004
decision_type= 2 2
left_child=-1 -2
right_child=1 -3
leaf_value= 0.10105832195965331 0.063021131553999007 -0.04511943978122758
leaf_weight=14.486821487545965 19.691747418604791 59.49468204844743
leaf_count=1398 1731 3370
model_size=256
internal_value=0 -0.0182275
internal_weight=0 79.1864
internal_count=6499 5101
is_linear=0
shrinkage=0.1


Tree=40
num_leaves= 4
num_cat= 0
full_tree_array_lgbids= 0 -1 1 -2147483648 -2147483648 2 -3 -2147483648 -2147483648 -2147483648 -2147483648 -2 -4 -2147483648 -2147483648
split_feature= 8 4 4
split_gain= 2.68484 1.58384 0.0281946
threshold= 1.0000000180025095e-35 2.5000000000000004 1.0000000180025095e-35
decision_type= 2 2 2
left_child=-1 2 -2
right_child=1 -3 -4
leaf_value= 0.10095659791633459 -0.10128226158531772 -0.041537707772928471 0.1013878888867405
leaf_weight=13.120753945782779 3.9729885309934625 58.231716733425856 15.00739932525903
leaf_count=1398 320 3370 1411
model_size=368
internal_value=0 -0.016832 0.0589648
internal_weight=0 77.2121 18.9804
internal_count=6499 5101 1731
is_linear=0
shrinkage=0.1


Tree=41
num_leaves= 2
num_cat= 0
full_tree_array_lgbids= 0 -1 -2
split_feature= 8
split_gain= 1.01212
threshold= 1.0000000180025095e-35
decision_type= 2
left_child=-1
right_child=-2
leaf_value= 0.10086473905064496 -0.015692907883264984
leaf_weight=11.882411347702144 74.33985751029104
leaf_count=1398 5101
model_size=144
internal_value=0
internal_weight=0
internal_count=6499
is_linear=0
shrinkage=0.1


end of trees

feature_importances:
Column_4=82
Column_19=61
Column_21=30
Column_8=26
Column_20=23
Column_7=21
Column_10=21
Column_9=18
Column_12=18
Column_13=15
Column_3=12
Column_1=9
Column_17=9
Column_2=6
Column_14=3

parameters:
[boosting: gbdt]
[objective: binary]
[metric: auc, binary_logloss, rmse, l1, l2, mape, huber]
[tree_learner: serial]
[device_type: cpu]
[data_sample_strategy: bagging]
[data: data/kr-vs-kp.libsvm.train]
[valid: data/kr-vs-kp.libsvm.test]
[num_iterations: 1000]
[learning_rate: 0.1]
[num_leaves: 255]
[num_threads: 1]
[seed: 42]
[deterministic: 0]
[force_col_wise: 0]
[force_row_wise: 0]
[histogram_pool_size: -1]
[max_depth: 7]
[min_data_in_leaf: 10]
[min_sum_hessian_in_leaf: 0.001]
[bagging_fraction: 1]
[pos_bagging_fraction: 1]
[neg_bagging_fraction: 1]
[bagging_freq: 0]
[bagging_seed: 400]
[feature_fraction: 1]
[feature_fraction_bynode: 1]
[feature_fraction_seed: 30056]
[extra_trees: 0]
[extra_seed: 12879]
[early_stopping_round: 0]
[early_stopping_min_delta: 0]
[first_metric_only: 0]
[max_delta_step: 0]
[lambda_l1: 0]
[lambda_l2: 0]
[linear_lambda: 0]
[min_gain_to_split: 0]
[drop_rate: 0.1]
[max_drop: 50]
[skip_drop: 0.5]
[xgboost_dart_mode: 0]
[uniform_drop: 0]
[drop_seed: 17869]
[top_rate: 0.2]
[other_rate: 0.1]
[min_data_per_group: 100]
[max_cat_threshold: 32]
[cat_l2: 10]
[cat_smooth: 10]
[max_cat_to_onehot: 4]
[top_k: 20]
[monotone_constraints: ]
[monotone_constraints_method: basic]
[monotone_penalty: 0]
[feature_contri: ]
[forcedsplits_filename: ]
[refit_decay_rate: 0.9]
[tinygbdt_penalty_feature: 0.5]
[tinygbdt_penalty_split: 0.0078125]
[tinygbdt_forestsize: 64000]
[tinygbdt_precision: 1]
[cegb_tradeoff: 1]
[cegb_penalty_split: 0]
[cegb_penalty_feature_lazy: ]
[cegb_penalty_feature_coupled: ]
[path_smooth: 0]
[interaction_constraints: ]
[verbosity: 1]
[saved_feature_importance_type: 0]
[use_quantized_grad: 0]
[num_grad_quant_bins: 4]
[quant_train_renew_leaf: 0]
[stochastic_rounding: 1]
[linear_tree: 0]
[max_bin: 255]
[max_bin_by_feature: ]
[min_data_in_bin: 3]
[bin_construct_sample_cnt: 200000]
[data_random_seed: 175]
[is_enable_sparse: 1]
[enable_bundle: 1]
[use_missing: 1]
[zero_as_missing: 0]
[feature_pre_filter: 1]
[pre_partition: 0]
[two_round: 0]
[header: 0]
[label_column: ]
[weight_column: ]
[group_column: ]
[ignore_column: ]
[categorical_feature: ]
[forcedbins_filename: ]
[precise_float_parser: 0]
[parser_config_file: ]
[objective_seed: 16083]
[num_class: 1]
[is_unbalance: 0]
[scale_pos_weight: 1]
[sigmoid: 1]
[boost_from_average: 1]
[reg_sqrt: 0]
[alpha: 0.9]
[fair_c: 1]
[poisson_max_delta_step: 0.7]
[tweedie_variance_power: 1.5]
[lambdarank_truncation_level: 30]
[lambdarank_norm: 1]
[label_gain: ]
[lambdarank_position_bias_regularization: 0]
[eval_at: ]
[multi_error_top_k: 1]
[auc_mu_weights: ]
[num_machines: 1]
[local_listen_port: 12400]
[time_out: 120]
[machine_list_filename: ]
[machines: ]
[gpu_platform_id: -1]
[gpu_device_id: -1]
[gpu_use_dp: 0]
[num_gpu: 1]

end of parameters
