tree
version=v4
num_class=1
num_tree_per_iteration=1
label_index=0
max_feature_idx=21
objective=binary sigmoid:1
feature_names=Column_0 Column_1 Column_2 Column_3 Column_4 Column_5 Column_6 Column_7 Column_8 Column_9 Column_10 Column_11 Column_12 Column_13 Column_14 Column_15 Column_16 Column_17 Column_18 Column_19 Column_20 Column_21
feature_infos=[0:5] [0:3] [0:9] [0:1] [0:8] [0:1] [0:1] [0:1] [0:11] [0:1] [0:4] [0:3] [0:3] [0:8] [0:8] none [0:3] [0:2] [0:4] [0:8] [0:5] [0:6]
tree_sizes=973 964 965 958 962 964 876 884 881 880 800 798 620 621 801

Tree=0
num_leaves= 7
num_cat= 0
full_tree_array_lgbids= 0 1 2 5 -3 4 3 -1 -7 -2147483648 -2147483648 -2 -6 -4 -5
split_feature= 8 20 19 7 4 10
split_gain= 2147.68 1131.01 1073.52 713.545 198.473 159.989
threshold= 3.5000000000000004 3.5000000000000004 1.5000000000000002 1.0000000180025095e-35 4.5000000000000009 1.0000000180025095e-35
decision_type= 2 2 2 2 2 2
left_child=1 5 4 -4 -2 -1
right_child=2 -3 3 -5 -6 -7
leaf_value= 0.13625295265526666 0.13625295265526666 0.13163457175951537 -0.25410630703196962 0.011094830380406609 -0.26425303862428545 -0.26425303862428545
leaf_weight=14.48168098926544 127.58860319852829 541.31524801254272 689.87732023000717 127.83828735351562 17.228206694126129 104.36797678470612
leaf_count=58 511 2168 2763 512 69 418
model_size=704
internal_value=-0.0711178 0.0691485 -0.167321 -0.212646 0.0886066 -0.215452
internal_weight=0 660.165 962.532 817.716 144.817 118.85
internal_count=6499 2644 3855 3275 580 476
is_linear=0
shrinkage=1


Tree=1
num_leaves= 7
num_cat= 0
full_tree_array_lgbids= 0 1 2 5 -3 4 3 -1 -7 -2147483648 -2147483648 -2 -6 -4 -5
split_feature= 8 20 19 7 4 10
split_gain= 1735.17 901.673 861.68 573.414 145.233 114.704
threshold= 3.5000000000000004 3.5000000000000004 1.5000000000000002 1.0000000180025095e-35 4.5000000000000009 1.0000000180025095e-35
decision_type= 2 2 2 2 2 2
left_child=1 5 4 -4 -2 -1
right_child=2 -3 3 -5 -6 -7
leaf_value= 0.18726217829300001 0.18726217829300001 0.18303357315159141 -0.16726255154856101 0.073892799984502308 -0.17677793099633521 -0.17677793099633521
leaf_weight=14.432910382747648 127.15891733765602 539.65886926651001 679.71848121285439 127.99606323242188 16.952329516410828 102.69672083854675
leaf_count=58 511 2168 2763 512 69 418
model_size=704
internal_value=0 0.126866 -0.0876402 -0.129047 0.144439 -0.13192
internal_weight=0 656.789 951.826 807.715 144.111 117.13
internal_count=6499 2644 3855 3275 580 476
is_linear=0
shrinkage=0.1


Tree=2
num_leaves= 7
num_cat= 0
full_tree_array_lgbids= 0 1 2 5 -3 4 3 -1 -7 -2147483648 -2147483648 -2 -6 -4 -5
split_feature= 8 20 19 7 4 10
split_gain= 1427.1 733.276 702.374 468.034 106.607 82.2545
threshold= 3.5000000000000004 3.5000000000000004 1.5000000000000002 1.0000000180025095e-35 4.5000000000000009 1.0000000180025095e-35
decision_type= 2 2 2 2 2 2
left_child=1 5 4 -4 -2 -1
right_child=2 -3 3 -5 -6 -7
leaf_value= 0.17236010255125836 0.17236010255125836 0.16827544029991481 -0.15502436945878606 0.066626512356841902 -0.16433727988382651 -0.16433727988382651
leaf_weight=14.127121359109877 124.46481059491634 528.80166065692902 660.97406414151192 127.76914215087891 16.43764516711235 99.578777968883514
leaf_count=58 511 2168 2763 512 69 418
model_size=704
internal_value=0 0.116815 -0.0808941 -0.119119 0.133081 -0.122505
internal_weight=0 642.508 929.646 788.743 140.902 113.706
internal_count=6499 2644 3855 3275 580 476
is_linear=0
shrinkage=0.1


Tree=3
num_leaves= 7
num_cat= 0
full_tree_array_lgbids= 0 1 2 5 -3 4 3 -1 -7 -2147483648 -2147483648 -2 -6 -4 -5
split_feature= 8 20 19 4 4 10
split_gain= 1185.92 602.178 576.003 403.214 75.6946 55.8249
threshold= 3.5000000000000004 3.5000000000000004 1.5000000000000002 5.5000000000000009 4.5000000000000009 1.0000000180025095e-35
decision_type= 2 2 2 2 2 2
left_child=1 5 4 -4 -2 -1
right_child=2 -3 3 -5 -6 -7
leaf_value= 0.1609037703805144 0.1609037703805144 0.15680970282924556 -0.13152452094662784 0.18593198198927297 -0.15458733496862687 -0.15458733496862687
leaf_weight=13.6439371407032 120.20779101550579 511.58581459522247 714.21368005871773 49.465191811323166 15.761341184377669 95.481748044490814
leaf_count=58 511 2168 3076 199 69 418
model_size=704
internal_value=0 0.108999 -0.0754007 -0.110962 0.124333 -0.115142
internal_weight=0 620.711 899.648 763.679 135.969 109.126
internal_count=6499 2644 3855 3275 580 476
is_linear=0
shrinkage=0.1


Tree=4
num_leaves= 7
num_cat= 0
full_tree_array_lgbids= 0 1 2 5 -3 4 3 -1 -7 -2147483648 -2147483648 -2 -6 -4 -5
split_feature= 8 20 19 7 4 10
split_gain= 989.277 496.255 470.476 347.368 49.1829 32.6894
threshold= 3.5000000000000004 3.5000000000000004 1.5000000000000002 1.0000000180025095e-35 4.5000000000000009 1.0000000180025095e-35
decision_type= 2 2 2 2 2 2
left_child=1 5 4 -4 -2 -1
right_child=2 -3 3 -5 -6 -7
leaf_value= 0.15185187516794491 0.15185187516794491 0.1476414249541286 -0.13780942792587297 0.06144696400678909 -0.14676872362570559 -0.14676872362570559
leaf_weight=13.042239397764204 114.90662641823292 490.1167916059494 610.95480671525002 126.60149097442627 14.980887696146963 90.75378343462944
leaf_count=58 511 2168 2763 512 69 418
model_size=704
internal_value=0 0.102746 -0.0705129 -0.103607 0.11741 -0.109246
internal_weight=0 593.913 867.444 737.556 129.888 103.796
internal_count=6499 2644 3855 3275 580 476
is_linear=0
shrinkage=0.1


Tree=5
num_leaves= 7
num_cat= 0
full_tree_array_lgbids= 0 1 2 5 -3 4 3 -1 -7 -2147483648 -2147483648 -2 -6 -4 -5
split_feature= 8 20 19 7 4 10
split_gain= 831.05 410.432 385.839 285.873 27.6043 13.7286
threshold= 3.5000000000000004 3.5000000000000004 1.5000000000000002 1.0000000180025095e-35 4.5000000000000009 1.0000000180025095e-35
decision_type= 2 2 2 2 2 2
left_child=1 5 4 -4 -2 -1
right_child=2 -3 3 -5 -6 -7
leaf_value= 0.14454675775689577 0.14454675775689577 0.14013768328774553 -0.1308679037201633 0.05560725653805107 -0.14038449805642142 -0.14038449805642142
leaf_weight=12.365946739912031 108.9482548981905 465.96678173542023 580.59435327351093 125.94146846234798 14.139219447970389 85.654981583356857
leaf_count=58 511 2168 2763 512 69 418
model_size=704
internal_value=0 0.0976304 -0.066554 -0.0976283 0.111816 -0.104439
internal_weight=0 563.988 829.623 706.536 123.087 98.0209
internal_count=6499 2644 3855 3275 580 476
is_linear=0
shrinkage=0.1


Tree=6
num_leaves= 6
num_cat= 0
full_tree_array_lgbids= 0 1 2 -1 -3 4 3 -2147483648 -2147483648 -2147483648 -2147483648 -2 -6 -4 -5
split_feature= 8 20 19 4 4
split_gain= 699.621 338.985 314.969 253.706 8.98108
threshold= 3.5000000000000004 3.5000000000000004 1.5000000000000002 5.5000000000000009 4.5000000000000009
decision_type= 2 2 2 2 2
left_child=1 -1 4 -4 -2
right_child=2 -3 3 -5 -6
leaf_value= -0.1004596510608342 0.13855140791954978 0.13387504904060721 -0.11166128405514984 0.16347015136058904 -0.13509509769210032
leaf_weight=92.027037978172302 102.62170739471912 440.31109929084778 626.97010035812855 47.265657484531403 13.268332377076147
leaf_count=476 511 2168 3076 199 69
model_size=592
internal_value=0 0.0933648 -0.0630986 -0.0923739 0.107221
internal_weight=0 532.338 790.126 674.236 115.89
internal_count=6499 2644 3855 3275 580
is_linear=0
shrinkage=0.1


Tree=7
num_leaves= 6
num_cat= 0
full_tree_array_lgbids= 0 1 2 -1 -3 3 4 -2147483648 -2147483648 -2147483648 -2147483648 -2 -5 -4 -6
split_feature= 8 20 4 4 4
split_gain= 584.546 276.835 259.615 230.409 224.045
threshold= 3.5000000000000004 3.5000000000000004 2.5000000000000004 1.0000000180025095e-35 5.5000000000000009
decision_type= 2 2 2 2 2
left_child=1 -1 3 -2 -4
right_child=2 -3 4 -5 -6
leaf_value= -0.094104758594245996 -0.14529282149684927 0.12855856953112202 -0.11869843311920447 0.14837441881911215 0.15389833784723783
leaf_weight=88.599286437034607 51.908115670084953 414.02451848983765 530.46725672483444 125.13725709915161 45.285649582743645
leaf_count=476 264 2168 2765 627 199
model_size=592
internal_value=0 0.0893089 -0.0597384 0.0622738 -0.0972574
internal_weight=0 502.624 752.798 177.045 575.753
internal_count=6499 2644 3855 891 2964
is_linear=0
shrinkage=0.1


Tree=8
num_leaves= 6
num_cat= 0
full_tree_array_lgbids= 0 1 2 -1 -3 3 4 -2147483648 -2147483648 -2147483648 -2147483648 -2 -5 -4 -6
split_feature= 8 20 4 4 4
split_gain= 486.602 221.622 204.234 181.419 174.065
threshold= 3.5000000000000004 3.5000000000000004 2.5000000000000004 1.0000000180025095e-35 5.5000000000000009
decision_type= 2 2 2 2 2
left_child=1 -1 3 -2 -4
right_child=2 -3 4 -5 -6
leaf_value= -0.088161651990630807 -0.13978814497319475 0.12397573686413772 -0.11343085486951202 0.14240819835891569 0.14621023574542055
leaf_weight=85.290605694055557 48.72111688554287 387.75211989879608 501.11881312727928 117.72383327782154 43.016563415527344
leaf_count=476 264 2168 2765 627 199
model_size=592
internal_value=0 0.0857269 -0.0571345 0.0598048 -0.092905
internal_weight=0 473.043 710.58 166.445 544.135
internal_count=6499 2644 3855 891 2964
is_linear=0
shrinkage=0.1


Tree=9
num_leaves= 6
num_cat= 0
full_tree_array_lgbids= 0 1 2 -1 -3 3 4 -2147483648 -2147483648 -2147483648 -2147483648 -2 -5 -4 -6
split_feature= 8 20 4 4 4
split_gain= 404.229 175.6 158.086 140.219 131.871
threshold= 3.5000000000000004 3.5000000000000004 2.5000000000000004 1.0000000180025095e-35 5.5000000000000009
decision_type= 2 2 2 2 2
left_child=1 -1 3 -2 -4
right_child=2 -3 4 -5 -6
leaf_value= -0.082563942695957793 -0.1351172420254087 0.1199690616077678 -0.10863248417510525 0.13735862927931936 0.13992454436181059
leaf_weight=82.134016633033752 45.529184013605118 361.96256256103516 472.42269667983055 110.23233403265476 40.579360768198967
leaf_count=476 264 2168 2765 627 199
model_size=592
internal_value=0 0.0825113 -0.0548068 0.0577138 -0.0889712
internal_weight=0 444.097 668.764 155.762 513.002
internal_count=6499 2644 3855 891 2964
is_linear=0
shrinkage=0.1


Tree=10
num_leaves= 5
num_cat= 0
full_tree_array_lgbids= 0 2 1 -1 -4 3 -3 -2147483648 -2147483648 -2147483648 -2147483648 -2 -5 -2147483648 -2147483648
split_feature= 4 4 4 13
split_gain= 337.804 630.644 187.236 86.0715
threshold= 2.5000000000000004 5.5000000000000009 1.0000000180025095e-35 1.5000000000000002
decision_type= 2 2 2 2
left_child=2 3 -1 -2
right_child=1 -3 -4 -5
leaf_value= -0.12994964068424994 0.51745983805234619 0.12611559015014312 0.12835892764044118 -0.11431153761930829
leaf_weight=51.208903133869171 4.8330700397491446 181.68852537870407 302.65255372226238 503.73567941784859
leaf_count=320 31 1123 1885 3140
model_size=480
internal_value=0 -0.0466031 0.0909779 -0.108308
internal_weight=0 690.257 353.861 508.569
internal_count=6499 4294 2205 3171
is_linear=0
shrinkage=0.1


Tree=11
num_leaves= 5
num_cat= 0
full_tree_array_lgbids= 0 2 1 -1 -4 3 -3 -2147483648 -2147483648 -2147483648 -2147483648 -2 -5 -2147483648 -2147483648
split_feature= 4 4 4 13
split_gain= 277.958 531.714 146.411 20.8482
threshold= 2.5000000000000004 5.5000000000000009 1.0000000180025095e-35 1.5000000000000002
decision_type= 2 2 2 2
left_child=2 3 -1 -2
right_child=1 -3 -4 -5
leaf_value= -0.1266048062465995 0.34881970096540743 0.1230465335730101 0.12513156829094574 -0.11028789654556195
leaf_weight=47.496453493833542 6.3393458575010291 168.28640682995319 280.54832531511784 471.57190775871277
leaf_count=320 31 1123 1885 3140
model_size=480
internal_value=0 -0.0450177 0.0886835 -0.104198
internal_weight=0 646.198 328.045 477.911
internal_count=6499 4294 2205 3171
is_linear=0
shrinkage=0.1


Tree=12
num_leaves= 4
num_cat= 0
full_tree_array_lgbids= 0 2 1 -1 -4 -2 -3
split_feature= 4 4 4
split_gain= 226.417 446.735 111.416
threshold= 2.5000000000000004 5.5000000000000009 1.0000000180025095e-35
decision_type= 2 2 2
left_child=2 -2 -1
right_child=1 -3 -4
leaf_value= -0.12369626235049934 -0.10041134163893982 0.12039872339873221 0.12233359143590337
leaf_weight=43.934852421283722 448.1758141964674 155.44735382497311 259.35636185854673
leaf_count=320 3171 1123 1885
model_size=368
internal_value=0 -0.0435475 0.0866936
internal_weight=0 603.623 303.291
internal_count=6499 4294 2205
is_linear=0
shrinkage=0.1


Tree=13
num_leaves= 4
num_cat= 0
full_tree_array_lgbids= 0 2 1 -1 -4 -2 -3
split_feature= 4 4 4
split_gain= 181.691 372.554 81.4389
threshold= 2.5000000000000004 5.5000000000000009 1.0000000180025095e-35
decision_type= 2 2 2
left_child=2 -2 -1
right_child=1 -3 -4
leaf_value= -0.12115245877176646 -0.096585616380131578 0.11810140582306089 0.11989390886979151
leaf_weight=40.545529767870903 420.76566008478403 143.24934953451157 239.20421218127012
leaf_count=320 3171 1123 1885
model_size=368
internal_value=0 -0.0420591 0.0849579
internal_weight=0 564.015 279.75
internal_count=6499 4294 2205
is_linear=0
shrinkage=0.1


Tree=14
num_leaves= 5
num_cat= 0
full_tree_array_lgbids= 0 2 1 -1 -4 3 -3 -2147483648 -2147483648 -2147483648 -2147483648 -2 -5 -2147483648 -2147483648
split_feature= 4 4 4 12
split_gain= 142.241 307.501 54.8333 1.34108
threshold= 2.5000000000000004 5.5000000000000009 1.0000000180025095e-35 2.5000000000000004
decision_type= 2 2 2 2
left_child=2 3 -1 -2
right_child=1 -3 -4 -5
leaf_value= -0.11891682034154615 -0.10675255670599162 0.11609845025607846 0.11775624713896733 0.13593925500810541
leaf_weight=37.341304130852222 372.53068556636572 131.73829971253872 220.16761142015457 22.56985492259264
leaf_count=320 3031 1123 1885 140
model_size=480
internal_value=0 -0.0406308 0.0834363 -0.0928889
internal_weight=0 526.839 257.509 395.101
internal_count=6499 4294 2205 3171
is_linear=0
shrinkage=0.1


end of trees

feature_importances:
Column_4=33
Column_8=10
Column_20=10
Column_19=7
Column_10=6
Column_7=5
Column_13=2
Column_12=1

parameters:
[boosting: gbdt]
[objective: binary]
[metric: auc, binary_logloss, rmse, l1, l2, mape, huber]
[tree_learner: serial]
[device_type: cpu]
[data_sample_strategy: bagging]
[data: data/kr-vs-kp.libsvm.train]
[valid: data/kr-vs-kp.libsvm.test]
[num_iterations: 15]
[learning_rate: 0.1]
[num_leaves: 255]
[num_threads: 1]
[seed: 42]
[deterministic: 0]
[force_col_wise: 0]
[force_row_wise: 0]
[histogram_pool_size: -1]
[max_depth: 3]
[min_data_in_leaf: 10]
[min_sum_hessian_in_leaf: 0.001]
[bagging_fraction: 1]
[pos_bagging_fraction: 1]
[neg_bagging_fraction: 1]
[bagging_freq: 0]
[bagging_seed: 400]
[feature_fraction: 1]
[feature_fraction_bynode: 1]
[feature_fraction_seed: 30056]
[extra_trees: 0]
[extra_seed: 12879]
[early_stopping_round: 0]
[early_stopping_min_delta: 0]
[first_metric_only: 0]
[max_delta_step: 0]
[lambda_l1: 0]
[lambda_l2: 0]
[linear_lambda: 0]
[min_gain_to_split: 0]
[drop_rate: 0.1]
[max_drop: 50]
[skip_drop: 0.5]
[xgboost_dart_mode: 0]
[uniform_drop: 0]
[drop_seed: 17869]
[top_rate: 0.2]
[other_rate: 0.1]
[min_data_per_group: 100]
[max_cat_threshold: 32]
[cat_l2: 10]
[cat_smooth: 10]
[max_cat_to_onehot: 4]
[top_k: 20]
[monotone_constraints: ]
[monotone_constraints_method: basic]
[monotone_penalty: 0]
[feature_contri: ]
[forcedsplits_filename: ]
[refit_decay_rate: 0.9]
[tinygbdt_penalty_feature: 2]
[tinygbdt_penalty_split: 1]
[tinygbdt_forestsize: 64000]
[tinygbdt_precision: 1]
[cegb_tradeoff: 1]
[cegb_penalty_split: 0]
[cegb_penalty_feature_lazy: ]
[cegb_penalty_feature_coupled: ]
[path_smooth: 0]
[interaction_constraints: ]
[verbosity: 1]
[saved_feature_importance_type: 0]
[use_quantized_grad: 0]
[num_grad_quant_bins: 4]
[quant_train_renew_leaf: 0]
[stochastic_rounding: 1]
[linear_tree: 0]
[max_bin: 255]
[max_bin_by_feature: ]
[min_data_in_bin: 3]
[bin_construct_sample_cnt: 200000]
[data_random_seed: 175]
[is_enable_sparse: 1]
[enable_bundle: 1]
[use_missing: 1]
[zero_as_missing: 0]
[feature_pre_filter: 1]
[pre_partition: 0]
[two_round: 0]
[header: 0]
[label_column: ]
[weight_column: ]
[group_column: ]
[ignore_column: ]
[categorical_feature: ]
[forcedbins_filename: ]
[precise_float_parser: 0]
[parser_config_file: ]
[objective_seed: 16083]
[num_class: 1]
[is_unbalance: 0]
[scale_pos_weight: 1]
[sigmoid: 1]
[boost_from_average: 1]
[reg_sqrt: 0]
[alpha: 0.9]
[fair_c: 1]
[poisson_max_delta_step: 0.7]
[tweedie_variance_power: 1.5]
[lambdarank_truncation_level: 30]
[lambdarank_norm: 1]
[label_gain: ]
[lambdarank_position_bias_regularization: 0]
[eval_at: ]
[multi_error_top_k: 1]
[auc_mu_weights: ]
[num_machines: 1]
[local_listen_port: 12400]
[time_out: 120]
[machine_list_filename: ]
[machines: ]
[gpu_platform_id: -1]
[gpu_device_id: -1]
[gpu_use_dp: 0]
[num_gpu: 1]

end of parameters
