tree
version=v4
num_class=1
num_tree_per_iteration=1
label_index=0
max_feature_idx=21
objective=binary sigmoid:1
feature_names=Column_0 Column_1 Column_2 Column_3 Column_4 Column_5 Column_6 Column_7 Column_8 Column_9 Column_10 Column_11 Column_12 Column_13 Column_14 Column_15 Column_16 Column_17 Column_18 Column_19 Column_20 Column_21
feature_infos=[0:5] [0:3] [0:9] [0:1] [0:8] [0:1] [0:1] [0:1] [0:11] [0:1] [0:4] [0:3] [0:3] [0:8] [0:8] none [0:3] [0:2] [0:4] [0:8] [0:5] [0:6]
tree_sizes=1802 1799 1791 1793 1786 1800 1706 1245 1710 1327 1633 800 1796 1542 1543 620 1543 621 1077 621 803 804 621 799 537 539 620

Tree=0
num_leaves= 10
num_cat= 0
full_tree_array_lgbids= 0 1 2 5 -3 4 3 -1 -7 -2147483648 -2147483648 -2 -6 7 6 -2147483648 -2147483648 -2147483648 -2147483648 -2147483648 -2147483648 -2147483648 -2147483648 -2147483648 -2147483648 -2147483648 -2147483648 -4 -9 8 -8 -2147483648 -2147483648 -2147483648 -2147483648 -2147483648 -2147483648 -2147483648 -2147483648 -2147483648 -2147483648 -2147483648 -2147483648 -2147483648 -2147483648 -2147483648 -2147483648 -2147483648 -2147483648 -2147483648 -2147483648 -2147483648 -2147483648 -2147483648 -2147483648 -2147483648 -2147483648 -2147483648 -2147483648 -5 -10 -2147483648 -2147483648
split_feature= 8 20 19 7 4 10 9 13 21
split_gain= 2147.68 1131.88 1074.4 716.17 201.098 161.739 108.463 76.7839 40.1913
threshold= 3.5000000000000004 3.5000000000000004 1.5000000000000002 1.0000000180025095e-35 4.5000000000000009 1.0000000180025095e-35 1.0000000180025095e-35 1.5000000000000002 1.5000000000000002
decision_type= 2 2 2 2 2 2 2 2 2
left_child=1 5 4 7 -2 -1 8 -4 -5
right_child=2 -3 3 6 -6 -7 -8 -9 -10
leaf_value= 0.13625295265526666 0.13625295265526666 0.13163457175951537 0.13625295265526666 0.13625295265526666 -0.26425303862428545 -0.26425303862428545 -0.26425303862428545 -0.25853571298010442 -0.037299643565872592
leaf_weight=14.48168098926544 127.58860319852829 541.31524801254272 7.7402088046073905 58.176408112049103 17.228206694126129 104.36797678470612 17.228206694126129 682.13711142539978 52.433672547340393
leaf_count=58 511 2168 31 233 69 418 69 2732 210
model_size=1040
internal_value=-0.0711178 0.0691485 -0.167321 -0.212646 0.0886066 -0.215452 0.0110948 -0.254106 0.053982
internal_weight=0 660.165 962.532 817.716 144.817 118.85 127.838 689.877 110.61
internal_count=6499 2644 3855 3275 580 476 512 2763 443
is_linear=0
shrinkage=1


Tree=1
num_leaves= 10
num_cat= 0
full_tree_array_lgbids= 0 1 2 5 -3 4 3 -1 -7 -2147483648 -2147483648 -2 -6 7 6 -2147483648 -2147483648 -2147483648 -2147483648 -2147483648 -2147483648 -2147483648 -2147483648 -2147483648 -2147483648 -2147483648 -2147483648 -4 -9 8 -8 -2147483648 -2147483648 -2147483648 -2147483648 -2147483648 -2147483648 -2147483648 -2147483648 -2147483648 -2147483648 -2147483648 -2147483648 -2147483648 -2147483648 -2147483648 -2147483648 -2147483648 -2147483648 -2147483648 -2147483648 -2147483648 -2147483648 -2147483648 -2147483648 -2147483648 -2147483648 -2147483648 -2147483648 -5 -10 -2147483648 -2147483648
split_feature= 8 20 19 7 4 10 9 13 1
split_gain= 1745.18 910.923 871.757 582.313 154.483 123.954 79.4387 54.3635 29.3562
threshold= 3.5000000000000004 3.5000000000000004 1.5000000000000002 1.0000000180025095e-35 4.5000000000000009 1.0000000180025095e-35 1.0000000180025095e-35 1.5000000000000002 1.0000000180025095e-35
decision_type= 2 2 2 2 2 2 2 2 2
left_child=1 5 4 7 -2 -1 8 -4 -5
right_child=2 -3 3 6 -6 -7 -8 -9 -10
leaf_value= 0.18726217829300001 0.18726217829300001 0.18303357315159141 0.18726217829300001 -0.0063099339957545537 -0.17677793099633521 -0.17677793099633521 -0.17677793099633521 -0.17141208706049235 0.16833112306567927
leaf_weight=14.432910382747648 127.15891733765602 539.65886926651001 7.7141417562961569 35.162857502698898 16.952329516410828 102.69672083854675 16.952329516410828 671.71291589736938 75.299371302127838
leaf_count=58 511 2168 31 141 69 418 69 2732 302
model_size=1040
internal_value=0 0.126866 -0.087726 -0.129193 0.144439 -0.13192 0.0742188 -0.16734 0.112739
internal_weight=0 656.789 950.953 806.842 144.111 117.13 127.415 679.427 110.462
internal_count=6499 2644 3855 3275 580 476 512 2763 443
is_linear=0
shrinkage=0.1


Tree=2
num_leaves= 10
num_cat= 0
full_tree_array_lgbids= 0 1 2 5 -3 4 3 -1 -7 -2147483648 -2147483648 -2 -6 8 6 -2147483648 -2147483648 -2147483648 -2147483648 -2147483648 -2147483648 -2147483648 -2147483648 -2147483648 -2147483648 -2147483648 -2147483648 -4 -10 7 -8 -2147483648 -2147483648 -2147483648 -2147483648 -2147483648 -2147483648 -2147483648 -2147483648 -2147483648 -2147483648 -2147483648 -2147483648 -2147483648 -2147483648 -2147483648 -2147483648 -2147483648 -2147483648 -2147483648 -2147483648 -2147483648 -2147483648 -2147483648 -2147483648 -2147483648 -2147483648 -2147483648 -2147483648 -5 -9 -2147483648 -2147483648
split_feature= 8 20 19 7 4 10 4 4 13
split_gain= 1442.47 746.651 717.964 480.8 119.982 95.6295 59.2509 38.061 37.3705
threshold= 3.5000000000000004 3.5000000000000004 1.5000000000000002 1.0000000180025095e-35 4.5000000000000009 1.0000000180025095e-35 5.5000000000000009 2.5000000000000004 1.5000000000000002
decision_type= 2 2 2 2 2 2 2 2 2
left_child=1 5 4 8 -2 -1 7 -5 -4
right_child=2 -3 3 6 -6 -7 -8 -9 -10
leaf_value= 0.17236010255125836 0.17236010255125836 0.16827544029991481 0.17236010255125836 0.10294421381851165 -0.16433727988382651 -0.16433727988382651 0.18118277615039513 -0.10472764105395577 -0.15907622354297757
leaf_weight=14.127121359109877 124.46481059491634 528.80166065692902 7.5507027953863135 36.945734888315201 16.43764516711235 99.578777968883514 49.100935265421867 39.979457274079323 652.38357675075531
leaf_count=58 511 2168 31 151 69 418 199 162 2732
model_size=1040
internal_value=0 0.116815 -0.0811481 -0.119554 0.133081 -0.122505 0.0675466 -0.00498672 -0.155284
internal_weight=0 642.508 926.863 785.96 140.902 113.706 126.026 76.9252 659.934
internal_count=6499 2644 3855 3275 580 476 512 313 2763
is_linear=0
shrinkage=0.1


Tree=3
num_leaves= 10
num_cat= 0
full_tree_array_lgbids= 0 1 2 5 -3 4 3 -1 -7 -2147483648 -2147483648 -2 -6 7 6 -2147483648 -2147483648 -2147483648 -2147483648 -2147483648 -2147483648 -2147483648 -2147483648 -2147483648 -2147483648 -2147483648 -2147483648 -4 -9 8 -8 -2147483648 -2147483648 -2147483648 -2147483648 -2147483648 -2147483648 -2147483648 -2147483648 -2147483648 -2147483648 -2147483648 -2147483648 -2147483648 -2147483648 -2147483648 -2147483648 -2147483648 -2147483648 -2147483648 -2147483648 -2147483648 -2147483648 -2147483648 -2147483648 -2147483648 -2147483648 -2147483648 -2147483648 -5 -10 -2147483648 -2147483648
split_feature= 8 20 19 7 4 10 9 13 21
split_gain= 1206.21 619.428 596.709 401.407 92.9446 73.0749 51.2802 23.6011 18.2795
threshold= 3.5000000000000004 3.5000000000000004 1.5000000000000002 1.0000000180025095e-35 4.5000000000000009 1.0000000180025095e-35 1.0000000180025095e-35 1.5000000000000002 1.5000000000000002
decision_type= 2 2 2 2 2 2 2 2 2
left_child=1 5 4 7 -2 -1 8 -4 -5
right_child=2 -3 3 6 -6 -7 -8 -9 -10
leaf_value= 0.1609037703805144 0.1609037703805144 0.15680970282924556 0.1609037703805144 0.17018932750648399 -0.15458733496862687 -0.15458733496862687 -0.16487441731077176 -0.14926698634497582 0.015983426659172861
leaf_weight=13.6439371407032 120.20779101550579 511.58581459522247 7.2924491614103308 56.108075767755508 15.761341184377669 95.481748044490814 16.401857510209084 627.02297377586365 51.771796613931656
leaf_count=58 511 2168 31 233 69 418 69 2732 210
model_size=1040
internal_value=0 0.108999 -0.0758388 -0.111717 0.124333 -0.115142 0.0617326 -0.145701 0.0961856
internal_weight=0 620.711 894.566 758.597 135.969 109.126 124.282 634.315 107.88
internal_count=6499 2644 3855 3275 580 476 512 2763 443
is_linear=0
shrinkage=0.1


Tree=4
num_leaves= 10
num_cat= 0
full_tree_array_lgbids= 0 1 2 5 -3 4 3 -1 -7 -2147483648 -2147483648 -2 -6 8 6 -2147483648 -2147483648 -2147483648 -2147483648 -2147483648 -2147483648 -2147483648 -2147483648 -2147483648 -2147483648 -2147483648 -2147483648 -4 -10 7 -8 -2147483648 -2147483648 -2147483648 -2147483648 -2147483648 -2147483648 -2147483648 -2147483648 -2147483648 -2147483648 -2147483648 -2147483648 -2147483648 -2147483648 -2147483648 -2147483648 -2147483648 -2147483648 -2147483648 -2147483648 -2147483648 -2147483648 -2147483648 -2147483648 -2147483648 -2147483648 -2147483648 -2147483648 -5 -9 -2147483648 -2147483648
split_feature= 8 20 19 7 4 10 4 20 13
split_gain= 1018.15 518.63 499.857 337.36 71.5579 55.0644 38.5814 23.5099 12.578
threshold= 3.5000000000000004 3.5000000000000004 1.5000000000000002 1.0000000180025095e-35 4.5000000000000009 1.0000000180025095e-35 5.5000000000000009 3.5000000000000004 1.5000000000000002
decision_type= 2 2 2 2 2 2 2 2 2
left_child=1 5 4 8 -2 -1 7 -5 -4
right_child=2 -3 3 6 -6 -7 -8 -9 -10
leaf_value= 0.15185187516794491 0.15185187516794491 0.1476414249541286 0.15185187516794491 0.16843763974126813 -0.14676872362570559 -0.14676872362570559 0.16290926540628103 -0.06200583945744409 -0.14126879850160642
leaf_weight=13.042239397764204 114.90662641823292 490.1167916059494 6.970852091908454 17.12907537817955 14.980887696146963 90.75378343462944 46.698561310768127 57.680425584316254 597.77432417869568
leaf_count=58 511 2168 31 72 69 418 199 241 2732
model_size=1040
internal_value=0 0.102746 -0.0715092 -0.105297 0.11741 -0.109246 0.0569204 -0.00924137 -0.13789
internal_weight=0 593.913 856.141 726.253 129.888 103.796 121.508 74.8095 604.745
internal_count=6499 2644 3855 3275 580 476 512 313 2763
is_linear=0
shrinkage=0.1


Tree=5
num_leaves= 10
num_cat= 0
full_tree_array_lgbids= 0 1 2 5 -3 4 3 -1 -7 -2147483648 -2147483648 -2 -6 8 6 -2147483648 -2147483648 -2147483648 -2147483648 -2147483648 -2147483648 -2147483648 -2147483648 -2147483648 -2147483648 -2147483648 -2147483648 -4 -10 7 -8 -2147483648 -2147483648 -2147483648 -2147483648 -2147483648 -2147483648 -2147483648 -2147483648 -2147483648 -2147483648 -2147483648 -2147483648 -2147483648 -2147483648 -2147483648 -2147483648 -2147483648 -2147483648 -2147483648 -2147483648 -2147483648 -2147483648 -2147483648 -2147483648 -2147483648 -2147483648 -2147483648 -2147483648 -5 -9 -2147483648 -2147483648
split_feature= 8 20 19 7 4 10 9 21 13
split_gain= 864.891 436.932 420.451 285.391 54.1043 40.2286 26.6148 8.64749 3.41133
threshold= 3.5000000000000004 3.5000000000000004 1.5000000000000002 1.0000000180025095e-35 4.5000000000000009 1.0000000180025095e-35 1.0000000180025095e-35 1.5000000000000002 1.5000000000000002
decision_type= 2 2 2 2 2 2 2 2 2
left_child=1 5 4 8 -2 -1 7 -5 -4
right_child=2 -3 3 6 -6 -7 -8 -9 -10
leaf_value= 0.14454675775689577 0.14454675775689577 0.14013768328774553 0.14454675775689577 0.15570592523777094 -0.14038449805642142 -0.14038449805642142 -0.15176394038718366 0.0082017486463181726 -0.13460902529786994
leaf_weight=12.365946739912031 108.9482548981905 465.96678173542023 6.6093853265047064 52.479328766465187 14.139219447970389 85.654981583356857 15.435059905052183 50.773099780082703 566.24058312177658
leaf_count=58 511 2168 31 233 69 418 69 210 2732
model_size=1040
internal_value=0 0.0976304 -0.0678315 -0.0998072 0.111816 -0.104439 0.0526196 0.0831726 -0.131388
internal_weight=0 563.988 814.625 691.537 123.087 98.0209 118.687 103.252 572.85
internal_count=6499 2644 3855 3275 580 476 512 443 2763
is_linear=0
shrinkage=0.1


Tree=6
num_leaves= 9
num_cat= 0
full_tree_array_lgbids= 0 1 2 5 -3 4 3 -1 -7 -2147483648 -2147483648 -2 -6 -4 6 -2147483648 -2147483648 -2147483648 -2147483648 -2147483648 -2147483648 -2147483648 -2147483648 -2147483648 -2147483648 -2147483648 -2147483648 -2147483648 -2147483648 7 -8 -2147483648 -2147483648 -2147483648 -2147483648 -2147483648 -2147483648 -2147483648 -2147483648 -2147483648 -2147483648 -2147483648 -2147483648 -2147483648 -2147483648 -2147483648 -2147483648 -2147483648 -2147483648 -2147483648 -2147483648 -2147483648 -2147483648 -2147483648 -2147483648 -2147483648 -2147483648 -2147483648 -2147483648 -5 -9 -2147483648 -2147483648
split_feature= 8 20 19 7 4 10 4 21
split_gain= 738.542 369.61 354.826 241.702 39.6061 27.8073 23.8599 15.7062
threshold= 3.5000000000000004 3.5000000000000004 1.5000000000000002 1.0000000180025095e-35 4.5000000000000009 1.0000000180025095e-35 5.5000000000000009 1.5000000000000002
decision_type= 2 2 2 2 2 2 2 2
left_child=1 5 4 -4 -2 -1 7 -5
right_child=2 -3 3 6 -6 -7 -8 -9
leaf_value= 0.13855140791954978 0.13855140791954978 0.13387504904060721 -0.12587675464029266 0.058600415971375011 -0.13509509769210032 -0.13509509769210032 0.15079833911715412 -0.13782522773546024
leaf_weight=11.647865027189253 102.62170739471912 440.31109929084778 539.84282268583775 45.8089849203825 13.268332377076147 80.379172950983047 43.377158537507057 26.055332884192467
leaf_count=58 511 2168 2763 208 69 418 199 105
model_size=928
internal_value=0 0.0933648 -0.0647145 -0.0951314 0.107221 -0.10046 0.0488934 -0.0126162
internal_weight=0 532.338 770.974 655.084 115.89 92.027 115.241 71.8643
internal_count=6499 2644 3855 3275 580 476 512 313
is_linear=0
shrinkage=0.1


Tree=7
num_leaves= 8
num_cat= 0
full_tree_array_lgbids= 0 1 2 5 -3 4 3 -1 -7 -2147483648 -2147483648 -2 -6 -4 6 -2147483648 -2147483648 -2147483648 -2147483648 -2147483648 -2147483648 -2147483648 -2147483648 -2147483648 -2147483648 -2147483648 -2147483648 -2147483648 -2147483648 -5 -8
split_feature= 8 20 19 7 4 10 9
split_gain= 631.845 313.38 298.696 204.373 27.3854 17.2652 14.6393
threshold= 3.5000000000000004 3.5000000000000004 1.5000000000000002 1.0000000180025095e-35 4.5000000000000009 1.0000000180025095e-35 1.0000000180025095e-35
decision_type= 2 2 2 2 2 2 2
left_child=1 5 4 -4 -2 -1 -5
right_child=2 -3 3 6 -6 -7 -8
leaf_value= 0.13356356395996258 0.13356356395996258 0.12855856953112202 -0.12074535539541245 0.074818468878888572 -0.13066022980921915 -0.13066022980921915 -0.14717989877992074
leaf_weight=10.912395119667051 96.14196389913559 414.02451848983765 508.14844311773777 97.410984843969345 12.391892105340956 75.069723188877106 14.95377905666828
leaf_count=58 511 2168 2763 443 69 418 69
model_size=816
internal_value=0 0.0897494 -0.0617894 -0.0906819 0.103396 -0.0971263 0.0452744
internal_weight=0 500.007 729.047 620.513 108.534 85.9821 112.365
internal_count=6499 2644 3855 3275 580 476 512
is_linear=0
shrinkage=0.1


Tree=8
num_leaves= 9
num_cat= 0
full_tree_array_lgbids= 0 1 2 6 -3 4 3 -1 -8 -2147483648 -2147483648 -2 -6 -4 5 -2147483648 -2147483648 -2147483648 -2147483648 -2147483648 -2147483648 -2147483648 -2147483648 -2147483648 -2147483648 -2147483648 -2147483648 -2147483648 -2147483648 7 -7 -2147483648 -2147483648 -2147483648 -2147483648 -2147483648 -2147483648 -2147483648 -2147483648 -2147483648 -2147483648 -2147483648 -2147483648 -2147483648 -2147483648 -2147483648 -2147483648 -2147483648 -2147483648 -2147483648 -2147483648 -2147483648 -2147483648 -2147483648 -2147483648 -2147483648 -2147483648 -2147483648 -2147483648 -5 -9 -2147483648 -2147483648
split_feature= 8 20 19 7 4 4 10 21
split_gain= 541.855 266.011 251.228 172.404 17.0815 11.2181 8.33869 6.92966
threshold= 3.5000000000000004 3.5000000000000004 1.5000000000000002 1.0000000180025095e-35 4.5000000000000009 5.5000000000000009 1.0000000180025095e-35 1.5000000000000002
decision_type= 2 2 2 2 2 2 2 2
left_child=1 6 4 -4 -2 7 -1 -5
right_child=2 -3 3 5 -6 -7 -8 -9
leaf_value= 0.12936717161346731 0.12936717161346731 0.12397573686413772 -0.11617337435345479 0.054731581705453058 -0.12690484179902931 0.14073919541783594 -0.12690484179902931 -0.13207430075743984
leaf_weight=10.177520692348478 89.667466789484024 387.75211989879608 476.9488912820816 43.935494124889374 11.527180284261702 39.802697271108627 69.83132404088974 25.949210405349731
leaf_count=58 511 2168 2763 208 69 199 418 105
model_size=928
internal_value=0 0.0866395 -0.0591604 -0.0866457 0.100175 0.041748 -0.0943058 -0.0146322
internal_weight=0 467.761 687.831 586.636 101.195 109.687 80.0088 69.8847
internal_count=6499 2644 3855 3275 580 512 476 313
is_linear=0
shrinkage=0.1


Tree=9
num_leaves= 9
num_cat= 0
full_tree_array_lgbids= 0 1 2 7 -3 4 3 -1 -9 -2147483648 -2147483648 -2 -6 6 5 -2147483648 -2147483648 -2147483648 -2147483648 -2147483648 -2147483648 -2147483648 -2147483648 -2147483648 -2147483648 -2147483648 -2147483648 -4 -8 -5 -7
split_feature= 8 20 19 7 4 9 13 10
split_gain= 464.987 225.518 210.66 144.922 8.08704 4.35531 0.818896 0.488898
threshold= 3.5000000000000004 3.5000000000000004 1.5000000000000002 1.0000000180025095e-35 4.5000000000000009 1.0000000180025095e-35 1.5000000000000002 1.0000000180025095e-35
decision_type= 2 2 2 2 2 2 2 2
left_child=1 7 4 6 -2 -5 -4 -1
right_child=2 -3 3 5 -6 -7 -8 -9
leaf_value= 0.12580350276737742 0.12580350276737742 0.1199690616077678 0.15541154890017683 0.067326370008207459 -0.12369825373571018 -0.14303180411044214 -0.11636199623771284 -0.12369825373571018
leaf_weight=9.456299960613249 83.313263446092606 361.96256256103516 7.112059921026229 92.11819115281105 10.686567977070807 14.437420412898062 439.56771802902222 64.738919049501419
leaf_count=58 511 2168 31 443 69 69 2732 418
model_size=928
internal_value=0 0.083928 -0.0567761 -0.0829786 0.0974384 0.0388245 -0.112035 -0.0918989
internal_weight=0 436.158 647.235 553.235 93.9998 106.556 446.68 74.1952
internal_count=6499 2644 3855 3275 580 512 2763 476
is_linear=0
shrinkage=0.1


Tree=10
num_leaves= 8
num_cat= 0
full_tree_array_lgbids= 0 1 2 -1 -3 6 3 -2147483648 -2147483648 -2147483648 -2147483648 -2 -8 4 -5 -2147483648 -2147483648 -2147483648 -2147483648 -2147483648 -2147483648 -2147483648 -2147483648 -2147483648 -2147483648 -2147483648 -2147483648 5 -6 -2147483648 -2147483648 -2147483648 -2147483648 -2147483648 -2147483648 -2147483648 -2147483648 -2147483648 -2147483648 -2147483648 -2147483648 -2147483648 -2147483648 -2147483648 -2147483648 -2147483648 -2147483648 -2147483648 -2147483648 -2147483648 -2147483648 -2147483648 -2147483648 -2147483648 -2147483648 -4 -7 -2147483648 -2147483648 -2147483648 -2147483648 -2147483648 -2147483648
split_feature= 8 20 19 4 9 21 4
split_gain= 399.633 190.716 176.327 124.39 3.3781 108.614 0.257796
threshold= 3.5000000000000004 3.5000000000000004 1.5000000000000002 5.5000000000000009 1.0000000180025095e-35 1.0000000180025095e-35 4.5000000000000009
decision_type= 2 2 2 2 2 2 2
left_child=1 -1 6 4 5 -4 -2
right_child=2 -3 3 -5 -6 -7 -8
leaf_value= -0.089830191679471261 0.12275322415096231 0.11641885008688807 0.13529916897262576 0.13322242010924737 -0.123155056322792 -0.098151989654769331 -0.12094088198253522
leaf_weight=68.602590173482895 77.161034539341927 336.98878920078278 36.251961022615433 36.116538047790527 291.26860201358795 156.24587754905224 9.8786517977714521
leaf_count=476 511 2168 177 199 1923 976 69
model_size=816
internal_value=0 0.0815334 -0.0547246 -0.0798077 -0.0957119 -0.0541875 0.0950949
internal_weight=0 405.591 606.923 519.883 483.766 192.498 87.0397
internal_count=6499 2644 3855 3275 3076 1153 580
is_linear=0
shrinkage=0.1


Tree=11
num_leaves= 5
num_cat= 0
full_tree_array_lgbids= 0 1 2 -1 -3 -2 3 -2147483648 -2147483648 -2147483648 -2147483648 -2147483648 -2147483648 -4 -5
split_feature= 8 20 19 4
split_gain= 342.326 159.714 147.279 101.279
threshold= 3.5000000000000004 3.5000000000000004 1.5000000000000002 5.5000000000000009
decision_type= 2 2 2 2
left_child=1 -1 -2 -4
right_child=2 -3 3 -5
leaf_value= -0.084722162362054806 0.093074806910841176 0.11323209651783719 -0.092701673837839671 0.12914802785894788
leaf_weight=65.623535722494125 80.375949159264565 313.05949199199677 451.31349125504494 33.656849727034569
leaf_count=476 580 2168 3076 199
model_size=480
internal_value=0 0.0789278 -0.0530822 -0.0773053
internal_weight=0 378.683 565.346 484.97
internal_count=6499 2644 3855 3275
is_linear=0
shrinkage=0.1


Tree=12
num_leaves= 10
num_cat= 0
full_tree_array_lgbids= 0 1 2 -1 7 3 4 -2147483648 -2147483648 -3 8 -2 -5 5 -6 -2147483648 -2147483648 -2147483648 -2147483648 -2147483648 -2147483648 -9 -10 -2147483648 -2147483648 -2147483648 -2147483648 -4 6 -2147483648 -2147483648 -2147483648 -2147483648 -2147483648 -2147483648 -2147483648 -2147483648 -2147483648 -2147483648 -2147483648 -2147483648 -2147483648 -2147483648 -2147483648 -2147483648 -2147483648 -2147483648 -2147483648 -2147483648 -2147483648 -2147483648 -2147483648 -2147483648 -2147483648 -2147483648 -2147483648 -2147483648 -7 -8 -2147483648 -2147483648 -2147483648 -2147483648
split_feature= 8 20 4 4 4 19 19 21 1
split_gain= 289.895 133.274 121.031 102.208 92.6581 14.9092 181.063 0.856848 9.25445
threshold= 3.5000000000000004 3.5000000000000004 2.5000000000000004 1.0000000180025095e-35 5.5000000000000009 4.5000000000000009 5.5000000000000009 4.5000000000000009 1.5000000000000002
decision_type= 2 2 2 2 2 2 2 2 2
left_child=1 -1 3 -2 5 -4 -7 -3 -9
right_child=2 7 4 -5 -6 6 -8 8 -10
leaf_value= -0.079741423929559976 -0.12111862545452284 0.1157969107629868 -0.12009751106318028 0.12324314962441972 0.12567125820393307 0.63880304196138038 -0.061682293877895582 -0.62780762420738823 0.11894629467580245
leaf_weight=62.895860880613327 36.763337895274162 285.77017331123352 305.79413007199764 89.70027232170105 31.252729684114456 5.149448186159133 67.700794860720634 2.1426067352294913 2.4104325771331787
leaf_count=476 264 2134 2296 627 199 39 430 16 18
model_size=1040
internal_value=0 0.0764893 -0.0504917 0.0522065 -0.0821767 -0.0993322 -0.0121682 0.110335 -0.232467
internal_weight=0 353.219 536.361 126.464 409.897 378.644 72.8502 290.323 4.55304
internal_count=6499 2644 3855 891 2964 2765 469 2168 34
is_linear=0
shrinkage=0.1


Tree=13
num_leaves= 7
num_cat= 0
full_tree_array_lgbids= 0 2 1 -1 -4 3 -3 -2147483648 -2147483648 -2147483648 -2147483648 -2 4 -2147483648 -2147483648 -2147483648 -2147483648 -2147483648 -2147483648 -2147483648 -2147483648 -2147483648 -2147483648 -2147483648 -2147483648 -5 5 -2147483648 -2147483648 -2147483648 -2147483648 -2147483648 -2147483648 -2147483648 -2147483648 -2147483648 -2147483648 -2147483648 -2147483648 -2147483648 -2147483648 -2147483648 -2147483648 -2147483648 -2147483648 -2147483648 -2147483648 -2147483648 -2147483648 -2147483648 -2147483648 -2147483648 -2147483648 -6 -7 -2147483648 -2147483648 -2147483648 -2147483648 -2147483648 -2147483648 -2147483648 -2147483648
split_feature= 4 4 4 19 19 12
split_gain= 250.397 450.733 139.968 7.04059 79.7069 19.1453
threshold= 2.5000000000000004 5.5000000000000009 1.0000000180025095e-35 4.5000000000000009 5.5000000000000009 2.5000000000000004
decision_type= 2 2 2 2 2 2
left_child=2 3 -1 -2 -5 -6
right_child=1 -3 -4 4 5 -7
leaf_value= -0.11833371860516334 -0.12246670291216376 0.11804911021689959 0.11869529415852001 0.32070530058843438 -0.11460707520068536 0.12729167839346542
leaf_weight=40.624587491154671 310.0586603730917 143.07910962402821 241.23086751997471 9.8529163300991041 69.652126327157021 15.584785029292105
leaf_count=320 2523 1123 1885 58 516 74
model_size=704
internal_value=0 -0.0436323 0.0845317 -0.10073 -0.0298552 -0.0703781
internal_weight=0 548.228 281.855 405.148 95.0898 85.2369
internal_count=6499 4294 2205 3171 648 590
is_linear=0
shrinkage=0.1


Tree=14
num_leaves= 7
num_cat= 0
full_tree_array_lgbids= 0 2 1 -1 -4 3 -3 -2147483648 -2147483648 -2147483648 -2147483648 -2 4 -2147483648 -2147483648 -2147483648 -2147483648 -2147483648 -2147483648 -2147483648 -2147483648 -2147483648 -2147483648 -2147483648 -2147483648 -5 5 -2147483648 -2147483648 -2147483648 -2147483648 -2147483648 -2147483648 -2147483648 -2147483648 -2147483648 -2147483648 -2147483648 -2147483648 -2147483648 -2147483648 -2147483648 -2147483648 -2147483648 -2147483648 -2147483648 -2147483648 -2147483648 -2147483648 -2147483648 -2147483648 -2147483648 -2147483648 -6 -7 -2147483648 -2147483648 -2147483648 -2147483648 -2147483648 -2147483648 -2147483648 -2147483648
split_feature= 4 4 4 19 19 12
split_gain= 215.119 391.882 117.174 1.60621 50.1225 8.20947
threshold= 2.5000000000000004 5.5000000000000009 1.0000000180025095e-35 4.5000000000000009 5.5000000000000009 2.5000000000000004
decision_type= 2 2 2 2 2 2
left_child=2 3 -1 -2 -5 -6
right_child=1 -3 -4 4 5 -7
leaf_value= -0.11631614099845758 -0.12063527299255522 0.11605361408590507 0.11664149039027011 0.27199929101892745 -0.11149412959748661 0.11744707803742414
leaf_weight=37.363392189145088 284.59234841912985 131.57468119263649 221.91997449100018 10.420792624354361 64.693296104669571 15.221094161272047
leaf_count=320 2523 1123 1885 58 516 74
model_size=704
internal_value=0 -0.04275 0.0830717 -0.0984795 -0.0286799 -0.0678883
internal_weight=0 506.502 259.283 374.928 90.3352 79.9144
internal_count=6499 4294 2205 3171 648 590
is_linear=0
shrinkage=0.1


Tree=15
num_leaves= 4
num_cat= 0
full_tree_array_lgbids= 0 2 1 -1 -4 -2 -3
split_feature= 4 4 4
split_gain= 184.246 340.479 97.2439
threshold= 2.5000000000000004 5.5000000000000009 1.0000000180025095e-35
decision_type= 2 2 2
left_child=2 -2 -1
right_child=1 -3 -4
leaf_value= -0.11454786221232459 -0.096435896820897316 0.11430621153269045 0.11484126344215795
leaf_weight=34.302832886576653 346.38746675103903 120.78001739084721 203.78724458813667
leaf_count=320 3171 1123 1885
model_size=368
internal_value=0 -0.0419513 0.081792
internal_weight=0 467.167 238.09
internal_count=6499 4294 2205
is_linear=0
shrinkage=0.1


Tree=16
num_leaves= 7
num_cat= 0
full_tree_array_lgbids= 0 2 1 -1 -4 3 -3 -2147483648 -2147483648 -2147483648 -2147483648 -2 4 -2147483648 -2147483648 -2147483648 -2147483648 -2147483648 -2147483648 -2147483648 -2147483648 -2147483648 -2147483648 -2147483648 -2147483648 -5 5 -2147483648 -2147483648 -2147483648 -2147483648 -2147483648 -2147483648 -2147483648 -2147483648 -2147483648 -2147483648 -2147483648 -2147483648 -2147483648 -2147483648 -2147483648 -2147483648 -2147483648 -2147483648 -2147483648 -2147483648 -2147483648 -2147483648 -2147483648 -2147483648 -2147483648 -2147483648 -6 -7 -2147483648 -2147483648 -2147483648 -2147483648 -2147483648 -2147483648 -2147483648 -2147483648
split_feature= 4 4 4 19 19 12
split_gain= 156.132 291.523 80.0218 2.23623 29.9456 1.05278
threshold= 2.5000000000000004 5.5000000000000009 1.0000000180025095e-35 4.5000000000000009 5.5000000000000009 2.5000000000000004
decision_type= 2 2 2 2 2 2
left_child=2 3 -1 -2 -5 -6
right_child=1 -3 -4 4 5 -7
leaf_value= -0.1129924638759362 -0.11789844515384058 0.11277042668687094 0.11325749663226287 0.24863182929766717 -0.10612657113116696 0.11585647456168405
leaf_weight=31.443790696561337 242.72220244258642 110.6981253027916 186.84034094959497 10.655630923807619 56.138450369238853 15.154623091220854
leaf_count=320 2523 1123 1885 58 516 74
model_size=704
internal_value=0 -0.0406225 0.0806662 -0.0929226 -0.0189471 -0.0589401
internal_weight=0 435.369 218.284 324.671 81.9487 71.2931
internal_count=6499 4294 2205 3171 648 590
is_linear=0
shrinkage=0.1


Tree=17
num_leaves= 4
num_cat= 0
full_tree_array_lgbids= 0 2 1 -1 -4 -2 -3
split_feature= 4 4 4
split_gain= 132.185 252.023 64.4241
threshold= 2.5000000000000004 5.5000000000000009 1.0000000180025095e-35
decision_type= 2 2 2
left_child=2 -2 -1
right_child=1 -3 -4
leaf_value= -0.11162000369682215 -0.09114897546292472 0.11141631579611094 0.11185969358438741
leaf_weight=28.783398821949959 299.49864680320024 101.31867378205061 171.06427364051342
leaf_count=320 3171 1123 1885
model_size=368
internal_value=0 -0.0399445 0.0796727
internal_weight=0 400.817 199.848
internal_count=6499 4294 2205
is_linear=0
shrinkage=0.1


Tree=18
num_leaves= 6
num_cat= 0
full_tree_array_lgbids= 0 2 1 -1 -4 3 -3 -2147483648 -2147483648 -2147483648 -2147483648 -2 4 -2147483648 -2147483648 -2147483648 -2147483648 -2147483648 -2147483648 -2147483648 -2147483648 -2147483648 -2147483648 -2147483648 -2147483648 -5 -6 -2147483648 -2147483648 -2147483648 -2147483648
split_feature= 4 4 4 19 19
split_gain= 110.14 213.708 50.9244 2.4339 13.2937
threshold= 2.5000000000000004 5.5000000000000009 1.0000000180025095e-35 4.5000000000000009 5.5000000000000009
decision_type= 2 2 2 2 2
left_child=2 3 -1 -2 -5
right_child=1 -3 -4 4 -6
leaf_value= -0.11040559864272466 -0.11576048921218261 0.11021901889285593 0.11062257612216995 0.22977044253739712 -0.050319267407897716
leaf_weight=26.316080257296562 206.69092853367329 92.621738366782665 156.42759644240141 10.79479545354843 63.728986315429211
leaf_count=320 2523 1123 1885 58 590
model_size=592
internal_value=0 -0.0386384 0.0787933 -0.0876665 -0.00974818
internal_weight=0 373.836 182.744 281.215 74.5238
internal_count=6499 4294 2205 3171 648
is_linear=0
shrinkage=0.1


Tree=19
num_leaves= 4
num_cat= 0
full_tree_array_lgbids= 0 2 1 -1 -4 -2 -3
split_feature= 4 4 4
split_gain= 91.0419 181.708 38.6668
threshold= 2.5000000000000004 5.5000000000000009 1.0000000180025095e-35
decision_type= 2 2 2
left_child=2 -2 -1
right_child=1 -3 -4
leaf_value= -0.10932845522993793 -0.085264002593449961 0.10915775224342071 0.10952499942881716
leaf_weight=24.034358933568001 261.52781953290105 84.580677680671215 142.88730536401272
leaf_count=320 3171 1123 1885
model_size=368
internal_value=0 -0.037752 0.0780132
internal_weight=0 346.108 166.922
internal_count=6499 4294 2205
is_linear=0
shrinkage=0.1


Tree=20
num_leaves= 5
num_cat= 0
full_tree_array_lgbids= 0 2 1 -1 -4 3 -3 -2147483648 -2147483648 -2147483648 -2147483648 -2 -5 -2147483648 -2147483648
split_feature= 4 4 4 19
split_gain= 73.612 151.628 27.957 4.15909
threshold= 2.5000000000000004 5.5000000000000009 1.0000000180025095e-35 4.5000000000000009
decision_type= 2 2 2 2
left_child=2 3 -1 -2
right_child=1 -3 -4 -5
leaf_value= -0.10837099839707197 -0.11405849970012905 0.10821500035173517 0.10854911284632643 -0.00069158196548152722
leaf_weight=21.929488629102707 176.1002491787076 77.164366811513901 130.39262747764587 70.241683602333069
leaf_count=320 2523 1123 1885 648
model_size=480
internal_value=0 -0.0364258 0.0773196 -0.0817332
internal_weight=0 323.506 152.322 246.342
internal_count=6499 4294 2205 3171
is_linear=0
shrinkage=0.1


Tree=21
num_leaves= 5
num_cat= 0
full_tree_array_lgbids= 0 2 1 -1 -4 3 -3 -2147483648 -2147483648 -2147483648 -2147483648 -2 -5 -2147483648 -2147483648
split_feature= 4 4 4 19
split_gain= 58.4435 126.123 18.2557 0.92097
threshold= 2.5000000000000004 5.5000000000000009 1.0000000180025095e-35 4.5000000000000009
decision_type= 2 2 2 2
left_child=2 3 -1 -2
right_child=1 -3 -4 -5
leaf_value= -0.10751834301269531 -0.11321413765774412 0.10737591467600338 0.10767979850759152 -0.00062262275480403132
leaf_weight=19.991932325065136 160.46987663581967 70.338910102844238 118.88790724053979 70.220144182443619
leaf_count=320 2523 1123 1885 648
model_size=480
internal_value=0 -0.0354068 0.0767017 -0.0789422
internal_weight=0 301.029 138.88 230.69
internal_count=6499 4294 2205 3171
is_linear=0
shrinkage=0.1


Tree=22
num_leaves= 4
num_cat= 0
full_tree_array_lgbids= 0 2 1 -1 -4 -2 -3
split_feature= 4 4 4
split_gain= 44.8921 103.493 9.54741
threshold= 2.5000000000000004 5.5000000000000009 1.0000000180025095e-35
decision_type= 2 2 2
left_child=2 -2 -1
right_child=1 -3 -4
leaf_value= -0.10675772915159439 -0.076140363333944278 0.10662782125633558 0.10690412352834255
leaf_weight=18.211741179227829 216.34081765636802 64.068985514342785 108.31486975774169
leaf_count=320 3171 1123 1885
model_size=368
internal_value=0 -0.0343809 0.0761505
internal_weight=0 280.41 126.527
internal_count=6499 4294 2205
is_linear=0
shrinkage=0.1


Tree=23
num_leaves= 5
num_cat= 0
full_tree_array_lgbids= 0 3 1 -1 -5 2 -3 -2147483648 -2147483648 -2147483648 -2147483648 -2 -4 -2147483648 -2147483648
split_feature= 4 4 19 4
split_gain= 32.4855 82.5208 2.29999 1.83714
threshold= 2.5000000000000004 5.5000000000000009 4.5000000000000009 1.0000000180025095e-35
decision_type= 2 2 2 2
left_child=3 2 -2 -1
right_child=1 -3 -4 -5
leaf_value= -0.10607822371284821 -0.11196373431778948 0.10595982227879355 0.0071649953261908378 0.10621097453259927
leaf_weight=16.578829560428858 137.14068061113358 58.31881494820118 67.859180524945259 98.614280082285404
leaf_count=320 2523 1123 648 1885
model_size=480
internal_value=0 -0.0329985 -0.0725297 0.0756579
internal_weight=0 263.319 205 115.193
internal_count=6499 4294 3171 2205
is_linear=0
shrinkage=0.1


Tree=24
num_leaves= 3
num_cat= 0
full_tree_array_lgbids= 0 -1 1 -2147483648 -2147483648 -2 -3
split_feature= 8 4
split_gain= 21.9295 33.594
threshold= 1.0000000180025095e-35 2.5000000000000004
decision_type= 2 2
left_child=-1 -2
right_child=1 -3
leaf_value= 0.10497336105315745 0.067616455333833161 -0.05998223853591414
leaf_weight=63.095281966030598 83.476909343153238 204.16496703401208
leaf_count=1398 1731 3370
model_size=256
internal_value=0 -0.0229517
internal_weight=0 287.642
internal_count=6499 5101
is_linear=0
shrinkage=0.1


Tree=25
num_leaves= 3
num_cat= 0
full_tree_array_lgbids= 0 -1 1 -2147483648 -2147483648 -2 -3
split_feature= 8 4
split_gain= 12.1363 18.1793
threshold= 1.0000000180025095e-35 2.5000000000000004
decision_type= 2 2
left_child=-1 -2
right_child=1 -3
leaf_value= 0.10447775935491677 0.063313452393716496 -0.056127640341864328
leaf_weight=57.347970351576805 80.401803161948919 196.76593429967761
leaf_count=1398 1731 3370
model_size=256
internal_value=0 -0.0214797
internal_weight=0 277.168
internal_count=6499 5101
is_linear=0
shrinkage=0.1


Tree=26
num_leaves= 4
num_cat= 0
full_tree_array_lgbids= 0 1 2 -1 -3 -2 -4
split_feature= 11 6 4
split_gain= 5.00048 24.8623 0.504453
threshold= 1.5000000000000002 1.0000000180025095e-35 5.5000000000000009
decision_type= 2 2 2
left_child=1 -1 -2
right_child=2 -3 -4
leaf_value= 0.112417017795984 -0.054758729976778886 -0.10833072408472857 0.10557648171777952
leaf_weight=84.78782544285059 183.12797518074512 23.149376288056374 28.945192612707615
leaf_count=1914 3499 446 640
model_size=368
internal_value=0 0.0650731 -0.0328751
internal_weight=0 107.937 212.073
internal_count=6499 2360 4139
is_linear=0
shrinkage=0.1


end of trees

feature_importances:
Column_4=57
Column_19=25
Column_8=15
Column_20=14
Column_7=10
Column_10=10
Column_9=7
Column_13=7
Column_21=7
Column_12=3
Column_1=2
Column_6=1
Column_11=1

parameters:
[boosting: gbdt]
[objective: binary]
[metric: auc, binary_logloss, rmse, l1, l2, mape, huber]
[tree_learner: serial]
[device_type: cpu]
[data_sample_strategy: bagging]
[data: data/kr-vs-kp.libsvm.train]
[valid: data/kr-vs-kp.libsvm.test]
[num_iterations: 5000]
[learning_rate: 0.1]
[num_leaves: 255]
[num_threads: 1]
[seed: 42]
[deterministic: 0]
[force_col_wise: 0]
[force_row_wise: 0]
[histogram_pool_size: -1]
[max_depth: 5]
[min_data_in_leaf: 10]
[min_sum_hessian_in_leaf: 0.001]
[bagging_fraction: 1]
[pos_bagging_fraction: 1]
[neg_bagging_fraction: 1]
[bagging_freq: 0]
[bagging_seed: 400]
[feature_fraction: 1]
[feature_fraction_bynode: 1]
[feature_fraction_seed: 30056]
[extra_trees: 0]
[extra_seed: 12879]
[early_stopping_round: 0]
[early_stopping_min_delta: 0]
[first_metric_only: 0]
[max_delta_step: 0]
[lambda_l1: 0]
[lambda_l2: 0]
[linear_lambda: 0]
[min_gain_to_split: 0]
[drop_rate: 0.1]
[max_drop: 50]
[skip_drop: 0.5]
[xgboost_dart_mode: 0]
[uniform_drop: 0]
[drop_seed: 17869]
[top_rate: 0.2]
[other_rate: 0.1]
[min_data_per_group: 100]
[max_cat_threshold: 32]
[cat_l2: 10]
[cat_smooth: 10]
[max_cat_to_onehot: 4]
[top_k: 20]
[monotone_constraints: ]
[monotone_constraints_method: basic]
[monotone_penalty: 0]
[feature_contri: ]
[forcedsplits_filename: ]
[refit_decay_rate: 0.9]
[tinygbdt_penalty_feature: 2]
[tinygbdt_penalty_split: 0.125]
[tinygbdt_forestsize: 64000]
[tinygbdt_precision: 1]
[cegb_tradeoff: 1]
[cegb_penalty_split: 0]
[cegb_penalty_feature_lazy: ]
[cegb_penalty_feature_coupled: ]
[path_smooth: 0]
[interaction_constraints: ]
[verbosity: 1]
[saved_feature_importance_type: 0]
[use_quantized_grad: 0]
[num_grad_quant_bins: 4]
[quant_train_renew_leaf: 0]
[stochastic_rounding: 1]
[linear_tree: 0]
[max_bin: 255]
[max_bin_by_feature: ]
[min_data_in_bin: 3]
[bin_construct_sample_cnt: 200000]
[data_random_seed: 175]
[is_enable_sparse: 1]
[enable_bundle: 1]
[use_missing: 1]
[zero_as_missing: 0]
[feature_pre_filter: 1]
[pre_partition: 0]
[two_round: 0]
[header: 0]
[label_column: ]
[weight_column: ]
[group_column: ]
[ignore_column: ]
[categorical_feature: ]
[forcedbins_filename: ]
[precise_float_parser: 0]
[parser_config_file: ]
[objective_seed: 16083]
[num_class: 1]
[is_unbalance: 0]
[scale_pos_weight: 1]
[sigmoid: 1]
[boost_from_average: 1]
[reg_sqrt: 0]
[alpha: 0.9]
[fair_c: 1]
[poisson_max_delta_step: 0.7]
[tweedie_variance_power: 1.5]
[lambdarank_truncation_level: 30]
[lambdarank_norm: 1]
[label_gain: ]
[lambdarank_position_bias_regularization: 0]
[eval_at: ]
[multi_error_top_k: 1]
[auc_mu_weights: ]
[num_machines: 1]
[local_listen_port: 12400]
[time_out: 120]
[machine_list_filename: ]
[machines: ]
[gpu_platform_id: -1]
[gpu_device_id: -1]
[gpu_use_dp: 0]
[num_gpu: 1]

end of parameters
