tree
version=v4
num_class=1
num_tree_per_iteration=1
label_index=0
max_feature_idx=21
objective=binary sigmoid:1
feature_names=Column_0 Column_1 Column_2 Column_3 Column_4 Column_5 Column_6 Column_7 Column_8 Column_9 Column_10 Column_11 Column_12 Column_13 Column_14 Column_15 Column_16 Column_17 Column_18 Column_19 Column_20 Column_21
feature_infos=[0:5] [0:3] [0:9] [0:1] [0:8] [0:1] [0:1] [0:1] [0:11] [0:1] [0:4] [0:3] [0:3] [0:8] [0:8] none [0:3] [0:2] [0:4] [0:8] [0:5] [0:6]
tree_sizes=2655 2649 2649 2643 1318 1325 1706 1243 1242 965 884 4025 1153 1538 1544

Tree=0
num_leaves= 11
num_cat= 0
full_tree_array_lgbids= 0 1 2 5 -3 4 3 -1 -7 -2147483648 -2147483648 -2 -6 7 6 -2147483648 -2147483648 -2147483648 -2147483648 -2147483648 -2147483648 -2147483648 -2147483648 -2147483648 -2147483648 -2147483648 -2147483648 -4 -9 8 -8 -2147483648 -2147483648 -2147483648 -2147483648 -2147483648 -2147483648 -2147483648 -2147483648 -2147483648 -2147483648 -2147483648 -2147483648 -2147483648 -2147483648 -2147483648 -2147483648 -2147483648 -2147483648 -2147483648 -2147483648 -2147483648 -2147483648 -2147483648 -2147483648 -2147483648 -2147483648 -2147483648 -2147483648 -5 9 -2147483648 -2147483648 -2147483648 -2147483648 -2147483648 -2147483648 -2147483648 -2147483648 -2147483648 -2147483648 -2147483648 -2147483648 -2147483648 -2147483648 -2147483648 -2147483648 -2147483648 -2147483648 -2147483648 -2147483648 -2147483648 -2147483648 -2147483648 -2147483648 -2147483648 -2147483648 -2147483648 -2147483648 -2147483648 -2147483648 -2147483648 -2147483648 -2147483648 -2147483648 -2147483648 -2147483648 -2147483648 -2147483648 -2147483648 -2147483648 -2147483648 -2147483648 -2147483648 -2147483648 -2147483648 -2147483648 -2147483648 -2147483648 -2147483648 -2147483648 -2147483648 -2147483648 -2147483648 -2147483648 -2147483648 -2147483648 -2147483648 -2147483648 -2147483648 -2147483648 -10 -11 -2147483648 -2147483648 -2147483648 -2147483648
split_feature= 8 20 19 7 4 10 9 13 21 3
split_gain= 2147.68 1131.88 1074.4 716.17 201.098 161.739 108.463 76.7839 40.1913 137.37
threshold= 3.5000000000000004 3.5000000000000004 1.5000000000000002 1.0000000180025095e-35 4.5000000000000009 1.0000000180025095e-35 1.0000000180025095e-35 1.5000000000000002 1.5000000000000002 1.0000000180025095e-35
decision_type= 2 2 2 2 2 2 2 2 2 2
left_child=1 5 4 7 -2 -1 8 -4 -5 -10
right_child=2 -3 3 6 -6 -7 -8 -9 9 -11
leaf_value= 0.13625295265526666 0.13625295265526666 0.13163457175951537 0.13625295265526666 0.13625295265526666 -0.26425303862428545 -0.26425303862428545 -0.26425303862428545 -0.25853571298010442 -0.23564546781860313 0.13625295265526666
leaf_weight=14.48168098926544 127.58860319852829 541.31524801254272 7.7402088046073905 58.176408112049103 17.228206694126129 104.36797678470612 17.228206694126129 682.13711142539978 24.46904718875885 27.964625358581543
leaf_count=58 511 2168 31 233 69 418 69 2732 98 112
model_size=1152
internal_value=-0.0711178 0.0691485 -0.167321 -0.212646 0.0886066 -0.215452 0.0110948 -0.254106 0.053982 -0.0372996
internal_weight=0 660.165 962.532 817.716 144.817 118.85 127.838 689.877 110.61 52.4337
internal_count=6499 2644 3855 3275 580 476 512 2763 443 210
is_linear=0
shrinkage=1


Tree=1
num_leaves= 11
num_cat= 0
full_tree_array_lgbids= 0 1 2 5 -3 4 3 -1 -7 -2147483648 -2147483648 -2 -6 7 6 -2147483648 -2147483648 -2147483648 -2147483648 -2147483648 -2147483648 -2147483648 -2147483648 -2147483648 -2147483648 -2147483648 -2147483648 -4 -9 8 -8 -2147483648 -2147483648 -2147483648 -2147483648 -2147483648 -2147483648 -2147483648 -2147483648 -2147483648 -2147483648 -2147483648 -2147483648 -2147483648 -2147483648 -2147483648 -2147483648 -2147483648 -2147483648 -2147483648 -2147483648 -2147483648 -2147483648 -2147483648 -2147483648 -2147483648 -2147483648 -2147483648 -2147483648 -5 9 -2147483648 -2147483648 -2147483648 -2147483648 -2147483648 -2147483648 -2147483648 -2147483648 -2147483648 -2147483648 -2147483648 -2147483648 -2147483648 -2147483648 -2147483648 -2147483648 -2147483648 -2147483648 -2147483648 -2147483648 -2147483648 -2147483648 -2147483648 -2147483648 -2147483648 -2147483648 -2147483648 -2147483648 -2147483648 -2147483648 -2147483648 -2147483648 -2147483648 -2147483648 -2147483648 -2147483648 -2147483648 -2147483648 -2147483648 -2147483648 -2147483648 -2147483648 -2147483648 -2147483648 -2147483648 -2147483648 -2147483648 -2147483648 -2147483648 -2147483648 -2147483648 -2147483648 -2147483648 -2147483648 -2147483648 -2147483648 -2147483648 -2147483648 -2147483648 -2147483648 -10 -11 -2147483648 -2147483648 -2147483648 -2147483648
split_feature= 8 20 19 7 4 10 9 13 21 3
split_gain= 1745.44 910.798 872.052 581.604 154.358 123.829 79.6221 54.2385 23.4044 103.37
threshold= 3.5000000000000004 3.5000000000000004 1.5000000000000002 1.0000000180025095e-35 4.5000000000000009 1.0000000180025095e-35 1.0000000180025095e-35 1.5000000000000002 1.5000000000000002 1.0000000180025095e-35
decision_type= 2 2 2 2 2 2 2 2 2 2
left_child=1 5 4 7 -2 -1 8 -4 -5 -10
right_child=2 -3 3 6 -6 -7 -8 -9 9 -11
leaf_value= 0.18726217829300001 0.18726217829300001 0.18303357315159141 0.18726217829300001 0.18726217829300001 -0.17677793099633521 -0.17677793099633521 -0.17677793099633521 -0.17141208706049235 -0.15003617003733646 0.18726217829300001
leaf_weight=14.432910382747648 127.15891733765602 539.65886926651001 7.7141417562961569 57.980484813451767 16.952329516410828 102.69672083854675 16.952329516410828 671.71291589736938 24.163009226322174 27.870447635650635
leaf_count=58 511 2168 31 233 69 418 69 2732 98 112
model_size=1152
internal_value=0 0.126866 -0.0877696 -0.129268 0.144439 -0.13192 0.0744647 -0.16734 0.113179 0.0306294
internal_weight=0 656.789 950.505 806.393 144.111 117.13 126.966 679.427 110.014 52.0335
internal_count=6499 2644 3855 3275 580 476 512 2763 443 210
is_linear=0
shrinkage=0.1


Tree=2
num_leaves= 11
num_cat= 0
full_tree_array_lgbids= 0 1 2 5 -3 4 3 -1 -7 -2147483648 -2147483648 -2 -6 7 6 -2147483648 -2147483648 -2147483648 -2147483648 -2147483648 -2147483648 -2147483648 -2147483648 -2147483648 -2147483648 -2147483648 -2147483648 -4 -9 8 -8 -2147483648 -2147483648 -2147483648 -2147483648 -2147483648 -2147483648 -2147483648 -2147483648 -2147483648 -2147483648 -2147483648 -2147483648 -2147483648 -2147483648 -2147483648 -2147483648 -2147483648 -2147483648 -2147483648 -2147483648 -2147483648 -2147483648 -2147483648 -2147483648 -2147483648 -2147483648 -2147483648 -2147483648 -5 9 -2147483648 -2147483648 -2147483648 -2147483648 -2147483648 -2147483648 -2147483648 -2147483648 -2147483648 -2147483648 -2147483648 -2147483648 -2147483648 -2147483648 -2147483648 -2147483648 -2147483648 -2147483648 -2147483648 -2147483648 -2147483648 -2147483648 -2147483648 -2147483648 -2147483648 -2147483648 -2147483648 -2147483648 -2147483648 -2147483648 -2147483648 -2147483648 -2147483648 -2147483648 -2147483648 -2147483648 -2147483648 -2147483648 -2147483648 -2147483648 -2147483648 -2147483648 -2147483648 -2147483648 -2147483648 -2147483648 -2147483648 -2147483648 -2147483648 -2147483648 -2147483648 -2147483648 -2147483648 -2147483648 -2147483648 -2147483648 -2147483648 -2147483648 -2147483648 -2147483648 -10 -11 -2147483648 -2147483648 -2147483648 -2147483648
split_feature= 8 20 19 7 4 10 9 13 21 3
split_gain= 1443.83 746.776 719.568 479.159 120.107 95.7545 58.3378 37.4955 11.257 77.6892
threshold= 3.5000000000000004 3.5000000000000004 1.5000000000000002 1.0000000180025095e-35 4.5000000000000009 1.0000000180025095e-35 1.0000000180025095e-35 1.5000000000000002 1.5000000000000002 1.0000000180025095e-35
decision_type= 2 2 2 2 2 2 2 2 2 2
left_child=1 5 4 7 -2 -1 8 -4 -5 -10
right_child=2 -3 3 6 -6 -7 -8 -9 9 -11
leaf_value= 0.17236010255125836 0.17236010255125836 0.16827544029991481 0.17236010255125836 0.17236010255125836 -0.16433727988382651 -0.16433727988382651 -0.16433727988382651 -0.15907622354297757 -0.13835152866400741 0.17236010255125836
leaf_weight=14.127121359109877 124.46481059491634 528.80166065692902 7.5507027953863135 56.752056494355202 16.43764516711235 99.578777968883514 16.43764516711235 652.38357675075531 23.611025214195251 27.279958486557007
leaf_count=58 511 2168 31 233 69 418 69 2732 98 112
model_size=1152
internal_value=0 0.116815 -0.0813154 -0.119846 0.133081 -0.122505 0.0686314 -0.155284 0.104207 0.0282045
internal_weight=0 642.508 924.917 784.015 140.902 113.706 124.081 659.934 107.643 50.891
internal_count=6499 2644 3855 3275 580 476 512 2763 443 210
is_linear=0
shrinkage=0.1


Tree=3
num_leaves= 11
num_cat= 0
full_tree_array_lgbids= 0 1 2 5 -3 4 3 -1 -7 -2147483648 -2147483648 -2 -6 7 6 -2147483648 -2147483648 -2147483648 -2147483648 -2147483648 -2147483648 -2147483648 -2147483648 -2147483648 -2147483648 -2147483648 -2147483648 -4 -9 8 -8 -2147483648 -2147483648 -2147483648 -2147483648 -2147483648 -2147483648 -2147483648 -2147483648 -2147483648 -2147483648 -2147483648 -2147483648 -2147483648 -2147483648 -2147483648 -2147483648 -2147483648 -2147483648 -2147483648 -2147483648 -2147483648 -2147483648 -2147483648 -2147483648 -2147483648 -2147483648 -2147483648 -2147483648 -5 9 -2147483648 -2147483648 -2147483648 -2147483648 -2147483648 -2147483648 -2147483648 -2147483648 -2147483648 -2147483648 -2147483648 -2147483648 -2147483648 -2147483648 -2147483648 -2147483648 -2147483648 -2147483648 -2147483648 -2147483648 -2147483648 -2147483648 -2147483648 -2147483648 -2147483648 -2147483648 -2147483648 -2147483648 -2147483648 -2147483648 -2147483648 -2147483648 -2147483648 -2147483648 -2147483648 -2147483648 -2147483648 -2147483648 -2147483648 -2147483648 -2147483648 -2147483648 -2147483648 -2147483648 -2147483648 -2147483648 -2147483648 -2147483648 -2147483648 -2147483648 -2147483648 -2147483648 -2147483648 -2147483648 -2147483648 -2147483648 -2147483648 -2147483648 -2147483648 -2147483648 -10 -11 -2147483648 -2147483648 -2147483648 -2147483648
split_feature= 8 20 19 7 4 10 9 13 21 3
split_gain= 1209.34 620.053 600.325 398.369 93.5696 73.6999 41.6537 24.2261 1.87518 57.5626
threshold= 3.5000000000000004 3.5000000000000004 1.5000000000000002 1.0000000180025095e-35 4.5000000000000009 1.0000000180025095e-35 1.0000000180025095e-35 1.5000000000000002 1.5000000000000002 1.0000000180025095e-35
decision_type= 2 2 2 2 2 2 2 2 2 2
left_child=1 5 4 7 -2 -1 8 -4 -5 -10
right_child=2 -3 3 6 -6 -7 -8 -9 9 -11
leaf_value= 0.1609037703805144 0.1609037703805144 0.15680970282924556 0.1609037703805144 0.1609037703805144 -0.15458733496862687 -0.15458733496862687 -0.15458733496862687 -0.14926698634497582 -0.12863452077162127 0.1609037703805144
leaf_weight=13.6439371407032 120.20779101550579 511.58581459522247 7.2924491614103308 54.810988858342171 15.761341184377669 95.481748044490814 15.761341184377669 627.02297377586365 22.892099589109421 26.34691309928894
leaf_count=58 511 2168 31 233 69 418 69 2732 98 112
model_size=1152
internal_value=0 0.108999 -0.0762139 -0.112372 0.124333 -0.115142 0.064079 -0.145701 0.0972023 0.0262922
internal_weight=0 620.711 890.096 754.127 135.969 109.126 119.811 634.315 104.05 49.239
internal_count=6499 2644 3855 3275 580 476 512 2763 443 210
is_linear=0
shrinkage=0.1


Tree=4
num_leaves= 9
num_cat= 0
full_tree_array_lgbids= 0 1 2 5 -3 4 3 -1 -7 -2147483648 -2147483648 -2 -6 7 6 -2147483648 -2147483648 -2147483648 -2147483648 -2147483648 -2147483648 -2147483648 -2147483648 -2147483648 -2147483648 -2147483648 -2147483648 -4 -9 -5 -8
split_feature= 8 20 19 7 4 10 9 13
split_gain= 1022.42 519.505 504.819 333.23 72.4329 55.9394 28.2315 13.453
threshold= 3.5000000000000004 3.5000000000000004 1.5000000000000002 1.0000000180025095e-35 4.5000000000000009 1.0000000180025095e-35 1.0000000180025095e-35 1.5000000000000002
decision_type= 2 2 2 2 2 2 2 2
left_child=1 5 4 7 -2 -1 -5 -4
right_child=2 -3 3 6 -6 -7 -8 -9
leaf_value= 0.15185187516794491 0.15185187516794491 0.1476414249541286 0.15185187516794491 0.091576492443839044 -0.14676872362570559 -0.14676872362570559 -0.14676872362570559 -0.14126879850160642
leaf_weight=13.042239397764204 114.90662641823292 490.1167916059494 6.970852091908454 99.644386634230614 14.980887696146963 90.75378343462944 14.980887696146963 597.77432417869568
leaf_count=58 511 2168 31 443 69 418 69 2732
model_size=928
internal_value=0 0.102746 -0.0720769 -0.10629 0.11741 -0.109246 0.0604261 -0.13789
internal_weight=0 593.913 849.258 719.37 129.888 103.796 114.625 604.745
internal_count=6499 2644 3855 3275 580 476 512 2763
is_linear=0
shrinkage=0.1


Tree=5
num_leaves= 9
num_cat= 0
full_tree_array_lgbids= 0 1 2 5 -3 4 3 -1 -7 -2147483648 -2147483648 -2 -6 7 6 -2147483648 -2147483648 -2147483648 -2147483648 -2147483648 -2147483648 -2147483648 -2147483648 -2147483648 -2147483648 -2147483648 -2147483648 -4 -9 -5 -8
split_feature= 8 20 19 7 4 10 9 13
split_gain= 869.24 438.057 425.249 281.463 55.2293 41.3536 15.817 4.53633
threshold= 3.5000000000000004 3.5000000000000004 1.5000000000000002 1.0000000180025095e-35 4.5000000000000009 1.0000000180025095e-35 1.0000000180025095e-35 1.5000000000000002
decision_type= 2 2 2 2 2 2 2 2
left_child=1 5 4 7 -2 -1 -5 -4
right_child=2 -3 3 6 -6 -7 -8 -9
leaf_value= 0.14454675775689577 0.14454675775689577 0.14013768328774553 0.14454675775689577 0.083978915232105766 -0.14038449805642142 -0.14038449805642142 -0.14038449805642142 -0.13460902529786994
leaf_weight=12.365946739912031 108.9482548981905 465.96678173542023 6.6093853265047064 97.886595532298088 14.139219447970389 85.654981583356857 14.139219447970389 566.24058312177658
leaf_count=58 511 2168 31 443 69 418 69 2732
model_size=928
internal_value=0 0.0976304 -0.0684029 -0.100792 0.111816 -0.104439 0.0556611 -0.131388
internal_weight=0 563.988 807.963 684.876 123.087 98.0209 112.026 572.85
internal_count=6499 2644 3855 3275 580 476 512 2763
is_linear=0
shrinkage=0.1


Tree=6
num_leaves= 9
num_cat= 0
full_tree_array_lgbids= 0 1 2 5 -3 4 3 -1 -7 -2147483648 -2147483648 -2 -6 -4 6 -2147483648 -2147483648 -2147483648 -2147483648 -2147483648 -2147483648 -2147483648 -2147483648 -2147483648 -2147483648 -2147483648 -2147483648 -2147483648 -2147483648 7 -8 -2147483648 -2147483648 -2147483648 -2147483648 -2147483648 -2147483648 -2147483648 -2147483648 -2147483648 -2147483648 -2147483648 -2147483648 -2147483648 -2147483648 -2147483648 -2147483648 -2147483648 -2147483648 -2147483648 -2147483648 -2147483648 -2147483648 -2147483648 -2147483648 -2147483648 -2147483648 -2147483648 -2147483648 -5 -9 -2147483648 -2147483648
split_feature= 8 20 19 7 4 10 4 20
split_gain= 742.696 370.985 359.246 238.532 40.9811 29.1823 11.0045 5.47356
threshold= 3.5000000000000004 3.5000000000000004 1.5000000000000002 1.0000000180025095e-35 4.5000000000000009 1.0000000180025095e-35 5.5000000000000009 3.5000000000000004
decision_type= 2 2 2 2 2 2 2 2
left_child=1 5 4 -4 -2 -1 7 -5
right_child=2 -3 3 6 -6 -7 -8 -9
leaf_value= 0.13855140791954978 0.13855140791954978 0.13387504904060721 -0.12587675464029266 0.15615044197132735 -0.13509509769210032 -0.13509509769210032 0.14350325087512711 -0.054385527567239633
leaf_weight=11.647865027189253 102.62170739471912 440.31109929084778 539.84282268583775 15.385368168354033 13.268332377076147 80.379172950983047 42.038899689912796 51.882543876767159
leaf_count=58 511 2168 2763 72 69 418 199 241
model_size=928
internal_value=0 0.0933648 -0.065244 -0.0960336 0.107221 -0.10046 0.0513554 -0.00623221
internal_weight=0 532.338 765.04 649.15 115.89 92.027 109.307 67.2679
internal_count=6499 2644 3855 3275 580 476 512 313
is_linear=0
shrinkage=0.1


Tree=7
num_leaves= 8
num_cat= 0
full_tree_array_lgbids= 0 1 2 5 -3 4 3 -1 -7 -2147483648 -2147483648 -2 -6 -4 6 -2147483648 -2147483648 -2147483648 -2147483648 -2147483648 -2147483648 -2147483648 -2147483648 -2147483648 -2147483648 -2147483648 -2147483648 -2147483648 -2147483648 -5 -8
split_feature= 8 20 19 7 4 10 4
split_gain= 635.804 314.63 302.979 201.214 28.6354 18.5152 2.84174
threshold= 3.5000000000000004 3.5000000000000004 1.5000000000000002 1.0000000180025095e-35 4.5000000000000009 1.0000000180025095e-35 5.5000000000000009
decision_type= 2 2 2 2 2 2 2
left_child=1 5 4 -4 -2 -1 -5
right_child=2 -3 3 6 -6 -7 -8
leaf_value= 0.13356356395996258 0.13356356395996258 0.12855856953112202 -0.12074535539541245 -0.0056177007739374521 -0.13066022980921915 -0.13066022980921915 0.13768766371501784
leaf_weight=10.912395119667051 96.14196389913559 414.02451848983765 508.14844311773777 66.158874422311783 12.391892105340956 75.069723188877106 39.560535281896591
leaf_count=58 511 2168 2763 313 69 418 199
model_size=816
internal_value=0 0.0897494 -0.0623743 -0.091683 0.103396 -0.0971263 0.0480076
internal_weight=0 500.007 722.402 613.868 108.534 85.9821 105.719
internal_count=6499 2644 3855 3275 580 476 512
is_linear=0
shrinkage=0.1


Tree=8
num_leaves= 8
num_cat= 0
full_tree_array_lgbids= 0 1 2 5 -3 4 3 -1 -7 -2147483648 -2147483648 -2 -6 6 -5 -2147483648 -2147483648 -2147483648 -2147483648 -2147483648 -2147483648 -2147483648 -2147483648 -2147483648 -2147483648 -2147483648 -2147483648 -4 -8 -2147483648 -2147483648
split_feature= 8 20 19 7 4 10 13
split_gain= 545.33 267.261 255.081 170.08 18.3315 9.58869 0.299441
threshold= 3.5000000000000004 3.5000000000000004 1.5000000000000002 1.0000000180025095e-35 4.5000000000000009 1.0000000180025095e-35 1.5000000000000002
decision_type= 2 2 2 2 2 2 2
left_child=1 5 4 6 -2 -1 -4
right_child=2 -3 3 -5 -6 -7 -8
leaf_value= 0.12936717161346731 0.12936717161346731 0.12397573686413772 0.1493340555937552 0.044432016305666483 -0.12690484179902931 -0.12690484179902931 -0.12004671363164937
leaf_weight=10.177520692348478 89.667466789484024 387.75211989879608 6.8578944206237784 103.19290602207184 11.527180284261702 69.83132404088974 470.09099686145782
leaf_count=58 511 2168 31 512 69 418 2732
model_size=816
internal_value=0 0.0866395 -0.0597158 -0.0876056 0.100175 -0.0943058 -0.116173
internal_weight=0 467.761 681.336 580.142 101.195 80.0088 476.949
internal_count=6499 2644 3855 3275 580 476 2763
is_linear=0
shrinkage=0.1


Tree=9
num_leaves= 7
num_cat= 0
full_tree_array_lgbids= 0 1 2 5 -3 4 3 -1 -7 -2147483648 -2147483648 -2 -6 -4 -5
split_feature= 8 20 19 7 4 10
split_gain= 468.489 226.893 214.309 144.8 9.46204 1.8639
threshold= 3.5000000000000004 3.5000000000000004 1.5000000000000002 1.0000000180025095e-35 4.5000000000000009 1.0000000180025095e-35
decision_type= 2 2 2 2 2 2
left_child=1 5 4 -4 -2 -1
right_child=2 -3 3 -5 -6 -7
leaf_value= 0.12580350276737742 0.12580350276737742 0.1199690616077678 -0.11247217359087741 0.040340774948423232 -0.12369825373571018 -0.12369825373571018
leaf_weight=9.456299960613249 83.313263446092606 361.96256256103516 445.03895851969719 102.33919048309326 10.686567977070807 64.738919049501419
leaf_count=58 511 2168 2763 512 69 418
model_size=704
internal_value=0 0.083928 -0.0573248 -0.0839019 0.0974384 -0.0918989
internal_weight=0 436.158 641.378 547.378 93.9998 74.1952
internal_count=6499 2644 3855 3275 580 476
is_linear=0
shrinkage=0.1


Tree=10
num_leaves= 6
num_cat= 0
full_tree_array_lgbids= 0 1 2 -1 -3 4 3 -2147483648 -2147483648 -2147483648 -2147483648 -2 -6 -4 -5
split_feature= 8 20 19 7 4
split_gain= 402.03 192.341 178.786 122.181 1.8828
threshold= 3.5000000000000004 3.5000000000000004 1.5000000000000002 1.0000000180025095e-35 4.5000000000000009
decision_type= 2 2 2 2 2
left_child=1 -1 4 -4 -2
right_child=2 -3 3 -5 -6
leaf_value= -0.089830191679471261 0.12275322415096231 0.11641885008688807 -0.10869225195459242 0.036613182657550376 -0.12094088198253522
leaf_weight=68.602590173482895 77.161034539341927 336.98878920078278 415.97111384570599 101.52695658802986 9.8786517977714521
leaf_count=476 511 2168 2763 512 69
model_size=592
internal_value=0 0.0815334 -0.0549487 -0.0801851 0.0950949
internal_weight=0 405.591 604.538 517.498 87.0397
internal_count=6499 2644 3855 3275 580
is_linear=0
shrinkage=0.1


Tree=11
num_leaves= 9
num_cat= 0
full_tree_array_lgbids= 0 1 2 -1 -3 -2 3 -2147483648 -2147483648 -2147483648 -2147483648 -2147483648 -2147483648 4 -5 -2147483648 -2147483648 -2147483648 -2147483648 -2147483648 -2147483648 -2147483648 -2147483648 -2147483648 -2147483648 -2147483648 -2147483648 5 -6 -2147483648 -2147483648 -2147483648 -2147483648 -2147483648 -2147483648 -2147483648 -2147483648 -2147483648 -2147483648 -2147483648 -2147483648 -2147483648 -2147483648 -2147483648 -2147483648 -2147483648 -2147483648 -2147483648 -2147483648 -2147483648 -2147483648 -2147483648 -2147483648 -2147483648 -2147483648 -4 6 -2147483648 -2147483648 -2147483648 -2147483648 -2147483648 -2147483648 -2147483648 -2147483648 -2147483648 -2147483648 -2147483648 -2147483648 -2147483648 -2147483648 -2147483648 -2147483648 -2147483648 -2147483648 -2147483648 -2147483648 -2147483648 -2147483648 -2147483648 -2147483648 -2147483648 -2147483648 -2147483648 -2147483648 -2147483648 -2147483648 -2147483648 -2147483648 -2147483648 -2147483648 -2147483648 -2147483648 -2147483648 -2147483648 -2147483648 -2147483648 -2147483648 -2147483648 -2147483648 -2147483648 -2147483648 -2147483648 -2147483648 -2147483648 -2147483648 -2147483648 -2147483648 -2147483648 -2147483648 -2147483648 -2147483648 -2147483648 7 -8 -2147483648 -2147483648 -2147483648 -2147483648 -2147483648 -2147483648 -2147483648 -2147483648 -2147483648 -2147483648 -2147483648 -2147483648 -2147483648 -2147483648 -2147483648 -2147483648 -2147483648 -2147483648 -2147483648 -2147483648 -2147483648 -2147483648 -2147483648 -2147483648 -2147483648 -2147483648 -2147483648 -2147483648 -2147483648 -2147483648 -2147483648 -2147483648 -2147483648 -2147483648 -2147483648 -2147483648 -2147483648 -2147483648 -2147483648 -2147483648 -2147483648 -2147483648 -2147483648 -2147483648 -2147483648 -2147483648 -2147483648 -2147483648 -2147483648 -2147483648 -2147483648 -2147483648 -2147483648 -2147483648 -2147483648 -2147483648 -2147483648 -2147483648 -2147483648 -2147483648 -2147483648 -2147483648 -2147483648 -2147483648 -2147483648 -2147483648 -2147483648 -2147483648 -2147483648 -2147483648 -2147483648 -2147483648 -2147483648 -2147483648 -2147483648 -2147483648 -2147483648 -2147483648 -2147483648 -2147483648 -2147483648 -2147483648 -2147483648 -2147483648 -2147483648 -2147483648 -2147483648 -2147483648 -2147483648 -2147483648 -2147483648 -2147483648 -2147483648 -2147483648 -2147483648 -2147483648 -2147483648 -2147483648 -2147483648 -2147483648 -2147483648 -2147483648 -2147483648 -2147483648 -2147483648 -2147483648 -2147483648 -2147483648 -2147483648 -2147483648 -2147483648 -2147483648 -7 -9 -2147483648 -2147483648 -2147483648 -2147483648 -2147483648 -2147483648 -2147483648 -2147483648 -2147483648 -2147483648 -2147483648 -2147483648 -2147483648 -2147483648 -2147483648 -2147483648 -2147483648 -2147483648 -2147483648 -2147483648 -2147483648 -2147483648 -2147483648 -2147483648 -2147483648 -2147483648
split_feature= 8 20 19 4 9 21 10 19
split_gain= 343.217 161.714 148.007 107.41 4.85439 97.4511 13.7017 153.74
threshold= 3.5000000000000004 3.5000000000000004 1.5000000000000002 5.5000000000000009 1.0000000180025095e-35 1.0000000180025095e-35 1.0000000180025095e-35 6.5000000000000009
decision_type= 2 2 2 2 2 2 2 2
left_child=1 -1 -2 4 5 -4 7 -7
right_child=2 -3 3 -5 -6 6 -8 -9
leaf_value= -0.084722162362054806 0.093074806910841176 0.11323209651783719 0.13375283316819087 0.12908605352746874 -0.12100978177620716 0.59629588072838835 -0.12022772456806266 -0.12461662578180908
leaf_weight=65.623535722494125 80.375949159264565 313.05949199199677 35.529921218752861 34.735956445336342 272.43312330543995 5.4435431510210046 126.70630620419979 14.257777854800224
leaf_count=476 580 2168 177 199 1923 39 863 74
model_size=928
internal_value=0 0.0789278 -0.0527046 -0.0766608 -0.0923899 -0.0495345 -0.0940143 0.074574
internal_weight=0 378.683 569.483 489.107 454.371 181.938 146.408 19.7013
internal_count=6499 2644 3855 3275 3076 1153 976 113
is_linear=0
shrinkage=0.1


Tree=12
num_leaves= 7
num_cat= 0
full_tree_array_lgbids= 0 1 2 -1 4 -2 3 -2147483648 -2147483648 -3 5 -2147483648 -2147483648 -4 -5 -2147483648 -2147483648 -2147483648 -2147483648 -2147483648 -2147483648 -6 -7 -2147483648 -2147483648 -2147483648 -2147483648 -2147483648 -2147483648 -2147483648 -2147483648
split_feature= 8 20 19 4 21 1
split_gain= 293.523 134.524 121.198 86.7345 2.10685 10.8794
threshold= 3.5000000000000004 3.5000000000000004 1.5000000000000002 5.5000000000000009 4.5000000000000009 1.5000000000000002
decision_type= 2 2 2 2 2 2
left_child=1 -1 -2 -4 -3 -6
right_child=2 4 3 -5 5 -7
leaf_value= -0.079741423929559976 0.088115234400893735 0.1157969107629868 -0.089737188527712952 0.12556368755135597 -0.62780762420738823 0.11894629467580245
leaf_weight=62.895860880613327 76.609944343566895 285.77017331123352 423.706617847085 32.266244873404503 2.1426067352294913 2.4104325771331787
leaf_count=476 580 2134 3076 199 16 18
model_size=704
internal_value=0 0.0764893 -0.0511099 -0.0745017 0.110335 -0.232467
internal_weight=0 353.219 532.583 455.973 290.323 4.55304
internal_count=6499 2644 3855 3275 2168 34
is_linear=0
shrinkage=0.1


Tree=13
num_leaves= 7
num_cat= 0
full_tree_array_lgbids= 0 2 1 -1 -4 3 -3 -2147483648 -2147483648 -2147483648 -2147483648 -2 4 -2147483648 -2147483648 -2147483648 -2147483648 -2147483648 -2147483648 -2147483648 -2147483648 -2147483648 -2147483648 -2147483648 -2147483648 -5 5 -2147483648 -2147483648 -2147483648 -2147483648 -2147483648 -2147483648 -2147483648 -2147483648 -2147483648 -2147483648 -2147483648 -2147483648 -2147483648 -2147483648 -2147483648 -2147483648 -2147483648 -2147483648 -2147483648 -2147483648 -2147483648 -2147483648 -2147483648 -2147483648 -2147483648 -2147483648 -6 -7 -2147483648 -2147483648 -2147483648 -2147483648 -2147483648 -2147483648 -2147483648 -2147483648
split_feature= 4 4 4 19 19 12
split_gain= 260.059 459.691 142.895 8.42315 86.3877 18.6202
threshold= 2.5000000000000004 5.5000000000000009 1.0000000180025095e-35 4.5000000000000009 5.5000000000000009 2.5000000000000004
decision_type= 2 2 2 2 2 2
left_child=2 3 -1 -2 -5 -6
right_child=1 -3 -4 4 5 -7
leaf_value= -0.11845185477494552 -0.12277218694882396 0.11805137014617702 0.11909101164449001 0.33056758683784671 -0.11588333884289465 0.12728919637135108
leaf_weight=40.606114342808723 314.22760882973671 144.02443641424179 243.64228712022305 9.67126716673374 67.58117762953043 14.976564779877661
leaf_count=320 2523 1123 1885 58 516 74
model_size=704
internal_value=0 -0.044151 0.085157 -0.101626 -0.0295804 -0.0717701
internal_weight=0 550.481 284.248 406.457 92.229 82.5577
internal_count=6499 4294 2205 3171 648 590
is_linear=0
shrinkage=0.1


Tree=14
num_leaves= 7
num_cat= 0
full_tree_array_lgbids= 0 2 1 -1 -4 3 -3 -2147483648 -2147483648 -2147483648 -2147483648 -2 4 -2147483648 -2147483648 -2147483648 -2147483648 -2147483648 -2147483648 -2147483648 -2147483648 -2147483648 -2147483648 -2147483648 -2147483648 -5 5 -2147483648 -2147483648 -2147483648 -2147483648 -2147483648 -2147483648 -2147483648 -2147483648 -2147483648 -2147483648 -2147483648 -2147483648 -2147483648 -2147483648 -2147483648 -2147483648 -2147483648 -2147483648 -2147483648 -2147483648 -2147483648 -2147483648 -2147483648 -2147483648 -2147483648 -2147483648 -6 -7 -2147483648 -2147483648 -2147483648 -2147483648 -2147483648 -2147483648 -2147483648 -2147483648
split_feature= 4 4 4 19 19 12
split_gain= 223.377 399.686 119.558 2.50803 55.1107 8.09411
threshold= 2.5000000000000004 5.5000000000000009 1.0000000180025095e-35 4.5000000000000009 5.5000000000000009 2.5000000000000004
decision_type= 2 2 2 2 2 2
left_child=2 3 -1 -2 -5 -6
right_child=1 -3 -4 4 5 -7
leaf_value= -0.11642460317933784 -0.12088910859515595 0.11604882952744539 0.11699314641497227 0.27874958390267451 -0.11291334646479778 0.11772106793317683
leaf_weight=37.348736234009266 288.52545661479235 132.45157535374165 224.20600800216198 10.284723296761511 62.676100239157677 14.594601452350615
leaf_count=320 2523 1123 1885 58 516 74
model_size=704
internal_value=0 -0.0432632 0.0836622 -0.0993712 -0.0284621 -0.069352
internal_weight=0 508.532 261.555 376.081 87.5554 77.2707
internal_count=6499 4294 2205 3171 648 590
is_linear=0
shrinkage=0.1


end of trees

feature_importances:
Column_4=21
Column_19=18
Column_20=14
Column_8=13
Column_7=11
Column_10=11
Column_9=7
Column_13=7
Column_21=6
Column_3=4
Column_12=2
Column_1=1

parameters:
[boosting: gbdt]
[objective: binary]
[metric: auc, binary_logloss, rmse, l1, l2, mape, huber]
[tree_learner: serial]
[device_type: cpu]
[data_sample_strategy: bagging]
[data: data/kr-vs-kp.libsvm.train]
[valid: data/kr-vs-kp.libsvm.test]
[num_iterations: 15]
[learning_rate: 0.1]
[num_leaves: 255]
[num_threads: 1]
[seed: 42]
[deterministic: 0]
[force_col_wise: 0]
[force_row_wise: 0]
[histogram_pool_size: -1]
[max_depth: 7]
[min_data_in_leaf: 10]
[min_sum_hessian_in_leaf: 0.001]
[bagging_fraction: 1]
[pos_bagging_fraction: 1]
[neg_bagging_fraction: 1]
[bagging_freq: 0]
[bagging_seed: 400]
[feature_fraction: 1]
[feature_fraction_bynode: 1]
[feature_fraction_seed: 30056]
[extra_trees: 0]
[extra_seed: 12879]
[early_stopping_round: 0]
[early_stopping_min_delta: 0]
[first_metric_only: 0]
[max_delta_step: 0]
[lambda_l1: 0]
[lambda_l2: 0]
[linear_lambda: 0]
[min_gain_to_split: 0]
[drop_rate: 0.1]
[max_drop: 50]
[skip_drop: 0.5]
[xgboost_dart_mode: 0]
[uniform_drop: 0]
[drop_seed: 17869]
[top_rate: 0.2]
[other_rate: 0.1]
[min_data_per_group: 100]
[max_cat_threshold: 32]
[cat_l2: 10]
[cat_smooth: 10]
[max_cat_to_onehot: 4]
[top_k: 20]
[monotone_constraints: ]
[monotone_constraints_method: basic]
[monotone_penalty: 0]
[feature_contri: ]
[forcedsplits_filename: ]
[refit_decay_rate: 0.9]
[tinygbdt_penalty_feature: 2]
[tinygbdt_penalty_split: 0.125]
[tinygbdt_forestsize: 64000]
[tinygbdt_precision: 1]
[cegb_tradeoff: 1]
[cegb_penalty_split: 0]
[cegb_penalty_feature_lazy: ]
[cegb_penalty_feature_coupled: ]
[path_smooth: 0]
[interaction_constraints: ]
[verbosity: 1]
[saved_feature_importance_type: 0]
[use_quantized_grad: 0]
[num_grad_quant_bins: 4]
[quant_train_renew_leaf: 0]
[stochastic_rounding: 1]
[linear_tree: 0]
[max_bin: 255]
[max_bin_by_feature: ]
[min_data_in_bin: 3]
[bin_construct_sample_cnt: 200000]
[data_random_seed: 175]
[is_enable_sparse: 1]
[enable_bundle: 1]
[use_missing: 1]
[zero_as_missing: 0]
[feature_pre_filter: 1]
[pre_partition: 0]
[two_round: 0]
[header: 0]
[label_column: ]
[weight_column: ]
[group_column: ]
[ignore_column: ]
[categorical_feature: ]
[forcedbins_filename: ]
[precise_float_parser: 0]
[parser_config_file: ]
[objective_seed: 16083]
[num_class: 1]
[is_unbalance: 0]
[scale_pos_weight: 1]
[sigmoid: 1]
[boost_from_average: 1]
[reg_sqrt: 0]
[alpha: 0.9]
[fair_c: 1]
[poisson_max_delta_step: 0.7]
[tweedie_variance_power: 1.5]
[lambdarank_truncation_level: 30]
[lambdarank_norm: 1]
[label_gain: ]
[lambdarank_position_bias_regularization: 0]
[eval_at: ]
[multi_error_top_k: 1]
[auc_mu_weights: ]
[num_machines: 1]
[local_listen_port: 12400]
[time_out: 120]
[machine_list_filename: ]
[machines: ]
[gpu_platform_id: -1]
[gpu_device_id: -1]
[gpu_use_dp: 0]
[num_gpu: 1]

end of parameters
