tree
version=v4
num_class=1
num_tree_per_iteration=1
label_index=0
max_feature_idx=21
objective=binary sigmoid:1
feature_names=Column_0 Column_1 Column_2 Column_3 Column_4 Column_5 Column_6 Column_7 Column_8 Column_9 Column_10 Column_11 Column_12 Column_13 Column_14 Column_15 Column_16 Column_17 Column_18 Column_19 Column_20 Column_21
feature_infos=[0:5] [0:3] [0:9] [0:1] [0:8] [0:1] [0:1] [0:1] [0:11] [0:1] [0:4] [0:3] [0:3] [0:8] [0:8] none [0:3] [0:2] [0:4] [0:8] [0:5] [0:6]
tree_sizes=1971 1798 1790 1240 1237 878 798 798 879 617 619 620 621 620 534 534 623

Tree=0
num_leaves= 12
num_cat= 0
full_tree_array_lgbids= 0 1 2 5 9 4 3 -1 -7 -3 10 -2 -6 7 6 -2147483648 -2147483648 -2147483648 -2147483648 -2147483648 -2147483648 -11 -12 -2147483648 -2147483648 -2147483648 -2147483648 -4 -9 8 -8 -2147483648 -2147483648 -2147483648 -2147483648 -2147483648 -2147483648 -2147483648 -2147483648 -2147483648 -2147483648 -2147483648 -2147483648 -2147483648 -2147483648 -2147483648 -2147483648 -2147483648 -2147483648 -2147483648 -2147483648 -2147483648 -2147483648 -2147483648 -2147483648 -2147483648 -2147483648 -2147483648 -2147483648 -5 -10 -2147483648 -2147483648
split_feature= 8 20 19 7 4 10 9 13 21 21 1
split_gain= 2187.06 1169.38 1111.9 749.92 234.848 197.364 140.338 108.659 66.4413 22.5282 11.3002
threshold= 3.5000000000000004 3.5000000000000004 1.5000000000000002 1.0000000180025095e-35 4.5000000000000009 1.0000000180025095e-35 1.0000000180025095e-35 1.5000000000000002 1.5000000000000002 4.5000000000000009 1.5000000000000002
decision_type= 2 2 2 2 2 2 2 2 2 2 2
left_child=1 5 4 7 -2 -1 8 -4 -5 -3 -11
right_child=2 9 3 6 -6 -7 -8 -9 -10 10 -12
leaf_value= 0.13625295265526666 0.13625295265526666 0.13456384585043257 0.13625295265526666 0.13625295265526666 -0.26425303862428545 -0.26425303862428545 -0.26425303862428545 -0.25853571298010442 -0.037299643565872592 -0.26425303862428551 0.1362529526552666
leaf_weight=14.48168098926544 127.58860319852829 532.82598674297333 7.7402088046073905 58.176408112049103 17.228206694126129 104.36797678470612 17.228206694126129 682.13711142539978 52.433672547340393 3.9949464797973615 4.4943147897720337
leaf_count=58 511 2134 31 233 69 418 69 2732 210 16 18
model_size=1264
internal_value=-0.0711178 0.0691485 -0.167321 -0.212646 0.0886066 -0.215452 0.0110948 -0.254106 0.053982 0.131635 -0.0522205
internal_weight=0 660.165 962.532 817.716 144.817 118.85 127.838 689.877 110.61 541.315 8.48926
internal_count=6499 2644 3855 3275 580 476 512 2763 443 2168 34
is_linear=0
shrinkage=1


Tree=1
num_leaves= 10
num_cat= 0
full_tree_array_lgbids= 0 1 2 5 -3 4 3 -1 -7 -2147483648 -2147483648 -2 -6 7 6 -2147483648 -2147483648 -2147483648 -2147483648 -2147483648 -2147483648 -2147483648 -2147483648 -2147483648 -2147483648 -2147483648 -2147483648 -4 -9 8 -8 -2147483648 -2147483648 -2147483648 -2147483648 -2147483648 -2147483648 -2147483648 -2147483648 -2147483648 -2147483648 -2147483648 -2147483648 -2147483648 -2147483648 -2147483648 -2147483648 -2147483648 -2147483648 -2147483648 -2147483648 -2147483648 -2147483648 -2147483648 -2147483648 -2147483648 -2147483648 -2147483648 -2147483648 -5 -10 -2147483648 -2147483648
split_feature= 8 20 19 7 4 10 9 13 1
split_gain= 1750.56 916.32 876.882 587.438 159.608 129.079 84.5637 59.4885 34.4812
threshold= 3.5000000000000004 3.5000000000000004 1.5000000000000002 1.0000000180025095e-35 4.5000000000000009 1.0000000180025095e-35 1.0000000180025095e-35 1.5000000000000002 1.0000000180025095e-35
decision_type= 2 2 2 2 2 2 2 2 2
left_child=1 5 4 7 -2 -1 8 -4 -5
right_child=2 -3 3 6 -6 -7 -8 -9 -10
leaf_value= 0.18726217829300001 0.18726217829300001 0.18308669494658705 0.18726217829300001 -0.0063099339957545537 -0.17677793099633521 -0.17677793099633521 -0.17677793099633521 -0.17141208706049235 0.16833112306567927
leaf_weight=14.432910382747648 127.15891733765602 539.50235965847969 7.7141417562961569 35.162857502698898 16.952329516410828 102.69672083854675 16.952329516410828 671.71291589736938 75.299371302127838
leaf_count=58 511 2168 31 141 69 418 69 2732 302
model_size=1040
internal_value=0 0.126896 -0.087726 -0.129193 0.144439 -0.13192 0.0742188 -0.16734 0.112739
internal_weight=0 656.632 950.953 806.842 144.111 117.13 127.415 679.427 110.462
internal_count=6499 2644 3855 3275 580 476 512 2763 443
is_linear=0
shrinkage=0.1


Tree=2
num_leaves= 10
num_cat= 0
full_tree_array_lgbids= 0 1 2 5 -3 4 3 -1 -7 -2147483648 -2147483648 -2 -6 7 6 -2147483648 -2147483648 -2147483648 -2147483648 -2147483648 -2147483648 -2147483648 -2147483648 -2147483648 -2147483648 -2147483648 -2147483648 -4 -9 8 -8 -2147483648 -2147483648 -2147483648 -2147483648 -2147483648 -2147483648 -2147483648 -2147483648 -2147483648 -2147483648 -2147483648 -2147483648 -2147483648 -2147483648 -2147483648 -2147483648 -2147483648 -2147483648 -2147483648 -2147483648 -2147483648 -2147483648 -2147483648 -2147483648 -2147483648 -2147483648 -2147483648 -2147483648 -5 -10 -2147483648 -2147483648
split_feature= 8 20 19 7 4 10 4 13 4
split_gain= 1434.68 738.88 709.964 472.8 111.982 87.6295 51.2509 29.3705 28.186
threshold= 3.5000000000000004 3.5000000000000004 1.5000000000000002 1.0000000180025095e-35 4.5000000000000009 1.0000000180025095e-35 5.5000000000000009 1.5000000000000002 2.5000000000000004
decision_type= 2 2 2 2 2 2 2 2 2
left_child=1 5 4 7 -2 -1 8 -4 -5
right_child=2 -3 3 6 -6 -7 -8 -9 -10
leaf_value= 0.17236010255125836 0.17236010255125836 0.16832507297530749 0.17236010255125836 0.10294421381851165 -0.16433727988382651 -0.16433727988382651 0.18118277615039513 -0.15907622354297757 -0.10472764105395577
leaf_weight=14.127121359109877 124.46481059491634 528.64596712589264 7.5507027953863135 36.945734888315201 16.43764516711235 99.578777968883514 49.100935265421867 652.38357675075531 39.979457274079323
leaf_count=58 511 2168 31 151 69 418 199 2732 162
model_size=1040
internal_value=0 0.116844 -0.0811481 -0.119554 0.133081 -0.122505 0.0675466 -0.155284 -0.00498672
internal_weight=0 642.352 926.863 785.96 140.902 113.706 126.026 659.934 76.9252
internal_count=6499 2644 3855 3275 580 476 512 2763 313
is_linear=0
shrinkage=0.1


Tree=3
num_leaves= 8
num_cat= 0
full_tree_array_lgbids= 0 1 2 5 -3 4 3 -1 -7 -2147483648 -2147483648 -2 -6 -4 6 -2147483648 -2147483648 -2147483648 -2147483648 -2147483648 -2147483648 -2147483648 -2147483648 -2147483648 -2147483648 -2147483648 -2147483648 -2147483648 -2147483648 -5 -8
split_feature= 8 20 19 7 4 10 9
split_gain= 1181.51 594.745 571.834 376.532 68.0696 48.1999 26.4052
threshold= 3.5000000000000004 3.5000000000000004 1.5000000000000002 1.0000000180025095e-35 4.5000000000000009 1.0000000180025095e-35 1.0000000180025095e-35
decision_type= 2 2 2 2 2 2 2
left_child=1 5 4 -4 -2 -1 -5
right_child=2 -3 3 6 -6 -7 -8
leaf_value= 0.1609037703805144 0.1609037703805144 0.1568559233009886 -0.14570108775101956 0.096185564254996109 -0.15458733496862687 -0.15458733496862687 -0.16487441731077176
leaf_weight=13.6439371407032 120.20779101550579 511.43528011441231 634.31542293727398 107.87987238168716 15.761341184377669 95.481748044490814 16.401857510209084
leaf_count=58 511 2168 2763 443 69 418 69
model_size=816
internal_value=0 0.109025 -0.0758388 -0.111717 0.124333 -0.115142 0.0617326
internal_weight=0 620.561 894.566 758.597 135.969 109.126 124.282
internal_count=6499 2644 3855 3275 580 476 512
is_linear=0
shrinkage=0.1


Tree=4
num_leaves= 8
num_cat= 0
full_tree_array_lgbids= 0 1 2 5 -3 4 3 -1 -7 -2147483648 -2147483648 -2 -6 -4 6 -2147483648 -2147483648 -2147483648 -2147483648 -2147483648 -2147483648 -2147483648 -2147483648 -2147483648 -2147483648 -2147483648 -2147483648 -2147483648 -2147483648 -5 -8
split_feature= 8 20 19 7 4 10 4
split_gain= 981.311 482.79 462.703 300.453 35.5579 19.0644 1.08978
threshold= 3.5000000000000004 3.5000000000000004 1.5000000000000002 1.0000000180025095e-35 4.5000000000000009 1.0000000180025095e-35 5.5000000000000009
decision_type= 2 2 2 2 2 2 2
left_child=1 5 4 -4 -2 -1 -5
right_child=2 -3 3 6 -6 -7 -8
leaf_value= 0.15185187516794491 0.15185187516794491 0.14768436750092692 -0.13757894960446043 -0.008705889154671527 -0.14676872362570559 -0.14676872362570559 0.16157962011486071
leaf_weight=13.042239397764204 114.90662641823292 489.97442615032196 606.0433078110218 75.348218783736229 14.980887696146963 90.75378343462944 46.802629873156548
leaf_count=58 511 2168 2763 313 69 418 199
model_size=816
internal_value=0 0.102771 -0.0713479 -0.105017 0.11741 -0.109246 0.0565397
internal_weight=0 593.77 858.082 728.194 129.888 103.796 122.151
internal_count=6499 2644 3855 3275 580 476 512
is_linear=0
shrinkage=0.1


Tree=5
num_leaves= 6
num_cat= 0
full_tree_array_lgbids= 0 1 2 -1 -3 4 3 -2147483648 -2147483648 -2147483648 -2147483648 -2 -6 -4 -5
split_feature= 8 20 19 7 4
split_gain= 815.906 389.941 371.065 236.76 6.97929
threshold= 3.5000000000000004 3.5000000000000004 1.5000000000000002 1.0000000180025095e-35 4.5000000000000009
decision_type= 2 2 2 2 2
left_child=1 -1 4 -4 -2
right_child=2 -3 3 -5 -6
leaf_value= -0.10443865675298508 0.14454675775689577 0.14017747156302549 -0.13072769933513173 0.051878707868980134 -0.14038449805642142
leaf_weight=98.02092832326889 108.9482548981905 465.83450898528099 575.598751693964 120.11960929632187 14.139219447970389
leaf_count=476 511 2168 2763 512 69
model_size=592
internal_value=0 0.0976533 -0.0674786 -0.0991997 0.111816
internal_weight=0 563.855 818.806 695.718 123.087
internal_count=6499 2644 3855 3275 580
is_linear=0
shrinkage=0.1


Tree=6
num_leaves= 5
num_cat= 0
full_tree_array_lgbids= 0 1 2 -1 -3 -2 3 -2147483648 -2147483648 -2147483648 -2147483648 -2147483648 -2147483648 -4 -5
split_feature= 8 20 19 7
split_gain= 674.93 310.649 292.574 182.356
threshold= 3.5000000000000004 3.5000000000000004 1.5000000000000002 1.0000000180025095e-35
decision_type= 2 2 2 2
left_child=1 -1 -2 -4
right_child=2 -3 3 -5
leaf_value= -0.09758048376516093 0.10722142652140326 0.13391183902225995 -0.12483367378202347 0.047048497556729178
leaf_weight=94.600101798772812 115.89003977179527 440.18993213772774 544.12783890962601 119.25303301215172
leaf_count=476 580 2168 2763 512
model_size=480
internal_value=0 0.0929627 -0.06402 -0.0939352
internal_weight=0 534.79 779.271 663.381
internal_count=6499 2644 3855 3275
is_linear=0
shrinkage=0.1


Tree=7
num_leaves= 5
num_cat= 0
full_tree_array_lgbids= 0 1 2 -1 -3 -2 3 -2147483648 -2147483648 -2147483648 -2147483648 -2147483648 -2147483648 -4 -5
split_feature= 8 20 19 4
split_gain= 556.137 244.652 224.363 143.857
threshold= 3.5000000000000004 3.5000000000000004 1.5000000000000002 5.5000000000000009
decision_type= 2 2 2 2
left_child=1 -1 -2 -4
right_child=2 -3 3 -5
leaf_value= -0.091254662843528664 0.10043940815467078 0.12859250905166736 -0.10665539350993768 0.14749856413059248
leaf_weight=91.221311777830124 111.57221525907516 413.91481590270996 587.53587993979454 43.297699704766273
leaf_count=476 580 2168 3076 199
model_size=480
internal_value=0 0.0888908 -0.0607098 -0.0892114
internal_weight=0 505.136 742.406 630.834
internal_count=6499 2644 3855 3275
is_linear=0
shrinkage=0.1


Tree=8
num_leaves= 6
num_cat= 0
full_tree_array_lgbids= 0 1 2 -1 -3 3 4 -2147483648 -2147483648 -2147483648 -2147483648 -2 -5 -4 -6
split_feature= 8 20 4 4 4
split_gain= 452.909 187.588 186.712 131.623 119
threshold= 3.5000000000000004 3.5000000000000004 2.5000000000000004 1.0000000180025095e-35 5.5000000000000009
decision_type= 2 2 2 2 2
left_child=1 -1 3 -2 -4
right_child=2 -3 4 -5 -6
leaf_value= -0.085364841477399978 -0.13426200007163097 0.12400701408947674 -0.11394851239948456 0.13964146248323417 0.14100368961639315
leaf_weight=87.938245475292206 48.166533261537552 387.65369626879692 498.60356666147709 120.63426777720451 40.886789664626122
leaf_count=476 264 2168 2765 627 199
model_size=592
internal_value=0 0.0852936 -0.0574218 0.0614844 -0.0946262
internal_weight=0 475.592 708.291 168.801 539.49
internal_count=6499 2644 3855 891 2964
is_linear=0
shrinkage=0.1


Tree=9
num_leaves= 4
num_cat= 0
full_tree_array_lgbids= 0 2 1 -1 -4 -2 -3
split_feature= 4 4 4
split_gain= 371.352 682.12 176.684
threshold= 2.5000000000000004 5.5000000000000009 1.0000000180025095e-35
decision_type= 2 2 2
left_child=2 -2 -1
right_child=1 -3 -4
leaf_value= -0.12967593934464494 -0.1123279267227564 0.12855182593415646 0.13115530628898592
leaf_weight=54.406830757856369 539.40485216677189 192.36393187940121 326.7420267611742
leaf_count=320 3171 1123 1885
model_size=368
internal_value=0 -0.0490066 0.0939231
internal_weight=0 731.769 381.149
internal_count=6499 4294 2205
is_linear=0
shrinkage=0.1


Tree=10
num_leaves= 4
num_cat= 0
full_tree_array_lgbids= 0 2 1 -1 -4 -2 -3
split_feature= 4 4 4
split_gain= 299.327 567.993 130.064
threshold= 2.5000000000000004 5.5000000000000009 1.0000000180025095e-35
decision_type= 2 2 2
left_child=2 -2 -1
right_child=1 -3 -4
leaf_value= -0.12616647151279717 -0.10778591047444885 0.12512560445305726 0.1274681397744519
leaf_weight=50.527564376592636 507.57944667339325 178.57653418183327 303.75578957796097
leaf_count=320 3171 1123 1885
model_size=368
internal_value=0 -0.0471692 0.091295
internal_weight=0 686.156 354.283
internal_count=6499 4294 2205
is_linear=0
shrinkage=0.1


Tree=11
num_leaves= 4
num_cat= 0
full_tree_array_lgbids= 0 2 1 -1 -4 -2 -3
split_feature= 4 4 4
split_gain= 236.419 468.794 88.9995
threshold= 2.5000000000000004 5.5000000000000009 1.0000000180025095e-35
decision_type= 2 2 2
left_child=2 -2 -1
right_child=1 -3 -4
leaf_value= -0.12314696562527312 -0.10353427791079739 0.12218505167824195 0.12429931066064491
leaf_weight=46.782160431146622 477.16636851429939 165.26990441977978 281.49320460855961
leaf_count=320 3171 1123 1885
model_size=368
internal_value=0 -0.0454669 0.089036
internal_weight=0 642.436 328.275
internal_count=6499 4294 2205
is_linear=0
shrinkage=0.1


Tree=12
num_leaves= 4
num_cat= 0
full_tree_array_lgbids= 0 2 1 -1 -4 -2 -3
split_feature= 4 4 4
split_gain= 181.051 382.035 52.5086
threshold= 2.5000000000000004 5.5000000000000009 1.0000000180025095e-35
decision_type= 2 2 2
left_child=2 -2 -1
right_child=1 -3 -4
leaf_value= -0.12053252836144744 -0.099505715977285539 0.11964523115981796 0.12155766547277336
leaf_weight=43.200956135988235 448.3403113335371 152.55273106694221 260.15314550697803
leaf_count=320 3171 1123 1885
model_size=368
internal_value=0 -0.0438684 0.0870814
internal_weight=0 600.893 303.354
internal_count=6499 4294 2205
is_linear=0
shrinkage=0.1


Tree=13
num_leaves= 4
num_cat= 0
full_tree_array_lgbids= 0 2 1 -1 -4 -2 -3
split_feature= 4 4 4
split_gain= 131.984 305.742 19.8212
threshold= 2.5000000000000004 5.5000000000000009 1.0000000180025095e-35
decision_type= 2 2 2
left_child=2 -2 -1
right_child=1 -3 -4
leaf_value= -0.11825657738794658 -0.095647791461840992 0.1174394908153194 0.11917206876572838
leaf_weight=39.803340226411819 421.19894085079432 140.4941865503788 239.86524263769388
leaf_count=320 3171 1123 1885
model_size=368
internal_value=0 -0.0423491 0.0853805
internal_weight=0 561.693 279.669
internal_count=6499 4294 2205
is_linear=0
shrinkage=0.1


Tree=14
num_leaves= 3
num_cat= 0
full_tree_array_lgbids= 0 -1 1 -2147483648 -2147483648 -2 -3
split_feature= 4 4
split_gain= 88.2293 238.33
threshold= 2.5000000000000004 5.5000000000000009
decision_type= 2 2
left_child=-1 -2
right_child=1 -3
leaf_value= 0.083893175865257394 -0.091919669965116635 0.11551485989577888
leaf_weight=257.30675969272852 395.78256280720234 129.13334375619888
leaf_count=2205 3171 1123
model_size=256
internal_value=0 -0.0408892
internal_weight=0 524.916
internal_count=6499 4294
is_linear=0
shrinkage=0.1


Tree=15
num_leaves= 3
num_cat= 0
full_tree_array_lgbids= 0 -1 1 -2147483648 -2147483648 -2 -3
split_feature= 4 4
split_gain= 43.5917 180.507
threshold= 2.5000000000000004 5.5000000000000009
decision_type= 2 2
left_child=-1 -2
right_child=1 -3
leaf_value= 0.078971290374815817 -0.088289800761299289 0.11382860804861461
leaf_weight=246.58321956545115 372.08898292481899 118.48656502366066
leaf_count=2205 3171 1123
model_size=256
internal_value=0 -0.039473
internal_weight=0 490.576
internal_count=6499 4294
is_linear=0
shrinkage=0.1


Tree=16
num_leaves= 4
num_cat= 0
full_tree_array_lgbids= 0 1 2 -1 -3 -2 -4
split_feature= 11 6 7
split_gain= 23.67 27.5696 7.45438
threshold= 1.5000000000000002 1.0000000180025095e-35 1.0000000180025095e-35
decision_type= 2 2 2
left_child=1 -1 -2
right_child=2 -3 -4
leaf_value= 0.12521406807382124 -0.08705241066339052 -0.11580005363544316 0.054410735872585027
leaf_weight=191.63783743977547 305.29063936322927 47.790672659873962 150.8891080096364
leaf_count=1914 2898 446 1241
model_size=368
internal_value=0 0.0771069 -0.0402611
internal_weight=0 239.429 456.18
internal_count=6499 2360 4139
is_linear=0
shrinkage=0.1


end of trees

feature_importances:
Column_4=32
Column_8=9
Column_20=9
Column_7=8
Column_19=8
Column_10=5
Column_9=3
Column_13=3
Column_1=2
Column_21=2
Column_6=1
Column_11=1

parameters:
[boosting: gbdt]
[objective: binary]
[metric: auc, binary_logloss, rmse, l1, l2, mape, huber]
[tree_learner: serial]
[device_type: cpu]
[data_sample_strategy: bagging]
[data: data/kr-vs-kp.libsvm.train]
[valid: data/kr-vs-kp.libsvm.test]
[num_iterations: 200]
[learning_rate: 0.1]
[num_leaves: 255]
[num_threads: 1]
[seed: 42]
[deterministic: 0]
[force_col_wise: 0]
[force_row_wise: 0]
[histogram_pool_size: -1]
[max_depth: 5]
[min_data_in_leaf: 10]
[min_sum_hessian_in_leaf: 0.001]
[bagging_fraction: 1]
[pos_bagging_fraction: 1]
[neg_bagging_fraction: 1]
[bagging_freq: 0]
[bagging_seed: 400]
[feature_fraction: 1]
[feature_fraction_bynode: 1]
[feature_fraction_seed: 30056]
[extra_trees: 0]
[extra_seed: 12879]
[early_stopping_round: 0]
[early_stopping_min_delta: 0]
[first_metric_only: 0]
[max_delta_step: 0]
[lambda_l1: 0]
[lambda_l2: 0]
[linear_lambda: 0]
[min_gain_to_split: 0]
[drop_rate: 0.1]
[max_drop: 50]
[skip_drop: 0.5]
[xgboost_dart_mode: 0]
[uniform_drop: 0]
[drop_seed: 17869]
[top_rate: 0.2]
[other_rate: 0.1]
[min_data_per_group: 100]
[max_cat_threshold: 32]
[cat_l2: 10]
[cat_smooth: 10]
[max_cat_to_onehot: 4]
[top_k: 20]
[monotone_constraints: ]
[monotone_constraints_method: basic]
[monotone_penalty: 0]
[feature_contri: ]
[forcedsplits_filename: ]
[refit_decay_rate: 0.9]
[tinygbdt_penalty_feature: 0.125]
[tinygbdt_penalty_split: 2]
[tinygbdt_forestsize: 64000]
[tinygbdt_precision: 1]
[cegb_tradeoff: 1]
[cegb_penalty_split: 0]
[cegb_penalty_feature_lazy: ]
[cegb_penalty_feature_coupled: ]
[path_smooth: 0]
[interaction_constraints: ]
[verbosity: 1]
[saved_feature_importance_type: 0]
[use_quantized_grad: 0]
[num_grad_quant_bins: 4]
[quant_train_renew_leaf: 0]
[stochastic_rounding: 1]
[linear_tree: 0]
[max_bin: 255]
[max_bin_by_feature: ]
[min_data_in_bin: 3]
[bin_construct_sample_cnt: 200000]
[data_random_seed: 175]
[is_enable_sparse: 1]
[enable_bundle: 1]
[use_missing: 1]
[zero_as_missing: 0]
[feature_pre_filter: 1]
[pre_partition: 0]
[two_round: 0]
[header: 0]
[label_column: ]
[weight_column: ]
[group_column: ]
[ignore_column: ]
[categorical_feature: ]
[forcedbins_filename: ]
[precise_float_parser: 0]
[parser_config_file: ]
[objective_seed: 16083]
[num_class: 1]
[is_unbalance: 0]
[scale_pos_weight: 1]
[sigmoid: 1]
[boost_from_average: 1]
[reg_sqrt: 0]
[alpha: 0.9]
[fair_c: 1]
[poisson_max_delta_step: 0.7]
[tweedie_variance_power: 1.5]
[lambdarank_truncation_level: 30]
[lambdarank_norm: 1]
[label_gain: ]
[lambdarank_position_bias_regularization: 0]
[eval_at: ]
[multi_error_top_k: 1]
[auc_mu_weights: ]
[num_machines: 1]
[local_listen_port: 12400]
[time_out: 120]
[machine_list_filename: ]
[machines: ]
[gpu_platform_id: -1]
[gpu_device_id: -1]
[gpu_use_dp: 0]
[num_gpu: 1]

end of parameters
