tree
version=v4
num_class=1
num_tree_per_iteration=1
label_index=0
max_feature_idx=21
objective=binary sigmoid:1
feature_names=Column_0 Column_1 Column_2 Column_3 Column_4 Column_5 Column_6 Column_7 Column_8 Column_9 Column_10 Column_11 Column_12 Column_13 Column_14 Column_15 Column_16 Column_17 Column_18 Column_19 Column_20 Column_21
feature_infos=[0:5] [0:3] [0:9] [0:1] [0:8] [0:1] [0:1] [0:1] [0:11] [0:1] [0:4] [0:3] [0:3] [0:8] [0:8] none [0:3] [0:2] [0:4] [0:8] [0:5] [0:6]
tree_sizes=1056 1047 965 957 963 964 960 970 964 881 883 892 799 799 800 801 620 619 627 536 622

Tree=0
num_leaves= 8
num_cat= 0
full_tree_array_lgbids= 0 1 2 5 6 4 3 -1 -7 -3 -8 -2 -6 -4 -5
split_feature= 8 20 19 7 4 10 21
split_gain= 2188.37 1171.7 1114.21 754.232 239.161 200.676 25.8407
threshold= 3.5000000000000004 3.5000000000000004 1.5000000000000002 1.0000000180025095e-35 4.5000000000000009 1.0000000180025095e-35 4.5000000000000009
decision_type= 2 2 2 2 2 2 2
left_child=1 5 4 -4 -2 -1 -3
right_child=2 6 3 -5 -6 -7 -8
leaf_value= 0.13625295265526666 0.13625295265526666 0.13456384585043257 -0.25410630703196962 0.011094830380406609 -0.26425303862428545 -0.26425303862428545 -0.052220455005699037
leaf_weight=14.48168098926544 127.58860319852829 532.82598674297333 689.87732023000717 127.83828735351562 17.228206694126129 104.36797678470612 8.4892612695693952
leaf_count=58 511 2134 2763 512 69 418 34
model_size=816
internal_value=-0.0711178 0.0691485 -0.167321 -0.212646 0.0886066 -0.215452 0.131635
internal_weight=0 660.165 962.532 817.716 144.817 118.85 541.315
internal_count=6499 2644 3855 3275 580 476 2168
is_linear=0
shrinkage=1


Tree=1
num_leaves= 8
num_cat= 0
full_tree_array_lgbids= 0 1 2 5 6 4 3 -1 -7 -3 -8 -2 -6 -4 -5
split_feature= 8 20 19 7 4 10 21
split_gain= 1773.99 940.492 900.367 612.102 183.921 153.391 9.48626
threshold= 3.5000000000000004 3.5000000000000004 1.5000000000000002 1.0000000180025095e-35 4.5000000000000009 1.0000000180025095e-35 4.5000000000000009
decision_type= 2 2 2 2 2 2 2
left_child=1 5 4 -4 -2 -1 -3
right_child=2 6 3 -5 -6 -7 -8
leaf_value= 0.18726217829300001 0.18726217829300001 0.18571508241162918 -0.16726255154856101 0.073892799984502308 -0.17677793099633521 -0.17677793099633521 0.016997149351572715
leaf_weight=14.432910382747648 127.15891733765602 531.09220561385155 679.71848121285439 127.99606323242188 16.952329516410828 102.69672083854675 8.4942075908184034
leaf_count=58 511 2134 2763 512 69 418 34
model_size=816
internal_value=0 0.12688 -0.0876402 -0.129047 0.144439 -0.13192 0.183059
internal_weight=0 656.716 951.826 807.715 144.111 117.13 539.586
internal_count=6499 2644 3855 3275 580 476 2168
is_linear=0
shrinkage=0.1


Tree=2
num_leaves= 7
num_cat= 0
full_tree_array_lgbids= 0 1 2 5 -3 4 3 -1 -7 -2147483648 -2147483648 -2 -6 -4 -5
split_feature= 8 20 19 7 4 10
split_gain= 1465.21 771.373 740.061 505.721 144.294 119.942
threshold= 3.5000000000000004 3.5000000000000004 1.5000000000000002 1.0000000180025095e-35 4.5000000000000009 1.0000000180025095e-35
decision_type= 2 2 2 2 2 2
left_child=1 5 4 -4 -2 -1
right_child=2 -3 3 -5 -6 -7
leaf_value= 0.17236010255125836 0.17236010255125836 0.1683629333363568 -0.15502436945878606 0.066626512356841902 -0.16433727988382651 -0.16433727988382651
leaf_weight=14.127121359109877 124.46481059491634 528.54648116230965 660.97406414151192 127.76914215087891 16.43764516711235 99.578777968883514
leaf_count=58 511 2168 2763 512 69 418
model_size=704
internal_value=0 0.116867 -0.0808941 -0.119119 0.133081 -0.122505
internal_weight=0 642.252 929.646 788.743 140.902 113.706
internal_count=6499 2644 3855 3275 580 476
is_linear=0
shrinkage=0.1


Tree=3
num_leaves= 7
num_cat= 0
full_tree_array_lgbids= 0 1 2 5 -3 4 3 -1 -7 -2147483648 -2147483648 -2 -6 -4 -5
split_feature= 8 20 19 4 4 10
split_gain= 1223.96 640.204 613.69 440.902 113.382 93.5124
threshold= 3.5000000000000004 3.5000000000000004 1.5000000000000002 5.5000000000000009 4.5000000000000009 1.0000000180025095e-35
decision_type= 2 2 2 2 2 2
left_child=1 5 4 -4 -2 -1
right_child=2 -3 3 -5 -6 -7
leaf_value= 0.1609037703805144 0.1609037703805144 0.15689020656222794 -0.13152452094662784 0.18593198198927297 -0.15458733496862687 -0.15458733496862687
leaf_weight=13.6439371407032 120.20779101550579 511.34212484955788 714.21368005871773 49.465191811323166 15.761341184377669 95.481748044490814
leaf_count=58 511 2168 3076 199 69 418
model_size=704
internal_value=0 0.109046 -0.0754007 -0.110962 0.124333 -0.115142
internal_weight=0 620.468 899.648 763.679 135.969 109.126
internal_count=6499 2644 3855 3275 580 476
is_linear=0
shrinkage=0.1


Tree=4
num_leaves= 7
num_cat= 0
full_tree_array_lgbids= 0 1 2 5 -3 4 3 -1 -7 -2147483648 -2147483648 -2 -6 -4 -5
split_feature= 8 20 19 7 4 10
split_gain= 1027.26 534.222 508.163 385.055 86.8704 70.3769
threshold= 3.5000000000000004 3.5000000000000004 1.5000000000000002 1.0000000180025095e-35 4.5000000000000009 1.0000000180025095e-35
decision_type= 2 2 2 2 2 2
left_child=1 5 4 -4 -2 -1
right_child=2 -3 3 -5 -6 -7
leaf_value= 0.15185187516794491 0.15185187516794491 0.14771550507069126 -0.13780942792587297 0.06144696400678909 -0.14676872362570559 -0.14676872362570559
leaf_weight=13.042239397764204 114.90662641823292 489.88877320289612 610.95480671525002 126.60149097442627 14.980887696146963 90.75378343462944
leaf_count=58 511 2168 2763 512 69 418
model_size=704
internal_value=0 0.10279 -0.0705129 -0.103607 0.11741 -0.109246
internal_weight=0 593.685 867.444 737.556 129.888 103.796
internal_count=6499 2644 3855 3275 580 476
is_linear=0
shrinkage=0.1


Tree=5
num_leaves= 7
num_cat= 0
full_tree_array_lgbids= 0 1 2 5 -3 4 3 -1 -7 -2147483648 -2147483648 -2 -6 -4 -5
split_feature= 8 20 19 7 4 10
split_gain= 868.983 448.352 423.526 323.561 65.2918 51.4161
threshold= 3.5000000000000004 3.5000000000000004 1.5000000000000002 1.0000000180025095e-35 4.5000000000000009 1.0000000180025095e-35
decision_type= 2 2 2 2 2 2
left_child=1 5 4 -4 -2 -1
right_child=2 -3 3 -5 -6 -7
leaf_value= 0.14454675775689577 0.14454675775689577 0.1402058048762832 -0.1308679037201633 0.05560725653805107 -0.14038449805642142 -0.14038449805642142
leaf_weight=12.365946739912031 108.9482548981905 465.75693747401237 580.59435327351093 125.94146846234798 14.139219447970389 85.654981583356857
leaf_count=58 511 2168 2763 512 69 418
model_size=704
internal_value=0 0.0976708 -0.066554 -0.0976283 0.111816 -0.104439
internal_weight=0 563.778 829.623 706.536 123.087 98.0209
internal_count=6499 2644 3855 3275 580 476
is_linear=0
shrinkage=0.1


Tree=6
num_leaves= 7
num_cat= 0
full_tree_array_lgbids= 0 1 2 5 -3 4 3 -1 -7 -2147483648 -2147483648 -2 -6 -4 -5
split_feature= 8 20 19 4 4 10
split_gain= 737.513 376.865 352.657 291.394 46.6686 34.8698
threshold= 3.5000000000000004 3.5000000000000004 1.5000000000000002 5.5000000000000009 4.5000000000000009 1.0000000180025095e-35
decision_type= 2 2 2 2 2 2
left_child=1 5 4 -4 -2 -1
right_child=2 -3 3 -5 -6 -7
leaf_value= 0.13855140791954978 0.13855140791954978 0.13393763495400823 -0.11166128405514984 0.16347015136058904 -0.13509509769210032 -0.13509509769210032
leaf_weight=11.647865027189253 102.62170739471912 440.1205769777298 626.97010035812855 47.265657484531403 13.268332377076147 80.379172950983047
leaf_count=58 511 2168 3076 199 69 418
model_size=704
internal_value=0 0.0934021 -0.0630986 -0.0923739 0.107221 -0.10046
internal_weight=0 532.148 790.126 674.236 115.89 92.027
internal_count=6499 2644 3855 3275 580 476
is_linear=0
shrinkage=0.1


Tree=7
num_leaves= 7
num_cat= 0
full_tree_array_lgbids= 0 1 2 5 -3 3 4 -1 -7 -2147483648 -2147483648 -2 -5 -4 -6
split_feature= 8 20 4 4 4 10
split_gain= 625.258 316.476 298.302 269.096 262.732 20.2027
threshold= 3.5000000000000004 3.5000000000000004 2.5000000000000004 1.0000000180025095e-35 5.5000000000000009 1.0000000180025095e-35
decision_type= 2 2 2 2 2 2
left_child=1 5 3 -2 -4 -1
right_child=2 -3 4 -5 -6 -7
leaf_value= 0.13356356395996258 -0.14529282149684927 0.12861600339790999 -0.11869843311920447 0.14837441881911215 0.15389833784723783 -0.13066022980921915
leaf_weight=10.912395119667051 51.908115670084953 413.85348424315453 530.46725672483444 125.13725709915161 45.285649582743645 75.069723188877106
leaf_count=58 264 2168 2765 627 199 418
model_size=704
internal_value=0 0.0897836 -0.0597384 0.0622738 -0.0972574 -0.0971263
internal_weight=0 499.836 752.798 177.045 575.753 85.9821
internal_count=6499 2644 3855 891 2964 476
is_linear=0
shrinkage=0.1


Tree=8
num_leaves= 7
num_cat= 0
full_tree_array_lgbids= 0 1 2 5 -3 3 4 -1 -7 -2147483648 -2147483648 -2 -5 -4 -6
split_feature= 8 20 4 4 4 10
split_gain= 527.907 260.83 241.921 219.106 211.752 3.02618
threshold= 3.5000000000000004 3.5000000000000004 2.5000000000000004 1.0000000180025095e-35 5.5000000000000009 1.0000000180025095e-35
decision_type= 2 2 2 2 2 2
left_child=1 5 3 -2 -4 -1
right_child=2 -3 4 -5 -6 -7
leaf_value= 0.12936717161346731 -0.13978814497319475 0.12402842644226802 -0.11343085486951202 0.14240819835891569 0.14621023574542055 -0.12690484179902931
leaf_weight=10.177520692348478 48.72111688554287 387.59996551275253 501.11881312727928 117.72383327782154 43.016563415527344 69.83132404088974
leaf_count=58 264 2168 2765 627 199 418
model_size=704
internal_value=0 0.086671 -0.0571345 0.0598048 -0.092905 -0.0943058
internal_weight=0 467.609 710.58 166.445 544.135 80.0088
internal_count=6499 2644 3855 891 2964 476
is_linear=0
shrinkage=0.1


Tree=9
num_leaves= 6
num_cat= 0
full_tree_array_lgbids= 0 1 2 -1 -3 3 4 -2147483648 -2147483648 -2147483648 -2147483648 -2 -5 -4 -6
split_feature= 8 20 4 4 4
split_gain= 445.913 214.189 194.773 176.906 168.558
threshold= 3.5000000000000004 3.5000000000000004 2.5000000000000004 1.0000000180025095e-35 5.5000000000000009
decision_type= 2 2 2 2 2
left_child=1 -1 3 -2 -4
right_child=2 -3 4 -5 -6
leaf_value= -0.091898853697933575 -0.1351172420254087 0.12001733692085151 -0.10863248417510525 0.13735862927931936 0.13992454436181059
leaf_weight=74.19521901011467 45.529184013605118 361.82828387618065 472.42269667983055 110.23233403265476 40.579360768198967
leaf_count=476 264 2168 2765 627 199
model_size=592
internal_value=0 0.083957 -0.0548068 0.0577138 -0.0889712
internal_weight=0 436.024 668.764 155.762 513.002
internal_count=6499 2644 3855 891 2964
is_linear=0
shrinkage=0.1


Tree=10
num_leaves= 6
num_cat= 0
full_tree_array_lgbids= 0 1 2 -1 -3 3 4 -2147483648 -2147483648 -2147483648 -2147483648 -2 -5 -4 -6
split_feature= 8 20 4 4 4
split_gain= 374.341 173.566 154.518 141.118 131.82
threshold= 3.5000000000000004 3.5000000000000004 2.5000000000000004 1.0000000180025095e-35 5.5000000000000009
decision_type= 2 2 2 2 2
left_child=1 -1 3 -2 -4
right_child=2 -3 4 -5 -6
leaf_value= -0.086559247971796288 -0.13111353004825663 0.11646302188121277 -0.10419879614795335 0.13304018591668704 0.13471134256417225
leaf_weight=71.061701774597168 42.389104306697845 336.87111711502075 444.71579402685165 102.81145115196705 38.064152121543884
leaf_count=476 264 2168 2765 627 199
model_size=592
internal_value=0 0.0810966 -0.0526942 0.0559245 -0.0853622
internal_weight=0 407.933 627.981 145.201 482.78
internal_count=6499 2644 3855 891 2964
is_linear=0
shrinkage=0.1


Tree=11
num_leaves= 6
num_cat= 0
full_tree_array_lgbids= 0 1 2 -1 -3 3 4 -2147483648 -2147483648 -2147483648 -2147483648 -2 -5 -4 -6
split_feature= 8 20 9 10 19
split_gain= 311.888 137.809 132.892 92.4548 39.8115
threshold= 3.5000000000000004 3.5000000000000004 1.0000000180025095e-35 1.0000000180025095e-35 1.5000000000000002
decision_type= 2 2 2 2 2
left_child=1 -1 3 -2 -4
right_child=2 -3 4 -5 -6
leaf_value= -0.081398053714884164 0.11845687264494929 0.11327250596699615 0.11914917803331171 -0.044425029081011702 -0.12390419260381205
leaf_weight=68.165297091007233 96.194051325321198 312.95687693357468 20.907384902238846 184.56234389543533 287.0092796087265
leaf_count=476 592 2168 155 1185 1923
model_size=592
internal_value=0 0.0784549 -0.0507496 0.0113823 -0.107401
internal_weight=0 381.122 588.673 280.756 307.917
internal_count=6499 2644 3855 1777 2078
is_linear=0
shrinkage=0.1


Tree=12
num_leaves= 5
num_cat= 0
full_tree_array_lgbids= 0 2 1 -1 -4 3 -3 -2147483648 -2147483648 -2147483648 -2147483648 -2 -5 -2147483648 -2147483648
split_feature= 4 4 4 13
split_gain= 254.949 506.115 153.745 127.658
threshold= 2.5000000000000004 5.5000000000000009 1.0000000180025095e-35 1.5000000000000002
decision_type= 2 2 2 2
left_child=2 3 -1 -2
right_child=1 -3 -4 -5
leaf_value= -0.12435841916556936 0.58435213490140947 0.12176606120443073 0.12210080206438859 -0.10842711874668942
leaf_weight=45.444030165672302 4.3971738368272772 159.58954098820686 260.66548793017864 444.05425249040127
leaf_count=320 31 1123 1885 3140
model_size=480
internal_value=0 -0.0429995 0.0855123 -0.101634
internal_weight=0 608.041 306.11 448.451
internal_count=6499 4294 2205 3171
is_linear=0
shrinkage=0.1


Tree=13
num_leaves= 5
num_cat= 0
full_tree_array_lgbids= 0 2 1 -1 -4 3 -3 -2147483648 -2147483648 -2147483648 -2147483648 -2 -5 -2147483648 -2147483648
split_feature= 4 4 4 13
split_gain= 209.533 427.553 120.87 48.5497
threshold= 2.5000000000000004 5.5000000000000009 1.0000000180025095e-35 1.5000000000000002
decision_type= 2 2 2 2
left_child=2 3 -1 -2
right_child=1 -3 -4 -5
leaf_value= -0.12170513600436449 0.37001026953448002 0.11930969498765008 0.11967219503531899 -0.10485400630067757
leaf_weight=41.969602577388287 6.1138448715209952 147.22197143733501 240.3993136882782 414.78761512041092
leaf_count=320 31 1123 1885 3140
model_size=480
internal_value=0 -0.0416546 0.0837953 -0.0979563
internal_weight=0 568.123 282.369 420.901
internal_count=6499 4294 2205 3171
is_linear=0
shrinkage=0.1


Tree=14
num_leaves= 5
num_cat= 0
full_tree_array_lgbids= 0 2 1 -1 -4 3 -3 -2147483648 -2147483648 -2147483648 -2147483648 -2 -5 -2147483648 -2147483648
split_feature= 4 4 4 12
split_gain= 170.067 359.607 92.4932 24.0293
threshold= 2.5000000000000004 5.5000000000000009 1.0000000180025095e-35 2.5000000000000004
decision_type= 2 2 2 2
left_child=2 3 -1 -2
right_child=1 -3 -4 -5
leaf_value= -0.1193804861424809 -0.10821405443816699 0.11716970549559205 0.11754663770245899 0.12070515221200435
leaf_weight=38.677029974758625 370.74843723326921 135.51946617662907 221.25300618261099 23.615037247538567
leaf_count=320 3031 1123 1885 140
model_size=480
internal_value=0 -0.0403692 0.0822924 -0.0945061
internal_weight=0 529.883 259.93 394.363
internal_count=6499 4294 2205 3171
is_linear=0
shrinkage=0.1


Tree=15
num_leaves= 5
num_cat= 0
full_tree_array_lgbids= 0 2 1 -1 -4 3 -3 -2147483648 -2147483648 -2147483648 -2147483648 -2 -5 -2147483648 -2147483648
split_feature= 4 4 4 19
split_gain= 134.001 298.849 66.0729 3.33557
threshold= 2.5000000000000004 5.5000000000000009 1.0000000180025095e-35 4.5000000000000009
decision_type= 2 2 2 2
left_child=2 3 -1 -2
right_child=1 -3 -4 -5
leaf_value= -0.11733481524393492 -0.12054916311161606 0.11529714918595341 0.11567843711446067 0.0026117935218347085
leaf_weight=35.575165934860706 281.41311543434858 124.51208963990211 203.26484400779009 87.95701502263546
leaf_count=320 2523 1123 1885 648
model_size=480
internal_value=0 -0.0391561 0.0809712 -0.0912212
internal_weight=0 493.882 238.84 369.37
internal_count=6499 4294 2205 3171
is_linear=0
shrinkage=0.1


Tree=16
num_leaves= 4
num_cat= 0
full_tree_array_lgbids= 0 2 1 -1 -4 -2 -3
split_feature= 4 4 4
split_gain= 101.695 245.071 42.1691
threshold= 2.5000000000000004 5.5000000000000009 1.0000000180025095e-35
decision_type= 2 2 2
left_child=2 -2 -1
right_child=1 -3 -4
leaf_value= -0.11552792216376839 -0.088065314029296418 0.11365233603113534 0.11403047206526916
leaf_weight=32.66732357442379 345.97149880230427 114.20985947549343 186.44310212880373
leaf_count=320 3171 1123 1885
model_size=368
internal_value=0 -0.0380021 0.0798055
internal_weight=0 460.181 219.11
internal_count=6499 4294 2205
is_linear=0
shrinkage=0.1


Tree=17
num_leaves= 4
num_cat= 0
full_tree_array_lgbids= 0 2 1 -1 -4 -2 -3
split_feature= 4 4 4
split_gain= 74.1172 198.13 22.4205
threshold= 2.5000000000000004 5.5000000000000009 1.0000000180025095e-35
decision_type= 2 2 2
left_child=2 -2 -1
right_child=1 -3 -4
leaf_value= -0.1139268725870175 -0.084550834944862208 0.11220278281937941 0.11257223505658812
leaf_weight=29.952688030898571 325.39564094692469 104.60787020623684 170.7738546282053
leaf_count=320 3171 1123 1885
model_size=368
internal_value=0 -0.0366862 0.0787737
internal_weight=0 430.004 200.727
internal_count=6499 4294 2205
is_linear=0
shrinkage=0.1


Tree=18
num_leaves= 4
num_cat= 0
full_tree_array_lgbids= 0 1 2 -1 -3 -2 -4
split_feature= 11 6 7
split_gain= 50.0536 71.4571 41.9513
threshold= 1.5000000000000002 1.0000000180025095e-35 1.0000000180025095e-35
decision_type= 2 2 2
left_child=1 -1 -2
right_child=2 -3 -4
leaf_value= 0.12401822598508741 -0.083567291506512043 -0.11401917008957017 0.049013492416352979
leaf_weight=155.58235009759665 253.29774957150221 41.256295442581177 135.6255941092968
leaf_count=1914 2898 446 1241
model_size=368
internal_value=0 0.0741269 -0.0373336
internal_weight=0 196.839 388.923
internal_count=6499 2360 4139
is_linear=0
shrinkage=0.1


Tree=19
num_leaves= 3
num_cat= 0
full_tree_array_lgbids= 0 -1 1 -2147483648 -2147483648 -2 -3
split_feature= 8 4
split_gain= 28.239 49.928
threshold= 1.0000000180025095e-35 2.5000000000000004
decision_type= 2 2
left_child=-1 -2
right_child=1 -3
leaf_value= 0.10857994320482736 0.068399410411331754 -0.065017960046730328
leaf_weight=101.6189069673419 136.68363922834396 312.35101847350597
leaf_count=1398 1731 3370
model_size=256
internal_value=0 -0.0244065
internal_weight=0 449.035
internal_count=6499 5101
is_linear=0
shrinkage=0.1


Tree=20
num_leaves= 4
num_cat= 0
full_tree_array_lgbids= 0 1 2 -1 -3 -2 -4
split_feature= 11 6 4
split_gain= 12.9182 35.1739 13.4872
threshold= 1.5000000000000002 1.0000000180025095e-35 5.5000000000000009
decision_type= 2 2 2
left_child=1 -1 -2
right_child=2 -3 -4
leaf_value= 0.12425869350618231 -0.060780111437192169 -0.11190616458651803 0.11151523668454522
leaf_weight=132.65069170668721 302.51710248738527 35.872606620192528 53.895835272967815
leaf_count=1914 3499 446 640
model_size=368
internal_value=0 0.0739876 -0.0347261
internal_weight=0 168.523 356.413
internal_count=6499 2360 4139
is_linear=0
shrinkage=0.1


end of trees

feature_importances:
Column_4=41
Column_8=13
Column_20=12
Column_10=10
Column_19=9
Column_7=6
Column_6=2
Column_11=2
Column_13=2
Column_21=2
Column_9=1
Column_12=1

parameters:
[boosting: gbdt]
[objective: binary]
[metric: auc, binary_logloss, rmse, l1, l2, mape, huber]
[tree_learner: serial]
[device_type: cpu]
[data_sample_strategy: bagging]
[data: data/kr-vs-kp.libsvm.train]
[valid: data/kr-vs-kp.libsvm.test]
[num_iterations: 30]
[learning_rate: 0.1]
[num_leaves: 255]
[num_threads: 1]
[seed: 42]
[deterministic: 0]
[force_col_wise: 0]
[force_row_wise: 0]
[histogram_pool_size: -1]
[max_depth: 3]
[min_data_in_leaf: 10]
[min_sum_hessian_in_leaf: 0.001]
[bagging_fraction: 1]
[pos_bagging_fraction: 1]
[neg_bagging_fraction: 1]
[bagging_freq: 0]
[bagging_seed: 400]
[feature_fraction: 1]
[feature_fraction_bynode: 1]
[feature_fraction_seed: 30056]
[extra_trees: 0]
[extra_seed: 12879]
[early_stopping_round: 0]
[early_stopping_min_delta: 0]
[first_metric_only: 0]
[max_delta_step: 0]
[lambda_l1: 0]
[lambda_l2: 0]
[linear_lambda: 0]
[min_gain_to_split: 0]
[drop_rate: 0.1]
[max_drop: 50]
[skip_drop: 0.5]
[xgboost_dart_mode: 0]
[uniform_drop: 0]
[drop_seed: 17869]
[top_rate: 0.2]
[other_rate: 0.1]
[min_data_per_group: 100]
[max_cat_threshold: 32]
[cat_l2: 10]
[cat_smooth: 10]
[max_cat_to_onehot: 4]
[top_k: 20]
[monotone_constraints: ]
[monotone_constraints_method: basic]
[monotone_penalty: 0]
[feature_contri: ]
[forcedsplits_filename: ]
[refit_decay_rate: 0.9]
[tinygbdt_penalty_feature: 0.0625]
[tinygbdt_penalty_split: 1]
[tinygbdt_forestsize: 64000]
[tinygbdt_precision: 1]
[cegb_tradeoff: 1]
[cegb_penalty_split: 0]
[cegb_penalty_feature_lazy: ]
[cegb_penalty_feature_coupled: ]
[path_smooth: 0]
[interaction_constraints: ]
[verbosity: 1]
[saved_feature_importance_type: 0]
[use_quantized_grad: 0]
[num_grad_quant_bins: 4]
[quant_train_renew_leaf: 0]
[stochastic_rounding: 1]
[linear_tree: 0]
[max_bin: 255]
[max_bin_by_feature: ]
[min_data_in_bin: 3]
[bin_construct_sample_cnt: 200000]
[data_random_seed: 175]
[is_enable_sparse: 1]
[enable_bundle: 1]
[use_missing: 1]
[zero_as_missing: 0]
[feature_pre_filter: 1]
[pre_partition: 0]
[two_round: 0]
[header: 0]
[label_column: ]
[weight_column: ]
[group_column: ]
[ignore_column: ]
[categorical_feature: ]
[forcedbins_filename: ]
[precise_float_parser: 0]
[parser_config_file: ]
[objective_seed: 16083]
[num_class: 1]
[is_unbalance: 0]
[scale_pos_weight: 1]
[sigmoid: 1]
[boost_from_average: 1]
[reg_sqrt: 0]
[alpha: 0.9]
[fair_c: 1]
[poisson_max_delta_step: 0.7]
[tweedie_variance_power: 1.5]
[lambdarank_truncation_level: 30]
[lambdarank_norm: 1]
[label_gain: ]
[lambdarank_position_bias_regularization: 0]
[eval_at: ]
[multi_error_top_k: 1]
[auc_mu_weights: ]
[num_machines: 1]
[local_listen_port: 12400]
[time_out: 120]
[machine_list_filename: ]
[machines: ]
[gpu_platform_id: -1]
[gpu_device_id: -1]
[gpu_use_dp: 0]
[num_gpu: 1]

end of parameters
