no_trees,max_trees,max_depth,no_features,no_thresholds,no_leaves,our_bits,lgb_bits,accuracy,val_acc,tinygbdt_penalty_feature,tinygbdt_penalty_split,tinygbdt_forestsize
8.0,8.0,4.0,9.0,216.0,128.0,6123.0,19456.0,0.307242453100972,0.31968702716659936,0.0,0.0078125,6400000.0
1.0,8.0,2.0,1.0,1.0,1.0,39.0,32.0,-0.0030632107251067353,-0.0017650185808415486,16384.0,128.0,6400000.0
8.0,8.0,4.0,3.0,42.0,28.0,1287.0,3456.0,0.23449431988645453,0.2406930752249571,0.5,8.0,6400000.0
1.0,1.0,2.0,1.0,1.0,1.0,39.0,32.0,-0.0030632107251067353,-0.0017650185808415486,0.5,1024.0,6400000.0
1.0,8.0,4.0,1.0,1.0,1.0,63.0,32.0,-0.0030632107251067353,-0.0017650185808415486,0.00195312,512.0,6400000.0
1.0,8.0,4.0,1.0,1.0,1.0,63.0,32.0,-0.0030632107251067353,-0.0017650185808415486,0.015625,256.0,6400000.0
1.0,1.0,2.0,1.0,1.0,1.0,39.0,32.0,-0.0030632107251067353,-0.0017650185808415486,1.0,8192.0,6400000.0
1.0,8.0,2.0,1.0,1.0,1.0,39.0,32.0,-0.0030632107251067353,-0.0017650185808415486,32768.0,0.000976562,6400000.0
3.0,8.0,4.0,2.0,9.0,6.0,335.0,576.0,0.10115259004895938,0.10346957106453547,0.000976562,64.0,6400000.0
1.0,1.0,2.0,3.0,7.0,4.0,223.0,512.0,0.049777517915640224,0.05405121197129903,1.0,0.0078125,6400000.0
1.0,1.0,2.0,3.0,7.0,4.0,223.0,512.0,0.049777517915640224,0.05405121197129903,0.5,1.0,6400000.0
1.0,8.0,2.0,1.0,1.0,1.0,39.0,32.0,-0.0030632107251067353,-0.0017650185808415486,512.0,0.00390625,6400000.0
8.0,8.0,4.0,9.0,217.0,128.0,6124.0,19456.0,0.30810260930252387,0.31993738418737927,0.00195312,0.0,6400000.0
1.0,8.0,2.0,1.0,1.0,1.0,39.0,32.0,-0.0030632107251067353,-0.0017650185808415486,1024.0,32768.0,6400000.0
8.0,8.0,4.0,8.0,217.0,128.0,6296.0,19456.0,0.3136105466856838,0.3220085846637736,0.5,0.0078125,6400000.0
1.0,8.0,4.0,1.0,1.0,1.0,63.0,32.0,-0.0030632107251067353,-0.0017650185808415486,0.0078125,32768.0,6400000.0
8.0,8.0,4.0,8.0,189.0,119.0,5525.0,18016.0,0.30626736767061935,0.3147228152248637,0.25,1.0,6400000.0
1.0,8.0,2.0,1.0,1.0,1.0,39.0,32.0,-0.0030632107251067353,-0.0017650185808415486,256.0,0.5,6400000.0
8.0,8.0,4.0,2.0,22.0,16.0,724.0,1536.0,0.184803559555608,0.19082719424152972,0.0078125,32.0,6400000.0
1.0,8.0,4.0,1.0,1.0,1.0,63.0,32.0,-0.0030632107251067353,-0.0017650185808415486,0.25,1024.0,6400000.0
1.0,8.0,2.0,1.0,1.0,1.0,39.0,32.0,-0.0030632107251067353,-0.0017650185808415486,4096.0,2048.0,6400000.0
1.0,8.0,2.0,1.0,1.0,1.0,39.0,32.0,-0.0030632107251067353,-0.0017650185808415486,2048.0,256.0,6400000.0
8.0,8.0,4.0,9.0,215.0,128.0,6100.0,19456.0,0.305275554052584,0.31562387802130276,0.000976562,0.0625,6400000.0
8.0,8.0,4.0,9.0,205.0,128.0,5963.0,19456.0,0.3016940325285281,0.3190394809167233,0.00195312,0.5,6400000.0
8.0,8.0,4.0,9.0,216.0,128.0,6123.0,19456.0,0.307242453100972,0.31968702716659936,0.00390625,0.00390625,6400000.0
1.0,8.0,2.0,1.0,1.0,1.0,39.0,32.0,-0.0030632107251067353,-0.0017650185808415486,8192.0,16.0,6400000.0
1.0,8.0,2.0,1.0,1.0,1.0,39.0,32.0,-0.0030632107251067353,-0.0017650185808415486,8192.0,0.015625,6400000.0
1.0,8.0,2.0,1.0,1.0,1.0,39.0,32.0,-0.0030632107251067353,-0.0017650185808415486,512.0,4.0,6400000.0
1.0,8.0,4.0,1.0,1.0,1.0,63.0,32.0,-0.0030632107251067353,-0.0017650185808415486,0.03125,2048.0,6400000.0
8.0,8.0,4.0,9.0,215.0,128.0,6149.0,19456.0,0.3053958102932265,0.31560445779801916,0.0078125,0.03125,6400000.0
1.0,1.0,2.0,3.0,5.0,3.0,158.0,352.0,0.048146068319603885,0.051476191507202285,1.0,8.0,6400000.0
1.0,1.0,1.0,2.0,3.0,2.0,108.0,192.0,0.03911015413878083,0.040912063041146696,0.0,0.0,6400000.0
1.0,8.0,2.0,1.0,1.0,1.0,39.0,32.0,-0.0030632107251067353,-0.0017650185808415486,32768.0,1.0,6400000.0
1.0,8.0,2.0,1.0,1.0,1.0,39.0,32.0,-0.0030632107251067353,-0.0017650185808415486,4096.0,0.00195312,6400000.0
1.0,8.0,2.0,1.0,1.0,1.0,39.0,32.0,-0.0030632107251067353,-0.0017650185808415486,1024.0,32.0,6400000.0
1.0,8.0,2.0,1.0,1.0,1.0,39.0,32.0,-0.0030632107251067353,-0.0017650185808415486,256.0,512.0,6400000.0
8.0,8.0,4.0,8.0,73.0,50.0,2347.0,6976.0,0.26228626421759094,0.2720477846984525,0.00390625,4.0,6400000.0
1.0,8.0,4.0,1.0,1.0,1.0,63.0,32.0,-0.0030632107251067353,-0.0017650185808415486,0.0625,16384.0,6400000.0
1.0,1.0,1.0,2.0,3.0,2.0,108.0,192.0,0.03911015413878083,0.040912063041146696,0.0,0.5,6400000.0
1.0,8.0,4.0,1.0,1.0,1.0,63.0,32.0,-0.0030632107251067353,-0.0017650185808415486,0.125,128.0,6400000.0
1.0,8.0,2.0,1.0,1.0,1.0,39.0,32.0,-0.0030632107251067353,-0.0017650185808415486,1024.0,0.03125,6400000.0
1.0,8.0,2.0,1.0,1.0,1.0,39.0,32.0,-0.0030632107251067353,-0.0017650185808415486,32768.0,1024.0,6400000.0
1.0,8.0,4.0,1.0,1.0,1.0,63.0,32.0,-0.0030632107251067353,-0.0017650185808415486,0.0,8192.0,6400000.0
8.0,8.0,4.0,9.0,220.0,128.0,6272.0,19456.0,0.31243041806306293,0.32142571455620217,0.25,0.000976562,6400000.0
1.0,8.0,4.0,1.0,1.0,1.0,63.0,32.0,-0.0030632107251067353,-0.0017650185808415486,0.00390625,4096.0,6400000.0
1.0,1.0,1.0,1.0,1.0,1.0,35.0,32.0,-0.0030632107251067353,-0.0017650185808415486,0.00390625,256.0,6400000.0
1.0,8.0,2.0,1.0,1.0,1.0,39.0,32.0,-0.0030632107251067353,-0.0017650185808415486,512.0,4096.0,6400000.0
1.0,8.0,2.0,1.0,1.0,1.0,39.0,32.0,-0.0030632107251067353,-0.0017650185808415486,16384.0,0.125,6400000.0
1.0,8.0,2.0,1.0,1.0,1.0,39.0,32.0,-0.0030632107251067353,-0.0017650185808415486,8192.0,16384.0,6400000.0
8.0,8.0,4.0,9.0,215.0,128.0,6120.0,19456.0,0.30766848060083907,0.31953765456658834,0.0625,0.015625,6400000.0
8.0,8.0,4.0,3.0,28.0,20.0,917.0,2176.0,0.21183510327283472,0.21733614376884747,0.0625,16.0,6400000.0
1.0,8.0,2.0,1.0,1.0,1.0,39.0,32.0,-0.0030632107251067353,-0.0017650185808415486,2048.0,0.25,6400000.0
8.0,8.0,4.0,9.0,217.0,128.0,6188.0,19456.0,0.31082177359351204,0.3181282365686713,0.125,0.125,6400000.0
1.0,1.0,2.0,3.0,7.0,4.0,223.0,512.0,0.049777517915640224,0.05405121197129903,0.5,0.000976562,6400000.0
1.0,8.0,2.0,1.0,1.0,1.0,39.0,32.0,-0.0030632107251067353,-0.0017650185808415486,4096.0,2.0,6400000.0
8.0,8.0,4.0,8.0,155.0,103.0,4677.0,15456.0,0.30549710541773134,0.32094719684643136,0.03125,2.0,6400000.0
8.0,8.0,4.0,9.0,216.0,128.0,6123.0,19456.0,0.307242453100972,0.31968702716659936,0.03125,0.00195312,6400000.0
8.0,8.0,4.0,9.0,209.0,128.0,6116.0,19456.0,0.2992228759104546,0.3145114947650808,0.015625,0.25,6400000.0
8.0,8.0,4.0,3.0,42.0,28.0,1287.0,3456.0,0.23449431988645453,0.2406930752249571,0.0,8.0,6400000.0
1.0,8.0,2.0,1.0,1.0,1.0,39.0,32.0,-0.0030632107251067353,-0.0017650185808415486,512.0,8192.0,6400000.0
1.0,1.0,2.0,1.0,1.0,1.0,39.0,32.0,-0.0030632107251067353,-0.0017650185808415486,0.5,2048.0,6400000.0
1.0,8.0,2.0,1.0,1.0,1.0,39.0,32.0,-0.0030632107251067353,-0.0017650185808415486,8192.0,0.03125,6400000.0
1.0,8.0,2.0,1.0,1.0,1.0,39.0,32.0,-0.0030632107251067353,-0.0017650185808415486,1024.0,0.0625,6400000.0
1.0,8.0,4.0,1.0,1.0,1.0,63.0,32.0,-0.0030632107251067353,-0.0017650185808415486,0.000976562,128.0,6400000.0
8.0,8.0,4.0,3.0,42.0,28.0,1287.0,3456.0,0.23449431988645453,0.2406930752249571,0.00390625,8.0,6400000.0
8.0,8.0,4.0,2.0,22.0,16.0,724.0,1536.0,0.184803559555608,0.19082719424152972,0.0625,32.0,6400000.0
8.0,8.0,4.0,7.0,145.0,98.0,4376.0,14656.0,0.3054943173503706,0.3147055007046776,0.25,2.0,6400000.0
1.0,8.0,2.0,1.0,1.0,1.0,39.0,32.0,-0.0030632107251067353,-0.0017650185808415486,8192.0,32.0,6400000.0
1.0,8.0,4.0,1.0,1.0,1.0,63.0,32.0,-0.0030632107251067353,-0.0017650185808415486,0.00195312,1024.0,6400000.0
8.0,8.0,4.0,3.0,28.0,20.0,917.0,2176.0,0.21183510327283472,0.21733614376884747,0.5,16.0,6400000.0
1.0,8.0,2.0,1.0,1.0,1.0,39.0,32.0,-0.0030632107251067353,-0.0017650185808415486,4096.0,4096.0,6400000.0
1.0,8.0,4.0,1.0,1.0,1.0,63.0,32.0,-0.0030632107251067353,-0.0017650185808415486,0.03125,4096.0,6400000.0
8.0,8.0,4.0,9.0,215.0,128.0,6149.0,19456.0,0.3053958102932265,0.31560445779801916,0.0625,0.03125,6400000.0
8.0,8.0,4.0,9.0,215.0,128.0,6120.0,19456.0,0.30766848060083907,0.31953765456658834,0.0,0.015625,6400000.0
1.0,1.0,2.0,3.0,7.0,4.0,223.0,512.0,0.049777517915640224,0.05405121197129903,0.5,2.0,6400000.0
1.0,1.0,2.0,1.0,1.0,1.0,39.0,32.0,-0.0030632107251067353,-0.0017650185808415486,1.0,16384.0,6400000.0
1.0,8.0,2.0,1.0,1.0,1.0,39.0,32.0,-0.0030632107251067353,-0.0017650185808415486,4096.0,0.00390625,6400000.0
1.0,8.0,2.0,1.0,1.0,1.0,39.0,32.0,-0.0030632107251067353,-0.0017650185808415486,32768.0,0.00195312,6400000.0
3.0,8.0,4.0,2.0,9.0,6.0,335.0,576.0,0.10115259004895938,0.10346957106453547,0.0078125,64.0,6400000.0
1.0,8.0,2.0,1.0,1.0,1.0,39.0,32.0,-0.0030632107251067353,-0.0017650185808415486,8192.0,32768.0,6400000.0
1.0,8.0,4.0,1.0,1.0,1.0,63.0,32.0,-0.0030632107251067353,-0.0017650185808415486,0.25,2048.0,6400000.0
1.0,8.0,2.0,1.0,1.0,1.0,39.0,32.0,-0.0030632107251067353,-0.0017650185808415486,16384.0,256.0,6400000.0
8.0,8.0,4.0,9.0,216.0,128.0,6123.0,19456.0,0.307242453100972,0.31968702716659936,0.03125,0.00390625,6400000.0
8.0,8.0,4.0,9.0,216.0,128.0,6123.0,19456.0,0.307242453100972,0.31968702716659936,0.00390625,0.0078125,6400000.0
1.0,8.0,2.0,1.0,1.0,1.0,39.0,32.0,-0.0030632107251067353,-0.0017650185808415486,2048.0,0.0,6400000.0
1.0,1.0,1.0,2.0,3.0,2.0,108.0,192.0,0.03911015413878083,0.040912063041146696,0.0,1.0,6400000.0
1.0,1.0,2.0,3.0,7.0,4.0,223.0,512.0,0.049777517915640224,0.05405121197129903,0.5,0.00195312,6400000.0
1.0,1.0,1.0,1.0,1.0,1.0,35.0,32.0,-0.0030632107251067353,-0.0017650185808415486,0.00390625,512.0,6400000.0
8.0,8.0,4.0,9.0,215.0,128.0,6215.0,19456.0,0.3057449026334672,0.31880263662642694,0.125,0.25,6400000.0
1.0,8.0,2.0,1.0,1.0,1.0,39.0,32.0,-0.0030632107251067353,-0.0017650185808415486,2048.0,0.5,6400000.0
1.0,8.0,2.0,1.0,1.0,1.0,39.0,32.0,-0.0030632107251067353,-0.0017650185808415486,512.0,8.0,6400000.0
1.0,8.0,2.0,1.0,1.0,1.0,39.0,32.0,-0.0030632107251067353,-0.0017650185808415486,32768.0,2.0,6400000.0
1.0,8.0,4.0,1.0,1.0,1.0,63.0,32.0,-0.0030632107251067353,-0.0017650185808415486,0.125,256.0,6400000.0
8.0,8.0,4.0,9.0,215.0,128.0,6150.0,19456.0,0.30447722250696363,0.3140088965699308,0.000976562,0.125,6400000.0
8.0,8.0,4.0,8.0,217.0,128.0,6296.0,19456.0,0.3136105466856838,0.3220085846637736,0.5,0.015625,6400000.0
1.0,8.0,4.0,1.0,1.0,1.0,63.0,32.0,-0.0030632107251067353,-0.0017650185808415486,0.015625,512.0,6400000.0
8.0,8.0,4.0,8.0,187.0,123.0,5673.0,18656.0,0.3066478297117353,0.3192508630772435,0.00195312,1.0,6400000.0
8.0,8.0,4.0,9.0,215.0,128.0,6100.0,19456.0,0.305275554052584,0.31562387802130276,0.0078125,0.0625,6400000.0
1.0,8.0,2.0,1.0,1.0,1.0,39.0,32.0,-0.0030632107251067353,-0.0017650185808415486,16384.0,0.25,6400000.0
1.0,8.0,2.0,1.0,1.0,1.0,39.0,32.0,-0.0030632107251067353,-0.0017650185808415486,256.0,1024.0,6400000.0
8.0,8.0,4.0,9.0,217.0,128.0,6124.0,19456.0,0.30810260930252387,0.31993738418737927,0.015625,0.0,6400000.0
1.0,8.0,2.0,1.0,1.0,1.0,39.0,32.0,-0.0030632107251067353,-0.0017650185808415486,2048.0,512.0,6400000.0
8.0,8.0,4.0,8.0,73.0,50.0,2347.0,6976.0,0.26228626421759094,0.2720477846984525,0.03125,4.0,6400000.0
1.0,8.0,2.0,1.0,1.0,1.0,39.0,32.0,-0.0030632107251067353,-0.0017650185808415486,4096.0,4.0,6400000.0
1.0,1.0,2.0,3.0,5.0,3.0,158.0,352.0,0.048146068319603885,0.051476191507202285,1.0,16.0,6400000.0
8.0,8.0,4.0,9.0,220.0,128.0,6272.0,19456.0,0.31243041806306293,0.32142571455620217,0.25,0.00195312,6400000.0
1.0,8.0,2.0,1.0,1.0,1.0,39.0,32.0,-0.0030632107251067353,-0.0017650185808415486,1024.0,64.0,6400000.0
8.0,8.0,4.0,3.0,28.0,20.0,917.0,2176.0,0.21183510327283472,0.21733614376884747,0.0,16.0,6400000.0
1.0,8.0,4.0,1.0,1.0,1.0,63.0,32.0,-0.0030632107251067353,-0.0017650185808415486,0.00390625,8192.0,6400000.0
1.0,8.0,2.0,1.0,1.0,1.0,39.0,32.0,-0.0030632107251067353,-0.0017650185808415486,512.0,0.0078125,6400000.0
1.0,8.0,4.0,1.0,1.0,1.0,63.0,32.0,-0.0030632107251067353,-0.0017650185808415486,0.0,16384.0,6400000.0
1.0,8.0,2.0,1.0,1.0,1.0,39.0,32.0,-0.0030632107251067353,-0.0017650185808415486,32768.0,2048.0,6400000.0
1.0,8.0,2.0,1.0,1.0,1.0,39.0,32.0,-0.0030632107251067353,-0.0017650185808415486,256.0,1.0,6400000.0
1.0,1.0,2.0,3.0,7.0,4.0,223.0,512.0,0.049777517915640224,0.05405121197129903,1.0,0.015625,6400000.0
8.0,8.0,4.0,9.0,205.0,128.0,5963.0,19456.0,0.3016940325285281,0.3190394809167233,0.015625,0.5,6400000.0
8.0,8.0,4.0,9.0,216.0,128.0,6123.0,19456.0,0.307242453100972,0.31968702716659936,0.00195312,0.000976562,6400000.0
1.0,1.0,1.0,2.0,3.0,2.0,108.0,192.0,0.03911015413878083,0.040912063041146696,0.0,0.000976562,6400000.0
1.0,8.0,4.0,1.0,1.0,1.0,63.0,32.0,-0.0030632107251067353,-0.0017650185808415486,0.0625,32768.0,6400000.0
8.0,8.0,4.0,9.0,215.0,128.0,6100.0,19456.0,0.305275554052584,0.31562387802130276,0.0625,0.0625,6400000.0
1.0,8.0,4.0,1.0,1.0,1.0,63.0,32.0,-0.0030632107251067353,-0.0017650185808415486,0.000976562,256.0,6400000.0
8.0,8.0,4.0,3.0,28.0,20.0,917.0,2176.0,0.21183510327283472,0.21733614376884747,0.00390625,16.0,6400000.0
3.0,8.0,4.0,2.0,9.0,6.0,335.0,576.0,0.10115259004895938,0.10346957106453547,0.0625,64.0,6400000.0
1.0,8.0,4.0,1.0,1.0,1.0,63.0,32.0,-0.0030632107251067353,-0.0017650185808415486,0.00195312,2048.0,6400000.0
1.0,1.0,2.0,1.0,1.0,1.0,39.0,32.0,-0.0030632107251067353,-0.0017650185808415486,0.5,4096.0,6400000.0
1.0,8.0,4.0,1.0,1.0,1.0,63.0,32.0,-0.0030632107251067353,-0.0017650185808415486,0.03125,8192.0,6400000.0
8.0,8.0,4.0,2.0,22.0,16.0,724.0,1536.0,0.184803559555608,0.19082719424152972,0.5,32.0,6400000.0
1.0,8.0,2.0,1.0,1.0,1.0,39.0,32.0,-0.0030632107251067353,-0.0017650185808415486,512.0,16384.0,6400000.0
8.0,8.0,4.0,6.0,66.0,47.0,2131.0,6496.0,0.2542958337064104,0.2616846866807364,0.25,4.0,6400000.0
1.0,8.0,2.0,1.0,1.0,1.0,39.0,32.0,-0.0030632107251067353,-0.0017650185808415486,4096.0,8192.0,6400000.0
1.0,8.0,2.0,1.0,1.0,1.0,39.0,32.0,-0.0030632107251067353,-0.0017650185808415486,1024.0,0.125,6400000.0
1.0,8.0,2.0,1.0,1.0,1.0,39.0,32.0,-0.0030632107251067353,-0.0017650185808415486,8192.0,0.0625,6400000.0
8.0,8.0,4.0,9.0,215.0,128.0,6149.0,19456.0,0.3053958102932265,0.31560445779801916,0.0,0.03125,6400000.0
1.0,8.0,2.0,1.0,1.0,1.0,39.0,32.0,-0.0030632107251067353,-0.0017650185808415486,8192.0,64.0,6400000.0
1.0,1.0,2.0,3.0,7.0,4.0,223.0,512.0,0.049777517915640224,0.05405121197129903,0.5,4.0,6400000.0
1.0,1.0,2.0,1.0,1.0,1.0,39.0,32.0,-0.0030632107251067353,-0.0017650185808415486,1.0,32768.0,6400000.0
1.0,8.0,2.0,1.0,1.0,1.0,39.0,32.0,-0.0030632107251067353,-0.0017650185808415486,4096.0,0.0078125,6400000.0
1.0,8.0,2.0,1.0,1.0,1.0,39.0,32.0,-0.0030632107251067353,-0.0017650185808415486,16384.0,0.0,6400000.0
1.0,8.0,2.0,1.0,1.0,1.0,39.0,32.0,-0.0030632107251067353,-0.0017650185808415486,32768.0,0.00390625,6400000.0
1.0,8.0,4.0,1.0,1.0,1.0,63.0,32.0,-0.0030632107251067353,-0.0017650185808415486,0.0078125,128.0,6400000.0
1.0,8.0,4.0,1.0,1.0,1.0,63.0,32.0,-0.0030632107251067353,-0.0017650185808415486,0.25,4096.0,6400000.0
1.0,8.0,2.0,1.0,1.0,1.0,39.0,32.0,-0.0030632107251067353,-0.0017650185808415486,512.0,16.0,6400000.0
1.0,8.0,4.0,1.0,1.0,1.0,63.0,32.0,-0.0030632107251067353,-0.0017650185808415486,0.125,512.0,6400000.0
8.0,8.0,4.0,9.0,216.0,128.0,6123.0,19456.0,0.307242453100972,0.31968702716659936,0.03125,0.0078125,6400000.0
8.0,8.0,4.0,9.0,215.0,128.0,6120.0,19456.0,0.30766848060083907,0.31953765456658834,0.00390625,0.015625,6400000.0
1.0,1.0,1.0,2.0,3.0,2.0,108.0,192.0,0.03911015413878083,0.040912063041146696,0.0,2.0,6400000.0
1.0,8.0,2.0,1.0,1.0,1.0,39.0,32.0,-0.0030632107251067353,-0.0017650185808415486,32768.0,4.0,6400000.0
1.0,1.0,2.0,3.0,7.0,4.0,223.0,512.0,0.049777517915640224,0.05405121197129903,0.5,0.00390625,6400000.0
1.0,8.0,2.0,1.0,1.0,1.0,39.0,32.0,-0.0030632107251067353,-0.0017650185808415486,2048.0,1.0,6400000.0
1.0,8.0,2.0,1.0,1.0,1.0,39.0,32.0,-0.0030632107251067353,-0.0017650185808415486,2048.0,0.000976562,6400000.0
1.0,8.0,2.0,1.0,1.0,1.0,39.0,32.0,-0.0030632107251067353,-0.0017650185808415486,16384.0,512.0,6400000.0
8.0,8.0,4.0,9.0,210.0,128.0,6029.0,19456.0,0.31547989988485226,0.326260362936319,0.125,0.5,6400000.0
8.0,8.0,4.0,8.0,215.0,128.0,6181.0,19456.0,0.310744477581145,0.31951961418359176,0.5,0.03125,6400000.0
1.0,8.0,2.0,1.0,1.0,1.0,39.0,32.0,-0.0030632107251067353,-0.0017650185808415486,4096.0,8.0,6400000.0
8.0,8.0,4.0,3.0,42.0,28.0,1287.0,3456.0,0.23449431988645453,0.2406930752249571,0.03125,8.0,6400000.0
1.0,8.0,2.0,1.0,1.0,1.0,39.0,32.0,-0.0030632107251067353,-0.0017650185808415486,2048.0,1024.0,6400000.0
8.0,8.0,4.0,9.0,209.0,128.0,6116.0,19456.0,0.2992228759104546,0.3145114947650808,0.000976562,0.25,6400000.0
8.0,8.0,4.0,8.0,155.0,103.0,4677.0,15456.0,0.30549710541773134,0.32094719684643136,0.00195312,2.0,6400000.0
1.0,1.0,1.0,1.0,1.0,1.0,35.0,32.0,-0.0030632107251067353,-0.0017650185808415486,0.00390625,1024.0,6400000.0
8.0,8.0,4.0,8.0,187.0,123.0,5673.0,18656.0,0.3066478297117353,0.3192508630772435,0.015625,1.0,6400000.0
8.0,8.0,4.0,9.0,220.0,128.0,6272.0,19456.0,0.31243041806306293,0.32142571455620217,0.25,0.00390625,6400000.0
1.0,8.0,2.0,1.0,1.0,1.0,39.0,32.0,-0.0030632107251067353,-0.0017650185808415486,256.0,2048.0,6400000.0
8.0,8.0,4.0,2.0,22.0,16.0,724.0,1536.0,0.184803559555608,0.19082719424152972,0.0,32.0,6400000.0
1.0,8.0,2.0,1.0,1.0,1.0,39.0,32.0,-0.0030632107251067353,-0.0017650185808415486,1024.0,128.0,6400000.0
8.0,8.0,4.0,9.0,220.0,128.0,6272.0,19456.0,0.31243041806306293,0.32142571455620217,0.125,0.0,6400000.0
1.0,8.0,4.0,1.0,1.0,1.0,63.0,32.0,-0.0030632107251067353,-0.0017650185808415486,0.015625,1024.0,6400000.0
8.0,8.0,4.0,9.0,216.0,128.0,6123.0,19456.0,0.307242453100972,0.31968702716659936,0.015625,0.000976562,6400000.0
8.0,8.0,4.0,9.0,216.0,128.0,6123.0,19456.0,0.307242453100972,0.31968702716659936,0.00195312,0.00195312,6400000.0
1.0,8.0,4.0,1.0,1.0,1.0,63.0,32.0,-0.0030632107251067353,-0.0017650185808415486,0.00390625,16384.0,6400000.0
1.0,8.0,4.0,1.0,1.0,1.0,63.0,32.0,-0.0030632107251067353,-0.0017650185808415486,0.0,32768.0,6400000.0
8.0,8.0,4.0,9.0,215.0,128.0,6150.0,19456.0,0.30447722250696363,0.3140088965699308,0.0078125,0.125,6400000.0
1.0,1.0,2.0,2.0,3.0,2.0,112.0,192.0,0.03911015413878083,0.040912063041146696,1.0,32.0,6400000.0
1.0,8.0,2.0,1.0,1.0,1.0,39.0,32.0,-0.0030632107251067353,-0.0017650185808415486,32768.0,4096.0,6400000.0
1.0,8.0,2.0,1.0,1.0,1.0,39.0,32.0,-0.0030632107251067353,-0.0017650185808415486,256.0,2.0,6400000.0
1.0,1.0,2.0,3.0,7.0,4.0,223.0,512.0,0.049777517915640224,0.05405121197129903,1.0,0.03125,6400000.0
1.0,8.0,2.0,1.0,1.0,1.0,39.0,32.0,-0.0030632107251067353,-0.0017650185808415486,512.0,0.015625,6400000.0
1.0,8.0,2.0,1.0,1.0,1.0,39.0,32.0,-0.0030632107251067353,-0.0017650185808415486,16384.0,0.5,6400000.0
1.0,1.0,1.0,2.0,3.0,2.0,108.0,192.0,0.03911015413878083,0.040912063041146696,0.0,0.00195312,6400000.0
1.0,8.0,2.0,1.0,1.0,1.0,39.0,32.0,-0.0030632107251067353,-0.0017650185808415486,4096.0,16384.0,6400000.0
1.0,8.0,4.0,1.0,1.0,1.0,63.0,32.0,-0.0030632107251067353,-0.0017650185808415486,0.000976562,512.0,6400000.0
8.0,8.0,4.0,3.0,42.0,28.0,1287.0,3456.0,0.23449431988645453,0.2406930752249571,0.25,8.0,6400000.0
1.0,8.0,4.0,1.0,1.0,1.0,63.0,32.0,-0.0030632107251067353,-0.0017650185808415486,0.0625,128.0,6400000.0
1.0,8.0,2.0,1.0,1.0,1.0,39.0,32.0,-0.0030632107251067353,-0.0017650185808415486,1024.0,0.25,6400000.0
8.0,8.0,4.0,2.0,22.0,16.0,724.0,1536.0,0.184803559555608,0.19082719424152972,0.00390625,32.0,6400000.0
1.0,8.0,2.0,1.0,1.0,1.0,39.0,32.0,-0.0030632107251067353,-0.0017650185808415486,512.0,32768.0,6400000.0
1.0,1.0,2.0,1.0,1.0,1.0,39.0,32.0,-0.0030632107251067353,-0.0017650185808415486,0.5,8192.0,6400000.0
1.0,8.0,4.0,1.0,1.0,1.0,63.0,32.0,-0.0030632107251067353,-0.0017650185808415486,0.00195312,4096.0,6400000.0
3.0,8.0,4.0,2.0,9.0,6.0,335.0,576.0,0.10115259004895938,0.10346957106453547,0.5,64.0,6400000.0
1.0,8.0,2.0,1.0,1.0,1.0,39.0,32.0,-0.0030632107251067353,-0.0017650185808415486,8192.0,128.0,6400000.0
1.0,8.0,2.0,1.0,1.0,1.0,39.0,32.0,-0.0030632107251067353,-0.0017650185808415486,8192.0,0.125,6400000.0
1.0,8.0,4.0,1.0,1.0,1.0,63.0,32.0,-0.0030632107251067353,-0.0017650185808415486,0.03125,16384.0,6400000.0
8.0,8.0,4.0,9.0,215.0,128.0,6150.0,19456.0,0.30447722250696363,0.3140088965699308,0.0625,0.125,6400000.0
1.0,1.0,2.0,3.0,5.0,3.0,158.0,352.0,0.048146068319603885,0.051476191507202285,0.5,8.0,6400000.0
8.0,8.0,4.0,9.0,215.0,128.0,6100.0,19456.0,0.305275554052584,0.31562387802130276,0.0,0.0625,6400000.0
1.0,1.0,2.0,3.0,7.0,4.0,223.0,512.0,0.049777517915640224,0.05405121197129903,2.0,0.0,6400000.0
1.0,8.0,2.0,1.0,1.0,1.0,39.0,32.0,-0.0030632107251067353,-0.0017650185808415486,4096.0,0.015625,6400000.0
1.0,8.0,4.0,1.0,1.0,1.0,63.0,32.0,-0.0030632107251067353,-0.0017650185808415486,0.0078125,256.0,6400000.0
1.0,8.0,2.0,1.0,1.0,1.0,39.0,32.0,-0.0030632107251067353,-0.0017650185808415486,16384.0,0.000976562,6400000.0
1.0,8.0,2.0,1.0,1.0,1.0,39.0,32.0,-0.0030632107251067353,-0.0017650185808415486,32768.0,0.0078125,6400000.0
1.0,8.0,2.0,1.0,1.0,1.0,39.0,32.0,-0.0030632107251067353,-0.0017650185808415486,512.0,32.0,6400000.0
8.0,8.0,4.0,9.0,215.0,128.0,6120.0,19456.0,0.30766848060083907,0.31953765456658834,0.03125,0.015625,6400000.0
1.0,8.0,4.0,1.0,1.0,1.0,63.0,32.0,-0.0030632107251067353,-0.0017650185808415486,0.25,8192.0,6400000.0
8.0,8.0,4.0,9.0,215.0,128.0,6149.0,19456.0,0.3053958102932265,0.31560445779801916,0.00390625,0.03125,6400000.0
8.0,8.0,4.0,3.0,28.0,20.0,917.0,2176.0,0.21183510327283472,0.21733614376884747,0.03125,16.0,6400000.0
8.0,8.0,4.0,8.0,212.0,128.0,6148.0,19456.0,0.3092879024585563,0.3182367199679891,0.5,0.0625,6400000.0
1.0,1.0,1.0,2.0,3.0,2.0,108.0,192.0,0.03911015413878083,0.040912063041146696,0.0,4.0,6400000.0
1.0,8.0,2.0,1.0,1.0,1.0,39.0,32.0,-0.0030632107251067353,-0.0017650185808415486,32768.0,8.0,6400000.0
8.0,8.0,4.0,8.0,187.0,123.0,5673.0,18656.0,0.30664665085561527,0.31925066445599903,0.125,1.0,6400000.0
1.0,8.0,2.0,1.0,1.0,1.0,39.0,32.0,-0.0030632107251067353,-0.0017650185808415486,2048.0,2048.0,6400000.0
1.0,1.0,2.0,3.0,7.0,4.0,223.0,512.0,0.049777517915640224,0.05405121197129903,0.5,0.0078125,6400000.0
1.0,8.0,2.0,1.0,1.0,1.0,39.0,32.0,-0.0030632107251067353,-0.0017650185808415486,16384.0,1024.0,6400000.0
1.0,8.0,2.0,1.0,1.0,1.0,39.0,32.0,-0.0030632107251067353,-0.0017650185808415486,4096.0,16.0,6400000.0
8.0,8.0,4.0,9.0,220.0,128.0,6272.0,19456.0,0.31243041806306293,0.32142571455620217,0.25,0.0078125,6400000.0
8.0,8.0,4.0,8.0,73.0,50.0,2347.0,6976.0,0.26228626421759094,0.2720477846984525,0.00195312,4.0,6400000.0
1.0,8.0,2.0,1.0,1.0,1.0,39.0,32.0,-0.0030632107251067353,-0.0017650185808415486,2048.0,2.0,6400000.0
8.0,8.0,4.0,9.0,205.0,128.0,5963.0,19456.0,0.3016940325285281,0.3190394809167233,0.000976562,0.5,6400000.0
1.0,1.0,1.0,1.0,1.0,1.0,35.0,32.0,-0.0030632107251067353,-0.0017650185808415486,0.00390625,2048.0,6400000.0
3.0,8.0,4.0,2.0,9.0,6.0,335.0,576.0,0.10115259004895938,0.10346957106453547,0.0,64.0,6400000.0
1.0,8.0,2.0,1.0,1.0,1.0,39.0,32.0,-0.0030632107251067353,-0.0017650185808415486,256.0,4096.0,6400000.0
8.0,8.0,4.0,9.0,220.0,128.0,6272.0,19456.0,0.31243041806306293,0.32142571455620217,0.125,0.000976562,6400000.0
1.0,8.0,2.0,1.0,1.0,1.0,39.0,32.0,-0.0030632107251067353,-0.0017650185808415486,1024.0,256.0,6400000.0
8.0,8.0,4.0,8.0,155.0,103.0,4677.0,15456.0,0.30549710541773134,0.32094719684643136,0.015625,2.0,6400000.0
8.0,8.0,4.0,9.0,216.0,128.0,6123.0,19456.0,0.307242453100972,0.31968702716659936,0.015625,0.00195312,6400000.0
1.0,8.0,4.0,1.0,1.0,1.0,63.0,32.0,-0.0030632107251067353,-0.0017650185808415486,0.125,1024.0,6400000.0
8.0,8.0,4.0,9.0,209.0,128.0,6116.0,19456.0,0.2992228759104546,0.3145114947650808,0.0078125,0.25,6400000.0
1.0,8.0,2.0,1.0,1.0,1.0,39.0,32.0,-0.0030632107251067353,-0.0017650185808415486,256.0,4.0,6400000.0
1.0,8.0,4.0,1.0,1.0,1.0,63.0,32.0,-0.0030632107251067353,-0.0017650185808415486,0.00390625,32768.0,6400000.0
8.0,8.0,4.0,9.0,217.0,128.0,6124.0,19456.0,0.30810260930252387,0.31993738418737927,0.000976562,0.0,6400000.0
1.0,8.0,4.0,1.0,1.0,1.0,63.0,32.0,-0.0030632107251067353,-0.0017650185808415486,0.015625,2048.0,6400000.0
1.0,8.0,2.0,1.0,1.0,1.0,39.0,32.0,-0.0030632107251067353,-0.0017650185808415486,16384.0,1.0,6400000.0
1.0,1.0,1.0,2.0,3.0,2.0,108.0,192.0,0.03911015413878083,0.040912063041146696,0.0,0.00390625,6400000.0
1.0,1.0,2.0,2.0,3.0,2.0,112.0,192.0,0.03911015413878083,0.040912063041146696,1.0,64.0,6400000.0
1.0,8.0,2.0,1.0,1.0,1.0,39.0,32.0,-0.0030632107251067353,-0.0017650185808415486,512.0,0.03125,6400000.0
1.0,1.0,2.0,3.0,7.0,4.0,223.0,512.0,0.049777517915640224,0.05405121197129903,1.0,0.0625,6400000.0
1.0,8.0,2.0,1.0,1.0,1.0,39.0,32.0,-0.0030632107251067353,-0.0017650185808415486,32768.0,8192.0,6400000.0
1.0,8.0,2.0,1.0,1.0,1.0,39.0,32.0,-0.0030632107251067353,-0.0017650185808415486,2048.0,0.00195312,6400000.0
8.0,8.0,4.0,9.0,216.0,128.0,6123.0,19456.0,0.307242453100972,0.31968702716659936,0.00195312,0.00390625,6400000.0
1.0,8.0,2.0,1.0,1.0,1.0,39.0,32.0,-0.0030632107251067353,-0.0017650185808415486,4096.0,32768.0,6400000.0
1.0,1.0,2.0,1.0,1.0,1.0,39.0,32.0,-0.0030632107251067353,-0.0017650185808415486,0.5,16384.0,6400000.0
1.0,8.0,4.0,1.0,1.0,1.0,63.0,32.0,-0.0030632107251067353,-0.0017650185808415486,0.03125,32768.0,6400000.0
1.0,8.0,4.0,1.0,1.0,1.0,63.0,32.0,-0.0030632107251067353,-0.0017650185808415486,0.0625,256.0,6400000.0
1.0,8.0,2.0,1.0,1.0,1.0,39.0,32.0,-0.0030632107251067353,-0.0017650185808415486,1024.0,0.5,6400000.0
3.0,8.0,4.0,2.0,9.0,6.0,335.0,576.0,0.10115259004895938,0.10346957106453547,0.00390625,64.0,6400000.0
1.0,8.0,4.0,1.0,1.0,1.0,63.0,32.0,-0.0030632107251067353,-0.0017650185808415486,0.00195312,8192.0,6400000.0
1.0,8.0,4.0,1.0,1.0,1.0,63.0,32.0,-0.0030632107251067353,-0.0017650185808415486,0.5,128.0,6400000.0
8.0,8.0,4.0,3.0,28.0,20.0,917.0,2176.0,0.21183510327283472,0.21733614376884747,0.25,16.0,6400000.0
1.0,8.0,4.0,1.0,1.0,1.0,63.0,32.0,-0.0030632107251067353,-0.0017650185808415486,0.000976562,1024.0,6400000.0
1.0,8.0,2.0,1.0,1.0,1.0,39.0,32.0,-0.0030632107251067353,-0.0017650185808415486,8192.0,0.25,6400000.0
1.0,8.0,2.0,1.0,1.0,1.0,39.0,32.0,-0.0030632107251067353,-0.0017650185808415486,8192.0,256.0,6400000.0
1.0,1.0,2.0,3.0,5.0,3.0,158.0,352.0,0.048146068319603885,0.051476191507202285,0.5,16.0,6400000.0
1.0,8.0,2.0,1.0,1.0,1.0,39.0,32.0,-0.0030632107251067353,-0.0017650185808415486,4096.0,0.03125,6400000.0
1.0,1.0,2.0,3.0,7.0,4.0,223.0,512.0,0.049777517915640224,0.05405121197129903,2.0,0.000976562,6400000.0
8.0,8.0,4.0,9.0,215.0,128.0,6150.0,19456.0,0.30447722250696363,0.3140088965699308,0.0,0.125,6400000.0
1.0,8.0,2.0,1.0,1.0,1.0,39.0,32.0,-0.0030632107251067353,-0.0017650185808415486,1024.0,0.0,6400000.0
8.0,8.0,4.0,9.0,209.0,128.0,6116.0,19456.0,0.2992228759104546,0.3145114947650808,0.0625,0.25,6400000.0
1.0,8.0,4.0,1.0,1.0,1.0,63.0,32.0,-0.0030632107251067353,-0.0017650185808415486,0.0078125,512.0,6400000.0
1.0,8.0,2.0,1.0,1.0,1.0,39.0,32.0,-0.0030632107251067353,-0.0017650185808415486,32768.0,0.015625,6400000.0
1.0,8.0,2.0,1.0,1.0,1.0,39.0,32.0,-0.0030632107251067353,-0.0017650185808415486,16384.0,0.00195312,6400000.0
8.0,8.0,4.0,9.0,215.0,128.0,6149.0,19456.0,0.3053958102932265,0.31560445779801916,0.03125,0.03125,6400000.0
1.0,8.0,4.0,1.0,1.0,1.0,63.0,32.0,-0.0030632107251067353,-0.0017650185808415486,0.25,16384.0,6400000.0
1.0,8.0,2.0,1.0,1.0,1.0,39.0,32.0,-0.0030632107251067353,-0.0017650185808415486,512.0,64.0,6400000.0
8.0,8.0,4.0,9.0,215.0,128.0,6100.0,19456.0,0.305275554052584,0.31562387802130276,0.00390625,0.0625,6400000.0
8.0,8.0,4.0,2.0,22.0,16.0,724.0,1536.0,0.184803559555608,0.19082719424152972,0.03125,32.0,6400000.0
1.0,1.0,1.0,2.0,3.0,2.0,108.0,192.0,0.03911015413878083,0.040912063041146696,0.0,8.0,6400000.0
1.0,8.0,2.0,1.0,1.0,1.0,39.0,32.0,-0.0030632107251067353,-0.0017650185808415486,32768.0,16.0,6400000.0
8.0,8.0,4.0,8.0,155.0,103.0,4677.0,15456.0,0.30549710541773134,0.32094719684643136,0.125,2.0,6400000.0
1.0,1.0,2.0,3.0,7.0,4.0,223.0,512.0,0.049777517915640224,0.05405121197129903,0.5,0.015625,6400000.0
1.0,8.0,2.0,1.0,1.0,1.0,39.0,32.0,-0.0030632107251067353,-0.0017650185808415486,2048.0,4096.0,6400000.0
8.0,8.0,4.0,8.0,213.0,128.0,6182.0,19456.0,0.30848828379197624,0.3174611894108944,0.5,0.125,6400000.0
1.0,8.0,2.0,1.0,1.0,1.0,39.0,32.0,-0.0030632107251067353,-0.0017650185808415486,16384.0,2048.0,6400000.0
8.0,8.0,4.0,3.0,42.0,28.0,1287.0,3456.0,0.23449431988645453,0.2406930752249571,0.00195312,8.0,6400000.0
8.0,8.0,4.0,8.0,187.0,123.0,5673.0,18656.0,0.3066478297117353,0.3192508630772435,0.000976562,1.0,6400000.0
1.0,8.0,2.0,1.0,1.0,1.0,39.0,32.0,-0.0030632107251067353,-0.0017650185808415486,1024.0,512.0,6400000.0
1.0,8.0,4.0,1.0,1.0,1.0,63.0,32.0,-0.0030632107251067353,-0.0017650185808415486,0.0,128.0,6400000.0
8.0,8.0,4.0,9.0,220.0,128.0,6272.0,19456.0,0.31243041806306293,0.32142571455620217,0.125,0.00195312,6400000.0
1.0,1.0,1.0,1.0,1.0,1.0,35.0,32.0,-0.0030632107251067353,-0.0017650185808415486,0.00390625,4096.0,6400000.0
1.0,8.0,4.0,1.0,1.0,1.0,63.0,32.0,-0.0030632107251067353,-0.0017650185808415486,0.015625,4096.0,6400000.0
1.0,8.0,2.0,1.0,1.0,1.0,39.0,32.0,-0.0030632107251067353,-0.0017650185808415486,4096.0,32.0,6400000.0
8.0,8.0,4.0,9.0,220.0,128.0,6272.0,19456.0,0.31243041806306293,0.32142571455620217,0.25,0.015625,6400000.0
1.0,8.0,2.0,1.0,1.0,1.0,39.0,32.0,-0.0030632107251067353,-0.0017650185808415486,2048.0,4.0,6400000.0
1.0,8.0,2.0,1.0,1.0,1.0,39.0,32.0,-0.0030632107251067353,-0.0017650185808415486,16384.0,2.0,6400000.0
1.0,1.0,2.0,1.0,1.0,1.0,39.0,32.0,-0.0030632107251067353,-0.0017650185808415486,1.0,128.0,6400000.0
1.0,8.0,4.0,1.0,1.0,1.0,63.0,32.0,-0.0030632107251067353,-0.0017650185808415486,0.125,2048.0,6400000.0
1.0,8.0,2.0,1.0,1.0,1.0,39.0,32.0,-0.0030632107251067353,-0.0017650185808415486,256.0,8192.0,6400000.0
8.0,8.0,4.0,9.0,217.0,128.0,6124.0,19456.0,0.30810260930252387,0.31993738418737927,0.0078125,0.0,6400000.0
8.0,8.0,4.0,8.0,73.0,50.0,2347.0,6976.0,0.26228626421759094,0.2720477846984525,0.015625,4.0,6400000.0
8.0,8.0,4.0,9.0,216.0,128.0,6123.0,19456.0,0.307242453100972,0.31968702716659936,0.015625,0.00390625,6400000.0
8.0,8.0,4.0,9.0,205.0,128.0,5963.0,19456.0,0.3016940325285281,0.3190394809167233,0.0078125,0.5,6400000.0
1.0,1.0,2.0,3.0,7.0,4.0,223.0,512.0,0.049777517915640224,0.05405121197129903,1.0,0.125,6400000.0
1.0,8.0,2.0,1.0,1.0,1.0,39.0,32.0,-0.0030632107251067353,-0.0017650185808415486,2048.0,0.00390625,6400000.0
1.0,8.0,2.0,1.0,1.0,1.0,39.0,32.0,-0.0030632107251067353,-0.0017650185808415486,32768.0,16384.0,6400000.0
1.0,8.0,2.0,1.0,1.0,1.0,39.0,32.0,-0.0030632107251067353,-0.0017650185808415486,256.0,8.0,6400000.0
1.0,8.0,2.0,1.0,1.0,1.0,39.0,32.0,-0.0030632107251067353,-0.0017650185808415486,512.0,0.0625,6400000.0
1.0,1.0,1.0,2.0,3.0,2.0,108.0,192.0,0.03911015413878083,0.040912063041146696,0.0,0.0078125,6400000.0
8.0,8.0,4.0,9.0,216.0,128.0,6123.0,19456.0,0.307242453100972,0.31968702716659936,0.00195312,0.0078125,6400000.0
8.0,8.0,4.0,9.0,216.0,128.0,6123.0,19456.0,0.307242453100972,0.31968702716659936,0.000976562,0.000976562,6400000.0
1.0,8.0,2.0,1.0,1.0,1.0,39.0,32.0,-0.0030632107251067353,-0.0017650185808415486,8192.0,0.0,6400000.0
1.0,8.0,4.0,1.0,1.0,1.0,63.0,32.0,-0.0030632107251067353,-0.0017650185808415486,0.0625,512.0,6400000.0
1.0,8.0,4.0,1.0,1.0,1.0,63.0,32.0,-0.0030632107251067353,-0.0017650185808415486,0.5,256.0,6400000.0
1.0,8.0,4.0,1.0,1.0,1.0,63.0,32.0,-0.0030632107251067353,-0.0017650185808415486,0.00195312,16384.0,6400000.0
8.0,8.0,4.0,9.0,217.0,128.0,6124.0,19456.0,0.30810260930252387,0.31993738418737927,0.0625,0.0,6400000.0
1.0,1.0,2.0,2.0,3.0,2.0,112.0,192.0,0.03911015413878083,0.040912063041146696,0.5,32.0,6400000.0
1.0,8.0,2.0,1.0,1.0,1.0,39.0,32.0,-0.0030632107251067353,-0.0017650185808415486,1024.0,1.0,6400000.0
8.0,8.0,4.0,2.0,22.0,16.0,724.0,1536.0,0.184803559555608,0.19082719424152972,0.25,32.0,6400000.0
1.0,1.0,2.0,1.0,1.0,1.0,39.0,32.0,-0.0030632107251067353,-0.0017650185808415486,0.5,32768.0,6400000.0
1.0,8.0,2.0,1.0,1.0,1.0,39.0,32.0,-0.0030632107251067353,-0.0017650185808415486,4096.0,0.0625,6400000.0
1.0,8.0,2.0,1.0,1.0,1.0,39.0,32.0,-0.0030632107251067353,-0.0017650185808415486,8192.0,512.0,6400000.0
1.0,1.0,2.0,3.0,7.0,4.0,223.0,512.0,0.049777517915640224,0.05405121197129903,2.0,0.00195312,6400000.0
1.0,8.0,4.0,1.0,1.0,1.0,63.0,32.0,-0.0030632107251067353,-0.0017650185808415486,0.00390625,128.0,6400000.0
1.0,8.0,4.0,1.0,1.0,1.0,63.0,32.0,-0.0030632107251067353,-0.0017650185808415486,0.000976562,2048.0,6400000.0
1.0,8.0,2.0,1.0,1.0,1.0,39.0,32.0,-0.0030632107251067353,-0.0017650185808415486,1024.0,0.000976562,6400000.0
8.0,8.0,4.0,9.0,209.0,128.0,6116.0,19456.0,0.2992228759104546,0.3145114947650808,0.0,0.25,6400000.0
1.0,8.0,4.0,1.0,1.0,1.0,63.0,32.0,-0.0030632107251067353,-0.0017650185808415486,0.0078125,1024.0,6400000.0
1.0,8.0,2.0,1.0,1.0,1.0,39.0,32.0,-0.0030632107251067353,-0.0017650185808415486,32768.0,0.03125,6400000.0
8.0,8.0,4.0,9.0,205.0,128.0,5963.0,19456.0,0.3016940325285281,0.3190394809167233,0.0625,0.5,6400000.0
1.0,8.0,2.0,1.0,1.0,1.0,39.0,32.0,-0.0030632107251067353,-0.0017650185808415486,8192.0,0.5,6400000.0
1.0,8.0,2.0,1.0,1.0,1.0,39.0,32.0,-0.0030632107251067353,-0.0017650185808415486,16384.0,0.00390625,6400000.0
1.0,8.0,4.0,1.0,1.0,1.0,63.0,32.0,-0.0030632107251067353,-0.0017650185808415486,0.25,32768.0,6400000.0
8.0,8.0,4.0,9.0,215.0,128.0,6100.0,19456.0,0.305275554052584,0.31562387802130276,0.03125,0.0625,6400000.0
3.0,8.0,4.0,2.0,9.0,6.0,335.0,576.0,0.10115259004895938,0.10346957106453547,0.03125,64.0,6400000.0
1.0,8.0,2.0,1.0,1.0,1.0,39.0,32.0,-0.0030632107251067353,-0.0017650185808415486,512.0,128.0,6400000.0
8.0,8.0,4.0,8.0,73.0,50.0,2347.0,6976.0,0.26228626421759094,0.2720477846984525,0.125,4.0,6400000.0
1.0,1.0,1.0,2.0,3.0,2.0,108.0,192.0,0.03911015413878083,0.040912063041146696,0.0,16.0,6400000.0
8.0,8.0,4.0,9.0,215.0,128.0,6150.0,19456.0,0.30447722250696363,0.3140088965699308,0.00390625,0.125,6400000.0
1.0,8.0,2.0,1.0,1.0,1.0,39.0,32.0,-0.0030632107251067353,-0.0017650185808415486,32768.0,32.0,6400000.0
1.0,1.0,2.0,3.0,7.0,4.0,223.0,512.0,0.049777517915640224,0.05405121197129903,0.5,0.03125,6400000.0
8.0,8.0,4.0,8.0,209.0,128.0,6176.0,19456.0,0.3033229424031507,0.3181482302414753,0.5,0.25,6400000.0
8.0,8.0,4.0,3.0,28.0,20.0,917.0,2176.0,0.21183510327283472,0.21733614376884747,0.00195312,16.0,6400000.0
1.0,8.0,2.0,1.0,1.0,1.0,39.0,32.0,-0.0030632107251067353,-0.0017650185808415486,16384.0,4096.0,6400000.0
8.0,8.0,4.0,9.0,220.0,128.0,6272.0,19456.0,0.31243041806306293,0.32142571455620217,0.125,0.00390625,6400000.0
1.0,8.0,4.0,1.0,1.0,1.0,63.0,32.0,-0.0030632107251067353,-0.0017650185808415486,0.0,256.0,6400000.0
1.0,8.0,2.0,1.0,1.0,1.0,39.0,32.0,-0.0030632107251067353,-0.0017650185808415486,2048.0,8192.0,6400000.0
1.0,1.0,1.0,1.0,1.0,1.0,35.0,32.0,-0.0030632107251067353,-0.0017650185808415486,0.00390625,8192.0,6400000.0
8.0,8.0,4.0,8.0,155.0,103.0,4677.0,15456.0,0.30549710541773134,0.32094719684643136,0.000976562,2.0,6400000.0
1.0,8.0,2.0,1.0,1.0,1.0,39.0,32.0,-0.0030632107251067353,-0.0017650185808415486,4096.0,64.0,6400000.0
1.0,8.0,2.0,1.0,1.0,1.0,39.0,32.0,-0.0030632107251067353,-0.0017650185808415486,1024.0,1024.0,6400000.0
8.0,8.0,4.0,9.0,217.0,128.0,6154.0,19456.0,0.3105046805445604,0.3188762815593612,0.25,0.03125,6400000.0
1.0,8.0,2.0,1.0,1.0,1.0,39.0,32.0,-0.0030632107251067353,-0.0017650185808415486,2048.0,8.0,6400000.0
1.0,8.0,4.0,1.0,1.0,1.0,63.0,32.0,-0.0030632107251067353,-0.0017650185808415486,0.015625,8192.0,6400000.0
1.0,1.0,2.0,1.0,1.0,1.0,39.0,32.0,-0.0030632107251067353,-0.0017650185808415486,1.0,256.0,6400000.0
1.0,8.0,2.0,1.0,1.0,1.0,39.0,32.0,-0.0030632107251067353,-0.0017650185808415486,256.0,16384.0,6400000.0
1.0,8.0,4.0,1.0,1.0,1.0,63.0,32.0,-0.0030632107251067353,-0.0017650185808415486,0.125,4096.0,6400000.0
1.0,8.0,2.0,1.0,1.0,1.0,39.0,32.0,-0.0030632107251067353,-0.0017650185808415486,16384.0,4.0,6400000.0
8.0,8.0,4.0,8.0,187.0,123.0,5673.0,18656.0,0.3066478297117353,0.3192508630772435,0.0078125,1.0,6400000.0
1.0,1.0,2.0,3.0,7.0,4.0,223.0,512.0,0.049777517915640224,0.05405121197129903,1.0,0.25,6400000.0
1.0,8.0,2.0,1.0,1.0,1.0,39.0,32.0,-0.0030632107251067353,-0.0017650185808415486,2048.0,0.0078125,6400000.0
8.0,8.0,4.0,9.0,216.0,128.0,6123.0,19456.0,0.307242453100972,0.31968702716659936,0.015625,0.0078125,6400000.0
8.0,8.0,4.0,3.0,42.0,28.0,1287.0,3456.0,0.23449431988645453,0.2406930752249571,0.015625,8.0,6400000.0
8.0,8.0,4.0,9.0,216.0,128.0,6123.0,19456.0,0.307242453100972,0.31968702716659936,0.0078125,0.000976562,6400000.0
1.0,8.0,2.0,1.0,1.0,1.0,39.0,32.0,-0.0030632107251067353,-0.0017650185808415486,512.0,0.125,6400000.0
1.0,8.0,2.0,1.0,1.0,1.0,39.0,32.0,-0.0030632107251067353,-0.0017650185808415486,256.0,16.0,6400000.0
8.0,8.0,4.0,9.0,216.0,128.0,6123.0,19456.0,0.307242453100972,0.31968702716659936,0.000976562,0.00195312,6400000.0
1.0,1.0,1.0,2.0,3.0,2.0,108.0,192.0,0.03911015413878083,0.040912063041146696,0.0,0.015625,6400000.0
1.0,8.0,2.0,1.0,1.0,1.0,39.0,32.0,-0.0030632107251067353,-0.0017650185808415486,32768.0,32768.0,6400000.0
8.0,8.0,4.0,9.0,215.0,128.0,6120.0,19456.0,0.30766848060083907,0.31953765456658834,0.00195312,0.015625,6400000.0
1.0,8.0,2.0,1.0,1.0,1.0,39.0,32.0,-0.0030632107251067353,-0.0017650185808415486,8192.0,0.000976562,6400000.0
1.0,8.0,4.0,1.0,1.0,1.0,63.0,32.0,-0.0030632107251067353,-0.0017650185808415486,0.5,512.0,6400000.0
1.0,8.0,4.0,1.0,1.0,1.0,63.0,32.0,-0.0030632107251067353,-0.0017650185808415486,0.0625,1024.0,6400000.0
8.0,8.0,4.0,9.0,216.0,128.0,6123.0,19456.0,0.307242453100972,0.31968702716659936,0.0625,0.000976562,6400000.0
1.0,8.0,4.0,1.0,1.0,1.0,63.0,32.0,-0.0030632107251067353,-0.0017650185808415486,0.00195312,32768.0,6400000.0
1.0,1.0,2.0,3.0,7.0,4.0,223.0,512.0,0.049777517915640224,0.05405121197129903,1.0,0.0,6400000.0
1.0,1.0,2.0,2.0,3.0,2.0,112.0,192.0,0.03911015413878083,0.040912063041146696,0.5,64.0,6400000.0
1.0,8.0,2.0,1.0,1.0,1.0,39.0,32.0,-0.0030632107251067353,-0.0017650185808415486,8192.0,1024.0,6400000.0
1.0,1.0,2.0,3.0,7.0,4.0,223.0,512.0,0.049777517915640224,0.05405121197129903,2.0,0.00390625,6400000.0
1.0,8.0,2.0,1.0,1.0,1.0,39.0,32.0,-0.0030632107251067353,-0.0017650185808415486,4096.0,0.125,6400000.0
1.0,8.0,4.0,1.0,1.0,1.0,63.0,32.0,-0.0030632107251067353,-0.0017650185808415486,0.000976562,4096.0,6400000.0
1.0,8.0,2.0,1.0,1.0,1.0,39.0,32.0,-0.0030632107251067353,-0.0017650185808415486,1024.0,2.0,6400000.0
3.0,8.0,4.0,2.0,9.0,6.0,335.0,576.0,0.10115259004895938,0.10346957106453547,0.25,64.0,6400000.0
8.0,8.0,4.0,8.0,184.0,121.0,5571.0,18336.0,0.30571091652686,0.318535763787286,0.0625,1.0,6400000.0
1.0,8.0,2.0,1.0,1.0,1.0,39.0,32.0,-0.0030632107251067353,-0.0017650185808415486,32768.0,0.0625,6400000.0
1.0,8.0,2.0,1.0,1.0,1.0,39.0,32.0,-0.0030632107251067353,-0.0017650185808415486,16384.0,0.0078125,6400000.0
1.0,8.0,4.0,1.0,1.0,1.0,63.0,32.0,-0.0030632107251067353,-0.0017650185808415486,0.00390625,256.0,6400000.0
1.0,8.0,4.0,1.0,1.0,1.0,63.0,32.0,-0.0030632107251067353,-0.0017650185808415486,0.0078125,2048.0,6400000.0
8.0,8.0,4.0,9.0,205.0,128.0,5963.0,19456.0,0.3016940325285281,0.3190394809167233,0.0,0.5,6400000.0
1.0,8.0,2.0,1.0,1.0,1.0,39.0,32.0,-0.0030632107251067353,-0.0017650185808415486,1024.0,0.00195312,6400000.0
1.0,8.0,2.0,1.0,1.0,1.0,39.0,32.0,-0.0030632107251067353,-0.0017650185808415486,8192.0,1.0,6400000.0
8.0,8.0,4.0,9.0,215.0,128.0,6150.0,19456.0,0.30447722250696363,0.3140088965699308,0.03125,0.125,6400000.0
8.0,8.0,4.0,8.0,217.0,128.0,6296.0,19456.0,0.3136105466856838,0.3220085846637736,0.5,0.0,6400000.0
1.0,8.0,2.0,1.0,1.0,1.0,39.0,32.0,-0.0030632107251067353,-0.0017650185808415486,512.0,256.0,6400000.0
1.0,8.0,4.0,1.0,1.0,1.0,63.0,32.0,-0.0030632107251067353,-0.0017650185808415486,0.03125,128.0,6400000.0
8.0,8.0,4.0,3.0,42.0,28.0,1287.0,3456.0,0.23449431988645453,0.2406930752249571,0.125,8.0,6400000.0
1.0,1.0,1.0,2.0,3.0,2.0,108.0,192.0,0.03911015413878083,0.040912063041146696,0.0,32.0,6400000.0
1.0,8.0,2.0,1.0,1.0,1.0,39.0,32.0,-0.0030632107251067353,-0.0017650185808415486,32768.0,64.0,6400000.0
1.0,1.0,2.0,3.0,7.0,4.0,223.0,512.0,0.049777517915640224,0.05405121197129903,0.5,0.0625,6400000.0
8.0,8.0,4.0,8.0,203.0,126.0,5975.0,19136.0,0.3096222842074523,0.3184519484018201,0.5,0.5,6400000.0
8.0,8.0,4.0,9.0,209.0,128.0,6116.0,19456.0,0.2992228759104546,0.3145114947650808,0.00390625,0.25,6400000.0
8.0,8.0,4.0,9.0,220.0,128.0,6272.0,19456.0,0.31243041806306293,0.32142571455620217,0.125,0.0078125,6400000.0
1.0,8.0,4.0,1.0,1.0,1.0,63.0,32.0,-0.0030632107251067353,-0.0017650185808415486,0.0,512.0,6400000.0
8.0,8.0,4.0,2.0,22.0,16.0,724.0,1536.0,0.184803559555608,0.19082719424152972,0.00195312,32.0,6400000.0
1.0,8.0,2.0,1.0,1.0,1.0,39.0,32.0,-0.0030632107251067353,-0.0017650185808415486,2048.0,16384.0,6400000.0
1.0,1.0,1.0,1.0,1.0,1.0,35.0,32.0,-0.0030632107251067353,-0.0017650185808415486,0.00390625,16384.0,6400000.0
1.0,8.0,2.0,1.0,1.0,1.0,39.0,32.0,-0.0030632107251067353,-0.0017650185808415486,16384.0,8192.0,6400000.0
1.0,8.0,2.0,1.0,1.0,1.0,39.0,32.0,-0.0030632107251067353,-0.0017650185808415486,1024.0,2048.0,6400000.0
1.0,8.0,2.0,1.0,1.0,1.0,39.0,32.0,-0.0030632107251067353,-0.0017650185808415486,4096.0,128.0,6400000.0
8.0,8.0,4.0,8.0,73.0,50.0,2347.0,6976.0,0.26228626421759094,0.2720477846984525,0.000976562,4.0,6400000.0
1.0,8.0,4.0,1.0,1.0,1.0,63.0,32.0,-0.0030632107251067353,-0.0017650185808415486,0.125,8192.0,6400000.0
1.0,8.0,2.0,1.0,1.0,1.0,39.0,32.0,-0.0030632107251067353,-0.0017650185808415486,2048.0,16.0,6400000.0
1.0,8.0,4.0,1.0,1.0,1.0,63.0,32.0,-0.0030632107251067353,-0.0017650185808415486,0.015625,16384.0,6400000.0
8.0,8.0,4.0,9.0,215.0,128.0,6122.0,19456.0,0.31077940264577897,0.318603685736466,0.25,0.0625,6400000.0
1.0,1.0,2.0,1.0,1.0,1.0,39.0,32.0,-0.0030632107251067353,-0.0017650185808415486,1.0,512.0,6400000.0
1.0,8.0,2.0,1.0,1.0,1.0,39.0,32.0,-0.0030632107251067353,-0.0017650185808415486,256.0,32768.0,6400000.0
1.0,8.0,2.0,1.0,1.0,1.0,39.0,32.0,-0.0030632107251067353,-0.0017650185808415486,512.0,0.25,6400000.0
1.0,8.0,2.0,1.0,1.0,1.0,39.0,32.0,-0.0030632107251067353,-0.0017650185808415486,16384.0,8.0,6400000.0
8.0,8.0,4.0,3.0,28.0,20.0,917.0,2176.0,0.21183510327283472,0.21733614376884747,0.015625,16.0,6400000.0
8.0,8.0,4.0,8.0,155.0,103.0,4677.0,15456.0,0.30549710541773134,0.32094719684643136,0.0078125,2.0,6400000.0
8.0,8.0,4.0,9.0,215.0,128.0,6120.0,19456.0,0.30766848060083907,0.31953765456658834,0.015625,0.015625,6400000.0
8.0,8.0,4.0,9.0,216.0,128.0,6123.0,19456.0,0.307242453100972,0.31968702716659936,0.0078125,0.00195312,6400000.0
8.0,8.0,4.0,9.0,216.0,128.0,6123.0,19456.0,0.307242453100972,0.31968702716659936,0.000976562,0.00390625,6400000.0
1.0,1.0,1.0,2.0,3.0,2.0,108.0,192.0,0.03911015413878083,0.040912063041146696,0.0,0.03125,6400000.0
8.0,8.0,4.0,9.0,217.0,128.0,6124.0,19456.0,0.30810260930252387,0.31993738418737927,0.0,0.0,6400000.0
8.0,8.0,4.0,9.0,215.0,128.0,6149.0,19456.0,0.3053958102932265,0.31560445779801916,0.00195312,0.03125,6400000.0
1.0,8.0,2.0,1.0,1.0,1.0,39.0,32.0,-0.0030632107251067353,-0.0017650185808415486,256.0,32.0,6400000.0
1.0,1.0,2.0,3.0,7.0,4.0,223.0,512.0,0.049777517915640224,0.05405121197129903,1.0,0.5,6400000.0
1.0,8.0,2.0,1.0,1.0,1.0,39.0,32.0,-0.0030632107251067353,-0.0017650185808415486,2048.0,0.015625,6400000.0
1.0,8.0,2.0,1.0,1.0,1.0,39.0,32.0,-0.0030632107251067353,-0.0017650185808415486,8192.0,0.00195312,6400000.0
1.0,8.0,4.0,1.0,1.0,1.0,63.0,32.0,-0.0030632107251067353,-0.0017650185808415486,0.5,1024.0,6400000.0
8.0,8.0,4.0,9.0,217.0,128.0,6124.0,19456.0,0.30810260930252387,0.31993738418737927,0.00390625,0.0,6400000.0
8.0,8.0,4.0,9.0,216.0,128.0,6123.0,19456.0,0.307242453100972,0.31968702716659936,0.0625,0.00195312,6400000.0
1.0,8.0,4.0,1.0,1.0,1.0,63.0,32.0,-0.0030632107251067353,-0.0017650185808415486,0.0625,2048.0,6400000.0
1.0,1.0,2.0,1.0,1.0,1.0,39.0,32.0,-0.0030632107251067353,-0.0017650185808415486,0.5,128.0,6400000.0
1.0,8.0,2.0,1.0,1.0,1.0,39.0,32.0,-0.0030632107251067353,-0.0017650185808415486,16384.0,0.015625,6400000.0
1.0,8.0,2.0,1.0,1.0,1.0,39.0,32.0,-0.0030632107251067353,-0.0017650185808415486,8192.0,2048.0,6400000.0
1.0,1.0,2.0,3.0,7.0,4.0,223.0,512.0,0.049777517915640224,0.05405121197129903,1.0,0.000976562,6400000.0
1.0,8.0,2.0,1.0,1.0,1.0,39.0,32.0,-0.0030632107251067353,-0.0017650185808415486,1024.0,4.0,6400000.0
1.0,8.0,4.0,1.0,1.0,1.0,63.0,32.0,-0.0030632107251067353,-0.0017650185808415486,0.000976562,8192.0,6400000.0
1.0,8.0,2.0,1.0,1.0,1.0,39.0,32.0,-0.0030632107251067353,-0.0017650185808415486,32768.0,0.125,6400000.0
1.0,1.0,2.0,3.0,7.0,4.0,223.0,512.0,0.049777517915640224,0.05405121197129903,2.0,0.0078125,6400000.0
1.0,8.0,4.0,1.0,1.0,1.0,63.0,32.0,-0.0030632107251067353,-0.0017650185808415486,0.25,128.0,6400000.0
1.0,8.0,4.0,1.0,1.0,1.0,63.0,32.0,-0.0030632107251067353,-0.0017650185808415486,0.00390625,512.0,6400000.0
8.0,8.0,4.0,8.0,187.0,123.0,5673.0,18656.0,0.3066478297117353,0.3192508630772435,0.0,1.0,6400000.0
1.0,8.0,4.0,1.0,1.0,1.0,63.0,32.0,-0.0030632107251067353,-0.0017650185808415486,0.0078125,4096.0,6400000.0
1.0,8.0,2.0,1.0,1.0,1.0,39.0,32.0,-0.0030632107251067353,-0.0017650185808415486,1024.0,0.00390625,6400000.0
1.0,8.0,2.0,1.0,1.0,1.0,39.0,32.0,-0.0030632107251067353,-0.0017650185808415486,8192.0,2.0,6400000.0
1.0,8.0,2.0,1.0,1.0,1.0,39.0,32.0,-0.0030632107251067353,-0.0017650185808415486,4096.0,0.25,6400000.0
8.0,8.0,4.0,8.0,155.0,103.0,4677.0,15456.0,0.30549710541773134,0.32094719684643136,0.0625,2.0,6400000.0
8.0,8.0,4.0,9.0,209.0,128.0,6116.0,19456.0,0.2992228759104546,0.3145114947650808,0.03125,0.25,6400000.0
8.0,8.0,4.0,8.0,217.0,128.0,6296.0,19456.0,0.3136105466856838,0.3220085846637736,0.5,0.000976562,6400000.0
1.0,8.0,2.0,1.0,1.0,1.0,39.0,32.0,-0.0030632107251067353,-0.0017650185808415486,512.0,512.0,6400000.0
8.0,8.0,4.0,3.0,28.0,20.0,917.0,2176.0,0.21183510327283472,0.21733614376884747,0.125,16.0,6400000.0
1.0,8.0,4.0,1.0,1.0,1.0,63.0,32.0,-0.0030632107251067353,-0.0017650185808415486,0.03125,256.0,6400000.0
1.0,1.0,2.0,3.0,7.0,4.0,223.0,512.0,0.049777517915640224,0.05405121197129903,0.5,0.125,6400000.0
8.0,8.0,4.0,8.0,189.0,119.0,5525.0,18016.0,0.30626736767061935,0.3147228152248637,0.5,1.0,6400000.0
1.0,8.0,4.0,1.0,1.0,1.0,63.0,32.0,-0.0030632107251067353,-0.0017650185808415486,0.0,1024.0,6400000.0
1.0,1.0,1.0,2.0,3.0,2.0,108.0,192.0,0.03911015413878083,0.040912063041146696,0.0,64.0,6400000.0
1.0,8.0,2.0,1.0,1.0,1.0,39.0,32.0,-0.0030632107251067353,-0.0017650185808415486,32768.0,128.0,6400000.0
3.0,8.0,4.0,2.0,9.0,6.0,335.0,576.0,0.10115259004895938,0.10346957106453547,0.00195312,64.0,6400000.0
8.0,8.0,4.0,9.0,205.0,128.0,5963.0,19456.0,0.3016940325285281,0.3190394809167233,0.00390625,0.5,6400000.0
8.0,8.0,4.0,9.0,220.0,128.0,6272.0,19456.0,0.31243041806306293,0.32142571455620217,0.125,0.015625,6400000.0
1.0,1.0,1.0,1.0,1.0,1.0,35.0,32.0,-0.0030632107251067353,-0.0017650185808415486,0.00390625,32768.0,6400000.0
1.0,8.0,2.0,1.0,1.0,1.0,39.0,32.0,-0.0030632107251067353,-0.0017650185808415486,2048.0,32768.0,6400000.0
8.0,8.0,4.0,3.0,42.0,28.0,1287.0,3456.0,0.23449431988645453,0.2406930752249571,0.000976562,8.0,6400000.0
1.0,8.0,4.0,1.0,1.0,1.0,63.0,32.0,-0.0030632107251067353,-0.0017650185808415486,0.015625,32768.0,6400000.0
1.0,8.0,4.0,1.0,1.0,1.0,63.0,32.0,-0.0030632107251067353,-0.0017650185808415486,0.125,16384.0,6400000.0
8.0,8.0,4.0,9.0,217.0,128.0,6188.0,19456.0,0.31082177359351204,0.3181282365686713,0.25,0.125,6400000.0
1.0,8.0,2.0,1.0,1.0,1.0,39.0,32.0,-0.0030632107251067353,-0.0017650185808415486,2048.0,32.0,6400000.0
1.0,8.0,2.0,1.0,1.0,1.0,39.0,32.0,-0.0030632107251067353,-0.0017650185808415486,16384.0,16384.0,6400000.0
1.0,8.0,2.0,1.0,1.0,1.0,39.0,32.0,-0.0030632107251067353,-0.0017650185808415486,1024.0,4096.0,6400000.0
1.0,8.0,2.0,1.0,1.0,1.0,39.0,32.0,-0.0030632107251067353,-0.0017650185808415486,4096.0,256.0,6400000.0
8.0,8.0,4.0,2.0,22.0,16.0,724.0,1536.0,0.184803559555608,0.19082719424152972,0.015625,32.0,6400000.0
1.0,8.0,2.0,1.0,1.0,1.0,39.0,32.0,-0.0030632107251067353,-0.0017650185808415486,16384.0,16.0,6400000.0
1.0,8.0,2.0,1.0,1.0,1.0,39.0,32.0,-0.0030632107251067353,-0.0017650185808415486,512.0,0.0,6400000.0
1.0,1.0,2.0,1.0,1.0,1.0,39.0,32.0,-0.0030632107251067353,-0.0017650185808415486,1.0,1024.0,6400000.0
8.0,8.0,4.0,8.0,73.0,50.0,2347.0,6976.0,0.26228626421759094,0.2720477846984525,0.0078125,4.0,6400000.0
8.0,8.0,4.0,9.0,216.0,128.0,6123.0,19456.0,0.307242453100972,0.31968702716659936,0.000976562,0.0078125,6400000.0
8.0,8.0,4.0,9.0,216.0,128.0,6123.0,19456.0,0.307242453100972,0.31968702716659936,0.0078125,0.00390625,6400000.0
1.0,8.0,2.0,1.0,1.0,1.0,39.0,32.0,-0.0030632107251067353,-0.0017650185808415486,256.0,64.0,6400000.0
8.0,8.0,4.0,9.0,215.0,128.0,6100.0,19456.0,0.305275554052584,0.31562387802130276,0.00195312,0.0625,6400000.0
1.0,8.0,2.0,1.0,1.0,1.0,39.0,32.0,-0.0030632107251067353,-0.0017650185808415486,2048.0,0.03125,6400000.0
8.0,8.0,4.0,9.0,216.0,128.0,6123.0,19456.0,0.307242453100972,0.31968702716659936,0.0,0.000976562,6400000.0
1.0,1.0,1.0,2.0,3.0,2.0,108.0,192.0,0.03911015413878083,0.040912063041146696,0.0,0.0625,6400000.0
1.0,8.0,2.0,1.0,1.0,1.0,39.0,32.0,-0.0030632107251067353,-0.0017650185808415486,512.0,0.5,6400000.0
8.0,8.0,4.0,9.0,215.0,128.0,6149.0,19456.0,0.3053958102932265,0.31560445779801916,0.015625,0.03125,6400000.0
1.0,1.0,2.0,3.0,7.0,4.0,223.0,512.0,0.049777517915640224,0.05405121197129903,1.0,1.0,6400000.0
1.0,8.0,4.0,1.0,1.0,1.0,63.0,32.0,-0.0030632107251067353,-0.0017650185808415486,0.5,2048.0,6400000.0
8.0,8.0,4.0,9.0,216.0,128.0,6123.0,19456.0,0.307242453100972,0.31968702716659936,0.00390625,0.000976562,6400000.0
1.0,8.0,4.0,1.0,1.0,1.0,63.0,32.0,-0.0030632107251067353,-0.0017650185808415486,0.0625,4096.0,6400000.0
1.0,8.0,2.0,1.0,1.0,1.0,39.0,32.0,-0.0030632107251067353,-0.0017650185808415486,8192.0,0.00390625,6400000.0
1.0,1.0,2.0,1.0,1.0,1.0,39.0,32.0,-0.0030632107251067353,-0.0017650185808415486,0.5,256.0,6400000.0
1.0,8.0,2.0,1.0,1.0,1.0,39.0,32.0,-0.0030632107251067353,-0.0017650185808415486,8192.0,4096.0,6400000.0
1.0,8.0,2.0,1.0,1.0,1.0,39.0,32.0,-0.0030632107251067353,-0.0017650185808415486,16384.0,0.03125,6400000.0
8.0,8.0,4.0,9.0,216.0,128.0,6123.0,19456.0,0.307242453100972,0.31968702716659936,0.0625,0.00390625,6400000.0
1.0,1.0,2.0,3.0,7.0,4.0,223.0,512.0,0.049777517915640224,0.05405121197129903,1.0,0.00195312,6400000.0
1.0,8.0,2.0,1.0,1.0,1.0,39.0,32.0,-0.0030632107251067353,-0.0017650185808415486,1024.0,8.0,6400000.0
1.0,8.0,4.0,1.0,1.0,1.0,63.0,32.0,-0.0030632107251067353,-0.0017650185808415486,0.000976562,16384.0,6400000.0
8.0,8.0,4.0,8.0,155.0,103.0,4677.0,15456.0,0.30549710541773134,0.32094719684643136,0.0,2.0,6400000.0
1.0,8.0,2.0,1.0,1.0,1.0,39.0,32.0,-0.0030632107251067353,-0.0017650185808415486,32768.0,0.25,6400000.0
1.0,8.0,4.0,1.0,1.0,1.0,63.0,32.0,-0.0030632107251067353,-0.0017650185808415486,0.25,256.0,6400000.0
1.0,1.0,2.0,3.0,7.0,4.0,223.0,512.0,0.049777517915640224,0.05405121197129903,2.0,0.015625,6400000.0
1.0,8.0,2.0,1.0,1.0,1.0,39.0,32.0,-0.0030632107251067353,-0.0017650185808415486,4096.0,0.5,6400000.0
1.0,8.0,2.0,1.0,1.0,1.0,39.0,32.0,-0.0030632107251067353,-0.0017650185808415486,8192.0,4.0,6400000.0
1.0,8.0,2.0,1.0,1.0,1.0,39.0,32.0,-0.0030632107251067353,-0.0017650185808415486,1024.0,0.0078125,6400000.0
8.0,8.0,4.0,8.0,73.0,50.0,2347.0,6976.0,0.26228626421759094,0.2720477846984525,0.0625,4.0,6400000.0
8.0,8.0,4.0,9.0,205.0,128.0,5963.0,19456.0,0.3016940325285281,0.3190394809167233,0.03125,0.5,6400000.0
1.0,8.0,4.0,1.0,1.0,1.0,63.0,32.0,-0.0030632107251067353,-0.0017650185808415486,0.00390625,1024.0,6400000.0
1.0,8.0,4.0,1.0,1.0,1.0,63.0,32.0,-0.0030632107251067353,-0.0017650185808415486,0.0078125,8192.0,6400000.0
8.0,8.0,4.0,8.0,217.0,128.0,6296.0,19456.0,0.3136105466856838,0.3220085846637736,0.5,0.00195312,6400000.0
1.0,8.0,2.0,1.0,1.0,1.0,39.0,32.0,-0.0030632107251067353,-0.0017650185808415486,512.0,1024.0,6400000.0
8.0,8.0,4.0,2.0,22.0,16.0,724.0,1536.0,0.184803559555608,0.19082719424152972,0.125,32.0,6400000.0
1.0,8.0,4.0,1.0,1.0,1.0,63.0,32.0,-0.0030632107251067353,-0.0017650185808415486,0.03125,512.0,6400000.0
1.0,1.0,2.0,3.0,7.0,4.0,223.0,512.0,0.049777517915640224,0.05405121197129903,0.5,0.25,6400000.0
1.0,1.0,1.0,1.0,1.0,1.0,35.0,32.0,-0.0030632107251067353,-0.0017650185808415486,0.0,128.0,6400000.0
8.0,8.0,4.0,8.0,139.0,95.0,4188.0,14176.0,0.2969024544841272,0.3092129832347642,0.5,2.0,6400000.0
1.0,8.0,2.0,1.0,1.0,1.0,39.0,32.0,-0.0030632107251067353,-0.0017650185808415486,32768.0,256.0,6400000.0
1.0,8.0,4.0,1.0,1.0,1.0,63.0,32.0,-0.0030632107251067353,-0.0017650185808415486,0.0,2048.0,6400000.0
8.0,8.0,4.0,8.0,187.0,123.0,5673.0,18656.0,0.3066478297117353,0.3192508630772435,0.00390625,1.0,6400000.0
1.0,8.0,4.0,1.0,1.0,1.0,63.0,32.0,-0.0030632107251067353,-0.0017650185808415486,0.00195312,128.0,6400000.0
8.0,8.0,4.0,9.0,217.0,128.0,6154.0,19456.0,0.3105046805445604,0.3188762815593612,0.125,0.03125,6400000.0
1.0,8.0,2.0,1.0,1.0,1.0,39.0,32.0,-0.0030632107251067353,-0.0017650185808415486,4096.0,0.0,6400000.0
8.0,8.0,4.0,9.0,217.0,128.0,6124.0,19456.0,0.30810260930252387,0.31993738418737927,0.03125,0.0,6400000.0
1.0,8.0,4.0,1.0,1.0,1.0,63.0,32.0,-0.0030632107251067353,-0.0017650185808415486,0.125,32768.0,6400000.0
1.0,8.0,2.0,1.0,1.0,1.0,39.0,32.0,-0.0030632107251067353,-0.0017650185808415486,4096.0,512.0,6400000.0
1.0,8.0,2.0,1.0,1.0,1.0,39.0,32.0,-0.0030632107251067353,-0.0017650185808415486,2048.0,64.0,6400000.0
1.0,8.0,2.0,1.0,1.0,1.0,39.0,32.0,-0.0030632107251067353,-0.0017650185808415486,1024.0,8192.0,6400000.0
1.0,1.0,1.0,2.0,3.0,2.0,108.0,192.0,0.03911015413878083,0.040912063041146696,0.0078125,0.0,6400000.0
1.0,8.0,2.0,1.0,1.0,1.0,39.0,32.0,-0.0030632107251067353,-0.0017650185808415486,512.0,0.000976562,6400000.0
8.0,8.0,4.0,3.0,28.0,20.0,917.0,2176.0,0.21183510327283472,0.21733614376884747,0.000976562,16.0,6400000.0
1.0,1.0,2.0,1.0,1.0,1.0,39.0,32.0,-0.0030632107251067353,-0.0017650185808415486,1.0,2048.0,6400000.0
1.0,8.0,2.0,1.0,1.0,1.0,39.0,32.0,-0.0030632107251067353,-0.0017650185808415486,16384.0,32.0,6400000.0
8.0,8.0,4.0,9.0,215.0,128.0,6215.0,19456.0,0.3057449026334672,0.31880263662642694,0.25,0.25,6400000.0
3.0,8.0,4.0,2.0,9.0,6.0,335.0,576.0,0.10115259004895938,0.10346957106453547,0.015625,64.0,6400000.0
1.0,8.0,2.0,1.0,1.0,1.0,39.0,32.0,-0.0030632107251067353,-0.0017650185808415486,16384.0,32768.0,6400000.0
8.0,8.0,4.0,9.0,215.0,128.0,6120.0,19456.0,0.30766848060083907,0.31953765456658834,0.000976562,0.015625,6400000.0
8.0,8.0,4.0,3.0,42.0,28.0,1287.0,3456.0,0.23449431988645453,0.2406930752249571,0.0078125,8.0,6400000.0
8.0,8.0,4.0,9.0,215.0,128.0,6150.0,19456.0,0.30447722250696363,0.3140088965699308,0.00195312,0.125,6400000.0
1.0,8.0,2.0,1.0,1.0,1.0,39.0,32.0,-0.0030632107251067353,-0.0017650185808415486,512.0,1.0,6400000.0
1.0,8.0,2.0,1.0,1.0,1.0,39.0,32.0,-0.0030632107251067353,-0.0017650185808415486,2048.0,0.0625,6400000.0
8.0,8.0,4.0,9.0,216.0,128.0,6123.0,19456.0,0.307242453100972,0.31968702716659936,0.0,0.00195312,6400000.0
1.0,8.0,2.0,1.0,1.0,1.0,39.0,32.0,-0.0030632107251067353,-0.0017650185808415486,256.0,128.0,6400000.0
8.0,8.0,4.0,9.0,215.0,128.0,6100.0,19456.0,0.305275554052584,0.31562387802130276,0.015625,0.0625,6400000.0
8.0,8.0,4.0,9.0,216.0,128.0,6123.0,19456.0,0.307242453100972,0.31968702716659936,0.0078125,0.0078125,6400000.0
1.0,1.0,1.0,2.0,3.0,2.0,108.0,192.0,0.03911015413878083,0.040912063041146696,0.0,0.125,6400000.0
1.0,1.0,2.0,3.0,7.0,4.0,223.0,512.0,0.049777517915640224,0.05405121197129903,1.0,2.0,6400000.0
1.0,8.0,4.0,1.0,1.0,1.0,63.0,32.0,-0.0030632107251067353,-0.0017650185808415486,0.5,4096.0,6400000.0
1.0,8.0,4.0,1.0,1.0,1.0,63.0,32.0,-0.0030632107251067353,-0.0017650185808415486,0.0625,8192.0,6400000.0
1.0,8.0,2.0,1.0,1.0,1.0,39.0,32.0,-0.0030632107251067353,-0.0017650185808415486,8192.0,0.0078125,6400000.0
1.0,8.0,2.0,1.0,1.0,1.0,39.0,32.0,-0.0030632107251067353,-0.0017650185808415486,8192.0,8192.0,6400000.0
1.0,1.0,2.0,1.0,1.0,1.0,39.0,32.0,-0.0030632107251067353,-0.0017650185808415486,0.5,512.0,6400000.0
1.0,8.0,4.0,1.0,1.0,1.0,63.0,32.0,-0.0030632107251067353,-0.0017650185808415486,0.000976562,32768.0,6400000.0
8.0,8.0,4.0,9.0,216.0,128.0,6123.0,19456.0,0.307242453100972,0.31968702716659936,0.0625,0.0078125,6400000.0
1.0,8.0,2.0,1.0,1.0,1.0,39.0,32.0,-0.0030632107251067353,-0.0017650185808415486,1024.0,16.0,6400000.0
8.0,8.0,4.0,8.0,73.0,50.0,2347.0,6976.0,0.26228626421759094,0.2720477846984525,0.0,4.0,6400000.0
1.0,1.0,2.0,3.0,7.0,4.0,223.0,512.0,0.049777517915640224,0.05405121197129903,1.0,0.00390625,6400000.0
8.0,8.0,4.0,9.0,216.0,128.0,6123.0,19456.0,0.307242453100972,0.31968702716659936,0.00390625,0.00195312,6400000.0
1.0,8.0,2.0,1.0,1.0,1.0,39.0,32.0,-0.0030632107251067353,-0.0017650185808415486,16384.0,0.0625,6400000.0
1.0,8.0,2.0,1.0,1.0,1.0,39.0,32.0,-0.0030632107251067353,-0.0017650185808415486,32768.0,0.5,6400000.0
1.0,8.0,2.0,1.0,1.0,1.0,39.0,32.0,-0.0030632107251067353,-0.0017650185808415486,4096.0,1.0,6400000.0
1.0,8.0,2.0,1.0,1.0,1.0,39.0,32.0,-0.0030632107251067353,-0.0017650185808415486,8192.0,8.0,6400000.0
1.0,8.0,4.0,1.0,1.0,1.0,63.0,32.0,-0.0030632107251067353,-0.0017650185808415486,0.25,512.0,6400000.0
8.0,8.0,4.0,3.0,42.0,28.0,1287.0,3456.0,0.23449431988645453,0.2406930752249571,0.0625,8.0,6400000.0
1.0,1.0,2.0,3.0,7.0,4.0,223.0,512.0,0.049777517915640224,0.05405121197129903,2.0,0.03125,6400000.0
1.0,8.0,2.0,1.0,1.0,1.0,39.0,32.0,-0.0030632107251067353,-0.0017650185808415486,1024.0,0.015625,6400000.0
8.0,8.0,4.0,8.0,184.0,121.0,5571.0,18336.0,0.30571091652686,0.318535763787286,0.03125,1.0,6400000.0
1.0,8.0,4.0,1.0,1.0,1.0,63.0,32.0,-0.0030632107251067353,-0.0017650185808415486,0.00390625,2048.0,6400000.0
1.0,8.0,4.0,1.0,1.0,1.0,63.0,32.0,-0.0030632107251067353,-0.0017650185808415486,0.0078125,16384.0,6400000.0
3.0,8.0,4.0,2.0,9.0,6.0,335.0,576.0,0.10115259004895938,0.10346957106453547,0.125,64.0,6400000.0
1.0,8.0,4.0,1.0,1.0,1.0,63.0,32.0,-0.0030632107251067353,-0.0017650185808415486,0.03125,1024.0,6400000.0
8.0,8.0,4.0,8.0,217.0,128.0,6296.0,19456.0,0.3136105466856838,0.3220085846637736,0.5,0.00390625,6400000.0
1.0,1.0,1.0,1.0,1.0,1.0,35.0,32.0,-0.0030632107251067353,-0.0017650185808415486,0.0,256.0,6400000.0
1.0,8.0,2.0,1.0,1.0,1.0,39.0,32.0,-0.0030632107251067353,-0.0017650185808415486,512.0,2048.0,6400000.0
1.0,8.0,4.0,1.0,1.0,1.0,63.0,32.0,-0.0030632107251067353,-0.0017650185808415486,0.00195312,256.0,6400000.0
8.0,8.0,4.0,6.0,72.0,52.0,2407.0,7296.0,0.2621273883706291,0.27356434706626076,0.5,4.0,6400000.0
1.0,8.0,4.0,1.0,1.0,1.0,63.0,32.0,-0.0030632107251067353,-0.0017650185808415486,0.0,4096.0,6400000.0
1.0,8.0,2.0,1.0,1.0,1.0,39.0,32.0,-0.0030632107251067353,-0.0017650185808415486,32768.0,512.0,6400000.0
8.0,8.0,4.0,8.0,155.0,103.0,4677.0,15456.0,0.30549710541773134,0.32094719684643136,0.00390625,2.0,6400000.0
1.0,1.0,2.0,3.0,7.0,4.0,223.0,512.0,0.049777517915640224,0.05405121197129903,0.5,0.5,6400000.0
8.0,8.0,4.0,9.0,215.0,128.0,6122.0,19456.0,0.31077940264577897,0.318603685736466,0.125,0.0625,6400000.0
8.0,8.0,4.0,9.0,216.0,128.0,6123.0,19456.0,0.307242453100972,0.31968702716659936,0.03125,0.000976562,6400000.0
1.0,8.0,2.0,1.0,1.0,1.0,39.0,32.0,-0.0030632107251067353,-0.0017650185808415486,4096.0,0.000976562,6400000.0
8.0,8.0,4.0,9.0,220.0,128.0,6272.0,19456.0,0.31243041806306293,0.32142571455620217,0.25,0.0,6400000.0
1.0,8.0,2.0,1.0,1.0,1.0,39.0,32.0,-0.0030632107251067353,-0.0017650185808415486,2048.0,128.0,6400000.0
1.0,8.0,2.0,1.0,1.0,1.0,39.0,32.0,-0.0030632107251067353,-0.0017650185808415486,1024.0,16384.0,6400000.0
1.0,1.0,1.0,2.0,3.0,2.0,108.0,192.0,0.03911015413878083,0.040912063041146696,0.0078125,0.000976562,6400000.0
1.0,1.0,2.0,1.0,1.0,1.0,39.0,32.0,-0.0030632107251067353,-0.0017650185808415486,1.0,4096.0,6400000.0
8.0,8.0,4.0,9.0,206.0,128.0,5961.0,19456.0,0.3108733713653131,0.32438268365334366,0.25,0.5,6400000.0
1.0,8.0,2.0,1.0,1.0,1.0,39.0,32.0,-0.0030632107251067353,-0.0017650185808415486,512.0,0.00195312,6400000.0
1.0,8.0,2.0,1.0,1.0,1.0,39.0,32.0,-0.0030632107251067353,-0.0017650185808415486,32768.0,0.0,6400000.0
1.0,8.0,2.0,1.0,1.0,1.0,39.0,32.0,-0.0030632107251067353,-0.0017650185808415486,16384.0,64.0,6400000.0
8.0,8.0,4.0,2.0,22.0,16.0,724.0,1536.0,0.184803559555608,0.19082719424152972,0.000976562,32.0,6400000.0
1.0,8.0,2.0,1.0,1.0,1.0,39.0,32.0,-0.0030632107251067353,-0.0017650185808415486,4096.0,1024.0,6400000.0
8.0,8.0,4.0,9.0,215.0,128.0,6149.0,19456.0,0.3053958102932265,0.31560445779801916,0.000976562,0.03125,6400000.0
8.0,8.0,4.0,3.0,28.0,20.0,917.0,2176.0,0.21183510327283472,0.21733614376884747,0.0078125,16.0,6400000.0
8.0,8.0,4.0,9.0,209.0,128.0,6116.0,19456.0,0.2992228759104546,0.3145114947650808,0.00195312,0.25,6400000.0
8.0,8.0,4.0,9.0,216.0,128.0,6123.0,19456.0,0.307242453100972,0.31968702716659936,0.0,0.00390625,6400000.0
8.0,8.0,4.0,9.0,215.0,128.0,6150.0,19456.0,0.30447722250696363,0.3140088965699308,0.015625,0.125,6400000.0
1.0,8.0,4.0,1.0,1.0,1.0,63.0,32.0,-0.0030632107251067353,-0.0017650185808415486,0.015625,128.0,6400000.0
1.0,8.0,2.0,1.0,1.0,1.0,39.0,32.0,-0.0030632107251067353,-0.0017650185808415486,2048.0,0.125,6400000.0
8.0,8.0,4.0,9.0,215.0,128.0,6120.0,19456.0,0.30766848060083907,0.31953765456658834,0.0078125,0.015625,6400000.0
1.0,1.0,1.0,2.0,3.0,2.0,108.0,192.0,0.03911015413878083,0.040912063041146696,0.0,0.25,6400000.0
1.0,8.0,2.0,1.0,1.0,1.0,39.0,32.0,-0.0030632107251067353,-0.0017650185808415486,512.0,2.0,6400000.0
1.0,8.0,2.0,1.0,1.0,1.0,39.0,32.0,-0.0030632107251067353,-0.0017650185808415486,256.0,256.0,6400000.0
1.0,1.0,2.0,3.0,7.0,4.0,223.0,512.0,0.049777517915640224,0.05405121197129903,1.0,4.0,6400000.0
1.0,8.0,4.0,1.0,1.0,1.0,63.0,32.0,-0.0030632107251067353,-0.0017650185808415486,0.5,8192.0,6400000.0
3.0,8.0,4.0,2.0,9.0,6.0,335.0,576.0,0.10115259004895938,0.10346957106453547,1.0,64.0,6400000.0
8.0,8.0,4.0,8.0,217.0,128.0,6332.0,19456.0,0.3114135650633726,0.31989747841507254,1.0,0.0625,6400000.0
1.0,8.0,4.0,1.0,1.0,1.0,63.0,32.0,-0.0030632107251067353,-0.0017650185808415486,2.0,512.0,6400000.0
8.0,8.0,4.0,7.0,215.0,128.0,6224.0,19456.0,0.304486970855946,0.32283647906245616,2.0,0.0,6400000.0
8.0,8.0,4.0,7.0,196.0,124.0,5915.0,18816.0,0.3060091905032545,0.32468604666138823,2.0,0.5,6400000.0
8.0,8.0,4.0,3.0,61.0,45.0,1977.0,6176.0,0.24788551441063278,0.2568811078572928,4.0,4.0,6400000.0
1.0,8.0,4.0,1.0,1.0,1.0,63.0,32.0,-0.0030632107251067353,-0.0017650185808415486,4.0,4096.0,6400000.0
1.0,8.0,4.0,1.0,1.0,1.0,63.0,32.0,-0.0030632107251067353,-0.0017650185808415486,8.0,32768.0,6400000.0
8.0,8.0,4.0,2.0,53.0,39.0,1756.0,5216.0,0.21160466329072625,0.21830151438038625,32.0,2.0,6400000.0
8.0,8.0,4.0,2.0,22.0,16.0,724.0,1536.0,0.184803559555608,0.19082719424152972,8.0,32.0,6400000.0
8.0,8.0,4.0,3.0,182.0,128.0,5829.0,19456.0,0.2703588699053885,0.2790210177336472,8.0,0.03125,6400000.0
8.0,8.0,4.0,5.0,188.0,128.0,5887.0,19456.0,0.2775394835788161,0.2874373626735872,4.0,0.00390625,6400000.0
1.0,8.0,4.0,1.0,1.0,1.0,63.0,32.0,-0.0030632107251067353,-0.0017650185808415486,64.0,16384.0,6400000.0
1.0,8.0,4.0,1.0,1.0,1.0,63.0,32.0,-0.0030632107251067353,-0.0017650185808415486,32.0,2048.0,6400000.0
8.0,8.0,4.0,2.0,168.0,128.0,5616.0,19456.0,0.21165532247727004,0.21999849381953662,32.0,0.00195312,6400000.0
1.0,8.0,4.0,1.0,1.0,1.0,63.0,32.0,-0.0030632107251067353,-0.0017650185808415486,16.0,256.0,6400000.0
8.0,8.0,4.0,2.0,22.0,16.0,724.0,1536.0,0.184803559555608,0.19082719424152972,64.0,16.0,6400000.0
1.0,1.0,2.0,3.0,7.0,4.0,223.0,512.0,0.049777517915640224,0.05405121197129903,2.0,0.0625,6400000.0
8.0,8.0,4.0,2.0,168.0,128.0,5616.0,19456.0,0.21165532247727004,0.21999849381953662,64.0,0.015625,6400000.0
1.0,1.0,2.0,2.0,3.0,2.0,112.0,192.0,0.03911015413878083,0.040912063041146696,2.0,64.0,6400000.0
1.0,8.0,4.0,1.0,1.0,1.0,63.0,32.0,-0.0030632107251067353,-0.0017650185808415486,128.0,0.125,6400000.0
8.0,8.0,4.0,3.0,129.0,96.0,4146.0,14336.0,0.24636380496594734,0.25479971560681014,16.0,0.25,6400000.0
1.0,8.0,4.0,1.0,1.0,1.0,63.0,32.0,-0.0030632107251067353,-0.0017650185808415486,128.0,128.0,6400000.0
1.0,8.0,4.0,1.0,1.0,1.0,63.0,32.0,-0.0030632107251067353,-0.0017650185808415486,256.0,0.000976562,6400000.0
1.0,8.0,4.0,1.0,1.0,1.0,63.0,32.0,-0.0030632107251067353,-0.0017650185808415486,256.0,1.0,6400000.0
1.0,8.0,4.0,1.0,1.0,1.0,63.0,32.0,-0.0030632107251067353,-0.0017650185808415486,512.0,8.0,6400000.0
1.0,8.0,4.0,1.0,1.0,1.0,63.0,32.0,-0.0030632107251067353,-0.0017650185808415486,512.0,8192.0,6400000.0
1.0,8.0,4.0,1.0,1.0,1.0,63.0,32.0,-0.0030632107251067353,-0.0017650185808415486,512.0,0.0078125,6400000.0
1.0,8.0,4.0,1.0,1.0,1.0,63.0,32.0,-0.0030632107251067353,-0.0017650185808415486,256.0,1024.0,6400000.0
1.0,1.0,2.0,3.0,7.0,4.0,223.0,512.0,0.049777517915640224,0.05405121197129903,4.0,0.0,6400000.0
1.0,8.0,4.0,1.0,1.0,1.0,63.0,32.0,-0.0030632107251067353,-0.0017650185808415486,1024.0,64.0,6400000.0
1.0,8.0,4.0,1.0,1.0,1.0,63.0,32.0,-0.0030632107251067353,-0.0017650185808415486,1024.0,0.0625,6400000.0
1.0,8.0,4.0,1.0,1.0,1.0,63.0,32.0,-0.0030632107251067353,-0.0017650185808415486,2048.0,0.5,6400000.0
1.0,8.0,4.0,1.0,1.0,1.0,63.0,32.0,-0.0030632107251067353,-0.0017650185808415486,2048.0,512.0,6400000.0
1.0,8.0,4.0,1.0,1.0,1.0,63.0,32.0,-0.0030632107251067353,-0.0017650185808415486,2048.0,0.0,6400000.0
1.0,8.0,4.0,1.0,1.0,1.0,63.0,32.0,-0.0030632107251067353,-0.0017650185808415486,4096.0,0.00390625,6400000.0
1.0,8.0,4.0,1.0,1.0,1.0,63.0,32.0,-0.0030632107251067353,-0.0017650185808415486,4096.0,4.0,6400000.0
1.0,8.0,4.0,1.0,1.0,1.0,63.0,32.0,-0.0030632107251067353,-0.0017650185808415486,4096.0,4096.0,6400000.0
1.0,8.0,4.0,1.0,1.0,1.0,63.0,32.0,-0.0030632107251067353,-0.0017650185808415486,16384.0,0.25,6400000.0
1.0,8.0,4.0,1.0,1.0,1.0,63.0,32.0,-0.0030632107251067353,-0.0017650185808415486,8192.0,32.0,6400000.0
1.0,8.0,4.0,1.0,1.0,1.0,63.0,32.0,-0.0030632107251067353,-0.0017650185808415486,32768.0,2048.0,6400000.0
1.0,8.0,4.0,1.0,1.0,1.0,63.0,32.0,-0.0030632107251067353,-0.0017650185808415486,8192.0,32768.0,6400000.0
1.0,8.0,4.0,1.0,1.0,1.0,63.0,32.0,-0.0030632107251067353,-0.0017650185808415486,32768.0,0.00195312,6400000.0
1.0,1.0,2.0,3.0,7.0,4.0,223.0,512.0,0.049777517915640224,0.05405121197129903,4.0,0.5,6400000.0
1.0,8.0,4.0,1.0,1.0,1.0,63.0,32.0,-0.0030632107251067353,-0.0017650185808415486,8192.0,0.03125,6400000.0
1.0,8.0,4.0,1.0,1.0,1.0,63.0,32.0,-0.0030632107251067353,-0.0017650185808415486,16384.0,256.0,6400000.0
8.0,8.0,8.0,9.0,421.0,248.0,14606.0,38656.0,0.36866990438245195,0.37750502353187376,0.00195312,0.000976562,6400000.0
1.0,8.0,8.0,1.0,1.0,1.0,543.0,32.0,-0.0030632107251067353,-0.0017650185808415486,0.0,16384.0,6400000.0
8.0,8.0,8.0,9.0,429.0,248.0,14715.0,38656.0,0.3735071874457172,0.37993431070029793,0.0,0.015625,6400000.0
1.0,8.0,8.0,1.0,1.0,1.0,543.0,32.0,-0.0030632107251067353,-0.0017650185808415486,0.000976562,128.0,6400000.0
1.0,8.0,4.0,1.0,1.0,1.0,63.0,32.0,-0.0030632107251067353,-0.0017650185808415486,32768.0,2.0,6400000.0
1.0,8.0,8.0,1.0,1.0,1.0,543.0,32.0,-0.0030632107251067353,-0.0017650185808415486,0.00195312,1024.0,6400000.0
8.0,8.0,8.0,9.0,419.0,248.0,14447.0,38656.0,0.37181573628059716,0.38733238925229896,0.000976562,0.125,6400000.0
1.0,1.0,1.0,2.0,3.0,2.0,108.0,192.0,0.03911015413878083,0.040912063041146696,0.0078125,0.00195312,6400000.0
8.0,8.0,8.0,3.0,28.0,20.0,2357.0,2176.0,0.21183510327283472,0.21733614376884747,0.0,16.0,6400000.0
1.0,1.0,2.0,1.0,1.0,1.0,39.0,32.0,-0.0030632107251067353,-0.0017650185808415486,4.0,512.0,6400000.0
8.0,8.0,8.0,9.0,351.0,248.0,13399.0,38656.0,0.35715925079902866,0.36457706352822405,0.00195312,1.0,6400000.0
8.0,8.0,8.0,9.0,421.0,248.0,14606.0,38656.0,0.36866990438245195,0.37750502353187376,0.00390625,0.0078125,6400000.0
1.0,8.0,4.0,1.0,1.0,1.0,63.0,32.0,-0.0030632107251067353,-0.0017650185808415486,0.5,16384.0,6400000.0
1.0,8.0,4.0,1.0,1.0,1.0,63.0,32.0,-0.0030632107251067353,-0.0017650185808415486,1.0,128.0,6400000.0
8.0,8.0,4.0,8.0,211.0,128.0,6179.0,19456.0,0.31031230525204734,0.3182895851122335,1.0,0.125,6400000.0
8.0,8.0,4.0,7.0,144.0,95.0,4248.0,14176.0,0.2992585368603179,0.31529632030332155,2.0,1.0,6400000.0
1.0,8.0,4.0,1.0,1.0,1.0,63.0,32.0,-0.0030632107251067353,-0.0017650185808415486,4.0,8192.0,6400000.0
8.0,8.0,4.0,3.0,42.0,28.0,1287.0,3456.0,0.23449431988645453,0.2406930752249571,4.0,8.0,6400000.0
1.0,8.0,4.0,1.0,1.0,1.0,63.0,32.0,-0.0030632107251067353,-0.0017650185808415486,2.0,1024.0,6400000.0
3.0,8.0,4.0,2.0,9.0,6.0,335.0,576.0,0.10115259004895938,0.10346957106453547,8.0,64.0,6400000.0
8.0,8.0,4.0,7.0,215.0,128.0,6224.0,19456.0,0.304486970855946,0.32283647906245616,2.0,0.000976562,6400000.0
8.0,8.0,4.0,2.0,43.0,31.0,1388.0,3936.0,0.21024885148684092,0.2144504682257211,32.0,4.0,6400000.0
8.0,8.0,4.0,3.0,179.0,128.0,5753.0,19456.0,0.24630707767775017,0.2548674075947891,16.0,0.0,6400000.0
8.0,8.0,4.0,5.0,188.0,128.0,5887.0,19456.0,0.2775394835788161,0.2874373626735872,4.0,0.0078125,6400000.0
8.0,8.0,4.0,3.0,176.0,125.0,5593.0,18976.0,0.2701844263179417,0.27876381977608056,8.0,0.0625,6400000.0
1.0,8.0,4.0,1.0,1.0,1.0,63.0,32.0,-0.0030632107251067353,-0.0017650185808415486,32.0,4096.0,6400000.0
1.0,8.0,4.0,1.0,1.0,1.0,63.0,32.0,-0.0030632107251067353,-0.0017650185808415486,16.0,512.0,6400000.0
1.0,8.0,4.0,1.0,1.0,1.0,63.0,32.0,-0.0030632107251067353,-0.0017650185808415486,64.0,32768.0,6400000.0
8.0,8.0,4.0,2.0,22.0,16.0,724.0,1536.0,0.184803559555608,0.19082719424152972,64.0,32.0,6400000.0
8.0,8.0,4.0,3.0,115.0,84.0,3636.0,12416.0,0.2543867963558115,0.2619040641621726,16.0,0.5,6400000.0
8.0,8.0,4.0,2.0,168.0,128.0,5616.0,19456.0,0.21165532247727004,0.21999849381953662,32.0,0.00390625,6400000.0
1.0,1.0,2.0,3.0,7.0,4.0,223.0,512.0,0.049777517915640224,0.05405121197129903,2.0,0.125,6400000.0
1.0,8.0,4.0,1.0,1.0,1.0,63.0,32.0,-0.0030632107251067353,-0.0017650185808415486,128.0,0.25,6400000.0
1.0,1.0,2.0,1.0,1.0,1.0,39.0,32.0,-0.0030632107251067353,-0.0017650185808415486,2.0,128.0,6400000.0
8.0,8.0,4.0,2.0,168.0,128.0,5616.0,19456.0,0.21165532247727004,0.21999849381953662,64.0,0.03125,6400000.0
1.0,8.0,4.0,1.0,1.0,1.0,63.0,32.0,-0.0030632107251067353,-0.0017650185808415486,128.0,256.0,6400000.0
1.0,8.0,4.0,1.0,1.0,1.0,63.0,32.0,-0.0030632107251067353,-0.0017650185808415486,256.0,0.00195312,6400000.0
1.0,1.0,2.0,3.0,7.0,4.0,223.0,512.0,0.049777517915640224,0.05405121197129903,4.0,0.000976562,6400000.0
1.0,8.0,4.0,1.0,1.0,1.0,63.0,32.0,-0.0030632107251067353,-0.0017650185808415486,256.0,2.0,6400000.0
1.0,8.0,4.0,1.0,1.0,1.0,63.0,32.0,-0.0030632107251067353,-0.0017650185808415486,256.0,2048.0,6400000.0
1.0,8.0,4.0,1.0,1.0,1.0,63.0,32.0,-0.0030632107251067353,-0.0017650185808415486,512.0,16384.0,6400000.0
1.0,8.0,4.0,1.0,1.0,1.0,63.0,32.0,-0.0030632107251067353,-0.0017650185808415486,512.0,0.015625,6400000.0
1.0,8.0,4.0,1.0,1.0,1.0,63.0,32.0,-0.0030632107251067353,-0.0017650185808415486,1024.0,128.0,6400000.0
1.0,8.0,4.0,1.0,1.0,1.0,63.0,32.0,-0.0030632107251067353,-0.0017650185808415486,512.0,16.0,6400000.0
1.0,8.0,4.0,1.0,1.0,1.0,63.0,32.0,-0.0030632107251067353,-0.0017650185808415486,1024.0,0.125,6400000.0
1.0,8.0,4.0,1.0,1.0,1.0,63.0,32.0,-0.0030632107251067353,-0.0017650185808415486,4096.0,0.0078125,6400000.0
1.0,8.0,4.0,1.0,1.0,1.0,63.0,32.0,-0.0030632107251067353,-0.0017650185808415486,2048.0,1024.0,6400000.0
1.0,8.0,4.0,1.0,1.0,1.0,63.0,32.0,-0.0030632107251067353,-0.0017650185808415486,2048.0,0.000976562,6400000.0
1.0,8.0,4.0,1.0,1.0,1.0,63.0,32.0,-0.0030632107251067353,-0.0017650185808415486,4096.0,8192.0,6400000.0
1.0,8.0,4.0,1.0,1.0,1.0,63.0,32.0,-0.0030632107251067353,-0.0017650185808415486,2048.0,1.0,6400000.0
1.0,8.0,4.0,1.0,1.0,1.0,63.0,32.0,-0.0030632107251067353,-0.0017650185808415486,4096.0,8.0,6400000.0
1.0,8.0,4.0,1.0,1.0,1.0,63.0,32.0,-0.0030632107251067353,-0.0017650185808415486,8192.0,0.0625,6400000.0
1.0,1.0,2.0,3.0,7.0,4.0,223.0,512.0,0.049777517915640224,0.05405121197129903,4.0,1.0,6400000.0
1.0,8.0,4.0,1.0,1.0,1.0,63.0,32.0,-0.0030632107251067353,-0.0017650185808415486,8192.0,64.0,6400000.0
1.0,8.0,4.0,1.0,1.0,1.0,63.0,32.0,-0.0030632107251067353,-0.0017650185808415486,16384.0,0.5,6400000.0
1.0,8.0,4.0,1.0,1.0,1.0,63.0,32.0,-0.0030632107251067353,-0.0017650185808415486,16384.0,0.0,6400000.0
1.0,8.0,8.0,1.0,1.0,1.0,543.0,32.0,-0.0030632107251067353,-0.0017650185808415486,0.000976562,256.0,6400000.0
1.0,8.0,4.0,1.0,1.0,1.0,63.0,32.0,-0.0030632107251067353,-0.0017650185808415486,32768.0,4096.0,6400000.0
1.0,8.0,8.0,1.0,1.0,1.0,543.0,32.0,-0.0030632107251067353,-0.0017650185808415486,0.0,32768.0,6400000.0
1.0,8.0,4.0,1.0,1.0,1.0,63.0,32.0,-0.0030632107251067353,-0.0017650185808415486,32768.0,4.0,6400000.0
8.0,8.0,8.0,9.0,421.0,248.0,14606.0,38656.0,0.36866990438245195,0.37750502353187376,0.00195312,0.00195312,6400000.0
1.0,8.0,4.0,1.0,1.0,1.0,63.0,32.0,-0.0030632107251067353,-0.0017650185808415486,32768.0,0.00390625,6400000.0
1.0,8.0,4.0,1.0,1.0,1.0,63.0,32.0,-0.0030632107251067353,-0.0017650185808415486,16384.0,512.0,6400000.0
1.0,1.0,1.0,2.0,3.0,2.0,108.0,192.0,0.03911015413878083,0.040912063041146696,0.0078125,0.00390625,6400000.0
1.0,1.0,2.0,1.0,1.0,1.0,39.0,32.0,-0.0030632107251067353,-0.0017650185808415486,4.0,1024.0,6400000.0
8.0,8.0,8.0,2.0,22.0,16.0,1924.0,1536.0,0.184803559555608,0.19082719424152972,0.0,32.0,6400000.0
1.0,8.0,8.0,1.0,1.0,1.0,543.0,32.0,-0.0030632107251067353,-0.0017650185808415486,0.00195312,2048.0,6400000.0
8.0,8.0,8.0,8.0,192.0,139.0,8677.0,21216.0,0.3130343138630043,0.3288383077563699,0.00195312,2.0,6400000.0
8.0,8.0,8.0,9.0,411.0,248.0,14465.0,38656.0,0.37021873697023033,0.38173489556689677,0.000976562,0.25,6400000.0
8.0,8.0,8.0,9.0,429.0,248.0,14715.0,38656.0,0.3735071874457172,0.37993431070029793,0.0,0.03125,6400000.0
8.0,8.0,8.0,9.0,429.0,248.0,14715.0,38656.0,0.3735071874457172,0.37993431070029793,0.00390625,0.015625,6400000.0
1.0,8.0,4.0,1.0,1.0,1.0,63.0,32.0,-0.0030632107251067353,-0.0017650185808415486,0.5,32768.0,6400000.0
1.0,8.0,4.0,1.0,1.0,1.0,63.0,32.0,-0.0030632107251067353,-0.0017650185808415486,1.0,256.0,6400000.0
8.0,8.0,4.0,8.0,211.0,128.0,6206.0,19456.0,0.3104442920805568,0.32565323575400995,1.0,0.25,6400000.0
1.0,8.0,4.0,1.0,1.0,1.0,63.0,32.0,-0.0030632107251067353,-0.0017650185808415486,4.0,16384.0,6400000.0
8.0,8.0,4.0,4.0,98.0,70.0,2978.0,10176.0,0.2599696556646549,0.27512939045196094,2.0,2.0,6400000.0
1.0,8.0,4.0,1.0,1.0,1.0,63.0,32.0,-0.0030632107251067353,-0.0017650185808415486,2.0,2048.0,6400000.0
8.0,8.0,4.0,3.0,179.0,128.0,5753.0,19456.0,0.24630707767775017,0.2548674075947891,16.0,0.000976562,6400000.0
1.0,8.0,4.0,1.0,1.0,1.0,63.0,32.0,-0.0030632107251067353,-0.0017650185808415486,8.0,128.0,6400000.0
8.0,8.0,4.0,3.0,28.0,20.0,917.0,2176.0,0.21183510327283472,0.21733614376884747,4.0,16.0,6400000.0
8.0,8.0,4.0,2.0,29.0,20.0,927.0,2176.0,0.19779588450891128,0.2016374874754887,32.0,8.0,6400000.0
8.0,8.0,4.0,7.0,215.0,128.0,6224.0,19456.0,0.304486970855946,0.32283647906245616,2.0,0.00195312,6400000.0
1.0,8.0,4.0,1.0,1.0,1.0,63.0,32.0,-0.0030632107251067353,-0.0017650185808415486,64.0,64.0,6400000.0
8.0,8.0,4.0,3.0,173.0,123.0,5456.0,18656.0,0.27063663316354125,0.27941741755492877,8.0,0.125,6400000.0
8.0,8.0,4.0,5.0,188.0,128.0,5887.0,19456.0,0.2775394835788161,0.2874373626735872,4.0,0.015625,6400000.0
1.0,8.0,4.0,1.0,1.0,1.0,63.0,32.0,-0.0030632107251067353,-0.0017650185808415486,16.0,1024.0,6400000.0
1.0,8.0,4.0,1.0,1.0,1.0,63.0,32.0,-0.0030632107251067353,-0.0017650185808415486,32.0,8192.0,6400000.0
1.0,8.0,4.0,1.0,1.0,1.0,63.0,32.0,-0.0030632107251067353,-0.0017650185808415486,128.0,0.5,6400000.0
1.0,8.0,4.0,1.0,1.0,1.0,63.0,32.0,-0.0030632107251067353,-0.0017650185808415486,128.0,0.0,6400000.0
1.0,8.0,4.0,1.0,1.0,1.0,63.0,32.0,-0.0030632107251067353,-0.0017650185808415486,128.0,512.0,6400000.0
8.0,8.0,4.0,2.0,168.0,128.0,5616.0,19456.0,0.21165532247727004,0.21999849381953662,32.0,0.0078125,6400000.0
8.0,8.0,4.0,3.0,90.0,65.0,2885.0,9376.0,0.25229565621815453,0.259885249587529,16.0,1.0,6400000.0
1.0,1.0,2.0,3.0,7.0,4.0,223.0,512.0,0.049777517915640224,0.05405121197129903,2.0,0.25,6400000.0
1.0,1.0,2.0,1.0,1.0,1.0,39.0,32.0,-0.0030632107251067353,-0.0017650185808415486,2.0,256.0,6400000.0
8.0,8.0,4.0,2.0,154.0,118.0,5170.0,17856.0,0.21179161634073496,0.22002247263807417,64.0,0.0625,6400000.0
1.0,8.0,4.0,1.0,1.0,1.0,63.0,32.0,-0.0030632107251067353,-0.0017650185808415486,256.0,0.00390625,6400000.0
1.0,8.0,4.0,1.0,1.0,1.0,63.0,32.0,-0.0030632107251067353,-0.0017650185808415486,512.0,32.0,6400000.0
1.0,8.0,4.0,1.0,1.0,1.0,63.0,32.0,-0.0030632107251067353,-0.0017650185808415486,512.0,32768.0,6400000.0
1.0,8.0,4.0,1.0,1.0,1.0,63.0,32.0,-0.0030632107251067353,-0.0017650185808415486,256.0,4.0,6400000.0
1.0,1.0,2.0,3.0,7.0,4.0,223.0,512.0,0.049777517915640224,0.05405121197129903,4.0,0.00195312,6400000.0
1.0,8.0,4.0,1.0,1.0,1.0,63.0,32.0,-0.0030632107251067353,-0.0017650185808415486,1024.0,256.0,6400000.0
1.0,8.0,4.0,1.0,1.0,1.0,63.0,32.0,-0.0030632107251067353,-0.0017650185808415486,256.0,4096.0,6400000.0
1.0,8.0,4.0,1.0,1.0,1.0,63.0,32.0,-0.0030632107251067353,-0.0017650185808415486,512.0,0.03125,6400000.0
1.0,8.0,4.0,1.0,1.0,1.0,63.0,32.0,-0.0030632107251067353,-0.0017650185808415486,1024.0,0.25,6400000.0
1.0,8.0,4.0,1.0,1.0,1.0,63.0,32.0,-0.0030632107251067353,-0.0017650185808415486,4096.0,16384.0,6400000.0
1.0,8.0,4.0,1.0,1.0,1.0,63.0,32.0,-0.0030632107251067353,-0.0017650185808415486,4096.0,0.015625,6400000.0
1.0,8.0,4.0,1.0,1.0,1.0,63.0,32.0,-0.0030632107251067353,-0.0017650185808415486,2048.0,2048.0,6400000.0
1.0,8.0,4.0,1.0,1.0,1.0,63.0,32.0,-0.0030632107251067353,-0.0017650185808415486,8192.0,0.125,6400000.0
1.0,8.0,4.0,1.0,1.0,1.0,63.0,32.0,-0.0030632107251067353,-0.0017650185808415486,4096.0,16.0,6400000.0
1.0,8.0,4.0,1.0,1.0,1.0,63.0,32.0,-0.0030632107251067353,-0.0017650185808415486,8192.0,128.0,6400000.0
1.0,8.0,4.0,1.0,1.0,1.0,63.0,32.0,-0.0030632107251067353,-0.0017650185808415486,2048.0,0.00195312,6400000.0
1.0,1.0,2.0,3.0,7.0,4.0,223.0,512.0,0.049777517915640224,0.05405121197129903,4.0,2.0,6400000.0
1.0,8.0,4.0,1.0,1.0,1.0,63.0,32.0,-0.0030632107251067353,-0.0017650185808415486,2048.0,2.0,6400000.0
1.0,8.0,4.0,1.0,1.0,1.0,63.0,32.0,-0.0030632107251067353,-0.0017650185808415486,16384.0,1.0,6400000.0
1.0,8.0,8.0,1.0,1.0,1.0,543.0,32.0,-0.0030632107251067353,-0.0017650185808415486,0.000976562,512.0,6400000.0
1.0,8.0,4.0,1.0,1.0,1.0,63.0,32.0,-0.0030632107251067353,-0.0017650185808415486,16384.0,0.000976562,6400000.0
8.0,8.0,8.0,7.0,75.0,53.0,4604.0,7456.0,0.2675944956115819,0.2746369156647245,0.00195312,4.0,6400000.0
1.0,8.0,4.0,1.0,1.0,1.0,63.0,32.0,-0.0030632107251067353,-0.0017650185808415486,32768.0,0.0078125,6400000.0
8.0,8.0,8.0,9.0,389.0,248.0,14156.0,38656.0,0.36781092806600735,0.3762924051159724,0.000976562,0.5,6400000.0
1.0,8.0,4.0,1.0,1.0,1.0,63.0,32.0,-0.0030632107251067353,-0.0017650185808415486,32768.0,8192.0,6400000.0
8.0,8.0,8.0,9.0,421.0,248.0,14606.0,38656.0,0.36866990438245195,0.37750502353187376,0.000976562,0.0,6400000.0
8.0,8.0,8.0,9.0,421.0,248.0,14606.0,38656.0,0.36866990438245195,0.37750502353187376,0.00195312,0.00390625,6400000.0
1.0,1.0,1.0,2.0,3.0,2.0,108.0,192.0,0.03911015413878083,0.040912063041146696,0.0078125,0.0078125,6400000.0
1.0,8.0,4.0,1.0,1.0,1.0,63.0,32.0,-0.0030632107251067353,-0.0017650185808415486,16384.0,1024.0,6400000.0
1.0,1.0,2.0,1.0,1.0,1.0,39.0,32.0,-0.0030632107251067353,-0.0017650185808415486,4.0,2048.0,6400000.0
1.0,8.0,4.0,1.0,1.0,1.0,63.0,32.0,-0.0030632107251067353,-0.0017650185808415486,32768.0,8.0,6400000.0
8.0,8.0,8.0,9.0,422.0,248.0,14491.0,38656.0,0.37261399705014,0.38587516070693384,0.0,0.0625,6400000.0
1.0,8.0,8.0,1.0,1.0,1.0,543.0,32.0,-0.0030632107251067353,-0.0017650185808415486,0.00195312,4096.0,6400000.0
3.0,8.0,8.0,2.0,9.0,6.0,1295.0,576.0,0.10115259004895938,0.10346957106453547,0.0,64.0,6400000.0
8.0,8.0,8.0,9.0,429.0,248.0,14715.0,38656.0,0.3735071874457172,0.37993431070029793,0.00390625,0.03125,6400000.0
8.0,8.0,4.0,8.0,221.0,128.0,6312.0,19456.0,0.3087679991160669,0.321923427227911,1.0,0.0,6400000.0
8.0,8.0,4.0,8.0,206.0,126.0,6145.0,19136.0,0.30984088611291827,0.31994302091844595,1.0,0.5,6400000.0
1.0,8.0,4.0,1.0,1.0,1.0,63.0,32.0,-0.0030632107251067353,-0.0017650185808415486,1.0,512.0,6400000.0
1.0,8.0,4.0,1.0,1.0,1.0,63.0,32.0,-0.0030632107251067353,-0.0017650185808415486,4.0,32768.0,6400000.0
1.0,8.0,4.0,1.0,1.0,1.0,63.0,32.0,-0.0030632107251067353,-0.0017650185808415486,8.0,256.0,6400000.0
1.0,8.0,4.0,1.0,1.0,1.0,63.0,32.0,-0.0030632107251067353,-0.0017650185808415486,2.0,4096.0,6400000.0
8.0,8.0,4.0,3.0,179.0,128.0,5755.0,19456.0,0.2464290807202577,0.25476084064156135,16.0,0.00195312,6400000.0
8.0,8.0,4.0,2.0,22.0,16.0,724.0,1536.0,0.184803559555608,0.19082719424152972,4.0,32.0,6400000.0
8.0,8.0,4.0,3.0,159.0,118.0,5076.0,17856.0,0.2716272169517159,0.27925096977393227,8.0,0.25,6400000.0
8.0,8.0,4.0,7.0,215.0,128.0,6224.0,19456.0,0.304486970855946,0.32283647906245616,2.0,0.00390625,6400000.0
8.0,8.0,4.0,2.0,22.0,16.0,724.0,1536.0,0.184803559555608,0.19082719424152972,32.0,16.0,6400000.0
1.0,8.0,4.0,1.0,1.0,1.0,63.0,32.0,-0.0030632107251067353,-0.0017650185808415486,64.0,128.0,6400000.0
8.0,8.0,4.0,3.0,61.0,45.0,1977.0,6176.0,0.24788551441063278,0.2568811078572928,2.0,4.0,6400000.0
1.0,8.0,4.0,1.0,1.0,1.0,63.0,32.0,-0.0030632107251067353,-0.0017650185808415486,32.0,16384.0,6400000.0
8.0,8.0,4.0,3.0,182.0,128.0,5829.0,19456.0,0.2703588699053885,0.2790210177336472,4.0,0.03125,6400000.0
8.0,8.0,4.0,2.0,168.0,128.0,5616.0,19456.0,0.21165532247727004,0.21999849381953662,32.0,0.015625,6400000.0
1.0,8.0,4.0,1.0,1.0,1.0,63.0,32.0,-0.0030632107251067353,-0.0017650185808415486,128.0,1.0,6400000.0
1.0,8.0,4.0,1.0,1.0,1.0,63.0,32.0,-0.0030632107251067353,-0.0017650185808415486,128.0,0.000976562,6400000.0
1.0,8.0,4.0,1.0,1.0,1.0,63.0,32.0,-0.0030632107251067353,-0.0017650185808415486,16.0,2048.0,6400000.0
1.0,1.0,2.0,3.0,7.0,4.0,223.0,512.0,0.049777517915640224,0.05405121197129903,2.0,0.5,6400000.0
1.0,1.0,2.0,1.0,1.0,1.0,39.0,32.0,-0.0030632107251067353,-0.0017650185808415486,2.0,512.0,6400000.0
8.0,8.0,4.0,2.0,124.0,95.0,4108.0,14176.0,0.21253563935930875,0.22053706818295804,64.0,0.125,6400000.0
8.0,8.0,4.0,3.0,75.0,54.0,2366.0,7616.0,0.2495320207887518,0.258134411103369,16.0,2.0,6400000.0
1.0,8.0,4.0,1.0,1.0,1.0,63.0,32.0,-0.0030632107251067353,-0.0017650185808415486,128.0,1024.0,6400000.0
1.0,8.0,4.0,1.0,1.0,1.0,63.0,32.0,-0.0030632107251067353,-0.0017650185808415486,256.0,0.0078125,6400000.0
1.0,8.0,4.0,1.0,1.0,1.0,63.0,32.0,-0.0030632107251067353,-0.0017650185808415486,512.0,0.0625,6400000.0
1.0,8.0,4.0,1.0,1.0,1.0,63.0,32.0,-0.0030632107251067353,-0.0017650185808415486,256.0,8192.0,6400000.0
1.0,8.0,4.0,1.0,1.0,1.0,63.0,32.0,-0.0030632107251067353,-0.0017650185808415486,512.0,64.0,6400000.0
1.0,8.0,4.0,1.0,1.0,1.0,63.0,32.0,-0.0030632107251067353,-0.0017650185808415486,256.0,8.0,6400000.0
1.0,8.0,4.0,1.0,1.0,1.0,63.0,32.0,-0.0030632107251067353,-0.0017650185808415486,1024.0,0.0,6400000.0
1.0,1.0,2.0,3.0,7.0,4.0,223.0,512.0,0.049777517915640224,0.05405121197129903,4.0,0.00390625,6400000.0
1.0,8.0,4.0,1.0,1.0,1.0,63.0,32.0,-0.0030632107251067353,-0.0017650185808415486,1024.0,512.0,6400000.0
1.0,8.0,4.0,1.0,1.0,1.0,63.0,32.0,-0.0030632107251067353,-0.0017650185808415486,1024.0,0.5,6400000.0
1.0,8.0,4.0,1.0,1.0,1.0,63.0,32.0,-0.0030632107251067353,-0.0017650185808415486,4096.0,32768.0,6400000.0
1.0,8.0,4.0,1.0,1.0,1.0,63.0,32.0,-0.0030632107251067353,-0.0017650185808415486,2048.0,0.00390625,6400000.0
1.0,8.0,4.0,1.0,1.0,1.0,63.0,32.0,-0.0030632107251067353,-0.0017650185808415486,4096.0,0.03125,6400000.0
1.0,8.0,4.0,1.0,1.0,1.0,63.0,32.0,-0.0030632107251067353,-0.0017650185808415486,4096.0,32.0,6400000.0
1.0,8.0,4.0,1.0,1.0,1.0,63.0,32.0,-0.0030632107251067353,-0.0017650185808415486,2048.0,4096.0,6400000.0
1.0,8.0,4.0,1.0,1.0,1.0,63.0,32.0,-0.0030632107251067353,-0.0017650185808415486,8192.0,256.0,6400000.0
1.0,8.0,8.0,1.0,1.0,1.0,543.0,32.0,-0.0030632107251067353,-0.0017650185808415486,0.000976562,1024.0,6400000.0
1.0,8.0,4.0,1.0,1.0,1.0,63.0,32.0,-0.0030632107251067353,-0.0017650185808415486,8192.0,0.25,6400000.0
1.0,8.0,4.0,1.0,1.0,1.0,63.0,32.0,-0.0030632107251067353,-0.0017650185808415486,16384.0,2.0,6400000.0
1.0,8.0,4.0,1.0,1.0,1.0,63.0,32.0,-0.0030632107251067353,-0.0017650185808415486,2048.0,4.0,6400000.0
1.0,1.0,2.0,3.0,7.0,4.0,223.0,512.0,0.049777517915640224,0.05405121197129903,4.0,4.0,6400000.0
8.0,8.0,8.0,9.0,351.0,248.0,13399.0,38656.0,0.35715925079902866,0.36457706352822405,0.000976562,1.0,6400000.0
1.0,8.0,4.0,1.0,1.0,1.0,63.0,32.0,-0.0030632107251067353,-0.0017650185808415486,16384.0,2048.0,6400000.0
8.0,8.0,8.0,3.0,42.0,28.0,2727.0,3456.0,0.23449431988645453,0.2406930752249571,0.00195312,8.0,6400000.0
1.0,1.0,2.0,1.0,1.0,1.0,39.0,32.0,-0.0030632107251067353,-0.0017650185808415486,4.0,4096.0,6400000.0
8.0,8.0,8.0,9.0,421.0,248.0,14606.0,38656.0,0.36866990438245195,0.37750502353187376,0.000976562,0.000976562,6400000.0
1.0,1.0,1.0,2.0,3.0,2.0,108.0,192.0,0.03911015413878083,0.040912063041146696,0.0078125,0.015625,6400000.0
8.0,8.0,8.0,9.0,421.0,248.0,14606.0,38656.0,0.36866990438245195,0.37750502353187376,0.00195312,0.0078125,6400000.0
1.0,8.0,4.0,1.0,1.0,1.0,63.0,32.0,-0.0030632107251067353,-0.0017650185808415486,16384.0,0.00195312,6400000.0
1.0,8.0,4.0,1.0,1.0,1.0,63.0,32.0,-0.0030632107251067353,-0.0017650185808415486,32768.0,16.0,6400000.0
1.0,8.0,4.0,1.0,1.0,1.0,63.0,32.0,-0.0030632107251067353,-0.0017650185808415486,32768.0,16384.0,6400000.0
1.0,8.0,8.0,1.0,1.0,1.0,543.0,32.0,-0.0030632107251067353,-0.0017650185808415486,0.0,128.0,6400000.0
1.0,8.0,8.0,1.0,1.0,1.0,543.0,32.0,-0.0030632107251067353,-0.0017650185808415486,0.00195312,8192.0,6400000.0
8.0,8.0,8.0,9.0,419.0,248.0,14447.0,38656.0,0.37181573628059716,0.38733238925229896,0.0,0.125,6400000.0
1.0,8.0,4.0,1.0,1.0,1.0,63.0,32.0,-0.0030632107251067353,-0.0017650185808415486,32768.0,0.015625,6400000.0
8.0,8.0,4.0,8.0,221.0,128.0,6312.0,19456.0,0.3087679991160669,0.321923427227911,1.0,0.000976562,6400000.0
8.0,8.0,8.0,9.0,422.0,248.0,14491.0,38656.0,0.37261399705014,0.38587516070693384,0.00390625,0.0625,6400000.0
1.0,8.0,4.0,1.0,1.0,1.0,63.0,32.0,-0.0030632107251067353,-0.0017650185808415486,1.0,1024.0,6400000.0
8.0,8.0,4.0,8.0,190.0,123.0,5664.0,18656.0,0.30847389469868636,0.32224417941038175,1.0,1.0,6400000.0
8.0,8.0,4.0,3.0,184.0,128.0,5862.0,19456.0,0.27008321680216674,0.2789911567587756,8.0,0.0,6400000.0
8.0,8.0,4.0,3.0,179.0,128.0,5755.0,19456.0,0.2464290807202577,0.25476084064156135,16.0,0.00390625,6400000.0
3.0,8.0,4.0,2.0,9.0,6.0,335.0,576.0,0.10115259004895938,0.10346957106453547,4.0,64.0,6400000.0
1.0,8.0,4.0,1.0,1.0,1.0,63.0,32.0,-0.0030632107251067353,-0.0017650185808415486,2.0,8192.0,6400000.0
8.0,8.0,4.0,2.0,22.0,16.0,724.0,1536.0,0.184803559555608,0.19082719424152972,32.0,32.0,6400000.0
1.0,8.0,4.0,1.0,1.0,1.0,63.0,32.0,-0.0030632107251067353,-0.0017650185808415486,64.0,256.0,6400000.0
1.0,8.0,4.0,1.0,1.0,1.0,63.0,32.0,-0.0030632107251067353,-0.0017650185808415486,8.0,512.0,6400000.0
1.0,8.0,4.0,1.0,1.0,1.0,63.0,32.0,-0.0030632107251067353,-0.0017650185808415486,32.0,32768.0,6400000.0
8.0,8.0,4.0,3.0,42.0,28.0,1287.0,3456.0,0.23449431988645453,0.2406930752249571,2.0,8.0,6400000.0
1.0,8.0,4.0,1.0,1.0,1.0,63.0,32.0,-0.0030632107251067353,-0.0017650185808415486,16.0,4096.0,6400000.0
8.0,8.0,4.0,3.0,148.0,108.0,4716.0,16256.0,0.2692585368912481,0.2772738360611138,8.0,0.5,6400000.0
8.0,8.0,4.0,2.0,168.0,128.0,5616.0,19456.0,0.21165532247727004,0.21999849381953662,32.0,0.03125,6400000.0
8.0,8.0,4.0,7.0,215.0,128.0,6233.0,19456.0,0.3062041274363333,0.32333366935458685,2.0,0.0078125,6400000.0
1.0,8.0,4.0,1.0,1.0,1.0,63.0,32.0,-0.0030632107251067353,-0.0017650185808415486,128.0,0.00195312,6400000.0
8.0,8.0,4.0,3.0,176.0,125.0,5593.0,18976.0,0.2701844263179417,0.27876381977608056,4.0,0.0625,6400000.0
8.0,8.0,4.0,3.0,54.0,38.0,1723.0,5056.0,0.24151162649813396,0.24755945034745852,16.0,4.0,6400000.0
8.0,8.0,4.0,2.0,97.0,77.0,3371.0,11296.0,0.21232491332030856,0.21982069267970272,64.0,0.25,6400000.0
1.0,8.0,4.0,1.0,1.0,1.0,63.0,32.0,-0.0030632107251067353,-0.0017650185808415486,128.0,2.0,6400000.0
1.0,8.0,4.0,1.0,1.0,1.0,63.0,32.0,-0.0030632107251067353,-0.0017650185808415486,128.0,2048.0,6400000.0
1.0,1.0,2.0,1.0,1.0,1.0,39.0,32.0,-0.0030632107251067353,-0.0017650185808415486,2.0,1024.0,6400000.0
1.0,1.0,2.0,3.0,7.0,4.0,223.0,512.0,0.049777517915640224,0.05405121197129903,2.0,1.0,6400000.0
1.0,8.0,4.0,1.0,1.0,1.0,63.0,32.0,-0.0030632107251067353,-0.0017650185808415486,512.0,128.0,6400000.0
1.0,8.0,4.0,1.0,1.0,1.0,63.0,32.0,-0.0030632107251067353,-0.0017650185808415486,1024.0,1024.0,6400000.0
1.0,8.0,4.0,1.0,1.0,1.0,63.0,32.0,-0.0030632107251067353,-0.0017650185808415486,256.0,0.015625,6400000.0
1.0,8.0,4.0,1.0,1.0,1.0,63.0,32.0,-0.0030632107251067353,-0.0017650185808415486,512.0,0.125,6400000.0
1.0,8.0,4.0,1.0,1.0,1.0,63.0,32.0,-0.0030632107251067353,-0.0017650185808415486,256.0,16.0,6400000.0
1.0,8.0,4.0,1.0,1.0,1.0,63.0,32.0,-0.0030632107251067353,-0.0017650185808415486,256.0,16384.0,6400000.0
1.0,8.0,4.0,1.0,1.0,1.0,63.0,32.0,-0.0030632107251067353,-0.0017650185808415486,1024.0,0.000976562,6400000.0
1.0,1.0,2.0,3.0,7.0,4.0,223.0,512.0,0.049777517915640224,0.05405121197129903,4.0,0.0078125,6400000.0
1.0,8.0,4.0,1.0,1.0,1.0,63.0,32.0,-0.0030632107251067353,-0.0017650185808415486,1024.0,1.0,6400000.0
1.0,8.0,4.0,1.0,1.0,1.0,63.0,32.0,-0.0030632107251067353,-0.0017650185808415486,8192.0,0.0,6400000.0
1.0,8.0,4.0,1.0,1.0,1.0,63.0,32.0,-0.0030632107251067353,-0.0017650185808415486,4096.0,0.0625,6400000.0
1.0,8.0,4.0,1.0,1.0,1.0,63.0,32.0,-0.0030632107251067353,-0.0017650185808415486,2048.0,8192.0,6400000.0
1.0,8.0,4.0,1.0,1.0,1.0,63.0,32.0,-0.0030632107251067353,-0.0017650185808415486,2048.0,0.0078125,6400000.0
1.0,8.0,4.0,1.0,1.0,1.0,63.0,32.0,-0.0030632107251067353,-0.0017650185808415486,4096.0,64.0,6400000.0
1.0,8.0,4.0,1.0,1.0,1.0,63.0,32.0,-0.0030632107251067353,-0.0017650185808415486,8192.0,512.0,6400000.0
1.0,8.0,4.0,1.0,1.0,1.0,63.0,32.0,-0.0030632107251067353,-0.0017650185808415486,16384.0,4.0,6400000.0
1.0,8.0,4.0,1.0,1.0,1.0,63.0,32.0,-0.0030632107251067353,-0.0017650185808415486,8192.0,0.5,6400000.0
8.0,8.0,8.0,3.0,28.0,20.0,2357.0,2176.0,0.21183510327283472,0.21733614376884747,0.00195312,16.0,6400000.0
1.0,8.0,8.0,1.0,1.0,1.0,543.0,32.0,-0.0030632107251067353,-0.0017650185808415486,0.000976562,2048.0,6400000.0
1.0,1.0,2.0,3.0,5.0,3.0,158.0,352.0,0.048146068319603885,0.051476191507202285,4.0,8.0,6400000.0
1.0,8.0,4.0,1.0,1.0,1.0,63.0,32.0,-0.0030632107251067353,-0.0017650185808415486,2048.0,8.0,6400000.0
8.0,8.0,8.0,8.0,192.0,139.0,8677.0,21216.0,0.3130343138630043,0.3288383077563699,0.000976562,2.0,6400000.0
1.0,1.0,1.0,2.0,3.0,2.0,108.0,192.0,0.03911015413878083,0.040912063041146696,0.0078125,0.03125,6400000.0
1.0,8.0,4.0,1.0,1.0,1.0,63.0,32.0,-0.0030632107251067353,-0.0017650185808415486,16384.0,4096.0,6400000.0
1.0,8.0,8.0,1.0,1.0,1.0,543.0,32.0,-0.0030632107251067353,-0.0017650185808415486,0.00195312,16384.0,6400000.0
8.0,8.0,8.0,9.0,429.0,248.0,14715.0,38656.0,0.3735071874457172,0.37993431070029793,0.00195312,0.015625,6400000.0
8.0,8.0,4.0,8.0,221.0,128.0,6312.0,19456.0,0.3087679991160669,0.321923427227911,1.0,0.00195312,6400000.0
8.0,8.0,8.0,9.0,421.0,248.0,14606.0,38656.0,0.36866990438245195,0.37750502353187376,0.000976562,0.00195312,6400000.0
1.0,8.0,4.0,1.0,1.0,1.0,63.0,32.0,-0.0030632107251067353,-0.0017650185808415486,16384.0,0.00390625,6400000.0
8.0,8.0,8.0,9.0,411.0,248.0,14465.0,38656.0,0.37021873697023033,0.38173489556689677,0.0,0.25,6400000.0
1.0,8.0,8.0,1.0,1.0,1.0,543.0,32.0,-0.0030632107251067353,-0.0017650185808415486,0.0,256.0,6400000.0
1.0,1.0,2.0,1.0,1.0,1.0,39.0,32.0,-0.0030632107251067353,-0.0017650185808415486,4.0,8192.0,6400000.0
1.0,8.0,4.0,1.0,1.0,1.0,63.0,32.0,-0.0030632107251067353,-0.0017650185808415486,32768.0,0.03125,6400000.0
8.0,8.0,8.0,9.0,419.0,248.0,14447.0,38656.0,0.37181573628059716,0.38733238925229896,0.00390625,0.125,6400000.0
1.0,8.0,4.0,1.0,1.0,1.0,63.0,32.0,-0.0030632107251067353,-0.0017650185808415486,32768.0,32768.0,6400000.0
8.0,8.0,4.0,8.0,127.0,85.0,3887.0,12576.0,0.2956392965308554,0.3085299442403068,1.0,2.0,6400000.0
1.0,8.0,4.0,1.0,1.0,1.0,63.0,32.0,-0.0030632107251067353,-0.0017650185808415486,32768.0,32.0,6400000.0
1.0,8.0,4.0,1.0,1.0,1.0,63.0,32.0,-0.0030632107251067353,-0.0017650185808415486,1.0,2048.0,6400000.0
8.0,8.0,4.0,3.0,184.0,128.0,5862.0,19456.0,0.27008321680216674,0.2789911567587756,8.0,0.000976562,6400000.0
1.0,8.0,4.0,1.0,1.0,1.0,63.0,32.0,-0.0030632107251067353,-0.0017650185808415486,64.0,512.0,6400000.0
8.0,8.0,4.0,2.0,168.0,128.0,5616.0,19456.0,0.21165532247727004,0.21999849381953662,64.0,0.0,6400000.0
8.0,8.0,4.0,3.0,179.0,128.0,5755.0,19456.0,0.2464290807202577,0.25476084064156135,16.0,0.0078125,6400000.0
1.0,8.0,4.0,1.0,1.0,1.0,63.0,32.0,-0.0030632107251067353,-0.0017650185808415486,4.0,128.0,6400000.0
1.0,8.0,4.0,1.0,1.0,1.0,63.0,32.0,-0.0030632107251067353,-0.0017650185808415486,8.0,1024.0,6400000.0
3.0,8.0,4.0,2.0,9.0,6.0,335.0,576.0,0.10115259004895938,0.10346957106453547,32.0,64.0,6400000.0
8.0,8.0,4.0,7.0,215.0,128.0,6233.0,19456.0,0.3062041274363333,0.32333366935458685,2.0,0.015625,6400000.0
1.0,8.0,4.0,1.0,1.0,1.0,63.0,32.0,-0.0030632107251067353,-0.0017650185808415486,16.0,8192.0,6400000.0
8.0,8.0,4.0,2.0,154.0,118.0,5170.0,17856.0,0.21179161634073496,0.22002247263807417,32.0,0.0625,6400000.0
1.0,8.0,4.0,1.0,1.0,1.0,63.0,32.0,-0.0030632107251067353,-0.0017650185808415486,128.0,0.00390625,6400000.0
1.0,8.0,4.0,1.0,1.0,1.0,63.0,32.0,-0.0030632107251067353,-0.0017650185808415486,2.0,16384.0,6400000.0
8.0,8.0,4.0,3.0,28.0,20.0,917.0,2176.0,0.21183510327283472,0.21733614376884747,2.0,16.0,6400000.0
8.0,8.0,4.0,3.0,173.0,123.0,5456.0,18656.0,0.27063663316354125,0.27941741755492877,4.0,0.125,6400000.0
8.0,8.0,4.0,3.0,114.0,83.0,3572.0,12256.0,0.2635219126272944,0.2742245146230181,8.0,1.0,6400000.0
1.0,1.0,2.0,1.0,1.0,1.0,39.0,32.0,-0.0030632107251067353,-0.0017650185808415486,2.0,2048.0,6400000.0
8.0,8.0,4.0,2.0,73.0,58.0,2503.0,8256.0,0.21262410220619643,0.21960346509557427,64.0,0.5,6400000.0
8.0,8.0,4.0,2.0,29.0,20.0,927.0,2176.0,0.19779588450891128,0.2016374874754887,16.0,8.0,6400000.0
1.0,1.0,2.0,3.0,7.0,4.0,223.0,512.0,0.049777517915640224,0.05405121197129903,2.0,2.0,6400000.0
1.0,8.0,4.0,1.0,1.0,1.0,63.0,32.0,-0.0030632107251067353,-0.0017650185808415486,1024.0,2048.0,6400000.0
1.0,8.0,4.0,1.0,1.0,1.0,63.0,32.0,-0.0030632107251067353,-0.0017650185808415486,512.0,256.0,6400000.0
1.0,8.0,4.0,1.0,1.0,1.0,63.0,32.0,-0.0030632107251067353,-0.0017650185808415486,128.0,4096.0,6400000.0
1.0,8.0,4.0,1.0,1.0,1.0,63.0,32.0,-0.0030632107251067353,-0.0017650185808415486,128.0,4.0,6400000.0
1.0,8.0,4.0,1.0,1.0,1.0,63.0,32.0,-0.0030632107251067353,-0.0017650185808415486,256.0,32.0,6400000.0
1.0,8.0,4.0,1.0,1.0,1.0,63.0,32.0,-0.0030632107251067353,-0.0017650185808415486,256.0,32768.0,6400000.0
1.0,8.0,4.0,1.0,1.0,1.0,63.0,32.0,-0.0030632107251067353,-0.0017650185808415486,256.0,0.03125,6400000.0
1.0,8.0,4.0,1.0,1.0,1.0,63.0,32.0,-0.0030632107251067353,-0.0017650185808415486,512.0,0.25,6400000.0
1.0,1.0,2.0,3.0,7.0,4.0,223.0,512.0,0.049777517915640224,0.05405121197129903,4.0,0.015625,6400000.0
1.0,8.0,4.0,1.0,1.0,1.0,63.0,32.0,-0.0030632107251067353,-0.0017650185808415486,1024.0,0.00195312,6400000.0
1.0,8.0,4.0,1.0,1.0,1.0,63.0,32.0,-0.0030632107251067353,-0.0017650185808415486,1024.0,2.0,6400000.0
1.0,8.0,4.0,1.0,1.0,1.0,63.0,32.0,-0.0030632107251067353,-0.0017650185808415486,8192.0,0.000976562,6400000.0
1.0,8.0,4.0,1.0,1.0,1.0,63.0,32.0,-0.0030632107251067353,-0.0017650185808415486,2048.0,0.015625,6400000.0
1.0,8.0,4.0,1.0,1.0,1.0,63.0,32.0,-0.0030632107251067353,-0.0017650185808415486,2048.0,16384.0,6400000.0
1.0,8.0,4.0,1.0,1.0,1.0,63.0,32.0,-0.0030632107251067353,-0.0017650185808415486,4096.0,0.125,6400000.0
1.0,8.0,4.0,1.0,1.0,1.0,63.0,32.0,-0.0030632107251067353,-0.0017650185808415486,8192.0,1024.0,6400000.0
1.0,8.0,4.0,1.0,1.0,1.0,63.0,32.0,-0.0030632107251067353,-0.0017650185808415486,4096.0,128.0,6400000.0
1.0,8.0,4.0,1.0,1.0,1.0,63.0,32.0,-0.0030632107251067353,-0.0017650185808415486,8192.0,1.0,6400000.0
1.0,8.0,4.0,1.0,1.0,1.0,63.0,32.0,-0.0030632107251067353,-0.0017650185808415486,16384.0,8.0,6400000.0
1.0,8.0,4.0,1.0,1.0,1.0,63.0,32.0,-0.0030632107251067353,-0.0017650185808415486,2048.0,16.0,6400000.0
8.0,8.0,8.0,7.0,75.0,53.0,4604.0,7456.0,0.2675944956115819,0.2746369156647245,0.000976562,4.0,6400000.0
8.0,8.0,8.0,2.0,22.0,16.0,1924.0,1536.0,0.184803559555608,0.19082719424152972,0.00195312,32.0,6400000.0
1.0,1.0,2.0,3.0,5.0,3.0,158.0,352.0,0.048146068319603885,0.051476191507202285,4.0,16.0,6400000.0
1.0,8.0,4.0,1.0,1.0,1.0,63.0,32.0,-0.0030632107251067353,-0.0017650185808415486,16384.0,8192.0,6400000.0
1.0,8.0,8.0,1.0,1.0,1.0,543.0,32.0,-0.0030632107251067353,-0.0017650185808415486,0.00195312,32768.0,6400000.0
1.0,1.0,1.0,2.0,3.0,2.0,108.0,192.0,0.03911015413878083,0.040912063041146696,0.0078125,0.0625,6400000.0
1.0,8.0,8.0,1.0,1.0,1.0,543.0,32.0,-0.0030632107251067353,-0.0017650185808415486,0.000976562,4096.0,6400000.0
8.0,8.0,4.0,8.0,221.0,128.0,6312.0,19456.0,0.3087679991160669,0.321923427227911,1.0,0.00390625,6400000.0
8.0,8.0,8.0,9.0,421.0,248.0,14606.0,38656.0,0.36866990438245195,0.37750502353187376,0.000976562,0.00390625,6400000.0
1.0,8.0,4.0,1.0,1.0,1.0,63.0,32.0,-0.0030632107251067353,-0.0017650185808415486,16384.0,0.0078125,6400000.0
8.0,8.0,8.0,9.0,389.0,248.0,14156.0,38656.0,0.36781092806600735,0.3762924051159724,0.0,0.5,6400000.0
8.0,8.0,8.0,9.0,429.0,248.0,14715.0,38656.0,0.3735071874457172,0.37993431070029793,0.00195312,0.03125,6400000.0
1.0,8.0,8.0,1.0,1.0,1.0,543.0,32.0,-0.0030632107251067353,-0.0017650185808415486,0.0,512.0,6400000.0
1.0,8.0,4.0,1.0,1.0,1.0,63.0,32.0,-0.0030632107251067353,-0.0017650185808415486,32768.0,64.0,6400000.0
8.0,8.0,4.0,3.0,61.0,45.0,1977.0,6176.0,0.24788551441063278,0.2568811078572928,1.0,4.0,6400000.0
8.0,8.0,8.0,9.0,421.0,248.0,14606.0,38656.0,0.36866990438245195,0.37750502353187376,0.0,0.0,6400000.0
1.0,8.0,4.0,1.0,1.0,1.0,63.0,32.0,-0.0030632107251067353,-0.0017650185808415486,1.0,4096.0,6400000.0
8.0,8.0,8.0,9.0,411.0,248.0,14465.0,38656.0,0.37021873697023033,0.38173489556689677,0.00390625,0.25,6400000.0
1.0,1.0,2.0,1.0,1.0,1.0,39.0,32.0,-0.0030632107251067353,-0.0017650185808415486,4.0,16384.0,6400000.0
1.0,8.0,4.0,1.0,1.0,1.0,63.0,32.0,-0.0030632107251067353,-0.0017650185808415486,32768.0,0.0625,6400000.0
8.0,8.0,4.0,3.0,184.0,128.0,5862.0,19456.0,0.27008321680216674,0.2789911567587756,8.0,0.00195312,6400000.0
1.0,8.0,4.0,1.0,1.0,1.0,63.0,32.0,-0.0030632107251067353,-0.0017650185808415486,64.0,1024.0,6400000.0
1.0,8.0,4.0,1.0,1.0,1.0,63.0,32.0,-0.0030632107251067353,-0.0017650185808415486,8.0,2048.0,6400000.0
1.0,8.0,4.0,1.0,1.0,1.0,63.0,32.0,-0.0030632107251067353,-0.0017650185808415486,32.0,128.0,6400000.0
8.0,8.0,4.0,3.0,179.0,128.0,5755.0,19456.0,0.2464290807202577,0.25476084064156135,16.0,0.015625,6400000.0
8.0,8.0,4.0,2.0,168.0,128.0,5616.0,19456.0,0.21165532247727004,0.21999849381953662,64.0,0.000976562,6400000.0
1.0,8.0,4.0,1.0,1.0,1.0,63.0,32.0,-0.0030632107251067353,-0.0017650185808415486,4.0,256.0,6400000.0
8.0,8.0,4.0,7.0,214.0,128.0,6195.0,19456.0,0.30448197591554804,0.32274700429367764,2.0,0.03125,6400000.0
8.0,8.0,4.0,2.0,22.0,16.0,724.0,1536.0,0.184803559555608,0.19082719424152972,2.0,32.0,6400000.0
8.0,8.0,4.0,2.0,124.0,95.0,4108.0,14176.0,0.21253563935930875,0.22053706818295804,32.0,0.125,6400000.0
1.0,8.0,4.0,1.0,1.0,1.0,63.0,32.0,-0.0030632107251067353,-0.0017650185808415486,2.0,32768.0,6400000.0
8.0,8.0,4.0,3.0,159.0,118.0,5076.0,17856.0,0.2716272169517159,0.27925096977393227,4.0,0.25,6400000.0
1.0,8.0,4.0,1.0,1.0,1.0,63.0,32.0,-0.0030632107251067353,-0.0017650185808415486,16.0,16384.0,6400000.0
1.0,8.0,4.0,1.0,1.0,1.0,63.0,32.0,-0.0030632107251067353,-0.0017650185808415486,128.0,0.0078125,6400000.0
8.0,8.0,4.0,3.0,84.0,62.0,2620.0,8896.0,0.25677524428629483,0.26946822307961227,8.0,2.0,6400000.0
1.0,8.0,4.0,1.0,1.0,1.0,63.0,32.0,-0.0030632107251067353,-0.0017650185808415486,128.0,8192.0,6400000.0
8.0,8.0,4.0,2.0,22.0,16.0,724.0,1536.0,0.184803559555608,0.19082719424152972,16.0,16.0,6400000.0
1.0,1.0,2.0,1.0,1.0,1.0,39.0,32.0,-0.0030632107251067353,-0.0017650185808415486,2.0,4096.0,6400000.0
1.0,8.0,4.0,1.0,1.0,1.0,63.0,32.0,-0.0030632107251067353,-0.0017650185808415486,256.0,64.0,6400000.0
1.0,8.0,4.0,1.0,1.0,1.0,63.0,32.0,-0.0030632107251067353,-0.0017650185808415486,512.0,512.0,6400000.0
8.0,8.0,4.0,2.0,59.0,44.0,1968.0,6016.0,0.2110271433419192,0.21917990750148497,64.0,1.0,6400000.0
1.0,1.0,2.0,3.0,7.0,4.0,223.0,512.0,0.049777517915640224,0.05405121197129903,2.0,4.0,6400000.0
1.0,8.0,4.0,1.0,1.0,1.0,63.0,32.0,-0.0030632107251067353,-0.0017650185808415486,1024.0,4096.0,6400000.0
1.0,8.0,4.0,1.0,1.0,1.0,63.0,32.0,-0.0030632107251067353,-0.0017650185808415486,128.0,8.0,6400000.0
1.0,8.0,4.0,1.0,1.0,1.0,63.0,32.0,-0.0030632107251067353,-0.0017650185808415486,512.0,0.0,6400000.0
1.0,8.0,4.0,1.0,1.0,1.0,63.0,32.0,-0.0030632107251067353,-0.0017650185808415486,512.0,0.5,6400000.0
1.0,8.0,4.0,1.0,1.0,1.0,63.0,32.0,-0.0030632107251067353,-0.0017650185808415486,256.0,0.0625,6400000.0
1.0,8.0,4.0,1.0,1.0,1.0,63.0,32.0,-0.0030632107251067353,-0.0017650185808415486,1024.0,0.00390625,6400000.0
1.0,1.0,2.0,3.0,7.0,4.0,223.0,512.0,0.049777517915640224,0.05405121197129903,4.0,0.03125,6400000.0
1.0,8.0,4.0,1.0,1.0,1.0,63.0,32.0,-0.0030632107251067353,-0.0017650185808415486,2048.0,32768.0,6400000.0
1.0,8.0,4.0,1.0,1.0,1.0,63.0,32.0,-0.0030632107251067353,-0.0017650185808415486,8192.0,0.00195312,6400000.0
1.0,8.0,4.0,1.0,1.0,1.0,63.0,32.0,-0.0030632107251067353,-0.0017650185808415486,1024.0,4.0,6400000.0
1.0,8.0,4.0,1.0,1.0,1.0,63.0,32.0,-0.0030632107251067353,-0.0017650185808415486,4096.0,256.0,6400000.0
1.0,8.0,4.0,1.0,1.0,1.0,63.0,32.0,-0.0030632107251067353,-0.0017650185808415486,8192.0,2048.0,6400000.0
1.0,8.0,4.0,1.0,1.0,1.0,63.0,32.0,-0.0030632107251067353,-0.0017650185808415486,2048.0,0.03125,6400000.0
1.0,8.0,4.0,1.0,1.0,1.0,63.0,32.0,-0.0030632107251067353,-0.0017650185808415486,4096.0,0.25,6400000.0
1.0,8.0,4.0,1.0,1.0,1.0,63.0,32.0,-0.0030632107251067353,-0.0017650185808415486,2048.0,32.0,6400000.0
1.0,8.0,4.0,1.0,1.0,1.0,63.0,32.0,-0.0030632107251067353,-0.0017650185808415486,8192.0,2.0,6400000.0
1.0,8.0,4.0,1.0,1.0,1.0,63.0,32.0,-0.0030632107251067353,-0.0017650185808415486,16384.0,16.0,6400000.0
3.0,8.0,8.0,2.0,9.0,6.0,1295.0,576.0,0.10115259004895938,0.10346957106453547,0.00195312,64.0,6400000.0
8.0,8.0,8.0,3.0,42.0,28.0,2727.0,3456.0,0.23449431988645453,0.2406930752249571,0.000976562,8.0,6400000.0
1.0,1.0,2.0,2.0,3.0,2.0,112.0,192.0,0.03911015413878083,0.040912063041146696,4.0,32.0,6400000.0
1.0,8.0,4.0,1.0,1.0,1.0,63.0,32.0,-0.0030632107251067353,-0.0017650185808415486,16384.0,16384.0,6400000.0
1.0,1.0,1.0,2.0,3.0,2.0,108.0,192.0,0.03911015413878083,0.040912063041146696,0.0078125,0.125,6400000.0
8.0,8.0,8.0,9.0,421.0,248.0,14606.0,38656.0,0.36866990438245195,0.37750502353187376,0.00390625,0.0,6400000.0
8.0,8.0,8.0,9.0,421.0,248.0,14606.0,38656.0,0.36866990438245195,0.37750502353187376,0.0,0.000976562,6400000.0
8.0,8.0,4.0,8.0,221.0,128.0,6312.0,19456.0,0.3087679991160669,0.321923427227911,1.0,0.0078125,6400000.0
1.0,8.0,8.0,1.0,1.0,1.0,543.0,32.0,-0.0030632107251067353,-0.0017650185808415486,0.000976562,8192.0,6400000.0
8.0,8.0,8.0,9.0,351.0,248.0,13399.0,38656.0,0.35715925079902866,0.36457706352822405,0.0,1.0,6400000.0
8.0,8.0,8.0,9.0,421.0,248.0,14606.0,38656.0,0.36866990438245195,0.37750502353187376,0.000976562,0.0078125,6400000.0
1.0,8.0,8.0,1.0,1.0,1.0,543.0,32.0,-0.0030632107251067353,-0.0017650185808415486,0.0,1024.0,6400000.0
1.0,1.0,2.0,1.0,1.0,1.0,39.0,32.0,-0.0030632107251067353,-0.0017650185808415486,4.0,32768.0,6400000.0
8.0,8.0,4.0,3.0,42.0,28.0,1287.0,3456.0,0.23449431988645453,0.2406930752249571,1.0,8.0,6400000.0
1.0,8.0,4.0,1.0,1.0,1.0,63.0,32.0,-0.0030632107251067353,-0.0017650185808415486,1.0,8192.0,6400000.0
1.0,8.0,4.0,1.0,1.0,1.0,63.0,32.0,-0.0030632107251067353,-0.0017650185808415486,16384.0,0.015625,6400000.0
1.0,8.0,4.0,1.0,1.0,1.0,63.0,32.0,-0.0030632107251067353,-0.0017650185808415486,32768.0,128.0,6400000.0
8.0,8.0,8.0,9.0,422.0,248.0,14491.0,38656.0,0.37261399705014,0.38587516070693384,0.00195312,0.0625,6400000.0
8.0,8.0,8.0,9.0,389.0,248.0,14156.0,38656.0,0.36781092806600735,0.3762924051159724,0.00390625,0.5,6400000.0
1.0,8.0,4.0,1.0,1.0,1.0,63.0,32.0,-0.0030632107251067353,-0.0017650185808415486,32768.0,0.125,6400000.0
8.0,8.0,4.0,3.0,183.0,128.0,5831.0,19456.0,0.27017813937557356,0.27900907868218605,8.0,0.00390625,6400000.0
1.0,8.0,4.0,1.0,1.0,1.0,63.0,32.0,-0.0030632107251067353,-0.0017650185808415486,32.0,256.0,6400000.0
1.0,8.0,4.0,1.0,1.0,1.0,63.0,32.0,-0.0030632107251067353,-0.0017650185808415486,64.0,2048.0,6400000.0
1.0,8.0,4.0,1.0,1.0,1.0,63.0,32.0,-0.0030632107251067353,-0.0017650185808415486,8.0,4096.0,6400000.0
8.0,8.0,4.0,3.0,148.0,108.0,4716.0,16256.0,0.2692585368912481,0.2772738360611138,4.0,0.5,6400000.0
1.0,8.0,4.0,1.0,1.0,1.0,63.0,32.0,-0.0030632107251067353,-0.0017650185808415486,4.0,512.0,6400000.0
8.0,8.0,4.0,3.0,178.0,128.0,5723.0,19456.0,0.24647025545605572,0.2547822758958552,16.0,0.03125,6400000.0
3.0,8.0,4.0,2.0,9.0,6.0,335.0,576.0,0.10115259004895938,0.10346957106453547,2.0,64.0,6400000.0
8.0,8.0,4.0,7.0,214.0,128.0,6222.0,19456.0,0.3061147267781317,0.3291871444680774,2.0,0.0625,6400000.0
8.0,8.0,4.0,2.0,168.0,128.0,5616.0,19456.0,0.21165532247727004,0.21999849381953662,64.0,0.00195312,6400000.0
1.0,8.0,4.0,1.0,1.0,1.0,63.0,32.0,-0.0030632107251067353,-0.0017650185808415486,128.0,0.015625,6400000.0
8.0,8.0,4.0,2.0,97.0,77.0,3371.0,11296.0,0.21232491332030856,0.21982069267970272,32.0,0.25,6400000.0
8.0,8.0,4.0,5.0,189.0,128.0,5919.0,19456.0,0.2774447240218142,0.2874211098452112,4.0,0.0,6400000.0
1.0,8.0,4.0,1.0,1.0,1.0,63.0,32.0,-0.0030632107251067353,-0.0017650185808415486,16.0,32768.0,6400000.0
8.0,8.0,4.0,2.0,22.0,16.0,724.0,1536.0,0.184803559555608,0.19082719424152972,16.0,32.0,6400000.0
1.0,1.0,2.0,1.0,1.0,1.0,39.0,32.0,-0.0030632107251067353,-0.0017650185808415486,2.0,8192.0,6400000.0
8.0,8.0,4.0,2.0,53.0,39.0,1756.0,5216.0,0.21160466329072625,0.21830151438038625,64.0,2.0,6400000.0
1.0,8.0,4.0,1.0,1.0,1.0,63.0,32.0,-0.0030632107251067353,-0.0017650185808415486,256.0,128.0,6400000.0
1.0,8.0,4.0,1.0,1.0,1.0,63.0,32.0,-0.0030632107251067353,-0.0017650185808415486,128.0,16384.0,6400000.0
1.0,8.0,4.0,1.0,1.0,1.0,63.0,32.0,-0.0030632107251067353,-0.0017650185808415486,512.0,1024.0,6400000.0
1.0,1.0,2.0,3.0,5.0,3.0,158.0,352.0,0.048146068319603885,0.051476191507202285,2.0,8.0,6400000.0
8.0,8.0,4.0,3.0,61.0,45.0,1977.0,6176.0,0.24788551441063278,0.2568811078572928,8.0,4.0,6400000.0
1.0,8.0,4.0,1.0,1.0,1.0,63.0,32.0,-0.0030632107251067353,-0.0017650185808415486,128.0,16.0,6400000.0
1.0,8.0,4.0,1.0,1.0,1.0,63.0,32.0,-0.0030632107251067353,-0.0017650185808415486,512.0,1.0,6400000.0
1.0,8.0,4.0,1.0,1.0,1.0,63.0,32.0,-0.0030632107251067353,-0.0017650185808415486,1024.0,8192.0,6400000.0
1.0,8.0,4.0,1.0,1.0,1.0,63.0,32.0,-0.0030632107251067353,-0.0017650185808415486,256.0,0.125,6400000.0
1.0,8.0,4.0,1.0,1.0,1.0,63.0,32.0,-0.0030632107251067353,-0.0017650185808415486,1024.0,0.0078125,6400000.0
1.0,8.0,4.0,1.0,1.0,1.0,63.0,32.0,-0.0030632107251067353,-0.0017650185808415486,4096.0,0.0,6400000.0
1.0,8.0,4.0,1.0,1.0,1.0,63.0,32.0,-0.0030632107251067353,-0.0017650185808415486,512.0,0.000976562,6400000.0
1.0,1.0,2.0,3.0,7.0,4.0,223.0,512.0,0.049777517915640224,0.05405121197129903,4.0,0.0625,6400000.0
1.0,8.0,4.0,1.0,1.0,1.0,63.0,32.0,-0.0030632107251067353,-0.0017650185808415486,8192.0,0.00390625,6400000.0
1.0,8.0,4.0,1.0,1.0,1.0,63.0,32.0,-0.0030632107251067353,-0.0017650185808415486,4096.0,512.0,6400000.0
1.0,8.0,4.0,1.0,1.0,1.0,63.0,32.0,-0.0030632107251067353,-0.0017650185808415486,4096.0,0.5,6400000.0
1.0,8.0,4.0,1.0,1.0,1.0,63.0,32.0,-0.0030632107251067353,-0.0017650185808415486,8192.0,4096.0,6400000.0
1.0,8.0,4.0,1.0,1.0,1.0,63.0,32.0,-0.0030632107251067353,-0.0017650185808415486,1024.0,8.0,6400000.0
1.0,8.0,4.0,1.0,1.0,1.0,63.0,32.0,-0.0030632107251067353,-0.0017650185808415486,2048.0,0.0625,6400000.0
1.0,8.0,4.0,1.0,1.0,1.0,63.0,32.0,-0.0030632107251067353,-0.0017650185808415486,2048.0,64.0,6400000.0
1.0,8.0,4.0,1.0,1.0,1.0,63.0,32.0,-0.0030632107251067353,-0.0017650185808415486,16384.0,32.0,6400000.0
1.0,8.0,4.0,1.0,1.0,1.0,63.0,32.0,-0.0030632107251067353,-0.0017650185808415486,8192.0,4.0,6400000.0
1.0,1.0,2.0,2.0,3.0,2.0,112.0,192.0,0.03911015413878083,0.040912063041146696,4.0,64.0,6400000.0
1.0,8.0,4.0,1.0,1.0,1.0,63.0,32.0,-0.0030632107251067353,-0.0017650185808415486,16384.0,32768.0,6400000.0
1.0,8.0,8.0,1.0,1.0,1.0,543.0,32.0,-0.0030632107251067353,-0.0017650185808415486,0.00195312,128.0,6400000.0
8.0,8.0,8.0,3.0,28.0,20.0,2357.0,2176.0,0.21183510327283472,0.21733614376884747,0.000976562,16.0,6400000.0
8.0,8.0,8.0,9.0,421.0,248.0,14606.0,38656.0,0.36866990438245195,0.37750502353187376,0.00390625,0.000976562,6400000.0
8.0,8.0,8.0,9.0,421.0,248.0,14606.0,38656.0,0.36866990438245195,0.37750502353187376,0.0,0.00195312,6400000.0
1.0,1.0,1.0,2.0,3.0,2.0,108.0,192.0,0.03911015413878083,0.040912063041146696,0.0078125,0.25,6400000.0
1.0,8.0,8.0,1.0,1.0,1.0,543.0,32.0,-0.0030632107251067353,-0.0017650185808415486,0.0,2048.0,6400000.0
8.0,8.0,8.0,8.0,192.0,139.0,8677.0,21216.0,0.3130343138630043,0.3288383077563699,0.0,2.0,6400000.0
8.0,8.0,8.0,9.0,419.0,248.0,14447.0,38656.0,0.37181573628059716,0.38733238925229896,0.00195312,0.125,6400000.0
1.0,8.0,4.0,1.0,1.0,1.0,63.0,32.0,-0.0030632107251067353,-0.0017650185808415486,1.0,16384.0,6400000.0
8.0,8.0,8.0,9.0,429.0,248.0,14715.0,38656.0,0.3735071874457172,0.37993431070029793,0.000976562,0.015625,6400000.0
8.0,8.0,4.0,8.0,221.0,128.0,6348.0,19456.0,0.3107702259966184,0.3228183216470688,1.0,0.015625,6400000.0
1.0,8.0,8.0,1.0,1.0,1.0,543.0,32.0,-0.0030632107251067353,-0.0017650185808415486,0.000976562,16384.0,6400000.0
1.0,1.0,2.0,3.0,7.0,4.0,223.0,512.0,0.049777517915640224,0.05405121197129903,8.0,0.0,6400000.0
1.0,8.0,4.0,1.0,1.0,1.0,63.0,32.0,-0.0030632107251067353,-0.0017650185808415486,16384.0,0.03125,6400000.0
1.0,8.0,4.0,1.0,1.0,1.0,63.0,32.0,-0.0030632107251067353,-0.0017650185808415486,32768.0,256.0,6400000.0
8.0,8.0,8.0,9.0,351.0,248.0,13399.0,38656.0,0.35715925079902866,0.36457706352822405,0.00390625,1.0,6400000.0
1.0,8.0,4.0,1.0,1.0,1.0,63.0,32.0,-0.0030632107251067353,-0.0017650185808415486,32768.0,0.25,6400000.0
8.0,8.0,4.0,3.0,28.0,20.0,917.0,2176.0,0.21183510327283472,0.21733614376884747,1.0,16.0,6400000.0
8.0,8.0,4.0,3.0,183.0,128.0,5831.0,19456.0,0.27017813937557356,0.27900907868218605,8.0,0.0078125,6400000.0
8.0,8.0,4.0,3.0,165.0,121.0,5263.0,18336.0,0.2469097714612306,0.2549405547749314,16.0,0.0625,6400000.0
1.0,8.0,4.0,1.0,1.0,1.0,63.0,32.0,-0.0030632107251067353,-0.0017650185808415486,32.0,512.0,6400000.0
1.0,8.0,4.0,1.0,1.0,1.0,63.0,32.0,-0.0030632107251067353,-0.0017650185808415486,64.0,4096.0,6400000.0
1.0,8.0,4.0,1.0,1.0,1.0,63.0,32.0,-0.0030632107251067353,-0.0017650185808415486,8.0,8192.0,6400000.0
1.0,8.0,4.0,1.0,1.0,1.0,63.0,32.0,-0.0030632107251067353,-0.0017650185808415486,4.0,1024.0,6400000.0
8.0,8.0,4.0,3.0,114.0,83.0,3572.0,12256.0,0.2635219126272944,0.2742245146230181,4.0,1.0,6400000.0
1.0,8.0,4.0,1.0,1.0,1.0,63.0,32.0,-0.0030632107251067353,-0.0017650185808415486,128.0,0.03125,6400000.0
1.0,8.0,4.0,1.0,1.0,1.0,63.0,32.0,-0.0030632107251067353,-0.0017650185808415486,2.0,128.0,6400000.0
8.0,8.0,4.0,2.0,168.0,128.0,5616.0,19456.0,0.21165532247727004,0.21999849381953662,32.0,0.0,6400000.0
8.0,8.0,4.0,2.0,168.0,128.0,5616.0,19456.0,0.21165532247727004,0.21999849381953662,64.0,0.00390625,6400000.0
8.0,8.0,4.0,2.0,73.0,58.0,2503.0,8256.0,0.21262410220619643,0.21960346509557427,32.0,0.5,6400000.0
1.0,8.0,4.0,1.0,1.0,1.0,63.0,32.0,-0.0030632107251067353,-0.0017650185808415486,256.0,256.0,6400000.0
8.0,8.0,4.0,7.0,207.0,128.0,6102.0,19456.0,0.30655135632741903,0.32409429165482806,2.0,0.125,6400000.0
8.0,8.0,4.0,2.0,43.0,31.0,1388.0,3936.0,0.21024885148684092,0.2144504682257211,64.0,4.0,6400000.0
1.0,1.0,2.0,1.0,1.0,1.0,39.0,32.0,-0.0030632107251067353,-0.0017650185808415486,2.0,16384.0,6400000.0
1.0,8.0,4.0,1.0,1.0,1.0,63.0,32.0,-0.0030632107251067353,-0.0017650185808415486,512.0,2048.0,6400000.0
8.0,8.0,4.0,5.0,189.0,128.0,5919.0,19456.0,0.2774447240218142,0.2874211098452112,4.0,0.000976562,6400000.0
3.0,8.0,4.0,2.0,9.0,6.0,335.0,576.0,0.10115259004895938,0.10346957106453547,16.0,64.0,6400000.0
1.0,1.0,2.0,3.0,5.0,3.0,158.0,352.0,0.048146068319603885,0.051476191507202285,2.0,16.0,6400000.0
1.0,8.0,4.0,1.0,1.0,1.0,63.0,32.0,-0.0030632107251067353,-0.0017650185808415486,128.0,32.0,6400000.0
1.0,8.0,4.0,1.0,1.0,1.0,63.0,32.0,-0.0030632107251067353,-0.0017650185808415486,512.0,2.0,6400000.0
1.0,8.0,4.0,1.0,1.0,1.0,63.0,32.0,-0.0030632107251067353,-0.0017650185808415486,128.0,32768.0,6400000.0
8.0,8.0,4.0,3.0,42.0,28.0,1287.0,3456.0,0.23449431988645453,0.2406930752249571,8.0,8.0,6400000.0
1.0,8.0,4.0,1.0,1.0,1.0,63.0,32.0,-0.0030632107251067353,-0.0017650185808415486,8192.0,0.0078125,6400000.0
1.0,8.0,4.0,1.0,1.0,1.0,63.0,32.0,-0.0030632107251067353,-0.0017650185808415486,256.0,0.25,6400000.0
1.0,8.0,4.0,1.0,1.0,1.0,63.0,32.0,-0.0030632107251067353,-0.0017650185808415486,512.0,0.00195312,6400000.0
1.0,8.0,4.0,1.0,1.0,1.0,63.0,32.0,-0.0030632107251067353,-0.0017650185808415486,4096.0,0.000976562,6400000.0
1.0,8.0,4.0,1.0,1.0,1.0,63.0,32.0,-0.0030632107251067353,-0.0017650185808415486,1024.0,16384.0,6400000.0
1.0,1.0,2.0,3.0,7.0,4.0,223.0,512.0,0.049777517915640224,0.05405121197129903,4.0,0.125,6400000.0
1.0,8.0,4.0,1.0,1.0,1.0,63.0,32.0,-0.0030632107251067353,-0.0017650185808415486,1024.0,0.015625,6400000.0
1.0,8.0,4.0,1.0,1.0,1.0,63.0,32.0,-0.0030632107251067353,-0.0017650185808415486,4096.0,1.0,6400000.0
1.0,8.0,4.0,1.0,1.0,1.0,63.0,32.0,-0.0030632107251067353,-0.0017650185808415486,1024.0,16.0,6400000.0
1.0,8.0,4.0,1.0,1.0,1.0,63.0,32.0,-0.0030632107251067353,-0.0017650185808415486,8192.0,8192.0,6400000.0
1.0,8.0,4.0,1.0,1.0,1.0,63.0,32.0,-0.0030632107251067353,-0.0017650185808415486,4096.0,1024.0,6400000.0
1.0,8.0,4.0,1.0,1.0,1.0,63.0,32.0,-0.0030632107251067353,-0.0017650185808415486,2048.0,128.0,6400000.0
1.0,8.0,4.0,1.0,1.0,1.0,63.0,32.0,-0.0030632107251067353,-0.0017650185808415486,2048.0,0.125,6400000.0
1.0,8.0,4.0,1.0,1.0,1.0,63.0,32.0,-0.0030632107251067353,-0.0017650185808415486,8192.0,8.0,6400000.0
1.0,8.0,4.0,1.0,1.0,1.0,63.0,32.0,-0.0030632107251067353,-0.0017650185808415486,16384.0,64.0,6400000.0
1.0,8.0,8.0,1.0,1.0,1.0,543.0,32.0,-0.0030632107251067353,-0.0017650185808415486,0.00195312,256.0,6400000.0
1.0,1.0,2.0,1.0,1.0,1.0,39.0,32.0,-0.0030632107251067353,-0.0017650185808415486,4.0,128.0,6400000.0
1.0,8.0,4.0,1.0,1.0,1.0,63.0,32.0,-0.0030632107251067353,-0.0017650185808415486,32768.0,0.0,6400000.0
8.0,8.0,8.0,9.0,421.0,248.0,14606.0,38656.0,0.36866990438245195,0.37750502353187376,0.0,0.00390625,6400000.0
8.0,8.0,8.0,2.0,22.0,16.0,1924.0,1536.0,0.184803559555608,0.19082719424152972,0.000976562,32.0,6400000.0
8.0,8.0,8.0,9.0,421.0,248.0,14606.0,38656.0,0.36866990438245195,0.37750502353187376,0.00390625,0.00195312,6400000.0
8.0,8.0,8.0,7.0,75.0,53.0,4604.0,7456.0,0.2675944956115819,0.2746369156647245,0.0,4.0,6400000.0
1.0,1.0,1.0,2.0,3.0,2.0,108.0,192.0,0.03911015413878083,0.040912063041146696,0.0078125,0.5,6400000.0
1.0,8.0,8.0,1.0,1.0,1.0,543.0,32.0,-0.0030632107251067353,-0.0017650185808415486,0.0,4096.0,6400000.0
1.0,8.0,4.0,1.0,1.0,1.0,63.0,32.0,-0.0030632107251067353,-0.0017650185808415486,1.0,32768.0,6400000.0
1.0,8.0,8.0,1.0,1.0,1.0,543.0,32.0,-0.0030632107251067353,-0.0017650185808415486,0.000976562,32768.0,6400000.0
8.0,8.0,8.0,9.0,411.0,248.0,14465.0,38656.0,0.37021873697023033,0.38173489556689677,0.00195312,0.25,6400000.0
1.0,1.0,2.0,3.0,7.0,4.0,223.0,512.0,0.049777517915640224,0.05405121197129903,8.0,0.000976562,6400000.0
8.0,8.0,8.0,8.0,192.0,139.0,8677.0,21216.0,0.3130343138630043,0.3288383077563699,0.00390625,2.0,6400000.0
8.0,8.0,4.0,8.0,218.0,128.0,6275.0,19456.0,0.3100303723295398,0.3241814966983787,1.0,0.03125,6400000.0
8.0,8.0,8.0,9.0,429.0,248.0,14715.0,38656.0,0.3735071874457172,0.37993431070029793,0.000976562,0.03125,6400000.0
1.0,8.0,4.0,1.0,1.0,1.0,63.0,32.0,-0.0030632107251067353,-0.0017650185808415486,32768.0,512.0,6400000.0
1.0,8.0,4.0,1.0,1.0,1.0,63.0,32.0,-0.0030632107251067353,-0.0017650185808415486,16384.0,0.0625,6400000.0
1.0,8.0,4.0,1.0,1.0,1.0,63.0,32.0,-0.0030632107251067353,-0.0017650185808415486,32768.0,0.5,6400000.0
8.0,8.0,4.0,2.0,22.0,16.0,724.0,1536.0,0.184803559555608,0.19082719424152972,1.0,32.0,6400000.0
8.0,8.0,4.0,3.0,183.0,128.0,5831.0,19456.0,0.27017813937557356,0.27900907868218605,8.0,0.015625,6400000.0
1.0,8.0,4.0,1.0,1.0,1.0,63.0,32.0,-0.0030632107251067353,-0.0017650185808415486,32.0,1024.0,6400000.0
8.0,8.0,4.0,3.0,151.0,107.0,4713.0,16096.0,0.24730628154795842,0.2549791096842058,16.0,0.125,6400000.0
1.0,8.0,4.0,1.0,1.0,1.0,63.0,32.0,-0.0030632107251067353,-0.0017650185808415486,8.0,16384.0,6400000.0
1.0,8.0,4.0,1.0,1.0,1.0,63.0,32.0,-0.0030632107251067353,-0.0017650185808415486,64.0,8192.0,6400000.0
8.0,8.0,4.0,7.0,203.0,128.0,6066.0,19456.0,0.3047695935702376,0.32933104788084555,2.0,0.25,6400000.0
1.0,8.0,4.0,1.0,1.0,1.0,63.0,32.0,-0.0030632107251067353,-0.0017650185808415486,512.0,4096.0,6400000.0
1.0,8.0,4.0,1.0,1.0,1.0,63.0,32.0,-0.0030632107251067353,-0.0017650185808415486,4.0,2048.0,6400000.0
1.0,8.0,4.0,1.0,1.0,1.0,63.0,32.0,-0.0030632107251067353,-0.0017650185808415486,2.0,256.0,6400000.0
1.0,8.0,4.0,1.0,1.0,1.0,63.0,32.0,-0.0030632107251067353,-0.0017650185808415486,128.0,0.0625,6400000.0
8.0,8.0,4.0,3.0,84.0,62.0,2620.0,8896.0,0.25677524428629483,0.26946822307961227,4.0,2.0,6400000.0
8.0,8.0,4.0,2.0,168.0,128.0,5616.0,19456.0,0.21165532247727004,0.21999849381953662,64.0,0.0078125,6400000.0
8.0,8.0,4.0,2.0,59.0,44.0,1968.0,6016.0,0.2110271433419192,0.21917990750148497,32.0,1.0,6400000.0
8.0,8.0,4.0,2.0,168.0,128.0,5616.0,19456.0,0.21165532247727004,0.21999849381953662,32.0,0.000976562,6400000.0
1.0,1.0,2.0,1.0,1.0,1.0,39.0,32.0,-0.0030632107251067353,-0.0017650185808415486,2.0,32768.0,6400000.0
8.0,8.0,4.0,5.0,189.0,128.0,5919.0,19456.0,0.2774447240218142,0.2874211098452112,4.0,0.00195312,6400000.0
8.0,8.0,4.0,2.0,29.0,20.0,927.0,2176.0,0.19779588450891128,0.2016374874754887,64.0,8.0,6400000.0
1.0,8.0,4.0,1.0,1.0,1.0,63.0,32.0,-0.0030632107251067353,-0.0017650185808415486,256.0,512.0,6400000.0
1.0,1.0,2.0,2.0,3.0,2.0,112.0,192.0,0.03911015413878083,0.040912063041146696,2.0,32.0,6400000.0
1.0,8.0,4.0,1.0,1.0,1.0,63.0,32.0,-0.0030632107251067353,-0.0017650185808415486,16.0,128.0,6400000.0
1.0,8.0,4.0,1.0,1.0,1.0,63.0,32.0,-0.0030632107251067353,-0.0017650185808415486,4096.0,0.00195312,6400000.0
1.0,8.0,4.0,1.0,1.0,1.0,63.0,32.0,-0.0030632107251067353,-0.0017650185808415486,1024.0,32768.0,6400000.0
1.0,8.0,4.0,1.0,1.0,1.0,63.0,32.0,-0.0030632107251067353,-0.0017650185808415486,128.0,64.0,6400000.0
1.0,8.0,4.0,1.0,1.0,1.0,63.0,32.0,-0.0030632107251067353,-0.0017650185808415486,256.0,0.0,6400000.0
1.0,8.0,4.0,1.0,1.0,1.0,63.0,32.0,-0.0030632107251067353,-0.0017650185808415486,512.0,0.00390625,6400000.0
1.0,8.0,4.0,1.0,1.0,1.0,63.0,32.0,-0.0030632107251067353,-0.0017650185808415486,8192.0,0.015625,6400000.0
1.0,1.0,2.0,3.0,7.0,4.0,223.0,512.0,0.049777517915640224,0.05405121197129903,4.0,0.25,6400000.0
8.0,8.0,4.0,2.0,22.0,16.0,724.0,1536.0,0.184803559555608,0.19082719424152972,8.0,16.0,6400000.0
1.0,8.0,4.0,1.0,1.0,1.0,63.0,32.0,-0.0030632107251067353,-0.0017650185808415486,512.0,4.0,6400000.0
1.0,8.0,4.0,1.0,1.0,1.0,63.0,32.0,-0.0030632107251067353,-0.0017650185808415486,256.0,0.5,6400000.0
1.0,8.0,4.0,1.0,1.0,1.0,63.0,32.0,-0.0030632107251067353,-0.0017650185808415486,1024.0,0.03125,6400000.0
1.0,8.0,4.0,1.0,1.0,1.0,63.0,32.0,-0.0030632107251067353,-0.0017650185808415486,4096.0,2.0,6400000.0
1.0,8.0,4.0,1.0,1.0,1.0,63.0,32.0,-0.0030632107251067353,-0.0017650185808415486,8192.0,16384.0,6400000.0
1.0,8.0,4.0,1.0,1.0,1.0,63.0,32.0,-0.0030632107251067353,-0.0017650185808415486,1024.0,32.0,6400000.0
1.0,8.0,4.0,1.0,1.0,1.0,63.0,32.0,-0.0030632107251067353,-0.0017650185808415486,16384.0,128.0,6400000.0
1.0,8.0,4.0,1.0,1.0,1.0,63.0,32.0,-0.0030632107251067353,-0.0017650185808415486,2048.0,0.25,6400000.0
1.0,8.0,4.0,1.0,1.0,1.0,63.0,32.0,-0.0030632107251067353,-0.0017650185808415486,2048.0,256.0,6400000.0
1.0,8.0,4.0,1.0,1.0,1.0,63.0,32.0,-0.0030632107251067353,-0.0017650185808415486,8192.0,16.0,6400000.0
1.0,8.0,4.0,1.0,1.0,1.0,63.0,32.0,-0.0030632107251067353,-0.0017650185808415486,4096.0,2048.0,6400000.0
1.0,8.0,8.0,1.0,1.0,1.0,543.0,32.0,-0.0030632107251067353,-0.0017650185808415486,0.00195312,512.0,6400000.0
1.0,8.0,8.0,1.0,1.0,1.0,543.0,32.0,-0.0030632107251067353,-0.0017650185808415486,0.0,8192.0,6400000.0
8.0,8.0,8.0,9.0,421.0,248.0,14606.0,38656.0,0.36866990438245195,0.37750502353187376,0.0,0.0078125,6400000.0
1.0,1.0,2.0,1.0,1.0,1.0,39.0,32.0,-0.0030632107251067353,-0.0017650185808415486,4.0,256.0,6400000.0
3.0,8.0,8.0,2.0,9.0,6.0,1295.0,576.0,0.10115259004895938,0.10346957106453547,0.000976562,64.0,6400000.0
8.0,8.0,8.0,9.0,421.0,248.0,14606.0,38656.0,0.36866990438245195,0.37750502353187376,0.00390625,0.00390625,6400000.0
1.0,1.0,1.0,2.0,3.0,2.0,108.0,192.0,0.03911015413878083,0.040912063041146696,0.0078125,1.0,6400000.0
8.0,8.0,8.0,3.0,42.0,28.0,2727.0,3456.0,0.23449431988645453,0.2406930752249571,0.0,8.0,6400000.0
1.0,8.0,4.0,1.0,1.0,1.0,63.0,32.0,-0.0030632107251067353,-0.0017650185808415486,32768.0,0.000976562,6400000.0
8.0,8.0,8.0,9.0,421.0,248.0,14606.0,38656.0,0.36866990438245195,0.37750502353187376,0.00195312,0.0,6400000.0
1.0,1.0,2.0,3.0,7.0,4.0,223.0,512.0,0.049777517915640224,0.05405121197129903,8.0,0.00195312,6400000.0
8.0,8.0,8.0,9.0,422.0,248.0,14491.0,38656.0,0.37261399705014,0.38587516070693384,0.000976562,0.0625,6400000.0
8.0,8.0,8.0,7.0,75.0,53.0,4604.0,7456.0,0.2675944956115819,0.2746369156647245,0.00390625,4.0,6400000.0
8.0,8.0,8.0,3.0,42.0,28.0,2727.0,3456.0,0.23449431988645453,0.2406930752249571,0.00390625,8.0,6400000.0
8.0,8.0,8.0,9.0,389.0,248.0,14156.0,38656.0,0.36781092806600735,0.3762924051159724,0.00195312,0.5,6400000.0
1.0,8.0,4.0,1.0,1.0,1.0,63.0,32.0,-0.0030632107251067353,-0.0017650185808415486,32768.0,1.0,6400000.0
1.0,8.0,4.0,1.0,1.0,1.0,63.0,32.0,-0.0030632107251067353,-0.0017650185808415486,32768.0,1024.0,6400000.0
1.0,8.0,4.0,1.0,1.0,1.0,63.0,32.0,-0.0030632107251067353,-0.0017650185808415486,16384.0,0.125,6400000.0
1.0,8.0,8.0,1.0,1.0,1.0,543.0,32.0,-0.0030632107251067353,-0.0017650185808415486,0.00390625,8192.0,6400000.0
8.0,8.0,8.0,9.0,422.0,248.0,14491.0,38656.0,0.37261399705014,0.38587516070693384,0.0078125,0.0625,6400000.0
3.0,8.0,8.0,2.0,9.0,6.0,1295.0,576.0,0.10115259004895938,0.10346957106453547,0.0078125,64.0,6400000.0
8.0,8.0,8.0,9.0,421.0,248.0,14606.0,38656.0,0.36866990438245195,0.37750502353187376,0.015625,0.0,6400000.0
8.0,8.0,8.0,9.0,389.0,248.0,14156.0,38656.0,0.36781092806600735,0.3762924051159724,0.015625,0.5,6400000.0
1.0,1.0,2.0,3.0,7.0,4.0,223.0,512.0,0.049777517915640224,0.05405121197129903,8.0,0.00390625,6400000.0
1.0,8.0,8.0,1.0,1.0,1.0,543.0,32.0,-0.0030632107251067353,-0.0017650185808415486,0.015625,512.0,6400000.0
8.0,8.0,8.0,7.0,75.0,53.0,4604.0,7456.0,0.2675944956115819,0.2746369156647245,0.03125,4.0,6400000.0
8.0,8.0,8.0,9.0,429.0,248.0,14715.0,38656.0,0.3735071874457172,0.37993431070029793,0.0625,0.03125,6400000.0
8.0,8.0,8.0,9.0,406.0,248.0,14449.0,38656.0,0.3762381441009258,0.3846316724609079,0.125,0.25,6400000.0
8.0,8.0,8.0,9.0,421.0,248.0,14606.0,38656.0,0.36866990438245195,0.37750502353187376,0.03125,0.00390625,6400000.0
1.0,8.0,8.0,1.0,1.0,1.0,543.0,32.0,-0.0030632107251067353,-0.0017650185808415486,0.125,256.0,6400000.0
1.0,8.0,8.0,1.0,1.0,1.0,543.0,32.0,-0.0030632107251067353,-0.0017650185808415486,0.03125,4096.0,6400000.0
8.0,8.0,8.0,2.0,22.0,16.0,1924.0,1536.0,0.184803559555608,0.19082719424152972,0.0625,32.0,6400000.0
1.0,8.0,8.0,1.0,1.0,1.0,543.0,32.0,-0.0030632107251067353,-0.0017650185808415486,0.0625,32768.0,6400000.0
8.0,8.0,8.0,9.0,422.0,248.0,14551.0,38656.0,0.37350850623391074,0.38051752109342096,0.25,0.00195312,6400000.0
8.0,8.0,8.0,8.0,179.0,126.0,7830.0,19136.0,0.3136937249380616,0.32166829633332494,0.25,2.0,6400000.0
1.0,8.0,8.0,1.0,1.0,1.0,543.0,32.0,-0.0030632107251067353,-0.0017650185808415486,0.25,2048.0,6400000.0
8.0,8.0,8.0,9.0,438.0,248.0,14858.0,38656.0,0.37396850290019934,0.3847690511423928,0.5,0.015625,6400000.0
1.0,1.0,2.0,3.0,7.0,4.0,223.0,512.0,0.049777517915640224,0.05405121197129903,8.0,4.0,6400000.0
8.0,8.0,8.0,3.0,28.0,20.0,2357.0,2176.0,0.21183510327283472,0.21733614376884747,0.5,16.0,6400000.0
1.0,8.0,8.0,1.0,1.0,1.0,543.0,32.0,-0.0030632107251067353,-0.0017650185808415486,2.0,1024.0,6400000.0
1.0,8.0,8.0,1.0,1.0,1.0,543.0,32.0,-0.0030632107251067353,-0.0017650185808415486,0.5,16384.0,6400000.0
8.0,8.0,8.0,9.0,423.0,248.0,14601.0,38656.0,0.37424760444069227,0.3831338159458584,1.0,0.125,6400000.0
8.0,8.0,8.0,7.0,228.0,151.0,9339.0,23136.0,0.323497141449571,0.32973108825471875,2.0,1.0,6400000.0
1.0,8.0,8.0,1.0,1.0,1.0,543.0,32.0,-0.0030632107251067353,-0.0017650185808415486,4.0,8192.0,6400000.0
8.0,8.0,8.0,3.0,345.0,248.0,13042.0,38656.0,0.2761476714540314,0.28193787483191124,8.0,0.0625,6400000.0
1.0,8.0,8.0,1.0,1.0,1.0,543.0,32.0,-0.0030632107251067353,-0.0017650185808415486,1.0,128.0,6400000.0
1.0,1.0,2.0,1.0,1.0,1.0,39.0,32.0,-0.0030632107251067353,-0.0017650185808415486,8.0,4096.0,6400000.0
8.0,8.0,8.0,7.0,422.0,248.0,14751.0,38656.0,0.37711515868796197,0.38461188314552097,2.0,0.000976562,6400000.0
8.0,8.0,8.0,3.0,358.0,248.0,13427.0,38656.0,0.2752644002381689,0.28264679497657474,4.0,0.0078125,6400000.0
8.0,8.0,8.0,3.0,42.0,28.0,2727.0,3456.0,0.23449431988645453,0.2406930752249571,4.0,8.0,6400000.0
3.0,8.0,8.0,2.0,9.0,6.0,1295.0,576.0,0.10115259004895938,0.10346957106453547,8.0,64.0,6400000.0
8.0,8.0,8.0,3.0,130.0,96.0,5998.0,14336.0,0.25611541380545244,0.26357735831258566,16.0,0.5,6400000.0
8.0,8.0,8.0,3.0,352.0,248.0,13451.0,38656.0,0.2452506529399816,0.253353915708033,16.0,0.0,6400000.0
8.0,8.0,8.0,2.0,324.0,248.0,12970.0,38656.0,0.2106465496789286,0.21690076103845235,32.0,0.00390625,6400000.0
1.0,8.0,8.0,1.0,1.0,1.0,543.0,32.0,-0.0030632107251067353,-0.0017650185808415486,16.0,512.0,6400000.0
1.0,8.0,8.0,1.0,1.0,1.0,543.0,32.0,-0.0030632107251067353,-0.0017650185808415486,32.0,4096.0,6400000.0
1.0,1.0,2.0,2.0,7.0,4.0,219.0,512.0,0.04649236193195383,0.049028621040196785,16.0,0.03125,6400000.0
8.0,8.0,8.0,2.0,43.0,31.0,2828.0,3936.0,0.21024885148684092,0.2144504682257211,32.0,4.0,6400000.0
8.0,8.0,8.0,2.0,314.0,248.0,12774.0,38656.0,0.2101920297455131,0.2170108923517493,64.0,0.03125,6400000.0
8.0,8.0,8.0,3.0,28.0,20.0,2357.0,2176.0,0.21183510327283472,0.21733614376884747,0.00390625,16.0,6400000.0
8.0,8.0,8.0,2.0,22.0,16.0,1924.0,1536.0,0.184803559555608,0.19082719424152972,64.0,32.0,6400000.0
1.0,8.0,8.0,1.0,1.0,1.0,543.0,32.0,-0.0030632107251067353,-0.0017650185808415486,64.0,32768.0,6400000.0
1.0,8.0,8.0,1.0,1.0,1.0,543.0,32.0,-0.0030632107251067353,-0.0017650185808415486,512.0,16.0,6400000.0
8.0,8.0,8.0,9.0,419.0,248.0,14447.0,38656.0,0.37181573628059716,0.38733238925229896,0.0078125,0.125,6400000.0
1.0,8.0,8.0,1.0,1.0,1.0,543.0,32.0,-0.0030632107251067353,-0.0017650185808415486,256.0,0.00195312,6400000.0
1.0,8.0,8.0,1.0,1.0,1.0,543.0,32.0,-0.0030632107251067353,-0.0017650185808415486,256.0,2.0,6400000.0
1.0,8.0,8.0,1.0,1.0,1.0,543.0,32.0,-0.0030632107251067353,-0.0017650185808415486,0.00390625,16384.0,6400000.0
1.0,8.0,8.0,1.0,1.0,1.0,543.0,32.0,-0.0030632107251067353,-0.0017650185808415486,128.0,256.0,6400000.0
1.0,8.0,8.0,1.0,1.0,1.0,543.0,32.0,-0.0030632107251067353,-0.0017650185808415486,128.0,0.25,6400000.0
1.0,8.0,8.0,1.0,1.0,1.0,543.0,32.0,-0.0030632107251067353,-0.0017650185808415486,512.0,0.015625,6400000.0
1.0,8.0,8.0,1.0,1.0,1.0,543.0,32.0,-0.0030632107251067353,-0.0017650185808415486,1024.0,0.125,6400000.0
1.0,1.0,2.0,2.0,3.0,2.0,112.0,192.0,0.03911015413878083,0.040912063041146696,16.0,32.0,6400000.0
1.0,8.0,8.0,1.0,1.0,1.0,543.0,32.0,-0.0030632107251067353,-0.0017650185808415486,256.0,2048.0,6400000.0
1.0,8.0,8.0,1.0,1.0,1.0,543.0,32.0,-0.0030632107251067353,-0.0017650185808415486,2048.0,0.000976562,6400000.0
1.0,8.0,8.0,1.0,1.0,1.0,543.0,32.0,-0.0030632107251067353,-0.0017650185808415486,512.0,16384.0,6400000.0
1.0,8.0,8.0,1.0,1.0,1.0,543.0,32.0,-0.0030632107251067353,-0.0017650185808415486,1024.0,128.0,6400000.0
1.0,8.0,8.0,1.0,1.0,1.0,543.0,32.0,-0.0030632107251067353,-0.0017650185808415486,4096.0,0.0078125,6400000.0
1.0,8.0,8.0,1.0,1.0,1.0,543.0,32.0,-0.0030632107251067353,-0.0017650185808415486,2048.0,1.0,6400000.0
1.0,8.0,8.0,1.0,1.0,1.0,543.0,32.0,-0.0030632107251067353,-0.0017650185808415486,2048.0,1024.0,6400000.0
1.0,8.0,8.0,1.0,1.0,1.0,543.0,32.0,-0.0030632107251067353,-0.0017650185808415486,0.0078125,128.0,6400000.0
8.0,8.0,8.0,9.0,421.0,248.0,14606.0,38656.0,0.36866990438245195,0.37750502353187376,0.015625,0.000976562,6400000.0
1.0,1.0,2.0,3.0,7.0,4.0,223.0,512.0,0.049777517915640224,0.05405121197129903,8.0,0.0078125,6400000.0
8.0,8.0,8.0,9.0,422.0,248.0,14491.0,38656.0,0.37261399705014,0.38587516070693384,0.0625,0.0625,6400000.0
1.0,8.0,8.0,1.0,1.0,1.0,543.0,32.0,-0.0030632107251067353,-0.0017650185808415486,0.015625,1024.0,6400000.0
3.0,8.0,8.0,2.0,9.0,6.0,1295.0,576.0,0.10115259004895938,0.10346957106453547,0.0625,64.0,6400000.0
8.0,8.0,8.0,3.0,42.0,28.0,2727.0,3456.0,0.23449431988645453,0.2406930752249571,0.03125,8.0,6400000.0
8.0,8.0,8.0,9.0,421.0,248.0,14606.0,38656.0,0.36866990438245195,0.37750502353187376,0.03125,0.0078125,6400000.0
8.0,8.0,8.0,9.0,351.0,248.0,13399.0,38656.0,0.35715925079902866,0.36457706352822405,0.015625,1.0,6400000.0
8.0,8.0,8.0,9.0,384.0,248.0,14045.0,38656.0,0.3615848330368375,0.3718002007799698,0.125,0.5,6400000.0
1.0,8.0,8.0,1.0,1.0,1.0,543.0,32.0,-0.0030632107251067353,-0.0017650185808415486,0.125,512.0,6400000.0
8.0,8.0,8.0,9.0,422.0,248.0,14551.0,38656.0,0.37350850623391074,0.38051752109342096,0.25,0.00390625,6400000.0
1.0,8.0,8.0,1.0,1.0,1.0,543.0,32.0,-0.0030632107251067353,-0.0017650185808415486,0.03125,8192.0,6400000.0
8.0,8.0,8.0,9.0,422.0,248.0,14551.0,38656.0,0.37350850623391074,0.38051752109342096,0.125,0.0,6400000.0
8.0,8.0,8.0,9.0,433.0,248.0,14687.0,38656.0,0.37317308912575664,0.3849740230156261,0.5,0.03125,6400000.0
8.0,8.0,8.0,2.0,22.0,16.0,1924.0,1536.0,0.184803559555608,0.19082719424152972,0.5,32.0,6400000.0
8.0,8.0,8.0,6.0,67.0,48.0,4327.0,6656.0,0.25460108304866935,0.2620372742838134,0.25,4.0,6400000.0
1.0,8.0,8.0,1.0,1.0,1.0,543.0,32.0,-0.0030632107251067353,-0.0017650185808415486,1.0,256.0,6400000.0
8.0,8.0,8.0,3.0,28.0,20.0,2357.0,2176.0,0.21183510327283472,0.21733614376884747,4.0,16.0,6400000.0
1.0,8.0,8.0,1.0,1.0,1.0,543.0,32.0,-0.0030632107251067353,-0.0017650185808415486,0.25,4096.0,6400000.0
1.0,8.0,8.0,1.0,1.0,1.0,543.0,32.0,-0.0030632107251067353,-0.0017650185808415486,0.5,32768.0,6400000.0
1.0,1.0,2.0,3.0,5.0,3.0,158.0,352.0,0.048146068319603885,0.051476191507202285,8.0,8.0,6400000.0
1.0,8.0,8.0,1.0,1.0,1.0,543.0,32.0,-0.0030632107251067353,-0.0017650185808415486,2.0,2048.0,6400000.0
8.0,8.0,8.0,3.0,351.0,248.0,13296.0,38656.0,0.27536874777385767,0.28197583707623153,4.0,0.015625,6400000.0
8.0,8.0,8.0,3.0,334.0,248.0,13031.0,38656.0,0.27440340629492366,0.2819337836625506,8.0,0.125,6400000.0
1.0,1.0,2.0,1.0,1.0,1.0,39.0,32.0,-0.0030632107251067353,-0.0017650185808415486,8.0,8192.0,6400000.0
1.0,8.0,8.0,1.0,1.0,1.0,543.0,32.0,-0.0030632107251067353,-0.0017650185808415486,4.0,16384.0,6400000.0
8.0,8.0,8.0,4.0,104.0,77.0,5376.0,11296.0,0.26017702013315425,0.27531816711711177,2.0,2.0,6400000.0
8.0,8.0,8.0,3.0,349.0,248.0,13473.0,38656.0,0.2451574345093963,0.2533507038641666,16.0,0.000976562,6400000.0
8.0,8.0,8.0,9.0,405.0,248.0,14437.0,38656.0,0.3748827269691142,0.38242998445922105,1.0,0.25,6400000.0
8.0,8.0,8.0,7.0,422.0,248.0,14751.0,38656.0,0.37711515868796197,0.38461188314552097,2.0,0.00195312,6400000.0
1.0,8.0,8.0,1.0,1.0,1.0,543.0,32.0,-0.0030632107251067353,-0.0017650185808415486,8.0,128.0,6400000.0
8.0,8.0,8.0,3.0,93.0,68.0,4913.0,9856.0,0.25243503786394206,0.26000423764199665,16.0,1.0,6400000.0
1.0,1.0,2.0,2.0,7.0,4.0,219.0,512.0,0.04649236193195383,0.049028621040196785,16.0,0.0625,6400000.0
1.0,8.0,8.0,1.0,1.0,1.0,543.0,32.0,-0.0030632107251067353,-0.0017650185808415486,16.0,1024.0,6400000.0
8.0,8.0,8.0,2.0,323.0,248.0,12969.0,38656.0,0.21062504852774322,0.21693808699102757,32.0,0.0078125,6400000.0
1.0,8.0,8.0,1.0,1.0,1.0,543.0,32.0,-0.0030632107251067353,-0.0017650185808415486,32.0,8192.0,6400000.0
8.0,8.0,8.0,2.0,29.0,20.0,2367.0,2176.0,0.19779588450891128,0.2016374874754887,32.0,8.0,6400000.0
8.0,8.0,8.0,2.0,312.0,248.0,12594.0,38656.0,0.210255218589793,0.21606118771886396,64.0,0.0625,6400000.0
1.0,8.0,8.0,1.0,1.0,1.0,543.0,32.0,-0.0030632107251067353,-0.0017650185808415486,128.0,0.0,6400000.0
1.0,8.0,8.0,1.0,1.0,1.0,543.0,32.0,-0.0030632107251067353,-0.0017650185808415486,512.0,32.0,6400000.0
1.0,8.0,8.0,1.0,1.0,1.0,543.0,32.0,-0.0030632107251067353,-0.0017650185808415486,128.0,512.0,6400000.0
8.0,8.0,8.0,2.0,22.0,16.0,1924.0,1536.0,0.184803559555608,0.19082719424152972,0.00390625,32.0,6400000.0
8.0,8.0,8.0,9.0,411.0,248.0,14465.0,38656.0,0.37021873697023033,0.38173489556689677,0.0078125,0.25,6400000.0
1.0,8.0,8.0,1.0,1.0,1.0,543.0,32.0,-0.0030632107251067353,-0.0017650185808415486,256.0,0.00390625,6400000.0
1.0,8.0,8.0,1.0,1.0,1.0,543.0,32.0,-0.0030632107251067353,-0.0017650185808415486,64.0,64.0,6400000.0
1.0,8.0,8.0,1.0,1.0,1.0,543.0,32.0,-0.0030632107251067353,-0.0017650185808415486,256.0,4096.0,6400000.0
1.0,8.0,8.0,1.0,1.0,1.0,543.0,32.0,-0.0030632107251067353,-0.0017650185808415486,128.0,0.5,6400000.0
1.0,8.0,8.0,1.0,1.0,1.0,543.0,32.0,-0.0030632107251067353,-0.0017650185808415486,1024.0,0.25,6400000.0
1.0,8.0,8.0,1.0,1.0,1.0,543.0,32.0,-0.0030632107251067353,-0.0017650185808415486,512.0,0.03125,6400000.0
1.0,8.0,8.0,1.0,1.0,1.0,543.0,32.0,-0.0030632107251067353,-0.0017650185808415486,256.0,4.0,6400000.0
1.0,8.0,8.0,1.0,1.0,1.0,543.0,32.0,-0.0030632107251067353,-0.0017650185808415486,0.00390625,32768.0,6400000.0
1.0,8.0,8.0,1.0,1.0,1.0,543.0,32.0,-0.0030632107251067353,-0.0017650185808415486,2048.0,2048.0,6400000.0
1.0,8.0,8.0,1.0,1.0,1.0,543.0,32.0,-0.0030632107251067353,-0.0017650185808415486,2048.0,0.00195312,6400000.0
1.0,8.0,8.0,1.0,1.0,1.0,543.0,32.0,-0.0030632107251067353,-0.0017650185808415486,2048.0,2.0,6400000.0
1.0,8.0,8.0,1.0,1.0,1.0,543.0,32.0,-0.0030632107251067353,-0.0017650185808415486,4096.0,0.015625,6400000.0
1.0,8.0,8.0,1.0,1.0,1.0,543.0,32.0,-0.0030632107251067353,-0.0017650185808415486,512.0,32768.0,6400000.0
1.0,8.0,8.0,1.0,1.0,1.0,543.0,32.0,-0.0030632107251067353,-0.0017650185808415486,1024.0,256.0,6400000.0
1.0,8.0,8.0,1.0,1.0,1.0,543.0,32.0,-0.0030632107251067353,-0.0017650185808415486,0.0078125,256.0,6400000.0
1.0,1.0,2.0,2.0,3.0,2.0,112.0,192.0,0.03911015413878083,0.040912063041146696,16.0,64.0,6400000.0
8.0,8.0,8.0,9.0,421.0,248.0,14606.0,38656.0,0.36866990438245195,0.37750502353187376,0.015625,0.00195312,6400000.0
1.0,1.0,2.0,3.0,7.0,4.0,223.0,512.0,0.049777517915640224,0.05405121197129903,8.0,0.015625,6400000.0
1.0,8.0,8.0,1.0,1.0,1.0,543.0,32.0,-0.0030632107251067353,-0.0017650185808415486,0.015625,2048.0,6400000.0
8.0,8.0,8.0,9.0,419.0,248.0,14447.0,38656.0,0.37181573628059716,0.38733238925229896,0.0625,0.125,6400000.0
1.0,8.0,8.0,1.0,1.0,1.0,543.0,32.0,-0.0030632107251067353,-0.0017650185808415486,0.125,1024.0,6400000.0
8.0,8.0,8.0,9.0,175.0,122.0,7709.0,18496.0,0.3115885863336203,0.32385151280676205,0.015625,2.0,6400000.0
8.0,8.0,8.0,3.0,28.0,20.0,2357.0,2176.0,0.21183510327283472,0.21733614376884747,0.03125,16.0,6400000.0
8.0,8.0,8.0,9.0,429.0,248.0,14715.0,38656.0,0.3735071874457172,0.37993431070029793,0.03125,0.015625,6400000.0
8.0,8.0,8.0,9.0,422.0,248.0,14551.0,38656.0,0.37350850623391074,0.38051752109342096,0.125,0.000976562,6400000.0
1.0,8.0,8.0,1.0,1.0,1.0,543.0,32.0,-0.0030632107251067353,-0.0017650185808415486,0.0625,128.0,6400000.0
8.0,8.0,8.0,9.0,346.0,247.0,13277.0,38496.0,0.35601761294091494,0.3616877436695918,0.125,1.0,6400000.0
8.0,8.0,8.0,3.0,42.0,28.0,2727.0,3456.0,0.23449431988645453,0.2406930752249571,0.25,8.0,6400000.0
8.0,8.0,8.0,9.0,420.0,248.0,14564.0,38656.0,0.3738907803942604,0.38365169110329733,0.5,0.0625,6400000.0
8.0,8.0,8.0,9.0,422.0,248.0,14551.0,38656.0,0.37350850623391074,0.38051752109342096,0.25,0.0078125,6400000.0
3.0,8.0,8.0,2.0,9.0,6.0,1295.0,576.0,0.10115259004895938,0.10346957106453547,0.5,64.0,6400000.0
1.0,8.0,8.0,1.0,1.0,1.0,543.0,32.0,-0.0030632107251067353,-0.0017650185808415486,0.03125,16384.0,6400000.0
1.0,8.0,8.0,1.0,1.0,1.0,543.0,32.0,-0.0030632107251067353,-0.0017650185808415486,1.0,512.0,6400000.0
1.0,8.0,8.0,1.0,1.0,1.0,543.0,32.0,-0.0030632107251067353,-0.0017650185808415486,0.25,8192.0,6400000.0
8.0,8.0,8.0,2.0,22.0,16.0,1924.0,1536.0,0.184803559555608,0.19082719424152972,4.0,32.0,6400000.0
1.0,8.0,8.0,1.0,1.0,1.0,543.0,32.0,-0.0030632107251067353,-0.0017650185808415486,2.0,4096.0,6400000.0
8.0,8.0,8.0,3.0,348.0,248.0,13472.0,38656.0,0.24583382094414719,0.25350251295443604,16.0,0.00195312,6400000.0
8.0,8.0,8.0,3.0,350.0,248.0,13264.0,38656.0,0.275882153794204,0.2823101233950742,4.0,0.03125,6400000.0
1.0,1.0,2.0,2.0,3.0,2.0,112.0,192.0,0.03911015413878083,0.040912063041146696,8.0,16.0,6400000.0
1.0,8.0,8.0,1.0,1.0,1.0,543.0,32.0,-0.0030632107251067353,-0.0017650185808415486,16.0,2048.0,6400000.0
1.0,1.0,2.0,1.0,1.0,1.0,39.0,32.0,-0.0030632107251067353,-0.0017650185808415486,8.0,16384.0,6400000.0
1.0,8.0,8.0,1.0,1.0,1.0,543.0,32.0,-0.0030632107251067353,-0.0017650185808415486,4.0,32768.0,6400000.0
8.0,8.0,8.0,3.0,311.0,240.0,12233.0,37376.0,0.2764506293157202,0.2830420063563326,8.0,0.25,6400000.0
8.0,8.0,8.0,9.0,436.0,248.0,14857.0,38656.0,0.37240688635599084,0.3767755787650783,1.0,0.0,6400000.0
8.0,8.0,8.0,3.0,61.0,45.0,3657.0,6176.0,0.24788551441063278,0.2568811078572928,2.0,4.0,6400000.0
1.0,1.0,2.0,2.0,7.0,4.0,219.0,512.0,0.04649236193195383,0.049028621040196785,16.0,0.125,6400000.0
8.0,8.0,8.0,2.0,319.0,248.0,12872.0,38656.0,0.2094665963328466,0.2167467135242811,32.0,0.015625,6400000.0
1.0,8.0,8.0,1.0,1.0,1.0,543.0,32.0,-0.0030632107251067353,-0.0017650185808415486,8.0,256.0,6400000.0
8.0,8.0,8.0,9.0,391.0,248.0,14197.0,38656.0,0.3684457938457698,0.37623265794178395,1.0,0.5,6400000.0
8.0,8.0,8.0,2.0,22.0,16.0,1924.0,1536.0,0.184803559555608,0.19082719424152972,32.0,16.0,6400000.0
1.0,8.0,8.0,1.0,1.0,1.0,543.0,32.0,-0.0030632107251067353,-0.0017650185808415486,32.0,16384.0,6400000.0
8.0,8.0,8.0,2.0,203.0,163.0,9060.0,25056.0,0.21029755607936573,0.21915769792803252,64.0,0.125,6400000.0
8.0,8.0,8.0,7.0,422.0,248.0,14751.0,38656.0,0.37711515868796197,0.38461188314552097,2.0,0.00390625,6400000.0
8.0,8.0,8.0,3.0,77.0,56.0,4116.0,7936.0,0.2507201981576693,0.259229782358837,16.0,2.0,6400000.0
1.0,8.0,8.0,1.0,1.0,1.0,543.0,32.0,-0.0030632107251067353,-0.0017650185808415486,512.0,64.0,6400000.0
1.0,8.0,8.0,1.0,1.0,1.0,543.0,32.0,-0.0030632107251067353,-0.0017650185808415486,128.0,0.000976562,6400000.0
3.0,8.0,8.0,2.0,9.0,6.0,1295.0,576.0,0.10115259004895938,0.10346957106453547,0.00390625,64.0,6400000.0
1.0,8.0,8.0,1.0,1.0,1.0,543.0,32.0,-0.0030632107251067353,-0.0017650185808415486,128.0,1024.0,6400000.0
1.0,8.0,8.0,1.0,1.0,1.0,543.0,32.0,-0.0030632107251067353,-0.0017650185808415486,64.0,128.0,6400000.0
1.0,8.0,8.0,1.0,1.0,1.0,543.0,32.0,-0.0030632107251067353,-0.0017650185808415486,1024.0,0.5,6400000.0
1.0,8.0,8.0,1.0,1.0,1.0,543.0,32.0,-0.0030632107251067353,-0.0017650185808415486,256.0,0.0078125,6400000.0
8.0,8.0,8.0,9.0,421.0,248.0,14606.0,38656.0,0.36866990438245195,0.37750502353187376,0.0078125,0.0,6400000.0
1.0,8.0,8.0,1.0,1.0,1.0,543.0,32.0,-0.0030632107251067353,-0.0017650185808415486,2048.0,0.00390625,6400000.0
8.0,8.0,8.0,9.0,389.0,248.0,14156.0,38656.0,0.36781092806600735,0.3762924051159724,0.0078125,0.5,6400000.0
1.0,8.0,8.0,1.0,1.0,1.0,543.0,32.0,-0.0030632107251067353,-0.0017650185808415486,256.0,8192.0,6400000.0
1.0,8.0,8.0,1.0,1.0,1.0,543.0,32.0,-0.0030632107251067353,-0.0017650185808415486,128.0,1.0,6400000.0
1.0,8.0,8.0,1.0,1.0,1.0,543.0,32.0,-0.0030632107251067353,-0.0017650185808415486,2048.0,4.0,6400000.0
1.0,8.0,8.0,1.0,1.0,1.0,543.0,32.0,-0.0030632107251067353,-0.0017650185808415486,1024.0,0.0,6400000.0
1.0,8.0,8.0,1.0,1.0,1.0,543.0,32.0,-0.0030632107251067353,-0.0017650185808415486,1024.0,512.0,6400000.0
1.0,8.0,8.0,1.0,1.0,1.0,543.0,32.0,-0.0030632107251067353,-0.0017650185808415486,256.0,8.0,6400000.0
1.0,8.0,8.0,1.0,1.0,1.0,543.0,32.0,-0.0030632107251067353,-0.0017650185808415486,2048.0,4096.0,6400000.0
1.0,8.0,8.0,1.0,1.0,1.0,543.0,32.0,-0.0030632107251067353,-0.0017650185808415486,512.0,0.0625,6400000.0
1.0,8.0,8.0,1.0,1.0,1.0,543.0,32.0,-0.0030632107251067353,-0.0017650185808415486,0.0078125,512.0,6400000.0
1.0,8.0,8.0,1.0,1.0,1.0,543.0,32.0,-0.0030632107251067353,-0.0017650185808415486,4096.0,0.03125,6400000.0
1.0,1.0,2.0,1.0,1.0,1.0,39.0,32.0,-0.0030632107251067353,-0.0017650185808415486,16.0,128.0,6400000.0
8.0,8.0,8.0,9.0,421.0,248.0,14606.0,38656.0,0.36866990438245195,0.37750502353187376,0.015625,0.00390625,6400000.0
1.0,1.0,2.0,3.0,7.0,4.0,223.0,512.0,0.049777517915640224,0.05405121197129903,8.0,0.03125,6400000.0
1.0,8.0,8.0,1.0,1.0,1.0,543.0,32.0,-0.0030632107251067353,-0.0017650185808415486,0.015625,4096.0,6400000.0
8.0,8.0,8.0,9.0,411.0,248.0,14465.0,38656.0,0.37021873697023033,0.38173489556689677,0.0625,0.25,6400000.0
8.0,8.0,8.0,9.0,429.0,248.0,14715.0,38656.0,0.3735071874457172,0.37993431070029793,0.03125,0.03125,6400000.0
1.0,8.0,8.0,1.0,1.0,1.0,543.0,32.0,-0.0030632107251067353,-0.0017650185808415486,0.125,2048.0,6400000.0
8.0,8.0,8.0,2.0,22.0,16.0,1924.0,1536.0,0.184803559555608,0.19082719424152972,0.03125,32.0,6400000.0
1.0,8.0,8.0,1.0,1.0,1.0,543.0,32.0,-0.0030632107251067353,-0.0017650185808415486,0.0625,256.0,6400000.0
8.0,8.0,8.0,7.0,75.0,53.0,4604.0,7456.0,0.2675944956115819,0.2746369156647245,0.015625,4.0,6400000.0
8.0,8.0,8.0,9.0,422.0,248.0,14551.0,38656.0,0.37350850623391074,0.38051752109342096,0.125,0.00195312,6400000.0
8.0,8.0,8.0,9.0,188.0,127.0,8105.0,19296.0,0.31911849211849774,0.3352515335192303,0.125,2.0,6400000.0
1.0,8.0,8.0,1.0,1.0,1.0,543.0,32.0,-0.0030632107251067353,-0.0017650185808415486,0.5,128.0,6400000.0
8.0,8.0,8.0,3.0,28.0,20.0,2357.0,2176.0,0.21183510327283472,0.21733614376884747,0.25,16.0,6400000.0
8.0,8.0,8.0,9.0,424.0,248.0,14715.0,38656.0,0.36840066579850705,0.3779197934019214,0.25,0.015625,6400000.0
1.0,8.0,8.0,1.0,1.0,1.0,543.0,32.0,-0.0030632107251067353,-0.0017650185808415486,0.03125,32768.0,6400000.0
1.0,8.0,8.0,1.0,1.0,1.0,543.0,32.0,-0.0030632107251067353,-0.0017650185808415486,1.0,1024.0,6400000.0
8.0,8.0,8.0,9.0,424.0,248.0,14753.0,38656.0,0.37169212756460246,0.37714186772015246,0.5,0.125,6400000.0
1.0,8.0,8.0,1.0,1.0,1.0,543.0,32.0,-0.0030632107251067353,-0.0017650185808415486,0.25,16384.0,6400000.0
3.0,8.0,8.0,2.0,9.0,6.0,1295.0,576.0,0.10115259004895938,0.10346957106453547,4.0,64.0,6400000.0
8.0,8.0,8.0,3.0,346.0,248.0,13352.0,38656.0,0.2451995037262078,0.25266340722378355,16.0,0.00390625,6400000.0
1.0,1.0,2.0,1.0,1.0,1.0,39.0,32.0,-0.0030632107251067353,-0.0017650185808415486,8.0,32768.0,6400000.0
1.0,8.0,8.0,1.0,1.0,1.0,543.0,32.0,-0.0030632107251067353,-0.0017650185808415486,16.0,4096.0,6400000.0
1.0,8.0,8.0,1.0,1.0,1.0,543.0,32.0,-0.0030632107251067353,-0.0017650185808415486,2.0,8192.0,6400000.0
8.0,8.0,8.0,3.0,42.0,28.0,2727.0,3456.0,0.23449431988645453,0.2406930752249571,2.0,8.0,6400000.0
8.0,8.0,8.0,9.0,436.0,248.0,14857.0,38656.0,0.37240688635599084,0.3767755787650783,1.0,0.000976562,6400000.0
8.0,8.0,8.0,3.0,360.0,248.0,13398.0,38656.0,0.2744779181245911,0.281965824208663,8.0,0.0,6400000.0
1.0,1.0,2.0,2.0,3.0,2.0,112.0,192.0,0.03911015413878083,0.040912063041146696,8.0,32.0,6400000.0
8.0,8.0,8.0,3.0,160.0,120.0,6948.0,18176.0,0.27003148863914794,0.279292604713658,8.0,0.5,6400000.0
1.0,1.0,2.0,2.0,7.0,4.0,219.0,512.0,0.04649236193195383,0.049028621040196785,16.0,0.25,6400000.0
8.0,8.0,8.0,9.0,357.0,248.0,13688.0,38656.0,0.3619507549006413,0.3688097807512578,1.0,1.0,6400000.0
8.0,8.0,8.0,2.0,314.0,248.0,12774.0,38656.0,0.2101920297455131,0.2170108923517493,32.0,0.03125,6400000.0
8.0,8.0,8.0,3.0,345.0,248.0,13042.0,38656.0,0.2761476714540314,0.28193787483191124,4.0,0.0625,6400000.0
1.0,8.0,8.0,1.0,1.0,1.0,543.0,32.0,-0.0030632107251067353,-0.0017650185808415486,8.0,512.0,6400000.0
8.0,8.0,8.0,2.0,118.0,95.0,5960.0,14176.0,0.21288410632222077,0.21886841264078594,64.0,0.25,6400000.0
1.0,8.0,8.0,1.0,1.0,1.0,543.0,32.0,-0.0030632107251067353,-0.0017650185808415486,32.0,32768.0,6400000.0
8.0,8.0,8.0,2.0,22.0,16.0,1924.0,1536.0,0.184803559555608,0.19082719424152972,32.0,32.0,6400000.0
8.0,8.0,8.0,7.0,424.0,248.0,14689.0,38656.0,0.37208547916668633,0.37794330751594674,2.0,0.0078125,6400000.0
8.0,8.0,8.0,3.0,54.0,38.0,3403.0,5056.0,0.24151162649813396,0.24755945034745852,16.0,4.0,6400000.0
1.0,8.0,8.0,1.0,1.0,1.0,543.0,32.0,-0.0030632107251067353,-0.0017650185808415486,512.0,128.0,6400000.0
1.0,8.0,8.0,1.0,1.0,1.0,543.0,32.0,-0.0030632107251067353,-0.0017650185808415486,1024.0,1.0,6400000.0
1.0,8.0,8.0,1.0,1.0,1.0,543.0,32.0,-0.0030632107251067353,-0.0017650185808415486,128.0,0.00195312,6400000.0
1.0,8.0,8.0,1.0,1.0,1.0,543.0,32.0,-0.0030632107251067353,-0.0017650185808415486,128.0,2048.0,6400000.0
1.0,8.0,8.0,1.0,1.0,1.0,543.0,32.0,-0.0030632107251067353,-0.0017650185808415486,1024.0,0.000976562,6400000.0
8.0,8.0,8.0,9.0,421.0,248.0,14606.0,38656.0,0.36866990438245195,0.37750502353187376,0.0078125,0.000976562,6400000.0
1.0,8.0,8.0,1.0,1.0,1.0,543.0,32.0,-0.0030632107251067353,-0.0017650185808415486,0.00390625,128.0,6400000.0
1.0,8.0,8.0,1.0,1.0,1.0,543.0,32.0,-0.0030632107251067353,-0.0017650185808415486,256.0,16384.0,6400000.0
1.0,8.0,8.0,1.0,1.0,1.0,543.0,32.0,-0.0030632107251067353,-0.0017650185808415486,256.0,0.015625,6400000.0
8.0,8.0,8.0,9.0,351.0,248.0,13399.0,38656.0,0.35715925079902866,0.36457706352822405,0.0078125,1.0,6400000.0
1.0,8.0,8.0,1.0,1.0,1.0,543.0,32.0,-0.0030632107251067353,-0.0017650185808415486,2048.0,0.0078125,6400000.0
1.0,8.0,8.0,1.0,1.0,1.0,543.0,32.0,-0.0030632107251067353,-0.0017650185808415486,2048.0,8.0,6400000.0
1.0,8.0,8.0,1.0,1.0,1.0,543.0,32.0,-0.0030632107251067353,-0.0017650185808415486,128.0,2.0,6400000.0
1.0,8.0,8.0,1.0,1.0,1.0,543.0,32.0,-0.0030632107251067353,-0.0017650185808415486,512.0,0.125,6400000.0
1.0,8.0,8.0,1.0,1.0,1.0,543.0,32.0,-0.0030632107251067353,-0.0017650185808415486,1024.0,1024.0,6400000.0
1.0,8.0,8.0,1.0,1.0,1.0,543.0,32.0,-0.0030632107251067353,-0.0017650185808415486,64.0,256.0,6400000.0
1.0,8.0,8.0,1.0,1.0,1.0,543.0,32.0,-0.0030632107251067353,-0.0017650185808415486,0.0078125,1024.0,6400000.0
1.0,8.0,8.0,1.0,1.0,1.0,543.0,32.0,-0.0030632107251067353,-0.0017650185808415486,256.0,16.0,6400000.0
1.0,8.0,8.0,1.0,1.0,1.0,543.0,32.0,-0.0030632107251067353,-0.0017650185808415486,2048.0,8192.0,6400000.0
1.0,1.0,2.0,1.0,1.0,1.0,39.0,32.0,-0.0030632107251067353,-0.0017650185808415486,16.0,256.0,6400000.0
1.0,8.0,8.0,1.0,1.0,1.0,543.0,32.0,-0.0030632107251067353,-0.0017650185808415486,4096.0,0.0625,6400000.0
8.0,8.0,8.0,9.0,421.0,248.0,14606.0,38656.0,0.36866990438245195,0.37750502353187376,0.015625,0.0078125,6400000.0
1.0,1.0,2.0,3.0,7.0,4.0,223.0,512.0,0.049777517915640224,0.05405121197129903,8.0,0.0625,6400000.0
1.0,8.0,8.0,1.0,1.0,1.0,543.0,32.0,-0.0030632107251067353,-0.0017650185808415486,0.015625,8192.0,6400000.0
8.0,8.0,8.0,9.0,422.0,248.0,14491.0,38656.0,0.37261399705014,0.38587516070693384,0.03125,0.0625,6400000.0
1.0,8.0,8.0,1.0,1.0,1.0,543.0,32.0,-0.0030632107251067353,-0.0017650185808415486,0.125,4096.0,6400000.0
3.0,8.0,8.0,2.0,9.0,6.0,1295.0,576.0,0.10115259004895938,0.10346957106453547,0.03125,64.0,6400000.0
8.0,8.0,8.0,9.0,389.0,248.0,14156.0,38656.0,0.36781092806600735,0.3762924051159724,0.0625,0.5,6400000.0
8.0,8.0,8.0,3.0,42.0,28.0,2727.0,3456.0,0.23449431988645453,0.2406930752249571,0.015625,8.0,6400000.0
8.0,8.0,8.0,9.0,421.0,248.0,14606.0,38656.0,0.36866990438245195,0.37750502353187376,0.0625,0.0,6400000.0
1.0,8.0,8.0,1.0,1.0,1.0,543.0,32.0,-0.0030632107251067353,-0.0017650185808415486,0.0625,512.0,6400000.0
8.0,8.0,8.0,9.0,424.0,248.0,14715.0,38656.0,0.36840066579850705,0.3779197934019214,0.25,0.03125,6400000.0
1.0,8.0,8.0,1.0,1.0,1.0,543.0,32.0,-0.0030632107251067353,-0.0017650185808415486,0.5,256.0,6400000.0
8.0,8.0,8.0,9.0,422.0,248.0,14551.0,38656.0,0.37350850623391074,0.38051752109342096,0.125,0.00390625,6400000.0
8.0,8.0,8.0,7.0,75.0,53.0,4604.0,7456.0,0.2675944956115819,0.2746369156647245,0.125,4.0,6400000.0
8.0,8.0,8.0,9.0,409.0,248.0,14328.0,38656.0,0.3707626545642223,0.379048946331647,0.5,0.25,6400000.0
1.0,8.0,8.0,1.0,1.0,1.0,543.0,32.0,-0.0030632107251067353,-0.0017650185808415486,4.0,128.0,6400000.0
8.0,8.0,8.0,2.0,22.0,16.0,1924.0,1536.0,0.184803559555608,0.19082719424152972,0.25,32.0,6400000.0
1.0,8.0,8.0,1.0,1.0,1.0,543.0,32.0,-0.0030632107251067353,-0.0017650185808415486,1.0,2048.0,6400000.0
1.0,8.0,8.0,1.0,1.0,1.0,543.0,32.0,-0.0030632107251067353,-0.0017650185808415486,0.25,32768.0,6400000.0
1.0,8.0,8.0,1.0,1.0,1.0,543.0,32.0,-0.0030632107251067353,-0.0017650185808415486,16.0,8192.0,6400000.0
1.0,8.0,8.0,1.0,1.0,1.0,543.0,32.0,-0.0030632107251067353,-0.0017650185808415486,2.0,16384.0,6400000.0
8.0,8.0,8.0,3.0,345.0,248.0,13351.0,38656.0,0.24522750056275555,0.2526129975513013,16.0,0.0078125,6400000.0
1.0,1.0,2.0,2.0,7.0,4.0,219.0,512.0,0.04649236193195383,0.049028621040196785,16.0,0.0,6400000.0
1.0,1.0,2.0,2.0,3.0,2.0,112.0,192.0,0.03911015413878083,0.040912063041146696,8.0,64.0,6400000.0
8.0,8.0,8.0,9.0,436.0,248.0,14857.0,38656.0,0.37240688635599084,0.3767755787650783,1.0,0.00195312,6400000.0
8.0,8.0,8.0,3.0,359.0,248.0,13366.0,38656.0,0.27416943924769077,0.28170069788718965,8.0,0.000976562,6400000.0
1.0,8.0,8.0,1.0,1.0,1.0,543.0,32.0,-0.0030632107251067353,-0.0017650185808415486,8.0,1024.0,6400000.0
8.0,8.0,8.0,8.0,157.0,106.0,7162.0,15936.0,0.30912249841990314,0.3162543713034577,1.0,2.0,6400000.0
8.0,8.0,8.0,2.0,312.0,248.0,12594.0,38656.0,0.210255218589793,0.21606118771886396,32.0,0.0625,6400000.0
8.0,8.0,8.0,3.0,28.0,20.0,2357.0,2176.0,0.21183510327283472,0.21733614376884747,2.0,16.0,6400000.0
8.0,8.0,8.0,3.0,334.0,248.0,13031.0,38656.0,0.27440340629492366,0.2819337836625506,4.0,0.125,6400000.0
8.0,8.0,8.0,2.0,73.0,58.0,4183.0,8256.0,0.21262410220619643,0.21960346509557427,64.0,0.5,6400000.0
1.0,1.0,2.0,2.0,7.0,4.0,219.0,512.0,0.04649236193195383,0.049028621040196785,16.0,0.5,6400000.0
8.0,8.0,8.0,3.0,121.0,91.0,5784.0,13536.0,0.2641580371998503,0.27455356520165397,8.0,1.0,6400000.0
8.0,8.0,8.0,2.0,324.0,248.0,12970.0,38656.0,0.21069937083171897,0.21683156430427086,64.0,0.0,6400000.0
3.0,8.0,8.0,2.0,9.0,6.0,1295.0,576.0,0.10115259004895938,0.10346957106453547,32.0,64.0,6400000.0
8.0,8.0,8.0,7.0,425.0,248.0,14787.0,38656.0,0.3687734159081889,0.378085459159227,2.0,0.015625,6400000.0
8.0,8.0,8.0,2.0,29.0,20.0,2367.0,2176.0,0.19779588450891128,0.2016374874754887,16.0,8.0,6400000.0
1.0,8.0,8.0,1.0,1.0,1.0,543.0,32.0,-0.0030632107251067353,-0.0017650185808415486,512.0,256.0,6400000.0
1.0,8.0,8.0,1.0,1.0,1.0,543.0,32.0,-0.0030632107251067353,-0.0017650185808415486,1024.0,2.0,6400000.0
1.0,8.0,8.0,1.0,1.0,1.0,543.0,32.0,-0.0030632107251067353,-0.0017650185808415486,128.0,0.00390625,6400000.0
1.0,8.0,8.0,1.0,1.0,1.0,543.0,32.0,-0.0030632107251067353,-0.0017650185808415486,128.0,4096.0,6400000.0
8.0,8.0,8.0,9.0,421.0,248.0,14606.0,38656.0,0.36866990438245195,0.37750502353187376,0.0078125,0.00195312,6400000.0
1.0,8.0,8.0,1.0,1.0,1.0,543.0,32.0,-0.0030632107251067353,-0.0017650185808415486,0.00390625,256.0,6400000.0
1.0,8.0,8.0,1.0,1.0,1.0,543.0,32.0,-0.0030632107251067353,-0.0017650185808415486,1024.0,0.00195312,6400000.0
8.0,8.0,8.0,9.0,175.0,122.0,7709.0,18496.0,0.3115885863336203,0.32385151280676205,0.0078125,2.0,6400000.0
1.0,8.0,8.0,1.0,1.0,1.0,543.0,32.0,-0.0030632107251067353,-0.0017650185808415486,2048.0,0.015625,6400000.0
1.0,8.0,8.0,1.0,1.0,1.0,543.0,32.0,-0.0030632107251067353,-0.0017650185808415486,256.0,32768.0,6400000.0
1.0,8.0,8.0,1.0,1.0,1.0,543.0,32.0,-0.0030632107251067353,-0.0017650185808415486,2048.0,16.0,6400000.0
1.0,8.0,8.0,1.0,1.0,1.0,543.0,32.0,-0.0030632107251067353,-0.0017650185808415486,64.0,512.0,6400000.0
1.0,8.0,8.0,1.0,1.0,1.0,543.0,32.0,-0.0030632107251067353,-0.0017650185808415486,1024.0,2048.0,6400000.0
1.0,8.0,8.0,1.0,1.0,1.0,543.0,32.0,-0.0030632107251067353,-0.0017650185808415486,256.0,0.03125,6400000.0
1.0,8.0,8.0,1.0,1.0,1.0,543.0,32.0,-0.0030632107251067353,-0.0017650185808415486,256.0,32.0,6400000.0
1.0,8.0,8.0,1.0,1.0,1.0,543.0,32.0,-0.0030632107251067353,-0.0017650185808415486,128.0,4.0,6400000.0
1.0,8.0,8.0,1.0,1.0,1.0,543.0,32.0,-0.0030632107251067353,-0.0017650185808415486,2048.0,16384.0,6400000.0
1.0,8.0,8.0,1.0,1.0,1.0,543.0,32.0,-0.0030632107251067353,-0.0017650185808415486,0.0078125,2048.0,6400000.0
1.0,1.0,2.0,1.0,1.0,1.0,39.0,32.0,-0.0030632107251067353,-0.0017650185808415486,16.0,512.0,6400000.0
8.0,8.0,8.0,9.0,429.0,248.0,14715.0,38656.0,0.3735071874457172,0.37993431070029793,0.015625,0.015625,6400000.0
1.0,8.0,8.0,1.0,1.0,1.0,543.0,32.0,-0.0030632107251067353,-0.0017650185808415486,4096.0,0.125,6400000.0
1.0,8.0,8.0,1.0,1.0,1.0,543.0,32.0,-0.0030632107251067353,-0.0017650185808415486,512.0,0.25,6400000.0
1.0,1.0,2.0,3.0,7.0,4.0,223.0,512.0,0.049777517915640224,0.05405121197129903,8.0,0.125,6400000.0
1.0,8.0,8.0,1.0,1.0,1.0,543.0,32.0,-0.0030632107251067353,-0.0017650185808415486,0.015625,16384.0,6400000.0
8.0,8.0,8.0,9.0,419.0,248.0,14447.0,38656.0,0.37181573628059716,0.38733238925229896,0.03125,0.125,6400000.0
1.0,8.0,8.0,1.0,1.0,1.0,543.0,32.0,-0.0030632107251067353,-0.0017650185808415486,0.125,8192.0,6400000.0
8.0,8.0,8.0,9.0,346.0,247.0,13277.0,38496.0,0.35601761294091494,0.3616877436695918,0.0625,1.0,6400000.0
1.0,8.0,8.0,1.0,1.0,1.0,543.0,32.0,-0.0030632107251067353,-0.0017650185808415486,0.03125,128.0,6400000.0
1.0,8.0,8.0,1.0,1.0,1.0,543.0,32.0,-0.0030632107251067353,-0.0017650185808415486,0.5,512.0,6400000.0
8.0,8.0,8.0,9.0,419.0,248.0,14570.0,38656.0,0.37286562848881266,0.3804352989862989,0.25,0.0625,6400000.0
8.0,8.0,8.0,9.0,421.0,248.0,14606.0,38656.0,0.36866990438245195,0.37750502353187376,0.0625,0.000976562,6400000.0
8.0,8.0,8.0,3.0,28.0,20.0,2357.0,2176.0,0.21183510327283472,0.21733614376884747,0.015625,16.0,6400000.0
8.0,8.0,8.0,3.0,42.0,28.0,2727.0,3456.0,0.23449431988645453,0.2406930752249571,0.125,8.0,6400000.0
8.0,8.0,8.0,9.0,422.0,248.0,14551.0,38656.0,0.37350850623391074,0.38051752109342096,0.125,0.0078125,6400000.0
1.0,8.0,8.0,1.0,1.0,1.0,543.0,32.0,-0.0030632107251067353,-0.0017650185808415486,16.0,16384.0,6400000.0
1.0,8.0,8.0,1.0,1.0,1.0,543.0,32.0,-0.0030632107251067353,-0.0017650185808415486,4.0,256.0,6400000.0
1.0,8.0,8.0,1.0,1.0,1.0,543.0,32.0,-0.0030632107251067353,-0.0017650185808415486,0.0625,1024.0,6400000.0
3.0,8.0,8.0,2.0,9.0,6.0,1295.0,576.0,0.10115259004895938,0.10346957106453547,0.25,64.0,6400000.0
8.0,8.0,8.0,9.0,402.0,248.0,14472.0,38656.0,0.3667794744579903,0.37530005679982237,0.5,0.5,6400000.0
8.0,8.0,8.0,9.0,436.0,248.0,14720.0,38656.0,0.3733295742659185,0.38455944823638677,0.5,0.0,6400000.0
8.0,8.0,8.0,3.0,346.0,248.0,13383.0,38656.0,0.24488334379919519,0.25274552536081474,16.0,0.015625,6400000.0
1.0,8.0,8.0,1.0,1.0,1.0,543.0,32.0,-0.0030632107251067353,-0.0017650185808415486,2.0,32768.0,6400000.0
1.0,8.0,8.0,1.0,1.0,1.0,543.0,32.0,-0.0030632107251067353,-0.0017650185808415486,1.0,4096.0,6400000.0
8.0,8.0,8.0,3.0,359.0,248.0,13397.0,38656.0,0.2743185306537006,0.28166936722773295,8.0,0.00195312,6400000.0
1.0,8.0,8.0,1.0,1.0,1.0,543.0,32.0,-0.0030632107251067353,-0.0017650185808415486,8.0,2048.0,6400000.0
1.0,1.0,2.0,1.0,1.0,1.0,39.0,32.0,-0.0030632107251067353,-0.0017650185808415486,8.0,128.0,6400000.0
8.0,8.0,8.0,2.0,59.0,44.0,3648.0,6016.0,0.2110271433419192,0.21917990750148497,64.0,1.0,6400000.0
8.0,8.0,8.0,2.0,326.0,248.0,13034.0,38656.0,0.2100639629060158,0.21689398816337446,64.0,0.000976562,6400000.0
8.0,8.0,8.0,2.0,22.0,16.0,1924.0,1536.0,0.184803559555608,0.19082719424152972,2.0,32.0,6400000.0
1.0,1.0,2.0,2.0,7.0,4.0,219.0,512.0,0.04649236193195383,0.049028621040196785,16.0,1.0,6400000.0
8.0,8.0,8.0,2.0,203.0,163.0,9060.0,25056.0,0.21029755607936573,0.21915769792803252,32.0,0.125,6400000.0
8.0,8.0,8.0,3.0,86.0,64.0,4372.0,9216.0,0.2563634056835764,0.26960562736057325,8.0,2.0,6400000.0
8.0,8.0,8.0,3.0,61.0,45.0,3657.0,6176.0,0.24788551441063278,0.2568811078572928,1.0,4.0,6400000.0
1.0,1.0,2.0,2.0,7.0,4.0,219.0,512.0,0.04649236193195383,0.049028621040196785,16.0,0.000976562,6400000.0
1.0,8.0,8.0,1.0,1.0,1.0,543.0,32.0,-0.0030632107251067353,-0.0017650185808415486,32.0,128.0,6400000.0
8.0,8.0,8.0,9.0,436.0,248.0,14857.0,38656.0,0.37240688635599084,0.3767755787650783,1.0,0.00390625,6400000.0
8.0,8.0,8.0,7.0,424.0,248.0,14724.0,38656.0,0.36881354114585674,0.3786875710837724,2.0,0.03125,6400000.0
8.0,8.0,8.0,3.0,311.0,240.0,12233.0,37376.0,0.2764506293157202,0.2830420063563326,4.0,0.25,6400000.0
8.0,8.0,8.0,2.0,22.0,16.0,1924.0,1536.0,0.184803559555608,0.19082719424152972,16.0,16.0,6400000.0
1.0,8.0,8.0,1.0,1.0,1.0,543.0,32.0,-0.0030632107251067353,-0.0017650185808415486,512.0,512.0,6400000.0
1.0,8.0,8.0,1.0,1.0,1.0,543.0,32.0,-0.0030632107251067353,-0.0017650185808415486,1024.0,4.0,6400000.0
1.0,8.0,8.0,1.0,1.0,1.0,543.0,32.0,-0.0030632107251067353,-0.0017650185808415486,128.0,0.0078125,6400000.0
1.0,8.0,8.0,1.0,1.0,1.0,543.0,32.0,-0.0030632107251067353,-0.0017650185808415486,128.0,8192.0,6400000.0
1.0,8.0,8.0,1.0,1.0,1.0,543.0,32.0,-0.0030632107251067353,-0.0017650185808415486,0.00390625,512.0,6400000.0
1.0,8.0,8.0,1.0,1.0,1.0,543.0,32.0,-0.0030632107251067353,-0.0017650185808415486,2048.0,32.0,6400000.0
1.0,8.0,8.0,1.0,1.0,1.0,543.0,32.0,-0.0030632107251067353,-0.0017650185808415486,1024.0,0.00390625,6400000.0
8.0,8.0,8.0,9.0,421.0,248.0,14606.0,38656.0,0.36866990438245195,0.37750502353187376,0.0078125,0.00390625,6400000.0
8.0,8.0,8.0,7.0,75.0,53.0,4604.0,7456.0,0.2675944956115819,0.2746369156647245,0.0078125,4.0,6400000.0
1.0,8.0,8.0,1.0,1.0,1.0,543.0,32.0,-0.0030632107251067353,-0.0017650185808415486,256.0,64.0,6400000.0
1.0,8.0,8.0,1.0,1.0,1.0,543.0,32.0,-0.0030632107251067353,-0.0017650185808415486,2048.0,0.03125,6400000.0
1.0,8.0,8.0,1.0,1.0,1.0,543.0,32.0,-0.0030632107251067353,-0.0017650185808415486,64.0,1024.0,6400000.0
1.0,8.0,8.0,1.0,1.0,1.0,543.0,32.0,-0.0030632107251067353,-0.0017650185808415486,2048.0,32768.0,6400000.0
1.0,8.0,8.0,1.0,1.0,1.0,543.0,32.0,-0.0030632107251067353,-0.0017650185808415486,512.0,0.5,6400000.0
1.0,8.0,8.0,1.0,1.0,1.0,543.0,32.0,-0.0030632107251067353,-0.0017650185808415486,1024.0,4096.0,6400000.0
1.0,8.0,8.0,1.0,1.0,1.0,543.0,32.0,-0.0030632107251067353,-0.0017650185808415486,512.0,0.0,6400000.0
8.0,8.0,8.0,9.0,429.0,248.0,14715.0,38656.0,0.3735071874457172,0.37993431070029793,0.015625,0.03125,6400000.0
1.0,8.0,8.0,1.0,1.0,1.0,543.0,32.0,-0.0030632107251067353,-0.0017650185808415486,4096.0,0.25,6400000.0
1.0,8.0,8.0,1.0,1.0,1.0,543.0,32.0,-0.0030632107251067353,-0.0017650185808415486,0.0078125,4096.0,6400000.0
1.0,1.0,2.0,1.0,1.0,1.0,39.0,32.0,-0.0030632107251067353,-0.0017650185808415486,16.0,1024.0,6400000.0
1.0,8.0,8.0,1.0,1.0,1.0,543.0,32.0,-0.0030632107251067353,-0.0017650185808415486,128.0,8.0,6400000.0
1.0,1.0,2.0,3.0,7.0,4.0,223.0,512.0,0.049777517915640224,0.05405121197129903,8.0,0.25,6400000.0
1.0,8.0,8.0,1.0,1.0,1.0,543.0,32.0,-0.0030632107251067353,-0.0017650185808415486,256.0,0.0625,6400000.0
1.0,8.0,8.0,1.0,1.0,1.0,543.0,32.0,-0.0030632107251067353,-0.0017650185808415486,0.015625,32768.0,6400000.0
1.0,8.0,8.0,1.0,1.0,1.0,543.0,32.0,-0.0030632107251067353,-0.0017650185808415486,0.125,16384.0,6400000.0
8.0,8.0,8.0,9.0,411.0,248.0,14465.0,38656.0,0.37021873697023033,0.38173489556689677,0.03125,0.25,6400000.0
8.0,8.0,8.0,9.0,414.0,248.0,14587.0,38656.0,0.36879135599321067,0.3779756132101606,0.25,0.125,6400000.0
8.0,8.0,8.0,9.0,175.0,122.0,7709.0,18496.0,0.3115885863336203,0.32385151280676205,0.0625,2.0,6400000.0
8.0,8.0,8.0,9.0,421.0,248.0,14606.0,38656.0,0.36866990438245195,0.37750502353187376,0.0625,0.00195312,6400000.0
1.0,8.0,8.0,1.0,1.0,1.0,543.0,32.0,-0.0030632107251067353,-0.0017650185808415486,0.5,1024.0,6400000.0
1.0,8.0,8.0,1.0,1.0,1.0,543.0,32.0,-0.0030632107251067353,-0.0017650185808415486,0.03125,256.0,6400000.0
8.0,8.0,8.0,2.0,22.0,16.0,1924.0,1536.0,0.184803559555608,0.19082719424152972,0.015625,32.0,6400000.0
1.0,8.0,8.0,1.0,1.0,1.0,543.0,32.0,-0.0030632107251067353,-0.0017650185808415486,4.0,512.0,6400000.0
8.0,8.0,8.0,3.0,28.0,20.0,2357.0,2176.0,0.21183510327283472,0.21733614376884747,0.125,16.0,6400000.0
8.0,8.0,8.0,9.0,424.0,248.0,14715.0,38656.0,0.36840066579850705,0.3779197934019214,0.125,0.015625,6400000.0
8.0,8.0,8.0,9.0,439.0,248.0,14878.0,38656.0,0.37300205754760896,0.3845721778724823,0.5,0.000976562,6400000.0
1.0,8.0,8.0,1.0,1.0,1.0,543.0,32.0,-0.0030632107251067353,-0.0017650185808415486,0.0625,2048.0,6400000.0
1.0,8.0,8.0,1.0,1.0,1.0,543.0,32.0,-0.0030632107251067353,-0.0017650185808415486,16.0,32768.0,6400000.0
1.0,8.0,8.0,1.0,1.0,1.0,543.0,32.0,-0.0030632107251067353,-0.0017650185808415486,0.25,128.0,6400000.0
8.0,8.0,8.0,3.0,339.0,248.0,13026.0,38656.0,0.2461284814860576,0.2527927204489664,16.0,0.03125,6400000.0
8.0,8.0,8.0,9.0,351.0,248.0,13407.0,38656.0,0.3551310218971545,0.36470031393924407,0.5,1.0,6400000.0
8.0,8.0,8.0,3.0,360.0,248.0,13398.0,38656.0,0.2744779181245911,0.281965824208663,4.0,0.0,6400000.0
1.0,8.0,8.0,1.0,1.0,1.0,543.0,32.0,-0.0030632107251067353,-0.0017650185808415486,1.0,8192.0,6400000.0
8.0,8.0,8.0,2.0,53.0,39.0,3436.0,5216.0,0.21160466329072625,0.21830151438038625,64.0,2.0,6400000.0
8.0,8.0,8.0,3.0,352.0,248.0,13390.0,38656.0,0.27391464382377084,0.28267683400433874,8.0,0.00390625,6400000.0
1.0,8.0,8.0,1.0,1.0,1.0,543.0,32.0,-0.0030632107251067353,-0.0017650185808415486,8.0,4096.0,6400000.0
1.0,1.0,2.0,1.0,1.0,1.0,39.0,32.0,-0.0030632107251067353,-0.0017650185808415486,8.0,256.0,6400000.0
8.0,8.0,8.0,2.0,327.0,248.0,13035.0,38656.0,0.21017108486356073,0.21696458867250368,64.0,0.00195312,6400000.0
3.0,8.0,8.0,2.0,9.0,6.0,1295.0,576.0,0.10115259004895938,0.10346957106453547,2.0,64.0,6400000.0
8.0,8.0,8.0,2.0,118.0,95.0,5960.0,14176.0,0.21288410632222077,0.21886841264078594,32.0,0.25,6400000.0
1.0,8.0,8.0,1.0,1.0,1.0,543.0,32.0,-0.0030632107251067353,-0.0017650185808415486,32.0,256.0,6400000.0
8.0,8.0,8.0,9.0,430.0,248.0,14806.0,38656.0,0.3682658457653004,0.3809272391610665,1.0,0.0078125,6400000.0
8.0,8.0,8.0,3.0,160.0,120.0,6948.0,18176.0,0.27003148863914794,0.279292604713658,4.0,0.5,6400000.0
8.0,8.0,8.0,3.0,61.0,45.0,3657.0,6176.0,0.24788551441063278,0.2568811078572928,8.0,4.0,6400000.0
8.0,8.0,8.0,3.0,42.0,28.0,2727.0,3456.0,0.23449431988645453,0.2406930752249571,1.0,8.0,6400000.0
1.0,1.0,2.0,2.0,7.0,4.0,219.0,512.0,0.04649236193195383,0.049028621040196785,16.0,2.0,6400000.0
1.0,1.0,2.0,2.0,7.0,4.0,219.0,512.0,0.04649236193195383,0.049028621040196785,16.0,0.00195312,6400000.0
8.0,8.0,8.0,7.0,424.0,248.0,14725.0,38656.0,0.3692610457182498,0.37854378732997995,2.0,0.0625,6400000.0
1.0,8.0,8.0,1.0,1.0,1.0,543.0,32.0,-0.0030632107251067353,-0.0017650185808415486,512.0,1024.0,6400000.0
8.0,8.0,8.0,2.0,22.0,16.0,1924.0,1536.0,0.184803559555608,0.19082719424152972,16.0,32.0,6400000.0
1.0,8.0,8.0,1.0,1.0,1.0,543.0,32.0,-0.0030632107251067353,-0.0017650185808415486,1024.0,8.0,6400000.0
1.0,8.0,8.0,1.0,1.0,1.0,543.0,32.0,-0.0030632107251067353,-0.0017650185808415486,128.0,0.015625,6400000.0
1.0,8.0,8.0,1.0,1.0,1.0,543.0,32.0,-0.0030632107251067353,-0.0017650185808415486,2048.0,64.0,6400000.0
1.0,8.0,8.0,1.0,1.0,1.0,543.0,32.0,-0.0030632107251067353,-0.0017650185808415486,128.0,16384.0,6400000.0
1.0,8.0,8.0,1.0,1.0,1.0,543.0,32.0,-0.0030632107251067353,-0.0017650185808415486,0.00390625,1024.0,6400000.0
8.0,8.0,8.0,9.0,421.0,248.0,14606.0,38656.0,0.36866990438245195,0.37750502353187376,0.0078125,0.0078125,6400000.0
1.0,8.0,8.0,1.0,1.0,1.0,543.0,32.0,-0.0030632107251067353,-0.0017650185808415486,256.0,128.0,6400000.0
1.0,8.0,8.0,1.0,1.0,1.0,543.0,32.0,-0.0030632107251067353,-0.0017650185808415486,2048.0,0.0625,6400000.0
8.0,8.0,8.0,3.0,42.0,28.0,2727.0,3456.0,0.23449431988645453,0.2406930752249571,0.0078125,8.0,6400000.0
1.0,8.0,8.0,1.0,1.0,1.0,543.0,32.0,-0.0030632107251067353,-0.0017650185808415486,64.0,2048.0,6400000.0
1.0,8.0,8.0,1.0,1.0,1.0,543.0,32.0,-0.0030632107251067353,-0.0017650185808415486,1024.0,0.0078125,6400000.0
1.0,8.0,8.0,1.0,1.0,1.0,543.0,32.0,-0.0030632107251067353,-0.0017650185808415486,512.0,1.0,6400000.0
1.0,8.0,8.0,1.0,1.0,1.0,543.0,32.0,-0.0030632107251067353,-0.0017650185808415486,1024.0,8192.0,6400000.0
8.0,8.0,8.0,9.0,422.0,248.0,14491.0,38656.0,0.37261399705014,0.38587516070693384,0.015625,0.0625,6400000.0
1.0,1.0,2.0,1.0,1.0,1.0,39.0,32.0,-0.0030632107251067353,-0.0017650185808415486,16.0,2048.0,6400000.0
1.0,8.0,8.0,1.0,1.0,1.0,543.0,32.0,-0.0030632107251067353,-0.0017650185808415486,4096.0,0.5,6400000.0
1.0,8.0,8.0,1.0,1.0,1.0,543.0,32.0,-0.0030632107251067353,-0.0017650185808415486,128.0,16.0,6400000.0
1.0,8.0,8.0,1.0,1.0,1.0,543.0,32.0,-0.0030632107251067353,-0.0017650185808415486,512.0,0.000976562,6400000.0
1.0,8.0,8.0,1.0,1.0,1.0,543.0,32.0,-0.0030632107251067353,-0.0017650185808415486,4096.0,0.0,6400000.0
1.0,8.0,8.0,1.0,1.0,1.0,543.0,32.0,-0.0030632107251067353,-0.0017650185808415486,0.0078125,8192.0,6400000.0
1.0,8.0,8.0,1.0,1.0,1.0,543.0,32.0,-0.0030632107251067353,-0.0017650185808415486,256.0,0.125,6400000.0
1.0,1.0,2.0,3.0,7.0,4.0,223.0,512.0,0.049777517915640224,0.05405121197129903,8.0,0.5,6400000.0
8.0,8.0,8.0,9.0,421.0,248.0,14606.0,38656.0,0.36866990438245195,0.37750502353187376,0.03125,0.0,6400000.0
8.0,8.0,8.0,9.0,389.0,248.0,14156.0,38656.0,0.36781092806600735,0.3762924051159724,0.03125,0.5,6400000.0
1.0,8.0,8.0,1.0,1.0,1.0,543.0,32.0,-0.0030632107251067353,-0.0017650185808415486,0.125,32768.0,6400000.0
8.0,8.0,8.0,7.0,75.0,53.0,4604.0,7456.0,0.2675944956115819,0.2746369156647245,0.0625,4.0,6400000.0
8.0,8.0,8.0,9.0,421.0,248.0,14606.0,38656.0,0.36866990438245195,0.37750502353187376,0.0625,0.00390625,6400000.0
1.0,8.0,8.0,1.0,1.0,1.0,543.0,32.0,-0.0030632107251067353,-0.0017650185808415486,0.5,2048.0,6400000.0
8.0,8.0,8.0,9.0,406.0,248.0,14449.0,38656.0,0.3762381441009258,0.3846316724609079,0.25,0.25,6400000.0
1.0,8.0,8.0,1.0,1.0,1.0,543.0,32.0,-0.0030632107251067353,-0.0017650185808415486,0.03125,512.0,6400000.0
3.0,8.0,8.0,2.0,9.0,6.0,1295.0,576.0,0.10115259004895938,0.10346957106453547,0.015625,64.0,6400000.0
1.0,8.0,8.0,1.0,1.0,1.0,543.0,32.0,-0.0030632107251067353,-0.0017650185808415486,4.0,1024.0,6400000.0
8.0,8.0,8.0,2.0,22.0,16.0,1924.0,1536.0,0.184803559555608,0.19082719424152972,0.125,32.0,6400000.0
1.0,8.0,8.0,1.0,1.0,1.0,543.0,32.0,-0.0030632107251067353,-0.0017650185808415486,0.0625,4096.0,6400000.0
1.0,8.0,8.0,1.0,1.0,1.0,543.0,32.0,-0.0030632107251067353,-0.0017650185808415486,0.25,256.0,6400000.0
8.0,8.0,8.0,8.0,168.0,120.0,7608.0,18176.0,0.30327604527593444,0.31236297283325665,0.5,2.0,6400000.0
8.0,8.0,8.0,3.0,331.0,248.0,12800.0,38656.0,0.24809408814072031,0.2533247829746397,16.0,0.0625,6400000.0
8.0,8.0,8.0,2.0,324.0,248.0,12970.0,38656.0,0.21069937083171897,0.21683156430427086,32.0,0.0,6400000.0
8.0,8.0,8.0,9.0,439.0,248.0,14878.0,38656.0,0.37300205754760896,0.3845721778724823,0.5,0.00195312,6400000.0
8.0,8.0,8.0,2.0,43.0,31.0,2828.0,3936.0,0.21024885148684092,0.2144504682257211,64.0,4.0,6400000.0
1.0,8.0,8.0,1.0,1.0,1.0,543.0,32.0,-0.0030632107251067353,-0.0017650185808415486,1.0,16384.0,6400000.0
8.0,8.0,8.0,3.0,358.0,248.0,13427.0,38656.0,0.2752644002381689,0.28264679497657474,8.0,0.0078125,6400000.0
8.0,8.0,8.0,2.0,324.0,248.0,12970.0,38656.0,0.2106465496789286,0.21690076103845235,64.0,0.00390625,6400000.0
8.0,8.0,8.0,2.0,73.0,58.0,4183.0,8256.0,0.21262410220619643,0.21960346509557427,32.0,0.5,6400000.0
8.0,8.0,8.0,3.0,359.0,248.0,13366.0,38656.0,0.27416943924769077,0.28170069788718965,4.0,0.000976562,6400000.0
8.0,8.0,8.0,9.0,424.0,248.0,14715.0,38656.0,0.36840066579850705,0.3779197934019214,0.125,0.03125,6400000.0
1.0,1.0,2.0,1.0,1.0,1.0,39.0,32.0,-0.0030632107251067353,-0.0017650185808415486,8.0,512.0,6400000.0
8.0,8.0,8.0,9.0,435.0,248.0,14912.0,38656.0,0.37056069047111584,0.38482733419826864,1.0,0.015625,6400000.0
1.0,1.0,2.0,2.0,7.0,4.0,219.0,512.0,0.04649236193195383,0.049028621040196785,16.0,0.00390625,6400000.0
1.0,8.0,8.0,1.0,1.0,1.0,543.0,32.0,-0.0030632107251067353,-0.0017650185808415486,32.0,512.0,6400000.0
8.0,8.0,8.0,3.0,28.0,20.0,2357.0,2176.0,0.21183510327283472,0.21733614376884747,1.0,16.0,6400000.0
1.0,8.0,8.0,1.0,1.0,1.0,543.0,32.0,-0.0030632107251067353,-0.0017650185808415486,8.0,8192.0,6400000.0
1.0,8.0,8.0,1.0,1.0,1.0,543.0,32.0,-0.0030632107251067353,-0.0017650185808415486,2.0,128.0,6400000.0
8.0,8.0,8.0,3.0,121.0,91.0,5784.0,13536.0,0.2641580371998503,0.27455356520165397,4.0,1.0,6400000.0
1.0,1.0,2.0,2.0,7.0,4.0,219.0,512.0,0.04649236193195383,0.049028621040196785,16.0,4.0,6400000.0
8.0,8.0,8.0,3.0,42.0,28.0,2727.0,3456.0,0.23449431988645453,0.2406930752249571,8.0,8.0,6400000.0
1.0,8.0,8.0,1.0,1.0,1.0,543.0,32.0,-0.0030632107251067353,-0.0017650185808415486,512.0,2048.0,6400000.0
8.0,8.0,8.0,7.0,412.0,248.0,14681.0,38656.0,0.37050322556857274,0.37766269649399886,2.0,0.125,6400000.0
3.0,8.0,8.0,2.0,9.0,6.0,1295.0,576.0,0.10115259004895938,0.10346957106453547,16.0,64.0,6400000.0
1.0,8.0,8.0,1.0,1.0,1.0,543.0,32.0,-0.0030632107251067353,-0.0017650185808415486,1024.0,16.0,6400000.0
1.0,8.0,8.0,1.0,1.0,1.0,543.0,32.0,-0.0030632107251067353,-0.0017650185808415486,2048.0,128.0,6400000.0
1.0,8.0,8.0,1.0,1.0,1.0,543.0,32.0,-0.0030632107251067353,-0.0017650185808415486,2048.0,0.125,6400000.0
1.0,8.0,8.0,1.0,1.0,1.0,543.0,32.0,-0.0030632107251067353,-0.0017650185808415486,0.00390625,2048.0,6400000.0
8.0,8.0,8.0,3.0,28.0,20.0,2357.0,2176.0,0.21183510327283472,0.21733614376884747,0.0078125,16.0,6400000.0
1.0,8.0,8.0,1.0,1.0,1.0,543.0,32.0,-0.0030632107251067353,-0.0017650185808415486,64.0,4096.0,6400000.0
1.0,8.0,8.0,1.0,1.0,1.0,543.0,32.0,-0.0030632107251067353,-0.0017650185808415486,1024.0,0.015625,6400000.0
1.0,8.0,8.0,1.0,1.0,1.0,543.0,32.0,-0.0030632107251067353,-0.0017650185808415486,128.0,0.03125,6400000.0
1.0,8.0,8.0,1.0,1.0,1.0,543.0,32.0,-0.0030632107251067353,-0.0017650185808415486,128.0,32768.0,6400000.0
1.0,8.0,8.0,1.0,1.0,1.0,543.0,32.0,-0.0030632107251067353,-0.0017650185808415486,4096.0,0.000976562,6400000.0
1.0,8.0,8.0,1.0,1.0,1.0,543.0,32.0,-0.0030632107251067353,-0.0017650185808415486,512.0,2.0,6400000.0
8.0,8.0,8.0,9.0,419.0,248.0,14447.0,38656.0,0.37181573628059716,0.38733238925229896,0.015625,0.125,6400000.0
1.0,8.0,8.0,1.0,1.0,1.0,543.0,32.0,-0.0030632107251067353,-0.0017650185808415486,512.0,0.00195312,6400000.0
1.0,1.0,2.0,1.0,1.0,1.0,39.0,32.0,-0.0030632107251067353,-0.0017650185808415486,16.0,4096.0,6400000.0
8.0,8.0,8.0,9.0,429.0,248.0,14715.0,38656.0,0.3735071874457172,0.37993431070029793,0.0078125,0.015625,6400000.0
1.0,8.0,8.0,1.0,1.0,1.0,543.0,32.0,-0.0030632107251067353,-0.0017650185808415486,256.0,256.0,6400000.0
1.0,1.0,2.0,3.0,7.0,4.0,223.0,512.0,0.049777517915640224,0.05405121197129903,8.0,1.0,6400000.0
1.0,8.0,8.0,1.0,1.0,1.0,543.0,32.0,-0.0030632107251067353,-0.0017650185808415486,1024.0,16384.0,6400000.0
1.0,8.0,8.0,1.0,1.0,1.0,543.0,32.0,-0.0030632107251067353,-0.0017650185808415486,0.0078125,16384.0,6400000.0
1.0,8.0,8.0,1.0,1.0,1.0,543.0,32.0,-0.0030632107251067353,-0.0017650185808415486,4096.0,1.0,6400000.0
1.0,8.0,8.0,1.0,1.0,1.0,543.0,32.0,-0.0030632107251067353,-0.0017650185808415486,128.0,32.0,6400000.0
8.0,8.0,8.0,9.0,422.0,248.0,14551.0,38656.0,0.37350850623391074,0.38051752109342096,0.25,0.0,6400000.0
8.0,8.0,8.0,9.0,421.0,248.0,14606.0,38656.0,0.36866990438245195,0.37750502353187376,0.03125,0.000976562,6400000.0
1.0,8.0,8.0,1.0,1.0,1.0,543.0,32.0,-0.0030632107251067353,-0.0017650185808415486,256.0,0.25,6400000.0
8.0,8.0,8.0,9.0,346.0,247.0,13277.0,38496.0,0.35601761294091494,0.3616877436695918,0.03125,1.0,6400000.0
8.0,8.0,8.0,9.0,421.0,248.0,14606.0,38656.0,0.36866990438245195,0.37750502353187376,0.0625,0.0078125,6400000.0
8.0,8.0,8.0,3.0,42.0,28.0,2727.0,3456.0,0.23449431988645453,0.2406930752249571,0.0625,8.0,6400000.0
8.0,8.0,8.0,9.0,384.0,248.0,14045.0,38656.0,0.3615848330368375,0.3718002007799698,0.25,0.5,6400000.0
1.0,8.0,8.0,1.0,1.0,1.0,543.0,32.0,-0.0030632107251067353,-0.0017650185808415486,0.5,4096.0,6400000.0
1.0,8.0,8.0,1.0,1.0,1.0,543.0,32.0,-0.0030632107251067353,-0.0017650185808415486,0.03125,1024.0,6400000.0
1.0,8.0,8.0,1.0,1.0,1.0,543.0,32.0,-0.0030632107251067353,-0.0017650185808415486,4.0,2048.0,6400000.0
1.0,8.0,8.0,1.0,1.0,1.0,543.0,32.0,-0.0030632107251067353,-0.0017650185808415486,0.015625,128.0,6400000.0
3.0,8.0,8.0,2.0,9.0,6.0,1295.0,576.0,0.10115259004895938,0.10346957106453547,0.125,64.0,6400000.0
1.0,8.0,8.0,1.0,1.0,1.0,543.0,32.0,-0.0030632107251067353,-0.0017650185808415486,0.0625,8192.0,6400000.0
1.0,8.0,8.0,1.0,1.0,1.0,543.0,32.0,-0.0030632107251067353,-0.0017650185808415486,0.25,512.0,6400000.0
8.0,8.0,8.0,2.0,29.0,20.0,2367.0,2176.0,0.19779588450891128,0.2016374874754887,64.0,8.0,6400000.0
8.0,8.0,8.0,3.0,253.0,190.0,10300.0,29376.0,0.24684705930089057,0.2545532782948656,16.0,0.125,6400000.0
8.0,8.0,8.0,2.0,326.0,248.0,13034.0,38656.0,0.2100639629060158,0.21689398816337446,32.0,0.000976562,6400000.0
8.0,8.0,8.0,9.0,438.0,248.0,14858.0,38656.0,0.37396850290019934,0.3847690511423928,0.5,0.00390625,6400000.0
8.0,8.0,8.0,6.0,72.0,52.0,4567.0,7296.0,0.2621273883706291,0.27356434706626076,0.5,4.0,6400000.0
1.0,8.0,8.0,1.0,1.0,1.0,543.0,32.0,-0.0030632107251067353,-0.0017650185808415486,1.0,32768.0,6400000.0
8.0,8.0,8.0,2.0,59.0,44.0,3648.0,6016.0,0.2110271433419192,0.21917990750148497,32.0,1.0,6400000.0
1.0,1.0,2.0,1.0,1.0,1.0,39.0,32.0,-0.0030632107251067353,-0.0017650185808415486,8.0,1024.0,6400000.0
8.0,8.0,8.0,2.0,323.0,248.0,12969.0,38656.0,0.21062504852774322,0.21693808699102757,64.0,0.0078125,6400000.0
8.0,8.0,8.0,3.0,351.0,248.0,13296.0,38656.0,0.27536874777385767,0.28197583707623153,8.0,0.015625,6400000.0
8.0,8.0,8.0,9.0,419.0,248.0,14570.0,38656.0,0.37286562848881266,0.3804352989862989,0.125,0.0625,6400000.0
8.0,8.0,8.0,3.0,359.0,248.0,13397.0,38656.0,0.2743185306537006,0.28166936722773295,4.0,0.00195312,6400000.0
1.0,1.0,2.0,2.0,7.0,4.0,219.0,512.0,0.04649236193195383,0.049028621040196785,16.0,0.0078125,6400000.0
8.0,8.0,8.0,3.0,86.0,64.0,4372.0,9216.0,0.2563634056835764,0.26960562736057325,4.0,2.0,6400000.0
1.0,1.0,2.0,2.0,5.0,3.0,150.0,352.0,0.0448609123359176,0.04645360057610004,16.0,8.0,6400000.0
8.0,8.0,8.0,9.0,428.0,248.0,14793.0,38656.0,0.3705906898422523,0.38018499431371355,1.0,0.03125,6400000.0
1.0,8.0,8.0,1.0,1.0,1.0,543.0,32.0,-0.0030632107251067353,-0.0017650185808415486,512.0,4096.0,6400000.0
1.0,8.0,8.0,1.0,1.0,1.0,543.0,32.0,-0.0030632107251067353,-0.0017650185808415486,8.0,16384.0,6400000.0
8.0,8.0,8.0,2.0,22.0,16.0,1924.0,1536.0,0.184803559555608,0.19082719424152972,1.0,32.0,6400000.0
1.0,8.0,8.0,1.0,1.0,1.0,543.0,32.0,-0.0030632107251067353,-0.0017650185808415486,32.0,1024.0,6400000.0
1.0,8.0,8.0,1.0,1.0,1.0,543.0,32.0,-0.0030632107251067353,-0.0017650185808415486,2.0,256.0,6400000.0
8.0,8.0,8.0,2.0,22.0,16.0,1924.0,1536.0,0.184803559555608,0.19082719424152972,8.0,16.0,6400000.0
8.0,8.0,8.0,7.0,406.0,248.0,14486.0,38656.0,0.36502972679049395,0.3773642068530286,2.0,0.25,6400000.0
1.0,8.0,8.0,1.0,1.0,1.0,543.0,32.0,-0.0030632107251067353,-0.0017650185808415486,16.0,128.0,6400000.0
1.0,8.0,8.0,1.0,1.0,1.0,543.0,32.0,-0.0030632107251067353,-0.0017650185808415486,1024.0,32.0,6400000.0
1.0,8.0,8.0,1.0,1.0,1.0,543.0,32.0,-0.0030632107251067353,-0.0017650185808415486,2048.0,0.25,6400000.0
1.0,8.0,8.0,1.0,1.0,1.0,543.0,32.0,-0.0030632107251067353,-0.0017650185808415486,1024.0,0.03125,6400000.0
1.0,8.0,8.0,1.0,1.0,1.0,543.0,32.0,-0.0030632107251067353,-0.0017650185808415486,2048.0,256.0,6400000.0
8.0,8.0,8.0,2.0,22.0,16.0,1924.0,1536.0,0.184803559555608,0.19082719424152972,0.0078125,32.0,6400000.0
1.0,8.0,8.0,1.0,1.0,1.0,543.0,32.0,-0.0030632107251067353,-0.0017650185808415486,0.00390625,4096.0,6400000.0
1.0,8.0,8.0,1.0,1.0,1.0,543.0,32.0,-0.0030632107251067353,-0.0017650185808415486,64.0,8192.0,6400000.0
1.0,8.0,8.0,1.0,1.0,1.0,543.0,32.0,-0.0030632107251067353,-0.0017650185808415486,128.0,0.0625,6400000.0
1.0,8.0,8.0,1.0,1.0,1.0,543.0,32.0,-0.0030632107251067353,-0.0017650185808415486,512.0,4.0,6400000.0
1.0,8.0,8.0,1.0,1.0,1.0,543.0,32.0,-0.0030632107251067353,-0.0017650185808415486,256.0,0.0,6400000.0
1.0,8.0,8.0,1.0,1.0,1.0,543.0,32.0,-0.0030632107251067353,-0.0017650185808415486,4096.0,0.00195312,6400000.0
8.0,8.0,8.0,9.0,411.0,248.0,14465.0,38656.0,0.37021873697023033,0.38173489556689677,0.015625,0.25,6400000.0
8.0,8.0,8.0,9.0,429.0,248.0,14715.0,38656.0,0.3735071874457172,0.37993431070029793,0.0078125,0.03125,6400000.0
1.0,1.0,2.0,3.0,7.0,4.0,223.0,512.0,0.049777517915640224,0.05405121197129903,8.0,2.0,6400000.0
1.0,8.0,8.0,1.0,1.0,1.0,543.0,32.0,-0.0030632107251067353,-0.0017650185808415486,4096.0,2.0,6400000.0
1.0,1.0,2.0,1.0,1.0,1.0,39.0,32.0,-0.0030632107251067353,-0.0017650185808415486,16.0,8192.0,6400000.0
1.0,8.0,8.0,1.0,1.0,1.0,543.0,32.0,-0.0030632107251067353,-0.0017650185808415486,512.0,0.00390625,6400000.0
1.0,8.0,8.0,1.0,1.0,1.0,543.0,32.0,-0.0030632107251067353,-0.0017650185808415486,256.0,512.0,6400000.0
1.0,8.0,8.0,1.0,1.0,1.0,543.0,32.0,-0.0030632107251067353,-0.0017650185808415486,1024.0,32768.0,6400000.0
1.0,8.0,8.0,1.0,1.0,1.0,543.0,32.0,-0.0030632107251067353,-0.0017650185808415486,0.0078125,32768.0,6400000.0
8.0,8.0,8.0,9.0,421.0,248.0,14606.0,38656.0,0.36866990438245195,0.37750502353187376,0.03125,0.00195312,6400000.0
8.0,8.0,8.0,9.0,175.0,122.0,7709.0,18496.0,0.3115885863336203,0.32385151280676205,0.03125,2.0,6400000.0
8.0,8.0,8.0,9.0,422.0,248.0,14551.0,38656.0,0.37350850623391074,0.38051752109342096,0.25,0.000976562,6400000.0
1.0,8.0,8.0,1.0,1.0,1.0,543.0,32.0,-0.0030632107251067353,-0.0017650185808415486,128.0,64.0,6400000.0
1.0,8.0,8.0,1.0,1.0,1.0,543.0,32.0,-0.0030632107251067353,-0.0017650185808415486,256.0,0.5,6400000.0
8.0,8.0,8.0,9.0,429.0,248.0,14715.0,38656.0,0.3735071874457172,0.37993431070029793,0.0625,0.015625,6400000.0
1.0,8.0,8.0,1.0,1.0,1.0,543.0,32.0,-0.0030632107251067353,-0.0017650185808415486,0.5,8192.0,6400000.0
8.0,8.0,8.0,9.0,346.0,247.0,13277.0,38496.0,0.35601761294091494,0.3616877436695918,0.25,1.0,6400000.0
8.0,8.0,8.0,3.0,28.0,20.0,2357.0,2176.0,0.21183510327283472,0.21733614376884747,0.0625,16.0,6400000.0
1.0,8.0,8.0,1.0,1.0,1.0,543.0,32.0,-0.0030632107251067353,-0.0017650185808415486,0.03125,2048.0,6400000.0
1.0,8.0,8.0,1.0,1.0,1.0,543.0,32.0,-0.0030632107251067353,-0.0017650185808415486,4.0,4096.0,6400000.0
1.0,8.0,8.0,1.0,1.0,1.0,543.0,32.0,-0.0030632107251067353,-0.0017650185808415486,0.125,128.0,6400000.0
1.0,8.0,8.0,1.0,1.0,1.0,543.0,32.0,-0.0030632107251067353,-0.0017650185808415486,0.015625,256.0,6400000.0
8.0,8.0,8.0,9.0,438.0,248.0,14858.0,38656.0,0.37396850290019934,0.3847690511423928,0.5,0.0078125,6400000.0
8.0,8.0,8.0,2.0,22.0,16.0,1924.0,1536.0,0.184803559555608,0.19082719424152972,64.0,16.0,6400000.0
1.0,8.0,8.0,1.0,1.0,1.0,543.0,32.0,-0.0030632107251067353,-0.0017650185808415486,0.25,1024.0,6400000.0
8.0,8.0,8.0,3.0,215.0,158.0,9014.0,24256.0,0.24901570911800275,0.2548376174699951,16.0,0.25,6400000.0
1.0,8.0,8.0,1.0,1.0,1.0,543.0,32.0,-0.0030632107251067353,-0.0017650185808415486,0.0625,16384.0,6400000.0
8.0,8.0,8.0,2.0,327.0,248.0,13035.0,38656.0,0.21017108486356073,0.21696458867250368,32.0,0.00195312,6400000.0
8.0,8.0,8.0,7.0,422.0,248.0,14751.0,38656.0,0.37711515868796197,0.38461188314552097,2.0,0.0,6400000.0
8.0,8.0,8.0,2.0,53.0,39.0,3436.0,5216.0,0.21160466329072625,0.21830151438038625,32.0,2.0,6400000.0
8.0,8.0,8.0,3.0,352.0,248.0,13390.0,38656.0,0.27391464382377084,0.28267683400433874,4.0,0.00390625,6400000.0
8.0,8.0,8.0,3.0,42.0,28.0,2727.0,3456.0,0.23449431988645453,0.2406930752249571,0.5,8.0,6400000.0
1.0,1.0,2.0,1.0,1.0,1.0,39.0,32.0,-0.0030632107251067353,-0.0017650185808415486,8.0,2048.0,6400000.0
1.0,1.0,2.0,2.0,7.0,4.0,219.0,512.0,0.04649236193195383,0.049028621040196785,16.0,0.015625,6400000.0
8.0,8.0,8.0,9.0,428.0,248.0,14751.0,38656.0,0.3713014698144803,0.3807147828845854,1.0,0.0625,6400000.0
8.0,8.0,8.0,3.0,350.0,248.0,13264.0,38656.0,0.275882153794204,0.2823101233950742,8.0,0.03125,6400000.0
8.0,8.0,8.0,9.0,414.0,248.0,14587.0,38656.0,0.36879135599321067,0.3779756132101606,0.125,0.125,6400000.0
1.0,8.0,8.0,1.0,1.0,1.0,543.0,32.0,-0.0030632107251067353,-0.0017650185808415486,32.0,2048.0,6400000.0
3.0,8.0,8.0,2.0,9.0,6.0,1295.0,576.0,0.10115259004895938,0.10346957106453547,1.0,64.0,6400000.0
1.0,1.0,2.0,2.0,3.0,2.0,112.0,192.0,0.03911015413878083,0.040912063041146696,16.0,16.0,6400000.0
1.0,8.0,8.0,1.0,1.0,1.0,543.0,32.0,-0.0030632107251067353,-0.0017650185808415486,512.0,8192.0,6400000.0
8.0,8.0,8.0,3.0,61.0,45.0,3657.0,6176.0,0.24788551441063278,0.2568811078572928,4.0,4.0,6400000.0
8.0,8.0,8.0,2.0,319.0,248.0,12872.0,38656.0,0.2094665963328466,0.2167467135242811,64.0,0.015625,6400000.0
1.0,8.0,8.0,1.0,1.0,1.0,543.0,32.0,-0.0030632107251067353,-0.0017650185808415486,8.0,32768.0,6400000.0
8.0,8.0,8.0,7.0,385.0,248.0,14142.0,38656.0,0.3641327159554735,0.37195321555048444,2.0,0.5,6400000.0
1.0,8.0,8.0,1.0,1.0,1.0,543.0,32.0,-0.0030632107251067353,-0.0017650185808415486,2.0,512.0,6400000.0
8.0,8.0,8.0,2.0,22.0,16.0,1924.0,1536.0,0.184803559555608,0.19082719424152972,8.0,32.0,6400000.0
1.0,8.0,8.0,1.0,1.0,1.0,543.0,32.0,-0.0030632107251067353,-0.0017650185808415486,16.0,256.0,6400000.0
1.0,8.0,8.0,1.0,1.0,1.0,543.0,32.0,-0.0030632107251067353,-0.0017650185808415486,1024.0,64.0,6400000.0
1.0,8.0,8.0,1.0,1.0,1.0,543.0,32.0,-0.0030632107251067353,-0.0017650185808415486,2048.0,0.5,6400000.0
1.0,8.0,8.0,1.0,1.0,1.0,543.0,32.0,-0.0030632107251067353,-0.0017650185808415486,1024.0,0.0625,6400000.0
1.0,8.0,8.0,1.0,1.0,1.0,543.0,32.0,-0.0030632107251067353,-0.0017650185808415486,2048.0,512.0,6400000.0
1.0,8.0,8.0,1.0,1.0,1.0,543.0,32.0,-0.0030632107251067353,-0.0017650185808415486,64.0,16384.0,6400000.0
1.0,8.0,8.0,1.0,1.0,1.0,543.0,32.0,-0.0030632107251067353,-0.0017650185808415486,128.0,0.125,6400000.0
1.0,8.0,8.0,1.0,1.0,1.0,543.0,32.0,-0.0030632107251067353,-0.0017650185808415486,4096.0,8192.0,6400000.0
1.0,8.0,8.0,1.0,1.0,1.0,543.0,32.0,-0.0030632107251067353,-0.0017650185808415486,4096.0,8.0,6400000.0
1.0,8.0,8.0,1.0,1.0,1.0,543.0,32.0,-0.0030632107251067353,-0.0017650185808415486,256.0,0.000976562,6400000.0
1.0,8.0,8.0,1.0,1.0,1.0,543.0,32.0,-0.0030632107251067353,-0.0017650185808415486,512.0,8.0,6400000.0
1.0,8.0,8.0,1.0,1.0,1.0,543.0,32.0,-0.0030632107251067353,-0.0017650185808415486,4096.0,0.00390625,6400000.0
1.0,8.0,8.0,1.0,1.0,1.0,543.0,32.0,-0.0030632107251067353,-0.0017650185808415486,2048.0,0.0,6400000.0
1.0,8.0,8.0,1.0,1.0,1.0,543.0,32.0,-0.0030632107251067353,-0.0017650185808415486,8192.0,0.0625,6400000.0
1.0,8.0,8.0,1.0,1.0,1.0,543.0,32.0,-0.0030632107251067353,-0.0017650185808415486,512.0,0.0078125,6400000.0
1.0,8.0,8.0,1.0,1.0,1.0,543.0,32.0,-0.0030632107251067353,-0.0017650185808415486,256.0,1024.0,6400000.0
1.0,8.0,8.0,1.0,1.0,1.0,543.0,32.0,-0.0030632107251067353,-0.0017650185808415486,4096.0,4.0,6400000.0
1.0,1.0,2.0,1.0,1.0,1.0,39.0,32.0,-0.0030632107251067353,-0.0017650185808415486,16.0,16384.0,6400000.0
1.0,8.0,8.0,1.0,1.0,1.0,543.0,32.0,-0.0030632107251067353,-0.0017650185808415486,8192.0,64.0,6400000.0
1.0,8.0,8.0,1.0,1.0,1.0,543.0,32.0,-0.0030632107251067353,-0.0017650185808415486,128.0,128.0,6400000.0
1.0,8.0,8.0,1.0,1.0,1.0,543.0,32.0,-0.0030632107251067353,-0.0017650185808415486,16384.0,512.0,6400000.0
1.0,8.0,8.0,1.0,1.0,1.0,543.0,32.0,-0.0030632107251067353,-0.0017650185808415486,16384.0,0.5,6400000.0
1.0,8.0,8.0,1.0,1.0,1.0,543.0,32.0,-0.0030632107251067353,-0.0017650185808415486,16384.0,0.0,6400000.0
1.0,1.0,2.0,1.0,1.0,1.0,39.0,32.0,-0.0030632107251067353,-0.0017650185808415486,16.0,32768.0,6400000.0
1.0,8.0,8.0,1.0,1.0,1.0,543.0,32.0,-0.0030632107251067353,-0.0017650185808415486,256.0,1.0,6400000.0
1.0,8.0,8.0,1.0,1.0,1.0,543.0,32.0,-0.0030632107251067353,-0.0017650185808415486,32768.0,0.00390625,6400000.0
1.0,8.0,8.0,1.0,1.0,1.0,543.0,32.0,-0.0030632107251067353,-0.0017650185808415486,32768.0,4.0,6400000.0
1.0,8.0,8.0,1.0,1.0,1.0,543.0,32.0,-0.0030632107251067353,-0.0017650185808415486,32768.0,4096.0,6400000.0
16.0,16.0,1.0,3.0,45.0,32.0,1283.0,3072.0,0.24561316408804057,0.25286188931552434,0.0,0.03125,6400000.0
1.0,16.0,1.0,1.0,1.0,1.0,35.0,32.0,-0.0030632107251067353,-0.0017650185808415486,0.0,32768.0,6400000.0
8.0,16.0,1.0,2.0,22.0,16.0,654.0,1536.0,0.184803559555608,0.19082719424152972,0.0,32.0,6400000.0
1.0,1.0,2.0,2.0,7.0,4.0,219.0,512.0,0.04649236193195383,0.049028621040196785,32.0,0.25,6400000.0
16.0,16.0,1.0,3.0,45.0,32.0,1283.0,3072.0,0.24561316408804057,0.25286188931552434,0.000976562,0.25,6400000.0
16.0,16.0,1.0,3.0,45.0,32.0,1283.0,3072.0,0.24561316408804057,0.25286188931552434,0.00195312,2.0,6400000.0
16.0,16.0,1.0,3.0,45.0,32.0,1283.0,3072.0,0.24561316408804057,0.25286188931552434,0.00195312,0.00195312,6400000.0
1.0,16.0,1.0,1.0,1.0,1.0,35.0,32.0,-0.0030632107251067353,-0.0017650185808415486,0.000976562,256.0,6400000.0
1.0,16.0,1.0,1.0,1.0,1.0,35.0,32.0,-0.0030632107251067353,-0.0017650185808415486,0.00195312,2048.0,6400000.0
1.0,16.0,1.0,1.0,1.0,1.0,35.0,32.0,-0.0030632107251067353,-0.0017650185808415486,0.00390625,16384.0,6400000.0
1.0,1.0,2.0,1.0,1.0,1.0,39.0,32.0,-0.0030632107251067353,-0.0017650185808415486,32.0,256.0,6400000.0
12.0,16.0,1.0,3.0,33.0,24.0,937.0,2304.0,0.22058073034453196,0.22746378695664926,0.00390625,16.0,6400000.0
16.0,16.0,1.0,3.0,45.0,32.0,1283.0,3072.0,0.24561316408804057,0.25286188931552434,0.015625,0.000976562,6400000.0
1.0,16.0,1.0,1.0,1.0,1.0,35.0,32.0,-0.0030632107251067353,-0.0017650185808415486,0.0078125,128.0,6400000.0
16.0,16.0,1.0,3.0,45.0,32.0,1283.0,3072.0,0.24561316408804057,0.25286188931552434,0.0078125,0.125,6400000.0
16.0,16.0,1.0,3.0,45.0,32.0,1283.0,3072.0,0.24561316408804057,0.25286188931552434,0.00390625,0.015625,6400000.0
1.0,16.0,1.0,1.0,1.0,1.0,35.0,32.0,-0.0030632107251067353,-0.0017650185808415486,0.015625,1024.0,6400000.0
16.0,16.0,1.0,3.0,45.0,32.0,1283.0,3072.0,0.24561316408804057,0.25286188931552434,0.015625,1.0,6400000.0
16.0,16.0,1.0,3.0,45.0,32.0,1283.0,3072.0,0.24561316408804057,0.25286188931552434,0.125,0.5,6400000.0
16.0,16.0,1.0,3.0,45.0,32.0,1283.0,3072.0,0.24561316408804057,0.25286188931552434,0.03125,8.0,6400000.0
1.0,1.0,2.0,2.0,7.0,4.0,219.0,512.0,0.04649236193195383,0.049028621040196785,64.0,0.00195312,6400000.0
3.0,16.0,1.0,2.0,9.0,6.0,279.0,576.0,0.10115259004895938,0.10346957106453547,0.0625,64.0,6400000.0
16.0,16.0,1.0,3.0,45.0,32.0,1283.0,3072.0,0.24561316408804057,0.25286188931552434,0.03125,0.0078125,6400000.0
1.0,16.0,1.0,1.0,1.0,1.0,35.0,32.0,-0.0030632107251067353,-0.0017650185808415486,0.03125,8192.0,6400000.0
16.0,16.0,1.0,3.0,45.0,32.0,1283.0,3072.0,0.24561316408804057,0.25286188931552434,0.0625,0.0625,6400000.0
16.0,16.0,1.0,3.0,45.0,32.0,1283.0,3072.0,0.24561316408804057,0.25286188931552434,0.125,0.0,6400000.0
1.0,16.0,1.0,1.0,1.0,1.0,35.0,32.0,-0.0030632107251067353,-0.0017650185808415486,0.125,512.0,6400000.0
16.0,16.0,1.0,3.0,45.0,32.0,1283.0,3072.0,0.24561316408804057,0.25286188931552434,0.25,0.00390625,6400000.0
16.0,16.0,1.0,3.0,45.0,32.0,1283.0,3072.0,0.24561316408804057,0.25286188931552434,0.25,4.0,6400000.0
1.0,16.0,1.0,1.0,1.0,1.0,35.0,32.0,-0.0030632107251067353,-0.0017650185808415486,0.25,4096.0,6400000.0
16.0,16.0,1.0,3.0,45.0,32.0,1283.0,3072.0,0.24561316408804057,0.25286188931552434,0.5,0.03125,6400000.0
8.0,16.0,1.0,2.0,22.0,16.0,654.0,1536.0,0.184803559555608,0.19082719424152972,0.5,32.0,6400000.0
1.0,16.0,1.0,1.0,1.0,1.0,35.0,32.0,-0.0030632107251067353,-0.0017650185808415486,0.5,32768.0,6400000.0
16.0,16.0,1.0,3.0,45.0,32.0,1283.0,3072.0,0.24561316408804057,0.25286188931552434,1.0,0.25,6400000.0
16.0,16.0,1.0,3.0,45.0,32.0,1283.0,3072.0,0.24561109371689316,0.2528620213811914,2.0,0.00195312,6400000.0
1.0,16.0,1.0,1.0,1.0,1.0,35.0,32.0,-0.0030632107251067353,-0.0017650185808415486,1.0,256.0,6400000.0
1.0,8.0,8.0,1.0,1.0,1.0,543.0,32.0,-0.0030632107251067353,-0.0017650185808415486,4096.0,16384.0,6400000.0
1.0,1.0,1.0,2.0,3.0,2.0,108.0,192.0,0.03911015413878083,0.040912063041146696,0.0078125,2.0,6400000.0
1.0,8.0,8.0,1.0,1.0,1.0,543.0,32.0,-0.0030632107251067353,-0.0017650185808415486,4096.0,16.0,6400000.0
1.0,1.0,2.0,2.0,7.0,4.0,219.0,512.0,0.04649236193195383,0.049028621040196785,64.0,2.0,6400000.0
1.0,8.0,8.0,1.0,1.0,1.0,543.0,32.0,-0.0030632107251067353,-0.0017650185808415486,8192.0,0.125,6400000.0
1.0,16.0,1.0,1.0,1.0,1.0,35.0,32.0,-0.0030632107251067353,-0.0017650185808415486,2.0,2048.0,6400000.0
16.0,16.0,1.0,3.0,45.0,32.0,1283.0,3072.0,0.24561109371689316,0.2528620213811914,2.0,2.0,6400000.0
16.0,16.0,1.0,3.0,45.0,32.0,1283.0,3072.0,0.245613679021364,0.25286208246288866,4.0,0.015625,6400000.0
1.0,8.0,8.0,1.0,1.0,1.0,543.0,32.0,-0.0030632107251067353,-0.0017650185808415486,8192.0,128.0,6400000.0
11.0,16.0,1.0,2.0,30.0,22.0,860.0,2112.0,0.211815897449531,0.21820531799146736,4.0,16.0,6400000.0
1.0,8.0,8.0,1.0,1.0,1.0,543.0,32.0,-0.0030632107251067353,-0.0017650185808415486,16384.0,1024.0,6400000.0
1.0,8.0,8.0,1.0,1.0,1.0,543.0,32.0,-0.0030632107251067353,-0.0017650185808415486,16384.0,0.000976562,6400000.0
1.0,8.0,8.0,1.0,1.0,1.0,543.0,32.0,-0.0030632107251067353,-0.0017650185808415486,16384.0,1.0,6400000.0
1.0,16.0,1.0,1.0,1.0,1.0,35.0,32.0,-0.0030632107251067353,-0.0017650185808415486,4.0,16384.0,6400000.0
16.0,16.0,1.0,2.0,45.0,32.0,1309.0,3072.0,0.23561062474946082,0.24274222107689147,16.0,1.0,6400000.0
1.0,1.0,2.0,2.0,7.0,4.0,219.0,512.0,0.04649236193195383,0.049028621040196785,32.0,0.0,6400000.0
1.0,16.0,1.0,1.0,1.0,1.0,35.0,32.0,-0.0030632107251067353,-0.0017650185808415486,8.0,128.0,6400000.0
16.0,16.0,1.0,3.0,45.0,32.0,1283.0,3072.0,0.24279139998005628,0.2515459569580979,8.0,0.125,6400000.0
1.0,8.0,8.0,1.0,1.0,1.0,543.0,32.0,-0.0030632107251067353,-0.0017650185808415486,32768.0,0.0078125,6400000.0
1.0,8.0,8.0,1.0,1.0,1.0,543.0,32.0,-0.0030632107251067353,-0.0017650185808415486,32768.0,8.0,6400000.0
1.0,16.0,1.0,1.0,1.0,1.0,35.0,32.0,-0.0030632107251067353,-0.0017650185808415486,16.0,1024.0,6400000.0
16.0,16.0,1.0,2.0,45.0,32.0,1309.0,3072.0,0.23561062474946082,0.24274222107689147,16.0,0.000976562,6400000.0
1.0,8.0,8.0,1.0,1.0,1.0,543.0,32.0,-0.0030632107251067353,-0.0017650185808415486,32768.0,8192.0,6400000.0
16.0,16.0,1.0,3.0,45.0,32.0,1283.0,3072.0,0.24561316408804057,0.25286188931552434,0.0,0.0625,6400000.0
16.0,16.0,1.0,3.0,45.0,32.0,1283.0,3072.0,0.24561316408804057,0.25286188931552434,0.000976562,0.0,6400000.0
3.0,16.0,1.0,2.0,9.0,6.0,279.0,576.0,0.10115259004895938,0.10346957106453547,0.0,64.0,6400000.0
1.0,1.0,2.0,2.0,7.0,4.0,219.0,512.0,0.04649236193195383,0.049028621040196785,32.0,0.5,6400000.0
16.0,16.0,1.0,3.0,45.0,32.0,1283.0,3072.0,0.24561316408804057,0.25286188931552434,0.000976562,0.5,6400000.0
16.0,16.0,1.0,3.0,45.0,32.0,1283.0,3072.0,0.24561316408804057,0.25286188931552434,0.00195312,4.0,6400000.0
1.0,16.0,1.0,1.0,1.0,1.0,35.0,32.0,-0.0030632107251067353,-0.0017650185808415486,0.00195312,4096.0,6400000.0
1.0,16.0,1.0,1.0,1.0,1.0,35.0,32.0,-0.0030632107251067353,-0.0017650185808415486,0.00390625,32768.0,6400000.0
1.0,16.0,1.0,1.0,1.0,1.0,35.0,32.0,-0.0030632107251067353,-0.0017650185808415486,0.000976562,512.0,6400000.0
16.0,16.0,1.0,3.0,45.0,32.0,1283.0,3072.0,0.24561316408804057,0.25286188931552434,0.015625,0.00195312,6400000.0
1.0,1.0,2.0,1.0,1.0,1.0,39.0,32.0,-0.0030632107251067353,-0.0017650185808415486,32.0,512.0,6400000.0
16.0,16.0,1.0,3.0,45.0,32.0,1283.0,3072.0,0.24561316408804057,0.25286188931552434,0.00195312,0.00390625,6400000.0
1.0,16.0,1.0,1.0,1.0,1.0,35.0,32.0,-0.0030632107251067353,-0.0017650185808415486,0.0078125,256.0,6400000.0
16.0,16.0,1.0,3.0,45.0,32.0,1283.0,3072.0,0.24561316408804057,0.25286188931552434,0.00390625,0.03125,6400000.0
16.0,16.0,1.0,3.0,45.0,32.0,1283.0,3072.0,0.24561316408804057,0.25286188931552434,0.0078125,0.25,6400000.0
8.0,16.0,1.0,2.0,22.0,16.0,654.0,1536.0,0.184803559555608,0.19082719424152972,0.00390625,32.0,6400000.0
1.0,16.0,1.0,1.0,1.0,1.0,35.0,32.0,-0.0030632107251067353,-0.0017650185808415486,0.03125,16384.0,6400000.0
16.0,16.0,1.0,3.0,45.0,32.0,1283.0,3072.0,0.24561316408804057,0.25286188931552434,0.0625,0.125,6400000.0
1.0,1.0,2.0,2.0,7.0,4.0,219.0,512.0,0.04649236193195383,0.049028621040196785,64.0,0.00390625,6400000.0
16.0,16.0,1.0,3.0,45.0,32.0,1283.0,3072.0,0.24561316408804057,0.25286188931552434,0.125,1.0,6400000.0
1.0,16.0,1.0,1.0,1.0,1.0,35.0,32.0,-0.0030632107251067353,-0.0017650185808415486,0.015625,2048.0,6400000.0
1.0,16.0,1.0,1.0,1.0,1.0,35.0,32.0,-0.0030632107251067353,-0.0017650185808415486,0.0625,128.0,6400000.0
16.0,16.0,1.0,3.0,45.0,32.0,1283.0,3072.0,0.24561316408804057,0.25286188931552434,0.125,0.000976562,6400000.0
12.0,16.0,1.0,3.0,33.0,24.0,937.0,2304.0,0.22058073034453196,0.22746378695664926,0.03125,16.0,6400000.0
1.0,16.0,1.0,1.0,1.0,1.0,35.0,32.0,-0.0030632107251067353,-0.0017650185808415486,0.125,1024.0,6400000.0
16.0,16.0,1.0,3.0,45.0,32.0,1283.0,3072.0,0.24561316408804057,0.25286188931552434,0.03125,0.015625,6400000.0
16.0,16.0,1.0,3.0,45.0,32.0,1283.0,3072.0,0.24561316408804057,0.25286188931552434,0.015625,2.0,6400000.0
16.0,16.0,1.0,3.0,45.0,32.0,1283.0,3072.0,0.24561316408804057,0.25286188931552434,0.25,0.0078125,6400000.0
1.0,16.0,1.0,1.0,1.0,1.0,35.0,32.0,-0.0030632107251067353,-0.0017650185808415486,0.25,8192.0,6400000.0
3.0,16.0,1.0,2.0,9.0,6.0,279.0,576.0,0.10115259004895938,0.10346957106453547,0.5,64.0,6400000.0
16.0,16.0,1.0,3.0,45.0,32.0,1283.0,3072.0,0.24561316408804057,0.25286188931552434,0.5,0.0625,6400000.0
16.0,16.0,1.0,3.0,45.0,32.0,1283.0,3072.0,0.24561316408804057,0.25286188931552434,0.25,8.0,6400000.0
16.0,16.0,1.0,3.0,45.0,32.0,1283.0,3072.0,0.24561316408804057,0.25286188931552434,1.0,0.0,6400000.0
16.0,16.0,1.0,3.0,45.0,32.0,1283.0,3072.0,0.24561316408804057,0.25286188931552434,1.0,0.5,6400000.0
1.0,16.0,1.0,1.0,1.0,1.0,35.0,32.0,-0.0030632107251067353,-0.0017650185808415486,1.0,512.0,6400000.0
1.0,8.0,8.0,1.0,1.0,1.0,543.0,32.0,-0.0030632107251067353,-0.0017650185808415486,4096.0,32768.0,6400000.0
16.0,16.0,1.0,3.0,45.0,32.0,1283.0,3072.0,0.24561109371689316,0.2528620213811914,2.0,0.00390625,6400000.0
1.0,1.0,2.0,2.0,7.0,4.0,219.0,512.0,0.04649236193195383,0.049028621040196785,64.0,4.0,6400000.0
1.0,1.0,1.0,2.0,3.0,2.0,108.0,192.0,0.03911015413878083,0.040912063041146696,0.0078125,4.0,6400000.0
1.0,8.0,8.0,1.0,1.0,1.0,543.0,32.0,-0.0030632107251067353,-0.0017650185808415486,4096.0,32.0,6400000.0
1.0,8.0,8.0,1.0,1.0,1.0,543.0,32.0,-0.0030632107251067353,-0.0017650185808415486,8192.0,0.25,6400000.0
1.0,8.0,8.0,1.0,1.0,1.0,543.0,32.0,-0.0030632107251067353,-0.0017650185808415486,16384.0,2048.0,6400000.0
1.0,16.0,1.0,1.0,1.0,1.0,35.0,32.0,-0.0030632107251067353,-0.0017650185808415486,2.0,4096.0,6400000.0
16.0,16.0,1.0,3.0,45.0,32.0,1283.0,3072.0,0.24561109371689316,0.2528620213811914,2.0,4.0,6400000.0
1.0,8.0,8.0,1.0,1.0,1.0,543.0,32.0,-0.0030632107251067353,-0.0017650185808415486,8192.0,256.0,6400000.0
16.0,16.0,1.0,3.0,45.0,32.0,1283.0,3072.0,0.245613679021364,0.25286208246288866,4.0,0.03125,6400000.0
8.0,16.0,1.0,2.0,22.0,16.0,654.0,1536.0,0.184803559555608,0.19082719424152972,4.0,32.0,6400000.0
1.0,8.0,8.0,1.0,1.0,1.0,543.0,32.0,-0.0030632107251067353,-0.0017650185808415486,16384.0,0.00195312,6400000.0
1.0,8.0,8.0,1.0,1.0,1.0,543.0,32.0,-0.0030632107251067353,-0.0017650185808415486,16384.0,2.0,6400000.0
1.0,8.0,8.0,1.0,1.0,1.0,543.0,32.0,-0.0030632107251067353,-0.0017650185808415486,32768.0,0.015625,6400000.0
16.0,16.0,1.0,2.0,45.0,32.0,1309.0,3072.0,0.23561062474946082,0.24274222107689147,16.0,2.0,6400000.0
1.0,16.0,1.0,1.0,1.0,1.0,35.0,32.0,-0.0030632107251067353,-0.0017650185808415486,8.0,256.0,6400000.0
1.0,16.0,1.0,1.0,1.0,1.0,35.0,32.0,-0.0030632107251067353,-0.0017650185808415486,4.0,32768.0,6400000.0
16.0,16.0,1.0,3.0,45.0,32.0,1283.0,3072.0,0.24279139998005628,0.2515459569580979,8.0,0.25,6400000.0
1.0,1.0,2.0,2.0,7.0,4.0,219.0,512.0,0.04649236193195383,0.049028621040196785,32.0,0.000976562,6400000.0
1.0,16.0,1.0,1.0,1.0,1.0,35.0,32.0,-0.0030632107251067353,-0.0017650185808415486,16.0,2048.0,6400000.0
1.0,8.0,8.0,1.0,1.0,1.0,543.0,32.0,-0.0030632107251067353,-0.0017650185808415486,32768.0,16384.0,6400000.0
16.0,16.0,1.0,2.0,45.0,32.0,1309.0,3072.0,0.23561062474946082,0.24274222107689147,16.0,0.00195312,6400000.0
1.0,8.0,8.0,1.0,1.0,1.0,543.0,32.0,-0.0030632107251067353,-0.0017650185808415486,32768.0,16.0,6400000.0
16.0,16.0,1.0,3.0,45.0,32.0,1283.0,3072.0,0.24561316408804057,0.25286188931552434,0.0,0.125,6400000.0
16.0,16.0,1.0,3.0,45.0,32.0,1283.0,3072.0,0.24561316408804057,0.25286188931552434,0.000976562,0.000976562,6400000.0
1.0,16.0,1.0,1.0,1.0,1.0,35.0,32.0,-0.0030632107251067353,-0.0017650185808415486,0.0,128.0,6400000.0
1.0,1.0,2.0,2.0,7.0,4.0,219.0,512.0,0.04649236193195383,0.049028621040196785,32.0,1.0,6400000.0
16.0,16.0,1.0,3.0,45.0,32.0,1283.0,3072.0,0.24561316408804057,0.25286188931552434,0.000976562,1.0,6400000.0
16.0,16.0,1.0,3.0,45.0,32.0,1283.0,3072.0,0.24561316408804057,0.25286188931552434,0.00195312,8.0,6400000.0
1.0,16.0,1.0,1.0,1.0,1.0,35.0,32.0,-0.0030632107251067353,-0.0017650185808415486,0.00195312,8192.0,6400000.0
1.0,16.0,1.0,1.0,1.0,1.0,35.0,32.0,-0.0030632107251067353,-0.0017650185808415486,0.000976562,1024.0,6400000.0
16.0,16.0,1.0,3.0,45.0,32.0,1283.0,3072.0,0.24561316408804057,0.25286188931552434,0.0078125,0.0,6400000.0
16.0,16.0,1.0,3.0,45.0,32.0,1283.0,3072.0,0.24561316408804057,0.25286188931552434,0.00195312,0.0078125,6400000.0
16.0,16.0,1.0,3.0,45.0,32.0,1283.0,3072.0,0.24561316408804057,0.25286188931552434,0.0078125,0.5,6400000.0
16.0,16.0,1.0,3.0,45.0,32.0,1283.0,3072.0,0.24561316408804057,0.25286188931552434,0.015625,0.00390625,6400000.0
1.0,1.0,2.0,1.0,1.0,1.0,39.0,32.0,-0.0030632107251067353,-0.0017650185808415486,32.0,1024.0,6400000.0
16.0,16.0,1.0,3.0,45.0,32.0,1283.0,3072.0,0.24561316408804057,0.25286188931552434,0.0625,0.25,6400000.0
1.0,16.0,1.0,1.0,1.0,1.0,35.0,32.0,-0.0030632107251067353,-0.0017650185808415486,0.0078125,512.0,6400000.0
1.0,16.0,1.0,1.0,1.0,1.0,35.0,32.0,-0.0030632107251067353,-0.0017650185808415486,0.015625,4096.0,6400000.0
16.0,16.0,1.0,3.0,45.0,32.0,1283.0,3072.0,0.24561316408804057,0.25286188931552434,0.00390625,0.0625,6400000.0
3.0,16.0,1.0,2.0,9.0,6.0,279.0,576.0,0.10115259004895938,0.10346957106453547,0.00390625,64.0,6400000.0
1.0,16.0,1.0,1.0,1.0,1.0,35.0,32.0,-0.0030632107251067353,-0.0017650185808415486,0.03125,32768.0,6400000.0
8.0,16.0,1.0,2.0,22.0,16.0,654.0,1536.0,0.184803559555608,0.19082719424152972,0.03125,32.0,6400000.0
16.0,16.0,1.0,3.0,45.0,32.0,1283.0,3072.0,0.24561316408804057,0.25286188931552434,0.015625,4.0,6400000.0
16.0,16.0,1.0,3.0,45.0,32.0,1283.0,3072.0,0.24561316408804057,0.25286188931552434,0.125,0.00195312,6400000.0
16.0,16.0,1.0,3.0,45.0,32.0,1283.0,3072.0,0.24561316408804057,0.25286188931552434,0.03125,0.03125,6400000.0
16.0,16.0,1.0,3.0,45.0,32.0,1283.0,3072.0,0.24561316408804057,0.25286188931552434,0.125,2.0,6400000.0
16.0,16.0,1.0,3.0,45.0,32.0,1283.0,3072.0,0.24561316408804057,0.25286188931552434,0.25,0.015625,6400000.0
1.0,16.0,1.0,1.0,1.0,1.0,35.0,32.0,-0.0030632107251067353,-0.0017650185808415486,0.125,2048.0,6400000.0
1.0,1.0,2.0,2.0,7.0,4.0,219.0,512.0,0.04649236193195383,0.049028621040196785,64.0,0.0078125,6400000.0
1.0,16.0,1.0,1.0,1.0,1.0,35.0,32.0,-0.0030632107251067353,-0.0017650185808415486,0.25,16384.0,6400000.0
1.0,16.0,1.0,1.0,1.0,1.0,35.0,32.0,-0.0030632107251067353,-0.0017650185808415486,0.0625,256.0,6400000.0
16.0,16.0,1.0,3.0,45.0,32.0,1283.0,3072.0,0.24561316408804057,0.25286188931552434,0.5,0.125,6400000.0
12.0,16.0,1.0,3.0,33.0,24.0,937.0,2304.0,0.22058073034453196,0.22746378695664926,0.25,16.0,6400000.0
1.0,16.0,1.0,1.0,1.0,1.0,35.0,32.0,-0.0030632107251067353,-0.0017650185808415486,0.5,128.0,6400000.0
16.0,16.0,1.0,3.0,45.0,32.0,1283.0,3072.0,0.24561316408804057,0.25286188931552434,1.0,0.000976562,6400000.0
16.0,16.0,1.0,3.0,45.0,32.0,1283.0,3072.0,0.24561316408804057,0.25286188931552434,1.0,1.0,6400000.0
1.0,16.0,1.0,1.0,1.0,1.0,35.0,32.0,-0.0030632107251067353,-0.0017650185808415486,1.0,1024.0,6400000.0
1.0,8.0,8.0,1.0,1.0,1.0,543.0,32.0,-0.0030632107251067353,-0.0017650185808415486,8192.0,0.0,6400000.0
1.0,1.0,1.0,2.0,3.0,2.0,108.0,192.0,0.03911015413878083,0.040912063041146696,0.0078125,8.0,6400000.0
1.0,8.0,8.0,1.0,1.0,1.0,543.0,32.0,-0.0030632107251067353,-0.0017650185808415486,4096.0,64.0,6400000.0
1.0,8.0,8.0,1.0,1.0,1.0,543.0,32.0,-0.0030632107251067353,-0.0017650185808415486,16384.0,4096.0,6400000.0
1.0,8.0,8.0,1.0,1.0,1.0,543.0,32.0,-0.0030632107251067353,-0.0017650185808415486,8192.0,0.5,6400000.0
16.0,16.0,1.0,3.0,45.0,32.0,1283.0,3072.0,0.24561109371689316,0.2528620213811914,2.0,0.0078125,6400000.0
1.0,16.0,1.0,1.0,1.0,1.0,35.0,32.0,-0.0030632107251067353,-0.0017650185808415486,2.0,8192.0,6400000.0
1.0,1.0,2.0,2.0,5.0,3.0,150.0,352.0,0.0448609123359176,0.04645360057610004,64.0,8.0,6400000.0
16.0,16.0,1.0,3.0,45.0,32.0,1283.0,3072.0,0.24561109371689316,0.2528620213811914,2.0,8.0,6400000.0
1.0,8.0,8.0,1.0,1.0,1.0,543.0,32.0,-0.0030632107251067353,-0.0017650185808415486,8192.0,512.0,6400000.0
16.0,16.0,1.0,3.0,45.0,32.0,1283.0,3072.0,0.245613679021364,0.25286208246288866,4.0,0.0625,6400000.0
3.0,16.0,1.0,2.0,9.0,6.0,279.0,576.0,0.10115259004895938,0.10346957106453547,4.0,64.0,6400000.0
1.0,8.0,8.0,1.0,1.0,1.0,543.0,32.0,-0.0030632107251067353,-0.0017650185808415486,16384.0,4.0,6400000.0
1.0,16.0,1.0,1.0,1.0,1.0,35.0,32.0,-0.0030632107251067353,-0.0017650185808415486,8.0,512.0,6400000.0
16.0,16.0,1.0,2.0,45.0,32.0,1309.0,3072.0,0.23561062474946082,0.24274222107689147,16.0,4.0,6400000.0
1.0,1.0,2.0,2.0,7.0,4.0,219.0,512.0,0.04649236193195383,0.049028621040196785,32.0,0.00195312,6400000.0
1.0,8.0,8.0,1.0,1.0,1.0,543.0,32.0,-0.0030632107251067353,-0.0017650185808415486,32768.0,0.03125,6400000.0
1.0,8.0,8.0,1.0,1.0,1.0,543.0,32.0,-0.0030632107251067353,-0.0017650185808415486,16384.0,0.00390625,6400000.0
16.0,16.0,1.0,3.0,45.0,32.0,1283.0,3072.0,0.24279139998005628,0.2515459569580979,8.0,0.5,6400000.0
16.0,16.0,1.0,3.0,45.0,32.0,1283.0,3072.0,0.24279139998005628,0.2515459569580979,8.0,0.0,6400000.0
1.0,16.0,1.0,1.0,1.0,1.0,35.0,32.0,-0.0030632107251067353,-0.0017650185808415486,16.0,4096.0,6400000.0
16.0,16.0,1.0,2.0,45.0,32.0,1309.0,3072.0,0.23561062474946082,0.24274222107689147,16.0,0.00390625,6400000.0
1.0,8.0,8.0,1.0,1.0,1.0,543.0,32.0,-0.0030632107251067353,-0.0017650185808415486,32768.0,32.0,6400000.0
1.0,8.0,8.0,1.0,1.0,1.0,543.0,32.0,-0.0030632107251067353,-0.0017650185808415486,32768.0,32768.0,6400000.0
16.0,16.0,1.0,3.0,45.0,32.0,1283.0,3072.0,0.24561316408804057,0.25286188931552434,0.0,0.25,6400000.0
16.0,16.0,1.0,3.0,45.0,32.0,1283.0,3072.0,0.24561316408804057,0.25286188931552434,0.000976562,0.00195312,6400000.0
1.0,16.0,1.0,1.0,1.0,1.0,35.0,32.0,-0.0030632107251067353,-0.0017650185808415486,0.0,256.0,6400000.0
16.0,16.0,1.0,3.0,45.0,32.0,1283.0,3072.0,0.24561316408804057,0.25286188931552434,0.000976562,2.0,6400000.0
1.0,1.0,2.0,2.0,7.0,4.0,219.0,512.0,0.04649236193195383,0.049028621040196785,32.0,2.0,6400000.0
12.0,16.0,1.0,3.0,33.0,24.0,937.0,2304.0,0.22058073034453196,0.22746378695664926,0.00195312,16.0,6400000.0
1.0,16.0,1.0,1.0,1.0,1.0,35.0,32.0,-0.0030632107251067353,-0.0017650185808415486,0.00195312,16384.0,6400000.0
16.0,16.0,1.0,3.0,45.0,32.0,1283.0,3072.0,0.24561316408804057,0.25286188931552434,0.0078125,0.000976562,6400000.0
16.0,16.0,1.0,3.0,45.0,32.0,1283.0,3072.0,0.24561316408804057,0.25286188931552434,0.0078125,1.0,6400000.0
16.0,16.0,1.0,3.0,45.0,32.0,1283.0,3072.0,0.24561316408804057,0.25286188931552434,0.015625,0.0078125,6400000.0
16.0,16.0,1.0,3.0,45.0,32.0,1283.0,3072.0,0.24561316408804057,0.25286188931552434,0.00195312,0.015625,6400000.0
1.0,16.0,1.0,1.0,1.0,1.0,35.0,32.0,-0.0030632107251067353,-0.0017650185808415486,0.000976562,2048.0,6400000.0
16.0,16.0,1.0,3.0,45.0,32.0,1283.0,3072.0,0.24561316408804057,0.25286188931552434,0.0625,0.5,6400000.0
1.0,16.0,1.0,1.0,1.0,1.0,35.0,32.0,-0.0030632107251067353,-0.0017650185808415486,0.0078125,1024.0,6400000.0
16.0,16.0,1.0,3.0,45.0,32.0,1283.0,3072.0,0.24561316408804057,0.25286188931552434,0.015625,8.0,6400000.0
1.0,16.0,1.0,1.0,1.0,1.0,35.0,32.0,-0.0030632107251067353,-0.0017650185808415486,0.00390625,128.0,6400000.0
1.0,1.0,2.0,1.0,1.0,1.0,39.0,32.0,-0.0030632107251067353,-0.0017650185808415486,32.0,2048.0,6400000.0
16.0,16.0,1.0,3.0,45.0,32.0,1283.0,3072.0,0.24561316408804057,0.25286188931552434,0.0625,0.0,6400000.0
16.0,16.0,1.0,3.0,45.0,32.0,1283.0,3072.0,0.24561316408804057,0.25286188931552434,0.03125,0.0625,6400000.0
16.0,16.0,1.0,3.0,45.0,32.0,1283.0,3072.0,0.24561316408804057,0.25286188931552434,0.125,0.00390625,6400000.0
1.0,16.0,1.0,1.0,1.0,1.0,35.0,32.0,-0.0030632107251067353,-0.0017650185808415486,0.015625,8192.0,6400000.0
3.0,16.0,1.0,2.0,9.0,6.0,279.0,576.0,0.10115259004895938,0.10346957106453547,0.03125,64.0,6400000.0
16.0,16.0,1.0,3.0,45.0,32.0,1283.0,3072.0,0.24561316408804057,0.25286188931552434,0.125,4.0,6400000.0
1.0,16.0,1.0,1.0,1.0,1.0,35.0,32.0,-0.0030632107251067353,-0.0017650185808415486,0.125,4096.0,6400000.0
1.0,16.0,1.0,1.0,1.0,1.0,35.0,32.0,-0.0030632107251067353,-0.0017650185808415486,0.0625,512.0,6400000.0
1.0,16.0,1.0,1.0,1.0,1.0,35.0,32.0,-0.0030632107251067353,-0.0017650185808415486,0.25,32768.0,6400000.0
16.0,16.0,1.0,3.0,45.0,32.0,1283.0,3072.0,0.24561316408804057,0.25286188931552434,0.00390625,0.125,6400000.0
16.0,16.0,1.0,3.0,45.0,32.0,1283.0,3072.0,0.24561316408804057,0.25286188931552434,0.25,0.03125,6400000.0
1.0,1.0,2.0,2.0,7.0,4.0,219.0,512.0,0.04649236193195383,0.049028621040196785,64.0,0.015625,6400000.0
8.0,16.0,1.0,2.0,22.0,16.0,654.0,1536.0,0.184803559555608,0.19082719424152972,0.25,32.0,6400000.0
16.0,16.0,1.0,3.0,45.0,32.0,1283.0,3072.0,0.24561316408804057,0.25286188931552434,0.5,0.25,6400000.0
16.0,16.0,1.0,3.0,45.0,32.0,1283.0,3072.0,0.24561316408804057,0.25286188931552434,1.0,0.00195312,6400000.0
16.0,16.0,1.0,3.0,45.0,32.0,1283.0,3072.0,0.24561316408804057,0.25286188931552434,1.0,2.0,6400000.0
1.0,16.0,1.0,1.0,1.0,1.0,35.0,32.0,-0.0030632107251067353,-0.0017650185808415486,0.5,256.0,6400000.0
1.0,16.0,1.0,1.0,1.0,1.0,35.0,32.0,-0.0030632107251067353,-0.0017650185808415486,1.0,2048.0,6400000.0
1.0,8.0,8.0,1.0,1.0,1.0,543.0,32.0,-0.0030632107251067353,-0.0017650185808415486,8192.0,0.000976562,6400000.0
1.0,8.0,8.0,1.0,1.0,1.0,543.0,32.0,-0.0030632107251067353,-0.0017650185808415486,4096.0,128.0,6400000.0
1.0,8.0,8.0,1.0,1.0,1.0,543.0,32.0,-0.0030632107251067353,-0.0017650185808415486,8192.0,1.0,6400000.0
1.0,1.0,2.0,2.0,3.0,2.0,112.0,192.0,0.03911015413878083,0.040912063041146696,64.0,16.0,6400000.0
12.0,16.0,1.0,3.0,33.0,24.0,937.0,2304.0,0.22058008498100445,0.22746552742711335,2.0,16.0,6400000.0
1.0,1.0,1.0,2.0,3.0,2.0,108.0,192.0,0.03911015413878083,0.040912063041146696,0.0078125,16.0,6400000.0
1.0,8.0,8.0,1.0,1.0,1.0,543.0,32.0,-0.0030632107251067353,-0.0017650185808415486,8192.0,1024.0,6400000.0
16.0,16.0,1.0,3.0,45.0,32.0,1283.0,3072.0,0.245613679021364,0.25286208246288866,4.0,0.125,6400000.0
1.0,16.0,1.0,1.0,1.0,1.0,35.0,32.0,-0.0030632107251067353,-0.0017650185808415486,2.0,16384.0,6400000.0
1.0,8.0,8.0,1.0,1.0,1.0,543.0,32.0,-0.0030632107251067353,-0.0017650185808415486,16384.0,8192.0,6400000.0
16.0,16.0,1.0,3.0,45.0,32.0,1283.0,3072.0,0.24561109371689316,0.2528620213811914,2.0,0.015625,6400000.0
1.0,16.0,1.0,1.0,1.0,1.0,35.0,32.0,-0.0030632107251067353,-0.0017650185808415486,4.0,128.0,6400000.0
1.0,16.0,1.0,1.0,1.0,1.0,35.0,32.0,-0.0030632107251067353,-0.0017650185808415486,8.0,1024.0,6400000.0
1.0,8.0,8.0,1.0,1.0,1.0,543.0,32.0,-0.0030632107251067353,-0.0017650185808415486,16384.0,8.0,6400000.0
16.0,16.0,1.0,2.0,45.0,32.0,1309.0,3072.0,0.23561062474946082,0.24274222107689147,16.0,8.0,6400000.0
1.0,1.0,2.0,2.0,7.0,4.0,219.0,512.0,0.04649236193195383,0.049028621040196785,32.0,0.00390625,6400000.0
1.0,8.0,8.0,1.0,1.0,1.0,543.0,32.0,-0.0030632107251067353,-0.0017650185808415486,16384.0,0.0078125,6400000.0
1.0,8.0,8.0,1.0,1.0,1.0,543.0,32.0,-0.0030632107251067353,-0.0017650185808415486,32768.0,0.0625,6400000.0
16.0,16.0,1.0,3.0,45.0,32.0,1283.0,3072.0,0.24279139998005628,0.2515459569580979,8.0,1.0,6400000.0
1.0,8.0,8.0,1.0,1.0,1.0,543.0,32.0,-0.0030632107251067353,-0.0017650185808415486,32768.0,64.0,6400000.0
1.0,16.0,1.0,1.0,1.0,1.0,35.0,32.0,-0.0030632107251067353,-0.0017650185808415486,16.0,8192.0,6400000.0
16.0,16.0,1.0,3.0,45.0,32.0,1283.0,3072.0,0.24279139998005628,0.2515459569580979,8.0,0.000976562,6400000.0
16.0,16.0,1.0,3.0,45.0,32.0,1283.0,3072.0,0.24561316408804057,0.25286188931552434,0.0,0.0,6400000.0
16.0,16.0,1.0,2.0,45.0,32.0,1309.0,3072.0,0.23561062474946082,0.24274222107689147,16.0,0.0078125,6400000.0
16.0,16.0,1.0,3.0,45.0,32.0,1283.0,3072.0,0.24561316408804057,0.25286188931552434,0.0,0.5,6400000.0
16.0,16.0,1.0,3.0,45.0,32.0,1283.0,3072.0,0.24561316408804057,0.25286188931552434,0.000976562,0.00390625,6400000.0
16.0,16.0,1.0,3.0,45.0,32.0,1283.0,3072.0,0.24561316408804057,0.25286188931552434,0.000976562,4.0,6400000.0
1.0,16.0,1.0,1.0,1.0,1.0,35.0,32.0,-0.0030632107251067353,-0.0017650185808415486,0.0,512.0,6400000.0
1.0,1.0,2.0,2.0,7.0,4.0,219.0,512.0,0.04649236193195383,0.049028621040196785,32.0,4.0,6400000.0
1.0,16.0,1.0,1.0,1.0,1.0,35.0,32.0,-0.0030632107251067353,-0.0017650185808415486,0.00195312,32768.0,6400000.0
8.0,16.0,1.0,2.0,22.0,16.0,654.0,1536.0,0.184803559555608,0.19082719424152972,0.00195312,32.0,6400000.0
16.0,16.0,1.0,3.0,45.0,32.0,1283.0,3072.0,0.24561316408804057,0.25286188931552434,0.0078125,0.00195312,6400000.0
1.0,16.0,1.0,1.0,1.0,1.0,35.0,32.0,-0.0030632107251067353,-0.0017650185808415486,0.000976562,4096.0,6400000.0
16.0,16.0,1.0,3.0,45.0,32.0,1283.0,3072.0,0.24561316408804057,0.25286188931552434,0.00195312,0.03125,6400000.0
16.0,16.0,1.0,3.0,45.0,32.0,1283.0,3072.0,0.24561316408804057,0.25286188931552434,0.0078125,2.0,6400000.0
16.0,16.0,1.0,3.0,45.0,32.0,1283.0,3072.0,0.24561316408804057,0.25286188931552434,0.015625,0.015625,6400000.0
16.0,16.0,1.0,3.0,45.0,32.0,1283.0,3072.0,0.24561316408804057,0.25286188931552434,0.0625,1.0,6400000.0
1.0,16.0,1.0,1.0,1.0,1.0,35.0,32.0,-0.0030632107251067353,-0.0017650185808415486,0.015625,16384.0,6400000.0
1.0,16.0,1.0,1.0,1.0,1.0,35.0,32.0,-0.0030632107251067353,-0.0017650185808415486,0.0078125,2048.0,6400000.0
1.0,16.0,1.0,1.0,1.0,1.0,35.0,32.0,-0.0030632107251067353,-0.0017650185808415486,0.00390625,256.0,6400000.0
1.0,1.0,2.0,1.0,1.0,1.0,39.0,32.0,-0.0030632107251067353,-0.0017650185808415486,32.0,4096.0,6400000.0
12.0,16.0,1.0,3.0,33.0,24.0,937.0,2304.0,0.22058073034453196,0.22746378695664926,0.015625,16.0,6400000.0
1.0,16.0,1.0,1.0,1.0,1.0,35.0,32.0,-0.0030632107251067353,-0.0017650185808415486,0.03125,128.0,6400000.0
16.0,16.0,1.0,3.0,45.0,32.0,1283.0,3072.0,0.24561316408804057,0.25286188931552434,0.03125,0.125,6400000.0
16.0,16.0,1.0,3.0,45.0,32.0,1283.0,3072.0,0.24561316408804057,0.25286188931552434,0.0625,0.000976562,6400000.0
16.0,16.0,1.0,3.0,45.0,32.0,1283.0,3072.0,0.24561316408804057,0.25286188931552434,0.125,0.0078125,6400000.0
1.0,16.0,1.0,1.0,1.0,1.0,35.0,32.0,-0.0030632107251067353,-0.0017650185808415486,0.125,8192.0,6400000.0
16.0,16.0,1.0,3.0,45.0,32.0,1283.0,3072.0,0.24561316408804057,0.25286188931552434,0.25,0.0625,6400000.0
1.0,16.0,1.0,1.0,1.0,1.0,35.0,32.0,-0.0030632107251067353,-0.0017650185808415486,0.0625,1024.0,6400000.0
1.0,1.0,2.0,2.0,7.0,4.0,219.0,512.0,0.04649236193195383,0.049028621040196785,64.0,0.03125,6400000.0
16.0,16.0,1.0,3.0,45.0,32.0,1283.0,3072.0,0.24561316408804057,0.25286188931552434,0.125,8.0,6400000.0
16.0,16.0,1.0,3.0,45.0,32.0,1283.0,3072.0,0.24561316408804057,0.25286188931552434,0.5,0.0,6400000.0
16.0,16.0,1.0,3.0,45.0,32.0,1283.0,3072.0,0.24561316408804057,0.25286188931552434,1.0,0.00390625,6400000.0
3.0,16.0,1.0,2.0,9.0,6.0,279.0,576.0,0.10115259004895938,0.10346957106453547,0.25,64.0,6400000.0
16.0,16.0,1.0,3.0,45.0,32.0,1283.0,3072.0,0.24561316408804057,0.25286188931552434,1.0,4.0,6400000.0
16.0,16.0,1.0,3.0,45.0,32.0,1283.0,3072.0,0.24561316408804057,0.25286188931552434,0.5,0.5,6400000.0
16.0,16.0,1.0,3.0,45.0,32.0,1283.0,3072.0,0.24561316408804057,0.25286188931552434,0.00390625,0.25,6400000.0
1.0,16.0,1.0,1.0,1.0,1.0,35.0,32.0,-0.0030632107251067353,-0.0017650185808415486,0.5,512.0,6400000.0
1.0,8.0,8.0,1.0,1.0,1.0,543.0,32.0,-0.0030632107251067353,-0.0017650185808415486,8192.0,0.00195312,6400000.0
1.0,16.0,1.0,1.0,1.0,1.0,35.0,32.0,-0.0030632107251067353,-0.0017650185808415486,1.0,4096.0,6400000.0
1.0,8.0,8.0,1.0,1.0,1.0,543.0,32.0,-0.0030632107251067353,-0.0017650185808415486,4096.0,256.0,6400000.0
1.0,1.0,1.0,2.0,3.0,2.0,108.0,192.0,0.03911015413878083,0.040912063041146696,0.0078125,32.0,6400000.0
1.0,8.0,8.0,1.0,1.0,1.0,543.0,32.0,-0.0030632107251067353,-0.0017650185808415486,8192.0,2048.0,6400000.0
16.0,16.0,1.0,3.0,45.0,32.0,1283.0,3072.0,0.245613679021364,0.25286208246288866,4.0,0.25,6400000.0
8.0,16.0,1.0,2.0,22.0,16.0,654.0,1536.0,0.184803559555608,0.19082719424152972,2.0,32.0,6400000.0
1.0,16.0,1.0,1.0,1.0,1.0,35.0,32.0,-0.0030632107251067353,-0.0017650185808415486,2.0,32768.0,6400000.0
1.0,1.0,2.0,2.0,3.0,2.0,112.0,192.0,0.03911015413878083,0.040912063041146696,64.0,32.0,6400000.0
1.0,8.0,8.0,1.0,1.0,1.0,543.0,32.0,-0.0030632107251067353,-0.0017650185808415486,16384.0,16384.0,6400000.0
16.0,16.0,1.0,3.0,45.0,32.0,1283.0,3072.0,0.24561109371689316,0.2528620213811914,2.0,0.03125,6400000.0
1.0,8.0,8.0,1.0,1.0,1.0,543.0,32.0,-0.0030632107251067353,-0.0017650185808415486,8192.0,2.0,6400000.0
1.0,16.0,1.0,1.0,1.0,1.0,35.0,32.0,-0.0030632107251067353,-0.0017650185808415486,4.0,256.0,6400000.0
1.0,16.0,1.0,1.0,1.0,1.0,35.0,32.0,-0.0030632107251067353,-0.0017650185808415486,8.0,2048.0,6400000.0
1.0,1.0,2.0,2.0,7.0,4.0,219.0,512.0,0.04649236193195383,0.049028621040196785,32.0,0.0078125,6400000.0
11.0,16.0,1.0,2.0,30.0,22.0,860.0,2112.0,0.211815897449531,0.21820531799146736,16.0,16.0,6400000.0
1.0,8.0,8.0,1.0,1.0,1.0,543.0,32.0,-0.0030632107251067353,-0.0017650185808415486,16384.0,16.0,6400000.0
1.0,8.0,8.0,1.0,1.0,1.0,543.0,32.0,-0.0030632107251067353,-0.0017650185808415486,16384.0,0.015625,6400000.0
1.0,16.0,1.0,1.0,1.0,1.0,35.0,32.0,-0.0030632107251067353,-0.0017650185808415486,16.0,16384.0,6400000.0
1.0,8.0,8.0,1.0,1.0,1.0,543.0,32.0,-0.0030632107251067353,-0.0017650185808415486,32768.0,0.125,6400000.0
16.0,16.0,1.0,3.0,45.0,32.0,1283.0,3072.0,0.24279139998005628,0.2515459569580979,8.0,2.0,6400000.0
16.0,16.0,1.0,3.0,45.0,32.0,1283.0,3072.0,0.24561316408804057,0.25286188931552434,0.000976562,0.0078125,6400000.0
16.0,16.0,1.0,3.0,45.0,32.0,1283.0,3072.0,0.24279139998005628,0.2515459569580979,8.0,0.00195312,6400000.0
16.0,16.0,1.0,2.0,45.0,32.0,1309.0,3072.0,0.23561062474946082,0.24274222107689147,16.0,0.015625,6400000.0
1.0,8.0,8.0,1.0,1.0,1.0,543.0,32.0,-0.0030632107251067353,-0.0017650185808415486,32768.0,128.0,6400000.0
16.0,16.0,1.0,3.0,45.0,32.0,1283.0,3072.0,0.24561316408804057,0.25286188931552434,0.0,1.0,6400000.0
16.0,16.0,1.0,3.0,45.0,32.0,1283.0,3072.0,0.24561316408804057,0.25286188931552434,0.0,0.000976562,6400000.0
1.0,1.0,2.0,2.0,5.0,3.0,150.0,352.0,0.0448609123359176,0.04645360057610004,32.0,8.0,6400000.0
1.0,16.0,1.0,1.0,1.0,1.0,35.0,32.0,-0.0030632107251067353,-0.0017650185808415486,0.0,1024.0,6400000.0
16.0,16.0,1.0,3.0,45.0,32.0,1283.0,3072.0,0.24561316408804057,0.25286188931552434,0.000976562,8.0,6400000.0
16.0,16.0,1.0,3.0,45.0,32.0,1283.0,3072.0,0.24561316408804057,0.25286188931552434,0.00390625,0.0,6400000.0
3.0,16.0,1.0,2.0,9.0,6.0,279.0,576.0,0.10115259004895938,0.10346957106453547,0.00195312,64.0,6400000.0
16.0,16.0,1.0,3.0,45.0,32.0,1283.0,3072.0,0.24561316408804057,0.25286188931552434,0.00195312,0.0625,6400000.0
16.0,16.0,1.0,3.0,45.0,32.0,1283.0,3072.0,0.24561316408804057,0.25286188931552434,0.0078125,0.00390625,6400000.0
1.0,16.0,1.0,1.0,1.0,1.0,35.0,32.0,-0.0030632107251067353,-0.0017650185808415486,0.000976562,8192.0,6400000.0
16.0,16.0,1.0,3.0,45.0,32.0,1283.0,3072.0,0.24561316408804057,0.25286188931552434,0.0625,2.0,6400000.0
16.0,16.0,1.0,3.0,45.0,32.0,1283.0,3072.0,0.24561316408804057,0.25286188931552434,0.015625,0.03125,6400000.0
1.0,16.0,1.0,1.0,1.0,1.0,35.0,32.0,-0.0030632107251067353,-0.0017650185808415486,0.0078125,4096.0,6400000.0
1.0,16.0,1.0,1.0,1.0,1.0,35.0,32.0,-0.0030632107251067353,-0.0017650185808415486,0.015625,32768.0,6400000.0
16.0,16.0,1.0,3.0,45.0,32.0,1283.0,3072.0,0.24561316408804057,0.25286188931552434,0.0078125,4.0,6400000.0
1.0,16.0,1.0,1.0,1.0,1.0,35.0,32.0,-0.0030632107251067353,-0.0017650185808415486,0.00390625,512.0,6400000.0
1.0,1.0,2.0,1.0,1.0,1.0,39.0,32.0,-0.0030632107251067353,-0.0017650185808415486,32.0,8192.0,6400000.0
16.0,16.0,1.0,3.0,45.0,32.0,1283.0,3072.0,0.24561316408804057,0.25286188931552434,0.03125,0.25,6400000.0
16.0,16.0,1.0,3.0,45.0,32.0,1283.0,3072.0,0.24561316408804057,0.25286188931552434,0.125,0.015625,6400000.0
16.0,16.0,1.0,3.0,45.0,32.0,1283.0,3072.0,0.24561316408804057,0.25286188931552434,0.0625,0.00195312,6400000.0
1.0,16.0,1.0,1.0,1.0,1.0,35.0,32.0,-0.0030632107251067353,-0.0017650185808415486,0.125,16384.0,6400000.0
8.0,16.0,1.0,2.0,22.0,16.0,654.0,1536.0,0.184803559555608,0.19082719424152972,0.015625,32.0,6400000.0
1.0,16.0,1.0,1.0,1.0,1.0,35.0,32.0,-0.0030632107251067353,-0.0017650185808415486,0.03125,256.0,6400000.0
16.0,16.0,1.0,3.0,45.0,32.0,1283.0,3072.0,0.24561316408804057,0.25286188931552434,1.0,0.0078125,6400000.0
1.0,16.0,1.0,1.0,1.0,1.0,35.0,32.0,-0.0030632107251067353,-0.0017650185808415486,0.0625,2048.0,6400000.0
16.0,16.0,1.0,3.0,45.0,32.0,1283.0,3072.0,0.24561316408804057,0.25286188931552434,0.00390625,0.5,6400000.0
1.0,1.0,2.0,2.0,7.0,4.0,219.0,512.0,0.04649236193195383,0.049028621040196785,64.0,0.0625,6400000.0
16.0,16.0,1.0,3.0,45.0,32.0,1283.0,3072.0,0.24561316408804057,0.25286188931552434,0.5,1.0,6400000.0
1.0,16.0,1.0,1.0,1.0,1.0,35.0,32.0,-0.0030632107251067353,-0.0017650185808415486,0.25,128.0,6400000.0
16.0,16.0,1.0,3.0,45.0,32.0,1283.0,3072.0,0.24561316408804057,0.25286188931552434,1.0,8.0,6400000.0
12.0,16.0,1.0,3.0,33.0,24.0,937.0,2304.0,0.22058073034453196,0.22746378695664926,0.125,16.0,6400000.0
16.0,16.0,1.0,3.0,45.0,32.0,1283.0,3072.0,0.24561316408804057,0.25286188931552434,0.25,0.125,6400000.0
1.0,16.0,1.0,1.0,1.0,1.0,35.0,32.0,-0.0030632107251067353,-0.0017650185808415486,0.5,1024.0,6400000.0
16.0,16.0,1.0,3.0,45.0,32.0,1283.0,3072.0,0.24561316408804057,0.25286188931552434,0.5,0.000976562,6400000.0
1.0,8.0,8.0,1.0,1.0,1.0,543.0,32.0,-0.0030632107251067353,-0.0017650185808415486,8192.0,0.00390625,6400000.0
1.0,16.0,1.0,1.0,1.0,1.0,35.0,32.0,-0.0030632107251067353,-0.0017650185808415486,1.0,8192.0,6400000.0
1.0,8.0,8.0,1.0,1.0,1.0,543.0,32.0,-0.0030632107251067353,-0.0017650185808415486,4096.0,512.0,6400000.0
16.0,16.0,1.0,3.0,45.0,32.0,1283.0,3072.0,0.245613679021364,0.25286208246288866,4.0,0.0,6400000.0
1.0,8.0,8.0,1.0,1.0,1.0,543.0,32.0,-0.0030632107251067353,-0.0017650185808415486,8192.0,4096.0,6400000.0
16.0,16.0,1.0,3.0,45.0,32.0,1283.0,3072.0,0.245613679021364,0.25286208246288866,4.0,0.5,6400000.0
3.0,16.0,1.0,2.0,9.0,6.0,279.0,576.0,0.10115259004895938,0.10346957106453547,2.0,64.0,6400000.0
1.0,1.0,2.0,1.0,1.0,1.0,39.0,32.0,-0.0030632107251067353,-0.0017650185808415486,64.0,64.0,6400000.0
1.0,1.0,1.0,2.0,3.0,2.0,108.0,192.0,0.03911015413878083,0.040912063041146696,0.0078125,64.0,6400000.0
16.0,16.0,1.0,3.0,45.0,32.0,1283.0,3072.0,0.24561109371689316,0.2528620213811914,2.0,0.0625,6400000.0
1.0,8.0,8.0,1.0,1.0,1.0,543.0,32.0,-0.0030632107251067353,-0.0017650185808415486,16384.0,32768.0,6400000.0
1.0,8.0,8.0,1.0,1.0,1.0,543.0,32.0,-0.0030632107251067353,-0.0017650185808415486,8192.0,4.0,6400000.0
1.0,16.0,1.0,1.0,1.0,1.0,35.0,32.0,-0.0030632107251067353,-0.0017650185808415486,4.0,512.0,6400000.0
1.0,16.0,1.0,1.0,1.0,1.0,35.0,32.0,-0.0030632107251067353,-0.0017650185808415486,8.0,4096.0,6400000.0
1.0,1.0,2.0,2.0,7.0,4.0,219.0,512.0,0.04649236193195383,0.049028621040196785,32.0,0.015625,6400000.0
1.0,8.0,8.0,1.0,1.0,1.0,543.0,32.0,-0.0030632107251067353,-0.0017650185808415486,32768.0,0.25,6400000.0
8.0,16.0,1.0,2.0,22.0,16.0,654.0,1536.0,0.184803559555608,0.19082719424152972,16.0,32.0,6400000.0
1.0,8.0,8.0,1.0,1.0,1.0,543.0,32.0,-0.0030632107251067353,-0.0017650185808415486,16384.0,32.0,6400000.0
1.0,8.0,8.0,1.0,1.0,1.0,543.0,32.0,-0.0030632107251067353,-0.0017650185808415486,16384.0,0.03125,6400000.0
1.0,16.0,1.0,1.0,1.0,1.0,35.0,32.0,-0.0030632107251067353,-0.0017650185808415486,16.0,32768.0,6400000.0
16.0,16.0,1.0,3.0,45.0,32.0,1283.0,3072.0,0.24561316408804057,0.25286188931552434,0.000976562,0.015625,6400000.0
16.0,16.0,1.0,3.0,45.0,32.0,1283.0,3072.0,0.24279139998005628,0.2515459569580979,8.0,4.0,6400000.0
16.0,16.0,1.0,3.0,45.0,32.0,1283.0,3072.0,0.24279139998005628,0.2515459569580979,8.0,0.00390625,6400000.0
16.0,16.0,1.0,2.0,45.0,32.0,1309.0,3072.0,0.23561062474946082,0.24274222107689147,16.0,0.03125,6400000.0
16.0,16.0,1.0,3.0,45.0,32.0,1283.0,3072.0,0.24561316408804057,0.25286188931552434,0.0,2.0,6400000.0
1.0,8.0,8.0,1.0,1.0,1.0,543.0,32.0,-0.0030632107251067353,-0.0017650185808415486,32768.0,256.0,6400000.0
1.0,1.0,2.0,2.0,3.0,2.0,112.0,192.0,0.03911015413878083,0.040912063041146696,32.0,16.0,6400000.0
12.0,16.0,1.0,3.0,33.0,24.0,937.0,2304.0,0.22058073034453196,0.22746378695664926,0.000976562,16.0,6400000.0
16.0,16.0,1.0,3.0,45.0,32.0,1283.0,3072.0,0.24561316408804057,0.25286188931552434,0.0,0.00195312,6400000.0
16.0,16.0,1.0,3.0,45.0,32.0,1283.0,3072.0,0.24561316408804057,0.25286188931552434,0.00390625,0.000976562,6400000.0
1.0,16.0,1.0,1.0,1.0,1.0,35.0,32.0,-0.0030632107251067353,-0.0017650185808415486,0.0,2048.0,6400000.0
1.0,16.0,1.0,1.0,1.0,1.0,35.0,32.0,-0.0030632107251067353,-0.0017650185808415486,0.00195312,128.0,6400000.0
16.0,16.0,1.0,3.0,45.0,32.0,1283.0,3072.0,0.24561316408804057,0.25286188931552434,0.0078125,0.0078125,6400000.0
16.0,16.0,1.0,3.0,45.0,32.0,1283.0,3072.0,0.24561316408804057,0.25286188931552434,0.00195312,0.125,6400000.0
1.0,16.0,1.0,1.0,1.0,1.0,35.0,32.0,-0.0030632107251067353,-0.0017650185808415486,0.000976562,16384.0,6400000.0
16.0,16.0,1.0,3.0,45.0,32.0,1283.0,3072.0,0.24561316408804057,0.25286188931552434,0.015625,0.0625,6400000.0
16.0,16.0,1.0,3.0,45.0,32.0,1283.0,3072.0,0.24561316408804057,0.25286188931552434,0.0078125,8.0,6400000.0
16.0,16.0,1.0,3.0,45.0,32.0,1283.0,3072.0,0.24561316408804057,0.25286188931552434,0.0625,4.0,6400000.0
1.0,16.0,1.0,1.0,1.0,1.0,35.0,32.0,-0.0030632107251067353,-0.0017650185808415486,0.0078125,8192.0,6400000.0
16.0,16.0,1.0,3.0,45.0,32.0,1283.0,3072.0,0.24561316408804057,0.25286188931552434,0.03125,0.0,6400000.0
16.0,16.0,1.0,3.0,45.0,32.0,1283.0,3072.0,0.24561316408804057,0.25286188931552434,0.03125,0.5,6400000.0
1.0,16.0,1.0,1.0,1.0,1.0,35.0,32.0,-0.0030632107251067353,-0.0017650185808415486,0.00390625,1024.0,6400000.0
1.0,1.0,2.0,1.0,1.0,1.0,39.0,32.0,-0.0030632107251067353,-0.0017650185808415486,32.0,16384.0,6400000.0
1.0,16.0,1.0,1.0,1.0,1.0,35.0,32.0,-0.0030632107251067353,-0.0017650185808415486,0.125,32768.0,6400000.0
16.0,16.0,1.0,3.0,45.0,32.0,1283.0,3072.0,0.24561316408804057,0.25286188931552434,1.0,0.015625,6400000.0
3.0,16.0,1.0,2.0,9.0,6.0,279.0,576.0,0.10115259004895938,0.10346957106453547,0.015625,64.0,6400000.0
1.0,16.0,1.0,1.0,1.0,1.0,35.0,32.0,-0.0030632107251067353,-0.0017650185808415486,0.0625,4096.0,6400000.0
16.0,16.0,1.0,3.0,45.0,32.0,1283.0,3072.0,0.24561316408804057,0.25286188931552434,0.0625,0.00390625,6400000.0
16.0,16.0,1.0,3.0,45.0,32.0,1283.0,3072.0,0.24561316408804057,0.25286188931552434,0.00390625,1.0,6400000.0
16.0,16.0,1.0,3.0,45.0,32.0,1283.0,3072.0,0.24561316408804057,0.25286188931552434,0.125,0.03125,6400000.0
16.0,16.0,1.0,3.0,45.0,32.0,1283.0,3072.0,0.24561316408804057,0.25286188931552434,0.5,2.0,6400000.0
1.0,16.0,1.0,1.0,1.0,1.0,35.0,32.0,-0.0030632107251067353,-0.0017650185808415486,0.03125,512.0,6400000.0
1.0,1.0,2.0,2.0,7.0,4.0,219.0,512.0,0.04649236193195383,0.049028621040196785,64.0,0.125,6400000.0
8.0,16.0,1.0,2.0,22.0,16.0,654.0,1536.0,0.184803559555608,0.19082719424152972,0.125,32.0,6400000.0
1.0,16.0,1.0,1.0,1.0,1.0,35.0,32.0,-0.0030632107251067353,-0.0017650185808415486,0.5,2048.0,6400000.0
1.0,16.0,1.0,1.0,1.0,1.0,35.0,32.0,-0.0030632107251067353,-0.0017650185808415486,0.25,256.0,6400000.0
1.0,16.0,1.0,1.0,1.0,1.0,35.0,32.0,-0.0030632107251067353,-0.0017650185808415486,1.0,16384.0,6400000.0
12.0,16.0,1.0,3.0,33.0,24.0,937.0,2304.0,0.22058073034453196,0.22746378695664926,1.0,16.0,6400000.0
1.0,8.0,8.0,1.0,1.0,1.0,543.0,32.0,-0.0030632107251067353,-0.0017650185808415486,8192.0,0.0078125,6400000.0
16.0,16.0,1.0,3.0,45.0,32.0,1283.0,3072.0,0.24561316408804057,0.25286188931552434,0.25,0.25,6400000.0
16.0,16.0,1.0,3.0,45.0,32.0,1283.0,3072.0,0.24561316408804057,0.25286188931552434,0.5,0.00195312,6400000.0
1.0,8.0,8.0,1.0,1.0,1.0,543.0,32.0,-0.0030632107251067353,-0.0017650185808415486,8192.0,8192.0,6400000.0
16.0,16.0,1.0,3.0,45.0,32.0,1283.0,3072.0,0.245613679021364,0.25286208246288866,4.0,1.0,6400000.0
1.0,8.0,8.0,1.0,1.0,1.0,543.0,32.0,-0.0030632107251067353,-0.0017650185808415486,4096.0,1024.0,6400000.0
1.0,16.0,1.0,1.0,1.0,1.0,35.0,32.0,-0.0030632107251067353,-0.0017650185808415486,2.0,128.0,6400000.0
16.0,16.0,1.0,3.0,45.0,32.0,1283.0,3072.0,0.245613679021364,0.25286208246288866,4.0,0.000976562,6400000.0
1.0,8.0,8.0,1.0,1.0,1.0,543.0,32.0,-0.0030632107251067353,-0.0017650185808415486,32768.0,0.0,6400000.0
1.0,1.0,2.0,1.0,1.0,1.0,39.0,32.0,-0.0030632107251067353,-0.0017650185808415486,64.0,128.0,6400000.0
16.0,16.0,1.0,3.0,45.0,32.0,1283.0,3072.0,0.24561109371689316,0.2528620213811914,2.0,0.125,6400000.0
1.0,1.0,1.0,1.0,1.0,1.0,35.0,32.0,-0.0030632107251067353,-0.0017650185808415486,0.0078125,128.0,6400000.0
1.0,8.0,8.0,1.0,1.0,1.0,543.0,32.0,-0.0030632107251067353,-0.0017650185808415486,8192.0,8.0,6400000.0
1.0,16.0,1.0,1.0,1.0,1.0,35.0,32.0,-0.0030632107251067353,-0.0017650185808415486,4.0,1024.0,6400000.0
1.0,16.0,1.0,1.0,1.0,1.0,35.0,32.0,-0.0030632107251067353,-0.0017650185808415486,8.0,8192.0,6400000.0
1.0,8.0,8.0,1.0,1.0,1.0,543.0,32.0,-0.0030632107251067353,-0.0017650185808415486,16384.0,64.0,6400000.0
1.0,1.0,2.0,2.0,7.0,4.0,219.0,512.0,0.04649236193195383,0.049028621040196785,32.0,0.03125,6400000.0
1.0,8.0,8.0,1.0,1.0,1.0,543.0,32.0,-0.0030632107251067353,-0.0017650185808415486,32768.0,0.5,6400000.0
3.0,16.0,1.0,2.0,9.0,6.0,279.0,576.0,0.10115259004895938,0.10346957106453547,16.0,64.0,6400000.0
1.0,8.0,8.0,1.0,1.0,1.0,543.0,32.0,-0.0030632107251067353,-0.0017650185808415486,16384.0,0.0625,6400000.0
16.0,16.0,1.0,3.0,45.0,32.0,1283.0,3072.0,0.24279139998005628,0.2515459569580979,8.0,0.0078125,6400000.0
16.0,16.0,1.0,3.0,45.0,32.0,1283.0,3072.0,0.24279139998005628,0.2515459569580979,8.0,8.0,6400000.0
16.0,16.0,1.0,3.0,45.0,32.0,1283.0,3072.0,0.24561316408804057,0.25286188931552434,0.000976562,0.03125,6400000.0
1.0,8.0,8.0,1.0,1.0,1.0,543.0,32.0,-0.0030632107251067353,-0.0017650185808415486,32768.0,512.0,6400000.0
16.0,16.0,1.0,2.0,45.0,32.0,1309.0,3072.0,0.23561062474946082,0.24274222107689147,32.0,0.0,6400000.0
1.0,1.0,2.0,2.0,3.0,2.0,112.0,192.0,0.03911015413878083,0.040912063041146696,32.0,32.0,6400000.0
16.0,16.0,1.0,2.0,45.0,32.0,1309.0,3072.0,0.23561062474946082,0.24274222107689147,16.0,0.0625,6400000.0
16.0,16.0,1.0,3.0,45.0,32.0,1283.0,3072.0,0.24561316408804057,0.25286188931552434,0.0,4.0,6400000.0
16.0,16.0,1.0,3.0,45.0,32.0,1283.0,3072.0,0.24561316408804057,0.25286188931552434,0.0,0.00390625,6400000.0
8.0,16.0,1.0,2.0,22.0,16.0,654.0,1536.0,0.184803559555608,0.19082719424152972,0.000976562,32.0,6400000.0
16.0,16.0,1.0,3.0,45.0,32.0,1283.0,3072.0,0.24561316408804057,0.25286188931552434,0.00390625,0.00195312,6400000.0
1.0,16.0,1.0,1.0,1.0,1.0,35.0,32.0,-0.0030632107251067353,-0.0017650185808415486,0.0,4096.0,6400000.0
16.0,16.0,1.0,3.0,45.0,32.0,1283.0,3072.0,0.24561316408804057,0.25286188931552434,0.0078125,0.015625,6400000.0
1.0,16.0,1.0,1.0,1.0,1.0,35.0,32.0,-0.0030632107251067353,-0.0017650185808415486,0.00195312,256.0,6400000.0
16.0,16.0,1.0,3.0,45.0,32.0,1283.0,3072.0,0.24561316408804057,0.25286188931552434,0.00195312,0.25,6400000.0
1.0,16.0,1.0,1.0,1.0,1.0,35.0,32.0,-0.0030632107251067353,-0.0017650185808415486,0.000976562,32768.0,6400000.0
16.0,16.0,1.0,3.0,45.0,32.0,1283.0,3072.0,0.24561316408804057,0.25286188931552434,0.015625,0.125,6400000.0
1.0,16.0,1.0,1.0,1.0,1.0,35.0,32.0,-0.0030632107251067353,-0.0017650185808415486,0.0078125,16384.0,6400000.0
12.0,16.0,1.0,3.0,33.0,24.0,937.0,2304.0,0.22058073034453196,0.22746378695664926,0.0078125,16.0,6400000.0
16.0,16.0,1.0,3.0,45.0,32.0,1283.0,3072.0,0.24561316408804057,0.25286188931552434,0.0625,8.0,6400000.0
16.0,16.0,1.0,3.0,45.0,32.0,1283.0,3072.0,0.24561316408804057,0.25286188931552434,0.03125,0.000976562,6400000.0
16.0,16.0,1.0,3.0,45.0,32.0,1283.0,3072.0,0.24561316408804057,0.25286188931552434,0.03125,1.0,6400000.0
1.0,1.0,2.0,1.0,1.0,1.0,39.0,32.0,-0.0030632107251067353,-0.0017650185808415486,32.0,32768.0,6400000.0
1.0,16.0,1.0,1.0,1.0,1.0,35.0,32.0,-0.0030632107251067353,-0.0017650185808415486,0.015625,128.0,6400000.0
1.0,16.0,1.0,1.0,1.0,1.0,35.0,32.0,-0.0030632107251067353,-0.0017650185808415486,0.00390625,2048.0,6400000.0
16.0,16.0,1.0,3.0,45.0,32.0,1283.0,3072.0,0.24561316408804057,0.25286188931552434,0.25,0.0,6400000.0
1.0,16.0,1.0,1.0,1.0,1.0,35.0,32.0,-0.0030632107251067353,-0.0017650185808415486,0.0625,8192.0,6400000.0
16.0,16.0,1.0,3.0,45.0,32.0,1283.0,3072.0,0.24561316408804057,0.25286188931552434,0.00390625,2.0,6400000.0
16.0,16.0,1.0,3.0,45.0,32.0,1283.0,3072.0,0.24561316408804057,0.25286188931552434,0.125,0.0625,6400000.0
16.0,16.0,1.0,3.0,45.0,32.0,1283.0,3072.0,0.24561316408804057,0.25286188931552434,1.0,0.03125,6400000.0
16.0,16.0,1.0,3.0,45.0,32.0,1283.0,3072.0,0.24561316408804057,0.25286188931552434,0.0625,0.0078125,6400000.0
16.0,16.0,1.0,3.0,45.0,32.0,1283.0,3072.0,0.24561316408804057,0.25286188931552434,0.5,4.0,6400000.0
1.0,1.0,2.0,2.0,7.0,4.0,219.0,512.0,0.04649236193195383,0.049028621040196785,64.0,0.25,6400000.0
1.0,16.0,1.0,1.0,1.0,1.0,35.0,32.0,-0.0030632107251067353,-0.0017650185808415486,0.03125,1024.0,6400000.0
1.0,8.0,8.0,1.0,1.0,1.0,543.0,32.0,-0.0030632107251067353,-0.0017650185808415486,8192.0,0.015625,6400000.0
16.0,16.0,1.0,3.0,45.0,32.0,1283.0,3072.0,0.24561316408804057,0.25286188931552434,0.25,0.5,6400000.0
1.0,16.0,1.0,1.0,1.0,1.0,35.0,32.0,-0.0030632107251067353,-0.0017650185808415486,0.5,4096.0,6400000.0
3.0,16.0,1.0,2.0,9.0,6.0,279.0,576.0,0.10115259004895938,0.10346957106453547,0.125,64.0,6400000.0
1.0,16.0,1.0,1.0,1.0,1.0,35.0,32.0,-0.0030632107251067353,-0.0017650185808415486,0.25,512.0,6400000.0
16.0,16.0,1.0,3.0,45.0,32.0,1283.0,3072.0,0.24561316408804057,0.25286188931552434,0.5,0.00390625,6400000.0
1.0,16.0,1.0,1.0,1.0,1.0,35.0,32.0,-0.0030632107251067353,-0.0017650185808415486,1.0,32768.0,6400000.0
16.0,16.0,1.0,3.0,45.0,32.0,1283.0,3072.0,0.245613679021364,0.25286208246288866,4.0,2.0,6400000.0
8.0,16.0,1.0,2.0,22.0,16.0,654.0,1536.0,0.184803559555608,0.19082719424152972,1.0,32.0,6400000.0
1.0,8.0,8.0,1.0,1.0,1.0,543.0,32.0,-0.0030632107251067353,-0.0017650185808415486,8192.0,16384.0,6400000.0
1.0,16.0,1.0,1.0,1.0,1.0,35.0,32.0,-0.0030632107251067353,-0.0017650185808415486,2.0,256.0,6400000.0
16.0,16.0,1.0,3.0,45.0,32.0,1283.0,3072.0,0.245613679021364,0.25286208246288866,4.0,0.00195312,6400000.0
1.0,8.0,8.0,1.0,1.0,1.0,543.0,32.0,-0.0030632107251067353,-0.0017650185808415486,4096.0,2048.0,6400000.0
1.0,8.0,8.0,1.0,1.0,1.0,543.0,32.0,-0.0030632107251067353,-0.0017650185808415486,32768.0,0.000976562,6400000.0
16.0,16.0,1.0,3.0,45.0,32.0,1283.0,3072.0,0.24561109371689316,0.2528620213811914,2.0,0.25,6400000.0
1.0,16.0,1.0,1.0,1.0,1.0,35.0,32.0,-0.0030632107251067353,-0.0017650185808415486,8.0,16384.0,6400000.0
1.0,1.0,2.0,1.0,1.0,1.0,39.0,32.0,-0.0030632107251067353,-0.0017650185808415486,64.0,256.0,6400000.0
1.0,1.0,1.0,1.0,1.0,1.0,35.0,32.0,-0.0030632107251067353,-0.0017650185808415486,0.0078125,256.0,6400000.0
1.0,16.0,1.0,1.0,1.0,1.0,35.0,32.0,-0.0030632107251067353,-0.0017650185808415486,4.0,2048.0,6400000.0
1.0,8.0,8.0,1.0,1.0,1.0,543.0,32.0,-0.0030632107251067353,-0.0017650185808415486,8192.0,16.0,6400000.0
1.0,8.0,8.0,1.0,1.0,1.0,543.0,32.0,-0.0030632107251067353,-0.0017650185808415486,16384.0,128.0,6400000.0
1.0,1.0,2.0,2.0,7.0,4.0,219.0,512.0,0.04649236193195383,0.049028621040196785,32.0,0.0625,6400000.0
1.0,8.0,8.0,1.0,1.0,1.0,543.0,32.0,-0.0030632107251067353,-0.0017650185808415486,16384.0,0.125,6400000.0
1.0,16.0,1.0,1.0,1.0,1.0,35.0,32.0,-0.0030632107251067353,-0.0017650185808415486,16.0,128.0,6400000.0
1.0,8.0,8.0,1.0,1.0,1.0,543.0,32.0,-0.0030632107251067353,-0.0017650185808415486,32768.0,1.0,6400000.0
16.0,16.0,1.0,3.0,45.0,32.0,1283.0,3072.0,0.24279139998005628,0.2515459569580979,8.0,0.015625,6400000.0
11.0,16.0,1.0,2.0,30.0,22.0,860.0,2112.0,0.211815897449531,0.21820531799146736,8.0,16.0,6400000.0
16.0,16.0,1.0,3.0,45.0,32.0,1283.0,3072.0,0.24561316408804057,0.25286188931552434,0.0,8.0,6400000.0
16.0,16.0,1.0,3.0,45.0,32.0,1283.0,3072.0,0.24561316408804057,0.25286188931552434,0.0,0.0078125,6400000.0
1.0,1.0,2.0,2.0,3.0,2.0,112.0,192.0,0.03911015413878083,0.040912063041146696,32.0,64.0,6400000.0
3.0,16.0,1.0,2.0,9.0,6.0,279.0,576.0,0.10115259004895938,0.10346957106453547,0.000976562,64.0,6400000.0
16.0,16.0,1.0,2.0,45.0,32.0,1309.0,3072.0,0.23561062474946082,0.24274222107689147,16.0,0.125,6400000.0
16.0,16.0,1.0,3.0,45.0,32.0,1283.0,3072.0,0.24561316408804057,0.25286188931552434,0.000976562,0.0625,6400000.0
1.0,8.0,8.0,1.0,1.0,1.0,543.0,32.0,-0.0030632107251067353,-0.0017650185808415486,32768.0,1024.0,6400000.0
16.0,16.0,1.0,2.0,45.0,32.0,1309.0,3072.0,0.23561062474946082,0.24274222107689147,32.0,0.000976562,6400000.0
16.0,16.0,1.0,3.0,45.0,32.0,1283.0,3072.0,0.24561316408804057,0.25286188931552434,0.00390625,0.00390625,6400000.0
1.0,16.0,1.0,1.0,1.0,1.0,35.0,32.0,-0.0030632107251067353,-0.0017650185808415486,0.0,8192.0,6400000.0
1.0,16.0,1.0,1.0,1.0,1.0,35.0,32.0,-0.0030632107251067353,-0.0017650185808415486,0.00195312,512.0,6400000.0
16.0,16.0,1.0,3.0,45.0,32.0,1283.0,3072.0,0.24561316408804057,0.25286188931552434,0.0078125,0.03125,6400000.0
16.0,16.0,1.0,3.0,45.0,32.0,1283.0,3072.0,0.24561316408804057,0.25286188931552434,0.00195312,0.5,6400000.0
16.0,16.0,1.0,3.0,45.0,32.0,1283.0,3072.0,0.24561316408804057,0.25286188931552434,0.00195312,0.0,6400000.0
16.0,16.0,1.0,3.0,45.0,32.0,1283.0,3072.0,0.24561316408804057,0.25286188931552434,0.015625,0.25,6400000.0
1.0,16.0,1.0,1.0,1.0,1.0,35.0,32.0,-0.0030632107251067353,-0.0017650185808415486,0.0078125,32768.0,6400000.0
12.0,16.0,1.0,3.0,33.0,24.0,937.0,2304.0,0.22058073034453196,0.22746378695664926,0.0625,16.0,6400000.0
16.0,16.0,1.0,3.0,45.0,32.0,1283.0,3072.0,0.24561316408804057,0.25286188931552434,0.03125,0.00195312,6400000.0
8.0,16.0,1.0,2.0,22.0,16.0,654.0,1536.0,0.184803559555608,0.19082719424152972,0.0078125,32.0,6400000.0
1.0,16.0,1.0,1.0,1.0,1.0,35.0,32.0,-0.0030632107251067353,-0.0017650185808415486,0.015625,256.0,6400000.0
16.0,16.0,1.0,3.0,45.0,32.0,1283.0,3072.0,0.24561316408804057,0.25286188931552434,0.25,0.000976562,6400000.0
1.0,16.0,1.0,1.0,1.0,1.0,35.0,32.0,-0.0030632107251067353,-0.0017650185808415486,0.00390625,4096.0,6400000.0
1.0,1.0,2.0,2.0,7.0,4.0,219.0,512.0,0.04649236193195383,0.049028621040196785,64.0,0.0,6400000.0
16.0,16.0,1.0,3.0,45.0,32.0,1283.0,3072.0,0.24561316408804057,0.25286188931552434,0.00390625,4.0,6400000.0
16.0,16.0,1.0,3.0,45.0,32.0,1283.0,3072.0,0.24561316408804057,0.25286188931552434,0.03125,2.0,6400000.0
1.0,16.0,1.0,1.0,1.0,1.0,35.0,32.0,-0.0030632107251067353,-0.0017650185808415486,0.0625,16384.0,6400000.0
16.0,16.0,1.0,3.0,45.0,32.0,1283.0,3072.0,0.24561316408804057,0.25286188931552434,1.0,0.0625,6400000.0
16.0,16.0,1.0,3.0,45.0,32.0,1283.0,3072.0,0.24561316408804057,0.25286188931552434,0.125,0.125,6400000.0
16.0,16.0,1.0,3.0,45.0,32.0,1283.0,3072.0,0.24561316408804057,0.25286188931552434,0.5,8.0,6400000.0
1.0,16.0,1.0,1.0,1.0,1.0,35.0,32.0,-0.0030632107251067353,-0.0017650185808415486,0.125,128.0,6400000.0
16.0,16.0,1.0,3.0,45.0,32.0,1283.0,3072.0,0.24561316408804057,0.25286188931552434,0.0625,0.015625,6400000.0
1.0,1.0,2.0,2.0,7.0,4.0,219.0,512.0,0.04649236193195383,0.049028621040196785,64.0,0.5,6400000.0
1.0,8.0,8.0,1.0,1.0,1.0,543.0,32.0,-0.0030632107251067353,-0.0017650185808415486,8192.0,0.03125,6400000.0
1.0,16.0,1.0,1.0,1.0,1.0,35.0,32.0,-0.0030632107251067353,-0.0017650185808415486,0.03125,2048.0,6400000.0
16.0,16.0,1.0,3.0,45.0,32.0,1283.0,3072.0,0.24561316408804057,0.25286188931552434,0.25,1.0,6400000.0
1.0,16.0,1.0,1.0,1.0,1.0,35.0,32.0,-0.0030632107251067353,-0.0017650185808415486,0.5,8192.0,6400000.0
16.0,16.0,1.0,3.0,45.0,32.0,1283.0,3072.0,0.245613679021364,0.25286208246288866,4.0,4.0,6400000.0
1.0,16.0,1.0,1.0,1.0,1.0,35.0,32.0,-0.0030632107251067353,-0.0017650185808415486,0.25,1024.0,6400000.0
16.0,16.0,1.0,3.0,45.0,32.0,1283.0,3072.0,0.24561316408804057,0.25286188931552434,0.5,0.0078125,6400000.0
16.0,16.0,1.0,3.0,45.0,32.0,1283.0,3072.0,0.24561109371689316,0.2528620213811914,2.0,0.0,6400000.0
3.0,16.0,1.0,2.0,9.0,6.0,279.0,576.0,0.10115259004895938,0.10346957106453547,1.0,64.0,6400000.0
1.0,8.0,8.0,1.0,1.0,1.0,543.0,32.0,-0.0030632107251067353,-0.0017650185808415486,8192.0,32768.0,6400000.0
1.0,16.0,1.0,1.0,1.0,1.0,35.0,32.0,-0.0030632107251067353,-0.0017650185808415486,2.0,512.0,6400000.0
16.0,16.0,1.0,3.0,45.0,32.0,1283.0,3072.0,0.24561109371689316,0.2528620213811914,2.0,0.5,6400000.0
1.0,16.0,1.0,1.0,1.0,1.0,35.0,32.0,-0.0030632107251067353,-0.0017650185808415486,4.0,4096.0,6400000.0
1.0,1.0,2.0,1.0,1.0,1.0,39.0,32.0,-0.0030632107251067353,-0.0017650185808415486,64.0,512.0,6400000.0
1.0,8.0,8.0,1.0,1.0,1.0,543.0,32.0,-0.0030632107251067353,-0.0017650185808415486,4096.0,4096.0,6400000.0
16.0,16.0,1.0,3.0,45.0,32.0,1283.0,3072.0,0.245613679021364,0.25286208246288866,4.0,0.00390625,6400000.0
1.0,8.0,8.0,1.0,1.0,1.0,543.0,32.0,-0.0030632107251067353,-0.0017650185808415486,32768.0,0.00195312,6400000.0
1.0,16.0,1.0,1.0,1.0,1.0,35.0,32.0,-0.0030632107251067353,-0.0017650185808415486,8.0,32768.0,6400000.0
1.0,1.0,1.0,1.0,1.0,1.0,35.0,32.0,-0.0030632107251067353,-0.0017650185808415486,0.0078125,512.0,6400000.0
1.0,8.0,8.0,1.0,1.0,1.0,543.0,32.0,-0.0030632107251067353,-0.0017650185808415486,8192.0,32.0,6400000.0
1.0,8.0,8.0,1.0,1.0,1.0,543.0,32.0,-0.0030632107251067353,-0.0017650185808415486,16384.0,256.0,6400000.0
1.0,8.0,8.0,1.0,1.0,1.0,543.0,32.0,-0.0030632107251067353,-0.0017650185808415486,16384.0,0.25,6400000.0
1.0,16.0,1.0,1.0,1.0,1.0,35.0,32.0,-0.0030632107251067353,-0.0017650185808415486,16.0,256.0,6400000.0
1.0,8.0,8.0,1.0,1.0,1.0,543.0,32.0,-0.0030632107251067353,-0.0017650185808415486,32768.0,2.0,6400000.0
1.0,1.0,2.0,2.0,7.0,4.0,219.0,512.0,0.04649236193195383,0.049028621040196785,32.0,0.125,6400000.0
8.0,16.0,1.0,2.0,22.0,16.0,654.0,1536.0,0.184803559555608,0.19082719424152972,8.0,32.0,6400000.0
16.0,16.0,1.0,3.0,45.0,32.0,1283.0,3072.0,0.24279139998005628,0.2515459569580979,8.0,0.03125,6400000.0
1.0,1.0,2.0,1.0,1.0,1.0,39.0,32.0,-0.0030632107251067353,-0.0017650185808415486,32.0,128.0,6400000.0
1.0,16.0,1.0,1.0,1.0,1.0,35.0,32.0,-0.0030632107251067353,-0.0017650185808415486,0.000976562,128.0,6400000.0
12.0,16.0,1.0,3.0,33.0,24.0,937.0,2304.0,0.22058073034453196,0.22746378695664926,0.0,16.0,6400000.0
16.0,16.0,1.0,2.0,45.0,32.0,1309.0,3072.0,0.23561062474946082,0.24274222107689147,16.0,0.25,6400000.0
16.0,16.0,1.0,3.0,45.0,32.0,1283.0,3072.0,0.24561316408804057,0.25286188931552434,0.000976562,0.125,6400000.0
16.0,16.0,1.0,2.0,45.0,32.0,1309.0,3072.0,0.23561062474946082,0.24274222107689147,32.0,0.00195312,6400000.0
16.0,16.0,1.0,3.0,45.0,32.0,1283.0,3072.0,0.24561316408804057,0.25286188931552434,0.0,0.015625,6400000.0
1.0,8.0,8.0,1.0,1.0,1.0,543.0,32.0,-0.0030632107251067353,-0.0017650185808415486,32768.0,2048.0,6400000.0
16.0,16.0,1.0,3.0,45.0,32.0,1283.0,3072.0,0.24561316408804057,0.25286188931552434,0.00390625,0.0078125,6400000.0
1.0,16.0,1.0,1.0,1.0,1.0,35.0,32.0,-0.0030632107251067353,-0.0017650185808415486,0.0,16384.0,6400000.0
16.0,16.0,1.0,3.0,45.0,32.0,1283.0,3072.0,0.24561316408804057,0.25286188931552434,0.0078125,0.0625,6400000.0
1.0,16.0,1.0,1.0,1.0,1.0,35.0,32.0,-0.0030632107251067353,-0.0017650185808415486,0.00195312,1024.0,6400000.0
16.0,16.0,1.0,3.0,45.0,32.0,1283.0,3072.0,0.24561316408804057,0.25286188931552434,0.00195312,1.0,6400000.0
16.0,16.0,1.0,3.0,45.0,32.0,1283.0,3072.0,0.24561316408804057,0.25286188931552434,0.00195312,0.000976562,6400000.0
16.0,16.0,1.0,3.0,45.0,32.0,1283.0,3072.0,0.24561316408804057,0.25286188931552434,0.015625,0.5,6400000.0
16.0,16.0,1.0,3.0,45.0,32.0,1283.0,3072.0,0.24561316408804057,0.25286188931552434,0.015625,0.0,6400000.0
16.0,16.0,1.0,3.0,45.0,32.0,1283.0,3072.0,0.24561316408804057,0.25286188931552434,0.03125,0.00390625,6400000.0
1.0,16.0,1.0,1.0,1.0,1.0,35.0,32.0,-0.0030632107251067353,-0.0017650185808415486,0.015625,512.0,6400000.0
8.0,16.0,1.0,2.0,22.0,16.0,654.0,1536.0,0.184803559555608,0.19082719424152972,0.0625,32.0,6400000.0
3.0,16.0,1.0,2.0,9.0,6.0,279.0,576.0,0.10115259004895938,0.10346957106453547,0.0078125,64.0,6400000.0
16.0,16.0,1.0,3.0,45.0,32.0,1283.0,3072.0,0.24561316408804057,0.25286188931552434,0.25,0.00195312,6400000.0
1.0,16.0,1.0,1.0,1.0,1.0,35.0,32.0,-0.0030632107251067353,-0.0017650185808415486,0.00390625,8192.0,6400000.0
1.0,1.0,2.0,2.0,7.0,4.0,219.0,512.0,0.04649236193195383,0.049028621040196785,64.0,0.000976562,6400000.0
16.0,16.0,1.0,3.0,45.0,32.0,1283.0,3072.0,0.24561316408804057,0.25286188931552434,0.00390625,8.0,6400000.0
16.0,16.0,1.0,3.0,45.0,32.0,1283.0,3072.0,0.24561316408804057,0.25286188931552434,0.03125,4.0,6400000.0
1.0,16.0,1.0,1.0,1.0,1.0,35.0,32.0,-0.0030632107251067353,-0.0017650185808415486,0.0625,32768.0,6400000.0
16.0,16.0,1.0,3.0,45.0,32.0,1283.0,3072.0,0.24561316408804057,0.25286188931552434,0.125,0.25,6400000.0
16.0,16.0,1.0,3.0,45.0,32.0,1283.0,3072.0,0.24561316408804057,0.25286188931552434,1.0,0.125,6400000.0
16.0,16.0,1.0,3.0,45.0,32.0,1283.0,3072.0,0.24561316408804057,0.25286188931552434,0.0625,0.03125,6400000.0
12.0,16.0,1.0,3.0,33.0,24.0,937.0,2304.0,0.22058073034453196,0.22746378695664926,0.5,16.0,6400000.0
1.0,1.0,2.0,2.0,7.0,4.0,219.0,512.0,0.04649236193195383,0.049028621040196785,64.0,1.0,6400000.0
16.0,16.0,1.0,3.0,45.0,32.0,1283.0,3072.0,0.24561316408804057,0.25286188931552434,0.25,2.0,6400000.0
16.0,16.0,1.0,3.0,45.0,32.0,1283.0,3072.0,0.24561316408804057,0.25286188931552434,0.5,0.015625,6400000.0
1.0,16.0,1.0,1.0,1.0,1.0,35.0,32.0,-0.0030632107251067353,-0.0017650185808415486,0.125,256.0,6400000.0
16.0,16.0,1.0,3.0,45.0,32.0,1283.0,3072.0,0.245613679021364,0.25286208246288866,4.0,8.0,6400000.0
1.0,16.0,1.0,1.0,1.0,1.0,35.0,32.0,-0.0030632107251067353,-0.0017650185808415486,0.5,16384.0,6400000.0
16.0,16.0,1.0,3.0,45.0,32.0,1283.0,3072.0,0.24561109371689316,0.2528620213811914,2.0,0.000976562,6400000.0
1.0,16.0,1.0,1.0,1.0,1.0,35.0,32.0,-0.0030632107251067353,-0.0017650185808415486,0.25,2048.0,6400000.0
1.0,16.0,1.0,1.0,1.0,1.0,35.0,32.0,-0.0030632107251067353,-0.0017650185808415486,0.03125,4096.0,6400000.0
1.0,1.0,2.0,1.0,1.0,1.0,39.0,32.0,-0.0030632107251067353,-0.0017650185808415486,64.0,2048.0,6400000.0
1.0,16.0,1.0,1.0,1.0,1.0,35.0,32.0,-0.0030632107251067353,-0.0017650185808415486,1.0,128.0,6400000.0
16.0,16.0,1.0,2.0,45.0,32.0,1309.0,3072.0,0.23561062474946082,0.24274222107689147,32.0,0.0078125,6400000.0
16.0,16.0,1.0,3.0,45.0,32.0,1283.0,3072.0,0.24561109371689316,0.2528620213811914,2.0,1.0,6400000.0
1.0,16.0,1.0,1.0,1.0,1.0,35.0,32.0,-0.0030632107251067353,-0.0017650185808415486,2.0,1024.0,6400000.0
1.0,1.0,2.0,1.0,1.0,1.0,39.0,32.0,-0.0030632107251067353,-0.0017650185808415486,64.0,1024.0,6400000.0
1.0,16.0,1.0,1.0,1.0,1.0,35.0,32.0,-0.0030632107251067353,-0.0017650185808415486,4.0,8192.0,6400000.0
16.0,16.0,1.0,3.0,45.0,32.0,1283.0,3072.0,0.245613679021364,0.25286208246288866,4.0,0.0078125,6400000.0
1.0,1.0,1.0,1.0,1.0,1.0,35.0,32.0,-0.0030632107251067353,-0.0017650185808415486,0.0078125,1024.0,6400000.0
16.0,16.0,1.0,2.0,45.0,32.0,1309.0,3072.0,0.23561062474946082,0.24274222107689147,16.0,0.0,6400000.0
16.0,16.0,1.0,2.0,45.0,32.0,1309.0,3072.0,0.23561062474946082,0.24274222107689147,32.0,8.0,6400000.0
1.0,16.0,1.0,1.0,1.0,1.0,35.0,32.0,-0.0030632107251067353,-0.0017650185808415486,32.0,8192.0,6400000.0
3.0,16.0,1.0,2.0,9.0,6.0,279.0,576.0,0.10115259004895938,0.10346957106453547,8.0,64.0,6400000.0
1.0,16.0,1.0,1.0,1.0,1.0,35.0,32.0,-0.0030632107251067353,-0.0017650185808415486,64.0,64.0,6400000.0
1.0,16.0,1.0,1.0,1.0,1.0,35.0,32.0,-0.0030632107251067353,-0.0017650185808415486,16.0,512.0,6400000.0
16.0,16.0,1.0,2.0,45.0,32.0,1309.0,3072.0,0.23561062474946082,0.24274222107689147,64.0,0.0625,6400000.0
1.0,16.0,1.0,1.0,1.0,1.0,35.0,32.0,-0.0030632107251067353,-0.0017650185808415486,128.0,512.0,6400000.0
1.0,16.0,1.0,1.0,1.0,1.0,35.0,32.0,-0.0030632107251067353,-0.0017650185808415486,128.0,0.5,6400000.0
16.0,16.0,1.0,3.0,45.0,32.0,1283.0,3072.0,0.24279139998005628,0.2515459569580979,8.0,0.0625,6400000.0
16.0,16.0,1.0,2.0,45.0,32.0,1309.0,3072.0,0.23561062474946082,0.24274222107689147,32.0,0.00390625,6400000.0
16.0,16.0,1.0,2.0,45.0,32.0,1309.0,3072.0,0.23561062474946082,0.24274222107689147,16.0,0.5,6400000.0
1.0,16.0,1.0,1.0,1.0,1.0,35.0,32.0,-0.0030632107251067353,-0.0017650185808415486,128.0,0.0,6400000.0
1.0,16.0,1.0,1.0,1.0,1.0,35.0,32.0,-0.0030632107251067353,-0.0017650185808415486,256.0,4.0,6400000.0
1.0,16.0,1.0,1.0,1.0,1.0,35.0,32.0,-0.0030632107251067353,-0.0017650185808415486,256.0,0.00390625,6400000.0
1.0,16.0,1.0,1.0,1.0,1.0,35.0,32.0,-0.0030632107251067353,-0.0017650185808415486,256.0,4096.0,6400000.0
1.0,16.0,1.0,1.0,1.0,1.0,35.0,32.0,-0.0030632107251067353,-0.0017650185808415486,512.0,32.0,6400000.0
1.0,1.0,2.0,1.0,1.0,1.0,39.0,32.0,-0.0030632107251067353,-0.0017650185808415486,128.0,0.015625,6400000.0
1.0,16.0,1.0,1.0,1.0,1.0,35.0,32.0,-0.0030632107251067353,-0.0017650185808415486,512.0,0.03125,6400000.0
1.0,16.0,1.0,1.0,1.0,1.0,35.0,32.0,-0.0030632107251067353,-0.0017650185808415486,1024.0,0.25,6400000.0
1.0,16.0,1.0,1.0,1.0,1.0,35.0,32.0,-0.0030632107251067353,-0.0017650185808415486,512.0,32768.0,6400000.0
1.0,16.0,1.0,1.0,1.0,1.0,35.0,32.0,-0.0030632107251067353,-0.0017650185808415486,1024.0,256.0,6400000.0
1.0,16.0,1.0,1.0,1.0,1.0,35.0,32.0,-0.0030632107251067353,-0.0017650185808415486,2048.0,0.00195312,6400000.0
1.0,16.0,1.0,1.0,1.0,1.0,35.0,32.0,-0.0030632107251067353,-0.0017650185808415486,2048.0,2.0,6400000.0
1.0,16.0,1.0,1.0,1.0,1.0,35.0,32.0,-0.0030632107251067353,-0.0017650185808415486,4096.0,0.015625,6400000.0
1.0,16.0,1.0,1.0,1.0,1.0,35.0,32.0,-0.0030632107251067353,-0.0017650185808415486,2048.0,2048.0,6400000.0
1.0,1.0,2.0,1.0,1.0,1.0,39.0,32.0,-0.0030632107251067353,-0.0017650185808415486,128.0,16.0,6400000.0
1.0,16.0,1.0,1.0,1.0,1.0,35.0,32.0,-0.0030632107251067353,-0.0017650185808415486,4096.0,16.0,6400000.0
1.0,16.0,1.0,1.0,1.0,1.0,35.0,32.0,-0.0030632107251067353,-0.0017650185808415486,8192.0,128.0,6400000.0
1.0,16.0,1.0,1.0,1.0,1.0,35.0,32.0,-0.0030632107251067353,-0.0017650185808415486,4096.0,16384.0,6400000.0
1.0,16.0,1.0,1.0,1.0,1.0,35.0,32.0,-0.0030632107251067353,-0.0017650185808415486,8192.0,0.125,6400000.0
1.0,16.0,1.0,1.0,1.0,1.0,35.0,32.0,-0.0030632107251067353,-0.0017650185808415486,16384.0,0.000976562,6400000.0
1.0,16.0,1.0,1.0,1.0,1.0,35.0,32.0,-0.0030632107251067353,-0.0017650185808415486,16384.0,1024.0,6400000.0
1.0,16.0,1.0,1.0,1.0,1.0,35.0,32.0,-0.0030632107251067353,-0.0017650185808415486,16384.0,1.0,6400000.0
1.0,16.0,1.0,1.0,1.0,1.0,35.0,32.0,-0.0030632107251067353,-0.0017650185808415486,32768.0,8.0,6400000.0
1.0,16.0,1.0,1.0,1.0,1.0,35.0,32.0,-0.0030632107251067353,-0.0017650185808415486,32768.0,8192.0,6400000.0
1.0,1.0,2.0,1.0,1.0,1.0,39.0,32.0,-0.0030632107251067353,-0.0017650185808415486,128.0,16384.0,6400000.0
1.0,16.0,1.0,1.0,1.0,1.0,35.0,32.0,-0.0030632107251067353,-0.0017650185808415486,32768.0,0.0078125,6400000.0
16.0,16.0,2.0,8.0,100.0,64.0,2868.0,8192.0,0.3134630654076762,0.3217070288650553,0.000976562,0.0,6400000.0
3.0,16.0,2.0,2.0,9.0,6.0,287.0,576.0,0.10115259004895938,0.10346957106453547,0.0,64.0,6400000.0
1.0,1.0,2.0,1.0,1.0,1.0,39.0,32.0,-0.0030632107251067353,-0.0017650185808415486,64.0,4096.0,6400000.0
16.0,16.0,2.0,8.0,100.0,64.0,2868.0,8192.0,0.3134630654076762,0.3217070288650553,0.00195312,0.00390625,6400000.0
1.0,16.0,2.0,1.0,1.0,1.0,39.0,32.0,-0.0030632107251067353,-0.0017650185808415486,0.00195312,4096.0,6400000.0
16.0,16.0,2.0,8.0,97.0,64.0,2796.0,8192.0,0.31362115702896476,0.32088480754438164,0.000976562,0.5,6400000.0
16.0,16.0,2.0,8.0,99.0,64.0,2867.0,8192.0,0.3134199277249061,0.32111833819139013,0.0,0.0625,6400000.0
16.0,16.0,2.0,8.0,87.0,59.0,2529.0,7392.0,0.31224753414160844,0.32003855301110296,0.00195312,4.0,6400000.0
1.0,1.0,2.0,1.0,1.0,1.0,39.0,32.0,-0.0030632107251067353,-0.0017650185808415486,256.0,0.125,6400000.0
1.0,16.0,2.0,1.0,1.0,1.0,39.0,32.0,-0.0030632107251067353,-0.0017650185808415486,0.000976562,512.0,6400000.0
16.0,16.0,2.0,8.0,99.0,64.0,2867.0,8192.0,0.3134199277249061,0.32111833819139013,0.0078125,0.25,6400000.0
16.0,16.0,2.0,8.0,99.0,64.0,2867.0,8192.0,0.3134199277249061,0.32111833819139013,0.00390625,0.03125,6400000.0
8.0,16.0,2.0,2.0,22.0,16.0,664.0,1536.0,0.184803559555608,0.19082719424152972,0.00390625,32.0,6400000.0
16.0,16.0,1.0,2.0,45.0,32.0,1309.0,3072.0,0.23561062474946082,0.24274222107689147,32.0,0.015625,6400000.0
1.0,16.0,2.0,1.0,1.0,1.0,39.0,32.0,-0.0030632107251067353,-0.0017650185808415486,0.00390625,32768.0,6400000.0
16.0,16.0,2.0,8.0,100.0,64.0,2868.0,8192.0,0.3134630654076762,0.3217070288650553,0.015625,0.00195312,6400000.0
1.0,16.0,2.0,1.0,1.0,1.0,39.0,32.0,-0.0030632107251067353,-0.0017650185808415486,0.0078125,256.0,6400000.0
1.0,16.0,2.0,1.0,1.0,1.0,39.0,32.0,-0.0030632107251067353,-0.0017650185808415486,0.015625,2048.0,6400000.0
16.0,16.0,2.0,7.0,95.0,64.0,2831.0,8192.0,0.31401432532344786,0.3212259875252097,0.015625,2.0,6400000.0
1.0,16.0,1.0,1.0,1.0,1.0,35.0,32.0,-0.0030632107251067353,-0.0017650185808415486,32.0,16384.0,6400000.0
11.0,16.0,2.0,3.0,35.0,25.0,1015.0,2592.0,0.23714634169335125,0.2431198474760431,0.03125,16.0,6400000.0
1.0,16.0,2.0,1.0,1.0,1.0,39.0,32.0,-0.0030632107251067353,-0.0017650185808415486,0.03125,16384.0,6400000.0
16.0,16.0,2.0,8.0,100.0,64.0,2868.0,8192.0,0.3134630654076762,0.3217070288650553,0.03125,0.015625,6400000.0
16.0,16.0,1.0,2.0,45.0,32.0,1309.0,3072.0,0.23561062474946082,0.24274222107689147,64.0,0.125,6400000.0
11.0,16.0,1.0,2.0,30.0,22.0,860.0,2112.0,0.211815897449531,0.21820531799146736,32.0,16.0,6400000.0
1.0,16.0,1.0,1.0,1.0,1.0,35.0,32.0,-0.0030632107251067353,-0.0017650185808415486,64.0,128.0,6400000.0
16.0,16.0,2.0,8.0,99.0,64.0,2867.0,8192.0,0.3134199277249061,0.32111833819139013,0.0625,0.125,6400000.0
1.0,16.0,1.0,1.0,1.0,1.0,35.0,32.0,-0.0030632107251067353,-0.0017650185808415486,128.0,1.0,6400000.0
1.0,16.0,1.0,1.0,1.0,1.0,35.0,32.0,-0.0030632107251067353,-0.0017650185808415486,128.0,0.000976562,6400000.0
1.0,16.0,1.0,1.0,1.0,1.0,35.0,32.0,-0.0030632107251067353,-0.0017650185808415486,128.0,1024.0,6400000.0
1.0,1.0,2.0,1.0,1.0,1.0,39.0,32.0,-0.0030632107251067353,-0.0017650185808415486,128.0,0.03125,6400000.0
1.0,1.0,2.0,1.0,1.0,1.0,39.0,32.0,-0.0030632107251067353,-0.0017650185808415486,256.0,128.0,6400000.0
1.0,16.0,2.0,1.0,1.0,1.0,39.0,32.0,-0.0030632107251067353,-0.0017650185808415486,0.0625,128.0,6400000.0
16.0,16.0,2.0,8.0,100.0,64.0,2868.0,8192.0,0.3134630654076762,0.3217070288650553,0.125,0.000976562,6400000.0
1.0,16.0,1.0,1.0,1.0,1.0,35.0,32.0,-0.0030632107251067353,-0.0017650185808415486,1024.0,0.0,6400000.0
1.0,16.0,1.0,1.0,1.0,1.0,35.0,32.0,-0.0030632107251067353,-0.0017650185808415486,256.0,0.0078125,6400000.0
1.0,16.0,1.0,1.0,1.0,1.0,35.0,32.0,-0.0030632107251067353,-0.0017650185808415486,256.0,8.0,6400000.0
1.0,16.0,1.0,1.0,1.0,1.0,35.0,32.0,-0.0030632107251067353,-0.0017650185808415486,256.0,8192.0,6400000.0
1.0,16.0,1.0,1.0,1.0,1.0,35.0,32.0,-0.0030632107251067353,-0.0017650185808415486,512.0,0.0625,6400000.0
16.0,16.0,2.0,8.0,95.0,64.0,2795.0,8192.0,0.31766407114244966,0.32402747171011204,0.125,1.0,6400000.0
1.0,16.0,1.0,1.0,1.0,1.0,35.0,32.0,-0.0030632107251067353,-0.0017650185808415486,1024.0,512.0,6400000.0
1.0,16.0,1.0,1.0,1.0,1.0,35.0,32.0,-0.0030632107251067353,-0.0017650185808415486,1024.0,0.5,6400000.0
1.0,16.0,1.0,1.0,1.0,1.0,35.0,32.0,-0.0030632107251067353,-0.0017650185808415486,2048.0,0.00390625,6400000.0
1.0,16.0,1.0,1.0,1.0,1.0,35.0,32.0,-0.0030632107251067353,-0.0017650185808415486,512.0,64.0,6400000.0
1.0,16.0,1.0,1.0,1.0,1.0,35.0,32.0,-0.0030632107251067353,-0.0017650185808415486,2048.0,4.0,6400000.0
1.0,16.0,1.0,1.0,1.0,1.0,35.0,32.0,-0.0030632107251067353,-0.0017650185808415486,2048.0,4096.0,6400000.0
1.0,16.0,1.0,1.0,1.0,1.0,35.0,32.0,-0.0030632107251067353,-0.0017650185808415486,4096.0,0.03125,6400000.0
1.0,1.0,2.0,1.0,1.0,1.0,39.0,32.0,-0.0030632107251067353,-0.0017650185808415486,128.0,32.0,6400000.0
1.0,16.0,1.0,1.0,1.0,1.0,35.0,32.0,-0.0030632107251067353,-0.0017650185808415486,4096.0,32.0,6400000.0
1.0,16.0,1.0,1.0,1.0,1.0,35.0,32.0,-0.0030632107251067353,-0.0017650185808415486,4096.0,32768.0,6400000.0
1.0,16.0,1.0,1.0,1.0,1.0,35.0,32.0,-0.0030632107251067353,-0.0017650185808415486,16384.0,2048.0,6400000.0
1.0,16.0,1.0,1.0,1.0,1.0,35.0,32.0,-0.0030632107251067353,-0.0017650185808415486,8192.0,0.25,6400000.0
1.0,16.0,1.0,1.0,1.0,1.0,35.0,32.0,-0.0030632107251067353,-0.0017650185808415486,8192.0,256.0,6400000.0
1.0,16.0,1.0,1.0,1.0,1.0,35.0,32.0,-0.0030632107251067353,-0.0017650185808415486,32768.0,16.0,6400000.0
1.0,16.0,1.0,1.0,1.0,1.0,35.0,32.0,-0.0030632107251067353,-0.0017650185808415486,16384.0,0.00195312,6400000.0
1.0,16.0,1.0,1.0,1.0,1.0,35.0,32.0,-0.0030632107251067353,-0.0017650185808415486,16384.0,2.0,6400000.0
1.0,1.0,2.0,1.0,1.0,1.0,39.0,32.0,-0.0030632107251067353,-0.0017650185808415486,128.0,32768.0,6400000.0
16.0,16.0,2.0,8.0,100.0,64.0,2868.0,8192.0,0.3134630654076762,0.3217070288650553,0.00195312,0.0078125,6400000.0
1.0,16.0,2.0,1.0,1.0,1.0,39.0,32.0,-0.0030632107251067353,-0.0017650185808415486,0.0,128.0,6400000.0
16.0,16.0,2.0,8.0,100.0,64.0,2868.0,8192.0,0.3134630654076762,0.3217070288650553,0.000976562,0.000976562,6400000.0
1.0,16.0,1.0,1.0,1.0,1.0,35.0,32.0,-0.0030632107251067353,-0.0017650185808415486,32768.0,0.015625,6400000.0
1.0,16.0,1.0,1.0,1.0,1.0,35.0,32.0,-0.0030632107251067353,-0.0017650185808415486,32768.0,16384.0,6400000.0
3.0,16.0,2.0,2.0,9.0,6.0,287.0,576.0,0.10115259004895938,0.10346957106453547,0.00390625,64.0,6400000.0
16.0,16.0,2.0,8.0,95.0,64.0,2795.0,8192.0,0.31766407114244966,0.32402747171011204,0.000976562,1.0,6400000.0
1.0,1.0,2.0,1.0,1.0,1.0,39.0,32.0,-0.0030632107251067353,-0.0017650185808415486,256.0,0.25,6400000.0
1.0,1.0,2.0,1.0,1.0,1.0,39.0,32.0,-0.0030632107251067353,-0.0017650185808415486,64.0,8192.0,6400000.0
16.0,16.0,2.0,8.0,99.0,64.0,2867.0,8192.0,0.3134199277249061,0.32111833819139013,0.0,0.125,6400000.0
16.0,16.0,2.0,8.0,100.0,64.0,2868.0,8192.0,0.3134630654076762,0.3217070288650553,0.0078125,0.0,6400000.0
14.0,16.0,2.0,3.0,58.0,41.0,1695.0,4768.0,0.2755258013558761,0.2825067573238387,0.00195312,8.0,6400000.0
16.0,16.0,2.0,8.0,97.0,64.0,2796.0,8192.0,0.31362115702896476,0.32088480754438164,0.0078125,0.5,6400000.0
1.0,16.0,2.0,1.0,1.0,1.0,39.0,32.0,-0.0030632107251067353,-0.0017650185808415486,0.00195312,8192.0,6400000.0
1.0,16.0,2.0,1.0,1.0,1.0,39.0,32.0,-0.0030632107251067353,-0.0017650185808415486,0.000976562,1024.0,6400000.0
16.0,16.0,1.0,2.0,45.0,32.0,1309.0,3072.0,0.23561062474946082,0.24274222107689147,32.0,0.03125,6400000.0
16.0,16.0,2.0,8.0,99.0,64.0,2867.0,8192.0,0.3134199277249061,0.32111833819139013,0.00390625,0.0625,6400000.0
1.0,16.0,2.0,1.0,1.0,1.0,39.0,32.0,-0.0030632107251067353,-0.0017650185808415486,0.0078125,512.0,6400000.0
1.0,16.0,2.0,1.0,1.0,1.0,39.0,32.0,-0.0030632107251067353,-0.0017650185808415486,0.015625,4096.0,6400000.0
1.0,16.0,1.0,1.0,1.0,1.0,35.0,32.0,-0.0030632107251067353,-0.0017650185808415486,32.0,32768.0,6400000.0
16.0,16.0,2.0,8.0,87.0,59.0,2529.0,7392.0,0.31224753414160844,0.32003855301110296,0.015625,4.0,6400000.0
8.0,16.0,2.0,2.0,22.0,16.0,664.0,1536.0,0.184803559555608,0.19082719424152972,0.03125,32.0,6400000.0
16.0,16.0,2.0,8.0,100.0,64.0,2868.0,8192.0,0.3134630654076762,0.3217070288650553,0.015625,0.00390625,6400000.0
1.0,16.0,2.0,1.0,1.0,1.0,39.0,32.0,-0.0030632107251067353,-0.0017650185808415486,0.03125,32768.0,6400000.0
16.0,16.0,2.0,8.0,99.0,64.0,2867.0,8192.0,0.3134199277249061,0.32111833819139013,0.03125,0.03125,6400000.0
8.0,16.0,1.0,2.0,22.0,16.0,654.0,1536.0,0.184803559555608,0.19082719424152972,32.0,32.0,6400000.0
16.0,16.0,1.0,2.0,45.0,32.0,1309.0,3072.0,0.23561062474946082,0.24274222107689147,64.0,0.25,6400000.0
1.0,16.0,1.0,1.0,1.0,1.0,35.0,32.0,-0.0030632107251067353,-0.0017650185808415486,64.0,256.0,6400000.0
16.0,16.0,2.0,8.0,100.0,64.0,2900.0,8192.0,0.31466847123447983,0.321372585773934,0.0625,0.25,6400000.0
1.0,16.0,1.0,1.0,1.0,1.0,35.0,32.0,-0.0030632107251067353,-0.0017650185808415486,128.0,0.00195312,6400000.0
1.0,16.0,1.0,1.0,1.0,1.0,35.0,32.0,-0.0030632107251067353,-0.0017650185808415486,128.0,2.0,6400000.0
1.0,16.0,2.0,1.0,1.0,1.0,39.0,32.0,-0.0030632107251067353,-0.0017650185808415486,0.0625,256.0,6400000.0
1.0,1.0,2.0,1.0,1.0,1.0,39.0,32.0,-0.0030632107251067353,-0.0017650185808415486,256.0,256.0,6400000.0
16.0,16.0,2.0,8.0,100.0,64.0,2868.0,8192.0,0.3134630654076762,0.3217070288650553,0.125,0.00195312,6400000.0
1.0,16.0,1.0,1.0,1.0,1.0,35.0,32.0,-0.0030632107251067353,-0.0017650185808415486,128.0,2048.0,6400000.0
1.0,16.0,1.0,1.0,1.0,1.0,35.0,32.0,-0.0030632107251067353,-0.0017650185808415486,1024.0,0.000976562,6400000.0
1.0,1.0,2.0,1.0,1.0,1.0,39.0,32.0,-0.0030632107251067353,-0.0017650185808415486,128.0,0.0625,6400000.0
1.0,16.0,1.0,1.0,1.0,1.0,35.0,32.0,-0.0030632107251067353,-0.0017650185808415486,1024.0,1024.0,6400000.0
1.0,16.0,1.0,1.0,1.0,1.0,35.0,32.0,-0.0030632107251067353,-0.0017650185808415486,512.0,0.125,6400000.0
1.0,16.0,1.0,1.0,1.0,1.0,35.0,32.0,-0.0030632107251067353,-0.0017650185808415486,1024.0,1.0,6400000.0
1.0,16.0,1.0,1.0,1.0,1.0,35.0,32.0,-0.0030632107251067353,-0.0017650185808415486,2048.0,0.0078125,6400000.0
1.0,16.0,1.0,1.0,1.0,1.0,35.0,32.0,-0.0030632107251067353,-0.0017650185808415486,256.0,16.0,6400000.0
1.0,16.0,1.0,1.0,1.0,1.0,35.0,32.0,-0.0030632107251067353,-0.0017650185808415486,256.0,0.015625,6400000.0
1.0,16.0,1.0,1.0,1.0,1.0,35.0,32.0,-0.0030632107251067353,-0.0017650185808415486,512.0,128.0,6400000.0
16.0,16.0,2.0,7.0,95.0,64.0,2831.0,8192.0,0.31401432532344786,0.3212259875252097,0.125,2.0,6400000.0
1.0,16.0,1.0,1.0,1.0,1.0,35.0,32.0,-0.0030632107251067353,-0.0017650185808415486,256.0,16384.0,6400000.0
1.0,16.0,1.0,1.0,1.0,1.0,35.0,32.0,-0.0030632107251067353,-0.0017650185808415486,2048.0,8.0,6400000.0
1.0,16.0,1.0,1.0,1.0,1.0,35.0,32.0,-0.0030632107251067353,-0.0017650185808415486,4096.0,0.0625,6400000.0
1.0,16.0,1.0,1.0,1.0,1.0,35.0,32.0,-0.0030632107251067353,-0.0017650185808415486,2048.0,8192.0,6400000.0
1.0,16.0,1.0,1.0,1.0,1.0,35.0,32.0,-0.0030632107251067353,-0.0017650185808415486,4096.0,64.0,6400000.0
1.0,1.0,2.0,1.0,1.0,1.0,39.0,32.0,-0.0030632107251067353,-0.0017650185808415486,128.0,64.0,6400000.0
1.0,16.0,1.0,1.0,1.0,1.0,35.0,32.0,-0.0030632107251067353,-0.0017650185808415486,8192.0,0.0,6400000.0
1.0,16.0,1.0,1.0,1.0,1.0,35.0,32.0,-0.0030632107251067353,-0.0017650185808415486,8192.0,0.5,6400000.0
1.0,16.0,1.0,1.0,1.0,1.0,35.0,32.0,-0.0030632107251067353,-0.0017650185808415486,16384.0,4096.0,6400000.0
1.0,16.0,1.0,1.0,1.0,1.0,35.0,32.0,-0.0030632107251067353,-0.0017650185808415486,8192.0,512.0,6400000.0
1.0,16.0,1.0,1.0,1.0,1.0,35.0,32.0,-0.0030632107251067353,-0.0017650185808415486,16384.0,0.00390625,6400000.0
1.0,16.0,1.0,1.0,1.0,1.0,35.0,32.0,-0.0030632107251067353,-0.0017650185808415486,32768.0,32.0,6400000.0
16.0,16.0,2.0,8.0,100.0,64.0,2868.0,8192.0,0.3134630654076762,0.3217070288650553,0.00195312,0.015625,6400000.0
1.0,16.0,1.0,1.0,1.0,1.0,35.0,32.0,-0.0030632107251067353,-0.0017650185808415486,16384.0,4.0,6400000.0
1.0,1.0,2.0,1.0,1.0,1.0,39.0,32.0,-0.0030632107251067353,-0.0017650185808415486,256.0,0.0,6400000.0
1.0,16.0,1.0,1.0,1.0,1.0,35.0,32.0,-0.0030632107251067353,-0.0017650185808415486,32768.0,0.03125,6400000.0
1.0,16.0,2.0,1.0,1.0,1.0,39.0,32.0,-0.0030632107251067353,-0.0017650185808415486,0.0,256.0,6400000.0
1.0,1.0,2.0,1.0,1.0,1.0,39.0,32.0,-0.0030632107251067353,-0.0017650185808415486,256.0,0.5,6400000.0
16.0,16.0,2.0,7.0,95.0,64.0,2831.0,8192.0,0.31401432532344786,0.3212259875252097,0.000976562,2.0,6400000.0
16.0,16.0,2.0,8.0,95.0,64.0,2795.0,8192.0,0.31766407114244966,0.32402747171011204,0.0078125,1.0,6400000.0
1.0,16.0,2.0,1.0,1.0,1.0,39.0,32.0,-0.0030632107251067353,-0.0017650185808415486,0.00390625,128.0,6400000.0
1.0,16.0,2.0,1.0,1.0,1.0,39.0,32.0,-0.0030632107251067353,-0.0017650185808415486,0.00195312,16384.0,6400000.0
1.0,16.0,1.0,1.0,1.0,1.0,35.0,32.0,-0.0030632107251067353,-0.0017650185808415486,32768.0,32768.0,6400000.0
16.0,16.0,2.0,8.0,100.0,64.0,2868.0,8192.0,0.3134630654076762,0.3217070288650553,0.000976562,0.00195312,6400000.0
16.0,16.0,2.0,8.0,99.0,64.0,2867.0,8192.0,0.3134199277249061,0.32111833819139013,0.00390625,0.125,6400000.0
16.0,16.0,2.0,8.0,99.0,64.0,2867.0,8192.0,0.3134199277249061,0.32111833819139013,0.0,0.25,6400000.0
1.0,1.0,2.0,1.0,1.0,1.0,39.0,32.0,-0.0030632107251067353,-0.0017650185808415486,64.0,16384.0,6400000.0
16.0,16.0,1.0,2.0,45.0,32.0,1309.0,3072.0,0.23561062474946082,0.24274222107689147,32.0,0.0625,6400000.0
11.0,16.0,2.0,3.0,35.0,25.0,1015.0,2592.0,0.23714634169335125,0.2431198474760431,0.00195312,16.0,6400000.0
16.0,16.0,2.0,8.0,100.0,64.0,2868.0,8192.0,0.3134630654076762,0.3217070288650553,0.0078125,0.000976562,6400000.0
1.0,16.0,2.0,1.0,1.0,1.0,39.0,32.0,-0.0030632107251067353,-0.0017650185808415486,0.000976562,2048.0,6400000.0
1.0,16.0,2.0,1.0,1.0,1.0,39.0,32.0,-0.0030632107251067353,-0.0017650185808415486,0.0078125,1024.0,6400000.0
16.0,16.0,1.0,2.0,45.0,32.0,1309.0,3072.0,0.23561062474946082,0.24274222107689147,64.0,0.0,6400000.0
1.0,16.0,2.0,1.0,1.0,1.0,39.0,32.0,-0.0030632107251067353,-0.0017650185808415486,0.015625,8192.0,6400000.0
14.0,16.0,2.0,3.0,58.0,41.0,1695.0,4768.0,0.2755258013558761,0.2825067573238387,0.015625,8.0,6400000.0
3.0,16.0,2.0,2.0,9.0,6.0,287.0,576.0,0.10115259004895938,0.10346957106453547,0.03125,64.0,6400000.0
16.0,16.0,2.0,8.0,100.0,64.0,2868.0,8192.0,0.3134630654076762,0.3217070288650553,0.015625,0.0078125,6400000.0
16.0,16.0,2.0,8.0,99.0,64.0,2867.0,8192.0,0.3134199277249061,0.32111833819139013,0.03125,0.0625,6400000.0
16.0,16.0,2.0,8.0,100.0,64.0,2868.0,8192.0,0.3134630654076762,0.3217070288650553,0.0625,0.0,6400000.0
3.0,16.0,1.0,2.0,9.0,6.0,279.0,576.0,0.10115259004895938,0.10346957106453547,32.0,64.0,6400000.0
16.0,16.0,1.0,2.0,45.0,32.0,1309.0,3072.0,0.23561062474946082,0.24274222107689147,64.0,0.5,6400000.0
1.0,16.0,1.0,1.0,1.0,1.0,35.0,32.0,-0.0030632107251067353,-0.0017650185808415486,64.0,512.0,6400000.0
1.0,16.0,1.0,1.0,1.0,1.0,35.0,32.0,-0.0030632107251067353,-0.0017650185808415486,128.0,0.00390625,6400000.0
16.0,16.0,2.0,8.0,97.0,64.0,2796.0,8192.0,0.31362115702896476,0.32088480754438164,0.0625,0.5,6400000.0
1.0,16.0,1.0,1.0,1.0,1.0,35.0,32.0,-0.0030632107251067353,-0.0017650185808415486,128.0,4.0,6400000.0
1.0,1.0,2.0,1.0,1.0,1.0,39.0,32.0,-0.0030632107251067353,-0.0017650185808415486,256.0,512.0,6400000.0
16.0,16.0,2.0,8.0,100.0,64.0,2868.0,8192.0,0.3134630654076762,0.3217070288650553,0.125,0.00390625,6400000.0
1.0,16.0,1.0,1.0,1.0,1.0,35.0,32.0,-0.0030632107251067353,-0.0017650185808415486,128.0,4096.0,6400000.0
1.0,16.0,1.0,1.0,1.0,1.0,35.0,32.0,-0.0030632107251067353,-0.0017650185808415486,256.0,0.03125,6400000.0
1.0,16.0,1.0,1.0,1.0,1.0,35.0,32.0,-0.0030632107251067353,-0.0017650185808415486,1024.0,2.0,6400000.0
1.0,16.0,2.0,1.0,1.0,1.0,39.0,32.0,-0.0030632107251067353,-0.0017650185808415486,0.0625,512.0,6400000.0
1.0,16.0,1.0,1.0,1.0,1.0,35.0,32.0,-0.0030632107251067353,-0.0017650185808415486,1024.0,0.00195312,6400000.0
1.0,16.0,1.0,1.0,1.0,1.0,35.0,32.0,-0.0030632107251067353,-0.0017650185808415486,512.0,256.0,6400000.0
16.0,16.0,2.0,8.0,87.0,59.0,2529.0,7392.0,0.31224753414160844,0.32003855301110296,0.125,4.0,6400000.0
1.0,16.0,1.0,1.0,1.0,1.0,35.0,32.0,-0.0030632107251067353,-0.0017650185808415486,256.0,32.0,6400000.0
1.0,16.0,1.0,1.0,1.0,1.0,35.0,32.0,-0.0030632107251067353,-0.0017650185808415486,2048.0,16.0,6400000.0
1.0,16.0,1.0,1.0,1.0,1.0,35.0,32.0,-0.0030632107251067353,-0.0017650185808415486,1024.0,2048.0,6400000.0
1.0,16.0,1.0,1.0,1.0,1.0,35.0,32.0,-0.0030632107251067353,-0.0017650185808415486,512.0,0.25,6400000.0
1.0,16.0,1.0,1.0,1.0,1.0,35.0,32.0,-0.0030632107251067353,-0.0017650185808415486,256.0,32768.0,6400000.0
1.0,1.0,2.0,1.0,1.0,1.0,39.0,32.0,-0.0030632107251067353,-0.0017650185808415486,128.0,0.125,6400000.0
1.0,16.0,1.0,1.0,1.0,1.0,35.0,32.0,-0.0030632107251067353,-0.0017650185808415486,2048.0,0.015625,6400000.0
1.0,16.0,1.0,1.0,1.0,1.0,35.0,32.0,-0.0030632107251067353,-0.0017650185808415486,4096.0,0.125,6400000.0
1.0,16.0,1.0,1.0,1.0,1.0,35.0,32.0,-0.0030632107251067353,-0.0017650185808415486,2048.0,16384.0,6400000.0
1.0,16.0,1.0,1.0,1.0,1.0,35.0,32.0,-0.0030632107251067353,-0.0017650185808415486,4096.0,128.0,6400000.0
1.0,1.0,2.0,1.0,1.0,1.0,39.0,32.0,-0.0030632107251067353,-0.0017650185808415486,128.0,128.0,6400000.0
1.0,16.0,1.0,1.0,1.0,1.0,35.0,32.0,-0.0030632107251067353,-0.0017650185808415486,8192.0,0.000976562,6400000.0
1.0,16.0,1.0,1.0,1.0,1.0,35.0,32.0,-0.0030632107251067353,-0.0017650185808415486,16384.0,0.0078125,6400000.0
16.0,16.0,2.0,8.0,99.0,64.0,2867.0,8192.0,0.3134199277249061,0.32111833819139013,0.00195312,0.03125,6400000.0
1.0,16.0,1.0,1.0,1.0,1.0,35.0,32.0,-0.0030632107251067353,-0.0017650185808415486,32768.0,64.0,6400000.0
1.0,16.0,1.0,1.0,1.0,1.0,35.0,32.0,-0.0030632107251067353,-0.0017650185808415486,8192.0,1.0,6400000.0
1.0,16.0,1.0,1.0,1.0,1.0,35.0,32.0,-0.0030632107251067353,-0.0017650185808415486,8192.0,1024.0,6400000.0
1.0,16.0,1.0,1.0,1.0,1.0,35.0,32.0,-0.0030632107251067353,-0.0017650185808415486,16384.0,8.0,6400000.0
1.0,16.0,2.0,1.0,1.0,1.0,39.0,32.0,-0.0030632107251067353,-0.0017650185808415486,0.0,512.0,6400000.0
1.0,16.0,1.0,1.0,1.0,1.0,35.0,32.0,-0.0030632107251067353,-0.0017650185808415486,16384.0,8192.0,6400000.0
1.0,1.0,2.0,1.0,1.0,1.0,39.0,32.0,-0.0030632107251067353,-0.0017650185808415486,256.0,1.0,6400000.0
1.0,1.0,2.0,1.0,1.0,1.0,39.0,32.0,-0.0030632107251067353,-0.0017650185808415486,256.0,0.000976562,6400000.0
1.0,16.0,1.0,1.0,1.0,1.0,35.0,32.0,-0.0030632107251067353,-0.0017650185808415486,32768.0,0.0625,6400000.0
16.0,16.0,2.0,8.0,87.0,59.0,2529.0,7392.0,0.31224753414160844,0.32003855301110296,0.000976562,4.0,6400000.0
1.0,16.0,2.0,1.0,1.0,1.0,39.0,32.0,-0.0030632107251067353,-0.0017650185808415486,0.00390625,256.0,6400000.0
16.0,16.0,2.0,7.0,95.0,64.0,2831.0,8192.0,0.31401432532344786,0.3212259875252097,0.0078125,2.0,6400000.0
1.0,16.0,2.0,1.0,1.0,1.0,39.0,32.0,-0.0030632107251067353,-0.0017650185808415486,0.00195312,32768.0,6400000.0
1.0,1.0,2.0,1.0,1.0,1.0,39.0,32.0,-0.0030632107251067353,-0.0017650185808415486,64.0,32768.0,6400000.0
16.0,16.0,2.0,8.0,100.0,64.0,2868.0,8192.0,0.3134630654076762,0.3217070288650553,0.000976562,0.00390625,6400000.0
16.0,16.0,2.0,8.0,100.0,64.0,2868.0,8192.0,0.3134630654076762,0.3217070288650553,0.0078125,0.00195312,6400000.0
16.0,16.0,2.0,8.0,99.0,64.0,2867.0,8192.0,0.3134199277249061,0.32111833819139013,0.00390625,0.25,6400000.0
16.0,16.0,1.0,2.0,45.0,32.0,1309.0,3072.0,0.23561062474946082,0.24274222107689147,32.0,0.125,6400000.0
16.0,16.0,2.0,8.0,97.0,64.0,2796.0,8192.0,0.31362115702896476,0.32088480754438164,0.0,0.5,6400000.0
16.0,16.0,2.0,8.0,100.0,64.0,2868.0,8192.0,0.3134630654076762,0.3217070288650553,0.0,0.0,6400000.0
1.0,16.0,2.0,1.0,1.0,1.0,39.0,32.0,-0.0030632107251067353,-0.0017650185808415486,0.0078125,2048.0,6400000.0
8.0,16.0,2.0,2.0,22.0,16.0,664.0,1536.0,0.184803559555608,0.19082719424152972,0.00195312,32.0,6400000.0
16.0,16.0,1.0,2.0,45.0,32.0,1309.0,3072.0,0.23561062474946082,0.24274222107689147,64.0,0.000976562,6400000.0
1.0,16.0,2.0,1.0,1.0,1.0,39.0,32.0,-0.0030632107251067353,-0.0017650185808415486,0.000976562,4096.0,6400000.0
1.0,16.0,2.0,1.0,1.0,1.0,39.0,32.0,-0.0030632107251067353,-0.0017650185808415486,0.03125,128.0,6400000.0
1.0,16.0,2.0,1.0,1.0,1.0,39.0,32.0,-0.0030632107251067353,-0.0017650185808415486,0.015625,16384.0,6400000.0
16.0,16.0,2.0,8.0,99.0,64.0,2867.0,8192.0,0.3134199277249061,0.32111833819139013,0.03125,0.125,6400000.0
11.0,16.0,2.0,3.0,35.0,25.0,1015.0,2592.0,0.23714634169335125,0.2431198474760431,0.015625,16.0,6400000.0
16.0,16.0,2.0,8.0,100.0,64.0,2868.0,8192.0,0.3134630654076762,0.3217070288650553,0.015625,0.015625,6400000.0
16.0,16.0,2.0,8.0,100.0,64.0,2868.0,8192.0,0.3134630654076762,0.3217070288650553,0.0625,0.000976562,6400000.0
1.0,16.0,1.0,1.0,1.0,1.0,35.0,32.0,-0.0030632107251067353,-0.0017650185808415486,32.0,128.0,6400000.0
1.0,16.0,1.0,1.0,1.0,1.0,35.0,32.0,-0.0030632107251067353,-0.0017650185808415486,128.0,0.0078125,6400000.0
16.0,16.0,1.0,2.0,45.0,32.0,1309.0,3072.0,0.23561062474946082,0.24274222107689147,64.0,1.0,6400000.0
16.0,16.0,2.0,8.0,95.0,64.0,2795.0,8192.0,0.31766407114244966,0.32402747171011204,0.0625,1.0,6400000.0
1.0,16.0,1.0,1.0,1.0,1.0,35.0,32.0,-0.0030632107251067353,-0.0017650185808415486,64.0,1024.0,6400000.0
1.0,1.0,2.0,1.0,1.0,1.0,39.0,32.0,-0.0030632107251067353,-0.0017650185808415486,256.0,1024.0,6400000.0
1.0,16.0,1.0,1.0,1.0,1.0,35.0,32.0,-0.0030632107251067353,-0.0017650185808415486,128.0,8.0,6400000.0
14.0,16.0,2.0,3.0,58.0,41.0,1695.0,4768.0,0.2755258013558761,0.2825067573238387,0.125,8.0,6400000.0
1.0,16.0,1.0,1.0,1.0,1.0,35.0,32.0,-0.0030632107251067353,-0.0017650185808415486,128.0,8192.0,6400000.0
1.0,16.0,2.0,1.0,1.0,1.0,39.0,32.0,-0.0030632107251067353,-0.0017650185808415486,0.0625,1024.0,6400000.0
1.0,16.0,1.0,1.0,1.0,1.0,35.0,32.0,-0.0030632107251067353,-0.0017650185808415486,256.0,0.0625,6400000.0
1.0,16.0,1.0,1.0,1.0,1.0,35.0,32.0,-0.0030632107251067353,-0.0017650185808415486,1024.0,0.00390625,6400000.0
16.0,16.0,2.0,8.0,100.0,64.0,2868.0,8192.0,0.3134630654076762,0.3217070288650553,0.125,0.0078125,6400000.0
1.0,16.0,1.0,1.0,1.0,1.0,35.0,32.0,-0.0030632107251067353,-0.0017650185808415486,2048.0,32.0,6400000.0
1.0,16.0,1.0,1.0,1.0,1.0,35.0,32.0,-0.0030632107251067353,-0.0017650185808415486,512.0,512.0,6400000.0
1.0,1.0,2.0,1.0,1.0,1.0,39.0,32.0,-0.0030632107251067353,-0.0017650185808415486,128.0,0.25,6400000.0
1.0,16.0,1.0,1.0,1.0,1.0,35.0,32.0,-0.0030632107251067353,-0.0017650185808415486,512.0,0.0,6400000.0
1.0,16.0,1.0,1.0,1.0,1.0,35.0,32.0,-0.0030632107251067353,-0.0017650185808415486,1024.0,4.0,6400000.0
1.0,16.0,1.0,1.0,1.0,1.0,35.0,32.0,-0.0030632107251067353,-0.0017650185808415486,512.0,0.5,6400000.0
1.0,16.0,1.0,1.0,1.0,1.0,35.0,32.0,-0.0030632107251067353,-0.0017650185808415486,1024.0,4096.0,6400000.0
1.0,16.0,1.0,1.0,1.0,1.0,35.0,32.0,-0.0030632107251067353,-0.0017650185808415486,256.0,64.0,6400000.0
1.0,16.0,1.0,1.0,1.0,1.0,35.0,32.0,-0.0030632107251067353,-0.0017650185808415486,2048.0,0.03125,6400000.0
1.0,16.0,1.0,1.0,1.0,1.0,35.0,32.0,-0.0030632107251067353,-0.0017650185808415486,4096.0,0.25,6400000.0
1.0,16.0,1.0,1.0,1.0,1.0,35.0,32.0,-0.0030632107251067353,-0.0017650185808415486,2048.0,32768.0,6400000.0
1.0,16.0,1.0,1.0,1.0,1.0,35.0,32.0,-0.0030632107251067353,-0.0017650185808415486,4096.0,256.0,6400000.0
1.0,16.0,1.0,1.0,1.0,1.0,35.0,32.0,-0.0030632107251067353,-0.0017650185808415486,8192.0,0.00195312,6400000.0
1.0,1.0,2.0,1.0,1.0,1.0,39.0,32.0,-0.0030632107251067353,-0.0017650185808415486,128.0,256.0,6400000.0
1.0,16.0,1.0,1.0,1.0,1.0,35.0,32.0,-0.0030632107251067353,-0.0017650185808415486,16384.0,0.015625,6400000.0
16.0,16.0,2.0,8.0,99.0,64.0,2867.0,8192.0,0.3134199277249061,0.32111833819139013,0.00195312,0.0625,6400000.0
1.0,16.0,1.0,1.0,1.0,1.0,35.0,32.0,-0.0030632107251067353,-0.0017650185808415486,8192.0,2.0,6400000.0
1.0,16.0,1.0,1.0,1.0,1.0,35.0,32.0,-0.0030632107251067353,-0.0017650185808415486,32768.0,128.0,6400000.0
1.0,16.0,1.0,1.0,1.0,1.0,35.0,32.0,-0.0030632107251067353,-0.0017650185808415486,8192.0,2048.0,6400000.0
1.0,16.0,1.0,1.0,1.0,1.0,35.0,32.0,-0.0030632107251067353,-0.0017650185808415486,16384.0,16384.0,6400000.0
1.0,16.0,2.0,1.0,1.0,1.0,39.0,32.0,-0.0030632107251067353,-0.0017650185808415486,0.0,1024.0,6400000.0
1.0,16.0,1.0,1.0,1.0,1.0,35.0,32.0,-0.0030632107251067353,-0.0017650185808415486,16384.0,16.0,6400000.0
1.0,1.0,2.0,1.0,1.0,1.0,39.0,32.0,-0.0030632107251067353,-0.0017650185808415486,256.0,2.0,6400000.0
14.0,16.0,2.0,3.0,58.0,41.0,1695.0,4768.0,0.2755258013558761,0.2825067573238387,0.000976562,8.0,6400000.0
1.0,1.0,2.0,1.0,1.0,1.0,39.0,32.0,-0.0030632107251067353,-0.0017650185808415486,256.0,0.00195312,6400000.0
1.0,16.0,1.0,1.0,1.0,1.0,35.0,32.0,-0.0030632107251067353,-0.0017650185808415486,32768.0,0.125,6400000.0
16.0,16.0,2.0,8.0,100.0,64.0,2868.0,8192.0,0.3134630654076762,0.3217070288650553,0.00390625,0.0,6400000.0
16.0,16.0,2.0,8.0,87.0,59.0,2529.0,7392.0,0.31224753414160844,0.32003855301110296,0.0078125,4.0,6400000.0
1.0,16.0,2.0,1.0,1.0,1.0,39.0,32.0,-0.0030632107251067353,-0.0017650185808415486,0.00390625,512.0,6400000.0
16.0,16.0,2.0,8.0,100.0,64.0,2868.0,8192.0,0.3134630654076762,0.3217070288650553,0.0078125,0.00390625,6400000.0
16.0,16.0,2.0,8.0,97.0,64.0,2796.0,8192.0,0.31362115702896476,0.32088480754438164,0.00390625,0.5,6400000.0
1.0,1.0,2.0,1.0,1.0,1.0,39.0,32.0,-0.0030632107251067353,-0.0017650185808415486,128.0,0.0,6400000.0
16.0,16.0,1.0,2.0,45.0,32.0,1309.0,3072.0,0.23561062474946082,0.24274222107689147,32.0,0.25,6400000.0
16.0,16.0,2.0,8.0,100.0,64.0,2868.0,8192.0,0.3134630654076762,0.3217070288650553,0.0,0.000976562,6400000.0
16.0,16.0,2.0,8.0,100.0,64.0,2868.0,8192.0,0.3134630654076762,0.3217070288650553,0.000976562,0.0078125,6400000.0
3.0,16.0,2.0,2.0,9.0,6.0,287.0,576.0,0.10115259004895938,0.10346957106453547,0.00195312,64.0,6400000.0
1.0,16.0,2.0,1.0,1.0,1.0,39.0,32.0,-0.0030632107251067353,-0.0017650185808415486,0.0078125,4096.0,6400000.0
16.0,16.0,2.0,8.0,95.0,64.0,2795.0,8192.0,0.31766407114244966,0.32402747171011204,0.0,1.0,6400000.0
16.0,16.0,1.0,2.0,45.0,32.0,1309.0,3072.0,0.23561062474946082,0.24274222107689147,64.0,0.00195312,6400000.0
1.0,16.0,2.0,1.0,1.0,1.0,39.0,32.0,-0.0030632107251067353,-0.0017650185808415486,0.03125,256.0,6400000.0
1.0,16.0,2.0,1.0,1.0,1.0,39.0,32.0,-0.0030632107251067353,-0.0017650185808415486,0.000976562,8192.0,6400000.0
16.0,16.0,2.0,8.0,99.0,64.0,2867.0,8192.0,0.3134199277249061,0.32111833819139013,0.015625,0.03125,6400000.0
8.0,16.0,2.0,2.0,22.0,16.0,664.0,1536.0,0.184803559555608,0.19082719424152972,0.015625,32.0,6400000.0
16.0,16.0,2.0,8.0,100.0,64.0,2900.0,8192.0,0.31466847123447983,0.321372585773934,0.03125,0.25,6400000.0
1.0,16.0,2.0,1.0,1.0,1.0,39.0,32.0,-0.0030632107251067353,-0.0017650185808415486,0.015625,32768.0,6400000.0
16.0,16.0,2.0,8.0,100.0,64.0,2868.0,8192.0,0.3134630654076762,0.3217070288650553,0.0625,0.00195312,6400000.0
1.0,16.0,1.0,1.0,1.0,1.0,35.0,32.0,-0.0030632107251067353,-0.0017650185808415486,32.0,256.0,6400000.0
1.0,16.0,1.0,1.0,1.0,1.0,35.0,32.0,-0.0030632107251067353,-0.0017650185808415486,128.0,0.015625,6400000.0
1.0,16.0,1.0,1.0,1.0,1.0,35.0,32.0,-0.0030632107251067353,-0.0017650185808415486,64.0,2048.0,6400000.0
16.0,16.0,1.0,2.0,45.0,32.0,1309.0,3072.0,0.23561062474946082,0.24274222107689147,64.0,2.0,6400000.0
16.0,16.0,2.0,7.0,95.0,64.0,2831.0,8192.0,0.31401432532344786,0.3212259875252097,0.0625,2.0,6400000.0
1.0,1.0,2.0,1.0,1.0,1.0,39.0,32.0,-0.0030632107251067353,-0.0017650185808415486,256.0,2048.0,6400000.0
11.0,16.0,2.0,3.0,35.0,25.0,1015.0,2592.0,0.23714634169335125,0.2431198474760431,0.125,16.0,6400000.0
1.0,16.0,1.0,1.0,1.0,1.0,35.0,32.0,-0.0030632107251067353,-0.0017650185808415486,1024.0,0.0078125,6400000.0
1.0,16.0,1.0,1.0,1.0,1.0,35.0,32.0,-0.0030632107251067353,-0.0017650185808415486,128.0,16.0,6400000.0
1.0,16.0,1.0,1.0,1.0,1.0,35.0,32.0,-0.0030632107251067353,-0.0017650185808415486,128.0,16384.0,6400000.0
1.0,16.0,1.0,1.0,1.0,1.0,35.0,32.0,-0.0030632107251067353,-0.0017650185808415486,256.0,0.125,6400000.0
16.0,16.0,2.0,8.0,100.0,64.0,2868.0,8192.0,0.3134630654076762,0.3217070288650553,0.125,0.015625,6400000.0
1.0,16.0,2.0,1.0,1.0,1.0,39.0,32.0,-0.0030632107251067353,-0.0017650185808415486,0.0625,2048.0,6400000.0
1.0,16.0,1.0,1.0,1.0,1.0,35.0,32.0,-0.0030632107251067353,-0.0017650185808415486,512.0,1024.0,6400000.0
1.0,16.0,1.0,1.0,1.0,1.0,35.0,32.0,-0.0030632107251067353,-0.0017650185808415486,1024.0,8192.0,6400000.0
1.0,16.0,1.0,1.0,1.0,1.0,35.0,32.0,-0.0030632107251067353,-0.0017650185808415486,2048.0,64.0,6400000.0
1.0,16.0,1.0,1.0,1.0,1.0,35.0,32.0,-0.0030632107251067353,-0.0017650185808415486,2048.0,0.0625,6400000.0
1.0,16.0,1.0,1.0,1.0,1.0,35.0,32.0,-0.0030632107251067353,-0.0017650185808415486,512.0,1.0,6400000.0
1.0,16.0,1.0,1.0,1.0,1.0,35.0,32.0,-0.0030632107251067353,-0.0017650185808415486,4096.0,512.0,6400000.0
1.0,1.0,2.0,1.0,1.0,1.0,39.0,32.0,-0.0030632107251067353,-0.0017650185808415486,128.0,0.5,6400000.0
1.0,16.0,1.0,1.0,1.0,1.0,35.0,32.0,-0.0030632107251067353,-0.0017650185808415486,4096.0,0.5,6400000.0
1.0,16.0,1.0,1.0,1.0,1.0,35.0,32.0,-0.0030632107251067353,-0.0017650185808415486,1024.0,8.0,6400000.0
1.0,16.0,1.0,1.0,1.0,1.0,35.0,32.0,-0.0030632107251067353,-0.0017650185808415486,4096.0,0.0,6400000.0
1.0,16.0,1.0,1.0,1.0,1.0,35.0,32.0,-0.0030632107251067353,-0.0017650185808415486,256.0,128.0,6400000.0
1.0,16.0,1.0,1.0,1.0,1.0,35.0,32.0,-0.0030632107251067353,-0.0017650185808415486,512.0,0.000976562,6400000.0
1.0,16.0,1.0,1.0,1.0,1.0,35.0,32.0,-0.0030632107251067353,-0.0017650185808415486,8192.0,0.00390625,6400000.0
1.0,16.0,1.0,1.0,1.0,1.0,35.0,32.0,-0.0030632107251067353,-0.0017650185808415486,16384.0,0.03125,6400000.0
1.0,1.0,2.0,1.0,1.0,1.0,39.0,32.0,-0.0030632107251067353,-0.0017650185808415486,128.0,512.0,6400000.0
16.0,16.0,2.0,8.0,99.0,64.0,2867.0,8192.0,0.3134199277249061,0.32111833819139013,0.00195312,0.125,6400000.0
1.0,16.0,1.0,1.0,1.0,1.0,35.0,32.0,-0.0030632107251067353,-0.0017650185808415486,32768.0,256.0,6400000.0
1.0,16.0,1.0,1.0,1.0,1.0,35.0,32.0,-0.0030632107251067353,-0.0017650185808415486,8192.0,4.0,6400000.0
1.0,16.0,2.0,1.0,1.0,1.0,39.0,32.0,-0.0030632107251067353,-0.0017650185808415486,0.0,2048.0,6400000.0
1.0,16.0,1.0,1.0,1.0,1.0,35.0,32.0,-0.0030632107251067353,-0.0017650185808415486,8192.0,4096.0,6400000.0
1.0,16.0,1.0,1.0,1.0,1.0,35.0,32.0,-0.0030632107251067353,-0.0017650185808415486,16384.0,32.0,6400000.0
1.0,16.0,1.0,1.0,1.0,1.0,35.0,32.0,-0.0030632107251067353,-0.0017650185808415486,16384.0,32768.0,6400000.0
11.0,16.0,2.0,3.0,35.0,25.0,1015.0,2592.0,0.23714634169335125,0.2431198474760431,0.000976562,16.0,6400000.0
1.0,1.0,2.0,1.0,1.0,1.0,39.0,32.0,-0.0030632107251067353,-0.0017650185808415486,256.0,4.0,6400000.0
1.0,1.0,2.0,1.0,1.0,1.0,39.0,32.0,-0.0030632107251067353,-0.0017650185808415486,256.0,0.00390625,6400000.0
16.0,16.0,2.0,8.0,100.0,64.0,2868.0,8192.0,0.3134630654076762,0.3217070288650553,0.00390625,0.000976562,6400000.0
14.0,16.0,2.0,3.0,58.0,41.0,1695.0,4768.0,0.2755258013558761,0.2825067573238387,0.0078125,8.0,6400000.0
1.0,16.0,1.0,1.0,1.0,1.0,35.0,32.0,-0.0030632107251067353,-0.0017650185808415486,32768.0,0.25,6400000.0
1.0,16.0,2.0,1.0,1.0,1.0,39.0,32.0,-0.0030632107251067353,-0.0017650185808415486,0.00390625,1024.0,6400000.0
16.0,16.0,2.0,8.0,95.0,64.0,2795.0,8192.0,0.31766407114244966,0.32402747171011204,0.00390625,1.0,6400000.0
16.0,16.0,2.0,8.0,100.0,64.0,2868.0,8192.0,0.3134630654076762,0.3217070288650553,0.0078125,0.0078125,6400000.0
16.0,16.0,2.0,8.0,100.0,64.0,2868.0,8192.0,0.3134630654076762,0.3217070288650553,0.0,0.00195312,6400000.0
1.0,1.0,2.0,1.0,1.0,1.0,39.0,32.0,-0.0030632107251067353,-0.0017650185808415486,128.0,0.000976562,6400000.0
1.0,16.0,2.0,1.0,1.0,1.0,39.0,32.0,-0.0030632107251067353,-0.0017650185808415486,0.00195312,128.0,6400000.0
16.0,16.0,2.0,8.0,100.0,64.0,2868.0,8192.0,0.3134630654076762,0.3217070288650553,0.000976562,0.015625,6400000.0
16.0,16.0,2.0,7.0,95.0,64.0,2831.0,8192.0,0.31401432532344786,0.3212259875252097,0.0,2.0,6400000.0
16.0,16.0,1.0,2.0,45.0,32.0,1309.0,3072.0,0.23561062474946082,0.24274222107689147,32.0,0.5,6400000.0
16.0,16.0,1.0,2.0,45.0,32.0,1309.0,3072.0,0.23561062474946082,0.24274222107689147,64.0,0.00390625,6400000.0
1.0,16.0,2.0,1.0,1.0,1.0,39.0,32.0,-0.0030632107251067353,-0.0017650185808415486,0.000976562,16384.0,6400000.0
1.0,16.0,2.0,1.0,1.0,1.0,39.0,32.0,-0.0030632107251067353,-0.0017650185808415486,0.03125,512.0,6400000.0
16.0,16.0,2.0,8.0,99.0,64.0,2867.0,8192.0,0.3134199277249061,0.32111833819139013,0.015625,0.0625,6400000.0
1.0,16.0,2.0,1.0,1.0,1.0,39.0,32.0,-0.0030632107251067353,-0.0017650185808415486,0.0078125,8192.0,6400000.0
16.0,16.0,2.0,8.0,100.0,64.0,2868.0,8192.0,0.3134630654076762,0.3217070288650553,0.0625,0.00390625,6400000.0
16.0,16.0,2.0,8.0,100.0,64.0,2868.0,8192.0,0.3134630654076762,0.3217070288650553,0.03125,0.0,6400000.0
3.0,16.0,2.0,2.0,9.0,6.0,287.0,576.0,0.10115259004895938,0.10346957106453547,0.015625,64.0,6400000.0
16.0,16.0,2.0,8.0,97.0,64.0,2796.0,8192.0,0.31362115702896476,0.32088480754438164,0.03125,0.5,6400000.0
1.0,16.0,1.0,1.0,1.0,1.0,35.0,32.0,-0.0030632107251067353,-0.0017650185808415486,128.0,0.03125,6400000.0
1.0,16.0,1.0,1.0,1.0,1.0,35.0,32.0,-0.0030632107251067353,-0.0017650185808415486,32.0,512.0,6400000.0
16.0,16.0,1.0,2.0,45.0,32.0,1309.0,3072.0,0.23561062474946082,0.24274222107689147,64.0,4.0,6400000.0
1.0,1.0,2.0,1.0,1.0,1.0,39.0,32.0,-0.0030632107251067353,-0.0017650185808415486,256.0,4096.0,6400000.0
16.0,16.0,2.0,8.0,87.0,59.0,2529.0,7392.0,0.31224753414160844,0.32003855301110296,0.0625,4.0,6400000.0
8.0,16.0,2.0,2.0,22.0,16.0,664.0,1536.0,0.184803559555608,0.19082719424152972,0.125,32.0,6400000.0
1.0,16.0,1.0,1.0,1.0,1.0,35.0,32.0,-0.0030632107251067353,-0.0017650185808415486,64.0,4096.0,6400000.0
16.0,16.0,2.0,8.0,99.0,64.0,2867.0,8192.0,0.3134199277249061,0.32111833819139013,0.125,0.03125,6400000.0
1.0,16.0,1.0,1.0,1.0,1.0,35.0,32.0,-0.0030632107251067353,-0.0017650185808415486,1024.0,0.015625,6400000.0
1.0,16.0,1.0,1.0,1.0,1.0,35.0,32.0,-0.0030632107251067353,-0.0017650185808415486,128.0,32.0,6400000.0
1.0,16.0,1.0,1.0,1.0,1.0,35.0,32.0,-0.0030632107251067353,-0.0017650185808415486,1024.0,16384.0,6400000.0
1.0,16.0,1.0,1.0,1.0,1.0,35.0,32.0,-0.0030632107251067353,-0.0017650185808415486,2048.0,0.125,6400000.0
1.0,16.0,1.0,1.0,1.0,1.0,35.0,32.0,-0.0030632107251067353,-0.0017650185808415486,512.0,2048.0,6400000.0
1.0,16.0,1.0,1.0,1.0,1.0,35.0,32.0,-0.0030632107251067353,-0.0017650185808415486,128.0,32768.0,6400000.0
1.0,16.0,1.0,1.0,1.0,1.0,35.0,32.0,-0.0030632107251067353,-0.0017650185808415486,2048.0,128.0,6400000.0
1.0,16.0,1.0,1.0,1.0,1.0,35.0,32.0,-0.0030632107251067353,-0.0017650185808415486,1024.0,16.0,6400000.0
1.0,16.0,1.0,1.0,1.0,1.0,35.0,32.0,-0.0030632107251067353,-0.0017650185808415486,4096.0,1024.0,6400000.0
1.0,16.0,1.0,1.0,1.0,1.0,35.0,32.0,-0.0030632107251067353,-0.0017650185808415486,4096.0,0.000976562,6400000.0
1.0,16.0,2.0,1.0,1.0,1.0,39.0,32.0,-0.0030632107251067353,-0.0017650185808415486,0.0625,4096.0,6400000.0
1.0,16.0,1.0,1.0,1.0,1.0,35.0,32.0,-0.0030632107251067353,-0.0017650185808415486,256.0,0.25,6400000.0
1.0,1.0,2.0,1.0,1.0,1.0,39.0,32.0,-0.0030632107251067353,-0.0017650185808415486,128.0,1.0,6400000.0
1.0,16.0,1.0,1.0,1.0,1.0,35.0,32.0,-0.0030632107251067353,-0.0017650185808415486,4096.0,1.0,6400000.0
1.0,16.0,1.0,1.0,1.0,1.0,35.0,32.0,-0.0030632107251067353,-0.0017650185808415486,512.0,2.0,6400000.0
1.0,16.0,1.0,1.0,1.0,1.0,35.0,32.0,-0.0030632107251067353,-0.0017650185808415486,256.0,256.0,6400000.0
1.0,16.0,1.0,1.0,1.0,1.0,35.0,32.0,-0.0030632107251067353,-0.0017650185808415486,512.0,0.00195312,6400000.0
1.0,16.0,1.0,1.0,1.0,1.0,35.0,32.0,-0.0030632107251067353,-0.0017650185808415486,8192.0,0.0078125,6400000.0
1.0,16.0,1.0,1.0,1.0,1.0,35.0,32.0,-0.0030632107251067353,-0.0017650185808415486,16384.0,0.0625,6400000.0
16.0,16.0,2.0,8.0,99.0,64.0,2867.0,8192.0,0.3134199277249061,0.32111833819139013,0.00195312,0.25,6400000.0
1.0,16.0,1.0,1.0,1.0,1.0,35.0,32.0,-0.0030632107251067353,-0.0017650185808415486,32768.0,512.0,6400000.0
1.0,1.0,2.0,1.0,1.0,1.0,39.0,32.0,-0.0030632107251067353,-0.0017650185808415486,128.0,1024.0,6400000.0
1.0,16.0,1.0,1.0,1.0,1.0,35.0,32.0,-0.0030632107251067353,-0.0017650185808415486,8192.0,8.0,6400000.0
1.0,16.0,2.0,1.0,1.0,1.0,39.0,32.0,-0.0030632107251067353,-0.0017650185808415486,0.0,4096.0,6400000.0
1.0,16.0,1.0,1.0,1.0,1.0,35.0,32.0,-0.0030632107251067353,-0.0017650185808415486,16384.0,64.0,6400000.0
1.0,16.0,1.0,1.0,1.0,1.0,35.0,32.0,-0.0030632107251067353,-0.0017650185808415486,32768.0,0.0,6400000.0
1.0,16.0,1.0,1.0,1.0,1.0,35.0,32.0,-0.0030632107251067353,-0.0017650185808415486,8192.0,8192.0,6400000.0
8.0,16.0,2.0,2.0,22.0,16.0,664.0,1536.0,0.184803559555608,0.19082719424152972,0.000976562,32.0,6400000.0
1.0,1.0,2.0,1.0,1.0,1.0,39.0,32.0,-0.0030632107251067353,-0.0017650185808415486,256.0,0.0078125,6400000.0
1.0,1.0,2.0,1.0,1.0,1.0,39.0,32.0,-0.0030632107251067353,-0.0017650185808415486,256.0,8.0,6400000.0
16.0,16.0,2.0,7.0,95.0,64.0,2831.0,8192.0,0.31401432532344786,0.3212259875252097,0.00390625,2.0,6400000.0
16.0,16.0,2.0,8.0,100.0,64.0,2868.0,8192.0,0.3134630654076762,0.3217070288650553,0.00390625,0.00195312,6400000.0
1.0,16.0,1.0,1.0,1.0,1.0,35.0,32.0,-0.0030632107251067353,-0.0017650185808415486,32768.0,0.5,6400000.0
1.0,16.0,2.0,1.0,1.0,1.0,39.0,32.0,-0.0030632107251067353,-0.0017650185808415486,0.00390625,2048.0,6400000.0
11.0,16.0,2.0,3.0,35.0,25.0,1015.0,2592.0,0.23714634169335125,0.2431198474760431,0.0078125,16.0,6400000.0
16.0,16.0,2.0,8.0,100.0,64.0,2868.0,8192.0,0.3134630654076762,0.3217070288650553,0.0,0.00390625,6400000.0
16.0,16.0,2.0,8.0,100.0,64.0,2868.0,8192.0,0.3134630654076762,0.3217070288650553,0.0078125,0.015625,6400000.0
1.0,16.0,2.0,1.0,1.0,1.0,39.0,32.0,-0.0030632107251067353,-0.0017650185808415486,0.00195312,256.0,6400000.0
16.0,16.0,2.0,8.0,99.0,64.0,2867.0,8192.0,0.3134199277249061,0.32111833819139013,0.000976562,0.03125,6400000.0
16.0,16.0,2.0,8.0,87.0,59.0,2529.0,7392.0,0.31224753414160844,0.32003855301110296,0.0,4.0,6400000.0
1.0,1.0,2.0,1.0,1.0,1.0,39.0,32.0,-0.0030632107251067353,-0.0017650185808415486,128.0,0.00195312,6400000.0
16.0,16.0,1.0,2.0,45.0,32.0,1309.0,3072.0,0.23561062474946082,0.24274222107689147,64.0,0.0078125,6400000.0
1.0,16.0,2.0,1.0,1.0,1.0,39.0,32.0,-0.0030632107251067353,-0.0017650185808415486,0.03125,1024.0,6400000.0
16.0,16.0,1.0,2.0,45.0,32.0,1309.0,3072.0,0.23561062474946082,0.24274222107689147,32.0,1.0,6400000.0
16.0,16.0,2.0,8.0,99.0,64.0,2867.0,8192.0,0.3134199277249061,0.32111833819139013,0.015625,0.125,6400000.0
1.0,16.0,2.0,1.0,1.0,1.0,39.0,32.0,-0.0030632107251067353,-0.0017650185808415486,0.000976562,32768.0,6400000.0
16.0,16.0,2.0,8.0,100.0,64.0,2868.0,8192.0,0.3134630654076762,0.3217070288650553,0.0625,0.0078125,6400000.0
1.0,16.0,2.0,1.0,1.0,1.0,39.0,32.0,-0.0030632107251067353,-0.0017650185808415486,0.015625,128.0,6400000.0
1.0,16.0,2.0,1.0,1.0,1.0,39.0,32.0,-0.0030632107251067353,-0.0017650185808415486,0.0078125,16384.0,6400000.0
16.0,16.0,2.0,8.0,100.0,64.0,2868.0,8192.0,0.3134630654076762,0.3217070288650553,0.03125,0.000976562,6400000.0
16.0,16.0,2.0,8.0,95.0,64.0,2795.0,8192.0,0.31766407114244966,0.32402747171011204,0.03125,1.0,6400000.0
1.0,16.0,1.0,1.0,1.0,1.0,35.0,32.0,-0.0030632107251067353,-0.0017650185808415486,128.0,0.0625,6400000.0
16.0,16.0,1.0,2.0,45.0,32.0,1309.0,3072.0,0.23561062474946082,0.24274222107689147,64.0,8.0,6400000.0
1.0,16.0,1.0,1.0,1.0,1.0,35.0,32.0,-0.0030632107251067353,-0.0017650185808415486,32.0,1024.0,6400000.0
1.0,1.0,2.0,1.0,1.0,1.0,39.0,32.0,-0.0030632107251067353,-0.0017650185808415486,256.0,8192.0,6400000.0
1.0,16.0,1.0,1.0,1.0,1.0,35.0,32.0,-0.0030632107251067353,-0.0017650185808415486,64.0,8192.0,6400000.0
3.0,16.0,2.0,2.0,9.0,6.0,287.0,576.0,0.10115259004895938,0.10346957106453547,0.125,64.0,6400000.0
14.0,16.0,2.0,3.0,58.0,41.0,1695.0,4768.0,0.2755258013558761,0.2825067573238387,0.0625,8.0,6400000.0
1.0,16.0,1.0,1.0,1.0,1.0,35.0,32.0,-0.0030632107251067353,-0.0017650185808415486,1024.0,0.03125,6400000.0
1.0,16.0,1.0,1.0,1.0,1.0,35.0,32.0,-0.0030632107251067353,-0.0017650185808415486,128.0,64.0,6400000.0
16.0,16.0,2.0,8.0,99.0,64.0,2867.0,8192.0,0.3134199277249061,0.32111833819139013,0.125,0.0625,6400000.0
1.0,16.0,1.0,1.0,1.0,1.0,35.0,32.0,-0.0030632107251067353,-0.0017650185808415486,512.0,4096.0,6400000.0
1.0,16.0,1.0,1.0,1.0,1.0,35.0,32.0,-0.0030632107251067353,-0.0017650185808415486,2048.0,0.25,6400000.0
1.0,16.0,1.0,1.0,1.0,1.0,35.0,32.0,-0.0030632107251067353,-0.0017650185808415486,1024.0,32768.0,6400000.0
1.0,16.0,1.0,1.0,1.0,1.0,35.0,32.0,-0.0030632107251067353,-0.0017650185808415486,4096.0,2048.0,6400000.0
1.0,16.0,1.0,1.0,1.0,1.0,35.0,32.0,-0.0030632107251067353,-0.0017650185808415486,1024.0,32.0,6400000.0
1.0,16.0,1.0,1.0,1.0,1.0,35.0,32.0,-0.0030632107251067353,-0.0017650185808415486,4096.0,0.00195312,6400000.0
1.0,16.0,1.0,1.0,1.0,1.0,35.0,32.0,-0.0030632107251067353,-0.0017650185808415486,256.0,0.0,6400000.0
1.0,16.0,1.0,1.0,1.0,1.0,35.0,32.0,-0.0030632107251067353,-0.0017650185808415486,2048.0,256.0,6400000.0
1.0,16.0,2.0,1.0,1.0,1.0,39.0,32.0,-0.0030632107251067353,-0.0017650185808415486,0.0625,8192.0,6400000.0
1.0,16.0,1.0,1.0,1.0,1.0,35.0,32.0,-0.0030632107251067353,-0.0017650185808415486,256.0,0.5,6400000.0
1.0,16.0,1.0,1.0,1.0,1.0,35.0,32.0,-0.0030632107251067353,-0.0017650185808415486,256.0,512.0,6400000.0
1.0,1.0,2.0,1.0,1.0,1.0,39.0,32.0,-0.0030632107251067353,-0.0017650185808415486,128.0,2.0,6400000.0
1.0,16.0,1.0,1.0,1.0,1.0,35.0,32.0,-0.0030632107251067353,-0.0017650185808415486,512.0,0.00390625,6400000.0
1.0,16.0,1.0,1.0,1.0,1.0,35.0,32.0,-0.0030632107251067353,-0.0017650185808415486,512.0,4.0,6400000.0
1.0,16.0,1.0,1.0,1.0,1.0,35.0,32.0,-0.0030632107251067353,-0.0017650185808415486,16384.0,0.125,6400000.0
1.0,16.0,1.0,1.0,1.0,1.0,35.0,32.0,-0.0030632107251067353,-0.0017650185808415486,4096.0,2.0,6400000.0
16.0,16.0,2.0,8.0,97.0,64.0,2796.0,8192.0,0.31362115702896476,0.32088480754438164,0.00195312,0.5,6400000.0
1.0,16.0,1.0,1.0,1.0,1.0,35.0,32.0,-0.0030632107251067353,-0.0017650185808415486,8192.0,0.015625,6400000.0
1.0,16.0,1.0,1.0,1.0,1.0,35.0,32.0,-0.0030632107251067353,-0.0017650185808415486,32768.0,1024.0,6400000.0
1.0,16.0,2.0,1.0,1.0,1.0,39.0,32.0,-0.0030632107251067353,-0.0017650185808415486,0.0,8192.0,6400000.0
1.0,1.0,2.0,1.0,1.0,1.0,39.0,32.0,-0.0030632107251067353,-0.0017650185808415486,128.0,2048.0,6400000.0
1.0,16.0,1.0,1.0,1.0,1.0,35.0,32.0,-0.0030632107251067353,-0.0017650185808415486,8192.0,16.0,6400000.0
1.0,16.0,1.0,1.0,1.0,1.0,35.0,32.0,-0.0030632107251067353,-0.0017650185808415486,8192.0,16384.0,6400000.0
1.0,16.0,1.0,1.0,1.0,1.0,35.0,32.0,-0.0030632107251067353,-0.0017650185808415486,32768.0,0.000976562,6400000.0
1.0,16.0,1.0,1.0,1.0,1.0,35.0,32.0,-0.0030632107251067353,-0.0017650185808415486,16384.0,128.0,6400000.0
3.0,16.0,2.0,2.0,9.0,6.0,287.0,576.0,0.10115259004895938,0.10346957106453547,0.000976562,64.0,6400000.0
16.0,16.0,2.0,8.0,100.0,64.0,2868.0,8192.0,0.3134630654076762,0.3217070288650553,0.00390625,0.00390625,6400000.0
1.0,1.0,2.0,1.0,1.0,1.0,39.0,32.0,-0.0030632107251067353,-0.0017650185808415486,256.0,16.0,6400000.0
1.0,1.0,2.0,1.0,1.0,1.0,39.0,32.0,-0.0030632107251067353,-0.0017650185808415486,256.0,0.015625,6400000.0
8.0,16.0,2.0,2.0,22.0,16.0,664.0,1536.0,0.184803559555608,0.19082719424152972,0.0078125,32.0,6400000.0
16.0,16.0,2.0,8.0,87.0,59.0,2529.0,7392.0,0.31224753414160844,0.32003855301110296,0.00390625,4.0,6400000.0
1.0,16.0,2.0,1.0,1.0,1.0,39.0,32.0,-0.0030632107251067353,-0.0017650185808415486,0.00390625,4096.0,6400000.0
1.0,1.0,2.0,1.0,1.0,1.0,39.0,32.0,-0.0030632107251067353,-0.0017650185808415486,128.0,0.00390625,6400000.0
16.0,16.0,2.0,8.0,100.0,64.0,2868.0,8192.0,0.3134630654076762,0.3217070288650553,0.0,0.0078125,6400000.0
1.0,16.0,1.0,1.0,1.0,1.0,35.0,32.0,-0.0030632107251067353,-0.0017650185808415486,32768.0,1.0,6400000.0
14.0,16.0,2.0,3.0,58.0,41.0,1695.0,4768.0,0.2755258013558761,0.2825067573238387,0.0,8.0,6400000.0
1.0,16.0,2.0,1.0,1.0,1.0,39.0,32.0,-0.0030632107251067353,-0.0017650185808415486,0.00195312,512.0,6400000.0
16.0,16.0,2.0,8.0,99.0,64.0,2867.0,8192.0,0.3134199277249061,0.32111833819139013,0.0078125,0.03125,6400000.0
16.0,16.0,2.0,8.0,99.0,64.0,2867.0,8192.0,0.3134199277249061,0.32111833819139013,0.000976562,0.0625,6400000.0
16.0,16.0,1.0,2.0,45.0,32.0,1309.0,3072.0,0.23561062474946082,0.24274222107689147,64.0,0.015625,6400000.0
16.0,16.0,2.0,8.0,99.0,64.0,2867.0,8192.0,0.3134199277249061,0.32111833819139013,0.015625,0.25,6400000.0
16.0,16.0,1.0,2.0,45.0,32.0,1309.0,3072.0,0.23561062474946082,0.24274222107689147,32.0,2.0,6400000.0
16.0,16.0,2.0,8.0,100.0,64.0,2868.0,8192.0,0.3134630654076762,0.3217070288650553,0.0625,0.015625,6400000.0
1.0,16.0,2.0,1.0,1.0,1.0,39.0,32.0,-0.0030632107251067353,-0.0017650185808415486,0.03125,2048.0,6400000.0
16.0,16.0,2.0,7.0,95.0,64.0,2831.0,8192.0,0.31401432532344786,0.3212259875252097,0.03125,2.0,6400000.0
1.0,16.0,1.0,1.0,1.0,1.0,35.0,32.0,-0.0030632107251067353,-0.0017650185808415486,32.0,2048.0,6400000.0
1.0,16.0,2.0,1.0,1.0,1.0,39.0,32.0,-0.0030632107251067353,-0.0017650185808415486,0.015625,256.0,6400000.0
1.0,16.0,1.0,1.0,1.0,1.0,35.0,32.0,-0.0030632107251067353,-0.0017650185808415486,128.0,0.125,6400000.0
1.0,16.0,1.0,1.0,1.0,1.0,35.0,32.0,-0.0030632107251067353,-0.0017650185808415486,64.0,16384.0,6400000.0
16.0,16.0,2.0,8.0,100.0,64.0,2868.0,8192.0,0.3134630654076762,0.3217070288650553,0.03125,0.00195312,6400000.0
11.0,16.0,1.0,2.0,30.0,22.0,860.0,2112.0,0.211815897449531,0.21820531799146736,64.0,16.0,6400000.0
1.0,16.0,2.0,1.0,1.0,1.0,39.0,32.0,-0.0030632107251067353,-0.0017650185808415486,0.0078125,32768.0,6400000.0
16.0,16.0,2.0,8.0,100.0,64.0,2868.0,8192.0,0.3134630654076762,0.3217070288650553,0.00195312,0.0,6400000.0
1.0,1.0,2.0,1.0,1.0,1.0,39.0,32.0,-0.0030632107251067353,-0.0017650185808415486,256.0,16384.0,6400000.0
1.0,16.0,2.0,1.0,1.0,1.0,39.0,32.0,-0.0030632107251067353,-0.0017650185808415486,0.125,128.0,6400000.0
11.0,16.0,2.0,3.0,35.0,25.0,1015.0,2592.0,0.23714634169335125,0.2431198474760431,0.0625,16.0,6400000.0
1.0,16.0,1.0,1.0,1.0,1.0,35.0,32.0,-0.0030632107251067353,-0.0017650185808415486,1024.0,0.0625,6400000.0
1.0,16.0,1.0,1.0,1.0,1.0,35.0,32.0,-0.0030632107251067353,-0.0017650185808415486,128.0,128.0,6400000.0
16.0,16.0,2.0,8.0,99.0,64.0,2867.0,8192.0,0.3134199277249061,0.32111833819139013,0.125,0.125,6400000.0
1.0,16.0,1.0,1.0,1.0,1.0,35.0,32.0,-0.0030632107251067353,-0.0017650185808415486,2048.0,0.5,6400000.0
1.0,16.0,1.0,1.0,1.0,1.0,35.0,32.0,-0.0030632107251067353,-0.0017650185808415486,512.0,8192.0,6400000.0
1.0,16.0,1.0,1.0,1.0,1.0,35.0,32.0,-0.0030632107251067353,-0.0017650185808415486,256.0,1.0,6400000.0
1.0,16.0,1.0,1.0,1.0,1.0,35.0,32.0,-0.0030632107251067353,-0.0017650185808415486,2048.0,512.0,6400000.0
1.0,16.0,1.0,1.0,1.0,1.0,35.0,32.0,-0.0030632107251067353,-0.0017650185808415486,4096.0,0.00390625,6400000.0
1.0,16.0,1.0,1.0,1.0,1.0,35.0,32.0,-0.0030632107251067353,-0.0017650185808415486,1024.0,64.0,6400000.0
1.0,16.0,2.0,1.0,1.0,1.0,39.0,32.0,-0.0030632107251067353,-0.0017650185808415486,0.0625,16384.0,6400000.0
1.0,1.0,2.0,1.0,1.0,1.0,39.0,32.0,-0.0030632107251067353,-0.0017650185808415486,128.0,4.0,6400000.0
1.0,16.0,1.0,1.0,1.0,1.0,35.0,32.0,-0.0030632107251067353,-0.0017650185808415486,256.0,1024.0,6400000.0
1.0,16.0,1.0,1.0,1.0,1.0,35.0,32.0,-0.0030632107251067353,-0.0017650185808415486,4096.0,4096.0,6400000.0
1.0,16.0,1.0,1.0,1.0,1.0,35.0,32.0,-0.0030632107251067353,-0.0017650185808415486,256.0,0.000976562,6400000.0
1.0,16.0,1.0,1.0,1.0,1.0,35.0,32.0,-0.0030632107251067353,-0.0017650185808415486,2048.0,0.0,6400000.0
1.0,16.0,1.0,1.0,1.0,1.0,35.0,32.0,-0.0030632107251067353,-0.0017650185808415486,512.0,8.0,6400000.0
1.0,16.0,1.0,1.0,1.0,1.0,35.0,32.0,-0.0030632107251067353,-0.0017650185808415486,512.0,0.0078125,6400000.0
1.0,16.0,1.0,1.0,1.0,1.0,35.0,32.0,-0.0030632107251067353,-0.0017650185808415486,16384.0,0.25,6400000.0
1.0,16.0,1.0,1.0,1.0,1.0,35.0,32.0,-0.0030632107251067353,-0.0017650185808415486,4096.0,4.0,6400000.0
1.0,16.0,1.0,1.0,1.0,1.0,35.0,32.0,-0.0030632107251067353,-0.0017650185808415486,8192.0,0.03125,6400000.0
16.0,16.0,2.0,8.0,95.0,64.0,2795.0,8192.0,0.31766407114244966,0.32402747171011204,0.00195312,1.0,6400000.0
1.0,16.0,2.0,1.0,1.0,1.0,39.0,32.0,-0.0030632107251067353,-0.0017650185808415486,0.0,16384.0,6400000.0
1.0,16.0,1.0,1.0,1.0,1.0,35.0,32.0,-0.0030632107251067353,-0.0017650185808415486,8192.0,32.0,6400000.0
1.0,16.0,1.0,1.0,1.0,1.0,35.0,32.0,-0.0030632107251067353,-0.0017650185808415486,8192.0,32768.0,6400000.0
1.0,16.0,1.0,1.0,1.0,1.0,35.0,32.0,-0.0030632107251067353,-0.0017650185808415486,16384.0,256.0,6400000.0
1.0,16.0,1.0,1.0,1.0,1.0,35.0,32.0,-0.0030632107251067353,-0.0017650185808415486,32768.0,2048.0,6400000.0
1.0,1.0,2.0,1.0,1.0,1.0,39.0,32.0,-0.0030632107251067353,-0.0017650185808415486,128.0,4096.0,6400000.0
1.0,16.0,2.0,1.0,1.0,1.0,39.0,32.0,-0.0030632107251067353,-0.0017650185808415486,0.000976562,128.0,6400000.0
1.0,16.0,1.0,1.0,1.0,1.0,35.0,32.0,-0.0030632107251067353,-0.0017650185808415486,32768.0,0.00195312,6400000.0
16.0,16.0,2.0,8.0,100.0,64.0,2868.0,8192.0,0.3134630654076762,0.3217070288650553,0.00390625,0.0078125,6400000.0
1.0,1.0,2.0,1.0,1.0,1.0,39.0,32.0,-0.0030632107251067353,-0.0017650185808415486,256.0,32.0,6400000.0
1.0,1.0,2.0,1.0,1.0,1.0,39.0,32.0,-0.0030632107251067353,-0.0017650185808415486,256.0,0.03125,6400000.0
1.0,1.0,2.0,1.0,1.0,1.0,39.0,32.0,-0.0030632107251067353,-0.0017650185808415486,128.0,0.0078125,6400000.0
11.0,16.0,2.0,3.0,35.0,25.0,1015.0,2592.0,0.23714634169335125,0.2431198474760431,0.0,16.0,6400000.0
3.0,16.0,2.0,2.0,9.0,6.0,287.0,576.0,0.10115259004895938,0.10346957106453547,0.0078125,64.0,6400000.0
16.0,16.0,2.0,8.0,99.0,64.0,2867.0,8192.0,0.3134199277249061,0.32111833819139013,0.000976562,0.125,6400000.0
16.0,16.0,2.0,8.0,99.0,64.0,2867.0,8192.0,0.3134199277249061,0.32111833819139013,0.0078125,0.0625,6400000.0
14.0,16.0,2.0,3.0,58.0,41.0,1695.0,4768.0,0.2755258013558761,0.2825067573238387,0.00390625,8.0,6400000.0
16.0,16.0,2.0,8.0,100.0,64.0,2868.0,8192.0,0.3134630654076762,0.3217070288650553,0.0,0.015625,6400000.0
16.0,16.0,1.0,2.0,45.0,32.0,1309.0,3072.0,0.23561062474946082,0.24274222107689147,64.0,0.03125,6400000.0
1.0,16.0,2.0,1.0,1.0,1.0,39.0,32.0,-0.0030632107251067353,-0.0017650185808415486,0.00390625,8192.0,6400000.0
1.0,16.0,1.0,1.0,1.0,1.0,35.0,32.0,-0.0030632107251067353,-0.0017650185808415486,32768.0,2.0,6400000.0
1.0,16.0,2.0,1.0,1.0,1.0,39.0,32.0,-0.0030632107251067353,-0.0017650185808415486,0.00195312,1024.0,6400000.0
1.0,16.0,2.0,1.0,1.0,1.0,39.0,32.0,-0.0030632107251067353,-0.0017650185808415486,0.015625,512.0,6400000.0
16.0,16.0,1.0,2.0,45.0,32.0,1309.0,3072.0,0.23561062474946082,0.24274222107689147,32.0,4.0,6400000.0
16.0,16.0,2.0,8.0,97.0,64.0,2796.0,8192.0,0.31362115702896476,0.32088480754438164,0.015625,0.5,6400000.0
16.0,16.0,2.0,8.0,99.0,64.0,2867.0,8192.0,0.3134199277249061,0.32111833819139013,0.0625,0.03125,6400000.0
1.0,16.0,1.0,1.0,1.0,1.0,35.0,32.0,-0.0030632107251067353,-0.0017650185808415486,64.0,32768.0,6400000.0
1.0,16.0,2.0,1.0,1.0,1.0,39.0,32.0,-0.0030632107251067353,-0.0017650185808415486,0.03125,4096.0,6400000.0
16.0,16.0,2.0,8.0,87.0,59.0,2529.0,7392.0,0.31224753414160844,0.32003855301110296,0.03125,4.0,6400000.0
8.0,16.0,1.0,2.0,22.0,16.0,654.0,1536.0,0.184803559555608,0.19082719424152972,64.0,32.0,6400000.0
16.0,16.0,2.0,8.0,100.0,64.0,2868.0,8192.0,0.3134630654076762,0.3217070288650553,0.03125,0.00390625,6400000.0
16.0,16.0,2.0,8.0,100.0,64.0,2868.0,8192.0,0.3134630654076762,0.3217070288650553,0.015625,0.0,6400000.0
1.0,16.0,2.0,1.0,1.0,1.0,39.0,32.0,-0.0030632107251067353,-0.0017650185808415486,0.125,256.0,6400000.0
16.0,16.0,2.0,8.0,100.0,64.0,2868.0,8192.0,0.3134630654076762,0.3217070288650553,0.00195312,0.000976562,6400000.0
1.0,16.0,1.0,1.0,1.0,1.0,35.0,32.0,-0.0030632107251067353,-0.0017650185808415486,128.0,0.25,6400000.0
1.0,16.0,1.0,1.0,1.0,1.0,35.0,32.0,-0.0030632107251067353,-0.0017650185808415486,32.0,4096.0,6400000.0
1.0,1.0,2.0,1.0,1.0,1.0,39.0,32.0,-0.0030632107251067353,-0.0017650185808415486,256.0,32768.0,6400000.0
1.0,16.0,1.0,1.0,1.0,1.0,35.0,32.0,-0.0030632107251067353,-0.0017650185808415486,1024.0,0.125,6400000.0
8.0,16.0,2.0,2.0,22.0,16.0,664.0,1536.0,0.184803559555608,0.19082719424152972,0.0625,32.0,6400000.0
1.0,16.0,1.0,1.0,1.0,1.0,35.0,32.0,-0.0030632107251067353,-0.0017650185808415486,128.0,256.0,6400000.0
16.0,16.0,2.0,8.0,100.0,64.0,2900.0,8192.0,0.31466847123447983,0.321372585773934,0.125,0.25,6400000.0
1.0,16.0,1.0,1.0,1.0,1.0,35.0,32.0,-0.0030632107251067353,-0.0017650185808415486,2048.0,1.0,6400000.0
1.0,16.0,1.0,1.0,1.0,1.0,35.0,32.0,-0.0030632107251067353,-0.0017650185808415486,512.0,16384.0,6400000.0
1.0,16.0,1.0,1.0,1.0,1.0,35.0,32.0,-0.0030632107251067353,-0.0017650185808415486,4096.0,8192.0,6400000.0
1.0,16.0,1.0,1.0,1.0,1.0,35.0,32.0,-0.0030632107251067353,-0.0017650185808415486,1024.0,128.0,6400000.0
1.0,16.0,1.0,1.0,1.0,1.0,35.0,32.0,-0.0030632107251067353,-0.0017650185808415486,256.0,2.0,6400000.0
1.0,16.0,1.0,1.0,1.0,1.0,35.0,32.0,-0.0030632107251067353,-0.0017650185808415486,2048.0,1024.0,6400000.0
1.0,16.0,1.0,1.0,1.0,1.0,35.0,32.0,-0.0030632107251067353,-0.0017650185808415486,2048.0,0.000976562,6400000.0
1.0,16.0,1.0,1.0,1.0,1.0,35.0,32.0,-0.0030632107251067353,-0.0017650185808415486,256.0,0.00195312,6400000.0
1.0,16.0,2.0,1.0,1.0,1.0,39.0,32.0,-0.0030632107251067353,-0.0017650185808415486,0.0625,32768.0,6400000.0
1.0,16.0,1.0,1.0,1.0,1.0,35.0,32.0,-0.0030632107251067353,-0.0017650185808415486,512.0,0.015625,6400000.0
1.0,16.0,1.0,1.0,1.0,1.0,35.0,32.0,-0.0030632107251067353,-0.0017650185808415486,256.0,2048.0,6400000.0
1.0,16.0,1.0,1.0,1.0,1.0,35.0,32.0,-0.0030632107251067353,-0.0017650185808415486,16384.0,0.5,6400000.0
1.0,16.0,1.0,1.0,1.0,1.0,35.0,32.0,-0.0030632107251067353,-0.0017650185808415486,4096.0,0.0078125,6400000.0
1.0,16.0,1.0,1.0,1.0,1.0,35.0,32.0,-0.0030632107251067353,-0.0017650185808415486,512.0,16.0,6400000.0
1.0,1.0,2.0,1.0,1.0,1.0,39.0,32.0,-0.0030632107251067353,-0.0017650185808415486,128.0,8.0,6400000.0
1.0,16.0,1.0,1.0,1.0,1.0,35.0,32.0,-0.0030632107251067353,-0.0017650185808415486,4096.0,8.0,6400000.0
1.0,16.0,1.0,1.0,1.0,1.0,35.0,32.0,-0.0030632107251067353,-0.0017650185808415486,8192.0,0.0625,6400000.0
1.0,16.0,1.0,1.0,1.0,1.0,35.0,32.0,-0.0030632107251067353,-0.0017650185808415486,16384.0,0.0,6400000.0
1.0,16.0,1.0,1.0,1.0,1.0,35.0,32.0,-0.0030632107251067353,-0.0017650185808415486,32768.0,0.00390625,6400000.0
1.0,16.0,1.0,1.0,1.0,1.0,35.0,32.0,-0.0030632107251067353,-0.0017650185808415486,16384.0,512.0,6400000.0
16.0,16.0,2.0,7.0,95.0,64.0,2831.0,8192.0,0.31401432532344786,0.3212259875252097,0.00195312,2.0,6400000.0
1.0,16.0,1.0,1.0,1.0,1.0,35.0,32.0,-0.0030632107251067353,-0.0017650185808415486,8192.0,64.0,6400000.0
1.0,16.0,2.0,1.0,1.0,1.0,39.0,32.0,-0.0030632107251067353,-0.0017650185808415486,0.000976562,256.0,6400000.0
1.0,16.0,1.0,1.0,1.0,1.0,35.0,32.0,-0.0030632107251067353,-0.0017650185808415486,32768.0,4096.0,6400000.0
1.0,1.0,2.0,1.0,1.0,1.0,39.0,32.0,-0.0030632107251067353,-0.0017650185808415486,128.0,8192.0,6400000.0
1.0,16.0,2.0,1.0,1.0,1.0,39.0,32.0,-0.0030632107251067353,-0.0017650185808415486,0.0,32768.0,6400000.0
16.0,16.0,2.0,8.0,100.0,64.0,2868.0,8192.0,0.3134630654076762,0.3217070288650553,0.00390625,0.015625,6400000.0
1.0,1.0,2.0,1.0,1.0,1.0,39.0,32.0,-0.0030632107251067353,-0.0017650185808415486,256.0,64.0,6400000.0
1.0,16.0,2.0,1.0,1.0,1.0,39.0,32.0,-0.0030632107251067353,-0.0017650185808415486,0.0078125,128.0,6400000.0
1.0,16.0,2.0,1.0,1.0,1.0,39.0,32.0,-0.0030632107251067353,-0.0017650185808415486,0.00390625,16384.0,6400000.0
1.0,1.0,2.0,1.0,1.0,1.0,39.0,32.0,-0.0030632107251067353,-0.0017650185808415486,256.0,0.0625,6400000.0
8.0,16.0,2.0,2.0,22.0,16.0,664.0,1536.0,0.184803559555608,0.19082719424152972,0.0,32.0,6400000.0
16.0,16.0,2.0,8.0,99.0,64.0,2867.0,8192.0,0.3134199277249061,0.32111833819139013,0.000976562,0.25,6400000.0
1.0,16.0,1.0,1.0,1.0,1.0,35.0,32.0,-0.0030632107251067353,-0.0017650185808415486,32768.0,4.0,6400000.0
16.0,16.0,2.0,8.0,99.0,64.0,2867.0,8192.0,0.3134199277249061,0.32111833819139013,0.0,0.03125,6400000.0
11.0,16.0,2.0,3.0,35.0,25.0,1015.0,2592.0,0.23714634169335125,0.2431198474760431,0.00390625,16.0,6400000.0
1.0,16.0,2.0,1.0,1.0,1.0,39.0,32.0,-0.0030632107251067353,-0.0017650185808415486,0.125,1024.0,6400000.0
16.0,16.0,2.0,8.0,99.0,64.0,2867.0,8192.0,0.3134199277249061,0.32111833819139013,0.0078125,0.125,6400000.0
1.0,16.0,2.0,1.0,1.0,1.0,39.0,32.0,-0.0030632107251067353,-0.0017650185808415486,0.00195312,2048.0,6400000.0
16.0,16.0,2.0,8.0,100.0,64.0,2868.0,8192.0,0.31346195887167005,0.32170858487751175,0.25,0.0078125,6400000.0
1.0,16.0,2.0,1.0,1.0,1.0,39.0,32.0,-0.0030632107251067353,-0.0017650185808415486,0.015625,1024.0,6400000.0
16.0,16.0,2.0,8.0,95.0,64.0,2795.0,8192.0,0.31766407114244966,0.32402747171011204,0.015625,1.0,6400000.0
1.0,16.0,2.0,1.0,1.0,1.0,39.0,32.0,-0.0030632107251067353,-0.0017650185808415486,0.03125,8192.0,6400000.0
16.0,16.0,2.0,8.0,100.0,64.0,2868.0,8192.0,0.3134630654076762,0.3217070288650553,0.00195312,0.00195312,6400000.0
16.0,16.0,2.0,8.0,99.0,64.0,2867.0,8192.0,0.3134199277249061,0.32111833819139013,0.0625,0.0625,6400000.0
1.0,16.0,2.0,1.0,1.0,1.0,39.0,32.0,-0.0030632107251067353,-0.0017650185808415486,0.25,8192.0,6400000.0
1.0,1.0,2.0,1.0,1.0,1.0,39.0,32.0,-0.0030632107251067353,-0.0017650185808415486,512.0,0.0,6400000.0
14.0,16.0,2.0,3.0,58.0,41.0,1695.0,4768.0,0.2755258013558761,0.2825067573238387,0.25,8.0,6400000.0
16.0,16.0,2.0,8.0,100.0,64.0,2868.0,8192.0,0.3134630654076762,0.3217070288650553,0.03125,0.0078125,6400000.0
1.0,16.0,2.0,1.0,1.0,1.0,39.0,32.0,-0.0030632107251067353,-0.0017650185808415486,0.125,512.0,6400000.0
16.0,16.0,2.0,8.0,100.0,64.0,2868.0,8192.0,0.3134630654076762,0.3217070288650553,0.015625,0.000976562,6400000.0
14.0,16.0,2.0,3.0,58.0,41.0,1695.0,4768.0,0.2755258013558761,0.2825067573238387,0.03125,8.0,6400000.0
3.0,16.0,2.0,2.0,9.0,6.0,287.0,576.0,0.10115259004895938,0.10346957106453547,0.0625,64.0,6400000.0
16.0,16.0,2.0,7.0,100.0,64.0,2864.0,8192.0,0.3136573323912861,0.3216105465204515,0.5,0.0625,6400000.0
3.0,16.0,2.0,2.0,9.0,6.0,287.0,576.0,0.10115259004895938,0.10346957106453547,0.5,64.0,6400000.0
16.0,16.0,2.0,7.0,98.0,64.0,2871.0,8192.0,0.31588163562614413,0.3211879929108219,1.0,0.0,6400000.0
16.0,16.0,2.0,7.0,97.0,64.0,2866.0,8192.0,0.31571777957741,0.32048076845154894,1.0,0.5,6400000.0
1.0,1.0,2.0,1.0,1.0,1.0,39.0,32.0,-0.0030632107251067353,-0.0017650185808415486,512.0,0.000976562,6400000.0
16.0,16.0,2.0,7.0,97.0,64.0,2819.0,8192.0,0.3163757631010634,0.3201373132553611,0.125,0.5,6400000.0
1.0,16.0,2.0,1.0,1.0,1.0,39.0,32.0,-0.0030632107251067353,-0.0017650185808415486,1.0,512.0,6400000.0
16.0,16.0,2.0,8.0,100.0,64.0,2868.0,8192.0,0.3134630654076762,0.3217070288650553,0.125,0.0,6400000.0
16.0,16.0,2.0,4.0,82.0,56.0,2376.0,6912.0,0.2997432377380861,0.30589568811434,2.0,4.0,6400000.0
16.0,16.0,2.0,3.0,95.0,64.0,2815.0,8192.0,0.30294024903634964,0.31053461578695196,4.0,0.03125,6400000.0
16.0,16.0,2.0,7.0,100.0,64.0,2846.0,8192.0,0.3160274477312084,0.32478466419056096,2.0,0.00390625,6400000.0
1.0,16.0,2.0,1.0,1.0,1.0,39.0,32.0,-0.0030632107251067353,-0.0017650185808415486,2.0,4096.0,6400000.0
1.0,16.0,2.0,1.0,1.0,1.0,39.0,32.0,-0.0030632107251067353,-0.0017650185808415486,4.0,32768.0,6400000.0
16.0,16.0,2.0,3.0,97.0,64.0,2788.0,8192.0,0.2995110617175708,0.3081636646949283,16.0,0.00195312,6400000.0
16.0,16.0,2.0,2.0,84.0,64.0,2688.0,8192.0,0.2499619215994845,0.25945279978018954,32.0,0.015625,6400000.0
16.0,16.0,2.0,3.0,95.0,64.0,2815.0,8192.0,0.30294024903634964,0.31053461578695196,8.0,0.25,6400000.0
8.0,16.0,2.0,2.0,22.0,16.0,664.0,1536.0,0.184803559555608,0.19082719424152972,4.0,32.0,6400000.0
16.0,16.0,2.0,3.0,91.0,63.0,2624.0,8032.0,0.2999108789979793,0.30793638395409606,16.0,2.0,6400000.0
1.0,16.0,2.0,1.0,1.0,1.0,39.0,32.0,-0.0030632107251067353,-0.0017650185808415486,8.0,256.0,6400000.0
1.0,16.0,2.0,1.0,1.0,1.0,39.0,32.0,-0.0030632107251067353,-0.0017650185808415486,16.0,2048.0,6400000.0
1.0,1.0,2.0,1.0,1.0,1.0,39.0,32.0,-0.0030632107251067353,-0.0017650185808415486,512.0,1.0,6400000.0
1.0,16.0,2.0,1.0,1.0,1.0,39.0,32.0,-0.0030632107251067353,-0.0017650185808415486,32.0,16384.0,6400000.0
11.0,16.0,2.0,2.0,30.0,22.0,872.0,2112.0,0.211815897449531,0.21820531799146736,32.0,16.0,6400000.0
16.0,16.0,2.0,2.0,84.0,64.0,2688.0,8192.0,0.2499619215994845,0.25945279978018954,64.0,0.125,6400000.0
1.0,16.0,2.0,1.0,1.0,1.0,39.0,32.0,-0.0030632107251067353,-0.0017650185808415486,128.0,1.0,6400000.0
1.0,16.0,2.0,1.0,1.0,1.0,39.0,32.0,-0.0030632107251067353,-0.0017650185808415486,64.0,128.0,6400000.0
1.0,16.0,2.0,1.0,1.0,1.0,39.0,32.0,-0.0030632107251067353,-0.0017650185808415486,256.0,8.0,6400000.0
1.0,16.0,2.0,1.0,1.0,1.0,39.0,32.0,-0.0030632107251067353,-0.0017650185808415486,128.0,1024.0,6400000.0
1.0,1.0,2.0,1.0,1.0,1.0,39.0,32.0,-0.0030632107251067353,-0.0017650185808415486,512.0,1024.0,6400000.0
1.0,16.0,2.0,1.0,1.0,1.0,39.0,32.0,-0.0030632107251067353,-0.0017650185808415486,256.0,8192.0,6400000.0
1.0,16.0,2.0,1.0,1.0,1.0,39.0,32.0,-0.0030632107251067353,-0.0017650185808415486,128.0,0.000976562,6400000.0
1.0,16.0,2.0,1.0,1.0,1.0,39.0,32.0,-0.0030632107251067353,-0.0017650185808415486,256.0,0.0078125,6400000.0
1.0,16.0,2.0,1.0,1.0,1.0,39.0,32.0,-0.0030632107251067353,-0.0017650185808415486,512.0,64.0,6400000.0
1.0,16.0,2.0,1.0,1.0,1.0,39.0,32.0,-0.0030632107251067353,-0.0017650185808415486,1024.0,512.0,6400000.0
1.0,16.0,2.0,1.0,1.0,1.0,39.0,32.0,-0.0030632107251067353,-0.0017650185808415486,512.0,0.0625,6400000.0
1.0,16.0,2.0,1.0,1.0,1.0,39.0,32.0,-0.0030632107251067353,-0.0017650185808415486,1024.0,0.5,6400000.0
1.0,1.0,1.0,1.0,1.0,1.0,35.0,32.0,-0.0030632107251067353,-0.0017650185808415486,0.0078125,2048.0,6400000.0
1.0,16.0,2.0,1.0,1.0,1.0,39.0,32.0,-0.0030632107251067353,-0.0017650185808415486,1024.0,0.0,6400000.0
1.0,16.0,2.0,1.0,1.0,1.0,39.0,32.0,-0.0030632107251067353,-0.0017650185808415486,2048.0,0.00390625,6400000.0
1.0,1.0,2.0,1.0,1.0,1.0,39.0,32.0,-0.0030632107251067353,-0.0017650185808415486,1024.0,0.0078125,6400000.0
1.0,16.0,2.0,1.0,1.0,1.0,39.0,32.0,-0.0030632107251067353,-0.0017650185808415486,4096.0,0.03125,6400000.0
1.0,16.0,2.0,1.0,1.0,1.0,39.0,32.0,-0.0030632107251067353,-0.0017650185808415486,2048.0,4096.0,6400000.0
1.0,16.0,2.0,1.0,1.0,1.0,39.0,32.0,-0.0030632107251067353,-0.0017650185808415486,0.125,2048.0,6400000.0
1.0,16.0,2.0,1.0,1.0,1.0,39.0,32.0,-0.0030632107251067353,-0.0017650185808415486,2048.0,4.0,6400000.0
1.0,16.0,2.0,1.0,1.0,1.0,39.0,32.0,-0.0030632107251067353,-0.0017650185808415486,4096.0,32.0,6400000.0
16.0,16.0,2.0,8.0,100.0,64.0,2868.0,8192.0,0.31346195887167005,0.32170858487751175,0.25,0.015625,6400000.0
1.0,16.0,2.0,1.0,1.0,1.0,39.0,32.0,-0.0030632107251067353,-0.0017650185808415486,4096.0,32768.0,6400000.0
1.0,16.0,2.0,1.0,1.0,1.0,39.0,32.0,-0.0030632107251067353,-0.0017650185808415486,0.25,16384.0,6400000.0
1.0,16.0,2.0,1.0,1.0,1.0,39.0,32.0,-0.0030632107251067353,-0.0017650185808415486,8192.0,0.25,6400000.0
1.0,16.0,2.0,1.0,1.0,1.0,39.0,32.0,-0.0030632107251067353,-0.0017650185808415486,16384.0,0.00195312,6400000.0
1.0,16.0,2.0,1.0,1.0,1.0,39.0,32.0,-0.0030632107251067353,-0.0017650185808415486,8192.0,256.0,6400000.0
11.0,16.0,2.0,3.0,35.0,25.0,1015.0,2592.0,0.23714634169335125,0.2431198474760431,0.25,16.0,6400000.0
1.0,16.0,2.0,1.0,1.0,1.0,39.0,32.0,-0.0030632107251067353,-0.0017650185808415486,16384.0,2.0,6400000.0
16.0,16.0,2.0,7.0,98.0,64.0,2865.0,8192.0,0.3161045229742002,0.3215502838666272,0.5,0.125,6400000.0
1.0,1.0,2.0,1.0,1.0,1.0,39.0,32.0,-0.0030632107251067353,-0.0017650185808415486,1024.0,8.0,6400000.0
16.0,16.0,2.0,7.0,98.0,64.0,2871.0,8192.0,0.31588163562614413,0.3211879929108219,1.0,0.000976562,6400000.0
1.0,16.0,2.0,1.0,1.0,1.0,39.0,32.0,-0.0030632107251067353,-0.0017650185808415486,16384.0,2048.0,6400000.0
16.0,16.0,4.0,9.0,413.0,255.0,11890.0,38752.0,0.4166721860485184,0.42371424058040585,0.0,0.125,6400000.0
1.0,16.0,2.0,1.0,1.0,1.0,39.0,32.0,-0.0030632107251067353,-0.0017650185808415486,32768.0,16.0,6400000.0
1.0,1.0,2.0,1.0,1.0,1.0,39.0,32.0,-0.0030632107251067353,-0.0017650185808415486,512.0,0.00195312,6400000.0
1.0,16.0,2.0,1.0,1.0,1.0,39.0,32.0,-0.0030632107251067353,-0.0017650185808415486,0.5,128.0,6400000.0
16.0,16.0,2.0,8.0,96.0,64.0,2903.0,8192.0,0.3174476678459093,0.3242788330559795,1.0,1.0,6400000.0
1.0,16.0,2.0,1.0,1.0,1.0,39.0,32.0,-0.0030632107251067353,-0.0017650185808415486,32768.0,16384.0,6400000.0
1.0,16.0,2.0,1.0,1.0,1.0,39.0,32.0,-0.0030632107251067353,-0.0017650185808415486,32768.0,0.015625,6400000.0
1.0,16.0,4.0,1.0,1.0,1.0,63.0,32.0,-0.0030632107251067353,-0.0017650185808415486,0.0,128.0,6400000.0
1.0,16.0,2.0,1.0,1.0,1.0,39.0,32.0,-0.0030632107251067353,-0.0017650185808415486,1.0,1024.0,6400000.0
16.0,16.0,2.0,7.0,100.0,64.0,2846.0,8192.0,0.3160274477312084,0.32478466419056096,2.0,0.0078125,6400000.0
14.0,16.0,2.0,3.0,58.0,41.0,1695.0,4768.0,0.2755258013558761,0.2825067573238387,2.0,8.0,6400000.0
16.0,16.0,4.0,9.0,421.0,256.0,12114.0,38912.0,0.40996062730481697,0.4231383767567434,0.000976562,0.000976562,6400000.0
1.0,16.0,2.0,1.0,1.0,1.0,39.0,32.0,-0.0030632107251067353,-0.0017650185808415486,2.0,8192.0,6400000.0
16.0,16.0,2.0,3.0,95.0,64.0,2815.0,8192.0,0.30294024903634964,0.31053461578695196,4.0,0.0625,6400000.0
16.0,16.0,2.0,3.0,95.0,64.0,2815.0,8192.0,0.30294024903634964,0.31053461578695196,8.0,0.0,6400000.0
16.0,16.0,2.0,3.0,97.0,64.0,2788.0,8192.0,0.2995110617175708,0.3081636646949283,16.0,0.00390625,6400000.0
16.0,16.0,2.0,3.0,82.0,58.0,2376.0,7232.0,0.295605150295403,0.30335803887999035,16.0,4.0,6400000.0
16.0,16.0,2.0,2.0,84.0,64.0,2688.0,8192.0,0.2499619215994845,0.25945279978018954,32.0,0.03125,6400000.0
3.0,16.0,2.0,2.0,9.0,6.0,287.0,576.0,0.10115259004895938,0.10346957106453547,4.0,64.0,6400000.0
1.0,16.0,2.0,1.0,1.0,1.0,39.0,32.0,-0.0030632107251067353,-0.0017650185808415486,8.0,512.0,6400000.0
16.0,16.0,2.0,3.0,93.0,64.0,2721.0,8192.0,0.3024759309326154,0.30982667645654005,8.0,0.5,6400000.0
1.0,16.0,2.0,1.0,1.0,1.0,39.0,32.0,-0.0030632107251067353,-0.0017650185808415486,16.0,4096.0,6400000.0
16.0,16.0,2.0,2.0,84.0,64.0,2688.0,8192.0,0.2499619215994845,0.25945279978018954,64.0,0.25,6400000.0
8.0,16.0,2.0,2.0,22.0,16.0,664.0,1536.0,0.184803559555608,0.19082719424152972,32.0,32.0,6400000.0
1.0,1.0,2.0,1.0,1.0,1.0,39.0,32.0,-0.0030632107251067353,-0.0017650185808415486,512.0,2.0,6400000.0
1.0,16.0,2.0,1.0,1.0,1.0,39.0,32.0,-0.0030632107251067353,-0.0017650185808415486,128.0,2.0,6400000.0
1.0,16.0,2.0,1.0,1.0,1.0,39.0,32.0,-0.0030632107251067353,-0.0017650185808415486,32.0,32768.0,6400000.0
1.0,1.0,2.0,1.0,1.0,1.0,39.0,32.0,-0.0030632107251067353,-0.0017650185808415486,512.0,2048.0,6400000.0
1.0,16.0,2.0,1.0,1.0,1.0,39.0,32.0,-0.0030632107251067353,-0.0017650185808415486,64.0,256.0,6400000.0
1.0,16.0,2.0,1.0,1.0,1.0,39.0,32.0,-0.0030632107251067353,-0.0017650185808415486,128.0,0.00195312,6400000.0
1.0,16.0,2.0,1.0,1.0,1.0,39.0,32.0,-0.0030632107251067353,-0.0017650185808415486,256.0,16384.0,6400000.0
1.0,16.0,2.0,1.0,1.0,1.0,39.0,32.0,-0.0030632107251067353,-0.0017650185808415486,128.0,2048.0,6400000.0
1.0,16.0,2.0,1.0,1.0,1.0,39.0,32.0,-0.0030632107251067353,-0.0017650185808415486,256.0,0.015625,6400000.0
1.0,16.0,2.0,1.0,1.0,1.0,39.0,32.0,-0.0030632107251067353,-0.0017650185808415486,256.0,16.0,6400000.0
1.0,16.0,2.0,1.0,1.0,1.0,39.0,32.0,-0.0030632107251067353,-0.0017650185808415486,512.0,128.0,6400000.0
1.0,16.0,2.0,1.0,1.0,1.0,39.0,32.0,-0.0030632107251067353,-0.0017650185808415486,1024.0,1024.0,6400000.0
1.0,1.0,2.0,1.0,1.0,1.0,39.0,32.0,-0.0030632107251067353,-0.0017650185808415486,1024.0,0.015625,6400000.0
1.0,16.0,2.0,1.0,1.0,1.0,39.0,32.0,-0.0030632107251067353,-0.0017650185808415486,1024.0,1.0,6400000.0
1.0,1.0,1.0,1.0,1.0,1.0,35.0,32.0,-0.0030632107251067353,-0.0017650185808415486,0.0078125,4096.0,6400000.0
1.0,16.0,2.0,1.0,1.0,1.0,39.0,32.0,-0.0030632107251067353,-0.0017650185808415486,1024.0,0.000976562,6400000.0
1.0,16.0,2.0,1.0,1.0,1.0,39.0,32.0,-0.0030632107251067353,-0.0017650185808415486,4096.0,0.0625,6400000.0
1.0,16.0,2.0,1.0,1.0,1.0,39.0,32.0,-0.0030632107251067353,-0.0017650185808415486,0.125,4096.0,6400000.0
1.0,16.0,2.0,1.0,1.0,1.0,39.0,32.0,-0.0030632107251067353,-0.0017650185808415486,512.0,0.125,6400000.0
1.0,16.0,2.0,1.0,1.0,1.0,39.0,32.0,-0.0030632107251067353,-0.0017650185808415486,2048.0,0.0078125,6400000.0
1.0,16.0,2.0,1.0,1.0,1.0,39.0,32.0,-0.0030632107251067353,-0.0017650185808415486,2048.0,8192.0,6400000.0
16.0,16.0,2.0,8.0,100.0,64.0,2900.0,8192.0,0.31466847123447983,0.321372585773934,0.25,0.03125,6400000.0
1.0,16.0,2.0,1.0,1.0,1.0,39.0,32.0,-0.0030632107251067353,-0.0017650185808415486,8192.0,0.0,6400000.0
1.0,16.0,2.0,1.0,1.0,1.0,39.0,32.0,-0.0030632107251067353,-0.0017650185808415486,4096.0,64.0,6400000.0
1.0,16.0,2.0,1.0,1.0,1.0,39.0,32.0,-0.0030632107251067353,-0.0017650185808415486,2048.0,8.0,6400000.0
1.0,16.0,2.0,1.0,1.0,1.0,39.0,32.0,-0.0030632107251067353,-0.0017650185808415486,0.25,32768.0,6400000.0
1.0,16.0,2.0,1.0,1.0,1.0,39.0,32.0,-0.0030632107251067353,-0.0017650185808415486,16384.0,0.00390625,6400000.0
1.0,16.0,2.0,1.0,1.0,1.0,39.0,32.0,-0.0030632107251067353,-0.0017650185808415486,8192.0,512.0,6400000.0
1.0,16.0,2.0,1.0,1.0,1.0,39.0,32.0,-0.0030632107251067353,-0.0017650185808415486,8192.0,0.5,6400000.0
8.0,16.0,2.0,2.0,22.0,16.0,664.0,1536.0,0.184803559555608,0.19082719424152972,0.25,32.0,6400000.0
16.0,16.0,2.0,7.0,98.0,64.0,2871.0,8192.0,0.31588163562614413,0.3211879929108219,1.0,0.00195312,6400000.0
1.0,16.0,2.0,1.0,1.0,1.0,39.0,32.0,-0.0030632107251067353,-0.0017650185808415486,32768.0,32.0,6400000.0
1.0,1.0,2.0,1.0,1.0,1.0,39.0,32.0,-0.0030632107251067353,-0.0017650185808415486,1024.0,16.0,6400000.0
1.0,16.0,2.0,1.0,1.0,1.0,39.0,32.0,-0.0030632107251067353,-0.0017650185808415486,16384.0,4.0,6400000.0
1.0,1.0,2.0,1.0,1.0,1.0,39.0,32.0,-0.0030632107251067353,-0.0017650185808415486,512.0,0.00390625,6400000.0
16.0,16.0,2.0,7.0,96.0,64.0,2830.0,8192.0,0.31566543202013797,0.320865726791316,0.5,0.25,6400000.0
1.0,16.0,2.0,1.0,1.0,1.0,39.0,32.0,-0.0030632107251067353,-0.0017650185808415486,32768.0,32768.0,6400000.0
1.0,16.0,2.0,1.0,1.0,1.0,39.0,32.0,-0.0030632107251067353,-0.0017650185808415486,16384.0,4096.0,6400000.0
1.0,16.0,2.0,1.0,1.0,1.0,39.0,32.0,-0.0030632107251067353,-0.0017650185808415486,32768.0,0.03125,6400000.0
16.0,16.0,2.0,6.0,94.0,64.0,2783.0,8192.0,0.3136481695749469,0.32086240336890404,1.0,2.0,6400000.0
16.0,16.0,4.0,9.0,402.0,255.0,11886.0,38752.0,0.40845705640348584,0.42143126591859836,0.0,0.25,6400000.0
1.0,16.0,2.0,1.0,1.0,1.0,39.0,32.0,-0.0030632107251067353,-0.0017650185808415486,0.5,256.0,6400000.0
1.0,16.0,2.0,1.0,1.0,1.0,39.0,32.0,-0.0030632107251067353,-0.0017650185808415486,1.0,2048.0,6400000.0
1.0,16.0,4.0,1.0,1.0,1.0,63.0,32.0,-0.0030632107251067353,-0.0017650185808415486,0.0,256.0,6400000.0
16.0,16.0,2.0,7.0,100.0,64.0,2846.0,8192.0,0.3160274477312084,0.32478466419056096,2.0,0.015625,6400000.0
16.0,16.0,4.0,9.0,421.0,256.0,12114.0,38912.0,0.40996062730481697,0.4231383767567434,0.000976562,0.00195312,6400000.0
11.0,16.0,2.0,3.0,35.0,25.0,1015.0,2592.0,0.23714634169335125,0.2431198474760431,2.0,16.0,6400000.0
1.0,16.0,2.0,1.0,1.0,1.0,39.0,32.0,-0.0030632107251067353,-0.0017650185808415486,2.0,16384.0,6400000.0
16.0,16.0,2.0,3.0,95.0,64.0,2815.0,8192.0,0.30294024903634964,0.31053461578695196,4.0,0.125,6400000.0
16.0,16.0,2.0,3.0,95.0,64.0,2815.0,8192.0,0.30294024903634964,0.31053461578695196,8.0,0.000976562,6400000.0
16.0,16.0,2.0,3.0,91.0,63.0,2653.0,8032.0,0.30225843635286576,0.309589237285558,8.0,1.0,6400000.0
16.0,16.0,2.0,3.0,97.0,64.0,2788.0,8192.0,0.2995110617175708,0.3081636646949283,16.0,0.0078125,6400000.0
16.0,16.0,2.0,2.0,84.0,64.0,2688.0,8192.0,0.2499619215994845,0.25945279978018954,32.0,0.0625,6400000.0
1.0,16.0,2.0,1.0,1.0,1.0,39.0,32.0,-0.0030632107251067353,-0.0017650185808415486,8.0,1024.0,6400000.0
1.0,16.0,2.0,1.0,1.0,1.0,39.0,32.0,-0.0030632107251067353,-0.0017650185808415486,4.0,128.0,6400000.0
15.0,16.0,2.0,2.0,47.0,34.0,1432.0,3520.0,0.23483331904090687,0.24244665993785774,16.0,8.0,6400000.0
3.0,16.0,2.0,2.0,9.0,6.0,287.0,576.0,0.10115259004895938,0.10346957106453547,32.0,64.0,6400000.0
16.0,16.0,2.0,2.0,84.0,64.0,2688.0,8192.0,0.2499619215994845,0.25945279978018954,64.0,0.5,6400000.0
1.0,1.0,2.0,1.0,1.0,1.0,39.0,32.0,-0.0030632107251067353,-0.0017650185808415486,512.0,4.0,6400000.0
1.0,16.0,2.0,1.0,1.0,1.0,39.0,32.0,-0.0030632107251067353,-0.0017650185808415486,128.0,4.0,6400000.0
1.0,16.0,2.0,1.0,1.0,1.0,39.0,32.0,-0.0030632107251067353,-0.0017650185808415486,16.0,8192.0,6400000.0
1.0,16.0,2.0,1.0,1.0,1.0,39.0,32.0,-0.0030632107251067353,-0.0017650185808415486,64.0,512.0,6400000.0
1.0,16.0,2.0,1.0,1.0,1.0,39.0,32.0,-0.0030632107251067353,-0.0017650185808415486,128.0,4096.0,6400000.0
1.0,1.0,2.0,1.0,1.0,1.0,39.0,32.0,-0.0030632107251067353,-0.0017650185808415486,512.0,4096.0,6400000.0
16.0,16.0,2.0,2.0,84.0,64.0,2688.0,8192.0,0.2499619215994845,0.25945279978018954,64.0,0.0,6400000.0
1.0,16.0,2.0,1.0,1.0,1.0,39.0,32.0,-0.0030632107251067353,-0.0017650185808415486,256.0,0.03125,6400000.0
1.0,16.0,2.0,1.0,1.0,1.0,39.0,32.0,-0.0030632107251067353,-0.0017650185808415486,128.0,0.00390625,6400000.0
1.0,16.0,2.0,1.0,1.0,1.0,39.0,32.0,-0.0030632107251067353,-0.0017650185808415486,256.0,32.0,6400000.0
1.0,16.0,2.0,1.0,1.0,1.0,39.0,32.0,-0.0030632107251067353,-0.0017650185808415486,256.0,32768.0,6400000.0
1.0,16.0,2.0,1.0,1.0,1.0,39.0,32.0,-0.0030632107251067353,-0.0017650185808415486,1024.0,2048.0,6400000.0
1.0,16.0,2.0,1.0,1.0,1.0,39.0,32.0,-0.0030632107251067353,-0.0017650185808415486,512.0,256.0,6400000.0
1.0,1.0,2.0,1.0,1.0,1.0,39.0,32.0,-0.0030632107251067353,-0.0017650185808415486,1024.0,0.03125,6400000.0
1.0,16.0,2.0,1.0,1.0,1.0,39.0,32.0,-0.0030632107251067353,-0.0017650185808415486,4096.0,0.125,6400000.0
1.0,16.0,2.0,1.0,1.0,1.0,39.0,32.0,-0.0030632107251067353,-0.0017650185808415486,1024.0,2.0,6400000.0
1.0,16.0,2.0,1.0,1.0,1.0,39.0,32.0,-0.0030632107251067353,-0.0017650185808415486,2048.0,0.015625,6400000.0
1.0,1.0,1.0,1.0,1.0,1.0,35.0,32.0,-0.0030632107251067353,-0.0017650185808415486,0.0078125,8192.0,6400000.0
1.0,16.0,2.0,1.0,1.0,1.0,39.0,32.0,-0.0030632107251067353,-0.0017650185808415486,1024.0,0.00195312,6400000.0
1.0,16.0,2.0,1.0,1.0,1.0,39.0,32.0,-0.0030632107251067353,-0.0017650185808415486,0.125,8192.0,6400000.0
1.0,16.0,2.0,1.0,1.0,1.0,39.0,32.0,-0.0030632107251067353,-0.0017650185808415486,2048.0,16384.0,6400000.0
1.0,16.0,2.0,1.0,1.0,1.0,39.0,32.0,-0.0030632107251067353,-0.0017650185808415486,512.0,0.25,6400000.0
1.0,16.0,2.0,1.0,1.0,1.0,39.0,32.0,-0.0030632107251067353,-0.0017650185808415486,4096.0,128.0,6400000.0
16.0,16.0,2.0,8.0,100.0,64.0,2900.0,8192.0,0.31466847123447983,0.321372585773934,0.25,0.0625,6400000.0
1.0,16.0,2.0,1.0,1.0,1.0,39.0,32.0,-0.0030632107251067353,-0.0017650185808415486,8192.0,0.000976562,6400000.0
16.0,16.0,2.0,7.0,100.0,64.0,2864.0,8192.0,0.3135095585159773,0.32136957472359495,0.5,0.0,6400000.0
1.0,16.0,2.0,1.0,1.0,1.0,39.0,32.0,-0.0030632107251067353,-0.0017650185808415486,2048.0,16.0,6400000.0
1.0,16.0,2.0,1.0,1.0,1.0,39.0,32.0,-0.0030632107251067353,-0.0017650185808415486,16384.0,0.0078125,6400000.0
1.0,16.0,2.0,1.0,1.0,1.0,39.0,32.0,-0.0030632107251067353,-0.0017650185808415486,8192.0,1024.0,6400000.0
1.0,16.0,2.0,1.0,1.0,1.0,39.0,32.0,-0.0030632107251067353,-0.0017650185808415486,8192.0,1.0,6400000.0
3.0,16.0,2.0,2.0,9.0,6.0,287.0,576.0,0.10115259004895938,0.10346957106453547,0.25,64.0,6400000.0
1.0,1.0,2.0,1.0,1.0,1.0,39.0,32.0,-0.0030632107251067353,-0.0017650185808415486,1024.0,32.0,6400000.0
16.0,16.0,2.0,7.0,98.0,64.0,2871.0,8192.0,0.31588163562614413,0.3211879929108219,1.0,0.00390625,6400000.0
1.0,16.0,2.0,1.0,1.0,1.0,39.0,32.0,-0.0030632107251067353,-0.0017650185808415486,16384.0,8.0,6400000.0
16.0,16.0,4.0,9.0,422.0,256.0,11965.0,38912.0,0.4115028818049229,0.4208345040146372,0.0,0.0,6400000.0
16.0,16.0,4.0,9.0,389.0,254.0,11526.0,38592.0,0.41209753000743976,0.42424535505622196,0.0,0.5,6400000.0
1.0,16.0,2.0,1.0,1.0,1.0,39.0,32.0,-0.0030632107251067353,-0.0017650185808415486,32768.0,64.0,6400000.0
16.0,16.0,2.0,6.0,85.0,58.0,2558.0,7232.0,0.30640503435322963,0.31432838607918434,1.0,4.0,6400000.0
1.0,1.0,2.0,1.0,1.0,1.0,39.0,32.0,-0.0030632107251067353,-0.0017650185808415486,512.0,0.0078125,6400000.0
1.0,16.0,2.0,1.0,1.0,1.0,39.0,32.0,-0.0030632107251067353,-0.0017650185808415486,16384.0,8192.0,6400000.0
1.0,16.0,4.0,1.0,1.0,1.0,63.0,32.0,-0.0030632107251067353,-0.0017650185808415486,0.0,512.0,6400000.0
1.0,16.0,2.0,1.0,1.0,1.0,39.0,32.0,-0.0030632107251067353,-0.0017650185808415486,0.5,512.0,6400000.0
16.0,16.0,2.0,7.0,96.0,64.0,2830.0,8192.0,0.31566543202013797,0.320865726791316,0.5,0.5,6400000.0
1.0,16.0,2.0,1.0,1.0,1.0,39.0,32.0,-0.0030632107251067353,-0.0017650185808415486,32768.0,0.0625,6400000.0
1.0,16.0,2.0,1.0,1.0,1.0,39.0,32.0,-0.0030632107251067353,-0.0017650185808415486,1.0,4096.0,6400000.0
1.0,16.0,2.0,1.0,1.0,1.0,39.0,32.0,-0.0030632107251067353,-0.0017650185808415486,2.0,32768.0,6400000.0
16.0,16.0,2.0,8.0,99.0,64.0,2883.0,8192.0,0.31473573745694794,0.3228831473508039,2.0,0.03125,6400000.0
16.0,16.0,2.0,3.0,95.0,64.0,2815.0,8192.0,0.30294024903634964,0.31053461578695196,4.0,0.25,6400000.0
16.0,16.0,4.0,9.0,421.0,256.0,12114.0,38912.0,0.40996062730481697,0.4231383767567434,0.000976562,0.00390625,6400000.0
8.0,16.0,2.0,2.0,22.0,16.0,664.0,1536.0,0.184803559555608,0.19082719424152972,2.0,32.0,6400000.0
16.0,16.0,2.0,3.0,95.0,64.0,2815.0,8192.0,0.30294024903634964,0.31053461578695196,8.0,0.00195312,6400000.0
16.0,16.0,2.0,3.0,89.0,62.0,2587.0,7872.0,0.30126431836272416,0.3085282164316576,8.0,2.0,6400000.0
1.0,16.0,2.0,1.0,1.0,1.0,39.0,32.0,-0.0030632107251067353,-0.0017650185808415486,4.0,256.0,6400000.0
16.0,16.0,2.0,3.0,97.0,64.0,2788.0,8192.0,0.2995110617175708,0.3081636646949283,16.0,0.015625,6400000.0
16.0,16.0,2.0,2.0,84.0,64.0,2688.0,8192.0,0.2499619215994845,0.25945279978018954,32.0,0.125,6400000.0
1.0,16.0,2.0,1.0,1.0,1.0,39.0,32.0,-0.0030632107251067353,-0.0017650185808415486,32.0,128.0,6400000.0
1.0,16.0,2.0,1.0,1.0,1.0,39.0,32.0,-0.0030632107251067353,-0.0017650185808415486,16.0,16384.0,6400000.0
11.0,16.0,2.0,2.0,30.0,22.0,872.0,2112.0,0.211815897449531,0.21820531799146736,16.0,16.0,6400000.0
16.0,16.0,2.0,2.0,84.0,64.0,2688.0,8192.0,0.2499619215994845,0.25945279978018954,64.0,0.000976562,6400000.0
1.0,1.0,2.0,1.0,1.0,1.0,39.0,32.0,-0.0030632107251067353,-0.0017650185808415486,512.0,8192.0,6400000.0
1.0,1.0,2.0,1.0,1.0,1.0,39.0,32.0,-0.0030632107251067353,-0.0017650185808415486,512.0,8.0,6400000.0
16.0,16.0,2.0,2.0,76.0,59.0,2438.0,7392.0,0.24894606893990057,0.2584253595130561,64.0,1.0,6400000.0
1.0,16.0,2.0,1.0,1.0,1.0,39.0,32.0,-0.0030632107251067353,-0.0017650185808415486,256.0,64.0,6400000.0
1.0,16.0,2.0,1.0,1.0,1.0,39.0,32.0,-0.0030632107251067353,-0.0017650185808415486,128.0,8.0,6400000.0
1.0,16.0,2.0,1.0,1.0,1.0,39.0,32.0,-0.0030632107251067353,-0.0017650185808415486,128.0,8192.0,6400000.0
1.0,16.0,2.0,1.0,1.0,1.0,39.0,32.0,-0.0030632107251067353,-0.0017650185808415486,256.0,0.0625,6400000.0
1.0,16.0,2.0,1.0,1.0,1.0,39.0,32.0,-0.0030632107251067353,-0.0017650185808415486,8.0,2048.0,6400000.0
1.0,16.0,2.0,1.0,1.0,1.0,39.0,32.0,-0.0030632107251067353,-0.0017650185808415486,64.0,1024.0,6400000.0
1.0,16.0,2.0,1.0,1.0,1.0,39.0,32.0,-0.0030632107251067353,-0.0017650185808415486,512.0,0.0,6400000.0
1.0,16.0,2.0,1.0,1.0,1.0,39.0,32.0,-0.0030632107251067353,-0.0017650185808415486,128.0,0.0078125,6400000.0
1.0,16.0,2.0,1.0,1.0,1.0,39.0,32.0,-0.0030632107251067353,-0.0017650185808415486,1024.0,4096.0,6400000.0
1.0,16.0,2.0,1.0,1.0,1.0,39.0,32.0,-0.0030632107251067353,-0.0017650185808415486,512.0,512.0,6400000.0
1.0,16.0,2.0,1.0,1.0,1.0,39.0,32.0,-0.0030632107251067353,-0.0017650185808415486,1024.0,4.0,6400000.0
1.0,1.0,2.0,1.0,1.0,1.0,39.0,32.0,-0.0030632107251067353,-0.0017650185808415486,1024.0,0.0625,6400000.0
1.0,16.0,2.0,1.0,1.0,1.0,39.0,32.0,-0.0030632107251067353,-0.0017650185808415486,512.0,0.5,6400000.0
1.0,16.0,2.0,1.0,1.0,1.0,39.0,32.0,-0.0030632107251067353,-0.0017650185808415486,0.125,16384.0,6400000.0
1.0,16.0,2.0,1.0,1.0,1.0,39.0,32.0,-0.0030632107251067353,-0.0017650185808415486,1024.0,0.00390625,6400000.0
1.0,16.0,2.0,1.0,1.0,1.0,39.0,32.0,-0.0030632107251067353,-0.0017650185808415486,2048.0,0.03125,6400000.0
1.0,16.0,2.0,1.0,1.0,1.0,39.0,32.0,-0.0030632107251067353,-0.0017650185808415486,2048.0,32768.0,6400000.0
1.0,16.0,2.0,1.0,1.0,1.0,39.0,32.0,-0.0030632107251067353,-0.0017650185808415486,4096.0,256.0,6400000.0
1.0,1.0,1.0,1.0,1.0,1.0,35.0,32.0,-0.0030632107251067353,-0.0017650185808415486,0.0078125,16384.0,6400000.0
1.0,16.0,2.0,1.0,1.0,1.0,39.0,32.0,-0.0030632107251067353,-0.0017650185808415486,4096.0,0.25,6400000.0
1.0,16.0,2.0,1.0,1.0,1.0,39.0,32.0,-0.0030632107251067353,-0.0017650185808415486,8192.0,0.00195312,6400000.0
1.0,16.0,2.0,1.0,1.0,1.0,39.0,32.0,-0.0030632107251067353,-0.0017650185808415486,16384.0,0.015625,6400000.0
16.0,16.0,2.0,8.0,100.0,64.0,2900.0,8192.0,0.31466847123447983,0.321372585773934,0.25,0.125,6400000.0
1.0,16.0,2.0,1.0,1.0,1.0,39.0,32.0,-0.0030632107251067353,-0.0017650185808415486,2048.0,32.0,6400000.0
16.0,16.0,2.0,7.0,100.0,64.0,2864.0,8192.0,0.3135095585159773,0.32136957472359495,0.5,0.000976562,6400000.0
1.0,16.0,2.0,1.0,1.0,1.0,39.0,32.0,-0.0030632107251067353,-0.0017650185808415486,8192.0,2.0,6400000.0
1.0,1.0,2.0,1.0,1.0,1.0,39.0,32.0,-0.0030632107251067353,-0.0017650185808415486,1024.0,64.0,6400000.0
1.0,16.0,2.0,1.0,1.0,1.0,39.0,32.0,-0.0030632107251067353,-0.0017650185808415486,16384.0,16.0,6400000.0
16.0,16.0,2.0,7.0,98.0,64.0,2871.0,8192.0,0.31588163562614413,0.3211879929108219,1.0,0.0078125,6400000.0
1.0,16.0,2.0,1.0,1.0,1.0,39.0,32.0,-0.0030632107251067353,-0.0017650185808415486,0.25,128.0,6400000.0
1.0,16.0,2.0,1.0,1.0,1.0,39.0,32.0,-0.0030632107251067353,-0.0017650185808415486,32768.0,128.0,6400000.0
1.0,16.0,2.0,1.0,1.0,1.0,39.0,32.0,-0.0030632107251067353,-0.0017650185808415486,8192.0,2048.0,6400000.0
16.0,16.0,4.0,9.0,345.0,239.0,10546.0,36192.0,0.3947774148166675,0.41327777594236825,0.0,1.0,6400000.0
14.0,16.0,2.0,3.0,58.0,41.0,1695.0,4768.0,0.2755258013558761,0.2825067573238387,1.0,8.0,6400000.0
16.0,16.0,4.0,9.0,421.0,256.0,12114.0,38912.0,0.40996062730481697,0.4231383767567434,0.0,0.000976562,6400000.0
1.0,16.0,4.0,1.0,1.0,1.0,63.0,32.0,-0.0030632107251067353,-0.0017650185808415486,0.0,1024.0,6400000.0
1.0,1.0,2.0,1.0,1.0,1.0,39.0,32.0,-0.0030632107251067353,-0.0017650185808415486,512.0,0.015625,6400000.0
1.0,16.0,2.0,1.0,1.0,1.0,39.0,32.0,-0.0030632107251067353,-0.0017650185808415486,16384.0,16384.0,6400000.0
16.0,16.0,2.0,7.0,96.0,64.0,2830.0,8192.0,0.3153511497778302,0.32083083061652895,0.5,1.0,6400000.0
1.0,16.0,2.0,1.0,1.0,1.0,39.0,32.0,-0.0030632107251067353,-0.0017650185808415486,1.0,8192.0,6400000.0
1.0,16.0,2.0,1.0,1.0,1.0,39.0,32.0,-0.0030632107251067353,-0.0017650185808415486,0.5,1024.0,6400000.0
16.0,16.0,2.0,3.0,95.0,64.0,2815.0,8192.0,0.30294024903634964,0.31053461578695196,4.0,0.0,6400000.0
16.0,16.0,2.0,3.0,93.0,64.0,2721.0,8192.0,0.3024759309326154,0.30982667645654005,4.0,0.5,6400000.0
1.0,16.0,2.0,1.0,1.0,1.0,39.0,32.0,-0.0030632107251067353,-0.0017650185808415486,32768.0,0.125,6400000.0
16.0,16.0,4.0,9.0,421.0,256.0,12114.0,38912.0,0.40996062730481697,0.4231383767567434,0.000976562,0.0078125,6400000.0
16.0,16.0,2.0,8.0,99.0,64.0,2883.0,8192.0,0.31473573745694794,0.3228831473508039,2.0,0.0625,6400000.0
3.0,16.0,2.0,2.0,9.0,6.0,287.0,576.0,0.10115259004895938,0.10346957106453547,2.0,64.0,6400000.0
16.0,16.0,2.0,3.0,95.0,64.0,2815.0,8192.0,0.30294024903634964,0.31053461578695196,8.0,0.00390625,6400000.0
1.0,16.0,2.0,1.0,1.0,1.0,39.0,32.0,-0.0030632107251067353,-0.0017650185808415486,4.0,512.0,6400000.0
16.0,16.0,2.0,3.0,78.0,54.0,2294.0,6592.0,0.2970454523316539,0.3030377310258143,8.0,4.0,6400000.0
16.0,16.0,2.0,3.0,97.0,64.0,2788.0,8192.0,0.2995110617175708,0.3081636646949283,16.0,0.03125,6400000.0
16.0,16.0,2.0,2.0,84.0,64.0,2688.0,8192.0,0.2499619215994845,0.25945279978018954,32.0,0.25,6400000.0
8.0,16.0,2.0,2.0,22.0,16.0,664.0,1536.0,0.184803559555608,0.19082719424152972,16.0,32.0,6400000.0
1.0,1.0,2.0,1.0,1.0,1.0,39.0,32.0,-0.0030632107251067353,-0.0017650185808415486,512.0,16.0,6400000.0
1.0,16.0,2.0,1.0,1.0,1.0,39.0,32.0,-0.0030632107251067353,-0.0017650185808415486,32.0,256.0,6400000.0
1.0,16.0,2.0,1.0,1.0,1.0,39.0,32.0,-0.0030632107251067353,-0.0017650185808415486,256.0,0.125,6400000.0
1.0,16.0,2.0,1.0,1.0,1.0,39.0,32.0,-0.0030632107251067353,-0.0017650185808415486,128.0,16.0,6400000.0
1.0,16.0,2.0,1.0,1.0,1.0,39.0,32.0,-0.0030632107251067353,-0.0017650185808415486,256.0,128.0,6400000.0
1.0,16.0,2.0,1.0,1.0,1.0,39.0,32.0,-0.0030632107251067353,-0.0017650185808415486,16.0,32768.0,6400000.0
1.0,16.0,2.0,1.0,1.0,1.0,39.0,32.0,-0.0030632107251067353,-0.0017650185808415486,64.0,2048.0,6400000.0
1.0,16.0,2.0,1.0,1.0,1.0,39.0,32.0,-0.0030632107251067353,-0.0017650185808415486,8.0,4096.0,6400000.0
16.0,16.0,2.0,2.0,71.0,56.0,2253.0,6912.0,0.24834200350055458,0.2566156872527452,64.0,2.0,6400000.0
1.0,1.0,2.0,1.0,1.0,1.0,39.0,32.0,-0.0030632107251067353,-0.0017650185808415486,512.0,16384.0,6400000.0
1.0,16.0,2.0,1.0,1.0,1.0,39.0,32.0,-0.0030632107251067353,-0.0017650185808415486,128.0,0.015625,6400000.0
16.0,16.0,2.0,2.0,84.0,64.0,2688.0,8192.0,0.2499619215994845,0.25945279978018954,64.0,0.00195312,6400000.0
1.0,16.0,2.0,1.0,1.0,1.0,39.0,32.0,-0.0030632107251067353,-0.0017650185808415486,128.0,16384.0,6400000.0
1.0,16.0,2.0,1.0,1.0,1.0,39.0,32.0,-0.0030632107251067353,-0.0017650185808415486,512.0,0.000976562,6400000.0
1.0,16.0,2.0,1.0,1.0,1.0,39.0,32.0,-0.0030632107251067353,-0.0017650185808415486,1024.0,8192.0,6400000.0
1.0,16.0,2.0,1.0,1.0,1.0,39.0,32.0,-0.0030632107251067353,-0.0017650185808415486,512.0,1024.0,6400000.0
1.0,16.0,2.0,1.0,1.0,1.0,39.0,32.0,-0.0030632107251067353,-0.0017650185808415486,1024.0,8.0,6400000.0
1.0,1.0,2.0,1.0,1.0,1.0,39.0,32.0,-0.0030632107251067353,-0.0017650185808415486,1024.0,0.125,6400000.0
1.0,16.0,2.0,1.0,1.0,1.0,39.0,32.0,-0.0030632107251067353,-0.0017650185808415486,0.125,32768.0,6400000.0
1.0,16.0,2.0,1.0,1.0,1.0,39.0,32.0,-0.0030632107251067353,-0.0017650185808415486,2048.0,0.0625,6400000.0
1.0,1.0,1.0,1.0,1.0,1.0,35.0,32.0,-0.0030632107251067353,-0.0017650185808415486,0.0078125,32768.0,6400000.0
1.0,16.0,2.0,1.0,1.0,1.0,39.0,32.0,-0.0030632107251067353,-0.0017650185808415486,1024.0,0.0078125,6400000.0
1.0,16.0,2.0,1.0,1.0,1.0,39.0,32.0,-0.0030632107251067353,-0.0017650185808415486,4096.0,0.0,6400000.0
1.0,16.0,2.0,1.0,1.0,1.0,39.0,32.0,-0.0030632107251067353,-0.0017650185808415486,512.0,1.0,6400000.0
1.0,16.0,2.0,1.0,1.0,1.0,39.0,32.0,-0.0030632107251067353,-0.0017650185808415486,4096.0,512.0,6400000.0
1.0,16.0,2.0,1.0,1.0,1.0,39.0,32.0,-0.0030632107251067353,-0.0017650185808415486,4096.0,0.5,6400000.0
1.0,16.0,2.0,1.0,1.0,1.0,39.0,32.0,-0.0030632107251067353,-0.0017650185808415486,16384.0,0.03125,6400000.0
16.0,16.0,2.0,8.0,100.0,64.0,2900.0,8192.0,0.31466847123447983,0.321372585773934,0.25,0.25,6400000.0
1.0,16.0,2.0,1.0,1.0,1.0,39.0,32.0,-0.0030632107251067353,-0.0017650185808415486,8192.0,0.00390625,6400000.0
16.0,16.0,2.0,7.0,100.0,64.0,2864.0,8192.0,0.3135095585159773,0.32136957472359495,0.5,0.00195312,6400000.0
1.0,16.0,2.0,1.0,1.0,1.0,39.0,32.0,-0.0030632107251067353,-0.0017650185808415486,2048.0,64.0,6400000.0
1.0,16.0,2.0,1.0,1.0,1.0,39.0,32.0,-0.0030632107251067353,-0.0017650185808415486,8192.0,4.0,6400000.0
1.0,1.0,2.0,1.0,1.0,1.0,39.0,32.0,-0.0030632107251067353,-0.0017650185808415486,1024.0,128.0,6400000.0
1.0,16.0,2.0,1.0,1.0,1.0,39.0,32.0,-0.0030632107251067353,-0.0017650185808415486,16384.0,32.0,6400000.0
16.0,16.0,2.0,7.0,98.0,64.0,2871.0,8192.0,0.31588163562614413,0.3211879929108219,1.0,0.015625,6400000.0
1.0,16.0,2.0,1.0,1.0,1.0,39.0,32.0,-0.0030632107251067353,-0.0017650185808415486,8192.0,4096.0,6400000.0
16.0,16.0,4.0,9.0,255.0,176.0,7767.0,26112.0,0.3937416243576429,0.4097338844036036,0.0,2.0,6400000.0
1.0,16.0,2.0,1.0,1.0,1.0,39.0,32.0,-0.0030632107251067353,-0.0017650185808415486,32768.0,256.0,6400000.0
1.0,16.0,2.0,1.0,1.0,1.0,39.0,32.0,-0.0030632107251067353,-0.0017650185808415486,0.25,256.0,6400000.0
11.0,16.0,2.0,3.0,35.0,25.0,1015.0,2592.0,0.23714634169335125,0.2431198474760431,1.0,16.0,6400000.0
16.0,16.0,4.0,9.0,421.0,256.0,12114.0,38912.0,0.40996062730481697,0.4231383767567434,0.0,0.00195312,6400000.0
1.0,16.0,2.0,1.0,1.0,1.0,39.0,32.0,-0.0030632107251067353,-0.0017650185808415486,16384.0,32768.0,6400000.0
1.0,16.0,4.0,1.0,1.0,1.0,63.0,32.0,-0.0030632107251067353,-0.0017650185808415486,0.0,2048.0,6400000.0
1.0,1.0,2.0,1.0,1.0,1.0,39.0,32.0,-0.0030632107251067353,-0.0017650185808415486,512.0,0.03125,6400000.0
16.0,16.0,2.0,3.0,95.0,64.0,2815.0,8192.0,0.30294024903634964,0.31053461578695196,4.0,0.000976562,6400000.0
1.0,16.0,2.0,1.0,1.0,1.0,39.0,32.0,-0.0030632107251067353,-0.0017650185808415486,32768.0,0.25,6400000.0
16.0,16.0,2.0,3.0,91.0,63.0,2653.0,8032.0,0.30225843635286576,0.309589237285558,4.0,1.0,6400000.0
16.0,16.0,2.0,6.0,93.0,64.0,2780.0,8192.0,0.312576219404612,0.3204532435073,0.5,2.0,6400000.0
1.0,16.0,2.0,1.0,1.0,1.0,39.0,32.0,-0.0030632107251067353,-0.0017650185808415486,1.0,16384.0,6400000.0
1.0,16.0,2.0,1.0,1.0,1.0,39.0,32.0,-0.0030632107251067353,-0.0017650185808415486,0.5,2048.0,6400000.0
16.0,16.0,4.0,9.0,423.0,256.0,12177.0,38912.0,0.4036536844184274,0.41862254740942595,0.000976562,0.015625,6400000.0
1.0,16.0,2.0,1.0,1.0,1.0,39.0,32.0,-0.0030632107251067353,-0.0017650185808415486,2.0,128.0,6400000.0
16.0,16.0,2.0,8.0,99.0,64.0,2883.0,8192.0,0.31473573745694794,0.3228831473508039,2.0,0.125,6400000.0
16.0,16.0,2.0,3.0,95.0,64.0,2815.0,8192.0,0.30294024903634964,0.31053461578695196,8.0,0.0078125,6400000.0
1.0,16.0,2.0,1.0,1.0,1.0,39.0,32.0,-0.0030632107251067353,-0.0017650185808415486,4.0,1024.0,6400000.0
16.0,16.0,2.0,2.0,84.0,64.0,2688.0,8192.0,0.2499619215994845,0.25945279978018954,32.0,0.5,6400000.0
14.0,16.0,2.0,3.0,58.0,41.0,1695.0,4768.0,0.2755258013558761,0.2825067573238387,8.0,8.0,6400000.0
1.0,16.0,2.0,1.0,1.0,1.0,39.0,32.0,-0.0030632107251067353,-0.0017650185808415486,256.0,0.25,6400000.0
1.0,16.0,2.0,1.0,1.0,1.0,39.0,32.0,-0.0030632107251067353,-0.0017650185808415486,256.0,256.0,6400000.0
16.0,16.0,2.0,3.0,97.0,64.0,2788.0,8192.0,0.2995110617175708,0.3081636646949283,16.0,0.0625,6400000.0
3.0,16.0,2.0,2.0,9.0,6.0,287.0,576.0,0.10115259004895938,0.10346957106453547,16.0,64.0,6400000.0
1.0,1.0,2.0,1.0,1.0,1.0,39.0,32.0,-0.0030632107251067353,-0.0017650185808415486,512.0,32.0,6400000.0
16.0,16.0,2.0,2.0,84.0,64.0,2688.0,8192.0,0.2499619215994845,0.25945279978018954,32.0,0.0,6400000.0
1.0,16.0,2.0,1.0,1.0,1.0,39.0,32.0,-0.0030632107251067353,-0.0017650185808415486,64.0,4096.0,6400000.0
1.0,16.0,2.0,1.0,1.0,1.0,39.0,32.0,-0.0030632107251067353,-0.0017650185808415486,32.0,512.0,6400000.0
1.0,16.0,2.0,1.0,1.0,1.0,39.0,32.0,-0.0030632107251067353,-0.0017650185808415486,8.0,8192.0,6400000.0
1.0,16.0,2.0,1.0,1.0,1.0,39.0,32.0,-0.0030632107251067353,-0.0017650185808415486,128.0,32768.0,6400000.0
1.0,16.0,2.0,1.0,1.0,1.0,39.0,32.0,-0.0030632107251067353,-0.0017650185808415486,128.0,32.0,6400000.0
1.0,16.0,2.0,1.0,1.0,1.0,39.0,32.0,-0.0030632107251067353,-0.0017650185808415486,512.0,0.00195312,6400000.0
1.0,16.0,2.0,1.0,1.0,1.0,39.0,32.0,-0.0030632107251067353,-0.0017650185808415486,1024.0,16384.0,6400000.0
16.0,16.0,2.0,2.0,66.0,50.0,2070.0,5952.0,0.24744435504625084,0.2553679007770885,64.0,4.0,6400000.0
1.0,16.0,2.0,1.0,1.0,1.0,39.0,32.0,-0.0030632107251067353,-0.0017650185808415486,128.0,0.03125,6400000.0
16.0,16.0,2.0,2.0,84.0,64.0,2688.0,8192.0,0.2499619215994845,0.25945279978018954,64.0,0.00390625,6400000.0
1.0,16.0,2.0,1.0,1.0,1.0,39.0,32.0,-0.0030632107251067353,-0.0017650185808415486,512.0,2048.0,6400000.0
1.0,1.0,2.0,1.0,1.0,1.0,39.0,32.0,-0.0030632107251067353,-0.0017650185808415486,512.0,32768.0,6400000.0
1.0,1.0,2.0,1.0,1.0,1.0,39.0,32.0,-0.0030632107251067353,-0.0017650185808415486,1024.0,0.25,6400000.0
1.0,16.0,2.0,1.0,1.0,1.0,39.0,32.0,-0.0030632107251067353,-0.0017650185808415486,4096.0,0.000976562,6400000.0
1.0,16.0,2.0,1.0,1.0,1.0,39.0,32.0,-0.0030632107251067353,-0.0017650185808415486,1024.0,16.0,6400000.0
16.0,16.0,2.0,8.0,100.0,64.0,2868.0,8192.0,0.31346195887167005,0.32170858487751175,0.25,0.0,6400000.0
1.0,1.0,1.0,2.0,3.0,2.0,108.0,192.0,0.03911015413878083,0.040912063041146696,0.015625,0.0,6400000.0
1.0,16.0,2.0,1.0,1.0,1.0,39.0,32.0,-0.0030632107251067353,-0.0017650185808415486,1024.0,0.015625,6400000.0
1.0,16.0,2.0,1.0,1.0,1.0,39.0,32.0,-0.0030632107251067353,-0.0017650185808415486,4096.0,1024.0,6400000.0
16.0,16.0,2.0,7.0,98.0,64.0,2869.0,8192.0,0.31097611756721,0.32161413560982544,0.25,0.5,6400000.0
1.0,16.0,2.0,1.0,1.0,1.0,39.0,32.0,-0.0030632107251067353,-0.0017650185808415486,2048.0,0.125,6400000.0
1.0,16.0,2.0,1.0,1.0,1.0,39.0,32.0,-0.0030632107251067353,-0.0017650185808415486,4096.0,1.0,6400000.0
1.0,16.0,2.0,1.0,1.0,1.0,39.0,32.0,-0.0030632107251067353,-0.0017650185808415486,16384.0,0.0625,6400000.0
1.0,16.0,2.0,1.0,1.0,1.0,39.0,32.0,-0.0030632107251067353,-0.0017650185808415486,2048.0,128.0,6400000.0
1.0,16.0,2.0,1.0,1.0,1.0,39.0,32.0,-0.0030632107251067353,-0.0017650185808415486,512.0,2.0,6400000.0
16.0,16.0,2.0,7.0,100.0,64.0,2864.0,8192.0,0.3135095585159773,0.32136957472359495,0.5,0.00390625,6400000.0
1.0,16.0,2.0,1.0,1.0,1.0,39.0,32.0,-0.0030632107251067353,-0.0017650185808415486,8192.0,0.0078125,6400000.0
1.0,16.0,2.0,1.0,1.0,1.0,39.0,32.0,-0.0030632107251067353,-0.0017650185808415486,8192.0,8.0,6400000.0
1.0,1.0,2.0,1.0,1.0,1.0,39.0,32.0,-0.0030632107251067353,-0.0017650185808415486,1024.0,256.0,6400000.0
1.0,16.0,2.0,1.0,1.0,1.0,39.0,32.0,-0.0030632107251067353,-0.0017650185808415486,16384.0,64.0,6400000.0
16.0,16.0,2.0,7.0,98.0,64.0,2871.0,8192.0,0.31588163562614413,0.3211879929108219,1.0,0.03125,6400000.0
1.0,16.0,2.0,1.0,1.0,1.0,39.0,32.0,-0.0030632107251067353,-0.0017650185808415486,8192.0,8192.0,6400000.0
16.0,16.0,4.0,8.0,131.0,94.0,4086.0,12992.0,0.34113481043209837,0.3480846441687274,0.0,4.0,6400000.0
1.0,16.0,2.0,1.0,1.0,1.0,39.0,32.0,-0.0030632107251067353,-0.0017650185808415486,0.25,512.0,6400000.0
1.0,16.0,2.0,1.0,1.0,1.0,39.0,32.0,-0.0030632107251067353,-0.0017650185808415486,32768.0,512.0,6400000.0
16.0,16.0,4.0,9.0,421.0,256.0,12114.0,38912.0,0.40996062730481697,0.4231383767567434,0.0,0.00390625,6400000.0
8.0,16.0,2.0,2.0,22.0,16.0,664.0,1536.0,0.184803559555608,0.19082719424152972,1.0,32.0,6400000.0
1.0,1.0,2.0,1.0,1.0,1.0,39.0,32.0,-0.0030632107251067353,-0.0017650185808415486,512.0,0.0625,6400000.0
1.0,16.0,2.0,1.0,1.0,1.0,39.0,32.0,-0.0030632107251067353,-0.0017650185808415486,32768.0,0.0,6400000.0
16.0,16.0,2.0,3.0,95.0,64.0,2815.0,8192.0,0.30294024903634964,0.31053461578695196,4.0,0.00195312,6400000.0
1.0,16.0,2.0,1.0,1.0,1.0,39.0,32.0,-0.0030632107251067353,-0.0017650185808415486,2.0,256.0,6400000.0
16.0,16.0,2.0,3.0,89.0,62.0,2587.0,7872.0,0.30126431836272416,0.3085282164316576,4.0,2.0,6400000.0
16.0,16.0,2.0,8.0,99.0,64.0,2883.0,8192.0,0.31473573745694794,0.3228831473508039,2.0,0.25,6400000.0
16.0,16.0,2.0,7.0,88.0,60.0,2586.0,7552.0,0.3126800750122968,0.3212575335406237,0.5,4.0,6400000.0
1.0,16.0,2.0,1.0,1.0,1.0,39.0,32.0,-0.0030632107251067353,-0.0017650185808415486,1.0,32768.0,6400000.0
1.0,16.0,2.0,1.0,1.0,1.0,39.0,32.0,-0.0030632107251067353,-0.0017650185808415486,0.5,4096.0,6400000.0
16.0,16.0,4.0,9.0,414.0,256.0,11963.0,38912.0,0.41904523657477755,0.42582600184437647,0.000976562,0.03125,6400000.0
1.0,16.0,2.0,1.0,1.0,1.0,39.0,32.0,-0.0030632107251067353,-0.0017650185808415486,32768.0,0.5,6400000.0
1.0,16.0,4.0,1.0,1.0,1.0,63.0,32.0,-0.0030632107251067353,-0.0017650185808415486,0.0,4096.0,6400000.0
16.0,16.0,2.0,3.0,95.0,64.0,2815.0,8192.0,0.30294024903634964,0.31053461578695196,8.0,0.015625,6400000.0
1.0,16.0,2.0,1.0,1.0,1.0,39.0,32.0,-0.0030632107251067353,-0.0017650185808415486,4.0,2048.0,6400000.0
16.0,16.0,2.0,2.0,76.0,59.0,2438.0,7392.0,0.24894606893990057,0.2584253595130561,32.0,1.0,6400000.0
16.0,16.0,2.0,3.0,97.0,64.0,2788.0,8192.0,0.2995110617175708,0.3081636646949283,16.0,0.125,6400000.0
1.0,1.0,2.0,1.0,1.0,1.0,39.0,32.0,-0.0030632107251067353,-0.0017650185808415486,512.0,64.0,6400000.0
1.0,16.0,2.0,1.0,1.0,1.0,39.0,32.0,-0.0030632107251067353,-0.0017650185808415486,256.0,0.5,6400000.0
11.0,16.0,2.0,2.0,30.0,22.0,872.0,2112.0,0.211815897449531,0.21820531799146736,8.0,16.0,6400000.0
1.0,16.0,2.0,1.0,1.0,1.0,39.0,32.0,-0.0030632107251067353,-0.0017650185808415486,256.0,512.0,6400000.0
16.0,16.0,2.0,2.0,84.0,64.0,2688.0,8192.0,0.2499619215994845,0.25945279978018954,32.0,0.000976562,6400000.0
1.0,16.0,2.0,1.0,1.0,1.0,39.0,32.0,-0.0030632107251067353,-0.0017650185808415486,32.0,1024.0,6400000.0
1.0,16.0,2.0,1.0,1.0,1.0,39.0,32.0,-0.0030632107251067353,-0.0017650185808415486,128.0,0.0625,6400000.0
1.0,16.0,2.0,1.0,1.0,1.0,39.0,32.0,-0.0030632107251067353,-0.0017650185808415486,128.0,64.0,6400000.0
1.0,16.0,2.0,1.0,1.0,1.0,39.0,32.0,-0.0030632107251067353,-0.0017650185808415486,8.0,16384.0,6400000.0
1.0,16.0,2.0,1.0,1.0,1.0,39.0,32.0,-0.0030632107251067353,-0.0017650185808415486,512.0,0.00390625,6400000.0
1.0,16.0,2.0,1.0,1.0,1.0,39.0,32.0,-0.0030632107251067353,-0.0017650185808415486,512.0,4096.0,6400000.0
1.0,1.0,2.0,1.0,1.0,1.0,39.0,32.0,-0.0030632107251067353,-0.0017650185808415486,1024.0,0.0,6400000.0
15.0,16.0,2.0,2.0,47.0,34.0,1432.0,3520.0,0.23483331904090687,0.24244665993785774,64.0,8.0,6400000.0
16.0,16.0,2.0,2.0,84.0,64.0,2688.0,8192.0,0.2499619215994845,0.25945279978018954,64.0,0.0078125,6400000.0
1.0,16.0,2.0,1.0,1.0,1.0,39.0,32.0,-0.0030632107251067353,-0.0017650185808415486,256.0,0.0,6400000.0
1.0,16.0,2.0,1.0,1.0,1.0,39.0,32.0,-0.0030632107251067353,-0.0017650185808415486,64.0,8192.0,6400000.0
1.0,16.0,2.0,1.0,1.0,1.0,39.0,32.0,-0.0030632107251067353,-0.0017650185808415486,16.0,128.0,6400000.0
1.0,16.0,2.0,1.0,1.0,1.0,39.0,32.0,-0.0030632107251067353,-0.0017650185808415486,1024.0,32768.0,6400000.0
1.0,16.0,2.0,1.0,1.0,1.0,39.0,32.0,-0.0030632107251067353,-0.0017650185808415486,4096.0,0.00195312,6400000.0
1.0,1.0,2.0,1.0,1.0,1.0,39.0,32.0,-0.0030632107251067353,-0.0017650185808415486,1024.0,0.5,6400000.0
1.0,1.0,1.0,2.0,3.0,2.0,108.0,192.0,0.03911015413878083,0.040912063041146696,0.015625,0.000976562,6400000.0
1.0,16.0,2.0,1.0,1.0,1.0,39.0,32.0,-0.0030632107251067353,-0.0017650185808415486,1024.0,0.03125,6400000.0
1.0,16.0,2.0,1.0,1.0,1.0,39.0,32.0,-0.0030632107251067353,-0.0017650185808415486,1024.0,32.0,6400000.0
16.0,16.0,2.0,8.0,100.0,64.0,2868.0,8192.0,0.31346195887167005,0.32170858487751175,0.25,0.000976562,6400000.0
1.0,16.0,2.0,1.0,1.0,1.0,39.0,32.0,-0.0030632107251067353,-0.0017650185808415486,4096.0,2048.0,6400000.0
1.0,16.0,2.0,1.0,1.0,1.0,39.0,32.0,-0.0030632107251067353,-0.0017650185808415486,4096.0,2.0,6400000.0
16.0,16.0,2.0,7.0,95.0,64.0,2820.0,8192.0,0.3127028136223545,0.3193693167010052,0.25,1.0,6400000.0
1.0,16.0,2.0,1.0,1.0,1.0,39.0,32.0,-0.0030632107251067353,-0.0017650185808415486,16384.0,0.125,6400000.0
1.0,16.0,2.0,1.0,1.0,1.0,39.0,32.0,-0.0030632107251067353,-0.0017650185808415486,8192.0,0.015625,6400000.0
1.0,16.0,2.0,1.0,1.0,1.0,39.0,32.0,-0.0030632107251067353,-0.0017650185808415486,2048.0,0.25,6400000.0
16.0,16.0,2.0,7.0,100.0,64.0,2864.0,8192.0,0.3135095585159773,0.32136957472359495,0.5,0.0078125,6400000.0
1.0,16.0,2.0,1.0,1.0,1.0,39.0,32.0,-0.0030632107251067353,-0.0017650185808415486,8192.0,16.0,6400000.0
1.0,16.0,2.0,1.0,1.0,1.0,39.0,32.0,-0.0030632107251067353,-0.0017650185808415486,512.0,4.0,6400000.0
1.0,1.0,2.0,1.0,1.0,1.0,39.0,32.0,-0.0030632107251067353,-0.0017650185808415486,1024.0,512.0,6400000.0
1.0,16.0,2.0,1.0,1.0,1.0,39.0,32.0,-0.0030632107251067353,-0.0017650185808415486,2048.0,256.0,6400000.0
1.0,16.0,2.0,1.0,1.0,1.0,39.0,32.0,-0.0030632107251067353,-0.0017650185808415486,16384.0,128.0,6400000.0
16.0,16.0,2.0,7.0,98.0,64.0,2869.0,8192.0,0.3153863198114043,0.3209639946637457,1.0,0.0625,6400000.0
1.0,16.0,2.0,1.0,1.0,1.0,39.0,32.0,-0.0030632107251067353,-0.0017650185808415486,0.25,1024.0,6400000.0
1.0,16.0,2.0,1.0,1.0,1.0,39.0,32.0,-0.0030632107251067353,-0.0017650185808415486,8192.0,16384.0,6400000.0
16.0,16.0,4.0,3.0,67.0,47.0,2020.0,5472.0,0.28428173420704106,0.29213228260301216,0.0,8.0,6400000.0
1.0,16.0,2.0,1.0,1.0,1.0,39.0,32.0,-0.0030632107251067353,-0.0017650185808415486,32768.0,1024.0,6400000.0
3.0,16.0,2.0,2.0,9.0,6.0,287.0,576.0,0.10115259004895938,0.10346957106453547,1.0,64.0,6400000.0
1.0,16.0,2.0,1.0,1.0,1.0,39.0,32.0,-0.0030632107251067353,-0.0017650185808415486,32768.0,0.000976562,6400000.0
1.0,1.0,2.0,1.0,1.0,1.0,39.0,32.0,-0.0030632107251067353,-0.0017650185808415486,512.0,0.125,6400000.0
16.0,16.0,4.0,9.0,421.0,256.0,12114.0,38912.0,0.40996062730481697,0.4231383767567434,0.0,0.0078125,6400000.0
16.0,16.0,2.0,3.0,95.0,64.0,2815.0,8192.0,0.30294024903634964,0.31053461578695196,4.0,0.00390625,6400000.0
16.0,16.0,2.0,3.0,78.0,54.0,2294.0,6592.0,0.2970454523316539,0.3030377310258143,4.0,4.0,6400000.0
1.0,16.0,4.0,1.0,1.0,1.0,63.0,32.0,-0.0030632107251067353,-0.0017650185808415486,0.0,8192.0,6400000.0
1.0,16.0,2.0,1.0,1.0,1.0,39.0,32.0,-0.0030632107251067353,-0.0017650185808415486,32768.0,1.0,6400000.0
14.0,16.0,2.0,3.0,58.0,41.0,1695.0,4768.0,0.2755258013558761,0.2825067573238387,0.5,8.0,6400000.0
1.0,16.0,2.0,1.0,1.0,1.0,39.0,32.0,-0.0030632107251067353,-0.0017650185808415486,0.5,8192.0,6400000.0
16.0,16.0,2.0,6.0,96.0,64.0,2773.0,8192.0,0.30926190964036704,0.3195393172591343,2.0,0.5,6400000.0
1.0,16.0,2.0,1.0,1.0,1.0,39.0,32.0,-0.0030632107251067353,-0.0017650185808415486,2.0,512.0,6400000.0
16.0,16.0,2.0,7.0,100.0,64.0,2846.0,8192.0,0.3160274477312084,0.32478466419056096,2.0,0.0,6400000.0
16.0,16.0,4.0,9.0,419.0,256.0,12061.0,38912.0,0.41713588820893466,0.421509655891247,0.000976562,0.0625,6400000.0
16.0,16.0,2.0,3.0,95.0,64.0,2815.0,8192.0,0.30294024903634964,0.31053461578695196,8.0,0.03125,6400000.0
1.0,16.0,2.0,1.0,1.0,1.0,39.0,32.0,-0.0030632107251067353,-0.0017650185808415486,4.0,4096.0,6400000.0
1.0,16.0,2.0,1.0,1.0,1.0,39.0,32.0,-0.0030632107251067353,-0.0017650185808415486,256.0,1.0,6400000.0
16.0,16.0,2.0,3.0,94.0,64.0,2755.0,8192.0,0.30064647484522045,0.3088667128322091,16.0,0.25,6400000.0
16.0,16.0,2.0,2.0,71.0,56.0,2253.0,6912.0,0.24834200350055458,0.2566156872527452,32.0,2.0,6400000.0
16.0,16.0,2.0,2.0,84.0,64.0,2688.0,8192.0,0.2499619215994845,0.25945279978018954,32.0,0.00195312,6400000.0
1.0,16.0,2.0,1.0,1.0,1.0,39.0,32.0,-0.0030632107251067353,-0.0017650185808415486,256.0,1024.0,6400000.0
1.0,16.0,2.0,1.0,1.0,1.0,39.0,32.0,-0.0030632107251067353,-0.0017650185808415486,32.0,2048.0,6400000.0
1.0,16.0,2.0,1.0,1.0,1.0,39.0,32.0,-0.0030632107251067353,-0.0017650185808415486,128.0,128.0,6400000.0
8.0,16.0,2.0,2.0,22.0,16.0,664.0,1536.0,0.184803559555608,0.19082719424152972,8.0,32.0,6400000.0
1.0,1.0,2.0,1.0,1.0,1.0,39.0,32.0,-0.0030632107251067353,-0.0017650185808415486,512.0,128.0,6400000.0
1.0,16.0,2.0,1.0,1.0,1.0,39.0,32.0,-0.0030632107251067353,-0.0017650185808415486,512.0,0.0078125,6400000.0
1.0,16.0,2.0,1.0,1.0,1.0,39.0,32.0,-0.0030632107251067353,-0.0017650185808415486,8.0,32768.0,6400000.0
1.0,16.0,2.0,1.0,1.0,1.0,39.0,32.0,-0.0030632107251067353,-0.0017650185808415486,512.0,8192.0,6400000.0
1.0,16.0,2.0,1.0,1.0,1.0,39.0,32.0,-0.0030632107251067353,-0.0017650185808415486,128.0,0.125,6400000.0
1.0,16.0,2.0,1.0,1.0,1.0,39.0,32.0,-0.0030632107251067353,-0.0017650185808415486,64.0,16384.0,6400000.0
16.0,16.0,2.0,2.0,84.0,64.0,2688.0,8192.0,0.2499619215994845,0.25945279978018954,64.0,0.015625,6400000.0
1.0,16.0,2.0,1.0,1.0,1.0,39.0,32.0,-0.0030632107251067353,-0.0017650185808415486,256.0,0.000976562,6400000.0
1.0,16.0,2.0,1.0,1.0,1.0,39.0,32.0,-0.0030632107251067353,-0.0017650185808415486,16.0,256.0,6400000.0
11.0,16.0,2.0,2.0,30.0,22.0,872.0,2112.0,0.211815897449531,0.21820531799146736,64.0,16.0,6400000.0
1.0,16.0,2.0,1.0,1.0,1.0,39.0,32.0,-0.0030632107251067353,-0.0017650185808415486,2048.0,0.0,6400000.0
1.0,1.0,2.0,1.0,1.0,1.0,39.0,32.0,-0.0030632107251067353,-0.0017650185808415486,1024.0,0.000976562,6400000.0
1.0,1.0,2.0,1.0,1.0,1.0,39.0,32.0,-0.0030632107251067353,-0.0017650185808415486,1024.0,1.0,6400000.0
1.0,16.0,2.0,1.0,1.0,1.0,39.0,32.0,-0.0030632107251067353,-0.0017650185808415486,4096.0,0.00390625,6400000.0
1.0,16.0,2.0,1.0,1.0,1.0,39.0,32.0,-0.0030632107251067353,-0.0017650185808415486,1024.0,0.0625,6400000.0
1.0,1.0,1.0,2.0,3.0,2.0,108.0,192.0,0.03911015413878083,0.040912063041146696,0.015625,0.00195312,6400000.0
1.0,16.0,2.0,1.0,1.0,1.0,39.0,32.0,-0.0030632107251067353,-0.0017650185808415486,4096.0,4.0,6400000.0
16.0,16.0,2.0,8.0,100.0,64.0,2868.0,8192.0,0.31346195887167005,0.32170858487751175,0.25,0.00195312,6400000.0
1.0,16.0,2.0,1.0,1.0,1.0,39.0,32.0,-0.0030632107251067353,-0.0017650185808415486,4096.0,4096.0,6400000.0
1.0,16.0,2.0,1.0,1.0,1.0,39.0,32.0,-0.0030632107251067353,-0.0017650185808415486,1024.0,64.0,6400000.0
16.0,16.0,2.0,7.0,95.0,64.0,2831.0,8192.0,0.31401432532344786,0.3212259875252097,0.25,2.0,6400000.0
1.0,16.0,2.0,1.0,1.0,1.0,39.0,32.0,-0.0030632107251067353,-0.0017650185808415486,8192.0,0.03125,6400000.0
1.0,16.0,2.0,1.0,1.0,1.0,39.0,32.0,-0.0030632107251067353,-0.0017650185808415486,16384.0,0.25,6400000.0
1.0,16.0,2.0,1.0,1.0,1.0,39.0,32.0,-0.0030632107251067353,-0.0017650185808415486,8192.0,32.0,6400000.0
1.0,1.0,2.0,1.0,1.0,1.0,39.0,32.0,-0.0030632107251067353,-0.0017650185808415486,1024.0,1024.0,6400000.0
1.0,16.0,2.0,1.0,1.0,1.0,39.0,32.0,-0.0030632107251067353,-0.0017650185808415486,2048.0,0.5,6400000.0
16.0,16.0,2.0,7.0,100.0,64.0,2864.0,8192.0,0.3135095585159773,0.32136957472359495,0.5,0.015625,6400000.0
1.0,16.0,2.0,1.0,1.0,1.0,39.0,32.0,-0.0030632107251067353,-0.0017650185808415486,16384.0,256.0,6400000.0
1.0,16.0,2.0,1.0,1.0,1.0,39.0,32.0,-0.0030632107251067353,-0.0017650185808415486,512.0,8.0,6400000.0
16.0,16.0,2.0,7.0,98.0,64.0,2869.0,8192.0,0.3153863198114043,0.3209639946637457,1.0,0.125,6400000.0
1.0,16.0,2.0,1.0,1.0,1.0,39.0,32.0,-0.0030632107251067353,-0.0017650185808415486,2048.0,512.0,6400000.0
1.0,16.0,2.0,1.0,1.0,1.0,39.0,32.0,-0.0030632107251067353,-0.0017650185808415486,8192.0,32768.0,6400000.0
1.0,16.0,2.0,1.0,1.0,1.0,39.0,32.0,-0.0030632107251067353,-0.0017650185808415486,0.25,2048.0,6400000.0
11.0,16.0,4.0,3.0,35.0,26.0,1119.0,2752.0,0.23801654357424562,0.2440154241847443,0.0,16.0,6400000.0
1.0,16.0,2.0,1.0,1.0,1.0,39.0,32.0,-0.0030632107251067353,-0.0017650185808415486,32768.0,2048.0,6400000.0
1.0,1.0,2.0,1.0,1.0,1.0,39.0,32.0,-0.0030632107251067353,-0.0017650185808415486,512.0,0.25,6400000.0
1.0,16.0,2.0,1.0,1.0,1.0,39.0,32.0,-0.0030632107251067353,-0.0017650185808415486,1.0,128.0,6400000.0
1.0,16.0,2.0,1.0,1.0,1.0,39.0,32.0,-0.0030632107251067353,-0.0017650185808415486,32768.0,0.00195312,6400000.0
16.0,16.0,4.0,9.0,423.0,256.0,12177.0,38912.0,0.4036536844184274,0.41862254740942595,0.0,0.015625,6400000.0
16.0,16.0,2.0,3.0,95.0,64.0,2815.0,8192.0,0.30294024903634964,0.31053461578695196,4.0,0.0078125,6400000.0
14.0,16.0,2.0,3.0,58.0,41.0,1695.0,4768.0,0.2755258013558761,0.2825067573238387,4.0,8.0,6400000.0
11.0,16.0,2.0,3.0,35.0,25.0,1015.0,2592.0,0.23714634169335125,0.2431198474760431,0.5,16.0,6400000.0
16.0,16.0,2.0,6.0,96.0,64.0,2773.0,8192.0,0.30926190964036704,0.3195393172591343,2.0,1.0,6400000.0
1.0,16.0,4.0,1.0,1.0,1.0,63.0,32.0,-0.0030632107251067353,-0.0017650185808415486,0.0,16384.0,6400000.0
1.0,16.0,2.0,1.0,1.0,1.0,39.0,32.0,-0.0030632107251067353,-0.0017650185808415486,0.5,16384.0,6400000.0
1.0,16.0,2.0,1.0,1.0,1.0,39.0,32.0,-0.0030632107251067353,-0.0017650185808415486,32768.0,2.0,6400000.0
16.0,16.0,2.0,7.0,100.0,64.0,2846.0,8192.0,0.3160274477312084,0.32478466419056096,2.0,0.000976562,6400000.0
16.0,16.0,2.0,3.0,95.0,64.0,2815.0,8192.0,0.30294024903634964,0.31053461578695196,8.0,0.0625,6400000.0
1.0,16.0,2.0,1.0,1.0,1.0,39.0,32.0,-0.0030632107251067353,-0.0017650185808415486,2.0,1024.0,6400000.0
16.0,16.0,4.0,9.0,413.0,255.0,11890.0,38752.0,0.4166721860485184,0.42371424058040585,0.000976562,0.125,6400000.0
1.0,16.0,2.0,1.0,1.0,1.0,39.0,32.0,-0.0030632107251067353,-0.0017650185808415486,4.0,8192.0,6400000.0
1.0,16.0,2.0,1.0,1.0,1.0,39.0,32.0,-0.0030632107251067353,-0.0017650185808415486,256.0,2048.0,6400000.0
1.0,16.0,2.0,1.0,1.0,1.0,39.0,32.0,-0.0030632107251067353,-0.0017650185808415486,32.0,4096.0,6400000.0
16.0,16.0,2.0,3.0,95.0,64.0,2724.0,8192.0,0.30044403174092515,0.3093230219415034,16.0,0.5,6400000.0
1.0,16.0,2.0,1.0,1.0,1.0,39.0,32.0,-0.0030632107251067353,-0.0017650185808415486,256.0,2.0,6400000.0
16.0,16.0,2.0,2.0,66.0,50.0,2070.0,5952.0,0.24744435504625084,0.2553679007770885,32.0,4.0,6400000.0
1.0,16.0,2.0,1.0,1.0,1.0,39.0,32.0,-0.0030632107251067353,-0.0017650185808415486,512.0,0.015625,6400000.0
16.0,16.0,2.0,2.0,84.0,64.0,2688.0,8192.0,0.2499619215994845,0.25945279978018954,32.0,0.00390625,6400000.0
1.0,16.0,2.0,1.0,1.0,1.0,39.0,32.0,-0.0030632107251067353,-0.0017650185808415486,128.0,256.0,6400000.0
16.0,16.0,2.0,3.0,97.0,64.0,2788.0,8192.0,0.2995110617175708,0.3081636646949283,16.0,0.0,6400000.0
3.0,16.0,2.0,2.0,9.0,6.0,287.0,576.0,0.10115259004895938,0.10346957106453547,8.0,64.0,6400000.0
1.0,1.0,2.0,1.0,1.0,1.0,39.0,32.0,-0.0030632107251067353,-0.0017650185808415486,512.0,256.0,6400000.0
1.0,16.0,2.0,1.0,1.0,1.0,39.0,32.0,-0.0030632107251067353,-0.0017650185808415486,128.0,0.25,6400000.0
1.0,16.0,2.0,1.0,1.0,1.0,39.0,32.0,-0.0030632107251067353,-0.0017650185808415486,64.0,32768.0,6400000.0
16.0,16.0,2.0,2.0,84.0,64.0,2688.0,8192.0,0.2499619215994845,0.25945279978018954,64.0,0.03125,6400000.0
1.0,16.0,2.0,1.0,1.0,1.0,39.0,32.0,-0.0030632107251067353,-0.0017650185808415486,512.0,16384.0,6400000.0
1.0,16.0,2.0,1.0,1.0,1.0,39.0,32.0,-0.0030632107251067353,-0.0017650185808415486,256.0,0.00195312,6400000.0
1.0,1.0,2.0,1.0,1.0,1.0,39.0,32.0,-0.0030632107251067353,-0.0017650185808415486,1024.0,2.0,6400000.0
1.0,16.0,2.0,1.0,1.0,1.0,39.0,32.0,-0.0030632107251067353,-0.0017650185808415486,16.0,512.0,6400000.0
1.0,1.0,2.0,1.0,1.0,1.0,39.0,32.0,-0.0030632107251067353,-0.0017650185808415486,1024.0,0.00195312,6400000.0
1.0,16.0,2.0,1.0,1.0,1.0,39.0,32.0,-0.0030632107251067353,-0.0017650185808415486,2048.0,0.000976562,6400000.0
8.0,16.0,2.0,2.0,22.0,16.0,664.0,1536.0,0.184803559555608,0.19082719424152972,64.0,32.0,6400000.0
1.0,16.0,2.0,1.0,1.0,1.0,39.0,32.0,-0.0030632107251067353,-0.0017650185808415486,4096.0,0.0078125,6400000.0
1.0,16.0,2.0,1.0,1.0,1.0,39.0,32.0,-0.0030632107251067353,-0.0017650185808415486,1024.0,0.125,6400000.0
1.0,1.0,1.0,2.0,3.0,2.0,108.0,192.0,0.03911015413878083,0.040912063041146696,0.015625,0.00390625,6400000.0
1.0,16.0,2.0,1.0,1.0,1.0,39.0,32.0,-0.0030632107251067353,-0.0017650185808415486,4096.0,8.0,6400000.0
1.0,16.0,2.0,1.0,1.0,1.0,39.0,32.0,-0.0030632107251067353,-0.0017650185808415486,4096.0,8192.0,6400000.0
16.0,16.0,2.0,8.0,100.0,64.0,2868.0,8192.0,0.31346195887167005,0.32170858487751175,0.25,0.00390625,6400000.0
1.0,16.0,2.0,1.0,1.0,1.0,39.0,32.0,-0.0030632107251067353,-0.0017650185808415486,8192.0,0.0625,6400000.0
1.0,16.0,2.0,1.0,1.0,1.0,39.0,32.0,-0.0030632107251067353,-0.0017650185808415486,1024.0,128.0,6400000.0
16.0,16.0,2.0,7.0,86.0,60.0,2614.0,7552.0,0.3084937532095846,0.31695672099690186,0.25,4.0,6400000.0
1.0,16.0,2.0,1.0,1.0,1.0,39.0,32.0,-0.0030632107251067353,-0.0017650185808415486,16384.0,0.5,6400000.0
1.0,1.0,2.0,1.0,1.0,1.0,39.0,32.0,-0.0030632107251067353,-0.0017650185808415486,1024.0,2048.0,6400000.0
1.0,16.0,2.0,1.0,1.0,1.0,39.0,32.0,-0.0030632107251067353,-0.0017650185808415486,16384.0,512.0,6400000.0
1.0,16.0,2.0,1.0,1.0,1.0,39.0,32.0,-0.0030632107251067353,-0.0017650185808415486,2048.0,1.0,6400000.0
1.0,16.0,2.0,1.0,1.0,1.0,39.0,32.0,-0.0030632107251067353,-0.0017650185808415486,8192.0,64.0,6400000.0
1.0,16.0,2.0,1.0,1.0,1.0,39.0,32.0,-0.0030632107251067353,-0.0017650185808415486,512.0,16.0,6400000.0
1.0,16.0,2.0,1.0,1.0,1.0,39.0,32.0,-0.0030632107251067353,-0.0017650185808415486,2048.0,1024.0,6400000.0
16.0,16.0,2.0,7.0,100.0,64.0,2864.0,8192.0,0.3136573323912861,0.3216105465204515,0.5,0.03125,6400000.0
16.0,16.0,2.0,7.0,97.0,64.0,2866.0,8192.0,0.31571777957741,0.32048076845154894,1.0,0.25,6400000.0
1.0,16.0,2.0,1.0,1.0,1.0,39.0,32.0,-0.0030632107251067353,-0.0017650185808415486,16384.0,0.0,6400000.0
1.0,16.0,2.0,1.0,1.0,1.0,39.0,32.0,-0.0030632107251067353,-0.0017650185808415486,0.25,4096.0,6400000.0
1.0,1.0,2.0,1.0,1.0,1.0,39.0,32.0,-0.0030632107251067353,-0.0017650185808415486,512.0,0.5,6400000.0
8.0,16.0,4.0,2.0,22.0,16.0,724.0,1536.0,0.184803559555608,0.19082719424152972,0.0,32.0,6400000.0
1.0,16.0,2.0,1.0,1.0,1.0,39.0,32.0,-0.0030632107251067353,-0.0017650185808415486,32768.0,4096.0,6400000.0
1.0,16.0,2.0,1.0,1.0,1.0,39.0,32.0,-0.0030632107251067353,-0.0017650185808415486,1.0,256.0,6400000.0
1.0,16.0,2.0,1.0,1.0,1.0,39.0,32.0,-0.0030632107251067353,-0.0017650185808415486,32768.0,0.00390625,6400000.0
16.0,16.0,4.0,9.0,414.0,256.0,11963.0,38912.0,0.41904523657477755,0.42582600184437647,0.0,0.03125,6400000.0
11.0,16.0,2.0,3.0,35.0,25.0,1015.0,2592.0,0.23714634169335125,0.2431198474760431,4.0,16.0,6400000.0
16.0,16.0,2.0,3.0,95.0,64.0,2815.0,8192.0,0.30294024903634964,0.31053461578695196,4.0,0.015625,6400000.0
16.0,16.0,2.0,6.0,96.0,63.0,2718.0,8032.0,0.3091985479532434,0.31853769827684697,2.0,2.0,6400000.0
16.0,16.0,2.0,7.0,100.0,64.0,2846.0,8192.0,0.3160274477312084,0.32478466419056096,2.0,0.00195312,6400000.0
1.0,16.0,2.0,1.0,1.0,1.0,39.0,32.0,-0.0030632107251067353,-0.0017650185808415486,32768.0,4.0,6400000.0
1.0,16.0,4.0,1.0,1.0,1.0,63.0,32.0,-0.0030632107251067353,-0.0017650185808415486,0.0,32768.0,6400000.0
16.0,16.0,4.0,9.0,402.0,255.0,11886.0,38752.0,0.40845705640348584,0.42143126591859836,0.000976562,0.25,6400000.0
1.0,16.0,2.0,1.0,1.0,1.0,39.0,32.0,-0.0030632107251067353,-0.0017650185808415486,0.5,32768.0,6400000.0
16.0,16.0,2.0,3.0,95.0,64.0,2815.0,8192.0,0.30294024903634964,0.31053461578695196,8.0,0.125,6400000.0
8.0,16.0,2.0,2.0,22.0,16.0,664.0,1536.0,0.184803559555608,0.19082719424152972,0.5,32.0,6400000.0
1.0,16.0,2.0,1.0,1.0,1.0,39.0,32.0,-0.0030632107251067353,-0.0017650185808415486,2.0,2048.0,6400000.0
1.0,16.0,2.0,1.0,1.0,1.0,39.0,32.0,-0.0030632107251067353,-0.0017650185808415486,4.0,16384.0,6400000.0
16.0,16.0,2.0,3.0,91.0,62.0,2589.0,7872.0,0.3002699964898792,0.30829756688637644,16.0,1.0,6400000.0
1.0,16.0,2.0,1.0,1.0,1.0,39.0,32.0,-0.0030632107251067353,-0.0017650185808415486,32.0,8192.0,6400000.0
1.0,16.0,2.0,1.0,1.0,1.0,39.0,32.0,-0.0030632107251067353,-0.0017650185808415486,256.0,4096.0,6400000.0
16.0,16.0,2.0,3.0,97.0,64.0,2788.0,8192.0,0.2995110617175708,0.3081636646949283,16.0,0.000976562,6400000.0
1.0,16.0,2.0,1.0,1.0,1.0,39.0,32.0,-0.0030632107251067353,-0.0017650185808415486,128.0,512.0,6400000.0
1.0,16.0,2.0,1.0,1.0,1.0,39.0,32.0,-0.0030632107251067353,-0.0017650185808415486,512.0,0.03125,6400000.0
16.0,16.0,2.0,2.0,84.0,64.0,2688.0,8192.0,0.2499619215994845,0.25945279978018954,32.0,0.0078125,6400000.0
15.0,16.0,2.0,2.0,47.0,34.0,1432.0,3520.0,0.23483331904090687,0.24244665993785774,32.0,8.0,6400000.0
1.0,16.0,2.0,1.0,1.0,1.0,39.0,32.0,-0.0030632107251067353,-0.0017650185808415486,256.0,4.0,6400000.0
1.0,16.0,2.0,1.0,1.0,1.0,39.0,32.0,-0.0030632107251067353,-0.0017650185808415486,8.0,128.0,6400000.0
1.0,1.0,2.0,1.0,1.0,1.0,39.0,32.0,-0.0030632107251067353,-0.0017650185808415486,512.0,512.0,6400000.0
1.0,16.0,2.0,1.0,1.0,1.0,39.0,32.0,-0.0030632107251067353,-0.0017650185808415486,128.0,0.5,6400000.0
1.0,16.0,2.0,1.0,1.0,1.0,39.0,32.0,-0.0030632107251067353,-0.0017650185808415486,256.0,0.00390625,6400000.0
1.0,16.0,2.0,1.0,1.0,1.0,39.0,32.0,-0.0030632107251067353,-0.0017650185808415486,128.0,0.0,6400000.0
1.0,16.0,2.0,1.0,1.0,1.0,39.0,32.0,-0.0030632107251067353,-0.0017650185808415486,512.0,32768.0,6400000.0
1.0,1.0,2.0,1.0,1.0,1.0,39.0,32.0,-0.0030632107251067353,-0.0017650185808415486,1024.0,0.00390625,6400000.0
1.0,16.0,2.0,1.0,1.0,1.0,39.0,32.0,-0.0030632107251067353,-0.0017650185808415486,2048.0,0.00195312,6400000.0
1.0,1.0,2.0,1.0,1.0,1.0,39.0,32.0,-0.0030632107251067353,-0.0017650185808415486,1024.0,4.0,6400000.0
1.0,16.0,2.0,1.0,1.0,1.0,39.0,32.0,-0.0030632107251067353,-0.0017650185808415486,1024.0,0.25,6400000.0
16.0,16.0,2.0,2.0,84.0,64.0,2688.0,8192.0,0.2499619215994845,0.25945279978018954,64.0,0.0625,6400000.0
1.0,16.0,2.0,1.0,1.0,1.0,39.0,32.0,-0.0030632107251067353,-0.0017650185808415486,4096.0,0.015625,6400000.0
1.0,16.0,2.0,1.0,1.0,1.0,39.0,32.0,-0.0030632107251067353,-0.0017650185808415486,64.0,64.0,6400000.0
1.0,16.0,2.0,1.0,1.0,1.0,39.0,32.0,-0.0030632107251067353,-0.0017650185808415486,16.0,1024.0,6400000.0
1.0,16.0,2.0,1.0,1.0,1.0,39.0,32.0,-0.0030632107251067353,-0.0017650185808415486,4096.0,16384.0,6400000.0
1.0,1.0,1.0,2.0,3.0,2.0,108.0,192.0,0.03911015413878083,0.040912063041146696,0.015625,0.0078125,6400000.0
1.0,16.0,2.0,1.0,1.0,1.0,39.0,32.0,-0.0030632107251067353,-0.0017650185808415486,8192.0,0.125,6400000.0
1.0,16.0,2.0,1.0,1.0,1.0,39.0,32.0,-0.0030632107251067353,-0.0017650185808415486,4096.0,16.0,6400000.0
1.0,16.0,2.0,1.0,1.0,1.0,39.0,32.0,-0.0030632107251067353,-0.0017650185808415486,1024.0,256.0,6400000.0
1.0,16.0,2.0,1.0,1.0,1.0,39.0,32.0,-0.0030632107251067353,-0.0017650185808415486,16384.0,1.0,6400000.0
1.0,16.0,4.0,1.0,1.0,1.0,63.0,32.0,-0.0030632107251067353,-0.0017650185808415486,0.000976562,1024.0,6400000.0
1.0,1.0,2.0,1.0,1.0,1.0,39.0,32.0,-0.0030632107251067353,-0.0017650185808415486,1024.0,4096.0,6400000.0
1.0,16.0,2.0,1.0,1.0,1.0,39.0,32.0,-0.0030632107251067353,-0.0017650185808415486,512.0,32.0,6400000.0
16.0,16.0,4.0,9.0,345.0,239.0,10546.0,36192.0,0.3947774148166675,0.41327777594236825,0.000976562,1.0,6400000.0
1.0,16.0,2.0,1.0,1.0,1.0,39.0,32.0,-0.0030632107251067353,-0.0017650185808415486,2048.0,2048.0,6400000.0
1.0,16.0,2.0,1.0,1.0,1.0,39.0,32.0,-0.0030632107251067353,-0.0017650185808415486,16384.0,1024.0,6400000.0
1.0,16.0,2.0,1.0,1.0,1.0,39.0,32.0,-0.0030632107251067353,-0.0017650185808415486,2048.0,2.0,6400000.0
1.0,16.0,2.0,1.0,1.0,1.0,39.0,32.0,-0.0030632107251067353,-0.0017650185808415486,8192.0,128.0,6400000.0
1.0,16.0,2.0,1.0,1.0,1.0,39.0,32.0,-0.0030632107251067353,-0.0017650185808415486,16384.0,0.000976562,6400000.0
1.0,16.0,2.0,1.0,1.0,1.0,39.0,32.0,-0.0030632107251067353,-0.0017650185808415486,32768.0,8192.0,6400000.0
16.0,16.0,4.0,9.0,421.0,256.0,12114.0,38912.0,0.40996062730481697,0.4231383767567434,0.00195312,0.0078125,6400000.0
1.0,1.0,2.0,1.0,1.0,1.0,39.0,32.0,-0.0030632107251067353,-0.0017650185808415486,1024.0,8192.0,6400000.0
1.0,16.0,2.0,1.0,1.0,1.0,39.0,32.0,-0.0030632107251067353,-0.0017650185808415486,32768.0,0.0078125,6400000.0
16.0,16.0,4.0,3.0,67.0,47.0,2020.0,5472.0,0.28428173420704106,0.29213228260301216,0.00195312,8.0,6400000.0
3.0,16.0,4.0,2.0,9.0,6.0,335.0,576.0,0.10115259004895938,0.10346957106453547,0.0,64.0,6400000.0
1.0,16.0,4.0,1.0,1.0,1.0,63.0,32.0,-0.0030632107251067353,-0.0017650185808415486,0.00195312,8192.0,6400000.0
16.0,16.0,4.0,9.0,419.0,256.0,12061.0,38912.0,0.41713588820893466,0.421509655891247,0.00390625,0.0625,6400000.0
16.0,16.0,4.0,9.0,419.0,256.0,12061.0,38912.0,0.41713588820893466,0.421509655891247,0.0,0.0625,6400000.0
1.0,16.0,2.0,1.0,1.0,1.0,39.0,32.0,-0.0030632107251067353,-0.0017650185808415486,32768.0,8.0,6400000.0
16.0,16.0,4.0,9.0,422.0,256.0,11965.0,38912.0,0.4115028818049229,0.4208345040146372,0.0078125,0.0,6400000.0
3.0,16.0,4.0,2.0,9.0,6.0,335.0,576.0,0.10115259004895938,0.10346957106453547,0.00390625,64.0,6400000.0
16.0,16.0,4.0,9.0,422.0,256.0,11965.0,38912.0,0.4115028818049229,0.4208345040146372,0.000976562,0.0,6400000.0
16.0,16.0,4.0,9.0,389.0,254.0,11526.0,38592.0,0.41209753000743976,0.42424535505622196,0.000976562,0.5,6400000.0
1.0,16.0,4.0,1.0,1.0,1.0,63.0,32.0,-0.0030632107251067353,-0.0017650185808415486,0.0078125,512.0,6400000.0
1.0,16.0,4.0,1.0,1.0,1.0,63.0,32.0,-0.0030632107251067353,-0.0017650185808415486,0.015625,4096.0,6400000.0
16.0,16.0,4.0,9.0,389.0,254.0,11526.0,38592.0,0.41209753000743976,0.42424535505622196,0.0078125,0.5,6400000.0
16.0,16.0,4.0,9.0,421.0,256.0,12114.0,38912.0,0.40996062730481697,0.4231383767567434,0.015625,0.00390625,6400000.0
16.0,16.0,4.0,8.0,131.0,94.0,4086.0,12992.0,0.34113481043209837,0.3480846441687274,0.015625,4.0,6400000.0
16.0,16.0,4.0,9.0,414.0,256.0,11963.0,38912.0,0.41904523657477755,0.42582600184437647,0.03125,0.03125,6400000.0
1.0,1.0,2.0,1.0,1.0,1.0,39.0,32.0,-0.0030632107251067353,-0.0017650185808415486,2048.0,0.0625,6400000.0
1.0,16.0,4.0,1.0,1.0,1.0,63.0,32.0,-0.0030632107251067353,-0.0017650185808415486,0.03125,32768.0,6400000.0
1.0,16.0,4.0,1.0,1.0,1.0,63.0,32.0,-0.0030632107251067353,-0.0017650185808415486,0.0625,256.0,6400000.0
8.0,16.0,4.0,2.0,22.0,16.0,724.0,1536.0,0.184803559555608,0.19082719424152972,0.03125,32.0,6400000.0
1.0,16.0,4.0,1.0,1.0,1.0,63.0,32.0,-0.0030632107251067353,-0.0017650185808415486,0.125,2048.0,6400000.0
16.0,16.0,4.0,9.0,402.0,255.0,11886.0,38752.0,0.40845705640348584,0.42143126591859836,0.0625,0.25,6400000.0
11.0,16.0,4.0,3.0,35.0,26.0,1119.0,2752.0,0.23801654357424562,0.2440154241847443,0.25,16.0,6400000.0
16.0,16.0,4.0,9.0,423.0,256.0,12219.0,38912.0,0.4238121992459497,0.426826737571504,0.125,0.00195312,6400000.0
1.0,16.0,4.0,1.0,1.0,1.0,63.0,32.0,-0.0030632107251067353,-0.0017650185808415486,0.25,16384.0,6400000.0
1.0,1.0,2.0,1.0,1.0,1.0,39.0,32.0,-0.0030632107251067353,-0.0017650185808415486,2048.0,64.0,6400000.0
16.0,16.0,4.0,9.0,423.0,256.0,12219.0,38912.0,0.4238121992459497,0.426826737571504,0.25,0.015625,6400000.0
16.0,16.0,4.0,9.0,255.0,176.0,7767.0,26112.0,0.3937416243576429,0.4097338844036036,0.125,2.0,6400000.0
1.0,16.0,4.0,1.0,1.0,1.0,63.0,32.0,-0.0030632107251067353,-0.0017650185808415486,0.5,128.0,6400000.0
16.0,16.0,4.0,9.0,411.0,256.0,12032.0,38912.0,0.4138064499934495,0.42193315586099445,0.5,0.125,6400000.0
16.0,16.0,4.0,9.0,423.0,255.0,12140.0,38752.0,0.41633453342513715,0.4275048003727753,1.0,0.000976562,6400000.0
16.0,16.0,4.0,3.0,67.0,47.0,2020.0,5472.0,0.28428173420704106,0.29213228260301216,2.0,8.0,6400000.0
16.0,16.0,4.0,8.0,346.0,236.0,10575.0,35712.0,0.4032066301992976,0.41393783567598086,1.0,1.0,6400000.0
1.0,16.0,4.0,1.0,1.0,1.0,63.0,32.0,-0.0030632107251067353,-0.0017650185808415486,2.0,8192.0,6400000.0
16.0,16.0,4.0,7.0,387.0,253.0,11546.0,38432.0,0.386744869440411,0.39953128956734363,4.0,0.0625,6400000.0
1.0,16.0,4.0,1.0,1.0,1.0,63.0,32.0,-0.0030632107251067353,-0.0017650185808415486,1.0,1024.0,6400000.0
16.0,16.0,4.0,3.0,351.0,256.0,11477.0,38912.0,0.3191642777193242,0.32845401479909275,8.0,0.0,6400000.0
16.0,16.0,4.0,3.0,349.0,255.0,11407.0,38752.0,0.3158690093089157,0.3236038898459097,16.0,0.00390625,6400000.0
16.0,16.0,4.0,8.0,421.0,256.0,12364.0,38912.0,0.3987465775922151,0.41049181125885226,2.0,0.0078125,6400000.0
16.0,16.0,4.0,3.0,244.0,188.0,7989.0,28032.0,0.31919923227002867,0.3263558995991199,8.0,0.5,6400000.0
1.0,1.0,2.0,1.0,1.0,1.0,39.0,32.0,-0.0030632107251067353,-0.0017650185808415486,4096.0,0.0,6400000.0
3.0,16.0,4.0,2.0,9.0,6.0,335.0,576.0,0.10115259004895938,0.10346957106453547,4.0,64.0,6400000.0
1.0,16.0,4.0,1.0,1.0,1.0,63.0,32.0,-0.0030632107251067353,-0.0017650185808415486,16.0,4096.0,6400000.0
16.0,16.0,4.0,3.0,98.0,72.0,3077.0,9472.0,0.2975971281771361,0.3055391896879356,16.0,4.0,6400000.0
1.0,16.0,4.0,1.0,1.0,1.0,63.0,32.0,-0.0030632107251067353,-0.0017650185808415486,8.0,512.0,6400000.0
16.0,16.0,4.0,2.0,312.0,251.0,10620.0,38112.0,0.248103841637757,0.2596914185039787,32.0,0.03125,6400000.0
1.0,16.0,4.0,1.0,1.0,1.0,63.0,32.0,-0.0030632107251067353,-0.0017650185808415486,0.000976562,2048.0,6400000.0
16.0,16.0,4.0,9.0,255.0,176.0,7767.0,26112.0,0.3937416243576429,0.4097338844036036,0.000976562,2.0,6400000.0
8.0,16.0,4.0,2.0,22.0,16.0,724.0,1536.0,0.184803559555608,0.19082719424152972,32.0,32.0,6400000.0
1.0,16.0,4.0,1.0,1.0,1.0,63.0,32.0,-0.0030632107251067353,-0.0017650185808415486,32.0,32768.0,6400000.0
1.0,16.0,4.0,1.0,1.0,1.0,63.0,32.0,-0.0030632107251067353,-0.0017650185808415486,128.0,0.00195312,6400000.0
16.0,16.0,4.0,2.0,171.0,144.0,5895.0,20992.0,0.2502737874719019,0.2612852052224811,64.0,0.25,6400000.0
16.0,16.0,4.0,9.0,423.0,256.0,12177.0,38912.0,0.4036536844184274,0.41862254740942595,0.00195312,0.015625,6400000.0
1.0,16.0,4.0,1.0,1.0,1.0,63.0,32.0,-0.0030632107251067353,-0.0017650185808415486,64.0,256.0,6400000.0
1.0,1.0,2.0,1.0,1.0,1.0,39.0,32.0,-0.0030632107251067353,-0.0017650185808415486,4096.0,0.5,6400000.0
1.0,1.0,2.0,1.0,1.0,1.0,39.0,32.0,-0.0030632107251067353,-0.0017650185808415486,1024.0,16384.0,6400000.0
11.0,16.0,4.0,3.0,35.0,26.0,1119.0,2752.0,0.23801654357424562,0.2440154241847443,0.00195312,16.0,6400000.0
1.0,16.0,4.0,1.0,1.0,1.0,63.0,32.0,-0.0030632107251067353,-0.0017650185808415486,128.0,2.0,6400000.0
1.0,16.0,4.0,1.0,1.0,1.0,63.0,32.0,-0.0030632107251067353,-0.0017650185808415486,128.0,2048.0,6400000.0
1.0,16.0,4.0,1.0,1.0,1.0,63.0,32.0,-0.0030632107251067353,-0.0017650185808415486,0.00195312,16384.0,6400000.0
1.0,16.0,4.0,1.0,1.0,1.0,63.0,32.0,-0.0030632107251067353,-0.0017650185808415486,256.0,0.015625,6400000.0
16.0,16.0,4.0,9.0,413.0,255.0,11890.0,38752.0,0.4166721860485184,0.42371424058040585,0.00390625,0.125,6400000.0
1.0,16.0,4.0,1.0,1.0,1.0,63.0,32.0,-0.0030632107251067353,-0.0017650185808415486,256.0,16384.0,6400000.0
16.0,16.0,4.0,9.0,421.0,256.0,12114.0,38912.0,0.40996062730481697,0.4231383767567434,0.0078125,0.000976562,6400000.0
1.0,16.0,4.0,1.0,1.0,1.0,63.0,32.0,-0.0030632107251067353,-0.0017650185808415486,0.0078125,1024.0,6400000.0
1.0,16.0,4.0,1.0,1.0,1.0,63.0,32.0,-0.0030632107251067353,-0.0017650185808415486,256.0,16.0,6400000.0
16.0,16.0,4.0,9.0,421.0,256.0,12114.0,38912.0,0.40996062730481697,0.4231383767567434,0.015625,0.0078125,6400000.0
1.0,16.0,4.0,1.0,1.0,1.0,63.0,32.0,-0.0030632107251067353,-0.0017650185808415486,512.0,0.125,6400000.0
1.0,16.0,4.0,1.0,1.0,1.0,63.0,32.0,-0.0030632107251067353,-0.0017650185808415486,0.00390625,128.0,6400000.0
1.0,16.0,4.0,1.0,1.0,1.0,63.0,32.0,-0.0030632107251067353,-0.0017650185808415486,1024.0,0.000976562,6400000.0
1.0,16.0,4.0,1.0,1.0,1.0,63.0,32.0,-0.0030632107251067353,-0.0017650185808415486,512.0,128.0,6400000.0
16.0,16.0,4.0,9.0,345.0,239.0,10546.0,36192.0,0.3947774148166675,0.41327777594236825,0.0078125,1.0,6400000.0
16.0,16.0,4.0,9.0,419.0,256.0,12061.0,38912.0,0.41713588820893466,0.421509655891247,0.03125,0.0625,6400000.0
16.0,16.0,4.0,3.0,67.0,47.0,2020.0,5472.0,0.28428173420704106,0.29213228260301216,0.015625,8.0,6400000.0
1.0,16.0,4.0,1.0,1.0,1.0,63.0,32.0,-0.0030632107251067353,-0.0017650185808415486,0.015625,8192.0,6400000.0
16.0,16.0,4.0,9.0,422.0,256.0,11965.0,38912.0,0.4115028818049229,0.4208345040146372,0.0625,0.0,6400000.0
3.0,16.0,4.0,2.0,9.0,6.0,335.0,576.0,0.10115259004895938,0.10346957106453547,0.03125,64.0,6400000.0
1.0,16.0,4.0,1.0,1.0,1.0,63.0,32.0,-0.0030632107251067353,-0.0017650185808415486,0.0625,512.0,6400000.0
1.0,16.0,4.0,1.0,1.0,1.0,63.0,32.0,-0.0030632107251067353,-0.0017650185808415486,0.125,4096.0,6400000.0
1.0,1.0,2.0,1.0,1.0,1.0,39.0,32.0,-0.0030632107251067353,-0.0017650185808415486,2048.0,0.125,6400000.0
16.0,16.0,4.0,9.0,423.0,256.0,12005.0,38912.0,0.41610323112229297,0.4218533868012152,0.25,0.03125,6400000.0
16.0,16.0,4.0,9.0,389.0,254.0,11526.0,38592.0,0.41209753000743976,0.42424535505622196,0.0625,0.5,6400000.0
8.0,16.0,4.0,2.0,22.0,16.0,724.0,1536.0,0.184803559555608,0.19082719424152972,0.25,32.0,6400000.0
16.0,16.0,4.0,9.0,423.0,256.0,12219.0,38912.0,0.4238121992459497,0.426826737571504,0.125,0.00390625,6400000.0
1.0,16.0,4.0,1.0,1.0,1.0,63.0,32.0,-0.0030632107251067353,-0.0017650185808415486,0.25,32768.0,6400000.0
1.0,1.0,2.0,1.0,1.0,1.0,39.0,32.0,-0.0030632107251067353,-0.0017650185808415486,2048.0,128.0,6400000.0
1.0,16.0,4.0,1.0,1.0,1.0,63.0,32.0,-0.0030632107251067353,-0.0017650185808415486,0.5,256.0,6400000.0
16.0,16.0,4.0,8.0,131.0,94.0,4086.0,12992.0,0.34113481043209837,0.3480846441687274,0.125,4.0,6400000.0
16.0,16.0,4.0,3.0,179.0,138.0,5854.0,20032.0,0.3128267047269848,0.32138228489668563,8.0,1.0,6400000.0
11.0,16.0,4.0,3.0,35.0,26.0,1119.0,2752.0,0.23801654357424562,0.2440154241847443,2.0,16.0,6400000.0
16.0,16.0,4.0,8.0,221.0,155.0,6868.0,22752.0,0.39400033554214486,0.4028400807556437,1.0,2.0,6400000.0
16.0,16.0,4.0,7.0,378.0,251.0,11258.0,38112.0,0.3928529454613038,0.40550965067735645,4.0,0.125,6400000.0
16.0,16.0,4.0,9.0,401.0,256.0,11958.0,38912.0,0.4076734186033658,0.4182223760176317,0.5,0.25,6400000.0
16.0,16.0,4.0,3.0,348.0,255.0,11282.0,38752.0,0.31948132449043676,0.32823762636405074,8.0,0.000976562,6400000.0
16.0,16.0,4.0,3.0,349.0,255.0,11407.0,38752.0,0.3158690093089157,0.3236038898459097,16.0,0.0078125,6400000.0
16.0,16.0,4.0,9.0,423.0,255.0,12108.0,38752.0,0.41475905257676504,0.4241997624855097,1.0,0.00195312,6400000.0
1.0,16.0,4.0,1.0,1.0,1.0,63.0,32.0,-0.0030632107251067353,-0.0017650185808415486,2.0,16384.0,6400000.0
16.0,16.0,4.0,2.0,291.0,234.0,9908.0,35392.0,0.24743928771645252,0.2595186357588535,32.0,0.0625,6400000.0
1.0,1.0,2.0,1.0,1.0,1.0,39.0,32.0,-0.0030632107251067353,-0.0017650185808415486,4096.0,0.000976562,6400000.0
1.0,16.0,4.0,1.0,1.0,1.0,63.0,32.0,-0.0030632107251067353,-0.0017650185808415486,1.0,2048.0,6400000.0
15.0,16.0,4.0,2.0,47.0,34.0,1516.0,3520.0,0.23483331904090687,0.24244665993785774,16.0,8.0,6400000.0
1.0,16.0,4.0,1.0,1.0,1.0,63.0,32.0,-0.0030632107251067353,-0.0017650185808415486,16.0,8192.0,6400000.0
1.0,16.0,4.0,1.0,1.0,1.0,63.0,32.0,-0.0030632107251067353,-0.0017650185808415486,4.0,128.0,6400000.0
16.0,16.0,4.0,8.0,421.0,256.0,12364.0,38912.0,0.3987465775922151,0.41049181125885226,2.0,0.015625,6400000.0
1.0,16.0,4.0,1.0,1.0,1.0,63.0,32.0,-0.0030632107251067353,-0.0017650185808415486,8.0,1024.0,6400000.0
1.0,16.0,4.0,1.0,1.0,1.0,63.0,32.0,-0.0030632107251067353,-0.0017650185808415486,0.000976562,4096.0,6400000.0
16.0,16.0,4.0,8.0,131.0,94.0,4086.0,12992.0,0.34113481043209837,0.3480846441687274,0.000976562,4.0,6400000.0
3.0,16.0,4.0,2.0,9.0,6.0,335.0,576.0,0.10115259004895938,0.10346957106453547,32.0,64.0,6400000.0
16.0,16.0,4.0,2.0,313.0,253.0,10664.0,38432.0,0.24793545424256502,0.2596294938787942,64.0,0.0,6400000.0
16.0,16.0,4.0,2.0,131.0,112.0,4532.0,15872.0,0.2517968382980551,0.26120093619673457,64.0,0.5,6400000.0
1.0,16.0,4.0,1.0,1.0,1.0,63.0,32.0,-0.0030632107251067353,-0.0017650185808415486,128.0,0.00390625,6400000.0
1.0,16.0,4.0,1.0,1.0,1.0,63.0,32.0,-0.0030632107251067353,-0.0017650185808415486,64.0,512.0,6400000.0
16.0,16.0,4.0,9.0,414.0,256.0,11963.0,38912.0,0.41904523657477755,0.42582600184437647,0.00195312,0.03125,6400000.0
1.0,16.0,4.0,1.0,1.0,1.0,63.0,32.0,-0.0030632107251067353,-0.0017650185808415486,128.0,4.0,6400000.0
8.0,16.0,4.0,2.0,22.0,16.0,724.0,1536.0,0.184803559555608,0.19082719424152972,0.00195312,32.0,6400000.0
1.0,1.0,2.0,1.0,1.0,1.0,39.0,32.0,-0.0030632107251067353,-0.0017650185808415486,4096.0,1.0,6400000.0
1.0,1.0,2.0,1.0,1.0,1.0,39.0,32.0,-0.0030632107251067353,-0.0017650185808415486,1024.0,32768.0,6400000.0
1.0,16.0,4.0,1.0,1.0,1.0,63.0,32.0,-0.0030632107251067353,-0.0017650185808415486,0.00195312,32768.0,6400000.0
1.0,16.0,4.0,1.0,1.0,1.0,63.0,32.0,-0.0030632107251067353,-0.0017650185808415486,128.0,4096.0,6400000.0
1.0,16.0,4.0,1.0,1.0,1.0,63.0,32.0,-0.0030632107251067353,-0.0017650185808415486,256.0,0.03125,6400000.0
16.0,16.0,4.0,9.0,402.0,255.0,11886.0,38752.0,0.40845705640348584,0.42143126591859836,0.00390625,0.25,6400000.0
1.0,16.0,4.0,1.0,1.0,1.0,63.0,32.0,-0.0030632107251067353,-0.0017650185808415486,256.0,32.0,6400000.0
16.0,16.0,4.0,9.0,423.0,256.0,12177.0,38912.0,0.4036536844184274,0.41862254740942595,0.015625,0.015625,6400000.0
16.0,16.0,4.0,9.0,421.0,256.0,12114.0,38912.0,0.40996062730481697,0.4231383767567434,0.0078125,0.00195312,6400000.0
1.0,16.0,4.0,1.0,1.0,1.0,63.0,32.0,-0.0030632107251067353,-0.0017650185808415486,0.0078125,2048.0,6400000.0
1.0,16.0,4.0,1.0,1.0,1.0,63.0,32.0,-0.0030632107251067353,-0.0017650185808415486,256.0,32768.0,6400000.0
1.0,16.0,4.0,1.0,1.0,1.0,63.0,32.0,-0.0030632107251067353,-0.0017650185808415486,0.00390625,256.0,6400000.0
16.0,16.0,4.0,9.0,255.0,176.0,7767.0,26112.0,0.3937416243576429,0.4097338844036036,0.0078125,2.0,6400000.0
1.0,16.0,4.0,1.0,1.0,1.0,63.0,32.0,-0.0030632107251067353,-0.0017650185808415486,512.0,256.0,6400000.0
1.0,16.0,4.0,1.0,1.0,1.0,63.0,32.0,-0.0030632107251067353,-0.0017650185808415486,512.0,0.25,6400000.0
16.0,16.0,4.0,9.0,413.0,255.0,11890.0,38752.0,0.4166721860485184,0.42371424058040585,0.03125,0.125,6400000.0
11.0,16.0,4.0,3.0,35.0,26.0,1119.0,2752.0,0.23801654357424562,0.2440154241847443,0.015625,16.0,6400000.0
1.0,16.0,4.0,1.0,1.0,1.0,63.0,32.0,-0.0030632107251067353,-0.0017650185808415486,1024.0,0.00195312,6400000.0
1.0,16.0,4.0,1.0,1.0,1.0,63.0,32.0,-0.0030632107251067353,-0.0017650185808415486,0.015625,16384.0,6400000.0
16.0,16.0,4.0,9.0,421.0,256.0,12114.0,38912.0,0.40996062730481697,0.4231383767567434,0.0625,0.000976562,6400000.0
1.0,16.0,4.0,1.0,1.0,1.0,63.0,32.0,-0.0030632107251067353,-0.0017650185808415486,0.125,8192.0,6400000.0
1.0,1.0,2.0,1.0,1.0,1.0,39.0,32.0,-0.0030632107251067353,-0.0017650185808415486,2048.0,0.25,6400000.0
1.0,16.0,4.0,1.0,1.0,1.0,63.0,32.0,-0.0030632107251067353,-0.0017650185808415486,0.0625,1024.0,6400000.0
1.0,16.0,4.0,1.0,1.0,1.0,63.0,32.0,-0.0030632107251067353,-0.0017650185808415486,0.03125,128.0,6400000.0
1.0,1.0,2.0,1.0,1.0,1.0,39.0,32.0,-0.0030632107251067353,-0.0017650185808415486,2048.0,256.0,6400000.0
3.0,16.0,4.0,2.0,9.0,6.0,335.0,576.0,0.10115259004895938,0.10346957106453547,0.25,64.0,6400000.0
16.0,16.0,4.0,9.0,344.0,236.0,10507.0,35712.0,0.3939511806394913,0.4146089330587568,0.0625,1.0,6400000.0
16.0,16.0,4.0,9.0,414.0,256.0,11862.0,38912.0,0.41894235696966164,0.4260556889969058,0.25,0.0625,6400000.0
16.0,16.0,4.0,9.0,426.0,256.0,12218.0,38912.0,0.4181749237197451,0.42376056605263956,0.5,0.0,6400000.0
16.0,16.0,4.0,9.0,423.0,256.0,12219.0,38912.0,0.4238121992459497,0.426826737571504,0.125,0.0078125,6400000.0
1.0,16.0,4.0,1.0,1.0,1.0,63.0,32.0,-0.0030632107251067353,-0.0017650185808415486,0.5,512.0,6400000.0
8.0,16.0,4.0,2.0,22.0,16.0,724.0,1536.0,0.184803559555608,0.19082719424152972,2.0,32.0,6400000.0
16.0,16.0,4.0,3.0,67.0,47.0,2020.0,5472.0,0.28428173420704106,0.29213228260301216,0.125,8.0,6400000.0
16.0,16.0,4.0,3.0,131.0,99.0,4173.0,13792.0,0.30707197297377475,0.316140237515974,8.0,2.0,6400000.0
16.0,16.0,4.0,3.0,349.0,255.0,11438.0,38752.0,0.31631784603858104,0.3240265840237987,16.0,0.015625,6400000.0
16.0,16.0,4.0,7.0,343.0,236.0,10540.0,35712.0,0.3767961529639269,0.3874479923467855,4.0,0.25,6400000.0
16.0,16.0,4.0,3.0,348.0,255.0,11282.0,38752.0,0.31948132449043676,0.32823762636405074,8.0,0.00195312,6400000.0
16.0,16.0,4.0,8.0,122.0,89.0,3816.0,12192.0,0.33947402086355916,0.3456304009055198,1.0,4.0,6400000.0
16.0,16.0,4.0,9.0,383.0,252.0,11615.0,38272.0,0.4045465007956689,0.4117203266718219,0.5,0.5,6400000.0
16.0,16.0,4.0,2.0,206.0,168.0,7133.0,24832.0,0.2495996837837693,0.2608762511195798,32.0,0.125,6400000.0
16.0,16.0,4.0,9.0,423.0,255.0,12108.0,38752.0,0.41475905257676504,0.4241997624855097,1.0,0.00390625,6400000.0
1.0,16.0,4.0,1.0,1.0,1.0,63.0,32.0,-0.0030632107251067353,-0.0017650185808415486,2.0,32768.0,6400000.0
1.0,16.0,4.0,1.0,1.0,1.0,63.0,32.0,-0.0030632107251067353,-0.0017650185808415486,8.0,2048.0,6400000.0
11.0,16.0,4.0,2.0,30.0,22.0,944.0,2112.0,0.211815897449531,0.21820531799146736,16.0,16.0,6400000.0
1.0,16.0,4.0,1.0,1.0,1.0,63.0,32.0,-0.0030632107251067353,-0.0017650185808415486,16.0,16384.0,6400000.0
1.0,16.0,4.0,1.0,1.0,1.0,63.0,32.0,-0.0030632107251067353,-0.0017650185808415486,1.0,4096.0,6400000.0
1.0,1.0,2.0,1.0,1.0,1.0,39.0,32.0,-0.0030632107251067353,-0.0017650185808415486,4096.0,0.00195312,6400000.0
1.0,16.0,4.0,1.0,1.0,1.0,63.0,32.0,-0.0030632107251067353,-0.0017650185808415486,4.0,256.0,6400000.0
1.0,16.0,4.0,1.0,1.0,1.0,63.0,32.0,-0.0030632107251067353,-0.0017650185808415486,0.000976562,8192.0,6400000.0
16.0,16.0,4.0,3.0,67.0,47.0,2020.0,5472.0,0.28428173420704106,0.29213228260301216,0.000976562,8.0,6400000.0
16.0,16.0,4.0,8.0,422.0,256.0,12359.0,38912.0,0.40032890473942095,0.41879564279707937,2.0,0.03125,6400000.0
16.0,16.0,4.0,2.0,313.0,253.0,10664.0,38432.0,0.24793545424256502,0.2596294938787942,64.0,0.000976562,6400000.0
1.0,16.0,4.0,1.0,1.0,1.0,63.0,32.0,-0.0030632107251067353,-0.0017650185808415486,128.0,0.0078125,6400000.0
16.0,16.0,4.0,9.0,419.0,256.0,12061.0,38912.0,0.41713588820893466,0.421509655891247,0.00195312,0.0625,6400000.0
1.0,16.0,4.0,1.0,1.0,1.0,63.0,32.0,-0.0030632107251067353,-0.0017650185808415486,128.0,8.0,6400000.0
16.0,16.0,4.0,2.0,93.0,76.0,3167.0,10112.0,0.24806031399685258,0.2585589267558889,64.0,1.0,6400000.0
1.0,16.0,4.0,1.0,1.0,1.0,63.0,32.0,-0.0030632107251067353,-0.0017650185808415486,64.0,1024.0,6400000.0
1.0,1.0,2.0,1.0,1.0,1.0,39.0,32.0,-0.0030632107251067353,-0.0017650185808415486,2048.0,0.0,6400000.0
1.0,16.0,4.0,1.0,1.0,1.0,63.0,32.0,-0.0030632107251067353,-0.0017650185808415486,32.0,128.0,6400000.0
1.0,16.0,4.0,1.0,1.0,1.0,63.0,32.0,-0.0030632107251067353,-0.0017650185808415486,128.0,8192.0,6400000.0
3.0,16.0,4.0,2.0,9.0,6.0,335.0,576.0,0.10115259004895938,0.10346957106453547,0.00195312,64.0,6400000.0
16.0,16.0,4.0,9.0,422.0,256.0,11965.0,38912.0,0.4115028818049229,0.4208345040146372,0.00390625,0.0,6400000.0
1.0,1.0,2.0,1.0,1.0,1.0,39.0,32.0,-0.0030632107251067353,-0.0017650185808415486,4096.0,2.0,6400000.0
16.0,16.0,4.0,9.0,389.0,254.0,11526.0,38592.0,0.41209753000743976,0.42424535505622196,0.00390625,0.5,6400000.0
1.0,16.0,4.0,1.0,1.0,1.0,63.0,32.0,-0.0030632107251067353,-0.0017650185808415486,256.0,0.0625,6400000.0
1.0,16.0,4.0,1.0,1.0,1.0,63.0,32.0,-0.0030632107251067353,-0.0017650185808415486,256.0,64.0,6400000.0
1.0,16.0,4.0,1.0,1.0,1.0,63.0,32.0,-0.0030632107251067353,-0.0017650185808415486,0.0078125,4096.0,6400000.0
16.0,16.0,4.0,9.0,414.0,256.0,11963.0,38912.0,0.41904523657477755,0.42582600184437647,0.015625,0.03125,6400000.0
1.0,16.0,4.0,1.0,1.0,1.0,63.0,32.0,-0.0030632107251067353,-0.0017650185808415486,512.0,0.5,6400000.0
1.0,16.0,4.0,1.0,1.0,1.0,63.0,32.0,-0.0030632107251067353,-0.0017650185808415486,512.0,0.0,6400000.0
1.0,16.0,4.0,1.0,1.0,1.0,63.0,32.0,-0.0030632107251067353,-0.0017650185808415486,0.00390625,512.0,6400000.0
16.0,16.0,4.0,9.0,402.0,255.0,11886.0,38752.0,0.40845705640348584,0.42143126591859836,0.03125,0.25,6400000.0
16.0,16.0,4.0,9.0,421.0,256.0,12114.0,38912.0,0.40996062730481697,0.4231383767567434,0.0078125,0.00390625,6400000.0
1.0,16.0,4.0,1.0,1.0,1.0,63.0,32.0,-0.0030632107251067353,-0.0017650185808415486,512.0,512.0,6400000.0
1.0,16.0,4.0,1.0,1.0,1.0,63.0,32.0,-0.0030632107251067353,-0.0017650185808415486,0.015625,32768.0,6400000.0
16.0,16.0,4.0,8.0,131.0,94.0,4086.0,12992.0,0.34113481043209837,0.3480846441687274,0.0078125,4.0,6400000.0
8.0,16.0,4.0,2.0,22.0,16.0,724.0,1536.0,0.184803559555608,0.19082719424152972,0.015625,32.0,6400000.0
1.0,16.0,4.0,1.0,1.0,1.0,63.0,32.0,-0.0030632107251067353,-0.0017650185808415486,1024.0,0.00390625,6400000.0
16.0,16.0,4.0,9.0,421.0,256.0,12114.0,38912.0,0.40996062730481697,0.4231383767567434,0.0625,0.00195312,6400000.0
1.0,16.0,4.0,1.0,1.0,1.0,63.0,32.0,-0.0030632107251067353,-0.0017650185808415486,0.0625,2048.0,6400000.0
1.0,1.0,2.0,1.0,1.0,1.0,39.0,32.0,-0.0030632107251067353,-0.0017650185808415486,2048.0,0.5,6400000.0
1.0,16.0,4.0,1.0,1.0,1.0,63.0,32.0,-0.0030632107251067353,-0.0017650185808415486,0.125,16384.0,6400000.0
1.0,16.0,4.0,1.0,1.0,1.0,63.0,32.0,-0.0030632107251067353,-0.0017650185808415486,0.03125,256.0,6400000.0
1.0,1.0,2.0,1.0,1.0,1.0,39.0,32.0,-0.0030632107251067353,-0.0017650185808415486,2048.0,512.0,6400000.0
16.0,16.0,4.0,9.0,255.0,176.0,7767.0,26112.0,0.3937416243576429,0.4097338844036036,0.0625,2.0,6400000.0
16.0,16.0,4.0,9.0,408.0,256.0,11956.0,38912.0,0.4167497237418285,0.4220749986825517,0.25,0.125,6400000.0
1.0,16.0,4.0,1.0,1.0,1.0,63.0,32.0,-0.0030632107251067353,-0.0017650185808415486,0.25,128.0,6400000.0
16.0,16.0,4.0,9.0,423.0,256.0,12219.0,38912.0,0.4238121992459497,0.426826737571504,0.125,0.015625,6400000.0
16.0,16.0,4.0,9.0,426.0,256.0,12218.0,38912.0,0.4181749237197451,0.42376056605263956,0.5,0.000976562,6400000.0
1.0,16.0,4.0,1.0,1.0,1.0,63.0,32.0,-0.0030632107251067353,-0.0017650185808415486,0.5,1024.0,6400000.0
11.0,16.0,4.0,3.0,35.0,26.0,1119.0,2752.0,0.23801654357424562,0.2440154241847443,0.125,16.0,6400000.0
3.0,16.0,4.0,2.0,9.0,6.0,335.0,576.0,0.10115259004895938,0.10346957106453547,2.0,64.0,6400000.0
16.0,16.0,4.0,7.0,350.0,233.0,10647.0,35232.0,0.40451297186228763,0.4158811078951893,4.0,0.5,6400000.0
16.0,16.0,4.0,2.0,171.0,144.0,5895.0,20992.0,0.2502737874719019,0.2612852052224811,32.0,0.25,6400000.0
16.0,16.0,4.0,7.0,399.0,256.0,11912.0,38912.0,0.41781239601886866,0.4316117840406881,4.0,0.0,6400000.0
16.0,16.0,4.0,3.0,101.0,76.0,3218.0,10112.0,0.30076468106034104,0.30837945763416685,8.0,4.0,6400000.0
16.0,16.0,4.0,9.0,345.0,233.0,10282.0,35232.0,0.41443891729930615,0.42297340939883465,0.5,1.0,6400000.0
16.0,16.0,4.0,3.0,350.0,255.0,11501.0,38752.0,0.31653026197600076,0.32418896782836226,16.0,0.03125,6400000.0
16.0,16.0,4.0,9.0,423.0,255.0,12108.0,38752.0,0.41475905257676504,0.4241997624855097,1.0,0.0078125,6400000.0
16.0,16.0,4.0,3.0,67.0,47.0,2020.0,5472.0,0.28428173420704106,0.29213228260301216,1.0,8.0,6400000.0
16.0,16.0,4.0,3.0,347.0,255.0,11219.0,38752.0,0.31972735325749824,0.3283564164582421,8.0,0.00390625,6400000.0
8.0,16.0,4.0,2.0,22.0,16.0,724.0,1536.0,0.184803559555608,0.19082719424152972,16.0,32.0,6400000.0
1.0,16.0,4.0,1.0,1.0,1.0,63.0,32.0,-0.0030632107251067353,-0.0017650185808415486,0.000976562,16384.0,6400000.0
1.0,16.0,4.0,1.0,1.0,1.0,63.0,32.0,-0.0030632107251067353,-0.0017650185808415486,8.0,4096.0,6400000.0
1.0,16.0,4.0,1.0,1.0,1.0,63.0,32.0,-0.0030632107251067353,-0.0017650185808415486,1.0,8192.0,6400000.0
1.0,1.0,2.0,1.0,1.0,1.0,39.0,32.0,-0.0030632107251067353,-0.0017650185808415486,4096.0,0.00390625,6400000.0
1.0,16.0,4.0,1.0,1.0,1.0,63.0,32.0,-0.0030632107251067353,-0.0017650185808415486,4.0,512.0,6400000.0
11.0,16.0,4.0,3.0,35.0,26.0,1119.0,2752.0,0.23801654357424562,0.2440154241847443,0.000976562,16.0,6400000.0
16.0,16.0,4.0,8.0,425.0,256.0,12504.0,38912.0,0.39945526353586447,0.4185020310981359,2.0,0.0625,6400000.0
1.0,16.0,4.0,1.0,1.0,1.0,63.0,32.0,-0.0030632107251067353,-0.0017650185808415486,16.0,32768.0,6400000.0
16.0,16.0,4.0,9.0,413.0,255.0,11890.0,38752.0,0.4166721860485184,0.42371424058040585,0.00195312,0.125,6400000.0
16.0,16.0,4.0,2.0,313.0,253.0,10664.0,38432.0,0.24793545424256502,0.2596294938787942,64.0,0.00195312,6400000.0
1.0,16.0,4.0,1.0,1.0,1.0,63.0,32.0,-0.0030632107251067353,-0.0017650185808415486,128.0,0.015625,6400000.0
1.0,16.0,4.0,1.0,1.0,1.0,63.0,32.0,-0.0030632107251067353,-0.0017650185808415486,128.0,16.0,6400000.0
16.0,16.0,4.0,2.0,81.0,64.0,2738.0,8192.0,0.24907016180659447,0.2576239915374787,64.0,2.0,6400000.0
1.0,16.0,4.0,1.0,1.0,1.0,63.0,32.0,-0.0030632107251067353,-0.0017650185808415486,0.00195312,128.0,6400000.0
1.0,16.0,4.0,1.0,1.0,1.0,63.0,32.0,-0.0030632107251067353,-0.0017650185808415486,32.0,256.0,6400000.0
16.0,16.0,4.0,9.0,345.0,239.0,10546.0,36192.0,0.3947774148166675,0.41327777594236825,0.00390625,1.0,6400000.0
1.0,16.0,4.0,1.0,1.0,1.0,63.0,32.0,-0.0030632107251067353,-0.0017650185808415486,256.0,0.125,6400000.0
1.0,1.0,2.0,1.0,1.0,1.0,39.0,32.0,-0.0030632107251067353,-0.0017650185808415486,2048.0,0.000976562,6400000.0
1.0,16.0,4.0,1.0,1.0,1.0,63.0,32.0,-0.0030632107251067353,-0.0017650185808415486,64.0,2048.0,6400000.0
1.0,16.0,4.0,1.0,1.0,1.0,63.0,32.0,-0.0030632107251067353,-0.0017650185808415486,128.0,16384.0,6400000.0
16.0,16.0,4.0,9.0,421.0,256.0,12114.0,38912.0,0.40996062730481697,0.4231383767567434,0.00390625,0.000976562,6400000.0
1.0,1.0,2.0,1.0,1.0,1.0,39.0,32.0,-0.0030632107251067353,-0.0017650185808415486,4096.0,4.0,6400000.0
16.0,16.0,4.0,9.0,419.0,256.0,12061.0,38912.0,0.41713588820893466,0.421509655891247,0.015625,0.0625,6400000.0
1.0,16.0,4.0,1.0,1.0,1.0,63.0,32.0,-0.0030632107251067353,-0.0017650185808415486,256.0,128.0,6400000.0
1.0,16.0,4.0,1.0,1.0,1.0,63.0,32.0,-0.0030632107251067353,-0.0017650185808415486,0.0078125,8192.0,6400000.0
16.0,16.0,4.0,9.0,389.0,254.0,11526.0,38592.0,0.41209753000743976,0.42424535505622196,0.03125,0.5,6400000.0
1.0,16.0,4.0,1.0,1.0,1.0,63.0,32.0,-0.0030632107251067353,-0.0017650185808415486,512.0,0.000976562,6400000.0
1.0,16.0,4.0,1.0,1.0,1.0,63.0,32.0,-0.0030632107251067353,-0.0017650185808415486,512.0,1.0,6400000.0
1.0,16.0,4.0,1.0,1.0,1.0,63.0,32.0,-0.0030632107251067353,-0.0017650185808415486,0.00390625,1024.0,6400000.0
1.0,16.0,4.0,1.0,1.0,1.0,63.0,32.0,-0.0030632107251067353,-0.0017650185808415486,512.0,1024.0,6400000.0
3.0,16.0,4.0,2.0,9.0,6.0,335.0,576.0,0.10115259004895938,0.10346957106453547,0.015625,64.0,6400000.0
16.0,16.0,4.0,3.0,67.0,47.0,2020.0,5472.0,0.28428173420704106,0.29213228260301216,0.0078125,8.0,6400000.0
16.0,16.0,4.0,9.0,421.0,256.0,12114.0,38912.0,0.40996062730481697,0.4231383767567434,0.0078125,0.0078125,6400000.0
16.0,16.0,4.0,9.0,422.0,256.0,11965.0,38912.0,0.4115028818049229,0.4208345040146372,0.03125,0.0,6400000.0
1.0,16.0,4.0,1.0,1.0,1.0,63.0,32.0,-0.0030632107251067353,-0.0017650185808415486,1024.0,0.0078125,6400000.0
1.0,1.0,2.0,1.0,1.0,1.0,39.0,32.0,-0.0030632107251067353,-0.0017650185808415486,2048.0,1.0,6400000.0
1.0,16.0,4.0,1.0,1.0,1.0,63.0,32.0,-0.0030632107251067353,-0.0017650185808415486,0.0625,4096.0,6400000.0
16.0,16.0,4.0,9.0,421.0,256.0,12114.0,38912.0,0.40996062730481697,0.4231383767567434,0.0625,0.00390625,6400000.0
1.0,16.0,4.0,1.0,1.0,1.0,63.0,32.0,-0.0030632107251067353,-0.0017650185808415486,0.125,32768.0,6400000.0
1.0,16.0,4.0,1.0,1.0,1.0,63.0,32.0,-0.0030632107251067353,-0.0017650185808415486,0.03125,512.0,6400000.0
1.0,1.0,2.0,1.0,1.0,1.0,39.0,32.0,-0.0030632107251067353,-0.0017650185808415486,2048.0,1024.0,6400000.0
16.0,16.0,4.0,9.0,402.0,256.0,11892.0,38912.0,0.4082517139808328,0.4204417619303673,0.25,0.25,6400000.0
16.0,16.0,4.0,8.0,131.0,94.0,4086.0,12992.0,0.34113481043209837,0.3480846441687274,0.0625,4.0,6400000.0
1.0,16.0,4.0,1.0,1.0,1.0,63.0,32.0,-0.0030632107251067353,-0.0017650185808415486,0.25,256.0,6400000.0
16.0,16.0,4.0,9.0,423.0,256.0,12005.0,38912.0,0.41610323112229297,0.4218533868012152,0.125,0.03125,6400000.0
1.0,16.0,4.0,1.0,1.0,1.0,63.0,32.0,-0.0030632107251067353,-0.0017650185808415486,0.5,2048.0,6400000.0
16.0,16.0,4.0,9.0,425.0,256.0,12189.0,38912.0,0.41863803893258367,0.4235631228799801,0.5,0.00195312,6400000.0
16.0,16.0,4.0,7.0,399.0,256.0,11912.0,38912.0,0.41781239601886866,0.4316117840406881,4.0,0.000976562,6400000.0
16.0,16.0,4.0,8.0,239.0,168.0,7182.0,24832.0,0.39033132935798054,0.39700782597063633,0.5,2.0,6400000.0
8.0,16.0,4.0,2.0,22.0,16.0,724.0,1536.0,0.184803559555608,0.19082719424152972,0.125,32.0,6400000.0
16.0,16.0,4.0,2.0,131.0,112.0,4532.0,15872.0,0.2517968382980551,0.26120093619673457,32.0,0.5,6400000.0
1.0,16.0,4.0,1.0,1.0,1.0,63.0,32.0,-0.0030632107251067353,-0.0017650185808415486,2.0,128.0,6400000.0
16.0,16.0,4.0,4.0,181.0,140.0,5951.0,20352.0,0.3147925755109643,0.3238530059852228,4.0,1.0,6400000.0
16.0,16.0,4.0,3.0,67.0,47.0,2020.0,5472.0,0.28428173420704106,0.29213228260301216,8.0,8.0,6400000.0
16.0,16.0,4.0,9.0,419.0,255.0,11959.0,38752.0,0.4193608279523583,0.426906238770416,1.0,0.015625,6400000.0
3.0,16.0,4.0,2.0,9.0,6.0,335.0,576.0,0.10115259004895938,0.10346957106453547,16.0,64.0,6400000.0
1.0,16.0,4.0,1.0,1.0,1.0,63.0,32.0,-0.0030632107251067353,-0.0017650185808415486,0.000976562,32768.0,6400000.0
16.0,16.0,4.0,3.0,347.0,255.0,11219.0,38752.0,0.31972735325749824,0.3283564164582421,8.0,0.0078125,6400000.0
8.0,16.0,4.0,2.0,22.0,16.0,724.0,1536.0,0.184803559555608,0.19082719424152972,0.000976562,32.0,6400000.0
11.0,16.0,4.0,3.0,35.0,26.0,1119.0,2752.0,0.23801654357424562,0.2440154241847443,1.0,16.0,6400000.0
1.0,16.0,4.0,1.0,1.0,1.0,63.0,32.0,-0.0030632107251067353,-0.0017650185808415486,8.0,8192.0,6400000.0
1.0,16.0,4.0,1.0,1.0,1.0,63.0,32.0,-0.0030632107251067353,-0.0017650185808415486,4.0,1024.0,6400000.0
16.0,16.0,4.0,8.0,402.0,256.0,11867.0,38912.0,0.3994286553374359,0.4208274917513438,2.0,0.125,6400000.0
16.0,16.0,4.0,2.0,313.0,253.0,10664.0,38432.0,0.24793545424256502,0.2596294938787942,32.0,0.0,6400000.0
1.0,16.0,4.0,1.0,1.0,1.0,63.0,32.0,-0.0030632107251067353,-0.0017650185808415486,1.0,16384.0,6400000.0
16.0,16.0,4.0,3.0,321.0,246.0,10767.0,37312.0,0.3177006537762118,0.3240349952843762,16.0,0.0625,6400000.0
16.0,16.0,4.0,9.0,402.0,255.0,11886.0,38752.0,0.40845705640348584,0.42143126591859836,0.00195312,0.25,6400000.0
1.0,1.0,2.0,1.0,1.0,1.0,39.0,32.0,-0.0030632107251067353,-0.0017650185808415486,4096.0,0.0078125,6400000.0
16.0,16.0,4.0,2.0,313.0,253.0,10664.0,38432.0,0.24793545424256502,0.2596294938787942,64.0,0.00390625,6400000.0
1.0,16.0,4.0,1.0,1.0,1.0,63.0,32.0,-0.0030632107251067353,-0.0017650185808415486,0.00195312,256.0,6400000.0
1.0,16.0,4.0,1.0,1.0,1.0,63.0,32.0,-0.0030632107251067353,-0.0017650185808415486,128.0,32.0,6400000.0
16.0,16.0,4.0,2.0,68.0,53.0,2229.0,6432.0,0.24622107867045695,0.25350735692542625,64.0,4.0,6400000.0
1.0,16.0,4.0,1.0,1.0,1.0,63.0,32.0,-0.0030632107251067353,-0.0017650185808415486,128.0,0.03125,6400000.0
16.0,16.0,4.0,9.0,255.0,176.0,7767.0,26112.0,0.3937416243576429,0.4097338844036036,0.00390625,2.0,6400000.0
1.0,16.0,4.0,1.0,1.0,1.0,63.0,32.0,-0.0030632107251067353,-0.0017650185808415486,256.0,0.25,6400000.0
1.0,16.0,4.0,1.0,1.0,1.0,63.0,32.0,-0.0030632107251067353,-0.0017650185808415486,64.0,4096.0,6400000.0
1.0,16.0,4.0,1.0,1.0,1.0,63.0,32.0,-0.0030632107251067353,-0.0017650185808415486,32.0,512.0,6400000.0
1.0,16.0,4.0,1.0,1.0,1.0,63.0,32.0,-0.0030632107251067353,-0.0017650185808415486,128.0,32768.0,6400000.0
1.0,1.0,2.0,1.0,1.0,1.0,39.0,32.0,-0.0030632107251067353,-0.0017650185808415486,4096.0,8.0,6400000.0
1.0,1.0,2.0,1.0,1.0,1.0,39.0,32.0,-0.0030632107251067353,-0.0017650185808415486,2048.0,0.00195312,6400000.0
16.0,16.0,4.0,9.0,421.0,256.0,12114.0,38912.0,0.40996062730481697,0.4231383767567434,0.00390625,0.00195312,6400000.0
16.0,16.0,4.0,9.0,413.0,255.0,11890.0,38752.0,0.4166721860485184,0.42371424058040585,0.015625,0.125,6400000.0
1.0,16.0,4.0,1.0,1.0,1.0,63.0,32.0,-0.0030632107251067353,-0.0017650185808415486,0.0078125,16384.0,6400000.0
16.0,16.0,4.0,9.0,344.0,236.0,10507.0,35712.0,0.3939511806394913,0.4146089330587568,0.03125,1.0,6400000.0
1.0,16.0,4.0,1.0,1.0,1.0,63.0,32.0,-0.0030632107251067353,-0.0017650185808415486,512.0,0.00195312,6400000.0
1.0,16.0,4.0,1.0,1.0,1.0,63.0,32.0,-0.0030632107251067353,-0.0017650185808415486,512.0,2.0,6400000.0
1.0,16.0,4.0,1.0,1.0,1.0,63.0,32.0,-0.0030632107251067353,-0.0017650185808415486,256.0,256.0,6400000.0
1.0,16.0,4.0,1.0,1.0,1.0,63.0,32.0,-0.0030632107251067353,-0.0017650185808415486,512.0,2048.0,6400000.0
1.0,16.0,4.0,1.0,1.0,1.0,63.0,32.0,-0.0030632107251067353,-0.0017650185808415486,0.00390625,2048.0,6400000.0
11.0,16.0,4.0,3.0,35.0,26.0,1119.0,2752.0,0.23801654357424562,0.2440154241847443,0.0078125,16.0,6400000.0
16.0,16.0,4.0,9.0,423.0,256.0,12177.0,38912.0,0.4036536844184274,0.41862254740942595,0.0078125,0.015625,6400000.0
1.0,16.0,4.0,1.0,1.0,1.0,63.0,32.0,-0.0030632107251067353,-0.0017650185808415486,0.015625,128.0,6400000.0
16.0,16.0,4.0,9.0,421.0,256.0,12114.0,38912.0,0.40996062730481697,0.4231383767567434,0.03125,0.000976562,6400000.0
1.0,16.0,4.0,1.0,1.0,1.0,63.0,32.0,-0.0030632107251067353,-0.0017650185808415486,1024.0,0.015625,6400000.0
1.0,16.0,4.0,1.0,1.0,1.0,63.0,32.0,-0.0030632107251067353,-0.0017650185808415486,0.0625,8192.0,6400000.0
1.0,1.0,2.0,1.0,1.0,1.0,39.0,32.0,-0.0030632107251067353,-0.0017650185808415486,2048.0,2.0,6400000.0
16.0,16.0,4.0,9.0,421.0,256.0,12114.0,38912.0,0.40996062730481697,0.4231383767567434,0.0625,0.0078125,6400000.0
16.0,16.0,4.0,9.0,423.0,256.0,12219.0,38912.0,0.4238121992459497,0.426826737571504,0.25,0.0,6400000.0
16.0,16.0,4.0,9.0,414.0,256.0,11862.0,38912.0,0.41894235696966164,0.4260556889969058,0.125,0.0625,6400000.0
1.0,1.0,2.0,1.0,1.0,1.0,39.0,32.0,-0.0030632107251067353,-0.0017650185808415486,2048.0,2048.0,6400000.0
16.0,16.0,4.0,9.0,374.0,252.0,11128.0,38272.0,0.41481985200388016,0.4222313581214362,0.25,0.5,6400000.0
1.0,16.0,4.0,1.0,1.0,1.0,63.0,32.0,-0.0030632107251067353,-0.0017650185808415486,0.03125,1024.0,6400000.0
16.0,16.0,4.0,3.0,67.0,47.0,2020.0,5472.0,0.28428173420704106,0.29213228260301216,0.0625,8.0,6400000.0
1.0,16.0,4.0,1.0,1.0,1.0,63.0,32.0,-0.0030632107251067353,-0.0017650185808415486,0.5,4096.0,6400000.0
1.0,16.0,4.0,1.0,1.0,1.0,63.0,32.0,-0.0030632107251067353,-0.0017650185808415486,0.25,512.0,6400000.0
16.0,16.0,4.0,7.0,399.0,256.0,11912.0,38912.0,0.41781239601886866,0.4316117840406881,4.0,0.00195312,6400000.0
16.0,16.0,4.0,9.0,425.0,256.0,12189.0,38912.0,0.41863803893258367,0.4235631228799801,0.5,0.00390625,6400000.0
3.0,16.0,4.0,2.0,9.0,6.0,335.0,576.0,0.10115259004895938,0.10346957106453547,0.125,64.0,6400000.0
16.0,16.0,4.0,2.0,93.0,76.0,3167.0,10112.0,0.24806031399685258,0.2585589267558889,32.0,1.0,6400000.0
16.0,16.0,4.0,8.0,136.0,100.0,4255.0,13952.0,0.3481524975129504,0.3556176757846058,0.5,4.0,6400000.0
16.0,16.0,4.0,4.0,137.0,103.0,4305.0,14432.0,0.3098553088499144,0.3212733681795735,4.0,2.0,6400000.0
16.0,16.0,4.0,9.0,422.0,255.0,12054.0,38752.0,0.4160771849907654,0.425557927959788,1.0,0.03125,6400000.0
16.0,16.0,4.0,3.0,347.0,255.0,11219.0,38752.0,0.31972735325749824,0.3283564164582421,8.0,0.015625,6400000.0
1.0,16.0,4.0,1.0,1.0,1.0,63.0,32.0,-0.0030632107251067353,-0.0017650185808415486,2.0,256.0,6400000.0
11.0,16.0,4.0,2.0,30.0,22.0,944.0,2112.0,0.211815897449531,0.21820531799146736,8.0,16.0,6400000.0
3.0,16.0,4.0,2.0,9.0,6.0,335.0,576.0,0.10115259004895938,0.10346957106453547,0.000976562,64.0,6400000.0
16.0,16.0,4.0,9.0,422.0,256.0,11965.0,38912.0,0.4115028818049229,0.4208345040146372,0.00195312,0.0,6400000.0
1.0,16.0,4.0,1.0,1.0,1.0,63.0,32.0,-0.0030632107251067353,-0.0017650185808415486,4.0,2048.0,6400000.0
1.0,16.0,4.0,1.0,1.0,1.0,63.0,32.0,-0.0030632107251067353,-0.0017650185808415486,1.0,32768.0,6400000.0
8.0,16.0,4.0,2.0,22.0,16.0,724.0,1536.0,0.184803559555608,0.19082719424152972,1.0,32.0,6400000.0
1.0,16.0,4.0,1.0,1.0,1.0,63.0,32.0,-0.0030632107251067353,-0.0017650185808415486,8.0,16384.0,6400000.0
16.0,16.0,4.0,2.0,313.0,253.0,10664.0,38432.0,0.24793545424256502,0.2596294938787942,32.0,0.000976562,6400000.0
16.0,16.0,4.0,3.0,302.0,228.0,9759.0,34432.0,0.3170059117652543,0.32365769997549954,16.0,0.125,6400000.0
16.0,16.0,4.0,8.0,397.0,256.0,11721.0,38912.0,0.39225338620741657,0.41911653364214985,2.0,0.25,6400000.0
16.0,16.0,4.0,9.0,389.0,254.0,11526.0,38592.0,0.41209753000743976,0.42424535505622196,0.00195312,0.5,6400000.0
1.0,16.0,4.0,1.0,1.0,1.0,63.0,32.0,-0.0030632107251067353,-0.0017650185808415486,16.0,128.0,6400000.0
1.0,1.0,2.0,1.0,1.0,1.0,39.0,32.0,-0.0030632107251067353,-0.0017650185808415486,4096.0,0.015625,6400000.0
1.0,16.0,4.0,1.0,1.0,1.0,63.0,32.0,-0.0030632107251067353,-0.0017650185808415486,128.0,64.0,6400000.0
15.0,16.0,4.0,2.0,47.0,34.0,1516.0,3520.0,0.23483331904090687,0.24244665993785774,64.0,8.0,6400000.0
16.0,16.0,4.0,2.0,313.0,253.0,10664.0,38432.0,0.24793545424256502,0.2596294938787942,64.0,0.0078125,6400000.0
1.0,16.0,4.0,1.0,1.0,1.0,63.0,32.0,-0.0030632107251067353,-0.0017650185808415486,0.00195312,512.0,6400000.0
1.0,16.0,4.0,1.0,1.0,1.0,63.0,32.0,-0.0030632107251067353,-0.0017650185808415486,128.0,0.0625,6400000.0
16.0,16.0,4.0,8.0,131.0,94.0,4086.0,12992.0,0.34113481043209837,0.3480846441687274,0.00390625,4.0,6400000.0
1.0,16.0,4.0,1.0,1.0,1.0,63.0,32.0,-0.0030632107251067353,-0.0017650185808415486,32.0,1024.0,6400000.0
1.0,16.0,4.0,1.0,1.0,1.0,63.0,32.0,-0.0030632107251067353,-0.0017650185808415486,64.0,8192.0,6400000.0
1.0,16.0,4.0,1.0,1.0,1.0,63.0,32.0,-0.0030632107251067353,-0.0017650185808415486,256.0,0.5,6400000.0
1.0,1.0,2.0,1.0,1.0,1.0,39.0,32.0,-0.0030632107251067353,-0.0017650185808415486,4096.0,16.0,6400000.0
1.0,1.0,2.0,1.0,1.0,1.0,39.0,32.0,-0.0030632107251067353,-0.0017650185808415486,2048.0,0.00390625,6400000.0
1.0,16.0,4.0,1.0,1.0,1.0,63.0,32.0,-0.0030632107251067353,-0.0017650185808415486,256.0,0.0,6400000.0
1.0,16.0,4.0,1.0,1.0,1.0,63.0,32.0,-0.0030632107251067353,-0.0017650185808415486,0.0078125,32768.0,6400000.0
16.0,16.0,4.0,9.0,421.0,256.0,12114.0,38912.0,0.40996062730481697,0.4231383767567434,0.00390625,0.00390625,6400000.0
16.0,16.0,4.0,9.0,255.0,176.0,7767.0,26112.0,0.3937416243576429,0.4097338844036036,0.03125,2.0,6400000.0
16.0,16.0,4.0,9.0,402.0,255.0,11886.0,38752.0,0.40845705640348584,0.42143126591859836,0.015625,0.25,6400000.0
1.0,16.0,4.0,1.0,1.0,1.0,63.0,32.0,-0.0030632107251067353,-0.0017650185808415486,512.0,0.00390625,6400000.0
1.0,16.0,4.0,1.0,1.0,1.0,63.0,32.0,-0.0030632107251067353,-0.0017650185808415486,1024.0,0.03125,6400000.0
1.0,16.0,4.0,1.0,1.0,1.0,63.0,32.0,-0.0030632107251067353,-0.0017650185808415486,0.00390625,4096.0,6400000.0
16.0,16.0,4.0,9.0,414.0,256.0,11963.0,38912.0,0.41904523657477755,0.42582600184437647,0.0078125,0.03125,6400000.0
16.0,16.0,4.0,9.0,421.0,256.0,12114.0,38912.0,0.40996062730481697,0.4231383767567434,0.03125,0.00195312,6400000.0
1.0,16.0,4.0,1.0,1.0,1.0,63.0,32.0,-0.0030632107251067353,-0.0017650185808415486,512.0,4.0,6400000.0
8.0,16.0,4.0,2.0,22.0,16.0,724.0,1536.0,0.184803559555608,0.19082719424152972,0.0078125,32.0,6400000.0
1.0,16.0,4.0,1.0,1.0,1.0,63.0,32.0,-0.0030632107251067353,-0.0017650185808415486,256.0,512.0,6400000.0
1.0,16.0,4.0,1.0,1.0,1.0,63.0,32.0,-0.0030632107251067353,-0.0017650185808415486,512.0,4096.0,6400000.0
1.0,16.0,4.0,1.0,1.0,1.0,63.0,32.0,-0.0030632107251067353,-0.0017650185808415486,0.015625,256.0,6400000.0
1.0,16.0,4.0,1.0,1.0,1.0,63.0,32.0,-0.0030632107251067353,-0.0017650185808415486,0.0625,16384.0,6400000.0
1.0,1.0,2.0,1.0,1.0,1.0,39.0,32.0,-0.0030632107251067353,-0.0017650185808415486,2048.0,4.0,6400000.0
1.0,1.0,2.0,1.0,1.0,1.0,39.0,32.0,-0.0030632107251067353,-0.0017650185808415486,2048.0,4096.0,6400000.0
16.0,16.0,4.0,9.0,408.0,256.0,11956.0,38912.0,0.4167497237418285,0.4220749986825517,0.125,0.125,6400000.0
16.0,16.0,4.0,9.0,423.0,256.0,12219.0,38912.0,0.4238121992459497,0.426826737571504,0.25,0.000976562,6400000.0
16.0,16.0,4.0,9.0,423.0,256.0,12177.0,38912.0,0.4036536844184274,0.41862254740942595,0.0625,0.015625,6400000.0
1.0,16.0,4.0,1.0,1.0,1.0,63.0,32.0,-0.0030632107251067353,-0.0017650185808415486,0.03125,2048.0,6400000.0
16.0,16.0,4.0,9.0,343.0,227.0,10188.0,34272.0,0.4114051813441747,0.421121196481137,0.25,1.0,6400000.0
11.0,16.0,4.0,3.0,35.0,26.0,1119.0,2752.0,0.23801654357424562,0.2440154241847443,0.0625,16.0,6400000.0
1.0,16.0,4.0,1.0,1.0,1.0,63.0,32.0,-0.0030632107251067353,-0.0017650185808415486,0.5,8192.0,6400000.0
1.0,16.0,4.0,1.0,1.0,1.0,63.0,32.0,-0.0030632107251067353,-0.0017650185808415486,0.25,1024.0,6400000.0
16.0,16.0,4.0,7.0,399.0,256.0,11913.0,38912.0,0.41789880663997536,0.4316388397598976,4.0,0.00390625,6400000.0
1.0,16.0,4.0,1.0,1.0,1.0,63.0,32.0,-0.0030632107251067353,-0.0017650185808415486,0.125,128.0,6400000.0
1.0,16.0,4.0,1.0,1.0,1.0,63.0,32.0,-0.0030632107251067353,-0.0017650185808415486,2.0,512.0,6400000.0
16.0,16.0,4.0,9.0,425.0,256.0,12189.0,38912.0,0.41863803893258367,0.4235631228799801,0.5,0.0078125,6400000.0
16.0,16.0,4.0,2.0,81.0,64.0,2738.0,8192.0,0.24907016180659447,0.2576239915374787,32.0,2.0,6400000.0
16.0,16.0,4.0,3.0,348.0,255.0,11344.0,38752.0,0.3198273575489069,0.3281572561360858,8.0,0.03125,6400000.0
8.0,16.0,4.0,2.0,22.0,16.0,724.0,1536.0,0.184803559555608,0.19082719424152972,8.0,32.0,6400000.0
16.0,16.0,4.0,3.0,101.0,76.0,3218.0,10112.0,0.30076468106034104,0.30837945763416685,4.0,4.0,6400000.0
16.0,16.0,4.0,9.0,421.0,256.0,12114.0,38912.0,0.40996062730481697,0.4231383767567434,0.00195312,0.000976562,6400000.0
16.0,16.0,4.0,3.0,67.0,47.0,2020.0,5472.0,0.28428173420704106,0.29213228260301216,0.5,8.0,6400000.0
1.0,16.0,4.0,1.0,1.0,1.0,63.0,32.0,-0.0030632107251067353,-0.0017650185808415486,4.0,4096.0,6400000.0
16.0,16.0,4.0,8.0,425.0,256.0,12489.0,38912.0,0.40407557625697554,0.4173943688443915,2.0,0.0,6400000.0
16.0,16.0,4.0,9.0,428.0,256.0,12290.0,38912.0,0.4129471486019305,0.42194976890379865,1.0,0.0625,6400000.0
1.0,16.0,4.0,1.0,1.0,1.0,63.0,32.0,-0.0030632107251067353,-0.0017650185808415486,0.000976562,128.0,6400000.0
16.0,16.0,4.0,9.0,345.0,239.0,10546.0,36192.0,0.3947774148166675,0.41327777594236825,0.00195312,1.0,6400000.0
3.0,16.0,4.0,2.0,9.0,6.0,335.0,576.0,0.10115259004895938,0.10346957106453547,1.0,64.0,6400000.0
16.0,16.0,4.0,3.0,251.0,195.0,8133.0,29152.0,0.3183460008450535,0.32425196280022317,16.0,0.25,6400000.0
1.0,16.0,4.0,1.0,1.0,1.0,63.0,32.0,-0.0030632107251067353,-0.0017650185808415486,16.0,256.0,6400000.0
16.0,16.0,4.0,8.0,381.0,247.0,11314.0,37472.0,0.40068286660481556,0.4171482423221272,2.0,0.5,6400000.0
16.0,16.0,4.0,2.0,313.0,253.0,10664.0,38432.0,0.24793545424256502,0.2596294938787942,32.0,0.00195312,6400000.0
1.0,16.0,4.0,1.0,1.0,1.0,63.0,32.0,-0.0030632107251067353,-0.0017650185808415486,128.0,128.0,6400000.0
1.0,16.0,4.0,1.0,1.0,1.0,63.0,32.0,-0.0030632107251067353,-0.0017650185808415486,0.00195312,1024.0,6400000.0
1.0,16.0,4.0,1.0,1.0,1.0,63.0,32.0,-0.0030632107251067353,-0.0017650185808415486,8.0,32768.0,6400000.0
1.0,16.0,4.0,1.0,1.0,1.0,63.0,32.0,-0.0030632107251067353,-0.0017650185808415486,128.0,0.125,6400000.0
11.0,16.0,4.0,2.0,30.0,22.0,944.0,2112.0,0.211815897449531,0.21820531799146736,64.0,16.0,6400000.0
16.0,16.0,4.0,3.0,67.0,47.0,2020.0,5472.0,0.28428173420704106,0.29213228260301216,0.00390625,8.0,6400000.0
1.0,16.0,4.0,1.0,1.0,1.0,63.0,32.0,-0.0030632107251067353,-0.0017650185808415486,32.0,2048.0,6400000.0
1.0,1.0,2.0,1.0,1.0,1.0,39.0,32.0,-0.0030632107251067353,-0.0017650185808415486,4096.0,0.03125,6400000.0
16.0,16.0,4.0,2.0,313.0,253.0,10664.0,38432.0,0.24793545424256502,0.2596294938787942,64.0,0.015625,6400000.0
1.0,16.0,4.0,1.0,1.0,1.0,63.0,32.0,-0.0030632107251067353,-0.0017650185808415486,256.0,1.0,6400000.0
1.0,16.0,4.0,1.0,1.0,1.0,63.0,32.0,-0.0030632107251067353,-0.0017650185808415486,64.0,16384.0,6400000.0
1.0,1.0,2.0,1.0,1.0,1.0,39.0,32.0,-0.0030632107251067353,-0.0017650185808415486,2048.0,0.0078125,6400000.0
16.0,16.0,4.0,9.0,422.0,256.0,11965.0,38912.0,0.4115028818049229,0.4208345040146372,0.015625,0.0,6400000.0
1.0,1.0,2.0,1.0,1.0,1.0,39.0,32.0,-0.0030632107251067353,-0.0017650185808415486,4096.0,32.0,6400000.0
16.0,16.0,4.0,9.0,389.0,254.0,11526.0,38592.0,0.41209753000743976,0.42424535505622196,0.015625,0.5,6400000.0
1.0,16.0,4.0,1.0,1.0,1.0,63.0,32.0,-0.0030632107251067353,-0.0017650185808415486,256.0,0.000976562,6400000.0
1.0,16.0,4.0,1.0,1.0,1.0,63.0,32.0,-0.0030632107251067353,-0.0017650185808415486,512.0,0.0078125,6400000.0
16.0,16.0,4.0,9.0,421.0,256.0,12114.0,38912.0,0.40996062730481697,0.4231383767567434,0.00390625,0.0078125,6400000.0
1.0,16.0,4.0,1.0,1.0,1.0,63.0,32.0,-0.0030632107251067353,-0.0017650185808415486,1024.0,0.0625,6400000.0
16.0,16.0,4.0,8.0,131.0,94.0,4086.0,12992.0,0.34113481043209837,0.3480846441687274,0.03125,4.0,6400000.0
1.0,16.0,4.0,1.0,1.0,1.0,63.0,32.0,-0.0030632107251067353,-0.0017650185808415486,512.0,8.0,6400000.0
1.0,16.0,4.0,1.0,1.0,1.0,63.0,32.0,-0.0030632107251067353,-0.0017650185808415486,0.00390625,8192.0,6400000.0
16.0,16.0,4.0,9.0,419.0,256.0,12061.0,38912.0,0.41713588820893466,0.421509655891247,0.0078125,0.0625,6400000.0
1.0,16.0,4.0,1.0,1.0,1.0,63.0,32.0,-0.0030632107251067353,-0.0017650185808415486,512.0,8192.0,6400000.0
1.0,16.0,4.0,1.0,1.0,1.0,63.0,32.0,-0.0030632107251067353,-0.0017650185808415486,0.015625,512.0,6400000.0
16.0,16.0,4.0,9.0,421.0,256.0,12114.0,38912.0,0.40996062730481697,0.4231383767567434,0.03125,0.00390625,6400000.0
3.0,16.0,4.0,2.0,9.0,6.0,335.0,576.0,0.10115259004895938,0.10346957106453547,0.0078125,64.0,6400000.0
1.0,16.0,4.0,1.0,1.0,1.0,63.0,32.0,-0.0030632107251067353,-0.0017650185808415486,256.0,1024.0,6400000.0
1.0,16.0,4.0,1.0,1.0,1.0,63.0,32.0,-0.0030632107251067353,-0.0017650185808415486,0.0625,32768.0,6400000.0
16.0,16.0,4.0,9.0,402.0,256.0,11892.0,38912.0,0.4082517139808328,0.4204417619303673,0.125,0.25,6400000.0
1.0,1.0,2.0,1.0,1.0,1.0,39.0,32.0,-0.0030632107251067353,-0.0017650185808415486,2048.0,8.0,6400000.0
1.0,1.0,2.0,1.0,1.0,1.0,39.0,32.0,-0.0030632107251067353,-0.0017650185808415486,2048.0,8192.0,6400000.0
16.0,16.0,4.0,9.0,423.0,256.0,12219.0,38912.0,0.4238121992459497,0.426826737571504,0.25,0.00195312,6400000.0
16.0,16.0,4.0,9.0,414.0,256.0,11963.0,38912.0,0.41904523657477755,0.42582600184437647,0.0625,0.03125,6400000.0
16.0,16.0,4.0,9.0,232.0,167.0,7043.0,24672.0,0.3881416264223181,0.39487771534028593,0.25,2.0,6400000.0
8.0,16.0,4.0,2.0,22.0,16.0,724.0,1536.0,0.184803559555608,0.19082719424152972,0.0625,32.0,6400000.0
1.0,16.0,4.0,1.0,1.0,1.0,63.0,32.0,-0.0030632107251067353,-0.0017650185808415486,0.03125,4096.0,6400000.0
1.0,16.0,4.0,1.0,1.0,1.0,63.0,32.0,-0.0030632107251067353,-0.0017650185808415486,0.25,2048.0,6400000.0
1.0,16.0,4.0,1.0,1.0,1.0,63.0,32.0,-0.0030632107251067353,-0.0017650185808415486,0.5,16384.0,6400000.0
16.0,16.0,4.0,7.0,399.0,256.0,11913.0,38912.0,0.41789880663997536,0.4316388397598976,4.0,0.0078125,6400000.0
1.0,16.0,4.0,1.0,1.0,1.0,63.0,32.0,-0.0030632107251067353,-0.0017650185808415486,2.0,1024.0,6400000.0
16.0,16.0,4.0,2.0,68.0,53.0,2229.0,6432.0,0.24622107867045695,0.25350735692542625,32.0,4.0,6400000.0
1.0,16.0,4.0,1.0,1.0,1.0,63.0,32.0,-0.0030632107251067353,-0.0017650185808415486,0.125,256.0,6400000.0
3.0,16.0,4.0,2.0,9.0,6.0,335.0,576.0,0.10115259004895938,0.10346957106453547,8.0,64.0,6400000.0
16.0,16.0,4.0,3.0,67.0,47.0,2020.0,5472.0,0.28428173420704106,0.29213228260301216,4.0,8.0,6400000.0
16.0,16.0,4.0,9.0,425.0,256.0,12189.0,38912.0,0.41863803893258367,0.4235631228799801,0.5,0.015625,6400000.0
11.0,16.0,4.0,3.0,35.0,26.0,1119.0,2752.0,0.23801654357424562,0.2440154241847443,0.5,16.0,6400000.0
16.0,16.0,4.0,9.0,255.0,176.0,7767.0,26112.0,0.3937416243576429,0.4097338844036036,0.00195312,2.0,6400000.0
16.0,16.0,4.0,3.0,340.0,251.0,11002.0,38112.0,0.3209536573564463,0.32851626259767797,8.0,0.0625,6400000.0
16.0,16.0,4.0,9.0,408.0,256.0,11965.0,38912.0,0.41128653088751244,0.4184619542254613,1.0,0.125,6400000.0
1.0,16.0,4.0,1.0,1.0,1.0,63.0,32.0,-0.0030632107251067353,-0.0017650185808415486,4.0,8192.0,6400000.0
16.0,16.0,4.0,9.0,421.0,256.0,12114.0,38912.0,0.40996062730481697,0.4231383767567434,0.00195312,0.00195312,6400000.0
16.0,16.0,4.0,8.0,425.0,256.0,12489.0,38912.0,0.40407557625697554,0.4173943688443915,2.0,0.000976562,6400000.0
16.0,16.0,4.0,8.0,319.0,212.0,9630.0,31872.0,0.41205306167618483,0.4238841026431248,2.0,1.0,6400000.0
16.0,16.0,4.0,2.0,313.0,253.0,10664.0,38432.0,0.24793545424256502,0.2596294938787942,32.0,0.00390625,6400000.0
1.0,16.0,4.0,1.0,1.0,1.0,63.0,32.0,-0.0030632107251067353,-0.0017650185808415486,1.0,128.0,6400000.0
1.0,16.0,4.0,1.0,1.0,1.0,63.0,32.0,-0.0030632107251067353,-0.0017650185808415486,0.000976562,256.0,6400000.0
1.0,16.0,4.0,1.0,1.0,1.0,63.0,32.0,-0.0030632107251067353,-0.0017650185808415486,16.0,512.0,6400000.0
1.0,16.0,4.0,1.0,1.0,1.0,63.0,32.0,-0.0030632107251067353,-0.0017650185808415486,128.0,256.0,6400000.0
1.0,16.0,4.0,1.0,1.0,1.0,63.0,32.0,-0.0030632107251067353,-0.0017650185808415486,128.0,0.25,6400000.0
1.0,16.0,4.0,1.0,1.0,1.0,63.0,32.0,-0.0030632107251067353,-0.0017650185808415486,0.00195312,2048.0,6400000.0
16.0,16.0,4.0,3.0,206.0,160.0,6673.0,23552.0,0.3164334332701808,0.32403044186940655,16.0,0.5,6400000.0
8.0,16.0,4.0,2.0,22.0,16.0,724.0,1536.0,0.184803559555608,0.19082719424152972,64.0,32.0,6400000.0
16.0,16.0,4.0,3.0,347.0,254.0,11306.0,38592.0,0.3168692723049015,0.3239592373273029,16.0,0.0,6400000.0
16.0,16.0,4.0,2.0,312.0,251.0,10620.0,38112.0,0.248103841637757,0.2596914185039787,64.0,0.03125,6400000.0
11.0,16.0,4.0,3.0,35.0,26.0,1119.0,2752.0,0.23801654357424562,0.2440154241847443,0.00390625,16.0,6400000.0
1.0,1.0,2.0,1.0,1.0,1.0,39.0,32.0,-0.0030632107251067353,-0.0017650185808415486,4096.0,0.0625,6400000.0
1.0,16.0,4.0,1.0,1.0,1.0,63.0,32.0,-0.0030632107251067353,-0.0017650185808415486,32.0,4096.0,6400000.0
1.0,16.0,4.0,1.0,1.0,1.0,63.0,32.0,-0.0030632107251067353,-0.0017650185808415486,64.0,32768.0,6400000.0
16.0,16.0,4.0,9.0,421.0,256.0,12114.0,38912.0,0.40996062730481697,0.4231383767567434,0.015625,0.000976562,6400000.0
1.0,1.0,2.0,1.0,1.0,1.0,39.0,32.0,-0.0030632107251067353,-0.0017650185808415486,4096.0,64.0,6400000.0
1.0,16.0,4.0,1.0,1.0,1.0,63.0,32.0,-0.0030632107251067353,-0.0017650185808415486,256.0,2.0,6400000.0
1.0,1.0,2.0,1.0,1.0,1.0,39.0,32.0,-0.0030632107251067353,-0.0017650185808415486,2048.0,0.015625,6400000.0
16.0,16.0,4.0,9.0,345.0,239.0,10546.0,36192.0,0.3947774148166675,0.41327777594236825,0.015625,1.0,6400000.0
1.0,16.0,4.0,1.0,1.0,1.0,63.0,32.0,-0.0030632107251067353,-0.0017650185808415486,1024.0,0.125,6400000.0
1.0,16.0,4.0,1.0,1.0,1.0,63.0,32.0,-0.0030632107251067353,-0.0017650185808415486,512.0,0.015625,6400000.0
1.0,16.0,4.0,1.0,1.0,1.0,63.0,32.0,-0.0030632107251067353,-0.0017650185808415486,256.0,0.00195312,6400000.0
16.0,16.0,4.0,9.0,413.0,255.0,11890.0,38752.0,0.4166721860485184,0.42371424058040585,0.0078125,0.125,6400000.0
16.0,16.0,4.0,9.0,423.0,256.0,12177.0,38912.0,0.4036536844184274,0.41862254740942595,0.00390625,0.015625,6400000.0
16.0,16.0,4.0,3.0,67.0,47.0,2020.0,5472.0,0.28428173420704106,0.29213228260301216,0.03125,8.0,6400000.0
1.0,16.0,4.0,1.0,1.0,1.0,63.0,32.0,-0.0030632107251067353,-0.0017650185808415486,512.0,16.0,6400000.0
1.0,16.0,4.0,1.0,1.0,1.0,63.0,32.0,-0.0030632107251067353,-0.0017650185808415486,0.00390625,16384.0,6400000.0
1.0,16.0,4.0,1.0,1.0,1.0,63.0,32.0,-0.0030632107251067353,-0.0017650185808415486,0.0078125,128.0,6400000.0
1.0,16.0,4.0,1.0,1.0,1.0,63.0,32.0,-0.0030632107251067353,-0.0017650185808415486,256.0,2048.0,6400000.0
1.0,16.0,4.0,1.0,1.0,1.0,63.0,32.0,-0.0030632107251067353,-0.0017650185808415486,0.015625,1024.0,6400000.0
16.0,16.0,4.0,9.0,421.0,256.0,12114.0,38912.0,0.40996062730481697,0.4231383767567434,0.03125,0.0078125,6400000.0
1.0,16.0,4.0,1.0,1.0,1.0,63.0,32.0,-0.0030632107251067353,-0.0017650185808415486,512.0,16384.0,6400000.0
16.0,16.0,4.0,9.0,381.0,253.0,11451.0,38432.0,0.4087761892829206,0.42433229407850115,0.125,0.5,6400000.0
1.0,1.0,2.0,1.0,1.0,1.0,39.0,32.0,-0.0030632107251067353,-0.0017650185808415486,2048.0,16.0,6400000.0
1.0,1.0,2.0,1.0,1.0,1.0,39.0,32.0,-0.0030632107251067353,-0.0017650185808415486,2048.0,16384.0,6400000.0
16.0,16.0,4.0,9.0,419.0,256.0,12061.0,38912.0,0.41713588820893466,0.421509655891247,0.0625,0.0625,6400000.0
3.0,16.0,4.0,2.0,9.0,6.0,335.0,576.0,0.10115259004895938,0.10346957106453547,0.0625,64.0,6400000.0
16.0,16.0,4.0,9.0,423.0,256.0,12219.0,38912.0,0.4238121992459497,0.426826737571504,0.125,0.0,6400000.0
1.0,16.0,4.0,1.0,1.0,1.0,63.0,32.0,-0.0030632107251067353,-0.0017650185808415486,0.03125,8192.0,6400000.0
16.0,16.0,4.0,9.0,423.0,256.0,12219.0,38912.0,0.4238121992459497,0.426826737571504,0.25,0.00390625,6400000.0
16.0,16.0,4.0,8.0,128.0,94.0,4040.0,12992.0,0.34006334326383325,0.343806276205189,0.25,4.0,6400000.0
1.0,16.0,4.0,1.0,1.0,1.0,63.0,32.0,-0.0030632107251067353,-0.0017650185808415486,0.5,32768.0,6400000.0
1.0,16.0,4.0,1.0,1.0,1.0,63.0,32.0,-0.0030632107251067353,-0.0017650185808415486,0.25,4096.0,6400000.0
16.0,16.0,4.0,7.0,399.0,256.0,11913.0,38912.0,0.41789880663997536,0.4316388397598976,4.0,0.015625,6400000.0
1.0,16.0,4.0,1.0,1.0,1.0,63.0,32.0,-0.0030632107251067353,-0.0017650185808415486,2.0,2048.0,6400000.0
1.0,16.0,4.0,1.0,1.0,1.0,63.0,32.0,-0.0030632107251067353,-0.0017650185808415486,0.125,512.0,6400000.0
11.0,16.0,4.0,3.0,35.0,26.0,1119.0,2752.0,0.23801654357424562,0.2440154241847443,4.0,16.0,6400000.0
16.0,16.0,4.0,9.0,418.0,256.0,12100.0,38912.0,0.4143002420315113,0.4216227427658229,0.5,0.03125,6400000.0
1.0,16.0,4.0,1.0,1.0,1.0,63.0,32.0,-0.0030632107251067353,-0.0017650185808415486,8.0,128.0,6400000.0
15.0,16.0,4.0,2.0,47.0,34.0,1516.0,3520.0,0.23483331904090687,0.24244665993785774,32.0,8.0,6400000.0
16.0,16.0,4.0,2.0,313.0,253.0,10664.0,38432.0,0.24793545424256502,0.2596294938787942,32.0,0.0078125,6400000.0
16.0,16.0,4.0,3.0,325.0,247.0,10684.0,37472.0,0.3211452347311803,0.3282433804207969,8.0,0.125,6400000.0
16.0,16.0,4.0,9.0,400.0,256.0,11932.0,38912.0,0.40526484130922225,0.4200999512514598,1.0,0.25,6400000.0
16.0,16.0,4.0,8.0,131.0,94.0,4086.0,12992.0,0.34113481043209837,0.3480846441687274,0.00195312,4.0,6400000.0
16.0,16.0,4.0,8.0,425.0,256.0,12489.0,38912.0,0.40407557625697554,0.4173943688443915,2.0,0.00195312,6400000.0
16.0,16.0,4.0,9.0,421.0,256.0,12114.0,38912.0,0.40996062730481697,0.4231383767567434,0.00195312,0.00390625,6400000.0
1.0,16.0,4.0,1.0,1.0,1.0,63.0,32.0,-0.0030632107251067353,-0.0017650185808415486,128.0,512.0,6400000.0
1.0,16.0,4.0,1.0,1.0,1.0,63.0,32.0,-0.0030632107251067353,-0.0017650185808415486,4.0,16384.0,6400000.0
8.0,16.0,4.0,2.0,22.0,16.0,724.0,1536.0,0.184803559555608,0.19082719424152972,0.5,32.0,6400000.0
1.0,16.0,4.0,1.0,1.0,1.0,63.0,32.0,-0.0030632107251067353,-0.0017650185808415486,0.000976562,512.0,6400000.0
1.0,16.0,4.0,1.0,1.0,1.0,63.0,32.0,-0.0030632107251067353,-0.0017650185808415486,128.0,0.5,6400000.0
16.0,16.0,4.0,7.0,179.0,135.0,5656.0,19552.0,0.33636596624267323,0.3535873983383311,2.0,2.0,6400000.0
1.0,16.0,4.0,1.0,1.0,1.0,63.0,32.0,-0.0030632107251067353,-0.0017650185808415486,0.00195312,4096.0,6400000.0
1.0,16.0,4.0,1.0,1.0,1.0,63.0,32.0,-0.0030632107251067353,-0.0017650185808415486,1.0,256.0,6400000.0
16.0,16.0,4.0,2.0,291.0,234.0,9908.0,35392.0,0.24743928771645252,0.2595186357588535,64.0,0.0625,6400000.0
8.0,16.0,4.0,2.0,22.0,16.0,724.0,1536.0,0.184803559555608,0.19082719424152972,0.00390625,32.0,6400000.0
1.0,16.0,4.0,1.0,1.0,1.0,63.0,32.0,-0.0030632107251067353,-0.0017650185808415486,16.0,1024.0,6400000.0
16.0,16.0,4.0,3.0,171.0,133.0,5666.0,19232.0,0.31418827959504503,0.323236885383702,16.0,1.0,6400000.0
1.0,16.0,4.0,1.0,1.0,1.0,63.0,32.0,-0.0030632107251067353,-0.0017650185808415486,64.0,64.0,6400000.0
16.0,16.0,4.0,3.0,347.0,254.0,11306.0,38592.0,0.3168692723049015,0.3239592373273029,16.0,0.000976562,6400000.0
1.0,1.0,2.0,1.0,1.0,1.0,39.0,32.0,-0.0030632107251067353,-0.0017650185808415486,4096.0,0.125,6400000.0
1.0,16.0,4.0,1.0,1.0,1.0,63.0,32.0,-0.0030632107251067353,-0.0017650185808415486,32.0,8192.0,6400000.0
16.0,16.0,4.0,9.0,421.0,256.0,12114.0,38912.0,0.40996062730481697,0.4231383767567434,0.015625,0.00195312,6400000.0
1.0,1.0,2.0,1.0,1.0,1.0,39.0,32.0,-0.0030632107251067353,-0.0017650185808415486,2048.0,0.03125,6400000.0
1.0,16.0,4.0,1.0,1.0,1.0,63.0,32.0,-0.0030632107251067353,-0.0017650185808415486,128.0,0.0,6400000.0
1.0,16.0,4.0,1.0,1.0,1.0,63.0,32.0,-0.0030632107251067353,-0.0017650185808415486,256.0,4.0,6400000.0
1.0,1.0,2.0,1.0,1.0,1.0,39.0,32.0,-0.0030632107251067353,-0.0017650185808415486,4096.0,128.0,6400000.0
16.0,16.0,4.0,9.0,255.0,176.0,7767.0,26112.0,0.3937416243576429,0.4097338844036036,0.015625,2.0,6400000.0
1.0,16.0,4.0,1.0,1.0,1.0,63.0,32.0,-0.0030632107251067353,-0.0017650185808415486,256.0,0.00390625,6400000.0
1.0,16.0,4.0,1.0,1.0,1.0,63.0,32.0,-0.0030632107251067353,-0.0017650185808415486,1024.0,0.25,6400000.0
16.0,16.0,4.0,9.0,402.0,255.0,11886.0,38752.0,0.40845705640348584,0.42143126591859836,0.0078125,0.25,6400000.0
1.0,16.0,4.0,1.0,1.0,1.0,63.0,32.0,-0.0030632107251067353,-0.0017650185808415486,512.0,0.03125,6400000.0
11.0,16.0,4.0,3.0,35.0,26.0,1119.0,2752.0,0.23801654357424562,0.2440154241847443,0.03125,16.0,6400000.0
16.0,16.0,4.0,9.0,414.0,256.0,11963.0,38912.0,0.41904523657477755,0.42582600184437647,0.00390625,0.03125,6400000.0
1.0,16.0,4.0,1.0,1.0,1.0,63.0,32.0,-0.0030632107251067353,-0.0017650185808415486,0.00390625,32768.0,6400000.0
1.0,16.0,4.0,1.0,1.0,1.0,63.0,32.0,-0.0030632107251067353,-0.0017650185808415486,512.0,32.0,6400000.0
1.0,16.0,4.0,1.0,1.0,1.0,63.0,32.0,-0.0030632107251067353,-0.0017650185808415486,0.0078125,256.0,6400000.0
1.0,16.0,4.0,1.0,1.0,1.0,63.0,32.0,-0.0030632107251067353,-0.0017650185808415486,256.0,4096.0,6400000.0
1.0,16.0,4.0,1.0,1.0,1.0,63.0,32.0,-0.0030632107251067353,-0.0017650185808415486,0.015625,2048.0,6400000.0
16.0,16.0,4.0,9.0,423.0,256.0,12177.0,38912.0,0.4036536844184274,0.41862254740942595,0.03125,0.015625,6400000.0
1.0,16.0,4.0,1.0,1.0,1.0,63.0,32.0,-0.0030632107251067353,-0.0017650185808415486,512.0,32768.0,6400000.0
16.0,16.0,4.0,9.0,340.0,232.0,10301.0,35072.0,0.394195571940942,0.41389850575532305,0.125,1.0,6400000.0
1.0,1.0,2.0,1.0,1.0,1.0,39.0,32.0,-0.0030632107251067353,-0.0017650185808415486,2048.0,32.0,6400000.0
16.0,16.0,4.0,9.0,423.0,256.0,12219.0,38912.0,0.4238121992459497,0.426826737571504,0.125,0.000976562,6400000.0
1.0,16.0,4.0,1.0,1.0,1.0,63.0,32.0,-0.0030632107251067353,-0.0017650185808415486,0.0625,128.0,6400000.0
16.0,16.0,4.0,9.0,413.0,255.0,11890.0,38752.0,0.4166721860485184,0.42371424058040585,0.0625,0.125,6400000.0
1.0,1.0,2.0,1.0,1.0,1.0,39.0,32.0,-0.0030632107251067353,-0.0017650185808415486,2048.0,32768.0,6400000.0
16.0,16.0,4.0,3.0,67.0,47.0,2020.0,5472.0,0.28428173420704106,0.29213228260301216,0.25,8.0,6400000.0
16.0,16.0,4.0,9.0,423.0,256.0,12219.0,38912.0,0.4238121992459497,0.426826737571504,0.25,0.0078125,6400000.0
1.0,16.0,4.0,1.0,1.0,1.0,63.0,32.0,-0.0030632107251067353,-0.0017650185808415486,0.03125,16384.0,6400000.0
1.0,16.0,4.0,1.0,1.0,1.0,63.0,32.0,-0.0030632107251067353,-0.0017650185808415486,0.25,8192.0,6400000.0
16.0,16.0,4.0,9.0,423.0,255.0,12140.0,38752.0,0.41633453342513715,0.4275048003727753,1.0,0.0,6400000.0
1.0,16.0,4.0,1.0,1.0,1.0,63.0,32.0,-0.0030632107251067353,-0.0017650185808415486,2.0,4096.0,6400000.0
1.0,16.0,4.0,1.0,1.0,1.0,63.0,32.0,-0.0030632107251067353,-0.0017650185808415486,0.125,1024.0,6400000.0
16.0,16.0,4.0,7.0,396.0,256.0,11840.0,38912.0,0.39905462053740337,0.4097446676257833,4.0,0.03125,6400000.0
16.0,16.0,4.0,2.0,313.0,253.0,10664.0,38432.0,0.24793545424256502,0.2596294938787942,32.0,0.015625,6400000.0
1.0,16.0,4.0,1.0,1.0,1.0,63.0,32.0,-0.0030632107251067353,-0.0017650185808415486,8.0,256.0,6400000.0
11.0,16.0,4.0,2.0,30.0,22.0,944.0,2112.0,0.211815897449531,0.21820531799146736,32.0,16.0,6400000.0
8.0,16.0,4.0,2.0,22.0,16.0,724.0,1536.0,0.184803559555608,0.19082719424152972,4.0,32.0,6400000.0
16.0,16.0,4.0,9.0,412.0,256.0,12066.0,38912.0,0.41423699184818585,0.4200149373102119,0.5,0.0625,6400000.0
1.0,16.0,4.0,1.0,1.0,1.0,63.0,32.0,-0.0030632107251067353,-0.0017650185808415486,128.0,1024.0,6400000.0
16.0,16.0,4.0,9.0,394.0,253.0,11610.0,38432.0,0.41737893090514666,0.4254921603695153,1.0,0.5,6400000.0
16.0,16.0,4.0,3.0,282.0,216.0,9201.0,32512.0,0.321562224077221,0.3286390091727768,8.0,0.25,6400000.0
1.0,16.0,4.0,1.0,1.0,1.0,63.0,32.0,-0.0030632107251067353,-0.0017650185808415486,4.0,32768.0,6400000.0
3.0,16.0,4.0,2.0,9.0,6.0,335.0,576.0,0.10115259004895938,0.10346957106453547,0.5,64.0,6400000.0
16.0,16.0,4.0,8.0,425.0,256.0,12489.0,38912.0,0.40407557625697554,0.4173943688443915,2.0,0.00390625,6400000.0
1.0,16.0,4.0,1.0,1.0,1.0,63.0,32.0,-0.0030632107251067353,-0.0017650185808415486,128.0,1.0,6400000.0
16.0,16.0,4.0,5.0,101.0,76.0,3199.0,10112.0,0.3047776725185988,0.3111359299433757,2.0,4.0,6400000.0
1.0,16.0,4.0,1.0,1.0,1.0,63.0,32.0,-0.0030632107251067353,-0.0017650185808415486,1.0,512.0,6400000.0
1.0,16.0,4.0,1.0,1.0,1.0,63.0,32.0,-0.0030632107251067353,-0.0017650185808415486,1024.0,1.0,6400000.0
1.0,16.0,4.0,1.0,1.0,1.0,63.0,32.0,-0.0030632107251067353,-0.0017650185808415486,16.0,2048.0,6400000.0
16.0,16.0,4.0,2.0,206.0,168.0,7133.0,24832.0,0.2495996837837693,0.2608762511195798,64.0,0.125,6400000.0
1.0,1.0,2.0,1.0,1.0,1.0,39.0,32.0,-0.0030632107251067353,-0.0017650185808415486,4096.0,512.0,6400000.0
1.0,1.0,2.0,1.0,1.0,1.0,39.0,32.0,-0.0030632107251067353,-0.0017650185808415486,4096.0,0.25,6400000.0
16.0,16.0,4.0,3.0,124.0,96.0,3972.0,13312.0,0.30755448012197095,0.3147724146766757,16.0,2.0,6400000.0
1.0,16.0,4.0,1.0,1.0,1.0,63.0,32.0,-0.0030632107251067353,-0.0017650185808415486,1024.0,1024.0,6400000.0
1.0,16.0,4.0,1.0,1.0,1.0,63.0,32.0,-0.0030632107251067353,-0.0017650185808415486,64.0,128.0,6400000.0
1.0,16.0,4.0,1.0,1.0,1.0,63.0,32.0,-0.0030632107251067353,-0.0017650185808415486,32.0,16384.0,6400000.0
1.0,16.0,4.0,1.0,1.0,1.0,63.0,32.0,-0.0030632107251067353,-0.0017650185808415486,2048.0,0.0078125,6400000.0
1.0,16.0,4.0,1.0,1.0,1.0,63.0,32.0,-0.0030632107251067353,-0.0017650185808415486,128.0,0.000976562,6400000.0
16.0,16.0,4.0,3.0,344.0,253.0,11266.0,38432.0,0.3160573749466251,0.3242260251797301,16.0,0.00195312,6400000.0
1.0,16.0,4.0,1.0,1.0,1.0,63.0,32.0,-0.0030632107251067353,-0.0017650185808415486,2048.0,8.0,6400000.0
1.0,16.0,4.0,1.0,1.0,1.0,63.0,32.0,-0.0030632107251067353,-0.0017650185808415486,256.0,8.0,6400000.0
1.0,16.0,4.0,1.0,1.0,1.0,63.0,32.0,-0.0030632107251067353,-0.0017650185808415486,2048.0,8192.0,6400000.0
1.0,16.0,4.0,1.0,1.0,1.0,63.0,32.0,-0.0030632107251067353,-0.0017650185808415486,4096.0,0.0625,6400000.0
1.0,16.0,4.0,1.0,1.0,1.0,63.0,32.0,-0.0030632107251067353,-0.0017650185808415486,1024.0,0.5,6400000.0
1.0,1.0,2.0,1.0,1.0,1.0,39.0,32.0,-0.0030632107251067353,-0.0017650185808415486,4096.0,256.0,6400000.0
1.0,16.0,4.0,1.0,1.0,1.0,63.0,32.0,-0.0030632107251067353,-0.0017650185808415486,512.0,0.0625,6400000.0
1.0,16.0,4.0,1.0,1.0,1.0,63.0,32.0,-0.0030632107251067353,-0.0017650185808415486,256.0,0.0078125,6400000.0
1.0,16.0,4.0,1.0,1.0,1.0,63.0,32.0,-0.0030632107251067353,-0.0017650185808415486,512.0,64.0,6400000.0
1.0,1.0,2.0,1.0,1.0,1.0,39.0,32.0,-0.0030632107251067353,-0.0017650185808415486,8192.0,0.00390625,6400000.0
1.0,16.0,4.0,1.0,1.0,1.0,63.0,32.0,-0.0030632107251067353,-0.0017650185808415486,4096.0,64.0,6400000.0
1.0,16.0,4.0,1.0,1.0,1.0,63.0,32.0,-0.0030632107251067353,-0.0017650185808415486,8192.0,0.0,6400000.0
1.0,16.0,4.0,1.0,1.0,1.0,63.0,32.0,-0.0030632107251067353,-0.0017650185808415486,16384.0,0.00390625,6400000.0
1.0,16.0,4.0,1.0,1.0,1.0,63.0,32.0,-0.0030632107251067353,-0.0017650185808415486,256.0,8192.0,6400000.0
1.0,16.0,4.0,1.0,1.0,1.0,63.0,32.0,-0.0030632107251067353,-0.0017650185808415486,16384.0,4.0,6400000.0
1.0,16.0,4.0,1.0,1.0,1.0,63.0,32.0,-0.0030632107251067353,-0.0017650185808415486,8192.0,512.0,6400000.0
1.0,16.0,4.0,1.0,1.0,1.0,63.0,32.0,-0.0030632107251067353,-0.0017650185808415486,16384.0,4096.0,6400000.0
1.0,16.0,4.0,1.0,1.0,1.0,63.0,32.0,-0.0030632107251067353,-0.0017650185808415486,8192.0,0.5,6400000.0
1.0,16.0,4.0,1.0,1.0,1.0,63.0,32.0,-0.0030632107251067353,-0.0017650185808415486,1024.0,0.0,6400000.0
1.0,16.0,4.0,1.0,1.0,1.0,63.0,32.0,-0.0030632107251067353,-0.0017650185808415486,32768.0,0.03125,6400000.0
1.0,16.0,4.0,1.0,1.0,1.0,63.0,32.0,-0.0030632107251067353,-0.0017650185808415486,32768.0,32768.0,6400000.0
1.0,16.0,4.0,1.0,1.0,1.0,63.0,32.0,-0.0030632107251067353,-0.0017650185808415486,32768.0,32.0,6400000.0
1.0,16.0,8.0,1.0,1.0,1.0,543.0,32.0,-0.0030632107251067353,-0.0017650185808415486,0.0,256.0,6400000.0
16.0,16.0,8.0,9.0,827.0,496.0,26829.0,77312.0,0.5013338849073617,0.5131910726776121,0.000976562,0.00195312,6400000.0
16.0,16.0,8.0,9.0,777.0,496.0,25842.0,77312.0,0.5021012933542359,0.5215000213394392,0.0,0.25,6400000.0
16.0,16.0,8.0,9.0,301.0,229.0,12126.0,34592.0,0.3948984817933934,0.4041362423466781,0.000976562,2.0,6400000.0
1.0,1.0,2.0,1.0,1.0,1.0,39.0,32.0,-0.0030632107251067353,-0.0017650185808415486,8192.0,4.0,6400000.0
1.0,16.0,8.0,1.0,1.0,1.0,543.0,32.0,-0.0030632107251067353,-0.0017650185808415486,0.000976562,2048.0,6400000.0
1.0,16.0,8.0,1.0,1.0,1.0,543.0,32.0,-0.0030632107251067353,-0.0017650185808415486,0.00195312,16384.0,6400000.0
11.0,16.0,8.0,3.0,35.0,26.0,2559.0,2752.0,0.23801654357424562,0.2440154241847443,0.00195312,16.0,6400000.0
16.0,16.0,8.0,9.0,804.0,496.0,26001.0,77312.0,0.5021030464381724,0.5237247067725237,0.00390625,0.125,6400000.0
16.0,16.0,8.0,9.0,817.0,496.0,26802.0,77312.0,0.504601259479238,0.5183580826294518,0.00195312,0.015625,6400000.0
1.0,16.0,8.0,1.0,1.0,1.0,543.0,32.0,-0.0030632107251067353,-0.0017650185808415486,0.00390625,128.0,6400000.0
16.0,16.0,8.0,9.0,652.0,491.0,23719.0,76512.0,0.4732164112535988,0.48148817524431187,0.0078125,1.0,6400000.0
1.0,16.0,8.0,1.0,1.0,1.0,543.0,32.0,-0.0030632107251067353,-0.0017650185808415486,0.0078125,1024.0,6400000.0
16.0,16.0,8.0,9.0,822.0,496.0,26606.0,77312.0,0.5000889081617576,0.5256604839212484,0.0078125,0.000976562,6400000.0
1.0,16.0,8.0,1.0,1.0,1.0,543.0,32.0,-0.0030632107251067353,-0.0017650185808415486,0.015625,8192.0,6400000.0
1.0,1.0,1.0,2.0,3.0,2.0,108.0,192.0,0.03911015413878083,0.040912063041146696,0.015625,0.015625,6400000.0
16.0,16.0,8.0,3.0,67.0,47.0,3700.0,5472.0,0.28428173420704106,0.29213228260301216,0.015625,8.0,6400000.0
16.0,16.0,8.0,9.0,827.0,496.0,26829.0,77312.0,0.5013338849073617,0.5131910726776121,0.015625,0.0078125,6400000.0
1.0,1.0,2.0,1.0,1.0,1.0,39.0,32.0,-0.0030632107251067353,-0.0017650185808415486,4096.0,1024.0,6400000.0
1.0,1.0,2.0,1.0,1.0,1.0,39.0,32.0,-0.0030632107251067353,-0.0017650185808415486,8192.0,4096.0,6400000.0
1.0,16.0,4.0,1.0,1.0,1.0,63.0,32.0,-0.0030632107251067353,-0.0017650185808415486,1024.0,2.0,6400000.0
16.0,16.0,8.0,9.0,820.0,496.0,26697.0,77312.0,0.49666022709816493,0.5093657744027775,0.125,0.00390625,6400000.0
1.0,16.0,4.0,1.0,1.0,1.0,63.0,32.0,-0.0030632107251067353,-0.0017650185808415486,1024.0,2048.0,6400000.0
3.0,16.0,8.0,2.0,9.0,6.0,1295.0,576.0,0.10115259004895938,0.10346957106453547,0.03125,64.0,6400000.0
16.0,16.0,8.0,9.0,797.0,496.0,26074.0,77312.0,0.5045464910694419,0.5181981129550942,0.03125,0.0625,6400000.0
1.0,16.0,4.0,1.0,1.0,1.0,63.0,32.0,-0.0030632107251067353,-0.0017650185808415486,2048.0,16384.0,6400000.0
16.0,16.0,8.0,9.0,822.0,496.0,26606.0,77312.0,0.5000889081617576,0.5256604839212484,0.0625,0.0,6400000.0
1.0,16.0,8.0,1.0,1.0,1.0,543.0,32.0,-0.0030632107251067353,-0.0017650185808415486,0.125,4096.0,6400000.0
1.0,16.0,4.0,1.0,1.0,1.0,63.0,32.0,-0.0030632107251067353,-0.0017650185808415486,4096.0,0.125,6400000.0
1.0,16.0,4.0,1.0,1.0,1.0,63.0,32.0,-0.0030632107251067353,-0.0017650185808415486,2048.0,0.015625,6400000.0
1.0,16.0,8.0,1.0,1.0,1.0,543.0,32.0,-0.0030632107251067353,-0.0017650185808415486,0.0625,512.0,6400000.0
16.0,16.0,8.0,8.0,132.0,96.0,6516.0,13312.0,0.34410005540180355,0.3485610773243314,0.125,4.0,6400000.0
1.0,16.0,8.0,1.0,1.0,1.0,543.0,32.0,-0.0030632107251067353,-0.0017650185808415486,0.25,32768.0,6400000.0
16.0,16.0,8.0,9.0,725.0,496.0,24889.0,77312.0,0.4884230678044532,0.4996183287862427,0.0625,0.5,6400000.0
16.0,16.0,8.0,9.0,813.0,496.0,26482.0,77312.0,0.5005728883815919,0.5171631781176169,0.25,0.03125,6400000.0
1.0,16.0,8.0,1.0,1.0,1.0,543.0,32.0,-0.0030632107251067353,-0.0017650185808415486,0.5,256.0,6400000.0
8.0,16.0,8.0,2.0,22.0,16.0,1924.0,1536.0,0.184803559555608,0.19082719424152972,0.25,32.0,6400000.0
1.0,16.0,4.0,1.0,1.0,1.0,63.0,32.0,-0.0030632107251067353,-0.0017650185808415486,2048.0,16.0,6400000.0
16.0,16.0,8.0,9.0,843.0,496.0,26937.0,77312.0,0.4935218076596941,0.5047335381964493,1.0,0.00195312,6400000.0
1.0,1.0,2.0,1.0,1.0,1.0,39.0,32.0,-0.0030632107251067353,-0.0017650185808415486,16384.0,0.03125,6400000.0
16.0,16.0,8.0,8.0,294.0,213.0,11841.0,32032.0,0.40470633708870285,0.4103604692117738,1.0,2.0,6400000.0
16.0,16.0,8.0,9.0,776.0,496.0,25801.0,77312.0,0.4965615817567125,0.5162134026156576,0.5,0.25,6400000.0
1.0,16.0,4.0,1.0,1.0,1.0,63.0,32.0,-0.0030632107251067353,-0.0017650185808415486,4096.0,128.0,6400000.0
1.0,16.0,4.0,1.0,1.0,1.0,63.0,32.0,-0.0030632107251067353,-0.0017650185808415486,8192.0,0.000976562,6400000.0
1.0,16.0,4.0,1.0,1.0,1.0,63.0,32.0,-0.0030632107251067353,-0.0017650185808415486,8192.0,1024.0,6400000.0
1.0,1.0,2.0,1.0,1.0,1.0,39.0,32.0,-0.0030632107251067353,-0.0017650185808415486,8192.0,0.0078125,6400000.0
1.0,16.0,8.0,1.0,1.0,1.0,543.0,32.0,-0.0030632107251067353,-0.0017650185808415486,1.0,2048.0,6400000.0
11.0,16.0,8.0,3.0,35.0,26.0,2559.0,2752.0,0.23801654357424562,0.2440154241847443,2.0,16.0,6400000.0
16.0,16.0,8.0,8.0,811.0,496.0,26964.0,77312.0,0.4891144062994649,0.5037770678997094,2.0,0.015625,6400000.0
1.0,16.0,4.0,1.0,1.0,1.0,63.0,32.0,-0.0030632107251067353,-0.0017650185808415486,16384.0,8.0,6400000.0
1.0,16.0,4.0,1.0,1.0,1.0,63.0,32.0,-0.0030632107251067353,-0.0017650185808415486,16384.0,0.0078125,6400000.0
1.0,16.0,4.0,1.0,1.0,1.0,63.0,32.0,-0.0030632107251067353,-0.0017650185808415486,8192.0,1.0,6400000.0
1.0,1.0,2.0,1.0,1.0,1.0,39.0,32.0,-0.0030632107251067353,-0.0017650185808415486,16384.0,32.0,6400000.0
1.0,16.0,4.0,1.0,1.0,1.0,63.0,32.0,-0.0030632107251067353,-0.0017650185808415486,16384.0,8192.0,6400000.0
1.0,16.0,8.0,1.0,1.0,1.0,543.0,32.0,-0.0030632107251067353,-0.0017650185808415486,2.0,16384.0,6400000.0
1.0,16.0,4.0,1.0,1.0,1.0,63.0,32.0,-0.0030632107251067353,-0.0017650185808415486,32768.0,0.0625,6400000.0
16.0,16.0,8.0,7.0,738.0,496.0,25626.0,77312.0,0.4468085324579455,0.4612177819708706,4.0,0.125,6400000.0
16.0,16.0,8.0,9.0,827.0,496.0,26829.0,77312.0,0.5013338849073617,0.5131910726776121,0.000976562,0.00390625,6400000.0
16.0,16.0,8.0,9.0,822.0,496.0,26606.0,77312.0,0.5000889081617576,0.5256604839212484,0.0,0.0,6400000.0
1.0,16.0,8.0,1.0,1.0,1.0,543.0,32.0,-0.0030632107251067353,-0.0017650185808415486,0.0,512.0,6400000.0
1.0,16.0,4.0,1.0,1.0,1.0,63.0,32.0,-0.0030632107251067353,-0.0017650185808415486,32768.0,64.0,6400000.0
16.0,16.0,8.0,9.0,725.0,496.0,24889.0,77312.0,0.4884230678044532,0.4996183287862427,0.0,0.5,6400000.0
1.0,1.0,2.0,1.0,1.0,1.0,39.0,32.0,-0.0030632107251067353,-0.0017650185808415486,8192.0,8.0,6400000.0
1.0,16.0,8.0,1.0,1.0,1.0,543.0,32.0,-0.0030632107251067353,-0.0017650185808415486,0.000976562,4096.0,6400000.0
16.0,16.0,8.0,8.0,132.0,96.0,6516.0,13312.0,0.34410005540180355,0.3485610773243314,0.000976562,4.0,6400000.0
1.0,16.0,8.0,1.0,1.0,1.0,543.0,32.0,-0.0030632107251067353,-0.0017650185808415486,0.00195312,32768.0,6400000.0
8.0,16.0,8.0,2.0,22.0,16.0,1924.0,1536.0,0.184803559555608,0.19082719424152972,0.00195312,32.0,6400000.0
16.0,16.0,8.0,9.0,777.0,496.0,25842.0,77312.0,0.5021012933542359,0.5215000213394392,0.00390625,0.25,6400000.0
16.0,16.0,8.0,9.0,811.0,496.0,26668.0,77312.0,0.5124926916588981,0.5211659155199038,0.00195312,0.03125,6400000.0
16.0,16.0,8.0,9.0,298.0,223.0,11900.0,33632.0,0.40209324817633696,0.4104495578207835,0.0078125,2.0,6400000.0
16.0,16.0,8.0,9.0,827.0,496.0,26829.0,77312.0,0.5013338849073617,0.5131910726776121,0.0078125,0.00195312,6400000.0
1.0,16.0,8.0,1.0,1.0,1.0,543.0,32.0,-0.0030632107251067353,-0.0017650185808415486,0.00390625,256.0,6400000.0
1.0,16.0,8.0,1.0,1.0,1.0,543.0,32.0,-0.0030632107251067353,-0.0017650185808415486,0.015625,16384.0,6400000.0
1.0,16.0,8.0,1.0,1.0,1.0,543.0,32.0,-0.0030632107251067353,-0.0017650185808415486,0.0078125,2048.0,6400000.0
1.0,1.0,1.0,2.0,3.0,2.0,108.0,192.0,0.03911015413878083,0.040912063041146696,0.015625,0.03125,6400000.0
1.0,1.0,2.0,1.0,1.0,1.0,39.0,32.0,-0.0030632107251067353,-0.0017650185808415486,4096.0,2048.0,6400000.0
1.0,1.0,2.0,1.0,1.0,1.0,39.0,32.0,-0.0030632107251067353,-0.0017650185808415486,8192.0,8192.0,6400000.0
16.0,16.0,8.0,9.0,804.0,496.0,26001.0,77312.0,0.5021030464381724,0.5237247067725237,0.03125,0.125,6400000.0
11.0,16.0,8.0,3.0,35.0,26.0,2559.0,2752.0,0.23801654357424562,0.2440154241847443,0.015625,16.0,6400000.0
1.0,16.0,4.0,1.0,1.0,1.0,63.0,32.0,-0.0030632107251067353,-0.0017650185808415486,1024.0,4.0,6400000.0
16.0,16.0,8.0,9.0,817.0,496.0,26802.0,77312.0,0.504601259479238,0.5183580826294518,0.015625,0.015625,6400000.0
16.0,16.0,8.0,9.0,814.0,496.0,26539.0,77312.0,0.49801966912674034,0.5108715110332132,0.125,0.0078125,6400000.0
1.0,16.0,4.0,1.0,1.0,1.0,63.0,32.0,-0.0030632107251067353,-0.0017650185808415486,1024.0,4096.0,6400000.0
1.0,16.0,8.0,1.0,1.0,1.0,543.0,32.0,-0.0030632107251067353,-0.0017650185808415486,0.03125,128.0,6400000.0
1.0,16.0,4.0,1.0,1.0,1.0,63.0,32.0,-0.0030632107251067353,-0.0017650185808415486,4096.0,0.25,6400000.0
1.0,16.0,4.0,1.0,1.0,1.0,63.0,32.0,-0.0030632107251067353,-0.0017650185808415486,2048.0,32768.0,6400000.0
16.0,16.0,8.0,3.0,67.0,47.0,3700.0,5472.0,0.28428173420704106,0.29213228260301216,0.125,8.0,6400000.0
1.0,16.0,8.0,1.0,1.0,1.0,543.0,32.0,-0.0030632107251067353,-0.0017650185808415486,0.125,8192.0,6400000.0
1.0,16.0,4.0,1.0,1.0,1.0,63.0,32.0,-0.0030632107251067353,-0.0017650185808415486,2048.0,0.03125,6400000.0
1.0,16.0,8.0,1.0,1.0,1.0,543.0,32.0,-0.0030632107251067353,-0.0017650185808415486,0.0625,1024.0,6400000.0
1.0,16.0,8.0,1.0,1.0,1.0,543.0,32.0,-0.0030632107251067353,-0.0017650185808415486,0.5,512.0,6400000.0
16.0,16.0,8.0,9.0,836.0,496.0,26734.0,77312.0,0.5043617865848409,0.5202647322305771,0.5,0.0,6400000.0
1.0,16.0,4.0,1.0,1.0,1.0,63.0,32.0,-0.0030632107251067353,-0.0017650185808415486,2048.0,32.0,6400000.0
16.0,16.0,8.0,9.0,838.0,496.0,26840.0,77312.0,0.499609142592091,0.5073239574065357,1.0,0.00390625,6400000.0
16.0,16.0,8.0,9.0,822.0,496.0,26606.0,77312.0,0.5000889081617576,0.5256604839212484,0.0625,0.000976562,6400000.0
1.0,1.0,2.0,1.0,1.0,1.0,39.0,32.0,-0.0030632107251067353,-0.0017650185808415486,16384.0,0.0625,6400000.0
3.0,16.0,8.0,2.0,9.0,6.0,1295.0,576.0,0.10115259004895938,0.10346957106453547,0.25,64.0,6400000.0
16.0,16.0,8.0,9.0,816.0,496.0,26508.0,77312.0,0.5017615880334826,0.5187685779682409,0.25,0.0625,6400000.0
16.0,16.0,8.0,9.0,636.0,482.0,23062.0,75072.0,0.4665874426207086,0.4689089819365415,0.0625,1.0,6400000.0
16.0,16.0,8.0,9.0,729.0,496.0,25158.0,77312.0,0.5088252269328226,0.5137252594013919,0.5,0.5,6400000.0
16.0,16.0,8.0,8.0,123.0,90.0,6250.0,12352.0,0.339804100630849,0.34592060543241143,1.0,4.0,6400000.0
1.0,16.0,4.0,1.0,1.0,1.0,63.0,32.0,-0.0030632107251067353,-0.0017650185808415486,4096.0,256.0,6400000.0
1.0,16.0,4.0,1.0,1.0,1.0,63.0,32.0,-0.0030632107251067353,-0.0017650185808415486,8192.0,0.00195312,6400000.0
1.0,16.0,8.0,1.0,1.0,1.0,543.0,32.0,-0.0030632107251067353,-0.0017650185808415486,1.0,4096.0,6400000.0
1.0,1.0,2.0,1.0,1.0,1.0,39.0,32.0,-0.0030632107251067353,-0.0017650185808415486,8192.0,0.015625,6400000.0
8.0,16.0,8.0,2.0,22.0,16.0,1924.0,1536.0,0.184803559555608,0.19082719424152972,2.0,32.0,6400000.0
16.0,16.0,8.0,8.0,823.0,496.0,27101.0,77312.0,0.49492347199225684,0.5061606832928667,2.0,0.03125,6400000.0
1.0,16.0,4.0,1.0,1.0,1.0,63.0,32.0,-0.0030632107251067353,-0.0017650185808415486,8192.0,2048.0,6400000.0
1.0,16.0,4.0,1.0,1.0,1.0,63.0,32.0,-0.0030632107251067353,-0.0017650185808415486,8192.0,2.0,6400000.0
1.0,16.0,4.0,1.0,1.0,1.0,63.0,32.0,-0.0030632107251067353,-0.0017650185808415486,16384.0,16.0,6400000.0
1.0,16.0,8.0,1.0,1.0,1.0,543.0,32.0,-0.0030632107251067353,-0.0017650185808415486,2.0,32768.0,6400000.0
1.0,16.0,4.0,1.0,1.0,1.0,63.0,32.0,-0.0030632107251067353,-0.0017650185808415486,16384.0,16384.0,6400000.0
1.0,1.0,2.0,1.0,1.0,1.0,39.0,32.0,-0.0030632107251067353,-0.0017650185808415486,16384.0,64.0,6400000.0
1.0,16.0,4.0,1.0,1.0,1.0,63.0,32.0,-0.0030632107251067353,-0.0017650185808415486,16384.0,0.015625,6400000.0
1.0,16.0,4.0,1.0,1.0,1.0,63.0,32.0,-0.0030632107251067353,-0.0017650185808415486,32768.0,0.125,6400000.0
16.0,16.0,8.0,7.0,690.0,481.0,24183.0,74912.0,0.4639637054714967,0.469348945866472,4.0,0.25,6400000.0
16.0,16.0,8.0,9.0,822.0,496.0,26606.0,77312.0,0.5000889081617576,0.5256604839212484,0.0,0.000976562,6400000.0
1.0,1.0,2.0,1.0,1.0,1.0,39.0,32.0,-0.0030632107251067353,-0.0017650185808415486,8192.0,16.0,6400000.0
1.0,16.0,8.0,1.0,1.0,1.0,543.0,32.0,-0.0030632107251067353,-0.0017650185808415486,0.0,1024.0,6400000.0
16.0,16.0,8.0,9.0,652.0,491.0,23719.0,76512.0,0.4732164112535988,0.48148817524431187,0.0,1.0,6400000.0
1.0,16.0,4.0,1.0,1.0,1.0,63.0,32.0,-0.0030632107251067353,-0.0017650185808415486,32768.0,128.0,6400000.0
1.0,16.0,8.0,1.0,1.0,1.0,543.0,32.0,-0.0030632107251067353,-0.0017650185808415486,0.000976562,8192.0,6400000.0
16.0,16.0,8.0,3.0,67.0,47.0,3700.0,5472.0,0.28428173420704106,0.29213228260301216,0.000976562,8.0,6400000.0
16.0,16.0,8.0,9.0,827.0,496.0,26829.0,77312.0,0.5013338849073617,0.5131910726776121,0.000976562,0.0078125,6400000.0
16.0,16.0,8.0,9.0,822.0,496.0,26606.0,77312.0,0.5000889081617576,0.5256604839212484,0.00390625,0.0,6400000.0
3.0,16.0,8.0,2.0,9.0,6.0,1295.0,576.0,0.10115259004895938,0.10346957106453547,0.00195312,64.0,6400000.0
16.0,16.0,8.0,9.0,725.0,496.0,24889.0,77312.0,0.4884230678044532,0.4996183287862427,0.00390625,0.5,6400000.0
16.0,16.0,8.0,9.0,797.0,496.0,26074.0,77312.0,0.5045464910694419,0.5181981129550942,0.00195312,0.0625,6400000.0
16.0,16.0,8.0,8.0,132.0,96.0,6516.0,13312.0,0.34410005540180355,0.3485610773243314,0.0078125,4.0,6400000.0
1.0,1.0,1.0,2.0,3.0,2.0,108.0,192.0,0.03911015413878083,0.040912063041146696,0.015625,0.0625,6400000.0
1.0,1.0,2.0,1.0,1.0,1.0,39.0,32.0,-0.0030632107251067353,-0.0017650185808415486,8192.0,16384.0,6400000.0
1.0,16.0,8.0,1.0,1.0,1.0,543.0,32.0,-0.0030632107251067353,-0.0017650185808415486,0.015625,32768.0,6400000.0
1.0,1.0,2.0,1.0,1.0,1.0,39.0,32.0,-0.0030632107251067353,-0.0017650185808415486,4096.0,4096.0,6400000.0
16.0,16.0,8.0,9.0,827.0,496.0,26829.0,77312.0,0.5013338849073617,0.5131910726776121,0.0078125,0.00390625,6400000.0
1.0,16.0,8.0,1.0,1.0,1.0,543.0,32.0,-0.0030632107251067353,-0.0017650185808415486,0.0078125,4096.0,6400000.0
1.0,16.0,8.0,1.0,1.0,1.0,543.0,32.0,-0.0030632107251067353,-0.0017650185808415486,0.00390625,512.0,6400000.0
16.0,16.0,8.0,9.0,777.0,496.0,25842.0,77312.0,0.5021012933542359,0.5215000213394392,0.03125,0.25,6400000.0
1.0,16.0,8.0,1.0,1.0,1.0,543.0,32.0,-0.0030632107251067353,-0.0017650185808415486,0.03125,256.0,6400000.0
16.0,16.0,8.0,9.0,811.0,496.0,26668.0,77312.0,0.5124926916588981,0.5211659155199038,0.015625,0.03125,6400000.0
8.0,16.0,8.0,2.0,22.0,16.0,1924.0,1536.0,0.184803559555608,0.19082719424152972,0.015625,32.0,6400000.0
1.0,16.0,4.0,1.0,1.0,1.0,63.0,32.0,-0.0030632107251067353,-0.0017650185808415486,1024.0,8.0,6400000.0
16.0,16.0,8.0,9.0,821.0,496.0,26635.0,77312.0,0.4954941053210714,0.5147322853014561,0.125,0.015625,6400000.0
1.0,16.0,4.0,1.0,1.0,1.0,63.0,32.0,-0.0030632107251067353,-0.0017650185808415486,4096.0,0.0,6400000.0
1.0,16.0,4.0,1.0,1.0,1.0,63.0,32.0,-0.0030632107251067353,-0.0017650185808415486,1024.0,8192.0,6400000.0
11.0,16.0,8.0,3.0,35.0,26.0,2559.0,2752.0,0.23801654357424562,0.2440154241847443,0.125,16.0,6400000.0
1.0,16.0,4.0,1.0,1.0,1.0,63.0,32.0,-0.0030632107251067353,-0.0017650185808415486,4096.0,0.5,6400000.0
1.0,16.0,8.0,1.0,1.0,1.0,543.0,32.0,-0.0030632107251067353,-0.0017650185808415486,0.5,1024.0,6400000.0
1.0,16.0,8.0,1.0,1.0,1.0,543.0,32.0,-0.0030632107251067353,-0.0017650185808415486,0.125,16384.0,6400000.0
1.0,16.0,8.0,1.0,1.0,1.0,543.0,32.0,-0.0030632107251067353,-0.0017650185808415486,0.0625,2048.0,6400000.0
1.0,16.0,4.0,1.0,1.0,1.0,63.0,32.0,-0.0030632107251067353,-0.0017650185808415486,2048.0,0.0625,6400000.0
16.0,16.0,8.0,9.0,298.0,223.0,11900.0,33632.0,0.40209324817633696,0.4104495578207835,0.0625,2.0,6400000.0
1.0,16.0,4.0,1.0,1.0,1.0,63.0,32.0,-0.0030632107251067353,-0.0017650185808415486,2048.0,64.0,6400000.0
1.0,16.0,8.0,1.0,1.0,1.0,543.0,32.0,-0.0030632107251067353,-0.0017650185808415486,0.25,128.0,6400000.0
16.0,16.0,8.0,9.0,642.0,481.0,23341.0,74912.0,0.47196125747484186,0.483570556501027,0.5,1.0,6400000.0
16.0,16.0,8.0,9.0,827.0,496.0,26829.0,77312.0,0.5013338849073617,0.5131910726776121,0.0625,0.00195312,6400000.0
16.0,16.0,8.0,9.0,822.0,496.0,26704.0,77312.0,0.49772514624431763,0.5171781022303763,1.0,0.0078125,6400000.0
1.0,1.0,2.0,1.0,1.0,1.0,39.0,32.0,-0.0030632107251067353,-0.0017650185808415486,16384.0,0.125,6400000.0
16.0,16.0,8.0,9.0,831.0,496.0,26858.0,77312.0,0.5072716284944059,0.5255709624836655,0.5,0.000976562,6400000.0
16.0,16.0,8.0,9.0,796.0,496.0,26229.0,77312.0,0.5096049184531226,0.5214648022585409,0.25,0.125,6400000.0
16.0,16.0,8.0,3.0,67.0,47.0,3700.0,5472.0,0.28428173420704106,0.29213228260301216,1.0,8.0,6400000.0
1.0,16.0,4.0,1.0,1.0,1.0,63.0,32.0,-0.0030632107251067353,-0.0017650185808415486,8192.0,0.00390625,6400000.0
1.0,16.0,8.0,1.0,1.0,1.0,543.0,32.0,-0.0030632107251067353,-0.0017650185808415486,1.0,8192.0,6400000.0
1.0,16.0,4.0,1.0,1.0,1.0,63.0,32.0,-0.0030632107251067353,-0.0017650185808415486,4096.0,512.0,6400000.0
3.0,16.0,8.0,2.0,9.0,6.0,1295.0,576.0,0.10115259004895938,0.10346957106453547,2.0,64.0,6400000.0
1.0,16.0,4.0,1.0,1.0,1.0,63.0,32.0,-0.0030632107251067353,-0.0017650185808415486,8192.0,4.0,6400000.0
1.0,16.0,4.0,1.0,1.0,1.0,63.0,32.0,-0.0030632107251067353,-0.0017650185808415486,8192.0,4096.0,6400000.0
1.0,16.0,4.0,1.0,1.0,1.0,63.0,32.0,-0.0030632107251067353,-0.0017650185808415486,16384.0,0.03125,6400000.0
16.0,16.0,8.0,7.0,781.0,496.0,26230.0,77312.0,0.4705642944650674,0.47690646248420576,4.0,0.0,6400000.0
1.0,16.0,4.0,1.0,1.0,1.0,63.0,32.0,-0.0030632107251067353,-0.0017650185808415486,16384.0,32.0,6400000.0
1.0,1.0,2.0,1.0,1.0,1.0,39.0,32.0,-0.0030632107251067353,-0.0017650185808415486,8192.0,0.03125,6400000.0
1.0,16.0,4.0,1.0,1.0,1.0,63.0,32.0,-0.0030632107251067353,-0.0017650185808415486,16384.0,32768.0,6400000.0
16.0,16.0,8.0,8.0,821.0,496.0,27244.0,77312.0,0.48981542071883377,0.5042180071814639,2.0,0.0625,6400000.0
1.0,1.0,2.0,1.0,1.0,1.0,39.0,32.0,-0.0030632107251067353,-0.0017650185808415486,16384.0,128.0,6400000.0
16.0,16.0,8.0,7.0,497.0,343.0,18127.0,52832.0,0.44113197480766375,0.4540361491146824,4.0,0.5,6400000.0
16.0,16.0,8.0,9.0,827.0,496.0,26829.0,77312.0,0.5013338849073617,0.5131910726776121,0.0,0.00195312,6400000.0
1.0,16.0,4.0,1.0,1.0,1.0,63.0,32.0,-0.0030632107251067353,-0.0017650185808415486,32768.0,0.25,6400000.0
1.0,1.0,2.0,1.0,1.0,1.0,39.0,32.0,-0.0030632107251067353,-0.0017650185808415486,8192.0,32.0,6400000.0
1.0,16.0,8.0,1.0,1.0,1.0,543.0,32.0,-0.0030632107251067353,-0.0017650185808415486,0.000976562,16384.0,6400000.0
1.0,16.0,8.0,1.0,1.0,1.0,543.0,32.0,-0.0030632107251067353,-0.0017650185808415486,0.0,2048.0,6400000.0
16.0,16.0,8.0,9.0,301.0,229.0,12126.0,34592.0,0.3948984817933934,0.4041362423466781,0.0,2.0,6400000.0
1.0,16.0,4.0,1.0,1.0,1.0,63.0,32.0,-0.0030632107251067353,-0.0017650185808415486,32768.0,256.0,6400000.0
11.0,16.0,8.0,3.0,35.0,26.0,2559.0,2752.0,0.23801654357424562,0.2440154241847443,0.000976562,16.0,6400000.0
16.0,16.0,8.0,9.0,817.0,496.0,26802.0,77312.0,0.504601259479238,0.5183580826294518,0.000976562,0.015625,6400000.0
16.0,16.0,8.0,9.0,822.0,496.0,26606.0,77312.0,0.5000889081617576,0.5256604839212484,0.00390625,0.000976562,6400000.0
1.0,16.0,8.0,1.0,1.0,1.0,543.0,32.0,-0.0030632107251067353,-0.0017650185808415486,0.00195312,128.0,6400000.0
16.0,16.0,8.0,9.0,652.0,491.0,23719.0,76512.0,0.4732164112535988,0.48148817524431187,0.00390625,1.0,6400000.0
1.0,1.0,1.0,2.0,3.0,2.0,108.0,192.0,0.03911015413878083,0.040912063041146696,0.015625,0.125,6400000.0
1.0,1.0,2.0,1.0,1.0,1.0,39.0,32.0,-0.0030632107251067353,-0.0017650185808415486,4096.0,8192.0,6400000.0
1.0,1.0,2.0,1.0,1.0,1.0,39.0,32.0,-0.0030632107251067353,-0.0017650185808415486,8192.0,32768.0,6400000.0
1.0,16.0,8.0,1.0,1.0,1.0,543.0,32.0,-0.0030632107251067353,-0.0017650185808415486,0.0078125,8192.0,6400000.0
16.0,16.0,8.0,9.0,822.0,496.0,26606.0,77312.0,0.5000889081617576,0.5256604839212484,0.03125,0.0,6400000.0
16.0,16.0,8.0,3.0,67.0,47.0,3700.0,5472.0,0.28428173420704106,0.29213228260301216,0.0078125,8.0,6400000.0
1.0,16.0,8.0,1.0,1.0,1.0,543.0,32.0,-0.0030632107251067353,-0.0017650185808415486,0.00390625,1024.0,6400000.0
16.0,16.0,8.0,9.0,827.0,496.0,26829.0,77312.0,0.5013338849073617,0.5131910726776121,0.0078125,0.0078125,6400000.0
16.0,16.0,8.0,9.0,804.0,496.0,26001.0,77312.0,0.5021030464381724,0.5237247067725237,0.00195312,0.125,6400000.0
16.0,16.0,8.0,9.0,725.0,496.0,24889.0,77312.0,0.4884230678044532,0.4996183287862427,0.03125,0.5,6400000.0
1.0,16.0,8.0,1.0,1.0,1.0,543.0,32.0,-0.0030632107251067353,-0.0017650185808415486,0.03125,512.0,6400000.0
3.0,16.0,8.0,2.0,9.0,6.0,1295.0,576.0,0.10115259004895938,0.10346957106453547,0.015625,64.0,6400000.0
16.0,16.0,8.0,9.0,797.0,496.0,26074.0,77312.0,0.5045464910694419,0.5181981129550942,0.015625,0.0625,6400000.0
1.0,16.0,4.0,1.0,1.0,1.0,63.0,32.0,-0.0030632107251067353,-0.0017650185808415486,4096.0,1.0,6400000.0
1.0,16.0,4.0,1.0,1.0,1.0,63.0,32.0,-0.0030632107251067353,-0.0017650185808415486,4096.0,0.000976562,6400000.0
16.0,16.0,8.0,9.0,813.0,496.0,26482.0,77312.0,0.5005728883815919,0.5171631781176169,0.125,0.03125,6400000.0
1.0,16.0,4.0,1.0,1.0,1.0,63.0,32.0,-0.0030632107251067353,-0.0017650185808415486,1024.0,16.0,6400000.0
8.0,16.0,8.0,2.0,22.0,16.0,1924.0,1536.0,0.184803559555608,0.19082719424152972,0.125,32.0,6400000.0
1.0,16.0,8.0,1.0,1.0,1.0,543.0,32.0,-0.0030632107251067353,-0.0017650185808415486,0.5,2048.0,6400000.0
1.0,16.0,8.0,1.0,1.0,1.0,543.0,32.0,-0.0030632107251067353,-0.0017650185808415486,0.0625,4096.0,6400000.0
16.0,16.0,8.0,8.0,132.0,96.0,6516.0,13312.0,0.34410005540180355,0.3485610773243314,0.0625,4.0,6400000.0
1.0,16.0,4.0,1.0,1.0,1.0,63.0,32.0,-0.0030632107251067353,-0.0017650185808415486,1024.0,16384.0,6400000.0
1.0,16.0,8.0,1.0,1.0,1.0,543.0,32.0,-0.0030632107251067353,-0.0017650185808415486,0.125,32768.0,6400000.0
1.0,16.0,4.0,1.0,1.0,1.0,63.0,32.0,-0.0030632107251067353,-0.0017650185808415486,2048.0,0.125,6400000.0
1.0,16.0,4.0,1.0,1.0,1.0,63.0,32.0,-0.0030632107251067353,-0.0017650185808415486,2048.0,128.0,6400000.0
16.0,16.0,8.0,9.0,335.0,247.0,13051.0,37472.0,0.41353775653200686,0.4254692390507907,0.5,2.0,6400000.0
1.0,16.0,8.0,1.0,1.0,1.0,543.0,32.0,-0.0030632107251067353,-0.0017650185808415486,0.25,256.0,6400000.0
16.0,16.0,8.0,9.0,834.0,496.0,26849.0,77312.0,0.5088593637416963,0.5225109433248294,0.5,0.00195312,6400000.0
16.0,16.0,8.0,9.0,827.0,496.0,26829.0,77312.0,0.5013338849073617,0.5131910726776121,0.0625,0.00390625,6400000.0
16.0,16.0,8.0,9.0,826.0,496.0,27270.0,77312.0,0.49490897263668454,0.5129693603397962,1.0,0.015625,6400000.0
11.0,16.0,8.0,3.0,35.0,26.0,2559.0,2752.0,0.23801654357424562,0.2440154241847443,1.0,16.0,6400000.0
1.0,1.0,2.0,1.0,1.0,1.0,39.0,32.0,-0.0030632107251067353,-0.0017650185808415486,16384.0,0.25,6400000.0
1.0,16.0,4.0,1.0,1.0,1.0,63.0,32.0,-0.0030632107251067353,-0.0017650185808415486,8192.0,0.0078125,6400000.0
1.0,16.0,8.0,1.0,1.0,1.0,543.0,32.0,-0.0030632107251067353,-0.0017650185808415486,2.0,128.0,6400000.0
1.0,16.0,4.0,1.0,1.0,1.0,63.0,32.0,-0.0030632107251067353,-0.0017650185808415486,8192.0,8.0,6400000.0
16.0,16.0,8.0,9.0,767.0,496.0,25605.0,77312.0,0.505324457250997,0.5172311724664778,0.25,0.25,6400000.0
1.0,16.0,4.0,1.0,1.0,1.0,63.0,32.0,-0.0030632107251067353,-0.0017650185808415486,4096.0,1024.0,6400000.0
1.0,16.0,4.0,1.0,1.0,1.0,63.0,32.0,-0.0030632107251067353,-0.0017650185808415486,16384.0,64.0,6400000.0
1.0,16.0,8.0,1.0,1.0,1.0,543.0,32.0,-0.0030632107251067353,-0.0017650185808415486,1.0,16384.0,6400000.0
1.0,1.0,2.0,1.0,1.0,1.0,39.0,32.0,-0.0030632107251067353,-0.0017650185808415486,8192.0,0.0625,6400000.0
1.0,16.0,4.0,1.0,1.0,1.0,63.0,32.0,-0.0030632107251067353,-0.0017650185808415486,16384.0,0.0625,6400000.0
1.0,16.0,4.0,1.0,1.0,1.0,63.0,32.0,-0.0030632107251067353,-0.0017650185808415486,8192.0,8192.0,6400000.0
1.0,1.0,2.0,1.0,1.0,1.0,39.0,32.0,-0.0030632107251067353,-0.0017650185808415486,16384.0,256.0,6400000.0
1.0,16.0,4.0,1.0,1.0,1.0,63.0,32.0,-0.0030632107251067353,-0.0017650185808415486,32768.0,0.0,6400000.0
16.0,16.0,8.0,7.0,771.0,496.0,26288.0,77312.0,0.45637717156829183,0.4642805983471502,4.0,0.000976562,6400000.0
16.0,16.0,8.0,8.0,791.0,496.0,26602.0,77312.0,0.4964421218814613,0.5019471347601718,2.0,0.125,6400000.0
16.0,16.0,8.0,6.0,211.0,160.0,9479.0,23552.0,0.3288768652241687,0.34163630947443324,4.0,1.0,6400000.0
16.0,16.0,8.0,9.0,827.0,496.0,26829.0,77312.0,0.5013338849073617,0.5131910726776121,0.0,0.00390625,6400000.0
1.0,16.0,4.0,1.0,1.0,1.0,63.0,32.0,-0.0030632107251067353,-0.0017650185808415486,32768.0,0.5,6400000.0
1.0,16.0,8.0,1.0,1.0,1.0,543.0,32.0,-0.0030632107251067353,-0.0017650185808415486,0.0,4096.0,6400000.0
1.0,16.0,8.0,1.0,1.0,1.0,543.0,32.0,-0.0030632107251067353,-0.0017650185808415486,0.000976562,32768.0,6400000.0
1.0,1.0,2.0,1.0,1.0,1.0,39.0,32.0,-0.0030632107251067353,-0.0017650185808415486,8192.0,64.0,6400000.0
16.0,16.0,8.0,9.0,811.0,496.0,26668.0,77312.0,0.5124926916588981,0.5211659155199038,0.000976562,0.03125,6400000.0
16.0,16.0,8.0,8.0,132.0,96.0,6516.0,13312.0,0.34410005540180355,0.3485610773243314,0.0,4.0,6400000.0
8.0,16.0,8.0,2.0,22.0,16.0,1924.0,1536.0,0.184803559555608,0.19082719424152972,0.000976562,32.0,6400000.0
1.0,16.0,4.0,1.0,1.0,1.0,63.0,32.0,-0.0030632107251067353,-0.0017650185808415486,32768.0,512.0,6400000.0
16.0,16.0,8.0,9.0,827.0,496.0,26829.0,77312.0,0.5013338849073617,0.5131910726776121,0.00390625,0.00195312,6400000.0
1.0,16.0,8.0,1.0,1.0,1.0,543.0,32.0,-0.0030632107251067353,-0.0017650185808415486,0.00195312,256.0,6400000.0
1.0,1.0,1.0,2.0,3.0,2.0,108.0,192.0,0.03911015413878083,0.040912063041146696,0.015625,0.25,6400000.0
16.0,16.0,8.0,9.0,301.0,229.0,12126.0,34592.0,0.3948984817933934,0.4041362423466781,0.00390625,2.0,6400000.0
1.0,16.0,8.0,1.0,1.0,1.0,543.0,32.0,-0.0030632107251067353,-0.0017650185808415486,0.0078125,16384.0,6400000.0
11.0,16.0,8.0,3.0,35.0,26.0,2559.0,2752.0,0.23801654357424562,0.2440154241847443,0.0078125,16.0,6400000.0
16.0,16.0,8.0,9.0,822.0,496.0,26606.0,77312.0,0.5000889081617576,0.5256604839212484,0.03125,0.000976562,6400000.0
16.0,16.0,8.0,9.0,817.0,496.0,26802.0,77312.0,0.504601259479238,0.5183580826294518,0.0078125,0.015625,6400000.0
1.0,1.0,2.0,1.0,1.0,1.0,39.0,32.0,-0.0030632107251067353,-0.0017650185808415486,16384.0,0.0,6400000.0
1.0,16.0,8.0,1.0,1.0,1.0,543.0,32.0,-0.0030632107251067353,-0.0017650185808415486,0.00390625,2048.0,6400000.0
16.0,16.0,8.0,9.0,777.0,496.0,25842.0,77312.0,0.5021012933542359,0.5215000213394392,0.00195312,0.25,6400000.0
3.0,16.0,8.0,2.0,9.0,6.0,1295.0,576.0,0.10115259004895938,0.10346957106453547,0.125,64.0,6400000.0
1.0,1.0,2.0,1.0,1.0,1.0,39.0,32.0,-0.0030632107251067353,-0.0017650185808415486,4096.0,16384.0,6400000.0
16.0,16.0,8.0,9.0,636.0,482.0,23062.0,75072.0,0.4665874426207086,0.4689089819365415,0.03125,1.0,6400000.0
16.0,16.0,8.0,9.0,804.0,496.0,26001.0,77312.0,0.5021030464381724,0.5237247067725237,0.015625,0.125,6400000.0
16.0,16.0,8.0,9.0,816.0,496.0,26508.0,77312.0,0.5017615880334826,0.5187685779682409,0.125,0.0625,6400000.0
1.0,16.0,8.0,1.0,1.0,1.0,543.0,32.0,-0.0030632107251067353,-0.0017650185808415486,0.015625,128.0,6400000.0
1.0,16.0,8.0,1.0,1.0,1.0,543.0,32.0,-0.0030632107251067353,-0.0017650185808415486,0.5,4096.0,6400000.0
1.0,16.0,4.0,1.0,1.0,1.0,63.0,32.0,-0.0030632107251067353,-0.0017650185808415486,4096.0,2.0,6400000.0
1.0,16.0,8.0,1.0,1.0,1.0,543.0,32.0,-0.0030632107251067353,-0.0017650185808415486,0.03125,1024.0,6400000.0
16.0,16.0,8.0,9.0,823.0,496.0,26607.0,77312.0,0.4966464959357133,0.5110619349531492,0.25,0.0,6400000.0
16.0,16.0,8.0,3.0,67.0,47.0,3700.0,5472.0,0.28428173420704106,0.29213228260301216,0.0625,8.0,6400000.0
1.0,16.0,4.0,1.0,1.0,1.0,63.0,32.0,-0.0030632107251067353,-0.0017650185808415486,4096.0,0.00195312,6400000.0
1.0,16.0,4.0,1.0,1.0,1.0,63.0,32.0,-0.0030632107251067353,-0.0017650185808415486,1024.0,32.0,6400000.0
1.0,16.0,8.0,1.0,1.0,1.0,543.0,32.0,-0.0030632107251067353,-0.0017650185808415486,0.0625,8192.0,6400000.0
1.0,16.0,4.0,1.0,1.0,1.0,63.0,32.0,-0.0030632107251067353,-0.0017650185808415486,1024.0,32768.0,6400000.0
1.0,16.0,4.0,1.0,1.0,1.0,63.0,32.0,-0.0030632107251067353,-0.0017650185808415486,2048.0,256.0,6400000.0
1.0,16.0,8.0,1.0,1.0,1.0,543.0,32.0,-0.0030632107251067353,-0.0017650185808415486,0.25,512.0,6400000.0
8.0,16.0,8.0,2.0,22.0,16.0,1924.0,1536.0,0.184803559555608,0.19082719424152972,1.0,32.0,6400000.0
1.0,16.0,4.0,1.0,1.0,1.0,63.0,32.0,-0.0030632107251067353,-0.0017650185808415486,2048.0,0.25,6400000.0
16.0,16.0,8.0,8.0,138.0,102.0,6724.0,14272.0,0.3487869711161229,0.35608173231877527,0.5,4.0,6400000.0
16.0,16.0,8.0,9.0,819.0,496.0,26797.0,77312.0,0.5024211789957556,0.5128157654633414,1.0,0.03125,6400000.0
16.0,16.0,8.0,9.0,827.0,496.0,26829.0,77312.0,0.5013338849073617,0.5131910726776121,0.0625,0.0078125,6400000.0
1.0,16.0,4.0,1.0,1.0,1.0,63.0,32.0,-0.0030632107251067353,-0.0017650185808415486,8192.0,16.0,6400000.0
1.0,1.0,2.0,1.0,1.0,1.0,39.0,32.0,-0.0030632107251067353,-0.0017650185808415486,16384.0,0.5,6400000.0
1.0,16.0,8.0,1.0,1.0,1.0,543.0,32.0,-0.0030632107251067353,-0.0017650185808415486,2.0,256.0,6400000.0
1.0,1.0,2.0,1.0,1.0,1.0,39.0,32.0,-0.0030632107251067353,-0.0017650185808415486,16384.0,512.0,6400000.0
1.0,16.0,4.0,1.0,1.0,1.0,63.0,32.0,-0.0030632107251067353,-0.0017650185808415486,16384.0,128.0,6400000.0
16.0,16.0,8.0,9.0,717.0,496.0,24736.0,77312.0,0.4813470905661831,0.4996636663954368,0.25,0.5,6400000.0
1.0,16.0,4.0,1.0,1.0,1.0,63.0,32.0,-0.0030632107251067353,-0.0017650185808415486,8192.0,0.015625,6400000.0
1.0,16.0,4.0,1.0,1.0,1.0,63.0,32.0,-0.0030632107251067353,-0.0017650185808415486,32768.0,0.000976562,6400000.0
16.0,16.0,8.0,9.0,834.0,496.0,27059.0,77312.0,0.5033518892135049,0.5206508484567318,0.5,0.00390625,6400000.0
1.0,16.0,4.0,1.0,1.0,1.0,63.0,32.0,-0.0030632107251067353,-0.0017650185808415486,4096.0,2048.0,6400000.0
1.0,16.0,4.0,1.0,1.0,1.0,63.0,32.0,-0.0030632107251067353,-0.0017650185808415486,16384.0,0.125,6400000.0
16.0,16.0,8.0,8.0,776.0,496.0,26141.0,77312.0,0.49823084499250525,0.5021423012339065,2.0,0.25,6400000.0
1.0,16.0,8.0,1.0,1.0,1.0,543.0,32.0,-0.0030632107251067353,-0.0017650185808415486,1.0,32768.0,6400000.0
1.0,1.0,2.0,1.0,1.0,1.0,39.0,32.0,-0.0030632107251067353,-0.0017650185808415486,8192.0,0.125,6400000.0
1.0,16.0,4.0,1.0,1.0,1.0,63.0,32.0,-0.0030632107251067353,-0.0017650185808415486,8192.0,16384.0,6400000.0
16.0,16.0,8.0,7.0,774.0,496.0,26111.0,77312.0,0.46730405350293525,0.48254372320042627,4.0,0.00195312,6400000.0
16.0,16.0,8.0,4.0,137.0,103.0,6501.0,14432.0,0.3081357159699124,0.32153826368165017,4.0,2.0,6400000.0
16.0,16.0,8.0,9.0,827.0,496.0,26829.0,77312.0,0.5013338849073617,0.5131910726776121,0.0,0.0078125,6400000.0
1.0,16.0,4.0,1.0,1.0,1.0,63.0,32.0,-0.0030632107251067353,-0.0017650185808415486,32768.0,1.0,6400000.0
1.0,16.0,8.0,1.0,1.0,1.0,543.0,32.0,-0.0030632107251067353,-0.0017650185808415486,0.0,8192.0,6400000.0
16.0,16.0,8.0,9.0,822.0,496.0,26606.0,77312.0,0.5000889081617576,0.5256604839212484,0.00195312,0.0,6400000.0
1.0,1.0,2.0,1.0,1.0,1.0,39.0,32.0,-0.0030632107251067353,-0.0017650185808415486,8192.0,128.0,6400000.0
16.0,16.0,8.0,3.0,67.0,47.0,3700.0,5472.0,0.28428173420704106,0.29213228260301216,0.0,8.0,6400000.0
3.0,16.0,8.0,2.0,9.0,6.0,1295.0,576.0,0.10115259004895938,0.10346957106453547,0.000976562,64.0,6400000.0
16.0,16.0,8.0,9.0,797.0,496.0,26074.0,77312.0,0.5045464910694419,0.5181981129550942,0.000976562,0.0625,6400000.0
16.0,16.0,8.0,9.0,827.0,496.0,26829.0,77312.0,0.5013338849073617,0.5131910726776121,0.00390625,0.00390625,6400000.0
1.0,16.0,4.0,1.0,1.0,1.0,63.0,32.0,-0.0030632107251067353,-0.0017650185808415486,32768.0,1024.0,6400000.0
1.0,16.0,8.0,1.0,1.0,1.0,543.0,32.0,-0.0030632107251067353,-0.0017650185808415486,0.00195312,512.0,6400000.0
1.0,1.0,1.0,2.0,3.0,2.0,108.0,192.0,0.03911015413878083,0.040912063041146696,0.015625,0.5,6400000.0
16.0,16.0,8.0,8.0,132.0,96.0,6516.0,13312.0,0.34410005540180355,0.3485610773243314,0.00390625,4.0,6400000.0
8.0,16.0,8.0,2.0,22.0,16.0,1924.0,1536.0,0.184803559555608,0.19082719424152972,0.0078125,32.0,6400000.0
16.0,16.0,8.0,9.0,811.0,496.0,26668.0,77312.0,0.5124926916588981,0.5211659155199038,0.0078125,0.03125,6400000.0
1.0,16.0,8.0,1.0,1.0,1.0,543.0,32.0,-0.0030632107251067353,-0.0017650185808415486,0.0078125,32768.0,6400000.0
16.0,16.0,8.0,9.0,827.0,496.0,26829.0,77312.0,0.5013338849073617,0.5131910726776121,0.03125,0.00195312,6400000.0
1.0,16.0,8.0,1.0,1.0,1.0,543.0,32.0,-0.0030632107251067353,-0.0017650185808415486,0.125,128.0,6400000.0
1.0,1.0,2.0,1.0,1.0,1.0,39.0,32.0,-0.0030632107251067353,-0.0017650185808415486,16384.0,0.000976562,6400000.0
1.0,16.0,8.0,1.0,1.0,1.0,543.0,32.0,-0.0030632107251067353,-0.0017650185808415486,0.00390625,4096.0,6400000.0
1.0,1.0,2.0,1.0,1.0,1.0,39.0,32.0,-0.0030632107251067353,-0.0017650185808415486,4096.0,32768.0,6400000.0
16.0,16.0,8.0,9.0,725.0,496.0,24889.0,77312.0,0.4884230678044532,0.4996183287862427,0.00195312,0.5,6400000.0
16.0,16.0,8.0,9.0,298.0,223.0,11900.0,33632.0,0.40209324817633696,0.4104495578207835,0.03125,2.0,6400000.0
16.0,16.0,8.0,9.0,777.0,496.0,25842.0,77312.0,0.5021012933542359,0.5215000213394392,0.015625,0.25,6400000.0
1.0,16.0,8.0,1.0,1.0,1.0,543.0,32.0,-0.0030632107251067353,-0.0017650185808415486,0.03125,2048.0,6400000.0
16.0,16.0,8.0,9.0,796.0,496.0,26229.0,77312.0,0.5096049184531226,0.5214648022585409,0.125,0.125,6400000.0
1.0,16.0,8.0,1.0,1.0,1.0,543.0,32.0,-0.0030632107251067353,-0.0017650185808415486,0.5,8192.0,6400000.0
1.0,16.0,4.0,1.0,1.0,1.0,63.0,32.0,-0.0030632107251067353,-0.0017650185808415486,4096.0,4.0,6400000.0
16.0,16.0,8.0,9.0,823.0,496.0,26607.0,77312.0,0.4966464959357133,0.5110619349531492,0.25,0.000976562,6400000.0
1.0,16.0,8.0,1.0,1.0,1.0,543.0,32.0,-0.0030632107251067353,-0.0017650185808415486,0.015625,256.0,6400000.0
11.0,16.0,8.0,3.0,35.0,26.0,2559.0,2752.0,0.23801654357424562,0.2440154241847443,0.0625,16.0,6400000.0
1.0,16.0,8.0,1.0,1.0,1.0,543.0,32.0,-0.0030632107251067353,-0.0017650185808415486,0.0625,16384.0,6400000.0
1.0,16.0,4.0,1.0,1.0,1.0,63.0,32.0,-0.0030632107251067353,-0.0017650185808415486,4096.0,0.00390625,6400000.0
1.0,16.0,4.0,1.0,1.0,1.0,63.0,32.0,-0.0030632107251067353,-0.0017650185808415486,1024.0,64.0,6400000.0
1.0,16.0,4.0,1.0,1.0,1.0,63.0,32.0,-0.0030632107251067353,-0.0017650185808415486,2048.0,0.5,6400000.0
1.0,16.0,4.0,1.0,1.0,1.0,63.0,32.0,-0.0030632107251067353,-0.0017650185808415486,2048.0,0.0,6400000.0
1.0,16.0,4.0,1.0,1.0,1.0,63.0,32.0,-0.0030632107251067353,-0.0017650185808415486,2048.0,512.0,6400000.0
3.0,16.0,8.0,2.0,9.0,6.0,1295.0,576.0,0.10115259004895938,0.10346957106453547,1.0,64.0,6400000.0
1.0,16.0,4.0,1.0,1.0,1.0,63.0,32.0,-0.0030632107251067353,-0.0017650185808415486,8192.0,32.0,6400000.0
1.0,16.0,8.0,1.0,1.0,1.0,543.0,32.0,-0.0030632107251067353,-0.0017650185808415486,0.25,1024.0,6400000.0
16.0,16.0,8.0,9.0,823.0,496.0,26645.0,77312.0,0.5015049559279222,0.5141615067263542,1.0,0.0625,6400000.0
16.0,16.0,8.0,9.0,817.0,496.0,26802.0,77312.0,0.504601259479238,0.5183580826294518,0.0625,0.015625,6400000.0
16.0,16.0,8.0,3.0,67.0,47.0,3700.0,5472.0,0.28428173420704106,0.29213228260301216,0.5,8.0,6400000.0
1.0,1.0,2.0,1.0,1.0,1.0,39.0,32.0,-0.0030632107251067353,-0.0017650185808415486,16384.0,1.0,6400000.0
1.0,16.0,4.0,1.0,1.0,1.0,63.0,32.0,-0.0030632107251067353,-0.0017650185808415486,16384.0,256.0,6400000.0
16.0,16.0,8.0,9.0,834.0,496.0,27059.0,77312.0,0.5033518892135049,0.5206508484567318,0.5,0.0078125,6400000.0
16.0,16.0,8.0,9.0,636.0,482.0,23062.0,75072.0,0.4665874426207086,0.4689089819365415,0.25,1.0,6400000.0
1.0,16.0,4.0,1.0,1.0,1.0,63.0,32.0,-0.0030632107251067353,-0.0017650185808415486,8192.0,0.03125,6400000.0
16.0,16.0,8.0,8.0,733.0,496.0,25268.0,77312.0,0.488727504402501,0.4944293877803341,2.0,0.5,6400000.0
1.0,16.0,4.0,1.0,1.0,1.0,63.0,32.0,-0.0030632107251067353,-0.0017650185808415486,4096.0,4096.0,6400000.0
1.0,16.0,8.0,1.0,1.0,1.0,543.0,32.0,-0.0030632107251067353,-0.0017650185808415486,2.0,512.0,6400000.0
1.0,1.0,2.0,1.0,1.0,1.0,39.0,32.0,-0.0030632107251067353,-0.0017650185808415486,16384.0,1024.0,6400000.0
1.0,16.0,4.0,1.0,1.0,1.0,63.0,32.0,-0.0030632107251067353,-0.0017650185808415486,16384.0,0.25,6400000.0
1.0,16.0,4.0,1.0,1.0,1.0,63.0,32.0,-0.0030632107251067353,-0.0017650185808415486,32768.0,0.00195312,6400000.0
1.0,16.0,4.0,1.0,1.0,1.0,63.0,32.0,-0.0030632107251067353,-0.0017650185808415486,8192.0,32768.0,6400000.0
16.0,16.0,8.0,8.0,809.0,496.0,26903.0,77312.0,0.49549476270078374,0.5037635007518712,2.0,0.0,6400000.0
16.0,16.0,8.0,3.0,101.0,76.0,5138.0,10112.0,0.30076468106034104,0.30837945763416685,4.0,4.0,6400000.0
1.0,1.0,2.0,1.0,1.0,1.0,39.0,32.0,-0.0030632107251067353,-0.0017650185808415486,8192.0,0.25,6400000.0
16.0,16.0,8.0,7.0,781.0,496.0,26250.0,77312.0,0.4552820734388421,0.4699934160669321,4.0,0.00390625,6400000.0
16.0,16.0,8.0,9.0,817.0,496.0,26802.0,77312.0,0.504601259479238,0.5183580826294518,0.0,0.015625,6400000.0
1.0,16.0,4.0,1.0,1.0,1.0,63.0,32.0,-0.0030632107251067353,-0.0017650185808415486,32768.0,2.0,6400000.0
1.0,16.0,8.0,1.0,1.0,1.0,543.0,32.0,-0.0030632107251067353,-0.0017650185808415486,0.0,16384.0,6400000.0
16.0,16.0,8.0,9.0,822.0,496.0,26606.0,77312.0,0.5000889081617576,0.5256604839212484,0.00195312,0.000976562,6400000.0
1.0,1.0,2.0,1.0,1.0,1.0,39.0,32.0,-0.0030632107251067353,-0.0017650185808415486,8192.0,256.0,6400000.0
11.0,16.0,8.0,3.0,35.0,26.0,2559.0,2752.0,0.23801654357424562,0.2440154241847443,0.0,16.0,6400000.0
1.0,16.0,8.0,1.0,1.0,1.0,543.0,32.0,-0.0030632107251067353,-0.0017650185808415486,0.000976562,128.0,6400000.0
16.0,16.0,8.0,9.0,827.0,496.0,26829.0,77312.0,0.5013338849073617,0.5131910726776121,0.00390625,0.0078125,6400000.0
1.0,16.0,4.0,1.0,1.0,1.0,63.0,32.0,-0.0030632107251067353,-0.0017650185808415486,32768.0,2048.0,6400000.0
16.0,16.0,8.0,9.0,804.0,496.0,26001.0,77312.0,0.5021030464381724,0.5237247067725237,0.000976562,0.125,6400000.0
1.0,16.0,8.0,1.0,1.0,1.0,543.0,32.0,-0.0030632107251067353,-0.0017650185808415486,0.00195312,1024.0,6400000.0
1.0,1.0,1.0,2.0,3.0,2.0,108.0,192.0,0.03911015413878083,0.040912063041146696,0.015625,1.0,6400000.0
16.0,16.0,8.0,3.0,67.0,47.0,3700.0,5472.0,0.28428173420704106,0.29213228260301216,0.00390625,8.0,6400000.0
3.0,16.0,8.0,2.0,9.0,6.0,1295.0,576.0,0.10115259004895938,0.10346957106453547,0.0078125,64.0,6400000.0
16.0,16.0,8.0,9.0,822.0,496.0,26606.0,77312.0,0.5000889081617576,0.5256604839212484,0.015625,0.0,6400000.0
16.0,16.0,8.0,9.0,797.0,496.0,26074.0,77312.0,0.5045464910694419,0.5181981129550942,0.0078125,0.0625,6400000.0
16.0,16.0,8.0,9.0,827.0,496.0,26829.0,77312.0,0.5013338849073617,0.5131910726776121,0.03125,0.00390625,6400000.0
1.0,16.0,8.0,1.0,1.0,1.0,543.0,32.0,-0.0030632107251067353,-0.0017650185808415486,0.00390625,8192.0,6400000.0
1.0,1.0,2.0,1.0,1.0,1.0,39.0,32.0,-0.0030632107251067353,-0.0017650185808415486,8192.0,0.0,6400000.0
1.0,16.0,8.0,1.0,1.0,1.0,543.0,32.0,-0.0030632107251067353,-0.0017650185808415486,0.125,256.0,6400000.0
1.0,1.0,2.0,1.0,1.0,1.0,39.0,32.0,-0.0030632107251067353,-0.0017650185808415486,16384.0,0.00195312,6400000.0
16.0,16.0,8.0,8.0,132.0,96.0,6516.0,13312.0,0.34410005540180355,0.3485610773243314,0.03125,4.0,6400000.0
16.0,16.0,8.0,9.0,652.0,491.0,23719.0,76512.0,0.4732164112535988,0.48148817524431187,0.00195312,1.0,6400000.0
1.0,16.0,8.0,1.0,1.0,1.0,543.0,32.0,-0.0030632107251067353,-0.0017650185808415486,0.03125,4096.0,6400000.0
8.0,16.0,8.0,2.0,22.0,16.0,1924.0,1536.0,0.184803559555608,0.19082719424152972,0.0625,32.0,6400000.0
16.0,16.0,8.0,9.0,767.0,496.0,25605.0,77312.0,0.505324457250997,0.5172311724664778,0.125,0.25,6400000.0
1.0,16.0,4.0,1.0,1.0,1.0,63.0,32.0,-0.0030632107251067353,-0.0017650185808415486,4096.0,8.0,6400000.0
1.0,16.0,8.0,1.0,1.0,1.0,543.0,32.0,-0.0030632107251067353,-0.0017650185808415486,0.5,16384.0,6400000.0
1.0,16.0,8.0,1.0,1.0,1.0,543.0,32.0,-0.0030632107251067353,-0.0017650185808415486,0.0625,32768.0,6400000.0
1.0,16.0,8.0,1.0,1.0,1.0,543.0,32.0,-0.0030632107251067353,-0.0017650185808415486,0.015625,512.0,6400000.0
16.0,16.0,8.0,9.0,725.0,496.0,24889.0,77312.0,0.4884230678044532,0.4996183287862427,0.015625,0.5,6400000.0
16.0,16.0,8.0,9.0,819.0,496.0,26649.0,77312.0,0.5001325406524848,0.5144711135638211,0.25,0.00195312,6400000.0
1.0,16.0,4.0,1.0,1.0,1.0,63.0,32.0,-0.0030632107251067353,-0.0017650185808415486,1024.0,128.0,6400000.0
1.0,16.0,4.0,1.0,1.0,1.0,63.0,32.0,-0.0030632107251067353,-0.0017650185808415486,4096.0,0.0078125,6400000.0
1.0,16.0,4.0,1.0,1.0,1.0,63.0,32.0,-0.0030632107251067353,-0.0017650185808415486,2048.0,1.0,6400000.0
1.0,16.0,4.0,1.0,1.0,1.0,63.0,32.0,-0.0030632107251067353,-0.0017650185808415486,2048.0,0.000976562,6400000.0
1.0,16.0,4.0,1.0,1.0,1.0,63.0,32.0,-0.0030632107251067353,-0.0017650185808415486,2048.0,1024.0,6400000.0
1.0,16.0,4.0,1.0,1.0,1.0,63.0,32.0,-0.0030632107251067353,-0.0017650185808415486,8192.0,64.0,6400000.0
1.0,16.0,8.0,1.0,1.0,1.0,543.0,32.0,-0.0030632107251067353,-0.0017650185808415486,1.0,128.0,6400000.0
16.0,16.0,8.0,9.0,811.0,496.0,26668.0,77312.0,0.5124926916588981,0.5211659155199038,0.0625,0.03125,6400000.0
16.0,16.0,8.0,9.0,798.0,496.0,26162.0,77312.0,0.5058890927143505,0.5171773046658865,1.0,0.125,6400000.0
1.0,16.0,4.0,1.0,1.0,1.0,63.0,32.0,-0.0030632107251067353,-0.0017650185808415486,16384.0,512.0,6400000.0
1.0,16.0,8.0,1.0,1.0,1.0,543.0,32.0,-0.0030632107251067353,-0.0017650185808415486,0.25,2048.0,6400000.0
1.0,1.0,2.0,1.0,1.0,1.0,39.0,32.0,-0.0030632107251067353,-0.0017650185808415486,16384.0,2.0,6400000.0
11.0,16.0,8.0,3.0,35.0,26.0,2559.0,2752.0,0.23801654357424562,0.2440154241847443,0.5,16.0,6400000.0
1.0,16.0,4.0,1.0,1.0,1.0,63.0,32.0,-0.0030632107251067353,-0.0017650185808415486,8192.0,0.0625,6400000.0
16.0,16.0,8.0,8.0,540.0,383.0,19370.0,59232.0,0.45676739409597655,0.4651838486444796,2.0,1.0,6400000.0
16.0,16.0,8.0,8.0,292.0,215.0,11713.0,32352.0,0.4004332271901466,0.40823375204269075,0.25,2.0,6400000.0
16.0,16.0,8.0,9.0,834.0,496.0,26962.0,77312.0,0.5132580633396921,0.5249865376205923,0.5,0.015625,6400000.0
1.0,16.0,8.0,1.0,1.0,1.0,543.0,32.0,-0.0030632107251067353,-0.0017650185808415486,2.0,1024.0,6400000.0
1.0,16.0,4.0,1.0,1.0,1.0,63.0,32.0,-0.0030632107251067353,-0.0017650185808415486,16384.0,0.0,6400000.0
16.0,16.0,8.0,8.0,809.0,496.0,26903.0,77312.0,0.49549476270078374,0.5037635007518712,2.0,0.000976562,6400000.0
1.0,1.0,2.0,1.0,1.0,1.0,39.0,32.0,-0.0030632107251067353,-0.0017650185808415486,16384.0,2048.0,6400000.0
1.0,16.0,4.0,1.0,1.0,1.0,63.0,32.0,-0.0030632107251067353,-0.0017650185808415486,4096.0,8192.0,6400000.0
1.0,16.0,4.0,1.0,1.0,1.0,63.0,32.0,-0.0030632107251067353,-0.0017650185808415486,32768.0,0.00390625,6400000.0
1.0,16.0,4.0,1.0,1.0,1.0,63.0,32.0,-0.0030632107251067353,-0.0017650185808415486,16384.0,0.5,6400000.0
1.0,1.0,2.0,1.0,1.0,1.0,39.0,32.0,-0.0030632107251067353,-0.0017650185808415486,8192.0,0.5,6400000.0
16.0,16.0,8.0,7.0,776.0,496.0,26126.0,77312.0,0.4710930934493196,0.4826700148346672,4.0,0.0078125,6400000.0
16.0,16.0,8.0,3.0,67.0,47.0,3700.0,5472.0,0.28428173420704106,0.29213228260301216,4.0,8.0,6400000.0
1.0,16.0,4.0,1.0,1.0,1.0,63.0,32.0,-0.0030632107251067353,-0.0017650185808415486,32768.0,4.0,6400000.0
16.0,16.0,8.0,9.0,811.0,496.0,26668.0,77312.0,0.5124926916588981,0.5211659155199038,0.0,0.03125,6400000.0
1.0,16.0,8.0,1.0,1.0,1.0,543.0,32.0,-0.0030632107251067353,-0.0017650185808415486,0.0,32768.0,6400000.0
16.0,16.0,8.0,9.0,827.0,496.0,26829.0,77312.0,0.5013338849073617,0.5131910726776121,0.00195312,0.00195312,6400000.0
8.0,16.0,8.0,2.0,22.0,16.0,1924.0,1536.0,0.184803559555608,0.19082719424152972,0.0,32.0,6400000.0
1.0,1.0,2.0,1.0,1.0,1.0,39.0,32.0,-0.0030632107251067353,-0.0017650185808415486,8192.0,512.0,6400000.0
1.0,16.0,8.0,1.0,1.0,1.0,543.0,32.0,-0.0030632107251067353,-0.0017650185808415486,0.000976562,256.0,6400000.0
16.0,16.0,8.0,9.0,777.0,496.0,25842.0,77312.0,0.5021012933542359,0.5215000213394392,0.000976562,0.25,6400000.0
16.0,16.0,8.0,9.0,817.0,496.0,26802.0,77312.0,0.504601259479238,0.5183580826294518,0.00390625,0.015625,6400000.0
1.0,16.0,4.0,1.0,1.0,1.0,63.0,32.0,-0.0030632107251067353,-0.0017650185808415486,32768.0,4096.0,6400000.0
1.0,16.0,8.0,1.0,1.0,1.0,543.0,32.0,-0.0030632107251067353,-0.0017650185808415486,0.0078125,128.0,6400000.0
1.0,1.0,1.0,2.0,3.0,2.0,108.0,192.0,0.03911015413878083,0.040912063041146696,0.015625,2.0,6400000.0
11.0,16.0,8.0,3.0,35.0,26.0,2559.0,2752.0,0.23801654357424562,0.2440154241847443,0.00390625,16.0,6400000.0
1.0,16.0,8.0,1.0,1.0,1.0,543.0,32.0,-0.0030632107251067353,-0.0017650185808415486,0.00195312,2048.0,6400000.0
1.0,16.0,8.0,1.0,1.0,1.0,543.0,32.0,-0.0030632107251067353,-0.0017650185808415486,0.00390625,16384.0,6400000.0
1.0,1.0,2.0,1.0,1.0,1.0,39.0,32.0,-0.0030632107251067353,-0.0017650185808415486,16384.0,0.00390625,6400000.0
16.0,16.0,8.0,9.0,827.0,496.0,26829.0,77312.0,0.5013338849073617,0.5131910726776121,0.03125,0.0078125,6400000.0
16.0,16.0,8.0,9.0,822.0,496.0,26606.0,77312.0,0.5000889081617576,0.5256604839212484,0.015625,0.000976562,6400000.0
16.0,16.0,8.0,9.0,804.0,496.0,26001.0,77312.0,0.5021030464381724,0.5237247067725237,0.0078125,0.125,6400000.0
1.0,1.0,2.0,1.0,1.0,1.0,39.0,32.0,-0.0030632107251067353,-0.0017650185808415486,8192.0,0.000976562,6400000.0
1.0,16.0,8.0,1.0,1.0,1.0,543.0,32.0,-0.0030632107251067353,-0.0017650185808415486,0.125,512.0,6400000.0
1.0,16.0,4.0,1.0,1.0,1.0,63.0,32.0,-0.0030632107251067353,-0.0017650185808415486,4096.0,16.0,6400000.0
16.0,16.0,8.0,9.0,717.0,496.0,24736.0,77312.0,0.4813470905661831,0.4996636663954368,0.125,0.5,6400000.0
3.0,16.0,8.0,2.0,9.0,6.0,1295.0,576.0,0.10115259004895938,0.10346957106453547,0.0625,64.0,6400000.0
16.0,16.0,8.0,3.0,67.0,47.0,3700.0,5472.0,0.28428173420704106,0.29213228260301216,0.03125,8.0,6400000.0
1.0,16.0,8.0,1.0,1.0,1.0,543.0,32.0,-0.0030632107251067353,-0.0017650185808415486,0.03125,8192.0,6400000.0
1.0,16.0,8.0,1.0,1.0,1.0,543.0,32.0,-0.0030632107251067353,-0.0017650185808415486,0.5,32768.0,6400000.0
16.0,16.0,8.0,9.0,652.0,491.0,23719.0,76512.0,0.4732164112535988,0.48148817524431187,0.015625,1.0,6400000.0
16.0,16.0,8.0,9.0,301.0,229.0,12126.0,34592.0,0.3948984817933934,0.4041362423466781,0.00195312,2.0,6400000.0
1.0,16.0,8.0,1.0,1.0,1.0,543.0,32.0,-0.0030632107251067353,-0.0017650185808415486,0.015625,1024.0,6400000.0
16.0,16.0,8.0,9.0,823.0,496.0,26607.0,77312.0,0.4966464959357133,0.5110619349531492,0.125,0.0,6400000.0
1.0,16.0,4.0,1.0,1.0,1.0,63.0,32.0,-0.0030632107251067353,-0.0017650185808415486,2048.0,0.00195312,6400000.0
1.0,16.0,4.0,1.0,1.0,1.0,63.0,32.0,-0.0030632107251067353,-0.0017650185808415486,2048.0,2048.0,6400000.0
1.0,16.0,4.0,1.0,1.0,1.0,63.0,32.0,-0.0030632107251067353,-0.0017650185808415486,1024.0,256.0,6400000.0
1.0,16.0,8.0,1.0,1.0,1.0,543.0,32.0,-0.0030632107251067353,-0.0017650185808415486,1.0,256.0,6400000.0
1.0,16.0,4.0,1.0,1.0,1.0,63.0,32.0,-0.0030632107251067353,-0.0017650185808415486,8192.0,128.0,6400000.0
1.0,16.0,4.0,1.0,1.0,1.0,63.0,32.0,-0.0030632107251067353,-0.0017650185808415486,4096.0,0.015625,6400000.0
16.0,16.0,8.0,9.0,797.0,496.0,26074.0,77312.0,0.5045464910694419,0.5181981129550942,0.0625,0.0625,6400000.0
16.0,16.0,8.0,9.0,820.0,496.0,26697.0,77312.0,0.49666022709816493,0.5093657744027775,0.25,0.00390625,6400000.0
1.0,16.0,4.0,1.0,1.0,1.0,63.0,32.0,-0.0030632107251067353,-0.0017650185808415486,2048.0,2.0,6400000.0
1.0,1.0,2.0,1.0,1.0,1.0,39.0,32.0,-0.0030632107251067353,-0.0017650185808415486,16384.0,4.0,6400000.0
1.0,16.0,4.0,1.0,1.0,1.0,63.0,32.0,-0.0030632107251067353,-0.0017650185808415486,16384.0,1024.0,6400000.0
1.0,16.0,4.0,1.0,1.0,1.0,63.0,32.0,-0.0030632107251067353,-0.0017650185808415486,8192.0,0.125,6400000.0
1.0,16.0,8.0,1.0,1.0,1.0,543.0,32.0,-0.0030632107251067353,-0.0017650185808415486,0.25,4096.0,6400000.0
16.0,16.0,8.0,9.0,769.0,496.0,25752.0,77312.0,0.506436290301673,0.51899417065267,1.0,0.25,6400000.0
1.0,16.0,4.0,1.0,1.0,1.0,63.0,32.0,-0.0030632107251067353,-0.0017650185808415486,16384.0,0.000976562,6400000.0
16.0,16.0,8.0,8.0,809.0,496.0,26903.0,77312.0,0.49549476270078374,0.5037635007518712,2.0,0.00195312,6400000.0
16.0,16.0,8.0,8.0,130.0,98.0,6512.0,13632.0,0.3379091416354403,0.34300641785224895,0.25,4.0,6400000.0
16.0,16.0,8.0,8.0,254.0,188.0,10712.0,28032.0,0.3929399639338572,0.4002011499020164,2.0,2.0,6400000.0
1.0,16.0,4.0,1.0,1.0,1.0,63.0,32.0,-0.0030632107251067353,-0.0017650185808415486,4096.0,16384.0,6400000.0
1.0,1.0,2.0,1.0,1.0,1.0,39.0,32.0,-0.0030632107251067353,-0.0017650185808415486,16384.0,4096.0,6400000.0
1.0,16.0,4.0,1.0,1.0,1.0,63.0,32.0,-0.0030632107251067353,-0.0017650185808415486,32768.0,0.0078125,6400000.0
16.0,16.0,8.0,9.0,797.0,496.0,26074.0,77312.0,0.5045464910694419,0.5181981129550942,0.0,0.0625,6400000.0
1.0,16.0,4.0,1.0,1.0,1.0,63.0,32.0,-0.0030632107251067353,-0.0017650185808415486,32768.0,8.0,6400000.0
11.0,16.0,8.0,3.0,35.0,26.0,2559.0,2752.0,0.23801654357424562,0.2440154241847443,4.0,16.0,6400000.0
16.0,16.0,8.0,7.0,769.0,496.0,26203.0,77312.0,0.455270846007766,0.46276559590722066,4.0,0.015625,6400000.0
16.0,16.0,8.0,9.0,823.0,496.0,26580.0,77312.0,0.5127674036689773,0.5235094898091586,0.5,0.03125,6400000.0
1.0,16.0,8.0,1.0,1.0,1.0,543.0,32.0,-0.0030632107251067353,-0.0017650185808415486,2.0,2048.0,6400000.0
1.0,16.0,4.0,1.0,1.0,1.0,63.0,32.0,-0.0030632107251067353,-0.0017650185808415486,16384.0,1.0,6400000.0
8.0,16.0,8.0,2.0,22.0,16.0,1924.0,1536.0,0.184803559555608,0.19082719424152972,0.5,32.0,6400000.0
1.0,1.0,2.0,1.0,1.0,1.0,39.0,32.0,-0.0030632107251067353,-0.0017650185808415486,8192.0,1.0,6400000.0
16.0,16.0,8.0,9.0,822.0,496.0,26606.0,77312.0,0.5000889081617576,0.5256604839212484,0.000976562,0.0,6400000.0
16.0,16.0,8.0,9.0,827.0,496.0,26829.0,77312.0,0.5013338849073617,0.5131910726776121,0.00195312,0.00390625,6400000.0
3.0,16.0,8.0,2.0,9.0,6.0,1295.0,576.0,0.10115259004895938,0.10346957106453547,0.0,64.0,6400000.0
16.0,16.0,8.0,9.0,725.0,496.0,24889.0,77312.0,0.4884230678044532,0.4996183287862427,0.000976562,0.5,6400000.0
1.0,16.0,8.0,1.0,1.0,1.0,543.0,32.0,-0.0030632107251067353,-0.0017650185808415486,0.000976562,512.0,6400000.0
1.0,1.0,2.0,1.0,1.0,1.0,39.0,32.0,-0.0030632107251067353,-0.0017650185808415486,8192.0,1024.0,6400000.0
16.0,16.0,8.0,9.0,811.0,496.0,26668.0,77312.0,0.5124926916588981,0.5211659155199038,0.00390625,0.03125,6400000.0
1.0,16.0,4.0,1.0,1.0,1.0,63.0,32.0,-0.0030632107251067353,-0.0017650185808415486,32768.0,8192.0,6400000.0
1.0,16.0,8.0,1.0,1.0,1.0,543.0,32.0,-0.0030632107251067353,-0.0017650185808415486,0.00195312,4096.0,6400000.0
1.0,1.0,1.0,2.0,3.0,2.0,108.0,192.0,0.03911015413878083,0.040912063041146696,0.015625,4.0,6400000.0
1.0,16.0,8.0,1.0,1.0,1.0,543.0,32.0,-0.0030632107251067353,-0.0017650185808415486,0.0078125,256.0,6400000.0
8.0,16.0,8.0,2.0,22.0,16.0,1924.0,1536.0,0.184803559555608,0.19082719424152972,0.00390625,32.0,6400000.0
1.0,16.0,8.0,1.0,1.0,1.0,543.0,32.0,-0.0030632107251067353,-0.0017650185808415486,0.00390625,32768.0,6400000.0
16.0,16.0,8.0,9.0,817.0,496.0,26802.0,77312.0,0.504601259479238,0.5183580826294518,0.03125,0.015625,6400000.0
1.0,1.0,2.0,1.0,1.0,1.0,39.0,32.0,-0.0030632107251067353,-0.0017650185808415486,8192.0,0.00195312,6400000.0
1.0,1.0,2.0,1.0,1.0,1.0,39.0,32.0,-0.0030632107251067353,-0.0017650185808415486,16384.0,0.0078125,6400000.0
16.0,16.0,8.0,9.0,827.0,496.0,26829.0,77312.0,0.5013338849073617,0.5131910726776121,0.015625,0.00195312,6400000.0
1.0,16.0,8.0,1.0,1.0,1.0,543.0,32.0,-0.0030632107251067353,-0.0017650185808415486,0.0625,128.0,6400000.0
1.0,16.0,8.0,1.0,1.0,1.0,543.0,32.0,-0.0030632107251067353,-0.0017650185808415486,0.03125,16384.0,6400000.0
16.0,16.0,8.0,9.0,636.0,482.0,23062.0,75072.0,0.4665874426207086,0.4689089819365415,0.125,1.0,6400000.0
16.0,16.0,8.0,9.0,298.0,223.0,11900.0,33632.0,0.40209324817633696,0.4104495578207835,0.015625,2.0,6400000.0
1.0,16.0,8.0,1.0,1.0,1.0,543.0,32.0,-0.0030632107251067353,-0.0017650185808415486,0.125,1024.0,6400000.0
16.0,16.0,8.0,9.0,840.0,496.0,26909.0,77312.0,0.4975496684169337,0.5086136783573673,1.0,0.0,6400000.0
1.0,16.0,4.0,1.0,1.0,1.0,63.0,32.0,-0.0030632107251067353,-0.0017650185808415486,4096.0,32.0,6400000.0
16.0,16.0,8.0,9.0,777.0,496.0,25842.0,77312.0,0.5021012933542359,0.5215000213394392,0.0078125,0.25,6400000.0
16.0,16.0,8.0,8.0,132.0,96.0,6516.0,13312.0,0.34410005540180355,0.3485610773243314,0.00195312,4.0,6400000.0
1.0,16.0,4.0,1.0,1.0,1.0,63.0,32.0,-0.0030632107251067353,-0.0017650185808415486,2048.0,0.00390625,6400000.0
11.0,16.0,8.0,3.0,35.0,26.0,2559.0,2752.0,0.23801654357424562,0.2440154241847443,0.03125,16.0,6400000.0
1.0,16.0,8.0,1.0,1.0,1.0,543.0,32.0,-0.0030632107251067353,-0.0017650185808415486,1.0,512.0,6400000.0
16.0,16.0,8.0,9.0,823.0,496.0,26607.0,77312.0,0.4966464959357133,0.5110619349531492,0.125,0.000976562,6400000.0
1.0,16.0,4.0,1.0,1.0,1.0,63.0,32.0,-0.0030632107251067353,-0.0017650185808415486,2048.0,4096.0,6400000.0
1.0,16.0,8.0,1.0,1.0,1.0,543.0,32.0,-0.0030632107251067353,-0.0017650185808415486,0.015625,2048.0,6400000.0
1.0,16.0,4.0,1.0,1.0,1.0,63.0,32.0,-0.0030632107251067353,-0.0017650185808415486,8192.0,256.0,6400000.0
1.0,16.0,4.0,1.0,1.0,1.0,63.0,32.0,-0.0030632107251067353,-0.0017650185808415486,4096.0,0.03125,6400000.0
1.0,16.0,4.0,1.0,1.0,1.0,63.0,32.0,-0.0030632107251067353,-0.0017650185808415486,1024.0,512.0,6400000.0
16.0,16.0,8.0,9.0,814.0,496.0,26539.0,77312.0,0.49801966912674034,0.5108715110332132,0.25,0.0078125,6400000.0
16.0,16.0,8.0,9.0,804.0,496.0,26001.0,77312.0,0.5021030464381724,0.5237247067725237,0.0625,0.125,6400000.0
16.0,16.0,8.0,8.0,808.0,496.0,26871.0,77312.0,0.4954998041494282,0.5037725372386987,2.0,0.00390625,6400000.0
1.0,16.0,4.0,1.0,1.0,1.0,63.0,32.0,-0.0030632107251067353,-0.0017650185808415486,2048.0,4.0,6400000.0
1.0,1.0,2.0,1.0,1.0,1.0,39.0,32.0,-0.0030632107251067353,-0.0017650185808415486,16384.0,8.0,6400000.0
1.0,16.0,4.0,1.0,1.0,1.0,63.0,32.0,-0.0030632107251067353,-0.0017650185808415486,8192.0,0.25,6400000.0
1.0,16.0,8.0,1.0,1.0,1.0,543.0,32.0,-0.0030632107251067353,-0.0017650185808415486,0.25,8192.0,6400000.0
1.0,16.0,4.0,1.0,1.0,1.0,63.0,32.0,-0.0030632107251067353,-0.0017650185808415486,16384.0,2048.0,6400000.0
1.0,16.0,4.0,1.0,1.0,1.0,63.0,32.0,-0.0030632107251067353,-0.0017650185808415486,4096.0,32768.0,6400000.0
16.0,16.0,8.0,9.0,720.0,496.0,24915.0,77312.0,0.49836511566674835,0.5028401770621942,1.0,0.5,6400000.0
1.0,16.0,4.0,1.0,1.0,1.0,63.0,32.0,-0.0030632107251067353,-0.0017650185808415486,32768.0,0.015625,6400000.0
8.0,16.0,8.0,2.0,22.0,16.0,1924.0,1536.0,0.184803559555608,0.19082719424152972,4.0,32.0,6400000.0
16.0,16.0,8.0,3.0,67.0,47.0,3700.0,5472.0,0.28428173420704106,0.29213228260301216,0.25,8.0,6400000.0
16.0,16.0,8.0,5.0,101.0,76.0,5359.0,10112.0,0.3047776725185988,0.3111359299433757,2.0,4.0,6400000.0
1.0,16.0,4.0,1.0,1.0,1.0,63.0,32.0,-0.0030632107251067353,-0.0017650185808415486,16384.0,2.0,6400000.0
16.0,16.0,8.0,9.0,804.0,496.0,26001.0,77312.0,0.5021030464381724,0.5237247067725237,0.0,0.125,6400000.0
16.0,16.0,8.0,7.0,763.0,496.0,25968.0,77312.0,0.45275040979417436,0.4600408761687559,4.0,0.03125,6400000.0
1.0,16.0,8.0,1.0,1.0,1.0,543.0,32.0,-0.0030632107251067353,-0.0017650185808415486,2.0,4096.0,6400000.0
1.0,16.0,4.0,1.0,1.0,1.0,63.0,32.0,-0.0030632107251067353,-0.0017650185808415486,16384.0,0.00195312,6400000.0
16.0,16.0,8.0,9.0,820.0,496.0,26569.0,77312.0,0.4975945684818318,0.5135379517356061,0.5,0.0625,6400000.0
1.0,16.0,4.0,1.0,1.0,1.0,63.0,32.0,-0.0030632107251067353,-0.0017650185808415486,32768.0,16.0,6400000.0
1.0,1.0,2.0,1.0,1.0,1.0,39.0,32.0,-0.0030632107251067353,-0.0017650185808415486,8192.0,2.0,6400000.0
1.0,1.0,2.0,1.0,1.0,1.0,39.0,32.0,-0.0030632107251067353,-0.0017650185808415486,16384.0,8192.0,6400000.0
3.0,16.0,8.0,2.0,9.0,6.0,1295.0,576.0,0.10115259004895938,0.10346957106453547,0.5,64.0,6400000.0
1.0,16.0,8.0,1.0,1.0,1.0,543.0,32.0,-0.0030632107251067353,-0.0017650185808415486,0.0,128.0,6400000.0
16.0,16.0,8.0,9.0,822.0,496.0,26606.0,77312.0,0.5000889081617576,0.5256604839212484,0.000976562,0.000976562,6400000.0
16.0,16.0,8.0,9.0,652.0,491.0,23719.0,76512.0,0.4732164112535988,0.48148817524431187,0.000976562,1.0,6400000.0
16.0,16.0,8.0,9.0,827.0,496.0,26829.0,77312.0,0.5013338849073617,0.5131910726776121,0.00195312,0.0078125,6400000.0
16.0,16.0,8.0,9.0,797.0,496.0,26074.0,77312.0,0.5045464910694419,0.5181981129550942,0.00390625,0.0625,6400000.0
1.0,16.0,8.0,1.0,1.0,1.0,543.0,32.0,-0.0030632107251067353,-0.0017650185808415486,0.000976562,1024.0,6400000.0
1.0,16.0,4.0,1.0,1.0,1.0,63.0,32.0,-0.0030632107251067353,-0.0017650185808415486,32768.0,16384.0,6400000.0
1.0,1.0,2.0,1.0,1.0,1.0,39.0,32.0,-0.0030632107251067353,-0.0017650185808415486,8192.0,2048.0,6400000.0
3.0,16.0,8.0,2.0,9.0,6.0,1295.0,576.0,0.10115259004895938,0.10346957106453547,0.00390625,64.0,6400000.0
1.0,16.0,8.0,1.0,1.0,1.0,543.0,32.0,-0.0030632107251067353,-0.0017650185808415486,0.00195312,8192.0,6400000.0
1.0,16.0,8.0,1.0,1.0,1.0,543.0,32.0,-0.0030632107251067353,-0.0017650185808415486,0.0078125,512.0,6400000.0
1.0,1.0,1.0,2.0,3.0,2.0,108.0,192.0,0.03911015413878083,0.040912063041146696,0.015625,8.0,6400000.0
16.0,16.0,8.0,9.0,822.0,496.0,26606.0,77312.0,0.5000889081617576,0.5256604839212484,0.0078125,0.0,6400000.0
16.0,16.0,8.0,9.0,811.0,496.0,26668.0,77312.0,0.5124926916588981,0.5211659155199038,0.03125,0.03125,6400000.0
1.0,16.0,8.0,1.0,1.0,1.0,543.0,32.0,-0.0030632107251067353,-0.0017650185808415486,0.0625,256.0,6400000.0
1.0,16.0,8.0,1.0,1.0,1.0,543.0,32.0,-0.0030632107251067353,-0.0017650185808415486,4.0,128.0,6400000.0
1.0,1.0,2.0,1.0,1.0,1.0,39.0,32.0,-0.0030632107251067353,-0.0017650185808415486,16384.0,0.015625,6400000.0
1.0,16.0,8.0,1.0,1.0,1.0,543.0,32.0,-0.0030632107251067353,-0.0017650185808415486,0.03125,32768.0,6400000.0
16.0,16.0,8.0,9.0,827.0,496.0,26829.0,77312.0,0.5013338849073617,0.5131910726776121,0.015625,0.00390625,6400000.0
16.0,16.0,8.0,9.0,330.0,244.0,12918.0,36992.0,0.41532622289099297,0.4298626864409505,0.125,2.0,6400000.0
1.0,16.0,8.0,1.0,1.0,1.0,543.0,32.0,-0.0030632107251067353,-0.0017650185808415486,0.125,2048.0,6400000.0
16.0,16.0,8.0,9.0,725.0,496.0,24889.0,77312.0,0.4884230678044532,0.4996183287862427,0.0078125,0.5,6400000.0
16.0,16.0,8.0,8.0,132.0,96.0,6516.0,13312.0,0.34410005540180355,0.3485610773243314,0.015625,4.0,6400000.0
8.0,16.0,8.0,2.0,22.0,16.0,1924.0,1536.0,0.184803559555608,0.19082719424152972,0.03125,32.0,6400000.0
16.0,16.0,8.0,3.0,67.0,47.0,3700.0,5472.0,0.28428173420704106,0.29213228260301216,0.00195312,8.0,6400000.0
16.0,16.0,8.0,9.0,819.0,496.0,26649.0,77312.0,0.5001325406524848,0.5144711135638211,0.125,0.00195312,6400000.0
16.0,16.0,8.0,9.0,840.0,496.0,26909.0,77312.0,0.4975496684169337,0.5086136783573673,1.0,0.000976562,6400000.0
1.0,16.0,8.0,1.0,1.0,1.0,543.0,32.0,-0.0030632107251067353,-0.0017650185808415486,1.0,1024.0,6400000.0
1.0,16.0,8.0,1.0,1.0,1.0,543.0,32.0,-0.0030632107251067353,-0.0017650185808415486,0.015625,4096.0,6400000.0
1.0,16.0,8.0,1.0,1.0,1.0,543.0,32.0,-0.0030632107251067353,-0.0017650185808415486,8.0,1024.0,6400000.0
16.0,16.0,8.0,3.0,681.0,496.0,24453.0,77312.0,0.31825823334653514,0.32670653786945225,8.0,0.000976562,6400000.0
16.0,16.0,8.0,9.0,777.0,496.0,25842.0,77312.0,0.5021012933542359,0.5215000213394392,0.0625,0.25,6400000.0
16.0,16.0,8.0,3.0,180.0,142.0,8128.0,20672.0,0.3131073731581593,0.32181509838614075,8.0,1.0,6400000.0
16.0,16.0,8.0,8.0,820.0,496.0,27221.0,77312.0,0.49830791438854927,0.5052110811455633,2.0,0.0078125,6400000.0
16.0,16.0,8.0,9.0,821.0,496.0,26635.0,77312.0,0.4954941053210714,0.5147322853014561,0.25,0.015625,6400000.0
1.0,16.0,8.0,1.0,1.0,1.0,543.0,32.0,-0.0030632107251067353,-0.0017650185808415486,0.25,16384.0,6400000.0
15.0,16.0,8.0,2.0,47.0,34.0,3196.0,3520.0,0.23483331904090687,0.24244665993785774,16.0,8.0,6400000.0
16.0,16.0,8.0,3.0,673.0,496.0,24538.0,77312.0,0.3137747917994089,0.3217234221326901,16.0,0.0078125,6400000.0
1.0,16.0,8.0,1.0,1.0,1.0,543.0,32.0,-0.0030632107251067353,-0.0017650185808415486,16.0,8192.0,6400000.0
1.0,1.0,2.0,1.0,1.0,1.0,39.0,32.0,-0.0030632107251067353,-0.0017650185808415486,16384.0,16.0,6400000.0
16.0,16.0,8.0,2.0,522.0,442.0,20957.0,68672.0,0.2438982857071631,0.2546610678366993,32.0,0.0625,6400000.0
16.0,16.0,8.0,3.0,67.0,47.0,3700.0,5472.0,0.28428173420704106,0.29213228260301216,2.0,8.0,6400000.0
16.0,16.0,8.0,9.0,651.0,483.0,23679.0,75232.0,0.4760595002396867,0.4848261506677535,1.0,1.0,6400000.0
3.0,16.0,8.0,2.0,9.0,6.0,1295.0,576.0,0.10115259004895938,0.10346957106453547,4.0,64.0,6400000.0
16.0,16.0,8.0,7.0,747.0,496.0,25562.0,77312.0,0.4576328081364255,0.4678301836439035,4.0,0.0625,6400000.0
1.0,1.0,2.0,1.0,1.0,1.0,39.0,32.0,-0.0030632107251067353,-0.0017650185808415486,16384.0,32768.0,6400000.0
16.0,16.0,8.0,2.0,611.0,496.0,23563.0,77312.0,0.24627273660488624,0.25436985910380894,64.0,0.0,6400000.0
11.0,16.0,8.0,3.0,35.0,26.0,2559.0,2752.0,0.23801654357424562,0.2440154241847443,0.25,16.0,6400000.0
16.0,16.0,8.0,2.0,131.0,112.0,6452.0,15872.0,0.2517968382980551,0.26120093619673457,64.0,0.5,6400000.0
16.0,16.0,8.0,9.0,812.0,496.0,26530.0,77312.0,0.5070359758311711,0.5190088897412308,0.5,0.125,6400000.0
1.0,16.0,8.0,1.0,1.0,1.0,543.0,32.0,-0.0030632107251067353,-0.0017650185808415486,128.0,4.0,6400000.0
1.0,1.0,2.0,1.0,1.0,1.0,39.0,32.0,-0.0030632107251067353,-0.0017650185808415486,16384.0,16384.0,6400000.0
1.0,16.0,8.0,1.0,1.0,1.0,543.0,32.0,-0.0030632107251067353,-0.0017650185808415486,0.5,128.0,6400000.0
3.0,16.0,8.0,2.0,9.0,6.0,1295.0,576.0,0.10115259004895938,0.10346957106453547,32.0,64.0,6400000.0
1.0,16.0,8.0,1.0,1.0,1.0,543.0,32.0,-0.0030632107251067353,-0.0017650185808415486,64.0,512.0,6400000.0
1.0,16.0,8.0,1.0,1.0,1.0,543.0,32.0,-0.0030632107251067353,-0.0017650185808415486,128.0,0.00390625,6400000.0
1.0,16.0,8.0,1.0,1.0,1.0,543.0,32.0,-0.0030632107251067353,-0.0017650185808415486,2.0,8192.0,6400000.0
1.0,16.0,8.0,1.0,1.0,1.0,543.0,32.0,-0.0030632107251067353,-0.0017650185808415486,128.0,4096.0,6400000.0
1.0,16.0,8.0,1.0,1.0,1.0,543.0,32.0,-0.0030632107251067353,-0.0017650185808415486,256.0,0.03125,6400000.0
1.0,1.0,2.0,1.0,1.0,1.0,39.0,32.0,-0.0030632107251067353,-0.0017650185808415486,32768.0,0.25,6400000.0
1.0,16.0,8.0,1.0,1.0,1.0,543.0,32.0,-0.0030632107251067353,-0.0017650185808415486,256.0,32.0,6400000.0
1.0,16.0,8.0,1.0,1.0,1.0,543.0,32.0,-0.0030632107251067353,-0.0017650185808415486,1024.0,0.00195312,6400000.0
1.0,16.0,8.0,1.0,1.0,1.0,543.0,32.0,-0.0030632107251067353,-0.0017650185808415486,512.0,256.0,6400000.0
1.0,16.0,8.0,1.0,1.0,1.0,543.0,32.0,-0.0030632107251067353,-0.0017650185808415486,256.0,32768.0,6400000.0
1.0,16.0,8.0,1.0,1.0,1.0,543.0,32.0,-0.0030632107251067353,-0.0017650185808415486,1024.0,2048.0,6400000.0
1.0,16.0,8.0,1.0,1.0,1.0,543.0,32.0,-0.0030632107251067353,-0.0017650185808415486,1024.0,2.0,6400000.0
1.0,16.0,8.0,1.0,1.0,1.0,543.0,32.0,-0.0030632107251067353,-0.0017650185808415486,512.0,0.25,6400000.0
1.0,16.0,8.0,1.0,1.0,1.0,543.0,32.0,-0.0030632107251067353,-0.0017650185808415486,2048.0,16384.0,6400000.0
1.0,16.0,8.0,1.0,1.0,1.0,543.0,32.0,-0.0030632107251067353,-0.0017650185808415486,2048.0,16.0,6400000.0
1.0,16.0,8.0,1.0,1.0,1.0,543.0,32.0,-0.0030632107251067353,-0.0017650185808415486,4096.0,0.125,6400000.0
1.0,16.0,8.0,1.0,1.0,1.0,543.0,32.0,-0.0030632107251067353,-0.0017650185808415486,4096.0,128.0,6400000.0
1.0,16.0,8.0,1.0,1.0,1.0,543.0,32.0,-0.0030632107251067353,-0.0017650185808415486,2048.0,0.015625,6400000.0
1.0,16.0,8.0,1.0,1.0,1.0,543.0,32.0,-0.0030632107251067353,-0.0017650185808415486,8192.0,0.000976562,6400000.0
1.0,16.0,8.0,1.0,1.0,1.0,543.0,32.0,-0.0030632107251067353,-0.0017650185808415486,4.0,256.0,6400000.0
1.0,1.0,2.0,1.0,1.0,1.0,39.0,32.0,-0.0030632107251067353,-0.0017650185808415486,32768.0,256.0,6400000.0
1.0,16.0,8.0,1.0,1.0,1.0,543.0,32.0,-0.0030632107251067353,-0.0017650185808415486,8192.0,1.0,6400000.0
1.0,16.0,8.0,1.0,1.0,1.0,543.0,32.0,-0.0030632107251067353,-0.0017650185808415486,16384.0,8.0,6400000.0
1.0,16.0,8.0,1.0,1.0,1.0,543.0,32.0,-0.0030632107251067353,-0.0017650185808415486,8192.0,1024.0,6400000.0
1.0,16.0,8.0,1.0,1.0,1.0,543.0,32.0,-0.0030632107251067353,-0.0017650185808415486,32768.0,0.0625,6400000.0
1.0,16.0,8.0,1.0,1.0,1.0,543.0,32.0,-0.0030632107251067353,-0.0017650185808415486,32768.0,64.0,6400000.0
1.0,16.0,8.0,1.0,1.0,1.0,543.0,32.0,-0.0030632107251067353,-0.0017650185808415486,16384.0,8192.0,6400000.0
16.0,16.0,8.0,3.0,677.0,496.0,24635.0,77312.0,0.31931058207423624,0.32603220178849535,8.0,0.00195312,6400000.0
32.0,32.0,1.0,6.0,88.0,64.0,2585.0,6144.0,0.3024843447800596,0.31184490631862416,0.0,0.5,6400000.0
32.0,32.0,1.0,6.0,90.0,64.0,2618.0,6144.0,0.30229588022189646,0.31191481757071426,0.0,0.0,6400000.0
1.0,16.0,8.0,1.0,1.0,1.0,543.0,32.0,-0.0030632107251067353,-0.0017650185808415486,8.0,2048.0,6400000.0
1.0,16.0,8.0,1.0,1.0,1.0,543.0,32.0,-0.0030632107251067353,-0.0017650185808415486,16384.0,0.0078125,6400000.0
1.0,1.0,4.0,7.0,31.0,16.0,935.0,2432.0,0.06453061417624306,0.06820844800405634,0.0,0.00195312,6400000.0
16.0,16.0,8.0,3.0,137.0,105.0,6347.0,14752.0,0.30752955511802027,0.31745187834178346,8.0,2.0,6400000.0
1.0,32.0,1.0,1.0,1.0,1.0,35.0,32.0,-0.0030632107251067353,-0.0017650185808415486,0.0,512.0,6400000.0
32.0,32.0,1.0,6.0,90.0,64.0,2618.0,6144.0,0.30229588022189646,0.31191481757071426,0.000976562,0.00390625,6400000.0
32.0,32.0,1.0,6.0,88.0,64.0,2585.0,6144.0,0.30247959677828185,0.31184224297834695,0.000976562,4.0,6400000.0
1.0,32.0,1.0,1.0,1.0,1.0,35.0,32.0,-0.0030632107251067353,-0.0017650185808415486,0.000976562,4096.0,6400000.0
1.0,16.0,8.0,1.0,1.0,1.0,543.0,32.0,-0.0030632107251067353,-0.0017650185808415486,16.0,16384.0,6400000.0
32.0,32.0,1.0,6.0,90.0,64.0,2618.0,6144.0,0.30229588022189646,0.31191481757071426,0.00195312,0.03125,6400000.0
16.0,16.0,8.0,3.0,667.0,496.0,24253.0,77312.0,0.31242299466086476,0.3185528683015503,16.0,0.015625,6400000.0
11.0,16.0,8.0,2.0,30.0,22.0,2384.0,2112.0,0.211815897449531,0.21820531799146736,16.0,16.0,6400000.0
8.0,32.0,1.0,2.0,22.0,16.0,654.0,1536.0,0.184803559555608,0.19082719424152972,0.00195312,32.0,6400000.0
16.0,16.0,8.0,2.0,295.0,249.0,12441.0,37792.0,0.24709136098978457,0.2594714280045636,32.0,0.125,6400000.0
1.0,1.0,2.0,1.0,1.0,1.0,39.0,32.0,-0.0030632107251067353,-0.0017650185808415486,32768.0,0.0,6400000.0
16.0,16.0,8.0,2.0,618.0,496.0,23632.0,77312.0,0.24502855924998757,0.2547840374381908,64.0,0.000976562,6400000.0
1.0,16.0,8.0,1.0,1.0,1.0,543.0,32.0,-0.0030632107251067353,-0.0017650185808415486,128.0,8.0,6400000.0
1.0,32.0,1.0,1.0,1.0,1.0,35.0,32.0,-0.0030632107251067353,-0.0017650185808415486,0.00195312,32768.0,6400000.0
32.0,32.0,1.0,6.0,88.0,64.0,2585.0,6144.0,0.3024856042867555,0.31184595462585785,0.00390625,0.25,6400000.0
16.0,16.0,8.0,2.0,93.0,76.0,5087.0,10112.0,0.24806031399685258,0.2585589267558889,64.0,1.0,6400000.0
1.0,32.0,1.0,1.0,1.0,1.0,35.0,32.0,-0.0030632107251067353,-0.0017650185808415486,0.00390625,256.0,6400000.0
1.0,16.0,8.0,1.0,1.0,1.0,543.0,32.0,-0.0030632107251067353,-0.0017650185808415486,64.0,1024.0,6400000.0
32.0,32.0,1.0,6.0,88.0,64.0,2585.0,6144.0,0.30247959677828185,0.31184224297834695,0.0078125,2.0,6400000.0
1.0,1.0,4.0,6.0,26.0,14.0,760.0,2112.0,0.0636058133035663,0.0673808602609266,0.0,2.0,6400000.0
1.0,16.0,8.0,1.0,1.0,1.0,543.0,32.0,-0.0030632107251067353,-0.0017650185808415486,32.0,128.0,6400000.0
32.0,32.0,1.0,6.0,90.0,64.0,2618.0,6144.0,0.30229595627835226,0.31191479707012826,0.0078125,0.00195312,6400000.0
1.0,16.0,8.0,1.0,1.0,1.0,543.0,32.0,-0.0030632107251067353,-0.0017650185808415486,128.0,0.0078125,6400000.0
1.0,32.0,1.0,1.0,1.0,1.0,35.0,32.0,-0.0030632107251067353,-0.0017650185808415486,0.0078125,2048.0,6400000.0
1.0,16.0,8.0,1.0,1.0,1.0,543.0,32.0,-0.0030632107251067353,-0.0017650185808415486,128.0,8192.0,6400000.0
12.0,32.0,1.0,3.0,33.0,24.0,937.0,2304.0,0.22058073034453196,0.22746378695664926,0.015625,16.0,6400000.0
32.0,32.0,1.0,6.0,90.0,64.0,2618.0,6144.0,0.30229595627835226,0.31191479707012826,0.015625,0.015625,6400000.0
32.0,32.0,1.0,6.0,89.0,64.0,2617.0,6144.0,0.30222600599049476,0.3118593088232947,0.03125,0.125,6400000.0
1.0,16.0,8.0,1.0,1.0,1.0,543.0,32.0,-0.0030632107251067353,-0.0017650185808415486,1024.0,0.00390625,6400000.0
1.0,32.0,1.0,1.0,1.0,1.0,35.0,32.0,-0.0030632107251067353,-0.0017650185808415486,0.015625,16384.0,6400000.0
1.0,1.0,2.0,1.0,1.0,1.0,39.0,32.0,-0.0030632107251067353,-0.0017650185808415486,32768.0,0.5,6400000.0
1.0,16.0,8.0,1.0,1.0,1.0,543.0,32.0,-0.0030632107251067353,-0.0017650185808415486,256.0,64.0,6400000.0
1.0,16.0,8.0,1.0,1.0,1.0,543.0,32.0,-0.0030632107251067353,-0.0017650185808415486,512.0,512.0,6400000.0
1.0,16.0,8.0,1.0,1.0,1.0,543.0,32.0,-0.0030632107251067353,-0.0017650185808415486,256.0,0.0625,6400000.0
1.0,16.0,8.0,1.0,1.0,1.0,543.0,32.0,-0.0030632107251067353,-0.0017650185808415486,1024.0,4096.0,6400000.0
1.0,16.0,8.0,1.0,1.0,1.0,543.0,32.0,-0.0030632107251067353,-0.0017650185808415486,512.0,0.5,6400000.0
1.0,16.0,8.0,1.0,1.0,1.0,543.0,32.0,-0.0030632107251067353,-0.0017650185808415486,1024.0,4.0,6400000.0
1.0,16.0,8.0,1.0,1.0,1.0,543.0,32.0,-0.0030632107251067353,-0.0017650185808415486,512.0,0.0,6400000.0
1.0,16.0,8.0,1.0,1.0,1.0,543.0,32.0,-0.0030632107251067353,-0.0017650185808415486,2048.0,32768.0,6400000.0
1.0,16.0,8.0,1.0,1.0,1.0,543.0,32.0,-0.0030632107251067353,-0.0017650185808415486,2048.0,0.03125,6400000.0
1.0,16.0,8.0,1.0,1.0,1.0,543.0,32.0,-0.0030632107251067353,-0.0017650185808415486,4096.0,0.25,6400000.0
1.0,16.0,8.0,1.0,1.0,1.0,543.0,32.0,-0.0030632107251067353,-0.0017650185808415486,2048.0,32.0,6400000.0
1.0,16.0,8.0,1.0,1.0,1.0,543.0,32.0,-0.0030632107251067353,-0.0017650185808415486,4096.0,256.0,6400000.0
1.0,16.0,8.0,1.0,1.0,1.0,543.0,32.0,-0.0030632107251067353,-0.0017650185808415486,8192.0,0.00195312,6400000.0
1.0,16.0,8.0,1.0,1.0,1.0,543.0,32.0,-0.0030632107251067353,-0.0017650185808415486,4.0,512.0,6400000.0
1.0,1.0,2.0,1.0,1.0,1.0,39.0,32.0,-0.0030632107251067353,-0.0017650185808415486,32768.0,512.0,6400000.0
1.0,16.0,8.0,1.0,1.0,1.0,543.0,32.0,-0.0030632107251067353,-0.0017650185808415486,8192.0,2.0,6400000.0
1.0,16.0,8.0,1.0,1.0,1.0,543.0,32.0,-0.0030632107251067353,-0.0017650185808415486,16384.0,16.0,6400000.0
1.0,16.0,8.0,1.0,1.0,1.0,543.0,32.0,-0.0030632107251067353,-0.0017650185808415486,16384.0,16384.0,6400000.0
1.0,16.0,8.0,1.0,1.0,1.0,543.0,32.0,-0.0030632107251067353,-0.0017650185808415486,32768.0,0.125,6400000.0
1.0,16.0,8.0,1.0,1.0,1.0,543.0,32.0,-0.0030632107251067353,-0.0017650185808415486,8.0,4096.0,6400000.0
1.0,16.0,8.0,1.0,1.0,1.0,543.0,32.0,-0.0030632107251067353,-0.0017650185808415486,8192.0,2048.0,6400000.0
16.0,16.0,8.0,3.0,677.0,496.0,24480.0,77312.0,0.3186117295194273,0.32505463060016626,8.0,0.00390625,6400000.0
32.0,32.0,1.0,6.0,88.0,64.0,2585.0,6144.0,0.30248454335284103,0.311844182272242,0.0,1.0,6400000.0
1.0,16.0,8.0,1.0,1.0,1.0,543.0,32.0,-0.0030632107251067353,-0.0017650185808415486,32768.0,128.0,6400000.0
1.0,16.0,8.0,1.0,1.0,1.0,543.0,32.0,-0.0030632107251067353,-0.0017650185808415486,16384.0,0.015625,6400000.0
1.0,1.0,4.0,7.0,31.0,16.0,935.0,2432.0,0.06453061417624306,0.06820844800405634,0.0,0.00390625,6400000.0
32.0,32.0,1.0,6.0,90.0,64.0,2618.0,6144.0,0.30229588022189646,0.31191481757071426,0.000976562,0.0078125,6400000.0
32.0,32.0,1.0,6.0,90.0,64.0,2618.0,6144.0,0.30229588022189646,0.31191481757071426,0.0,0.000976562,6400000.0
16.0,16.0,8.0,3.0,101.0,76.0,5138.0,10112.0,0.30076468106034104,0.30837945763416685,8.0,4.0,6400000.0
1.0,32.0,1.0,1.0,1.0,1.0,35.0,32.0,-0.0030632107251067353,-0.0017650185808415486,0.0,1024.0,6400000.0
32.0,32.0,1.0,6.0,90.0,64.0,2618.0,6144.0,0.30229588022189646,0.31191481757071426,0.00195312,0.0625,6400000.0
1.0,16.0,8.0,1.0,1.0,1.0,543.0,32.0,-0.0030632107251067353,-0.0017650185808415486,16.0,32768.0,6400000.0
1.0,32.0,1.0,1.0,1.0,1.0,35.0,32.0,-0.0030632107251067353,-0.0017650185808415486,0.000976562,8192.0,6400000.0
16.0,16.0,8.0,3.0,658.0,496.0,24306.0,77312.0,0.31292502159984203,0.3187515450103622,16.0,0.03125,6400000.0
8.0,16.0,8.0,2.0,22.0,16.0,1924.0,1536.0,0.184803559555608,0.19082719424152972,16.0,32.0,6400000.0
22.0,32.0,1.0,3.0,61.0,44.0,1728.0,4224.0,0.27209781390772547,0.2796723898647334,0.000976562,8.0,6400000.0
16.0,16.0,8.0,2.0,187.0,160.0,8647.0,23552.0,0.24957863777751488,0.26028929779951093,32.0,0.25,6400000.0
3.0,32.0,1.0,2.0,9.0,6.0,279.0,576.0,0.10115259004895938,0.10346957106453547,0.00195312,64.0,6400000.0
1.0,1.0,2.0,1.0,1.0,1.0,39.0,32.0,-0.0030632107251067353,-0.0017650185808415486,32768.0,0.000976562,6400000.0
1.0,16.0,8.0,1.0,1.0,1.0,543.0,32.0,-0.0030632107251067353,-0.0017650185808415486,128.0,16.0,6400000.0
16.0,16.0,8.0,2.0,613.0,496.0,23503.0,77312.0,0.2454166240384823,0.25489152472234367,64.0,0.00195312,6400000.0
1.0,1.0,4.0,4.0,13.0,7.0,410.0,992.0,0.057805003399450605,0.060993872308649943,0.0,4.0,6400000.0
1.0,32.0,1.0,1.0,1.0,1.0,35.0,32.0,-0.0030632107251067353,-0.0017650185808415486,0.00390625,512.0,6400000.0
32.0,32.0,1.0,6.0,88.0,64.0,2585.0,6144.0,0.3024843447800596,0.31184490631862416,0.00390625,0.5,6400000.0
32.0,32.0,1.0,6.0,90.0,64.0,2618.0,6144.0,0.30229588022189646,0.31191481757071426,0.00390625,0.0,6400000.0
1.0,16.0,8.0,1.0,1.0,1.0,543.0,32.0,-0.0030632107251067353,-0.0017650185808415486,64.0,2048.0,6400000.0
32.0,32.0,1.0,6.0,88.0,64.0,2585.0,6144.0,0.30247959677828185,0.31184224297834695,0.0078125,4.0,6400000.0
1.0,16.0,8.0,1.0,1.0,1.0,543.0,32.0,-0.0030632107251067353,-0.0017650185808415486,128.0,0.015625,6400000.0
1.0,16.0,8.0,1.0,1.0,1.0,543.0,32.0,-0.0030632107251067353,-0.0017650185808415486,32.0,256.0,6400000.0
16.0,16.0,8.0,2.0,81.0,64.0,4418.0,8192.0,0.24907016180659447,0.2576239915374787,64.0,2.0,6400000.0
32.0,32.0,1.0,6.0,90.0,64.0,2618.0,6144.0,0.30229595627835226,0.31191479707012826,0.0078125,0.00390625,6400000.0
1.0,16.0,8.0,1.0,1.0,1.0,543.0,32.0,-0.0030632107251067353,-0.0017650185808415486,128.0,16384.0,6400000.0
1.0,32.0,1.0,1.0,1.0,1.0,35.0,32.0,-0.0030632107251067353,-0.0017650185808415486,0.015625,32768.0,6400000.0
32.0,32.0,1.0,6.0,90.0,64.0,2618.0,6144.0,0.30229595627835226,0.31191479707012826,0.015625,0.03125,6400000.0
1.0,16.0,8.0,1.0,1.0,1.0,543.0,32.0,-0.0030632107251067353,-0.0017650185808415486,1024.0,0.0078125,6400000.0
8.0,32.0,1.0,2.0,22.0,16.0,654.0,1536.0,0.184803559555608,0.19082719424152972,0.015625,32.0,6400000.0
1.0,1.0,2.0,1.0,1.0,1.0,39.0,32.0,-0.0030632107251067353,-0.0017650185808415486,32768.0,1.0,6400000.0
32.0,32.0,1.0,6.0,88.0,64.0,2585.0,6144.0,0.3024856641081587,0.31184592751888207,0.03125,0.25,6400000.0
1.0,16.0,8.0,1.0,1.0,1.0,543.0,32.0,-0.0030632107251067353,-0.0017650185808415486,256.0,0.125,6400000.0
1.0,32.0,1.0,1.0,1.0,1.0,35.0,32.0,-0.0030632107251067353,-0.0017650185808415486,0.0078125,4096.0,6400000.0
1.0,16.0,8.0,1.0,1.0,1.0,543.0,32.0,-0.0030632107251067353,-0.0017650185808415486,512.0,1024.0,6400000.0
1.0,16.0,8.0,1.0,1.0,1.0,543.0,32.0,-0.0030632107251067353,-0.0017650185808415486,1024.0,8192.0,6400000.0
1.0,16.0,8.0,1.0,1.0,1.0,543.0,32.0,-0.0030632107251067353,-0.0017650185808415486,512.0,0.000976562,6400000.0
1.0,16.0,8.0,1.0,1.0,1.0,543.0,32.0,-0.0030632107251067353,-0.0017650185808415486,1024.0,8.0,6400000.0
1.0,16.0,8.0,1.0,1.0,1.0,543.0,32.0,-0.0030632107251067353,-0.0017650185808415486,512.0,1.0,6400000.0
1.0,16.0,8.0,1.0,1.0,1.0,543.0,32.0,-0.0030632107251067353,-0.0017650185808415486,256.0,128.0,6400000.0
1.0,16.0,8.0,1.0,1.0,1.0,543.0,32.0,-0.0030632107251067353,-0.0017650185808415486,4096.0,0.5,6400000.0
1.0,16.0,8.0,1.0,1.0,1.0,543.0,32.0,-0.0030632107251067353,-0.0017650185808415486,4096.0,0.0,6400000.0
1.0,16.0,8.0,1.0,1.0,1.0,543.0,32.0,-0.0030632107251067353,-0.0017650185808415486,2048.0,0.0625,6400000.0
1.0,16.0,8.0,1.0,1.0,1.0,543.0,32.0,-0.0030632107251067353,-0.0017650185808415486,2048.0,64.0,6400000.0
1.0,16.0,8.0,1.0,1.0,1.0,543.0,32.0,-0.0030632107251067353,-0.0017650185808415486,4.0,1024.0,6400000.0
1.0,16.0,8.0,1.0,1.0,1.0,543.0,32.0,-0.0030632107251067353,-0.0017650185808415486,4096.0,512.0,6400000.0
1.0,16.0,8.0,1.0,1.0,1.0,543.0,32.0,-0.0030632107251067353,-0.0017650185808415486,8192.0,0.00390625,6400000.0
1.0,1.0,2.0,1.0,1.0,1.0,39.0,32.0,-0.0030632107251067353,-0.0017650185808415486,32768.0,1024.0,6400000.0
1.0,16.0,8.0,1.0,1.0,1.0,543.0,32.0,-0.0030632107251067353,-0.0017650185808415486,8192.0,4.0,6400000.0
1.0,16.0,8.0,1.0,1.0,1.0,543.0,32.0,-0.0030632107251067353,-0.0017650185808415486,16384.0,32.0,6400000.0
1.0,16.0,8.0,1.0,1.0,1.0,543.0,32.0,-0.0030632107251067353,-0.0017650185808415486,16384.0,32768.0,6400000.0
1.0,16.0,8.0,1.0,1.0,1.0,543.0,32.0,-0.0030632107251067353,-0.0017650185808415486,32768.0,0.25,6400000.0
1.0,16.0,8.0,1.0,1.0,1.0,543.0,32.0,-0.0030632107251067353,-0.0017650185808415486,8.0,8192.0,6400000.0
32.0,32.0,1.0,6.0,88.0,64.0,2585.0,6144.0,0.30247959677828185,0.31184224297834695,0.0,2.0,6400000.0
1.0,16.0,8.0,1.0,1.0,1.0,543.0,32.0,-0.0030632107251067353,-0.0017650185808415486,8192.0,4096.0,6400000.0
16.0,16.0,8.0,3.0,676.0,496.0,24510.0,77312.0,0.32009162245368017,0.32501338048462625,8.0,0.0078125,6400000.0
1.0,16.0,8.0,1.0,1.0,1.0,543.0,32.0,-0.0030632107251067353,-0.0017650185808415486,32768.0,256.0,6400000.0
1.0,16.0,8.0,1.0,1.0,1.0,543.0,32.0,-0.0030632107251067353,-0.0017650185808415486,16384.0,0.03125,6400000.0
32.0,32.0,1.0,6.0,90.0,64.0,2618.0,6144.0,0.30229588022189646,0.31191481757071426,0.0,0.00195312,6400000.0
32.0,32.0,1.0,6.0,90.0,64.0,2618.0,6144.0,0.30229588022189646,0.31191481757071426,0.000976562,0.015625,6400000.0
1.0,1.0,4.0,7.0,31.0,16.0,935.0,2432.0,0.06453061417624306,0.06820844800405634,0.0,0.0078125,6400000.0
16.0,16.0,8.0,2.0,611.0,496.0,23563.0,77312.0,0.24627273660488624,0.25436985910380894,32.0,0.0,6400000.0
1.0,32.0,1.0,1.0,1.0,1.0,35.0,32.0,-0.0030632107251067353,-0.0017650185808415486,0.0,2048.0,6400000.0
1.0,32.0,1.0,1.0,1.0,1.0,35.0,32.0,-0.0030632107251067353,-0.0017650185808415486,0.000976562,16384.0,6400000.0
16.0,16.0,8.0,3.0,648.0,496.0,24048.0,77312.0,0.31480213335966734,0.31939477170236974,16.0,0.0625,6400000.0
32.0,32.0,1.0,6.0,89.0,64.0,2617.0,6144.0,0.30222593054744085,0.3118593297948782,0.00195312,0.125,6400000.0
16.0,16.0,8.0,3.0,67.0,47.0,3700.0,5472.0,0.28428173420704106,0.29213228260301216,8.0,8.0,6400000.0
12.0,32.0,1.0,3.0,33.0,24.0,937.0,2304.0,0.22058073034453196,0.22746378695664926,0.000976562,16.0,6400000.0
3.0,16.0,8.0,2.0,9.0,6.0,1295.0,576.0,0.10115259004895938,0.10346957106453547,16.0,64.0,6400000.0
16.0,16.0,8.0,2.0,131.0,112.0,6452.0,15872.0,0.2517968382980551,0.26120093619673457,32.0,0.5,6400000.0
1.0,32.0,1.0,1.0,1.0,1.0,35.0,32.0,-0.0030632107251067353,-0.0017650185808415486,0.00195312,128.0,6400000.0
1.0,16.0,8.0,1.0,1.0,1.0,543.0,32.0,-0.0030632107251067353,-0.0017650185808415486,128.0,32.0,6400000.0
16.0,16.0,8.0,2.0,613.0,496.0,23627.0,77312.0,0.24611297473454985,0.2549153063844971,64.0,0.00390625,6400000.0
1.0,1.0,2.0,1.0,1.0,1.0,39.0,32.0,-0.0030632107251067353,-0.0017650185808415486,32768.0,0.00195312,6400000.0
1.0,32.0,1.0,1.0,1.0,1.0,35.0,32.0,-0.0030632107251067353,-0.0017650185808415486,0.00390625,1024.0,6400000.0
1.0,1.0,4.0,3.0,5.0,3.0,194.0,352.0,0.048146068319603885,0.051476191507202285,0.0,8.0,6400000.0
32.0,32.0,1.0,6.0,88.0,64.0,2585.0,6144.0,0.30248454335284103,0.311844182272242,0.00390625,1.0,6400000.0
1.0,16.0,8.0,1.0,1.0,1.0,543.0,32.0,-0.0030632107251067353,-0.0017650185808415486,128.0,0.03125,6400000.0
1.0,16.0,8.0,1.0,1.0,1.0,543.0,32.0,-0.0030632107251067353,-0.0017650185808415486,32.0,512.0,6400000.0
32.0,32.0,1.0,6.0,90.0,64.0,2618.0,6144.0,0.30229595627835226,0.31191479707012826,0.03125,0.0,6400000.0
1.0,16.0,8.0,1.0,1.0,1.0,543.0,32.0,-0.0030632107251067353,-0.0017650185808415486,128.0,32768.0,6400000.0
32.0,32.0,1.0,6.0,90.0,64.0,2618.0,6144.0,0.30229595627835226,0.31191479707012826,0.0078125,0.0078125,6400000.0
32.0,32.0,1.0,6.0,88.0,64.0,2585.0,6144.0,0.3024844044625239,0.3118448791443038,0.03125,0.5,6400000.0
32.0,32.0,1.0,6.0,90.0,64.0,2618.0,6144.0,0.30229588022189646,0.31191481757071426,0.00390625,0.000976562,6400000.0
1.0,32.0,1.0,1.0,1.0,1.0,35.0,32.0,-0.0030632107251067353,-0.0017650185808415486,0.0078125,8192.0,6400000.0
22.0,32.0,1.0,3.0,61.0,44.0,1728.0,4224.0,0.27209781390772547,0.2796723898647334,0.0078125,8.0,6400000.0
1.0,16.0,8.0,1.0,1.0,1.0,543.0,32.0,-0.0030632107251067353,-0.0017650185808415486,64.0,4096.0,6400000.0
1.0,16.0,8.0,1.0,1.0,1.0,543.0,32.0,-0.0030632107251067353,-0.0017650185808415486,512.0,2.0,6400000.0
3.0,32.0,1.0,2.0,9.0,6.0,279.0,576.0,0.10115259004895938,0.10346957106453547,0.015625,64.0,6400000.0
1.0,16.0,8.0,1.0,1.0,1.0,543.0,32.0,-0.0030632107251067353,-0.0017650185808415486,256.0,0.25,6400000.0
1.0,1.0,2.0,1.0,1.0,1.0,39.0,32.0,-0.0030632107251067353,-0.0017650185808415486,32768.0,2.0,6400000.0
16.0,16.0,8.0,2.0,68.0,53.0,3909.0,6432.0,0.24622107867045695,0.25350735692542625,64.0,4.0,6400000.0
1.0,16.0,8.0,1.0,1.0,1.0,543.0,32.0,-0.0030632107251067353,-0.0017650185808415486,256.0,256.0,6400000.0
32.0,32.0,1.0,6.0,90.0,64.0,2618.0,6144.0,0.30229595627835226,0.31191479707012826,0.015625,0.0625,6400000.0
1.0,16.0,8.0,1.0,1.0,1.0,543.0,32.0,-0.0030632107251067353,-0.0017650185808415486,1024.0,16384.0,6400000.0
1.0,16.0,8.0,1.0,1.0,1.0,543.0,32.0,-0.0030632107251067353,-0.0017650185808415486,512.0,2048.0,6400000.0
1.0,16.0,8.0,1.0,1.0,1.0,543.0,32.0,-0.0030632107251067353,-0.0017650185808415486,1024.0,16.0,6400000.0
1.0,16.0,8.0,1.0,1.0,1.0,543.0,32.0,-0.0030632107251067353,-0.0017650185808415486,512.0,0.00195312,6400000.0
1.0,16.0,8.0,1.0,1.0,1.0,543.0,32.0,-0.0030632107251067353,-0.0017650185808415486,1024.0,0.015625,6400000.0
1.0,16.0,8.0,1.0,1.0,1.0,543.0,32.0,-0.0030632107251067353,-0.0017650185808415486,4096.0,0.000976562,6400000.0
1.0,16.0,8.0,1.0,1.0,1.0,543.0,32.0,-0.0030632107251067353,-0.0017650185808415486,2048.0,128.0,6400000.0
1.0,16.0,8.0,1.0,1.0,1.0,543.0,32.0,-0.0030632107251067353,-0.0017650185808415486,4096.0,1024.0,6400000.0
1.0,16.0,8.0,1.0,1.0,1.0,543.0,32.0,-0.0030632107251067353,-0.0017650185808415486,8192.0,0.0078125,6400000.0
1.0,16.0,8.0,1.0,1.0,1.0,543.0,32.0,-0.0030632107251067353,-0.0017650185808415486,4.0,2048.0,6400000.0
1.0,16.0,8.0,1.0,1.0,1.0,543.0,32.0,-0.0030632107251067353,-0.0017650185808415486,2048.0,0.125,6400000.0
1.0,16.0,8.0,1.0,1.0,1.0,543.0,32.0,-0.0030632107251067353,-0.0017650185808415486,4096.0,1.0,6400000.0
1.0,1.0,2.0,1.0,1.0,1.0,39.0,32.0,-0.0030632107251067353,-0.0017650185808415486,32768.0,2048.0,6400000.0
1.0,16.0,8.0,1.0,1.0,1.0,543.0,32.0,-0.0030632107251067353,-0.0017650185808415486,16384.0,64.0,6400000.0
1.0,16.0,8.0,1.0,1.0,1.0,543.0,32.0,-0.0030632107251067353,-0.0017650185808415486,8192.0,8.0,6400000.0
1.0,16.0,8.0,1.0,1.0,1.0,543.0,32.0,-0.0030632107251067353,-0.0017650185808415486,32768.0,0.5,6400000.0
1.0,16.0,8.0,1.0,1.0,1.0,543.0,32.0,-0.0030632107251067353,-0.0017650185808415486,32768.0,0.0,6400000.0
1.0,16.0,8.0,1.0,1.0,1.0,543.0,32.0,-0.0030632107251067353,-0.0017650185808415486,8.0,16384.0,6400000.0
32.0,32.0,1.0,6.0,88.0,64.0,2585.0,6144.0,0.30247959677828185,0.31184224297834695,0.0,4.0,6400000.0
16.0,16.0,8.0,3.0,673.0,496.0,24445.0,77312.0,0.3220896827816785,0.3274401712238265,8.0,0.015625,6400000.0
1.0,16.0,8.0,1.0,1.0,1.0,543.0,32.0,-0.0030632107251067353,-0.0017650185808415486,8192.0,8192.0,6400000.0
1.0,16.0,8.0,1.0,1.0,1.0,543.0,32.0,-0.0030632107251067353,-0.0017650185808415486,16384.0,0.0625,6400000.0
32.0,32.0,1.0,6.0,90.0,64.0,2618.0,6144.0,0.30229588022189646,0.31191481757071426,0.000976562,0.03125,6400000.0
1.0,1.0,4.0,7.0,31.0,16.0,935.0,2432.0,0.06453061417624306,0.06820844800405634,0.0,0.015625,6400000.0
1.0,16.0,8.0,1.0,1.0,1.0,543.0,32.0,-0.0030632107251067353,-0.0017650185808415486,32768.0,512.0,6400000.0
16.0,16.0,8.0,2.0,618.0,496.0,23632.0,77312.0,0.24502855924998757,0.2547840374381908,32.0,0.000976562,6400000.0
1.0,32.0,1.0,1.0,1.0,1.0,35.0,32.0,-0.0030632107251067353,-0.0017650185808415486,0.0,4096.0,6400000.0
32.0,32.0,1.0,6.0,90.0,64.0,2618.0,6144.0,0.30229588022189646,0.31191481757071426,0.0,0.00390625,6400000.0
11.0,16.0,8.0,2.0,30.0,22.0,2384.0,2112.0,0.211815897449531,0.21820531799146736,8.0,16.0,6400000.0
8.0,32.0,1.0,2.0,22.0,16.0,654.0,1536.0,0.184803559555608,0.19082719424152972,0.000976562,32.0,6400000.0
1.0,32.0,1.0,1.0,1.0,1.0,35.0,32.0,-0.0030632107251067353,-0.0017650185808415486,0.000976562,32768.0,6400000.0
32.0,32.0,1.0,6.0,88.0,64.0,2585.0,6144.0,0.3024856042867555,0.31184595462585785,0.00195312,0.25,6400000.0
16.0,16.0,8.0,3.0,556.0,438.0,20896.0,68032.0,0.3165837416886179,0.32308562787999506,16.0,0.125,6400000.0
1.0,16.0,8.0,1.0,1.0,1.0,543.0,32.0,-0.0030632107251067353,-0.0017650185808415486,16.0,128.0,6400000.0
16.0,16.0,8.0,2.0,611.0,496.0,23594.0,77312.0,0.2456727641921872,0.2547737787725265,64.0,0.0078125,6400000.0
1.0,32.0,1.0,1.0,1.0,1.0,35.0,32.0,-0.0030632107251067353,-0.0017650185808415486,0.00195312,256.0,6400000.0
16.0,16.0,8.0,2.0,93.0,76.0,5087.0,10112.0,0.24806031399685258,0.2585589267558889,32.0,1.0,6400000.0
1.0,1.0,2.0,1.0,1.0,1.0,39.0,32.0,-0.0030632107251067353,-0.0017650185808415486,32768.0,0.00390625,6400000.0
1.0,16.0,8.0,1.0,1.0,1.0,543.0,32.0,-0.0030632107251067353,-0.0017650185808415486,128.0,64.0,6400000.0
1.0,1.0,4.0,3.0,5.0,3.0,194.0,352.0,0.048146068319603885,0.051476191507202285,0.0,16.0,6400000.0
1.0,32.0,1.0,1.0,1.0,1.0,35.0,32.0,-0.0030632107251067353,-0.0017650185808415486,0.00390625,2048.0,6400000.0
32.0,32.0,1.0,6.0,88.0,64.0,2585.0,6144.0,0.30247959677828185,0.31184224297834695,0.00390625,2.0,6400000.0
1.0,16.0,8.0,1.0,1.0,1.0,543.0,32.0,-0.0030632107251067353,-0.0017650185808415486,32.0,1024.0,6400000.0
1.0,16.0,8.0,1.0,1.0,1.0,543.0,32.0,-0.0030632107251067353,-0.0017650185808415486,128.0,0.0625,6400000.0
32.0,32.0,1.0,6.0,88.0,64.0,2585.0,6144.0,0.30248460297207713,0.31184415499637164,0.03125,1.0,6400000.0
1.0,16.0,8.0,1.0,1.0,1.0,543.0,32.0,-0.0030632107251067353,-0.0017650185808415486,256.0,0.0,6400000.0
32.0,32.0,1.0,6.0,90.0,64.0,2618.0,6144.0,0.30229588022189646,0.31191481757071426,0.00390625,0.00195312,6400000.0
12.0,32.0,1.0,3.0,33.0,24.0,937.0,2304.0,0.22058073034453196,0.22746378695664926,0.0078125,16.0,6400000.0
32.0,32.0,1.0,6.0,90.0,64.0,2618.0,6144.0,0.30229595627835226,0.31191479707012826,0.03125,0.000976562,6400000.0
32.0,32.0,1.0,6.0,90.0,64.0,2618.0,6144.0,0.30229595627835226,0.31191479707012826,0.0078125,0.015625,6400000.0
1.0,16.0,8.0,1.0,1.0,1.0,543.0,32.0,-0.0030632107251067353,-0.0017650185808415486,64.0,8192.0,6400000.0
1.0,16.0,8.0,1.0,1.0,1.0,543.0,32.0,-0.0030632107251067353,-0.0017650185808415486,512.0,4.0,6400000.0
32.0,32.0,1.0,6.0,89.0,64.0,2617.0,6144.0,0.30222600599049476,0.3118593088232947,0.015625,0.125,6400000.0
15.0,16.0,8.0,2.0,47.0,34.0,3196.0,3520.0,0.23483331904090687,0.24244665993785774,64.0,8.0,6400000.0
1.0,16.0,8.0,1.0,1.0,1.0,543.0,32.0,-0.0030632107251067353,-0.0017650185808415486,256.0,512.0,6400000.0
1.0,32.0,1.0,1.0,1.0,1.0,35.0,32.0,-0.0030632107251067353,-0.0017650185808415486,0.0078125,16384.0,6400000.0
1.0,16.0,8.0,1.0,1.0,1.0,543.0,32.0,-0.0030632107251067353,-0.0017650185808415486,1024.0,0.03125,6400000.0
1.0,16.0,8.0,1.0,1.0,1.0,543.0,32.0,-0.0030632107251067353,-0.0017650185808415486,512.0,4096.0,6400000.0
1.0,16.0,8.0,1.0,1.0,1.0,543.0,32.0,-0.0030632107251067353,-0.0017650185808415486,1024.0,32.0,6400000.0
1.0,32.0,1.0,1.0,1.0,1.0,35.0,32.0,-0.0030632107251067353,-0.0017650185808415486,0.015625,128.0,6400000.0
1.0,1.0,2.0,1.0,1.0,1.0,39.0,32.0,-0.0030632107251067353,-0.0017650185808415486,32768.0,4.0,6400000.0
1.0,16.0,8.0,1.0,1.0,1.0,543.0,32.0,-0.0030632107251067353,-0.0017650185808415486,256.0,0.5,6400000.0
1.0,16.0,8.0,1.0,1.0,1.0,543.0,32.0,-0.0030632107251067353,-0.0017650185808415486,512.0,0.00390625,6400000.0
1.0,16.0,8.0,1.0,1.0,1.0,543.0,32.0,-0.0030632107251067353,-0.0017650185808415486,1024.0,32768.0,6400000.0
1.0,16.0,8.0,1.0,1.0,1.0,543.0,32.0,-0.0030632107251067353,-0.0017650185808415486,2048.0,256.0,6400000.0
1.0,16.0,8.0,1.0,1.0,1.0,543.0,32.0,-0.0030632107251067353,-0.0017650185808415486,4096.0,0.00195312,6400000.0
1.0,16.0,8.0,1.0,1.0,1.0,543.0,32.0,-0.0030632107251067353,-0.0017650185808415486,4096.0,2048.0,6400000.0
1.0,16.0,8.0,1.0,1.0,1.0,543.0,32.0,-0.0030632107251067353,-0.0017650185808415486,2048.0,0.25,6400000.0
1.0,16.0,8.0,1.0,1.0,1.0,543.0,32.0,-0.0030632107251067353,-0.0017650185808415486,8192.0,0.015625,6400000.0
1.0,16.0,8.0,1.0,1.0,1.0,543.0,32.0,-0.0030632107251067353,-0.0017650185808415486,4096.0,2.0,6400000.0
1.0,16.0,8.0,1.0,1.0,1.0,543.0,32.0,-0.0030632107251067353,-0.0017650185808415486,4.0,4096.0,6400000.0
1.0,16.0,8.0,1.0,1.0,1.0,543.0,32.0,-0.0030632107251067353,-0.0017650185808415486,16384.0,128.0,6400000.0
1.0,1.0,2.0,1.0,1.0,1.0,39.0,32.0,-0.0030632107251067353,-0.0017650185808415486,32768.0,4096.0,6400000.0
1.0,16.0,8.0,1.0,1.0,1.0,543.0,32.0,-0.0030632107251067353,-0.0017650185808415486,8192.0,16.0,6400000.0
1.0,16.0,8.0,1.0,1.0,1.0,543.0,32.0,-0.0030632107251067353,-0.0017650185808415486,32768.0,1.0,6400000.0
1.0,16.0,8.0,1.0,1.0,1.0,543.0,32.0,-0.0030632107251067353,-0.0017650185808415486,8.0,32768.0,6400000.0
22.0,32.0,1.0,3.0,61.0,44.0,1728.0,4224.0,0.27209781390772547,0.2796723898647334,0.0,8.0,6400000.0
1.0,16.0,8.0,1.0,1.0,1.0,543.0,32.0,-0.0030632107251067353,-0.0017650185808415486,32768.0,0.000976562,6400000.0
16.0,16.0,8.0,3.0,660.0,496.0,24246.0,77312.0,0.31679798079826504,0.3260971099018932,8.0,0.03125,6400000.0
1.0,16.0,8.0,1.0,1.0,1.0,543.0,32.0,-0.0030632107251067353,-0.0017650185808415486,8192.0,16384.0,6400000.0
1.0,1.0,4.0,7.0,31.0,16.0,935.0,2432.0,0.06453061417624306,0.06820844800405634,0.0,0.03125,6400000.0
1.0,32.0,1.0,1.0,1.0,1.0,35.0,32.0,-0.0030632107251067353,-0.0017650185808415486,0.0,8192.0,6400000.0
32.0,32.0,1.0,6.0,90.0,64.0,2618.0,6144.0,0.30229588022189646,0.31191481757071426,0.000976562,0.0625,6400000.0
16.0,16.0,8.0,2.0,613.0,496.0,23503.0,77312.0,0.2454166240384823,0.25489152472234367,32.0,0.00195312,6400000.0
1.0,16.0,8.0,1.0,1.0,1.0,543.0,32.0,-0.0030632107251067353,-0.0017650185808415486,32768.0,1024.0,6400000.0
16.0,16.0,8.0,3.0,443.0,361.0,17405.0,55712.0,0.3152898672476049,0.3213864982379526,16.0,0.25,6400000.0
1.0,16.0,8.0,1.0,1.0,1.0,543.0,32.0,-0.0030632107251067353,-0.0017650185808415486,16384.0,0.125,6400000.0
32.0,32.0,1.0,6.0,90.0,64.0,2618.0,6144.0,0.30229588022189646,0.31191481757071426,0.0,0.0078125,6400000.0
32.0,32.0,1.0,6.0,90.0,64.0,2618.0,6144.0,0.30229588022189646,0.31191481757071426,0.00195312,0.0,6400000.0
32.0,32.0,1.0,6.0,88.0,64.0,2585.0,6144.0,0.3024843447800596,0.31184490631862416,0.00195312,0.5,6400000.0
1.0,16.0,8.0,1.0,1.0,1.0,543.0,32.0,-0.0030632107251067353,-0.0017650185808415486,16.0,256.0,6400000.0
3.0,32.0,1.0,2.0,9.0,6.0,279.0,576.0,0.10115259004895938,0.10346957106453547,0.000976562,64.0,6400000.0
8.0,16.0,8.0,2.0,22.0,16.0,1924.0,1536.0,0.184803559555608,0.19082719424152972,8.0,32.0,6400000.0
1.0,32.0,1.0,1.0,1.0,1.0,35.0,32.0,-0.0030632107251067353,-0.0017650185808415486,0.00195312,512.0,6400000.0
16.0,16.0,8.0,2.0,81.0,64.0,4418.0,8192.0,0.24907016180659447,0.2576239915374787,32.0,2.0,6400000.0
1.0,1.0,4.0,2.0,3.0,2.0,136.0,192.0,0.03911015413878083,0.040912063041146696,0.0,32.0,6400000.0
1.0,1.0,2.0,1.0,1.0,1.0,39.0,32.0,-0.0030632107251067353,-0.0017650185808415486,32768.0,0.0078125,6400000.0
16.0,16.0,8.0,2.0,606.0,496.0,23465.0,77312.0,0.244935809047365,0.25477987913180256,64.0,0.015625,6400000.0
1.0,16.0,8.0,1.0,1.0,1.0,543.0,32.0,-0.0030632107251067353,-0.0017650185808415486,128.0,128.0,6400000.0
1.0,32.0,1.0,1.0,1.0,1.0,35.0,32.0,-0.0030632107251067353,-0.0017650185808415486,0.00390625,4096.0,6400000.0
1.0,16.0,8.0,1.0,1.0,1.0,543.0,32.0,-0.0030632107251067353,-0.0017650185808415486,32.0,2048.0,6400000.0
1.0,16.0,8.0,1.0,1.0,1.0,543.0,32.0,-0.0030632107251067353,-0.0017650185808415486,128.0,0.125,6400000.0
32.0,32.0,1.0,6.0,88.0,64.0,2585.0,6144.0,0.30247959677828185,0.31184224297834695,0.00390625,4.0,6400000.0
32.0,32.0,1.0,6.0,88.0,64.0,2585.0,6144.0,0.3024796562082791,0.31184221526322375,0.03125,2.0,6400000.0
1.0,16.0,8.0,1.0,1.0,1.0,543.0,32.0,-0.0030632107251067353,-0.0017650185808415486,256.0,0.000976562,6400000.0
32.0,32.0,1.0,6.0,90.0,64.0,2618.0,6144.0,0.30229588022189646,0.31191481757071426,0.00390625,0.00390625,6400000.0
1.0,16.0,8.0,1.0,1.0,1.0,543.0,32.0,-0.0030632107251067353,-0.0017650185808415486,64.0,16384.0,6400000.0
8.0,32.0,1.0,2.0,22.0,16.0,654.0,1536.0,0.184803559555608,0.19082719424152972,0.0078125,32.0,6400000.0
32.0,32.0,1.0,6.0,90.0,64.0,2618.0,6144.0,0.30229595627835226,0.31191479707012826,0.03125,0.00195312,6400000.0
32.0,32.0,1.0,6.0,90.0,64.0,2618.0,6144.0,0.30229595627835226,0.31191479707012826,0.0078125,0.03125,6400000.0
1.0,16.0,8.0,1.0,1.0,1.0,543.0,32.0,-0.0030632107251067353,-0.0017650185808415486,512.0,8.0,6400000.0
1.0,32.0,1.0,1.0,1.0,1.0,35.0,32.0,-0.0030632107251067353,-0.0017650185808415486,0.015625,256.0,6400000.0
32.0,32.0,1.0,6.0,88.0,64.0,2585.0,6144.0,0.3024856641081587,0.31184592751888207,0.015625,0.25,6400000.0
1.0,16.0,8.0,1.0,1.0,1.0,543.0,32.0,-0.0030632107251067353,-0.0017650185808415486,256.0,1024.0,6400000.0
1.0,16.0,8.0,1.0,1.0,1.0,543.0,32.0,-0.0030632107251067353,-0.0017650185808415486,1024.0,64.0,6400000.0
1.0,16.0,8.0,1.0,1.0,1.0,543.0,32.0,-0.0030632107251067353,-0.0017650185808415486,1024.0,0.0625,6400000.0
1.0,16.0,8.0,1.0,1.0,1.0,543.0,32.0,-0.0030632107251067353,-0.0017650185808415486,256.0,1.0,6400000.0
1.0,1.0,2.0,1.0,1.0,1.0,39.0,32.0,-0.0030632107251067353,-0.0017650185808415486,32768.0,8.0,6400000.0
11.0,16.0,8.0,2.0,30.0,22.0,2384.0,2112.0,0.211815897449531,0.21820531799146736,64.0,16.0,6400000.0
1.0,16.0,8.0,1.0,1.0,1.0,543.0,32.0,-0.0030632107251067353,-0.0017650185808415486,512.0,8192.0,6400000.0
1.0,32.0,1.0,1.0,1.0,1.0,35.0,32.0,-0.0030632107251067353,-0.0017650185808415486,0.0078125,32768.0,6400000.0
1.0,16.0,8.0,1.0,1.0,1.0,543.0,32.0,-0.0030632107251067353,-0.0017650185808415486,2048.0,0.0,6400000.0
1.0,16.0,8.0,1.0,1.0,1.0,543.0,32.0,-0.0030632107251067353,-0.0017650185808415486,512.0,0.0078125,6400000.0
1.0,16.0,8.0,1.0,1.0,1.0,543.0,32.0,-0.0030632107251067353,-0.0017650185808415486,2048.0,512.0,6400000.0
1.0,16.0,8.0,1.0,1.0,1.0,543.0,32.0,-0.0030632107251067353,-0.0017650185808415486,4096.0,0.00390625,6400000.0
1.0,16.0,8.0,1.0,1.0,1.0,543.0,32.0,-0.0030632107251067353,-0.0017650185808415486,8192.0,0.03125,6400000.0
1.0,16.0,8.0,1.0,1.0,1.0,543.0,32.0,-0.0030632107251067353,-0.0017650185808415486,4096.0,4096.0,6400000.0
1.0,1.0,2.0,1.0,1.0,1.0,39.0,32.0,-0.0030632107251067353,-0.0017650185808415486,32768.0,8192.0,6400000.0
1.0,16.0,8.0,1.0,1.0,1.0,543.0,32.0,-0.0030632107251067353,-0.0017650185808415486,4.0,8192.0,6400000.0
1.0,16.0,8.0,1.0,1.0,1.0,543.0,32.0,-0.0030632107251067353,-0.0017650185808415486,2048.0,0.5,6400000.0
1.0,16.0,8.0,1.0,1.0,1.0,543.0,32.0,-0.0030632107251067353,-0.0017650185808415486,4096.0,4.0,6400000.0
1.0,16.0,8.0,1.0,1.0,1.0,543.0,32.0,-0.0030632107251067353,-0.0017650185808415486,32768.0,2.0,6400000.0
1.0,16.0,8.0,1.0,1.0,1.0,543.0,32.0,-0.0030632107251067353,-0.0017650185808415486,8192.0,32.0,6400000.0
1.0,16.0,8.0,1.0,1.0,1.0,543.0,32.0,-0.0030632107251067353,-0.0017650185808415486,16384.0,256.0,6400000.0
16.0,16.0,8.0,3.0,670.0,496.0,24442.0,77312.0,0.31248672333718097,0.32082540612045274,16.0,0.0,6400000.0
16.0,16.0,8.0,3.0,650.0,496.0,24174.0,77312.0,0.3158519390234742,0.3271448431275482,8.0,0.0625,6400000.0
1.0,16.0,8.0,1.0,1.0,1.0,543.0,32.0,-0.0030632107251067353,-0.0017650185808415486,32768.0,0.00195312,6400000.0
12.0,32.0,1.0,3.0,33.0,24.0,937.0,2304.0,0.22058073034453196,0.22746378695664926,0.0,16.0,6400000.0
1.0,16.0,8.0,1.0,1.0,1.0,543.0,32.0,-0.0030632107251067353,-0.0017650185808415486,8192.0,32768.0,6400000.0
1.0,32.0,1.0,1.0,1.0,1.0,35.0,32.0,-0.0030632107251067353,-0.0017650185808415486,0.0,16384.0,6400000.0
32.0,32.0,1.0,6.0,89.0,64.0,2617.0,6144.0,0.30222593054744085,0.3118593297948782,0.000976562,0.125,6400000.0
16.0,16.0,8.0,2.0,613.0,496.0,23627.0,77312.0,0.24611297473454985,0.2549153063844971,32.0,0.00390625,6400000.0
1.0,1.0,4.0,7.0,31.0,16.0,935.0,2432.0,0.06453061417624306,0.06820844800405634,0.0,0.0625,6400000.0
1.0,16.0,8.0,1.0,1.0,1.0,543.0,32.0,-0.0030632107251067353,-0.0017650185808415486,32768.0,2048.0,6400000.0
32.0,32.0,1.0,6.0,90.0,64.0,2618.0,6144.0,0.30229588022189646,0.31191481757071426,0.0,0.015625,6400000.0
16.0,16.0,8.0,3.0,242.0,193.0,10150.0,28832.0,0.31588106225800416,0.32580008562891116,16.0,0.5,6400000.0
1.0,16.0,8.0,1.0,1.0,1.0,543.0,32.0,-0.0030632107251067353,-0.0017650185808415486,16384.0,0.25,6400000.0
3.0,16.0,8.0,2.0,9.0,6.0,1295.0,576.0,0.10115259004895938,0.10346957106453547,8.0,64.0,6400000.0
1.0,1.0,2.0,1.0,1.0,1.0,39.0,32.0,-0.0030632107251067353,-0.0017650185808415486,32768.0,0.015625,6400000.0
32.0,32.0,1.0,6.0,90.0,64.0,2618.0,6144.0,0.30229588022189646,0.31191481757071426,0.00195312,0.000976562,6400000.0
32.0,32.0,1.0,6.0,88.0,64.0,2585.0,6144.0,0.30248454335284103,0.311844182272242,0.00195312,1.0,6400000.0
1.0,16.0,8.0,1.0,1.0,1.0,543.0,32.0,-0.0030632107251067353,-0.0017650185808415486,16.0,512.0,6400000.0
1.0,1.0,4.0,2.0,3.0,2.0,136.0,192.0,0.03911015413878083,0.040912063041146696,0.0,64.0,6400000.0
1.0,32.0,1.0,1.0,1.0,1.0,35.0,32.0,-0.0030632107251067353,-0.0017650185808415486,0.00195312,1024.0,6400000.0
1.0,16.0,8.0,1.0,1.0,1.0,543.0,32.0,-0.0030632107251067353,-0.0017650185808415486,128.0,256.0,6400000.0
1.0,32.0,1.0,1.0,1.0,1.0,35.0,32.0,-0.0030632107251067353,-0.0017650185808415486,0.000976562,128.0,6400000.0
16.0,16.0,8.0,2.0,68.0,53.0,3909.0,6432.0,0.24622107867045695,0.25350735692542625,32.0,4.0,6400000.0
16.0,16.0,8.0,2.0,594.0,495.0,23291.0,77152.0,0.24463675506613647,0.2538738767306371,64.0,0.03125,6400000.0
1.0,16.0,8.0,1.0,1.0,1.0,543.0,32.0,-0.0030632107251067353,-0.0017650185808415486,128.0,0.25,6400000.0
1.0,32.0,1.0,1.0,1.0,1.0,35.0,32.0,-0.0030632107251067353,-0.0017650185808415486,0.00390625,8192.0,6400000.0
1.0,16.0,8.0,1.0,1.0,1.0,543.0,32.0,-0.0030632107251067353,-0.0017650185808415486,32.0,4096.0,6400000.0
22.0,32.0,1.0,3.0,61.0,44.0,1728.0,4224.0,0.27209781390772547,0.2796723898647334,0.00390625,8.0,6400000.0
32.0,32.0,1.0,6.0,88.0,64.0,2585.0,6144.0,0.3024796562082791,0.31184221526322375,0.03125,4.0,6400000.0
1.0,16.0,8.0,1.0,1.0,1.0,543.0,32.0,-0.0030632107251067353,-0.0017650185808415486,256.0,0.00195312,6400000.0
32.0,32.0,1.0,6.0,90.0,64.0,2618.0,6144.0,0.30229588022189646,0.31191481757071426,0.00390625,0.0078125,6400000.0
3.0,32.0,1.0,2.0,9.0,6.0,279.0,576.0,0.10115259004895938,0.10346957106453547,0.0078125,64.0,6400000.0
1.0,16.0,8.0,1.0,1.0,1.0,543.0,32.0,-0.0030632107251067353,-0.0017650185808415486,512.0,16.0,6400000.0
32.0,32.0,1.0,6.0,90.0,64.0,2618.0,6144.0,0.30229595627835226,0.31191479707012826,0.03125,0.00390625,6400000.0
1.0,16.0,8.0,1.0,1.0,1.0,543.0,32.0,-0.0030632107251067353,-0.0017650185808415486,64.0,32768.0,6400000.0
32.0,32.0,1.0,6.0,88.0,64.0,2585.0,6144.0,0.3024844044625239,0.3118448791443038,0.015625,0.5,6400000.0
1.0,16.0,8.0,1.0,1.0,1.0,543.0,32.0,-0.0030632107251067353,-0.0017650185808415486,1024.0,128.0,6400000.0
1.0,32.0,1.0,1.0,1.0,1.0,35.0,32.0,-0.0030632107251067353,-0.0017650185808415486,0.015625,512.0,6400000.0
1.0,16.0,8.0,1.0,1.0,1.0,543.0,32.0,-0.0030632107251067353,-0.0017650185808415486,256.0,2048.0,6400000.0
1.0,16.0,8.0,1.0,1.0,1.0,543.0,32.0,-0.0030632107251067353,-0.0017650185808415486,2048.0,0.000976562,6400000.0
32.0,32.0,1.0,6.0,90.0,64.0,2618.0,6144.0,0.30229595627835226,0.31191479707012826,0.0078125,0.0625,6400000.0
1.0,16.0,8.0,1.0,1.0,1.0,543.0,32.0,-0.0030632107251067353,-0.0017650185808415486,256.0,2.0,6400000.0
1.0,1.0,2.0,1.0,1.0,1.0,39.0,32.0,-0.0030632107251067353,-0.0017650185808415486,32768.0,16.0,6400000.0
1.0,16.0,8.0,1.0,1.0,1.0,543.0,32.0,-0.0030632107251067353,-0.0017650185808415486,1024.0,0.125,6400000.0
1.0,16.0,8.0,1.0,1.0,1.0,543.0,32.0,-0.0030632107251067353,-0.0017650185808415486,512.0,16384.0,6400000.0
32.0,32.0,1.0,6.0,90.0,64.0,2618.0,6144.0,0.30229595627835226,0.31191479707012826,0.015625,0.0,6400000.0
1.0,16.0,8.0,1.0,1.0,1.0,543.0,32.0,-0.0030632107251067353,-0.0017650185808415486,2048.0,1024.0,6400000.0
8.0,16.0,8.0,2.0,22.0,16.0,1924.0,1536.0,0.184803559555608,0.19082719424152972,64.0,32.0,6400000.0
1.0,16.0,8.0,1.0,1.0,1.0,543.0,32.0,-0.0030632107251067353,-0.0017650185808415486,2048.0,1.0,6400000.0
1.0,16.0,8.0,1.0,1.0,1.0,543.0,32.0,-0.0030632107251067353,-0.0017650185808415486,4096.0,0.0078125,6400000.0
1.0,16.0,8.0,1.0,1.0,1.0,543.0,32.0,-0.0030632107251067353,-0.0017650185808415486,512.0,0.015625,6400000.0
1.0,16.0,8.0,1.0,1.0,1.0,543.0,32.0,-0.0030632107251067353,-0.0017650185808415486,8192.0,0.0625,6400000.0
1.0,16.0,8.0,1.0,1.0,1.0,543.0,32.0,-0.0030632107251067353,-0.0017650185808415486,4.0,16384.0,6400000.0
1.0,1.0,2.0,1.0,1.0,1.0,39.0,32.0,-0.0030632107251067353,-0.0017650185808415486,32768.0,16384.0,6400000.0
1.0,16.0,8.0,1.0,1.0,1.0,543.0,32.0,-0.0030632107251067353,-0.0017650185808415486,4096.0,8192.0,6400000.0
1.0,16.0,8.0,1.0,1.0,1.0,543.0,32.0,-0.0030632107251067353,-0.0017650185808415486,8192.0,64.0,6400000.0
1.0,16.0,8.0,1.0,1.0,1.0,543.0,32.0,-0.0030632107251067353,-0.0017650185808415486,4096.0,8.0,6400000.0
1.0,16.0,8.0,1.0,1.0,1.0,543.0,32.0,-0.0030632107251067353,-0.0017650185808415486,16384.0,512.0,6400000.0
1.0,16.0,8.0,1.0,1.0,1.0,543.0,32.0,-0.0030632107251067353,-0.0017650185808415486,32768.0,4.0,6400000.0
16.0,16.0,8.0,3.0,676.0,496.0,24541.0,77312.0,0.3110676760348067,0.32000214875148003,16.0,0.000976562,6400000.0
8.0,32.0,1.0,2.0,22.0,16.0,654.0,1536.0,0.184803559555608,0.19082719424152972,0.0,32.0,6400000.0
16.0,16.0,8.0,3.0,630.0,496.0,23583.0,77312.0,0.32105174909432566,0.3257192164896173,8.0,0.125,6400000.0
1.0,16.0,8.0,1.0,1.0,1.0,543.0,32.0,-0.0030632107251067353,-0.0017650185808415486,32768.0,0.00390625,6400000.0
1.0,16.0,8.0,1.0,1.0,1.0,543.0,32.0,-0.0030632107251067353,-0.0017650185808415486,16384.0,0.0,6400000.0
1.0,32.0,1.0,1.0,1.0,1.0,35.0,32.0,-0.0030632107251067353,-0.0017650185808415486,0.0,32768.0,6400000.0
32.0,32.0,1.0,6.0,88.0,64.0,2585.0,6144.0,0.3024856042867555,0.31184595462585785,0.000976562,0.25,6400000.0
32.0,32.0,1.0,6.0,90.0,64.0,2618.0,6144.0,0.30229588022189646,0.31191481757071426,0.0,0.03125,6400000.0
16.0,16.0,8.0,3.0,178.0,140.0,8054.0,20352.0,0.313916186601102,0.3226823666137414,16.0,1.0,6400000.0
16.0,16.0,8.0,2.0,611.0,496.0,23594.0,77312.0,0.2456727641921872,0.2547737787725265,32.0,0.0078125,6400000.0
1.0,16.0,8.0,1.0,1.0,1.0,543.0,32.0,-0.0030632107251067353,-0.0017650185808415486,32768.0,4096.0,6400000.0
1.0,1.0,4.0,7.0,31.0,16.0,935.0,2432.0,0.06453061417624306,0.06820844800405634,0.0,0.125,6400000.0
1.0,16.0,8.0,1.0,1.0,1.0,543.0,32.0,-0.0030632107251067353,-0.0017650185808415486,16384.0,0.5,6400000.0
1.0,16.0,8.0,1.0,1.0,1.0,543.0,32.0,-0.0030632107251067353,-0.0017650185808415486,8.0,128.0,6400000.0
32.0,32.0,1.0,6.0,88.0,64.0,2585.0,6144.0,0.30247959677828185,0.31184224297834695,0.00195312,2.0,6400000.0
1.0,1.0,2.0,1.0,1.0,1.0,39.0,32.0,-0.0030632107251067353,-0.0017650185808415486,32768.0,0.03125,6400000.0
1.0,16.0,8.0,1.0,1.0,1.0,543.0,32.0,-0.0030632107251067353,-0.0017650185808415486,16.0,1024.0,6400000.0
32.0,32.0,1.0,6.0,90.0,64.0,2618.0,6144.0,0.30229588022189646,0.31191481757071426,0.00195312,0.00195312,6400000.0
1.0,16.0,8.0,1.0,1.0,1.0,543.0,32.0,-0.0030632107251067353,-0.0017650185808415486,128.0,0.5,6400000.0
1.0,32.0,1.0,1.0,1.0,1.0,35.0,32.0,-0.0030632107251067353,-0.0017650185808415486,0.000976562,256.0,6400000.0
1.0,16.0,8.0,1.0,1.0,1.0,543.0,32.0,-0.0030632107251067353,-0.0017650185808415486,128.0,512.0,6400000.0
1.0,1.0,4.0,1.0,1.0,1.0,63.0,32.0,-0.0030632107251067353,-0.0017650185808415486,0.0,128.0,6400000.0
1.0,32.0,1.0,1.0,1.0,1.0,35.0,32.0,-0.0030632107251067353,-0.0017650185808415486,0.00195312,2048.0,6400000.0
16.0,16.0,8.0,2.0,522.0,442.0,20957.0,68672.0,0.2438982857071631,0.2546610678366993,64.0,0.0625,6400000.0
15.0,16.0,8.0,2.0,47.0,34.0,3196.0,3520.0,0.23483331904090687,0.24244665993785774,32.0,8.0,6400000.0
1.0,32.0,1.0,1.0,1.0,1.0,35.0,32.0,-0.0030632107251067353,-0.0017650185808415486,0.00390625,16384.0,6400000.0
1.0,16.0,8.0,1.0,1.0,1.0,543.0,32.0,-0.0030632107251067353,-0.0017650185808415486,32.0,8192.0,6400000.0
12.0,32.0,1.0,3.0,33.0,24.0,937.0,2304.0,0.22058073034453196,0.22746378695664926,0.00390625,16.0,6400000.0
32.0,32.0,1.0,6.0,90.0,64.0,2618.0,6144.0,0.30229588022189646,0.31191481757071426,0.00390625,0.015625,6400000.0
22.0,32.0,1.0,3.0,61.0,44.0,1728.0,4224.0,0.27209781390772547,0.2796723898647334,0.03125,8.0,6400000.0
1.0,16.0,8.0,1.0,1.0,1.0,543.0,32.0,-0.0030632107251067353,-0.0017650185808415486,256.0,0.00390625,6400000.0
1.0,16.0,8.0,1.0,1.0,1.0,543.0,32.0,-0.0030632107251067353,-0.0017650185808415486,128.0,0.0,6400000.0
1.0,16.0,8.0,1.0,1.0,1.0,543.0,32.0,-0.0030632107251067353,-0.0017650185808415486,512.0,32.0,6400000.0
32.0,32.0,1.0,6.0,88.0,64.0,2585.0,6144.0,0.30248460297207713,0.31184415499637164,0.015625,1.0,6400000.0
1.0,16.0,8.0,1.0,1.0,1.0,543.0,32.0,-0.0030632107251067353,-0.0017650185808415486,1024.0,256.0,6400000.0
32.0,32.0,1.0,6.0,90.0,64.0,2618.0,6144.0,0.30229595627835226,0.31191479707012826,0.03125,0.0078125,6400000.0
1.0,32.0,1.0,1.0,1.0,1.0,35.0,32.0,-0.0030632107251067353,-0.0017650185808415486,0.0078125,128.0,6400000.0
1.0,32.0,1.0,1.0,1.0,1.0,35.0,32.0,-0.0030632107251067353,-0.0017650185808415486,0.015625,1024.0,6400000.0
1.0,16.0,8.0,1.0,1.0,1.0,543.0,32.0,-0.0030632107251067353,-0.0017650185808415486,2048.0,0.00195312,6400000.0
1.0,16.0,8.0,1.0,1.0,1.0,543.0,32.0,-0.0030632107251067353,-0.0017650185808415486,256.0,4096.0,6400000.0
1.0,16.0,8.0,1.0,1.0,1.0,543.0,32.0,-0.0030632107251067353,-0.0017650185808415486,1024.0,0.25,6400000.0
1.0,16.0,8.0,1.0,1.0,1.0,543.0,32.0,-0.0030632107251067353,-0.0017650185808415486,512.0,32768.0,6400000.0
1.0,16.0,8.0,1.0,1.0,1.0,543.0,32.0,-0.0030632107251067353,-0.0017650185808415486,2048.0,2048.0,6400000.0
1.0,1.0,2.0,1.0,1.0,1.0,39.0,32.0,-0.0030632107251067353,-0.0017650185808415486,32768.0,32.0,6400000.0
1.0,16.0,8.0,1.0,1.0,1.0,543.0,32.0,-0.0030632107251067353,-0.0017650185808415486,2048.0,2.0,6400000.0
1.0,16.0,8.0,1.0,1.0,1.0,543.0,32.0,-0.0030632107251067353,-0.0017650185808415486,64.0,64.0,6400000.0
1.0,16.0,8.0,1.0,1.0,1.0,543.0,32.0,-0.0030632107251067353,-0.0017650185808415486,4096.0,0.015625,6400000.0
32.0,32.0,1.0,6.0,89.0,64.0,2617.0,6144.0,0.30222593054744085,0.3118593297948782,0.0078125,0.125,6400000.0
1.0,16.0,8.0,1.0,1.0,1.0,543.0,32.0,-0.0030632107251067353,-0.0017650185808415486,4.0,32768.0,6400000.0
1.0,16.0,8.0,1.0,1.0,1.0,543.0,32.0,-0.0030632107251067353,-0.0017650185808415486,256.0,4.0,6400000.0
1.0,16.0,8.0,1.0,1.0,1.0,543.0,32.0,-0.0030632107251067353,-0.0017650185808415486,8192.0,0.125,6400000.0
32.0,32.0,1.0,6.0,90.0,64.0,2618.0,6144.0,0.30229595627835226,0.31191479707012826,0.015625,0.000976562,6400000.0
1.0,16.0,8.0,1.0,1.0,1.0,543.0,32.0,-0.0030632107251067353,-0.0017650185808415486,8192.0,128.0,6400000.0
1.0,1.0,2.0,1.0,1.0,1.0,39.0,32.0,-0.0030632107251067353,-0.0017650185808415486,32768.0,32768.0,6400000.0
1.0,16.0,8.0,1.0,1.0,1.0,543.0,32.0,-0.0030632107251067353,-0.0017650185808415486,32768.0,8.0,6400000.0
1.0,16.0,8.0,1.0,1.0,1.0,543.0,32.0,-0.0030632107251067353,-0.0017650185808415486,16384.0,1024.0,6400000.0
1.0,16.0,8.0,1.0,1.0,1.0,543.0,32.0,-0.0030632107251067353,-0.0017650185808415486,4096.0,16384.0,6400000.0
1.0,16.0,8.0,1.0,1.0,1.0,543.0,32.0,-0.0030632107251067353,-0.0017650185808415486,512.0,0.03125,6400000.0
16.0,16.0,8.0,3.0,673.0,496.0,24476.0,77312.0,0.3107889380848956,0.31969705155813277,16.0,0.00195312,6400000.0
1.0,16.0,8.0,1.0,1.0,1.0,543.0,32.0,-0.0030632107251067353,-0.0017650185808415486,4096.0,16.0,6400000.0
16.0,16.0,8.0,3.0,493.0,402.0,19096.0,62272.0,0.3207054646925931,0.33016813408812173,8.0,0.25,6400000.0
3.0,32.0,1.0,2.0,9.0,6.0,279.0,576.0,0.10115259004895938,0.10346957106453547,0.0,64.0,6400000.0
1.0,16.0,8.0,1.0,1.0,1.0,543.0,32.0,-0.0030632107251067353,-0.0017650185808415486,16384.0,0.000976562,6400000.0
1.0,16.0,8.0,1.0,1.0,1.0,543.0,32.0,-0.0030632107251067353,-0.0017650185808415486,32768.0,0.0078125,6400000.0
32.0,32.0,1.0,6.0,90.0,64.0,2618.0,6144.0,0.30229588022189646,0.31191481757071426,0.000976562,0.0,6400000.0
32.0,32.0,1.0,6.0,88.0,64.0,2585.0,6144.0,0.3024843447800596,0.31184490631862416,0.000976562,0.5,6400000.0
1.0,16.0,8.0,1.0,1.0,1.0,543.0,32.0,-0.0030632107251067353,-0.0017650185808415486,32768.0,8192.0,6400000.0
32.0,32.0,1.0,6.0,90.0,64.0,2618.0,6144.0,0.30229588022189646,0.31191481757071426,0.0,0.0625,6400000.0
1.0,1.0,4.0,7.0,31.0,16.0,935.0,2432.0,0.06453061417624306,0.06820844800405634,0.0,0.25,6400000.0
16.0,16.0,8.0,3.0,131.0,103.0,6144.0,14432.0,0.30947269018541645,0.3168267056891717,16.0,2.0,6400000.0
1.0,16.0,8.0,1.0,1.0,1.0,543.0,32.0,-0.0030632107251067353,-0.0017650185808415486,8.0,256.0,6400000.0
16.0,16.0,8.0,2.0,606.0,496.0,23465.0,77312.0,0.244935809047365,0.25477987913180256,32.0,0.015625,6400000.0
1.0,16.0,8.0,1.0,1.0,1.0,543.0,32.0,-0.0030632107251067353,-0.0017650185808415486,16384.0,1.0,6400000.0
32.0,32.0,1.0,6.0,88.0,64.0,2585.0,6144.0,0.30247959677828185,0.31184224297834695,0.00195312,4.0,6400000.0
1.0,1.0,2.0,1.0,1.0,1.0,39.0,32.0,-0.0030632107251067353,-0.0017650185808415486,32768.0,0.0625,6400000.0
1.0,16.0,8.0,1.0,1.0,1.0,543.0,32.0,-0.0030632107251067353,-0.0017650185808415486,16.0,2048.0,6400000.0
32.0,32.0,1.0,6.0,90.0,64.0,2618.0,6144.0,0.30229588022189646,0.31191481757071426,0.00195312,0.00390625,6400000.0
1.0,32.0,1.0,1.0,1.0,1.0,35.0,32.0,-0.0030632107251067353,-0.0017650185808415486,0.000976562,512.0,6400000.0
1.0,16.0,8.0,1.0,1.0,1.0,543.0,32.0,-0.0030632107251067353,-0.0017650185808415486,128.0,1.0,6400000.0
16.0,16.0,8.0,2.0,295.0,249.0,12441.0,37792.0,0.24709136098978457,0.2594714280045636,64.0,0.125,6400000.0
11.0,16.0,8.0,2.0,30.0,22.0,2384.0,2112.0,0.211815897449531,0.21820531799146736,32.0,16.0,6400000.0
1.0,32.0,1.0,1.0,1.0,1.0,35.0,32.0,-0.0030632107251067353,-0.0017650185808415486,0.00195312,4096.0,6400000.0
1.0,16.0,8.0,1.0,1.0,1.0,543.0,32.0,-0.0030632107251067353,-0.0017650185808415486,128.0,1024.0,6400000.0
1.0,1.0,4.0,1.0,1.0,1.0,63.0,32.0,-0.0030632107251067353,-0.0017650185808415486,0.0,256.0,6400000.0
1.0,16.0,8.0,1.0,1.0,1.0,543.0,32.0,-0.0030632107251067353,-0.0017650185808415486,32.0,16384.0,6400000.0
1.0,32.0,1.0,1.0,1.0,1.0,35.0,32.0,-0.0030632107251067353,-0.0017650185808415486,0.00390625,32768.0,6400000.0
8.0,32.0,1.0,2.0,22.0,16.0,654.0,1536.0,0.184803559555608,0.19082719424152972,0.00390625,32.0,6400000.0
12.0,32.0,1.0,3.0,33.0,24.0,937.0,2304.0,0.22058073034453196,0.22746378695664926,0.03125,16.0,6400000.0
32.0,32.0,1.0,6.0,90.0,64.0,2618.0,6144.0,0.30229588022189646,0.31191481757071426,0.00390625,0.03125,6400000.0
1.0,16.0,8.0,1.0,1.0,1.0,543.0,32.0,-0.0030632107251067353,-0.0017650185808415486,128.0,0.000976562,6400000.0
1.0,16.0,8.0,1.0,1.0,1.0,543.0,32.0,-0.0030632107251067353,-0.0017650185808415486,256.0,0.0078125,6400000.0
1.0,16.0,8.0,1.0,1.0,1.0,543.0,32.0,-0.0030632107251067353,-0.0017650185808415486,512.0,64.0,6400000.0
1.0,32.0,1.0,1.0,1.0,1.0,35.0,32.0,-0.0030632107251067353,-0.0017650185808415486,0.0078125,256.0,6400000.0
32.0,32.0,1.0,6.0,90.0,64.0,2618.0,6144.0,0.30229595627835226,0.31191479707012826,0.03125,0.015625,6400000.0
32.0,32.0,1.0,6.0,88.0,64.0,2585.0,6144.0,0.3024796562082791,0.31184221526322375,0.015625,2.0,6400000.0
1.0,16.0,8.0,1.0,1.0,1.0,543.0,32.0,-0.0030632107251067353,-0.0017650185808415486,2048.0,0.00390625,6400000.0
1.0,16.0,8.0,1.0,1.0,1.0,543.0,32.0,-0.0030632107251067353,-0.0017650185808415486,1024.0,512.0,6400000.0
1.0,16.0,8.0,1.0,1.0,1.0,543.0,32.0,-0.0030632107251067353,-0.0017650185808415486,256.0,8192.0,6400000.0
1.0,16.0,8.0,1.0,1.0,1.0,543.0,32.0,-0.0030632107251067353,-0.0017650185808415486,1024.0,0.0,6400000.0
1.0,16.0,8.0,1.0,1.0,1.0,543.0,32.0,-0.0030632107251067353,-0.0017650185808415486,1024.0,0.5,6400000.0
1.0,1.0,2.0,1.0,1.0,1.0,39.0,32.0,-0.0030632107251067353,-0.0017650185808415486,32768.0,64.0,6400000.0
16.0,16.0,8.0,3.0,683.0,496.0,24548.0,77312.0,0.318119505890065,0.3262700742773381,8.0,0.0,6400000.0
1.0,16.0,8.0,1.0,1.0,1.0,543.0,32.0,-0.0030632107251067353,-0.0017650185808415486,2048.0,4096.0,6400000.0
1.0,16.0,8.0,1.0,1.0,1.0,543.0,32.0,-0.0030632107251067353,-0.0017650185808415486,2048.0,4.0,6400000.0
1.0,32.0,1.0,1.0,1.0,1.0,35.0,32.0,-0.0030632107251067353,-0.0017650185808415486,0.015625,2048.0,6400000.0
1.0,16.0,8.0,1.0,1.0,1.0,543.0,32.0,-0.0030632107251067353,-0.0017650185808415486,64.0,128.0,6400000.0
1.0,16.0,8.0,1.0,1.0,1.0,543.0,32.0,-0.0030632107251067353,-0.0017650185808415486,8192.0,0.25,6400000.0
1.0,16.0,8.0,1.0,1.0,1.0,543.0,32.0,-0.0030632107251067353,-0.0017650185808415486,8192.0,256.0,6400000.0
1.0,16.0,8.0,1.0,1.0,1.0,543.0,32.0,-0.0030632107251067353,-0.0017650185808415486,256.0,8.0,6400000.0
32.0,32.0,1.0,6.0,88.0,64.0,2585.0,6144.0,0.3024856042867555,0.31184595462585785,0.0078125,0.25,6400000.0
1.0,16.0,8.0,1.0,1.0,1.0,543.0,32.0,-0.0030632107251067353,-0.0017650185808415486,32768.0,16.0,6400000.0
1.0,16.0,8.0,1.0,1.0,1.0,543.0,32.0,-0.0030632107251067353,-0.0017650185808415486,4096.0,32768.0,6400000.0
32.0,32.0,1.0,6.0,90.0,64.0,2618.0,6144.0,0.30229595627835226,0.31191479707012826,0.015625,0.00195312,6400000.0
1.0,1.0,4.0,7.0,31.0,16.0,935.0,2432.0,0.06453061417624306,0.06820844800405634,0.0,0.0,6400000.0
1.0,16.0,8.0,1.0,1.0,1.0,543.0,32.0,-0.0030632107251067353,-0.0017650185808415486,4096.0,32.0,6400000.0
1.0,16.0,8.0,1.0,1.0,1.0,543.0,32.0,-0.0030632107251067353,-0.0017650185808415486,16384.0,2048.0,6400000.0
1.0,16.0,8.0,1.0,1.0,1.0,543.0,32.0,-0.0030632107251067353,-0.0017650185808415486,4096.0,0.03125,6400000.0
1.0,16.0,8.0,1.0,1.0,1.0,543.0,32.0,-0.0030632107251067353,-0.0017650185808415486,512.0,0.0625,6400000.0
16.0,16.0,8.0,3.0,674.0,496.0,24632.0,77312.0,0.312477675272426,0.32041692697675606,16.0,0.00390625,6400000.0
1.0,32.0,1.0,1.0,1.0,1.0,35.0,32.0,-0.0030632107251067353,-0.0017650185808415486,0.0,128.0,6400000.0
16.0,16.0,8.0,3.0,265.0,214.0,10836.0,32192.0,0.31881398927199456,0.3272162838249856,8.0,0.5,6400000.0
1.0,16.0,8.0,1.0,1.0,1.0,543.0,32.0,-0.0030632107251067353,-0.0017650185808415486,16384.0,0.00195312,6400000.0
1.0,16.0,8.0,1.0,1.0,1.0,543.0,32.0,-0.0030632107251067353,-0.0017650185808415486,32768.0,0.015625,6400000.0
32.0,32.0,1.0,6.0,90.0,64.0,2618.0,6144.0,0.30229588022189646,0.31191481757071426,0.000976562,0.000976562,6400000.0
1.0,1.0,4.0,7.0,31.0,16.0,935.0,2432.0,0.06453061417624306,0.06820844800405634,0.0,0.5,6400000.0
32.0,32.0,1.0,6.0,88.0,64.0,2585.0,6144.0,0.30248454335284103,0.311844182272242,0.000976562,1.0,6400000.0
1.0,16.0,8.0,1.0,1.0,1.0,543.0,32.0,-0.0030632107251067353,-0.0017650185808415486,32768.0,16384.0,6400000.0
32.0,32.0,1.0,6.0,89.0,64.0,2617.0,6144.0,0.30222593054744085,0.3118593297948782,0.0,0.125,6400000.0
1.0,16.0,8.0,1.0,1.0,1.0,543.0,32.0,-0.0030632107251067353,-0.0017650185808415486,8.0,512.0,6400000.0
16.0,16.0,8.0,2.0,594.0,495.0,23291.0,77152.0,0.24463675506613647,0.2538738767306371,32.0,0.03125,6400000.0
16.0,16.0,8.0,3.0,98.0,72.0,4997.0,9472.0,0.2975971281771361,0.3055391896879356,16.0,4.0,6400000.0
1.0,1.0,2.0,1.0,1.0,1.0,39.0,32.0,-0.0030632107251067353,-0.0017650185808415486,32768.0,0.125,6400000.0
1.0,16.0,8.0,1.0,1.0,1.0,543.0,32.0,-0.0030632107251067353,-0.0017650185808415486,16384.0,2.0,6400000.0
1.0,16.0,8.0,1.0,1.0,1.0,543.0,32.0,-0.0030632107251067353,-0.0017650185808415486,16.0,4096.0,6400000.0
22.0,32.0,1.0,3.0,61.0,44.0,1728.0,4224.0,0.27209781390772547,0.2796723898647334,0.00195312,8.0,6400000.0
32.0,32.0,1.0,6.0,90.0,64.0,2618.0,6144.0,0.30229588022189646,0.31191481757071426,0.00195312,0.0078125,6400000.0
1.0,16.0,8.0,1.0,1.0,1.0,543.0,32.0,-0.0030632107251067353,-0.0017650185808415486,128.0,2.0,6400000.0
1.0,32.0,1.0,1.0,1.0,1.0,35.0,32.0,-0.0030632107251067353,-0.0017650185808415486,0.000976562,1024.0,6400000.0
8.0,16.0,8.0,2.0,22.0,16.0,1924.0,1536.0,0.184803559555608,0.19082719424152972,32.0,32.0,6400000.0
1.0,32.0,1.0,1.0,1.0,1.0,35.0,32.0,-0.0030632107251067353,-0.0017650185808415486,0.00195312,8192.0,6400000.0
16.0,16.0,8.0,2.0,187.0,160.0,8647.0,23552.0,0.24957863777751488,0.26028929779951093,64.0,0.25,6400000.0
1.0,16.0,8.0,1.0,1.0,1.0,543.0,32.0,-0.0030632107251067353,-0.0017650185808415486,128.0,2048.0,6400000.0
32.0,32.0,1.0,6.0,90.0,64.0,2618.0,6144.0,0.30229595627835226,0.31191479707012826,0.0078125,0.0,6400000.0
1.0,16.0,8.0,1.0,1.0,1.0,543.0,32.0,-0.0030632107251067353,-0.0017650185808415486,128.0,0.00195312,6400000.0
1.0,1.0,4.0,1.0,1.0,1.0,63.0,32.0,-0.0030632107251067353,-0.0017650185808415486,0.0,512.0,6400000.0
3.0,32.0,1.0,2.0,9.0,6.0,279.0,576.0,0.10115259004895938,0.10346957106453547,0.00390625,64.0,6400000.0
1.0,16.0,8.0,1.0,1.0,1.0,543.0,32.0,-0.0030632107251067353,-0.0017650185808415486,32.0,32768.0,6400000.0
32.0,32.0,1.0,6.0,90.0,64.0,2618.0,6144.0,0.30229588022189646,0.31191481757071426,0.00390625,0.0625,6400000.0
8.0,32.0,1.0,2.0,22.0,16.0,654.0,1536.0,0.184803559555608,0.19082719424152972,0.03125,32.0,6400000.0
1.0,16.0,8.0,1.0,1.0,1.0,543.0,32.0,-0.0030632107251067353,-0.0017650185808415486,256.0,0.015625,6400000.0
1.0,16.0,8.0,1.0,1.0,1.0,543.0,32.0,-0.0030632107251067353,-0.0017650185808415486,512.0,128.0,6400000.0
32.0,32.0,1.0,6.0,90.0,64.0,2618.0,6144.0,0.30229595627835226,0.31191479707012826,0.03125,0.03125,6400000.0
1.0,32.0,1.0,1.0,1.0,1.0,35.0,32.0,-0.0030632107251067353,-0.0017650185808415486,0.0078125,512.0,6400000.0
32.0,32.0,1.0,6.0,88.0,64.0,2585.0,6144.0,0.3024796562082791,0.31184221526322375,0.015625,4.0,6400000.0
1.0,16.0,8.0,1.0,1.0,1.0,543.0,32.0,-0.0030632107251067353,-0.0017650185808415486,2048.0,0.0078125,6400000.0
1.0,16.0,8.0,1.0,1.0,1.0,543.0,32.0,-0.0030632107251067353,-0.0017650185808415486,1024.0,1024.0,6400000.0
1.0,16.0,8.0,1.0,1.0,1.0,543.0,32.0,-0.0030632107251067353,-0.0017650185808415486,1024.0,0.000976562,6400000.0
1.0,16.0,8.0,1.0,1.0,1.0,543.0,32.0,-0.0030632107251067353,-0.0017650185808415486,1024.0,1.0,6400000.0
1.0,1.0,2.0,1.0,1.0,1.0,39.0,32.0,-0.0030632107251067353,-0.0017650185808415486,32768.0,128.0,6400000.0
1.0,16.0,8.0,1.0,1.0,1.0,543.0,32.0,-0.0030632107251067353,-0.0017650185808415486,2048.0,8.0,6400000.0
1.0,32.0,1.0,1.0,1.0,1.0,35.0,32.0,-0.0030632107251067353,-0.0017650185808415486,0.015625,4096.0,6400000.0
1.0,16.0,8.0,1.0,1.0,1.0,543.0,32.0,-0.0030632107251067353,-0.0017650185808415486,2048.0,8192.0,6400000.0
1.0,16.0,8.0,1.0,1.0,1.0,543.0,32.0,-0.0030632107251067353,-0.0017650185808415486,256.0,16384.0,6400000.0
1.0,32.0,1.0,1.0,1.0,1.0,35.0,32.0,-0.0030632107251067353,-0.0017650185808415486,0.03125,128.0,6400000.0
1.0,16.0,8.0,1.0,1.0,1.0,543.0,32.0,-0.0030632107251067353,-0.0017650185808415486,64.0,256.0,6400000.0
1.0,16.0,8.0,1.0,1.0,1.0,543.0,32.0,-0.0030632107251067353,-0.0017650185808415486,8192.0,512.0,6400000.0
1.0,16.0,8.0,1.0,1.0,1.0,543.0,32.0,-0.0030632107251067353,-0.0017650185808415486,256.0,16.0,6400000.0
1.0,16.0,8.0,1.0,1.0,1.0,543.0,32.0,-0.0030632107251067353,-0.0017650185808415486,8192.0,0.5,6400000.0
1.0,16.0,8.0,1.0,1.0,1.0,543.0,32.0,-0.0030632107251067353,-0.0017650185808415486,32768.0,32.0,6400000.0
1.0,16.0,8.0,1.0,1.0,1.0,543.0,32.0,-0.0030632107251067353,-0.0017650185808415486,8192.0,0.0,6400000.0
1.0,16.0,8.0,1.0,1.0,1.0,543.0,32.0,-0.0030632107251067353,-0.0017650185808415486,16384.0,4096.0,6400000.0
1.0,16.0,8.0,1.0,1.0,1.0,543.0,32.0,-0.0030632107251067353,-0.0017650185808415486,4096.0,0.0625,6400000.0
32.0,32.0,1.0,6.0,90.0,64.0,2618.0,6144.0,0.30229595627835226,0.31191479707012826,0.015625,0.00390625,6400000.0
32.0,32.0,1.0,6.0,88.0,64.0,2585.0,6144.0,0.3024843447800596,0.31184490631862416,0.0078125,0.5,6400000.0
1.0,1.0,4.0,7.0,31.0,16.0,935.0,2432.0,0.06453061417624306,0.06820844800405634,0.0,0.000976562,6400000.0
1.0,16.0,8.0,1.0,1.0,1.0,543.0,32.0,-0.0030632107251067353,-0.0017650185808415486,4096.0,64.0,6400000.0
1.0,16.0,8.0,1.0,1.0,1.0,543.0,32.0,-0.0030632107251067353,-0.0017650185808415486,512.0,0.125,6400000.0
1.0,16.0,8.0,1.0,1.0,1.0,543.0,32.0,-0.0030632107251067353,-0.0017650185808415486,16384.0,0.00390625,6400000.0
1.0,32.0,1.0,1.0,1.0,1.0,35.0,32.0,-0.0030632107251067353,-0.0017650185808415486,0.0,256.0,6400000.0
1.0,16.0,8.0,1.0,1.0,1.0,543.0,32.0,-0.0030632107251067353,-0.0017650185808415486,32768.0,0.03125,6400000.0
32.0,32.0,1.0,6.0,90.0,64.0,2618.0,6144.0,0.30229595627835226,0.31191479707012826,0.0625,0.000976562,6400000.0
32.0,32.0,1.0,6.0,88.0,64.0,2585.0,6144.0,0.30248460297207713,0.31184415499637164,0.0625,1.0,6400000.0
32.0,32.0,1.0,6.0,90.0,64.0,2618.0,6144.0,0.30229588022189646,0.31191481757071426,0.000976562,0.00195312,6400000.0
32.0,32.0,1.0,6.0,88.0,64.0,2585.0,6144.0,0.30247959677828185,0.31184224297834695,0.000976562,2.0,6400000.0
1.0,1.0,4.0,7.0,28.0,15.0,835.0,2272.0,0.06413365518102998,0.06769915626143252,0.0,1.0,6400000.0
1.0,16.0,8.0,1.0,1.0,1.0,543.0,32.0,-0.0030632107251067353,-0.0017650185808415486,16384.0,4.0,6400000.0
32.0,32.0,1.0,6.0,88.0,64.0,2585.0,6144.0,0.3024856042867555,0.31184595462585785,0.0,0.25,6400000.0
1.0,16.0,8.0,1.0,1.0,1.0,543.0,32.0,-0.0030632107251067353,-0.0017650185808415486,32768.0,32768.0,6400000.0
22.0,32.0,1.0,3.0,61.0,44.0,1728.0,4224.0,0.27209781390772547,0.2796723898647334,0.125,8.0,6400000.0
12.0,32.0,1.0,3.0,33.0,24.0,937.0,2304.0,0.22058073034453196,0.22746378695664926,0.00195312,16.0,6400000.0
1.0,32.0,1.0,1.0,1.0,1.0,35.0,32.0,-0.0030632107251067353,-0.0017650185808415486,0.125,8192.0,6400000.0
1.0,1.0,4.0,1.0,1.0,1.0,63.0,32.0,-0.0030632107251067353,-0.0017650185808415486,0.0,2048.0,6400000.0
1.0,32.0,1.0,1.0,1.0,1.0,35.0,32.0,-0.0030632107251067353,-0.0017650185808415486,0.0625,1024.0,6400000.0
32.0,32.0,1.0,6.0,89.0,64.0,2617.0,6144.0,0.30222600599049476,0.3118593088232947,0.125,0.0078125,6400000.0
1.0,32.0,1.0,1.0,1.0,1.0,35.0,32.0,-0.0030632107251067353,-0.0017650185808415486,0.000976562,2048.0,6400000.0
1.0,32.0,1.0,1.0,1.0,1.0,35.0,32.0,-0.0030632107251067353,-0.0017650185808415486,0.00195312,16384.0,6400000.0
32.0,32.0,1.0,6.0,90.0,64.0,2618.0,6144.0,0.30229588022189646,0.31191481757071426,0.00195312,0.015625,6400000.0
32.0,32.0,1.0,6.0,89.0,64.0,2617.0,6144.0,0.302227619252746,0.3118593979227954,0.5,0.0,6400000.0
32.0,32.0,1.0,6.0,89.0,64.0,2617.0,6144.0,0.30222600599049476,0.3118593088232947,0.25,0.0625,6400000.0
3.0,32.0,1.0,2.0,9.0,6.0,279.0,576.0,0.10115259004895938,0.10346957106453547,0.25,64.0,6400000.0
1.0,1.0,4.0,1.0,1.0,1.0,63.0,32.0,-0.0030632107251067353,-0.0017650185808415486,0.0,1024.0,6400000.0
32.0,32.0,1.0,6.0,90.0,64.0,2618.0,6144.0,0.30229595627835226,0.31191479707012826,0.0078125,0.000976562,6400000.0
1.0,32.0,1.0,1.0,1.0,1.0,35.0,32.0,-0.0030632107251067353,-0.0017650185808415486,0.00390625,128.0,6400000.0
32.0,32.0,1.0,6.0,88.0,64.0,2585.0,6144.0,0.3024865706640981,0.311845303904015,0.5,0.5,6400000.0
1.0,32.0,1.0,1.0,1.0,1.0,35.0,32.0,-0.0030632107251067353,-0.0017650185808415486,0.5,512.0,6400000.0
32.0,32.0,1.0,6.0,89.0,64.0,2617.0,6144.0,0.30222593054744085,0.3118593297948782,0.00390625,0.125,6400000.0
3.0,32.0,1.0,2.0,9.0,6.0,279.0,576.0,0.10115259004895938,0.10346957106453547,0.03125,64.0,6400000.0
32.0,32.0,1.0,6.0,89.0,64.0,2617.0,6144.0,0.3022271396222107,0.3118590966594449,1.0,0.00390625,6400000.0
32.0,32.0,1.0,6.0,89.0,64.0,2617.0,6144.0,0.30222600599049476,0.3118593088232947,0.03125,0.0625,6400000.0
32.0,32.0,1.0,6.0,88.0,64.0,2585.0,6144.0,0.3024838993511777,0.31184373968201184,1.0,4.0,6400000.0
1.0,32.0,1.0,1.0,1.0,1.0,35.0,32.0,-0.0030632107251067353,-0.0017650185808415486,0.0078125,1024.0,6400000.0
22.0,32.0,1.0,3.0,61.0,44.0,1728.0,4224.0,0.27209781390772547,0.2796723898647334,0.015625,8.0,6400000.0
1.0,32.0,1.0,1.0,1.0,1.0,35.0,32.0,-0.0030632107251067353,-0.0017650185808415486,1.0,4096.0,6400000.0
1.0,1.0,4.0,7.0,31.0,16.0,935.0,2432.0,0.06453061417624306,0.06820844800405634,0.000976562,0.015625,6400000.0
1.0,32.0,1.0,1.0,1.0,1.0,35.0,32.0,-0.0030632107251067353,-0.0017650185808415486,0.015625,8192.0,6400000.0
8.0,32.0,1.0,2.0,22.0,16.0,654.0,1536.0,0.184803559555608,0.19082719424152972,2.0,32.0,6400000.0
1.0,32.0,1.0,1.0,1.0,1.0,35.0,32.0,-0.0030632107251067353,-0.0017650185808415486,4.0,256.0,6400000.0
32.0,32.0,1.0,3.0,89.0,64.0,2577.0,6144.0,0.29687506045573775,0.3048217167133557,4.0,0.25,6400000.0
1.0,32.0,1.0,1.0,1.0,1.0,35.0,32.0,-0.0030632107251067353,-0.0017650185808415486,0.03125,256.0,6400000.0
1.0,32.0,1.0,1.0,1.0,1.0,35.0,32.0,-0.0030632107251067353,-0.0017650185808415486,2.0,32768.0,6400000.0
32.0,32.0,1.0,5.0,90.0,64.0,2640.0,6144.0,0.29926502119447096,0.3106191663045651,2.0,0.03125,6400000.0
32.0,32.0,1.0,3.0,90.0,64.0,2609.0,6144.0,0.2969228596020492,0.30476546187338793,8.0,0.00195312,6400000.0
32.0,32.0,1.0,3.0,89.0,64.0,2577.0,6144.0,0.2949505629158443,0.30391546427196225,8.0,2.0,6400000.0
32.0,32.0,1.0,3.0,87.0,64.0,2536.0,6144.0,0.291926805614531,0.30286356670589687,16.0,0.015625,6400000.0
32.0,32.0,1.0,6.0,90.0,64.0,2618.0,6144.0,0.30229595627835226,0.31191479707012826,0.015625,0.0078125,6400000.0
32.0,32.0,1.0,6.0,88.0,64.0,2585.0,6144.0,0.30248454335284103,0.311844182272242,0.0078125,1.0,6400000.0
1.0,1.0,1.0,2.0,3.0,2.0,108.0,192.0,0.03911015413878083,0.040912063041146696,0.015625,16.0,6400000.0
11.0,32.0,1.0,2.0,30.0,22.0,860.0,2112.0,0.211815897449531,0.21820531799146736,16.0,16.0,6400000.0
1.0,32.0,1.0,1.0,1.0,1.0,35.0,32.0,-0.0030632107251067353,-0.0017650185808415486,8.0,2048.0,6400000.0
1.0,1.0,4.0,3.0,5.0,3.0,194.0,352.0,0.048146068319603885,0.051476191507202285,0.000976562,16.0,6400000.0
1.0,32.0,1.0,1.0,1.0,1.0,35.0,32.0,-0.0030632107251067353,-0.0017650185808415486,32.0,128.0,6400000.0
1.0,32.0,1.0,1.0,1.0,1.0,35.0,32.0,-0.0030632107251067353,-0.0017650185808415486,16.0,16384.0,6400000.0
32.0,32.0,1.0,2.0,82.0,64.0,2561.0,6144.0,0.25375401307087353,0.2660820235119521,64.0,0.000976562,6400000.0
32.0,32.0,1.0,6.0,90.0,64.0,2618.0,6144.0,0.30229595627835226,0.31191479707012826,0.0625,0.00195312,6400000.0
32.0,32.0,1.0,2.0,82.0,64.0,2561.0,6144.0,0.25375401307087353,0.2660820235119521,32.0,0.125,6400000.0
32.0,32.0,1.0,2.0,82.0,64.0,2561.0,6144.0,0.25375401307087353,0.2660820235119521,64.0,1.0,6400000.0
1.0,32.0,1.0,1.0,1.0,1.0,35.0,32.0,-0.0030632107251067353,-0.0017650185808415486,128.0,8.0,6400000.0
1.0,32.0,1.0,1.0,1.0,1.0,35.0,32.0,-0.0030632107251067353,-0.0017650185808415486,128.0,0.0078125,6400000.0
1.0,32.0,1.0,1.0,1.0,1.0,35.0,32.0,-0.0030632107251067353,-0.0017650185808415486,128.0,8192.0,6400000.0
1.0,32.0,1.0,1.0,1.0,1.0,35.0,32.0,-0.0030632107251067353,-0.0017650185808415486,64.0,1024.0,6400000.0
32.0,32.0,1.0,6.0,88.0,64.0,2585.0,6144.0,0.3024796562082791,0.31184221526322375,0.0625,2.0,6400000.0
1.0,1.0,4.0,1.0,1.0,1.0,63.0,32.0,-0.0030632107251067353,-0.0017650185808415486,0.000976562,16384.0,6400000.0
1.0,32.0,1.0,1.0,1.0,1.0,35.0,32.0,-0.0030632107251067353,-0.0017650185808415486,256.0,0.0625,6400000.0
1.0,32.0,1.0,1.0,1.0,1.0,35.0,32.0,-0.0030632107251067353,-0.0017650185808415486,512.0,0.0,6400000.0
1.0,32.0,1.0,1.0,1.0,1.0,35.0,32.0,-0.0030632107251067353,-0.0017650185808415486,256.0,64.0,6400000.0
1.0,1.0,4.0,1.0,1.0,1.0,63.0,32.0,-0.0030632107251067353,-0.0017650185808415486,0.0,4096.0,6400000.0
12.0,32.0,1.0,3.0,33.0,24.0,937.0,2304.0,0.22058073034453196,0.22746378695664926,0.125,16.0,6400000.0
1.0,32.0,1.0,1.0,1.0,1.0,35.0,32.0,-0.0030632107251067353,-0.0017650185808415486,512.0,0.5,6400000.0
1.0,32.0,1.0,1.0,1.0,1.0,35.0,32.0,-0.0030632107251067353,-0.0017650185808415486,0.125,16384.0,6400000.0
32.0,32.0,1.0,6.0,89.0,64.0,2617.0,6144.0,0.30222600599049476,0.3118593088232947,0.125,0.015625,6400000.0
1.0,32.0,1.0,1.0,1.0,1.0,35.0,32.0,-0.0030632107251067353,-0.0017650185808415486,0.0625,2048.0,6400000.0
1.0,32.0,1.0,1.0,1.0,1.0,35.0,32.0,-0.0030632107251067353,-0.0017650185808415486,1024.0,0.00390625,6400000.0
1.0,32.0,1.0,1.0,1.0,1.0,35.0,32.0,-0.0030632107251067353,-0.0017650185808415486,512.0,512.0,6400000.0
1.0,32.0,1.0,1.0,1.0,1.0,35.0,32.0,-0.0030632107251067353,-0.0017650185808415486,1024.0,4.0,6400000.0
1.0,32.0,1.0,1.0,1.0,1.0,35.0,32.0,-0.0030632107251067353,-0.0017650185808415486,0.25,128.0,6400000.0
1.0,32.0,1.0,1.0,1.0,1.0,35.0,32.0,-0.0030632107251067353,-0.0017650185808415486,1024.0,4096.0,6400000.0
1.0,32.0,1.0,1.0,1.0,1.0,35.0,32.0,-0.0030632107251067353,-0.0017650185808415486,0.5,1024.0,6400000.0
32.0,32.0,1.0,6.0,89.0,64.0,2617.0,6144.0,0.302227619252746,0.3118593979227954,0.5,0.000976562,6400000.0
1.0,32.0,1.0,1.0,1.0,1.0,35.0,32.0,-0.0030632107251067353,-0.0017650185808415486,2048.0,0.03125,6400000.0
1.0,32.0,1.0,1.0,1.0,1.0,35.0,32.0,-0.0030632107251067353,-0.0017650185808415486,2048.0,32768.0,6400000.0
1.0,1.0,4.0,7.0,31.0,16.0,935.0,2432.0,0.06453061417624306,0.06820844800405634,0.00195312,0.125,6400000.0
1.0,32.0,1.0,1.0,1.0,1.0,35.0,32.0,-0.0030632107251067353,-0.0017650185808415486,2048.0,32.0,6400000.0
32.0,32.0,1.0,6.0,89.0,64.0,2617.0,6144.0,0.30222600599049476,0.3118593088232947,0.25,0.125,6400000.0
32.0,32.0,1.0,6.0,88.0,64.0,2585.0,6144.0,0.3024842468909895,0.3118437423440522,0.5,1.0,6400000.0
32.0,32.0,1.0,6.0,89.0,64.0,2617.0,6144.0,0.3022271396222107,0.3118590966594449,1.0,0.0078125,6400000.0
22.0,32.0,1.0,3.0,61.0,44.0,1728.0,4224.0,0.27209781390772547,0.2796723898647334,1.0,8.0,6400000.0
1.0,32.0,1.0,1.0,1.0,1.0,35.0,32.0,-0.0030632107251067353,-0.0017650185808415486,4096.0,0.25,6400000.0
1.0,32.0,1.0,1.0,1.0,1.0,35.0,32.0,-0.0030632107251067353,-0.0017650185808415486,4096.0,256.0,6400000.0
1.0,32.0,1.0,1.0,1.0,1.0,35.0,32.0,-0.0030632107251067353,-0.0017650185808415486,8192.0,0.00195312,6400000.0
1.0,32.0,1.0,1.0,1.0,1.0,35.0,32.0,-0.0030632107251067353,-0.0017650185808415486,1.0,8192.0,6400000.0
1.0,1.0,4.0,7.0,31.0,16.0,935.0,2432.0,0.06453061417624306,0.06820844800405634,0.000976562,0.03125,6400000.0
1.0,32.0,1.0,1.0,1.0,1.0,35.0,32.0,-0.0030632107251067353,-0.0017650185808415486,8192.0,2.0,6400000.0
1.0,32.0,1.0,1.0,1.0,1.0,35.0,32.0,-0.0030632107251067353,-0.0017650185808415486,8192.0,2048.0,6400000.0
1.0,32.0,1.0,1.0,1.0,1.0,35.0,32.0,-0.0030632107251067353,-0.0017650185808415486,16384.0,0.015625,6400000.0
1.0,32.0,1.0,1.0,1.0,1.0,35.0,32.0,-0.0030632107251067353,-0.0017650185808415486,4.0,512.0,6400000.0
32.0,32.0,1.0,3.0,90.0,64.0,2609.0,6144.0,0.2969228596020492,0.30476546187338793,8.0,0.00390625,6400000.0
32.0,32.0,1.0,3.0,89.0,64.0,2577.0,6144.0,0.29687475979768474,0.30482154120028926,4.0,0.0,6400000.0
1.0,32.0,1.0,1.0,1.0,1.0,35.0,32.0,-0.0030632107251067353,-0.0017650185808415486,0.03125,512.0,6400000.0
32.0,32.0,1.0,3.0,89.0,64.0,2577.0,6144.0,0.29572337572284324,0.3049919335647242,4.0,0.5,6400000.0
32.0,32.0,1.0,5.0,90.0,64.0,2640.0,6144.0,0.29926502119447096,0.3106191663045651,2.0,0.0625,6400000.0
3.0,32.0,1.0,2.0,9.0,6.0,279.0,576.0,0.10115259004895938,0.10346957106453547,2.0,64.0,6400000.0
32.0,32.0,1.0,3.0,89.0,64.0,2579.0,6144.0,0.2949504719796032,0.30391555282005944,8.0,4.0,6400000.0
1.0,1.0,4.0,2.0,3.0,2.0,136.0,192.0,0.03911015413878083,0.040912063041146696,0.000976562,32.0,6400000.0
1.0,32.0,1.0,1.0,1.0,1.0,35.0,32.0,-0.0030632107251067353,-0.0017650185808415486,128.0,0.015625,6400000.0
1.0,32.0,1.0,1.0,1.0,1.0,35.0,32.0,-0.0030632107251067353,-0.0017650185808415486,8.0,4096.0,6400000.0
8.0,32.0,1.0,2.0,22.0,16.0,654.0,1536.0,0.184803559555608,0.19082719424152972,16.0,32.0,6400000.0
1.0,32.0,1.0,1.0,1.0,1.0,35.0,32.0,-0.0030632107251067353,-0.0017650185808415486,32.0,256.0,6400000.0
32.0,32.0,1.0,6.0,90.0,64.0,2618.0,6144.0,0.30229595627835226,0.31191479707012826,0.0625,0.00390625,6400000.0
1.0,1.0,1.0,2.0,3.0,2.0,108.0,192.0,0.03911015413878083,0.040912063041146696,0.015625,32.0,6400000.0
26.0,32.0,1.0,2.0,68.0,52.0,2088.0,4992.0,0.25099273326546023,0.26215306003732575,64.0,2.0,6400000.0
1.0,32.0,1.0,1.0,1.0,1.0,35.0,32.0,-0.0030632107251067353,-0.0017650185808415486,128.0,16.0,6400000.0
32.0,32.0,1.0,3.0,87.0,64.0,2536.0,6144.0,0.291926805614531,0.30286356670589687,16.0,0.03125,6400000.0
32.0,32.0,1.0,2.0,82.0,64.0,2561.0,6144.0,0.25375401307087353,0.2660820235119521,64.0,0.00195312,6400000.0
1.0,32.0,1.0,1.0,1.0,1.0,35.0,32.0,-0.0030632107251067353,-0.0017650185808415486,16.0,32768.0,6400000.0
1.0,32.0,1.0,1.0,1.0,1.0,35.0,32.0,-0.0030632107251067353,-0.0017650185808415486,16384.0,16.0,6400000.0
1.0,32.0,1.0,1.0,1.0,1.0,35.0,32.0,-0.0030632107251067353,-0.0017650185808415486,128.0,16384.0,6400000.0
1.0,32.0,1.0,1.0,1.0,1.0,35.0,32.0,-0.0030632107251067353,-0.0017650185808415486,16384.0,16384.0,6400000.0
1.0,32.0,1.0,1.0,1.0,1.0,35.0,32.0,-0.0030632107251067353,-0.0017650185808415486,64.0,2048.0,6400000.0
32.0,32.0,1.0,2.0,82.0,64.0,2561.0,6144.0,0.25375401307087353,0.2660820235119521,32.0,0.25,6400000.0
32.0,32.0,1.0,6.0,88.0,64.0,2585.0,6144.0,0.3024796562082791,0.31184221526322375,0.0625,4.0,6400000.0
1.0,1.0,4.0,1.0,1.0,1.0,63.0,32.0,-0.0030632107251067353,-0.0017650185808415486,0.000976562,32768.0,6400000.0
1.0,32.0,1.0,1.0,1.0,1.0,35.0,32.0,-0.0030632107251067353,-0.0017650185808415486,256.0,0.125,6400000.0
1.0,32.0,1.0,1.0,1.0,1.0,35.0,32.0,-0.0030632107251067353,-0.0017650185808415486,512.0,0.000976562,6400000.0
1.0,32.0,1.0,1.0,1.0,1.0,35.0,32.0,-0.0030632107251067353,-0.0017650185808415486,256.0,128.0,6400000.0
8.0,32.0,1.0,2.0,22.0,16.0,654.0,1536.0,0.184803559555608,0.19082719424152972,0.125,32.0,6400000.0
1.0,32.0,1.0,1.0,1.0,1.0,35.0,32.0,-0.0030632107251067353,-0.0017650185808415486,512.0,1.0,6400000.0
1.0,1.0,4.0,1.0,1.0,1.0,63.0,32.0,-0.0030632107251067353,-0.0017650185808415486,0.0,8192.0,6400000.0
1.0,32.0,1.0,1.0,1.0,1.0,35.0,32.0,-0.0030632107251067353,-0.0017650185808415486,0.0625,4096.0,6400000.0
1.0,32.0,1.0,1.0,1.0,1.0,35.0,32.0,-0.0030632107251067353,-0.0017650185808415486,0.125,32768.0,6400000.0
32.0,32.0,1.0,6.0,89.0,64.0,2617.0,6144.0,0.30222600599049476,0.3118593088232947,0.125,0.03125,6400000.0
1.0,32.0,1.0,1.0,1.0,1.0,35.0,32.0,-0.0030632107251067353,-0.0017650185808415486,512.0,1024.0,6400000.0
1.0,32.0,1.0,1.0,1.0,1.0,35.0,32.0,-0.0030632107251067353,-0.0017650185808415486,1024.0,8192.0,6400000.0
1.0,32.0,1.0,1.0,1.0,1.0,35.0,32.0,-0.0030632107251067353,-0.0017650185808415486,1024.0,0.0078125,6400000.0
1.0,32.0,1.0,1.0,1.0,1.0,35.0,32.0,-0.0030632107251067353,-0.0017650185808415486,0.25,256.0,6400000.0
1.0,32.0,1.0,1.0,1.0,1.0,35.0,32.0,-0.0030632107251067353,-0.0017650185808415486,1024.0,8.0,6400000.0
1.0,32.0,1.0,1.0,1.0,1.0,35.0,32.0,-0.0030632107251067353,-0.0017650185808415486,2048.0,0.0625,6400000.0
32.0,32.0,1.0,6.0,89.0,64.0,2617.0,6144.0,0.3022277019895928,0.31185939883760616,0.5,0.00195312,6400000.0
1.0,1.0,4.0,7.0,31.0,16.0,935.0,2432.0,0.06453061417624306,0.06820844800405634,0.00195312,0.25,6400000.0
1.0,32.0,1.0,1.0,1.0,1.0,35.0,32.0,-0.0030632107251067353,-0.0017650185808415486,0.5,2048.0,6400000.0
1.0,32.0,1.0,1.0,1.0,1.0,35.0,32.0,-0.0030632107251067353,-0.0017650185808415486,2048.0,64.0,6400000.0
32.0,32.0,1.0,6.0,88.0,64.0,2585.0,6144.0,0.3024856641081587,0.31184592751888207,0.25,0.25,6400000.0
1.0,32.0,1.0,1.0,1.0,1.0,35.0,32.0,-0.0030632107251067353,-0.0017650185808415486,4096.0,0.0,6400000.0
32.0,32.0,1.0,6.0,89.0,64.0,2617.0,6144.0,0.3022271396222107,0.3118590966594449,1.0,0.015625,6400000.0
32.0,32.0,1.0,6.0,88.0,64.0,2585.0,6144.0,0.3024842468909895,0.3118437423440522,0.5,2.0,6400000.0
1.0,32.0,1.0,1.0,1.0,1.0,35.0,32.0,-0.0030632107251067353,-0.0017650185808415486,4096.0,0.5,6400000.0
1.0,32.0,1.0,1.0,1.0,1.0,35.0,32.0,-0.0030632107251067353,-0.0017650185808415486,4096.0,512.0,6400000.0
12.0,32.0,1.0,3.0,33.0,24.0,937.0,2304.0,0.22058073034453196,0.22746378695664926,1.0,16.0,6400000.0
1.0,32.0,1.0,1.0,1.0,1.0,35.0,32.0,-0.0030632107251067353,-0.0017650185808415486,8192.0,0.00390625,6400000.0
1.0,32.0,1.0,1.0,1.0,1.0,35.0,32.0,-0.0030632107251067353,-0.0017650185808415486,1.0,16384.0,6400000.0
1.0,1.0,4.0,7.0,31.0,16.0,935.0,2432.0,0.06453061417624306,0.06820844800405634,0.000976562,0.0625,6400000.0
1.0,32.0,1.0,1.0,1.0,1.0,35.0,32.0,-0.0030632107251067353,-0.0017650185808415486,8192.0,4.0,6400000.0
1.0,32.0,1.0,1.0,1.0,1.0,35.0,32.0,-0.0030632107251067353,-0.0017650185808415486,16384.0,0.03125,6400000.0
32.0,32.0,1.0,3.0,89.0,64.0,2577.0,6144.0,0.29687475979768474,0.30482154120028926,4.0,0.000976562,6400000.0
1.0,32.0,1.0,1.0,1.0,1.0,35.0,32.0,-0.0030632107251067353,-0.0017650185808415486,0.03125,1024.0,6400000.0
32.0,32.0,1.0,3.0,90.0,64.0,2609.0,6144.0,0.2969228596020492,0.30476546187338793,8.0,0.0078125,6400000.0
32.0,32.0,1.0,3.0,89.0,64.0,2577.0,6144.0,0.29536325623567883,0.30425774944527706,4.0,1.0,6400000.0
1.0,32.0,1.0,1.0,1.0,1.0,35.0,32.0,-0.0030632107251067353,-0.0017650185808415486,8192.0,4096.0,6400000.0
1.0,32.0,1.0,1.0,1.0,1.0,35.0,32.0,-0.0030632107251067353,-0.0017650185808415486,4.0,1024.0,6400000.0
32.0,32.0,1.0,5.0,90.0,64.0,2640.0,6144.0,0.29926502119447096,0.3106191663045651,2.0,0.125,6400000.0
21.0,32.0,1.0,3.0,60.0,42.0,1693.0,4032.0,0.26841123900263475,0.2756962486874993,8.0,8.0,6400000.0
1.0,32.0,1.0,1.0,1.0,1.0,35.0,32.0,-0.0030632107251067353,-0.0017650185808415486,2.0,128.0,6400000.0
1.0,32.0,1.0,1.0,1.0,1.0,35.0,32.0,-0.0030632107251067353,-0.0017650185808415486,128.0,0.03125,6400000.0
1.0,1.0,4.0,2.0,3.0,2.0,136.0,192.0,0.03911015413878083,0.040912063041146696,0.000976562,64.0,6400000.0
1.0,32.0,1.0,1.0,1.0,1.0,35.0,32.0,-0.0030632107251067353,-0.0017650185808415486,32.0,512.0,6400000.0
32.0,32.0,1.0,2.0,82.0,64.0,2561.0,6144.0,0.25375401307087353,0.2660820235119521,64.0,0.00390625,6400000.0
1.0,32.0,1.0,1.0,1.0,1.0,35.0,32.0,-0.0030632107251067353,-0.0017650185808415486,8.0,8192.0,6400000.0
1.0,1.0,1.0,2.0,3.0,2.0,108.0,192.0,0.03911015413878083,0.040912063041146696,0.015625,64.0,6400000.0
1.0,32.0,1.0,1.0,1.0,1.0,35.0,32.0,-0.0030632107251067353,-0.0017650185808415486,128.0,32768.0,6400000.0
3.0,32.0,1.0,2.0,9.0,6.0,279.0,576.0,0.10115259004895938,0.10346957106453547,16.0,64.0,6400000.0
1.0,32.0,1.0,1.0,1.0,1.0,35.0,32.0,-0.0030632107251067353,-0.0017650185808415486,16384.0,32.0,6400000.0
32.0,32.0,1.0,2.0,82.0,64.0,2561.0,6144.0,0.25375401307087353,0.2660820235119521,32.0,0.0,6400000.0
32.0,32.0,1.0,2.0,82.0,64.0,2561.0,6144.0,0.25375401307087353,0.2660820235119521,32.0,0.5,6400000.0
25.0,32.0,1.0,2.0,65.0,50.0,1987.0,4800.0,0.2508845036920214,0.2612119600426388,64.0,4.0,6400000.0
32.0,32.0,1.0,6.0,90.0,64.0,2618.0,6144.0,0.30229595627835226,0.31191479707012826,0.0625,0.0078125,6400000.0
1.0,32.0,1.0,1.0,1.0,1.0,35.0,32.0,-0.0030632107251067353,-0.0017650185808415486,64.0,4096.0,6400000.0
1.0,32.0,1.0,1.0,1.0,1.0,35.0,32.0,-0.0030632107251067353,-0.0017650185808415486,128.0,32.0,6400000.0
22.0,32.0,1.0,3.0,61.0,44.0,1728.0,4224.0,0.27209781390772547,0.2796723898647334,0.0625,8.0,6400000.0
1.0,1.0,4.0,7.0,31.0,16.0,935.0,2432.0,0.06453061417624306,0.06820844800405634,0.00195312,0.0,6400000.0
32.0,32.0,1.0,3.0,87.0,64.0,2536.0,6144.0,0.291926805614531,0.30286356670589687,16.0,0.0625,6400000.0
1.0,32.0,1.0,1.0,1.0,1.0,35.0,32.0,-0.0030632107251067353,-0.0017650185808415486,16384.0,32768.0,6400000.0
1.0,32.0,1.0,1.0,1.0,1.0,35.0,32.0,-0.0030632107251067353,-0.0017650185808415486,256.0,0.25,6400000.0
1.0,32.0,1.0,1.0,1.0,1.0,35.0,32.0,-0.0030632107251067353,-0.0017650185808415486,512.0,0.00195312,6400000.0
1.0,1.0,4.0,1.0,1.0,1.0,63.0,32.0,-0.0030632107251067353,-0.0017650185808415486,0.0,16384.0,6400000.0
1.0,32.0,1.0,1.0,1.0,1.0,35.0,32.0,-0.0030632107251067353,-0.0017650185808415486,256.0,256.0,6400000.0
1.0,32.0,1.0,1.0,1.0,1.0,35.0,32.0,-0.0030632107251067353,-0.0017650185808415486,512.0,2.0,6400000.0
1.0,32.0,1.0,1.0,1.0,1.0,35.0,32.0,-0.0030632107251067353,-0.0017650185808415486,0.0625,8192.0,6400000.0
32.0,32.0,1.0,6.0,89.0,64.0,2617.0,6144.0,0.30222600599049476,0.3118593088232947,0.25,0.0,6400000.0
1.0,32.0,1.0,1.0,1.0,1.0,35.0,32.0,-0.0030632107251067353,-0.0017650185808415486,1024.0,16384.0,6400000.0
3.0,32.0,1.0,2.0,9.0,6.0,279.0,576.0,0.10115259004895938,0.10346957106453547,0.125,64.0,6400000.0
1.0,32.0,1.0,1.0,1.0,1.0,35.0,32.0,-0.0030632107251067353,-0.0017650185808415486,512.0,2048.0,6400000.0
1.0,32.0,1.0,1.0,1.0,1.0,35.0,32.0,-0.0030632107251067353,-0.0017650185808415486,0.25,512.0,6400000.0
1.0,32.0,1.0,1.0,1.0,1.0,35.0,32.0,-0.0030632107251067353,-0.0017650185808415486,1024.0,0.015625,6400000.0
32.0,32.0,1.0,6.0,89.0,64.0,2617.0,6144.0,0.30222600599049476,0.3118593088232947,0.125,0.0625,6400000.0
1.0,32.0,1.0,1.0,1.0,1.0,35.0,32.0,-0.0030632107251067353,-0.0017650185808415486,1024.0,16.0,6400000.0
1.0,32.0,1.0,1.0,1.0,1.0,35.0,32.0,-0.0030632107251067353,-0.0017650185808415486,0.5,4096.0,6400000.0
32.0,32.0,1.0,6.0,89.0,64.0,2617.0,6144.0,0.3022277019895928,0.31185939883760616,0.5,0.00390625,6400000.0
1.0,1.0,4.0,7.0,31.0,16.0,935.0,2432.0,0.06453061417624306,0.06820844800405634,0.00195312,0.5,6400000.0
1.0,32.0,1.0,1.0,1.0,1.0,35.0,32.0,-0.0030632107251067353,-0.0017650185808415486,2048.0,0.125,6400000.0
32.0,32.0,1.0,6.0,89.0,64.0,2617.0,6144.0,0.3022271396222107,0.3118590966594449,1.0,0.03125,6400000.0
1.0,32.0,1.0,1.0,1.0,1.0,35.0,32.0,-0.0030632107251067353,-0.0017650185808415486,2048.0,128.0,6400000.0
32.0,32.0,1.0,6.0,88.0,64.0,2585.0,6144.0,0.3024842468909895,0.3118437423440522,0.5,4.0,6400000.0
1.0,32.0,1.0,1.0,1.0,1.0,35.0,32.0,-0.0030632107251067353,-0.0017650185808415486,4096.0,1.0,6400000.0
1.0,32.0,1.0,1.0,1.0,1.0,35.0,32.0,-0.0030632107251067353,-0.0017650185808415486,4096.0,0.000976562,6400000.0
1.0,32.0,1.0,1.0,1.0,1.0,35.0,32.0,-0.0030632107251067353,-0.0017650185808415486,4096.0,1024.0,6400000.0
32.0,32.0,1.0,6.0,88.0,64.0,2585.0,6144.0,0.3024844044625239,0.3118448791443038,0.25,0.5,6400000.0
8.0,32.0,1.0,2.0,22.0,16.0,654.0,1536.0,0.184803559555608,0.19082719424152972,1.0,32.0,6400000.0
1.0,32.0,1.0,1.0,1.0,1.0,35.0,32.0,-0.0030632107251067353,-0.0017650185808415486,8192.0,0.0078125,6400000.0
1.0,32.0,1.0,1.0,1.0,1.0,35.0,32.0,-0.0030632107251067353,-0.0017650185808415486,1.0,32768.0,6400000.0
1.0,1.0,4.0,7.0,31.0,16.0,935.0,2432.0,0.06453061417624306,0.06820844800405634,0.000976562,0.125,6400000.0
1.0,32.0,1.0,1.0,1.0,1.0,35.0,32.0,-0.0030632107251067353,-0.0017650185808415486,8192.0,8.0,6400000.0
32.0,32.0,1.0,3.0,89.0,64.0,2577.0,6144.0,0.29687475979768474,0.30482154120028926,4.0,0.00195312,6400000.0
1.0,32.0,1.0,1.0,1.0,1.0,35.0,32.0,-0.0030632107251067353,-0.0017650185808415486,0.03125,2048.0,6400000.0
1.0,32.0,1.0,1.0,1.0,1.0,35.0,32.0,-0.0030632107251067353,-0.0017650185808415486,16384.0,0.0625,6400000.0
1.0,32.0,1.0,1.0,1.0,1.0,35.0,32.0,-0.0030632107251067353,-0.0017650185808415486,8192.0,8192.0,6400000.0
32.0,32.0,1.0,3.0,90.0,64.0,2609.0,6144.0,0.2969228596020492,0.30476546187338793,8.0,0.015625,6400000.0
1.0,32.0,1.0,1.0,1.0,1.0,35.0,32.0,-0.0030632107251067353,-0.0017650185808415486,4.0,2048.0,6400000.0
32.0,32.0,1.0,5.0,90.0,64.0,2640.0,6144.0,0.29926502119447096,0.3106191663045651,2.0,0.25,6400000.0
32.0,32.0,1.0,3.0,88.0,64.0,2545.0,6144.0,0.2951709574499699,0.30390387576597044,4.0,2.0,6400000.0
1.0,32.0,1.0,1.0,1.0,1.0,35.0,32.0,-0.0030632107251067353,-0.0017650185808415486,2.0,256.0,6400000.0
11.0,32.0,1.0,2.0,30.0,22.0,860.0,2112.0,0.211815897449531,0.21820531799146736,8.0,16.0,6400000.0
1.0,32.0,1.0,1.0,1.0,1.0,35.0,32.0,-0.0030632107251067353,-0.0017650185808415486,32.0,1024.0,6400000.0
1.0,32.0,1.0,1.0,1.0,1.0,35.0,32.0,-0.0030632107251067353,-0.0017650185808415486,8.0,16384.0,6400000.0
1.0,1.0,4.0,1.0,1.0,1.0,63.0,32.0,-0.0030632107251067353,-0.0017650185808415486,0.000976562,128.0,6400000.0
1.0,32.0,1.0,1.0,1.0,1.0,35.0,32.0,-0.0030632107251067353,-0.0017650185808415486,128.0,0.0625,6400000.0
1.0,1.0,1.0,1.0,1.0,1.0,35.0,32.0,-0.0030632107251067353,-0.0017650185808415486,0.015625,128.0,6400000.0
1.0,32.0,1.0,1.0,1.0,1.0,35.0,32.0,-0.0030632107251067353,-0.0017650185808415486,256.0,0.0,6400000.0
1.0,32.0,1.0,1.0,1.0,1.0,35.0,32.0,-0.0030632107251067353,-0.0017650185808415486,16.0,128.0,6400000.0
1.0,1.0,4.0,7.0,31.0,16.0,935.0,2432.0,0.06453061417624306,0.06820844800405634,0.00195312,0.000976562,6400000.0
32.0,32.0,1.0,2.0,82.0,64.0,2561.0,6144.0,0.25375401307087353,0.2660820235119521,32.0,1.0,6400000.0
1.0,32.0,1.0,1.0,1.0,1.0,35.0,32.0,-0.0030632107251067353,-0.0017650185808415486,128.0,64.0,6400000.0
32.0,32.0,1.0,2.0,82.0,64.0,2561.0,6144.0,0.25375401307087353,0.2660820235119521,64.0,0.0078125,6400000.0
12.0,32.0,1.0,3.0,33.0,24.0,937.0,2304.0,0.22058073034453196,0.22746378695664926,0.0625,16.0,6400000.0
32.0,32.0,1.0,2.0,82.0,64.0,2561.0,6144.0,0.25375401307087353,0.2660820235119521,32.0,0.000976562,6400000.0
32.0,32.0,1.0,6.0,90.0,64.0,2618.0,6144.0,0.30229595627835226,0.31191479707012826,0.0625,0.015625,6400000.0
1.0,32.0,1.0,1.0,1.0,1.0,35.0,32.0,-0.0030632107251067353,-0.0017650185808415486,16384.0,64.0,6400000.0
16.0,32.0,1.0,2.0,45.0,32.0,1309.0,3072.0,0.23561062474946082,0.24274222107689147,64.0,8.0,6400000.0
1.0,32.0,1.0,1.0,1.0,1.0,35.0,32.0,-0.0030632107251067353,-0.0017650185808415486,32768.0,0.0,6400000.0
1.0,32.0,1.0,1.0,1.0,1.0,35.0,32.0,-0.0030632107251067353,-0.0017650185808415486,64.0,8192.0,6400000.0
32.0,32.0,1.0,3.0,87.0,64.0,2536.0,6144.0,0.291926805614531,0.30286356670589687,16.0,0.125,6400000.0
1.0,32.0,1.0,1.0,1.0,1.0,35.0,32.0,-0.0030632107251067353,-0.0017650185808415486,512.0,0.00390625,6400000.0
1.0,32.0,1.0,1.0,1.0,1.0,35.0,32.0,-0.0030632107251067353,-0.0017650185808415486,256.0,0.5,6400000.0
1.0,1.0,4.0,1.0,1.0,1.0,63.0,32.0,-0.0030632107251067353,-0.0017650185808415486,0.0,32768.0,6400000.0
1.0,32.0,1.0,1.0,1.0,1.0,35.0,32.0,-0.0030632107251067353,-0.0017650185808415486,512.0,4.0,6400000.0
1.0,32.0,1.0,1.0,1.0,1.0,35.0,32.0,-0.0030632107251067353,-0.0017650185808415486,0.0625,16384.0,6400000.0
1.0,32.0,1.0,1.0,1.0,1.0,35.0,32.0,-0.0030632107251067353,-0.0017650185808415486,256.0,512.0,6400000.0
1.0,32.0,1.0,1.0,1.0,1.0,35.0,32.0,-0.0030632107251067353,-0.0017650185808415486,1024.0,32768.0,6400000.0
32.0,32.0,1.0,6.0,89.0,64.0,2617.0,6144.0,0.30222600599049476,0.3118593088232947,0.25,0.000976562,6400000.0
1.0,32.0,1.0,1.0,1.0,1.0,35.0,32.0,-0.0030632107251067353,-0.0017650185808415486,0.125,128.0,6400000.0
1.0,32.0,1.0,1.0,1.0,1.0,35.0,32.0,-0.0030632107251067353,-0.0017650185808415486,0.25,1024.0,6400000.0
1.0,32.0,1.0,1.0,1.0,1.0,35.0,32.0,-0.0030632107251067353,-0.0017650185808415486,512.0,4096.0,6400000.0
1.0,32.0,1.0,1.0,1.0,1.0,35.0,32.0,-0.0030632107251067353,-0.0017650185808415486,1024.0,32.0,6400000.0
32.0,32.0,1.0,6.0,89.0,64.0,2617.0,6144.0,0.30222600599049476,0.3118593088232947,0.125,0.125,6400000.0
1.0,32.0,1.0,1.0,1.0,1.0,35.0,32.0,-0.0030632107251067353,-0.0017650185808415486,0.5,8192.0,6400000.0
32.0,32.0,1.0,6.0,89.0,64.0,2617.0,6144.0,0.3022277019895928,0.31185939883760616,0.5,0.0078125,6400000.0
1.0,32.0,1.0,1.0,1.0,1.0,35.0,32.0,-0.0030632107251067353,-0.0017650185808415486,1024.0,0.03125,6400000.0
1.0,32.0,1.0,1.0,1.0,1.0,35.0,32.0,-0.0030632107251067353,-0.0017650185808415486,2048.0,0.25,6400000.0
32.0,32.0,1.0,6.0,89.0,64.0,2617.0,6144.0,0.3022271396222107,0.3118590966594449,1.0,0.0625,6400000.0
1.0,1.0,4.0,7.0,28.0,15.0,835.0,2272.0,0.06413365518102998,0.06769915626143252,0.00195312,1.0,6400000.0
32.0,32.0,1.0,6.0,88.0,64.0,2585.0,6144.0,0.3024820238256314,0.3118430277228229,0.25,1.0,6400000.0
22.0,32.0,1.0,3.0,61.0,44.0,1728.0,4224.0,0.27209781390772547,0.2796723898647334,0.5,8.0,6400000.0
1.0,32.0,1.0,1.0,1.0,1.0,35.0,32.0,-0.0030632107251067353,-0.0017650185808415486,4096.0,0.00195312,6400000.0
1.0,32.0,1.0,1.0,1.0,1.0,35.0,32.0,-0.0030632107251067353,-0.0017650185808415486,2048.0,256.0,6400000.0
1.0,32.0,1.0,1.0,1.0,1.0,35.0,32.0,-0.0030632107251067353,-0.0017650185808415486,4096.0,2.0,6400000.0
3.0,32.0,1.0,2.0,9.0,6.0,279.0,576.0,0.10115259004895938,0.10346957106453547,1.0,64.0,6400000.0
1.0,32.0,1.0,1.0,1.0,1.0,35.0,32.0,-0.0030632107251067353,-0.0017650185808415486,4096.0,2048.0,6400000.0
32.0,32.0,1.0,5.0,90.0,64.0,2640.0,6144.0,0.29926502119447096,0.3106191663045651,2.0,0.0,6400000.0
1.0,32.0,1.0,1.0,1.0,1.0,35.0,32.0,-0.0030632107251067353,-0.0017650185808415486,8192.0,0.015625,6400000.0
1.0,1.0,4.0,7.0,31.0,16.0,935.0,2432.0,0.06453061417624306,0.06820844800405634,0.000976562,0.25,6400000.0
1.0,32.0,1.0,1.0,1.0,1.0,35.0,32.0,-0.0030632107251067353,-0.0017650185808415486,8192.0,16.0,6400000.0
1.0,32.0,1.0,1.0,1.0,1.0,35.0,32.0,-0.0030632107251067353,-0.0017650185808415486,0.03125,4096.0,6400000.0
32.0,32.0,1.0,3.0,89.0,64.0,2577.0,6144.0,0.29687475979768474,0.30482154120028926,4.0,0.00390625,6400000.0
1.0,32.0,1.0,1.0,1.0,1.0,35.0,32.0,-0.0030632107251067353,-0.0017650185808415486,8192.0,16384.0,6400000.0
32.0,32.0,1.0,3.0,90.0,64.0,2609.0,6144.0,0.2969228596020492,0.30476546187338793,8.0,0.03125,6400000.0
32.0,32.0,1.0,3.0,88.0,64.0,2545.0,6144.0,0.2951708651399402,0.3039039625009532,4.0,4.0,6400000.0
1.0,32.0,1.0,1.0,1.0,1.0,35.0,32.0,-0.0030632107251067353,-0.0017650185808415486,2.0,512.0,6400000.0
1.0,32.0,1.0,1.0,1.0,1.0,35.0,32.0,-0.0030632107251067353,-0.0017650185808415486,16384.0,0.125,6400000.0
1.0,32.0,1.0,1.0,1.0,1.0,35.0,32.0,-0.0030632107251067353,-0.0017650185808415486,4.0,4096.0,6400000.0
32.0,32.0,1.0,5.0,90.0,64.0,2640.0,6144.0,0.29926502119447096,0.3106191663045651,2.0,0.5,6400000.0
8.0,32.0,1.0,2.0,22.0,16.0,654.0,1536.0,0.184803559555608,0.19082719424152972,8.0,32.0,6400000.0
1.0,1.0,4.0,1.0,1.0,1.0,63.0,32.0,-0.0030632107251067353,-0.0017650185808415486,0.000976562,256.0,6400000.0
1.0,32.0,1.0,1.0,1.0,1.0,35.0,32.0,-0.0030632107251067353,-0.0017650185808415486,8.0,32768.0,6400000.0
1.0,32.0,1.0,1.0,1.0,1.0,35.0,32.0,-0.0030632107251067353,-0.0017650185808415486,32.0,2048.0,6400000.0
1.0,32.0,1.0,1.0,1.0,1.0,35.0,32.0,-0.0030632107251067353,-0.0017650185808415486,256.0,0.000976562,6400000.0
1.0,1.0,1.0,1.0,1.0,1.0,35.0,32.0,-0.0030632107251067353,-0.0017650185808415486,0.015625,256.0,6400000.0
1.0,32.0,1.0,1.0,1.0,1.0,35.0,32.0,-0.0030632107251067353,-0.0017650185808415486,128.0,0.125,6400000.0
26.0,32.0,1.0,2.0,68.0,52.0,2088.0,4992.0,0.25099273326546023,0.26215306003732575,32.0,2.0,6400000.0
32.0,32.0,1.0,2.0,82.0,64.0,2561.0,6144.0,0.25375401307087353,0.2660820235119521,32.0,0.00195312,6400000.0
1.0,32.0,1.0,1.0,1.0,1.0,35.0,32.0,-0.0030632107251067353,-0.0017650185808415486,16.0,256.0,6400000.0
8.0,32.0,1.0,2.0,22.0,16.0,654.0,1536.0,0.184803559555608,0.19082719424152972,0.0625,32.0,6400000.0
1.0,32.0,1.0,1.0,1.0,1.0,35.0,32.0,-0.0030632107251067353,-0.0017650185808415486,16384.0,128.0,6400000.0
1.0,32.0,1.0,1.0,1.0,1.0,35.0,32.0,-0.0030632107251067353,-0.0017650185808415486,64.0,16384.0,6400000.0
1.0,1.0,4.0,7.0,31.0,16.0,935.0,2432.0,0.06453061417624306,0.06820844800405634,0.00195312,0.00195312,6400000.0
1.0,32.0,1.0,1.0,1.0,1.0,35.0,32.0,-0.0030632107251067353,-0.0017650185808415486,128.0,128.0,6400000.0
1.0,32.0,1.0,1.0,1.0,1.0,35.0,32.0,-0.0030632107251067353,-0.0017650185808415486,32768.0,0.000976562,6400000.0
32.0,32.0,1.0,6.0,89.0,64.0,2617.0,6144.0,0.30222600599049476,0.3118593088232947,0.0625,0.03125,6400000.0
32.0,32.0,1.0,2.0,82.0,64.0,2561.0,6144.0,0.25375401307087353,0.2660820235119521,64.0,0.015625,6400000.0
1.0,32.0,1.0,1.0,1.0,1.0,35.0,32.0,-0.0030632107251067353,-0.0017650185808415486,256.0,1.0,6400000.0
1.0,32.0,1.0,1.0,1.0,1.0,35.0,32.0,-0.0030632107251067353,-0.0017650185808415486,512.0,0.0078125,6400000.0
11.0,32.0,1.0,2.0,30.0,22.0,860.0,2112.0,0.211815897449531,0.21820531799146736,64.0,16.0,6400000.0
32.0,32.0,1.0,3.0,87.0,64.0,2536.0,6144.0,0.291926805614531,0.30286356670589687,16.0,0.25,6400000.0
1.0,1.0,4.0,7.0,31.0,16.0,935.0,2432.0,0.06453061417624306,0.06820844800405634,0.000976562,0.0,6400000.0
1.0,32.0,1.0,1.0,1.0,1.0,35.0,32.0,-0.0030632107251067353,-0.0017650185808415486,2048.0,0.0,6400000.0
1.0,32.0,1.0,1.0,1.0,1.0,35.0,32.0,-0.0030632107251067353,-0.0017650185808415486,0.125,256.0,6400000.0
1.0,32.0,1.0,1.0,1.0,1.0,35.0,32.0,-0.0030632107251067353,-0.0017650185808415486,0.0625,32768.0,6400000.0
32.0,32.0,1.0,6.0,89.0,64.0,2617.0,6144.0,0.30222600599049476,0.3118593088232947,0.25,0.00195312,6400000.0
1.0,32.0,1.0,1.0,1.0,1.0,35.0,32.0,-0.0030632107251067353,-0.0017650185808415486,512.0,8.0,6400000.0
1.0,32.0,1.0,1.0,1.0,1.0,35.0,32.0,-0.0030632107251067353,-0.0017650185808415486,256.0,1024.0,6400000.0
1.0,32.0,1.0,1.0,1.0,1.0,35.0,32.0,-0.0030632107251067353,-0.0017650185808415486,0.25,2048.0,6400000.0
1.0,32.0,1.0,1.0,1.0,1.0,35.0,32.0,-0.0030632107251067353,-0.0017650185808415486,1024.0,64.0,6400000.0
32.0,32.0,1.0,6.0,89.0,64.0,2617.0,6144.0,0.3022277019895928,0.31185939883760616,0.5,0.015625,6400000.0
1.0,32.0,1.0,1.0,1.0,1.0,35.0,32.0,-0.0030632107251067353,-0.0017650185808415486,512.0,8192.0,6400000.0
1.0,32.0,1.0,1.0,1.0,1.0,35.0,32.0,-0.0030632107251067353,-0.0017650185808415486,0.5,16384.0,6400000.0
1.0,32.0,1.0,1.0,1.0,1.0,35.0,32.0,-0.0030632107251067353,-0.0017650185808415486,1024.0,0.0625,6400000.0
32.0,32.0,1.0,6.0,88.0,64.0,2585.0,6144.0,0.3024856641081587,0.31184592751888207,0.125,0.25,6400000.0
1.0,32.0,1.0,1.0,1.0,1.0,35.0,32.0,-0.0030632107251067353,-0.0017650185808415486,2048.0,0.5,6400000.0
1.0,1.0,4.0,6.0,26.0,14.0,760.0,2112.0,0.0636058133035663,0.0673808602609266,0.00195312,2.0,6400000.0
32.0,32.0,1.0,6.0,89.0,64.0,2617.0,6144.0,0.3022271396222107,0.3118590966594449,1.0,0.125,6400000.0
32.0,32.0,1.0,6.0,88.0,64.0,2585.0,6144.0,0.3024796562082791,0.31184221526322375,0.25,2.0,6400000.0
12.0,32.0,1.0,3.0,33.0,24.0,937.0,2304.0,0.22058073034453196,0.22746378695664926,0.5,16.0,6400000.0
1.0,32.0,1.0,1.0,1.0,1.0,35.0,32.0,-0.0030632107251067353,-0.0017650185808415486,1.0,128.0,6400000.0
1.0,32.0,1.0,1.0,1.0,1.0,35.0,32.0,-0.0030632107251067353,-0.0017650185808415486,4096.0,0.00390625,6400000.0
32.0,32.0,1.0,5.0,90.0,64.0,2640.0,6144.0,0.29926502119447096,0.3106191663045651,2.0,0.000976562,6400000.0
1.0,32.0,1.0,1.0,1.0,1.0,35.0,32.0,-0.0030632107251067353,-0.0017650185808415486,2048.0,512.0,6400000.0
1.0,32.0,1.0,1.0,1.0,1.0,35.0,32.0,-0.0030632107251067353,-0.0017650185808415486,4096.0,4.0,6400000.0
1.0,32.0,1.0,1.0,1.0,1.0,35.0,32.0,-0.0030632107251067353,-0.0017650185808415486,4096.0,4096.0,6400000.0
1.0,1.0,4.0,7.0,31.0,16.0,935.0,2432.0,0.06453061417624306,0.06820844800405634,0.000976562,0.5,6400000.0
1.0,32.0,1.0,1.0,1.0,1.0,35.0,32.0,-0.0030632107251067353,-0.0017650185808415486,8192.0,32.0,6400000.0
1.0,32.0,1.0,1.0,1.0,1.0,35.0,32.0,-0.0030632107251067353,-0.0017650185808415486,8192.0,0.03125,6400000.0
1.0,32.0,1.0,1.0,1.0,1.0,35.0,32.0,-0.0030632107251067353,-0.0017650185808415486,0.03125,8192.0,6400000.0
32.0,32.0,1.0,3.0,89.0,64.0,2577.0,6144.0,0.29687475979768474,0.30482154120028926,4.0,0.0078125,6400000.0
21.0,32.0,1.0,3.0,59.0,42.0,1661.0,4032.0,0.2683332385867342,0.27570906523530825,4.0,8.0,6400000.0
32.0,32.0,1.0,3.0,90.0,64.0,2609.0,6144.0,0.2969228596020492,0.30476546187338793,8.0,0.0625,6400000.0
1.0,32.0,1.0,1.0,1.0,1.0,35.0,32.0,-0.0030632107251067353,-0.0017650185808415486,8192.0,32768.0,6400000.0
1.0,32.0,1.0,1.0,1.0,1.0,35.0,32.0,-0.0030632107251067353,-0.0017650185808415486,2.0,1024.0,6400000.0
32.0,32.0,1.0,5.0,89.0,64.0,2611.0,6144.0,0.2987140751395294,0.3094234353881341,2.0,1.0,6400000.0
1.0,32.0,1.0,1.0,1.0,1.0,35.0,32.0,-0.0030632107251067353,-0.0017650185808415486,16384.0,0.25,6400000.0
3.0,32.0,1.0,2.0,9.0,6.0,279.0,576.0,0.10115259004895938,0.10346957106453547,8.0,64.0,6400000.0
1.0,32.0,1.0,1.0,1.0,1.0,35.0,32.0,-0.0030632107251067353,-0.0017650185808415486,4.0,8192.0,6400000.0
1.0,1.0,4.0,1.0,1.0,1.0,63.0,32.0,-0.0030632107251067353,-0.0017650185808415486,0.000976562,512.0,6400000.0
1.0,32.0,1.0,1.0,1.0,1.0,35.0,32.0,-0.0030632107251067353,-0.0017650185808415486,256.0,0.00195312,6400000.0
1.0,32.0,1.0,1.0,1.0,1.0,35.0,32.0,-0.0030632107251067353,-0.0017650185808415486,32.0,4096.0,6400000.0
32.0,32.0,1.0,3.0,87.0,64.0,2536.0,6144.0,0.291926805614531,0.30286356670589687,16.0,0.0,6400000.0
1.0,1.0,1.0,1.0,1.0,1.0,35.0,32.0,-0.0030632107251067353,-0.0017650185808415486,0.015625,512.0,6400000.0
1.0,32.0,1.0,1.0,1.0,1.0,35.0,32.0,-0.0030632107251067353,-0.0017650185808415486,128.0,0.25,6400000.0
25.0,32.0,1.0,2.0,65.0,50.0,1987.0,4800.0,0.2508845036920214,0.2612119600426388,32.0,4.0,6400000.0
32.0,32.0,1.0,2.0,82.0,64.0,2561.0,6144.0,0.25375401307087353,0.2660820235119521,32.0,0.00390625,6400000.0
3.0,32.0,1.0,2.0,9.0,6.0,279.0,576.0,0.10115259004895938,0.10346957106453547,0.0625,64.0,6400000.0
1.0,32.0,1.0,1.0,1.0,1.0,35.0,32.0,-0.0030632107251067353,-0.0017650185808415486,16.0,512.0,6400000.0
1.0,32.0,1.0,1.0,1.0,1.0,35.0,32.0,-0.0030632107251067353,-0.0017650185808415486,64.0,32768.0,6400000.0
1.0,32.0,1.0,1.0,1.0,1.0,35.0,32.0,-0.0030632107251067353,-0.0017650185808415486,16384.0,256.0,6400000.0
1.0,1.0,4.0,7.0,31.0,16.0,935.0,2432.0,0.06453061417624306,0.06820844800405634,0.00195312,0.00390625,6400000.0
1.0,32.0,1.0,1.0,1.0,1.0,35.0,32.0,-0.0030632107251067353,-0.0017650185808415486,512.0,0.015625,6400000.0
1.0,32.0,1.0,1.0,1.0,1.0,35.0,32.0,-0.0030632107251067353,-0.0017650185808415486,32768.0,0.00195312,6400000.0
32.0,32.0,1.0,6.0,89.0,64.0,2617.0,6144.0,0.30222600599049476,0.3118593088232947,0.0625,0.0625,6400000.0
1.0,32.0,1.0,1.0,1.0,1.0,35.0,32.0,-0.0030632107251067353,-0.0017650185808415486,128.0,256.0,6400000.0
32.0,32.0,1.0,2.0,82.0,64.0,2561.0,6144.0,0.25375401307087353,0.2660820235119521,64.0,0.03125,6400000.0
1.0,1.0,4.0,7.0,31.0,16.0,935.0,2432.0,0.06453061417624306,0.06820844800405634,0.000976562,0.000976562,6400000.0
8.0,32.0,1.0,2.0,22.0,16.0,654.0,1536.0,0.184803559555608,0.19082719424152972,64.0,32.0,6400000.0
32.0,32.0,1.0,3.0,86.0,64.0,2536.0,6144.0,0.2902516007360245,0.3009932615875536,16.0,0.5,6400000.0
1.0,32.0,1.0,1.0,1.0,1.0,35.0,32.0,-0.0030632107251067353,-0.0017650185808415486,0.125,512.0,6400000.0
1.0,32.0,1.0,1.0,1.0,1.0,35.0,32.0,-0.0030632107251067353,-0.0017650185808415486,256.0,2.0,6400000.0
1.0,32.0,1.0,1.0,1.0,1.0,35.0,32.0,-0.0030632107251067353,-0.0017650185808415486,256.0,2048.0,6400000.0
1.0,32.0,1.0,1.0,1.0,1.0,35.0,32.0,-0.0030632107251067353,-0.0017650185808415486,512.0,16.0,6400000.0
32.0,32.0,1.0,6.0,89.0,64.0,2617.0,6144.0,0.30222600599049476,0.3118593088232947,0.125,0.0,6400000.0
32.0,32.0,1.0,6.0,89.0,64.0,2617.0,6144.0,0.30222600599049476,0.3118593088232947,0.25,0.00390625,6400000.0
1.0,32.0,1.0,1.0,1.0,1.0,35.0,32.0,-0.0030632107251067353,-0.0017650185808415486,2048.0,0.000976562,6400000.0
1.0,32.0,1.0,1.0,1.0,1.0,35.0,32.0,-0.0030632107251067353,-0.0017650185808415486,0.25,4096.0,6400000.0
1.0,32.0,1.0,1.0,1.0,1.0,35.0,32.0,-0.0030632107251067353,-0.0017650185808415486,0.5,32768.0,6400000.0
1.0,32.0,1.0,1.0,1.0,1.0,35.0,32.0,-0.0030632107251067353,-0.0017650185808415486,512.0,16384.0,6400000.0
32.0,32.0,1.0,6.0,89.0,64.0,2617.0,6144.0,0.3022277019895928,0.31185939883760616,0.5,0.03125,6400000.0
1.0,32.0,1.0,1.0,1.0,1.0,35.0,32.0,-0.0030632107251067353,-0.0017650185808415486,1024.0,0.125,6400000.0
32.0,32.0,1.0,6.0,88.0,64.0,2585.0,6144.0,0.3024844044625239,0.3118448791443038,0.125,0.5,6400000.0
1.0,32.0,1.0,1.0,1.0,1.0,35.0,32.0,-0.0030632107251067353,-0.0017650185808415486,1024.0,128.0,6400000.0
1.0,32.0,1.0,1.0,1.0,1.0,35.0,32.0,-0.0030632107251067353,-0.0017650185808415486,1.0,256.0,6400000.0
32.0,32.0,1.0,6.0,88.0,64.0,2585.0,6144.0,0.3024842686735366,0.3118446531267216,1.0,0.25,6400000.0
32.0,32.0,1.0,6.0,88.0,64.0,2585.0,6144.0,0.3024796562082791,0.31184221526322375,0.25,4.0,6400000.0
1.0,32.0,1.0,1.0,1.0,1.0,35.0,32.0,-0.0030632107251067353,-0.0017650185808415486,2048.0,1.0,6400000.0
8.0,32.0,1.0,2.0,22.0,16.0,654.0,1536.0,0.184803559555608,0.19082719424152972,0.5,32.0,6400000.0
1.0,1.0,4.0,4.0,13.0,7.0,410.0,992.0,0.057805003399450605,0.060993872308649943,0.00195312,4.0,6400000.0
1.0,32.0,1.0,1.0,1.0,1.0,35.0,32.0,-0.0030632107251067353,-0.0017650185808415486,4096.0,0.0078125,6400000.0
32.0,32.0,1.0,5.0,90.0,64.0,2640.0,6144.0,0.29926502119447096,0.3106191663045651,2.0,0.00195312,6400000.0
1.0,32.0,1.0,1.0,1.0,1.0,35.0,32.0,-0.0030632107251067353,-0.0017650185808415486,4096.0,8192.0,6400000.0
1.0,32.0,1.0,1.0,1.0,1.0,35.0,32.0,-0.0030632107251067353,-0.0017650185808415486,2048.0,1024.0,6400000.0
1.0,32.0,1.0,1.0,1.0,1.0,35.0,32.0,-0.0030632107251067353,-0.0017650185808415486,4096.0,8.0,6400000.0
1.0,1.0,4.0,7.0,28.0,15.0,835.0,2272.0,0.06413365518102998,0.06769915626143252,0.000976562,1.0,6400000.0
11.0,32.0,1.0,2.0,30.0,22.0,860.0,2112.0,0.211815897449531,0.21820531799146736,4.0,16.0,6400000.0
32.0,32.0,1.0,3.0,89.0,64.0,2577.0,6144.0,0.29687475979768474,0.30482154120028926,4.0,0.015625,6400000.0
1.0,32.0,1.0,1.0,1.0,1.0,35.0,32.0,-0.0030632107251067353,-0.0017650185808415486,8192.0,0.0625,6400000.0
1.0,32.0,1.0,1.0,1.0,1.0,35.0,32.0,-0.0030632107251067353,-0.0017650185808415486,0.03125,16384.0,6400000.0
1.0,32.0,1.0,1.0,1.0,1.0,35.0,32.0,-0.0030632107251067353,-0.0017650185808415486,16384.0,0.0,6400000.0
1.0,32.0,1.0,1.0,1.0,1.0,35.0,32.0,-0.0030632107251067353,-0.0017650185808415486,16384.0,0.5,6400000.0
1.0,32.0,1.0,1.0,1.0,1.0,35.0,32.0,-0.0030632107251067353,-0.0017650185808415486,8.0,128.0,6400000.0
1.0,32.0,1.0,1.0,1.0,1.0,35.0,32.0,-0.0030632107251067353,-0.0017650185808415486,2.0,2048.0,6400000.0
32.0,32.0,1.0,3.0,90.0,64.0,2609.0,6144.0,0.2969231628918384,0.30476563612620344,8.0,0.125,6400000.0
1.0,32.0,1.0,1.0,1.0,1.0,35.0,32.0,-0.0030632107251067353,-0.0017650185808415486,8192.0,64.0,6400000.0
32.0,32.0,1.0,4.0,87.0,64.0,2542.0,6144.0,0.2971779524669985,0.3067461059027242,2.0,2.0,6400000.0
1.0,32.0,1.0,1.0,1.0,1.0,35.0,32.0,-0.0030632107251067353,-0.0017650185808415486,4.0,16384.0,6400000.0
1.0,32.0,1.0,1.0,1.0,1.0,35.0,32.0,-0.0030632107251067353,-0.0017650185808415486,32.0,8192.0,6400000.0
1.0,32.0,1.0,1.0,1.0,1.0,35.0,32.0,-0.0030632107251067353,-0.0017650185808415486,256.0,0.00390625,6400000.0
1.0,1.0,4.0,1.0,1.0,1.0,63.0,32.0,-0.0030632107251067353,-0.0017650185808415486,0.000976562,1024.0,6400000.0
1.0,32.0,1.0,1.0,1.0,1.0,35.0,32.0,-0.0030632107251067353,-0.0017650185808415486,128.0,0.5,6400000.0
32.0,32.0,1.0,2.0,82.0,64.0,2561.0,6144.0,0.25375401307087353,0.2660820235119521,32.0,0.0078125,6400000.0
1.0,1.0,1.0,1.0,1.0,1.0,35.0,32.0,-0.0030632107251067353,-0.0017650185808415486,0.015625,1024.0,6400000.0
32.0,32.0,1.0,3.0,87.0,64.0,2536.0,6144.0,0.291926805614531,0.30286356670589687,16.0,0.000976562,6400000.0
1.0,32.0,1.0,1.0,1.0,1.0,35.0,32.0,-0.0030632107251067353,-0.0017650185808415486,0.0625,128.0,6400000.0
1.0,32.0,1.0,1.0,1.0,1.0,35.0,32.0,-0.0030632107251067353,-0.0017650185808415486,16384.0,512.0,6400000.0
16.0,32.0,1.0,2.0,45.0,32.0,1309.0,3072.0,0.23561062474946082,0.24274222107689147,32.0,8.0,6400000.0
1.0,32.0,1.0,1.0,1.0,1.0,35.0,32.0,-0.0030632107251067353,-0.0017650185808415486,16.0,1024.0,6400000.0
1.0,32.0,1.0,1.0,1.0,1.0,35.0,32.0,-0.0030632107251067353,-0.0017650185808415486,128.0,0.0,6400000.0
1.0,32.0,1.0,1.0,1.0,1.0,35.0,32.0,-0.0030632107251067353,-0.0017650185808415486,32768.0,0.00390625,6400000.0
1.0,32.0,1.0,1.0,1.0,1.0,35.0,32.0,-0.0030632107251067353,-0.0017650185808415486,64.0,64.0,6400000.0
1.0,1.0,4.0,7.0,31.0,16.0,935.0,2432.0,0.06453061417624306,0.06820844800405634,0.00195312,0.0078125,6400000.0
1.0,32.0,1.0,1.0,1.0,1.0,35.0,32.0,-0.0030632107251067353,-0.0017650185808415486,512.0,0.03125,6400000.0
1.0,32.0,1.0,1.0,1.0,1.0,35.0,32.0,-0.0030632107251067353,-0.0017650185808415486,128.0,512.0,6400000.0
1.0,1.0,4.0,7.0,31.0,16.0,935.0,2432.0,0.06453061417624306,0.06820844800405634,0.000976562,0.00195312,6400000.0
32.0,32.0,1.0,6.0,89.0,64.0,2617.0,6144.0,0.30222600599049476,0.3118593088232947,0.0625,0.125,6400000.0
32.0,32.0,1.0,2.0,82.0,64.0,2561.0,6144.0,0.25375401307087353,0.2660820235119521,64.0,0.0625,6400000.0
1.0,32.0,1.0,1.0,1.0,1.0,35.0,32.0,-0.0030632107251067353,-0.0017650185808415486,0.125,1024.0,6400000.0
32.0,32.0,1.0,3.0,86.0,64.0,2536.0,6144.0,0.2902516007360245,0.3009932615875536,16.0,1.0,6400000.0
1.0,32.0,1.0,1.0,1.0,1.0,35.0,32.0,-0.0030632107251067353,-0.0017650185808415486,256.0,4.0,6400000.0
1.0,32.0,1.0,1.0,1.0,1.0,35.0,32.0,-0.0030632107251067353,-0.0017650185808415486,256.0,4096.0,6400000.0
1.0,32.0,1.0,1.0,1.0,1.0,35.0,32.0,-0.0030632107251067353,-0.0017650185808415486,512.0,32.0,6400000.0
1.0,32.0,1.0,1.0,1.0,1.0,35.0,32.0,-0.0030632107251067353,-0.0017650185808415486,2048.0,0.00195312,6400000.0
32.0,32.0,1.0,6.0,89.0,64.0,2617.0,6144.0,0.30222600599049476,0.3118593088232947,0.25,0.0078125,6400000.0
1.0,32.0,1.0,1.0,1.0,1.0,35.0,32.0,-0.0030632107251067353,-0.0017650185808415486,0.25,8192.0,6400000.0
32.0,32.0,1.0,6.0,89.0,64.0,2617.0,6144.0,0.30222600599049476,0.3118593088232947,0.125,0.000976562,6400000.0
32.0,32.0,1.0,6.0,89.0,64.0,2617.0,6144.0,0.3022277019895928,0.31185939883760616,0.5,0.0625,6400000.0
32.0,32.0,1.0,6.0,89.0,64.0,2617.0,6144.0,0.3022271396222107,0.3118590966594449,1.0,0.0,6400000.0
32.0,32.0,1.0,6.0,88.0,64.0,2585.0,6144.0,0.30248460297207713,0.31184415499637164,0.125,1.0,6400000.0
1.0,32.0,1.0,1.0,1.0,1.0,35.0,32.0,-0.0030632107251067353,-0.0017650185808415486,1024.0,0.25,6400000.0
1.0,32.0,1.0,1.0,1.0,1.0,35.0,32.0,-0.0030632107251067353,-0.0017650185808415486,1024.0,256.0,6400000.0
1.0,32.0,1.0,1.0,1.0,1.0,35.0,32.0,-0.0030632107251067353,-0.0017650185808415486,2048.0,2.0,6400000.0
32.0,32.0,1.0,6.0,88.0,64.0,2585.0,6144.0,0.30248300529165895,0.31184359712818366,1.0,0.5,6400000.0
22.0,32.0,1.0,3.0,61.0,44.0,1728.0,4224.0,0.27209781390772547,0.2796723898647334,0.25,8.0,6400000.0
1.0,32.0,1.0,1.0,1.0,1.0,35.0,32.0,-0.0030632107251067353,-0.0017650185808415486,1.0,512.0,6400000.0
1.0,32.0,1.0,1.0,1.0,1.0,35.0,32.0,-0.0030632107251067353,-0.0017650185808415486,4096.0,0.015625,6400000.0
3.0,32.0,1.0,2.0,9.0,6.0,279.0,576.0,0.10115259004895938,0.10346957106453547,0.5,64.0,6400000.0
1.0,1.0,4.0,3.0,5.0,3.0,194.0,352.0,0.048146068319603885,0.051476191507202285,0.00195312,8.0,6400000.0
1.0,32.0,1.0,1.0,1.0,1.0,35.0,32.0,-0.0030632107251067353,-0.0017650185808415486,4096.0,16.0,6400000.0
1.0,32.0,1.0,1.0,1.0,1.0,35.0,32.0,-0.0030632107251067353,-0.0017650185808415486,4096.0,16384.0,6400000.0
1.0,1.0,4.0,6.0,26.0,14.0,760.0,2112.0,0.0636058133035663,0.0673808602609266,0.000976562,2.0,6400000.0
1.0,32.0,1.0,1.0,1.0,1.0,35.0,32.0,-0.0030632107251067353,-0.0017650185808415486,2048.0,2048.0,6400000.0
1.0,32.0,1.0,1.0,1.0,1.0,35.0,32.0,-0.0030632107251067353,-0.0017650185808415486,512.0,32768.0,6400000.0
32.0,32.0,1.0,5.0,90.0,64.0,2640.0,6144.0,0.29926502119447096,0.3106191663045651,2.0,0.00390625,6400000.0
8.0,32.0,1.0,2.0,22.0,16.0,654.0,1536.0,0.184803559555608,0.19082719424152972,4.0,32.0,6400000.0
1.0,32.0,1.0,1.0,1.0,1.0,35.0,32.0,-0.0030632107251067353,-0.0017650185808415486,16384.0,0.000976562,6400000.0
1.0,32.0,1.0,1.0,1.0,1.0,35.0,32.0,-0.0030632107251067353,-0.0017650185808415486,8192.0,0.125,6400000.0
1.0,32.0,1.0,1.0,1.0,1.0,35.0,32.0,-0.0030632107251067353,-0.0017650185808415486,16384.0,1.0,6400000.0
1.0,32.0,1.0,1.0,1.0,1.0,35.0,32.0,-0.0030632107251067353,-0.0017650185808415486,0.03125,32768.0,6400000.0
32.0,32.0,1.0,3.0,89.0,64.0,2577.0,6144.0,0.29687475979768474,0.30482154120028926,4.0,0.03125,6400000.0
1.0,32.0,1.0,1.0,1.0,1.0,35.0,32.0,-0.0030632107251067353,-0.0017650185808415486,8.0,256.0,6400000.0
32.0,32.0,1.0,3.0,90.0,64.0,2609.0,6144.0,0.2969231628918384,0.30476563612620344,8.0,0.25,6400000.0
1.0,32.0,1.0,1.0,1.0,1.0,35.0,32.0,-0.0030632107251067353,-0.0017650185808415486,8192.0,128.0,6400000.0
1.0,32.0,1.0,1.0,1.0,1.0,35.0,32.0,-0.0030632107251067353,-0.0017650185808415486,2.0,4096.0,6400000.0
32.0,32.0,1.0,4.0,87.0,64.0,2542.0,6144.0,0.2971779524669985,0.3067461059027242,2.0,4.0,6400000.0
1.0,32.0,1.0,1.0,1.0,1.0,35.0,32.0,-0.0030632107251067353,-0.0017650185808415486,4.0,32768.0,6400000.0
1.0,32.0,1.0,1.0,1.0,1.0,35.0,32.0,-0.0030632107251067353,-0.0017650185808415486,32.0,16384.0,6400000.0
1.0,1.0,4.0,1.0,1.0,1.0,63.0,32.0,-0.0030632107251067353,-0.0017650185808415486,0.000976562,2048.0,6400000.0
1.0,32.0,1.0,1.0,1.0,1.0,35.0,32.0,-0.0030632107251067353,-0.0017650185808415486,256.0,0.0078125,6400000.0
1.0,32.0,1.0,1.0,1.0,1.0,35.0,32.0,-0.0030632107251067353,-0.0017650185808415486,128.0,1.0,6400000.0
32.0,32.0,1.0,3.0,87.0,64.0,2536.0,6144.0,0.291926805614531,0.30286356670589687,16.0,0.00195312,6400000.0
1.0,1.0,1.0,1.0,1.0,1.0,35.0,32.0,-0.0030632107251067353,-0.0017650185808415486,0.015625,2048.0,6400000.0
11.0,32.0,1.0,2.0,30.0,22.0,860.0,2112.0,0.211815897449531,0.21820531799146736,32.0,16.0,6400000.0
1.0,32.0,1.0,1.0,1.0,1.0,35.0,32.0,-0.0030632107251067353,-0.0017650185808415486,0.0625,256.0,6400000.0
32.0,32.0,1.0,2.0,82.0,64.0,2561.0,6144.0,0.25375401307087353,0.2660820235119521,32.0,0.015625,6400000.0
1.0,32.0,1.0,1.0,1.0,1.0,35.0,32.0,-0.0030632107251067353,-0.0017650185808415486,16.0,2048.0,6400000.0
1.0,32.0,1.0,1.0,1.0,1.0,35.0,32.0,-0.0030632107251067353,-0.0017650185808415486,32768.0,0.0078125,6400000.0
1.0,32.0,1.0,1.0,1.0,1.0,35.0,32.0,-0.0030632107251067353,-0.0017650185808415486,128.0,0.000976562,6400000.0
1.0,32.0,1.0,1.0,1.0,1.0,35.0,32.0,-0.0030632107251067353,-0.0017650185808415486,512.0,0.0625,6400000.0
1.0,32.0,1.0,1.0,1.0,1.0,35.0,32.0,-0.0030632107251067353,-0.0017650185808415486,64.0,128.0,6400000.0
1.0,32.0,1.0,1.0,1.0,1.0,35.0,32.0,-0.0030632107251067353,-0.0017650185808415486,16384.0,1024.0,6400000.0
1.0,32.0,1.0,1.0,1.0,1.0,35.0,32.0,-0.0030632107251067353,-0.0017650185808415486,256.0,8.0,6400000.0
32.0,32.0,1.0,6.0,88.0,64.0,2585.0,6144.0,0.3024856641081587,0.31184592751888207,0.0625,0.25,6400000.0
1.0,32.0,1.0,1.0,1.0,1.0,35.0,32.0,-0.0030632107251067353,-0.0017650185808415486,128.0,1024.0,6400000.0
1.0,1.0,4.0,7.0,31.0,16.0,935.0,2432.0,0.06453061417624306,0.06820844800405634,0.000976562,0.00390625,6400000.0
1.0,1.0,4.0,7.0,31.0,16.0,935.0,2432.0,0.06453061417624306,0.06820844800405634,0.00195312,0.015625,6400000.0
32.0,32.0,1.0,2.0,82.0,64.0,2561.0,6144.0,0.25375401307087353,0.2660820235119521,64.0,0.125,6400000.0
1.0,32.0,1.0,1.0,1.0,1.0,35.0,32.0,-0.0030632107251067353,-0.0017650185808415486,2048.0,0.00390625,6400000.0
32.0,32.0,1.0,3.0,86.0,64.0,2536.0,6144.0,0.2902516007360245,0.3009932615875536,16.0,2.0,6400000.0
1.0,32.0,1.0,1.0,1.0,1.0,35.0,32.0,-0.0030632107251067353,-0.0017650185808415486,0.125,2048.0,6400000.0
1.0,32.0,1.0,1.0,1.0,1.0,35.0,32.0,-0.0030632107251067353,-0.0017650185808415486,512.0,64.0,6400000.0
32.0,32.0,1.0,6.0,89.0,64.0,2617.0,6144.0,0.30222600599049476,0.3118593088232947,0.25,0.015625,6400000.0
1.0,32.0,1.0,1.0,1.0,1.0,35.0,32.0,-0.0030632107251067353,-0.0017650185808415486,256.0,8192.0,6400000.0
1.0,32.0,1.0,1.0,1.0,1.0,35.0,32.0,-0.0030632107251067353,-0.0017650185808415486,0.25,16384.0,6400000.0
32.0,32.0,1.0,6.0,89.0,64.0,2617.0,6144.0,0.30222600599049476,0.3118593088232947,0.125,0.00195312,6400000.0
32.0,32.0,1.0,6.0,89.0,64.0,2617.0,6144.0,0.3022277019895928,0.31185939883760616,0.5,0.125,6400000.0
32.0,32.0,1.0,6.0,88.0,64.0,2585.0,6144.0,0.3024796562082791,0.31184221526322375,0.125,2.0,6400000.0
32.0,32.0,1.0,6.0,89.0,64.0,2617.0,6144.0,0.3022271396222107,0.3118590966594449,1.0,0.000976562,6400000.0
1.0,32.0,1.0,1.0,1.0,1.0,35.0,32.0,-0.0030632107251067353,-0.0017650185808415486,1.0,1024.0,6400000.0
1.0,32.0,1.0,1.0,1.0,1.0,35.0,32.0,-0.0030632107251067353,-0.0017650185808415486,1024.0,0.5,6400000.0
1.0,32.0,1.0,1.0,1.0,1.0,35.0,32.0,-0.0030632107251067353,-0.0017650185808415486,1024.0,512.0,6400000.0
1.0,32.0,1.0,1.0,1.0,1.0,35.0,32.0,-0.0030632107251067353,-0.0017650185808415486,2048.0,4.0,6400000.0
1.0,32.0,1.0,1.0,1.0,1.0,35.0,32.0,-0.0030632107251067353,-0.0017650185808415486,4096.0,32.0,6400000.0
32.0,32.0,1.0,6.0,88.0,64.0,2585.0,6144.0,0.3024838993511777,0.31184373968201184,1.0,1.0,6400000.0
1.0,32.0,1.0,1.0,1.0,1.0,35.0,32.0,-0.0030632107251067353,-0.0017650185808415486,4096.0,32768.0,6400000.0
1.0,32.0,1.0,1.0,1.0,1.0,35.0,32.0,-0.0030632107251067353,-0.0017650185808415486,4096.0,0.03125,6400000.0
12.0,32.0,1.0,3.0,33.0,24.0,937.0,2304.0,0.22058073034453196,0.22746378695664926,0.25,16.0,6400000.0
1.0,32.0,1.0,1.0,1.0,1.0,35.0,32.0,-0.0030632107251067353,-0.0017650185808415486,0.5,128.0,6400000.0
1.0,32.0,1.0,1.0,1.0,1.0,35.0,32.0,-0.0030632107251067353,-0.0017650185808415486,2048.0,4096.0,6400000.0
1.0,1.0,4.0,3.0,5.0,3.0,194.0,352.0,0.048146068319603885,0.051476191507202285,0.00195312,16.0,6400000.0
1.0,32.0,1.0,1.0,1.0,1.0,35.0,32.0,-0.0030632107251067353,-0.0017650185808415486,1024.0,0.0,6400000.0
1.0,1.0,4.0,4.0,13.0,7.0,410.0,992.0,0.057805003399450605,0.060993872308649943,0.000976562,4.0,6400000.0
1.0,32.0,1.0,1.0,1.0,1.0,35.0,32.0,-0.0030632107251067353,-0.0017650185808415486,16384.0,2.0,6400000.0
32.0,32.0,1.0,5.0,90.0,64.0,2640.0,6144.0,0.29926502119447096,0.3106191663045651,2.0,0.0078125,6400000.0
32.0,32.0,1.0,3.0,89.0,64.0,2577.0,6144.0,0.29687475979768474,0.30482154120028926,4.0,0.0625,6400000.0
3.0,32.0,1.0,2.0,9.0,6.0,279.0,576.0,0.10115259004895938,0.10346957106453547,4.0,64.0,6400000.0
1.0,32.0,1.0,1.0,1.0,1.0,35.0,32.0,-0.0030632107251067353,-0.0017650185808415486,16384.0,0.00195312,6400000.0
1.0,32.0,1.0,1.0,1.0,1.0,35.0,32.0,-0.0030632107251067353,-0.0017650185808415486,8192.0,0.25,6400000.0
1.0,32.0,1.0,1.0,1.0,1.0,35.0,32.0,-0.0030632107251067353,-0.0017650185808415486,8192.0,256.0,6400000.0
1.0,32.0,1.0,1.0,1.0,1.0,35.0,32.0,-0.0030632107251067353,-0.0017650185808415486,8.0,512.0,6400000.0
32.0,32.0,1.0,6.0,90.0,64.0,2618.0,6144.0,0.30229595627835226,0.31191479707012826,0.0625,0.0,6400000.0
32.0,32.0,1.0,3.0,90.0,64.0,2609.0,6144.0,0.29692308300758063,0.3047669387906987,8.0,0.5,6400000.0
22.0,32.0,1.0,3.0,61.0,44.0,1728.0,4224.0,0.2720957992971804,0.2796722811129766,2.0,8.0,6400000.0
1.0,32.0,1.0,1.0,1.0,1.0,35.0,32.0,-0.0030632107251067353,-0.0017650185808415486,2.0,8192.0,6400000.0
32.0,32.0,1.0,3.0,90.0,64.0,2609.0,6144.0,0.2969228596020492,0.30476546187338793,8.0,0.0,6400000.0
1.0,32.0,1.0,1.0,1.0,1.0,35.0,32.0,-0.0030632107251067353,-0.0017650185808415486,32.0,32768.0,6400000.0
1.0,32.0,1.0,1.0,1.0,1.0,35.0,32.0,-0.0030632107251067353,-0.0017650185808415486,256.0,0.015625,6400000.0
1.0,1.0,4.0,1.0,1.0,1.0,63.0,32.0,-0.0030632107251067353,-0.0017650185808415486,0.000976562,4096.0,6400000.0
1.0,32.0,1.0,1.0,1.0,1.0,35.0,32.0,-0.0030632107251067353,-0.0017650185808415486,128.0,2.0,6400000.0
32.0,32.0,1.0,3.0,87.0,64.0,2536.0,6144.0,0.291926805614531,0.30286356670589687,16.0,0.00390625,6400000.0
8.0,32.0,1.0,2.0,22.0,16.0,654.0,1536.0,0.184803559555608,0.19082719424152972,32.0,32.0,6400000.0
1.0,1.0,1.0,1.0,1.0,1.0,35.0,32.0,-0.0030632107251067353,-0.0017650185808415486,0.015625,4096.0,6400000.0
32.0,32.0,1.0,2.0,82.0,64.0,2561.0,6144.0,0.25375401307087353,0.2660820235119521,32.0,0.03125,6400000.0
1.0,32.0,1.0,1.0,1.0,1.0,35.0,32.0,-0.0030632107251067353,-0.0017650185808415486,0.0625,512.0,6400000.0
1.0,32.0,1.0,1.0,1.0,1.0,35.0,32.0,-0.0030632107251067353,-0.0017650185808415486,16.0,4096.0,6400000.0
1.0,32.0,1.0,1.0,1.0,1.0,35.0,32.0,-0.0030632107251067353,-0.0017650185808415486,128.0,0.00195312,6400000.0
1.0,32.0,1.0,1.0,1.0,1.0,35.0,32.0,-0.0030632107251067353,-0.0017650185808415486,32768.0,0.015625,6400000.0
1.0,32.0,1.0,1.0,1.0,1.0,35.0,32.0,-0.0030632107251067353,-0.0017650185808415486,512.0,0.125,6400000.0
1.0,32.0,1.0,1.0,1.0,1.0,35.0,32.0,-0.0030632107251067353,-0.0017650185808415486,16384.0,2048.0,6400000.0
1.0,32.0,1.0,1.0,1.0,1.0,35.0,32.0,-0.0030632107251067353,-0.0017650185808415486,256.0,16.0,6400000.0
32.0,32.0,1.0,2.0,82.0,64.0,2561.0,6144.0,0.25375401307087353,0.2660820235119521,64.0,0.25,6400000.0
25.0,32.0,1.0,2.0,65.0,50.0,1987.0,4800.0,0.2508845036920214,0.2612119600426388,16.0,4.0,6400000.0
1.0,32.0,1.0,1.0,1.0,1.0,35.0,32.0,-0.0030632107251067353,-0.0017650185808415486,64.0,256.0,6400000.0
32.0,32.0,1.0,6.0,88.0,64.0,2585.0,6144.0,0.3024844044625239,0.3118448791443038,0.0625,0.5,6400000.0
1.0,32.0,1.0,1.0,1.0,1.0,35.0,32.0,-0.0030632107251067353,-0.0017650185808415486,128.0,2048.0,6400000.0
1.0,32.0,1.0,1.0,1.0,1.0,35.0,32.0,-0.0030632107251067353,-0.0017650185808415486,512.0,128.0,6400000.0
1.0,1.0,4.0,7.0,31.0,16.0,935.0,2432.0,0.06453061417624306,0.06820844800405634,0.00195312,0.03125,6400000.0
1.0,32.0,1.0,1.0,1.0,1.0,35.0,32.0,-0.0030632107251067353,-0.0017650185808415486,2048.0,0.0078125,6400000.0
32.0,32.0,1.0,6.0,89.0,64.0,2617.0,6144.0,0.30222600599049476,0.3118593088232947,0.25,0.03125,6400000.0
1.0,1.0,4.0,7.0,31.0,16.0,935.0,2432.0,0.06453061417624306,0.06820844800405634,0.000976562,0.0078125,6400000.0
1.0,32.0,1.0,1.0,1.0,1.0,35.0,32.0,-0.0030632107251067353,-0.0017650185808415486,256.0,16384.0,6400000.0
1.0,32.0,1.0,1.0,1.0,1.0,35.0,32.0,-0.0030632107251067353,-0.0017650185808415486,0.125,4096.0,6400000.0
32.0,32.0,1.0,6.0,89.0,64.0,2617.0,6144.0,0.30222600599049476,0.3118593088232947,0.125,0.00390625,6400000.0
1.0,32.0,1.0,1.0,1.0,1.0,35.0,32.0,-0.0030632107251067353,-0.0017650185808415486,0.25,32768.0,6400000.0
32.0,32.0,1.0,6.0,88.0,64.0,2585.0,6144.0,0.30248734279605916,0.3118460232950133,0.5,0.25,6400000.0
32.0,32.0,1.0,6.0,88.0,64.0,2585.0,6144.0,0.3024796562082791,0.31184221526322375,0.125,4.0,6400000.0
1.0,32.0,1.0,1.0,1.0,1.0,35.0,32.0,-0.0030632107251067353,-0.0017650185808415486,1024.0,1.0,6400000.0
1.0,32.0,1.0,1.0,1.0,1.0,35.0,32.0,-0.0030632107251067353,-0.0017650185808415486,4096.0,64.0,6400000.0
32.0,32.0,1.0,6.0,89.0,64.0,2617.0,6144.0,0.3022271396222107,0.3118590966594449,1.0,0.00195312,6400000.0
1.0,32.0,1.0,1.0,1.0,1.0,35.0,32.0,-0.0030632107251067353,-0.0017650185808415486,1.0,2048.0,6400000.0
1.0,32.0,1.0,1.0,1.0,1.0,35.0,32.0,-0.0030632107251067353,-0.0017650185808415486,2048.0,8.0,6400000.0
1.0,32.0,1.0,1.0,1.0,1.0,35.0,32.0,-0.0030632107251067353,-0.0017650185808415486,1024.0,1024.0,6400000.0
32.0,32.0,1.0,6.0,88.0,64.0,2585.0,6144.0,0.3024838993511777,0.31184373968201184,1.0,2.0,6400000.0
8.0,32.0,1.0,2.0,22.0,16.0,654.0,1536.0,0.184803559555608,0.19082719424152972,0.25,32.0,6400000.0
1.0,32.0,1.0,1.0,1.0,1.0,35.0,32.0,-0.0030632107251067353,-0.0017650185808415486,8192.0,0.0,6400000.0
1.0,32.0,1.0,1.0,1.0,1.0,35.0,32.0,-0.0030632107251067353,-0.0017650185808415486,4096.0,0.0625,6400000.0
1.0,32.0,1.0,1.0,1.0,1.0,35.0,32.0,-0.0030632107251067353,-0.0017650185808415486,1024.0,0.000976562,6400000.0
1.0,1.0,4.0,2.0,3.0,2.0,136.0,192.0,0.03911015413878083,0.040912063041146696,0.00195312,32.0,6400000.0
1.0,32.0,1.0,1.0,1.0,1.0,35.0,32.0,-0.0030632107251067353,-0.0017650185808415486,2048.0,8192.0,6400000.0
1.0,32.0,1.0,1.0,1.0,1.0,35.0,32.0,-0.0030632107251067353,-0.0017650185808415486,16384.0,4.0,6400000.0
1.0,1.0,4.0,3.0,5.0,3.0,194.0,352.0,0.048146068319603885,0.051476191507202285,0.000976562,8.0,6400000.0
1.0,32.0,1.0,1.0,1.0,1.0,35.0,32.0,-0.0030632107251067353,-0.0017650185808415486,0.5,256.0,6400000.0
32.0,32.0,1.0,3.0,89.0,64.0,2577.0,6144.0,0.29687506045573775,0.3048217167133557,4.0,0.125,6400000.0
1.0,32.0,1.0,1.0,1.0,1.0,35.0,32.0,-0.0030632107251067353,-0.0017650185808415486,16384.0,0.00390625,6400000.0
32.0,32.0,1.0,5.0,90.0,64.0,2640.0,6144.0,0.29926502119447096,0.3106191663045651,2.0,0.015625,6400000.0
1.0,32.0,1.0,1.0,1.0,1.0,35.0,32.0,-0.0030632107251067353,-0.0017650185808415486,4.0,128.0,6400000.0
1.0,32.0,1.0,1.0,1.0,1.0,35.0,32.0,-0.0030632107251067353,-0.0017650185808415486,8192.0,512.0,6400000.0
1.0,32.0,1.0,1.0,1.0,1.0,35.0,32.0,-0.0030632107251067353,-0.0017650185808415486,8192.0,0.5,6400000.0
12.0,32.0,1.0,3.0,33.0,24.0,937.0,2304.0,0.22058008498100445,0.22746552742711335,2.0,16.0,6400000.0
1.0,32.0,1.0,1.0,1.0,1.0,35.0,32.0,-0.0030632107251067353,-0.0017650185808415486,8.0,1024.0,6400000.0
1.0,32.0,1.0,1.0,1.0,1.0,35.0,32.0,-0.0030632107251067353,-0.0017650185808415486,2.0,16384.0,6400000.0
32.0,32.0,1.0,3.0,90.0,64.0,2609.0,6144.0,0.29513374423687055,0.30427012705372625,8.0,1.0,6400000.0
1.0,32.0,1.0,1.0,1.0,1.0,35.0,32.0,-0.0030632107251067353,-0.0017650185808415486,32768.0,0.125,6400000.0
32.0,32.0,1.0,2.0,82.0,64.0,2561.0,6144.0,0.25375401307087353,0.2660820235119521,64.0,0.0,6400000.0
32.0,32.0,1.0,3.0,90.0,64.0,2609.0,6144.0,0.2969228596020492,0.30476546187338793,8.0,0.000976562,6400000.0
1.0,32.0,1.0,1.0,1.0,1.0,35.0,32.0,-0.0030632107251067353,-0.0017650185808415486,256.0,0.03125,6400000.0
1.0,32.0,1.0,1.0,1.0,1.0,35.0,32.0,-0.0030632107251067353,-0.0017650185808415486,128.0,4.0,6400000.0
1.0,1.0,4.0,1.0,1.0,1.0,63.0,32.0,-0.0030632107251067353,-0.0017650185808415486,0.000976562,8192.0,6400000.0
32.0,32.0,1.0,3.0,87.0,64.0,2536.0,6144.0,0.291926805614531,0.30286356670589687,16.0,0.0078125,6400000.0
32.0,32.0,1.0,2.0,82.0,64.0,2561.0,6144.0,0.25375401307087353,0.2660820235119521,32.0,0.0625,6400000.0
3.0,32.0,1.0,2.0,9.0,6.0,279.0,576.0,0.10115259004895938,0.10346957106453547,32.0,64.0,6400000.0
1.0,1.0,1.0,1.0,1.0,1.0,35.0,32.0,-0.0030632107251067353,-0.0017650185808415486,0.015625,8192.0,6400000.0
1.0,32.0,1.0,1.0,1.0,1.0,35.0,32.0,-0.0030632107251067353,-0.0017650185808415486,128.0,0.00390625,6400000.0
1.0,32.0,1.0,1.0,1.0,1.0,35.0,32.0,-0.0030632107251067353,-0.0017650185808415486,32768.0,0.03125,6400000.0
1.0,1.0,4.0,1.0,1.0,1.0,63.0,32.0,-0.0030632107251067353,-0.0017650185808415486,0.00195312,128.0,6400000.0
1.0,32.0,1.0,1.0,1.0,1.0,35.0,32.0,-0.0030632107251067353,-0.0017650185808415486,512.0,0.25,6400000.0
1.0,32.0,1.0,1.0,1.0,1.0,35.0,32.0,-0.0030632107251067353,-0.0017650185808415486,16384.0,4096.0,6400000.0
1.0,32.0,1.0,1.0,1.0,1.0,35.0,32.0,-0.0030632107251067353,-0.0017650185808415486,64.0,512.0,6400000.0
1.0,32.0,1.0,1.0,1.0,1.0,35.0,32.0,-0.0030632107251067353,-0.0017650185808415486,128.0,4096.0,6400000.0
1.0,32.0,1.0,1.0,1.0,1.0,35.0,32.0,-0.0030632107251067353,-0.0017650185808415486,256.0,32.0,6400000.0
1.0,32.0,1.0,1.0,1.0,1.0,35.0,32.0,-0.0030632107251067353,-0.0017650185808415486,2048.0,0.015625,6400000.0
1.0,32.0,1.0,1.0,1.0,1.0,35.0,32.0,-0.0030632107251067353,-0.0017650185808415486,16.0,8192.0,6400000.0
16.0,32.0,1.0,2.0,45.0,32.0,1309.0,3072.0,0.23561062474946082,0.24274222107689147,16.0,8.0,6400000.0
1.0,1.0,4.0,7.0,31.0,16.0,935.0,2432.0,0.06453061417624306,0.06820844800405634,0.00195312,0.0625,6400000.0
32.0,32.0,1.0,2.0,82.0,64.0,2561.0,6144.0,0.25375401307087353,0.2660820235119521,64.0,0.5,6400000.0
1.0,32.0,1.0,1.0,1.0,1.0,35.0,32.0,-0.0030632107251067353,-0.0017650185808415486,32768.0,128.0,6400000.0
1.0,32.0,1.0,1.0,1.0,1.0,35.0,32.0,-0.0030632107251067353,-0.0017650185808415486,512.0,256.0,6400000.0
1.0,32.0,1.0,1.0,1.0,1.0,35.0,32.0,-0.0030632107251067353,-0.0017650185808415486,256.0,32768.0,6400000.0
32.0,32.0,2.0,9.0,194.0,128.0,5642.0,16384.0,0.3967946080670627,0.4086280218715669,0.0,0.000976562,6400000.0
32.0,32.0,2.0,9.0,178.0,128.0,5351.0,16384.0,0.3883507716832031,0.39573695096995254,0.0,1.0,6400000.0
32.0,32.0,2.0,9.0,194.0,128.0,5642.0,16384.0,0.3967946080670627,0.4086280218715669,0.000976562,0.0078125,6400000.0
1.0,32.0,2.0,1.0,1.0,1.0,39.0,32.0,-0.0030632107251067353,-0.0017650185808415486,0.0,1024.0,6400000.0
14.0,32.0,2.0,3.0,58.0,41.0,1695.0,4768.0,0.2755258013558761,0.2825067573238387,0.000976562,8.0,6400000.0
1.0,32.0,1.0,1.0,1.0,1.0,35.0,32.0,-0.0030632107251067353,-0.0017650185808415486,4096.0,128.0,6400000.0
1.0,32.0,1.0,1.0,1.0,1.0,35.0,32.0,-0.0030632107251067353,-0.0017650185808415486,1024.0,2.0,6400000.0
32.0,32.0,2.0,9.0,191.0,128.0,5605.0,16384.0,0.39636899531971115,0.40832135590783236,0.00195312,0.0625,6400000.0
1.0,32.0,2.0,1.0,1.0,1.0,39.0,32.0,-0.0030632107251067353,-0.0017650185808415486,0.000976562,8192.0,6400000.0
3.0,32.0,2.0,2.0,9.0,6.0,287.0,576.0,0.10115259004895938,0.10346957106453547,0.00195312,64.0,6400000.0
1.0,32.0,1.0,1.0,1.0,1.0,35.0,32.0,-0.0030632107251067353,-0.0017650185808415486,2048.0,16.0,6400000.0
32.0,32.0,2.0,9.0,194.0,128.0,5642.0,16384.0,0.3967946080670627,0.4086280218715669,0.00390625,0.0,6400000.0
1.0,32.0,1.0,1.0,1.0,1.0,35.0,32.0,-0.0030632107251067353,-0.0017650185808415486,1024.0,2048.0,6400000.0
1.0,32.0,1.0,1.0,1.0,1.0,35.0,32.0,-0.0030632107251067353,-0.0017650185808415486,8192.0,0.000976562,6400000.0
1.0,1.0,4.0,2.0,3.0,2.0,136.0,192.0,0.03911015413878083,0.040912063041146696,0.00195312,64.0,6400000.0
1.0,32.0,1.0,1.0,1.0,1.0,35.0,32.0,-0.0030632107251067353,-0.0017650185808415486,4096.0,0.125,6400000.0
1.0,32.0,1.0,1.0,1.0,1.0,35.0,32.0,-0.0030632107251067353,-0.0017650185808415486,1024.0,0.00195312,6400000.0
1.0,32.0,1.0,1.0,1.0,1.0,35.0,32.0,-0.0030632107251067353,-0.0017650185808415486,16384.0,8.0,6400000.0
1.0,32.0,1.0,1.0,1.0,1.0,35.0,32.0,-0.0030632107251067353,-0.0017650185808415486,2048.0,16384.0,6400000.0
32.0,32.0,2.0,9.0,185.0,128.0,5435.0,16384.0,0.39874482092030794,0.4080815407120343,0.00390625,0.5,6400000.0
1.0,32.0,1.0,1.0,1.0,1.0,35.0,32.0,-0.0030632107251067353,-0.0017650185808415486,16384.0,0.0078125,6400000.0
1.0,32.0,2.0,1.0,1.0,1.0,39.0,32.0,-0.0030632107251067353,-0.0017650185808415486,0.00390625,512.0,6400000.0
32.0,32.0,2.0,9.0,194.0,128.0,5642.0,16384.0,0.3967946080670627,0.4086280218715669,0.0078125,0.00390625,6400000.0
32.0,32.0,2.0,9.0,191.0,128.0,5630.0,16384.0,0.3976302140524789,0.4092200198642074,0.015625,0.03125,6400000.0
1.0,32.0,1.0,1.0,1.0,1.0,35.0,32.0,-0.0030632107251067353,-0.0017650185808415486,8192.0,1024.0,6400000.0
1.0,32.0,2.0,1.0,1.0,1.0,39.0,32.0,-0.0030632107251067353,-0.0017650185808415486,0.0078125,4096.0,6400000.0
1.0,1.0,4.0,7.0,31.0,16.0,935.0,2432.0,0.06453061417624306,0.06820844800405634,0.00390625,0.000976562,6400000.0
1.0,32.0,1.0,1.0,1.0,1.0,35.0,32.0,-0.0030632107251067353,-0.0017650185808415486,8192.0,1.0,6400000.0
32.0,32.0,2.0,8.0,150.0,110.0,4556.0,13504.0,0.3846589998489178,0.39427752802642746,0.0078125,4.0,6400000.0
1.0,32.0,2.0,1.0,1.0,1.0,39.0,32.0,-0.0030632107251067353,-0.0017650185808415486,0.015625,32768.0,6400000.0
1.0,32.0,1.0,1.0,1.0,1.0,35.0,32.0,-0.0030632107251067353,-0.0017650185808415486,32768.0,0.25,6400000.0
8.0,32.0,2.0,2.0,22.0,16.0,664.0,1536.0,0.184803559555608,0.19082719424152972,0.015625,32.0,6400000.0
32.0,32.0,2.0,9.0,190.0,128.0,5628.0,16384.0,0.3970982816949802,0.4072044721212872,0.03125,0.25,6400000.0
1.0,32.0,2.0,1.0,1.0,1.0,39.0,32.0,-0.0030632107251067353,-0.0017650185808415486,0.03125,256.0,6400000.0
1.0,1.0,4.0,7.0,28.0,15.0,835.0,2272.0,0.06413365518102998,0.06769915626143252,0.00390625,1.0,6400000.0
32.0,32.0,2.0,9.0,174.0,125.0,5314.0,15904.0,0.3877933007125024,0.39577794537868083,0.0625,2.0,6400000.0
32.0,32.0,2.0,9.0,194.0,128.0,5642.0,16384.0,0.3967946080670627,0.4086280218715669,0.0625,0.00195312,6400000.0
1.0,32.0,2.0,1.0,1.0,1.0,39.0,32.0,-0.0030632107251067353,-0.0017650185808415486,0.0625,2048.0,6400000.0
32.0,32.0,2.0,9.0,193.0,128.0,5613.0,16384.0,0.39788946536593794,0.4085213338926459,0.125,0.015625,6400000.0
1.0,32.0,2.0,1.0,1.0,1.0,39.0,32.0,-0.0030632107251067353,-0.0017650185808415486,0.125,16384.0,6400000.0
11.0,32.0,2.0,3.0,35.0,25.0,1015.0,2592.0,0.23714634169335125,0.2431198474760431,0.125,16.0,6400000.0
1.0,32.0,2.0,1.0,1.0,1.0,39.0,32.0,-0.0030632107251067353,-0.0017650185808415486,0.25,128.0,6400000.0
32.0,32.0,2.0,9.0,193.0,128.0,5642.0,16384.0,0.3920523787850334,0.4035707459863198,0.5,0.000976562,6400000.0
32.0,32.0,2.0,9.0,192.0,128.0,5632.0,16384.0,0.39758152333969987,0.4099128307003814,0.25,0.125,6400000.0
1.0,32.0,1.0,1.0,1.0,1.0,35.0,32.0,-0.0030632107251067353,-0.0017650185808415486,32768.0,0.0625,6400000.0
1.0,1.0,4.0,1.0,1.0,1.0,63.0,32.0,-0.0030632107251067353,-0.0017650185808415486,0.00195312,256.0,6400000.0
1.0,32.0,1.0,1.0,1.0,1.0,35.0,32.0,-0.0030632107251067353,-0.0017650185808415486,16384.0,8192.0,6400000.0
1.0,1.0,4.0,1.0,1.0,1.0,63.0,32.0,-0.0030632107251067353,-0.0017650185808415486,0.00390625,1024.0,6400000.0
32.0,32.0,2.0,9.0,185.0,128.0,5482.0,16384.0,0.39677694441068645,0.4073707136515653,0.5,1.0,6400000.0
1.0,32.0,1.0,1.0,1.0,1.0,35.0,32.0,-0.0030632107251067353,-0.0017650185808415486,32768.0,256.0,6400000.0
14.0,32.0,2.0,3.0,58.0,41.0,1695.0,4768.0,0.2755258013558761,0.2825067573238387,1.0,8.0,6400000.0
1.0,32.0,2.0,1.0,1.0,1.0,39.0,32.0,-0.0030632107251067353,-0.0017650185808415486,0.5,1024.0,6400000.0
32.0,32.0,2.0,9.0,194.0,128.0,5642.0,16384.0,0.3967946080670627,0.4086280218715669,0.0,0.00195312,6400000.0
32.0,32.0,2.0,9.0,174.0,125.0,5314.0,15904.0,0.3877933007125024,0.39577794537868083,0.0,2.0,6400000.0
32.0,32.0,2.0,9.0,189.0,128.0,5635.0,16384.0,0.3977433637905352,0.4056812293910024,1.0,0.0078125,6400000.0
32.0,32.0,2.0,9.0,192.0,128.0,5606.0,16384.0,0.39929977168379516,0.4116164105130282,0.000976562,0.015625,6400000.0
1.0,32.0,2.0,1.0,1.0,1.0,39.0,32.0,-0.0030632107251067353,-0.0017650185808415486,1.0,8192.0,6400000.0
1.0,32.0,2.0,1.0,1.0,1.0,39.0,32.0,-0.0030632107251067353,-0.0017650185808415486,4.0,512.0,6400000.0
32.0,32.0,2.0,8.0,191.0,128.0,5606.0,16384.0,0.3965732005384677,0.4048496563315932,2.0,0.0625,6400000.0
32.0,32.0,2.0,8.0,182.0,128.0,5468.0,16384.0,0.39425550818471133,0.4043745195858851,4.0,0.5,6400000.0
3.0,32.0,2.0,2.0,9.0,6.0,287.0,576.0,0.10115259004895938,0.10346957106453547,2.0,64.0,6400000.0
11.0,32.0,2.0,3.0,35.0,25.0,1015.0,2592.0,0.23714634169335125,0.2431198474760431,0.000976562,16.0,6400000.0
32.0,32.0,2.0,7.0,189.0,128.0,5603.0,16384.0,0.39630458562402193,0.4071024750874799,4.0,0.0,6400000.0
1.0,32.0,2.0,1.0,1.0,1.0,39.0,32.0,-0.0030632107251067353,-0.0017650185808415486,0.0,2048.0,6400000.0
1.0,1.0,4.0,7.0,31.0,16.0,935.0,2432.0,0.06453061417624306,0.06820844800405634,0.0078125,0.0078125,6400000.0
32.0,32.0,2.0,9.0,193.0,128.0,5587.0,16384.0,0.401028742339658,0.41212908473104426,0.00195312,0.125,6400000.0
32.0,32.0,2.0,3.0,178.0,128.0,5456.0,16384.0,0.3290654381940258,0.3335923429121237,8.0,0.00390625,6400000.0
1.0,32.0,2.0,1.0,1.0,1.0,39.0,32.0,-0.0030632107251067353,-0.0017650185808415486,0.000976562,16384.0,6400000.0
21.0,32.0,2.0,3.0,95.0,69.0,2884.0,8352.0,0.3091014997011122,0.3173500317973945,8.0,4.0,6400000.0
1.0,32.0,2.0,1.0,1.0,1.0,39.0,32.0,-0.0030632107251067353,-0.0017650185808415486,0.00195312,128.0,6400000.0
32.0,32.0,2.0,9.0,194.0,128.0,5642.0,16384.0,0.3967946080670627,0.4086280218715669,0.00390625,0.000976562,6400000.0
1.0,32.0,2.0,1.0,1.0,1.0,39.0,32.0,-0.0030632107251067353,-0.0017650185808415486,8.0,4096.0,6400000.0
8.0,32.0,2.0,2.0,22.0,16.0,664.0,1536.0,0.184803559555608,0.19082719424152972,16.0,32.0,6400000.0
32.0,32.0,2.0,3.0,181.0,128.0,5490.0,16384.0,0.3293329865042446,0.33394848443122105,16.0,0.03125,6400000.0
1.0,32.0,2.0,1.0,1.0,1.0,39.0,32.0,-0.0030632107251067353,-0.0017650185808415486,0.00390625,1024.0,6400000.0
32.0,32.0,2.0,9.0,178.0,128.0,5351.0,16384.0,0.3883507716832031,0.39573695096995254,0.00390625,1.0,6400000.0
32.0,32.0,2.0,9.0,194.0,128.0,5642.0,16384.0,0.3967946080670627,0.4086280218715669,0.0078125,0.0078125,6400000.0
1.0,32.0,2.0,1.0,1.0,1.0,39.0,32.0,-0.0030632107251067353,-0.0017650185808415486,0.0078125,8192.0,6400000.0
1.0,32.0,2.0,1.0,1.0,1.0,39.0,32.0,-0.0030632107251067353,-0.0017650185808415486,16.0,32768.0,6400000.0
1.0,1.0,4.0,7.0,31.0,16.0,935.0,2432.0,0.06453061417624306,0.06820844800405634,0.00390625,0.00195312,6400000.0
14.0,32.0,2.0,3.0,58.0,41.0,1695.0,4768.0,0.2755258013558761,0.2825067573238387,0.0078125,8.0,6400000.0
32.0,32.0,2.0,9.0,191.0,128.0,5605.0,16384.0,0.39636899531971115,0.40832135590783236,0.015625,0.0625,6400000.0
1.0,32.0,2.0,1.0,1.0,1.0,39.0,32.0,-0.0030632107251067353,-0.0017650185808415486,32.0,256.0,6400000.0
1.0,32.0,2.0,1.0,1.0,1.0,39.0,32.0,-0.0030632107251067353,-0.0017650185808415486,64.0,2048.0,6400000.0
32.0,32.0,2.0,2.0,142.0,119.0,4712.0,14944.0,0.25935240539666216,0.27048541711564467,32.0,0.25,6400000.0
32.0,32.0,2.0,2.0,158.0,128.0,5207.0,16384.0,0.2588628032897151,0.27031639050649836,64.0,0.00195312,6400000.0
22.0,32.0,2.0,2.0,87.0,69.0,2845.0,8224.0,0.2533548419140267,0.2641108116508766,64.0,2.0,6400000.0
32.0,32.0,2.0,9.0,194.0,128.0,5642.0,16384.0,0.3967946080670627,0.4086280218715669,0.03125,0.0,6400000.0
1.0,1.0,4.0,3.0,5.0,3.0,194.0,352.0,0.048146068319603885,0.051476191507202285,0.0078125,8.0,6400000.0
1.0,32.0,1.0,1.0,1.0,1.0,35.0,32.0,-0.0030632107251067353,-0.0017650185808415486,32768.0,0.5,6400000.0
3.0,32.0,2.0,2.0,9.0,6.0,287.0,576.0,0.10115259004895938,0.10346957106453547,0.015625,64.0,6400000.0
32.0,32.0,2.0,9.0,194.0,128.0,5642.0,16384.0,0.3967946080670627,0.4086280218715669,0.0625,0.00390625,6400000.0
1.0,32.0,2.0,1.0,1.0,1.0,39.0,32.0,-0.0030632107251067353,-0.0017650185808415486,0.03125,512.0,6400000.0
32.0,32.0,2.0,8.0,150.0,110.0,4556.0,13504.0,0.3846589998489178,0.39427752802642746,0.0625,4.0,6400000.0
32.0,32.0,2.0,9.0,185.0,128.0,5435.0,16384.0,0.39874482092030794,0.4080815407120343,0.03125,0.5,6400000.0
1.0,1.0,4.0,6.0,26.0,14.0,760.0,2112.0,0.0636058133035663,0.0673808602609266,0.00390625,2.0,6400000.0
1.0,32.0,2.0,1.0,1.0,1.0,39.0,32.0,-0.0030632107251067353,-0.0017650185808415486,0.0625,4096.0,6400000.0
32.0,32.0,2.0,9.0,191.0,128.0,5630.0,16384.0,0.3976302140524789,0.4092200198642074,0.125,0.03125,6400000.0
32.0,32.0,2.0,9.0,193.0,128.0,5642.0,16384.0,0.3920523787850334,0.4035707459863198,0.5,0.00195312,6400000.0
1.0,32.0,2.0,1.0,1.0,1.0,39.0,32.0,-0.0030632107251067353,-0.0017650185808415486,0.125,32768.0,6400000.0
1.0,32.0,2.0,1.0,1.0,1.0,39.0,32.0,-0.0030632107251067353,-0.0017650185808415486,0.25,256.0,6400000.0
8.0,32.0,2.0,2.0,22.0,16.0,664.0,1536.0,0.184803559555608,0.19082719424152972,0.125,32.0,6400000.0
32.0,32.0,2.0,9.0,190.0,128.0,5628.0,16384.0,0.3970982816949802,0.4072044721212872,0.25,0.25,6400000.0
1.0,32.0,2.0,1.0,1.0,1.0,39.0,32.0,-0.0030632107251067353,-0.0017650185808415486,128.0,0.015625,6400000.0
1.0,1.0,4.0,1.0,1.0,1.0,63.0,32.0,-0.0030632107251067353,-0.0017650185808415486,0.00195312,512.0,6400000.0
1.0,1.0,4.0,1.0,1.0,1.0,63.0,32.0,-0.0030632107251067353,-0.0017650185808415486,0.00390625,2048.0,6400000.0
32.0,32.0,2.0,9.0,169.0,124.0,5136.0,15744.0,0.3816572182293344,0.3906252964705581,0.5,2.0,6400000.0
11.0,32.0,2.0,3.0,35.0,25.0,1015.0,2592.0,0.23714634169335125,0.2431198474760431,1.0,16.0,6400000.0
1.0,32.0,1.0,1.0,1.0,1.0,35.0,32.0,-0.0030632107251067353,-0.0017650185808415486,32768.0,512.0,6400000.0
1.0,32.0,2.0,1.0,1.0,1.0,39.0,32.0,-0.0030632107251067353,-0.0017650185808415486,0.5,2048.0,6400000.0
32.0,32.0,2.0,9.0,194.0,128.0,5642.0,16384.0,0.3967946080670627,0.4086280218715669,0.0,0.00390625,6400000.0
32.0,32.0,2.0,9.0,191.0,128.0,5630.0,16384.0,0.3976302140524789,0.4092200198642074,0.000976562,0.03125,6400000.0
1.0,32.0,2.0,1.0,1.0,1.0,39.0,32.0,-0.0030632107251067353,-0.0017650185808415486,128.0,16.0,6400000.0
32.0,32.0,2.0,8.0,150.0,110.0,4556.0,13504.0,0.3846589998489178,0.39427752802642746,0.0,4.0,6400000.0
32.0,32.0,2.0,9.0,189.0,128.0,5635.0,16384.0,0.3977433637905352,0.4056812293910024,1.0,0.015625,6400000.0
32.0,32.0,2.0,8.0,175.0,126.0,5226.0,16064.0,0.3944751851255054,0.40650193697738723,4.0,1.0,6400000.0
1.0,32.0,2.0,1.0,1.0,1.0,39.0,32.0,-0.0030632107251067353,-0.0017650185808415486,1.0,16384.0,6400000.0
1.0,32.0,2.0,1.0,1.0,1.0,39.0,32.0,-0.0030632107251067353,-0.0017650185808415486,2.0,128.0,6400000.0
8.0,32.0,2.0,2.0,22.0,16.0,664.0,1536.0,0.184803559555608,0.19082719424152972,0.000976562,32.0,6400000.0
32.0,32.0,2.0,8.0,189.0,128.0,5565.0,16384.0,0.39832956656511154,0.4051036332267468,2.0,0.125,6400000.0
32.0,32.0,2.0,7.0,189.0,128.0,5603.0,16384.0,0.39630458562402193,0.4071024750874799,4.0,0.000976562,6400000.0
1.0,32.0,2.0,1.0,1.0,1.0,39.0,32.0,-0.0030632107251067353,-0.0017650185808415486,4.0,1024.0,6400000.0
1.0,32.0,2.0,1.0,1.0,1.0,39.0,32.0,-0.0030632107251067353,-0.0017650185808415486,0.0,4096.0,6400000.0
32.0,32.0,2.0,3.0,177.0,128.0,5455.0,16384.0,0.32940872278273436,0.33343200336211576,8.0,0.0078125,6400000.0
1.0,1.0,4.0,7.0,31.0,16.0,935.0,2432.0,0.06453061417624306,0.06820844800405634,0.0078125,0.015625,6400000.0
32.0,32.0,2.0,9.0,192.0,128.0,5566.0,16384.0,0.39635373275794605,0.4060553775435044,0.00195312,0.25,6400000.0
1.0,32.0,2.0,1.0,1.0,1.0,39.0,32.0,-0.0030632107251067353,-0.0017650185808415486,0.000976562,32768.0,6400000.0
1.0,32.0,2.0,1.0,1.0,1.0,39.0,32.0,-0.0030632107251067353,-0.0017650185808415486,8.0,8192.0,6400000.0
1.0,32.0,2.0,1.0,1.0,1.0,39.0,32.0,-0.0030632107251067353,-0.0017650185808415486,0.00195312,256.0,6400000.0
32.0,32.0,2.0,9.0,194.0,128.0,5642.0,16384.0,0.3967946080670627,0.4086280218715669,0.00390625,0.00195312,6400000.0
3.0,32.0,2.0,2.0,9.0,6.0,287.0,576.0,0.10115259004895938,0.10346957106453547,16.0,64.0,6400000.0
1.0,32.0,2.0,1.0,1.0,1.0,39.0,32.0,-0.0030632107251067353,-0.0017650185808415486,0.00390625,2048.0,6400000.0
14.0,32.0,2.0,3.0,58.0,41.0,1695.0,4768.0,0.2755258013558761,0.2825067573238387,8.0,8.0,6400000.0
32.0,32.0,2.0,9.0,174.0,125.0,5314.0,15904.0,0.3877933007125024,0.39577794537868083,0.00390625,2.0,6400000.0
32.0,32.0,2.0,9.0,192.0,128.0,5606.0,16384.0,0.39929977168379516,0.4116164105130282,0.0078125,0.015625,6400000.0
32.0,32.0,2.0,3.0,181.0,128.0,5490.0,16384.0,0.3293086251572648,0.3339434467335798,16.0,0.0625,6400000.0
1.0,32.0,2.0,1.0,1.0,1.0,39.0,32.0,-0.0030632107251067353,-0.0017650185808415486,0.0078125,16384.0,6400000.0
32.0,32.0,2.0,9.0,193.0,128.0,5587.0,16384.0,0.401028742339658,0.41212908473104426,0.015625,0.125,6400000.0
1.0,32.0,2.0,1.0,1.0,1.0,39.0,32.0,-0.0030632107251067353,-0.0017650185808415486,64.0,4096.0,6400000.0
32.0,32.0,2.0,2.0,158.0,128.0,5207.0,16384.0,0.2588628032897151,0.27031639050649836,32.0,0.0,6400000.0
32.0,32.0,2.0,2.0,158.0,128.0,5207.0,16384.0,0.2588628032897151,0.27031639050649836,64.0,0.00390625,6400000.0
11.0,32.0,2.0,3.0,35.0,25.0,1015.0,2592.0,0.23714634169335125,0.2431198474760431,0.0078125,16.0,6400000.0
1.0,1.0,4.0,3.0,5.0,3.0,194.0,352.0,0.048146068319603885,0.051476191507202285,0.0078125,16.0,6400000.0
19.0,32.0,2.0,2.0,74.0,57.0,2380.0,6688.0,0.2512662014893755,0.2606608379591845,64.0,4.0,6400000.0
32.0,32.0,2.0,9.0,194.0,128.0,5642.0,16384.0,0.3967946080670627,0.4086280218715669,0.03125,0.000976562,6400000.0
1.0,1.0,4.0,7.0,31.0,16.0,935.0,2432.0,0.06453061417624306,0.06820844800405634,0.00390625,0.00390625,6400000.0
1.0,32.0,2.0,1.0,1.0,1.0,39.0,32.0,-0.0030632107251067353,-0.0017650185808415486,32.0,512.0,6400000.0
28.0,32.0,2.0,2.0,130.0,109.0,4298.0,13856.0,0.2589595133955369,0.26969276798452724,32.0,0.5,6400000.0
1.0,32.0,2.0,1.0,1.0,1.0,39.0,32.0,-0.0030632107251067353,-0.0017650185808415486,0.015625,128.0,6400000.0
1.0,32.0,1.0,1.0,1.0,1.0,35.0,32.0,-0.0030632107251067353,-0.0017650185808415486,32768.0,1.0,6400000.0
32.0,32.0,2.0,9.0,194.0,128.0,5642.0,16384.0,0.3967946080670627,0.4086280218715669,0.0625,0.0078125,6400000.0
1.0,32.0,2.0,1.0,1.0,1.0,39.0,32.0,-0.0030632107251067353,-0.0017650185808415486,0.03125,1024.0,6400000.0
1.0,1.0,4.0,4.0,13.0,7.0,410.0,992.0,0.057805003399450605,0.060993872308649943,0.00390625,4.0,6400000.0
32.0,32.0,2.0,9.0,193.0,128.0,5642.0,16384.0,0.3920523787850334,0.4035707459863198,0.5,0.00390625,6400000.0
14.0,32.0,2.0,3.0,58.0,41.0,1695.0,4768.0,0.2755258013558761,0.2825067573238387,0.0625,8.0,6400000.0
32.0,32.0,2.0,9.0,191.0,128.0,5605.0,16384.0,0.39636899531971115,0.40832135590783236,0.125,0.0625,6400000.0
32.0,32.0,2.0,9.0,178.0,128.0,5351.0,16384.0,0.3883507716832031,0.39573695096995254,0.03125,1.0,6400000.0
1.0,32.0,2.0,1.0,1.0,1.0,39.0,32.0,-0.0030632107251067353,-0.0017650185808415486,0.25,512.0,6400000.0
1.0,32.0,2.0,1.0,1.0,1.0,39.0,32.0,-0.0030632107251067353,-0.0017650185808415486,0.0625,8192.0,6400000.0
32.0,32.0,2.0,9.0,187.0,128.0,5505.0,16384.0,0.3941119580610789,0.4064761619972066,0.25,0.5,6400000.0
32.0,32.0,2.0,9.0,193.0,128.0,5616.0,16384.0,0.3976932756697841,0.4060097819275643,0.25,0.0,6400000.0
3.0,32.0,2.0,2.0,9.0,6.0,287.0,576.0,0.10115259004895938,0.10346957106453547,0.125,64.0,6400000.0
1.0,32.0,2.0,1.0,1.0,1.0,39.0,32.0,-0.0030632107251067353,-0.0017650185808415486,128.0,0.03125,6400000.0
1.0,1.0,4.0,1.0,1.0,1.0,63.0,32.0,-0.0030632107251067353,-0.0017650185808415486,0.00390625,4096.0,6400000.0
32.0,32.0,2.0,8.0,149.0,109.0,4532.0,13344.0,0.3776948504665064,0.39069212557066335,0.5,4.0,6400000.0
1.0,1.0,4.0,1.0,1.0,1.0,63.0,32.0,-0.0030632107251067353,-0.0017650185808415486,0.00195312,1024.0,6400000.0
14.0,32.0,2.0,3.0,58.0,41.0,1695.0,4768.0,0.2755258013558761,0.2825067573238387,0.0,8.0,6400000.0
32.0,32.0,2.0,9.0,194.0,128.0,5642.0,16384.0,0.3967946080670627,0.4086280218715669,0.0,0.0078125,6400000.0
1.0,32.0,2.0,1.0,1.0,1.0,39.0,32.0,-0.0030632107251067353,-0.0017650185808415486,0.5,4096.0,6400000.0
8.0,32.0,2.0,2.0,22.0,16.0,664.0,1536.0,0.184803559555608,0.19082719424152972,1.0,32.0,6400000.0
1.0,32.0,1.0,1.0,1.0,1.0,35.0,32.0,-0.0030632107251067353,-0.0017650185808415486,32768.0,1024.0,6400000.0
32.0,32.0,2.0,9.0,191.0,128.0,5605.0,16384.0,0.39636899531971115,0.40832135590783236,0.000976562,0.0625,6400000.0
32.0,32.0,2.0,8.0,188.0,128.0,5598.0,16384.0,0.39771032951565277,0.4023886332182418,2.0,0.25,6400000.0
1.0,32.0,2.0,1.0,1.0,1.0,39.0,32.0,-0.0030632107251067353,-0.0017650185808415486,1.0,32768.0,6400000.0
1.0,32.0,2.0,1.0,1.0,1.0,39.0,32.0,-0.0030632107251067353,-0.0017650185808415486,2.0,256.0,6400000.0
1.0,32.0,2.0,1.0,1.0,1.0,39.0,32.0,-0.0030632107251067353,-0.0017650185808415486,128.0,32.0,6400000.0
32.0,32.0,2.0,7.0,189.0,128.0,5603.0,16384.0,0.39630458562402193,0.4071024750874799,4.0,0.00195312,6400000.0
1.0,32.0,2.0,1.0,1.0,1.0,39.0,32.0,-0.0030632107251067353,-0.0017650185808415486,4.0,2048.0,6400000.0
32.0,32.0,2.0,9.0,189.0,128.0,5635.0,16384.0,0.3977433637905352,0.4056812293910024,1.0,0.03125,6400000.0
32.0,32.0,2.0,7.0,167.0,121.0,5069.0,15264.0,0.3870239230102607,0.39542316140616796,4.0,2.0,6400000.0
3.0,32.0,2.0,2.0,9.0,6.0,287.0,576.0,0.10115259004895938,0.10346957106453547,0.000976562,64.0,6400000.0
1.0,32.0,2.0,1.0,1.0,1.0,39.0,32.0,-0.0030632107251067353,-0.0017650185808415486,0.0,8192.0,6400000.0
32.0,32.0,2.0,3.0,177.0,128.0,5455.0,16384.0,0.32940872278273436,0.33343200336211576,8.0,0.015625,6400000.0
32.0,32.0,2.0,9.0,194.0,128.0,5642.0,16384.0,0.3967946080670627,0.4086280218715669,0.00195312,0.0,6400000.0
32.0,32.0,2.0,9.0,185.0,128.0,5435.0,16384.0,0.39874482092030794,0.4080815407120343,0.00195312,0.5,6400000.0
1.0,1.0,4.0,7.0,31.0,16.0,935.0,2432.0,0.06453061417624306,0.06820844800405634,0.0078125,0.03125,6400000.0
1.0,32.0,2.0,1.0,1.0,1.0,39.0,32.0,-0.0030632107251067353,-0.0017650185808415486,8.0,16384.0,6400000.0
1.0,32.0,2.0,1.0,1.0,1.0,39.0,32.0,-0.0030632107251067353,-0.0017650185808415486,16.0,128.0,6400000.0
32.0,32.0,2.0,9.0,194.0,128.0,5642.0,16384.0,0.3967946080670627,0.4086280218715669,0.00390625,0.00390625,6400000.0
32.0,32.0,2.0,8.0,150.0,110.0,4556.0,13504.0,0.3846589998489178,0.39427752802642746,0.00390625,4.0,6400000.0
1.0,32.0,2.0,1.0,1.0,1.0,39.0,32.0,-0.0030632107251067353,-0.0017650185808415486,0.00390625,4096.0,6400000.0
11.0,32.0,2.0,2.0,30.0,22.0,872.0,2112.0,0.211815897449531,0.21820531799146736,8.0,16.0,6400000.0
32.0,32.0,2.0,9.0,192.0,128.0,5566.0,16384.0,0.39635373275794605,0.4060553775435044,0.015625,0.25,6400000.0
32.0,32.0,2.0,3.0,180.0,128.0,5427.0,16384.0,0.329174290907462,0.3339433509089942,16.0,0.125,6400000.0
1.0,32.0,2.0,1.0,1.0,1.0,39.0,32.0,-0.0030632107251067353,-0.0017650185808415486,0.0078125,32768.0,6400000.0
1.0,32.0,2.0,1.0,1.0,1.0,39.0,32.0,-0.0030632107251067353,-0.0017650185808415486,64.0,8192.0,6400000.0
32.0,32.0,2.0,9.0,194.0,128.0,5642.0,16384.0,0.3967946080670627,0.4086280218715669,0.03125,0.00195312,6400000.0
32.0,32.0,2.0,2.0,158.0,128.0,5207.0,16384.0,0.2588628032897151,0.27031639050649836,64.0,0.0078125,6400000.0
1.0,32.0,2.0,1.0,1.0,1.0,39.0,32.0,-0.0030632107251067353,-0.0017650185808415486,0.00195312,512.0,6400000.0
32.0,32.0,2.0,9.0,191.0,128.0,5630.0,16384.0,0.3976302140524789,0.4092200198642074,0.0078125,0.03125,6400000.0
1.0,1.0,4.0,7.0,31.0,16.0,935.0,2432.0,0.06453061417624306,0.06820844800405634,0.00390625,0.0078125,6400000.0
8.0,32.0,2.0,2.0,22.0,16.0,664.0,1536.0,0.184803559555608,0.19082719424152972,0.0078125,32.0,6400000.0
32.0,32.0,2.0,2.0,158.0,128.0,5207.0,16384.0,0.2588628032897151,0.27031639050649836,32.0,0.000976562,6400000.0
1.0,1.0,4.0,2.0,3.0,2.0,136.0,192.0,0.03911015413878083,0.040912063041146696,0.0078125,32.0,6400000.0
15.0,32.0,2.0,2.0,47.0,34.0,1432.0,3520.0,0.23483331904090687,0.24244665993785774,64.0,8.0,6400000.0
25.0,32.0,2.0,2.0,98.0,78.0,3165.0,9280.0,0.25458612769279687,0.26652926967123536,32.0,1.0,6400000.0
1.0,32.0,2.0,1.0,1.0,1.0,39.0,32.0,-0.0030632107251067353,-0.0017650185808415486,0.015625,256.0,6400000.0
1.0,32.0,2.0,1.0,1.0,1.0,39.0,32.0,-0.0030632107251067353,-0.0017650185808415486,32.0,1024.0,6400000.0
1.0,32.0,1.0,1.0,1.0,1.0,35.0,32.0,-0.0030632107251067353,-0.0017650185808415486,32768.0,2.0,6400000.0
1.0,32.0,2.0,1.0,1.0,1.0,39.0,32.0,-0.0030632107251067353,-0.0017650185808415486,0.03125,2048.0,6400000.0
32.0,32.0,2.0,9.0,192.0,128.0,5606.0,16384.0,0.39929977168379516,0.4116164105130282,0.0625,0.015625,6400000.0
32.0,32.0,2.0,9.0,190.0,128.0,5571.0,16384.0,0.395718569656352,0.40533946296447654,0.125,0.125,6400000.0
11.0,32.0,2.0,3.0,35.0,25.0,1015.0,2592.0,0.23714634169335125,0.2431198474760431,0.0625,16.0,6400000.0
32.0,32.0,2.0,9.0,174.0,125.0,5314.0,15904.0,0.3877933007125024,0.39577794537868083,0.03125,2.0,6400000.0
32.0,32.0,2.0,9.0,192.0,128.0,5642.0,16384.0,0.3941470255389379,0.4036457333211544,0.5,0.0078125,6400000.0
32.0,32.0,2.0,9.0,193.0,128.0,5613.0,16384.0,0.3978885458568562,0.40852287757629213,0.25,0.000976562,6400000.0
1.0,32.0,2.0,1.0,1.0,1.0,39.0,32.0,-0.0030632107251067353,-0.0017650185808415486,0.0625,16384.0,6400000.0
1.0,1.0,4.0,3.0,5.0,3.0,194.0,352.0,0.048146068319603885,0.051476191507202285,0.00390625,8.0,6400000.0
32.0,32.0,2.0,9.0,182.0,128.0,5560.0,16384.0,0.3946089313549118,0.4061736699439913,0.25,1.0,6400000.0
1.0,32.0,2.0,1.0,1.0,1.0,39.0,32.0,-0.0030632107251067353,-0.0017650185808415486,0.125,128.0,6400000.0
1.0,32.0,2.0,1.0,1.0,1.0,39.0,32.0,-0.0030632107251067353,-0.0017650185808415486,0.25,1024.0,6400000.0
1.0,1.0,4.0,1.0,1.0,1.0,63.0,32.0,-0.0030632107251067353,-0.0017650185808415486,0.00390625,8192.0,6400000.0
1.0,32.0,2.0,1.0,1.0,1.0,39.0,32.0,-0.0030632107251067353,-0.0017650185808415486,128.0,0.0625,6400000.0
32.0,32.0,2.0,9.0,192.0,128.0,5606.0,16384.0,0.39929977168379516,0.4116164105130282,0.0,0.015625,6400000.0
14.0,32.0,2.0,3.0,58.0,41.0,1695.0,4768.0,0.2755258013558761,0.2825067573238387,0.5,8.0,6400000.0
1.0,1.0,4.0,1.0,1.0,1.0,63.0,32.0,-0.0030632107251067353,-0.0017650185808415486,0.00195312,2048.0,6400000.0
32.0,32.0,2.0,9.0,193.0,128.0,5587.0,16384.0,0.401028742339658,0.41212908473104426,0.000976562,0.125,6400000.0
3.0,32.0,2.0,2.0,9.0,6.0,287.0,576.0,0.10115259004895938,0.10346957106453547,1.0,64.0,6400000.0
11.0,32.0,2.0,3.0,35.0,25.0,1015.0,2592.0,0.23714634169335125,0.2431198474760431,0.0,16.0,6400000.0
32.0,32.0,2.0,8.0,195.0,128.0,5717.0,16384.0,0.39667797378760117,0.4054517830202228,2.0,0.0,6400000.0
1.0,32.0,2.0,1.0,1.0,1.0,39.0,32.0,-0.0030632107251067353,-0.0017650185808415486,0.5,8192.0,6400000.0
1.0,32.0,2.0,1.0,1.0,1.0,39.0,32.0,-0.0030632107251067353,-0.0017650185808415486,2.0,512.0,6400000.0
1.0,32.0,2.0,1.0,1.0,1.0,39.0,32.0,-0.0030632107251067353,-0.0017650185808415486,128.0,64.0,6400000.0
1.0,32.0,1.0,1.0,1.0,1.0,35.0,32.0,-0.0030632107251067353,-0.0017650185808415486,32768.0,2048.0,6400000.0
32.0,32.0,2.0,8.0,183.0,128.0,5443.0,16384.0,0.3947021068930264,0.4036957059984474,2.0,0.5,6400000.0
1.0,32.0,2.0,1.0,1.0,1.0,39.0,32.0,-0.0030632107251067353,-0.0017650185808415486,4.0,4096.0,6400000.0
32.0,32.0,2.0,7.0,189.0,128.0,5603.0,16384.0,0.39630458562402193,0.4071024750874799,4.0,0.00390625,6400000.0
31.0,32.0,2.0,6.0,135.0,101.0,4183.0,12192.0,0.36078748987222076,0.3683997795958679,4.0,4.0,6400000.0
32.0,32.0,2.0,9.0,190.0,128.0,5682.0,16384.0,0.39065980739381834,0.39975368094715036,1.0,0.0625,6400000.0
1.0,32.0,2.0,1.0,1.0,1.0,39.0,32.0,-0.0030632107251067353,-0.0017650185808415486,0.0,16384.0,6400000.0
1.0,32.0,2.0,1.0,1.0,1.0,39.0,32.0,-0.0030632107251067353,-0.0017650185808415486,0.000976562,128.0,6400000.0
32.0,32.0,2.0,3.0,177.0,128.0,5455.0,16384.0,0.32940872278273436,0.33343200336211576,8.0,0.03125,6400000.0
32.0,32.0,2.0,9.0,194.0,128.0,5642.0,16384.0,0.3967946080670627,0.4086280218715669,0.00195312,0.000976562,6400000.0
1.0,32.0,2.0,1.0,1.0,1.0,39.0,32.0,-0.0030632107251067353,-0.0017650185808415486,8.0,32768.0,6400000.0
1.0,1.0,4.0,7.0,31.0,16.0,935.0,2432.0,0.06453061417624306,0.06820844800405634,0.0078125,0.0625,6400000.0
32.0,32.0,2.0,9.0,178.0,128.0,5351.0,16384.0,0.3883507716832031,0.39573695096995254,0.00195312,1.0,6400000.0
14.0,32.0,2.0,3.0,58.0,41.0,1695.0,4768.0,0.2755258013558761,0.2825067573238387,0.00390625,8.0,6400000.0
1.0,32.0,2.0,1.0,1.0,1.0,39.0,32.0,-0.0030632107251067353,-0.0017650185808415486,16.0,256.0,6400000.0
32.0,32.0,2.0,9.0,194.0,128.0,5642.0,16384.0,0.3967946080670627,0.4086280218715669,0.00390625,0.0078125,6400000.0
32.0,32.0,2.0,3.0,176.0,128.0,5392.0,16384.0,0.32906169501969085,0.3333393516172781,16.0,0.25,6400000.0
8.0,32.0,2.0,2.0,22.0,16.0,664.0,1536.0,0.184803559555608,0.19082719424152972,8.0,32.0,6400000.0
32.0,32.0,2.0,9.0,191.0,128.0,5605.0,16384.0,0.39636899531971115,0.40832135590783236,0.0078125,0.0625,6400000.0
1.0,32.0,2.0,1.0,1.0,1.0,39.0,32.0,-0.0030632107251067353,-0.0017650185808415486,0.00390625,8192.0,6400000.0
1.0,32.0,2.0,1.0,1.0,1.0,39.0,32.0,-0.0030632107251067353,-0.0017650185808415486,64.0,16384.0,6400000.0
1.0,1.0,4.0,2.0,3.0,2.0,136.0,192.0,0.03911015413878083,0.040912063041146696,0.0078125,64.0,6400000.0
32.0,32.0,2.0,2.0,158.0,128.0,5207.0,16384.0,0.2588628032897151,0.27031639050649836,64.0,0.015625,6400000.0
32.0,32.0,2.0,9.0,185.0,128.0,5435.0,16384.0,0.39874482092030794,0.4080815407120343,0.015625,0.5,6400000.0
1.0,32.0,2.0,1.0,1.0,1.0,39.0,32.0,-0.0030632107251067353,-0.0017650185808415486,0.00195312,1024.0,6400000.0
3.0,32.0,2.0,2.0,9.0,6.0,287.0,576.0,0.10115259004895938,0.10346957106453547,0.0078125,64.0,6400000.0
32.0,32.0,2.0,9.0,194.0,128.0,5642.0,16384.0,0.3967946080670627,0.4086280218715669,0.03125,0.00390625,6400000.0
1.0,1.0,4.0,7.0,31.0,16.0,935.0,2432.0,0.06453061417624306,0.06820844800405634,0.00390625,0.015625,6400000.0
32.0,32.0,2.0,2.0,158.0,128.0,5207.0,16384.0,0.2588628032897151,0.27031639050649836,32.0,0.00195312,6400000.0
32.0,32.0,2.0,9.0,194.0,128.0,5642.0,16384.0,0.3967946080670627,0.4086280218715669,0.015625,0.0,6400000.0
22.0,32.0,2.0,2.0,87.0,69.0,2845.0,8224.0,0.2533548419140267,0.2641108116508766,32.0,2.0,6400000.0
11.0,32.0,2.0,2.0,30.0,22.0,872.0,2112.0,0.211815897449531,0.21820531799146736,64.0,16.0,6400000.0
1.0,32.0,2.0,1.0,1.0,1.0,39.0,32.0,-0.0030632107251067353,-0.0017650185808415486,0.015625,512.0,6400000.0
1.0,32.0,2.0,1.0,1.0,1.0,39.0,32.0,-0.0030632107251067353,-0.0017650185808415486,32.0,2048.0,6400000.0
1.0,32.0,2.0,1.0,1.0,1.0,39.0,32.0,-0.0030632107251067353,-0.0017650185808415486,0.03125,4096.0,6400000.0
32.0,32.0,2.0,9.0,191.0,128.0,5630.0,16384.0,0.3976302140524789,0.4092200198642074,0.0625,0.03125,6400000.0
1.0,32.0,1.0,1.0,1.0,1.0,35.0,32.0,-0.0030632107251067353,-0.0017650185808415486,32768.0,4.0,6400000.0
32.0,32.0,2.0,9.0,190.0,128.0,5628.0,16384.0,0.3970982816949802,0.4072044721212872,0.125,0.25,6400000.0
32.0,32.0,2.0,9.0,193.0,128.0,5613.0,16384.0,0.3978885458568562,0.40852287757629213,0.25,0.00195312,6400000.0
32.0,32.0,2.0,9.0,191.0,128.0,5636.0,16384.0,0.3945100577046472,0.4036917361926886,0.5,0.015625,6400000.0
8.0,32.0,2.0,2.0,22.0,16.0,664.0,1536.0,0.184803559555608,0.19082719424152972,0.0625,32.0,6400000.0
32.0,32.0,2.0,8.0,150.0,110.0,4556.0,13504.0,0.3846589998489178,0.39427752802642746,0.03125,4.0,6400000.0
32.0,32.0,2.0,9.0,174.0,125.0,5314.0,15904.0,0.3877933007125024,0.39577794537868083,0.25,2.0,6400000.0
1.0,32.0,2.0,1.0,1.0,1.0,39.0,32.0,-0.0030632107251067353,-0.0017650185808415486,0.125,256.0,6400000.0
1.0,32.0,2.0,1.0,1.0,1.0,39.0,32.0,-0.0030632107251067353,-0.0017650185808415486,0.25,2048.0,6400000.0
1.0,1.0,4.0,3.0,5.0,3.0,194.0,352.0,0.048146068319603885,0.051476191507202285,0.00390625,16.0,6400000.0
1.0,32.0,2.0,1.0,1.0,1.0,39.0,32.0,-0.0030632107251067353,-0.0017650185808415486,0.0625,32768.0,6400000.0
1.0,1.0,4.0,1.0,1.0,1.0,63.0,32.0,-0.0030632107251067353,-0.0017650185808415486,0.00390625,16384.0,6400000.0
1.0,32.0,2.0,1.0,1.0,1.0,39.0,32.0,-0.0030632107251067353,-0.0017650185808415486,128.0,0.125,6400000.0
32.0,32.0,2.0,9.0,191.0,128.0,5630.0,16384.0,0.3976302140524789,0.4092200198642074,0.0,0.03125,6400000.0
1.0,1.0,4.0,1.0,1.0,1.0,63.0,32.0,-0.0030632107251067353,-0.0017650185808415486,0.00195312,4096.0,6400000.0
11.0,32.0,2.0,3.0,35.0,25.0,1015.0,2592.0,0.23714634169335125,0.2431198474760431,0.5,16.0,6400000.0
1.0,32.0,2.0,1.0,1.0,1.0,39.0,32.0,-0.0030632107251067353,-0.0017650185808415486,1.0,128.0,6400000.0
1.0,32.0,2.0,1.0,1.0,1.0,39.0,32.0,-0.0030632107251067353,-0.0017650185808415486,0.5,16384.0,6400000.0
32.0,32.0,2.0,9.0,192.0,128.0,5566.0,16384.0,0.39635373275794605,0.4060553775435044,0.000976562,0.25,6400000.0
1.0,32.0,2.0,1.0,1.0,1.0,39.0,32.0,-0.0030632107251067353,-0.0017650185808415486,2.0,1024.0,6400000.0
8.0,32.0,2.0,2.0,22.0,16.0,664.0,1536.0,0.184803559555608,0.19082719424152972,0.0,32.0,6400000.0
32.0,32.0,2.0,8.0,195.0,128.0,5717.0,16384.0,0.39667797378760117,0.4054517830202228,2.0,0.000976562,6400000.0
1.0,32.0,2.0,1.0,1.0,1.0,39.0,32.0,-0.0030632107251067353,-0.0017650185808415486,128.0,128.0,6400000.0
1.0,32.0,2.0,1.0,1.0,1.0,39.0,32.0,-0.0030632107251067353,-0.0017650185808415486,0.0,32768.0,6400000.0
1.0,32.0,2.0,1.0,1.0,1.0,39.0,32.0,-0.0030632107251067353,-0.0017650185808415486,4.0,8192.0,6400000.0
1.0,32.0,2.0,1.0,1.0,1.0,39.0,32.0,-0.0030632107251067353,-0.0017650185808415486,0.000976562,256.0,6400000.0
1.0,32.0,1.0,1.0,1.0,1.0,35.0,32.0,-0.0030632107251067353,-0.0017650185808415486,32768.0,4096.0,6400000.0
32.0,32.0,2.0,7.0,188.0,128.0,5564.0,16384.0,0.3973307871631022,0.40606935548489353,4.0,0.0078125,6400000.0
32.0,32.0,2.0,8.0,179.0,128.0,5388.0,16384.0,0.3996666620327929,0.404131903900391,2.0,1.0,6400000.0
32.0,32.0,2.0,3.0,177.0,128.0,5455.0,16384.0,0.32879605208995555,0.3338476307002224,8.0,0.0625,6400000.0
14.0,32.0,2.0,3.0,58.0,41.0,1695.0,4768.0,0.2755258013558761,0.2825067573238387,4.0,8.0,6400000.0
32.0,32.0,2.0,9.0,189.0,128.0,5658.0,16384.0,0.3903221598074823,0.39930241100758,1.0,0.125,6400000.0
32.0,32.0,2.0,9.0,194.0,128.0,5642.0,16384.0,0.3967946080670627,0.4086280218715669,0.00195312,0.00195312,6400000.0
32.0,32.0,2.0,3.0,182.0,128.0,5491.0,16384.0,0.32876031756075597,0.33391064495029843,16.0,0.0,6400000.0
1.0,1.0,4.0,7.0,31.0,16.0,935.0,2432.0,0.06453061417624306,0.06820844800405634,0.0078125,0.125,6400000.0
32.0,32.0,2.0,9.0,174.0,125.0,5314.0,15904.0,0.3877933007125024,0.39577794537868083,0.00195312,2.0,6400000.0
32.0,32.0,2.0,3.0,174.0,127.0,5354.0,16224.0,0.32755195032570106,0.3333720187354382,16.0,0.5,6400000.0
11.0,32.0,2.0,3.0,35.0,25.0,1015.0,2592.0,0.23714634169335125,0.2431198474760431,0.00390625,16.0,6400000.0
1.0,32.0,2.0,1.0,1.0,1.0,39.0,32.0,-0.0030632107251067353,-0.0017650185808415486,16.0,512.0,6400000.0
32.0,32.0,2.0,9.0,192.0,128.0,5606.0,16384.0,0.39929977168379516,0.4116164105130282,0.00390625,0.015625,6400000.0
32.0,32.0,2.0,9.0,178.0,128.0,5351.0,16384.0,0.3883507716832031,0.39573695096995254,0.015625,1.0,6400000.0
32.0,32.0,2.0,9.0,193.0,128.0,5587.0,16384.0,0.401028742339658,0.41212908473104426,0.0078125,0.125,6400000.0
32.0,32.0,2.0,2.0,158.0,128.0,5207.0,16384.0,0.2588628032897151,0.27031639050649836,64.0,0.03125,6400000.0
1.0,1.0,4.0,1.0,1.0,1.0,63.0,32.0,-0.0030632107251067353,-0.0017650185808415486,0.0078125,128.0,6400000.0
1.0,32.0,2.0,1.0,1.0,1.0,39.0,32.0,-0.0030632107251067353,-0.0017650185808415486,0.00195312,2048.0,6400000.0
1.0,32.0,2.0,1.0,1.0,1.0,39.0,32.0,-0.0030632107251067353,-0.0017650185808415486,0.00390625,16384.0,6400000.0
1.0,1.0,4.0,7.0,31.0,16.0,935.0,2432.0,0.06453061417624306,0.06820844800405634,0.00390625,0.03125,6400000.0
1.0,32.0,2.0,1.0,1.0,1.0,39.0,32.0,-0.0030632107251067353,-0.0017650185808415486,0.0078125,128.0,6400000.0
32.0,32.0,2.0,9.0,194.0,128.0,5642.0,16384.0,0.3967946080670627,0.4086280218715669,0.03125,0.0078125,6400000.0
19.0,32.0,2.0,2.0,74.0,57.0,2380.0,6688.0,0.2512662014893755,0.2606608379591845,32.0,4.0,6400000.0
1.0,32.0,2.0,1.0,1.0,1.0,39.0,32.0,-0.0030632107251067353,-0.0017650185808415486,64.0,32768.0,6400000.0
3.0,32.0,2.0,2.0,9.0,6.0,287.0,576.0,0.10115259004895938,0.10346957106453547,8.0,64.0,6400000.0
8.0,32.0,2.0,2.0,22.0,16.0,664.0,1536.0,0.184803559555608,0.19082719424152972,64.0,32.0,6400000.0
32.0,32.0,2.0,9.0,194.0,128.0,5642.0,16384.0,0.3967946080670627,0.4086280218715669,0.015625,0.000976562,6400000.0
1.0,32.0,2.0,1.0,1.0,1.0,39.0,32.0,-0.0030632107251067353,-0.0017650185808415486,0.015625,1024.0,6400000.0
32.0,32.0,2.0,2.0,158.0,128.0,5207.0,16384.0,0.2588628032897151,0.27031639050649836,32.0,0.00390625,6400000.0
1.0,32.0,1.0,1.0,1.0,1.0,35.0,32.0,-0.0030632107251067353,-0.0017650185808415486,32768.0,8.0,6400000.0
1.0,32.0,2.0,1.0,1.0,1.0,39.0,32.0,-0.0030632107251067353,-0.0017650185808415486,0.03125,8192.0,6400000.0
1.0,32.0,2.0,1.0,1.0,1.0,39.0,32.0,-0.0030632107251067353,-0.0017650185808415486,32.0,4096.0,6400000.0
32.0,32.0,2.0,9.0,183.0,128.0,5466.0,16384.0,0.4000169500509557,0.404564276400465,0.125,0.5,6400000.0
32.0,32.0,2.0,9.0,191.0,128.0,5626.0,16384.0,0.3907385929030427,0.4013754241763672,0.5,0.03125,6400000.0
32.0,32.0,2.0,9.0,191.0,128.0,5605.0,16384.0,0.39636899531971115,0.40832135590783236,0.0625,0.0625,6400000.0
3.0,32.0,2.0,2.0,9.0,6.0,287.0,576.0,0.10115259004895938,0.10346957106453547,0.0625,64.0,6400000.0
32.0,32.0,2.0,9.0,193.0,128.0,5613.0,16384.0,0.3978885458568562,0.40852287757629213,0.25,0.00390625,6400000.0
1.0,32.0,2.0,1.0,1.0,1.0,39.0,32.0,-0.0030632107251067353,-0.0017650185808415486,0.125,512.0,6400000.0
14.0,32.0,2.0,3.0,58.0,41.0,1695.0,4768.0,0.2755258013558761,0.2825067573238387,0.03125,8.0,6400000.0
1.0,32.0,2.0,1.0,1.0,1.0,39.0,32.0,-0.0030632107251067353,-0.0017650185808415486,0.25,4096.0,6400000.0
32.0,32.0,2.0,9.0,152.0,112.0,4607.0,13824.0,0.379917723460655,0.39532009181376393,0.25,4.0,6400000.0
32.0,32.0,2.0,9.0,193.0,128.0,5613.0,16384.0,0.39788946536593794,0.4085213338926459,0.125,0.0,6400000.0
1.0,1.0,4.0,1.0,1.0,1.0,63.0,32.0,-0.0030632107251067353,-0.0017650185808415486,0.00390625,32768.0,6400000.0
1.0,32.0,2.0,1.0,1.0,1.0,39.0,32.0,-0.0030632107251067353,-0.0017650185808415486,128.0,0.25,6400000.0
1.0,1.0,4.0,2.0,3.0,2.0,136.0,192.0,0.03911015413878083,0.040912063041146696,0.00390625,32.0,6400000.0
1.0,1.0,4.0,1.0,1.0,1.0,63.0,32.0,-0.0030632107251067353,-0.0017650185808415486,0.00195312,8192.0,6400000.0
1.0,32.0,2.0,1.0,1.0,1.0,39.0,32.0,-0.0030632107251067353,-0.0017650185808415486,1.0,256.0,6400000.0
32.0,32.0,2.0,9.0,191.0,128.0,5605.0,16384.0,0.39636899531971115,0.40832135590783236,0.0,0.0625,6400000.0
8.0,32.0,2.0,2.0,22.0,16.0,664.0,1536.0,0.184803559555608,0.19082719424152972,0.5,32.0,6400000.0
1.0,32.0,2.0,1.0,1.0,1.0,39.0,32.0,-0.0030632107251067353,-0.0017650185808415486,2.0,2048.0,6400000.0
32.0,32.0,2.0,9.0,185.0,128.0,5435.0,16384.0,0.39874482092030794,0.4080815407120343,0.000976562,0.5,6400000.0
1.0,32.0,2.0,1.0,1.0,1.0,39.0,32.0,-0.0030632107251067353,-0.0017650185808415486,0.5,32768.0,6400000.0
3.0,32.0,2.0,2.0,9.0,6.0,287.0,576.0,0.10115259004895938,0.10346957106453547,0.0,64.0,6400000.0
1.0,32.0,2.0,1.0,1.0,1.0,39.0,32.0,-0.0030632107251067353,-0.0017650185808415486,128.0,256.0,6400000.0
32.0,32.0,2.0,8.0,195.0,128.0,5717.0,16384.0,0.39667797378760117,0.4054517830202228,2.0,0.00195312,6400000.0
32.0,32.0,2.0,9.0,194.0,128.0,5642.0,16384.0,0.3967946080670627,0.4086280218715669,0.000976562,0.0,6400000.0
1.0,32.0,2.0,1.0,1.0,1.0,39.0,32.0,-0.0030632107251067353,-0.0017650185808415486,4.0,16384.0,6400000.0
1.0,32.0,1.0,1.0,1.0,1.0,35.0,32.0,-0.0030632107251067353,-0.0017650185808415486,32768.0,8192.0,6400000.0
1.0,32.0,2.0,1.0,1.0,1.0,39.0,32.0,-0.0030632107251067353,-0.0017650185808415486,0.000976562,512.0,6400000.0
32.0,32.0,2.0,8.0,179.0,126.0,5321.0,16064.0,0.3972104589168317,0.4064287893528489,2.0,2.0,6400000.0
32.0,32.0,2.0,7.0,188.0,128.0,5564.0,16384.0,0.3973307871631022,0.40606935548489353,4.0,0.015625,6400000.0
11.0,32.0,2.0,3.0,35.0,25.0,1015.0,2592.0,0.23714634169335125,0.2431198474760431,4.0,16.0,6400000.0
32.0,32.0,2.0,3.0,179.0,128.0,5488.0,16384.0,0.3283530134208167,0.3336399552416094,8.0,0.125,6400000.0
32.0,32.0,2.0,9.0,194.0,128.0,5642.0,16384.0,0.3967946080670627,0.4086280218715669,0.00195312,0.00390625,6400000.0
32.0,32.0,2.0,9.0,191.0,128.0,5732.0,16384.0,0.39093829878648845,0.3993585886959805,1.0,0.25,6400000.0
32.0,32.0,2.0,3.0,182.0,128.0,5491.0,16384.0,0.32876031756075597,0.33391064495029843,16.0,0.000976562,6400000.0
1.0,1.0,4.0,7.0,31.0,16.0,935.0,2432.0,0.06453061417624306,0.06820844800405634,0.0078125,0.25,6400000.0
32.0,32.0,2.0,8.0,150.0,110.0,4556.0,13504.0,0.3846589998489178,0.39427752802642746,0.00195312,4.0,6400000.0
32.0,32.0,2.0,3.0,156.0,117.0,4821.0,14624.0,0.32504189162464603,0.33158696229191764,16.0,1.0,6400000.0
8.0,32.0,2.0,2.0,22.0,16.0,664.0,1536.0,0.184803559555608,0.19082719424152972,0.00390625,32.0,6400000.0
1.0,32.0,2.0,1.0,1.0,1.0,39.0,32.0,-0.0030632107251067353,-0.0017650185808415486,16.0,1024.0,6400000.0
32.0,32.0,2.0,9.0,191.0,128.0,5630.0,16384.0,0.3976302140524789,0.4092200198642074,0.00390625,0.03125,6400000.0
32.0,32.0,2.0,9.0,192.0,128.0,5566.0,16384.0,0.39635373275794605,0.4060553775435044,0.0078125,0.25,6400000.0
32.0,32.0,2.0,9.0,174.0,125.0,5314.0,15904.0,0.3877933007125024,0.39577794537868083,0.015625,2.0,6400000.0
1.0,32.0,2.0,1.0,1.0,1.0,39.0,32.0,-0.0030632107251067353,-0.0017650185808415486,0.00195312,4096.0,6400000.0
1.0,32.0,2.0,1.0,1.0,1.0,39.0,32.0,-0.0030632107251067353,-0.0017650185808415486,0.0078125,256.0,6400000.0
1.0,1.0,4.0,1.0,1.0,1.0,63.0,32.0,-0.0030632107251067353,-0.0017650185808415486,0.0078125,256.0,6400000.0
32.0,32.0,2.0,2.0,154.0,126.0,5069.0,16064.0,0.25885825127802864,0.270359987692924,64.0,0.0625,6400000.0
1.0,1.0,4.0,7.0,31.0,16.0,935.0,2432.0,0.06453061417624306,0.06820844800405634,0.00390625,0.0625,6400000.0
1.0,32.0,2.0,1.0,1.0,1.0,39.0,32.0,-0.0030632107251067353,-0.0017650185808415486,0.00390625,32768.0,6400000.0
1.0,32.0,2.0,1.0,1.0,1.0,39.0,32.0,-0.0030632107251067353,-0.0017650185808415486,8.0,128.0,6400000.0
32.0,32.0,2.0,9.0,194.0,128.0,5642.0,16384.0,0.3967946080670627,0.4086280218715669,0.015625,0.00195312,6400000.0
1.0,32.0,2.0,1.0,1.0,1.0,39.0,32.0,-0.0030632107251067353,-0.0017650185808415486,64.0,64.0,6400000.0
15.0,32.0,2.0,2.0,47.0,34.0,1432.0,3520.0,0.23483331904090687,0.24244665993785774,32.0,8.0,6400000.0
32.0,32.0,2.0,2.0,158.0,128.0,5207.0,16384.0,0.2588628032897151,0.27031639050649836,32.0,0.0078125,6400000.0
32.0,32.0,2.0,9.0,192.0,128.0,5606.0,16384.0,0.39929977168379516,0.4116164105130282,0.03125,0.015625,6400000.0
1.0,32.0,2.0,1.0,1.0,1.0,39.0,32.0,-0.0030632107251067353,-0.0017650185808415486,0.015625,2048.0,6400000.0
1.0,32.0,2.0,1.0,1.0,1.0,39.0,32.0,-0.0030632107251067353,-0.0017650185808415486,128.0,0.0,6400000.0
1.0,32.0,1.0,1.0,1.0,1.0,35.0,32.0,-0.0030632107251067353,-0.0017650185808415486,32768.0,16.0,6400000.0
32.0,32.0,2.0,9.0,178.0,128.0,5351.0,16384.0,0.3883507716832031,0.39573695096995254,0.125,1.0,6400000.0
1.0,32.0,2.0,1.0,1.0,1.0,39.0,32.0,-0.0030632107251067353,-0.0017650185808415486,0.03125,16384.0,6400000.0
32.0,32.0,2.0,9.0,193.0,128.0,5587.0,16384.0,0.401028742339658,0.41212908473104426,0.0625,0.125,6400000.0
1.0,32.0,2.0,1.0,1.0,1.0,39.0,32.0,-0.0030632107251067353,-0.0017650185808415486,32.0,8192.0,6400000.0
32.0,32.0,2.0,9.0,191.0,128.0,5662.0,16384.0,0.3951034775180554,0.40368974080457376,0.5,0.0625,6400000.0
32.0,32.0,2.0,9.0,193.0,128.0,5613.0,16384.0,0.3978885458568562,0.40852287757629213,0.25,0.0078125,6400000.0
1.0,32.0,2.0,1.0,1.0,1.0,39.0,32.0,-0.0030632107251067353,-0.0017650185808415486,0.0625,128.0,6400000.0
14.0,32.0,2.0,3.0,58.0,41.0,1695.0,4768.0,0.2755258013558761,0.2825067573238387,0.25,8.0,6400000.0
1.0,32.0,2.0,1.0,1.0,1.0,39.0,32.0,-0.0030632107251067353,-0.0017650185808415486,0.25,8192.0,6400000.0
11.0,32.0,2.0,3.0,35.0,25.0,1015.0,2592.0,0.23714634169335125,0.2431198474760431,0.03125,16.0,6400000.0
32.0,32.0,2.0,9.0,193.0,128.0,5613.0,16384.0,0.39788946536593794,0.4085213338926459,0.125,0.000976562,6400000.0
1.0,32.0,2.0,1.0,1.0,1.0,39.0,32.0,-0.0030632107251067353,-0.0017650185808415486,0.125,1024.0,6400000.0
1.0,1.0,4.0,2.0,3.0,2.0,136.0,192.0,0.03911015413878083,0.040912063041146696,0.00390625,64.0,6400000.0
1.0,1.0,4.0,7.0,31.0,16.0,935.0,2432.0,0.06453061417624306,0.06820844800405634,0.0078125,0.0,6400000.0
1.0,32.0,2.0,1.0,1.0,1.0,39.0,32.0,-0.0030632107251067353,-0.0017650185808415486,1.0,512.0,6400000.0
1.0,32.0,2.0,1.0,1.0,1.0,39.0,32.0,-0.0030632107251067353,-0.0017650185808415486,128.0,0.5,6400000.0
32.0,32.0,2.0,9.0,193.0,128.0,5587.0,16384.0,0.401028742339658,0.41212908473104426,0.0,0.125,6400000.0
1.0,1.0,4.0,1.0,1.0,1.0,63.0,32.0,-0.0030632107251067353,-0.0017650185808415486,0.00195312,16384.0,6400000.0
32.0,32.0,2.0,9.0,189.0,128.0,5635.0,16384.0,0.3977433637905352,0.4056812293910024,1.0,0.0,6400000.0
3.0,32.0,2.0,2.0,9.0,6.0,287.0,576.0,0.10115259004895938,0.10346957106453547,0.5,64.0,6400000.0
1.0,32.0,2.0,1.0,1.0,1.0,39.0,32.0,-0.0030632107251067353,-0.0017650185808415486,2.0,4096.0,6400000.0
1.0,32.0,2.0,1.0,1.0,1.0,39.0,32.0,-0.0030632107251067353,-0.0017650185808415486,0.0,128.0,6400000.0
32.0,32.0,2.0,9.0,178.0,128.0,5351.0,16384.0,0.3883507716832031,0.39573695096995254,0.000976562,1.0,6400000.0
1.0,32.0,2.0,1.0,1.0,1.0,39.0,32.0,-0.0030632107251067353,-0.0017650185808415486,128.0,512.0,6400000.0
32.0,32.0,2.0,9.0,194.0,128.0,5642.0,16384.0,0.3967946080670627,0.4086280218715669,0.000976562,0.000976562,6400000.0
32.0,32.0,2.0,8.0,195.0,128.0,5717.0,16384.0,0.39667797378760117,0.4054517830202228,2.0,0.00390625,6400000.0
1.0,32.0,2.0,1.0,1.0,1.0,39.0,32.0,-0.0030632107251067353,-0.0017650185808415486,4.0,32768.0,6400000.0
1.0,32.0,1.0,1.0,1.0,1.0,35.0,32.0,-0.0030632107251067353,-0.0017650185808415486,32768.0,16384.0,6400000.0
1.0,32.0,2.0,1.0,1.0,1.0,39.0,32.0,-0.0030632107251067353,-0.0017650185808415486,0.000976562,1024.0,6400000.0
32.0,32.0,2.0,7.0,188.0,128.0,5564.0,16384.0,0.3973307871631022,0.40606935548489353,4.0,0.03125,6400000.0
32.0,32.0,2.0,3.0,176.0,128.0,5423.0,16384.0,0.32727723285502486,0.3332428996816402,8.0,0.25,6400000.0
29.0,32.0,2.0,8.0,141.0,103.0,4271.0,12768.0,0.3683335198985188,0.38060345226667425,2.0,4.0,6400000.0
14.0,32.0,2.0,3.0,58.0,41.0,1695.0,4768.0,0.2755258013558761,0.2825067573238387,0.00195312,8.0,6400000.0
32.0,32.0,2.0,9.0,194.0,128.0,5642.0,16384.0,0.3967946080670627,0.4086280218715669,0.00195312,0.0078125,6400000.0
32.0,32.0,2.0,3.0,182.0,128.0,5491.0,16384.0,0.32876031756075597,0.33391064495029843,16.0,0.00195312,6400000.0
8.0,32.0,2.0,2.0,22.0,16.0,664.0,1536.0,0.184803559555608,0.19082719424152972,4.0,32.0,6400000.0
32.0,32.0,2.0,9.0,187.0,128.0,5566.0,16384.0,0.39617582224790004,0.4050250967280138,1.0,0.5,6400000.0
1.0,1.0,4.0,7.0,31.0,16.0,935.0,2432.0,0.06453061417624306,0.06820844800405634,0.0078125,0.5,6400000.0
24.0,32.0,2.0,3.0,122.0,88.0,3665.0,11008.0,0.31791595940948225,0.32417768192787355,16.0,2.0,6400000.0
32.0,32.0,2.0,9.0,191.0,128.0,5605.0,16384.0,0.39636899531971115,0.40832135590783236,0.00390625,0.0625,6400000.0
1.0,32.0,2.0,1.0,1.0,1.0,39.0,32.0,-0.0030632107251067353,-0.0017650185808415486,16.0,2048.0,6400000.0
3.0,32.0,2.0,2.0,9.0,6.0,287.0,576.0,0.10115259004895938,0.10346957106453547,0.00390625,64.0,6400000.0
32.0,32.0,2.0,8.0,150.0,110.0,4556.0,13504.0,0.3846589998489178,0.39427752802642746,0.015625,4.0,6400000.0
32.0,32.0,2.0,9.0,185.0,128.0,5435.0,16384.0,0.39874482092030794,0.4080815407120343,0.0078125,0.5,6400000.0
1.0,1.0,4.0,1.0,1.0,1.0,63.0,32.0,-0.0030632107251067353,-0.0017650185808415486,0.0078125,512.0,6400000.0
1.0,32.0,2.0,1.0,1.0,1.0,39.0,32.0,-0.0030632107251067353,-0.0017650185808415486,0.00195312,8192.0,6400000.0
1.0,32.0,2.0,1.0,1.0,1.0,39.0,32.0,-0.0030632107251067353,-0.0017650185808415486,0.0078125,512.0,6400000.0
32.0,32.0,2.0,2.0,145.0,121.0,4818.0,15264.0,0.2590822619686215,0.27053785394491203,64.0,0.125,6400000.0
1.0,1.0,4.0,7.0,31.0,16.0,935.0,2432.0,0.06453061417624306,0.06820844800405634,0.00390625,0.125,6400000.0
32.0,32.0,2.0,9.0,194.0,128.0,5642.0,16384.0,0.3967946080670627,0.4086280218715669,0.0078125,0.0,6400000.0
1.0,32.0,2.0,1.0,1.0,1.0,39.0,32.0,-0.0030632107251067353,-0.0017650185808415486,8.0,256.0,6400000.0
32.0,32.0,2.0,9.0,194.0,128.0,5642.0,16384.0,0.3967946080670627,0.4086280218715669,0.015625,0.00390625,6400000.0
1.0,32.0,2.0,1.0,1.0,1.0,39.0,32.0,-0.0030632107251067353,-0.0017650185808415486,64.0,128.0,6400000.0
11.0,32.0,2.0,2.0,30.0,22.0,872.0,2112.0,0.211815897449531,0.21820531799146736,32.0,16.0,6400000.0
32.0,32.0,2.0,9.0,190.0,128.0,5628.0,16384.0,0.3970982816949802,0.4072044721212872,0.0625,0.25,6400000.0
1.0,32.0,2.0,1.0,1.0,1.0,39.0,32.0,-0.0030632107251067353,-0.0017650185808415486,0.015625,4096.0,6400000.0
32.0,32.0,2.0,2.0,158.0,128.0,5207.0,16384.0,0.2588628032897151,0.27031639050649836,32.0,0.015625,6400000.0
1.0,32.0,2.0,1.0,1.0,1.0,39.0,32.0,-0.0030632107251067353,-0.0017650185808415486,128.0,0.000976562,6400000.0
32.0,32.0,2.0,9.0,191.0,128.0,5630.0,16384.0,0.3976302140524789,0.4092200198642074,0.03125,0.03125,6400000.0
1.0,32.0,2.0,1.0,1.0,1.0,39.0,32.0,-0.0030632107251067353,-0.0017650185808415486,0.03125,32768.0,6400000.0
32.0,32.0,2.0,9.0,174.0,125.0,5314.0,15904.0,0.3877933007125024,0.39577794537868083,0.125,2.0,6400000.0
1.0,32.0,1.0,1.0,1.0,1.0,35.0,32.0,-0.0030632107251067353,-0.0017650185808415486,32768.0,32.0,6400000.0
32.0,32.0,2.0,9.0,193.0,128.0,5613.0,16384.0,0.3978885458568562,0.40852287757629213,0.25,0.015625,6400000.0
1.0,32.0,2.0,1.0,1.0,1.0,39.0,32.0,-0.0030632107251067353,-0.0017650185808415486,32.0,16384.0,6400000.0
32.0,32.0,2.0,9.0,192.0,128.0,5640.0,16384.0,0.3941031437347021,0.40300460541144256,0.5,0.125,6400000.0
1.0,32.0,2.0,1.0,1.0,1.0,39.0,32.0,-0.0030632107251067353,-0.0017650185808415486,0.0625,256.0,6400000.0
1.0,32.0,2.0,1.0,1.0,1.0,39.0,32.0,-0.0030632107251067353,-0.0017650185808415486,0.25,16384.0,6400000.0
8.0,32.0,2.0,2.0,22.0,16.0,664.0,1536.0,0.184803559555608,0.19082719424152972,0.03125,32.0,6400000.0
32.0,32.0,2.0,9.0,193.0,128.0,5613.0,16384.0,0.39788946536593794,0.4085213338926459,0.125,0.00195312,6400000.0
1.0,32.0,2.0,1.0,1.0,1.0,39.0,32.0,-0.0030632107251067353,-0.0017650185808415486,0.125,2048.0,6400000.0
11.0,32.0,2.0,3.0,35.0,25.0,1015.0,2592.0,0.23714634169335125,0.2431198474760431,0.25,16.0,6400000.0
1.0,1.0,4.0,1.0,1.0,1.0,63.0,32.0,-0.0030632107251067353,-0.0017650185808415486,0.00390625,128.0,6400000.0
1.0,1.0,4.0,7.0,31.0,16.0,935.0,2432.0,0.06453061417624306,0.06820844800405634,0.0078125,0.000976562,6400000.0
32.0,32.0,2.0,9.0,192.0,128.0,5566.0,16384.0,0.39635373275794605,0.4060553775435044,0.0,0.25,6400000.0
1.0,32.0,2.0,1.0,1.0,1.0,39.0,32.0,-0.0030632107251067353,-0.0017650185808415486,1.0,1024.0,6400000.0
1.0,32.0,2.0,1.0,1.0,1.0,39.0,32.0,-0.0030632107251067353,-0.0017650185808415486,128.0,1.0,6400000.0
1.0,1.0,4.0,1.0,1.0,1.0,63.0,32.0,-0.0030632107251067353,-0.0017650185808415486,0.00195312,32768.0,6400000.0
32.0,32.0,2.0,9.0,189.0,128.0,5635.0,16384.0,0.3977433637905352,0.4056812293910024,1.0,0.000976562,6400000.0
1.0,32.0,2.0,1.0,1.0,1.0,39.0,32.0,-0.0030632107251067353,-0.0017650185808415486,0.5,128.0,6400000.0
32.0,32.0,2.0,9.0,174.0,125.0,5314.0,15904.0,0.3877933007125024,0.39577794537868083,0.000976562,2.0,6400000.0
1.0,32.0,2.0,1.0,1.0,1.0,39.0,32.0,-0.0030632107251067353,-0.0017650185808415486,2.0,8192.0,6400000.0
1.0,32.0,2.0,1.0,1.0,1.0,39.0,32.0,-0.0030632107251067353,-0.0017650185808415486,0.0,256.0,6400000.0
1.0,32.0,2.0,1.0,1.0,1.0,39.0,32.0,-0.0030632107251067353,-0.0017650185808415486,128.0,1024.0,6400000.0
32.0,32.0,2.0,9.0,194.0,128.0,5642.0,16384.0,0.3967946080670627,0.4086280218715669,0.000976562,0.00195312,6400000.0
32.0,32.0,2.0,8.0,195.0,128.0,5717.0,16384.0,0.39667797378760117,0.4054517830202228,2.0,0.0078125,6400000.0
32.0,32.0,2.0,3.0,178.0,128.0,5456.0,16384.0,0.3290654381940258,0.3335923429121237,8.0,0.0,6400000.0
32.0,32.0,2.0,7.0,188.0,128.0,5564.0,16384.0,0.3973307871631022,0.40606935548489353,4.0,0.0625,6400000.0
32.0,32.0,2.0,3.0,169.0,125.0,5246.0,15904.0,0.32700513165746226,0.33175388081740986,8.0,0.5,6400000.0
1.0,32.0,1.0,1.0,1.0,1.0,35.0,32.0,-0.0030632107251067353,-0.0017650185808415486,32768.0,32768.0,6400000.0
32.0,32.0,2.0,3.0,182.0,128.0,5491.0,16384.0,0.32876031756075597,0.33391064495029843,16.0,0.00390625,6400000.0
1.0,32.0,2.0,1.0,1.0,1.0,39.0,32.0,-0.0030632107251067353,-0.0017650185808415486,0.000976562,2048.0,6400000.0
14.0,32.0,2.0,3.0,58.0,41.0,1695.0,4768.0,0.2755258013558761,0.2825067573238387,2.0,8.0,6400000.0
11.0,32.0,2.0,3.0,35.0,25.0,1015.0,2592.0,0.23714634169335125,0.2431198474760431,0.00195312,16.0,6400000.0
32.0,32.0,2.0,9.0,192.0,128.0,5606.0,16384.0,0.39929977168379516,0.4116164105130282,0.00195312,0.015625,6400000.0
3.0,32.0,2.0,2.0,9.0,6.0,287.0,576.0,0.10115259004895938,0.10346957106453547,4.0,64.0,6400000.0
1.0,1.0,4.0,7.0,28.0,15.0,835.0,2272.0,0.06413365518102998,0.06769915626143252,0.0078125,1.0,6400000.0
32.0,32.0,2.0,9.0,181.0,128.0,5426.0,16384.0,0.39273725380973634,0.40405267176803894,1.0,1.0,6400000.0
1.0,32.0,2.0,1.0,1.0,1.0,39.0,32.0,-0.0030632107251067353,-0.0017650185808415486,16.0,4096.0,6400000.0
21.0,32.0,2.0,3.0,99.0,72.0,2931.0,8832.0,0.3091526342386791,0.3166052038468572,16.0,4.0,6400000.0
14.0,32.0,2.0,3.0,58.0,41.0,1695.0,4768.0,0.2755258013558761,0.2825067573238387,0.015625,8.0,6400000.0
32.0,32.0,2.0,9.0,193.0,128.0,5587.0,16384.0,0.401028742339658,0.41212908473104426,0.00390625,0.125,6400000.0
1.0,32.0,2.0,1.0,1.0,1.0,39.0,32.0,-0.0030632107251067353,-0.0017650185808415486,0.00390625,128.0,6400000.0
1.0,32.0,2.0,1.0,1.0,1.0,39.0,32.0,-0.0030632107251067353,-0.0017650185808415486,0.00195312,16384.0,6400000.0
1.0,1.0,4.0,1.0,1.0,1.0,63.0,32.0,-0.0030632107251067353,-0.0017650185808415486,0.0078125,1024.0,6400000.0
32.0,32.0,2.0,9.0,178.0,128.0,5351.0,16384.0,0.3883507716832031,0.39573695096995254,0.0078125,1.0,6400000.0
1.0,32.0,2.0,1.0,1.0,1.0,39.0,32.0,-0.0030632107251067353,-0.0017650185808415486,0.0078125,1024.0,6400000.0
32.0,32.0,2.0,9.0,194.0,128.0,5642.0,16384.0,0.3967946080670627,0.4086280218715669,0.0078125,0.000976562,6400000.0
8.0,32.0,2.0,2.0,22.0,16.0,664.0,1536.0,0.184803559555608,0.19082719424152972,32.0,32.0,6400000.0
32.0,32.0,2.0,2.0,142.0,119.0,4712.0,14944.0,0.25935240539666216,0.27048541711564467,64.0,0.25,6400000.0
1.0,32.0,2.0,1.0,1.0,1.0,39.0,32.0,-0.0030632107251067353,-0.0017650185808415486,64.0,256.0,6400000.0
1.0,1.0,4.0,7.0,31.0,16.0,935.0,2432.0,0.06453061417624306,0.06820844800405634,0.00390625,0.25,6400000.0
1.0,32.0,2.0,1.0,1.0,1.0,39.0,32.0,-0.0030632107251067353,-0.0017650185808415486,8.0,512.0,6400000.0
32.0,32.0,2.0,9.0,194.0,128.0,5642.0,16384.0,0.3967946080670627,0.4086280218715669,0.015625,0.0078125,6400000.0
1.0,32.0,2.0,1.0,1.0,1.0,39.0,32.0,-0.0030632107251067353,-0.0017650185808415486,128.0,0.00195312,6400000.0
1.0,32.0,2.0,1.0,1.0,1.0,39.0,32.0,-0.0030632107251067353,-0.0017650185808415486,0.015625,8192.0,6400000.0
32.0,32.0,2.0,9.0,191.0,128.0,5605.0,16384.0,0.39636899531971115,0.40832135590783236,0.03125,0.0625,6400000.0
32.0,32.0,2.0,9.0,185.0,128.0,5435.0,16384.0,0.39874482092030794,0.4080815407120343,0.0625,0.5,6400000.0
32.0,32.0,2.0,2.0,158.0,128.0,5207.0,16384.0,0.2588628032897151,0.27031639050649836,32.0,0.03125,6400000.0
32.0,32.0,2.0,8.0,150.0,110.0,4556.0,13504.0,0.3846589998489178,0.39427752802642746,0.125,4.0,6400000.0
1.0,32.0,2.0,1.0,1.0,1.0,39.0,32.0,-0.0030632107251067353,-0.0017650185808415486,32.0,32768.0,6400000.0
32.0,32.0,2.0,9.0,194.0,128.0,5642.0,16384.0,0.3967946080670627,0.4086280218715669,0.0625,0.0,6400000.0
1.0,32.0,1.0,1.0,1.0,1.0,35.0,32.0,-0.0030632107251067353,-0.0017650185808415486,32768.0,64.0,6400000.0
32.0,32.0,2.0,9.0,191.0,128.0,5606.0,16384.0,0.3956414926783891,0.4034668912465518,0.25,0.03125,6400000.0
32.0,32.0,2.0,9.0,187.0,128.0,5598.0,16384.0,0.3968261488311996,0.4066351853301955,0.5,0.25,6400000.0
32.0,32.0,2.0,9.0,193.0,128.0,5613.0,16384.0,0.39788946536593794,0.4085213338926459,0.125,0.00390625,6400000.0
3.0,32.0,2.0,2.0,9.0,6.0,287.0,576.0,0.10115259004895938,0.10346957106453547,0.03125,64.0,6400000.0
1.0,32.0,2.0,1.0,1.0,1.0,39.0,32.0,-0.0030632107251067353,-0.0017650185808415486,0.0625,512.0,6400000.0
1.0,32.0,2.0,1.0,1.0,1.0,39.0,32.0,-0.0030632107251067353,-0.0017650185808415486,0.25,32768.0,6400000.0
1.0,32.0,2.0,1.0,1.0,1.0,39.0,32.0,-0.0030632107251067353,-0.0017650185808415486,0.125,4096.0,6400000.0
1.0,1.0,4.0,7.0,31.0,16.0,935.0,2432.0,0.06453061417624306,0.06820844800405634,0.0078125,0.00195312,6400000.0
1.0,1.0,4.0,1.0,1.0,1.0,63.0,32.0,-0.0030632107251067353,-0.0017650185808415486,0.00390625,256.0,6400000.0
8.0,32.0,2.0,2.0,22.0,16.0,664.0,1536.0,0.184803559555608,0.19082719424152972,0.25,32.0,6400000.0
1.0,32.0,2.0,1.0,1.0,1.0,39.0,32.0,-0.0030632107251067353,-0.0017650185808415486,128.0,2.0,6400000.0
32.0,32.0,2.0,9.0,185.0,128.0,5435.0,16384.0,0.39874482092030794,0.4080815407120343,0.0,0.5,6400000.0
1.0,32.0,2.0,1.0,1.0,1.0,39.0,32.0,-0.0030632107251067353,-0.0017650185808415486,1.0,2048.0,6400000.0
1.0,32.0,2.0,1.0,1.0,1.0,39.0,32.0,-0.0030632107251067353,-0.0017650185808415486,0.5,256.0,6400000.0
1.0,32.0,2.0,1.0,1.0,1.0,39.0,32.0,-0.0030632107251067353,-0.0017650185808415486,0.0,512.0,6400000.0
1.0,1.0,4.0,7.0,31.0,16.0,935.0,2432.0,0.06453061417624306,0.06820844800405634,0.00390625,0.0,6400000.0
32.0,32.0,2.0,8.0,150.0,110.0,4556.0,13504.0,0.3846589998489178,0.39427752802642746,0.000976562,4.0,6400000.0
32.0,32.0,2.0,9.0,189.0,128.0,5635.0,16384.0,0.3977433637905352,0.4056812293910024,1.0,0.00195312,6400000.0
1.0,32.0,2.0,1.0,1.0,1.0,39.0,32.0,-0.0030632107251067353,-0.0017650185808415486,2.0,16384.0,6400000.0
32.0,32.0,2.0,9.0,194.0,128.0,5642.0,16384.0,0.3967946080670627,0.4086280218715669,0.000976562,0.00390625,6400000.0
1.0,32.0,2.0,1.0,1.0,1.0,39.0,32.0,-0.0030632107251067353,-0.0017650185808415486,128.0,2048.0,6400000.0
32.0,32.0,2.0,3.0,178.0,128.0,5456.0,16384.0,0.3290654381940258,0.3335923429121237,8.0,0.000976562,6400000.0
32.0,32.0,2.0,3.0,158.0,118.0,4921.0,14784.0,0.3250498401042272,0.33073061576455065,8.0,1.0,6400000.0
32.0,32.0,2.0,8.0,195.0,128.0,5717.0,16384.0,0.39667797378760117,0.4054517830202228,2.0,0.015625,6400000.0
32.0,32.0,2.0,3.0,182.0,128.0,5491.0,16384.0,0.32876031756075597,0.33391064495029843,16.0,0.0078125,6400000.0
32.0,32.0,2.0,8.0,185.0,128.0,5539.0,16384.0,0.3940885327271838,0.40825757410903085,4.0,0.125,6400000.0
8.0,32.0,2.0,2.0,22.0,16.0,664.0,1536.0,0.184803559555608,0.19082719424152972,0.00195312,32.0,6400000.0
32.0,32.0,2.0,9.0,194.0,128.0,5642.0,16384.0,0.3967946080670627,0.4086280218715669,0.0,0.0,6400000.0
11.0,32.0,2.0,3.0,35.0,25.0,1015.0,2592.0,0.23714634169335125,0.2431198474760431,2.0,16.0,6400000.0
1.0,32.0,2.0,1.0,1.0,1.0,39.0,32.0,-0.0030632107251067353,-0.0017650185808415486,0.000976562,4096.0,6400000.0
1.0,32.0,2.0,1.0,1.0,1.0,39.0,32.0,-0.0030632107251067353,-0.0017650185808415486,4.0,128.0,6400000.0
1.0,1.0,4.0,6.0,26.0,14.0,760.0,2112.0,0.0636058133035663,0.0673808602609266,0.0078125,2.0,6400000.0
32.0,32.0,2.0,9.0,191.0,128.0,5630.0,16384.0,0.3976302140524789,0.4092200198642074,0.00195312,0.03125,6400000.0
32.0,32.0,2.0,9.0,175.0,126.0,5350.0,16064.0,0.38421424110098634,0.3958295393979975,1.0,2.0,6400000.0
1.0,32.0,2.0,1.0,1.0,1.0,39.0,32.0,-0.0030632107251067353,-0.0017650185808415486,16.0,8192.0,6400000.0
15.0,32.0,2.0,2.0,47.0,34.0,1432.0,3520.0,0.23483331904090687,0.24244665993785774,16.0,8.0,6400000.0
11.0,32.0,2.0,3.0,35.0,25.0,1015.0,2592.0,0.23714634169335125,0.2431198474760431,0.015625,16.0,6400000.0
32.0,32.0,2.0,9.0,192.0,128.0,5566.0,16384.0,0.39635373275794605,0.4060553775435044,0.00390625,0.25,6400000.0
1.0,32.0,2.0,1.0,1.0,1.0,39.0,32.0,-0.0030632107251067353,-0.0017650185808415486,0.00390625,256.0,6400000.0
32.0,32.0,2.0,9.0,194.0,128.0,5642.0,16384.0,0.3967946080670627,0.4086280218715669,0.0078125,0.00195312,6400000.0
1.0,32.0,2.0,1.0,1.0,1.0,39.0,32.0,-0.0030632107251067353,-0.0017650185808415486,0.00195312,32768.0,6400000.0
3.0,32.0,2.0,2.0,9.0,6.0,287.0,576.0,0.10115259004895938,0.10346957106453547,32.0,64.0,6400000.0
1.0,1.0,4.0,1.0,1.0,1.0,63.0,32.0,-0.0030632107251067353,-0.0017650185808415486,0.0078125,2048.0,6400000.0
1.0,32.0,2.0,1.0,1.0,1.0,39.0,32.0,-0.0030632107251067353,-0.0017650185808415486,0.0078125,2048.0,6400000.0
1.0,1.0,4.0,7.0,31.0,16.0,935.0,2432.0,0.06453061417624306,0.06820844800405634,0.00390625,0.5,6400000.0
32.0,32.0,2.0,9.0,174.0,125.0,5314.0,15904.0,0.3877933007125024,0.39577794537868083,0.0078125,2.0,6400000.0
28.0,32.0,2.0,2.0,130.0,109.0,4298.0,13856.0,0.2589595133955369,0.26969276798452724,64.0,0.5,6400000.0
1.0,32.0,2.0,1.0,1.0,1.0,39.0,32.0,-0.0030632107251067353,-0.0017650185808415486,64.0,512.0,6400000.0
1.0,32.0,2.0,1.0,1.0,1.0,39.0,32.0,-0.0030632107251067353,-0.0017650185808415486,8.0,1024.0,6400000.0
32.0,32.0,2.0,2.0,158.0,128.0,5207.0,16384.0,0.2588628032897151,0.27031639050649836,64.0,0.0,6400000.0
32.0,32.0,2.0,9.0,192.0,128.0,5606.0,16384.0,0.39929977168379516,0.4116164105130282,0.015625,0.015625,6400000.0
1.0,32.0,2.0,1.0,1.0,1.0,39.0,32.0,-0.0030632107251067353,-0.0017650185808415486,128.0,0.00390625,6400000.0
1.0,32.0,2.0,1.0,1.0,1.0,39.0,32.0,-0.0030632107251067353,-0.0017650185808415486,0.015625,16384.0,6400000.0
32.0,32.0,2.0,9.0,193.0,128.0,5587.0,16384.0,0.401028742339658,0.41212908473104426,0.03125,0.125,6400000.0
32.0,32.0,2.0,2.0,154.0,126.0,5069.0,16064.0,0.25885825127802864,0.270359987692924,32.0,0.0625,6400000.0
32.0,32.0,2.0,9.0,194.0,128.0,5642.0,16384.0,0.3967946080670627,0.4086280218715669,0.0625,0.000976562,6400000.0
14.0,32.0,2.0,3.0,58.0,41.0,1695.0,4768.0,0.2755258013558761,0.2825067573238387,0.125,8.0,6400000.0
32.0,32.0,2.0,9.0,178.0,128.0,5351.0,16384.0,0.3883507716832031,0.39573695096995254,0.0625,1.0,6400000.0
1.0,32.0,2.0,1.0,1.0,1.0,39.0,32.0,-0.0030632107251067353,-0.0017650185808415486,0.0625,1024.0,6400000.0
32.0,32.0,2.0,9.0,191.0,128.0,5606.0,16384.0,0.3956414926783891,0.4034668912465518,0.25,0.0625,6400000.0
32.0,32.0,2.0,9.0,187.0,128.0,5621.0,16384.0,0.3898005206359414,0.3988000810743465,0.5,0.5,6400000.0
1.0,32.0,2.0,1.0,1.0,1.0,39.0,32.0,-0.0030632107251067353,-0.0017650185808415486,0.03125,128.0,6400000.0
32.0,32.0,2.0,9.0,193.0,128.0,5613.0,16384.0,0.39788946536593794,0.4085213338926459,0.125,0.0078125,6400000.0
1.0,32.0,2.0,1.0,1.0,1.0,39.0,32.0,-0.0030632107251067353,-0.0017650185808415486,128.0,16384.0,6400000.0
1.0,32.0,2.0,1.0,1.0,1.0,39.0,32.0,-0.0030632107251067353,-0.0017650185808415486,0.125,8192.0,6400000.0
1.0,1.0,4.0,7.0,31.0,16.0,935.0,2432.0,0.06453061417624306,0.06820844800405634,0.0078125,0.00390625,6400000.0
32.0,32.0,2.0,9.0,193.0,128.0,5642.0,16384.0,0.3920523787850334,0.4035707459863198,0.5,0.0,6400000.0
1.0,1.0,4.0,1.0,1.0,1.0,63.0,32.0,-0.0030632107251067353,-0.0017650185808415486,0.00390625,512.0,6400000.0
3.0,32.0,2.0,2.0,9.0,6.0,287.0,576.0,0.10115259004895938,0.10346957106453547,0.25,64.0,6400000.0
1.0,32.0,2.0,1.0,1.0,1.0,39.0,32.0,-0.0030632107251067353,-0.0017650185808415486,0.5,512.0,6400000.0
1.0,32.0,2.0,1.0,1.0,1.0,39.0,32.0,-0.0030632107251067353,-0.0017650185808415486,128.0,4.0,6400000.0
32.0,32.0,2.0,9.0,189.0,128.0,5635.0,16384.0,0.3977433637905352,0.4056812293910024,1.0,0.00390625,6400000.0
1.0,32.0,2.0,1.0,1.0,1.0,39.0,32.0,-0.0030632107251067353,-0.0017650185808415486,1.0,4096.0,6400000.0
1.0,32.0,2.0,1.0,1.0,1.0,39.0,32.0,-0.0030632107251067353,-0.0017650185808415486,256.0,128.0,6400000.0
1.0,32.0,2.0,1.0,1.0,1.0,39.0,32.0,-0.0030632107251067353,-0.0017650185808415486,2.0,32768.0,6400000.0
1.0,32.0,2.0,1.0,1.0,1.0,39.0,32.0,-0.0030632107251067353,-0.0017650185808415486,512.0,1.0,6400000.0
1.0,32.0,2.0,1.0,1.0,1.0,39.0,32.0,-0.0030632107251067353,-0.0017650185808415486,256.0,0.125,6400000.0
1.0,32.0,2.0,1.0,1.0,1.0,39.0,32.0,-0.0030632107251067353,-0.0017650185808415486,128.0,4096.0,6400000.0
1.0,32.0,2.0,1.0,1.0,1.0,39.0,32.0,-0.0030632107251067353,-0.0017650185808415486,512.0,0.000976562,6400000.0
32.0,32.0,2.0,7.0,185.0,128.0,5462.0,16384.0,0.39553842569133735,0.4065590174779623,4.0,0.25,6400000.0
32.0,32.0,2.0,3.0,178.0,128.0,5456.0,16384.0,0.3290654381940258,0.3335923429121237,8.0,0.00195312,6400000.0
1.0,32.0,2.0,1.0,1.0,1.0,39.0,32.0,-0.0030632107251067353,-0.0017650185808415486,512.0,1024.0,6400000.0
26.0,32.0,2.0,3.0,124.0,91.0,3761.0,11232.0,0.31952095011874393,0.32577084868578554,8.0,2.0,6400000.0
32.0,32.0,2.0,3.0,182.0,128.0,5491.0,16384.0,0.32876031756075597,0.33391064495029843,16.0,0.015625,6400000.0
32.0,32.0,2.0,8.0,191.0,128.0,5606.0,16384.0,0.3965732005384677,0.4048496563315932,2.0,0.03125,6400000.0
1.0,32.0,2.0,1.0,1.0,1.0,39.0,32.0,-0.0030632107251067353,-0.0017650185808415486,4.0,256.0,6400000.0
1.0,1.0,4.0,4.0,13.0,7.0,410.0,992.0,0.057805003399450605,0.060993872308649943,0.0078125,4.0,6400000.0
1.0,32.0,2.0,1.0,1.0,1.0,39.0,32.0,-0.0030632107251067353,-0.0017650185808415486,1024.0,8.0,6400000.0
8.0,32.0,2.0,2.0,22.0,16.0,664.0,1536.0,0.184803559555608,0.19082719424152972,2.0,32.0,6400000.0
27.0,32.0,2.0,8.0,137.0,98.0,4172.0,12224.0,0.3787920682276993,0.38572714882329096,1.0,4.0,6400000.0
1.0,32.0,2.0,1.0,1.0,1.0,39.0,32.0,-0.0030632107251067353,-0.0017650185808415486,1024.0,0.0078125,6400000.0
1.0,1.0,4.0,1.0,1.0,1.0,63.0,32.0,-0.0030632107251067353,-0.0017650185808415486,0.0078125,8192.0,6400000.0
1.0,32.0,2.0,1.0,1.0,1.0,39.0,32.0,-0.0030632107251067353,-0.0017650185808415486,1024.0,8192.0,6400000.0
1.0,32.0,2.0,1.0,1.0,1.0,39.0,32.0,-0.0030632107251067353,-0.0017650185808415486,16.0,16384.0,6400000.0
11.0,32.0,2.0,2.0,30.0,22.0,872.0,2112.0,0.211815897449531,0.21820531799146736,16.0,16.0,6400000.0
1.0,1.0,4.0,1.0,1.0,1.0,63.0,32.0,-0.0030632107251067353,-0.0017650185808415486,0.0078125,4096.0,6400000.0
1.0,32.0,2.0,1.0,1.0,1.0,39.0,32.0,-0.0030632107251067353,-0.0017650185808415486,32.0,128.0,6400000.0
1.0,32.0,2.0,1.0,1.0,1.0,39.0,32.0,-0.0030632107251067353,-0.0017650185808415486,4096.0,0.0,6400000.0
1.0,32.0,2.0,1.0,1.0,1.0,39.0,32.0,-0.0030632107251067353,-0.0017650185808415486,2048.0,64.0,6400000.0
1.0,32.0,2.0,1.0,1.0,1.0,39.0,32.0,-0.0030632107251067353,-0.0017650185808415486,4096.0,0.5,6400000.0
1.0,32.0,2.0,1.0,1.0,1.0,39.0,32.0,-0.0030632107251067353,-0.0017650185808415486,2048.0,0.0625,6400000.0
1.0,32.0,2.0,1.0,1.0,1.0,39.0,32.0,-0.0030632107251067353,-0.0017650185808415486,4096.0,512.0,6400000.0
1.0,32.0,2.0,1.0,1.0,1.0,39.0,32.0,-0.0030632107251067353,-0.0017650185808415486,64.0,1024.0,6400000.0
32.0,32.0,2.0,2.0,158.0,128.0,5207.0,16384.0,0.2588628032897151,0.27031639050649836,64.0,0.000976562,6400000.0
25.0,32.0,2.0,2.0,98.0,78.0,3165.0,9280.0,0.25458612769279687,0.26652926967123536,64.0,1.0,6400000.0
1.0,32.0,2.0,1.0,1.0,1.0,39.0,32.0,-0.0030632107251067353,-0.0017650185808415486,8192.0,0.00390625,6400000.0
1.0,32.0,2.0,1.0,1.0,1.0,39.0,32.0,-0.0030632107251067353,-0.0017650185808415486,128.0,0.0078125,6400000.0
1.0,32.0,2.0,1.0,1.0,1.0,39.0,32.0,-0.0030632107251067353,-0.0017650185808415486,16384.0,0.03125,6400000.0
1.0,32.0,2.0,1.0,1.0,1.0,39.0,32.0,-0.0030632107251067353,-0.0017650185808415486,8.0,2048.0,6400000.0
32.0,32.0,2.0,2.0,145.0,121.0,4818.0,15264.0,0.2590822619686215,0.27053785394491203,32.0,0.125,6400000.0
1.0,32.0,2.0,1.0,1.0,1.0,39.0,32.0,-0.0030632107251067353,-0.0017650185808415486,8192.0,4096.0,6400000.0
1.0,32.0,2.0,1.0,1.0,1.0,39.0,32.0,-0.0030632107251067353,-0.0017650185808415486,16384.0,32768.0,6400000.0
1.0,32.0,2.0,1.0,1.0,1.0,39.0,32.0,-0.0030632107251067353,-0.0017650185808415486,128.0,32768.0,6400000.0
1.0,32.0,2.0,1.0,1.0,1.0,39.0,32.0,-0.0030632107251067353,-0.0017650185808415486,8192.0,4.0,6400000.0
1.0,32.0,2.0,1.0,1.0,1.0,39.0,32.0,-0.0030632107251067353,-0.0017650185808415486,32768.0,256.0,6400000.0
1.0,1.0,4.0,7.0,31.0,16.0,935.0,2432.0,0.06453061417624306,0.06820844800405634,0.015625,0.0625,6400000.0
1.0,1.0,1.0,1.0,1.0,1.0,35.0,32.0,-0.0030632107251067353,-0.0017650185808415486,0.015625,16384.0,6400000.0
1.0,32.0,2.0,1.0,1.0,1.0,39.0,32.0,-0.0030632107251067353,-0.0017650185808415486,16384.0,32.0,6400000.0
1.0,32.0,4.0,1.0,1.0,1.0,63.0,32.0,-0.0030632107251067353,-0.0017650185808415486,0.0,2048.0,6400000.0
1.0,32.0,2.0,1.0,1.0,1.0,39.0,32.0,-0.0030632107251067353,-0.0017650185808415486,32768.0,0.25,6400000.0
32.0,32.0,4.0,9.0,803.0,505.0,23642.0,76704.0,0.5037878894640309,0.5115468464476334,0.0,0.00195312,6400000.0
32.0,32.0,4.0,9.0,780.0,508.0,23395.0,77184.0,0.5029145785112129,0.5050446477817154,0.00195312,0.125,6400000.0
11.0,32.0,4.0,3.0,35.0,26.0,1119.0,2752.0,0.23801654357424562,0.2440154241847443,0.000976562,16.0,6400000.0
1.0,1.0,4.0,2.0,3.0,2.0,136.0,192.0,0.03911015413878083,0.040912063041146696,0.015625,64.0,6400000.0
32.0,32.0,4.0,9.0,398.0,292.0,12288.0,42624.0,0.4784991544782171,0.49599062265383587,0.0,2.0,6400000.0
1.0,32.0,4.0,1.0,1.0,1.0,63.0,32.0,-0.0030632107251067353,-0.0017650185808415486,0.000976562,16384.0,6400000.0
32.0,32.0,4.0,9.0,808.0,508.0,23868.0,77184.0,0.5038442301240018,0.5094584436526747,0.000976562,0.015625,6400000.0
1.0,32.0,4.0,1.0,1.0,1.0,63.0,32.0,-0.0030632107251067353,-0.0017650185808415486,0.00195312,128.0,6400000.0
1.0,32.0,2.0,1.0,1.0,1.0,39.0,32.0,-0.0030632107251067353,-0.0017650185808415486,128.0,8.0,6400000.0
32.0,32.0,4.0,9.0,803.0,505.0,23642.0,76704.0,0.5037878894640309,0.5115468464476334,0.00390625,0.000976562,6400000.0
1.0,32.0,2.0,1.0,1.0,1.0,39.0,32.0,-0.0030632107251067353,-0.0017650185808415486,256.0,256.0,6400000.0
1.0,32.0,2.0,1.0,1.0,1.0,39.0,32.0,-0.0030632107251067353,-0.0017650185808415486,512.0,2.0,6400000.0
1.0,32.0,2.0,1.0,1.0,1.0,39.0,32.0,-0.0030632107251067353,-0.0017650185808415486,256.0,0.25,6400000.0
32.0,32.0,4.0,9.0,612.0,444.0,19042.0,66944.0,0.5167818838279226,0.528646046483651,0.00390625,1.0,6400000.0
1.0,32.0,4.0,1.0,1.0,1.0,63.0,32.0,-0.0030632107251067353,-0.0017650185808415486,0.00390625,1024.0,6400000.0
32.0,32.0,4.0,9.0,812.0,506.0,23950.0,76864.0,0.5125393176965143,0.5167718045218961,0.0078125,0.0078125,6400000.0
1.0,32.0,2.0,1.0,1.0,1.0,39.0,32.0,-0.0030632107251067353,-0.0017650185808415486,128.0,8192.0,6400000.0
1.0,32.0,2.0,1.0,1.0,1.0,39.0,32.0,-0.0030632107251067353,-0.0017650185808415486,512.0,2048.0,6400000.0
1.0,32.0,2.0,1.0,1.0,1.0,39.0,32.0,-0.0030632107251067353,-0.0017650185808415486,512.0,0.00195312,6400000.0
1.0,32.0,4.0,1.0,1.0,1.0,63.0,32.0,-0.0030632107251067353,-0.0017650185808415486,0.0078125,8192.0,6400000.0
16.0,32.0,4.0,3.0,67.0,47.0,2020.0,5472.0,0.28428173420704106,0.29213228260301216,0.0078125,8.0,6400000.0
32.0,32.0,4.0,9.0,796.0,506.0,23717.0,76864.0,0.5086686015671944,0.5099183421795334,0.015625,0.0625,6400000.0
1.0,32.0,2.0,1.0,1.0,1.0,39.0,32.0,-0.0030632107251067353,-0.0017650185808415486,1024.0,16.0,6400000.0
1.0,32.0,2.0,1.0,1.0,1.0,39.0,32.0,-0.0030632107251067353,-0.0017650185808415486,1024.0,0.015625,6400000.0
1.0,32.0,2.0,1.0,1.0,1.0,39.0,32.0,-0.0030632107251067353,-0.0017650185808415486,1024.0,16384.0,6400000.0
32.0,32.0,4.0,9.0,803.0,505.0,23642.0,76704.0,0.5037878894640309,0.5115468464476334,0.0625,0.00390625,6400000.0
1.0,1.0,4.0,1.0,1.0,1.0,63.0,32.0,-0.0030632107251067353,-0.0017650185808415486,0.0078125,16384.0,6400000.0
1.0,32.0,4.0,1.0,1.0,1.0,63.0,32.0,-0.0030632107251067353,-0.0017650185808415486,0.03125,512.0,6400000.0
1.0,1.0,4.0,7.0,31.0,16.0,935.0,2432.0,0.06453061417624306,0.06820844800405634,0.03125,0.0,6400000.0
32.0,32.0,4.0,9.0,692.0,485.0,21264.0,73504.0,0.5099662652531736,0.5138192092495585,0.03125,0.5,6400000.0
32.0,32.0,4.0,9.0,820.0,507.0,23919.0,77024.0,0.4986696289486522,0.5033504042039986,0.03125,0.0,6400000.0
3.0,32.0,4.0,2.0,9.0,6.0,335.0,576.0,0.10115259004895938,0.10346957106453547,0.015625,64.0,6400000.0
27.0,32.0,4.0,9.0,182.0,137.0,5741.0,18464.0,0.39629112021669155,0.40252478152262305,0.0625,4.0,6400000.0
1.0,32.0,4.0,1.0,1.0,1.0,63.0,32.0,-0.0030632107251067353,-0.0017650185808415486,0.0625,4096.0,6400000.0
1.0,32.0,2.0,1.0,1.0,1.0,39.0,32.0,-0.0030632107251067353,-0.0017650185808415486,4096.0,0.000976562,6400000.0
1.0,32.0,2.0,1.0,1.0,1.0,39.0,32.0,-0.0030632107251067353,-0.0017650185808415486,4096.0,1024.0,6400000.0
1.0,32.0,2.0,1.0,1.0,1.0,39.0,32.0,-0.0030632107251067353,-0.0017650185808415486,2048.0,128.0,6400000.0
1.0,32.0,2.0,1.0,1.0,1.0,39.0,32.0,-0.0030632107251067353,-0.0017650185808415486,4096.0,1.0,6400000.0
1.0,32.0,2.0,1.0,1.0,1.0,39.0,32.0,-0.0030632107251067353,-0.0017650185808415486,2048.0,0.125,6400000.0
8.0,32.0,4.0,2.0,22.0,16.0,724.0,1536.0,0.184803559555608,0.19082719424152972,0.125,32.0,6400000.0
1.0,32.0,2.0,1.0,1.0,1.0,39.0,32.0,-0.0030632107251067353,-0.0017650185808415486,8192.0,0.0078125,6400000.0
32.0,32.0,4.0,9.0,740.0,499.0,22575.0,75744.0,0.5125285450418313,0.5129259601324474,0.25,0.25,6400000.0
32.0,32.0,4.0,9.0,816.0,508.0,24111.0,77184.0,0.5060065608095297,0.5094404055905621,0.125,0.03125,6400000.0
1.0,1.0,4.0,7.0,31.0,16.0,935.0,2432.0,0.06453061417624306,0.06820844800405634,0.03125,0.5,6400000.0
1.0,32.0,4.0,1.0,1.0,1.0,63.0,32.0,-0.0030632107251067353,-0.0017650185808415486,0.125,32768.0,6400000.0
1.0,32.0,2.0,1.0,1.0,1.0,39.0,32.0,-0.0030632107251067353,-0.0017650185808415486,16384.0,0.0625,6400000.0
1.0,32.0,4.0,1.0,1.0,1.0,63.0,32.0,-0.0030632107251067353,-0.0017650185808415486,0.25,256.0,6400000.0
1.0,32.0,2.0,1.0,1.0,1.0,39.0,32.0,-0.0030632107251067353,-0.0017650185808415486,32768.0,512.0,6400000.0
1.0,32.0,2.0,1.0,1.0,1.0,39.0,32.0,-0.0030632107251067353,-0.0017650185808415486,8192.0,8192.0,6400000.0
1.0,32.0,2.0,1.0,1.0,1.0,39.0,32.0,-0.0030632107251067353,-0.0017650185808415486,16384.0,64.0,6400000.0
1.0,32.0,2.0,1.0,1.0,1.0,39.0,32.0,-0.0030632107251067353,-0.0017650185808415486,256.0,0.0,6400000.0
1.0,32.0,2.0,1.0,1.0,1.0,39.0,32.0,-0.0030632107251067353,-0.0017650185808415486,32768.0,0.0,6400000.0
32.0,32.0,4.0,9.0,821.0,507.0,24302.0,77024.0,0.5025823114546871,0.504431938444792,0.5,0.00195312,6400000.0
1.0,1.0,1.0,1.0,1.0,1.0,35.0,32.0,-0.0030632107251067353,-0.0017650185808415486,0.015625,32768.0,6400000.0
32.0,32.0,4.0,9.0,803.0,505.0,23642.0,76704.0,0.5037878894640309,0.5115468464476334,0.0,0.00390625,6400000.0
1.0,1.0,4.0,7.0,31.0,16.0,935.0,2432.0,0.06453061417624306,0.06820844800405634,0.015625,0.125,6400000.0
1.0,32.0,2.0,1.0,1.0,1.0,39.0,32.0,-0.0030632107251067353,-0.0017650185808415486,32768.0,0.5,6400000.0
1.0,32.0,2.0,1.0,1.0,1.0,39.0,32.0,-0.0030632107251067353,-0.0017650185808415486,8192.0,8.0,6400000.0
32.0,32.0,4.0,9.0,435.0,319.0,13285.0,46944.0,0.49906743489628524,0.5057869023486696,0.5,2.0,6400000.0
1.0,32.0,4.0,1.0,1.0,1.0,63.0,32.0,-0.0030632107251067353,-0.0017650185808415486,0.0,4096.0,6400000.0
1.0,1.0,4.0,1.0,1.0,1.0,63.0,32.0,-0.0030632107251067353,-0.0017650185808415486,0.015625,128.0,6400000.0
1.0,32.0,4.0,1.0,1.0,1.0,63.0,32.0,-0.0030632107251067353,-0.0017650185808415486,0.000976562,32768.0,6400000.0
8.0,32.0,4.0,2.0,22.0,16.0,724.0,1536.0,0.184803559555608,0.19082719424152972,0.000976562,32.0,6400000.0
27.0,32.0,4.0,9.0,182.0,137.0,5741.0,18464.0,0.39629112021669155,0.40252478152262305,0.0,4.0,6400000.0
32.0,32.0,4.0,9.0,732.0,497.0,22423.0,75424.0,0.5025091984245245,0.5066515179079909,0.00195312,0.25,6400000.0
1.0,32.0,4.0,1.0,1.0,1.0,63.0,32.0,-0.0030632107251067353,-0.0017650185808415486,0.00195312,256.0,6400000.0
32.0,32.0,4.0,9.0,807.0,507.0,23834.0,77024.0,0.49836309075825636,0.5038375296882853,0.000976562,0.03125,6400000.0
32.0,32.0,4.0,9.0,803.0,505.0,23642.0,76704.0,0.5037878894640309,0.5115468464476334,0.00390625,0.00195312,6400000.0
1.0,32.0,2.0,1.0,1.0,1.0,39.0,32.0,-0.0030632107251067353,-0.0017650185808415486,256.0,512.0,6400000.0
1.0,32.0,2.0,1.0,1.0,1.0,39.0,32.0,-0.0030632107251067353,-0.0017650185808415486,512.0,4.0,6400000.0
1.0,32.0,4.0,1.0,1.0,1.0,63.0,32.0,-0.0030632107251067353,-0.0017650185808415486,0.5,2048.0,6400000.0
1.0,32.0,2.0,1.0,1.0,1.0,39.0,32.0,-0.0030632107251067353,-0.0017650185808415486,256.0,0.5,6400000.0
1.0,32.0,4.0,1.0,1.0,1.0,63.0,32.0,-0.0030632107251067353,-0.0017650185808415486,0.00390625,2048.0,6400000.0
32.0,32.0,4.0,9.0,398.0,292.0,12288.0,42624.0,0.4784991544782171,0.49599062265383587,0.00390625,2.0,6400000.0
32.0,32.0,4.0,9.0,808.0,508.0,23868.0,77184.0,0.5038442301240018,0.5094584436526747,0.0078125,0.015625,6400000.0
1.0,32.0,2.0,1.0,1.0,1.0,39.0,32.0,-0.0030632107251067353,-0.0017650185808415486,512.0,0.00390625,6400000.0
32.0,32.0,4.0,9.0,794.0,503.0,23628.0,76384.0,0.5095382811888018,0.5099031745562489,1.0,0.015625,6400000.0
1.0,32.0,2.0,1.0,1.0,1.0,39.0,32.0,-0.0030632107251067353,-0.0017650185808415486,512.0,4096.0,6400000.0
11.0,32.0,4.0,3.0,35.0,26.0,1119.0,2752.0,0.23801654357424562,0.2440154241847443,0.0078125,16.0,6400000.0
32.0,32.0,4.0,9.0,780.0,508.0,23395.0,77184.0,0.5029145785112129,0.5050446477817154,0.015625,0.125,6400000.0
1.0,32.0,2.0,1.0,1.0,1.0,39.0,32.0,-0.0030632107251067353,-0.0017650185808415486,1024.0,32.0,6400000.0
1.0,32.0,4.0,1.0,1.0,1.0,63.0,32.0,-0.0030632107251067353,-0.0017650185808415486,0.0078125,16384.0,6400000.0
1.0,32.0,2.0,1.0,1.0,1.0,39.0,32.0,-0.0030632107251067353,-0.0017650185808415486,1024.0,32768.0,6400000.0
1.0,32.0,2.0,1.0,1.0,1.0,39.0,32.0,-0.0030632107251067353,-0.0017650185808415486,1024.0,0.03125,6400000.0
32.0,32.0,4.0,9.0,590.0,428.0,18258.0,64384.0,0.503527017525659,0.5183358093986379,0.03125,1.0,6400000.0
32.0,32.0,4.0,9.0,812.0,506.0,23950.0,76864.0,0.5125393176965143,0.5167718045218961,0.0625,0.0078125,6400000.0
1.0,1.0,4.0,1.0,1.0,1.0,63.0,32.0,-0.0030632107251067353,-0.0017650185808415486,0.0078125,32768.0,6400000.0
1.0,32.0,4.0,1.0,1.0,1.0,63.0,32.0,-0.0030632107251067353,-0.0017650185808415486,0.03125,1024.0,6400000.0
1.0,1.0,4.0,7.0,31.0,16.0,935.0,2432.0,0.06453061417624306,0.06820844800405634,0.03125,0.000976562,6400000.0
1.0,32.0,4.0,1.0,1.0,1.0,63.0,32.0,-0.0030632107251067353,-0.0017650185808415486,0.015625,128.0,6400000.0
32.0,32.0,4.0,9.0,803.0,505.0,23642.0,76704.0,0.5037878894640309,0.5115468464476334,0.03125,0.000976562,6400000.0
16.0,32.0,4.0,3.0,67.0,47.0,2020.0,5472.0,0.28428173420704106,0.29213228260301216,0.0625,8.0,6400000.0
1.0,32.0,4.0,1.0,1.0,1.0,63.0,32.0,-0.0030632107251067353,-0.0017650185808415486,0.0625,8192.0,6400000.0
1.0,32.0,2.0,1.0,1.0,1.0,39.0,32.0,-0.0030632107251067353,-0.0017650185808415486,4096.0,2048.0,6400000.0
1.0,32.0,2.0,1.0,1.0,1.0,39.0,32.0,-0.0030632107251067353,-0.0017650185808415486,2048.0,0.25,6400000.0
1.0,32.0,2.0,1.0,1.0,1.0,39.0,32.0,-0.0030632107251067353,-0.0017650185808415486,4096.0,2.0,6400000.0
1.0,32.0,2.0,1.0,1.0,1.0,39.0,32.0,-0.0030632107251067353,-0.0017650185808415486,2048.0,256.0,6400000.0
32.0,32.0,4.0,9.0,801.0,508.0,23610.0,77184.0,0.5055649789604595,0.5091995996314713,0.125,0.0625,6400000.0
3.0,32.0,4.0,2.0,9.0,6.0,335.0,576.0,0.10115259004895938,0.10346957106453547,0.125,64.0,6400000.0
32.0,32.0,4.0,9.0,699.0,483.0,21411.0,73184.0,0.5303565160473662,0.532519866842655,0.25,0.5,6400000.0
1.0,32.0,2.0,1.0,1.0,1.0,39.0,32.0,-0.0030632107251067353,-0.0017650185808415486,4096.0,0.00195312,6400000.0
1.0,32.0,2.0,1.0,1.0,1.0,39.0,32.0,-0.0030632107251067353,-0.0017650185808415486,8192.0,0.015625,6400000.0
1.0,32.0,2.0,1.0,1.0,1.0,39.0,32.0,-0.0030632107251067353,-0.0017650185808415486,16384.0,0.125,6400000.0
1.0,32.0,4.0,1.0,1.0,1.0,63.0,32.0,-0.0030632107251067353,-0.0017650185808415486,0.25,512.0,6400000.0
1.0,1.0,4.0,6.0,26.0,14.0,760.0,2112.0,0.0636058133035663,0.0673808602609266,0.03125,1.0,6400000.0
32.0,32.0,4.0,9.0,822.0,507.0,24113.0,77024.0,0.507393516393875,0.5092219326496861,0.25,0.0,6400000.0
1.0,32.0,2.0,1.0,1.0,1.0,39.0,32.0,-0.0030632107251067353,-0.0017650185808415486,32768.0,1024.0,6400000.0
1.0,32.0,2.0,1.0,1.0,1.0,39.0,32.0,-0.0030632107251067353,-0.0017650185808415486,8192.0,16384.0,6400000.0
1.0,32.0,2.0,1.0,1.0,1.0,39.0,32.0,-0.0030632107251067353,-0.0017650185808415486,16384.0,128.0,6400000.0
1.0,32.0,2.0,1.0,1.0,1.0,39.0,32.0,-0.0030632107251067353,-0.0017650185808415486,32768.0,0.000976562,6400000.0
1.0,32.0,2.0,1.0,1.0,1.0,39.0,32.0,-0.0030632107251067353,-0.0017650185808415486,256.0,0.000976562,6400000.0
1.0,1.0,1.0,2.0,3.0,2.0,108.0,192.0,0.03911015413878083,0.040912063041146696,0.03125,0.0,6400000.0
32.0,32.0,4.0,9.0,812.0,506.0,23950.0,76864.0,0.5125393176965143,0.5167718045218961,0.0,0.0078125,6400000.0
1.0,32.0,2.0,1.0,1.0,1.0,39.0,32.0,-0.0030632107251067353,-0.0017650185808415486,8192.0,16.0,6400000.0
23.0,32.0,4.0,8.0,191.0,141.0,6004.0,19616.0,0.40068438400649886,0.4112807495713583,0.5,4.0,6400000.0
1.0,1.0,4.0,7.0,31.0,16.0,935.0,2432.0,0.06453061417624306,0.06820844800405634,0.015625,0.25,6400000.0
32.0,32.0,4.0,9.0,821.0,507.0,24302.0,77024.0,0.5025823114546871,0.504431938444792,0.5,0.00390625,6400000.0
3.0,32.0,4.0,2.0,9.0,6.0,335.0,576.0,0.10115259004895938,0.10346957106453547,0.000976562,64.0,6400000.0
32.0,32.0,4.0,9.0,820.0,507.0,23919.0,77024.0,0.4986696289486522,0.5033504042039986,0.00195312,0.0,6400000.0
32.0,32.0,4.0,9.0,692.0,485.0,21264.0,73504.0,0.5099662652531736,0.5138192092495585,0.00195312,0.5,6400000.0
1.0,1.0,4.0,1.0,1.0,1.0,63.0,32.0,-0.0030632107251067353,-0.0017650185808415486,0.015625,256.0,6400000.0
16.0,32.0,4.0,3.0,67.0,47.0,2020.0,5472.0,0.28428173420704106,0.29213228260301216,0.0,8.0,6400000.0
1.0,32.0,4.0,1.0,1.0,1.0,63.0,32.0,-0.0030632107251067353,-0.0017650185808415486,0.00195312,512.0,6400000.0
32.0,32.0,4.0,9.0,803.0,505.0,23642.0,76704.0,0.5037878894640309,0.5115468464476334,0.00390625,0.00390625,6400000.0
1.0,32.0,2.0,1.0,1.0,1.0,39.0,32.0,-0.0030632107251067353,-0.0017650185808415486,32768.0,1.0,6400000.0
1.0,32.0,4.0,1.0,1.0,1.0,63.0,32.0,-0.0030632107251067353,-0.0017650185808415486,0.0,8192.0,6400000.0
1.0,32.0,2.0,1.0,1.0,1.0,39.0,32.0,-0.0030632107251067353,-0.0017650185808415486,256.0,1024.0,6400000.0
32.0,32.0,4.0,9.0,796.0,506.0,23717.0,76864.0,0.5086686015671944,0.5099183421795334,0.000976562,0.0625,6400000.0
1.0,32.0,4.0,1.0,1.0,1.0,63.0,32.0,-0.0030632107251067353,-0.0017650185808415486,0.5,4096.0,6400000.0
1.0,32.0,2.0,1.0,1.0,1.0,39.0,32.0,-0.0030632107251067353,-0.0017650185808415486,512.0,8.0,6400000.0
1.0,32.0,4.0,1.0,1.0,1.0,63.0,32.0,-0.0030632107251067353,-0.0017650185808415486,0.00390625,4096.0,6400000.0
27.0,32.0,4.0,9.0,182.0,137.0,5741.0,18464.0,0.39629112021669155,0.40252478152262305,0.00390625,4.0,6400000.0
1.0,32.0,2.0,1.0,1.0,1.0,39.0,32.0,-0.0030632107251067353,-0.0017650185808415486,256.0,1.0,6400000.0
32.0,32.0,4.0,9.0,807.0,507.0,23834.0,77024.0,0.49836309075825636,0.5038375296882853,0.0078125,0.03125,6400000.0
32.0,32.0,4.0,9.0,813.0,506.0,23951.0,76864.0,0.5130307466374543,0.5171818676315415,1.0,0.03125,6400000.0
1.0,32.0,2.0,1.0,1.0,1.0,39.0,32.0,-0.0030632107251067353,-0.0017650185808415486,512.0,0.0078125,6400000.0
1.0,32.0,2.0,1.0,1.0,1.0,39.0,32.0,-0.0030632107251067353,-0.0017650185808415486,512.0,8192.0,6400000.0
1.0,32.0,4.0,1.0,1.0,1.0,63.0,32.0,-0.0030632107251067353,-0.0017650185808415486,0.0078125,32768.0,6400000.0
32.0,32.0,4.0,9.0,732.0,497.0,22423.0,75424.0,0.5025091984245245,0.5066515179079909,0.015625,0.25,6400000.0
1.0,32.0,2.0,1.0,1.0,1.0,39.0,32.0,-0.0030632107251067353,-0.0017650185808415486,1024.0,64.0,6400000.0
8.0,32.0,4.0,2.0,22.0,16.0,724.0,1536.0,0.184803559555608,0.19082719424152972,0.0078125,32.0,6400000.0
1.0,32.0,2.0,1.0,1.0,1.0,39.0,32.0,-0.0030632107251067353,-0.0017650185808415486,2048.0,0.0,6400000.0
1.0,32.0,2.0,1.0,1.0,1.0,39.0,32.0,-0.0030632107251067353,-0.0017650185808415486,1024.0,0.0625,6400000.0
32.0,32.0,4.0,9.0,398.0,292.0,12288.0,42624.0,0.4784991544782171,0.49599062265383587,0.03125,2.0,6400000.0
32.0,32.0,4.0,9.0,808.0,508.0,23868.0,77184.0,0.5038442301240018,0.5094584436526747,0.0625,0.015625,6400000.0
1.0,32.0,4.0,1.0,1.0,1.0,63.0,32.0,-0.0030632107251067353,-0.0017650185808415486,0.03125,2048.0,6400000.0
1.0,1.0,4.0,7.0,31.0,16.0,935.0,2432.0,0.06453061417624306,0.06820844800405634,0.03125,0.00195312,6400000.0
1.0,32.0,4.0,1.0,1.0,1.0,63.0,32.0,-0.0030632107251067353,-0.0017650185808415486,0.015625,256.0,6400000.0
32.0,32.0,4.0,9.0,803.0,505.0,23642.0,76704.0,0.5037878894640309,0.5115468464476334,0.03125,0.00195312,6400000.0
1.0,1.0,4.0,7.0,31.0,16.0,935.0,2432.0,0.06453061417624306,0.06820844800405634,0.015625,0.0,6400000.0
11.0,32.0,4.0,3.0,35.0,26.0,1119.0,2752.0,0.23801654357424562,0.2440154241847443,0.0625,16.0,6400000.0
1.0,32.0,4.0,1.0,1.0,1.0,63.0,32.0,-0.0030632107251067353,-0.0017650185808415486,0.0625,16384.0,6400000.0
1.0,32.0,2.0,1.0,1.0,1.0,39.0,32.0,-0.0030632107251067353,-0.0017650185808415486,4096.0,4096.0,6400000.0
1.0,32.0,2.0,1.0,1.0,1.0,39.0,32.0,-0.0030632107251067353,-0.0017650185808415486,2048.0,0.5,6400000.0
32.0,32.0,4.0,9.0,771.0,503.0,23244.0,76384.0,0.5069937161786033,0.5070426865677486,0.125,0.125,6400000.0
1.0,32.0,2.0,1.0,1.0,1.0,39.0,32.0,-0.0030632107251067353,-0.0017650185808415486,8192.0,0.03125,6400000.0
1.0,32.0,2.0,1.0,1.0,1.0,39.0,32.0,-0.0030632107251067353,-0.0017650185808415486,2048.0,512.0,6400000.0
1.0,32.0,2.0,1.0,1.0,1.0,39.0,32.0,-0.0030632107251067353,-0.0017650185808415486,4096.0,4.0,6400000.0
32.0,32.0,4.0,9.0,599.0,428.0,18294.0,64384.0,0.5182650594087811,0.5311189719489,0.25,1.0,6400000.0
1.0,32.0,2.0,1.0,1.0,1.0,39.0,32.0,-0.0030632107251067353,-0.0017650185808415486,4096.0,0.00390625,6400000.0
1.0,32.0,4.0,1.0,1.0,1.0,63.0,32.0,-0.0030632107251067353,-0.0017650185808415486,0.125,128.0,6400000.0
1.0,1.0,4.0,6.0,26.0,14.0,760.0,2112.0,0.0636058133035663,0.0673808602609266,0.03125,2.0,6400000.0
1.0,32.0,2.0,1.0,1.0,1.0,39.0,32.0,-0.0030632107251067353,-0.0017650185808415486,16384.0,0.25,6400000.0
1.0,32.0,4.0,1.0,1.0,1.0,63.0,32.0,-0.0030632107251067353,-0.0017650185808415486,0.25,1024.0,6400000.0
1.0,32.0,2.0,1.0,1.0,1.0,39.0,32.0,-0.0030632107251067353,-0.0017650185808415486,8192.0,32768.0,6400000.0
32.0,32.0,4.0,9.0,822.0,507.0,24113.0,77024.0,0.507393516393875,0.5092219326496861,0.25,0.000976562,6400000.0
1.0,32.0,2.0,1.0,1.0,1.0,39.0,32.0,-0.0030632107251067353,-0.0017650185808415486,32768.0,0.00195312,6400000.0
1.0,32.0,2.0,1.0,1.0,1.0,39.0,32.0,-0.0030632107251067353,-0.0017650185808415486,16384.0,256.0,6400000.0
1.0,32.0,2.0,1.0,1.0,1.0,39.0,32.0,-0.0030632107251067353,-0.0017650185808415486,32768.0,2048.0,6400000.0
16.0,32.0,4.0,3.0,67.0,47.0,2020.0,5472.0,0.28428173420704106,0.29213228260301216,0.5,8.0,6400000.0
1.0,32.0,2.0,1.0,1.0,1.0,39.0,32.0,-0.0030632107251067353,-0.0017650185808415486,256.0,0.00195312,6400000.0
1.0,32.0,2.0,1.0,1.0,1.0,39.0,32.0,-0.0030632107251067353,-0.0017650185808415486,8192.0,32.0,6400000.0
1.0,1.0,1.0,2.0,3.0,2.0,108.0,192.0,0.03911015413878083,0.040912063041146696,0.03125,0.000976562,6400000.0
32.0,32.0,4.0,9.0,612.0,444.0,19042.0,66944.0,0.5167818838279226,0.528646046483651,0.00195312,1.0,6400000.0
32.0,32.0,4.0,9.0,808.0,508.0,23868.0,77184.0,0.5038442301240018,0.5094584436526747,0.0,0.015625,6400000.0
1.0,1.0,4.0,7.0,31.0,16.0,935.0,2432.0,0.06453061417624306,0.06820844800405634,0.015625,0.5,6400000.0
32.0,32.0,4.0,9.0,803.0,505.0,23642.0,76704.0,0.5037878894640309,0.5115468464476334,0.00195312,0.000976562,6400000.0
1.0,1.0,4.0,1.0,1.0,1.0,63.0,32.0,-0.0030632107251067353,-0.0017650185808415486,0.015625,512.0,6400000.0
1.0,32.0,4.0,1.0,1.0,1.0,63.0,32.0,-0.0030632107251067353,-0.0017650185808415486,0.000976562,128.0,6400000.0
11.0,32.0,4.0,3.0,35.0,26.0,1119.0,2752.0,0.23801654357424562,0.2440154241847443,0.0,16.0,6400000.0
32.0,32.0,4.0,9.0,822.0,508.0,24340.0,77184.0,0.5024324846830397,0.5047437156575443,0.5,0.0078125,6400000.0
1.0,32.0,4.0,1.0,1.0,1.0,63.0,32.0,-0.0030632107251067353,-0.0017650185808415486,0.00195312,1024.0,6400000.0
1.0,32.0,4.0,1.0,1.0,1.0,63.0,32.0,-0.0030632107251067353,-0.0017650185808415486,0.0,16384.0,6400000.0
1.0,32.0,2.0,1.0,1.0,1.0,39.0,32.0,-0.0030632107251067353,-0.0017650185808415486,32768.0,2.0,6400000.0
32.0,32.0,4.0,9.0,812.0,506.0,23950.0,76864.0,0.5125393176965143,0.5167718045218961,0.00390625,0.0078125,6400000.0
1.0,32.0,2.0,1.0,1.0,1.0,39.0,32.0,-0.0030632107251067353,-0.0017650185808415486,256.0,2048.0,6400000.0
1.0,32.0,4.0,1.0,1.0,1.0,63.0,32.0,-0.0030632107251067353,-0.0017650185808415486,0.5,8192.0,6400000.0
32.0,32.0,4.0,9.0,780.0,508.0,23395.0,77184.0,0.5029145785112129,0.5050446477817154,0.000976562,0.125,6400000.0
16.0,32.0,4.0,3.0,67.0,47.0,2020.0,5472.0,0.28428173420704106,0.29213228260301216,0.00390625,8.0,6400000.0
1.0,32.0,2.0,1.0,1.0,1.0,39.0,32.0,-0.0030632107251067353,-0.0017650185808415486,512.0,16.0,6400000.0
1.0,32.0,4.0,1.0,1.0,1.0,63.0,32.0,-0.0030632107251067353,-0.0017650185808415486,0.00390625,8192.0,6400000.0
1.0,32.0,2.0,1.0,1.0,1.0,39.0,32.0,-0.0030632107251067353,-0.0017650185808415486,256.0,2.0,6400000.0
32.0,32.0,4.0,9.0,796.0,506.0,23717.0,76864.0,0.5086686015671944,0.5099183421795334,0.0078125,0.0625,6400000.0
1.0,32.0,2.0,1.0,1.0,1.0,39.0,32.0,-0.0030632107251067353,-0.0017650185808415486,512.0,0.015625,6400000.0
32.0,32.0,4.0,9.0,801.0,506.0,23846.0,76864.0,0.5107788987418955,0.5108828475085044,1.0,0.0625,6400000.0
1.0,32.0,2.0,1.0,1.0,1.0,39.0,32.0,-0.0030632107251067353,-0.0017650185808415486,512.0,16384.0,6400000.0
32.0,32.0,4.0,9.0,820.0,507.0,23919.0,77024.0,0.4986696289486522,0.5033504042039986,0.015625,0.0,6400000.0
1.0,32.0,2.0,1.0,1.0,1.0,39.0,32.0,-0.0030632107251067353,-0.0017650185808415486,1024.0,128.0,6400000.0
3.0,32.0,4.0,2.0,9.0,6.0,335.0,576.0,0.10115259004895938,0.10346957106453547,0.0078125,64.0,6400000.0
1.0,32.0,2.0,1.0,1.0,1.0,39.0,32.0,-0.0030632107251067353,-0.0017650185808415486,1024.0,0.125,6400000.0
1.0,32.0,2.0,1.0,1.0,1.0,39.0,32.0,-0.0030632107251067353,-0.0017650185808415486,2048.0,0.000976562,6400000.0
32.0,32.0,4.0,9.0,692.0,485.0,21264.0,73504.0,0.5099662652531736,0.5138192092495585,0.015625,0.5,6400000.0
1.0,32.0,4.0,1.0,1.0,1.0,63.0,32.0,-0.0030632107251067353,-0.0017650185808415486,0.03125,4096.0,6400000.0
27.0,32.0,4.0,9.0,182.0,137.0,5741.0,18464.0,0.39629112021669155,0.40252478152262305,0.03125,4.0,6400000.0
32.0,32.0,4.0,9.0,807.0,507.0,23834.0,77024.0,0.49836309075825636,0.5038375296882853,0.0625,0.03125,6400000.0
1.0,1.0,4.0,7.0,31.0,16.0,935.0,2432.0,0.06453061417624306,0.06820844800405634,0.03125,0.00390625,6400000.0
1.0,32.0,4.0,1.0,1.0,1.0,63.0,32.0,-0.0030632107251067353,-0.0017650185808415486,0.015625,512.0,6400000.0
32.0,32.0,4.0,9.0,803.0,505.0,23642.0,76704.0,0.5037878894640309,0.5115468464476334,0.03125,0.00390625,6400000.0
1.0,1.0,4.0,7.0,31.0,16.0,935.0,2432.0,0.06453061417624306,0.06820844800405634,0.015625,0.000976562,6400000.0
8.0,32.0,4.0,2.0,22.0,16.0,724.0,1536.0,0.184803559555608,0.19082719424152972,0.0625,32.0,6400000.0
1.0,32.0,4.0,1.0,1.0,1.0,63.0,32.0,-0.0030632107251067353,-0.0017650185808415486,0.0625,32768.0,6400000.0
1.0,32.0,2.0,1.0,1.0,1.0,39.0,32.0,-0.0030632107251067353,-0.0017650185808415486,2048.0,1.0,6400000.0
1.0,32.0,2.0,1.0,1.0,1.0,39.0,32.0,-0.0030632107251067353,-0.0017650185808415486,4096.0,8192.0,6400000.0
1.0,32.0,2.0,1.0,1.0,1.0,39.0,32.0,-0.0030632107251067353,-0.0017650185808415486,2048.0,1024.0,6400000.0
32.0,32.0,4.0,9.0,740.0,499.0,22575.0,75744.0,0.5125285450418313,0.5129259601324474,0.125,0.25,6400000.0
1.0,32.0,2.0,1.0,1.0,1.0,39.0,32.0,-0.0030632107251067353,-0.0017650185808415486,4096.0,8.0,6400000.0
1.0,32.0,2.0,1.0,1.0,1.0,39.0,32.0,-0.0030632107251067353,-0.0017650185808415486,8192.0,0.0625,6400000.0
1.0,32.0,2.0,1.0,1.0,1.0,39.0,32.0,-0.0030632107251067353,-0.0017650185808415486,4096.0,0.0078125,6400000.0
29.0,32.0,4.0,9.0,367.0,269.0,11179.0,39328.0,0.46166356012270027,0.47247850340434716,0.25,2.0,6400000.0
1.0,1.0,4.0,4.0,13.0,7.0,410.0,992.0,0.057805003399450605,0.060993872308649943,0.03125,4.0,6400000.0
1.0,32.0,2.0,1.0,1.0,1.0,39.0,32.0,-0.0030632107251067353,-0.0017650185808415486,16384.0,0.0,6400000.0
1.0,32.0,4.0,1.0,1.0,1.0,63.0,32.0,-0.0030632107251067353,-0.0017650185808415486,0.125,256.0,6400000.0
1.0,32.0,2.0,1.0,1.0,1.0,39.0,32.0,-0.0030632107251067353,-0.0017650185808415486,16384.0,0.5,6400000.0
32.0,32.0,4.0,9.0,810.0,505.0,23974.0,76704.0,0.5124904757462124,0.5065394002361483,0.25,0.00195312,6400000.0
1.0,32.0,4.0,1.0,1.0,1.0,63.0,32.0,-0.0030632107251067353,-0.0017650185808415486,0.25,2048.0,6400000.0
1.0,32.0,2.0,1.0,1.0,1.0,39.0,32.0,-0.0030632107251067353,-0.0017650185808415486,16384.0,512.0,6400000.0
1.0,32.0,2.0,1.0,1.0,1.0,39.0,32.0,-0.0030632107251067353,-0.0017650185808415486,32768.0,4096.0,6400000.0
1.0,32.0,2.0,1.0,1.0,1.0,39.0,32.0,-0.0030632107251067353,-0.0017650185808415486,32768.0,0.00390625,6400000.0
32.0,32.0,4.0,9.0,807.0,507.0,23834.0,77024.0,0.49836309075825636,0.5038375296882853,0.0,0.03125,6400000.0
1.0,32.0,2.0,1.0,1.0,1.0,39.0,32.0,-0.0030632107251067353,-0.0017650185808415486,256.0,0.00390625,6400000.0
32.0,32.0,4.0,9.0,818.0,504.0,24089.0,76544.0,0.5102827903835387,0.5127643044522137,0.5,0.015625,6400000.0
32.0,32.0,4.0,9.0,398.0,292.0,12288.0,42624.0,0.4784991544782171,0.49599062265383587,0.00195312,2.0,6400000.0
1.0,32.0,4.0,1.0,1.0,1.0,63.0,32.0,-0.0030632107251067353,-0.0017650185808415486,0.000976562,256.0,6400000.0
32.0,32.0,4.0,9.0,803.0,505.0,23642.0,76704.0,0.5037878894640309,0.5115468464476334,0.00195312,0.00195312,6400000.0
11.0,32.0,4.0,3.0,35.0,26.0,1119.0,2752.0,0.23801654357424562,0.2440154241847443,0.5,16.0,6400000.0
1.0,1.0,4.0,7.0,28.0,15.0,835.0,2272.0,0.06413365518102998,0.06769915626143252,0.015625,1.0,6400000.0
1.0,32.0,2.0,1.0,1.0,1.0,39.0,32.0,-0.0030632107251067353,-0.0017650185808415486,8192.0,64.0,6400000.0
1.0,1.0,1.0,2.0,3.0,2.0,108.0,192.0,0.03911015413878083,0.040912063041146696,0.03125,0.00195312,6400000.0
1.0,1.0,4.0,1.0,1.0,1.0,63.0,32.0,-0.0030632107251067353,-0.0017650185808415486,0.015625,1024.0,6400000.0
32.0,32.0,4.0,9.0,732.0,497.0,22423.0,75424.0,0.5025091984245245,0.5066515179079909,0.000976562,0.25,6400000.0
8.0,32.0,4.0,2.0,22.0,16.0,724.0,1536.0,0.184803559555608,0.19082719424152972,0.0,32.0,6400000.0
1.0,32.0,2.0,1.0,1.0,1.0,39.0,32.0,-0.0030632107251067353,-0.0017650185808415486,32768.0,4.0,6400000.0
1.0,32.0,4.0,1.0,1.0,1.0,63.0,32.0,-0.0030632107251067353,-0.0017650185808415486,0.0,32768.0,6400000.0
1.0,32.0,2.0,1.0,1.0,1.0,39.0,32.0,-0.0030632107251067353,-0.0017650185808415486,256.0,4096.0,6400000.0
1.0,32.0,4.0,1.0,1.0,1.0,63.0,32.0,-0.0030632107251067353,-0.0017650185808415486,0.00195312,2048.0,6400000.0
32.0,32.0,4.0,9.0,808.0,508.0,23868.0,77184.0,0.5038442301240018,0.5094584436526747,0.00390625,0.015625,6400000.0
1.0,32.0,4.0,1.0,1.0,1.0,63.0,32.0,-0.0030632107251067353,-0.0017650185808415486,0.5,16384.0,6400000.0
1.0,32.0,2.0,1.0,1.0,1.0,39.0,32.0,-0.0030632107251067353,-0.0017650185808415486,512.0,32.0,6400000.0
11.0,32.0,4.0,3.0,35.0,26.0,1119.0,2752.0,0.23801654357424562,0.2440154241847443,0.00390625,16.0,6400000.0
1.0,32.0,4.0,1.0,1.0,1.0,63.0,32.0,-0.0030632107251067353,-0.0017650185808415486,0.00390625,16384.0,6400000.0
1.0,32.0,2.0,1.0,1.0,1.0,39.0,32.0,-0.0030632107251067353,-0.0017650185808415486,512.0,0.03125,6400000.0
32.0,32.0,4.0,9.0,780.0,508.0,23395.0,77184.0,0.5029145785112129,0.5050446477817154,0.0078125,0.125,6400000.0
32.0,32.0,4.0,9.0,783.0,501.0,23089.0,76064.0,0.5140270785200975,0.512031652933463,1.0,0.125,6400000.0
1.0,32.0,2.0,1.0,1.0,1.0,39.0,32.0,-0.0030632107251067353,-0.0017650185808415486,256.0,4.0,6400000.0
1.0,32.0,2.0,1.0,1.0,1.0,39.0,32.0,-0.0030632107251067353,-0.0017650185808415486,1024.0,256.0,6400000.0
1.0,32.0,2.0,1.0,1.0,1.0,39.0,32.0,-0.0030632107251067353,-0.0017650185808415486,512.0,32768.0,6400000.0
32.0,32.0,4.0,9.0,803.0,505.0,23642.0,76704.0,0.5037878894640309,0.5115468464476334,0.015625,0.000976562,6400000.0
1.0,32.0,2.0,1.0,1.0,1.0,39.0,32.0,-0.0030632107251067353,-0.0017650185808415486,2048.0,0.00195312,6400000.0
1.0,32.0,4.0,1.0,1.0,1.0,63.0,32.0,-0.0030632107251067353,-0.0017650185808415486,0.0078125,128.0,6400000.0
1.0,32.0,2.0,1.0,1.0,1.0,39.0,32.0,-0.0030632107251067353,-0.0017650185808415486,1024.0,0.25,6400000.0
1.0,1.0,4.0,7.0,31.0,16.0,935.0,2432.0,0.06453061417624306,0.06820844800405634,0.03125,0.0078125,6400000.0
16.0,32.0,4.0,3.0,67.0,47.0,2020.0,5472.0,0.28428173420704106,0.29213228260301216,0.03125,8.0,6400000.0
1.0,32.0,4.0,1.0,1.0,1.0,63.0,32.0,-0.0030632107251067353,-0.0017650185808415486,0.015625,1024.0,6400000.0
32.0,32.0,4.0,9.0,812.0,506.0,23950.0,76864.0,0.5125393176965143,0.5167718045218961,0.03125,0.0078125,6400000.0
32.0,32.0,4.0,9.0,796.0,506.0,23717.0,76864.0,0.5086686015671944,0.5099183421795334,0.0625,0.0625,6400000.0
32.0,32.0,4.0,9.0,612.0,444.0,19042.0,66944.0,0.5167818838279226,0.528646046483651,0.015625,1.0,6400000.0
1.0,32.0,4.0,1.0,1.0,1.0,63.0,32.0,-0.0030632107251067353,-0.0017650185808415486,0.03125,8192.0,6400000.0
1.0,1.0,4.0,7.0,31.0,16.0,935.0,2432.0,0.06453061417624306,0.06820844800405634,0.015625,0.00195312,6400000.0
32.0,32.0,4.0,9.0,822.0,507.0,24113.0,77024.0,0.507393516393875,0.5092219326496861,0.125,0.0,6400000.0
3.0,32.0,4.0,2.0,9.0,6.0,335.0,576.0,0.10115259004895938,0.10346957106453547,0.0625,64.0,6400000.0
1.0,32.0,2.0,1.0,1.0,1.0,39.0,32.0,-0.0030632107251067353,-0.0017650185808415486,4096.0,16384.0,6400000.0
32.0,32.0,4.0,9.0,693.0,486.0,21485.0,73664.0,0.5140895772959297,0.5315123216020745,0.125,0.5,6400000.0
1.0,32.0,2.0,1.0,1.0,1.0,39.0,32.0,-0.0030632107251067353,-0.0017650185808415486,4096.0,0.015625,6400000.0
1.0,32.0,2.0,1.0,1.0,1.0,39.0,32.0,-0.0030632107251067353,-0.0017650185808415486,2048.0,2048.0,6400000.0
1.0,32.0,2.0,1.0,1.0,1.0,39.0,32.0,-0.0030632107251067353,-0.0017650185808415486,8192.0,0.125,6400000.0
1.0,32.0,2.0,1.0,1.0,1.0,39.0,32.0,-0.0030632107251067353,-0.0017650185808415486,2048.0,2.0,6400000.0
1.0,32.0,2.0,1.0,1.0,1.0,39.0,32.0,-0.0030632107251067353,-0.0017650185808415486,4096.0,16.0,6400000.0
21.0,32.0,4.0,8.0,161.0,120.0,5054.0,16512.0,0.37569441219205346,0.3831987737801994,0.25,4.0,6400000.0
32.0,32.0,4.0,9.0,810.0,505.0,23974.0,76704.0,0.5124904757462124,0.5065394002361483,0.25,0.00390625,6400000.0
1.0,32.0,2.0,1.0,1.0,1.0,39.0,32.0,-0.0030632107251067353,-0.0017650185808415486,16384.0,0.000976562,6400000.0
1.0,32.0,2.0,1.0,1.0,1.0,39.0,32.0,-0.0030632107251067353,-0.0017650185808415486,32768.0,0.0078125,6400000.0
1.0,32.0,4.0,1.0,1.0,1.0,63.0,32.0,-0.0030632107251067353,-0.0017650185808415486,0.25,4096.0,6400000.0
1.0,32.0,2.0,1.0,1.0,1.0,39.0,32.0,-0.0030632107251067353,-0.0017650185808415486,32768.0,8192.0,6400000.0
1.0,32.0,2.0,1.0,1.0,1.0,39.0,32.0,-0.0030632107251067353,-0.0017650185808415486,16384.0,1.0,6400000.0
1.0,32.0,4.0,1.0,1.0,1.0,63.0,32.0,-0.0030632107251067353,-0.0017650185808415486,0.125,512.0,6400000.0
1.0,32.0,2.0,1.0,1.0,1.0,39.0,32.0,-0.0030632107251067353,-0.0017650185808415486,16384.0,1024.0,6400000.0
1.0,1.0,4.0,3.0,5.0,3.0,194.0,352.0,0.048146068319603885,0.051476191507202285,0.03125,8.0,6400000.0
1.0,32.0,2.0,1.0,1.0,1.0,39.0,32.0,-0.0030632107251067353,-0.0017650185808415486,256.0,0.0078125,6400000.0
8.0,32.0,4.0,2.0,22.0,16.0,724.0,1536.0,0.184803559555608,0.19082719424152972,0.5,32.0,6400000.0
32.0,32.0,4.0,9.0,796.0,506.0,23717.0,76864.0,0.5086686015671944,0.5099183421795334,0.0,0.0625,6400000.0
3.0,32.0,4.0,2.0,9.0,6.0,335.0,576.0,0.10115259004895938,0.10346957106453547,0.0,64.0,6400000.0
32.0,32.0,4.0,9.0,814.0,509.0,23913.0,77344.0,0.5168241854550963,0.520280637501461,0.5,0.03125,6400000.0
32.0,32.0,4.0,9.0,803.0,505.0,23642.0,76704.0,0.5037878894640309,0.5115468464476334,0.00195312,0.00390625,6400000.0
1.0,32.0,4.0,1.0,1.0,1.0,63.0,32.0,-0.0030632107251067353,-0.0017650185808415486,0.000976562,512.0,6400000.0
1.0,32.0,2.0,1.0,1.0,1.0,39.0,32.0,-0.0030632107251067353,-0.0017650185808415486,8192.0,128.0,6400000.0
1.0,1.0,4.0,6.0,26.0,14.0,760.0,2112.0,0.0636058133035663,0.0673808602609266,0.015625,2.0,6400000.0
32.0,32.0,4.0,9.0,820.0,507.0,23919.0,77024.0,0.4986696289486522,0.5033504042039986,0.000976562,0.0,6400000.0
1.0,32.0,2.0,1.0,1.0,1.0,39.0,32.0,-0.0030632107251067353,-0.0017650185808415486,32768.0,8.0,6400000.0
1.0,1.0,1.0,2.0,3.0,2.0,108.0,192.0,0.03911015413878083,0.040912063041146696,0.03125,0.00390625,6400000.0
1.0,1.0,4.0,1.0,1.0,1.0,63.0,32.0,-0.0030632107251067353,-0.0017650185808415486,0.015625,2048.0,6400000.0
1.0,32.0,4.0,1.0,1.0,1.0,63.0,32.0,-0.0030632107251067353,-0.0017650185808415486,0.5,32768.0,6400000.0
1.0,32.0,4.0,1.0,1.0,1.0,63.0,32.0,-0.0030632107251067353,-0.0017650185808415486,0.00195312,4096.0,6400000.0
1.0,32.0,2.0,1.0,1.0,1.0,39.0,32.0,-0.0030632107251067353,-0.0017650185808415486,512.0,64.0,6400000.0
32.0,32.0,4.0,9.0,692.0,485.0,21264.0,73504.0,0.5099662652531736,0.5138192092495585,0.000976562,0.5,6400000.0
27.0,32.0,4.0,9.0,182.0,137.0,5741.0,18464.0,0.39629112021669155,0.40252478152262305,0.00195312,4.0,6400000.0
32.0,32.0,4.0,9.0,807.0,507.0,23834.0,77024.0,0.49836309075825636,0.5038375296882853,0.00390625,0.03125,6400000.0
1.0,32.0,2.0,1.0,1.0,1.0,39.0,32.0,-0.0030632107251067353,-0.0017650185808415486,256.0,8192.0,6400000.0
8.0,32.0,4.0,2.0,22.0,16.0,724.0,1536.0,0.184803559555608,0.19082719424152972,0.00390625,32.0,6400000.0
32.0,32.0,4.0,9.0,732.0,497.0,22423.0,75424.0,0.5025091984245245,0.5066515179079909,0.0078125,0.25,6400000.0
1.0,32.0,2.0,1.0,1.0,1.0,39.0,32.0,-0.0030632107251067353,-0.0017650185808415486,256.0,8.0,6400000.0
1.0,32.0,4.0,1.0,1.0,1.0,63.0,32.0,-0.0030632107251067353,-0.0017650185808415486,0.00390625,32768.0,6400000.0
32.0,32.0,4.0,9.0,754.0,503.0,22979.0,76384.0,0.511637467694203,0.5210767695856819,1.0,0.25,6400000.0
1.0,32.0,2.0,1.0,1.0,1.0,39.0,32.0,-0.0030632107251067353,-0.0017650185808415486,512.0,0.0625,6400000.0
1.0,32.0,2.0,1.0,1.0,1.0,39.0,32.0,-0.0030632107251067353,-0.0017650185808415486,1024.0,512.0,6400000.0
1.0,32.0,4.0,1.0,1.0,1.0,63.0,32.0,-0.0030632107251067353,-0.0017650185808415486,0.0078125,256.0,6400000.0
1.0,32.0,2.0,1.0,1.0,1.0,39.0,32.0,-0.0030632107251067353,-0.0017650185808415486,1024.0,0.5,6400000.0
32.0,32.0,4.0,9.0,803.0,505.0,23642.0,76704.0,0.5037878894640309,0.5115468464476334,0.015625,0.00195312,6400000.0
1.0,32.0,2.0,1.0,1.0,1.0,39.0,32.0,-0.0030632107251067353,-0.0017650185808415486,1024.0,0.0,6400000.0
1.0,32.0,2.0,1.0,1.0,1.0,39.0,32.0,-0.0030632107251067353,-0.0017650185808415486,2048.0,0.00390625,6400000.0
1.0,1.0,4.0,7.0,31.0,16.0,935.0,2432.0,0.06453061417624306,0.06820844800405634,0.03125,0.015625,6400000.0
1.0,32.0,4.0,1.0,1.0,1.0,63.0,32.0,-0.0030632107251067353,-0.0017650185808415486,0.015625,2048.0,6400000.0
32.0,32.0,4.0,9.0,398.0,292.0,12288.0,42624.0,0.4784991544782171,0.49599062265383587,0.015625,2.0,6400000.0
11.0,32.0,4.0,3.0,35.0,26.0,1119.0,2752.0,0.23801654357424562,0.2440154241847443,0.03125,16.0,6400000.0
32.0,32.0,4.0,9.0,808.0,508.0,23868.0,77184.0,0.5038442301240018,0.5094584436526747,0.03125,0.015625,6400000.0
32.0,32.0,4.0,9.0,780.0,508.0,23395.0,77184.0,0.5029145785112129,0.5050446477817154,0.0625,0.125,6400000.0
1.0,1.0,4.0,7.0,31.0,16.0,935.0,2432.0,0.06453061417624306,0.06820844800405634,0.015625,0.00390625,6400000.0
1.0,32.0,4.0,1.0,1.0,1.0,63.0,32.0,-0.0030632107251067353,-0.0017650185808415486,0.03125,16384.0,6400000.0
32.0,32.0,4.0,9.0,822.0,507.0,24113.0,77024.0,0.507393516393875,0.5092219326496861,0.125,0.000976562,6400000.0
1.0,32.0,4.0,1.0,1.0,1.0,63.0,32.0,-0.0030632107251067353,-0.0017650185808415486,0.0625,128.0,6400000.0
1.0,32.0,2.0,1.0,1.0,1.0,39.0,32.0,-0.0030632107251067353,-0.0017650185808415486,4096.0,32768.0,6400000.0
1.0,32.0,2.0,1.0,1.0,1.0,39.0,32.0,-0.0030632107251067353,-0.0017650185808415486,4096.0,0.03125,6400000.0
1.0,32.0,2.0,1.0,1.0,1.0,39.0,32.0,-0.0030632107251067353,-0.0017650185808415486,2048.0,4096.0,6400000.0
1.0,32.0,2.0,1.0,1.0,1.0,39.0,32.0,-0.0030632107251067353,-0.0017650185808415486,4096.0,32.0,6400000.0
1.0,32.0,2.0,1.0,1.0,1.0,39.0,32.0,-0.0030632107251067353,-0.0017650185808415486,2048.0,4.0,6400000.0
32.0,32.0,4.0,9.0,619.0,442.0,18994.0,66624.0,0.5280014844221745,0.5394273339384081,0.125,1.0,6400000.0
16.0,32.0,4.0,3.0,67.0,47.0,2020.0,5472.0,0.28428173420704106,0.29213228260301216,0.25,8.0,6400000.0
1.0,32.0,2.0,1.0,1.0,1.0,39.0,32.0,-0.0030632107251067353,-0.0017650185808415486,8192.0,0.25,6400000.0
32.0,32.0,4.0,9.0,813.0,505.0,24120.0,76704.0,0.5100766384487156,0.5041914375422513,0.25,0.0078125,6400000.0
1.0,32.0,2.0,1.0,1.0,1.0,39.0,32.0,-0.0030632107251067353,-0.0017650185808415486,16384.0,2.0,6400000.0
1.0,32.0,4.0,1.0,1.0,1.0,63.0,32.0,-0.0030632107251067353,-0.0017650185808415486,0.25,8192.0,6400000.0
1.0,32.0,4.0,1.0,1.0,1.0,63.0,32.0,-0.0030632107251067353,-0.0017650185808415486,0.125,1024.0,6400000.0
1.0,32.0,2.0,1.0,1.0,1.0,39.0,32.0,-0.0030632107251067353,-0.0017650185808415486,16384.0,0.00195312,6400000.0
1.0,32.0,2.0,1.0,1.0,1.0,39.0,32.0,-0.0030632107251067353,-0.0017650185808415486,32768.0,0.015625,6400000.0
1.0,32.0,2.0,1.0,1.0,1.0,39.0,32.0,-0.0030632107251067353,-0.0017650185808415486,32768.0,16384.0,6400000.0
1.0,1.0,4.0,3.0,5.0,3.0,194.0,352.0,0.048146068319603885,0.051476191507202285,0.03125,16.0,6400000.0
1.0,32.0,2.0,1.0,1.0,1.0,39.0,32.0,-0.0030632107251067353,-0.0017650185808415486,16384.0,2048.0,6400000.0
3.0,32.0,4.0,2.0,9.0,6.0,335.0,576.0,0.10115259004895938,0.10346957106453547,0.5,64.0,6400000.0
32.0,32.0,4.0,9.0,792.0,505.0,23726.0,76704.0,0.5066377962016575,0.5062927712422427,0.5,0.0625,6400000.0
32.0,32.0,4.0,9.0,812.0,506.0,23950.0,76864.0,0.5125393176965143,0.5167718045218961,0.00195312,0.0078125,6400000.0
32.0,32.0,4.0,9.0,780.0,508.0,23395.0,77184.0,0.5029145785112129,0.5050446477817154,0.0,0.125,6400000.0
32.0,32.0,4.0,9.0,803.0,505.0,23642.0,76704.0,0.5037878894640309,0.5115468464476334,0.000976562,0.000976562,6400000.0
1.0,32.0,2.0,1.0,1.0,1.0,39.0,32.0,-0.0030632107251067353,-0.0017650185808415486,256.0,0.015625,6400000.0
1.0,1.0,4.0,4.0,13.0,7.0,410.0,992.0,0.057805003399450605,0.060993872308649943,0.015625,4.0,6400000.0
1.0,32.0,2.0,1.0,1.0,1.0,39.0,32.0,-0.0030632107251067353,-0.0017650185808415486,8192.0,256.0,6400000.0
1.0,32.0,2.0,1.0,1.0,1.0,39.0,32.0,-0.0030632107251067353,-0.0017650185808415486,512.0,128.0,6400000.0
1.0,32.0,4.0,1.0,1.0,1.0,63.0,32.0,-0.0030632107251067353,-0.0017650185808415486,0.0,128.0,6400000.0
1.0,32.0,2.0,1.0,1.0,1.0,39.0,32.0,-0.0030632107251067353,-0.0017650185808415486,32768.0,16.0,6400000.0
1.0,32.0,4.0,1.0,1.0,1.0,63.0,32.0,-0.0030632107251067353,-0.0017650185808415486,0.000976562,1024.0,6400000.0
32.0,32.0,4.0,9.0,612.0,444.0,19042.0,66944.0,0.5167818838279226,0.528646046483651,0.000976562,1.0,6400000.0
1.0,1.0,1.0,2.0,3.0,2.0,108.0,192.0,0.03911015413878083,0.040912063041146696,0.03125,0.0078125,6400000.0
1.0,32.0,4.0,1.0,1.0,1.0,63.0,32.0,-0.0030632107251067353,-0.0017650185808415486,0.00195312,8192.0,6400000.0
32.0,32.0,4.0,9.0,817.0,508.0,24194.0,77184.0,0.5175167791062374,0.5165598881385234,1.0,0.0,6400000.0
1.0,1.0,4.0,1.0,1.0,1.0,63.0,32.0,-0.0030632107251067353,-0.0017650185808415486,0.015625,4096.0,6400000.0
1.0,32.0,2.0,1.0,1.0,1.0,39.0,32.0,-0.0030632107251067353,-0.0017650185808415486,256.0,16384.0,6400000.0
16.0,32.0,4.0,3.0,67.0,47.0,2020.0,5472.0,0.28428173420704106,0.29213228260301216,0.00195312,8.0,6400000.0
32.0,32.0,4.0,9.0,796.0,506.0,23717.0,76864.0,0.5086686015671944,0.5099183421795334,0.00390625,0.0625,6400000.0
3.0,32.0,4.0,2.0,9.0,6.0,335.0,576.0,0.10115259004895938,0.10346957106453547,0.00390625,64.0,6400000.0
32.0,32.0,4.0,9.0,692.0,485.0,21264.0,73504.0,0.5099662652531736,0.5138192092495585,0.0078125,0.5,6400000.0
1.0,32.0,2.0,1.0,1.0,1.0,39.0,32.0,-0.0030632107251067353,-0.0017650185808415486,256.0,16.0,6400000.0
1.0,32.0,2.0,1.0,1.0,1.0,39.0,32.0,-0.0030632107251067353,-0.0017650185808415486,512.0,0.125,6400000.0
32.0,32.0,4.0,9.0,698.0,483.0,21238.0,73184.0,0.5097346910178934,0.5168539509497809,1.0,0.5,6400000.0
1.0,32.0,2.0,1.0,1.0,1.0,39.0,32.0,-0.0030632107251067353,-0.0017650185808415486,1024.0,1024.0,6400000.0
32.0,32.0,4.0,9.0,820.0,507.0,23919.0,77024.0,0.4986696289486522,0.5033504042039986,0.0078125,0.0,6400000.0
1.0,32.0,2.0,1.0,1.0,1.0,39.0,32.0,-0.0030632107251067353,-0.0017650185808415486,1024.0,0.000976562,6400000.0
32.0,32.0,4.0,9.0,803.0,505.0,23642.0,76704.0,0.5037878894640309,0.5115468464476334,0.015625,0.00390625,6400000.0
1.0,32.0,2.0,1.0,1.0,1.0,39.0,32.0,-0.0030632107251067353,-0.0017650185808415486,2048.0,0.0078125,6400000.0
1.0,32.0,4.0,1.0,1.0,1.0,63.0,32.0,-0.0030632107251067353,-0.0017650185808415486,0.0078125,512.0,6400000.0
1.0,32.0,2.0,1.0,1.0,1.0,39.0,32.0,-0.0030632107251067353,-0.0017650185808415486,1024.0,1.0,6400000.0
27.0,32.0,4.0,9.0,182.0,137.0,5741.0,18464.0,0.39629112021669155,0.40252478152262305,0.015625,4.0,6400000.0
1.0,32.0,4.0,1.0,1.0,1.0,63.0,32.0,-0.0030632107251067353,-0.0017650185808415486,0.015625,4096.0,6400000.0
1.0,1.0,4.0,7.0,31.0,16.0,935.0,2432.0,0.06453061417624306,0.06820844800405634,0.03125,0.03125,6400000.0
32.0,32.0,4.0,9.0,807.0,507.0,23834.0,77024.0,0.49836309075825636,0.5038375296882853,0.03125,0.03125,6400000.0
8.0,32.0,4.0,2.0,22.0,16.0,724.0,1536.0,0.184803559555608,0.19082719424152972,0.03125,32.0,6400000.0
32.0,32.0,4.0,9.0,732.0,497.0,22423.0,75424.0,0.5025091984245245,0.5066515179079909,0.0625,0.25,6400000.0
1.0,1.0,4.0,7.0,31.0,16.0,935.0,2432.0,0.06453061417624306,0.06820844800405634,0.015625,0.0078125,6400000.0
32.0,32.0,4.0,9.0,810.0,505.0,23974.0,76704.0,0.5124904757462124,0.5065394002361483,0.125,0.00195312,6400000.0
1.0,32.0,4.0,1.0,1.0,1.0,63.0,32.0,-0.0030632107251067353,-0.0017650185808415486,0.03125,32768.0,6400000.0
1.0,32.0,4.0,1.0,1.0,1.0,63.0,32.0,-0.0030632107251067353,-0.0017650185808415486,0.0625,256.0,6400000.0
1.0,32.0,2.0,1.0,1.0,1.0,39.0,32.0,-0.0030632107251067353,-0.0017650185808415486,8192.0,0.0,6400000.0
1.0,32.0,2.0,1.0,1.0,1.0,39.0,32.0,-0.0030632107251067353,-0.0017650185808415486,4096.0,0.0625,6400000.0
1.0,32.0,2.0,1.0,1.0,1.0,39.0,32.0,-0.0030632107251067353,-0.0017650185808415486,4096.0,64.0,6400000.0
1.0,32.0,2.0,1.0,1.0,1.0,39.0,32.0,-0.0030632107251067353,-0.0017650185808415486,2048.0,8.0,6400000.0
1.0,32.0,2.0,1.0,1.0,1.0,39.0,32.0,-0.0030632107251067353,-0.0017650185808415486,8192.0,0.5,6400000.0
1.0,32.0,2.0,1.0,1.0,1.0,39.0,32.0,-0.0030632107251067353,-0.0017650185808415486,2048.0,8192.0,6400000.0
1.0,32.0,2.0,1.0,1.0,1.0,39.0,32.0,-0.0030632107251067353,-0.0017650185808415486,16384.0,0.00390625,6400000.0
32.0,32.0,4.0,9.0,398.0,292.0,12288.0,42624.0,0.4784991544782171,0.49599062265383587,0.125,2.0,6400000.0
1.0,32.0,2.0,1.0,1.0,1.0,39.0,32.0,-0.0030632107251067353,-0.0017650185808415486,32768.0,0.03125,6400000.0
32.0,32.0,4.0,9.0,800.0,505.0,23862.0,76704.0,0.5015132503484891,0.5005073049747257,0.25,0.015625,6400000.0
11.0,32.0,4.0,3.0,35.0,26.0,1119.0,2752.0,0.23801654357424562,0.2440154241847443,0.25,16.0,6400000.0
1.0,32.0,2.0,1.0,1.0,1.0,39.0,32.0,-0.0030632107251067353,-0.0017650185808415486,16384.0,4096.0,6400000.0
1.0,32.0,2.0,1.0,1.0,1.0,39.0,32.0,-0.0030632107251067353,-0.0017650185808415486,16384.0,4.0,6400000.0
1.0,32.0,4.0,1.0,1.0,1.0,63.0,32.0,-0.0030632107251067353,-0.0017650185808415486,0.25,16384.0,6400000.0
1.0,32.0,4.0,1.0,1.0,1.0,63.0,32.0,-0.0030632107251067353,-0.0017650185808415486,0.125,2048.0,6400000.0
1.0,1.0,4.0,2.0,3.0,2.0,136.0,192.0,0.03911015413878083,0.040912063041146696,0.03125,32.0,6400000.0
1.0,32.0,2.0,1.0,1.0,1.0,39.0,32.0,-0.0030632107251067353,-0.0017650185808415486,32768.0,32768.0,6400000.0
1.0,32.0,4.0,1.0,1.0,1.0,63.0,32.0,-0.0030632107251067353,-0.0017650185808415486,0.5,128.0,6400000.0
32.0,32.0,4.0,9.0,732.0,497.0,22423.0,75424.0,0.5025091984245245,0.5066515179079909,0.0,0.25,6400000.0
32.0,32.0,4.0,9.0,808.0,508.0,23868.0,77184.0,0.5038442301240018,0.5094584436526747,0.00195312,0.015625,6400000.0
1.0,32.0,2.0,1.0,1.0,1.0,39.0,32.0,-0.0030632107251067353,-0.0017650185808415486,256.0,0.03125,6400000.0
32.0,32.0,4.0,9.0,803.0,505.0,23642.0,76704.0,0.5037878894640309,0.5115468464476334,0.000976562,0.00195312,6400000.0
32.0,32.0,4.0,9.0,783.0,506.0,23525.0,76864.0,0.5070191221460376,0.515799416669589,0.5,0.125,6400000.0
1.0,32.0,2.0,1.0,1.0,1.0,39.0,32.0,-0.0030632107251067353,-0.0017650185808415486,512.0,256.0,6400000.0
1.0,32.0,4.0,1.0,1.0,1.0,63.0,32.0,-0.0030632107251067353,-0.0017650185808415486,0.0,256.0,6400000.0
1.0,1.0,4.0,3.0,5.0,3.0,194.0,352.0,0.048146068319603885,0.051476191507202285,0.015625,8.0,6400000.0
1.0,32.0,2.0,1.0,1.0,1.0,39.0,32.0,-0.0030632107251067353,-0.0017650185808415486,8192.0,512.0,6400000.0
1.0,1.0,4.0,1.0,1.0,1.0,63.0,32.0,-0.0030632107251067353,-0.0017650185808415486,0.015625,8192.0,6400000.0
1.0,32.0,2.0,1.0,1.0,1.0,39.0,32.0,-0.0030632107251067353,-0.0017650185808415486,32768.0,32.0,6400000.0
32.0,32.0,4.0,9.0,398.0,292.0,12288.0,42624.0,0.4784991544782171,0.49599062265383587,0.000976562,2.0,6400000.0
1.0,32.0,4.0,1.0,1.0,1.0,63.0,32.0,-0.0030632107251067353,-0.0017650185808415486,0.00195312,16384.0,6400000.0
1.0,32.0,4.0,1.0,1.0,1.0,63.0,32.0,-0.0030632107251067353,-0.0017650185808415486,0.000976562,2048.0,6400000.0
32.0,32.0,4.0,9.0,817.0,508.0,24194.0,77184.0,0.5175167791062374,0.5165598881385234,1.0,0.000976562,6400000.0
32.0,32.0,4.0,9.0,780.0,508.0,23395.0,77184.0,0.5029145785112129,0.5050446477817154,0.00390625,0.125,6400000.0
1.0,1.0,1.0,2.0,3.0,2.0,108.0,192.0,0.03911015413878083,0.040912063041146696,0.03125,0.015625,6400000.0
11.0,32.0,4.0,3.0,35.0,26.0,1119.0,2752.0,0.23801654357424562,0.2440154241847443,0.00195312,16.0,6400000.0
32.0,32.0,4.0,9.0,612.0,444.0,19042.0,66944.0,0.5167818838279226,0.528646046483651,0.0078125,1.0,6400000.0
1.0,32.0,2.0,1.0,1.0,1.0,39.0,32.0,-0.0030632107251067353,-0.0017650185808415486,256.0,32768.0,6400000.0
1.0,32.0,4.0,1.0,1.0,1.0,63.0,32.0,-0.0030632107251067353,-0.0017650185808415486,0.00390625,128.0,6400000.0
1.0,32.0,2.0,1.0,1.0,1.0,39.0,32.0,-0.0030632107251067353,-0.0017650185808415486,256.0,32.0,6400000.0
1.0,32.0,2.0,1.0,1.0,1.0,39.0,32.0,-0.0030632107251067353,-0.0017650185808415486,512.0,0.25,6400000.0
32.0,32.0,4.0,9.0,803.0,505.0,23642.0,76704.0,0.5037878894640309,0.5115468464476334,0.0078125,0.000976562,6400000.0
32.0,32.0,4.0,9.0,594.0,431.0,18346.0,64864.0,0.49361257488060895,0.49996935155210775,1.0,1.0,6400000.0
1.0,32.0,2.0,1.0,1.0,1.0,39.0,32.0,-0.0030632107251067353,-0.0017650185808415486,1024.0,2048.0,6400000.0
1.0,32.0,2.0,1.0,1.0,1.0,39.0,32.0,-0.0030632107251067353,-0.0017650185808415486,1024.0,0.00195312,6400000.0
1.0,32.0,2.0,1.0,1.0,1.0,39.0,32.0,-0.0030632107251067353,-0.0017650185808415486,2048.0,0.015625,6400000.0
1.0,32.0,2.0,1.0,1.0,1.0,39.0,32.0,-0.0030632107251067353,-0.0017650185808415486,1024.0,2.0,6400000.0
32.0,32.0,4.0,9.0,812.0,506.0,23950.0,76864.0,0.5125393176965143,0.5167718045218961,0.015625,0.0078125,6400000.0
1.0,32.0,4.0,1.0,1.0,1.0,63.0,32.0,-0.0030632107251067353,-0.0017650185808415486,0.015625,8192.0,6400000.0
1.0,1.0,4.0,7.0,31.0,16.0,935.0,2432.0,0.06453061417624306,0.06820844800405634,0.03125,0.0625,6400000.0
1.0,32.0,4.0,1.0,1.0,1.0,63.0,32.0,-0.0030632107251067353,-0.0017650185808415486,0.0078125,1024.0,6400000.0
16.0,32.0,4.0,3.0,67.0,47.0,2020.0,5472.0,0.28428173420704106,0.29213228260301216,0.015625,8.0,6400000.0
32.0,32.0,4.0,9.0,810.0,505.0,23974.0,76704.0,0.5124904757462124,0.5065394002361483,0.125,0.00390625,6400000.0
1.0,1.0,4.0,7.0,31.0,16.0,935.0,2432.0,0.06453061417624306,0.06820844800405634,0.015625,0.015625,6400000.0
32.0,32.0,4.0,9.0,692.0,485.0,21264.0,73504.0,0.5099662652531736,0.5138192092495585,0.0625,0.5,6400000.0
3.0,32.0,4.0,2.0,9.0,6.0,335.0,576.0,0.10115259004895938,0.10346957106453547,0.03125,64.0,6400000.0
32.0,32.0,4.0,9.0,796.0,506.0,23717.0,76864.0,0.5086686015671944,0.5099183421795334,0.03125,0.0625,6400000.0
1.0,32.0,4.0,1.0,1.0,1.0,63.0,32.0,-0.0030632107251067353,-0.0017650185808415486,0.0625,512.0,6400000.0
32.0,32.0,4.0,9.0,820.0,507.0,23919.0,77024.0,0.4986696289486522,0.5033504042039986,0.0625,0.0,6400000.0
1.0,32.0,2.0,1.0,1.0,1.0,39.0,32.0,-0.0030632107251067353,-0.0017650185808415486,8192.0,0.000976562,6400000.0
1.0,32.0,2.0,1.0,1.0,1.0,39.0,32.0,-0.0030632107251067353,-0.0017650185808415486,4096.0,0.125,6400000.0
1.0,32.0,2.0,1.0,1.0,1.0,39.0,32.0,-0.0030632107251067353,-0.0017650185808415486,2048.0,16384.0,6400000.0
1.0,32.0,2.0,1.0,1.0,1.0,39.0,32.0,-0.0030632107251067353,-0.0017650185808415486,2048.0,16.0,6400000.0
1.0,32.0,2.0,1.0,1.0,1.0,39.0,32.0,-0.0030632107251067353,-0.0017650185808415486,4096.0,128.0,6400000.0
1.0,32.0,2.0,1.0,1.0,1.0,39.0,32.0,-0.0030632107251067353,-0.0017650185808415486,8192.0,1.0,6400000.0
27.0,32.0,4.0,9.0,182.0,137.0,5741.0,18464.0,0.39629112021669155,0.40252478152262305,0.125,4.0,6400000.0
32.0,32.0,4.0,9.0,816.0,508.0,24111.0,77184.0,0.5060065608095297,0.5094404055905621,0.25,0.03125,6400000.0
1.0,32.0,2.0,1.0,1.0,1.0,39.0,32.0,-0.0030632107251067353,-0.0017650185808415486,16384.0,8192.0,6400000.0
1.0,32.0,2.0,1.0,1.0,1.0,39.0,32.0,-0.0030632107251067353,-0.0017650185808415486,16384.0,8.0,6400000.0
1.0,32.0,2.0,1.0,1.0,1.0,39.0,32.0,-0.0030632107251067353,-0.0017650185808415486,16384.0,0.0078125,6400000.0
1.0,32.0,2.0,1.0,1.0,1.0,39.0,32.0,-0.0030632107251067353,-0.0017650185808415486,32768.0,0.0625,6400000.0
32.0,32.0,4.0,9.0,820.0,507.0,23919.0,77024.0,0.4986696289486522,0.5033504042039986,0.0,0.0,6400000.0
1.0,32.0,4.0,1.0,1.0,1.0,63.0,32.0,-0.0030632107251067353,-0.0017650185808415486,0.25,32768.0,6400000.0
1.0,1.0,4.0,2.0,3.0,2.0,136.0,192.0,0.03911015413878083,0.040912063041146696,0.03125,64.0,6400000.0
1.0,32.0,4.0,1.0,1.0,1.0,63.0,32.0,-0.0030632107251067353,-0.0017650185808415486,0.125,4096.0,6400000.0
32.0,32.0,4.0,9.0,692.0,485.0,21264.0,73504.0,0.5099662652531736,0.5138192092495585,0.0,0.5,6400000.0
1.0,32.0,2.0,1.0,1.0,1.0,39.0,32.0,-0.0030632107251067353,-0.0017650185808415486,256.0,0.0625,6400000.0
8.0,32.0,4.0,2.0,22.0,16.0,724.0,1536.0,0.184803559555608,0.19082719424152972,0.25,32.0,6400000.0
1.0,32.0,4.0,1.0,1.0,1.0,63.0,32.0,-0.0030632107251067353,-0.0017650185808415486,0.5,256.0,6400000.0
32.0,32.0,4.0,9.0,803.0,505.0,23642.0,76704.0,0.5037878894640309,0.5115468464476334,0.000976562,0.00390625,6400000.0
1.0,32.0,2.0,1.0,1.0,1.0,39.0,32.0,-0.0030632107251067353,-0.0017650185808415486,512.0,512.0,6400000.0
32.0,32.0,4.0,9.0,741.0,500.0,22697.0,75904.0,0.5080645241107711,0.5187391854185239,0.5,0.25,6400000.0
1.0,1.0,4.0,3.0,5.0,3.0,194.0,352.0,0.048146068319603885,0.051476191507202285,0.015625,16.0,6400000.0
32.0,32.0,4.0,9.0,807.0,507.0,23834.0,77024.0,0.49836309075825636,0.5038375296882853,0.00195312,0.03125,6400000.0
1.0,32.0,4.0,1.0,1.0,1.0,63.0,32.0,-0.0030632107251067353,-0.0017650185808415486,0.0,512.0,6400000.0
1.0,32.0,4.0,1.0,1.0,1.0,63.0,32.0,-0.0030632107251067353,-0.0017650185808415486,0.000976562,4096.0,6400000.0
1.0,1.0,4.0,1.0,1.0,1.0,63.0,32.0,-0.0030632107251067353,-0.0017650185808415486,0.015625,16384.0,6400000.0
1.0,32.0,2.0,1.0,1.0,1.0,39.0,32.0,-0.0030632107251067353,-0.0017650185808415486,32768.0,64.0,6400000.0
1.0,32.0,2.0,1.0,1.0,1.0,39.0,32.0,-0.0030632107251067353,-0.0017650185808415486,8192.0,1024.0,6400000.0
32.0,32.0,4.0,9.0,732.0,497.0,22423.0,75424.0,0.5025091984245245,0.5066515179079909,0.00390625,0.25,6400000.0
1.0,1.0,1.0,2.0,3.0,2.0,108.0,192.0,0.03911015413878083,0.040912063041146696,0.03125,0.03125,6400000.0
32.0,32.0,4.0,9.0,813.0,504.0,23726.0,76544.0,0.511554275272823,0.5159566308503231,1.0,0.00195312,6400000.0
8.0,32.0,4.0,2.0,22.0,16.0,724.0,1536.0,0.184803559555608,0.19082719424152972,0.00195312,32.0,6400000.0
1.0,32.0,2.0,1.0,1.0,1.0,39.0,32.0,-0.0030632107251067353,-0.0017650185808415486,512.0,0.0,6400000.0
27.0,32.0,4.0,9.0,182.0,137.0,5741.0,18464.0,0.39629112021669155,0.40252478152262305,0.000976562,4.0,6400000.0
1.0,32.0,4.0,1.0,1.0,1.0,63.0,32.0,-0.0030632107251067353,-0.0017650185808415486,0.00390625,256.0,6400000.0
32.0,32.0,4.0,9.0,398.0,292.0,12288.0,42624.0,0.4784991544782171,0.49599062265383587,0.0078125,2.0,6400000.0
1.0,32.0,4.0,1.0,1.0,1.0,63.0,32.0,-0.0030632107251067353,-0.0017650185808415486,0.00195312,32768.0,6400000.0
1.0,32.0,2.0,1.0,1.0,1.0,39.0,32.0,-0.0030632107251067353,-0.0017650185808415486,256.0,64.0,6400000.0
1.0,32.0,2.0,1.0,1.0,1.0,39.0,32.0,-0.0030632107251067353,-0.0017650185808415486,512.0,0.5,6400000.0
32.0,32.0,4.0,9.0,803.0,505.0,23642.0,76704.0,0.5037878894640309,0.5115468464476334,0.0078125,0.00195312,6400000.0
31.0,32.0,4.0,9.0,343.0,261.0,10826.0,37792.0,0.44784528477901897,0.4652902710227389,1.0,2.0,6400000.0
1.0,32.0,2.0,1.0,1.0,1.0,39.0,32.0,-0.0030632107251067353,-0.0017650185808415486,2048.0,0.03125,6400000.0
1.0,32.0,2.0,1.0,1.0,1.0,39.0,32.0,-0.0030632107251067353,-0.0017650185808415486,1024.0,0.00390625,6400000.0
1.0,32.0,4.0,1.0,1.0,1.0,63.0,32.0,-0.0030632107251067353,-0.0017650185808415486,0.015625,16384.0,6400000.0
1.0,32.0,2.0,1.0,1.0,1.0,39.0,32.0,-0.0030632107251067353,-0.0017650185808415486,1024.0,4096.0,6400000.0
1.0,32.0,2.0,1.0,1.0,1.0,39.0,32.0,-0.0030632107251067353,-0.0017650185808415486,1024.0,4.0,6400000.0
1.0,1.0,4.0,7.0,31.0,16.0,935.0,2432.0,0.06453061417624306,0.06820844800405634,0.03125,0.125,6400000.0
1.0,32.0,4.0,1.0,1.0,1.0,63.0,32.0,-0.0030632107251067353,-0.0017650185808415486,0.0078125,2048.0,6400000.0
11.0,32.0,4.0,3.0,35.0,26.0,1119.0,2752.0,0.23801654357424562,0.2440154241847443,0.015625,16.0,6400000.0
32.0,32.0,4.0,9.0,808.0,508.0,23868.0,77184.0,0.5038442301240018,0.5094584436526747,0.015625,0.015625,6400000.0
32.0,32.0,4.0,9.0,813.0,505.0,24120.0,76704.0,0.5100766384487156,0.5041914375422513,0.125,0.0078125,6400000.0
32.0,32.0,4.0,9.0,590.0,428.0,18258.0,64384.0,0.503527017525659,0.5183358093986379,0.0625,1.0,6400000.0
1.0,1.0,4.0,7.0,31.0,16.0,935.0,2432.0,0.06453061417624306,0.06820844800405634,0.015625,0.03125,6400000.0
1.0,32.0,4.0,1.0,1.0,1.0,63.0,32.0,-0.0030632107251067353,-0.0017650185808415486,0.03125,128.0,6400000.0
32.0,32.0,4.0,9.0,780.0,508.0,23395.0,77184.0,0.5029145785112129,0.5050446477817154,0.03125,0.125,6400000.0
1.0,32.0,4.0,1.0,1.0,1.0,63.0,32.0,-0.0030632107251067353,-0.0017650185808415486,0.0625,1024.0,6400000.0
32.0,32.0,4.0,9.0,803.0,505.0,23642.0,76704.0,0.5037878894640309,0.5115468464476334,0.0625,0.000976562,6400000.0
1.0,32.0,2.0,1.0,1.0,1.0,39.0,32.0,-0.0030632107251067353,-0.0017650185808415486,4096.0,0.25,6400000.0
1.0,32.0,2.0,1.0,1.0,1.0,39.0,32.0,-0.0030632107251067353,-0.0017650185808415486,8192.0,0.00195312,6400000.0
1.0,32.0,2.0,1.0,1.0,1.0,39.0,32.0,-0.0030632107251067353,-0.0017650185808415486,2048.0,32768.0,6400000.0
1.0,32.0,2.0,1.0,1.0,1.0,39.0,32.0,-0.0030632107251067353,-0.0017650185808415486,2048.0,32.0,6400000.0
1.0,32.0,2.0,1.0,1.0,1.0,39.0,32.0,-0.0030632107251067353,-0.0017650185808415486,8192.0,2.0,6400000.0
32.0,32.0,4.0,9.0,801.0,508.0,23610.0,77184.0,0.5055649789604595,0.5091995996314713,0.25,0.0625,6400000.0
16.0,32.0,4.0,3.0,67.0,47.0,2020.0,5472.0,0.28428173420704106,0.29213228260301216,0.125,8.0,6400000.0
1.0,32.0,2.0,1.0,1.0,1.0,39.0,32.0,-0.0030632107251067353,-0.0017650185808415486,4096.0,256.0,6400000.0
1.0,32.0,2.0,1.0,1.0,1.0,39.0,32.0,-0.0030632107251067353,-0.0017650185808415486,16384.0,16384.0,6400000.0
32.0,32.0,4.0,9.0,803.0,505.0,23642.0,76704.0,0.5037878894640309,0.5115468464476334,0.0,0.000976562,6400000.0
1.0,32.0,2.0,1.0,1.0,1.0,39.0,32.0,-0.0030632107251067353,-0.0017650185808415486,16384.0,0.015625,6400000.0
1.0,32.0,2.0,1.0,1.0,1.0,39.0,32.0,-0.0030632107251067353,-0.0017650185808415486,32768.0,0.125,6400000.0
32.0,32.0,4.0,9.0,812.0,506.0,23950.0,76864.0,0.5125393176965143,0.5167718045218961,0.000976562,0.0078125,6400000.0
32.0,32.0,4.0,9.0,830.0,509.0,24552.0,77344.0,0.5079884759452333,0.5079119842514324,0.5,0.0,6400000.0
32.0,32.0,4.0,9.0,612.0,444.0,19042.0,66944.0,0.5167818838279226,0.528646046483651,0.0,1.0,6400000.0
1.0,1.0,4.0,1.0,1.0,1.0,63.0,32.0,-0.0030632107251067353,-0.0017650185808415486,0.03125,128.0,6400000.0
1.0,32.0,2.0,1.0,1.0,1.0,39.0,32.0,-0.0030632107251067353,-0.0017650185808415486,16384.0,16.0,6400000.0
1.0,32.0,4.0,1.0,1.0,1.0,63.0,32.0,-0.0030632107251067353,-0.0017650185808415486,0.125,8192.0,6400000.0
1.0,32.0,4.0,1.0,1.0,1.0,63.0,32.0,-0.0030632107251067353,-0.0017650185808415486,0.5,512.0,6400000.0
11.0,32.0,4.0,3.0,35.0,26.0,1119.0,2752.0,0.23801654357424562,0.2440154241847443,1.0,16.0,6400000.0
3.0,32.0,4.0,2.0,9.0,6.0,335.0,576.0,0.10115259004895938,0.10346957106453547,0.25,64.0,6400000.0
1.0,1.0,4.0,2.0,3.0,2.0,136.0,192.0,0.03911015413878083,0.040912063041146696,0.015625,32.0,6400000.0
32.0,32.0,4.0,9.0,796.0,506.0,23717.0,76864.0,0.5086686015671944,0.5099183421795334,0.00195312,0.0625,6400000.0
32.0,32.0,4.0,9.0,682.0,477.0,21070.0,72224.0,0.49237943374877113,0.4964857964974708,0.5,0.5,6400000.0
1.0,32.0,4.0,1.0,1.0,1.0,63.0,32.0,-0.0030632107251067353,-0.0017650185808415486,0.0,1024.0,6400000.0
1.0,32.0,4.0,1.0,1.0,1.0,63.0,32.0,-0.0030632107251067353,-0.0017650185808415486,1.0,16384.0,6400000.0
1.0,32.0,4.0,1.0,1.0,1.0,63.0,32.0,-0.0030632107251067353,-0.0017650185808415486,0.000976562,8192.0,6400000.0
1.0,1.0,4.0,1.0,1.0,1.0,63.0,32.0,-0.0030632107251067353,-0.0017650185808415486,0.015625,32768.0,6400000.0
32.0,32.0,4.0,9.0,692.0,485.0,21264.0,73504.0,0.5099662652531736,0.5138192092495585,0.00390625,0.5,6400000.0
27.0,32.0,4.0,9.0,182.0,137.0,5741.0,18464.0,0.39629112021669155,0.40252478152262305,0.0078125,4.0,6400000.0
1.0,32.0,2.0,1.0,1.0,1.0,39.0,32.0,-0.0030632107251067353,-0.0017650185808415486,32768.0,128.0,6400000.0
1.0,1.0,1.0,2.0,3.0,2.0,108.0,192.0,0.03911015413878083,0.040912063041146696,0.03125,0.0625,6400000.0
1.0,32.0,2.0,1.0,1.0,1.0,39.0,32.0,-0.0030632107251067353,-0.0017650185808415486,8192.0,2048.0,6400000.0
16.0,32.0,4.0,3.0,67.0,47.0,2020.0,5472.0,0.28428173420704106,0.29213228260301216,0.000976562,8.0,6400000.0
1.0,32.0,4.0,1.0,1.0,1.0,63.0,32.0,-0.0030632107251067353,-0.0017650185808415486,0.00390625,512.0,6400000.0
32.0,32.0,4.0,9.0,813.0,504.0,23726.0,76544.0,0.511554275272823,0.5159566308503231,1.0,0.00390625,6400000.0
3.0,32.0,4.0,2.0,9.0,6.0,335.0,576.0,0.10115259004895938,0.10346957106453547,0.00195312,64.0,6400000.0
32.0,32.0,4.0,9.0,771.0,511.0,23233.0,77664.0,0.4910477216534146,0.5073827760073144,2.0,0.125,6400000.0
32.0,32.0,4.0,9.0,820.0,507.0,23919.0,77024.0,0.4986696289486522,0.5033504042039986,0.00390625,0.0,6400000.0
32.0,32.0,4.0,8.0,796.0,505.0,23917.0,76704.0,0.5083873155760998,0.5159181606851988,4.0,0.000976562,6400000.0
32.0,32.0,4.0,9.0,803.0,505.0,23642.0,76704.0,0.5037878894640309,0.5115468464476334,0.0078125,0.00390625,6400000.0
1.0,32.0,4.0,1.0,1.0,1.0,63.0,32.0,-0.0030632107251067353,-0.0017650185808415486,2.0,128.0,6400000.0
22.0,32.0,4.0,8.0,162.0,120.0,5106.0,16384.0,0.38525211627519973,0.39030441205093724,1.0,4.0,6400000.0
1.0,1.0,4.0,1.0,1.0,1.0,63.0,32.0,-0.0030632107251067353,-0.0017650185808415486,0.03125,512.0,6400000.0
32.0,32.0,4.0,7.0,454.0,334.0,14502.0,49344.0,0.4869776955164883,0.48924076836575714,4.0,1.0,6400000.0
1.0,32.0,4.0,1.0,1.0,1.0,63.0,32.0,-0.0030632107251067353,-0.0017650185808415486,0.015625,32768.0,6400000.0
1.0,1.0,4.0,7.0,31.0,16.0,935.0,2432.0,0.06453061417624306,0.06820844800405634,0.03125,0.25,6400000.0
8.0,32.0,4.0,2.0,22.0,16.0,724.0,1536.0,0.184803559555608,0.19082719424152972,0.015625,32.0,6400000.0
32.0,32.0,4.0,9.0,807.0,507.0,23834.0,77024.0,0.49836309075825636,0.5038375296882853,0.015625,0.03125,6400000.0
1.0,32.0,4.0,1.0,1.0,1.0,63.0,32.0,-0.0030632107251067353,-0.0017650185808415486,4.0,1024.0,6400000.0
32.0,32.0,4.0,9.0,732.0,497.0,22423.0,75424.0,0.5025091984245245,0.5066515179079909,0.03125,0.25,6400000.0
32.0,32.0,4.0,9.0,800.0,505.0,23862.0,76704.0,0.5015132503484891,0.5005073049747257,0.125,0.015625,6400000.0
1.0,32.0,4.0,1.0,1.0,1.0,63.0,32.0,-0.0030632107251067353,-0.0017650185808415486,0.03125,256.0,6400000.0
1.0,32.0,4.0,1.0,1.0,1.0,63.0,32.0,-0.0030632107251067353,-0.0017650185808415486,0.0625,2048.0,6400000.0
32.0,32.0,4.0,9.0,398.0,292.0,12288.0,42624.0,0.4784991544782171,0.49599062265383587,0.0625,2.0,6400000.0
1.0,32.0,4.0,1.0,1.0,1.0,63.0,32.0,-0.0030632107251067353,-0.0017650185808415486,0.0078125,4096.0,6400000.0
32.0,32.0,4.0,9.0,803.0,505.0,23642.0,76704.0,0.5037878894640309,0.5115468464476334,0.0625,0.00195312,6400000.0
32.0,32.0,4.0,3.0,625.0,476.0,20939.0,72064.0,0.3229532099480279,0.33736349926752485,8.0,0.0078125,6400000.0
16.0,32.0,4.0,3.0,67.0,47.0,2020.0,5472.0,0.28428173420704106,0.29213228260301216,8.0,8.0,6400000.0
1.0,32.0,4.0,1.0,1.0,1.0,63.0,32.0,-0.0030632107251067353,-0.0017650185808415486,8.0,8192.0,6400000.0
3.0,32.0,4.0,2.0,9.0,6.0,335.0,576.0,0.10115259004895938,0.10346957106453547,16.0,64.0,6400000.0
32.0,32.0,4.0,3.0,595.0,462.0,20189.0,69824.0,0.331340816148888,0.33815568868827595,16.0,0.0625,6400000.0
11.0,32.0,4.0,3.0,35.0,26.0,1119.0,2752.0,0.23801654357424562,0.2440154241847443,0.125,16.0,6400000.0
32.0,32.0,4.0,9.0,771.0,503.0,23244.0,76384.0,0.5069937161786033,0.5070426865677486,0.25,0.125,6400000.0
32.0,32.0,4.0,2.0,585.0,480.0,20603.0,72704.0,0.2516709386436734,0.26664914807042206,32.0,0.0,6400000.0
28.0,32.0,4.0,2.0,169.0,148.0,5884.0,20096.0,0.2583267179155011,0.26924795824128556,32.0,0.5,6400000.0
1.0,32.0,4.0,1.0,1.0,1.0,63.0,32.0,-0.0030632107251067353,-0.0017650185808415486,32.0,512.0,6400000.0
32.0,32.0,4.0,2.0,578.0,476.0,20351.0,72064.0,0.2516810857610512,0.2666652169400293,64.0,0.00390625,6400000.0
8.0,32.0,4.0,2.0,22.0,16.0,724.0,1536.0,0.184803559555608,0.19082719424152972,1.0,32.0,6400000.0
1.0,1.0,4.0,1.0,1.0,1.0,63.0,32.0,-0.0030632107251067353,-0.0017650185808415486,0.03125,256.0,6400000.0
1.0,32.0,4.0,1.0,1.0,1.0,63.0,32.0,-0.0030632107251067353,-0.0017650185808415486,0.125,16384.0,6400000.0
32.0,32.0,4.0,9.0,830.0,509.0,24552.0,77344.0,0.5079884759452333,0.5079119842514324,0.5,0.000976562,6400000.0
1.0,1.0,4.0,7.0,31.0,16.0,935.0,2432.0,0.06453061417624306,0.06820844800405634,0.0625,0.00390625,6400000.0
20.0,32.0,4.0,2.0,81.0,65.0,2694.0,7840.0,0.25194387259795514,0.2611969990570394,64.0,4.0,6400000.0
1.0,32.0,4.0,1.0,1.0,1.0,63.0,32.0,-0.0030632107251067353,-0.0017650185808415486,0.5,1024.0,6400000.0
1.0,32.0,4.0,1.0,1.0,1.0,63.0,32.0,-0.0030632107251067353,-0.0017650185808415486,128.0,32768.0,6400000.0
1.0,32.0,4.0,1.0,1.0,1.0,63.0,32.0,-0.0030632107251067353,-0.0017650185808415486,64.0,4096.0,6400000.0
1.0,32.0,4.0,1.0,1.0,1.0,63.0,32.0,-0.0030632107251067353,-0.0017650185808415486,128.0,0.03125,6400000.0
1.0,32.0,4.0,1.0,1.0,1.0,63.0,32.0,-0.0030632107251067353,-0.0017650185808415486,128.0,32.0,6400000.0
32.0,32.0,4.0,9.0,587.0,423.0,17929.0,63584.0,0.5143834458088432,0.5254416599258889,0.5,1.0,6400000.0
1.0,32.0,4.0,1.0,1.0,1.0,63.0,32.0,-0.0030632107251067353,-0.0017650185808415486,0.25,128.0,6400000.0
1.0,32.0,4.0,1.0,1.0,1.0,63.0,32.0,-0.0030632107251067353,-0.0017650185808415486,256.0,0.25,6400000.0
1.0,32.0,4.0,1.0,1.0,1.0,63.0,32.0,-0.0030632107251067353,-0.0017650185808415486,1.0,32768.0,6400000.0
1.0,32.0,4.0,1.0,1.0,1.0,63.0,32.0,-0.0030632107251067353,-0.0017650185808415486,256.0,256.0,6400000.0
1.0,32.0,4.0,1.0,1.0,1.0,63.0,32.0,-0.0030632107251067353,-0.0017650185808415486,512.0,0.00195312,6400000.0
1.0,32.0,4.0,1.0,1.0,1.0,63.0,32.0,-0.0030632107251067353,-0.0017650185808415486,512.0,2.0,6400000.0
1.0,32.0,4.0,1.0,1.0,1.0,63.0,32.0,-0.0030632107251067353,-0.0017650185808415486,1024.0,16.0,6400000.0
1.0,1.0,4.0,4.0,13.0,7.0,410.0,992.0,0.057805003399450605,0.060993872308649943,0.0625,4.0,6400000.0
32.0,32.0,4.0,9.0,752.0,506.0,22801.0,76864.0,0.4777901964590242,0.5009330324359165,2.0,0.25,6400000.0
1.0,32.0,4.0,1.0,1.0,1.0,63.0,32.0,-0.0030632107251067353,-0.0017650185808415486,512.0,2048.0,6400000.0
1.0,32.0,4.0,1.0,1.0,1.0,63.0,32.0,-0.0030632107251067353,-0.0017650185808415486,1024.0,0.015625,6400000.0
1.0,32.0,4.0,1.0,1.0,1.0,63.0,32.0,-0.0030632107251067353,-0.0017650185808415486,8192.0,0.0078125,6400000.0
1.0,32.0,4.0,1.0,1.0,1.0,63.0,32.0,-0.0030632107251067353,-0.0017650185808415486,4096.0,1.0,6400000.0
1.0,32.0,4.0,1.0,1.0,1.0,63.0,32.0,-0.0030632107251067353,-0.0017650185808415486,4096.0,0.000976562,6400000.0
1.0,32.0,4.0,1.0,1.0,1.0,63.0,32.0,-0.0030632107251067353,-0.0017650185808415486,2048.0,128.0,6400000.0
32.0,32.0,4.0,8.0,796.0,505.0,23917.0,76704.0,0.5083873155760998,0.5159181606851988,4.0,0.00195312,6400000.0
32.0,32.0,4.0,9.0,810.0,503.0,23706.0,76384.0,0.5113305759657796,0.5167336848478502,1.0,0.0078125,6400000.0
1.0,32.0,4.0,1.0,1.0,1.0,63.0,32.0,-0.0030632107251067353,-0.0017650185808415486,4096.0,1024.0,6400000.0
1.0,32.0,4.0,1.0,1.0,1.0,63.0,32.0,-0.0030632107251067353,-0.0017650185808415486,2.0,256.0,6400000.0
1.0,32.0,4.0,1.0,1.0,1.0,63.0,32.0,-0.0030632107251067353,-0.0017650185808415486,1024.0,16384.0,6400000.0
1.0,32.0,4.0,1.0,1.0,1.0,63.0,32.0,-0.0030632107251067353,-0.0017650185808415486,2048.0,0.125,6400000.0
16.0,32.0,4.0,3.0,67.0,47.0,2020.0,5472.0,0.28428173420704106,0.29213228260301216,1.0,8.0,6400000.0
1.0,1.0,4.0,1.0,1.0,1.0,63.0,32.0,-0.0030632107251067353,-0.0017650185808415486,0.03125,1024.0,6400000.0
32.0,32.0,4.0,8.0,305.0,225.0,9369.0,31904.0,0.46508851236294113,0.4762477328553716,4.0,2.0,6400000.0
1.0,32.0,4.0,1.0,1.0,1.0,63.0,32.0,-0.0030632107251067353,-0.0017650185808415486,4.0,2048.0,6400000.0
1.0,1.0,4.0,1.0,1.0,1.0,63.0,32.0,-0.0030632107251067353,-0.0017650185808415486,0.0625,4096.0,6400000.0
1.0,32.0,4.0,1.0,1.0,1.0,63.0,32.0,-0.0030632107251067353,-0.0017650185808415486,16384.0,0.0625,6400000.0
1.0,32.0,4.0,1.0,1.0,1.0,63.0,32.0,-0.0030632107251067353,-0.0017650185808415486,8192.0,8.0,6400000.0
1.0,32.0,4.0,1.0,1.0,1.0,63.0,32.0,-0.0030632107251067353,-0.0017650185808415486,32768.0,0.0,6400000.0
1.0,32.0,4.0,1.0,1.0,1.0,63.0,32.0,-0.0030632107251067353,-0.0017650185808415486,32768.0,0.5,6400000.0
1.0,32.0,4.0,1.0,1.0,1.0,63.0,32.0,-0.0030632107251067353,-0.0017650185808415486,8192.0,8192.0,6400000.0
1.0,32.0,4.0,1.0,1.0,1.0,63.0,32.0,-0.0030632107251067353,-0.0017650185808415486,32768.0,512.0,6400000.0
11.0,32.0,4.0,2.0,30.0,22.0,944.0,2112.0,0.211815897449531,0.21820531799146736,8.0,16.0,6400000.0
32.0,32.0,4.0,3.0,638.0,482.0,21335.0,73024.0,0.3257729362629357,0.3376215390912617,8.0,0.015625,6400000.0
29.0,32.0,8.0,9.0,205.0,156.0,9076.0,21248.0,0.40735776232514465,0.41510468520174093,0.0,4.0,6400000.0
1.0,32.0,4.0,1.0,1.0,1.0,63.0,32.0,-0.0030632107251067353,-0.0017650185808415486,16384.0,64.0,6400000.0
32.0,32.0,8.0,9.0,1589.0,992.0,50810.0,154624.0,0.6295838277052135,0.6468385308844131,0.0,0.00390625,6400000.0
1.0,32.0,8.0,1.0,1.0,1.0,543.0,32.0,-0.0030632107251067353,-0.0017650185808415486,0.0,4096.0,6400000.0
1.0,32.0,4.0,1.0,1.0,1.0,63.0,32.0,-0.0030632107251067353,-0.0017650185808415486,8.0,16384.0,6400000.0
32.0,32.0,4.0,3.0,527.0,416.0,17586.0,62464.0,0.33124798852583026,0.337811934690863,16.0,0.125,6400000.0
1.0,32.0,4.0,1.0,1.0,1.0,63.0,32.0,-0.0030632107251067353,-0.0017650185808415486,16.0,128.0,6400000.0
32.0,32.0,4.0,2.0,583.0,479.0,20532.0,72544.0,0.25166707528136445,0.26664994613193427,32.0,0.000976562,6400000.0
25.0,32.0,4.0,2.0,113.0,94.0,3852.0,11840.0,0.25446652674505144,0.26625990280383205,32.0,1.0,6400000.0
1.0,1.0,4.0,7.0,31.0,16.0,876.0,2432.0,0.06459907623458794,0.0681340519874094,0.125,0.03125,6400000.0
32.0,32.0,8.0,9.0,1565.0,992.0,50377.0,154624.0,0.6334589997293246,0.644774965260249,0.000976562,0.03125,6400000.0
1.0,1.0,4.0,7.0,31.0,16.0,935.0,2432.0,0.06453061417624306,0.06820844800405634,0.0625,0.0078125,6400000.0
32.0,32.0,4.0,2.0,576.0,475.0,20311.0,71904.0,0.25168334245865776,0.26664281480920826,64.0,0.0078125,6400000.0
3.0,32.0,4.0,2.0,9.0,6.0,335.0,576.0,0.10115259004895938,0.10346957106453547,1.0,64.0,6400000.0
1.0,32.0,4.0,1.0,1.0,1.0,63.0,32.0,-0.0030632107251067353,-0.0017650185808415486,32.0,1024.0,6400000.0
15.0,32.0,4.0,2.0,47.0,34.0,1516.0,3520.0,0.23483331904090687,0.24244665993785774,64.0,8.0,6400000.0
1.0,32.0,4.0,1.0,1.0,1.0,63.0,32.0,-0.0030632107251067353,-0.0017650185808415486,128.0,0.0625,6400000.0
1.0,32.0,4.0,1.0,1.0,1.0,63.0,32.0,-0.0030632107251067353,-0.0017650185808415486,64.0,8192.0,6400000.0
1.0,32.0,4.0,1.0,1.0,1.0,63.0,32.0,-0.0030632107251067353,-0.0017650185808415486,128.0,64.0,6400000.0
1.0,32.0,4.0,1.0,1.0,1.0,63.0,32.0,-0.0030632107251067353,-0.0017650185808415486,256.0,0.0,6400000.0
32.0,32.0,4.0,9.0,819.0,508.0,24128.0,77184.0,0.4874021138508138,0.4954082773655085,2.0,0.0,6400000.0
1.0,32.0,4.0,1.0,1.0,1.0,63.0,32.0,-0.0030632107251067353,-0.0017650185808415486,256.0,0.5,6400000.0
1.0,32.0,4.0,1.0,1.0,1.0,63.0,32.0,-0.0030632107251067353,-0.0017650185808415486,256.0,512.0,6400000.0
1.0,32.0,8.0,1.0,1.0,1.0,543.0,32.0,-0.0030632107251067353,-0.0017650185808415486,0.00195312,256.0,6400000.0
32.0,32.0,8.0,9.0,1423.0,992.0,47634.0,154624.0,0.635931286801741,0.6464838600212258,0.00195312,0.25,6400000.0
1.0,32.0,8.0,1.0,1.0,1.0,543.0,32.0,-0.0030632107251067353,-0.0017650185808415486,0.000976562,32768.0,6400000.0
32.0,32.0,8.0,9.0,1587.0,992.0,50650.0,154624.0,0.6327980705653933,0.6475448699887993,0.00390625,0.00195312,6400000.0
27.0,32.0,8.0,9.0,476.0,366.0,18145.0,55104.0,0.4777812127552883,0.48718538312254733,0.00390625,2.0,6400000.0
1.0,32.0,4.0,1.0,1.0,1.0,63.0,32.0,-0.0030632107251067353,-0.0017650185808415486,512.0,0.00390625,6400000.0
8.0,32.0,8.0,2.0,22.0,16.0,1924.0,1536.0,0.184803559555608,0.19082719424152972,0.000976562,32.0,6400000.0
1.0,32.0,4.0,1.0,1.0,1.0,63.0,32.0,-0.0030632107251067353,-0.0017650185808415486,512.0,4.0,6400000.0
1.0,32.0,4.0,1.0,1.0,1.0,63.0,32.0,-0.0030632107251067353,-0.0017650185808415486,1024.0,32.0,6400000.0
1.0,1.0,4.0,3.0,5.0,3.0,194.0,352.0,0.048146068319603885,0.051476191507202285,0.0625,8.0,6400000.0
1.0,32.0,4.0,1.0,1.0,1.0,63.0,32.0,-0.0030632107251067353,-0.0017650185808415486,512.0,4096.0,6400000.0
1.0,32.0,4.0,1.0,1.0,1.0,63.0,32.0,-0.0030632107251067353,-0.0017650185808415486,4096.0,0.00195312,6400000.0
1.0,32.0,4.0,1.0,1.0,1.0,63.0,32.0,-0.0030632107251067353,-0.0017650185808415486,8192.0,0.015625,6400000.0
1.0,32.0,4.0,1.0,1.0,1.0,63.0,32.0,-0.0030632107251067353,-0.0017650185808415486,4096.0,2.0,6400000.0
1.0,32.0,4.0,1.0,1.0,1.0,63.0,32.0,-0.0030632107251067353,-0.0017650185808415486,1024.0,0.03125,6400000.0
32.0,32.0,4.0,9.0,666.0,463.0,20378.0,69984.0,0.4931148107341321,0.5048883611430153,2.0,0.5,6400000.0
1.0,32.0,4.0,1.0,1.0,1.0,63.0,32.0,-0.0030632107251067353,-0.0017650185808415486,2048.0,256.0,6400000.0
1.0,32.0,4.0,1.0,1.0,1.0,63.0,32.0,-0.0030632107251067353,-0.0017650185808415486,4096.0,2048.0,6400000.0
1.0,32.0,4.0,1.0,1.0,1.0,63.0,32.0,-0.0030632107251067353,-0.0017650185808415486,2048.0,0.25,6400000.0
1.0,32.0,4.0,1.0,1.0,1.0,63.0,32.0,-0.0030632107251067353,-0.0017650185808415486,1024.0,32768.0,6400000.0
1.0,1.0,4.0,1.0,1.0,1.0,63.0,32.0,-0.0030632107251067353,-0.0017650185808415486,0.03125,2048.0,6400000.0
26.0,32.0,4.0,5.0,148.0,113.0,4842.0,14752.0,0.35290037616472336,0.3578088509707109,4.0,4.0,6400000.0
32.0,32.0,4.0,8.0,796.0,505.0,23917.0,76704.0,0.5084755898469757,0.5159418113508785,4.0,0.00390625,6400000.0
1.0,32.0,4.0,1.0,1.0,1.0,63.0,32.0,-0.0030632107251067353,-0.0017650185808415486,2.0,512.0,6400000.0
1.0,32.0,8.0,1.0,1.0,1.0,543.0,32.0,-0.0030632107251067353,-0.0017650185808415486,0.00390625,2048.0,6400000.0
1.0,32.0,4.0,1.0,1.0,1.0,63.0,32.0,-0.0030632107251067353,-0.0017650185808415486,8192.0,16.0,6400000.0
32.0,32.0,8.0,9.0,1551.0,992.0,49912.0,154624.0,0.6290771828345891,0.6415034942831079,0.0078125,0.015625,6400000.0
1.0,32.0,4.0,1.0,1.0,1.0,63.0,32.0,-0.0030632107251067353,-0.0017650185808415486,4.0,4096.0,6400000.0
1.0,32.0,4.0,1.0,1.0,1.0,63.0,32.0,-0.0030632107251067353,-0.0017650185808415486,16384.0,0.125,6400000.0
1.0,32.0,4.0,1.0,1.0,1.0,63.0,32.0,-0.0030632107251067353,-0.0017650185808415486,32768.0,0.000976562,6400000.0
1.0,1.0,4.0,1.0,1.0,1.0,63.0,32.0,-0.0030632107251067353,-0.0017650185808415486,0.0625,8192.0,6400000.0
1.0,32.0,4.0,1.0,1.0,1.0,63.0,32.0,-0.0030632107251067353,-0.0017650185808415486,32768.0,1.0,6400000.0
32.0,32.0,4.0,3.0,634.0,480.0,21224.0,72704.0,0.3253636746167269,0.3383599295934899,8.0,0.03125,6400000.0
1.0,32.0,4.0,1.0,1.0,1.0,63.0,32.0,-0.0030632107251067353,-0.0017650185808415486,8192.0,16384.0,6400000.0
8.0,32.0,4.0,2.0,22.0,16.0,724.0,1536.0,0.184803559555608,0.19082719424152972,8.0,32.0,6400000.0
1.0,32.0,4.0,1.0,1.0,1.0,63.0,32.0,-0.0030632107251067353,-0.0017650185808415486,16384.0,128.0,6400000.0
16.0,32.0,8.0,3.0,67.0,47.0,3700.0,5472.0,0.28428173420704106,0.29213228260301216,0.0,8.0,6400000.0
1.0,32.0,4.0,1.0,1.0,1.0,63.0,32.0,-0.0030632107251067353,-0.0017650185808415486,32768.0,1024.0,6400000.0
1.0,32.0,8.0,1.0,1.0,1.0,543.0,32.0,-0.0030632107251067353,-0.0017650185808415486,0.0,8192.0,6400000.0
32.0,32.0,8.0,9.0,1562.0,992.0,50100.0,154624.0,0.6340214599787224,0.6502238994079975,0.0,0.0078125,6400000.0
1.0,32.0,4.0,1.0,1.0,1.0,63.0,32.0,-0.0030632107251067353,-0.0017650185808415486,8.0,32768.0,6400000.0
31.0,32.0,4.0,3.0,397.0,322.0,13395.0,47552.0,0.3337369710410658,0.3373491041944916,16.0,0.25,6400000.0
1.0,32.0,4.0,1.0,1.0,1.0,63.0,32.0,-0.0030632107251067353,-0.0017650185808415486,16.0,256.0,6400000.0
32.0,32.0,4.0,2.0,580.0,477.0,20422.0,72224.0,0.25168617451000386,0.26665643046703114,32.0,0.00195312,6400000.0
1.0,1.0,4.0,7.0,31.0,16.0,876.0,2432.0,0.06459907623458794,0.0681340519874094,0.125,0.0625,6400000.0
32.0,32.0,8.0,9.0,1508.0,992.0,49275.0,154624.0,0.6311784219366852,0.6420361335458431,0.000976562,0.0625,6400000.0
23.0,32.0,4.0,2.0,96.0,78.0,3269.0,9536.0,0.25348208415856677,0.264691761708014,32.0,2.0,6400000.0
32.0,32.0,4.0,2.0,562.0,464.0,19879.0,70144.0,0.25218178717861806,0.26668981457228225,64.0,0.015625,6400000.0
11.0,32.0,4.0,2.0,30.0,22.0,944.0,2112.0,0.211815897449531,0.21820531799146736,64.0,16.0,6400000.0
1.0,32.0,4.0,1.0,1.0,1.0,63.0,32.0,-0.0030632107251067353,-0.0017650185808415486,32.0,2048.0,6400000.0
1.0,32.0,4.0,1.0,1.0,1.0,63.0,32.0,-0.0030632107251067353,-0.0017650185808415486,1.0,128.0,6400000.0
1.0,1.0,4.0,7.0,31.0,16.0,935.0,2432.0,0.06453061417624306,0.06820844800405634,0.0625,0.015625,6400000.0
1.0,32.0,4.0,1.0,1.0,1.0,63.0,32.0,-0.0030632107251067353,-0.0017650185808415486,128.0,0.125,6400000.0
1.0,32.0,4.0,1.0,1.0,1.0,63.0,32.0,-0.0030632107251067353,-0.0017650185808415486,256.0,1.0,6400000.0
1.0,32.0,4.0,1.0,1.0,1.0,63.0,32.0,-0.0030632107251067353,-0.0017650185808415486,128.0,128.0,6400000.0
32.0,32.0,4.0,9.0,818.0,508.0,24095.0,77184.0,0.48791981292522535,0.4960496444775502,2.0,0.000976562,6400000.0
29.0,32.0,8.0,9.0,205.0,156.0,9076.0,21248.0,0.40735776232514465,0.41510468520174093,0.00390625,4.0,6400000.0
1.0,32.0,4.0,1.0,1.0,1.0,63.0,32.0,-0.0030632107251067353,-0.0017650185808415486,256.0,1024.0,6400000.0
1.0,32.0,4.0,1.0,1.0,1.0,63.0,32.0,-0.0030632107251067353,-0.0017650185808415486,64.0,16384.0,6400000.0
1.0,32.0,4.0,1.0,1.0,1.0,63.0,32.0,-0.0030632107251067353,-0.0017650185808415486,512.0,0.0078125,6400000.0
1.0,32.0,4.0,1.0,1.0,1.0,63.0,32.0,-0.0030632107251067353,-0.0017650185808415486,256.0,0.000976562,6400000.0
1.0,32.0,4.0,1.0,1.0,1.0,63.0,32.0,-0.0030632107251067353,-0.0017650185808415486,512.0,8.0,6400000.0
32.0,32.0,8.0,9.0,1589.0,992.0,50810.0,154624.0,0.6295838277052135,0.6468385308844131,0.00390625,0.00390625,6400000.0
32.0,32.0,8.0,9.0,1572.0,992.0,50540.0,154624.0,0.6315821618889438,0.6504139572983774,0.00195312,0.0,6400000.0
3.0,32.0,8.0,2.0,9.0,6.0,1295.0,576.0,0.10115259004895938,0.10346957106453547,0.000976562,64.0,6400000.0
32.0,32.0,8.0,9.0,1330.0,992.0,46023.0,154624.0,0.6451143536104034,0.635987889264176,0.00195312,0.5,6400000.0
1.0,32.0,8.0,1.0,1.0,1.0,543.0,32.0,-0.0030632107251067353,-0.0017650185808415486,0.00195312,512.0,6400000.0
1.0,1.0,4.0,3.0,5.0,3.0,194.0,352.0,0.048146068319603885,0.051476191507202285,0.0625,16.0,6400000.0
1.0,32.0,4.0,1.0,1.0,1.0,63.0,32.0,-0.0030632107251067353,-0.0017650185808415486,1024.0,64.0,6400000.0
1.0,32.0,4.0,1.0,1.0,1.0,63.0,32.0,-0.0030632107251067353,-0.0017650185808415486,8192.0,0.03125,6400000.0
1.0,32.0,4.0,1.0,1.0,1.0,63.0,32.0,-0.0030632107251067353,-0.0017650185808415486,512.0,8192.0,6400000.0
1.0,32.0,4.0,1.0,1.0,1.0,63.0,32.0,-0.0030632107251067353,-0.0017650185808415486,4096.0,0.00390625,6400000.0
1.0,32.0,4.0,1.0,1.0,1.0,63.0,32.0,-0.0030632107251067353,-0.0017650185808415486,2048.0,512.0,6400000.0
32.0,32.0,4.0,9.0,567.0,405.0,17356.0,60704.0,0.5035219216318105,0.519425083013958,2.0,1.0,6400000.0
1.0,32.0,4.0,1.0,1.0,1.0,63.0,32.0,-0.0030632107251067353,-0.0017650185808415486,2048.0,0.0,6400000.0
1.0,32.0,4.0,1.0,1.0,1.0,63.0,32.0,-0.0030632107251067353,-0.0017650185808415486,1024.0,0.0625,6400000.0
1.0,32.0,4.0,1.0,1.0,1.0,63.0,32.0,-0.0030632107251067353,-0.0017650185808415486,4096.0,4096.0,6400000.0
1.0,32.0,4.0,1.0,1.0,1.0,63.0,32.0,-0.0030632107251067353,-0.0017650185808415486,4096.0,4.0,6400000.0
1.0,32.0,4.0,1.0,1.0,1.0,63.0,32.0,-0.0030632107251067353,-0.0017650185808415486,2048.0,0.5,6400000.0
1.0,32.0,4.0,1.0,1.0,1.0,63.0,32.0,-0.0030632107251067353,-0.0017650185808415486,2.0,1024.0,6400000.0
16.0,32.0,4.0,3.0,67.0,47.0,2020.0,5472.0,0.28428173420704106,0.29213228260301216,4.0,8.0,6400000.0
1.0,1.0,4.0,1.0,1.0,1.0,63.0,32.0,-0.0030632107251067353,-0.0017650185808415486,0.03125,4096.0,6400000.0
32.0,32.0,4.0,8.0,798.0,508.0,23920.0,77184.0,0.5076952773806735,0.516685196110977,4.0,0.0078125,6400000.0
1.0,32.0,8.0,1.0,1.0,1.0,543.0,32.0,-0.0030632107251067353,-0.0017650185808415486,0.00390625,4096.0,6400000.0
1.0,32.0,4.0,1.0,1.0,1.0,63.0,32.0,-0.0030632107251067353,-0.0017650185808415486,8192.0,32.0,6400000.0
32.0,32.0,8.0,9.0,1565.0,992.0,50377.0,154624.0,0.6334589997293246,0.644774965260249,0.0078125,0.03125,6400000.0
1.0,32.0,4.0,1.0,1.0,1.0,63.0,32.0,-0.0030632107251067353,-0.0017650185808415486,16384.0,0.25,6400000.0
1.0,32.0,4.0,1.0,1.0,1.0,63.0,32.0,-0.0030632107251067353,-0.0017650185808415486,4.0,8192.0,6400000.0
1.0,32.0,4.0,1.0,1.0,1.0,63.0,32.0,-0.0030632107251067353,-0.0017650185808415486,32768.0,0.00195312,6400000.0
1.0,1.0,4.0,1.0,1.0,1.0,63.0,32.0,-0.0030632107251067353,-0.0017650185808415486,0.0625,16384.0,6400000.0
3.0,32.0,4.0,2.0,9.0,6.0,335.0,576.0,0.10115259004895938,0.10346957106453547,8.0,64.0,6400000.0
1.0,32.0,4.0,1.0,1.0,1.0,63.0,32.0,-0.0030632107251067353,-0.0017650185808415486,8192.0,32768.0,6400000.0
1.0,32.0,4.0,1.0,1.0,1.0,63.0,32.0,-0.0030632107251067353,-0.0017650185808415486,16384.0,256.0,6400000.0
1.0,32.0,8.0,1.0,1.0,1.0,543.0,32.0,-0.0030632107251067353,-0.0017650185808415486,0.0,16384.0,6400000.0
1.0,32.0,4.0,1.0,1.0,1.0,63.0,32.0,-0.0030632107251067353,-0.0017650185808415486,32768.0,2.0,6400000.0
32.0,32.0,4.0,3.0,600.0,463.0,20327.0,69984.0,0.3298278058869626,0.33737127761195795,8.0,0.0625,6400000.0
32.0,32.0,8.0,9.0,1551.0,992.0,49912.0,154624.0,0.6290771828345891,0.6415034942831079,0.0,0.015625,6400000.0
32.0,32.0,4.0,3.0,302.0,245.0,9780.0,35104.0,0.332518306855317,0.33763516870290744,16.0,0.5,6400000.0
1.0,32.0,4.0,1.0,1.0,1.0,63.0,32.0,-0.0030632107251067353,-0.0017650185808415486,32768.0,2048.0,6400000.0
11.0,32.0,8.0,3.0,35.0,26.0,2559.0,2752.0,0.23801654357424562,0.2440154241847443,0.0,16.0,6400000.0
32.0,32.0,4.0,3.0,641.0,479.0,21379.0,72544.0,0.326487559202985,0.3386656783660462,16.0,0.0,6400000.0
1.0,32.0,4.0,1.0,1.0,1.0,63.0,32.0,-0.0030632107251067353,-0.0017650185808415486,16.0,512.0,6400000.0
32.0,32.0,4.0,2.0,578.0,476.0,20351.0,72064.0,0.2516810857610512,0.2666652169400293,32.0,0.00390625,6400000.0
1.0,1.0,4.0,7.0,31.0,16.0,876.0,2432.0,0.06459907623458794,0.0681340519874094,0.125,0.125,6400000.0
20.0,32.0,4.0,2.0,81.0,65.0,2694.0,7840.0,0.25194387259795514,0.2611969990570394,32.0,4.0,6400000.0
32.0,32.0,8.0,9.0,1509.0,992.0,48852.0,154624.0,0.6342864488451563,0.64745175408807,0.000976562,0.125,6400000.0
32.0,32.0,4.0,2.0,513.0,426.0,18138.0,64064.0,0.25143797302061,0.26714232900528334,64.0,0.03125,6400000.0
8.0,32.0,4.0,2.0,22.0,16.0,724.0,1536.0,0.184803559555608,0.19082719424152972,64.0,32.0,6400000.0
1.0,1.0,4.0,7.0,31.0,16.0,935.0,2432.0,0.06453061417624306,0.06820844800405634,0.0625,0.03125,6400000.0
1.0,32.0,4.0,1.0,1.0,1.0,63.0,32.0,-0.0030632107251067353,-0.0017650185808415486,32.0,4096.0,6400000.0
1.0,32.0,4.0,1.0,1.0,1.0,63.0,32.0,-0.0030632107251067353,-0.0017650185808415486,1.0,256.0,6400000.0
32.0,32.0,4.0,9.0,818.0,508.0,24095.0,77184.0,0.48791981292522535,0.4960496444775502,2.0,0.00195312,6400000.0
1.0,32.0,4.0,1.0,1.0,1.0,63.0,32.0,-0.0030632107251067353,-0.0017650185808415486,256.0,2.0,6400000.0
1.0,32.0,4.0,1.0,1.0,1.0,63.0,32.0,-0.0030632107251067353,-0.0017650185808415486,256.0,2048.0,6400000.0
1.0,32.0,4.0,1.0,1.0,1.0,63.0,32.0,-0.0030632107251067353,-0.0017650185808415486,256.0,0.00195312,6400000.0
1.0,32.0,4.0,1.0,1.0,1.0,63.0,32.0,-0.0030632107251067353,-0.0017650185808415486,128.0,0.25,6400000.0
1.0,32.0,4.0,1.0,1.0,1.0,63.0,32.0,-0.0030632107251067353,-0.0017650185808415486,512.0,0.015625,6400000.0
16.0,32.0,8.0,3.0,67.0,47.0,3700.0,5472.0,0.28428173420704106,0.29213228260301216,0.00390625,8.0,6400000.0
1.0,32.0,4.0,1.0,1.0,1.0,63.0,32.0,-0.0030632107251067353,-0.0017650185808415486,64.0,32768.0,6400000.0
1.0,32.0,4.0,1.0,1.0,1.0,63.0,32.0,-0.0030632107251067353,-0.0017650185808415486,512.0,16.0,6400000.0
32.0,32.0,8.0,9.0,1571.0,992.0,50539.0,154624.0,0.631610311087987,0.6504642960934903,0.00195312,0.000976562,6400000.0
1.0,32.0,4.0,1.0,1.0,1.0,63.0,32.0,-0.0030632107251067353,-0.0017650185808415486,128.0,256.0,6400000.0
1.0,32.0,4.0,1.0,1.0,1.0,63.0,32.0,-0.0030632107251067353,-0.0017650185808415486,1024.0,128.0,6400000.0
1.0,32.0,4.0,1.0,1.0,1.0,63.0,32.0,-0.0030632107251067353,-0.0017650185808415486,512.0,16384.0,6400000.0
1.0,32.0,8.0,1.0,1.0,1.0,543.0,32.0,-0.0030632107251067353,-0.0017650185808415486,0.00195312,1024.0,6400000.0
32.0,32.0,8.0,9.0,1562.0,992.0,50100.0,154624.0,0.6340214599787224,0.6502238994079975,0.00390625,0.0078125,6400000.0
32.0,32.0,8.0,9.0,1101.0,876.0,39444.0,136064.0,0.5953615974396123,0.5997333858197276,0.00195312,1.0,6400000.0
1.0,1.0,4.0,2.0,3.0,2.0,136.0,192.0,0.03911015413878083,0.040912063041146696,0.0625,32.0,6400000.0
1.0,32.0,8.0,1.0,1.0,1.0,543.0,32.0,-0.0030632107251067353,-0.0017650185808415486,0.000976562,128.0,6400000.0
1.0,32.0,4.0,1.0,1.0,1.0,63.0,32.0,-0.0030632107251067353,-0.0017650185808415486,2048.0,0.000976562,6400000.0
1.0,32.0,4.0,1.0,1.0,1.0,63.0,32.0,-0.0030632107251067353,-0.0017650185808415486,4096.0,8192.0,6400000.0
1.0,32.0,4.0,1.0,1.0,1.0,63.0,32.0,-0.0030632107251067353,-0.0017650185808415486,4096.0,0.0078125,6400000.0
1.0,32.0,4.0,1.0,1.0,1.0,63.0,32.0,-0.0030632107251067353,-0.0017650185808415486,2048.0,1024.0,6400000.0
1.0,32.0,4.0,1.0,1.0,1.0,63.0,32.0,-0.0030632107251067353,-0.0017650185808415486,2048.0,1.0,6400000.0
32.0,32.0,4.0,9.0,370.0,280.0,11595.0,40704.0,0.4781847459749249,0.49107241645862443,2.0,2.0,6400000.0
1.0,32.0,4.0,1.0,1.0,1.0,63.0,32.0,-0.0030632107251067353,-0.0017650185808415486,2.0,2048.0,6400000.0
1.0,32.0,4.0,1.0,1.0,1.0,63.0,32.0,-0.0030632107251067353,-0.0017650185808415486,4096.0,8.0,6400000.0
11.0,32.0,4.0,3.0,35.0,26.0,1119.0,2752.0,0.23801654357424562,0.2440154241847443,4.0,16.0,6400000.0
1.0,32.0,4.0,1.0,1.0,1.0,63.0,32.0,-0.0030632107251067353,-0.0017650185808415486,8192.0,0.0625,6400000.0
1.0,32.0,4.0,1.0,1.0,1.0,63.0,32.0,-0.0030632107251067353,-0.0017650185808415486,1024.0,0.125,6400000.0
1.0,1.0,4.0,1.0,1.0,1.0,63.0,32.0,-0.0030632107251067353,-0.0017650185808415486,0.03125,8192.0,6400000.0
32.0,32.0,4.0,8.0,795.0,508.0,23766.0,77184.0,0.5083378574437053,0.5171432565235023,4.0,0.015625,6400000.0
1.0,32.0,8.0,1.0,1.0,1.0,543.0,32.0,-0.0030632107251067353,-0.0017650185808415486,0.00390625,8192.0,6400000.0
1.0,32.0,4.0,1.0,1.0,1.0,63.0,32.0,-0.0030632107251067353,-0.0017650185808415486,16384.0,0.5,6400000.0
32.0,32.0,8.0,9.0,1508.0,992.0,49275.0,154624.0,0.6311784219366852,0.6420361335458431,0.0078125,0.0625,6400000.0
1.0,32.0,4.0,1.0,1.0,1.0,63.0,32.0,-0.0030632107251067353,-0.0017650185808415486,8192.0,64.0,6400000.0
1.0,32.0,4.0,1.0,1.0,1.0,63.0,32.0,-0.0030632107251067353,-0.0017650185808415486,4.0,16384.0,6400000.0
1.0,1.0,4.0,1.0,1.0,1.0,63.0,32.0,-0.0030632107251067353,-0.0017650185808415486,0.0625,32768.0,6400000.0
1.0,32.0,4.0,1.0,1.0,1.0,63.0,32.0,-0.0030632107251067353,-0.0017650185808415486,32768.0,0.00390625,6400000.0
1.0,32.0,8.0,1.0,1.0,1.0,543.0,32.0,-0.0030632107251067353,-0.0017650185808415486,0.0,32768.0,6400000.0
1.0,32.0,4.0,1.0,1.0,1.0,63.0,32.0,-0.0030632107251067353,-0.0017650185808415486,8.0,128.0,6400000.0
1.0,32.0,4.0,1.0,1.0,1.0,63.0,32.0,-0.0030632107251067353,-0.0017650185808415486,16384.0,0.0,6400000.0
1.0,32.0,4.0,1.0,1.0,1.0,63.0,32.0,-0.0030632107251067353,-0.0017650185808415486,32768.0,4.0,6400000.0
1.0,32.0,4.0,1.0,1.0,1.0,63.0,32.0,-0.0030632107251067353,-0.0017650185808415486,16384.0,512.0,6400000.0
1.0,32.0,4.0,1.0,1.0,1.0,63.0,32.0,-0.0030632107251067353,-0.0017650185808415486,32768.0,4096.0,6400000.0
32.0,32.0,4.0,3.0,531.0,427.0,17873.0,64224.0,0.32772941987642745,0.3382163862967814,8.0,0.125,6400000.0
32.0,32.0,4.0,3.0,640.0,478.0,21340.0,72384.0,0.3264990871776098,0.33866277305986847,16.0,0.000976562,6400000.0
1.0,32.0,4.0,1.0,1.0,1.0,63.0,32.0,-0.0030632107251067353,-0.0017650185808415486,16.0,1024.0,6400000.0
8.0,32.0,8.0,2.0,22.0,16.0,1924.0,1536.0,0.184803559555608,0.19082719424152972,0.0,32.0,6400000.0
32.0,32.0,8.0,9.0,1565.0,992.0,50377.0,154624.0,0.6334589997293246,0.644774965260249,0.0,0.03125,6400000.0
25.0,32.0,4.0,3.0,216.0,172.0,7163.0,24320.0,0.3258598713939125,0.33411787168337415,16.0,1.0,6400000.0
32.0,32.0,4.0,2.0,576.0,475.0,20311.0,71904.0,0.25168334245865776,0.26664281480920826,32.0,0.0078125,6400000.0
1.0,1.0,4.0,7.0,31.0,16.0,876.0,2432.0,0.06459907623458794,0.0681340519874094,0.125,0.25,6400000.0
32.0,32.0,4.0,2.0,434.0,366.0,15376.0,54464.0,0.25156337377996096,0.26644372870659705,64.0,0.0625,6400000.0
15.0,32.0,4.0,2.0,47.0,34.0,1516.0,3520.0,0.23483331904090687,0.24244665993785774,32.0,8.0,6400000.0
32.0,32.0,8.0,9.0,1423.0,992.0,47634.0,154624.0,0.635931286801741,0.6464838600212258,0.000976562,0.25,6400000.0
1.0,1.0,4.0,7.0,31.0,16.0,935.0,2432.0,0.06453061417624306,0.06820844800405634,0.0625,0.0625,6400000.0
1.0,32.0,4.0,1.0,1.0,1.0,63.0,32.0,-0.0030632107251067353,-0.0017650185808415486,1.0,512.0,6400000.0
1.0,32.0,4.0,1.0,1.0,1.0,63.0,32.0,-0.0030632107251067353,-0.0017650185808415486,32.0,8192.0,6400000.0
1.0,32.0,4.0,1.0,1.0,1.0,63.0,32.0,-0.0030632107251067353,-0.0017650185808415486,256.0,4096.0,6400000.0
1.0,32.0,4.0,1.0,1.0,1.0,63.0,32.0,-0.0030632107251067353,-0.0017650185808415486,64.0,64.0,6400000.0
32.0,32.0,4.0,9.0,817.0,510.0,24149.0,77504.0,0.49358001311771815,0.49756372625452816,2.0,0.00390625,6400000.0
1.0,32.0,4.0,1.0,1.0,1.0,63.0,32.0,-0.0030632107251067353,-0.0017650185808415486,256.0,4.0,6400000.0
1.0,32.0,4.0,1.0,1.0,1.0,63.0,32.0,-0.0030632107251067353,-0.0017650185808415486,256.0,0.00390625,6400000.0
1.0,32.0,4.0,1.0,1.0,1.0,63.0,32.0,-0.0030632107251067353,-0.0017650185808415486,512.0,0.03125,6400000.0
1.0,32.0,4.0,1.0,1.0,1.0,63.0,32.0,-0.0030632107251067353,-0.0017650185808415486,128.0,0.5,6400000.0
11.0,32.0,8.0,3.0,35.0,26.0,2559.0,2752.0,0.23801654357424562,0.2440154241847443,0.00390625,16.0,6400000.0
1.0,32.0,4.0,1.0,1.0,1.0,63.0,32.0,-0.0030632107251067353,-0.0017650185808415486,128.0,512.0,6400000.0
1.0,32.0,4.0,1.0,1.0,1.0,63.0,32.0,-0.0030632107251067353,-0.0017650185808415486,128.0,0.0,6400000.0
1.0,32.0,4.0,1.0,1.0,1.0,63.0,32.0,-0.0030632107251067353,-0.0017650185808415486,512.0,32.0,6400000.0
32.0,32.0,8.0,9.0,1587.0,992.0,50650.0,154624.0,0.6327980705653933,0.6475448699887993,0.00195312,0.00195312,6400000.0
27.0,32.0,8.0,9.0,476.0,366.0,18145.0,55104.0,0.4777812127552883,0.48718538312254733,0.00195312,2.0,6400000.0
1.0,32.0,4.0,1.0,1.0,1.0,63.0,32.0,-0.0030632107251067353,-0.0017650185808415486,512.0,32768.0,6400000.0
1.0,32.0,4.0,1.0,1.0,1.0,63.0,32.0,-0.0030632107251067353,-0.0017650185808415486,1024.0,256.0,6400000.0
1.0,32.0,4.0,1.0,1.0,1.0,63.0,32.0,-0.0030632107251067353,-0.0017650185808415486,2048.0,0.00195312,6400000.0
1.0,32.0,4.0,1.0,1.0,1.0,63.0,32.0,-0.0030632107251067353,-0.0017650185808415486,2048.0,2048.0,6400000.0
32.0,32.0,8.0,9.0,1551.0,992.0,49912.0,154624.0,0.6290771828345891,0.6415034942831079,0.00390625,0.015625,6400000.0
1.0,32.0,8.0,1.0,1.0,1.0,543.0,32.0,-0.0030632107251067353,-0.0017650185808415486,0.000976562,256.0,6400000.0
1.0,32.0,4.0,1.0,1.0,1.0,63.0,32.0,-0.0030632107251067353,-0.0017650185808415486,2048.0,2.0,6400000.0
1.0,32.0,8.0,1.0,1.0,1.0,543.0,32.0,-0.0030632107251067353,-0.0017650185808415486,0.00195312,2048.0,6400000.0
8.0,32.0,4.0,2.0,22.0,16.0,724.0,1536.0,0.184803559555608,0.19082719424152972,4.0,32.0,6400000.0
1.0,32.0,4.0,1.0,1.0,1.0,63.0,32.0,-0.0030632107251067353,-0.0017650185808415486,1024.0,0.25,6400000.0
1.0,32.0,4.0,1.0,1.0,1.0,63.0,32.0,-0.0030632107251067353,-0.0017650185808415486,2.0,4096.0,6400000.0
1.0,32.0,4.0,1.0,1.0,1.0,63.0,32.0,-0.0030632107251067353,-0.0017650185808415486,4096.0,16.0,6400000.0
1.0,32.0,4.0,1.0,1.0,1.0,63.0,32.0,-0.0030632107251067353,-0.0017650185808415486,4096.0,0.015625,6400000.0
1.0,1.0,4.0,2.0,3.0,2.0,136.0,192.0,0.03911015413878083,0.040912063041146696,0.0625,64.0,6400000.0
26.0,32.0,4.0,8.0,172.0,129.0,5296.0,17312.0,0.3951267073259065,0.40584305195034975,2.0,4.0,6400000.0
1.0,32.0,4.0,1.0,1.0,1.0,63.0,32.0,-0.0030632107251067353,-0.0017650185808415486,4096.0,16384.0,6400000.0
1.0,32.0,4.0,1.0,1.0,1.0,63.0,32.0,-0.0030632107251067353,-0.0017650185808415486,8192.0,0.125,6400000.0
1.0,32.0,8.0,1.0,1.0,1.0,543.0,32.0,-0.0030632107251067353,-0.0017650185808415486,0.00390625,16384.0,6400000.0
1.0,1.0,4.0,1.0,1.0,1.0,63.0,32.0,-0.0030632107251067353,-0.0017650185808415486,0.03125,16384.0,6400000.0
32.0,32.0,4.0,8.0,796.0,511.0,24271.0,77664.0,0.49312932572041546,0.5053551566515305,4.0,0.03125,6400000.0
32.0,32.0,8.0,9.0,1509.0,992.0,48852.0,154624.0,0.6342864488451563,0.64745175408807,0.0078125,0.125,6400000.0
1.0,32.0,4.0,1.0,1.0,1.0,63.0,32.0,-0.0030632107251067353,-0.0017650185808415486,16384.0,1.0,6400000.0
1.0,32.0,4.0,1.0,1.0,1.0,63.0,32.0,-0.0030632107251067353,-0.0017650185808415486,4.0,32768.0,6400000.0
1.0,32.0,4.0,1.0,1.0,1.0,63.0,32.0,-0.0030632107251067353,-0.0017650185808415486,8192.0,128.0,6400000.0
1.0,32.0,4.0,1.0,1.0,1.0,63.0,32.0,-0.0030632107251067353,-0.0017650185808415486,32768.0,0.0078125,6400000.0
1.0,1.0,4.0,7.0,31.0,16.0,876.0,2432.0,0.06459907623458794,0.0681340519874094,0.125,0.0,6400000.0
1.0,32.0,4.0,1.0,1.0,1.0,63.0,32.0,-0.0030632107251067353,-0.0017650185808415486,16384.0,0.000976562,6400000.0
1.0,32.0,4.0,1.0,1.0,1.0,63.0,32.0,-0.0030632107251067353,-0.0017650185808415486,16384.0,1024.0,6400000.0
1.0,32.0,4.0,1.0,1.0,1.0,63.0,32.0,-0.0030632107251067353,-0.0017650185808415486,32768.0,8192.0,6400000.0
32.0,32.0,4.0,3.0,417.0,336.0,13989.0,49664.0,0.3293591713408358,0.33863060882923246,8.0,0.25,6400000.0
1.0,32.0,4.0,1.0,1.0,1.0,63.0,32.0,-0.0030632107251067353,-0.0017650185808415486,32768.0,8.0,6400000.0
1.0,32.0,4.0,1.0,1.0,1.0,63.0,32.0,-0.0030632107251067353,-0.0017650185808415486,16.0,2048.0,6400000.0
32.0,32.0,8.0,9.0,1508.0,992.0,49275.0,154624.0,0.6311784219366852,0.6420361335458431,0.0,0.0625,6400000.0
23.0,32.0,4.0,3.0,153.0,120.0,4975.0,16256.0,0.319552560784911,0.327150369759344,16.0,2.0,6400000.0
1.0,32.0,4.0,1.0,1.0,1.0,63.0,32.0,-0.0030632107251067353,-0.0017650185808415486,8.0,256.0,6400000.0
32.0,32.0,4.0,3.0,633.0,473.0,21236.0,71584.0,0.32669978251881404,0.338744594930797,16.0,0.00195312,6400000.0
32.0,32.0,8.0,9.0,1572.0,992.0,50540.0,154624.0,0.6315821618889438,0.6504139572983774,0.000976562,0.0,6400000.0
3.0,32.0,8.0,2.0,9.0,6.0,1295.0,576.0,0.10115259004895938,0.10346957106453547,0.0,64.0,6400000.0
32.0,32.0,4.0,2.0,562.0,464.0,19879.0,70144.0,0.25218178717861806,0.26668981457228225,32.0,0.015625,6400000.0
11.0,32.0,4.0,2.0,30.0,22.0,944.0,2112.0,0.211815897449531,0.21820531799146736,32.0,16.0,6400000.0
32.0,32.0,4.0,2.0,286.0,243.0,9985.0,34784.0,0.25489303352011805,0.2697082187746803,64.0,0.125,6400000.0
1.0,1.0,4.0,7.0,31.0,16.0,876.0,2432.0,0.06459907623458794,0.0681340519874094,0.125,0.5,6400000.0
1.0,1.0,4.0,7.0,31.0,16.0,935.0,2432.0,0.06453061417624306,0.06820844800405634,0.0625,0.125,6400000.0
1.0,32.0,4.0,1.0,1.0,1.0,63.0,32.0,-0.0030632107251067353,-0.0017650185808415486,1.0,1024.0,6400000.0
32.0,32.0,8.0,9.0,1330.0,992.0,46023.0,154624.0,0.6451143536104034,0.635987889264176,0.000976562,0.5,6400000.0
1.0,32.0,4.0,1.0,1.0,1.0,63.0,32.0,-0.0030632107251067353,-0.0017650185808415486,32.0,16384.0,6400000.0
32.0,32.0,4.0,9.0,812.0,509.0,24314.0,77344.0,0.4922689952643169,0.501787625623834,2.0,0.0078125,6400000.0
1.0,32.0,4.0,1.0,1.0,1.0,63.0,32.0,-0.0030632107251067353,-0.0017650185808415486,256.0,8192.0,6400000.0
1.0,32.0,4.0,1.0,1.0,1.0,63.0,32.0,-0.0030632107251067353,-0.0017650185808415486,256.0,8.0,6400000.0
1.0,32.0,4.0,1.0,1.0,1.0,63.0,32.0,-0.0030632107251067353,-0.0017650185808415486,64.0,128.0,6400000.0
1.0,32.0,4.0,1.0,1.0,1.0,63.0,32.0,-0.0030632107251067353,-0.0017650185808415486,512.0,0.0625,6400000.0
1.0,32.0,4.0,1.0,1.0,1.0,63.0,32.0,-0.0030632107251067353,-0.0017650185808415486,128.0,1024.0,6400000.0
1.0,32.0,4.0,1.0,1.0,1.0,63.0,32.0,-0.0030632107251067353,-0.0017650185808415486,128.0,1.0,6400000.0
1.0,32.0,4.0,1.0,1.0,1.0,63.0,32.0,-0.0030632107251067353,-0.0017650185808415486,128.0,0.000976562,6400000.0
1.0,32.0,4.0,1.0,1.0,1.0,63.0,32.0,-0.0030632107251067353,-0.0017650185808415486,256.0,0.0078125,6400000.0
1.0,32.0,4.0,1.0,1.0,1.0,63.0,32.0,-0.0030632107251067353,-0.0017650185808415486,512.0,64.0,6400000.0
8.0,32.0,8.0,2.0,22.0,16.0,1924.0,1536.0,0.184803559555608,0.19082719424152972,0.00390625,32.0,6400000.0
29.0,32.0,8.0,9.0,205.0,156.0,9076.0,21248.0,0.40735776232514465,0.41510468520174093,0.00195312,4.0,6400000.0
1.0,32.0,4.0,1.0,1.0,1.0,63.0,32.0,-0.0030632107251067353,-0.0017650185808415486,1024.0,0.0,6400000.0
32.0,32.0,8.0,9.0,1589.0,992.0,50810.0,154624.0,0.6295838277052135,0.6468385308844131,0.00195312,0.00390625,6400000.0
1.0,32.0,8.0,1.0,1.0,1.0,543.0,32.0,-0.0030632107251067353,-0.0017650185808415486,0.000976562,512.0,6400000.0
1.0,32.0,4.0,1.0,1.0,1.0,63.0,32.0,-0.0030632107251067353,-0.0017650185808415486,1024.0,512.0,6400000.0
1.0,32.0,4.0,1.0,1.0,1.0,63.0,32.0,-0.0030632107251067353,-0.0017650185808415486,2048.0,0.00390625,6400000.0
3.0,32.0,4.0,2.0,9.0,6.0,335.0,576.0,0.10115259004895938,0.10346957106453547,4.0,64.0,6400000.0
32.0,32.0,8.0,9.0,1565.0,992.0,50377.0,154624.0,0.6334589997293246,0.644774965260249,0.00390625,0.03125,6400000.0
1.0,32.0,4.0,1.0,1.0,1.0,63.0,32.0,-0.0030632107251067353,-0.0017650185808415486,2048.0,4.0,6400000.0
1.0,1.0,4.0,1.0,1.0,1.0,63.0,32.0,-0.0030632107251067353,-0.0017650185808415486,0.0625,128.0,6400000.0
1.0,32.0,4.0,1.0,1.0,1.0,63.0,32.0,-0.0030632107251067353,-0.0017650185808415486,2048.0,4096.0,6400000.0
1.0,32.0,4.0,1.0,1.0,1.0,63.0,32.0,-0.0030632107251067353,-0.0017650185808415486,1024.0,0.5,6400000.0
1.0,32.0,8.0,1.0,1.0,1.0,543.0,32.0,-0.0030632107251067353,-0.0017650185808415486,0.00195312,4096.0,6400000.0
1.0,32.0,4.0,1.0,1.0,1.0,63.0,32.0,-0.0030632107251067353,-0.0017650185808415486,2.0,8192.0,6400000.0
1.0,32.0,8.0,1.0,1.0,1.0,543.0,32.0,-0.0030632107251067353,-0.0017650185808415486,0.00390625,32768.0,6400000.0
1.0,32.0,4.0,1.0,1.0,1.0,63.0,32.0,-0.0030632107251067353,-0.0017650185808415486,4096.0,32.0,6400000.0
16.0,32.0,4.0,3.0,67.0,47.0,2020.0,5472.0,0.28428173420704106,0.29213228260301216,2.0,8.0,6400000.0
1.0,32.0,4.0,1.0,1.0,1.0,63.0,32.0,-0.0030632107251067353,-0.0017650185808415486,4096.0,0.03125,6400000.0
32.0,32.0,4.0,8.0,762.0,506.0,23125.0,76864.0,0.48148800701059047,0.496510734505369,4.0,0.0625,6400000.0
1.0,1.0,4.0,1.0,1.0,1.0,63.0,32.0,-0.0030632107251067353,-0.0017650185808415486,0.03125,32768.0,6400000.0
1.0,32.0,4.0,1.0,1.0,1.0,63.0,32.0,-0.0030632107251067353,-0.0017650185808415486,8192.0,256.0,6400000.0
1.0,32.0,4.0,1.0,1.0,1.0,63.0,32.0,-0.0030632107251067353,-0.0017650185808415486,8192.0,0.25,6400000.0
1.0,32.0,4.0,1.0,1.0,1.0,63.0,32.0,-0.0030632107251067353,-0.0017650185808415486,16384.0,2.0,6400000.0
1.0,32.0,4.0,1.0,1.0,1.0,63.0,32.0,-0.0030632107251067353,-0.0017650185808415486,4096.0,32768.0,6400000.0
32.0,32.0,4.0,3.0,639.0,480.0,21353.0,72704.0,0.325474527591469,0.3376863810731292,8.0,0.0,6400000.0
32.0,32.0,8.0,9.0,1423.0,992.0,47634.0,154624.0,0.635931286801741,0.6464838600212258,0.0078125,0.25,6400000.0
1.0,1.0,4.0,7.0,31.0,16.0,876.0,2432.0,0.06459907623458794,0.0681340519874094,0.125,0.000976562,6400000.0
1.0,32.0,4.0,1.0,1.0,1.0,63.0,32.0,-0.0030632107251067353,-0.0017650185808415486,32768.0,0.015625,6400000.0
32.0,32.0,4.0,3.0,323.0,259.0,10680.0,37344.0,0.33143742313168967,0.335531340974662,8.0,0.5,6400000.0
1.0,32.0,4.0,1.0,1.0,1.0,63.0,32.0,-0.0030632107251067353,-0.0017650185808415486,16384.0,0.00195312,6400000.0
1.0,32.0,4.0,1.0,1.0,1.0,63.0,32.0,-0.0030632107251067353,-0.0017650185808415486,8.0,512.0,6400000.0
1.0,32.0,4.0,1.0,1.0,1.0,63.0,32.0,-0.0030632107251067353,-0.0017650185808415486,32768.0,16384.0,6400000.0
1.0,32.0,4.0,1.0,1.0,1.0,63.0,32.0,-0.0030632107251067353,-0.0017650185808415486,16384.0,2048.0,6400000.0
1.0,32.0,8.0,1.0,1.0,1.0,543.0,32.0,-0.0030632107251067353,-0.0017650185808415486,0.0,128.0,6400000.0
1.0,32.0,4.0,1.0,1.0,1.0,63.0,32.0,-0.0030632107251067353,-0.0017650185808415486,16.0,4096.0,6400000.0
32.0,32.0,4.0,3.0,640.0,474.0,21250.0,71744.0,0.32774398407304495,0.33867606638348635,16.0,0.00390625,6400000.0
32.0,32.0,8.0,9.0,1571.0,992.0,50539.0,154624.0,0.631610311087987,0.6504642960934903,0.000976562,0.000976562,6400000.0
1.0,32.0,4.0,1.0,1.0,1.0,63.0,32.0,-0.0030632107251067353,-0.0017650185808415486,32768.0,16.0,6400000.0
32.0,32.0,8.0,9.0,1509.0,992.0,48852.0,154624.0,0.6342864488451563,0.64745175408807,0.0,0.125,6400000.0
19.0,32.0,4.0,3.0,110.0,83.0,3508.0,10848.0,0.3078232849852275,0.3144164768351574,16.0,4.0,6400000.0
32.0,32.0,4.0,2.0,513.0,426.0,18138.0,64064.0,0.25143797302061,0.26714232900528334,32.0,0.03125,6400000.0
31.0,32.0,4.0,2.0,228.0,198.0,7852.0,27712.0,0.2571886136123701,0.26977587157356997,64.0,0.25,6400000.0
1.0,1.0,4.0,7.0,31.0,16.0,935.0,2432.0,0.06453061417624306,0.06820844800405634,0.0625,0.25,6400000.0
1.0,1.0,4.0,6.0,26.0,14.0,760.0,2112.0,0.0636058133035663,0.0673808602609266,0.125,1.0,6400000.0
8.0,32.0,4.0,2.0,22.0,16.0,724.0,1536.0,0.184803559555608,0.19082719424152972,32.0,32.0,6400000.0
1.0,32.0,4.0,1.0,1.0,1.0,63.0,32.0,-0.0030632107251067353,-0.0017650185808415486,1.0,2048.0,6400000.0
32.0,32.0,8.0,9.0,1101.0,876.0,39444.0,136064.0,0.5953615974396123,0.5997333858197276,0.000976562,1.0,6400000.0
1.0,32.0,4.0,1.0,1.0,1.0,63.0,32.0,-0.0030632107251067353,-0.0017650185808415486,64.0,256.0,6400000.0
1.0,32.0,4.0,1.0,1.0,1.0,63.0,32.0,-0.0030632107251067353,-0.0017650185808415486,256.0,16384.0,6400000.0
1.0,32.0,4.0,1.0,1.0,1.0,63.0,32.0,-0.0030632107251067353,-0.0017650185808415486,256.0,16.0,6400000.0
32.0,32.0,4.0,9.0,810.0,510.0,24164.0,77504.0,0.48574423347491025,0.4968929999759357,2.0,0.015625,6400000.0
1.0,32.0,4.0,1.0,1.0,1.0,63.0,32.0,-0.0030632107251067353,-0.0017650185808415486,32.0,32768.0,6400000.0
1.0,32.0,4.0,1.0,1.0,1.0,63.0,32.0,-0.0030632107251067353,-0.0017650185808415486,512.0,0.125,6400000.0
1.0,32.0,4.0,1.0,1.0,1.0,63.0,32.0,-0.0030632107251067353,-0.0017650185808415486,128.0,0.00195312,6400000.0
1.0,32.0,4.0,1.0,1.0,1.0,63.0,32.0,-0.0030632107251067353,-0.0017650185808415486,512.0,128.0,6400000.0
1.0,32.0,4.0,1.0,1.0,1.0,63.0,32.0,-0.0030632107251067353,-0.0017650185808415486,256.0,0.015625,6400000.0
3.0,32.0,8.0,2.0,9.0,6.0,1295.0,576.0,0.10115259004895938,0.10346957106453547,0.00390625,64.0,6400000.0
1.0,32.0,4.0,1.0,1.0,1.0,63.0,32.0,-0.0030632107251067353,-0.0017650185808415486,128.0,2048.0,6400000.0
1.0,32.0,4.0,1.0,1.0,1.0,63.0,32.0,-0.0030632107251067353,-0.0017650185808415486,128.0,2.0,6400000.0
1.0,32.0,8.0,1.0,1.0,1.0,543.0,32.0,-0.0030632107251067353,-0.0017650185808415486,0.000976562,1024.0,6400000.0
16.0,32.0,8.0,3.0,67.0,47.0,3700.0,5472.0,0.28428173420704106,0.29213228260301216,0.00195312,8.0,6400000.0
1.0,32.0,4.0,1.0,1.0,1.0,63.0,32.0,-0.0030632107251067353,-0.0017650185808415486,1024.0,0.000976562,6400000.0
1.0,32.0,4.0,1.0,1.0,1.0,63.0,32.0,-0.0030632107251067353,-0.0017650185808415486,4.0,128.0,6400000.0
32.0,32.0,8.0,9.0,1562.0,992.0,50100.0,154624.0,0.6340214599787224,0.6502238994079975,0.00195312,0.0078125,6400000.0
1.0,32.0,4.0,1.0,1.0,1.0,63.0,32.0,-0.0030632107251067353,-0.0017650185808415486,2048.0,8192.0,6400000.0
1.0,32.0,4.0,1.0,1.0,1.0,63.0,32.0,-0.0030632107251067353,-0.0017650185808415486,2048.0,8.0,6400000.0
1.0,32.0,4.0,1.0,1.0,1.0,63.0,32.0,-0.0030632107251067353,-0.0017650185808415486,1024.0,1024.0,6400000.0
1.0,32.0,8.0,1.0,1.0,1.0,543.0,32.0,-0.0030632107251067353,-0.0017650185808415486,0.00195312,8192.0,6400000.0
1.0,32.0,4.0,1.0,1.0,1.0,63.0,32.0,-0.0030632107251067353,-0.0017650185808415486,2048.0,0.0078125,6400000.0
1.0,1.0,4.0,1.0,1.0,1.0,63.0,32.0,-0.0030632107251067353,-0.0017650185808415486,0.0625,256.0,6400000.0
1.0,32.0,4.0,1.0,1.0,1.0,63.0,32.0,-0.0030632107251067353,-0.0017650185808415486,2.0,16384.0,6400000.0
11.0,32.0,4.0,3.0,35.0,26.0,1119.0,2752.0,0.23801654357424562,0.2440154241847443,2.0,16.0,6400000.0
1.0,32.0,4.0,1.0,1.0,1.0,63.0,32.0,-0.0030632107251067353,-0.0017650185808415486,4096.0,0.0625,6400000.0
1.0,32.0,4.0,1.0,1.0,1.0,63.0,32.0,-0.0030632107251067353,-0.0017650185808415486,4096.0,64.0,6400000.0
32.0,32.0,8.0,9.0,1508.0,992.0,49275.0,154624.0,0.6311784219366852,0.6420361335458431,0.00390625,0.0625,6400000.0
1.0,32.0,4.0,1.0,1.0,1.0,63.0,32.0,-0.0030632107251067353,-0.0017650185808415486,1024.0,1.0,6400000.0
32.0,32.0,8.0,9.0,1572.0,992.0,50540.0,154624.0,0.6315821618889438,0.6504139572983774,0.0078125,0.0,6400000.0
1.0,32.0,4.0,1.0,1.0,1.0,63.0,32.0,-0.0030632107251067353,-0.0017650185808415486,16384.0,4.0,6400000.0
1.0,32.0,4.0,1.0,1.0,1.0,63.0,32.0,-0.0030632107251067353,-0.0017650185808415486,8192.0,0.5,6400000.0
1.0,1.0,4.0,7.0,31.0,16.0,935.0,2432.0,0.06453061417624306,0.06820844800405634,0.0625,0.0,6400000.0
32.0,32.0,8.0,9.0,1330.0,992.0,46023.0,154624.0,0.6451143536104034,0.635987889264176,0.0078125,0.5,6400000.0
32.0,32.0,4.0,8.0,751.0,504.0,22914.0,76544.0,0.4837623852807458,0.49761070585670575,4.0,0.125,6400000.0
1.0,32.0,4.0,1.0,1.0,1.0,63.0,32.0,-0.0030632107251067353,-0.0017650185808415486,8192.0,0.0,6400000.0
1.0,32.0,4.0,1.0,1.0,1.0,63.0,32.0,-0.0030632107251067353,-0.0017650185808415486,8192.0,512.0,6400000.0
1.0,1.0,4.0,7.0,31.0,16.0,876.0,2432.0,0.06459907623458794,0.0681340519874094,0.125,0.00195312,6400000.0
32.0,32.0,4.0,3.0,646.0,482.0,21498.0,73024.0,0.3251785045307678,0.3370974002694114,8.0,0.000976562,6400000.0
1.0,32.0,4.0,1.0,1.0,1.0,63.0,32.0,-0.0030632107251067353,-0.0017650185808415486,32768.0,0.03125,6400000.0
25.0,32.0,4.0,3.0,212.0,168.0,6953.0,23680.0,0.32214268471966934,0.33085644792714397,8.0,1.0,6400000.0
1.0,32.0,4.0,1.0,1.0,1.0,63.0,32.0,-0.0030632107251067353,-0.0017650185808415486,16384.0,4096.0,6400000.0
1.0,32.0,8.0,1.0,1.0,1.0,543.0,32.0,-0.0030632107251067353,-0.0017650185808415486,0.0,256.0,6400000.0
1.0,32.0,4.0,1.0,1.0,1.0,63.0,32.0,-0.0030632107251067353,-0.0017650185808415486,16384.0,0.00390625,6400000.0
32.0,32.0,8.0,9.0,1587.0,992.0,50650.0,154624.0,0.6327980705653933,0.6475448699887993,0.000976562,0.00195312,6400000.0
1.0,32.0,4.0,1.0,1.0,1.0,63.0,32.0,-0.0030632107251067353,-0.0017650185808415486,8.0,1024.0,6400000.0
1.0,32.0,4.0,1.0,1.0,1.0,63.0,32.0,-0.0030632107251067353,-0.0017650185808415486,32768.0,32.0,6400000.0
32.0,32.0,4.0,3.0,640.0,474.0,21250.0,71744.0,0.32774398407304495,0.33867606638348635,16.0,0.0078125,6400000.0
1.0,32.0,4.0,1.0,1.0,1.0,63.0,32.0,-0.0030632107251067353,-0.0017650185808415486,32768.0,32768.0,6400000.0
32.0,32.0,8.0,9.0,1423.0,992.0,47634.0,154624.0,0.635931286801741,0.6464838600212258,0.0,0.25,6400000.0
1.0,32.0,4.0,1.0,1.0,1.0,63.0,32.0,-0.0030632107251067353,-0.0017650185808415486,16.0,8192.0,6400000.0
32.0,32.0,4.0,2.0,434.0,366.0,15376.0,54464.0,0.25156337377996096,0.26644372870659705,32.0,0.0625,6400000.0
15.0,32.0,4.0,2.0,47.0,34.0,1516.0,3520.0,0.23483331904090687,0.24244665993785774,16.0,8.0,6400000.0
28.0,32.0,4.0,2.0,169.0,148.0,5884.0,20096.0,0.2583267179155011,0.26924795824128556,64.0,0.5,6400000.0
1.0,1.0,4.0,6.0,26.0,14.0,760.0,2112.0,0.0636058133035663,0.0673808602609266,0.125,2.0,6400000.0
1.0,1.0,4.0,7.0,31.0,16.0,935.0,2432.0,0.06453061417624306,0.06820844800405634,0.0625,0.5,6400000.0
3.0,32.0,4.0,2.0,9.0,6.0,335.0,576.0,0.10115259004895938,0.10346957106453547,32.0,64.0,6400000.0
1.0,32.0,4.0,1.0,1.0,1.0,63.0,32.0,-0.0030632107251067353,-0.0017650185808415486,1.0,4096.0,6400000.0
27.0,32.0,8.0,9.0,476.0,366.0,18145.0,55104.0,0.4777812127552883,0.48718538312254733,0.000976562,2.0,6400000.0
1.0,32.0,4.0,1.0,1.0,1.0,63.0,32.0,-0.0030632107251067353,-0.0017650185808415486,64.0,512.0,6400000.0
1.0,32.0,4.0,1.0,1.0,1.0,63.0,32.0,-0.0030632107251067353,-0.0017650185808415486,256.0,32768.0,6400000.0
1.0,32.0,4.0,1.0,1.0,1.0,63.0,32.0,-0.0030632107251067353,-0.0017650185808415486,256.0,32.0,6400000.0
32.0,32.0,4.0,9.0,802.0,510.0,23913.0,77504.0,0.49393537947028554,0.5040309837112282,2.0,0.03125,6400000.0
32.0,32.0,4.0,2.0,585.0,480.0,20603.0,72704.0,0.2516709386436734,0.26664914807042206,64.0,0.0,6400000.0
1.0,32.0,4.0,1.0,1.0,1.0,63.0,32.0,-0.0030632107251067353,-0.0017650185808415486,512.0,0.25,6400000.0
1.0,32.0,4.0,1.0,1.0,1.0,63.0,32.0,-0.0030632107251067353,-0.0017650185808415486,512.0,256.0,6400000.0
1.0,32.0,4.0,1.0,1.0,1.0,63.0,32.0,-0.0030632107251067353,-0.0017650185808415486,128.0,0.00390625,6400000.0
1.0,32.0,4.0,1.0,1.0,1.0,63.0,32.0,-0.0030632107251067353,-0.0017650185808415486,128.0,4.0,6400000.0
1.0,32.0,8.0,1.0,1.0,1.0,543.0,32.0,-0.0030632107251067353,-0.0017650185808415486,0.00390625,128.0,6400000.0
1.0,32.0,4.0,1.0,1.0,1.0,63.0,32.0,-0.0030632107251067353,-0.0017650185808415486,256.0,0.03125,6400000.0
1.0,32.0,4.0,1.0,1.0,1.0,63.0,32.0,-0.0030632107251067353,-0.0017650185808415486,128.0,4096.0,6400000.0
1.0,32.0,4.0,1.0,1.0,1.0,63.0,32.0,-0.0030632107251067353,-0.0017650185808415486,1024.0,0.00195312,6400000.0
11.0,32.0,8.0,3.0,35.0,26.0,2559.0,2752.0,0.23801654357424562,0.2440154241847443,0.00195312,16.0,6400000.0
1.0,32.0,8.0,1.0,1.0,1.0,543.0,32.0,-0.0030632107251067353,-0.0017650185808415486,0.000976562,2048.0,6400000.0
32.0,32.0,8.0,9.0,1551.0,992.0,49912.0,154624.0,0.6290771828345891,0.6415034942831079,0.00195312,0.015625,6400000.0
1.0,32.0,4.0,1.0,1.0,1.0,63.0,32.0,-0.0030632107251067353,-0.0017650185808415486,4.0,256.0,6400000.0
1.0,32.0,4.0,1.0,1.0,1.0,63.0,32.0,-0.0030632107251067353,-0.0017650185808415486,2048.0,16.0,6400000.0
1.0,32.0,4.0,1.0,1.0,1.0,63.0,32.0,-0.0030632107251067353,-0.0017650185808415486,2048.0,16384.0,6400000.0
1.0,32.0,4.0,1.0,1.0,1.0,63.0,32.0,-0.0030632107251067353,-0.0017650185808415486,1024.0,2048.0,6400000.0
1.0,32.0,8.0,1.0,1.0,1.0,543.0,32.0,-0.0030632107251067353,-0.0017650185808415486,0.00195312,16384.0,6400000.0
1.0,32.0,4.0,1.0,1.0,1.0,63.0,32.0,-0.0030632107251067353,-0.0017650185808415486,2048.0,0.015625,6400000.0
1.0,1.0,4.0,1.0,1.0,1.0,63.0,32.0,-0.0030632107251067353,-0.0017650185808415486,0.0625,512.0,6400000.0
1.0,32.0,4.0,1.0,1.0,1.0,63.0,32.0,-0.0030632107251067353,-0.0017650185808415486,4096.0,128.0,6400000.0
8.0,32.0,4.0,2.0,22.0,16.0,724.0,1536.0,0.184803559555608,0.19082719424152972,2.0,32.0,6400000.0
1.0,32.0,4.0,1.0,1.0,1.0,63.0,32.0,-0.0030632107251067353,-0.0017650185808415486,1024.0,2.0,6400000.0
32.0,32.0,8.0,9.0,1571.0,992.0,50539.0,154624.0,0.631610311087987,0.6504642960934903,0.0078125,0.000976562,6400000.0
1.0,32.0,4.0,1.0,1.0,1.0,63.0,32.0,-0.0030632107251067353,-0.0017650185808415486,8192.0,1.0,6400000.0
32.0,32.0,8.0,9.0,1509.0,992.0,48852.0,154624.0,0.6342864488451563,0.64745175408807,0.00390625,0.125,6400000.0
1.0,1.0,4.0,7.0,31.0,16.0,935.0,2432.0,0.06453061417624306,0.06820844800405634,0.0625,0.000976562,6400000.0
32.0,32.0,4.0,8.0,692.0,478.0,21404.0,72384.0,0.4847361008230552,0.5041650346364364,4.0,0.25,6400000.0
1.0,32.0,4.0,1.0,1.0,1.0,63.0,32.0,-0.0030632107251067353,-0.0017650185808415486,8192.0,0.000976562,6400000.0
1.0,1.0,4.0,7.0,31.0,16.0,876.0,2432.0,0.06459907623458794,0.0681340519874094,0.125,0.00390625,6400000.0
1.0,32.0,4.0,1.0,1.0,1.0,63.0,32.0,-0.0030632107251067353,-0.0017650185808415486,16384.0,8.0,6400000.0
22.0,32.0,4.0,3.0,153.0,118.0,4939.0,16064.0,0.31635085591853673,0.3261679097067831,8.0,2.0,6400000.0
32.0,32.0,4.0,3.0,641.0,481.0,21331.0,72864.0,0.3258744515123787,0.33714803814899974,8.0,0.00195312,6400000.0
1.0,32.0,4.0,1.0,1.0,1.0,63.0,32.0,-0.0030632107251067353,-0.0017650185808415486,2.0,32768.0,6400000.0
32.0,32.0,8.0,9.0,1101.0,876.0,39444.0,136064.0,0.5953615974396123,0.5997333858197276,0.0078125,1.0,6400000.0
1.0,32.0,4.0,1.0,1.0,1.0,63.0,32.0,-0.0030632107251067353,-0.0017650185808415486,8192.0,1024.0,6400000.0
1.0,32.0,4.0,1.0,1.0,1.0,63.0,32.0,-0.0030632107251067353,-0.0017650185808415486,4096.0,0.125,6400000.0
1.0,32.0,4.0,1.0,1.0,1.0,63.0,32.0,-0.0030632107251067353,-0.0017650185808415486,32768.0,0.0625,6400000.0
1.0,32.0,4.0,1.0,1.0,1.0,63.0,32.0,-0.0030632107251067353,-0.0017650185808415486,16384.0,0.0078125,6400000.0
1.0,32.0,8.0,1.0,1.0,1.0,543.0,32.0,-0.0030632107251067353,-0.0017650185808415486,0.0,512.0,6400000.0
32.0,32.0,4.0,3.0,647.0,479.0,21602.0,72544.0,0.3279294271075244,0.3385462733516741,16.0,0.015625,6400000.0
1.0,32.0,4.0,1.0,1.0,1.0,63.0,32.0,-0.0030632107251067353,-0.0017650185808415486,8.0,2048.0,6400000.0
1.0,32.0,4.0,1.0,1.0,1.0,63.0,32.0,-0.0030632107251067353,-0.0017650185808415486,32768.0,64.0,6400000.0
1.0,32.0,4.0,1.0,1.0,1.0,63.0,32.0,-0.0030632107251067353,-0.0017650185808415486,16384.0,8192.0,6400000.0
32.0,32.0,8.0,9.0,1330.0,992.0,46023.0,154624.0,0.6451143536104034,0.635987889264176,0.0,0.5,6400000.0
32.0,32.0,8.0,9.0,1589.0,992.0,50810.0,154624.0,0.6295838277052135,0.6468385308844131,0.000976562,0.00390625,6400000.0
11.0,32.0,4.0,2.0,30.0,22.0,944.0,2112.0,0.211815897449531,0.21820531799146736,16.0,16.0,6400000.0
32.0,32.0,8.0,9.0,1572.0,992.0,50540.0,154624.0,0.6315821618889438,0.6504139572983774,0.0,0.0,6400000.0
1.0,32.0,4.0,1.0,1.0,1.0,63.0,32.0,-0.0030632107251067353,-0.0017650185808415486,16.0,16384.0,6400000.0
32.0,32.0,4.0,2.0,286.0,243.0,9985.0,34784.0,0.25489303352011805,0.2697082187746803,32.0,0.125,6400000.0
25.0,32.0,4.0,2.0,113.0,94.0,3852.0,11840.0,0.25446652674505144,0.26625990280383205,64.0,1.0,6400000.0
1.0,1.0,4.0,6.0,26.0,14.0,760.0,2112.0,0.0636058133035663,0.0673808602609266,0.0625,1.0,6400000.0
1.0,1.0,4.0,4.0,13.0,7.0,410.0,992.0,0.057805003399450605,0.060993872308649943,0.125,4.0,6400000.0
1.0,32.0,4.0,1.0,1.0,1.0,63.0,32.0,-0.0030632107251067353,-0.0017650185808415486,32.0,128.0,6400000.0
1.0,32.0,4.0,1.0,1.0,1.0,63.0,32.0,-0.0030632107251067353,-0.0017650185808415486,1.0,8192.0,6400000.0
29.0,32.0,8.0,9.0,205.0,156.0,9076.0,21248.0,0.40735776232514465,0.41510468520174093,0.000976562,4.0,6400000.0
1.0,32.0,4.0,1.0,1.0,1.0,63.0,32.0,-0.0030632107251067353,-0.0017650185808415486,256.0,64.0,6400000.0
32.0,32.0,4.0,9.0,803.0,510.0,24004.0,77504.0,0.48582302107343933,0.49796515202369795,2.0,0.0625,6400000.0
32.0,32.0,4.0,2.0,583.0,479.0,20532.0,72544.0,0.25166707528136445,0.26664994613193427,64.0,0.000976562,6400000.0
1.0,32.0,4.0,1.0,1.0,1.0,63.0,32.0,-0.0030632107251067353,-0.0017650185808415486,64.0,1024.0,6400000.0
1.0,32.0,4.0,1.0,1.0,1.0,63.0,32.0,-0.0030632107251067353,-0.0017650185808415486,512.0,0.5,6400000.0
1.0,32.0,4.0,1.0,1.0,1.0,63.0,32.0,-0.0030632107251067353,-0.0017650185808415486,512.0,0.0,6400000.0
1.0,32.0,4.0,1.0,1.0,1.0,63.0,32.0,-0.0030632107251067353,-0.0017650185808415486,512.0,512.0,6400000.0
1.0,32.0,4.0,1.0,1.0,1.0,63.0,32.0,-0.0030632107251067353,-0.0017650185808415486,128.0,0.0078125,6400000.0
1.0,32.0,8.0,1.0,1.0,1.0,543.0,32.0,-0.0030632107251067353,-0.0017650185808415486,0.00390625,256.0,6400000.0
1.0,32.0,4.0,1.0,1.0,1.0,63.0,32.0,-0.0030632107251067353,-0.0017650185808415486,128.0,8.0,6400000.0
1.0,32.0,4.0,1.0,1.0,1.0,63.0,32.0,-0.0030632107251067353,-0.0017650185808415486,128.0,8192.0,6400000.0
8.0,32.0,8.0,2.0,22.0,16.0,1924.0,1536.0,0.184803559555608,0.19082719424152972,0.00195312,32.0,6400000.0
1.0,32.0,4.0,1.0,1.0,1.0,63.0,32.0,-0.0030632107251067353,-0.0017650185808415486,256.0,0.0625,6400000.0
1.0,32.0,8.0,1.0,1.0,1.0,543.0,32.0,-0.0030632107251067353,-0.0017650185808415486,0.000976562,4096.0,6400000.0
32.0,32.0,8.0,9.0,1565.0,992.0,50377.0,154624.0,0.6334589997293246,0.644774965260249,0.00195312,0.03125,6400000.0
1.0,32.0,4.0,1.0,1.0,1.0,63.0,32.0,-0.0030632107251067353,-0.0017650185808415486,1024.0,0.00390625,6400000.0
1.0,32.0,4.0,1.0,1.0,1.0,63.0,32.0,-0.0030632107251067353,-0.0017650185808415486,4.0,512.0,6400000.0
1.0,32.0,4.0,1.0,1.0,1.0,63.0,32.0,-0.0030632107251067353,-0.0017650185808415486,2048.0,32.0,6400000.0
1.0,32.0,4.0,1.0,1.0,1.0,63.0,32.0,-0.0030632107251067353,-0.0017650185808415486,2048.0,32768.0,6400000.0
1.0,32.0,4.0,1.0,1.0,1.0,63.0,32.0,-0.0030632107251067353,-0.0017650185808415486,1024.0,4096.0,6400000.0
1.0,32.0,8.0,1.0,1.0,1.0,543.0,32.0,-0.0030632107251067353,-0.0017650185808415486,0.00195312,32768.0,6400000.0
3.0,32.0,4.0,2.0,9.0,6.0,335.0,576.0,0.10115259004895938,0.10346957106453547,2.0,64.0,6400000.0
1.0,32.0,4.0,1.0,1.0,1.0,63.0,32.0,-0.0030632107251067353,-0.0017650185808415486,1024.0,4.0,6400000.0
1.0,32.0,4.0,1.0,1.0,1.0,63.0,32.0,-0.0030632107251067353,-0.0017650185808415486,4096.0,256.0,6400000.0
1.0,32.0,4.0,1.0,1.0,1.0,63.0,32.0,-0.0030632107251067353,-0.0017650185808415486,2048.0,0.03125,6400000.0
1.0,1.0,4.0,1.0,1.0,1.0,63.0,32.0,-0.0030632107251067353,-0.0017650185808415486,0.0625,1024.0,6400000.0
32.0,32.0,8.0,9.0,1587.0,992.0,50650.0,154624.0,0.6327980705653933,0.6475448699887993,0.0078125,0.00195312,6400000.0
32.0,32.0,8.0,9.0,1423.0,992.0,47634.0,154624.0,0.635931286801741,0.6464838600212258,0.00390625,0.25,6400000.0
1.0,32.0,4.0,1.0,1.0,1.0,63.0,32.0,-0.0030632107251067353,-0.0017650185808415486,8192.0,2.0,6400000.0
1.0,32.0,4.0,1.0,1.0,1.0,63.0,32.0,-0.0030632107251067353,-0.0017650185808415486,8192.0,2048.0,6400000.0
1.0,32.0,4.0,1.0,1.0,1.0,63.0,32.0,-0.0030632107251067353,-0.0017650185808415486,16384.0,16.0,6400000.0
1.0,1.0,4.0,7.0,31.0,16.0,876.0,2432.0,0.06459907623458794,0.0681340519874094,0.125,0.0078125,6400000.0
32.0,32.0,4.0,3.0,657.0,489.0,21744.0,74144.0,0.3252375518846282,0.33696194341801855,8.0,0.00390625,6400000.0
1.0,1.0,4.0,7.0,31.0,16.0,935.0,2432.0,0.06453061417624306,0.06820844800405634,0.0625,0.00195312,6400000.0
32.0,32.0,4.0,8.0,659.0,468.0,20511.0,70784.0,0.5034028959731806,0.5092293104410764,4.0,0.5,6400000.0
19.0,32.0,4.0,3.0,112.0,85.0,3645.0,11168.0,0.3078034380468804,0.3159020086450115,8.0,4.0,6400000.0
1.0,32.0,4.0,1.0,1.0,1.0,63.0,32.0,-0.0030632107251067353,-0.0017650185808415486,32768.0,0.125,6400000.0
32.0,32.0,4.0,8.0,796.0,505.0,23917.0,76704.0,0.5083873155760998,0.5159181606851988,4.0,0.0,6400000.0
32.0,32.0,8.0,9.0,456.0,357.0,17370.0,53024.0,0.4864904504463652,0.49009956051128545,0.0078125,2.0,6400000.0
1.0,32.0,4.0,1.0,1.0,1.0,63.0,32.0,-0.0030632107251067353,-0.0017650185808415486,4096.0,0.25,6400000.0
1.0,32.0,4.0,1.0,1.0,1.0,63.0,32.0,-0.0030632107251067353,-0.0017650185808415486,8192.0,0.00195312,6400000.0
32.0,32.0,8.0,9.0,1101.0,876.0,39444.0,136064.0,0.5953615974396123,0.5997333858197276,0.0,1.0,6400000.0
1.0,32.0,8.0,1.0,1.0,1.0,543.0,32.0,-0.0030632107251067353,-0.0017650185808415486,0.0,1024.0,6400000.0
1.0,32.0,4.0,1.0,1.0,1.0,63.0,32.0,-0.0030632107251067353,-0.0017650185808415486,16384.0,0.015625,6400000.0
1.0,32.0,4.0,1.0,1.0,1.0,63.0,32.0,-0.0030632107251067353,-0.0017650185808415486,32768.0,128.0,6400000.0
1.0,32.0,4.0,1.0,1.0,1.0,63.0,32.0,-0.0030632107251067353,-0.0017650185808415486,8.0,4096.0,6400000.0
1.0,32.0,4.0,1.0,1.0,1.0,63.0,32.0,-0.0030632107251067353,-0.0017650185808415486,16384.0,16384.0,6400000.0
31.0,32.0,4.0,2.0,228.0,198.0,7852.0,27712.0,0.2571886136123701,0.26977587157356997,32.0,0.25,6400000.0
32.0,32.0,4.0,3.0,639.0,486.0,21550.0,73664.0,0.32960887999401123,0.33850482615741895,16.0,0.03125,6400000.0
32.0,32.0,8.0,9.0,1562.0,992.0,50100.0,154624.0,0.6340214599787224,0.6502238994079975,0.000976562,0.0078125,6400000.0
1.0,32.0,4.0,1.0,1.0,1.0,63.0,32.0,-0.0030632107251067353,-0.0017650185808415486,16.0,32768.0,6400000.0
8.0,32.0,4.0,2.0,22.0,16.0,724.0,1536.0,0.184803559555608,0.19082719424152972,16.0,32.0,6400000.0
32.0,32.0,8.0,9.0,1571.0,992.0,50539.0,154624.0,0.631610311087987,0.6504642960934903,0.0,0.000976562,6400000.0
23.0,32.0,4.0,2.0,96.0,78.0,3269.0,9536.0,0.25348208415856677,0.264691761708014,64.0,2.0,6400000.0
1.0,1.0,4.0,3.0,5.0,3.0,194.0,352.0,0.048146068319603885,0.051476191507202285,0.125,8.0,6400000.0
1.0,1.0,4.0,6.0,26.0,14.0,760.0,2112.0,0.0636058133035663,0.0673808602609266,0.0625,2.0,6400000.0
1.0,32.0,4.0,1.0,1.0,1.0,63.0,32.0,-0.0030632107251067353,-0.0017650185808415486,32.0,256.0,6400000.0
32.0,32.0,4.0,2.0,580.0,477.0,20422.0,72224.0,0.25168617451000386,0.26665643046703114,64.0,0.00195312,6400000.0
16.0,32.0,8.0,3.0,67.0,47.0,3700.0,5472.0,0.28428173420704106,0.29213228260301216,0.000976562,8.0,6400000.0
1.0,32.0,4.0,1.0,1.0,1.0,63.0,32.0,-0.0030632107251067353,-0.0017650185808415486,256.0,128.0,6400000.0
11.0,32.0,8.0,3.0,35.0,26.0,2559.0,2752.0,0.23801654357424562,0.2440154241847443,0.0078125,16.0,6400000.0
1.0,32.0,4.0,1.0,1.0,1.0,63.0,32.0,-0.0030632107251067353,-0.0017650185808415486,512.0,1.0,6400000.0
1.0,32.0,4.0,1.0,1.0,1.0,63.0,32.0,-0.0030632107251067353,-0.0017650185808415486,64.0,2048.0,6400000.0
1.0,32.0,4.0,1.0,1.0,1.0,63.0,32.0,-0.0030632107251067353,-0.0017650185808415486,512.0,0.000976562,6400000.0
1.0,32.0,4.0,1.0,1.0,1.0,63.0,32.0,-0.0030632107251067353,-0.0017650185808415486,512.0,1024.0,6400000.0
1.0,1.0,4.0,2.0,3.0,2.0,136.0,192.0,0.03911015413878083,0.040912063041146696,0.125,32.0,6400000.0
1.0,32.0,4.0,1.0,1.0,1.0,63.0,32.0,-0.0030632107251067353,-0.0017650185808415486,128.0,0.015625,6400000.0
1.0,32.0,4.0,1.0,1.0,1.0,63.0,32.0,-0.0030632107251067353,-0.0017650185808415486,128.0,16.0,6400000.0
1.0,32.0,4.0,1.0,1.0,1.0,63.0,32.0,-0.0030632107251067353,-0.0017650185808415486,128.0,16384.0,6400000.0
1.0,32.0,8.0,1.0,1.0,1.0,543.0,32.0,-0.0030632107251067353,-0.0017650185808415486,0.00390625,512.0,6400000.0
3.0,32.0,8.0,2.0,9.0,6.0,1295.0,576.0,0.10115259004895938,0.10346957106453547,0.00195312,64.0,6400000.0
1.0,32.0,8.0,1.0,1.0,1.0,543.0,32.0,-0.0030632107251067353,-0.0017650185808415486,0.000976562,8192.0,6400000.0
1.0,32.0,4.0,1.0,1.0,1.0,63.0,32.0,-0.0030632107251067353,-0.0017650185808415486,256.0,0.125,6400000.0
1.0,32.0,4.0,1.0,1.0,1.0,63.0,32.0,-0.0030632107251067353,-0.0017650185808415486,1024.0,0.0078125,6400000.0
32.0,32.0,8.0,9.0,1508.0,992.0,49275.0,154624.0,0.6311784219366852,0.6420361335458431,0.00195312,0.0625,6400000.0
1.0,32.0,4.0,1.0,1.0,1.0,63.0,32.0,-0.0030632107251067353,-0.0017650185808415486,4096.0,0.0,6400000.0
1.0,32.0,4.0,1.0,1.0,1.0,63.0,32.0,-0.0030632107251067353,-0.0017650185808415486,2048.0,64.0,6400000.0
32.0,32.0,8.0,9.0,1572.0,992.0,50540.0,154624.0,0.6315821618889438,0.6504139572983774,0.00390625,0.0,6400000.0
1.0,32.0,4.0,1.0,1.0,1.0,63.0,32.0,-0.0030632107251067353,-0.0017650185808415486,2048.0,0.0625,6400000.0
1.0,32.0,8.0,1.0,1.0,1.0,543.0,32.0,-0.0030632107251067353,-0.0017650185808415486,0.0078125,16384.0,6400000.0
1.0,1.0,4.0,1.0,1.0,1.0,63.0,32.0,-0.0030632107251067353,-0.0017650185808415486,0.0625,2048.0,6400000.0
1.0,32.0,4.0,1.0,1.0,1.0,63.0,32.0,-0.0030632107251067353,-0.0017650185808415486,1024.0,8192.0,6400000.0
1.0,32.0,4.0,1.0,1.0,1.0,63.0,32.0,-0.0030632107251067353,-0.0017650185808415486,1024.0,8.0,6400000.0
1.0,32.0,4.0,1.0,1.0,1.0,63.0,32.0,-0.0030632107251067353,-0.0017650185808415486,4096.0,512.0,6400000.0
32.0,32.0,8.0,9.0,1509.0,992.0,48852.0,154624.0,0.6342864488451563,0.64745175408807,0.015625,0.125,6400000.0
32.0,32.0,8.0,9.0,1589.0,992.0,50810.0,154624.0,0.6295838277052135,0.6468385308844131,0.0078125,0.00390625,6400000.0
1.0,32.0,4.0,1.0,1.0,1.0,63.0,32.0,-0.0030632107251067353,-0.0017650185808415486,8192.0,4096.0,6400000.0
1.0,32.0,4.0,1.0,1.0,1.0,63.0,32.0,-0.0030632107251067353,-0.0017650185808415486,8192.0,4.0,6400000.0
1.0,1.0,4.0,7.0,31.0,16.0,876.0,2432.0,0.06459907623458794,0.0681340519874094,0.125,0.015625,6400000.0
1.0,32.0,4.0,1.0,1.0,1.0,63.0,32.0,-0.0030632107251067353,-0.0017650185808415486,16384.0,32.0,6400000.0
32.0,32.0,8.0,9.0,1330.0,992.0,46023.0,154624.0,0.6451143536104034,0.635987889264176,0.00390625,0.5,6400000.0
1.0,32.0,4.0,1.0,1.0,1.0,63.0,32.0,-0.0030632107251067353,-0.0017650185808415486,8192.0,0.00390625,6400000.0
1.0,32.0,4.0,1.0,1.0,1.0,63.0,32.0,-0.0030632107251067353,-0.0017650185808415486,4096.0,0.5,6400000.0
1.0,32.0,4.0,1.0,1.0,1.0,63.0,32.0,-0.0030632107251067353,-0.0017650185808415486,32768.0,0.25,6400000.0
32.0,32.0,8.0,9.0,1571.0,992.0,50539.0,154624.0,0.631610311087987,0.6504642960934903,0.03125,0.000976562,6400000.0
1.0,32.0,8.0,1.0,1.0,1.0,543.0,32.0,-0.0030632107251067353,-0.0017650185808415486,0.015625,128.0,6400000.0
29.0,32.0,8.0,9.0,205.0,156.0,9076.0,21248.0,0.40735776232514465,0.41510468520174093,0.0078125,4.0,6400000.0
1.0,32.0,4.0,1.0,1.0,1.0,63.0,32.0,-0.0030632107251067353,-0.0017650185808415486,32768.0,256.0,6400000.0
1.0,32.0,8.0,1.0,1.0,1.0,543.0,32.0,-0.0030632107251067353,-0.0017650185808415486,0.0,2048.0,6400000.0
1.0,32.0,8.0,1.0,1.0,1.0,543.0,32.0,-0.0030632107251067353,-0.0017650185808415486,0.03125,1024.0,6400000.0
27.0,32.0,8.0,9.0,476.0,366.0,18145.0,55104.0,0.4777812127552883,0.48718538312254733,0.0,2.0,6400000.0
32.0,32.0,8.0,9.0,1551.0,992.0,49912.0,154624.0,0.6290771828345891,0.6415034942831079,0.000976562,0.015625,6400000.0
30.0,32.0,8.0,9.0,1041.0,826.0,37179.0,128320.0,0.5615679503947415,0.5680515837886942,0.03125,1.0,6400000.0
16.0,32.0,8.0,3.0,67.0,47.0,3700.0,5472.0,0.28428173420704106,0.29213228260301216,0.0625,8.0,6400000.0
1.0,32.0,4.0,1.0,1.0,1.0,63.0,32.0,-0.0030632107251067353,-0.0017650185808415486,16384.0,0.03125,6400000.0
32.0,32.0,8.0,9.0,1587.0,992.0,50650.0,154624.0,0.6327980705653933,0.6475448699887993,0.0,0.00195312,6400000.0
32.0,32.0,8.0,9.0,1562.0,992.0,50100.0,154624.0,0.6340214599787224,0.6502238994079975,0.0625,0.0078125,6400000.0
1.0,32.0,4.0,1.0,1.0,1.0,63.0,32.0,-0.0030632107251067353,-0.0017650185808415486,16384.0,32768.0,6400000.0
1.0,1.0,1.0,2.0,3.0,2.0,108.0,192.0,0.03911015413878083,0.040912063041146696,0.03125,0.125,6400000.0
1.0,1.0,4.0,1.0,1.0,1.0,63.0,32.0,-0.0030632107251067353,-0.0017650185808415486,0.125,32768.0,6400000.0
3.0,32.0,8.0,2.0,9.0,6.0,1295.0,576.0,0.10115259004895938,0.10346957106453547,0.125,64.0,6400000.0
32.0,32.0,8.0,9.0,1530.0,992.0,49927.0,154624.0,0.643371593953556,0.6478620826443957,0.125,0.0625,6400000.0
1.0,32.0,8.0,1.0,1.0,1.0,543.0,32.0,-0.0030632107251067353,-0.0017650185808415486,0.0625,8192.0,6400000.0
1.0,1.0,4.0,3.0,5.0,3.0,194.0,352.0,0.048146068319603885,0.051476191507202285,0.125,16.0,6400000.0
32.0,32.0,8.0,9.0,1574.0,992.0,50673.0,154624.0,0.6420585868376674,0.6491483745176214,0.25,0.0,6400000.0
32.0,32.0,8.0,9.0,1296.0,976.0,44725.0,152064.0,0.604682347662443,0.6179520062996784,0.25,0.5,6400000.0
11.0,32.0,8.0,3.0,35.0,26.0,2559.0,2752.0,0.23801654357424562,0.2440154241847443,0.000976562,16.0,6400000.0
8.0,32.0,8.0,2.0,22.0,16.0,1924.0,1536.0,0.184803559555608,0.19082719424152972,0.0078125,32.0,6400000.0
32.0,32.0,8.0,9.0,1569.0,992.0,50251.0,154624.0,0.6385128975048728,0.6489779774961111,0.5,0.00390625,6400000.0
1.0,32.0,8.0,1.0,1.0,1.0,543.0,32.0,-0.0030632107251067353,-0.0017650185808415486,0.25,512.0,6400000.0
22.0,32.0,8.0,8.0,190.0,139.0,8605.0,19424.0,0.3963758318179941,0.40794272548017085,0.5,4.0,6400000.0
1.0,32.0,8.0,1.0,1.0,1.0,543.0,32.0,-0.0030632107251067353,-0.0017650185808415486,0.5,4096.0,6400000.0
1.0,1.0,4.0,2.0,3.0,2.0,136.0,192.0,0.03911015413878083,0.040912063041146696,0.125,64.0,6400000.0
1.0,32.0,8.0,1.0,1.0,1.0,543.0,32.0,-0.0030632107251067353,-0.0017650185808415486,0.00390625,1024.0,6400000.0
8.0,32.0,8.0,2.0,22.0,16.0,1924.0,1536.0,0.184803559555608,0.19082719424152972,1.0,32.0,6400000.0
1.0,1.0,4.0,7.0,31.0,16.0,876.0,2432.0,0.06459907623458794,0.0681340519874094,0.25,0.25,6400000.0
1.0,32.0,8.0,1.0,1.0,1.0,543.0,32.0,-0.0030632107251067353,-0.0017650185808415486,0.000976562,16384.0,6400000.0
1.0,32.0,8.0,1.0,1.0,1.0,543.0,32.0,-0.0030632107251067353,-0.0017650185808415486,0.00195312,128.0,6400000.0
1.0,32.0,8.0,1.0,1.0,1.0,543.0,32.0,-0.0030632107251067353,-0.0017650185808415486,1.0,32768.0,6400000.0
32.0,32.0,8.0,9.0,1551.0,992.0,50084.0,154624.0,0.6298966445138038,0.645720891574925,1.0,0.03125,6400000.0
1.0,32.0,8.0,1.0,1.0,1.0,543.0,32.0,-0.0030632107251067353,-0.0017650185808415486,2.0,256.0,6400000.0
32.0,32.0,8.0,8.0,1523.0,992.0,49734.0,154624.0,0.5963810648231176,0.5975898747376716,4.0,0.00195312,6400000.0
32.0,32.0,8.0,9.0,1391.0,992.0,47253.0,154624.0,0.6191625653328272,0.6218068324962851,2.0,0.25,6400000.0
32.0,32.0,8.0,9.0,1509.0,992.0,48852.0,154624.0,0.6342864488451563,0.64745175408807,0.00195312,0.125,6400000.0
32.0,32.0,8.0,8.0,361.0,275.0,14261.0,39904.0,0.467812717747921,0.48298838588200277,4.0,2.0,6400000.0
32.0,32.0,8.0,9.0,1571.0,992.0,50539.0,154624.0,0.631610311087987,0.6504642960934903,0.00390625,0.000976562,6400000.0
1.0,32.0,8.0,1.0,1.0,1.0,543.0,32.0,-0.0030632107251067353,-0.0017650185808415486,0.0078125,32768.0,6400000.0
32.0,32.0,8.0,3.0,1273.0,992.0,46321.0,154624.0,0.31658643802494835,0.3276611837173813,8.0,0.015625,6400000.0
11.0,32.0,8.0,2.0,30.0,22.0,2384.0,2112.0,0.211815897449531,0.21820531799146736,8.0,16.0,6400000.0
1.0,32.0,8.0,1.0,1.0,1.0,543.0,32.0,-0.0030632107251067353,-0.0017650185808415486,8.0,16384.0,6400000.0
1.0,32.0,8.0,1.0,1.0,1.0,543.0,32.0,-0.0030632107251067353,-0.0017650185808415486,4.0,2048.0,6400000.0
32.0,32.0,8.0,9.0,1562.0,992.0,50100.0,154624.0,0.6340214599787224,0.6502238994079975,0.0078125,0.0078125,6400000.0
32.0,32.0,8.0,3.0,1020.0,844.0,38284.0,130944.0,0.3236824014690449,0.3316543168854641,16.0,0.125,6400000.0
1.0,32.0,8.0,1.0,1.0,1.0,543.0,32.0,-0.0030632107251067353,-0.0017650185808415486,16.0,128.0,6400000.0
32.0,32.0,8.0,9.0,1423.0,992.0,47634.0,154624.0,0.635931286801741,0.6464838600212258,0.015625,0.25,6400000.0
1.0,1.0,4.0,1.0,1.0,1.0,63.0,32.0,-0.0030632107251067353,-0.0017650185808415486,0.25,256.0,6400000.0
32.0,32.0,8.0,9.0,1101.0,876.0,39444.0,136064.0,0.5953615974396123,0.5997333858197276,0.00390625,1.0,6400000.0
32.0,32.0,8.0,2.0,1170.0,992.0,45067.0,154624.0,0.24998467307338978,0.2590195530459093,32.0,0.000976562,6400000.0
1.0,32.0,8.0,1.0,1.0,1.0,543.0,32.0,-0.0030632107251067353,-0.0017650185808415486,32.0,1024.0,6400000.0
25.0,32.0,8.0,2.0,113.0,94.0,5772.0,11840.0,0.25446652674505144,0.26625990280383205,32.0,1.0,6400000.0
16.0,32.0,8.0,3.0,67.0,47.0,3700.0,5472.0,0.28428173420704106,0.29213228260301216,0.0078125,8.0,6400000.0
32.0,32.0,8.0,9.0,1587.0,992.0,50650.0,154624.0,0.6327980705653933,0.6475448699887993,0.03125,0.00195312,6400000.0
32.0,32.0,8.0,2.0,1167.0,992.0,44909.0,154624.0,0.25105745540884794,0.25929283031573513,64.0,0.0078125,6400000.0
1.0,32.0,8.0,1.0,1.0,1.0,543.0,32.0,-0.0030632107251067353,-0.0017650185808415486,0.015625,256.0,6400000.0
15.0,32.0,8.0,2.0,47.0,34.0,3196.0,3520.0,0.23483331904090687,0.24244665993785774,64.0,8.0,6400000.0
11.0,32.0,8.0,3.0,35.0,26.0,2559.0,2752.0,0.23801654357424562,0.2440154241847443,0.0625,16.0,6400000.0
1.0,32.0,8.0,1.0,1.0,1.0,543.0,32.0,-0.0030632107251067353,-0.0017650185808415486,128.0,0.0625,6400000.0
1.0,32.0,8.0,1.0,1.0,1.0,543.0,32.0,-0.0030632107251067353,-0.0017650185808415486,64.0,8192.0,6400000.0
1.0,1.0,1.0,2.0,3.0,2.0,108.0,192.0,0.03911015413878083,0.040912063041146696,0.03125,0.25,6400000.0
1.0,32.0,8.0,1.0,1.0,1.0,543.0,32.0,-0.0030632107251067353,-0.0017650185808415486,128.0,64.0,6400000.0
1.0,32.0,8.0,1.0,1.0,1.0,543.0,32.0,-0.0030632107251067353,-0.0017650185808415486,0.125,128.0,6400000.0
1.0,32.0,8.0,1.0,1.0,1.0,543.0,32.0,-0.0030632107251067353,-0.0017650185808415486,0.03125,2048.0,6400000.0
1.0,32.0,8.0,1.0,1.0,1.0,543.0,32.0,-0.0030632107251067353,-0.0017650185808415486,256.0,0.5,6400000.0
1.0,32.0,8.0,1.0,1.0,1.0,543.0,32.0,-0.0030632107251067353,-0.0017650185808415486,0.0625,16384.0,6400000.0
32.0,32.0,8.0,9.0,456.0,357.0,17370.0,53024.0,0.4864904504463652,0.49009956051128545,0.03125,2.0,6400000.0
1.0,1.0,4.0,7.0,31.0,16.0,876.0,2432.0,0.06459907623458794,0.0681340519874094,0.25,0.0,6400000.0
1.0,32.0,8.0,1.0,1.0,1.0,543.0,32.0,-0.0030632107251067353,-0.0017650185808415486,256.0,512.0,6400000.0
32.0,32.0,8.0,9.0,1551.0,992.0,49912.0,154624.0,0.6290771828345891,0.6415034942831079,0.0625,0.015625,6400000.0
1.0,32.0,8.0,1.0,1.0,1.0,543.0,32.0,-0.0030632107251067353,-0.0017650185808415486,512.0,0.00390625,6400000.0
1.0,32.0,8.0,1.0,1.0,1.0,543.0,32.0,-0.0030632107251067353,-0.0017650185808415486,512.0,4.0,6400000.0
32.0,32.0,8.0,9.0,1574.0,992.0,50673.0,154624.0,0.6420585868376674,0.6491483745176214,0.25,0.000976562,6400000.0
1.0,32.0,8.0,1.0,1.0,1.0,543.0,32.0,-0.0030632107251067353,-0.0017650185808415486,256.0,0.0,6400000.0
32.0,32.0,8.0,9.0,1476.0,992.0,48956.0,154624.0,0.633223808822363,0.6422959271275366,0.125,0.125,6400000.0
1.0,1.0,4.0,7.0,31.0,16.0,904.0,2432.0,0.06434626777602148,0.06805906711652476,0.5,0.00195312,6400000.0
30.0,32.0,8.0,9.0,1041.0,826.0,37179.0,128320.0,0.5615679503947415,0.5680515837886942,0.25,1.0,6400000.0
3.0,32.0,8.0,2.0,9.0,6.0,1295.0,576.0,0.10115259004895938,0.10346957106453547,0.0078125,64.0,6400000.0
32.0,32.0,8.0,9.0,1567.0,992.0,50411.0,154624.0,0.6405871971979626,0.6522585149112061,0.5,0.0078125,6400000.0
1.0,32.0,8.0,1.0,1.0,1.0,543.0,32.0,-0.0030632107251067353,-0.0017650185808415486,512.0,4096.0,6400000.0
1.0,32.0,8.0,1.0,1.0,1.0,543.0,32.0,-0.0030632107251067353,-0.0017650185808415486,0.5,8192.0,6400000.0
16.0,32.0,8.0,3.0,67.0,47.0,3700.0,5472.0,0.28428173420704106,0.29213228260301216,0.5,8.0,6400000.0
1.0,1.0,4.0,1.0,1.0,1.0,63.0,32.0,-0.0030632107251067353,-0.0017650185808415486,0.125,128.0,6400000.0
1.0,32.0,8.0,1.0,1.0,1.0,543.0,32.0,-0.0030632107251067353,-0.0017650185808415486,0.25,1024.0,6400000.0
3.0,32.0,8.0,2.0,9.0,6.0,1295.0,576.0,0.10115259004895938,0.10346957106453547,1.0,64.0,6400000.0
1.0,32.0,8.0,1.0,1.0,1.0,543.0,32.0,-0.0030632107251067353,-0.0017650185808415486,1024.0,0.03125,6400000.0
32.0,32.0,8.0,9.0,1507.0,992.0,49485.0,154624.0,0.6384349798087247,0.6438997683715895,1.0,0.0625,6400000.0
32.0,32.0,8.0,9.0,1570.0,992.0,50399.0,154624.0,0.6414450033366503,0.6361078107391769,2.0,0.0,6400000.0
1.0,32.0,8.0,1.0,1.0,1.0,543.0,32.0,-0.0030632107251067353,-0.0017650185808415486,1024.0,32.0,6400000.0
1.0,1.0,4.0,7.0,31.0,16.0,876.0,2432.0,0.06459907623458794,0.0681340519874094,0.25,0.5,6400000.0
1.0,32.0,8.0,1.0,1.0,1.0,543.0,32.0,-0.0030632107251067353,-0.0017650185808415486,1024.0,32768.0,6400000.0
1.0,32.0,8.0,1.0,1.0,1.0,543.0,32.0,-0.0030632107251067353,-0.0017650185808415486,2.0,512.0,6400000.0
32.0,32.0,8.0,8.0,1516.0,992.0,49731.0,154624.0,0.5932679063391679,0.6023933779759085,4.0,0.00390625,6400000.0
32.0,32.0,8.0,9.0,1331.0,992.0,46288.0,154624.0,0.6274156753984855,0.6238231017234919,2.0,0.5,6400000.0
32.0,32.0,8.0,9.0,1572.0,992.0,50540.0,154624.0,0.6315821618889438,0.6504139572983774,0.015625,0.0,6400000.0
1.0,32.0,8.0,1.0,1.0,1.0,543.0,32.0,-0.0030632107251067353,-0.0017650185808415486,2048.0,0.25,6400000.0
26.0,32.0,8.0,5.0,149.0,114.0,7039.0,14912.0,0.352960107957759,0.3577042326919795,4.0,4.0,6400000.0
32.0,32.0,8.0,3.0,1257.0,992.0,45992.0,154624.0,0.3180718389077001,0.32815212934386306,8.0,0.03125,6400000.0
1.0,32.0,8.0,1.0,1.0,1.0,543.0,32.0,-0.0030632107251067353,-0.0017650185808415486,4.0,4096.0,6400000.0
1.0,32.0,8.0,1.0,1.0,1.0,543.0,32.0,-0.0030632107251067353,-0.0017650185808415486,16.0,256.0,6400000.0
32.0,32.0,8.0,3.0,603.0,504.0,23070.0,76544.0,0.3258150063019045,0.3328061480015464,16.0,0.25,6400000.0
8.0,32.0,8.0,2.0,22.0,16.0,1924.0,1536.0,0.184803559555608,0.19082719424152972,8.0,32.0,6400000.0
1.0,32.0,8.0,1.0,1.0,1.0,543.0,32.0,-0.0030632107251067353,-0.0017650185808415486,8.0,32768.0,6400000.0
32.0,32.0,8.0,9.0,1330.0,992.0,46023.0,154624.0,0.6451143536104034,0.635987889264176,0.015625,0.5,6400000.0
1.0,1.0,4.0,1.0,1.0,1.0,63.0,32.0,-0.0030632107251067353,-0.0017650185808415486,0.25,512.0,6400000.0
1.0,32.0,8.0,1.0,1.0,1.0,543.0,32.0,-0.0030632107251067353,-0.0017650185808415486,2048.0,256.0,6400000.0
1.0,32.0,8.0,1.0,1.0,1.0,543.0,32.0,-0.0030632107251067353,-0.0017650185808415486,4096.0,0.00195312,6400000.0
1.0,32.0,8.0,1.0,1.0,1.0,543.0,32.0,-0.0030632107251067353,-0.0017650185808415486,32.0,2048.0,6400000.0
32.0,32.0,8.0,2.0,1170.0,992.0,45036.0,154624.0,0.2506279037301511,0.2595723510411435,32.0,0.00195312,6400000.0
23.0,32.0,8.0,2.0,96.0,78.0,5189.0,9536.0,0.25348208415856677,0.264691761708014,32.0,2.0,6400000.0
1.0,1.0,4.0,6.0,22.0,12.0,630.0,1792.0,0.0626715132655773,0.06627856070309712,0.5,2.0,6400000.0
32.0,32.0,8.0,9.0,1589.0,992.0,50810.0,154624.0,0.6295838277052135,0.6468385308844131,0.03125,0.00390625,6400000.0
32.0,32.0,8.0,2.0,1104.0,950.0,42836.0,147904.0,0.24955854866097693,0.2594813647686083,64.0,0.015625,6400000.0
1.0,32.0,8.0,1.0,1.0,1.0,543.0,32.0,-0.0030632107251067353,-0.0017650185808415486,4096.0,2.0,6400000.0
11.0,32.0,8.0,2.0,30.0,22.0,2384.0,2112.0,0.211815897449531,0.21820531799146736,64.0,16.0,6400000.0
1.0,32.0,8.0,1.0,1.0,1.0,543.0,32.0,-0.0030632107251067353,-0.0017650185808415486,0.015625,512.0,6400000.0
1.0,1.0,1.0,2.0,3.0,2.0,108.0,192.0,0.03911015413878083,0.040912063041146696,0.03125,0.5,6400000.0
8.0,32.0,8.0,2.0,22.0,16.0,1924.0,1536.0,0.184803559555608,0.19082719424152972,0.0625,32.0,6400000.0
1.0,32.0,8.0,1.0,1.0,1.0,543.0,32.0,-0.0030632107251067353,-0.0017650185808415486,128.0,0.125,6400000.0
1.0,32.0,8.0,1.0,1.0,1.0,543.0,32.0,-0.0030632107251067353,-0.0017650185808415486,256.0,1024.0,6400000.0
1.0,32.0,8.0,1.0,1.0,1.0,543.0,32.0,-0.0030632107251067353,-0.0017650185808415486,64.0,16384.0,6400000.0
1.0,1.0,4.0,7.0,31.0,16.0,876.0,2432.0,0.06459907623458794,0.0681340519874094,0.25,0.000976562,6400000.0
1.0,32.0,8.0,1.0,1.0,1.0,543.0,32.0,-0.0030632107251067353,-0.0017650185808415486,0.0625,32768.0,6400000.0
1.0,32.0,8.0,1.0,1.0,1.0,543.0,32.0,-0.0030632107251067353,-0.0017650185808415486,0.125,256.0,6400000.0
1.0,32.0,8.0,1.0,1.0,1.0,543.0,32.0,-0.0030632107251067353,-0.0017650185808415486,256.0,1.0,6400000.0
1.0,32.0,8.0,1.0,1.0,1.0,543.0,32.0,-0.0030632107251067353,-0.0017650185808415486,128.0,128.0,6400000.0
1.0,32.0,8.0,1.0,1.0,1.0,543.0,32.0,-0.0030632107251067353,-0.0017650185808415486,512.0,0.0078125,6400000.0
1.0,32.0,8.0,1.0,1.0,1.0,543.0,32.0,-0.0030632107251067353,-0.0017650185808415486,512.0,8.0,6400000.0
32.0,32.0,8.0,9.0,1416.0,992.0,47391.0,154624.0,0.6458258359932945,0.64927760365879,0.125,0.25,6400000.0
29.0,32.0,8.0,9.0,205.0,156.0,9076.0,21248.0,0.40735776232514465,0.41510468520174093,0.03125,4.0,6400000.0
1.0,32.0,8.0,1.0,1.0,1.0,543.0,32.0,-0.0030632107251067353,-0.0017650185808415486,0.03125,4096.0,6400000.0
1.0,32.0,8.0,1.0,1.0,1.0,543.0,32.0,-0.0030632107251067353,-0.0017650185808415486,256.0,0.000976562,6400000.0
1.0,1.0,4.0,7.0,31.0,16.0,904.0,2432.0,0.06434626777602148,0.06805906711652476,0.5,0.00390625,6400000.0
32.0,32.0,8.0,9.0,1569.0,992.0,50255.0,154624.0,0.6184107011008124,0.6297419142843956,0.25,0.00195312,6400000.0
32.0,32.0,8.0,9.0,1565.0,992.0,50377.0,154624.0,0.6334589997293246,0.644774965260249,0.0625,0.03125,6400000.0
1.0,32.0,8.0,1.0,1.0,1.0,543.0,32.0,-0.0030632107251067353,-0.0017650185808415486,512.0,8192.0,6400000.0
1.0,32.0,8.0,1.0,1.0,1.0,543.0,32.0,-0.0030632107251067353,-0.0017650185808415486,0.0078125,128.0,6400000.0
32.0,32.0,8.0,9.0,468.0,365.0,17694.0,54304.0,0.4838890636449089,0.49518891650881836,0.25,2.0,6400000.0
11.0,32.0,8.0,3.0,35.0,26.0,2559.0,2752.0,0.23801654357424562,0.2440154241847443,0.5,16.0,6400000.0
32.0,32.0,8.0,9.0,1574.0,992.0,50703.0,154624.0,0.6346098171303238,0.6415622597026436,0.5,0.015625,6400000.0
1.0,32.0,8.0,1.0,1.0,1.0,543.0,32.0,-0.0030632107251067353,-0.0017650185808415486,0.5,16384.0,6400000.0
1.0,32.0,8.0,1.0,1.0,1.0,543.0,32.0,-0.0030632107251067353,-0.0017650185808415486,1.0,128.0,6400000.0
1.0,1.0,4.0,1.0,1.0,1.0,63.0,32.0,-0.0030632107251067353,-0.0017650185808415486,0.125,256.0,6400000.0
1.0,32.0,8.0,1.0,1.0,1.0,543.0,32.0,-0.0030632107251067353,-0.0017650185808415486,0.25,2048.0,6400000.0
1.0,1.0,4.0,6.0,26.0,14.0,760.0,2112.0,0.0636058133035663,0.0673808602609266,0.25,1.0,6400000.0
1.0,32.0,8.0,1.0,1.0,1.0,543.0,32.0,-0.0030632107251067353,-0.0017650185808415486,1024.0,0.0625,6400000.0
1.0,32.0,8.0,1.0,1.0,1.0,543.0,32.0,-0.0030632107251067353,-0.0017650185808415486,1024.0,64.0,6400000.0
1.0,32.0,8.0,1.0,1.0,1.0,543.0,32.0,-0.0030632107251067353,-0.0017650185808415486,2.0,1024.0,6400000.0
32.0,32.0,8.0,9.0,1474.0,992.0,48615.0,154624.0,0.6364760595514513,0.6393415184180915,1.0,0.125,6400000.0
32.0,32.0,8.0,9.0,1570.0,992.0,50399.0,154624.0,0.6414455226505352,0.6361107219637159,2.0,0.000976562,6400000.0
32.0,32.0,8.0,9.0,1023.0,797.0,36267.0,123424.0,0.5913436547112487,0.5914009830215682,2.0,1.0,6400000.0
1.0,32.0,8.0,1.0,1.0,1.0,543.0,32.0,-0.0030632107251067353,-0.0017650185808415486,2048.0,0.0,6400000.0
32.0,32.0,8.0,8.0,1518.0,992.0,49852.0,154624.0,0.600414538100323,0.6000728001114366,4.0,0.0078125,6400000.0
1.0,32.0,8.0,1.0,1.0,1.0,543.0,32.0,-0.0030632107251067353,-0.0017650185808415486,2048.0,0.5,6400000.0
32.0,32.0,8.0,9.0,1571.0,992.0,50539.0,154624.0,0.631610311087987,0.6504642960934903,0.015625,0.000976562,6400000.0
16.0,32.0,8.0,3.0,67.0,47.0,3700.0,5472.0,0.28428173420704106,0.29213228260301216,4.0,8.0,6400000.0
32.0,32.0,8.0,3.0,346.0,289.0,14076.0,42144.0,0.33082847083562705,0.33835359326862824,16.0,0.5,6400000.0
1.0,32.0,8.0,1.0,1.0,1.0,543.0,32.0,-0.0030632107251067353,-0.0017650185808415486,4.0,8192.0,6400000.0
32.0,32.0,8.0,3.0,1288.0,992.0,46998.0,154624.0,0.3189510087647791,0.3261755440678189,16.0,0.0,6400000.0
32.0,32.0,8.0,3.0,1223.0,989.0,45523.0,154144.0,0.31811875271365586,0.3312370909378094,8.0,0.0625,6400000.0
1.0,32.0,8.0,1.0,1.0,1.0,543.0,32.0,-0.0030632107251067353,-0.0017650185808415486,4096.0,0.00390625,6400000.0
1.0,32.0,8.0,1.0,1.0,1.0,543.0,32.0,-0.0030632107251067353,-0.0017650185808415486,16.0,512.0,6400000.0
3.0,32.0,8.0,2.0,9.0,6.0,1295.0,576.0,0.10115259004895938,0.10346957106453547,8.0,64.0,6400000.0
1.0,32.0,8.0,1.0,1.0,1.0,543.0,32.0,-0.0030632107251067353,-0.0017650185808415486,2048.0,512.0,6400000.0
1.0,1.0,4.0,1.0,1.0,1.0,63.0,32.0,-0.0030632107251067353,-0.0017650185808415486,0.25,1024.0,6400000.0
32.0,32.0,8.0,9.0,1101.0,876.0,39444.0,136064.0,0.5953615974396123,0.5997333858197276,0.015625,1.0,6400000.0
1.0,32.0,8.0,1.0,1.0,1.0,543.0,32.0,-0.0030632107251067353,-0.0017650185808415486,32.0,4096.0,6400000.0
20.0,32.0,8.0,2.0,81.0,65.0,4614.0,7840.0,0.25194387259795514,0.2611969990570394,32.0,4.0,6400000.0
1.0,1.0,4.0,3.0,11.0,6.0,351.0,832.0,0.055959939578521745,0.05997459583745146,0.5,4.0,6400000.0
1.0,32.0,8.0,1.0,1.0,1.0,543.0,32.0,-0.0030632107251067353,-0.0017650185808415486,4096.0,4.0,6400000.0
1.0,1.0,1.0,2.0,3.0,2.0,108.0,192.0,0.03911015413878083,0.040912063041146696,0.03125,1.0,6400000.0
32.0,32.0,8.0,2.0,903.0,782.0,34991.0,121024.0,0.2500467190737079,0.26011756459470037,64.0,0.03125,6400000.0
8.0,32.0,8.0,2.0,22.0,16.0,1924.0,1536.0,0.184803559555608,0.19082719424152972,64.0,32.0,6400000.0
32.0,32.0,8.0,2.0,1168.0,992.0,45003.0,154624.0,0.25075366224012297,0.25913686705900163,32.0,0.00390625,6400000.0
32.0,32.0,8.0,9.0,1562.0,992.0,50100.0,154624.0,0.6340214599787224,0.6502238994079975,0.03125,0.0078125,6400000.0
3.0,32.0,8.0,2.0,9.0,6.0,1295.0,576.0,0.10115259004895938,0.10346957106453547,0.0625,64.0,6400000.0
1.0,32.0,8.0,1.0,1.0,1.0,543.0,32.0,-0.0030632107251067353,-0.0017650185808415486,128.0,0.25,6400000.0
1.0,32.0,8.0,1.0,1.0,1.0,543.0,32.0,-0.0030632107251067353,-0.0017650185808415486,256.0,2048.0,6400000.0
1.0,32.0,8.0,1.0,1.0,1.0,543.0,32.0,-0.0030632107251067353,-0.0017650185808415486,0.015625,1024.0,6400000.0
1.0,32.0,8.0,1.0,1.0,1.0,543.0,32.0,-0.0030632107251067353,-0.0017650185808415486,0.03125,8192.0,6400000.0
1.0,32.0,8.0,1.0,1.0,1.0,543.0,32.0,-0.0030632107251067353,-0.0017650185808415486,128.0,256.0,6400000.0
1.0,1.0,4.0,7.0,31.0,16.0,876.0,2432.0,0.06459907623458794,0.0681340519874094,0.25,0.00195312,6400000.0
1.0,32.0,8.0,1.0,1.0,1.0,543.0,32.0,-0.0030632107251067353,-0.0017650185808415486,64.0,32768.0,6400000.0
1.0,32.0,8.0,1.0,1.0,1.0,543.0,32.0,-0.0030632107251067353,-0.0017650185808415486,512.0,0.015625,6400000.0
32.0,32.0,8.0,9.0,1296.0,976.0,44725.0,152064.0,0.604682347662443,0.6179520062996784,0.125,0.5,6400000.0
1.0,32.0,8.0,1.0,1.0,1.0,543.0,32.0,-0.0030632107251067353,-0.0017650185808415486,256.0,2.0,6400000.0
16.0,32.0,8.0,3.0,67.0,47.0,3700.0,5472.0,0.28428173420704106,0.29213228260301216,0.03125,8.0,6400000.0
1.0,32.0,8.0,1.0,1.0,1.0,543.0,32.0,-0.0030632107251067353,-0.0017650185808415486,256.0,0.00195312,6400000.0
1.0,32.0,8.0,1.0,1.0,1.0,543.0,32.0,-0.0030632107251067353,-0.0017650185808415486,512.0,16.0,6400000.0
1.0,1.0,4.0,7.0,31.0,16.0,904.0,2432.0,0.06434626777602148,0.06805906711652476,0.5,0.0078125,6400000.0
1.0,32.0,8.0,1.0,1.0,1.0,543.0,32.0,-0.0030632107251067353,-0.0017650185808415486,0.125,512.0,6400000.0
32.0,32.0,8.0,9.0,1574.0,992.0,50673.0,154624.0,0.6420585868376674,0.6491483745176214,0.125,0.0,6400000.0
1.0,32.0,8.0,1.0,1.0,1.0,543.0,32.0,-0.0030632107251067353,-0.0017650185808415486,0.0078125,256.0,6400000.0
32.0,32.0,8.0,9.0,1508.0,992.0,49275.0,154624.0,0.6311784219366852,0.6420361335458431,0.0625,0.0625,6400000.0
24.0,32.0,8.0,8.0,185.0,143.0,8565.0,19808.0,0.39665636436782115,0.40128732661303834,0.25,4.0,6400000.0
8.0,32.0,8.0,2.0,22.0,16.0,1924.0,1536.0,0.184803559555608,0.19082719424152972,0.5,32.0,6400000.0
32.0,32.0,8.0,9.0,1587.0,992.0,50744.0,154624.0,0.63050044715445,0.6399119289435091,0.25,0.00390625,6400000.0
32.0,32.0,8.0,9.0,1546.0,992.0,49949.0,154624.0,0.6384428686443696,0.6448014226791849,0.5,0.03125,6400000.0
1.0,32.0,8.0,1.0,1.0,1.0,543.0,32.0,-0.0030632107251067353,-0.0017650185808415486,512.0,16384.0,6400000.0
1.0,32.0,8.0,1.0,1.0,1.0,543.0,32.0,-0.0030632107251067353,-0.0017650185808415486,0.5,32768.0,6400000.0
1.0,32.0,8.0,1.0,1.0,1.0,543.0,32.0,-0.0030632107251067353,-0.0017650185808415486,0.25,4096.0,6400000.0
1.0,32.0,8.0,1.0,1.0,1.0,543.0,32.0,-0.0030632107251067353,-0.0017650185808415486,1.0,256.0,6400000.0
1.0,1.0,4.0,1.0,1.0,1.0,63.0,32.0,-0.0030632107251067353,-0.0017650185808415486,0.125,512.0,6400000.0
1.0,1.0,4.0,6.0,24.0,13.0,695.0,1952.0,0.0627277435650141,0.06688726987267213,0.25,2.0,6400000.0
1.0,32.0,8.0,1.0,1.0,1.0,543.0,32.0,-0.0030632107251067353,-0.0017650185808415486,1024.0,0.125,6400000.0
1.0,32.0,8.0,1.0,1.0,1.0,543.0,32.0,-0.0030632107251067353,-0.0017650185808415486,1024.0,128.0,6400000.0
32.0,32.0,8.0,9.0,1554.0,992.0,49984.0,154624.0,0.6348407887487133,0.6395449731439097,2.0,0.00195312,6400000.0
1.0,32.0,8.0,1.0,1.0,1.0,543.0,32.0,-0.0030632107251067353,-0.0017650185808415486,2.0,2048.0,6400000.0
1.0,32.0,8.0,1.0,1.0,1.0,543.0,32.0,-0.0030632107251067353,-0.0017650185808415486,2048.0,0.000976562,6400000.0
32.0,32.0,8.0,9.0,1405.0,992.0,47501.0,154624.0,0.6279097489269296,0.6343722086524816,1.0,0.25,6400000.0
32.0,32.0,8.0,8.0,1513.0,992.0,49626.0,154624.0,0.5935938769262472,0.5902930798027219,4.0,0.015625,6400000.0
26.0,32.0,8.0,8.0,413.0,314.0,16015.0,46912.0,0.4887672487728575,0.4936813378771219,2.0,2.0,6400000.0
11.0,32.0,8.0,3.0,35.0,26.0,2559.0,2752.0,0.23801654357424562,0.2440154241847443,4.0,16.0,6400000.0
1.0,32.0,8.0,1.0,1.0,1.0,543.0,32.0,-0.0030632107251067353,-0.0017650185808415486,2048.0,1.0,6400000.0
32.0,32.0,8.0,9.0,1587.0,992.0,50650.0,154624.0,0.6327980705653933,0.6475448699887993,0.015625,0.00195312,6400000.0
25.0,32.0,8.0,3.0,226.0,182.0,9662.0,25920.0,0.32579409067695186,0.33377329909326503,16.0,1.0,6400000.0
32.0,32.0,8.0,3.0,1049.0,874.0,39298.0,135744.0,0.3236536999839569,0.32806398676056825,8.0,0.125,6400000.0
1.0,32.0,8.0,1.0,1.0,1.0,543.0,32.0,-0.0030632107251067353,-0.0017650185808415486,4.0,16384.0,6400000.0
32.0,32.0,8.0,3.0,1288.0,992.0,47091.0,154624.0,0.3154729365343497,0.32882840519636725,16.0,0.000976562,6400000.0
1.0,32.0,8.0,1.0,1.0,1.0,543.0,32.0,-0.0030632107251067353,-0.0017650185808415486,2048.0,1024.0,6400000.0
1.0,32.0,8.0,1.0,1.0,1.0,543.0,32.0,-0.0030632107251067353,-0.0017650185808415486,4096.0,0.0078125,6400000.0
1.0,32.0,8.0,1.0,1.0,1.0,543.0,32.0,-0.0030632107251067353,-0.0017650185808415486,8.0,128.0,6400000.0
1.0,32.0,8.0,1.0,1.0,1.0,543.0,32.0,-0.0030632107251067353,-0.0017650185808415486,16.0,1024.0,6400000.0
32.0,32.0,8.0,9.0,456.0,357.0,17370.0,53024.0,0.4864904504463652,0.49009956051128545,0.015625,2.0,6400000.0
1.0,1.0,4.0,1.0,1.0,1.0,63.0,32.0,-0.0030632107251067353,-0.0017650185808415486,0.25,2048.0,6400000.0
15.0,32.0,8.0,2.0,47.0,34.0,3196.0,3520.0,0.23483331904090687,0.24244665993785774,32.0,8.0,6400000.0
32.0,32.0,8.0,2.0,1167.0,992.0,44909.0,154624.0,0.25105745540884794,0.25929283031573513,32.0,0.0078125,6400000.0
1.0,32.0,8.0,1.0,1.0,1.0,543.0,32.0,-0.0030632107251067353,-0.0017650185808415486,32.0,8192.0,6400000.0
1.0,32.0,8.0,1.0,1.0,1.0,543.0,32.0,-0.0030632107251067353,-0.0017650185808415486,64.0,64.0,6400000.0
1.0,1.0,4.0,3.0,5.0,3.0,194.0,352.0,0.048146068319603885,0.051476191507202285,0.5,8.0,6400000.0
1.0,32.0,8.0,1.0,1.0,1.0,543.0,32.0,-0.0030632107251067353,-0.0017650185808415486,4096.0,8.0,6400000.0
32.0,32.0,8.0,9.0,1551.0,992.0,49912.0,154624.0,0.6290771828345891,0.6415034942831079,0.03125,0.015625,6400000.0
1.0,1.0,1.0,2.0,3.0,2.0,108.0,192.0,0.03911015413878083,0.040912063041146696,0.03125,2.0,6400000.0
1.0,32.0,8.0,1.0,1.0,1.0,543.0,32.0,-0.0030632107251067353,-0.0017650185808415486,0.0625,128.0,6400000.0
32.0,32.0,8.0,2.0,664.0,581.0,26587.0,88864.0,0.25006328888255613,0.26175130377805633,64.0,0.0625,6400000.0
1.0,32.0,8.0,1.0,1.0,1.0,543.0,32.0,-0.0030632107251067353,-0.0017650185808415486,0.015625,2048.0,6400000.0
1.0,32.0,8.0,1.0,1.0,1.0,543.0,32.0,-0.0030632107251067353,-0.0017650185808415486,256.0,4096.0,6400000.0
1.0,32.0,8.0,1.0,1.0,1.0,543.0,32.0,-0.0030632107251067353,-0.0017650185808415486,128.0,512.0,6400000.0
1.0,32.0,8.0,1.0,1.0,1.0,543.0,32.0,-0.0030632107251067353,-0.0017650185808415486,512.0,0.03125,6400000.0
1.0,32.0,8.0,1.0,1.0,1.0,543.0,32.0,-0.0030632107251067353,-0.0017650185808415486,256.0,4.0,6400000.0
30.0,32.0,8.0,9.0,1041.0,826.0,37179.0,128320.0,0.5615679503947415,0.5680515837886942,0.125,1.0,6400000.0
1.0,32.0,8.0,1.0,1.0,1.0,543.0,32.0,-0.0030632107251067353,-0.0017650185808415486,128.0,0.5,6400000.0
1.0,32.0,8.0,1.0,1.0,1.0,543.0,32.0,-0.0030632107251067353,-0.0017650185808415486,128.0,0.0,6400000.0
1.0,32.0,8.0,1.0,1.0,1.0,543.0,32.0,-0.0030632107251067353,-0.0017650185808415486,0.03125,16384.0,6400000.0
1.0,1.0,4.0,7.0,31.0,16.0,876.0,2432.0,0.06459907623458794,0.0681340519874094,0.25,0.00390625,6400000.0
1.0,32.0,8.0,1.0,1.0,1.0,543.0,32.0,-0.0030632107251067353,-0.0017650185808415486,256.0,0.00390625,6400000.0
32.0,32.0,8.0,9.0,1574.0,992.0,50673.0,154624.0,0.6420585868376674,0.6491483745176214,0.125,0.000976562,6400000.0
1.0,32.0,8.0,1.0,1.0,1.0,543.0,32.0,-0.0030632107251067353,-0.0017650185808415486,512.0,32.0,6400000.0
1.0,1.0,4.0,7.0,31.0,16.0,904.0,2432.0,0.06434626777602148,0.06805906711652476,0.5,0.015625,6400000.0
11.0,32.0,8.0,3.0,35.0,26.0,2559.0,2752.0,0.23801654357424562,0.2440154241847443,0.03125,16.0,6400000.0
32.0,32.0,8.0,9.0,1509.0,992.0,48852.0,154624.0,0.6342864488451563,0.64745175408807,0.0625,0.125,6400000.0
1.0,32.0,8.0,1.0,1.0,1.0,543.0,32.0,-0.0030632107251067353,-0.0017650185808415486,512.0,32768.0,6400000.0
32.0,32.0,8.0,9.0,1565.0,992.0,50440.0,154624.0,0.6490763064919614,0.6528038240173613,0.25,0.0078125,6400000.0
1.0,32.0,8.0,1.0,1.0,1.0,543.0,32.0,-0.0030632107251067353,-0.0017650185808415486,0.125,1024.0,6400000.0
32.0,32.0,8.0,9.0,1587.0,992.0,50645.0,154624.0,0.6341660745045207,0.6405059847385779,1.0,0.0,6400000.0
3.0,32.0,8.0,2.0,9.0,6.0,1295.0,576.0,0.10115259004895938,0.10346957106453547,0.5,64.0,6400000.0
1.0,32.0,8.0,1.0,1.0,1.0,543.0,32.0,-0.0030632107251067353,-0.0017650185808415486,0.0078125,512.0,6400000.0
16.0,32.0,8.0,3.0,67.0,47.0,3700.0,5472.0,0.28428173420704106,0.29213228260301216,0.25,8.0,6400000.0
1.0,32.0,8.0,1.0,1.0,1.0,543.0,32.0,-0.0030632107251067353,-0.0017650185808415486,0.25,8192.0,6400000.0
1.0,32.0,8.0,1.0,1.0,1.0,543.0,32.0,-0.0030632107251067353,-0.0017650185808415486,1.0,512.0,6400000.0
32.0,32.0,8.0,9.0,1523.0,992.0,49772.0,154624.0,0.6199206579668255,0.6362299276223504,0.5,0.0625,6400000.0
1.0,1.0,4.0,1.0,1.0,1.0,63.0,32.0,-0.0030632107251067353,-0.0017650185808415486,0.125,1024.0,6400000.0
1.0,1.0,4.0,4.0,13.0,7.0,410.0,992.0,0.057805003399450605,0.060993872308649943,0.25,4.0,6400000.0
1.0,32.0,8.0,1.0,1.0,1.0,543.0,32.0,-0.0030632107251067353,-0.0017650185808415486,1024.0,0.25,6400000.0
1.0,32.0,8.0,1.0,1.0,1.0,543.0,32.0,-0.0030632107251067353,-0.0017650185808415486,2.0,4096.0,6400000.0
1.0,32.0,8.0,1.0,1.0,1.0,543.0,32.0,-0.0030632107251067353,-0.0017650185808415486,1024.0,256.0,6400000.0
32.0,32.0,8.0,9.0,1557.0,992.0,50200.0,154624.0,0.6313572098480924,0.6357074394793423,2.0,0.00390625,6400000.0
32.0,32.0,8.0,9.0,1309.0,992.0,45851.0,154624.0,0.6248531108762229,0.6354537755513525,1.0,0.5,6400000.0
1.0,32.0,8.0,1.0,1.0,1.0,543.0,32.0,-0.0030632107251067353,-0.0017650185808415486,2048.0,0.00195312,6400000.0
32.0,32.0,8.0,8.0,1484.0,992.0,49605.0,154624.0,0.587707783362279,0.594668240960293,4.0,0.03125,6400000.0
26.0,32.0,8.0,8.0,176.0,132.0,8080.0,17792.0,0.39720646641485025,0.407163168521929,2.0,4.0,6400000.0
1.0,32.0,8.0,1.0,1.0,1.0,543.0,32.0,-0.0030632107251067353,-0.0017650185808415486,2048.0,2.0,6400000.0
24.0,32.0,8.0,3.0,160.0,127.0,7112.0,17248.0,0.3204285445846151,0.3289017834788842,16.0,2.0,6400000.0
32.0,32.0,8.0,9.0,1589.0,992.0,50810.0,154624.0,0.6295838277052135,0.6468385308844131,0.015625,0.00390625,6400000.0
8.0,32.0,8.0,2.0,22.0,16.0,1924.0,1536.0,0.184803559555608,0.19082719424152972,4.0,32.0,6400000.0
1.0,32.0,8.0,1.0,1.0,1.0,543.0,32.0,-0.0030632107251067353,-0.0017650185808415486,4.0,32768.0,6400000.0
32.0,32.0,8.0,3.0,1290.0,992.0,46938.0,154624.0,0.3148165839578376,0.32734742650541515,16.0,0.00195312,6400000.0
1.0,32.0,8.0,1.0,1.0,1.0,543.0,32.0,-0.0030632107251067353,-0.0017650185808415486,2048.0,2048.0,6400000.0
1.0,32.0,8.0,1.0,1.0,1.0,543.0,32.0,-0.0030632107251067353,-0.0017650185808415486,16.0,2048.0,6400000.0
32.0,32.0,8.0,3.0,665.0,555.0,25337.0,84704.0,0.3290796963059669,0.33744372116973864,8.0,0.25,6400000.0
1.0,32.0,8.0,1.0,1.0,1.0,543.0,32.0,-0.0030632107251067353,-0.0017650185808415486,4096.0,0.015625,6400000.0
1.0,32.0,8.0,1.0,1.0,1.0,543.0,32.0,-0.0030632107251067353,-0.0017650185808415486,8.0,256.0,6400000.0
32.0,32.0,8.0,2.0,1104.0,950.0,42836.0,147904.0,0.24955854866097693,0.2594813647686083,32.0,0.015625,6400000.0
1.0,1.0,4.0,1.0,1.0,1.0,63.0,32.0,-0.0030632107251067353,-0.0017650185808415486,0.25,4096.0,6400000.0
29.0,32.0,8.0,9.0,205.0,156.0,9076.0,21248.0,0.40735776232514465,0.41510468520174093,0.015625,4.0,6400000.0
11.0,32.0,8.0,2.0,30.0,22.0,2384.0,2112.0,0.211815897449531,0.21820531799146736,32.0,16.0,6400000.0
1.0,1.0,4.0,3.0,5.0,3.0,194.0,352.0,0.048146068319603885,0.051476191507202285,0.5,16.0,6400000.0
1.0,32.0,8.0,1.0,1.0,1.0,543.0,32.0,-0.0030632107251067353,-0.0017650185808415486,32.0,16384.0,6400000.0
1.0,32.0,8.0,1.0,1.0,1.0,543.0,32.0,-0.0030632107251067353,-0.0017650185808415486,64.0,128.0,6400000.0
1.0,32.0,8.0,1.0,1.0,1.0,543.0,32.0,-0.0030632107251067353,-0.0017650185808415486,4096.0,16.0,6400000.0
32.0,32.0,8.0,9.0,1565.0,992.0,50377.0,154624.0,0.6334589997293246,0.644774965260249,0.03125,0.03125,6400000.0
1.0,32.0,8.0,1.0,1.0,1.0,543.0,32.0,-0.0030632107251067353,-0.0017650185808415486,0.0625,256.0,6400000.0
32.0,32.0,8.0,2.0,377.0,327.0,15662.0,48224.0,0.25235784776017856,0.26773341208251233,64.0,0.125,6400000.0
1.0,1.0,1.0,2.0,3.0,2.0,108.0,192.0,0.03911015413878083,0.040912063041146696,0.03125,4.0,6400000.0
1.0,32.0,8.0,1.0,1.0,1.0,543.0,32.0,-0.0030632107251067353,-0.0017650185808415486,256.0,8192.0,6400000.0
1.0,32.0,8.0,1.0,1.0,1.0,543.0,32.0,-0.0030632107251067353,-0.0017650185808415486,0.015625,4096.0,6400000.0
1.0,32.0,8.0,1.0,1.0,1.0,543.0,32.0,-0.0030632107251067353,-0.0017650185808415486,128.0,1024.0,6400000.0
1.0,32.0,8.0,1.0,1.0,1.0,543.0,32.0,-0.0030632107251067353,-0.0017650185808415486,512.0,0.0625,6400000.0
1.0,32.0,8.0,1.0,1.0,1.0,543.0,32.0,-0.0030632107251067353,-0.0017650185808415486,128.0,1.0,6400000.0
27.0,32.0,8.0,9.0,487.0,378.0,18378.0,57024.0,0.48755456345803316,0.5011776158323638,0.125,2.0,6400000.0
1.0,32.0,8.0,1.0,1.0,1.0,543.0,32.0,-0.0030632107251067353,-0.0017650185808415486,256.0,0.0078125,6400000.0
1.0,32.0,8.0,1.0,1.0,1.0,543.0,32.0,-0.0030632107251067353,-0.0017650185808415486,256.0,8.0,6400000.0
1.0,32.0,8.0,1.0,1.0,1.0,543.0,32.0,-0.0030632107251067353,-0.0017650185808415486,0.03125,32768.0,6400000.0
1.0,32.0,8.0,1.0,1.0,1.0,543.0,32.0,-0.0030632107251067353,-0.0017650185808415486,128.0,0.000976562,6400000.0
1.0,1.0,4.0,7.0,31.0,16.0,876.0,2432.0,0.06459907623458794,0.0681340519874094,0.25,0.0078125,6400000.0
1.0,32.0,8.0,1.0,1.0,1.0,543.0,32.0,-0.0030632107251067353,-0.0017650185808415486,0.125,2048.0,6400000.0
32.0,32.0,8.0,9.0,1423.0,992.0,47634.0,154624.0,0.635931286801741,0.6464838600212258,0.0625,0.25,6400000.0
1.0,32.0,8.0,1.0,1.0,1.0,543.0,32.0,-0.0030632107251067353,-0.0017650185808415486,0.5,128.0,6400000.0
32.0,32.0,8.0,9.0,1569.0,992.0,50255.0,154624.0,0.6184107011008124,0.6297419142843956,0.125,0.00195312,6400000.0
1.0,32.0,8.0,1.0,1.0,1.0,543.0,32.0,-0.0030632107251067353,-0.0017650185808415486,1024.0,0.0,6400000.0
1.0,32.0,8.0,1.0,1.0,1.0,543.0,32.0,-0.0030632107251067353,-0.0017650185808415486,512.0,64.0,6400000.0
32.0,32.0,8.0,9.0,1554.0,992.0,50093.0,154624.0,0.623211712514566,0.6359870975199955,0.25,0.015625,6400000.0
1.0,1.0,4.0,7.0,31.0,16.0,904.0,2432.0,0.06434626777602148,0.06805906711652476,0.5,0.03125,6400000.0
8.0,32.0,8.0,2.0,22.0,16.0,1924.0,1536.0,0.184803559555608,0.19082719424152972,0.03125,32.0,6400000.0
32.0,32.0,8.0,9.0,1587.0,992.0,50645.0,154624.0,0.6341660745045207,0.6405059847385779,1.0,0.000976562,6400000.0
1.0,32.0,8.0,1.0,1.0,1.0,543.0,32.0,-0.0030632107251067353,-0.0017650185808415486,0.0078125,1024.0,6400000.0
11.0,32.0,8.0,3.0,35.0,26.0,2559.0,2752.0,0.23801654357424562,0.2440154241847443,0.25,16.0,6400000.0
32.0,32.0,8.0,9.0,1482.0,992.0,48617.0,154624.0,0.6396010268706158,0.649294257934266,0.5,0.125,6400000.0
1.0,32.0,8.0,1.0,1.0,1.0,543.0,32.0,-0.0030632107251067353,-0.0017650185808415486,1.0,1024.0,6400000.0
1.0,32.0,8.0,1.0,1.0,1.0,543.0,32.0,-0.0030632107251067353,-0.0017650185808415486,0.25,16384.0,6400000.0
1.0,1.0,4.0,1.0,1.0,1.0,63.0,32.0,-0.0030632107251067353,-0.0017650185808415486,0.125,2048.0,6400000.0
1.0,1.0,4.0,3.0,5.0,3.0,194.0,352.0,0.048146068319603885,0.051476191507202285,0.25,8.0,6400000.0
1.0,32.0,8.0,1.0,1.0,1.0,543.0,32.0,-0.0030632107251067353,-0.0017650185808415486,1024.0,0.5,6400000.0
32.0,32.0,8.0,9.0,1560.0,992.0,50403.0,154624.0,0.6407581010590195,0.6411678708688255,2.0,0.0078125,6400000.0
1.0,32.0,8.0,1.0,1.0,1.0,543.0,32.0,-0.0030632107251067353,-0.0017650185808415486,2.0,8192.0,6400000.0
32.0,32.0,8.0,9.0,1061.0,857.0,38423.0,133024.0,0.5661674050818282,0.5739976210055251,1.0,1.0,6400000.0
1.0,32.0,8.0,1.0,1.0,1.0,543.0,32.0,-0.0030632107251067353,-0.0017650185808415486,1024.0,512.0,6400000.0
16.0,32.0,8.0,3.0,67.0,47.0,3700.0,5472.0,0.28428173420704106,0.29213228260301216,2.0,8.0,6400000.0
32.0,32.0,8.0,8.0,1464.0,992.0,48981.0,154624.0,0.5909732914037666,0.593717480741595,4.0,0.0625,6400000.0
1.0,32.0,8.0,1.0,1.0,1.0,543.0,32.0,-0.0030632107251067353,-0.0017650185808415486,2048.0,0.00390625,6400000.0
19.0,32.0,8.0,3.0,110.0,83.0,5428.0,10848.0,0.3078232849852275,0.3144164768351574,16.0,4.0,6400000.0
32.0,32.0,8.0,9.0,1562.0,992.0,50100.0,154624.0,0.6340214599787224,0.6502238994079975,0.015625,0.0078125,6400000.0
1.0,32.0,8.0,1.0,1.0,1.0,543.0,32.0,-0.0030632107251067353,-0.0017650185808415486,2048.0,4.0,6400000.0
3.0,32.0,8.0,2.0,9.0,6.0,1295.0,576.0,0.10115259004895938,0.10346957106453547,4.0,64.0,6400000.0
32.0,32.0,8.0,3.0,1288.0,992.0,47184.0,154624.0,0.3158392133765032,0.32874677234151894,16.0,0.00390625,6400000.0
1.0,32.0,8.0,1.0,1.0,1.0,543.0,32.0,-0.0030632107251067353,-0.0017650185808415486,16.0,4096.0,6400000.0
1.0,32.0,8.0,1.0,1.0,1.0,543.0,32.0,-0.0030632107251067353,-0.0017650185808415486,2048.0,4096.0,6400000.0
29.0,32.0,8.0,3.0,333.0,275.0,13322.0,40288.0,0.3296030113505296,0.3361411362526636,8.0,0.5,6400000.0
32.0,32.0,8.0,3.0,1300.0,992.0,47134.0,154624.0,0.31714040730093684,0.3290764455144878,8.0,0.0,6400000.0
1.0,32.0,8.0,1.0,1.0,1.0,543.0,32.0,-0.0030632107251067353,-0.0017650185808415486,8.0,512.0,6400000.0
1.0,32.0,8.0,1.0,1.0,1.0,543.0,32.0,-0.0030632107251067353,-0.0017650185808415486,4096.0,0.03125,6400000.0
32.0,32.0,8.0,2.0,903.0,782.0,34991.0,121024.0,0.2500467190737079,0.26011756459470037,32.0,0.03125,6400000.0
8.0,32.0,8.0,2.0,22.0,16.0,1924.0,1536.0,0.184803559555608,0.19082719424152972,32.0,32.0,6400000.0
1.0,1.0,4.0,1.0,1.0,1.0,63.0,32.0,-0.0030632107251067353,-0.0017650185808415486,0.25,8192.0,6400000.0
16.0,32.0,8.0,3.0,67.0,47.0,3700.0,5472.0,0.28428173420704106,0.29213228260301216,0.015625,8.0,6400000.0
1.0,32.0,8.0,1.0,1.0,1.0,543.0,32.0,-0.0030632107251067353,-0.0017650185808415486,32.0,32768.0,6400000.0
1.0,1.0,4.0,2.0,3.0,2.0,136.0,192.0,0.03911015413878083,0.040912063041146696,0.5,32.0,6400000.0
1.0,32.0,8.0,1.0,1.0,1.0,543.0,32.0,-0.0030632107251067353,-0.0017650185808415486,64.0,256.0,6400000.0
1.0,32.0,8.0,1.0,1.0,1.0,543.0,32.0,-0.0030632107251067353,-0.0017650185808415486,0.0625,512.0,6400000.0
1.0,32.0,8.0,1.0,1.0,1.0,543.0,32.0,-0.0030632107251067353,-0.0017650185808415486,4096.0,32.0,6400000.0
32.0,32.0,8.0,9.0,1508.0,992.0,49275.0,154624.0,0.6311784219366852,0.6420361335458431,0.03125,0.0625,6400000.0
30.0,32.0,8.0,2.0,240.0,210.0,10461.0,29760.0,0.25645278315202447,0.2688286878277909,64.0,0.25,6400000.0
1.0,1.0,1.0,2.0,3.0,2.0,108.0,192.0,0.03911015413878083,0.040912063041146696,0.03125,8.0,6400000.0
1.0,32.0,8.0,1.0,1.0,1.0,543.0,32.0,-0.0030632107251067353,-0.0017650185808415486,0.015625,8192.0,6400000.0
1.0,32.0,8.0,1.0,1.0,1.0,543.0,32.0,-0.0030632107251067353,-0.0017650185808415486,256.0,16384.0,6400000.0
1.0,32.0,8.0,1.0,1.0,1.0,543.0,32.0,-0.0030632107251067353,-0.0017650185808415486,128.0,2048.0,6400000.0
1.0,32.0,8.0,1.0,1.0,1.0,543.0,32.0,-0.0030632107251067353,-0.0017650185808415486,512.0,0.125,6400000.0
1.0,32.0,8.0,1.0,1.0,1.0,543.0,32.0,-0.0030632107251067353,-0.0017650185808415486,256.0,0.015625,6400000.0
29.0,32.0,8.0,9.0,205.0,156.0,9076.0,21248.0,0.40735776232514465,0.41510468520174093,0.125,4.0,6400000.0
1.0,32.0,8.0,1.0,1.0,1.0,543.0,32.0,-0.0030632107251067353,-0.0017650185808415486,128.0,2.0,6400000.0
1.0,1.0,4.0,7.0,31.0,16.0,876.0,2432.0,0.06459907623458794,0.0681340519874094,0.25,0.015625,6400000.0
1.0,32.0,8.0,1.0,1.0,1.0,543.0,32.0,-0.0030632107251067353,-0.0017650185808415486,256.0,16.0,6400000.0
1.0,32.0,8.0,1.0,1.0,1.0,543.0,32.0,-0.0030632107251067353,-0.0017650185808415486,128.0,0.00195312,6400000.0
32.0,32.0,8.0,9.0,1572.0,992.0,50540.0,154624.0,0.6315821618889438,0.6504139572983774,0.0625,0.0,6400000.0
1.0,32.0,8.0,1.0,1.0,1.0,543.0,32.0,-0.0030632107251067353,-0.0017650185808415486,0.125,4096.0,6400000.0
32.0,32.0,8.0,9.0,1587.0,992.0,50744.0,154624.0,0.63050044715445,0.6399119289435091,0.125,0.00390625,6400000.0
32.0,32.0,8.0,9.0,1330.0,992.0,46023.0,154624.0,0.6451143536104034,0.635987889264176,0.0625,0.5,6400000.0
1.0,32.0,8.0,1.0,1.0,1.0,543.0,32.0,-0.0030632107251067353,-0.0017650185808415486,1024.0,0.000976562,6400000.0
1.0,32.0,8.0,1.0,1.0,1.0,543.0,32.0,-0.0030632107251067353,-0.0017650185808415486,0.5,256.0,6400000.0
1.0,32.0,8.0,1.0,1.0,1.0,543.0,32.0,-0.0030632107251067353,-0.0017650185808415486,1.0,2048.0,6400000.0
32.0,32.0,8.0,9.0,1411.0,992.0,47166.0,154624.0,0.6397584792033577,0.6471733589415187,0.5,0.25,6400000.0
1.0,32.0,8.0,1.0,1.0,1.0,543.0,32.0,-0.0030632107251067353,-0.0017650185808415486,0.25,32768.0,6400000.0
1.0,32.0,8.0,1.0,1.0,1.0,543.0,32.0,-0.0030632107251067353,-0.0017650185808415486,512.0,128.0,6400000.0
3.0,32.0,8.0,2.0,9.0,6.0,1295.0,576.0,0.10115259004895938,0.10346957106453547,0.03125,64.0,6400000.0
1.0,1.0,4.0,1.0,1.0,1.0,63.0,32.0,-0.0030632107251067353,-0.0017650185808415486,0.125,4096.0,6400000.0
1.0,1.0,4.0,7.0,31.0,16.0,904.0,2432.0,0.06434626777602148,0.06805906711652476,0.5,0.0625,6400000.0
1.0,32.0,8.0,1.0,1.0,1.0,543.0,32.0,-0.0030632107251067353,-0.0017650185808415486,0.0078125,2048.0,6400000.0
32.0,32.0,8.0,9.0,1565.0,992.0,50143.0,154624.0,0.6333110461336626,0.6417932025904374,1.0,0.00195312,6400000.0
32.0,32.0,8.0,9.0,1545.0,992.0,49980.0,154624.0,0.6320278782778095,0.6434652305059447,0.25,0.03125,6400000.0
1.0,1.0,4.0,3.0,5.0,3.0,194.0,352.0,0.048146068319603885,0.051476191507202285,0.25,16.0,6400000.0
8.0,32.0,8.0,2.0,22.0,16.0,1924.0,1536.0,0.184803559555608,0.19082719424152972,0.25,32.0,6400000.0
1.0,32.0,8.0,1.0,1.0,1.0,543.0,32.0,-0.0030632107251067353,-0.0017650185808415486,1024.0,1.0,6400000.0
1.0,32.0,8.0,1.0,1.0,1.0,543.0,32.0,-0.0030632107251067353,-0.0017650185808415486,2.0,16384.0,6400000.0
32.0,32.0,8.0,9.0,424.0,320.0,16144.0,47104.0,0.4701197083214502,0.4787502359616497,1.0,2.0,6400000.0
32.0,32.0,8.0,9.0,1527.0,992.0,49531.0,154624.0,0.617538288714722,0.633330861586652,2.0,0.015625,6400000.0
1.0,32.0,8.0,1.0,1.0,1.0,543.0,32.0,-0.0030632107251067353,-0.0017650185808415486,1024.0,1024.0,6400000.0
11.0,32.0,8.0,3.0,35.0,26.0,2559.0,2752.0,0.23801654357424562,0.2440154241847443,2.0,16.0,6400000.0
15.0,32.0,8.0,2.0,47.0,34.0,3196.0,3520.0,0.23483331904090687,0.24244665993785774,16.0,8.0,6400000.0
1.0,32.0,8.0,1.0,1.0,1.0,543.0,32.0,-0.0030632107251067353,-0.0017650185808415486,4.0,128.0,6400000.0
32.0,32.0,8.0,8.0,1437.0,992.0,48748.0,154624.0,0.5876877425557991,0.5896124358015524,4.0,0.125,6400000.0
1.0,32.0,8.0,1.0,1.0,1.0,543.0,32.0,-0.0030632107251067353,-0.0017650185808415486,2048.0,0.0078125,6400000.0
1.0,32.0,8.0,1.0,1.0,1.0,543.0,32.0,-0.0030632107251067353,-0.0017650185808415486,2048.0,8.0,6400000.0
32.0,32.0,8.0,9.0,1551.0,992.0,49912.0,154624.0,0.6290771828345891,0.6415034942831079,0.015625,0.015625,6400000.0
1.0,32.0,8.0,1.0,1.0,1.0,543.0,32.0,-0.0030632107251067353,-0.0017650185808415486,16.0,8192.0,6400000.0
32.0,32.0,8.0,3.0,1288.0,992.0,46936.0,154624.0,0.3222587261387819,0.328501632095037,8.0,0.000976562,6400000.0
32.0,32.0,8.0,3.0,1290.0,992.0,47186.0,154624.0,0.3174486365179733,0.32783791218761993,16.0,0.0078125,6400000.0
1.0,32.0,8.0,1.0,1.0,1.0,543.0,32.0,-0.0030632107251067353,-0.0017650185808415486,2048.0,8192.0,6400000.0
27.0,32.0,8.0,3.0,223.0,177.0,9469.0,24864.0,0.3226189820098575,0.33226569260685335,8.0,1.0,6400000.0
1.0,32.0,8.0,1.0,1.0,1.0,543.0,32.0,-0.0030632107251067353,-0.0017650185808415486,8.0,1024.0,6400000.0
1.0,32.0,8.0,1.0,1.0,1.0,543.0,32.0,-0.0030632107251067353,-0.0017650185808415486,4096.0,0.0625,6400000.0
1.0,1.0,4.0,2.0,3.0,2.0,136.0,192.0,0.03911015413878083,0.040912063041146696,0.5,64.0,6400000.0
32.0,32.0,8.0,2.0,664.0,581.0,26587.0,88864.0,0.25006328888255613,0.26175130377805633,32.0,0.0625,6400000.0
3.0,32.0,8.0,2.0,9.0,6.0,1295.0,576.0,0.10115259004895938,0.10346957106453547,32.0,64.0,6400000.0
32.0,32.0,8.0,2.0,1169.0,992.0,45035.0,154624.0,0.2501203355760514,0.2586850652562013,64.0,0.0,6400000.0
11.0,32.0,8.0,3.0,35.0,26.0,2559.0,2752.0,0.23801654357424562,0.2440154241847443,0.015625,16.0,6400000.0
1.0,32.0,8.0,1.0,1.0,1.0,543.0,32.0,-0.0030632107251067353,-0.0017650185808415486,64.0,512.0,6400000.0
1.0,1.0,4.0,1.0,1.0,1.0,63.0,32.0,-0.0030632107251067353,-0.0017650185808415486,0.25,16384.0,6400000.0
1.0,32.0,8.0,1.0,1.0,1.0,543.0,32.0,-0.0030632107251067353,-0.0017650185808415486,0.0625,1024.0,6400000.0
28.0,32.0,8.0,2.0,169.0,148.0,8044.0,20096.0,0.2583267179155011,0.26924795824128556,64.0,0.5,6400000.0
1.0,1.0,1.0,2.0,3.0,2.0,108.0,192.0,0.03911015413878083,0.040912063041146696,0.03125,16.0,6400000.0
32.0,32.0,8.0,9.0,1509.0,992.0,48852.0,154624.0,0.6342864488451563,0.64745175408807,0.03125,0.125,6400000.0
1.0,32.0,8.0,1.0,1.0,1.0,543.0,32.0,-0.0030632107251067353,-0.0017650185808415486,4096.0,64.0,6400000.0
1.0,32.0,8.0,1.0,1.0,1.0,543.0,32.0,-0.0030632107251067353,-0.0017650185808415486,0.015625,16384.0,6400000.0
1.0,32.0,8.0,1.0,1.0,1.0,543.0,32.0,-0.0030632107251067353,-0.0017650185808415486,512.0,0.25,6400000.0
1.0,32.0,8.0,1.0,1.0,1.0,543.0,32.0,-0.0030632107251067353,-0.0017650185808415486,256.0,32768.0,6400000.0
1.0,32.0,8.0,1.0,1.0,1.0,543.0,32.0,-0.0030632107251067353,-0.0017650185808415486,128.0,4096.0,6400000.0
1.0,32.0,8.0,1.0,1.0,1.0,543.0,32.0,-0.0030632107251067353,-0.0017650185808415486,256.0,0.03125,6400000.0
1.0,32.0,8.0,1.0,1.0,1.0,543.0,32.0,-0.0030632107251067353,-0.0017650185808415486,128.0,4.0,6400000.0
16.0,32.0,8.0,3.0,67.0,47.0,3700.0,5472.0,0.28428173420704106,0.29213228260301216,0.125,8.0,6400000.0
1.0,32.0,8.0,1.0,1.0,1.0,543.0,32.0,-0.0030632107251067353,-0.0017650185808415486,256.0,32.0,6400000.0
1.0,1.0,4.0,7.0,31.0,16.0,876.0,2432.0,0.06459907623458794,0.0681340519874094,0.25,0.03125,6400000.0
1.0,32.0,8.0,1.0,1.0,1.0,543.0,32.0,-0.0030632107251067353,-0.0017650185808415486,128.0,0.00390625,6400000.0
30.0,32.0,8.0,9.0,1041.0,826.0,37179.0,128320.0,0.5615679503947415,0.5680515837886942,0.0625,1.0,6400000.0
1.0,32.0,8.0,1.0,1.0,1.0,543.0,32.0,-0.0030632107251067353,-0.0017650185808415486,0.125,8192.0,6400000.0
32.0,32.0,8.0,9.0,1565.0,992.0,50440.0,154624.0,0.6490763064919614,0.6528038240173613,0.125,0.0078125,6400000.0
32.0,32.0,8.0,9.0,1571.0,992.0,50539.0,154624.0,0.631610311087987,0.6504642960934903,0.0625,0.000976562,6400000.0
1.0,32.0,8.0,1.0,1.0,1.0,543.0,32.0,-0.0030632107251067353,-0.0017650185808415486,1024.0,0.00195312,6400000.0
1.0,32.0,8.0,1.0,1.0,1.0,543.0,32.0,-0.0030632107251067353,-0.0017650185808415486,512.0,256.0,6400000.0
1.0,32.0,8.0,1.0,1.0,1.0,543.0,32.0,-0.0030632107251067353,-0.0017650185808415486,1.0,4096.0,6400000.0
1.0,1.0,4.0,1.0,1.0,1.0,63.0,32.0,-0.0030632107251067353,-0.0017650185808415486,0.125,8192.0,6400000.0
1.0,1.0,4.0,7.0,31.0,16.0,904.0,2432.0,0.06434626777602148,0.06805906711652476,0.5,0.125,6400000.0
32.0,32.0,8.0,9.0,1575.0,992.0,50304.0,154624.0,0.6394054537454756,0.6485113055099581,0.5,0.0,6400000.0
1.0,32.0,8.0,1.0,1.0,1.0,543.0,32.0,-0.0030632107251067353,-0.0017650185808415486,0.03125,128.0,6400000.0
1.0,32.0,8.0,1.0,1.0,1.0,543.0,32.0,-0.0030632107251067353,-0.0017650185808415486,0.5,512.0,6400000.0
32.0,32.0,8.0,9.0,1327.0,992.0,45926.0,154624.0,0.6333443306790993,0.6372650334407935,0.5,0.5,6400000.0
32.0,32.0,8.0,9.0,1584.0,992.0,50355.0,154624.0,0.6340833720962438,0.6400999601283788,1.0,0.00390625,6400000.0
1.0,1.0,4.0,2.0,3.0,2.0,136.0,192.0,0.03911015413878083,0.040912063041146696,0.25,32.0,6400000.0
32.0,32.0,8.0,9.0,1530.0,992.0,49927.0,154624.0,0.643371593953556,0.6478620826443957,0.25,0.0625,6400000.0
1.0,32.0,8.0,1.0,1.0,1.0,543.0,32.0,-0.0030632107251067353,-0.0017650185808415486,0.0078125,4096.0,6400000.0
1.0,32.0,8.0,1.0,1.0,1.0,543.0,32.0,-0.0030632107251067353,-0.0017650185808415486,1024.0,2.0,6400000.0
3.0,32.0,8.0,2.0,9.0,6.0,1295.0,576.0,0.10115259004895938,0.10346957106453547,0.25,64.0,6400000.0
1.0,32.0,8.0,1.0,1.0,1.0,543.0,32.0,-0.0030632107251067353,-0.0017650185808415486,2.0,32768.0,6400000.0
8.0,32.0,8.0,2.0,22.0,16.0,1924.0,1536.0,0.184803559555608,0.19082719424152972,2.0,32.0,6400000.0
32.0,32.0,8.0,9.0,1557.0,992.0,50376.0,154624.0,0.6348997953485329,0.6427484202460009,2.0,0.03125,6400000.0
22.0,32.0,8.0,8.0,171.0,127.0,7754.0,17504.0,0.3898532962522989,0.39380126212786304,1.0,4.0,6400000.0
1.0,32.0,8.0,1.0,1.0,1.0,543.0,32.0,-0.0030632107251067353,-0.0017650185808415486,1024.0,2048.0,6400000.0
11.0,32.0,8.0,2.0,30.0,22.0,2384.0,2112.0,0.211815897449531,0.21820531799146736,16.0,16.0,6400000.0
1.0,32.0,8.0,1.0,1.0,1.0,543.0,32.0,-0.0030632107251067353,-0.0017650185808415486,4.0,256.0,6400000.0
1.0,32.0,8.0,1.0,1.0,1.0,543.0,32.0,-0.0030632107251067353,-0.0017650185808415486,2048.0,16.0,6400000.0
32.0,32.0,8.0,8.0,1349.0,977.0,46154.0,152224.0,0.5993371966974108,0.5888003226290528,4.0,0.25,6400000.0
1.0,32.0,8.0,1.0,1.0,1.0,543.0,32.0,-0.0030632107251067353,-0.0017650185808415486,2048.0,0.015625,6400000.0
1.0,32.0,8.0,1.0,1.0,1.0,543.0,32.0,-0.0030632107251067353,-0.0017650185808415486,16.0,16384.0,6400000.0
32.0,32.0,8.0,9.0,1565.0,992.0,50377.0,154624.0,0.6334589997293246,0.644774965260249,0.015625,0.03125,6400000.0
22.0,32.0,8.0,3.0,168.0,129.0,7618.0,17824.0,0.316439177099364,0.32663957108145203,8.0,2.0,6400000.0
1.0,32.0,8.0,1.0,1.0,1.0,543.0,32.0,-0.0030632107251067353,-0.0017650185808415486,2048.0,16384.0,6400000.0
32.0,32.0,8.0,3.0,1264.0,992.0,46633.0,154624.0,0.3158983484116472,0.3269029370407772,16.0,0.015625,6400000.0
32.0,32.0,8.0,3.0,1290.0,992.0,47000.0,154624.0,0.32066045933670384,0.32827307234458525,8.0,0.00195312,6400000.0
32.0,32.0,8.0,2.0,377.0,327.0,15662.0,48224.0,0.25235784776017856,0.26773341208251233,32.0,0.125,6400000.0
1.0,32.0,8.0,1.0,1.0,1.0,543.0,32.0,-0.0030632107251067353,-0.0017650185808415486,8.0,2048.0,6400000.0
1.0,32.0,8.0,1.0,1.0,1.0,543.0,32.0,-0.0030632107251067353,-0.0017650185808415486,4096.0,0.125,6400000.0
1.0,1.0,4.0,1.0,1.0,1.0,63.0,32.0,-0.0030632107251067353,-0.0017650185808415486,0.5,128.0,6400000.0
1.0,32.0,8.0,1.0,1.0,1.0,543.0,32.0,-0.0030632107251067353,-0.0017650185808415486,32.0,128.0,6400000.0
8.0,32.0,8.0,2.0,22.0,16.0,1924.0,1536.0,0.184803559555608,0.19082719424152972,0.015625,32.0,6400000.0
1.0,1.0,4.0,1.0,1.0,1.0,63.0,32.0,-0.0030632107251067353,-0.0017650185808415486,0.25,32768.0,6400000.0
32.0,32.0,8.0,9.0,1423.0,992.0,47634.0,154624.0,0.635931286801741,0.6464838600212258,0.03125,0.25,6400000.0
1.0,32.0,8.0,1.0,1.0,1.0,543.0,32.0,-0.0030632107251067353,-0.0017650185808415486,64.0,1024.0,6400000.0
1.0,1.0,1.0,2.0,3.0,2.0,108.0,192.0,0.03911015413878083,0.040912063041146696,0.03125,32.0,6400000.0
32.0,32.0,8.0,2.0,1170.0,992.0,45067.0,154624.0,0.24998467307338978,0.2590195530459093,64.0,0.000976562,6400000.0
25.0,32.0,8.0,2.0,113.0,94.0,5772.0,11840.0,0.25446652674505144,0.26625990280383205,64.0,1.0,6400000.0
1.0,32.0,8.0,1.0,1.0,1.0,543.0,32.0,-0.0030632107251067353,-0.0017650185808415486,512.0,0.5,6400000.0
1.0,32.0,8.0,1.0,1.0,1.0,543.0,32.0,-0.0030632107251067353,-0.0017650185808415486,4096.0,128.0,6400000.0
1.0,32.0,8.0,1.0,1.0,1.0,543.0,32.0,-0.0030632107251067353,-0.0017650185808415486,0.015625,32768.0,6400000.0
1.0,32.0,8.0,1.0,1.0,1.0,543.0,32.0,-0.0030632107251067353,-0.0017650185808415486,512.0,0.0,6400000.0
1.0,32.0,8.0,1.0,1.0,1.0,543.0,32.0,-0.0030632107251067353,-0.0017650185808415486,0.0625,2048.0,6400000.0
1.0,32.0,8.0,1.0,1.0,1.0,543.0,32.0,-0.0030632107251067353,-0.0017650185808415486,128.0,8192.0,6400000.0
1.0,1.0,4.0,7.0,31.0,16.0,876.0,2432.0,0.06459907623458794,0.0681340519874094,0.25,0.0625,6400000.0
1.0,32.0,8.0,1.0,1.0,1.0,543.0,32.0,-0.0030632107251067353,-0.0017650185808415486,256.0,64.0,6400000.0
1.0,32.0,8.0,1.0,1.0,1.0,543.0,32.0,-0.0030632107251067353,-0.0017650185808415486,128.0,8.0,6400000.0
1.0,32.0,8.0,1.0,1.0,1.0,543.0,32.0,-0.0030632107251067353,-0.0017650185808415486,256.0,0.0625,6400000.0
11.0,32.0,8.0,3.0,35.0,26.0,2559.0,2752.0,0.23801654357424562,0.2440154241847443,0.125,16.0,6400000.0
1.0,32.0,8.0,1.0,1.0,1.0,543.0,32.0,-0.0030632107251067353,-0.0017650185808415486,0.125,16384.0,6400000.0
1.0,32.0,8.0,1.0,1.0,1.0,543.0,32.0,-0.0030632107251067353,-0.0017650185808415486,128.0,0.0078125,6400000.0
32.0,32.0,8.0,9.0,456.0,357.0,17370.0,53024.0,0.4864904504463652,0.49009956051128545,0.0625,2.0,6400000.0
32.0,32.0,8.0,9.0,1554.0,992.0,50093.0,154624.0,0.623211712514566,0.6359870975199955,0.125,0.015625,6400000.0
1.0,32.0,8.0,1.0,1.0,1.0,543.0,32.0,-0.0030632107251067353,-0.0017650185808415486,1024.0,0.00390625,6400000.0
1.0,32.0,8.0,1.0,1.0,1.0,543.0,32.0,-0.0030632107251067353,-0.0017650185808415486,512.0,512.0,6400000.0
1.0,32.0,8.0,1.0,1.0,1.0,543.0,32.0,-0.0030632107251067353,-0.0017650185808415486,1.0,8192.0,6400000.0
32.0,32.0,8.0,9.0,1587.0,992.0,50650.0,154624.0,0.6327980705653933,0.6475448699887993,0.0625,0.00195312,6400000.0
1.0,1.0,4.0,1.0,1.0,1.0,63.0,32.0,-0.0030632107251067353,-0.0017650185808415486,0.125,16384.0,6400000.0
32.0,32.0,8.0,9.0,1575.0,992.0,50334.0,154624.0,0.6295613377507339,0.6354697880953173,0.5,0.000976562,6400000.0
32.0,32.0,8.0,9.0,1040.0,825.0,36989.0,127904.0,0.5775318767748838,0.5826393046108829,0.5,1.0,6400000.0
1.0,32.0,8.0,1.0,1.0,1.0,543.0,32.0,-0.0030632107251067353,-0.0017650185808415486,0.5,1024.0,6400000.0
32.0,32.0,8.0,9.0,1559.0,992.0,50085.0,154624.0,0.6265705867695461,0.6421907577895728,1.0,0.0078125,6400000.0
32.0,32.0,8.0,9.0,1476.0,992.0,48956.0,154624.0,0.633223808822363,0.6422959271275366,0.25,0.125,6400000.0
1.0,1.0,4.0,2.0,3.0,2.0,136.0,192.0,0.03911015413878083,0.040912063041146696,0.25,64.0,6400000.0
1.0,32.0,8.0,1.0,1.0,1.0,543.0,32.0,-0.0030632107251067353,-0.0017650185808415486,0.03125,256.0,6400000.0
1.0,32.0,8.0,1.0,1.0,1.0,543.0,32.0,-0.0030632107251067353,-0.0017650185808415486,1024.0,4.0,6400000.0
1.0,1.0,4.0,7.0,31.0,16.0,904.0,2432.0,0.06434626777602148,0.06805906711652476,0.5,0.25,6400000.0
1.0,32.0,8.0,1.0,1.0,1.0,543.0,32.0,-0.0030632107251067353,-0.0017650185808415486,0.0078125,8192.0,6400000.0
1.0,32.0,8.0,1.0,1.0,1.0,543.0,32.0,-0.0030632107251067353,-0.0017650185808415486,0.25,128.0,6400000.0
8.0,32.0,8.0,2.0,22.0,16.0,1924.0,1536.0,0.184803559555608,0.19082719424152972,16.0,32.0,6400000.0
32.0,32.0,8.0,8.0,1514.0,992.0,49649.0,154624.0,0.5956506213490423,0.5981674904935702,4.0,0.0,6400000.0
3.0,32.0,8.0,2.0,9.0,6.0,1295.0,576.0,0.10115259004895938,0.10346957106453547,2.0,64.0,6400000.0
32.0,32.0,8.0,9.0,1535.0,992.0,50286.0,154624.0,0.6252834294122719,0.635912154482307,2.0,0.0625,6400000.0
1.0,32.0,8.0,1.0,1.0,1.0,543.0,32.0,-0.0030632107251067353,-0.0017650185808415486,1024.0,4096.0,6400000.0
16.0,32.0,8.0,3.0,67.0,47.0,3700.0,5472.0,0.28428173420704106,0.29213228260301216,1.0,8.0,6400000.0
32.0,32.0,8.0,8.0,1111.0,833.0,38679.0,129184.0,0.5825363969845352,0.5799076410328255,4.0,0.5,6400000.0
1.0,32.0,8.0,1.0,1.0,1.0,543.0,32.0,-0.0030632107251067353,-0.0017650185808415486,2048.0,32.0,6400000.0
1.0,32.0,8.0,1.0,1.0,1.0,543.0,32.0,-0.0030632107251067353,-0.0017650185808415486,4.0,512.0,6400000.0
1.0,32.0,8.0,1.0,1.0,1.0,543.0,32.0,-0.0030632107251067353,-0.0017650185808415486,2048.0,0.03125,6400000.0
1.0,32.0,8.0,1.0,1.0,1.0,543.0,32.0,-0.0030632107251067353,-0.0017650185808415486,16.0,32768.0,6400000.0
1.0,32.0,8.0,1.0,1.0,1.0,543.0,32.0,-0.0030632107251067353,-0.0017650185808415486,2048.0,32768.0,6400000.0
19.0,32.0,8.0,3.0,112.0,85.0,5565.0,11168.0,0.3078034380468804,0.3159020086450115,8.0,4.0,6400000.0
32.0,32.0,8.0,9.0,1508.0,992.0,49275.0,154624.0,0.6311784219366852,0.6420361335458431,0.015625,0.0625,6400000.0
32.0,32.0,8.0,3.0,1249.0,992.0,45874.0,154624.0,0.3144539839651015,0.3285869701137232,16.0,0.03125,6400000.0
32.0,32.0,8.0,3.0,1282.0,992.0,47023.0,154624.0,0.32071828679377457,0.32633623843528203,8.0,0.00390625,6400000.0
30.0,32.0,8.0,2.0,240.0,210.0,10461.0,29760.0,0.25645278315202447,0.2688286878277909,32.0,0.25,6400000.0
1.0,32.0,8.0,1.0,1.0,1.0,543.0,32.0,-0.0030632107251067353,-0.0017650185808415486,8.0,4096.0,6400000.0
3.0,32.0,8.0,2.0,9.0,6.0,1295.0,576.0,0.10115259004895938,0.10346957106453547,0.015625,64.0,6400000.0
1.0,1.0,4.0,1.0,1.0,1.0,63.0,32.0,-0.0030632107251067353,-0.0017650185808415486,0.5,256.0,6400000.0
1.0,32.0,8.0,1.0,1.0,1.0,543.0,32.0,-0.0030632107251067353,-0.0017650185808415486,4096.0,0.25,6400000.0
1.0,32.0,8.0,1.0,1.0,1.0,543.0,32.0,-0.0030632107251067353,-0.0017650185808415486,32.0,256.0,6400000.0
32.0,32.0,8.0,9.0,1330.0,992.0,46023.0,154624.0,0.6451143536104034,0.635987889264176,0.03125,0.5,6400000.0
1.0,1.0,4.0,7.0,31.0,16.0,904.0,2432.0,0.06434626777602148,0.06805906711652476,0.5,0.0,6400000.0
1.0,32.0,8.0,1.0,1.0,1.0,543.0,32.0,-0.0030632107251067353,-0.0017650185808415486,64.0,2048.0,6400000.0
1.0,32.0,8.0,1.0,1.0,1.0,543.0,32.0,-0.0030632107251067353,-0.0017650185808415486,128.0,16384.0,6400000.0
32.0,32.0,8.0,2.0,1170.0,992.0,45036.0,154624.0,0.2506279037301511,0.2595723510411435,64.0,0.00195312,6400000.0
1.0,1.0,1.0,2.0,3.0,2.0,108.0,192.0,0.03911015413878083,0.040912063041146696,0.03125,64.0,6400000.0
1.0,32.0,8.0,1.0,1.0,1.0,543.0,32.0,-0.0030632107251067353,-0.0017650185808415486,4096.0,256.0,6400000.0
1.0,32.0,8.0,1.0,1.0,1.0,543.0,32.0,-0.0030632107251067353,-0.0017650185808415486,512.0,1.0,6400000.0
1.0,32.0,8.0,1.0,1.0,1.0,543.0,32.0,-0.0030632107251067353,-0.0017650185808415486,0.0625,4096.0,6400000.0
23.0,32.0,8.0,2.0,96.0,78.0,5189.0,9536.0,0.25348208415856677,0.264691761708014,64.0,2.0,6400000.0
32.0,32.0,8.0,9.0,1572.0,992.0,50540.0,154624.0,0.6315821618889438,0.6504139572983774,0.03125,0.0,6400000.0
1.0,32.0,8.0,1.0,1.0,1.0,543.0,32.0,-0.0030632107251067353,-0.0017650185808415486,512.0,0.000976562,6400000.0
1.0,32.0,8.0,1.0,1.0,1.0,543.0,32.0,-0.0030632107251067353,-0.0017650185808415486,128.0,16.0,6400000.0
1.0,1.0,4.0,7.0,31.0,16.0,876.0,2432.0,0.06459907623458794,0.0681340519874094,0.25,0.125,6400000.0
1.0,32.0,8.0,1.0,1.0,1.0,543.0,32.0,-0.0030632107251067353,-0.0017650185808415486,128.0,0.015625,6400000.0
1.0,32.0,8.0,1.0,1.0,1.0,543.0,32.0,-0.0030632107251067353,-0.0017650185808415486,256.0,0.125,6400000.0
1.0,32.0,8.0,1.0,1.0,1.0,543.0,32.0,-0.0030632107251067353,-0.0017650185808415486,256.0,128.0,6400000.0
8.0,32.0,8.0,2.0,22.0,16.0,1924.0,1536.0,0.184803559555608,0.19082719424152972,0.125,32.0,6400000.0
29.0,32.0,8.0,9.0,205.0,156.0,9076.0,21248.0,0.40735776232514465,0.41510468520174093,0.0625,4.0,6400000.0
1.0,32.0,8.0,1.0,1.0,1.0,543.0,32.0,-0.0030632107251067353,-0.0017650185808415486,0.125,32768.0,6400000.0
1.0,32.0,8.0,1.0,1.0,1.0,543.0,32.0,-0.0030632107251067353,-0.0017650185808415486,1024.0,0.0078125,6400000.0
32.0,32.0,8.0,9.0,1545.0,992.0,49980.0,154624.0,0.6320278782778095,0.6434652305059447,0.125,0.03125,6400000.0
32.0,32.0,8.0,9.0,1589.0,992.0,50810.0,154624.0,0.6295838277052135,0.6468385308844131,0.0625,0.00390625,6400000.0
1.0,32.0,8.0,1.0,1.0,1.0,543.0,32.0,-0.0030632107251067353,-0.0017650185808415486,512.0,1024.0,6400000.0
32.0,32.0,8.0,9.0,1559.0,992.0,49971.0,154624.0,0.6391771793809465,0.6448093434153683,0.5,0.00195312,6400000.0
1.0,32.0,8.0,1.0,1.0,1.0,543.0,32.0,-0.0030632107251067353,-0.0017650185808415486,1.0,16384.0,6400000.0
32.0,32.0,8.0,9.0,502.0,390.0,18966.0,58304.0,0.4882999810727613,0.49638200004259003,0.5,2.0,6400000.0
1.0,1.0,4.0,6.0,28.0,15.0,798.0,2272.0,0.06394930878080851,0.06754977537390072,0.5,0.5,6400000.0
1.0,32.0,8.0,1.0,1.0,1.0,543.0,32.0,-0.0030632107251067353,-0.0017650185808415486,0.5,2048.0,6400000.0
1.0,1.0,4.0,1.0,1.0,1.0,63.0,32.0,-0.0030632107251067353,-0.0017650185808415486,0.25,128.0,6400000.0
32.0,32.0,8.0,9.0,1577.0,992.0,51169.0,154624.0,0.6381853938776592,0.6522708030033474,1.0,0.015625,6400000.0
1.0,32.0,8.0,1.0,1.0,1.0,543.0,32.0,-0.0030632107251067353,-0.0017650185808415486,4096.0,2048.0,6400000.0
1.0,32.0,8.0,1.0,1.0,1.0,543.0,32.0,-0.0030632107251067353,-0.0017650185808415486,0.25,256.0,6400000.0
32.0,32.0,8.0,9.0,1416.0,992.0,47391.0,154624.0,0.6458258359932945,0.64927760365879,0.25,0.25,6400000.0
1.0,32.0,8.0,1.0,1.0,1.0,543.0,32.0,-0.0030632107251067353,-0.0017650185808415486,0.03125,512.0,6400000.0
1.0,32.0,8.0,1.0,1.0,1.0,543.0,32.0,-0.0030632107251067353,-0.0017650185808415486,1024.0,8.0,6400000.0
3.0,32.0,8.0,2.0,9.0,6.0,1295.0,576.0,0.10115259004895938,0.10346957106453547,16.0,64.0,6400000.0
32.0,32.0,8.0,8.0,1510.0,992.0,49914.0,154624.0,0.5896527737811134,0.5917663668039027,4.0,0.000976562,6400000.0
1.0,32.0,8.0,1.0,1.0,1.0,543.0,32.0,-0.0030632107251067353,-0.0017650185808415486,1024.0,8192.0,6400000.0
1.0,32.0,8.0,1.0,1.0,1.0,543.0,32.0,-0.0030632107251067353,-0.0017650185808415486,8192.0,0.015625,6400000.0
1.0,32.0,8.0,1.0,1.0,1.0,543.0,32.0,-0.0030632107251067353,-0.0017650185808415486,2048.0,64.0,6400000.0
1.0,32.0,8.0,1.0,1.0,1.0,543.0,32.0,-0.0030632107251067353,-0.0017650185808415486,2.0,128.0,6400000.0
32.0,32.0,8.0,8.0,697.0,545.0,25610.0,83104.0,0.5310585507401261,0.5300950833630897,4.0,1.0,6400000.0
11.0,32.0,8.0,3.0,35.0,26.0,2559.0,2752.0,0.23801654357424562,0.2440154241847443,1.0,16.0,6400000.0
32.0,32.0,8.0,9.0,1475.0,992.0,49088.0,154624.0,0.6263924232394628,0.6291064658779383,2.0,0.125,6400000.0
1.0,32.0,8.0,1.0,1.0,1.0,543.0,32.0,-0.0030632107251067353,-0.0017650185808415486,4.0,1024.0,6400000.0
1.0,32.0,8.0,1.0,1.0,1.0,543.0,32.0,-0.0030632107251067353,-0.0017650185808415486,2048.0,0.0625,6400000.0
32.0,32.0,8.0,2.0,1169.0,992.0,45035.0,154624.0,0.2501203355760514,0.2586850652562013,32.0,0.0,6400000.0
1.0,32.0,8.0,1.0,1.0,1.0,543.0,32.0,-0.0030632107251067353,-0.0017650185808415486,4096.0,0.0,6400000.0
16.0,32.0,8.0,3.0,67.0,47.0,3700.0,5472.0,0.28428173420704106,0.29213228260301216,8.0,8.0,6400000.0
32.0,32.0,8.0,3.0,1280.0,992.0,46835.0,154624.0,0.3191392220760172,0.3262130220309555,8.0,0.0078125,6400000.0
1.0,1.0,4.0,1.0,1.0,1.0,63.0,32.0,-0.0030632107251067353,-0.0017650185808415486,0.5,512.0,6400000.0
28.0,32.0,8.0,2.0,169.0,148.0,8044.0,20096.0,0.2583267179155011,0.26924795824128556,32.0,0.5,6400000.0
32.0,32.0,8.0,3.0,1216.0,992.0,44910.0,154624.0,0.3169923212381728,0.3266506120494822,16.0,0.0625,6400000.0
1.0,32.0,8.0,1.0,1.0,1.0,543.0,32.0,-0.0030632107251067353,-0.0017650185808415486,8.0,8192.0,6400000.0
1.0,32.0,8.0,1.0,1.0,1.0,543.0,32.0,-0.0030632107251067353,-0.0017650185808415486,4096.0,0.5,6400000.0
1.0,32.0,8.0,1.0,1.0,1.0,543.0,32.0,-0.0030632107251067353,-0.0017650185808415486,8192.0,16.0,6400000.0
1.0,32.0,8.0,1.0,1.0,1.0,543.0,32.0,-0.0030632107251067353,-0.0017650185808415486,64.0,4096.0,6400000.0
1.0,32.0,8.0,1.0,1.0,1.0,543.0,32.0,-0.0030632107251067353,-0.0017650185808415486,8192.0,16384.0,6400000.0
1.0,1.0,4.0,7.0,31.0,16.0,904.0,2432.0,0.06434626777602148,0.06805906711652476,0.5,0.000976562,6400000.0
1.0,32.0,8.0,1.0,1.0,1.0,543.0,32.0,-0.0030632107251067353,-0.0017650185808415486,16384.0,0.125,6400000.0
1.0,32.0,8.0,1.0,1.0,1.0,543.0,32.0,-0.0030632107251067353,-0.0017650185808415486,32.0,512.0,6400000.0
1.0,32.0,8.0,1.0,1.0,1.0,543.0,32.0,-0.0030632107251067353,-0.0017650185808415486,128.0,32768.0,6400000.0
1.0,32.0,8.0,1.0,1.0,1.0,543.0,32.0,-0.0030632107251067353,-0.0017650185808415486,512.0,2.0,6400000.0
32.0,32.0,8.0,2.0,1168.0,992.0,45003.0,154624.0,0.25075366224012297,0.25913686705900163,64.0,0.00390625,6400000.0
1.0,32.0,8.0,1.0,1.0,1.0,543.0,32.0,-0.0030632107251067353,-0.0017650185808415486,16384.0,128.0,6400000.0
1.0,32.0,8.0,1.0,1.0,1.0,543.0,32.0,-0.0030632107251067353,-0.0017650185808415486,4096.0,512.0,6400000.0
20.0,32.0,8.0,2.0,81.0,65.0,4614.0,7840.0,0.25194387259795514,0.2611969990570394,64.0,4.0,6400000.0
1.0,32.0,8.0,1.0,1.0,1.0,543.0,32.0,-0.0030632107251067353,-0.0017650185808415486,512.0,0.00195312,6400000.0
1.0,32.0,8.0,1.0,1.0,1.0,543.0,32.0,-0.0030632107251067353,-0.0017650185808415486,32768.0,0.000976562,6400000.0
1.0,32.0,8.0,1.0,1.0,1.0,543.0,32.0,-0.0030632107251067353,-0.0017650185808415486,256.0,256.0,6400000.0
1.0,32.0,8.0,1.0,1.0,1.0,543.0,32.0,-0.0030632107251067353,-0.0017650185808415486,256.0,0.25,6400000.0
1.0,32.0,8.0,1.0,1.0,1.0,543.0,32.0,-0.0030632107251067353,-0.0017650185808415486,32768.0,1.0,6400000.0
1.0,32.0,8.0,1.0,1.0,1.0,543.0,32.0,-0.0030632107251067353,-0.0017650185808415486,128.0,32.0,6400000.0
1.0,32.0,8.0,1.0,1.0,1.0,543.0,32.0,-0.0030632107251067353,-0.0017650185808415486,128.0,0.03125,6400000.0
1.0,32.0,8.0,1.0,1.0,1.0,543.0,32.0,-0.0030632107251067353,-0.0017650185808415486,32768.0,1024.0,6400000.0
1.0,1.0,4.0,1.0,1.0,1.0,63.0,32.0,-0.0030632107251067353,-0.0017650185808415486,0.5,2048.0,6400000.0
64.0,64.0,1.0,9.0,167.0,128.0,5142.0,12288.0,0.3546415522228499,0.37018514651067025,0.0,0.0078125,6400000.0
1.0,32.0,8.0,1.0,1.0,1.0,543.0,32.0,-0.0030632107251067353,-0.0017650185808415486,1024.0,0.015625,6400000.0
22.0,64.0,1.0,3.0,61.0,44.0,1728.0,4224.0,0.27209781390772547,0.2796723898647334,0.0,8.0,6400000.0
1.0,32.0,8.0,1.0,1.0,1.0,543.0,32.0,-0.0030632107251067353,-0.0017650185808415486,512.0,2048.0,6400000.0
1.0,1.0,4.0,6.0,26.0,14.0,760.0,2112.0,0.0636058133035663,0.0673808602609266,0.5,1.0,6400000.0
1.0,32.0,8.0,1.0,1.0,1.0,543.0,32.0,-0.0030632107251067353,-0.0017650185808415486,1024.0,16.0,6400000.0
64.0,64.0,1.0,9.0,167.0,128.0,5142.0,12288.0,0.3546415522228499,0.37018514651067025,0.00195312,0.0,6400000.0
64.0,64.0,1.0,9.0,166.0,128.0,5119.0,12288.0,0.35544262172354435,0.3706727611010914,0.00195312,0.5,6400000.0
1.0,32.0,8.0,1.0,1.0,1.0,543.0,32.0,-0.0030632107251067353,-0.0017650185808415486,4096.0,4096.0,6400000.0
52.0,64.0,1.0,7.0,135.0,104.0,4084.0,9984.0,0.3374920860243603,0.35184392779643947,0.00390625,4.0,6400000.0
3.0,64.0,1.0,2.0,9.0,6.0,279.0,576.0,0.10115259004895938,0.10346957106453547,0.000976562,64.0,6400000.0
1.0,64.0,1.0,1.0,1.0,1.0,35.0,32.0,-0.0030632107251067353,-0.0017650185808415486,0.00195312,512.0,6400000.0
64.0,64.0,1.0,9.0,167.0,128.0,5142.0,12288.0,0.3546415522228499,0.37018514651067025,0.00390625,0.00390625,6400000.0
1.0,64.0,1.0,1.0,1.0,1.0,35.0,32.0,-0.0030632107251067353,-0.0017650185808415486,0.00390625,4096.0,6400000.0
1.0,64.0,1.0,1.0,1.0,1.0,35.0,32.0,-0.0030632107251067353,-0.0017650185808415486,0.0,8192.0,6400000.0
1.0,32.0,8.0,1.0,1.0,1.0,543.0,32.0,-0.0030632107251067353,-0.0017650185808415486,8192.0,0.03125,6400000.0
1.0,1.0,4.0,6.0,30.0,16.0,869.0,2432.0,0.0637713077408717,0.06766014173878698,1.0,0.015625,6400000.0
64.0,64.0,1.0,9.0,166.0,128.0,5082.0,12288.0,0.3559219924763042,0.370686077297817,0.000976562,0.0625,6400000.0
64.0,64.0,1.0,9.0,167.0,128.0,5142.0,12288.0,0.35463967676625063,0.37018405966745793,0.0078125,0.03125,6400000.0
1.0,32.0,8.0,1.0,1.0,1.0,543.0,32.0,-0.0030632107251067353,-0.0017650185808415486,1024.0,16384.0,6400000.0
1.0,64.0,1.0,1.0,1.0,1.0,35.0,32.0,-0.0030632107251067353,-0.0017650185808415486,0.0078125,32768.0,6400000.0
8.0,64.0,1.0,2.0,22.0,16.0,654.0,1536.0,0.184803559555608,0.19082719424152972,0.0078125,32.0,6400000.0
1.0,32.0,8.0,1.0,1.0,1.0,543.0,32.0,-0.0030632107251067353,-0.0017650185808415486,2048.0,128.0,6400000.0
1.0,32.0,8.0,1.0,1.0,1.0,543.0,32.0,-0.0030632107251067353,-0.0017650185808415486,2048.0,0.125,6400000.0
1.0,64.0,1.0,1.0,1.0,1.0,35.0,32.0,-0.0030632107251067353,-0.0017650185808415486,0.015625,256.0,6400000.0
64.0,64.0,1.0,9.0,166.0,128.0,5116.0,12288.0,0.35534699838883865,0.3706747615977316,0.03125,2.0,6400000.0
1.0,64.0,1.0,1.0,1.0,1.0,35.0,32.0,-0.0030632107251067353,-0.0017650185808415486,0.03125,2048.0,6400000.0
64.0,64.0,1.0,9.0,165.0,128.0,5078.0,12288.0,0.3558958695889981,0.3703668071062881,0.015625,0.25,6400000.0
64.0,64.0,1.0,9.0,167.0,128.0,5142.0,12288.0,0.35464176444697426,0.37018527312856697,0.03125,0.00195312,6400000.0
1.0,32.0,8.0,1.0,1.0,1.0,543.0,32.0,-0.0030632107251067353,-0.0017650185808415486,4096.0,0.000976562,6400000.0
64.0,64.0,1.0,9.0,167.0,128.0,5142.0,12288.0,0.35463750141419226,0.37018378165170984,0.0625,0.015625,6400000.0
1.0,1.0,4.0,3.0,5.0,3.0,194.0,352.0,0.048146068319603885,0.051476191507202285,1.0,16.0,6400000.0
1.0,1.0,4.0,1.0,1.0,1.0,63.0,32.0,-0.0030632107251067353,-0.0017650185808415486,0.5,1024.0,6400000.0
1.0,32.0,8.0,1.0,1.0,1.0,543.0,32.0,-0.0030632107251067353,-0.0017650185808415486,4096.0,1.0,6400000.0
1.0,32.0,8.0,1.0,1.0,1.0,543.0,32.0,-0.0030632107251067353,-0.0017650185808415486,8192.0,32.0,6400000.0
12.0,64.0,1.0,3.0,33.0,24.0,937.0,2304.0,0.22058073034453196,0.22746378695664926,0.0625,16.0,6400000.0
1.0,64.0,1.0,1.0,1.0,1.0,35.0,32.0,-0.0030632107251067353,-0.0017650185808415486,0.0625,16384.0,6400000.0
1.0,32.0,8.0,1.0,1.0,1.0,543.0,32.0,-0.0030632107251067353,-0.0017650185808415486,8192.0,32768.0,6400000.0
1.0,32.0,8.0,1.0,1.0,1.0,543.0,32.0,-0.0030632107251067353,-0.0017650185808415486,16384.0,0.25,6400000.0
1.0,64.0,1.0,1.0,1.0,1.0,35.0,32.0,-0.0030632107251067353,-0.0017650185808415486,0.125,128.0,6400000.0
1.0,32.0,8.0,1.0,1.0,1.0,543.0,32.0,-0.0030632107251067353,-0.0017650185808415486,16384.0,256.0,6400000.0
64.0,64.0,1.0,9.0,166.0,128.0,5117.0,12288.0,0.3563197102391985,0.3708612967022481,0.125,0.125,6400000.0
64.0,64.0,1.0,9.0,168.0,128.0,5180.0,12288.0,0.3546279503623516,0.37011578995809624,0.25,0.000976562,6400000.0
1.0,32.0,8.0,1.0,1.0,1.0,543.0,32.0,-0.0030632107251067353,-0.0017650185808415486,4096.0,1024.0,6400000.0
64.0,64.0,1.0,9.0,168.0,128.0,5180.0,12288.0,0.3546290443913519,0.37011625356846145,0.5,0.0078125,6400000.0
22.0,64.0,1.0,3.0,61.0,44.0,1728.0,4224.0,0.27209781390772547,0.2796723898647334,0.5,8.0,6400000.0
64.0,64.0,1.0,9.0,165.0,128.0,5081.0,12288.0,0.355662575143997,0.37042713643192526,0.25,1.0,6400000.0
64.0,64.0,1.0,9.0,166.0,128.0,5082.0,12288.0,0.3558490601448737,0.3706376796135029,1.0,0.0625,6400000.0
1.0,1.0,4.0,1.0,1.0,1.0,63.0,32.0,-0.0030632107251067353,-0.0017650185808415486,1.0,16384.0,6400000.0
1.0,64.0,1.0,1.0,1.0,1.0,35.0,32.0,-0.0030632107251067353,-0.0017650185808415486,0.25,1024.0,6400000.0
1.0,32.0,8.0,1.0,1.0,1.0,543.0,32.0,-0.0030632107251067353,-0.0017650185808415486,32768.0,2.0,6400000.0
1.0,32.0,8.0,1.0,1.0,1.0,543.0,32.0,-0.0030632107251067353,-0.0017650185808415486,32768.0,2048.0,6400000.0
1.0,32.0,8.0,1.0,1.0,1.0,543.0,32.0,-0.0030632107251067353,-0.0017650185808415486,32768.0,0.00195312,6400000.0
1.0,64.0,1.0,1.0,1.0,1.0,35.0,32.0,-0.0030632107251067353,-0.0017650185808415486,0.5,8192.0,6400000.0
1.0,1.0,4.0,1.0,1.0,1.0,63.0,32.0,-0.0030632107251067353,-0.0017650185808415486,0.5,4096.0,6400000.0
3.0,64.0,1.0,2.0,9.0,6.0,279.0,576.0,0.10115259004895938,0.10346957106453547,1.0,64.0,6400000.0
1.0,64.0,1.0,1.0,1.0,1.0,35.0,32.0,-0.0030632107251067353,-0.0017650185808415486,2.0,512.0,6400000.0
64.0,64.0,1.0,6.0,165.0,128.0,5099.0,12288.0,0.3522872139734149,0.36729000846605575,2.0,0.5,6400000.0
64.0,64.0,1.0,7.0,167.0,128.0,5109.0,12288.0,0.35307789144241486,0.36818701014710997,2.0,0.0,6400000.0
64.0,64.0,1.0,9.0,167.0,128.0,5142.0,12288.0,0.35463706902726644,0.37018341533985055,0.0,0.015625,6400000.0
12.0,64.0,1.0,3.0,33.0,24.0,937.0,2304.0,0.22058073034453196,0.22746378695664926,0.0,16.0,6400000.0
64.0,64.0,1.0,6.0,168.0,128.0,5140.0,12288.0,0.35255303641159164,0.36689785954630505,4.0,0.00390625,6400000.0
64.0,64.0,1.0,9.0,167.0,128.0,5142.0,12288.0,0.3546415522228499,0.37018514651067025,0.00195312,0.000976562,6400000.0
1.0,32.0,8.0,1.0,1.0,1.0,543.0,32.0,-0.0030632107251067353,-0.0017650185808415486,4096.0,8192.0,6400000.0
1.0,64.0,1.0,1.0,1.0,1.0,35.0,32.0,-0.0030632107251067353,-0.0017650185808415486,4.0,4096.0,6400000.0
1.0,64.0,1.0,1.0,1.0,1.0,35.0,32.0,-0.0030632107251067353,-0.0017650185808415486,0.0,16384.0,6400000.0
1.0,64.0,1.0,1.0,1.0,1.0,35.0,32.0,-0.0030632107251067353,-0.0017650185808415486,0.00390625,8192.0,6400000.0
1.0,64.0,1.0,1.0,1.0,1.0,35.0,32.0,-0.0030632107251067353,-0.0017650185808415486,0.000976562,128.0,6400000.0
22.0,64.0,1.0,3.0,61.0,44.0,1728.0,4224.0,0.27209781390772547,0.2796723898647334,0.00390625,8.0,6400000.0
1.0,64.0,1.0,1.0,1.0,1.0,35.0,32.0,-0.0030632107251067353,-0.0017650185808415486,0.00195312,1024.0,6400000.0
1.0,32.0,8.0,1.0,1.0,1.0,543.0,32.0,-0.0030632107251067353,-0.0017650185808415486,8192.0,0.0625,6400000.0
64.0,64.0,1.0,3.0,165.0,128.0,5054.0,12288.0,0.3172789684213104,0.32523941534003387,8.0,0.03125,6400000.0
33.0,64.0,1.0,3.0,90.0,66.0,2615.0,6336.0,0.2975518340950938,0.3062163393205386,4.0,4.0,6400000.0
64.0,64.0,1.0,9.0,167.0,128.0,5142.0,12288.0,0.3546415522228499,0.37018514651067025,0.00390625,0.0078125,6400000.0
64.0,64.0,1.0,9.0,166.0,128.0,5082.0,12288.0,0.35592216755971584,0.3706861412987976,0.0078125,0.0625,6400000.0
64.0,64.0,1.0,9.0,165.0,128.0,5078.0,12288.0,0.3555231282221364,0.3704232595518744,0.00195312,1.0,6400000.0
1.0,1.0,4.0,6.0,30.0,16.0,869.0,2432.0,0.0637713077408717,0.06766014173878698,1.0,0.03125,6400000.0
64.0,64.0,1.0,9.0,167.0,128.0,5142.0,12288.0,0.35464176444697426,0.37018527312856697,0.015625,0.0,6400000.0
8.0,64.0,1.0,2.0,22.0,16.0,654.0,1536.0,0.184803559555608,0.19082719424152972,8.0,32.0,6400000.0
64.0,64.0,1.0,9.0,166.0,128.0,5082.0,12288.0,0.3558506979984334,0.3706405250286192,0.000976562,0.125,6400000.0
1.0,1.0,4.0,5.0,30.0,16.0,887.0,2432.0,0.06448653796562831,0.06646310934790711,2.0,0.125,6400000.0
3.0,64.0,1.0,2.0,9.0,6.0,279.0,576.0,0.10115259004895938,0.10346957106453547,0.0078125,64.0,6400000.0
1.0,64.0,1.0,1.0,1.0,1.0,35.0,32.0,-0.0030632107251067353,-0.0017650185808415486,0.015625,512.0,6400000.0
52.0,64.0,1.0,7.0,135.0,104.0,4084.0,9984.0,0.3374922504044793,0.3518439824697871,0.03125,4.0,6400000.0
1.0,64.0,1.0,1.0,1.0,1.0,35.0,32.0,-0.0030632107251067353,-0.0017650185808415486,0.03125,4096.0,6400000.0
64.0,64.0,1.0,9.0,167.0,128.0,5142.0,12288.0,0.35464176444697426,0.37018527312856697,0.03125,0.00390625,6400000.0
1.0,64.0,1.0,1.0,1.0,1.0,35.0,32.0,-0.0030632107251067353,-0.0017650185808415486,8.0,32768.0,6400000.0
64.0,64.0,1.0,9.0,166.0,128.0,5119.0,12288.0,0.35544281688954105,0.3706728450910175,0.015625,0.5,6400000.0
64.0,64.0,1.0,3.0,164.0,128.0,5023.0,12288.0,0.3162260146040984,0.32497508052336854,16.0,0.25,6400000.0
64.0,64.0,1.0,9.0,167.0,128.0,5142.0,12288.0,0.35457832477263684,0.37012130998219117,0.0625,0.03125,6400000.0
1.0,1.0,4.0,2.0,3.0,2.0,136.0,192.0,0.03911015413878083,0.040912063041146696,1.0,32.0,6400000.0
1.0,32.0,8.0,1.0,1.0,1.0,543.0,32.0,-0.0030632107251067353,-0.0017650185808415486,16384.0,0.0,6400000.0
1.0,64.0,1.0,1.0,1.0,1.0,35.0,32.0,-0.0030632107251067353,-0.0017650185808415486,16.0,256.0,6400000.0
8.0,64.0,1.0,2.0,22.0,16.0,654.0,1536.0,0.184803559555608,0.19082719424152972,0.0625,32.0,6400000.0
1.0,32.0,8.0,1.0,1.0,1.0,543.0,32.0,-0.0030632107251067353,-0.0017650185808415486,16384.0,0.5,6400000.0
1.0,64.0,1.0,1.0,1.0,1.0,35.0,32.0,-0.0030632107251067353,-0.0017650185808415486,0.0625,32768.0,6400000.0
1.0,64.0,1.0,1.0,1.0,1.0,35.0,32.0,-0.0030632107251067353,-0.0017650185808415486,0.125,256.0,6400000.0
1.0,32.0,8.0,1.0,1.0,1.0,543.0,32.0,-0.0030632107251067353,-0.0017650185808415486,8192.0,64.0,6400000.0
64.0,64.0,1.0,9.0,168.0,128.0,5180.0,12288.0,0.3546279503623516,0.37011578995809624,0.25,0.00195312,6400000.0
1.0,32.0,8.0,1.0,1.0,1.0,543.0,32.0,-0.0030632107251067353,-0.0017650185808415486,16384.0,512.0,6400000.0
64.0,64.0,1.0,9.0,168.0,128.0,5180.0,12288.0,0.3546260521650977,0.37011487026723133,0.5,0.015625,6400000.0
64.0,64.0,1.0,2.0,153.0,128.0,4902.0,12288.0,0.259054491217652,0.27076510582849467,32.0,0.00195312,6400000.0
64.0,64.0,1.0,9.0,165.0,128.0,5078.0,12288.0,0.3555118245751818,0.370418619711974,0.25,2.0,6400000.0
64.0,64.0,1.0,9.0,166.0,128.0,5110.0,12288.0,0.3545970616945039,0.3703924835720519,1.0,0.125,6400000.0
64.0,64.0,1.0,9.0,166.0,128.0,5117.0,12288.0,0.3563674005494145,0.3708655605906437,0.125,0.25,6400000.0
1.0,64.0,1.0,1.0,1.0,1.0,35.0,32.0,-0.0030632107251067353,-0.0017650185808415486,0.25,2048.0,6400000.0
26.0,64.0,1.0,2.0,68.0,52.0,2088.0,4992.0,0.25099273326546023,0.26215306003732575,32.0,2.0,6400000.0
1.0,1.0,4.0,1.0,1.0,1.0,63.0,32.0,-0.0030632107251067353,-0.0017650185808415486,1.0,32768.0,6400000.0
1.0,32.0,8.0,1.0,1.0,1.0,543.0,32.0,-0.0030632107251067353,-0.0017650185808415486,32768.0,4.0,6400000.0
12.0,64.0,1.0,3.0,33.0,24.0,937.0,2304.0,0.22058073034453196,0.22746378695664926,0.5,16.0,6400000.0
1.0,32.0,8.0,1.0,1.0,1.0,543.0,32.0,-0.0030632107251067353,-0.0017650185808415486,32768.0,4096.0,6400000.0
1.0,64.0,1.0,1.0,1.0,1.0,35.0,32.0,-0.0030632107251067353,-0.0017650185808415486,0.5,16384.0,6400000.0
1.0,1.0,4.0,1.0,1.0,1.0,63.0,32.0,-0.0030632107251067353,-0.0017650185808415486,0.5,8192.0,6400000.0
1.0,32.0,8.0,1.0,1.0,1.0,543.0,32.0,-0.0030632107251067353,-0.0017650185808415486,32768.0,0.00390625,6400000.0
64.0,64.0,1.0,6.0,165.0,128.0,5097.0,12288.0,0.3513379885358363,0.3668080308284126,2.0,1.0,6400000.0
1.0,64.0,1.0,1.0,1.0,1.0,35.0,32.0,-0.0030632107251067353,-0.0017650185808415486,2.0,1024.0,6400000.0
8.0,64.0,1.0,2.0,22.0,16.0,654.0,1536.0,0.184803559555608,0.19082719424152972,0.0,32.0,6400000.0
1.0,64.0,1.0,1.0,1.0,1.0,35.0,32.0,-0.0030632107251067353,-0.0017650185808415486,1.0,128.0,6400000.0
64.0,64.0,1.0,7.0,167.0,128.0,5109.0,12288.0,0.3530696823733366,0.368181042863274,2.0,0.000976562,6400000.0
64.0,64.0,1.0,9.0,167.0,128.0,5142.0,12288.0,0.3546394645225812,0.37018393315503495,0.0,0.03125,6400000.0
64.0,64.0,1.0,6.0,168.0,128.0,5140.0,12288.0,0.35255303641159164,0.36689785954630505,4.0,0.0078125,6400000.0
64.0,64.0,1.0,9.0,167.0,128.0,5142.0,12288.0,0.3546415522228499,0.37018514651067025,0.00195312,0.00195312,6400000.0
1.0,32.0,8.0,1.0,1.0,1.0,543.0,32.0,-0.0030632107251067353,-0.0017650185808415486,4096.0,16384.0,6400000.0
1.0,64.0,1.0,1.0,1.0,1.0,35.0,32.0,-0.0030632107251067353,-0.0017650185808415486,4.0,8192.0,6400000.0
1.0,64.0,1.0,1.0,1.0,1.0,35.0,32.0,-0.0030632107251067353,-0.0017650185808415486,0.00390625,16384.0,6400000.0
1.0,64.0,1.0,1.0,1.0,1.0,35.0,32.0,-0.0030632107251067353,-0.0017650185808415486,0.0,32768.0,6400000.0
1.0,64.0,1.0,1.0,1.0,1.0,35.0,32.0,-0.0030632107251067353,-0.0017650185808415486,0.000976562,256.0,6400000.0
1.0,32.0,8.0,1.0,1.0,1.0,543.0,32.0,-0.0030632107251067353,-0.0017650185808415486,8192.0,0.125,6400000.0
12.0,64.0,1.0,3.0,33.0,24.0,937.0,2304.0,0.22058073034453196,0.22746378695664926,0.00390625,16.0,6400000.0
1.0,1.0,4.0,6.0,30.0,16.0,869.0,2432.0,0.0637713077408717,0.06766014173878698,1.0,0.0625,6400000.0
21.0,64.0,1.0,3.0,59.0,42.0,1661.0,4032.0,0.2683332385867342,0.27570906523530825,4.0,8.0,6400000.0
64.0,64.0,1.0,9.0,166.0,128.0,5082.0,12288.0,0.3558506979984334,0.3706405250286192,0.0078125,0.125,6400000.0
64.0,64.0,1.0,3.0,165.0,128.0,5054.0,12288.0,0.31727940476979277,0.3252395405560633,8.0,0.0625,6400000.0
1.0,64.0,1.0,1.0,1.0,1.0,35.0,32.0,-0.0030632107251067353,-0.0017650185808415486,0.00195312,2048.0,6400000.0
64.0,64.0,1.0,9.0,167.0,128.0,5142.0,12288.0,0.35463706902726644,0.37018341533985055,0.00390625,0.015625,6400000.0
3.0,64.0,1.0,2.0,9.0,6.0,279.0,576.0,0.10115259004895938,0.10346957106453547,8.0,64.0,6400000.0
64.0,64.0,1.0,9.0,167.0,128.0,5142.0,12288.0,0.35464176444697426,0.37018527312856697,0.015625,0.000976562,6400000.0
64.0,64.0,1.0,9.0,166.0,128.0,5116.0,12288.0,0.3553468433151681,0.3706747030298605,0.00195312,2.0,6400000.0
64.0,64.0,1.0,9.0,165.0,128.0,5078.0,12288.0,0.35589569720562775,0.37036674227252486,0.000976562,0.25,6400000.0
1.0,64.0,1.0,1.0,1.0,1.0,35.0,32.0,-0.0030632107251067353,-0.0017650185808415486,0.0078125,128.0,6400000.0
1.0,64.0,1.0,1.0,1.0,1.0,35.0,32.0,-0.0030632107251067353,-0.0017650185808415486,0.03125,8192.0,6400000.0
64.0,64.0,1.0,3.0,164.0,128.0,5023.0,12288.0,0.31610574853401796,0.3249920721388805,16.0,0.0,6400000.0
22.0,64.0,1.0,3.0,61.0,44.0,1728.0,4224.0,0.27209781390772547,0.2796723898647334,0.03125,8.0,6400000.0
1.0,64.0,1.0,1.0,1.0,1.0,35.0,32.0,-0.0030632107251067353,-0.0017650185808415486,0.015625,1024.0,6400000.0
64.0,64.0,1.0,3.0,163.0,128.0,5025.0,12288.0,0.31590054607606743,0.32480662063589694,16.0,0.5,6400000.0
1.0,1.0,4.0,5.0,30.0,16.0,887.0,2432.0,0.06448653796562831,0.06646310934790711,2.0,0.25,6400000.0
64.0,64.0,1.0,9.0,167.0,128.0,5142.0,12288.0,0.35464176444697426,0.37018527312856697,0.03125,0.0078125,6400000.0
1.0,1.0,4.0,2.0,3.0,2.0,136.0,192.0,0.03911015413878083,0.040912063041146696,1.0,64.0,6400000.0
64.0,64.0,1.0,9.0,166.0,128.0,5082.0,12288.0,0.3558504939797241,0.37064017339347055,0.0625,0.0625,6400000.0
64.0,64.0,1.0,9.0,165.0,128.0,5078.0,12288.0,0.3555232847878965,0.37042332026793334,0.015625,1.0,6400000.0
1.0,64.0,1.0,1.0,1.0,1.0,35.0,32.0,-0.0030632107251067353,-0.0017650185808415486,16.0,512.0,6400000.0
3.0,64.0,1.0,2.0,9.0,6.0,279.0,576.0,0.10115259004895938,0.10346957106453547,0.0625,64.0,6400000.0
1.0,32.0,8.0,1.0,1.0,1.0,543.0,32.0,-0.0030632107251067353,-0.0017650185808415486,16384.0,1.0,6400000.0
1.0,32.0,8.0,1.0,1.0,1.0,543.0,32.0,-0.0030632107251067353,-0.0017650185808415486,16384.0,0.000976562,6400000.0
64.0,64.0,1.0,9.0,168.0,128.0,5180.0,12288.0,0.35462571315621294,0.37011735843036153,0.125,0.0,6400000.0
1.0,32.0,8.0,1.0,1.0,1.0,543.0,32.0,-0.0030632107251067353,-0.0017650185808415486,16384.0,1024.0,6400000.0
64.0,64.0,1.0,2.0,153.0,128.0,4902.0,12288.0,0.259054491217652,0.27076510582849467,32.0,0.00390625,6400000.0
64.0,64.0,1.0,9.0,168.0,128.0,5180.0,12288.0,0.3546279503623516,0.37011578995809624,0.25,0.00390625,6400000.0
64.0,64.0,1.0,9.0,168.0,128.0,5180.0,12288.0,0.3546272736272579,0.3701154059392119,0.5,0.03125,6400000.0
1.0,64.0,1.0,1.0,1.0,1.0,35.0,32.0,-0.0030632107251067353,-0.0017650185808415486,0.125,512.0,6400000.0
1.0,32.0,8.0,1.0,1.0,1.0,543.0,32.0,-0.0030632107251067353,-0.0017650185808415486,8192.0,128.0,6400000.0
64.0,64.0,1.0,9.0,165.0,128.0,5053.0,12288.0,0.35571262227371714,0.3705320899524698,1.0,0.25,6400000.0
1.0,64.0,1.0,1.0,1.0,1.0,35.0,32.0,-0.0030632107251067353,-0.0017650185808415486,0.25,4096.0,6400000.0
64.0,64.0,1.0,9.0,167.0,128.0,5151.0,12288.0,0.35548937069747477,0.37067072866754047,0.125,0.5,6400000.0
25.0,64.0,1.0,2.0,65.0,50.0,1987.0,4800.0,0.2508845036920214,0.2612119600426388,32.0,4.0,6400000.0
1.0,32.0,8.0,1.0,1.0,1.0,543.0,32.0,-0.0030632107251067353,-0.0017650185808415486,32768.0,8.0,6400000.0
54.0,64.0,1.0,6.0,139.0,108.0,4253.0,10368.0,0.3437747063874942,0.35542621222424586,0.25,4.0,6400000.0
8.0,64.0,1.0,2.0,22.0,16.0,654.0,1536.0,0.184803559555608,0.19082719424152972,0.5,32.0,6400000.0
1.0,1.0,4.0,5.0,30.0,16.0,887.0,2432.0,0.06448653796562831,0.06646310934790711,2.0,0.0,6400000.0
1.0,64.0,1.0,1.0,1.0,1.0,35.0,32.0,-0.0030632107251067353,-0.0017650185808415486,0.5,32768.0,6400000.0
1.0,32.0,8.0,1.0,1.0,1.0,543.0,32.0,-0.0030632107251067353,-0.0017650185808415486,32768.0,8192.0,6400000.0
1.0,1.0,4.0,1.0,1.0,1.0,63.0,32.0,-0.0030632107251067353,-0.0017650185808415486,0.5,16384.0,6400000.0
64.0,64.0,1.0,6.0,165.0,128.0,5097.0,12288.0,0.35135236082927224,0.36683076652109115,2.0,2.0,6400000.0
1.0,32.0,8.0,1.0,1.0,1.0,543.0,32.0,-0.0030632107251067353,-0.0017650185808415486,32768.0,0.0078125,6400000.0
64.0,64.0,1.0,7.0,167.0,128.0,5109.0,12288.0,0.3530696823733366,0.368181042863274,2.0,0.00195312,6400000.0
1.0,64.0,1.0,1.0,1.0,1.0,35.0,32.0,-0.0030632107251067353,-0.0017650185808415486,1.0,256.0,6400000.0
1.0,64.0,1.0,1.0,1.0,1.0,35.0,32.0,-0.0030632107251067353,-0.0017650185808415486,2.0,2048.0,6400000.0
64.0,64.0,1.0,9.0,166.0,128.0,5082.0,12288.0,0.3559219924763042,0.370686077297817,0.0,0.0625,6400000.0
3.0,64.0,1.0,2.0,9.0,6.0,279.0,576.0,0.10115259004895938,0.10346957106453547,0.0,64.0,6400000.0
64.0,64.0,1.0,6.0,168.0,128.0,5140.0,12288.0,0.3525493524505814,0.3668972545025113,4.0,0.015625,6400000.0
64.0,64.0,1.0,9.0,167.0,128.0,5142.0,12288.0,0.3546415522228499,0.37018514651067025,0.00195312,0.00390625,6400000.0
1.0,32.0,8.0,1.0,1.0,1.0,543.0,32.0,-0.0030632107251067353,-0.0017650185808415486,4096.0,32768.0,6400000.0
1.0,32.0,8.0,1.0,1.0,1.0,543.0,32.0,-0.0030632107251067353,-0.0017650185808415486,8192.0,0.25,6400000.0
1.0,64.0,1.0,1.0,1.0,1.0,35.0,32.0,-0.0030632107251067353,-0.0017650185808415486,4.0,16384.0,6400000.0
8.0,64.0,1.0,2.0,22.0,16.0,654.0,1536.0,0.184803559555608,0.19082719424152972,0.00390625,32.0,6400000.0
64.0,64.0,1.0,9.0,167.0,128.0,5142.0,12288.0,0.3546415522228499,0.37018514651067025,0.000976562,0.0,6400000.0
1.0,64.0,1.0,1.0,1.0,1.0,35.0,32.0,-0.0030632107251067353,-0.0017650185808415486,0.00390625,32768.0,6400000.0
64.0,64.0,1.0,3.0,165.0,128.0,5054.0,12288.0,0.31736382134259955,0.3253243814967677,8.0,0.125,6400000.0
1.0,1.0,4.0,6.0,30.0,16.0,869.0,2432.0,0.0637713077408717,0.06766014173878698,1.0,0.125,6400000.0
1.0,64.0,1.0,1.0,1.0,1.0,35.0,32.0,-0.0030632107251067353,-0.0017650185808415486,0.000976562,512.0,6400000.0
11.0,64.0,1.0,2.0,30.0,22.0,860.0,2112.0,0.211815897449531,0.21820531799146736,4.0,16.0,6400000.0
64.0,64.0,1.0,9.0,165.0,128.0,5078.0,12288.0,0.35589569720562775,0.37036674227252486,0.0078125,0.25,6400000.0
1.0,64.0,1.0,1.0,1.0,1.0,35.0,32.0,-0.0030632107251067353,-0.0017650185808415486,0.00195312,4096.0,6400000.0
1.0,64.0,1.0,1.0,1.0,1.0,35.0,32.0,-0.0030632107251067353,-0.0017650185808415486,8.0,128.0,6400000.0
64.0,64.0,1.0,9.0,167.0,128.0,5142.0,12288.0,0.3546394645225812,0.37018393315503495,0.00390625,0.03125,6400000.0
52.0,64.0,1.0,7.0,135.0,104.0,4084.0,9984.0,0.3374920860243603,0.35184392779643947,0.00195312,4.0,6400000.0
64.0,64.0,1.0,9.0,166.0,128.0,5119.0,12288.0,0.35544262172354435,0.3706727611010914,0.000976562,0.5,6400000.0
64.0,64.0,1.0,9.0,167.0,128.0,5142.0,12288.0,0.35464176444697426,0.37018527312856697,0.015625,0.00195312,6400000.0
55.0,64.0,1.0,3.0,143.0,110.0,4371.0,10560.0,0.3130626006825695,0.32245199730833507,16.0,1.0,6400000.0
1.0,64.0,1.0,1.0,1.0,1.0,35.0,32.0,-0.0030632107251067353,-0.0017650185808415486,0.03125,16384.0,6400000.0
64.0,64.0,1.0,3.0,164.0,128.0,5023.0,12288.0,0.31610574853401796,0.3249920721388805,16.0,0.000976562,6400000.0
1.0,64.0,1.0,1.0,1.0,1.0,35.0,32.0,-0.0030632107251067353,-0.0017650185808415486,0.0078125,256.0,6400000.0
64.0,64.0,1.0,9.0,166.0,128.0,5116.0,12288.0,0.35534699838883865,0.3706747615977316,0.015625,2.0,6400000.0
1.0,1.0,4.0,5.0,26.0,14.0,753.0,2112.0,0.06421757654115978,0.066400416880383,2.0,0.5,6400000.0
1.0,1.0,4.0,1.0,1.0,1.0,63.0,32.0,-0.0030632107251067353,-0.0017650185808415486,1.0,128.0,6400000.0
12.0,64.0,1.0,3.0,33.0,24.0,937.0,2304.0,0.22058073034453196,0.22746378695664926,0.03125,16.0,6400000.0
64.0,64.0,1.0,9.0,167.0,128.0,5142.0,12288.0,0.35463728127263017,0.3701835418579965,0.03125,0.015625,6400000.0
1.0,64.0,1.0,1.0,1.0,1.0,35.0,32.0,-0.0030632107251067353,-0.0017650185808415486,0.015625,2048.0,6400000.0
64.0,64.0,1.0,9.0,166.0,128.0,5082.0,12288.0,0.3558538249560892,0.37064086806357877,0.0625,0.125,6400000.0
64.0,64.0,1.0,9.0,168.0,128.0,5180.0,12288.0,0.35462571315621294,0.37011735843036153,0.125,0.000976562,6400000.0
1.0,32.0,8.0,1.0,1.0,1.0,543.0,32.0,-0.0030632107251067353,-0.0017650185808415486,16384.0,0.00195312,6400000.0
1.0,64.0,1.0,1.0,1.0,1.0,35.0,32.0,-0.0030632107251067353,-0.0017650185808415486,0.0625,128.0,6400000.0
1.0,32.0,8.0,1.0,1.0,1.0,543.0,32.0,-0.0030632107251067353,-0.0017650185808415486,16384.0,2.0,6400000.0
64.0,64.0,1.0,9.0,165.0,128.0,5053.0,12288.0,0.3556880084924,0.3705210575937731,1.0,0.5,6400000.0
1.0,64.0,1.0,1.0,1.0,1.0,35.0,32.0,-0.0030632107251067353,-0.0017650185808415486,0.25,8192.0,6400000.0
1.0,64.0,1.0,1.0,1.0,1.0,35.0,32.0,-0.0030632107251067353,-0.0017650185808415486,16.0,1024.0,6400000.0
64.0,64.0,1.0,9.0,166.0,128.0,5117.0,12288.0,0.35632008804434057,0.3708615711209343,0.5,0.0625,6400000.0
1.0,64.0,1.0,1.0,1.0,1.0,35.0,32.0,-0.0030632107251067353,-0.0017650185808415486,0.125,1024.0,6400000.0
16.0,64.0,1.0,2.0,45.0,32.0,1309.0,3072.0,0.23561062474946082,0.24274222107689147,32.0,8.0,6400000.0
1.0,32.0,8.0,1.0,1.0,1.0,543.0,32.0,-0.0030632107251067353,-0.0017650185808415486,16384.0,2048.0,6400000.0
1.0,32.0,8.0,1.0,1.0,1.0,543.0,32.0,-0.0030632107251067353,-0.0017650185808415486,8192.0,256.0,6400000.0
1.0,32.0,8.0,1.0,1.0,1.0,543.0,32.0,-0.0030632107251067353,-0.0017650185808415486,32768.0,16.0,6400000.0
64.0,64.0,1.0,2.0,153.0,128.0,4902.0,12288.0,0.259054491217652,0.27076510582849467,32.0,0.0078125,6400000.0
22.0,64.0,1.0,3.0,61.0,44.0,1728.0,4224.0,0.27209781390772547,0.2796723898647334,0.25,8.0,6400000.0
1.0,1.0,4.0,5.0,30.0,16.0,887.0,2432.0,0.06448653796562831,0.06646310934790711,2.0,0.000976562,6400000.0
64.0,64.0,1.0,9.0,168.0,128.0,5180.0,12288.0,0.3546279503623516,0.37011578995809624,0.25,0.0078125,6400000.0
1.0,32.0,8.0,1.0,1.0,1.0,543.0,32.0,-0.0030632107251067353,-0.0017650185808415486,32768.0,16384.0,6400000.0
64.0,64.0,1.0,9.0,165.0,128.0,5078.0,12288.0,0.3555231372040276,0.37042463504670076,0.125,1.0,6400000.0
64.0,64.0,1.0,9.0,167.0,128.0,5142.0,12288.0,0.35458310429767104,0.370122085380306,1.0,0.0,6400000.0
3.0,64.0,1.0,2.0,9.0,6.0,279.0,576.0,0.10115259004895938,0.10346957106453547,0.5,64.0,6400000.0
1.0,1.0,4.0,1.0,1.0,1.0,63.0,32.0,-0.0030632107251067353,-0.0017650185808415486,0.5,32768.0,6400000.0
1.0,32.0,8.0,1.0,1.0,1.0,543.0,32.0,-0.0030632107251067353,-0.0017650185808415486,32768.0,0.015625,6400000.0
54.0,64.0,1.0,6.0,139.0,108.0,4253.0,10368.0,0.34377893735582843,0.3554020107931547,2.0,4.0,6400000.0
1.0,64.0,1.0,1.0,1.0,1.0,35.0,32.0,-0.0030632107251067353,-0.0017650185808415486,1.0,512.0,6400000.0
64.0,64.0,1.0,7.0,167.0,128.0,5109.0,12288.0,0.3530696823733366,0.368181042863274,2.0,0.00390625,6400000.0
1.0,64.0,1.0,1.0,1.0,1.0,35.0,32.0,-0.0030632107251067353,-0.0017650185808415486,0.0,128.0,6400000.0
64.0,64.0,1.0,6.0,168.0,128.0,5140.0,12288.0,0.3525493524505814,0.3668972545025113,4.0,0.03125,6400000.0
64.0,64.0,1.0,9.0,166.0,128.0,5082.0,12288.0,0.3558506979984334,0.3706405250286192,0.0,0.125,6400000.0
1.0,64.0,1.0,1.0,1.0,1.0,35.0,32.0,-0.0030632107251067353,-0.0017650185808415486,2.0,4096.0,6400000.0
1.0,32.0,8.0,1.0,1.0,1.0,543.0,32.0,-0.0030632107251067353,-0.0017650185808415486,8192.0,0.0,6400000.0
1.0,64.0,1.0,1.0,1.0,1.0,35.0,32.0,-0.0030632107251067353,-0.0017650185808415486,4.0,32768.0,6400000.0
3.0,64.0,1.0,2.0,9.0,6.0,279.0,576.0,0.10115259004895938,0.10346957106453547,0.00390625,64.0,6400000.0
1.0,32.0,8.0,1.0,1.0,1.0,543.0,32.0,-0.0030632107251067353,-0.0017650185808415486,8192.0,0.5,6400000.0
64.0,64.0,1.0,9.0,167.0,128.0,5142.0,12288.0,0.3546415522228499,0.37018514651067025,0.000976562,0.000976562,6400000.0
64.0,64.0,1.0,9.0,167.0,128.0,5142.0,12288.0,0.3546415522228499,0.37018514651067025,0.00195312,0.0078125,6400000.0
64.0,64.0,1.0,3.0,164.0,128.0,5022.0,12288.0,0.317276331050657,0.32541474601280085,8.0,0.25,6400000.0
64.0,64.0,1.0,9.0,167.0,128.0,5142.0,12288.0,0.35464176444697426,0.37018527312856697,0.0078125,0.0,6400000.0
1.0,1.0,4.0,6.0,30.0,16.0,869.0,2432.0,0.0637713077408717,0.06766014173878698,1.0,0.25,6400000.0
1.0,64.0,1.0,1.0,1.0,1.0,35.0,32.0,-0.0030632107251067353,-0.0017650185808415486,0.000976562,1024.0,6400000.0
64.0,64.0,1.0,9.0,166.0,128.0,5119.0,12288.0,0.35544262172354435,0.3706727611010914,0.0078125,0.5,6400000.0
1.0,64.0,1.0,1.0,1.0,1.0,35.0,32.0,-0.0030632107251067353,-0.0017650185808415486,0.00195312,8192.0,6400000.0
1.0,64.0,1.0,1.0,1.0,1.0,35.0,32.0,-0.0030632107251067353,-0.0017650185808415486,8.0,256.0,6400000.0
22.0,64.0,1.0,3.0,61.0,44.0,1728.0,4224.0,0.27209781390772547,0.2796723898647334,0.00195312,8.0,6400000.0
8.0,64.0,1.0,2.0,22.0,16.0,654.0,1536.0,0.184803559555608,0.19082719424152972,4.0,32.0,6400000.0
64.0,64.0,1.0,9.0,165.0,128.0,5078.0,12288.0,0.3555231282221364,0.3704232595518744,0.000976562,1.0,6400000.0
64.0,64.0,1.0,3.0,164.0,128.0,5023.0,12288.0,0.31610574853401796,0.3249920721388805,16.0,0.00195312,6400000.0
43.0,64.0,1.0,3.0,114.0,86.0,3452.0,8256.0,0.3074473766207483,0.3169332924081464,16.0,2.0,6400000.0
1.0,64.0,1.0,1.0,1.0,1.0,35.0,32.0,-0.0030632107251067353,-0.0017650185808415486,0.03125,32768.0,6400000.0
64.0,64.0,1.0,9.0,167.0,128.0,5142.0,12288.0,0.35464176444697426,0.37018527312856697,0.015625,0.00390625,6400000.0
64.0,64.0,1.0,9.0,166.0,128.0,5082.0,12288.0,0.3559219924763042,0.370686077297817,0.00390625,0.0625,6400000.0
1.0,64.0,1.0,1.0,1.0,1.0,35.0,32.0,-0.0030632107251067353,-0.0017650185808415486,0.015625,4096.0,6400000.0
64.0,64.0,1.0,9.0,167.0,128.0,5142.0,12288.0,0.35463989683645314,0.3701842994379574,0.03125,0.03125,6400000.0
52.0,64.0,1.0,7.0,135.0,104.0,4084.0,9984.0,0.3374922504044793,0.3518439824697871,0.015625,4.0,6400000.0
1.0,1.0,4.0,3.0,19.0,10.0,575.0,1472.0,0.060867552443509054,0.06369103411821164,2.0,1.0,6400000.0
8.0,64.0,1.0,2.0,22.0,16.0,654.0,1536.0,0.184803559555608,0.19082719424152972,0.03125,32.0,6400000.0
1.0,64.0,1.0,1.0,1.0,1.0,35.0,32.0,-0.0030632107251067353,-0.0017650185808415486,0.0078125,512.0,6400000.0
64.0,64.0,1.0,9.0,166.0,128.0,5117.0,12288.0,0.3563574802692726,0.3708605906571315,0.0625,0.25,6400000.0
1.0,1.0,4.0,1.0,1.0,1.0,63.0,32.0,-0.0030632107251067353,-0.0017650185808415486,1.0,256.0,6400000.0
1.0,32.0,8.0,1.0,1.0,1.0,543.0,32.0,-0.0030632107251067353,-0.0017650185808415486,16384.0,0.00390625,6400000.0
64.0,64.0,1.0,9.0,168.0,128.0,5180.0,12288.0,0.35462571315621294,0.37011735843036153,0.125,0.00195312,6400000.0
64.0,64.0,1.0,9.0,165.0,128.0,5053.0,12288.0,0.3553282929781312,0.3705806227431203,1.0,1.0,6400000.0
1.0,32.0,8.0,1.0,1.0,1.0,543.0,32.0,-0.0030632107251067353,-0.0017650185808415486,16384.0,4.0,6400000.0
1.0,64.0,1.0,1.0,1.0,1.0,35.0,32.0,-0.0030632107251067353,-0.0017650185808415486,0.25,16384.0,6400000.0
1.0,64.0,1.0,1.0,1.0,1.0,35.0,32.0,-0.0030632107251067353,-0.0017650185808415486,0.0625,256.0,6400000.0
1.0,32.0,8.0,1.0,1.0,1.0,543.0,32.0,-0.0030632107251067353,-0.0017650185808415486,32768.0,32768.0,6400000.0
1.0,64.0,1.0,1.0,1.0,1.0,35.0,32.0,-0.0030632107251067353,-0.0017650185808415486,16.0,2048.0,6400000.0
1.0,32.0,8.0,1.0,1.0,1.0,543.0,32.0,-0.0030632107251067353,-0.0017650185808415486,16384.0,4096.0,6400000.0
1.0,64.0,1.0,1.0,1.0,1.0,35.0,32.0,-0.0030632107251067353,-0.0017650185808415486,0.125,2048.0,6400000.0
64.0,64.0,1.0,9.0,167.0,128.0,5142.0,12288.0,0.35458310429767104,0.370122085380306,1.0,0.000976562,6400000.0
1.0,1.0,4.0,5.0,30.0,16.0,887.0,2432.0,0.06448653796562831,0.06646310934790711,2.0,0.00195312,6400000.0
64.0,64.0,1.0,9.0,165.0,128.0,5078.0,12288.0,0.3555086789348061,0.37041619947677074,0.125,2.0,6400000.0
11.0,64.0,1.0,2.0,30.0,22.0,860.0,2112.0,0.211815897449531,0.21820531799146736,32.0,16.0,6400000.0
12.0,64.0,1.0,3.0,33.0,24.0,937.0,2304.0,0.22058073034453196,0.22746378695664926,0.25,16.0,6400000.0
1.0,64.0,1.0,1.0,1.0,1.0,35.0,32.0,-0.0030632107251067353,-0.0017650185808415486,0.5,128.0,6400000.0
1.0,32.0,8.0,1.0,1.0,1.0,543.0,32.0,-0.0030632107251067353,-0.0017650185808415486,32768.0,32.0,6400000.0
64.0,64.0,1.0,2.0,153.0,128.0,4902.0,12288.0,0.259054491217652,0.27076510582849467,32.0,0.015625,6400000.0
1.0,32.0,8.0,1.0,1.0,1.0,543.0,32.0,-0.0030632107251067353,-0.0017650185808415486,8192.0,512.0,6400000.0
1.0,32.0,8.0,1.0,1.0,1.0,543.0,32.0,-0.0030632107251067353,-0.0017650185808415486,32768.0,0.03125,6400000.0
64.0,64.0,1.0,9.0,166.0,128.0,5117.0,12288.0,0.3563195272371744,0.3708622521823701,0.5,0.125,6400000.0
64.0,64.0,1.0,9.0,168.0,128.0,5180.0,12288.0,0.3546260615882564,0.3701146250272419,0.25,0.015625,6400000.0
1.0,1.0,4.0,6.0,30.0,16.0,869.0,2432.0,0.0637713077408717,0.06766014173878698,1.0,0.0,6400000.0
22.0,64.0,1.0,3.0,61.0,44.0,1728.0,4224.0,0.2720957992971804,0.2796722811129766,2.0,8.0,6400000.0
64.0,64.0,1.0,7.0,167.0,128.0,5109.0,12288.0,0.3530696823733366,0.368181042863274,2.0,0.0078125,6400000.0
1.0,64.0,1.0,1.0,1.0,1.0,35.0,32.0,-0.0030632107251067353,-0.0017650185808415486,1.0,1024.0,6400000.0
64.0,64.0,1.0,6.0,167.0,128.0,5133.0,12288.0,0.35219287671275135,0.3665586974378914,4.0,0.0625,6400000.0
1.0,64.0,1.0,1.0,1.0,1.0,35.0,32.0,-0.0030632107251067353,-0.0017650185808415486,0.0,256.0,6400000.0
64.0,64.0,1.0,9.0,165.0,128.0,5078.0,12288.0,0.35589569720562775,0.37036674227252486,0.0,0.25,6400000.0
1.0,64.0,1.0,1.0,1.0,1.0,35.0,32.0,-0.0030632107251067353,-0.0017650185808415486,2.0,8192.0,6400000.0
1.0,32.0,8.0,1.0,1.0,1.0,543.0,32.0,-0.0030632107251067353,-0.0017650185808415486,8192.0,0.000976562,6400000.0
1.0,32.0,8.0,1.0,1.0,1.0,543.0,32.0,-0.0030632107251067353,-0.0017650185808415486,8192.0,1.0,6400000.0
64.0,64.0,1.0,3.0,165.0,128.0,5054.0,12288.0,0.3172837008577636,0.3252406795829923,8.0,0.0,6400000.0
64.0,64.0,1.0,3.0,164.0,128.0,5022.0,12288.0,0.31727845516699316,0.32541650990340043,8.0,0.5,6400000.0
64.0,64.0,1.0,9.0,167.0,128.0,5142.0,12288.0,0.3546415522228499,0.37018514651067025,0.000976562,0.00195312,6400000.0
1.0,64.0,1.0,1.0,1.0,1.0,35.0,32.0,-0.0030632107251067353,-0.0017650185808415486,0.00390625,128.0,6400000.0
64.0,64.0,1.0,9.0,167.0,128.0,5142.0,12288.0,0.35463706902726644,0.37018341533985055,0.00195312,0.015625,6400000.0
1.0,64.0,1.0,1.0,1.0,1.0,35.0,32.0,-0.0030632107251067353,-0.0017650185808415486,0.000976562,2048.0,6400000.0
1.0,1.0,4.0,6.0,28.0,15.0,798.0,2272.0,0.06394930878080851,0.06754977537390072,1.0,0.5,6400000.0
64.0,64.0,1.0,9.0,165.0,128.0,5078.0,12288.0,0.3555231282221364,0.3704232595518744,0.0078125,1.0,6400000.0
64.0,64.0,1.0,9.0,167.0,128.0,5142.0,12288.0,0.35464176444697426,0.37018527312856697,0.0078125,0.000976562,6400000.0
1.0,64.0,1.0,1.0,1.0,1.0,35.0,32.0,-0.0030632107251067353,-0.0017650185808415486,0.00195312,16384.0,6400000.0
12.0,64.0,1.0,3.0,33.0,24.0,937.0,2304.0,0.22058073034453196,0.22746378695664926,0.00195312,16.0,6400000.0
64.0,64.0,1.0,9.0,166.0,128.0,5116.0,12288.0,0.3553468433151681,0.3706747030298605,0.000976562,2.0,6400000.0
1.0,64.0,1.0,1.0,1.0,1.0,35.0,32.0,-0.0030632107251067353,-0.0017650185808415486,8.0,512.0,6400000.0
3.0,64.0,1.0,2.0,9.0,6.0,279.0,576.0,0.10115259004895938,0.10346957106453547,4.0,64.0,6400000.0
64.0,64.0,1.0,9.0,167.0,128.0,5142.0,12288.0,0.3546419848196881,0.37018551369724195,0.0625,0.0,6400000.0
25.0,64.0,1.0,2.0,65.0,50.0,1987.0,4800.0,0.2508845036920214,0.2612119600426388,16.0,4.0,6400000.0
64.0,64.0,1.0,3.0,164.0,128.0,5023.0,12288.0,0.31610574853401796,0.3249920721388805,16.0,0.00390625,6400000.0
64.0,64.0,1.0,9.0,167.0,128.0,5142.0,12288.0,0.35464176444697426,0.37018527312856697,0.015625,0.0078125,6400000.0
64.0,64.0,1.0,9.0,166.0,128.0,5082.0,12288.0,0.35585145388803574,0.37064045455187944,0.03125,0.0625,6400000.0
1.0,64.0,1.0,1.0,1.0,1.0,35.0,32.0,-0.0030632107251067353,-0.0017650185808415486,0.015625,8192.0,6400000.0
64.0,64.0,1.0,9.0,166.0,128.0,5082.0,12288.0,0.3558506979984334,0.3706405250286192,0.00390625,0.125,6400000.0
1.0,1.0,4.0,3.0,15.0,8.0,453.0,1152.0,0.05912329229729474,0.06308131038571607,2.0,2.0,6400000.0
22.0,64.0,1.0,3.0,61.0,44.0,1728.0,4224.0,0.27209781390772547,0.2796723898647334,0.015625,8.0,6400000.0
1.0,64.0,1.0,1.0,1.0,1.0,35.0,32.0,-0.0030632107251067353,-0.0017650185808415486,0.0078125,1024.0,6400000.0
3.0,64.0,1.0,2.0,9.0,6.0,279.0,576.0,0.10115259004895938,0.10346957106453547,0.03125,64.0,6400000.0
64.0,64.0,1.0,9.0,167.0,128.0,5151.0,12288.0,0.3554895816432989,0.3706699966071343,0.0625,0.5,6400000.0
1.0,1.0,4.0,1.0,1.0,1.0,63.0,32.0,-0.0030632107251067353,-0.0017650185808415486,1.0,512.0,6400000.0
1.0,32.0,8.0,1.0,1.0,1.0,543.0,32.0,-0.0030632107251067353,-0.0017650185808415486,16384.0,0.0078125,6400000.0
64.0,64.0,1.0,9.0,168.0,128.0,5180.0,12288.0,0.35462571315621294,0.37011735843036153,0.125,0.00390625,6400000.0
1.0,32.0,8.0,1.0,1.0,1.0,543.0,32.0,-0.0030632107251067353,-0.0017650185808415486,16384.0,8.0,6400000.0
1.0,64.0,1.0,1.0,1.0,1.0,35.0,32.0,-0.0030632107251067353,-0.0017650185808415486,0.0625,512.0,6400000.0
64.0,64.0,1.0,9.0,165.0,128.0,5053.0,12288.0,0.3553126035051217,0.3705704354795192,1.0,2.0,6400000.0
64.0,64.0,1.0,9.0,167.0,128.0,5142.0,12288.0,0.35458310429767104,0.370122085380306,1.0,0.00195312,6400000.0
1.0,64.0,1.0,1.0,1.0,1.0,35.0,32.0,-0.0030632107251067353,-0.0017650185808415486,0.25,32768.0,6400000.0
64.0,64.0,1.0,9.0,167.0,128.0,5142.0,12288.0,0.3546415522228499,0.37018514651067025,0.0,0.0,6400000.0
1.0,1.0,4.0,5.0,30.0,16.0,887.0,2432.0,0.06448653796562831,0.06646310934790711,2.0,0.00390625,6400000.0
1.0,32.0,8.0,1.0,1.0,1.0,543.0,32.0,-0.0030632107251067353,-0.0017650185808415486,16384.0,8192.0,6400000.0
1.0,64.0,1.0,1.0,1.0,1.0,35.0,32.0,-0.0030632107251067353,-0.0017650185808415486,16.0,4096.0,6400000.0
1.0,64.0,1.0,1.0,1.0,1.0,35.0,32.0,-0.0030632107251067353,-0.0017650185808415486,0.125,4096.0,6400000.0
8.0,64.0,1.0,2.0,22.0,16.0,654.0,1536.0,0.184803559555608,0.19082719424152972,32.0,32.0,6400000.0
64.0,64.0,1.0,2.0,153.0,128.0,4902.0,12288.0,0.259054491217652,0.27076510582849467,32.0,0.03125,6400000.0
57.0,64.0,1.0,7.0,146.0,114.0,4460.0,10944.0,0.34698836344449757,0.3603774563118617,0.125,4.0,6400000.0
1.0,32.0,8.0,1.0,1.0,1.0,543.0,32.0,-0.0030632107251067353,-0.0017650185808415486,32768.0,64.0,6400000.0
1.0,32.0,8.0,1.0,1.0,1.0,543.0,32.0,-0.0030632107251067353,-0.0017650185808415486,8192.0,1024.0,6400000.0
1.0,32.0,8.0,1.0,1.0,1.0,543.0,32.0,-0.0030632107251067353,-0.0017650185808415486,32768.0,0.0625,6400000.0
1.0,64.0,1.0,1.0,1.0,1.0,35.0,32.0,-0.0030632107251067353,-0.0017650185808415486,0.5,256.0,6400000.0
8.0,64.0,1.0,2.0,22.0,16.0,654.0,1536.0,0.184803559555608,0.19082719424152972,0.25,32.0,6400000.0
64.0,64.0,1.0,9.0,165.0,128.0,5078.0,12288.0,0.3559045185427153,0.37037186371764896,0.5,0.25,6400000.0
64.0,64.0,1.0,9.0,168.0,128.0,5180.0,12288.0,0.3546260615882564,0.3701146250272419,0.25,0.03125,6400000.0
1.0,1.0,4.0,6.0,30.0,16.0,869.0,2432.0,0.0637713077408717,0.06766014173878698,1.0,0.000976562,6400000.0
12.0,64.0,1.0,3.0,33.0,24.0,937.0,2304.0,0.22058008498100445,0.22746552742711335,2.0,16.0,6400000.0
64.0,64.0,1.0,6.0,167.0,128.0,5133.0,12288.0,0.35218984014324506,0.3665577041453211,4.0,0.125,6400000.0
64.0,64.0,1.0,9.0,166.0,128.0,5119.0,12288.0,0.35544262172354435,0.3706727611010914,0.0,0.5,6400000.0
1.0,64.0,1.0,1.0,1.0,1.0,35.0,32.0,-0.0030632107251067353,-0.0017650185808415486,0.0,512.0,6400000.0
1.0,64.0,1.0,1.0,1.0,1.0,35.0,32.0,-0.0030632107251067353,-0.0017650185808415486,1.0,2048.0,6400000.0
64.0,64.0,1.0,7.0,167.0,128.0,5109.0,12288.0,0.35307164321034235,0.3681811234755493,2.0,0.015625,6400000.0
1.0,64.0,1.0,1.0,1.0,1.0,35.0,32.0,-0.0030632107251067353,-0.0017650185808415486,2.0,16384.0,6400000.0
1.0,32.0,8.0,1.0,1.0,1.0,543.0,32.0,-0.0030632107251067353,-0.0017650185808415486,8192.0,0.00195312,6400000.0
1.0,32.0,8.0,1.0,1.0,1.0,543.0,32.0,-0.0030632107251067353,-0.0017650185808415486,8192.0,2.0,6400000.0
64.0,64.0,1.0,9.0,167.0,128.0,5142.0,12288.0,0.3546415522228499,0.37018514651067025,0.000976562,0.00390625,6400000.0
64.0,64.0,1.0,3.0,165.0,128.0,5054.0,12288.0,0.3172837008577636,0.3252406795829923,8.0,0.000976562,6400000.0
1.0,64.0,1.0,1.0,1.0,1.0,35.0,32.0,-0.0030632107251067353,-0.0017650185808415486,0.00390625,256.0,6400000.0
64.0,64.0,1.0,9.0,167.0,128.0,5142.0,12288.0,0.3546394645225812,0.37018393315503495,0.00195312,0.03125,6400000.0
1.0,1.0,4.0,6.0,26.0,14.0,760.0,2112.0,0.0636058133035663,0.0673808602609266,1.0,1.0,6400000.0
64.0,64.0,1.0,9.0,167.0,128.0,5142.0,12288.0,0.35464176444697426,0.37018527312856697,0.0078125,0.00195312,6400000.0
57.0,64.0,1.0,3.0,147.0,114.0,4507.0,10944.0,0.3142547093293758,0.3232846471687646,8.0,1.0,6400000.0
1.0,64.0,1.0,1.0,1.0,1.0,35.0,32.0,-0.0030632107251067353,-0.0017650185808415486,0.000976562,4096.0,6400000.0
1.0,64.0,1.0,1.0,1.0,1.0,35.0,32.0,-0.0030632107251067353,-0.0017650185808415486,0.00195312,32768.0,6400000.0
8.0,64.0,1.0,2.0,22.0,16.0,654.0,1536.0,0.184803559555608,0.19082719424152972,0.00195312,32.0,6400000.0
52.0,64.0,1.0,7.0,135.0,104.0,4084.0,9984.0,0.3374920860243603,0.35184392779643947,0.000976562,4.0,6400000.0
1.0,64.0,1.0,1.0,1.0,1.0,35.0,32.0,-0.0030632107251067353,-0.0017650185808415486,8.0,1024.0,6400000.0
64.0,64.0,1.0,9.0,166.0,128.0,5116.0,12288.0,0.3553468433151681,0.3706747030298605,0.0078125,2.0,6400000.0
1.0,64.0,1.0,1.0,1.0,1.0,35.0,32.0,-0.0030632107251067353,-0.0017650185808415486,4.0,128.0,6400000.0
64.0,64.0,1.0,3.0,164.0,128.0,5023.0,12288.0,0.31616483550483654,0.32499061801806717,16.0,0.0078125,6400000.0
64.0,64.0,1.0,9.0,167.0,128.0,5142.0,12288.0,0.35463728127263017,0.3701835418579965,0.015625,0.015625,6400000.0
64.0,64.0,1.0,9.0,167.0,128.0,5142.0,12288.0,0.3546419848196881,0.37018551369724195,0.0625,0.000976562,6400000.0
16.0,64.0,1.0,2.0,45.0,32.0,1309.0,3072.0,0.23561062474946082,0.24274222107689147,16.0,8.0,6400000.0
12.0,64.0,1.0,3.0,33.0,24.0,937.0,2304.0,0.22058073034453196,0.22746378695664926,0.015625,16.0,6400000.0
1.0,64.0,1.0,1.0,1.0,1.0,35.0,32.0,-0.0030632107251067353,-0.0017650185808415486,0.015625,16384.0,6400000.0
64.0,64.0,1.0,9.0,166.0,128.0,5082.0,12288.0,0.3558535636631883,0.3706404518753673,0.03125,0.125,6400000.0
64.0,64.0,1.0,9.0,165.0,128.0,5078.0,12288.0,0.35552444419361307,0.370425711324913,0.0625,1.0,6400000.0
1.0,64.0,1.0,1.0,1.0,1.0,35.0,32.0,-0.0030632107251067353,-0.0017650185808415486,0.0078125,2048.0,6400000.0
64.0,64.0,1.0,9.0,165.0,128.0,5078.0,12288.0,0.35589569720562775,0.37036674227252486,0.00390625,0.25,6400000.0
1.0,64.0,1.0,1.0,1.0,1.0,35.0,32.0,-0.0030632107251067353,-0.0017650185808415486,0.03125,128.0,6400000.0
1.0,1.0,4.0,1.0,1.0,1.0,63.0,32.0,-0.0030632107251067353,-0.0017650185808415486,1.0,1024.0,6400000.0
1.0,1.0,4.0,3.0,11.0,6.0,351.0,832.0,0.055959939578521745,0.05997459583745146,2.0,4.0,6400000.0
1.0,32.0,8.0,1.0,1.0,1.0,543.0,32.0,-0.0030632107251067353,-0.0017650185808415486,16384.0,0.015625,6400000.0
64.0,64.0,1.0,9.0,168.0,128.0,5180.0,12288.0,0.35462571315621294,0.37011735843036153,0.125,0.0078125,6400000.0
1.0,32.0,8.0,1.0,1.0,1.0,543.0,32.0,-0.0030632107251067353,-0.0017650185808415486,16384.0,16.0,6400000.0
1.0,64.0,1.0,1.0,1.0,1.0,35.0,32.0,-0.0030632107251067353,-0.0017650185808415486,0.0625,1024.0,6400000.0
54.0,64.0,1.0,6.0,139.0,108.0,4253.0,10368.0,0.3437752087524123,0.35542497708320786,1.0,4.0,6400000.0
64.0,64.0,1.0,9.0,167.0,128.0,5142.0,12288.0,0.35458310429767104,0.370122085380306,1.0,0.00390625,6400000.0
1.0,32.0,8.0,1.0,1.0,1.0,543.0,32.0,-0.0030632107251067353,-0.0017650185808415486,16384.0,16384.0,6400000.0
64.0,64.0,1.0,9.0,168.0,128.0,5180.0,12288.0,0.3546289133994668,0.3701162148078361,0.5,0.0,6400000.0
1.0,64.0,1.0,1.0,1.0,1.0,35.0,32.0,-0.0030632107251067353,-0.0017650185808415486,16.0,8192.0,6400000.0
3.0,64.0,1.0,2.0,9.0,6.0,279.0,576.0,0.10115259004895938,0.10346957106453547,32.0,64.0,6400000.0
64.0,64.0,1.0,9.0,167.0,128.0,5142.0,12288.0,0.3546415522228499,0.37018514651067025,0.0,0.000976562,6400000.0
1.0,64.0,1.0,1.0,1.0,1.0,35.0,32.0,-0.0030632107251067353,-0.0017650185808415486,0.125,8192.0,6400000.0
1.0,1.0,4.0,5.0,30.0,16.0,887.0,2432.0,0.06448653796562831,0.06646310934790711,2.0,0.0078125,6400000.0
64.0,64.0,1.0,2.0,153.0,128.0,4902.0,12288.0,0.259054491217652,0.27076510582849467,32.0,0.0625,6400000.0
22.0,64.0,1.0,3.0,61.0,44.0,1728.0,4224.0,0.27209781390772547,0.2796723898647334,0.125,8.0,6400000.0
1.0,32.0,8.0,1.0,1.0,1.0,543.0,32.0,-0.0030632107251067353,-0.0017650185808415486,32768.0,0.125,6400000.0
1.0,32.0,8.0,1.0,1.0,1.0,543.0,32.0,-0.0030632107251067353,-0.0017650185808415486,8192.0,2048.0,6400000.0
64.0,64.0,1.0,9.0,166.0,128.0,5117.0,12288.0,0.35631951457793953,0.37086110084451096,0.25,0.0625,6400000.0
1.0,32.0,8.0,1.0,1.0,1.0,543.0,32.0,-0.0030632107251067353,-0.0017650185808415486,32768.0,128.0,6400000.0
1.0,64.0,1.0,1.0,1.0,1.0,35.0,32.0,-0.0030632107251067353,-0.0017650185808415486,0.5,512.0,6400000.0
8.0,64.0,1.0,2.0,22.0,16.0,654.0,1536.0,0.184803559555608,0.19082719424152972,2.0,32.0,6400000.0
64.0,64.0,1.0,9.0,165.0,128.0,5081.0,12288.0,0.355610307780005,0.37041903581353497,0.5,0.5,6400000.0
64.0,64.0,1.0,6.0,166.0,128.0,5099.0,12288.0,0.3523798218263602,0.36680080154941264,4.0,0.25,6400000.0
1.0,1.0,4.0,6.0,30.0,16.0,869.0,2432.0,0.0637713077408717,0.06766014173878698,1.0,0.00195312,6400000.0
64.0,64.0,1.0,9.0,165.0,128.0,5078.0,12288.0,0.3555231282221364,0.3704232595518744,0.0,1.0,6400000.0
1.0,64.0,1.0,1.0,1.0,1.0,35.0,32.0,-0.0030632107251067353,-0.0017650185808415486,1.0,4096.0,6400000.0
3.0,64.0,1.0,2.0,9.0,6.0,279.0,576.0,0.10115259004895938,0.10346957106453547,0.25,64.0,6400000.0
1.0,64.0,1.0,1.0,1.0,1.0,35.0,32.0,-0.0030632107251067353,-0.0017650185808415486,2.0,32768.0,6400000.0
64.0,64.0,1.0,7.0,167.0,128.0,5109.0,12288.0,0.35307164321034235,0.3681811234755493,2.0,0.03125,6400000.0
1.0,64.0,1.0,1.0,1.0,1.0,35.0,32.0,-0.0030632107251067353,-0.0017650185808415486,0.0,1024.0,6400000.0
1.0,32.0,8.0,1.0,1.0,1.0,543.0,32.0,-0.0030632107251067353,-0.0017650185808415486,8192.0,0.00390625,6400000.0
64.0,64.0,1.0,9.0,167.0,128.0,5142.0,12288.0,0.3546415522228499,0.37018514651067025,0.000976562,0.0078125,6400000.0
64.0,64.0,1.0,3.0,165.0,128.0,5054.0,12288.0,0.3172837008577636,0.3252406795829923,8.0,0.00195312,6400000.0
1.0,32.0,8.0,1.0,1.0,1.0,543.0,32.0,-0.0030632107251067353,-0.0017650185808415486,8192.0,4.0,6400000.0
1.0,64.0,1.0,1.0,1.0,1.0,35.0,32.0,-0.0030632107251067353,-0.0017650185808415486,0.00390625,512.0,6400000.0
64.0,64.0,1.0,9.0,167.0,128.0,5142.0,12288.0,0.35464176444697426,0.37018527312856697,0.0078125,0.00390625,6400000.0
64.0,64.0,1.0,9.0,166.0,128.0,5082.0,12288.0,0.3559219924763042,0.370686077297817,0.00195312,0.0625,6400000.0
64.0,64.0,1.0,9.0,167.0,128.0,5142.0,12288.0,0.3546415522228499,0.37018514651067025,0.00390625,0.0,6400000.0
52.0,64.0,1.0,7.0,135.0,104.0,4084.0,9984.0,0.3374920860243603,0.35184392779643947,0.0078125,4.0,6400000.0
42.0,64.0,1.0,3.0,113.0,84.0,3384.0,8064.0,0.30679578504283944,0.31632627311981343,8.0,2.0,6400000.0
1.0,64.0,1.0,1.0,1.0,1.0,35.0,32.0,-0.0030632107251067353,-0.0017650185808415486,0.000976562,8192.0,6400000.0
1.0,64.0,1.0,1.0,1.0,1.0,35.0,32.0,-0.0030632107251067353,-0.0017650185808415486,8.0,2048.0,6400000.0
22.0,64.0,1.0,3.0,61.0,44.0,1728.0,4224.0,0.27209781390772547,0.2796723898647334,0.000976562,8.0,6400000.0
3.0,64.0,1.0,2.0,9.0,6.0,279.0,576.0,0.10115259004895938,0.10346957106453547,0.00195312,64.0,6400000.0
1.0,1.0,4.0,4.0,15.0,8.0,444.0,1152.0,0.05932408169111503,0.06282323763671127,1.0,2.0,6400000.0
1.0,64.0,1.0,1.0,1.0,1.0,35.0,32.0,-0.0030632107251067353,-0.0017650185808415486,4.0,256.0,6400000.0
64.0,64.0,1.0,9.0,167.0,128.0,5142.0,12288.0,0.3546419848196881,0.37018551369724195,0.0625,0.00195312,6400000.0
64.0,64.0,1.0,3.0,164.0,128.0,5023.0,12288.0,0.31616483550483654,0.32499061801806717,16.0,0.015625,6400000.0
11.0,64.0,1.0,2.0,30.0,22.0,860.0,2112.0,0.211815897449531,0.21820531799146736,16.0,16.0,6400000.0
8.0,64.0,1.0,2.0,22.0,16.0,654.0,1536.0,0.184803559555608,0.19082719424152972,0.015625,32.0,6400000.0
64.0,64.0,1.0,9.0,167.0,128.0,5142.0,12288.0,0.35463967676625063,0.37018405966745793,0.015625,0.03125,6400000.0
1.0,1.0,4.0,3.0,5.0,3.0,194.0,352.0,0.048146068319603885,0.051476191507202285,2.0,8.0,6400000.0
64.0,64.0,1.0,9.0,165.0,128.0,5078.0,12288.0,0.3558958695889981,0.3703668071062881,0.03125,0.25,6400000.0
1.0,64.0,1.0,1.0,1.0,1.0,35.0,32.0,-0.0030632107251067353,-0.0017650185808415486,0.0078125,4096.0,6400000.0
64.0,64.0,1.0,9.0,166.0,128.0,5117.0,12288.0,0.3560191974499407,0.3709055695755632,0.0625,2.0,6400000.0
1.0,64.0,1.0,1.0,1.0,1.0,35.0,32.0,-0.0030632107251067353,-0.0017650185808415486,0.015625,32768.0,6400000.0
1.0,1.0,4.0,1.0,1.0,1.0,63.0,32.0,-0.0030632107251067353,-0.0017650185808415486,1.0,2048.0,6400000.0
1.0,64.0,1.0,1.0,1.0,1.0,35.0,32.0,-0.0030632107251067353,-0.0017650185808415486,0.03125,256.0,6400000.0
64.0,64.0,1.0,9.0,166.0,128.0,5119.0,12288.0,0.35544262172354435,0.3706727611010914,0.00390625,0.5,6400000.0
1.0,32.0,8.0,1.0,1.0,1.0,543.0,32.0,-0.0030632107251067353,-0.0017650185808415486,16384.0,0.03125,6400000.0
64.0,64.0,1.0,9.0,168.0,128.0,5180.0,12288.0,0.35462381876074867,0.3701161915552137,0.125,0.015625,6400000.0
1.0,32.0,8.0,1.0,1.0,1.0,543.0,32.0,-0.0030632107251067353,-0.0017650185808415486,16384.0,32.0,6400000.0
1.0,64.0,1.0,1.0,1.0,1.0,35.0,32.0,-0.0030632107251067353,-0.0017650185808415486,0.0625,2048.0,6400000.0
22.0,64.0,1.0,3.0,61.0,44.0,1728.0,4224.0,0.27209781390772547,0.2796723898647334,1.0,8.0,6400000.0
1.0,64.0,1.0,1.0,1.0,1.0,35.0,32.0,-0.0030632107251067353,-0.0017650185808415486,16.0,16384.0,6400000.0
64.0,64.0,1.0,9.0,167.0,128.0,5142.0,12288.0,0.3545781233177028,0.37012020339341056,1.0,0.0078125,6400000.0
1.0,64.0,1.0,1.0,1.0,1.0,35.0,32.0,-0.0030632107251067353,-0.0017650185808415486,32.0,128.0,6400000.0
1.0,32.0,8.0,1.0,1.0,1.0,543.0,32.0,-0.0030632107251067353,-0.0017650185808415486,8192.0,4096.0,6400000.0
1.0,32.0,8.0,1.0,1.0,1.0,543.0,32.0,-0.0030632107251067353,-0.0017650185808415486,16384.0,32768.0,6400000.0
64.0,64.0,1.0,9.0,168.0,128.0,5180.0,12288.0,0.3546289133994668,0.3701162148078361,0.5,0.000976562,6400000.0
59.0,64.0,1.0,2.0,142.0,118.0,4556.0,11328.0,0.25881035508149797,0.27079152769404335,32.0,0.125,6400000.0
12.0,64.0,1.0,3.0,33.0,24.0,937.0,2304.0,0.22058073034453196,0.22746378695664926,0.125,16.0,6400000.0
1.0,1.0,4.0,5.0,30.0,16.0,887.0,2432.0,0.06448653796562831,0.06646310934790711,2.0,0.015625,6400000.0
64.0,64.0,1.0,9.0,167.0,128.0,5142.0,12288.0,0.3546415522228499,0.37018514651067025,0.0,0.00195312,6400000.0
1.0,64.0,1.0,1.0,1.0,1.0,35.0,32.0,-0.0030632107251067353,-0.0017650185808415486,0.125,16384.0,6400000.0
1.0,32.0,8.0,1.0,1.0,1.0,543.0,32.0,-0.0030632107251067353,-0.0017650185808415486,32768.0,0.25,6400000.0
64.0,64.0,1.0,9.0,165.0,128.0,5081.0,12288.0,0.35532164360295837,0.3705194400269086,0.5,1.0,6400000.0
1.0,64.0,1.0,1.0,1.0,1.0,35.0,32.0,-0.0030632107251067353,-0.0017650185808415486,0.5,1024.0,6400000.0
3.0,64.0,1.0,2.0,9.0,6.0,279.0,576.0,0.10115259004895938,0.10346957106453547,2.0,64.0,6400000.0
64.0,64.0,1.0,9.0,166.0,128.0,5117.0,12288.0,0.3563197102391985,0.3708612967022481,0.25,0.125,6400000.0
64.0,64.0,1.0,6.0,165.0,128.0,5099.0,12288.0,0.35281969610084085,0.3673910718793343,4.0,0.5,6400000.0
64.0,64.0,1.0,9.0,166.0,128.0,5116.0,12288.0,0.3553468433151681,0.3706747030298605,0.0,2.0,6400000.0
1.0,32.0,8.0,1.0,1.0,1.0,543.0,32.0,-0.0030632107251067353,-0.0017650185808415486,32768.0,256.0,6400000.0
64.0,64.0,1.0,6.0,168.0,128.0,5140.0,12288.0,0.3525510831835318,0.36689785225730964,4.0,0.0,6400000.0
1.0,1.0,4.0,6.0,30.0,16.0,869.0,2432.0,0.0637713077408717,0.06766014173878698,1.0,0.00390625,6400000.0
1.0,64.0,1.0,1.0,1.0,1.0,35.0,32.0,-0.0030632107251067353,-0.0017650185808415486,1.0,8192.0,6400000.0
1.0,64.0,1.0,1.0,1.0,1.0,35.0,32.0,-0.0030632107251067353,-0.0017650185808415486,0.25,128.0,6400000.0
1.0,64.0,1.0,1.0,1.0,1.0,35.0,32.0,-0.0030632107251067353,-0.0017650185808415486,0.0,2048.0,6400000.0
64.0,64.0,1.0,7.0,167.0,128.0,5109.0,12288.0,0.3530694161881397,0.3681802770841325,2.0,0.0625,6400000.0
1.0,32.0,8.0,1.0,1.0,1.0,543.0,32.0,-0.0030632107251067353,-0.0017650185808415486,8192.0,0.0078125,6400000.0
64.0,64.0,1.0,9.0,167.0,128.0,5142.0,12288.0,0.35463706902726644,0.37018341533985055,0.000976562,0.015625,6400000.0
1.0,32.0,8.0,1.0,1.0,1.0,543.0,32.0,-0.0030632107251067353,-0.0017650185808415486,8192.0,8.0,6400000.0
1.0,64.0,1.0,1.0,1.0,1.0,35.0,32.0,-0.0030632107251067353,-0.0017650185808415486,0.00390625,1024.0,6400000.0
64.0,64.0,1.0,3.0,165.0,128.0,5054.0,12288.0,0.3172789684213104,0.32523941534003387,8.0,0.00390625,6400000.0
64.0,64.0,1.0,9.0,166.0,128.0,5082.0,12288.0,0.3558506979984334,0.3706405250286192,0.00195312,0.125,6400000.0
64.0,64.0,1.0,9.0,167.0,128.0,5142.0,12288.0,0.35464176444697426,0.37018527312856697,0.0078125,0.0078125,6400000.0
37.0,64.0,1.0,3.0,100.0,74.0,2953.0,7104.0,0.3035279711248666,0.3116177878986417,8.0,4.0,6400000.0
64.0,64.0,1.0,9.0,167.0,128.0,5142.0,12288.0,0.3546415522228499,0.37018514651067025,0.00390625,0.000976562,6400000.0
1.0,64.0,1.0,1.0,1.0,1.0,35.0,32.0,-0.0030632107251067353,-0.0017650185808415486,8.0,4096.0,6400000.0
22.0,64.0,1.0,3.0,61.0,44.0,1728.0,4224.0,0.27209781390772547,0.2796723898647334,0.0078125,8.0,6400000.0
1.0,64.0,1.0,1.0,1.0,1.0,35.0,32.0,-0.0030632107251067353,-0.0017650185808415486,0.000976562,16384.0,6400000.0
1.0,1.0,4.0,3.0,11.0,6.0,351.0,832.0,0.055959939578521745,0.05997459583745146,1.0,4.0,6400000.0
1.0,64.0,1.0,1.0,1.0,1.0,35.0,32.0,-0.0030632107251067353,-0.0017650185808415486,4.0,512.0,6400000.0
64.0,64.0,1.0,9.0,167.0,128.0,5142.0,12288.0,0.3546419848196881,0.37018551369724195,0.0625,0.00390625,6400000.0
64.0,64.0,1.0,3.0,164.0,128.0,5023.0,12288.0,0.31616483550483654,0.32499061801806717,16.0,0.03125,6400000.0
12.0,64.0,1.0,3.0,33.0,24.0,937.0,2304.0,0.22058073034453196,0.22746378695664926,0.000976562,16.0,6400000.0
1.0,64.0,1.0,1.0,1.0,1.0,35.0,32.0,-0.0030632107251067353,-0.0017650185808415486,0.00195312,128.0,6400000.0
3.0,64.0,1.0,2.0,9.0,6.0,279.0,576.0,0.10115259004895938,0.10346957106453547,0.015625,64.0,6400000.0
1.0,1.0,4.0,3.0,5.0,3.0,194.0,352.0,0.048146068319603885,0.051476191507202285,2.0,16.0,6400000.0
8.0,64.0,1.0,2.0,22.0,16.0,654.0,1536.0,0.184803559555608,0.19082719424152972,16.0,32.0,6400000.0
64.0,64.0,1.0,9.0,167.0,128.0,5142.0,12288.0,0.35464176444697426,0.37018527312856697,0.03125,0.0,6400000.0
52.0,64.0,1.0,7.0,135.0,104.0,4084.0,9984.0,0.3374922504044793,0.3518439824697871,0.0625,4.0,6400000.0
1.0,64.0,1.0,1.0,1.0,1.0,35.0,32.0,-0.0030632107251067353,-0.0017650185808415486,0.0078125,8192.0,6400000.0
64.0,64.0,1.0,9.0,165.0,128.0,5078.0,12288.0,0.3555231282221364,0.3704232595518744,0.00390625,1.0,6400000.0
64.0,64.0,1.0,9.0,166.0,128.0,5082.0,12288.0,0.35592216755971584,0.3706861412987976,0.015625,0.0625,6400000.0
64.0,64.0,1.0,9.0,166.0,128.0,5119.0,12288.0,0.35544281688954105,0.3706728450910175,0.03125,0.5,6400000.0
1.0,64.0,1.0,1.0,1.0,1.0,35.0,32.0,-0.0030632107251067353,-0.0017650185808415486,0.03125,512.0,6400000.0
1.0,1.0,4.0,1.0,1.0,1.0,63.0,32.0,-0.0030632107251067353,-0.0017650185808415486,1.0,4096.0,6400000.0
1.0,32.0,8.0,1.0,1.0,1.0,543.0,32.0,-0.0030632107251067353,-0.0017650185808415486,16384.0,0.0625,6400000.0
64.0,64.0,1.0,9.0,168.0,128.0,5180.0,12288.0,0.35462657510912743,0.37011607913581857,0.125,0.03125,6400000.0
1.0,64.0,1.0,1.0,1.0,1.0,35.0,32.0,-0.0030632107251067353,-0.0017650185808415486,0.0625,4096.0,6400000.0
1.0,64.0,1.0,1.0,1.0,1.0,35.0,32.0,-0.0030632107251067353,-0.0017650185808415486,16.0,32768.0,6400000.0
1.0,32.0,8.0,1.0,1.0,1.0,543.0,32.0,-0.0030632107251067353,-0.0017650185808415486,16384.0,64.0,6400000.0
64.0,64.0,1.0,9.0,167.0,128.0,5142.0,12288.0,0.3545781233177028,0.37012020339341056,1.0,0.015625,6400000.0
12.0,64.0,1.0,3.0,33.0,24.0,937.0,2304.0,0.22058073034453196,0.22746378695664926,1.0,16.0,6400000.0
1.0,32.0,8.0,1.0,1.0,1.0,543.0,32.0,-0.0030632107251067353,-0.0017650185808415486,32768.0,0.0,6400000.0
1.0,32.0,8.0,1.0,1.0,1.0,543.0,32.0,-0.0030632107251067353,-0.0017650185808415486,8192.0,8192.0,6400000.0
1.0,64.0,1.0,1.0,1.0,1.0,35.0,32.0,-0.0030632107251067353,-0.0017650185808415486,32.0,256.0,6400000.0
8.0,64.0,1.0,2.0,22.0,16.0,654.0,1536.0,0.184803559555608,0.19082719424152972,0.125,32.0,6400000.0
64.0,64.0,1.0,9.0,167.0,128.0,5142.0,12288.0,0.3546415522228499,0.37018514651067025,0.0,0.00390625,6400000.0
64.0,64.0,1.0,9.0,168.0,128.0,5180.0,12288.0,0.3546290443913519,0.37011625356846145,0.5,0.00195312,6400000.0
49.0,64.0,1.0,2.0,120.0,98.0,3802.0,9408.0,0.25814803654378304,0.27018509884981423,32.0,0.25,6400000.0
1.0,1.0,4.0,5.0,30.0,16.0,887.0,2432.0,0.06448653796562831,0.06646310934790711,2.0,0.03125,6400000.0
1.0,64.0,1.0,1.0,1.0,1.0,35.0,32.0,-0.0030632107251067353,-0.0017650185808415486,2.0,128.0,6400000.0
64.0,64.0,1.0,9.0,166.0,128.0,5117.0,12288.0,0.3563670897133604,0.37086560786511613,0.25,0.25,6400000.0
1.0,64.0,1.0,1.0,1.0,1.0,35.0,32.0,-0.0030632107251067353,-0.0017650185808415486,0.125,32768.0,6400000.0
1.0,32.0,8.0,1.0,1.0,1.0,543.0,32.0,-0.0030632107251067353,-0.0017650185808415486,32768.0,512.0,6400000.0
1.0,32.0,8.0,1.0,1.0,1.0,543.0,32.0,-0.0030632107251067353,-0.0017650185808415486,32768.0,0.5,6400000.0
52.0,64.0,1.0,7.0,135.0,104.0,4084.0,9984.0,0.3374920860243603,0.35184392779643947,0.0,4.0,6400000.0
1.0,64.0,1.0,1.0,1.0,1.0,35.0,32.0,-0.0030632107251067353,-0.0017650185808415486,1.0,16384.0,6400000.0
64.0,64.0,1.0,9.0,165.0,128.0,5081.0,12288.0,0.35531224005619,0.3705144751616737,0.5,2.0,6400000.0
64.0,64.0,1.0,6.0,164.0,128.0,5038.0,12288.0,0.35156758291995793,0.3665962034653114,4.0,1.0,6400000.0
1.0,1.0,4.0,6.0,30.0,16.0,869.0,2432.0,0.0637713077408717,0.06766014173878698,1.0,0.0078125,6400000.0
1.0,64.0,1.0,1.0,1.0,1.0,35.0,32.0,-0.0030632107251067353,-0.0017650185808415486,0.25,256.0,6400000.0
1.0,64.0,1.0,1.0,1.0,1.0,35.0,32.0,-0.0030632107251067353,-0.0017650185808415486,0.5,2048.0,6400000.0
1.0,64.0,1.0,1.0,1.0,1.0,35.0,32.0,-0.0030632107251067353,-0.0017650185808415486,0.0,4096.0,6400000.0
64.0,64.0,1.0,6.0,168.0,128.0,5140.0,12288.0,0.3525510831835318,0.36689785225730964,4.0,0.000976562,6400000.0
64.0,64.0,1.0,7.0,167.0,128.0,5109.0,12288.0,0.35307035676712273,0.3681811643398274,2.0,0.125,6400000.0
64.0,64.0,1.0,2.0,153.0,128.0,4902.0,12288.0,0.259054491217652,0.27076510582849467,64.0,0.015625,6400000.0
64.0,64.0,1.0,9.0,165.0,128.0,5078.0,12288.0,0.35589569720562775,0.37036674227252486,0.00195312,0.25,6400000.0
64.0,64.0,1.0,3.0,165.0,128.0,5054.0,12288.0,0.3172789684213104,0.32523941534003387,8.0,0.0078125,6400000.0
64.0,64.0,1.0,9.0,167.0,128.0,5142.0,12288.0,0.35463728127263017,0.3701835418579965,0.0078125,0.015625,6400000.0
1.0,64.0,1.0,1.0,1.0,1.0,35.0,32.0,-0.0030632107251067353,-0.0017650185808415486,0.00390625,2048.0,6400000.0
12.0,64.0,1.0,3.0,33.0,24.0,937.0,2304.0,0.22058073034453196,0.22746378695664926,0.0078125,16.0,6400000.0
64.0,64.0,1.0,9.0,167.0,128.0,5142.0,12288.0,0.3546394645225812,0.37018393315503495,0.000976562,0.03125,6400000.0
1.0,64.0,1.0,1.0,1.0,1.0,35.0,32.0,-0.0030632107251067353,-0.0017650185808415486,32.0,2048.0,6400000.0
1.0,64.0,1.0,1.0,1.0,1.0,35.0,32.0,-0.0030632107251067353,-0.0017650185808415486,8.0,8192.0,6400000.0
64.0,64.0,1.0,9.0,167.0,128.0,5142.0,12288.0,0.3546415522228499,0.37018514651067025,0.00390625,0.00195312,6400000.0
21.0,64.0,1.0,3.0,60.0,42.0,1693.0,4032.0,0.26841123900263475,0.2756962486874993,8.0,8.0,6400000.0
1.0,1.0,4.0,3.0,5.0,3.0,194.0,352.0,0.048146068319603885,0.051476191507202285,1.0,8.0,6400000.0
1.0,64.0,1.0,1.0,1.0,1.0,35.0,32.0,-0.0030632107251067353,-0.0017650185808415486,4.0,1024.0,6400000.0
1.0,64.0,1.0,1.0,1.0,1.0,35.0,32.0,-0.0030632107251067353,-0.0017650185808415486,0.00195312,256.0,6400000.0
1.0,64.0,1.0,1.0,1.0,1.0,35.0,32.0,-0.0030632107251067353,-0.0017650185808415486,0.000976562,32768.0,6400000.0
64.0,64.0,1.0,9.0,167.0,128.0,5142.0,12288.0,0.3546419848196881,0.37018551369724195,0.0625,0.0078125,6400000.0
64.0,64.0,1.0,3.0,164.0,128.0,5023.0,12288.0,0.3161510335341856,0.3249623058856437,16.0,0.0625,6400000.0
8.0,64.0,1.0,2.0,22.0,16.0,654.0,1536.0,0.184803559555608,0.19082719424152972,0.000976562,32.0,6400000.0
3.0,64.0,1.0,2.0,9.0,6.0,279.0,576.0,0.10115259004895938,0.10346957106453547,16.0,64.0,6400000.0
1.0,64.0,1.0,1.0,1.0,1.0,35.0,32.0,-0.0030632107251067353,-0.0017650185808415486,0.015625,128.0,6400000.0
22.0,64.0,1.0,3.0,61.0,44.0,1728.0,4224.0,0.27209781390772547,0.2796723898647334,0.0625,8.0,6400000.0
64.0,64.0,1.0,9.0,167.0,128.0,5142.0,12288.0,0.35464176444697426,0.37018527312856697,0.03125,0.000976562,6400000.0
64.0,64.0,1.0,9.0,165.0,128.0,5078.0,12288.0,0.35552444419361307,0.370425711324913,0.03125,1.0,6400000.0
64.0,64.0,1.0,9.0,166.0,128.0,5116.0,12288.0,0.3553468433151681,0.3706747030298605,0.00390625,2.0,6400000.0
1.0,1.0,4.0,2.0,3.0,2.0,136.0,192.0,0.03911015413878083,0.040912063041146696,2.0,32.0,6400000.0
64.0,64.0,1.0,9.0,166.0,128.0,5082.0,12288.0,0.3558508726074009,0.37064058875107553,0.015625,0.125,6400000.0
1.0,64.0,1.0,1.0,1.0,1.0,35.0,32.0,-0.0030632107251067353,-0.0017650185808415486,0.0078125,16384.0,6400000.0
1.0,1.0,4.0,1.0,1.0,1.0,63.0,32.0,-0.0030632107251067353,-0.0017650185808415486,1.0,8192.0,6400000.0
1.0,64.0,1.0,1.0,1.0,1.0,35.0,32.0,-0.0030632107251067353,-0.0017650185808415486,0.03125,1024.0,6400000.0
64.0,64.0,1.0,9.0,166.0,128.0,5117.0,12288.0,0.3563192642540385,0.37086200834046557,0.125,0.0625,6400000.0
11.0,64.0,1.0,2.0,30.0,22.0,860.0,2112.0,0.211815897449531,0.21820531799146736,64.0,16.0,6400000.0
1.0,64.0,1.0,1.0,1.0,1.0,35.0,32.0,-0.0030632107251067353,-0.0017650185808415486,0.0625,8192.0,6400000.0
64.0,64.0,1.0,2.0,153.0,128.0,4902.0,12288.0,0.259054491217652,0.27076510582849467,32.0,0.0,6400000.0
8.0,64.0,1.0,2.0,22.0,16.0,654.0,1536.0,0.184803559555608,0.19082719424152972,1.0,32.0,6400000.0
64.0,64.0,1.0,9.0,167.0,128.0,5142.0,12288.0,0.3545781233177028,0.37012020339341056,1.0,0.03125,6400000.0
1.0,64.0,1.0,1.0,1.0,1.0,35.0,32.0,-0.0030632107251067353,-0.0017650185808415486,64.0,16384.0,6400000.0
64.0,64.0,1.0,9.0,168.0,128.0,5180.0,12288.0,0.3546290443913519,0.37011625356846145,0.5,0.00390625,6400000.0
1.0,64.0,1.0,1.0,1.0,1.0,35.0,32.0,-0.0030632107251067353,-0.0017650185808415486,32.0,512.0,6400000.0
1.0,64.0,1.0,1.0,1.0,1.0,35.0,32.0,-0.0030632107251067353,-0.0017650185808415486,2.0,256.0,6400000.0
1.0,1.0,4.0,1.0,1.0,1.0,63.0,32.0,-0.0030632107251067353,-0.0017650185808415486,2.0,128.0,6400000.0
45.0,64.0,1.0,2.0,111.0,90.0,3494.0,8640.0,0.2576096405165842,0.269624389420246,32.0,0.5,6400000.0
3.0,64.0,1.0,2.0,9.0,6.0,279.0,576.0,0.10115259004895938,0.10346957106453547,0.125,64.0,6400000.0
1.0,1.0,4.0,5.0,30.0,16.0,887.0,2432.0,0.06448653796562831,0.06646310934790711,2.0,0.0625,6400000.0
64.0,64.0,1.0,9.0,168.0,128.0,5180.0,12288.0,0.3546279503623516,0.37011578995809624,0.25,0.0,6400000.0
64.0,64.0,1.0,9.0,165.0,128.0,5081.0,12288.0,0.3556146571880665,0.37041959111754863,0.25,0.5,6400000.0
1.0,64.0,1.0,1.0,1.0,1.0,35.0,32.0,-0.0030632107251067353,-0.0017650185808415486,0.25,512.0,6400000.0
64.0,64.0,1.0,6.0,164.0,128.0,5036.0,12288.0,0.35405325465009874,0.36543556930441334,4.0,2.0,6400000.0
1.0,1.0,1.0,1.0,1.0,1.0,35.0,32.0,-0.0030632107251067353,-0.0017650185808415486,0.03125,128.0,6400000.0
1.0,64.0,1.0,1.0,1.0,1.0,35.0,32.0,-0.0030632107251067353,-0.0017650185808415486,256.0,0.000976562,6400000.0
1.0,64.0,1.0,1.0,1.0,1.0,35.0,32.0,-0.0030632107251067353,-0.0017650185808415486,128.0,0.125,6400000.0
54.0,64.0,1.0,6.0,139.0,108.0,4253.0,10368.0,0.3437770914346123,0.3554259991436397,0.5,4.0,6400000.0
64.0,64.0,1.0,6.0,166.0,128.0,5099.0,12288.0,0.35216789488114586,0.366708832429669,2.0,0.25,6400000.0
1.0,64.0,1.0,1.0,1.0,1.0,35.0,32.0,-0.0030632107251067353,-0.0017650185808415486,1.0,32768.0,6400000.0
1.0,64.0,1.0,1.0,1.0,1.0,35.0,32.0,-0.0030632107251067353,-0.0017650185808415486,0.5,4096.0,6400000.0
64.0,64.0,1.0,6.0,168.0,128.0,5140.0,12288.0,0.3525510831835318,0.36689785225730964,4.0,0.00195312,6400000.0
1.0,64.0,1.0,1.0,1.0,1.0,35.0,32.0,-0.0030632107251067353,-0.0017650185808415486,256.0,1.0,6400000.0
1.0,64.0,1.0,1.0,1.0,1.0,35.0,32.0,-0.0030632107251067353,-0.0017650185808415486,128.0,128.0,6400000.0
1.0,64.0,1.0,1.0,1.0,1.0,35.0,32.0,-0.0030632107251067353,-0.0017650185808415486,512.0,0.0078125,6400000.0
1.0,64.0,1.0,1.0,1.0,1.0,35.0,32.0,-0.0030632107251067353,-0.0017650185808415486,256.0,1024.0,6400000.0
64.0,64.0,1.0,2.0,153.0,128.0,4902.0,12288.0,0.259054491217652,0.27076510582849467,64.0,0.03125,6400000.0
1.0,64.0,1.0,1.0,1.0,1.0,35.0,32.0,-0.0030632107251067353,-0.0017650185808415486,8.0,16384.0,6400000.0
1.0,64.0,1.0,1.0,1.0,1.0,35.0,32.0,-0.0030632107251067353,-0.0017650185808415486,32.0,4096.0,6400000.0
64.0,64.0,1.0,3.0,165.0,128.0,5054.0,12288.0,0.3172789684213104,0.32523941534003387,8.0,0.015625,6400000.0
1.0,64.0,1.0,1.0,1.0,1.0,35.0,32.0,-0.0030632107251067353,-0.0017650185808415486,512.0,8192.0,6400000.0
1.0,64.0,1.0,1.0,1.0,1.0,35.0,32.0,-0.0030632107251067353,-0.0017650185808415486,512.0,8.0,6400000.0
1.0,64.0,1.0,1.0,1.0,1.0,35.0,32.0,-0.0030632107251067353,-0.0017650185808415486,4.0,2048.0,6400000.0
1.0,64.0,1.0,1.0,1.0,1.0,35.0,32.0,-0.0030632107251067353,-0.0017650185808415486,2048.0,0.0,6400000.0
11.0,64.0,1.0,2.0,30.0,22.0,860.0,2112.0,0.211815897449531,0.21820531799146736,8.0,16.0,6400000.0
1.0,64.0,1.0,1.0,1.0,1.0,35.0,32.0,-0.0030632107251067353,-0.0017650185808415486,1024.0,0.0625,6400000.0
1.0,64.0,1.0,1.0,1.0,1.0,35.0,32.0,-0.0030632107251067353,-0.0017650185808415486,1024.0,64.0,6400000.0
64.0,64.0,1.0,3.0,164.0,128.0,5023.0,12288.0,0.31615562381366147,0.3249624348734437,16.0,0.125,6400000.0
1.0,1.0,4.0,3.0,31.0,16.0,930.0,2432.0,0.06203865191840974,0.0646156432543108,4.0,0.000976562,6400000.0
1.0,64.0,1.0,1.0,1.0,1.0,35.0,32.0,-0.0030632107251067353,-0.0017650185808415486,2048.0,0.5,6400000.0
1.0,64.0,1.0,1.0,1.0,1.0,35.0,32.0,-0.0030632107251067353,-0.0017650185808415486,4096.0,0.00390625,6400000.0
1.0,64.0,1.0,1.0,1.0,1.0,35.0,32.0,-0.0030632107251067353,-0.0017650185808415486,2048.0,512.0,6400000.0
1.0,64.0,1.0,1.0,1.0,1.0,35.0,32.0,-0.0030632107251067353,-0.0017650185808415486,4096.0,4096.0,6400000.0
1.0,64.0,1.0,1.0,1.0,1.0,35.0,32.0,-0.0030632107251067353,-0.0017650185808415486,16.0,128.0,6400000.0
1.0,64.0,1.0,1.0,1.0,1.0,35.0,32.0,-0.0030632107251067353,-0.0017650185808415486,4096.0,4.0,6400000.0
1.0,1.0,4.0,2.0,3.0,2.0,136.0,192.0,0.03911015413878083,0.040912063041146696,2.0,64.0,6400000.0
1.0,64.0,1.0,1.0,1.0,1.0,35.0,32.0,-0.0030632107251067353,-0.0017650185808415486,8192.0,32.0,6400000.0
1.0,64.0,1.0,1.0,1.0,1.0,35.0,32.0,-0.0030632107251067353,-0.0017650185808415486,8192.0,0.03125,6400000.0
1.0,64.0,1.0,1.0,1.0,1.0,35.0,32.0,-0.0030632107251067353,-0.0017650185808415486,8192.0,32768.0,6400000.0
1.0,64.0,1.0,1.0,1.0,1.0,35.0,32.0,-0.0030632107251067353,-0.0017650185808415486,16384.0,256.0,6400000.0
1.0,64.0,1.0,1.0,1.0,1.0,35.0,32.0,-0.0030632107251067353,-0.0017650185808415486,16384.0,0.25,6400000.0
1.0,64.0,1.0,1.0,1.0,1.0,35.0,32.0,-0.0030632107251067353,-0.0017650185808415486,32768.0,2048.0,6400000.0
1.0,64.0,1.0,1.0,1.0,1.0,35.0,32.0,-0.0030632107251067353,-0.0017650185808415486,32768.0,2.0,6400000.0
1.0,64.0,1.0,1.0,1.0,1.0,35.0,32.0,-0.0030632107251067353,-0.0017650185808415486,32768.0,0.00195312,6400000.0
1.0,1.0,4.0,3.0,19.0,10.0,575.0,1472.0,0.060867552443509054,0.06369103411821164,4.0,1.0,6400000.0
64.0,64.0,2.0,9.0,370.0,256.0,10976.0,32768.0,0.4556436485337937,0.46934082582120384,0.0,0.015625,6400000.0
8.0,64.0,1.0,2.0,22.0,16.0,654.0,1536.0,0.184803559555608,0.19082719424152972,64.0,32.0,6400000.0
64.0,64.0,1.0,2.0,153.0,128.0,4902.0,12288.0,0.259054491217652,0.27076510582849467,32.0,0.000976562,6400000.0
11.0,64.0,2.0,3.0,35.0,25.0,1015.0,2592.0,0.23714634169335125,0.2431198474760431,0.0,16.0,6400000.0
1.0,64.0,2.0,1.0,1.0,1.0,39.0,32.0,-0.0030632107251067353,-0.0017650185808415486,0.0,16384.0,6400000.0
1.0,64.0,1.0,1.0,1.0,1.0,35.0,32.0,-0.0030632107251067353,-0.0017650185808415486,64.0,32768.0,6400000.0
1.0,64.0,1.0,1.0,1.0,1.0,35.0,32.0,-0.0030632107251067353,-0.0017650185808415486,32.0,1024.0,6400000.0
64.0,64.0,2.0,9.0,360.0,256.0,10825.0,32768.0,0.4588064996689636,0.47228026087848507,0.000976562,0.125,6400000.0
1.0,64.0,2.0,1.0,1.0,1.0,39.0,32.0,-0.0030632107251067353,-0.0017650185808415486,0.000976562,128.0,6400000.0
32.0,64.0,1.0,2.0,82.0,64.0,2561.0,6144.0,0.25375401307087353,0.2660820235119521,32.0,1.0,6400000.0
1.0,1.0,4.0,1.0,1.0,1.0,63.0,32.0,-0.0030632107251067353,-0.0017650185808415486,2.0,256.0,6400000.0
64.0,64.0,2.0,9.0,331.0,247.0,10110.0,31328.0,0.44097210705600776,0.450882352160326,0.00195312,1.0,6400000.0
1.0,64.0,1.0,1.0,1.0,1.0,35.0,32.0,-0.0030632107251067353,-0.0017650185808415486,256.0,0.00195312,6400000.0
1.0,1.0,1.0,1.0,1.0,1.0,35.0,32.0,-0.0030632107251067353,-0.0017650185808415486,0.03125,256.0,6400000.0
1.0,64.0,1.0,1.0,1.0,1.0,35.0,32.0,-0.0030632107251067353,-0.0017650185808415486,128.0,0.25,6400000.0
64.0,64.0,2.0,9.0,370.0,256.0,10882.0,32768.0,0.45880443910623214,0.47172672741053057,0.00195312,0.000976562,6400000.0
1.0,64.0,1.0,1.0,1.0,1.0,35.0,32.0,-0.0030632107251067353,-0.0017650185808415486,256.0,2.0,6400000.0
1.0,64.0,1.0,1.0,1.0,1.0,35.0,32.0,-0.0030632107251067353,-0.0017650185808415486,128.0,256.0,6400000.0
1.0,64.0,2.0,1.0,1.0,1.0,39.0,32.0,-0.0030632107251067353,-0.0017650185808415486,0.00195312,1024.0,6400000.0
1.0,64.0,1.0,1.0,1.0,1.0,35.0,32.0,-0.0030632107251067353,-0.0017650185808415486,512.0,0.015625,6400000.0
14.0,64.0,2.0,3.0,58.0,41.0,1695.0,4768.0,0.2755258013558761,0.2825067573238387,0.00390625,8.0,6400000.0
64.0,64.0,2.0,9.0,371.0,256.0,10969.0,32768.0,0.45710329432901753,0.4710949759729215,0.00390625,0.0078125,6400000.0
1.0,64.0,2.0,1.0,1.0,1.0,39.0,32.0,-0.0030632107251067353,-0.0017650185808415486,0.00390625,8192.0,6400000.0
1.0,64.0,1.0,1.0,1.0,1.0,35.0,32.0,-0.0030632107251067353,-0.0017650185808415486,256.0,2048.0,6400000.0
1.0,64.0,2.0,1.0,1.0,1.0,39.0,32.0,-0.0030632107251067353,-0.0017650185808415486,0.015625,512.0,6400000.0
64.0,64.0,2.0,9.0,342.0,254.0,10396.0,32448.0,0.45048251145309404,0.46249379479750674,0.015625,0.5,6400000.0
3.0,64.0,2.0,2.0,9.0,6.0,287.0,576.0,0.10115259004895938,0.10346957106453547,0.0078125,64.0,6400000.0
1.0,1.0,4.0,1.0,1.0,1.0,63.0,32.0,-0.0030632107251067353,-0.0017650185808415486,4.0,1024.0,6400000.0
64.0,64.0,2.0,9.0,364.0,256.0,10861.0,32768.0,0.4545707022904645,0.46815627296804063,0.0078125,0.0625,6400000.0
64.0,64.0,2.0,9.0,370.0,256.0,10882.0,32768.0,0.45880443910623214,0.47172672741053057,0.015625,0.0,6400000.0
64.0,64.0,1.0,2.0,153.0,128.0,4902.0,12288.0,0.259054491217652,0.27076510582849467,64.0,0.0625,6400000.0
1.0,64.0,1.0,1.0,1.0,1.0,35.0,32.0,-0.0030632107251067353,-0.0017650185808415486,512.0,16.0,6400000.0
1.0,64.0,1.0,1.0,1.0,1.0,35.0,32.0,-0.0030632107251067353,-0.0017650185808415486,32.0,8192.0,6400000.0
64.0,64.0,2.0,9.0,371.0,256.0,10969.0,32768.0,0.45710329432901753,0.4710949759729215,0.03125,0.00390625,6400000.0
1.0,64.0,1.0,1.0,1.0,1.0,35.0,32.0,-0.0030632107251067353,-0.0017650185808415486,2048.0,0.000976562,6400000.0
1.0,64.0,1.0,1.0,1.0,1.0,35.0,32.0,-0.0030632107251067353,-0.0017650185808415486,1024.0,0.125,6400000.0
1.0,64.0,1.0,1.0,1.0,1.0,35.0,32.0,-0.0030632107251067353,-0.0017650185808415486,512.0,16384.0,6400000.0
1.0,64.0,2.0,1.0,1.0,1.0,39.0,32.0,-0.0030632107251067353,-0.0017650185808415486,0.03125,4096.0,6400000.0
1.0,1.0,4.0,3.0,31.0,16.0,930.0,2432.0,0.06203865191840974,0.0646156432543108,8.0,0.0078125,6400000.0
36.0,64.0,2.0,9.0,160.0,119.0,4865.0,14432.0,0.3910954809696322,0.4025399453147491,0.03125,4.0,6400000.0
1.0,64.0,1.0,1.0,1.0,1.0,35.0,32.0,-0.0030632107251067353,-0.0017650185808415486,4096.0,0.0078125,6400000.0
1.0,64.0,1.0,1.0,1.0,1.0,35.0,32.0,-0.0030632107251067353,-0.0017650185808415486,1024.0,128.0,6400000.0
1.0,64.0,1.0,1.0,1.0,1.0,35.0,32.0,-0.0030632107251067353,-0.0017650185808415486,2048.0,1.0,6400000.0
1.0,1.0,4.0,3.0,31.0,16.0,930.0,2432.0,0.06203865191840974,0.0646156432543108,4.0,0.00195312,6400000.0
64.0,64.0,2.0,9.0,366.0,256.0,10939.0,32768.0,0.4605952152610733,0.47413197437300647,0.0625,0.03125,6400000.0
1.0,64.0,1.0,1.0,1.0,1.0,35.0,32.0,-0.0030632107251067353,-0.0017650185808415486,4096.0,8192.0,6400000.0
1.0,64.0,1.0,1.0,1.0,1.0,35.0,32.0,-0.0030632107251067353,-0.0017650185808415486,4096.0,8.0,6400000.0
1.0,64.0,1.0,1.0,1.0,1.0,35.0,32.0,-0.0030632107251067353,-0.0017650185808415486,2048.0,1024.0,6400000.0
1.0,64.0,1.0,1.0,1.0,1.0,35.0,32.0,-0.0030632107251067353,-0.0017650185808415486,16384.0,0.0,6400000.0
1.0,64.0,1.0,1.0,1.0,1.0,35.0,32.0,-0.0030632107251067353,-0.0017650185808415486,8192.0,64.0,6400000.0
8.0,64.0,2.0,2.0,22.0,16.0,664.0,1536.0,0.184803559555608,0.19082719424152972,0.0625,32.0,6400000.0
1.0,64.0,1.0,1.0,1.0,1.0,35.0,32.0,-0.0030632107251067353,-0.0017650185808415486,8192.0,0.0625,6400000.0
1.0,64.0,2.0,1.0,1.0,1.0,39.0,32.0,-0.0030632107251067353,-0.0017650185808415486,0.0625,32768.0,6400000.0
1.0,64.0,1.0,1.0,1.0,1.0,35.0,32.0,-0.0030632107251067353,-0.0017650185808415486,16384.0,0.5,6400000.0
1.0,64.0,1.0,1.0,1.0,1.0,35.0,32.0,-0.0030632107251067353,-0.0017650185808415486,32768.0,4.0,6400000.0
1.0,1.0,4.0,3.0,15.0,8.0,453.0,1152.0,0.05912329229729474,0.06308131038571607,4.0,2.0,6400000.0
1.0,64.0,1.0,1.0,1.0,1.0,35.0,32.0,-0.0030632107251067353,-0.0017650185808415486,32768.0,4096.0,6400000.0
1.0,64.0,1.0,1.0,1.0,1.0,35.0,32.0,-0.0030632107251067353,-0.0017650185808415486,32768.0,0.00390625,6400000.0
1.0,64.0,1.0,1.0,1.0,1.0,35.0,32.0,-0.0030632107251067353,-0.0017650185808415486,16384.0,512.0,6400000.0
64.0,64.0,2.0,9.0,366.0,256.0,10939.0,32768.0,0.4605952152610733,0.47413197437300647,0.0,0.03125,6400000.0
1.0,64.0,1.0,1.0,1.0,1.0,35.0,32.0,-0.0030632107251067353,-0.0017650185808415486,64.0,64.0,6400000.0
1.0,64.0,1.0,1.0,1.0,1.0,35.0,32.0,-0.0030632107251067353,-0.0017650185808415486,128.0,0.0,6400000.0
1.0,64.0,2.0,1.0,1.0,1.0,39.0,32.0,-0.0030632107251067353,-0.0017650185808415486,0.0,32768.0,6400000.0
64.0,64.0,2.0,9.0,353.0,256.0,10526.0,32768.0,0.4570374232418245,0.46955561269394186,0.000976562,0.25,6400000.0
8.0,64.0,2.0,2.0,22.0,16.0,664.0,1536.0,0.184803559555608,0.19082719424152972,0.0,32.0,6400000.0
64.0,64.0,2.0,9.0,356.0,256.0,10664.0,32768.0,0.45995986825163127,0.46833874120226227,0.125,0.25,6400000.0
1.0,64.0,2.0,1.0,1.0,1.0,39.0,32.0,-0.0030632107251067353,-0.0017650185808415486,0.125,256.0,6400000.0
1.0,64.0,2.0,1.0,1.0,1.0,39.0,32.0,-0.0030632107251067353,-0.0017650185808415486,0.000976562,256.0,6400000.0
50.0,64.0,2.0,9.0,251.0,188.0,7690.0,23680.0,0.4286639454025012,0.43882039042213217,0.00195312,2.0,6400000.0
1.0,1.0,4.0,1.0,1.0,1.0,63.0,32.0,-0.0030632107251067353,-0.0017650185808415486,2.0,512.0,6400000.0
1.0,64.0,1.0,1.0,1.0,1.0,35.0,32.0,-0.0030632107251067353,-0.0017650185808415486,256.0,0.00390625,6400000.0
1.0,1.0,1.0,1.0,1.0,1.0,35.0,32.0,-0.0030632107251067353,-0.0017650185808415486,0.03125,512.0,6400000.0
64.0,64.0,2.0,9.0,369.0,256.0,11021.0,32768.0,0.4571163560348678,0.47101812298255363,0.25,0.00195312,6400000.0
64.0,64.0,2.0,9.0,370.0,256.0,10882.0,32768.0,0.45880443910623214,0.47172672741053057,0.00195312,0.00195312,6400000.0
1.0,64.0,2.0,1.0,1.0,1.0,39.0,32.0,-0.0030632107251067353,-0.0017650185808415486,0.00390625,16384.0,6400000.0
1.0,64.0,1.0,1.0,1.0,1.0,35.0,32.0,-0.0030632107251067353,-0.0017650185808415486,256.0,4.0,6400000.0
11.0,64.0,2.0,3.0,35.0,25.0,1015.0,2592.0,0.23714634169335125,0.2431198474760431,0.00390625,16.0,6400000.0
1.0,64.0,1.0,1.0,1.0,1.0,35.0,32.0,-0.0030632107251067353,-0.0017650185808415486,128.0,0.5,6400000.0
1.0,64.0,1.0,1.0,1.0,1.0,35.0,32.0,-0.0030632107251067353,-0.0017650185808415486,512.0,0.03125,6400000.0
1.0,64.0,1.0,1.0,1.0,1.0,35.0,32.0,-0.0030632107251067353,-0.0017650185808415486,128.0,512.0,6400000.0
1.0,64.0,2.0,1.0,1.0,1.0,39.0,32.0,-0.0030632107251067353,-0.0017650185808415486,0.00195312,2048.0,6400000.0
1.0,64.0,1.0,1.0,1.0,1.0,35.0,32.0,-0.0030632107251067353,-0.0017650185808415486,256.0,4096.0,6400000.0
64.0,64.0,2.0,9.0,331.0,247.0,10110.0,31328.0,0.44097210705600776,0.450882352160326,0.015625,1.0,6400000.0
1.0,64.0,2.0,1.0,1.0,1.0,39.0,32.0,-0.0030632107251067353,-0.0017650185808415486,0.0078125,128.0,6400000.0
1.0,1.0,4.0,1.0,1.0,1.0,63.0,32.0,-0.0030632107251067353,-0.0017650185808415486,4.0,2048.0,6400000.0
64.0,64.0,2.0,9.0,370.0,256.0,10976.0,32768.0,0.4556436485337937,0.46934082582120384,0.00390625,0.015625,6400000.0
1.0,64.0,2.0,1.0,1.0,1.0,39.0,32.0,-0.0030632107251067353,-0.0017650185808415486,0.015625,1024.0,6400000.0
64.0,64.0,2.0,9.0,360.0,256.0,10825.0,32768.0,0.4588064996689636,0.47228026087848507,0.0078125,0.125,6400000.0
64.0,64.0,2.0,9.0,370.0,256.0,10882.0,32768.0,0.45880443910623214,0.47172672741053057,0.015625,0.000976562,6400000.0
59.0,64.0,1.0,2.0,142.0,118.0,4556.0,11328.0,0.25881035508149797,0.27079152769404335,64.0,0.125,6400000.0
64.0,64.0,2.0,9.0,371.0,256.0,10969.0,32768.0,0.45710329432901753,0.4710949759729215,0.03125,0.0078125,6400000.0
1.0,64.0,1.0,1.0,1.0,1.0,35.0,32.0,-0.0030632107251067353,-0.0017650185808415486,32.0,16384.0,6400000.0
1.0,64.0,1.0,1.0,1.0,1.0,35.0,32.0,-0.0030632107251067353,-0.0017650185808415486,2048.0,0.00195312,6400000.0
1.0,64.0,1.0,1.0,1.0,1.0,35.0,32.0,-0.0030632107251067353,-0.0017650185808415486,512.0,32.0,6400000.0
1.0,64.0,1.0,1.0,1.0,1.0,35.0,32.0,-0.0030632107251067353,-0.0017650185808415486,1024.0,0.25,6400000.0
1.0,64.0,1.0,1.0,1.0,1.0,35.0,32.0,-0.0030632107251067353,-0.0017650185808415486,512.0,32768.0,6400000.0
1.0,64.0,1.0,1.0,1.0,1.0,35.0,32.0,-0.0030632107251067353,-0.0017650185808415486,1024.0,256.0,6400000.0
14.0,64.0,2.0,3.0,58.0,41.0,1695.0,4768.0,0.2755258013558761,0.2825067573238387,0.03125,8.0,6400000.0
1.0,64.0,1.0,1.0,1.0,1.0,35.0,32.0,-0.0030632107251067353,-0.0017650185808415486,4096.0,16.0,6400000.0
1.0,1.0,4.0,3.0,31.0,16.0,930.0,2432.0,0.06203865191840974,0.0646156432543108,8.0,0.015625,6400000.0
1.0,1.0,4.0,3.0,31.0,16.0,930.0,2432.0,0.06203865191840974,0.0646156432543108,4.0,0.00390625,6400000.0
1.0,64.0,1.0,1.0,1.0,1.0,35.0,32.0,-0.0030632107251067353,-0.0017650185808415486,2048.0,2.0,6400000.0
1.0,64.0,1.0,1.0,1.0,1.0,35.0,32.0,-0.0030632107251067353,-0.0017650185808415486,4096.0,0.015625,6400000.0
1.0,64.0,2.0,1.0,1.0,1.0,39.0,32.0,-0.0030632107251067353,-0.0017650185808415486,0.03125,8192.0,6400000.0
64.0,64.0,2.0,9.0,364.0,256.0,10861.0,32768.0,0.4545707022904645,0.46815627296804063,0.0625,0.0625,6400000.0
1.0,64.0,1.0,1.0,1.0,1.0,35.0,32.0,-0.0030632107251067353,-0.0017650185808415486,4096.0,16384.0,6400000.0
1.0,64.0,1.0,1.0,1.0,1.0,35.0,32.0,-0.0030632107251067353,-0.0017650185808415486,16384.0,0.000976562,6400000.0
3.0,64.0,2.0,2.0,9.0,6.0,287.0,576.0,0.10115259004895938,0.10346957106453547,0.0625,64.0,6400000.0
1.0,64.0,1.0,1.0,1.0,1.0,35.0,32.0,-0.0030632107251067353,-0.0017650185808415486,2048.0,2048.0,6400000.0
1.0,64.0,1.0,1.0,1.0,1.0,35.0,32.0,-0.0030632107251067353,-0.0017650185808415486,8192.0,0.125,6400000.0
1.0,64.0,1.0,1.0,1.0,1.0,35.0,32.0,-0.0030632107251067353,-0.0017650185808415486,8192.0,128.0,6400000.0
1.0,64.0,1.0,1.0,1.0,1.0,35.0,32.0,-0.0030632107251067353,-0.0017650185808415486,32768.0,8.0,6400000.0
1.0,64.0,1.0,1.0,1.0,1.0,35.0,32.0,-0.0030632107251067353,-0.0017650185808415486,32768.0,8192.0,6400000.0
64.0,64.0,2.0,9.0,369.0,256.0,11021.0,32768.0,0.4571174195607284,0.4710168614676866,0.125,0.0,6400000.0
1.0,64.0,1.0,1.0,1.0,1.0,35.0,32.0,-0.0030632107251067353,-0.0017650185808415486,32768.0,0.0078125,6400000.0
1.0,1.0,4.0,3.0,11.0,6.0,351.0,832.0,0.055959939578521745,0.05997459583745146,4.0,4.0,6400000.0
1.0,64.0,1.0,1.0,1.0,1.0,35.0,32.0,-0.0030632107251067353,-0.0017650185808415486,16384.0,1024.0,6400000.0
1.0,64.0,1.0,1.0,1.0,1.0,35.0,32.0,-0.0030632107251067353,-0.0017650185808415486,16384.0,1.0,6400000.0
1.0,64.0,1.0,1.0,1.0,1.0,35.0,32.0,-0.0030632107251067353,-0.0017650185808415486,64.0,128.0,6400000.0
64.0,64.0,2.0,9.0,364.0,256.0,10861.0,32768.0,0.4545707022904645,0.46815627296804063,0.0,0.0625,6400000.0
64.0,64.0,2.0,9.0,342.0,254.0,10396.0,32448.0,0.45048251145309404,0.46249379479750674,0.000976562,0.5,6400000.0
1.0,64.0,1.0,1.0,1.0,1.0,35.0,32.0,-0.0030632107251067353,-0.0017650185808415486,128.0,0.000976562,6400000.0
64.0,64.0,2.0,9.0,370.0,256.0,10882.0,32768.0,0.45880443910623214,0.47172672741053057,0.000976562,0.0,6400000.0
1.0,64.0,2.0,1.0,1.0,1.0,39.0,32.0,-0.0030632107251067353,-0.0017650185808415486,0.125,512.0,6400000.0
3.0,64.0,2.0,2.0,9.0,6.0,287.0,576.0,0.10115259004895938,0.10346957106453547,0.0,64.0,6400000.0
1.0,64.0,2.0,1.0,1.0,1.0,39.0,32.0,-0.0030632107251067353,-0.0017650185808415486,0.000976562,512.0,6400000.0
64.0,64.0,2.0,9.0,344.0,254.0,10446.0,32448.0,0.4592438746623697,0.46484907732231884,0.125,0.5,6400000.0
1.0,64.0,1.0,1.0,1.0,1.0,35.0,32.0,-0.0030632107251067353,-0.0017650185808415486,256.0,0.0078125,6400000.0
36.0,64.0,2.0,9.0,160.0,119.0,4865.0,14432.0,0.3910954809696322,0.4025399453147491,0.00195312,4.0,6400000.0
1.0,1.0,1.0,1.0,1.0,1.0,35.0,32.0,-0.0030632107251067353,-0.0017650185808415486,0.03125,1024.0,6400000.0
1.0,1.0,4.0,1.0,1.0,1.0,63.0,32.0,-0.0030632107251067353,-0.0017650185808415486,2.0,1024.0,6400000.0
64.0,64.0,2.0,9.0,371.0,256.0,10969.0,32768.0,0.45710329432901753,0.4710949759729215,0.00195312,0.00390625,6400000.0
8.0,64.0,2.0,2.0,22.0,16.0,664.0,1536.0,0.184803559555608,0.19082719424152972,0.00390625,32.0,6400000.0
1.0,64.0,2.0,1.0,1.0,1.0,39.0,32.0,-0.0030632107251067353,-0.0017650185808415486,0.00390625,32768.0,6400000.0
1.0,64.0,1.0,1.0,1.0,1.0,35.0,32.0,-0.0030632107251067353,-0.0017650185808415486,256.0,8.0,6400000.0
1.0,1.0,4.0,1.0,1.0,1.0,63.0,32.0,-0.0030632107251067353,-0.0017650185808415486,4.0,4096.0,6400000.0
1.0,64.0,1.0,1.0,1.0,1.0,35.0,32.0,-0.0030632107251067353,-0.0017650185808415486,512.0,0.0625,6400000.0
1.0,64.0,1.0,1.0,1.0,1.0,35.0,32.0,-0.0030632107251067353,-0.0017650185808415486,128.0,1.0,6400000.0
1.0,64.0,1.0,1.0,1.0,1.0,35.0,32.0,-0.0030632107251067353,-0.0017650185808415486,256.0,8192.0,6400000.0
1.0,64.0,2.0,1.0,1.0,1.0,39.0,32.0,-0.0030632107251067353,-0.0017650185808415486,0.0078125,256.0,6400000.0
64.0,64.0,2.0,9.0,368.0,256.0,10988.0,32768.0,0.45717891613894057,0.47115561648089355,0.25,0.00390625,6400000.0
1.0,64.0,1.0,1.0,1.0,1.0,35.0,32.0,-0.0030632107251067353,-0.0017650185808415486,128.0,1024.0,6400000.0
1.0,64.0,2.0,1.0,1.0,1.0,39.0,32.0,-0.0030632107251067353,-0.0017650185808415486,0.00195312,4096.0,6400000.0
1.0,64.0,2.0,1.0,1.0,1.0,39.0,32.0,-0.0030632107251067353,-0.0017650185808415486,0.015625,2048.0,6400000.0
64.0,64.0,2.0,9.0,353.0,256.0,10526.0,32768.0,0.4570374232418245,0.46955561269394186,0.0078125,0.25,6400000.0
50.0,64.0,2.0,9.0,251.0,188.0,7690.0,23680.0,0.4286639454025012,0.43882039042213217,0.015625,2.0,6400000.0
64.0,64.0,2.0,9.0,370.0,256.0,10882.0,32768.0,0.45880443910623214,0.47172672741053057,0.015625,0.00195312,6400000.0
64.0,64.0,2.0,9.0,366.0,256.0,10939.0,32768.0,0.4605952152610733,0.47413197437300647,0.00390625,0.03125,6400000.0
1.0,64.0,1.0,1.0,1.0,1.0,35.0,32.0,-0.0030632107251067353,-0.0017650185808415486,32.0,32768.0,6400000.0
49.0,64.0,1.0,2.0,120.0,98.0,3802.0,9408.0,0.25814803654378304,0.27018509884981423,64.0,0.25,6400000.0
64.0,64.0,2.0,9.0,370.0,256.0,10976.0,32768.0,0.4556436485337937,0.46934082582120384,0.03125,0.015625,6400000.0
1.0,64.0,1.0,1.0,1.0,1.0,35.0,32.0,-0.0030632107251067353,-0.0017650185808415486,2048.0,0.00390625,6400000.0
1.0,64.0,1.0,1.0,1.0,1.0,35.0,32.0,-0.0030632107251067353,-0.0017650185808415486,512.0,64.0,6400000.0
1.0,64.0,1.0,1.0,1.0,1.0,35.0,32.0,-0.0030632107251067353,-0.0017650185808415486,1024.0,0.0,6400000.0
1.0,64.0,1.0,1.0,1.0,1.0,35.0,32.0,-0.0030632107251067353,-0.0017650185808415486,1024.0,0.5,6400000.0
1.0,64.0,1.0,1.0,1.0,1.0,35.0,32.0,-0.0030632107251067353,-0.0017650185808415486,1024.0,512.0,6400000.0
1.0,64.0,1.0,1.0,1.0,1.0,35.0,32.0,-0.0030632107251067353,-0.0017650185808415486,2048.0,4.0,6400000.0
1.0,1.0,4.0,3.0,31.0,16.0,930.0,2432.0,0.06203865191840974,0.0646156432543108,4.0,0.0078125,6400000.0
1.0,64.0,1.0,1.0,1.0,1.0,35.0,32.0,-0.0030632107251067353,-0.0017650185808415486,4096.0,32.0,6400000.0
11.0,64.0,2.0,3.0,35.0,25.0,1015.0,2592.0,0.23714634169335125,0.2431198474760431,0.03125,16.0,6400000.0
1.0,1.0,4.0,3.0,31.0,16.0,930.0,2432.0,0.06203865191840974,0.0646156432543108,8.0,0.03125,6400000.0
1.0,64.0,1.0,1.0,1.0,1.0,35.0,32.0,-0.0030632107251067353,-0.0017650185808415486,16384.0,0.00195312,6400000.0
1.0,64.0,1.0,1.0,1.0,1.0,35.0,32.0,-0.0030632107251067353,-0.0017650185808415486,4096.0,32768.0,6400000.0
1.0,64.0,2.0,1.0,1.0,1.0,39.0,32.0,-0.0030632107251067353,-0.0017650185808415486,0.03125,16384.0,6400000.0
1.0,64.0,1.0,1.0,1.0,1.0,35.0,32.0,-0.0030632107251067353,-0.0017650185808415486,4096.0,0.03125,6400000.0
64.0,64.0,2.0,9.0,360.0,256.0,10825.0,32768.0,0.4588064996689636,0.47228026087848507,0.0625,0.125,6400000.0
1.0,64.0,2.0,1.0,1.0,1.0,39.0,32.0,-0.0030632107251067353,-0.0017650185808415486,0.0625,128.0,6400000.0
1.0,64.0,1.0,1.0,1.0,1.0,35.0,32.0,-0.0030632107251067353,-0.0017650185808415486,2048.0,4096.0,6400000.0
1.0,64.0,1.0,1.0,1.0,1.0,35.0,32.0,-0.0030632107251067353,-0.0017650185808415486,8192.0,256.0,6400000.0
1.0,64.0,1.0,1.0,1.0,1.0,35.0,32.0,-0.0030632107251067353,-0.0017650185808415486,32768.0,16.0,6400000.0
1.0,64.0,1.0,1.0,1.0,1.0,35.0,32.0,-0.0030632107251067353,-0.0017650185808415486,8192.0,0.25,6400000.0
1.0,64.0,1.0,1.0,1.0,1.0,35.0,32.0,-0.0030632107251067353,-0.0017650185808415486,32768.0,16384.0,6400000.0
1.0,64.0,1.0,1.0,1.0,1.0,35.0,32.0,-0.0030632107251067353,-0.0017650185808415486,32768.0,0.015625,6400000.0
1.0,64.0,1.0,1.0,1.0,1.0,35.0,32.0,-0.0030632107251067353,-0.0017650185808415486,16384.0,2048.0,6400000.0
64.0,64.0,2.0,9.0,369.0,256.0,11021.0,32768.0,0.4571174195607284,0.4710168614676866,0.125,0.000976562,6400000.0
64.0,64.0,2.0,9.0,360.0,256.0,10825.0,32768.0,0.4588064996689636,0.47228026087848507,0.0,0.125,6400000.0
1.0,64.0,1.0,1.0,1.0,1.0,35.0,32.0,-0.0030632107251067353,-0.0017650185808415486,64.0,256.0,6400000.0
1.0,64.0,1.0,1.0,1.0,1.0,35.0,32.0,-0.0030632107251067353,-0.0017650185808415486,16384.0,2.0,6400000.0
1.0,1.0,4.0,3.0,5.0,3.0,194.0,352.0,0.048146068319603885,0.051476191507202285,4.0,8.0,6400000.0
64.0,64.0,2.0,9.0,331.0,247.0,10110.0,31328.0,0.44097210705600776,0.450882352160326,0.000976562,1.0,6400000.0
1.0,64.0,1.0,1.0,1.0,1.0,35.0,32.0,-0.0030632107251067353,-0.0017650185808415486,128.0,0.00195312,6400000.0
64.0,64.0,2.0,9.0,370.0,256.0,10882.0,32768.0,0.45880443910623214,0.47172672741053057,0.000976562,0.000976562,6400000.0
1.0,64.0,2.0,1.0,1.0,1.0,39.0,32.0,-0.0030632107251067353,-0.0017650185808415486,0.125,1024.0,6400000.0
1.0,64.0,2.0,1.0,1.0,1.0,39.0,32.0,-0.0030632107251067353,-0.0017650185808415486,0.0,128.0,6400000.0
1.0,64.0,2.0,1.0,1.0,1.0,39.0,32.0,-0.0030632107251067353,-0.0017650185808415486,0.000976562,1024.0,6400000.0
64.0,64.0,2.0,9.0,331.0,247.0,10110.0,31328.0,0.44097210705600776,0.450882352160326,0.125,1.0,6400000.0
1.0,64.0,1.0,1.0,1.0,1.0,35.0,32.0,-0.0030632107251067353,-0.0017650185808415486,256.0,0.015625,6400000.0
14.0,64.0,2.0,3.0,58.0,41.0,1695.0,4768.0,0.2755258013558761,0.2825067573238387,0.00195312,8.0,6400000.0
64.0,64.0,2.0,9.0,371.0,256.0,10969.0,32768.0,0.45710329432901753,0.4710949759729215,0.00195312,0.0078125,6400000.0
1.0,1.0,4.0,1.0,1.0,1.0,63.0,32.0,-0.0030632107251067353,-0.0017650185808415486,4.0,8192.0,6400000.0
1.0,1.0,4.0,1.0,1.0,1.0,63.0,32.0,-0.0030632107251067353,-0.0017650185808415486,2.0,2048.0,6400000.0
64.0,64.0,2.0,9.0,370.0,256.0,10882.0,32768.0,0.45880443910623214,0.47172672741053057,0.0078125,0.0,6400000.0
1.0,64.0,1.0,1.0,1.0,1.0,35.0,32.0,-0.0030632107251067353,-0.0017650185808415486,256.0,16.0,6400000.0
1.0,1.0,1.0,1.0,1.0,1.0,35.0,32.0,-0.0030632107251067353,-0.0017650185808415486,0.03125,2048.0,6400000.0
3.0,64.0,2.0,2.0,9.0,6.0,287.0,576.0,0.10115259004895938,0.10346957106453547,0.00390625,64.0,6400000.0
1.0,64.0,1.0,1.0,1.0,1.0,35.0,32.0,-0.0030632107251067353,-0.0017650185808415486,128.0,2.0,6400000.0
1.0,64.0,1.0,1.0,1.0,1.0,35.0,32.0,-0.0030632107251067353,-0.0017650185808415486,256.0,16384.0,6400000.0
1.0,64.0,1.0,1.0,1.0,1.0,35.0,32.0,-0.0030632107251067353,-0.0017650185808415486,512.0,0.125,6400000.0
64.0,64.0,2.0,9.0,364.0,256.0,10861.0,32768.0,0.4545707022904645,0.46815627296804063,0.00390625,0.0625,6400000.0
1.0,64.0,2.0,1.0,1.0,1.0,39.0,32.0,-0.0030632107251067353,-0.0017650185808415486,0.0078125,512.0,6400000.0
64.0,64.0,2.0,9.0,342.0,254.0,10396.0,32448.0,0.45048251145309404,0.46249379479750674,0.0078125,0.5,6400000.0
64.0,64.0,2.0,9.0,371.0,256.0,10969.0,32768.0,0.45710329432901753,0.4710949759729215,0.015625,0.00390625,6400000.0
1.0,64.0,1.0,1.0,1.0,1.0,35.0,32.0,-0.0030632107251067353,-0.0017650185808415486,128.0,2048.0,6400000.0
64.0,64.0,2.0,9.0,368.0,256.0,10988.0,32768.0,0.45717891613894057,0.47115561648089355,0.25,0.0078125,6400000.0
36.0,64.0,2.0,9.0,160.0,119.0,4865.0,14432.0,0.3910954809696322,0.4025399453147491,0.015625,4.0,6400000.0
45.0,64.0,1.0,2.0,111.0,90.0,3494.0,8640.0,0.2576096405165842,0.269624389420246,64.0,0.5,6400000.0
1.0,64.0,2.0,1.0,1.0,1.0,39.0,32.0,-0.0030632107251067353,-0.0017650185808415486,0.015625,4096.0,6400000.0
64.0,64.0,1.0,2.0,153.0,128.0,4902.0,12288.0,0.259054491217652,0.27076510582849467,64.0,0.0,6400000.0
1.0,64.0,2.0,1.0,1.0,1.0,39.0,32.0,-0.0030632107251067353,-0.0017650185808415486,0.00195312,8192.0,6400000.0
64.0,64.0,2.0,9.0,366.0,256.0,10939.0,32768.0,0.4605952152610733,0.47413197437300647,0.03125,0.03125,6400000.0
1.0,64.0,1.0,1.0,1.0,1.0,35.0,32.0,-0.0030632107251067353,-0.0017650185808415486,512.0,128.0,6400000.0
1.0,64.0,1.0,1.0,1.0,1.0,35.0,32.0,-0.0030632107251067353,-0.0017650185808415486,2048.0,0.0078125,6400000.0
1.0,64.0,1.0,1.0,1.0,1.0,35.0,32.0,-0.0030632107251067353,-0.0017650185808415486,1024.0,0.000976562,6400000.0
1.0,64.0,1.0,1.0,1.0,1.0,35.0,32.0,-0.0030632107251067353,-0.0017650185808415486,1024.0,1.0,6400000.0
1.0,64.0,1.0,1.0,1.0,1.0,35.0,32.0,-0.0030632107251067353,-0.0017650185808415486,1024.0,1024.0,6400000.0
1.0,64.0,1.0,1.0,1.0,1.0,35.0,32.0,-0.0030632107251067353,-0.0017650185808415486,2048.0,8.0,6400000.0
1.0,1.0,4.0,3.0,29.0,15.0,852.0,2272.0,0.06201177543183789,0.06463243556499632,8.0,0.0625,6400000.0
1.0,64.0,1.0,1.0,1.0,1.0,35.0,32.0,-0.0030632107251067353,-0.0017650185808415486,4096.0,64.0,6400000.0
1.0,64.0,1.0,1.0,1.0,1.0,35.0,32.0,-0.0030632107251067353,-0.0017650185808415486,16384.0,0.00390625,6400000.0
1.0,64.0,2.0,1.0,1.0,1.0,39.0,32.0,-0.0030632107251067353,-0.0017650185808415486,0.0625,256.0,6400000.0
8.0,64.0,2.0,2.0,22.0,16.0,664.0,1536.0,0.184803559555608,0.19082719424152972,0.03125,32.0,6400000.0
64.0,64.0,2.0,9.0,356.0,256.0,10664.0,32768.0,0.45995986825163127,0.46833874120226227,0.0625,0.25,6400000.0
1.0,1.0,4.0,3.0,31.0,16.0,930.0,2432.0,0.06203865191840974,0.0646156432543108,4.0,0.015625,6400000.0
1.0,64.0,2.0,1.0,1.0,1.0,39.0,32.0,-0.0030632107251067353,-0.0017650185808415486,0.03125,32768.0,6400000.0
1.0,64.0,1.0,1.0,1.0,1.0,35.0,32.0,-0.0030632107251067353,-0.0017650185808415486,4096.0,0.0625,6400000.0
1.0,64.0,1.0,1.0,1.0,1.0,35.0,32.0,-0.0030632107251067353,-0.0017650185808415486,32768.0,32.0,6400000.0
1.0,64.0,1.0,1.0,1.0,1.0,35.0,32.0,-0.0030632107251067353,-0.0017650185808415486,8192.0,0.0,6400000.0
1.0,64.0,1.0,1.0,1.0,1.0,35.0,32.0,-0.0030632107251067353,-0.0017650185808415486,2048.0,8192.0,6400000.0
64.0,64.0,2.0,9.0,369.0,256.0,11021.0,32768.0,0.4571174195607284,0.4710168614676866,0.125,0.00195312,6400000.0
1.0,64.0,1.0,1.0,1.0,1.0,35.0,32.0,-0.0030632107251067353,-0.0017650185808415486,16384.0,4096.0,6400000.0
1.0,64.0,1.0,1.0,1.0,1.0,35.0,32.0,-0.0030632107251067353,-0.0017650185808415486,8192.0,0.5,6400000.0
1.0,64.0,1.0,1.0,1.0,1.0,35.0,32.0,-0.0030632107251067353,-0.0017650185808415486,64.0,512.0,6400000.0
1.0,64.0,1.0,1.0,1.0,1.0,35.0,32.0,-0.0030632107251067353,-0.0017650185808415486,8192.0,512.0,6400000.0
1.0,64.0,1.0,1.0,1.0,1.0,35.0,32.0,-0.0030632107251067353,-0.0017650185808415486,32768.0,0.03125,6400000.0
1.0,64.0,1.0,1.0,1.0,1.0,35.0,32.0,-0.0030632107251067353,-0.0017650185808415486,32768.0,32768.0,6400000.0
1.0,64.0,1.0,1.0,1.0,1.0,35.0,32.0,-0.0030632107251067353,-0.0017650185808415486,16384.0,4.0,6400000.0
64.0,64.0,2.0,9.0,353.0,256.0,10526.0,32768.0,0.4570374232418245,0.46955561269394186,0.0,0.25,6400000.0
1.0,1.0,4.0,3.0,5.0,3.0,194.0,352.0,0.048146068319603885,0.051476191507202285,4.0,16.0,6400000.0
1.0,64.0,2.0,1.0,1.0,1.0,39.0,32.0,-0.0030632107251067353,-0.0017650185808415486,0.125,2048.0,6400000.0
64.0,64.0,2.0,9.0,370.0,256.0,10882.0,32768.0,0.45880443910623214,0.47172672741053057,0.000976562,0.00195312,6400000.0
1.0,64.0,2.0,1.0,1.0,1.0,39.0,32.0,-0.0030632107251067353,-0.0017650185808415486,0.0,256.0,6400000.0
50.0,64.0,2.0,9.0,251.0,188.0,7690.0,23680.0,0.4286639454025012,0.43882039042213217,0.000976562,2.0,6400000.0
1.0,64.0,1.0,1.0,1.0,1.0,35.0,32.0,-0.0030632107251067353,-0.0017650185808415486,128.0,0.00390625,6400000.0
1.0,64.0,1.0,1.0,1.0,1.0,35.0,32.0,-0.0030632107251067353,-0.0017650185808415486,256.0,0.03125,6400000.0
1.0,64.0,2.0,1.0,1.0,1.0,39.0,32.0,-0.0030632107251067353,-0.0017650185808415486,0.000976562,2048.0,6400000.0
11.0,64.0,2.0,3.0,35.0,25.0,1015.0,2592.0,0.23714634169335125,0.2431198474760431,0.00195312,16.0,6400000.0
50.0,64.0,2.0,9.0,251.0,188.0,7690.0,23680.0,0.4286639454025012,0.43882039042213217,0.125,2.0,6400000.0
64.0,64.0,2.0,9.0,370.0,256.0,10976.0,32768.0,0.4556436485337937,0.46934082582120384,0.00195312,0.015625,6400000.0
1.0,1.0,4.0,1.0,1.0,1.0,63.0,32.0,-0.0030632107251067353,-0.0017650185808415486,4.0,16384.0,6400000.0
1.0,1.0,4.0,1.0,1.0,1.0,63.0,32.0,-0.0030632107251067353,-0.0017650185808415486,2.0,4096.0,6400000.0
1.0,1.0,1.0,1.0,1.0,1.0,35.0,32.0,-0.0030632107251067353,-0.0017650185808415486,0.03125,4096.0,6400000.0
1.0,64.0,1.0,1.0,1.0,1.0,35.0,32.0,-0.0030632107251067353,-0.0017650185808415486,128.0,4.0,6400000.0
64.0,64.0,2.0,9.0,370.0,256.0,10882.0,32768.0,0.45880443910623214,0.47172672741053057,0.0078125,0.000976562,6400000.0
1.0,64.0,1.0,1.0,1.0,1.0,35.0,32.0,-0.0030632107251067353,-0.0017650185808415486,256.0,32.0,6400000.0
1.0,64.0,1.0,1.0,1.0,1.0,35.0,32.0,-0.0030632107251067353,-0.0017650185808415486,128.0,4096.0,6400000.0
1.0,64.0,2.0,1.0,1.0,1.0,39.0,32.0,-0.0030632107251067353,-0.0017650185808415486,0.0078125,1024.0,6400000.0
1.0,64.0,1.0,1.0,1.0,1.0,35.0,32.0,-0.0030632107251067353,-0.0017650185808415486,512.0,0.25,6400000.0
64.0,64.0,2.0,9.0,360.0,256.0,10825.0,32768.0,0.4588064996689636,0.47228026087848507,0.00390625,0.125,6400000.0
32.0,64.0,1.0,2.0,82.0,64.0,2561.0,6144.0,0.25375401307087353,0.2660820235119521,64.0,1.0,6400000.0
1.0,64.0,2.0,1.0,1.0,1.0,39.0,32.0,-0.0030632107251067353,-0.0017650185808415486,0.00390625,128.0,6400000.0
14.0,64.0,2.0,3.0,58.0,41.0,1695.0,4768.0,0.2755258013558761,0.2825067573238387,0.015625,8.0,6400000.0
1.0,64.0,1.0,1.0,1.0,1.0,35.0,32.0,-0.0030632107251067353,-0.0017650185808415486,256.0,32768.0,6400000.0
64.0,64.0,2.0,9.0,366.0,256.0,10925.0,32768.0,0.45796471417959117,0.4712478156189577,0.25,0.015625,6400000.0
64.0,64.0,2.0,9.0,331.0,247.0,10110.0,31328.0,0.44097210705600776,0.450882352160326,0.0078125,1.0,6400000.0
1.0,64.0,2.0,1.0,1.0,1.0,39.0,32.0,-0.0030632107251067353,-0.0017650185808415486,0.00195312,16384.0,6400000.0
64.0,64.0,2.0,9.0,364.0,256.0,10861.0,32768.0,0.4545707022904645,0.46815627296804063,0.03125,0.0625,6400000.0
64.0,64.0,2.0,9.0,371.0,256.0,10969.0,32768.0,0.45710329432901753,0.4710949759729215,0.015625,0.0078125,6400000.0
64.0,64.0,1.0,2.0,153.0,128.0,4902.0,12288.0,0.259054491217652,0.27076510582849467,64.0,0.000976562,6400000.0
1.0,64.0,2.0,1.0,1.0,1.0,39.0,32.0,-0.0030632107251067353,-0.0017650185808415486,0.015625,8192.0,6400000.0
1.0,64.0,1.0,1.0,1.0,1.0,35.0,32.0,-0.0030632107251067353,-0.0017650185808415486,512.0,256.0,6400000.0
1.0,64.0,1.0,1.0,1.0,1.0,35.0,32.0,-0.0030632107251067353,-0.0017650185808415486,2048.0,0.015625,6400000.0
1.0,64.0,1.0,1.0,1.0,1.0,35.0,32.0,-0.0030632107251067353,-0.0017650185808415486,1024.0,0.00195312,6400000.0
1.0,64.0,1.0,1.0,1.0,1.0,35.0,32.0,-0.0030632107251067353,-0.0017650185808415486,1024.0,2048.0,6400000.0
1.0,64.0,1.0,1.0,1.0,1.0,35.0,32.0,-0.0030632107251067353,-0.0017650185808415486,1024.0,2.0,6400000.0
1.0,64.0,1.0,1.0,1.0,1.0,35.0,32.0,-0.0030632107251067353,-0.0017650185808415486,2048.0,16.0,6400000.0
1.0,1.0,4.0,3.0,29.0,15.0,852.0,2272.0,0.06201177543183789,0.06463243556499632,8.0,0.125,6400000.0
1.0,64.0,1.0,1.0,1.0,1.0,35.0,32.0,-0.0030632107251067353,-0.0017650185808415486,4096.0,128.0,6400000.0
1.0,64.0,1.0,1.0,1.0,1.0,35.0,32.0,-0.0030632107251067353,-0.0017650185808415486,16384.0,0.0078125,6400000.0
1.0,64.0,2.0,1.0,1.0,1.0,39.0,32.0,-0.0030632107251067353,-0.0017650185808415486,0.0625,512.0,6400000.0
3.0,64.0,2.0,2.0,9.0,6.0,287.0,576.0,0.10115259004895938,0.10346957106453547,0.03125,64.0,6400000.0
64.0,64.0,2.0,9.0,370.0,256.0,10882.0,32768.0,0.45880443910623214,0.47172672741053057,0.0625,0.0,6400000.0
1.0,1.0,4.0,3.0,31.0,16.0,930.0,2432.0,0.06203865191840974,0.0646156432543108,4.0,0.03125,6400000.0
1.0,64.0,1.0,1.0,1.0,1.0,35.0,32.0,-0.0030632107251067353,-0.0017650185808415486,32768.0,64.0,6400000.0
64.0,64.0,2.0,9.0,342.0,254.0,10396.0,32448.0,0.45048251145309404,0.46249379479750674,0.0625,0.5,6400000.0
1.0,64.0,1.0,1.0,1.0,1.0,35.0,32.0,-0.0030632107251067353,-0.0017650185808415486,4096.0,0.125,6400000.0
1.0,64.0,1.0,1.0,1.0,1.0,35.0,32.0,-0.0030632107251067353,-0.0017650185808415486,2048.0,16384.0,6400000.0
64.0,64.0,2.0,9.0,368.0,256.0,10988.0,32768.0,0.45717996866253763,0.47115436142480416,0.125,0.00390625,6400000.0
1.0,64.0,1.0,1.0,1.0,1.0,35.0,32.0,-0.0030632107251067353,-0.0017650185808415486,8192.0,0.000976562,6400000.0
1.0,64.0,1.0,1.0,1.0,1.0,35.0,32.0,-0.0030632107251067353,-0.0017650185808415486,8192.0,1.0,6400000.0
1.0,64.0,1.0,1.0,1.0,1.0,35.0,32.0,-0.0030632107251067353,-0.0017650185808415486,16384.0,8192.0,6400000.0
1.0,64.0,1.0,1.0,1.0,1.0,35.0,32.0,-0.0030632107251067353,-0.0017650185808415486,8192.0,1024.0,6400000.0
1.0,64.0,1.0,1.0,1.0,1.0,35.0,32.0,-0.0030632107251067353,-0.0017650185808415486,64.0,1024.0,6400000.0
1.0,64.0,1.0,1.0,1.0,1.0,35.0,32.0,-0.0030632107251067353,-0.0017650185808415486,16384.0,8.0,6400000.0
1.0,64.0,1.0,1.0,1.0,1.0,35.0,32.0,-0.0030632107251067353,-0.0017650185808415486,32768.0,0.0625,6400000.0
64.0,64.0,2.0,9.0,342.0,254.0,10396.0,32448.0,0.45048251145309404,0.46249379479750674,0.0,0.5,6400000.0
64.0,64.0,2.0,9.0,370.0,256.0,10882.0,32768.0,0.45880443910623214,0.47172672741053057,0.0,0.0,6400000.0
1.0,1.0,4.0,2.0,3.0,2.0,136.0,192.0,0.03911015413878083,0.040912063041146696,4.0,32.0,6400000.0
1.0,64.0,2.0,1.0,1.0,1.0,39.0,32.0,-0.0030632107251067353,-0.0017650185808415486,0.125,4096.0,6400000.0
36.0,64.0,2.0,9.0,160.0,119.0,4865.0,14432.0,0.3910954809696322,0.4025399453147491,0.000976562,4.0,6400000.0
64.0,64.0,2.0,9.0,371.0,256.0,10969.0,32768.0,0.45710329432901753,0.4710949759729215,0.000976562,0.00390625,6400000.0
1.0,64.0,1.0,1.0,1.0,1.0,35.0,32.0,-0.0030632107251067353,-0.0017650185808415486,256.0,0.0625,6400000.0
1.0,64.0,1.0,1.0,1.0,1.0,35.0,32.0,-0.0030632107251067353,-0.0017650185808415486,128.0,0.0078125,6400000.0
1.0,64.0,2.0,1.0,1.0,1.0,39.0,32.0,-0.0030632107251067353,-0.0017650185808415486,0.0,512.0,6400000.0
1.0,64.0,2.0,1.0,1.0,1.0,39.0,32.0,-0.0030632107251067353,-0.0017650185808415486,0.000976562,4096.0,6400000.0
8.0,64.0,2.0,2.0,22.0,16.0,664.0,1536.0,0.184803559555608,0.19082719424152972,0.00195312,32.0,6400000.0
36.0,64.0,2.0,9.0,160.0,119.0,4865.0,14432.0,0.3910954809696322,0.4025399453147491,0.125,4.0,6400000.0
64.0,64.0,2.0,9.0,366.0,256.0,10939.0,32768.0,0.4605952152610733,0.47413197437300647,0.00195312,0.03125,6400000.0
1.0,1.0,4.0,1.0,1.0,1.0,63.0,32.0,-0.0030632107251067353,-0.0017650185808415486,2.0,8192.0,6400000.0
64.0,64.0,2.0,9.0,370.0,256.0,10882.0,32768.0,0.45880443910623214,0.47172672741053057,0.0078125,0.00195312,6400000.0
1.0,64.0,1.0,1.0,1.0,1.0,35.0,32.0,-0.0030632107251067353,-0.0017650185808415486,128.0,8.0,6400000.0
1.0,1.0,1.0,1.0,1.0,1.0,35.0,32.0,-0.0030632107251067353,-0.0017650185808415486,0.03125,8192.0,6400000.0
1.0,1.0,4.0,1.0,1.0,1.0,63.0,32.0,-0.0030632107251067353,-0.0017650185808415486,4.0,32768.0,6400000.0
1.0,64.0,1.0,1.0,1.0,1.0,35.0,32.0,-0.0030632107251067353,-0.0017650185808415486,512.0,0.5,6400000.0
1.0,64.0,1.0,1.0,1.0,1.0,35.0,32.0,-0.0030632107251067353,-0.0017650185808415486,256.0,64.0,6400000.0
64.0,64.0,2.0,9.0,353.0,256.0,10526.0,32768.0,0.4570374232418245,0.46955561269394186,0.00390625,0.25,6400000.0
1.0,64.0,1.0,1.0,1.0,1.0,35.0,32.0,-0.0030632107251067353,-0.0017650185808415486,128.0,8192.0,6400000.0
1.0,64.0,2.0,1.0,1.0,1.0,39.0,32.0,-0.0030632107251067353,-0.0017650185808415486,0.0078125,2048.0,6400000.0
1.0,64.0,2.0,1.0,1.0,1.0,39.0,32.0,-0.0030632107251067353,-0.0017650185808415486,0.00195312,32768.0,6400000.0
11.0,64.0,2.0,3.0,35.0,25.0,1015.0,2592.0,0.23714634169335125,0.2431198474760431,0.015625,16.0,6400000.0
26.0,64.0,1.0,2.0,68.0,52.0,2088.0,4992.0,0.25099273326546023,0.26215306003732575,64.0,2.0,6400000.0
1.0,64.0,1.0,1.0,1.0,1.0,35.0,32.0,-0.0030632107251067353,-0.0017650185808415486,512.0,0.0,6400000.0
64.0,64.0,2.0,9.0,367.0,256.0,10832.0,32768.0,0.4550038335769936,0.46875491820177706,0.25,0.03125,6400000.0
1.0,64.0,2.0,1.0,1.0,1.0,39.0,32.0,-0.0030632107251067353,-0.0017650185808415486,0.00390625,256.0,6400000.0
1.0,64.0,2.0,1.0,1.0,1.0,39.0,32.0,-0.0030632107251067353,-0.0017650185808415486,0.015625,16384.0,6400000.0
1.0,64.0,1.0,1.0,1.0,1.0,35.0,32.0,-0.0030632107251067353,-0.0017650185808415486,2048.0,0.03125,6400000.0
64.0,64.0,2.0,9.0,360.0,256.0,10825.0,32768.0,0.4588064996689636,0.47228026087848507,0.03125,0.125,6400000.0
1.0,64.0,1.0,1.0,1.0,1.0,35.0,32.0,-0.0030632107251067353,-0.0017650185808415486,512.0,512.0,6400000.0
50.0,64.0,2.0,9.0,251.0,188.0,7690.0,23680.0,0.4286639454025012,0.43882039042213217,0.0078125,2.0,6400000.0
1.0,64.0,1.0,1.0,1.0,1.0,35.0,32.0,-0.0030632107251067353,-0.0017650185808415486,1024.0,4.0,6400000.0
64.0,64.0,2.0,9.0,370.0,256.0,10976.0,32768.0,0.4556436485337937,0.46934082582120384,0.015625,0.015625,6400000.0
64.0,64.0,1.0,2.0,153.0,128.0,4902.0,12288.0,0.259054491217652,0.27076510582849467,64.0,0.00195312,6400000.0
1.0,64.0,1.0,1.0,1.0,1.0,35.0,32.0,-0.0030632107251067353,-0.0017650185808415486,1024.0,0.00390625,6400000.0
1.0,64.0,1.0,1.0,1.0,1.0,35.0,32.0,-0.0030632107251067353,-0.0017650185808415486,1024.0,4096.0,6400000.0
1.0,1.0,4.0,3.0,29.0,15.0,852.0,2272.0,0.06201177543183789,0.06463243556499632,8.0,0.25,6400000.0
1.0,64.0,1.0,1.0,1.0,1.0,35.0,32.0,-0.0030632107251067353,-0.0017650185808415486,2048.0,32.0,6400000.0
1.0,64.0,1.0,1.0,1.0,1.0,35.0,32.0,-0.0030632107251067353,-0.0017650185808415486,4096.0,256.0,6400000.0
1.0,64.0,2.0,1.0,1.0,1.0,39.0,32.0,-0.0030632107251067353,-0.0017650185808415486,0.0625,1024.0,6400000.0
1.0,64.0,2.0,1.0,1.0,1.0,39.0,32.0,-0.0030632107251067353,-0.0017650185808415486,0.03125,128.0,6400000.0
1.0,64.0,1.0,1.0,1.0,1.0,35.0,32.0,-0.0030632107251067353,-0.0017650185808415486,16384.0,0.015625,6400000.0
1.0,1.0,4.0,3.0,29.0,15.0,852.0,2272.0,0.06201177543183789,0.06463243556499632,4.0,0.0625,6400000.0
1.0,64.0,1.0,1.0,1.0,1.0,35.0,32.0,-0.0030632107251067353,-0.0017650185808415486,16384.0,16384.0,6400000.0
1.0,64.0,1.0,1.0,1.0,1.0,35.0,32.0,-0.0030632107251067353,-0.0017650185808415486,32768.0,128.0,6400000.0
1.0,64.0,1.0,1.0,1.0,1.0,35.0,32.0,-0.0030632107251067353,-0.0017650185808415486,8192.0,2048.0,6400000.0
1.0,64.0,1.0,1.0,1.0,1.0,35.0,32.0,-0.0030632107251067353,-0.0017650185808415486,8192.0,2.0,6400000.0
1.0,64.0,1.0,1.0,1.0,1.0,35.0,32.0,-0.0030632107251067353,-0.0017650185808415486,2048.0,32768.0,6400000.0
64.0,64.0,2.0,9.0,370.0,256.0,10882.0,32768.0,0.45880443910623214,0.47172672741053057,0.0625,0.000976562,6400000.0
1.0,64.0,1.0,1.0,1.0,1.0,35.0,32.0,-0.0030632107251067353,-0.0017650185808415486,4096.0,0.25,6400000.0
1.0,64.0,1.0,1.0,1.0,1.0,35.0,32.0,-0.0030632107251067353,-0.0017650185808415486,8192.0,0.00195312,6400000.0
1.0,64.0,1.0,1.0,1.0,1.0,35.0,32.0,-0.0030632107251067353,-0.0017650185808415486,64.0,2048.0,6400000.0
64.0,64.0,2.0,9.0,368.0,256.0,10988.0,32768.0,0.45717996866253763,0.47115436142480416,0.125,0.0078125,6400000.0
64.0,64.0,2.0,9.0,331.0,247.0,10110.0,31328.0,0.44097210705600776,0.450882352160326,0.0625,1.0,6400000.0
1.0,64.0,1.0,1.0,1.0,1.0,35.0,32.0,-0.0030632107251067353,-0.0017650185808415486,16384.0,16.0,6400000.0
64.0,64.0,2.0,9.0,331.0,247.0,10110.0,31328.0,0.44097210705600776,0.450882352160326,0.0,1.0,6400000.0
64.0,64.0,2.0,9.0,370.0,256.0,10882.0,32768.0,0.45880443910623214,0.47172672741053057,0.0,0.000976562,6400000.0
1.0,64.0,1.0,1.0,1.0,1.0,35.0,32.0,-0.0030632107251067353,-0.0017650185808415486,32768.0,0.125,6400000.0
1.0,1.0,4.0,2.0,3.0,2.0,136.0,192.0,0.03911015413878083,0.040912063041146696,4.0,64.0,6400000.0
1.0,64.0,2.0,1.0,1.0,1.0,39.0,32.0,-0.0030632107251067353,-0.0017650185808415486,0.125,8192.0,6400000.0
1.0,64.0,1.0,1.0,1.0,1.0,35.0,32.0,-0.0030632107251067353,-0.0017650185808415486,256.0,0.125,6400000.0
14.0,64.0,2.0,3.0,58.0,41.0,1695.0,4768.0,0.2755258013558761,0.2825067573238387,0.000976562,8.0,6400000.0
1.0,64.0,1.0,1.0,1.0,1.0,35.0,32.0,-0.0030632107251067353,-0.0017650185808415486,128.0,0.015625,6400000.0
64.0,64.0,2.0,9.0,371.0,256.0,10969.0,32768.0,0.45710329432901753,0.4710949759729215,0.000976562,0.0078125,6400000.0
1.0,64.0,2.0,1.0,1.0,1.0,39.0,32.0,-0.0030632107251067353,-0.0017650185808415486,0.0,1024.0,6400000.0
64.0,64.0,2.0,9.0,364.0,256.0,10861.0,32768.0,0.4545707022904645,0.46815627296804063,0.00195312,0.0625,6400000.0
64.0,64.0,2.0,9.0,371.0,256.0,10969.0,32768.0,0.45710329432901753,0.4710949759729215,0.0078125,0.00390625,6400000.0
3.0,64.0,2.0,2.0,9.0,6.0,287.0,576.0,0.10115259004895938,0.10346957106453547,0.00195312,64.0,6400000.0
1.0,1.0,4.0,1.0,1.0,1.0,63.0,32.0,-0.0030632107251067353,-0.0017650185808415486,2.0,16384.0,6400000.0
1.0,64.0,2.0,1.0,1.0,1.0,39.0,32.0,-0.0030632107251067353,-0.0017650185808415486,0.000976562,8192.0,6400000.0
14.0,64.0,2.0,3.0,58.0,41.0,1695.0,4768.0,0.2755258013558761,0.2825067573238387,0.125,8.0,6400000.0
1.0,1.0,1.0,1.0,1.0,1.0,35.0,32.0,-0.0030632107251067353,-0.0017650185808415486,0.03125,16384.0,6400000.0
1.0,64.0,1.0,1.0,1.0,1.0,35.0,32.0,-0.0030632107251067353,-0.0017650185808415486,128.0,16.0,6400000.0
1.0,1.0,4.0,3.0,31.0,16.0,930.0,2432.0,0.06203865191840974,0.0646156432543108,8.0,0.0,6400000.0
1.0,64.0,1.0,1.0,1.0,1.0,35.0,32.0,-0.0030632107251067353,-0.0017650185808415486,512.0,1.0,6400000.0
64.0,64.0,2.0,9.0,342.0,254.0,10396.0,32448.0,0.45048251145309404,0.46249379479750674,0.00390625,0.5,6400000.0
25.0,64.0,1.0,2.0,65.0,50.0,1987.0,4800.0,0.2508845036920214,0.2612119600426388,64.0,4.0,6400000.0
1.0,64.0,1.0,1.0,1.0,1.0,35.0,32.0,-0.0030632107251067353,-0.0017650185808415486,256.0,128.0,6400000.0
1.0,64.0,1.0,1.0,1.0,1.0,35.0,32.0,-0.0030632107251067353,-0.0017650185808415486,128.0,16384.0,6400000.0
1.0,64.0,1.0,1.0,1.0,1.0,35.0,32.0,-0.0030632107251067353,-0.0017650185808415486,512.0,0.000976562,6400000.0
1.0,64.0,2.0,1.0,1.0,1.0,39.0,32.0,-0.0030632107251067353,-0.0017650185808415486,0.0078125,4096.0,6400000.0
8.0,64.0,2.0,2.0,22.0,16.0,664.0,1536.0,0.184803559555608,0.19082719424152972,0.015625,32.0,6400000.0
64.0,64.0,2.0,9.0,370.0,256.0,10882.0,32768.0,0.45880443910623214,0.47172672741053057,0.00390625,0.0,6400000.0
64.0,64.0,2.0,9.0,365.0,256.0,10827.0,32768.0,0.45971116645657595,0.47113490894595744,0.25,0.0625,6400000.0
1.0,64.0,1.0,1.0,1.0,1.0,35.0,32.0,-0.0030632107251067353,-0.0017650185808415486,2048.0,0.0625,6400000.0
1.0,64.0,2.0,1.0,1.0,1.0,39.0,32.0,-0.0030632107251067353,-0.0017650185808415486,0.015625,32768.0,6400000.0
1.0,64.0,2.0,1.0,1.0,1.0,39.0,32.0,-0.0030632107251067353,-0.0017650185808415486,0.00390625,512.0,6400000.0
1.0,64.0,1.0,1.0,1.0,1.0,35.0,32.0,-0.0030632107251067353,-0.0017650185808415486,1024.0,0.0078125,6400000.0
64.0,64.0,1.0,2.0,153.0,128.0,4902.0,12288.0,0.259054491217652,0.27076510582849467,64.0,0.00390625,6400000.0
64.0,64.0,2.0,9.0,356.0,256.0,10664.0,32768.0,0.45995986825163127,0.46833874120226227,0.03125,0.25,6400000.0
1.0,64.0,1.0,1.0,1.0,1.0,35.0,32.0,-0.0030632107251067353,-0.0017650185808415486,1024.0,8.0,6400000.0
36.0,64.0,2.0,9.0,160.0,119.0,4865.0,14432.0,0.3910954809696322,0.4025399453147491,0.0078125,4.0,6400000.0
64.0,64.0,2.0,9.0,366.0,256.0,10939.0,32768.0,0.4605952152610733,0.47413197437300647,0.015625,0.03125,6400000.0
1.0,64.0,1.0,1.0,1.0,1.0,35.0,32.0,-0.0030632107251067353,-0.0017650185808415486,512.0,1024.0,6400000.0
1.0,64.0,1.0,1.0,1.0,1.0,35.0,32.0,-0.0030632107251067353,-0.0017650185808415486,1024.0,8192.0,6400000.0
1.0,64.0,1.0,1.0,1.0,1.0,35.0,32.0,-0.0030632107251067353,-0.0017650185808415486,4096.0,512.0,6400000.0
1.0,1.0,4.0,3.0,25.0,13.0,718.0,1952.0,0.06174281400736903,0.06456974309747188,8.0,0.5,6400000.0
1.0,64.0,1.0,1.0,1.0,1.0,35.0,32.0,-0.0030632107251067353,-0.0017650185808415486,2048.0,64.0,6400000.0
1.0,64.0,2.0,1.0,1.0,1.0,39.0,32.0,-0.0030632107251067353,-0.0017650185808415486,0.03125,256.0,6400000.0
1.0,64.0,2.0,1.0,1.0,1.0,39.0,32.0,-0.0030632107251067353,-0.0017650185808415486,0.0625,2048.0,6400000.0
1.0,64.0,1.0,1.0,1.0,1.0,35.0,32.0,-0.0030632107251067353,-0.0017650185808415486,16384.0,0.03125,6400000.0
1.0,1.0,4.0,3.0,29.0,15.0,852.0,2272.0,0.06201177543183789,0.06463243556499632,4.0,0.125,6400000.0
1.0,64.0,1.0,1.0,1.0,1.0,35.0,32.0,-0.0030632107251067353,-0.0017650185808415486,8192.0,4096.0,6400000.0
1.0,64.0,1.0,1.0,1.0,1.0,35.0,32.0,-0.0030632107251067353,-0.0017650185808415486,8192.0,4.0,6400000.0
1.0,64.0,1.0,1.0,1.0,1.0,35.0,32.0,-0.0030632107251067353,-0.0017650185808415486,4096.0,0.5,6400000.0
64.0,64.0,2.0,9.0,370.0,256.0,10882.0,32768.0,0.45880443910623214,0.47172672741053057,0.0,0.00195312,6400000.0
1.0,64.0,1.0,1.0,1.0,1.0,35.0,32.0,-0.0030632107251067353,-0.0017650185808415486,16384.0,32768.0,6400000.0
1.0,64.0,1.0,1.0,1.0,1.0,35.0,32.0,-0.0030632107251067353,-0.0017650185808415486,4096.0,0.0,6400000.0
1.0,64.0,1.0,1.0,1.0,1.0,35.0,32.0,-0.0030632107251067353,-0.0017650185808415486,64.0,4096.0,6400000.0
1.0,64.0,1.0,1.0,1.0,1.0,35.0,32.0,-0.0030632107251067353,-0.0017650185808415486,32768.0,256.0,6400000.0
1.0,64.0,1.0,1.0,1.0,1.0,35.0,32.0,-0.0030632107251067353,-0.0017650185808415486,8192.0,0.00390625,6400000.0
1.0,64.0,1.0,1.0,1.0,1.0,35.0,32.0,-0.0030632107251067353,-0.0017650185808415486,16384.0,32.0,6400000.0
50.0,64.0,2.0,9.0,251.0,188.0,7690.0,23680.0,0.4286639454025012,0.43882039042213217,0.0,2.0,6400000.0
1.0,1.0,4.0,1.0,1.0,1.0,63.0,32.0,-0.0030632107251067353,-0.0017650185808415486,4.0,128.0,6400000.0
64.0,64.0,2.0,9.0,370.0,256.0,10882.0,32768.0,0.45880443910623214,0.47172672741053057,0.0625,0.00195312,6400000.0
64.0,64.0,2.0,9.0,366.0,256.0,10925.0,32768.0,0.4579657549859709,0.4712465523874805,0.125,0.015625,6400000.0
50.0,64.0,2.0,9.0,251.0,188.0,7690.0,23680.0,0.4286639454025012,0.43882039042213217,0.0625,2.0,6400000.0
1.0,64.0,2.0,1.0,1.0,1.0,39.0,32.0,-0.0030632107251067353,-0.0017650185808415486,0.125,16384.0,6400000.0
1.0,64.0,1.0,1.0,1.0,1.0,35.0,32.0,-0.0030632107251067353,-0.0017650185808415486,32768.0,0.25,6400000.0
1.0,64.0,1.0,1.0,1.0,1.0,35.0,32.0,-0.0030632107251067353,-0.0017650185808415486,256.0,0.25,6400000.0
1.0,64.0,1.0,1.0,1.0,1.0,35.0,32.0,-0.0030632107251067353,-0.0017650185808415486,128.0,0.03125,6400000.0
11.0,64.0,2.0,3.0,35.0,25.0,1015.0,2592.0,0.23714634169335125,0.2431198474760431,0.000976562,16.0,6400000.0
64.0,64.0,2.0,9.0,370.0,256.0,10976.0,32768.0,0.4556436485337937,0.46934082582120384,0.000976562,0.015625,6400000.0
64.0,64.0,2.0,9.0,360.0,256.0,10825.0,32768.0,0.4588064996689636,0.47228026087848507,0.00195312,0.125,6400000.0
1.0,64.0,2.0,1.0,1.0,1.0,39.0,32.0,-0.0030632107251067353,-0.0017650185808415486,0.0,2048.0,6400000.0
64.0,64.0,2.0,9.0,371.0,256.0,10969.0,32768.0,0.45710329432901753,0.4710949759729215,0.0078125,0.0078125,6400000.0
1.0,1.0,1.0,1.0,1.0,1.0,35.0,32.0,-0.0030632107251067353,-0.0017650185808415486,0.03125,32768.0,6400000.0
1.0,64.0,2.0,1.0,1.0,1.0,39.0,32.0,-0.0030632107251067353,-0.0017650185808415486,0.000976562,16384.0,6400000.0
1.0,1.0,4.0,3.0,31.0,16.0,930.0,2432.0,0.06203865191840974,0.0646156432543108,8.0,0.000976562,6400000.0
1.0,64.0,2.0,1.0,1.0,1.0,39.0,32.0,-0.0030632107251067353,-0.0017650185808415486,0.00195312,128.0,6400000.0
11.0,64.0,2.0,3.0,35.0,25.0,1015.0,2592.0,0.23714634169335125,0.2431198474760431,0.125,16.0,6400000.0
1.0,1.0,4.0,1.0,1.0,1.0,63.0,32.0,-0.0030632107251067353,-0.0017650185808415486,2.0,32768.0,6400000.0
1.0,64.0,1.0,1.0,1.0,1.0,35.0,32.0,-0.0030632107251067353,-0.0017650185808415486,128.0,32.0,6400000.0
64.0,64.0,2.0,9.0,331.0,247.0,10110.0,31328.0,0.44097210705600776,0.450882352160326,0.00390625,1.0,6400000.0
1.0,64.0,1.0,1.0,1.0,1.0,35.0,32.0,-0.0030632107251067353,-0.0017650185808415486,256.0,256.0,6400000.0
1.0,64.0,1.0,1.0,1.0,1.0,35.0,32.0,-0.0030632107251067353,-0.0017650185808415486,512.0,2.0,6400000.0
64.0,64.0,2.0,9.0,370.0,256.0,10882.0,32768.0,0.45880443910623214,0.47172672741053057,0.00390625,0.000976562,6400000.0
1.0,64.0,2.0,1.0,1.0,1.0,39.0,32.0,-0.0030632107251067353,-0.0017650185808415486,0.0078125,8192.0,6400000.0
16.0,64.0,1.0,2.0,45.0,32.0,1309.0,3072.0,0.23561062474946082,0.24274222107689147,64.0,8.0,6400000.0
1.0,64.0,1.0,1.0,1.0,1.0,35.0,32.0,-0.0030632107251067353,-0.0017650185808415486,128.0,32768.0,6400000.0
1.0,64.0,2.0,1.0,1.0,1.0,39.0,32.0,-0.0030632107251067353,-0.0017650185808415486,0.00390625,1024.0,6400000.0
3.0,64.0,2.0,2.0,9.0,6.0,287.0,576.0,0.10115259004895938,0.10346957106453547,0.015625,64.0,6400000.0
64.0,64.0,2.0,9.0,364.0,256.0,10860.0,32768.0,0.45853469497623855,0.4700721168580706,0.25,0.125,6400000.0
64.0,64.0,2.0,9.0,370.0,256.0,10882.0,32768.0,0.45880443910623214,0.47172672741053057,0.03125,0.0,6400000.0
1.0,64.0,1.0,1.0,1.0,1.0,35.0,32.0,-0.0030632107251067353,-0.0017650185808415486,2048.0,0.125,6400000.0
1.0,64.0,1.0,1.0,1.0,1.0,35.0,32.0,-0.0030632107251067353,-0.0017650185808415486,1024.0,0.015625,6400000.0
1.0,64.0,1.0,1.0,1.0,1.0,35.0,32.0,-0.0030632107251067353,-0.0017650185808415486,512.0,0.00195312,6400000.0
64.0,64.0,1.0,2.0,153.0,128.0,4902.0,12288.0,0.259054491217652,0.27076510582849467,64.0,0.0078125,6400000.0
14.0,64.0,2.0,3.0,58.0,41.0,1695.0,4768.0,0.2755258013558761,0.2825067573238387,0.0078125,8.0,6400000.0
64.0,64.0,2.0,9.0,342.0,254.0,10396.0,32448.0,0.45048251145309404,0.46249379479750674,0.03125,0.5,6400000.0
1.0,64.0,1.0,1.0,1.0,1.0,35.0,32.0,-0.0030632107251067353,-0.0017650185808415486,1024.0,16.0,6400000.0
64.0,64.0,2.0,9.0,364.0,256.0,10861.0,32768.0,0.4545707022904645,0.46815627296804063,0.015625,0.0625,6400000.0
1.0,64.0,1.0,1.0,1.0,1.0,35.0,32.0,-0.0030632107251067353,-0.0017650185808415486,512.0,2048.0,6400000.0
1.0,64.0,1.0,1.0,1.0,1.0,35.0,32.0,-0.0030632107251067353,-0.0017650185808415486,2048.0,128.0,6400000.0
1.0,1.0,4.0,3.0,19.0,10.0,575.0,1472.0,0.060867552443509054,0.06369103411821164,8.0,1.0,6400000.0
1.0,64.0,1.0,1.0,1.0,1.0,35.0,32.0,-0.0030632107251067353,-0.0017650185808415486,4096.0,1024.0,6400000.0
1.0,64.0,1.0,1.0,1.0,1.0,35.0,32.0,-0.0030632107251067353,-0.0017650185808415486,1024.0,16384.0,6400000.0
1.0,64.0,2.0,1.0,1.0,1.0,39.0,32.0,-0.0030632107251067353,-0.0017650185808415486,0.03125,512.0,6400000.0
1.0,64.0,2.0,1.0,1.0,1.0,39.0,32.0,-0.0030632107251067353,-0.0017650185808415486,0.0625,4096.0,6400000.0
1.0,64.0,1.0,1.0,1.0,1.0,35.0,32.0,-0.0030632107251067353,-0.0017650185808415486,16384.0,0.0625,6400000.0
1.0,64.0,1.0,1.0,1.0,1.0,35.0,32.0,-0.0030632107251067353,-0.0017650185808415486,8192.0,8192.0,6400000.0
1.0,64.0,1.0,1.0,1.0,1.0,35.0,32.0,-0.0030632107251067353,-0.0017650185808415486,8192.0,8.0,6400000.0
1.0,64.0,1.0,1.0,1.0,1.0,35.0,32.0,-0.0030632107251067353,-0.0017650185808415486,4096.0,0.000976562,6400000.0
1.0,1.0,4.0,3.0,29.0,15.0,852.0,2272.0,0.06201177543183789,0.06463243556499632,4.0,0.25,6400000.0
1.0,64.0,1.0,1.0,1.0,1.0,35.0,32.0,-0.0030632107251067353,-0.0017650185808415486,32768.0,0.0,6400000.0
1.0,64.0,1.0,1.0,1.0,1.0,35.0,32.0,-0.0030632107251067353,-0.0017650185808415486,4096.0,1.0,6400000.0
64.0,64.0,2.0,9.0,371.0,256.0,10969.0,32768.0,0.45710329432901753,0.4710949759729215,0.0,0.00390625,6400000.0
1.0,64.0,1.0,1.0,1.0,1.0,35.0,32.0,-0.0030632107251067353,-0.0017650185808415486,8192.0,0.0078125,6400000.0
64.0,64.0,2.0,9.0,366.0,256.0,10939.0,32768.0,0.4605952152610733,0.47413197437300647,0.125,0.03125,6400000.0
1.0,64.0,1.0,1.0,1.0,1.0,35.0,32.0,-0.0030632107251067353,-0.0017650185808415486,32768.0,512.0,6400000.0
64.0,64.0,2.0,9.0,371.0,256.0,10969.0,32768.0,0.45710329432901753,0.4710949759729215,0.0625,0.00390625,6400000.0
1.0,64.0,1.0,1.0,1.0,1.0,35.0,32.0,-0.0030632107251067353,-0.0017650185808415486,16384.0,64.0,6400000.0
1.0,64.0,1.0,1.0,1.0,1.0,35.0,32.0,-0.0030632107251067353,-0.0017650185808415486,32768.0,0.5,6400000.0
1.0,1.0,4.0,1.0,1.0,1.0,63.0,32.0,-0.0030632107251067353,-0.0017650185808415486,4.0,256.0,6400000.0
36.0,64.0,2.0,9.0,160.0,119.0,4865.0,14432.0,0.3910954809696322,0.4025399453147491,0.0625,4.0,6400000.0
36.0,64.0,2.0,9.0,160.0,119.0,4865.0,14432.0,0.3910954809696322,0.4025399453147491,0.0,4.0,6400000.0
1.0,64.0,2.0,1.0,1.0,1.0,39.0,32.0,-0.0030632107251067353,-0.0017650185808415486,0.125,32768.0,6400000.0
1.0,64.0,1.0,1.0,1.0,1.0,35.0,32.0,-0.0030632107251067353,-0.0017650185808415486,256.0,0.5,6400000.0
1.0,64.0,1.0,1.0,1.0,1.0,35.0,32.0,-0.0030632107251067353,-0.0017650185808415486,64.0,8192.0,6400000.0
1.0,64.0,1.0,1.0,1.0,1.0,35.0,32.0,-0.0030632107251067353,-0.0017650185808415486,128.0,0.0625,6400000.0
8.0,64.0,2.0,2.0,22.0,16.0,664.0,1536.0,0.184803559555608,0.19082719424152972,0.000976562,32.0,6400000.0
64.0,64.0,2.0,9.0,366.0,256.0,10939.0,32768.0,0.4605952152610733,0.47413197437300647,0.000976562,0.03125,6400000.0
1.0,64.0,2.0,1.0,1.0,1.0,39.0,32.0,-0.0030632107251067353,-0.0017650185808415486,0.0,4096.0,6400000.0
64.0,64.0,2.0,9.0,370.0,256.0,10976.0,32768.0,0.4556436485337937,0.46934082582120384,0.0078125,0.015625,6400000.0
1.0,1.0,1.0,2.0,3.0,2.0,108.0,192.0,0.03911015413878083,0.040912063041146696,0.0625,0.0,6400000.0
1.0,64.0,2.0,1.0,1.0,1.0,39.0,32.0,-0.0030632107251067353,-0.0017650185808415486,0.000976562,32768.0,6400000.0
64.0,64.0,2.0,9.0,353.0,256.0,10526.0,32768.0,0.4570374232418245,0.46955561269394186,0.00195312,0.25,6400000.0
1.0,64.0,2.0,1.0,1.0,1.0,39.0,32.0,-0.0030632107251067353,-0.0017650185808415486,0.00195312,256.0,6400000.0
1.0,1.0,4.0,3.0,31.0,16.0,930.0,2432.0,0.06203865191840974,0.0646156432543108,8.0,0.00195312,6400000.0
8.0,64.0,2.0,2.0,22.0,16.0,664.0,1536.0,0.184803559555608,0.19082719424152972,0.125,32.0,6400000.0
1.0,1.0,4.0,3.0,31.0,16.0,930.0,2432.0,0.06203865191840974,0.0646156432543108,4.0,0.0,6400000.0
1.0,64.0,1.0,1.0,1.0,1.0,35.0,32.0,-0.0030632107251067353,-0.0017650185808415486,128.0,64.0,6400000.0
1.0,64.0,1.0,1.0,1.0,1.0,35.0,32.0,-0.0030632107251067353,-0.0017650185808415486,512.0,4.0,6400000.0
50.0,64.0,2.0,9.0,251.0,188.0,7690.0,23680.0,0.4286639454025012,0.43882039042213217,0.00390625,2.0,6400000.0
1.0,64.0,1.0,1.0,1.0,1.0,35.0,32.0,-0.0030632107251067353,-0.0017650185808415486,256.0,512.0,6400000.0
64.0,64.0,2.0,9.0,370.0,256.0,10882.0,32768.0,0.45880443910623214,0.47172672741053057,0.00390625,0.00195312,6400000.0
1.0,64.0,1.0,1.0,1.0,1.0,35.0,32.0,-0.0030632107251067353,-0.0017650185808415486,256.0,0.0,6400000.0
1.0,64.0,2.0,1.0,1.0,1.0,39.0,32.0,-0.0030632107251067353,-0.0017650185808415486,0.015625,128.0,6400000.0
1.0,64.0,2.0,1.0,1.0,1.0,39.0,32.0,-0.0030632107251067353,-0.0017650185808415486,0.0078125,16384.0,6400000.0
1.0,64.0,2.0,1.0,1.0,1.0,39.0,32.0,-0.0030632107251067353,-0.0017650185808415486,0.00390625,2048.0,6400000.0
64.0,64.0,2.0,9.0,356.0,256.0,10664.0,32768.0,0.45995986825163127,0.46833874120226227,0.25,0.25,6400000.0
1.0,64.0,1.0,1.0,1.0,1.0,35.0,32.0,-0.0030632107251067353,-0.0017650185808415486,1024.0,32.0,6400000.0
64.0,64.0,2.0,9.0,331.0,247.0,10110.0,31328.0,0.44097210705600776,0.450882352160326,0.03125,1.0,6400000.0
1.0,64.0,1.0,1.0,1.0,1.0,35.0,32.0,-0.0030632107251067353,-0.0017650185808415486,1024.0,0.03125,6400000.0
50.0,64.0,2.0,9.0,251.0,188.0,7690.0,23680.0,0.4286639454025012,0.43882039042213217,0.25,2.0,6400000.0
1.0,64.0,1.0,1.0,1.0,1.0,35.0,32.0,-0.0030632107251067353,-0.0017650185808415486,2048.0,0.25,6400000.0
11.0,64.0,2.0,3.0,35.0,25.0,1015.0,2592.0,0.23714634169335125,0.2431198474760431,0.0078125,16.0,6400000.0
1.0,64.0,1.0,1.0,1.0,1.0,35.0,32.0,-0.0030632107251067353,-0.0017650185808415486,512.0,0.00390625,6400000.0
1.0,64.0,1.0,1.0,1.0,1.0,35.0,32.0,-0.0030632107251067353,-0.0017650185808415486,512.0,4096.0,6400000.0
1.0,64.0,1.0,1.0,1.0,1.0,35.0,32.0,-0.0030632107251067353,-0.0017650185808415486,2048.0,256.0,6400000.0
1.0,64.0,1.0,1.0,1.0,1.0,35.0,32.0,-0.0030632107251067353,-0.0017650185808415486,1024.0,32768.0,6400000.0
64.0,64.0,2.0,9.0,360.0,256.0,10825.0,32768.0,0.4588064996689636,0.47228026087848507,0.015625,0.125,6400000.0
64.0,64.0,2.0,9.0,370.0,256.0,10882.0,32768.0,0.45880443910623214,0.47172672741053057,0.03125,0.000976562,6400000.0
1.0,1.0,4.0,3.0,15.0,8.0,453.0,1152.0,0.05912329229729474,0.06308131038571607,8.0,2.0,6400000.0
1.0,64.0,1.0,1.0,1.0,1.0,35.0,32.0,-0.0030632107251067353,-0.0017650185808415486,4096.0,2048.0,6400000.0
1.0,64.0,2.0,1.0,1.0,1.0,39.0,32.0,-0.0030632107251067353,-0.0017650185808415486,0.25,2048.0,6400000.0
1.0,64.0,2.0,1.0,1.0,1.0,39.0,32.0,-0.0030632107251067353,-0.0017650185808415486,0.03125,1024.0,6400000.0
1.0,64.0,2.0,1.0,1.0,1.0,39.0,32.0,-0.0030632107251067353,-0.0017650185808415486,0.0625,8192.0,6400000.0
1.0,64.0,1.0,1.0,1.0,1.0,35.0,32.0,-0.0030632107251067353,-0.0017650185808415486,16384.0,0.125,6400000.0
1.0,64.0,1.0,1.0,1.0,1.0,35.0,32.0,-0.0030632107251067353,-0.0017650185808415486,8192.0,16384.0,6400000.0
1.0,1.0,4.0,3.0,25.0,13.0,718.0,1952.0,0.06174281400736903,0.06456974309747188,4.0,0.5,6400000.0
1.0,64.0,1.0,1.0,1.0,1.0,35.0,32.0,-0.0030632107251067353,-0.0017650185808415486,4096.0,2.0,6400000.0
1.0,64.0,1.0,1.0,1.0,1.0,35.0,32.0,-0.0030632107251067353,-0.0017650185808415486,8192.0,16.0,6400000.0
1.0,64.0,1.0,1.0,1.0,1.0,35.0,32.0,-0.0030632107251067353,-0.0017650185808415486,32768.0,0.000976562,6400000.0
1.0,64.0,1.0,1.0,1.0,1.0,35.0,32.0,-0.0030632107251067353,-0.0017650185808415486,8192.0,0.015625,6400000.0
1.0,64.0,1.0,1.0,1.0,1.0,35.0,32.0,-0.0030632107251067353,-0.0017650185808415486,32768.0,1024.0,6400000.0
1.0,64.0,1.0,1.0,1.0,1.0,35.0,32.0,-0.0030632107251067353,-0.0017650185808415486,4096.0,0.00195312,6400000.0
64.0,64.0,2.0,9.0,364.0,256.0,10861.0,32768.0,0.4545707022904645,0.46815627296804063,0.125,0.0625,6400000.0
14.0,64.0,2.0,3.0,58.0,41.0,1695.0,4768.0,0.2755258013558761,0.2825067573238387,0.0625,8.0,6400000.0
1.0,64.0,1.0,1.0,1.0,1.0,35.0,32.0,-0.0030632107251067353,-0.0017650185808415486,32768.0,1.0,6400000.0
64.0,64.0,2.0,9.0,371.0,256.0,10969.0,32768.0,0.45710329432901753,0.4710949759729215,0.0625,0.0078125,6400000.0
14.0,64.0,2.0,3.0,58.0,41.0,1695.0,4768.0,0.2755258013558761,0.2825067573238387,0.0,8.0,6400000.0
1.0,1.0,4.0,1.0,1.0,1.0,63.0,32.0,-0.0030632107251067353,-0.0017650185808415486,4.0,512.0,6400000.0
64.0,64.0,2.0,9.0,371.0,256.0,10969.0,32768.0,0.45710329432901753,0.4710949759729215,0.0,0.0078125,6400000.0
64.0,64.0,2.0,9.0,368.0,256.0,10897.0,32768.0,0.45693879085325295,0.4691451798413888,0.25,0.0,6400000.0
1.0,64.0,1.0,1.0,1.0,1.0,35.0,32.0,-0.0030632107251067353,-0.0017650185808415486,16384.0,128.0,6400000.0
64.0,64.0,2.0,9.0,364.0,256.0,10860.0,32768.0,0.4544480991003841,0.46675456929006265,0.5,0.015625,6400000.0
1.0,1.0,4.0,3.0,5.0,3.0,194.0,352.0,0.048146068319603885,0.051476191507202285,8.0,8.0,6400000.0
11.0,64.0,2.0,3.0,35.0,25.0,1015.0,2592.0,0.23714634169335125,0.2431198474760431,0.5,16.0,6400000.0
64.0,64.0,2.0,9.0,364.0,256.0,10861.0,32768.0,0.4545707022904645,0.46815627296804063,0.000976562,0.0625,6400000.0
3.0,64.0,2.0,2.0,9.0,6.0,287.0,576.0,0.10115259004895938,0.10346957106453547,0.000976562,64.0,6400000.0
1.0,64.0,2.0,1.0,1.0,1.0,39.0,32.0,-0.0030632107251067353,-0.0017650185808415486,0.0,8192.0,6400000.0
1.0,1.0,4.0,3.0,31.0,16.0,930.0,2432.0,0.06203865191840974,0.0646156432543108,8.0,0.00390625,6400000.0
64.0,64.0,2.0,9.0,370.0,256.0,10882.0,32768.0,0.45880443910623214,0.47172672741053057,0.00195312,0.0,6400000.0
64.0,64.0,2.0,9.0,342.0,254.0,10396.0,32448.0,0.45048251145309404,0.46249379479750674,0.00195312,0.5,6400000.0
1.0,64.0,2.0,1.0,1.0,1.0,39.0,32.0,-0.0030632107251067353,-0.0017650185808415486,0.00195312,512.0,6400000.0
64.0,64.0,2.0,9.0,366.0,256.0,10939.0,32768.0,0.4605952152610733,0.47413197437300647,0.0078125,0.03125,6400000.0
3.0,64.0,2.0,2.0,9.0,6.0,287.0,576.0,0.10115259004895938,0.10346957106453547,0.125,64.0,6400000.0
1.0,64.0,2.0,1.0,1.0,1.0,39.0,32.0,-0.0030632107251067353,-0.0017650185808415486,0.5,16384.0,6400000.0
64.0,64.0,2.0,9.0,360.0,256.0,10919.0,32768.0,0.45793234344287737,0.4685899095696052,1.0,0.125,6400000.0
36.0,64.0,2.0,9.0,160.0,119.0,4865.0,14432.0,0.3910954809696322,0.4025399453147491,0.00390625,4.0,6400000.0
1.0,64.0,2.0,1.0,1.0,1.0,39.0,32.0,-0.0030632107251067353,-0.0017650185808415486,0.015625,256.0,6400000.0
64.0,64.0,2.0,9.0,371.0,256.0,10997.0,32768.0,0.45721177241602873,0.47251412132987025,2.0,0.000976562,6400000.0
1.0,64.0,2.0,1.0,1.0,1.0,39.0,32.0,-0.0030632107251067353,-0.0017650185808415486,0.0078125,32768.0,6400000.0
64.0,64.0,2.0,9.0,324.0,243.0,9863.0,30688.0,0.4532230859670552,0.46415385857790636,2.0,1.0,6400000.0
64.0,64.0,2.0,9.0,371.0,256.0,10969.0,32768.0,0.45710329432901753,0.4710949759729215,0.00390625,0.00390625,6400000.0
1.0,64.0,2.0,1.0,1.0,1.0,39.0,32.0,-0.0030632107251067353,-0.0017650185808415486,2.0,1024.0,6400000.0
64.0,64.0,2.0,9.0,346.0,256.0,10517.0,32768.0,0.4509905522639158,0.4669586533614769,0.25,0.5,6400000.0
1.0,64.0,2.0,1.0,1.0,1.0,39.0,32.0,-0.0030632107251067353,-0.0017650185808415486,0.00390625,4096.0,6400000.0
1.0,64.0,2.0,1.0,1.0,1.0,39.0,32.0,-0.0030632107251067353,-0.0017650185808415486,1.0,128.0,6400000.0
50.0,64.0,2.0,9.0,251.0,188.0,7690.0,23680.0,0.4286639454025012,0.43882039042213217,0.03125,2.0,6400000.0
64.0,64.0,2.0,9.0,370.0,256.0,10882.0,32768.0,0.45880443910623214,0.47172672741053057,0.03125,0.00195312,6400000.0
32.0,64.0,2.0,9.0,152.0,112.0,4607.0,13824.0,0.379917723460655,0.39532009181376393,0.25,4.0,6400000.0
1.0,1.0,4.0,3.0,11.0,6.0,351.0,832.0,0.055959939578521745,0.05997459583745146,8.0,4.0,6400000.0
64.0,64.0,2.0,8.0,373.0,256.0,11090.0,32768.0,0.4535194445100311,0.46588261548917687,4.0,0.0078125,6400000.0
14.0,64.0,2.0,3.0,58.0,41.0,1695.0,4768.0,0.2755258013558761,0.2825067573238387,4.0,8.0,6400000.0
64.0,64.0,2.0,9.0,353.0,256.0,10526.0,32768.0,0.4570374232418245,0.46955561269394186,0.015625,0.25,6400000.0
64.0,64.0,2.0,3.0,335.0,253.0,10613.0,32288.0,0.33158183374468664,0.33610290895057426,16.0,0.0,6400000.0
1.0,64.0,2.0,1.0,1.0,1.0,39.0,32.0,-0.0030632107251067353,-0.0017650185808415486,0.25,4096.0,6400000.0
8.0,64.0,2.0,2.0,22.0,16.0,664.0,1536.0,0.184803559555608,0.19082719424152972,0.0078125,32.0,6400000.0
1.0,64.0,2.0,1.0,1.0,1.0,39.0,32.0,-0.0030632107251067353,-0.0017650185808415486,4.0,8192.0,6400000.0
64.0,64.0,2.0,6.0,348.0,256.0,10668.0,32768.0,0.438456767076173,0.43499260136485507,8.0,0.0625,6400000.0
1.0,1.0,4.0,1.0,1.0,1.0,63.0,32.0,-0.0030632107251067353,-0.0017650185808415486,8.0,8192.0,6400000.0
35.0,64.0,2.0,3.0,185.0,138.0,5750.0,17600.0,0.3290574312030965,0.3342320996375041,16.0,0.5,6400000.0
1.0,64.0,2.0,1.0,1.0,1.0,39.0,32.0,-0.0030632107251067353,-0.0017650185808415486,0.0625,16384.0,6400000.0
3.0,64.0,2.0,2.0,9.0,6.0,287.0,576.0,0.10115259004895938,0.10346957106453547,8.0,64.0,6400000.0
1.0,64.0,2.0,1.0,1.0,1.0,39.0,32.0,-0.0030632107251067353,-0.0017650185808415486,0.03125,2048.0,6400000.0
1.0,64.0,2.0,1.0,1.0,1.0,39.0,32.0,-0.0030632107251067353,-0.0017650185808415486,16.0,512.0,6400000.0
11.0,64.0,2.0,3.0,35.0,25.0,1015.0,2592.0,0.23714634169335125,0.2431198474760431,0.0625,16.0,6400000.0
64.0,64.0,2.0,9.0,370.0,256.0,10976.0,32768.0,0.4556436485337937,0.46934082582120384,0.0625,0.015625,6400000.0
64.0,64.0,2.0,2.0,309.0,254.0,10270.0,32448.0,0.2592280325189661,0.2688213403382891,32.0,0.00390625,6400000.0
64.0,64.0,2.0,9.0,358.0,256.0,10685.0,32768.0,0.4540723159389377,0.4654249174621743,0.125,0.125,6400000.0
19.0,64.0,2.0,2.0,74.0,57.0,2380.0,6688.0,0.2512662014893755,0.2606608379591845,32.0,4.0,6400000.0
1.0,64.0,2.0,1.0,1.0,1.0,39.0,32.0,-0.0030632107251067353,-0.0017650185808415486,32.0,4096.0,6400000.0
53.0,64.0,2.0,2.0,257.0,211.0,8600.0,26976.0,0.25946067311471355,0.26961647397729316,64.0,0.03125,6400000.0
1.0,64.0,2.0,1.0,1.0,1.0,39.0,32.0,-0.0030632107251067353,-0.0017650185808415486,64.0,32768.0,6400000.0
8.0,64.0,2.0,2.0,22.0,16.0,664.0,1536.0,0.184803559555608,0.19082719424152972,64.0,32.0,6400000.0
64.0,64.0,2.0,9.0,362.0,256.0,10823.0,32768.0,0.4585424765814273,0.4690132484701657,0.5,0.03125,6400000.0
64.0,64.0,2.0,9.0,369.0,256.0,11021.0,32768.0,0.4571163560348678,0.47101812298255363,0.25,0.000976562,6400000.0
8.0,64.0,2.0,2.0,22.0,16.0,664.0,1536.0,0.184803559555608,0.19082719424152972,0.5,32.0,6400000.0
1.0,64.0,2.0,1.0,1.0,1.0,39.0,32.0,-0.0030632107251067353,-0.0017650185808415486,128.0,256.0,6400000.0
1.0,1.0,4.0,2.0,29.0,15.0,919.0,2272.0,0.04804010010997095,0.05023591601278776,16.0,0.0625,6400000.0
1.0,64.0,2.0,1.0,1.0,1.0,39.0,32.0,-0.0030632107251067353,-0.0017650185808415486,256.0,0.00195312,6400000.0
1.0,64.0,2.0,1.0,1.0,1.0,39.0,32.0,-0.0030632107251067353,-0.0017650185808415486,128.0,0.25,6400000.0
1.0,64.0,2.0,1.0,1.0,1.0,39.0,32.0,-0.0030632107251067353,-0.0017650185808415486,512.0,0.015625,6400000.0
1.0,1.0,4.0,2.0,3.0,2.0,136.0,192.0,0.03911015413878083,0.040912063041146696,8.0,16.0,6400000.0
1.0,64.0,2.0,1.0,1.0,1.0,39.0,32.0,-0.0030632107251067353,-0.0017650185808415486,512.0,16.0,6400000.0
1.0,64.0,2.0,1.0,1.0,1.0,39.0,32.0,-0.0030632107251067353,-0.0017650185808415486,256.0,2048.0,6400000.0
1.0,64.0,2.0,1.0,1.0,1.0,39.0,32.0,-0.0030632107251067353,-0.0017650185808415486,512.0,16384.0,6400000.0
1.0,64.0,2.0,1.0,1.0,1.0,39.0,32.0,-0.0030632107251067353,-0.0017650185808415486,256.0,2.0,6400000.0
1.0,1.0,4.0,2.0,3.0,2.0,136.0,192.0,0.03911015413878083,0.040912063041146696,16.0,64.0,6400000.0
1.0,64.0,2.0,1.0,1.0,1.0,39.0,32.0,-0.0030632107251067353,-0.0017650185808415486,1024.0,0.125,6400000.0
1.0,64.0,2.0,1.0,1.0,1.0,39.0,32.0,-0.0030632107251067353,-0.0017650185808415486,2048.0,1.0,6400000.0
1.0,64.0,2.0,1.0,1.0,1.0,39.0,32.0,-0.0030632107251067353,-0.0017650185808415486,2048.0,0.000976562,6400000.0
1.0,64.0,2.0,1.0,1.0,1.0,39.0,32.0,-0.0030632107251067353,-0.0017650185808415486,0.125,128.0,6400000.0
1.0,64.0,2.0,1.0,1.0,1.0,39.0,32.0,-0.0030632107251067353,-0.0017650185808415486,1024.0,128.0,6400000.0
1.0,64.0,2.0,1.0,1.0,1.0,39.0,32.0,-0.0030632107251067353,-0.0017650185808415486,2048.0,1024.0,6400000.0
1.0,64.0,2.0,1.0,1.0,1.0,39.0,32.0,-0.0030632107251067353,-0.0017650185808415486,0.5,32768.0,6400000.0
64.0,64.0,2.0,9.0,355.0,256.0,10776.0,32768.0,0.4606460255067124,0.46926247304510105,1.0,0.25,6400000.0
64.0,64.0,2.0,9.0,373.0,256.0,11031.0,32768.0,0.45423634631791865,0.46861744260371574,2.0,0.00195312,6400000.0
1.0,64.0,2.0,1.0,1.0,1.0,39.0,32.0,-0.0030632107251067353,-0.0017650185808415486,4096.0,0.0078125,6400000.0
50.0,64.0,2.0,9.0,251.0,185.0,7611.0,23200.0,0.4284915323890307,0.4442750188873391,2.0,2.0,6400000.0
1.0,64.0,2.0,1.0,1.0,1.0,39.0,32.0,-0.0030632107251067353,-0.0017650185808415486,1.0,256.0,6400000.0
64.0,64.0,2.0,9.0,324.0,244.0,9921.0,30848.0,0.4524130157612848,0.4666228888369257,0.25,1.0,6400000.0
1.0,64.0,2.0,1.0,1.0,1.0,39.0,32.0,-0.0030632107251067353,-0.0017650185808415486,4096.0,8192.0,6400000.0
14.0,64.0,2.0,3.0,58.0,41.0,1695.0,4768.0,0.2755258013558761,0.2825067573238387,0.25,8.0,6400000.0
1.0,1.0,4.0,2.0,31.0,16.0,956.0,2432.0,0.047900625095890326,0.050208496053784524,32.0,0.0,6400000.0
1.0,64.0,2.0,1.0,1.0,1.0,39.0,32.0,-0.0030632107251067353,-0.0017650185808415486,4096.0,8.0,6400000.0
1.0,64.0,2.0,1.0,1.0,1.0,39.0,32.0,-0.0030632107251067353,-0.0017650185808415486,8192.0,0.0625,6400000.0
64.0,64.0,2.0,8.0,373.0,256.0,11090.0,32768.0,0.4535194445100311,0.46588261548917687,4.0,0.015625,6400000.0
1.0,64.0,2.0,1.0,1.0,1.0,39.0,32.0,-0.0030632107251067353,-0.0017650185808415486,16384.0,0.0,6400000.0
11.0,64.0,2.0,3.0,35.0,25.0,1015.0,2592.0,0.23714634169335125,0.2431198474760431,4.0,16.0,6400000.0
1.0,64.0,2.0,1.0,1.0,1.0,39.0,32.0,-0.0030632107251067353,-0.0017650185808415486,2.0,2048.0,6400000.0
1.0,64.0,2.0,1.0,1.0,1.0,39.0,32.0,-0.0030632107251067353,-0.0017650185808415486,0.25,8192.0,6400000.0
1.0,64.0,2.0,1.0,1.0,1.0,39.0,32.0,-0.0030632107251067353,-0.0017650185808415486,16384.0,512.0,6400000.0
1.0,1.0,4.0,1.0,1.0,1.0,63.0,32.0,-0.0030632107251067353,-0.0017650185808415486,8.0,16384.0,6400000.0
1.0,64.0,2.0,1.0,1.0,1.0,39.0,32.0,-0.0030632107251067353,-0.0017650185808415486,4.0,16384.0,6400000.0
1.0,64.0,2.0,1.0,1.0,1.0,39.0,32.0,-0.0030632107251067353,-0.0017650185808415486,8192.0,64.0,6400000.0
32.0,64.0,2.0,3.0,156.0,117.0,4821.0,14624.0,0.32504189162464603,0.33158696229191764,16.0,1.0,6400000.0
64.0,64.0,2.0,6.0,345.0,255.0,10643.0,32608.0,0.42840335168247357,0.4244781624823841,8.0,0.125,6400000.0
1.0,64.0,2.0,1.0,1.0,1.0,39.0,32.0,-0.0030632107251067353,-0.0017650185808415486,32768.0,4096.0,6400000.0
1.0,64.0,2.0,1.0,1.0,1.0,39.0,32.0,-0.0030632107251067353,-0.0017650185808415486,8.0,128.0,6400000.0
64.0,64.0,2.0,3.0,334.0,253.0,10581.0,32288.0,0.331432794582748,0.3358770042528889,16.0,0.000976562,6400000.0
1.0,64.0,2.0,1.0,1.0,1.0,39.0,32.0,-0.0030632107251067353,-0.0017650185808415486,32768.0,0.00390625,6400000.0
1.0,64.0,2.0,1.0,1.0,1.0,39.0,32.0,-0.0030632107251067353,-0.0017650185808415486,16384.0,0.5,6400000.0
1.0,64.0,2.0,1.0,1.0,1.0,39.0,32.0,-0.0030632107251067353,-0.0017650185808415486,32768.0,4.0,6400000.0
15.0,64.0,2.0,2.0,47.0,34.0,1432.0,3520.0,0.23483331904090687,0.24244665993785774,32.0,8.0,6400000.0
1.0,64.0,2.0,1.0,1.0,1.0,39.0,32.0,-0.0030632107251067353,-0.0017650185808415486,16.0,1024.0,6400000.0
1.0,64.0,2.0,1.0,1.0,1.0,39.0,32.0,-0.0030632107251067353,-0.0017650185808415486,128.0,0.0,6400000.0
51.0,64.0,2.0,2.0,234.0,195.0,7842.0,24672.0,0.258364443030106,0.26933584066351557,64.0,0.0625,6400000.0
64.0,64.0,2.0,9.0,356.0,256.0,10741.0,32768.0,0.451413129857288,0.4648928425611427,0.5,0.0625,6400000.0
64.0,64.0,2.0,2.0,309.0,254.0,10270.0,32448.0,0.2592280325189661,0.2688213403382891,32.0,0.0078125,6400000.0
1.0,64.0,2.0,1.0,1.0,1.0,39.0,32.0,-0.0030632107251067353,-0.0017650185808415486,32.0,8192.0,6400000.0
1.0,64.0,4.0,1.0,1.0,1.0,63.0,32.0,-0.0030632107251067353,-0.0017650185808415486,0.0,32768.0,6400000.0
8.0,64.0,4.0,2.0,22.0,16.0,724.0,1536.0,0.184803559555608,0.19082719424152972,0.0,32.0,6400000.0
1.0,64.0,2.0,1.0,1.0,1.0,39.0,32.0,-0.0030632107251067353,-0.0017650185808415486,512.0,0.03125,6400000.0
1.0,64.0,2.0,1.0,1.0,1.0,39.0,32.0,-0.0030632107251067353,-0.0017650185808415486,128.0,0.5,6400000.0
1.0,64.0,2.0,1.0,1.0,1.0,39.0,32.0,-0.0030632107251067353,-0.0017650185808415486,64.0,64.0,6400000.0
1.0,1.0,4.0,2.0,23.0,12.0,746.0,1792.0,0.04792388146102777,0.05038844148178523,16.0,0.125,6400000.0
1.0,64.0,2.0,1.0,1.0,1.0,39.0,32.0,-0.0030632107251067353,-0.0017650185808415486,128.0,512.0,6400000.0
1.0,64.0,2.0,1.0,1.0,1.0,39.0,32.0,-0.0030632107251067353,-0.0017650185808415486,256.0,0.00390625,6400000.0
64.0,64.0,4.0,9.0,1402.0,943.0,43052.0,142688.0,0.5763389233389777,0.5784402223821581,0.0,0.03125,6400000.0
1.0,1.0,4.0,2.0,3.0,2.0,136.0,192.0,0.03911015413878083,0.040912063041146696,8.0,32.0,6400000.0
1.0,64.0,2.0,1.0,1.0,1.0,39.0,32.0,-0.0030632107251067353,-0.0017650185808415486,256.0,4096.0,6400000.0
3.0,64.0,2.0,2.0,9.0,6.0,287.0,576.0,0.10115259004895938,0.10346957106453547,0.5,64.0,6400000.0
1.0,64.0,2.0,1.0,1.0,1.0,39.0,32.0,-0.0030632107251067353,-0.0017650185808415486,512.0,32768.0,6400000.0
1.0,64.0,2.0,1.0,1.0,1.0,39.0,32.0,-0.0030632107251067353,-0.0017650185808415486,256.0,4.0,6400000.0
53.0,64.0,4.0,9.0,1107.0,782.0,34427.0,118336.0,0.5963520786490591,0.5929239315447865,0.000976562,0.25,6400000.0
1.0,64.0,2.0,1.0,1.0,1.0,39.0,32.0,-0.0030632107251067353,-0.0017650185808415486,512.0,32.0,6400000.0
1.0,1.0,4.0,1.0,1.0,1.0,63.0,32.0,-0.0030632107251067353,-0.0017650185808415486,16.0,128.0,6400000.0
1.0,64.0,2.0,1.0,1.0,1.0,39.0,32.0,-0.0030632107251067353,-0.0017650185808415486,2048.0,2.0,6400000.0
1.0,64.0,2.0,1.0,1.0,1.0,39.0,32.0,-0.0030632107251067353,-0.0017650185808415486,2048.0,0.00195312,6400000.0
1.0,64.0,2.0,1.0,1.0,1.0,39.0,32.0,-0.0030632107251067353,-0.0017650185808415486,1024.0,0.25,6400000.0
1.0,64.0,2.0,1.0,1.0,1.0,39.0,32.0,-0.0030632107251067353,-0.0017650185808415486,1024.0,256.0,6400000.0
1.0,64.0,2.0,1.0,1.0,1.0,39.0,32.0,-0.0030632107251067353,-0.0017650185808415486,2048.0,2048.0,6400000.0
64.0,64.0,2.0,9.0,370.0,256.0,11014.0,32768.0,0.45865920821080086,0.470953873811909,1.0,0.0,6400000.0
64.0,64.0,2.0,9.0,342.0,254.0,10403.0,32448.0,0.45146283117300867,0.46476122819153365,1.0,0.5,6400000.0
1.0,1.0,1.0,2.0,3.0,2.0,108.0,192.0,0.03911015413878083,0.040912063041146696,0.0625,0.000976562,6400000.0
29.0,64.0,2.0,8.0,141.0,103.0,4271.0,12768.0,0.3683335198985188,0.38060345226667425,2.0,4.0,6400000.0
1.0,64.0,2.0,1.0,1.0,1.0,39.0,32.0,-0.0030632107251067353,-0.0017650185808415486,1.0,512.0,6400000.0
64.0,64.0,2.0,9.0,374.0,256.0,11066.0,32768.0,0.4607320380340635,0.4718024787292858,2.0,0.00390625,6400000.0
1.0,64.0,2.0,1.0,1.0,1.0,39.0,32.0,-0.0030632107251067353,-0.0017650185808415486,4096.0,0.015625,6400000.0
1.0,64.0,2.0,1.0,1.0,1.0,39.0,32.0,-0.0030632107251067353,-0.0017650185808415486,4096.0,16384.0,6400000.0
11.0,64.0,2.0,3.0,35.0,25.0,1015.0,2592.0,0.23714634169335125,0.2431198474760431,0.25,16.0,6400000.0
1.0,64.0,2.0,1.0,1.0,1.0,39.0,32.0,-0.0030632107251067353,-0.0017650185808415486,4096.0,16.0,6400000.0
1.0,64.0,2.0,1.0,1.0,1.0,39.0,32.0,-0.0030632107251067353,-0.0017650185808415486,8192.0,0.125,6400000.0
64.0,64.0,2.0,8.0,373.0,256.0,11090.0,32768.0,0.4535194445100311,0.46588261548917687,4.0,0.03125,6400000.0
1.0,1.0,4.0,2.0,31.0,16.0,956.0,2432.0,0.047900625095890326,0.050208496053784524,32.0,0.000976562,6400000.0
1.0,1.0,4.0,2.0,15.0,8.0,481.0,1152.0,0.047829233101735924,0.050193380789518294,32.0,0.5,6400000.0
1.0,64.0,2.0,1.0,1.0,1.0,39.0,32.0,-0.0030632107251067353,-0.0017650185808415486,16384.0,0.000976562,6400000.0
1.0,64.0,2.0,1.0,1.0,1.0,39.0,32.0,-0.0030632107251067353,-0.0017650185808415486,8192.0,128.0,6400000.0
8.0,64.0,2.0,2.0,22.0,16.0,664.0,1536.0,0.184803559555608,0.19082719424152972,4.0,32.0,6400000.0
1.0,64.0,2.0,1.0,1.0,1.0,39.0,32.0,-0.0030632107251067353,-0.0017650185808415486,0.25,16384.0,6400000.0
24.0,64.0,2.0,3.0,122.0,88.0,3665.0,11008.0,0.31791595940948225,0.32417768192787355,16.0,2.0,6400000.0
1.0,1.0,4.0,1.0,1.0,1.0,63.0,32.0,-0.0030632107251067353,-0.0017650185808415486,8.0,32768.0,6400000.0
1.0,64.0,2.0,1.0,1.0,1.0,39.0,32.0,-0.0030632107251067353,-0.0017650185808415486,8.0,256.0,6400000.0
1.0,64.0,2.0,1.0,1.0,1.0,39.0,32.0,-0.0030632107251067353,-0.0017650185808415486,4.0,32768.0,6400000.0
1.0,64.0,2.0,1.0,1.0,1.0,39.0,32.0,-0.0030632107251067353,-0.0017650185808415486,2.0,4096.0,6400000.0
64.0,64.0,2.0,5.0,331.0,250.0,10301.0,31808.0,0.40108308905657386,0.3960209501043611,8.0,0.25,6400000.0
1.0,64.0,2.0,1.0,1.0,1.0,39.0,32.0,-0.0030632107251067353,-0.0017650185808415486,16384.0,1024.0,6400000.0
1.0,64.0,2.0,1.0,1.0,1.0,39.0,32.0,-0.0030632107251067353,-0.0017650185808415486,32768.0,8192.0,6400000.0
1.0,64.0,2.0,1.0,1.0,1.0,39.0,32.0,-0.0030632107251067353,-0.0017650185808415486,32768.0,8.0,6400000.0
64.0,64.0,2.0,3.0,334.0,253.0,10581.0,32288.0,0.331432794582748,0.3358770042528889,16.0,0.00195312,6400000.0
1.0,64.0,2.0,1.0,1.0,1.0,39.0,32.0,-0.0030632107251067353,-0.0017650185808415486,16384.0,1.0,6400000.0
1.0,64.0,2.0,1.0,1.0,1.0,39.0,32.0,-0.0030632107251067353,-0.0017650185808415486,32768.0,0.0078125,6400000.0
11.0,64.0,2.0,2.0,30.0,22.0,872.0,2112.0,0.211815897449531,0.21820531799146736,32.0,16.0,6400000.0
1.0,64.0,2.0,1.0,1.0,1.0,39.0,32.0,-0.0030632107251067353,-0.0017650185808415486,16.0,2048.0,6400000.0
39.0,64.0,2.0,2.0,162.0,137.0,5411.0,16928.0,0.25905992569632974,0.2709832339157031,64.0,0.125,6400000.0
64.0,64.0,2.0,9.0,354.0,256.0,10729.0,32768.0,0.45324709925761353,0.46478785288278024,0.5,0.125,6400000.0
64.0,64.0,2.0,2.0,309.0,254.0,10270.0,32448.0,0.2592280325189661,0.2688213403382891,32.0,0.015625,6400000.0
1.0,64.0,2.0,1.0,1.0,1.0,39.0,32.0,-0.0030632107251067353,-0.0017650185808415486,64.0,128.0,6400000.0
64.0,64.0,4.0,9.0,1476.0,946.0,44286.0,143168.0,0.5792814010134584,0.5789439910804278,0.000976562,0.0,6400000.0
3.0,64.0,4.0,2.0,9.0,6.0,335.0,576.0,0.10115259004895938,0.10346957106453547,0.0,64.0,6400000.0
1.0,64.0,2.0,1.0,1.0,1.0,39.0,32.0,-0.0030632107251067353,-0.0017650185808415486,128.0,0.000976562,6400000.0
1.0,64.0,2.0,1.0,1.0,1.0,39.0,32.0,-0.0030632107251067353,-0.0017650185808415486,32.0,16384.0,6400000.0
1.0,64.0,2.0,1.0,1.0,1.0,39.0,32.0,-0.0030632107251067353,-0.0017650185808415486,512.0,0.0625,6400000.0
1.0,1.0,4.0,2.0,19.0,10.0,610.0,1472.0,0.047792427860041564,0.050326724393663924,16.0,0.25,6400000.0
1.0,64.0,2.0,1.0,1.0,1.0,39.0,32.0,-0.0030632107251067353,-0.0017650185808415486,512.0,64.0,6400000.0
1.0,64.0,2.0,1.0,1.0,1.0,39.0,32.0,-0.0030632107251067353,-0.0017650185808415486,128.0,1024.0,6400000.0
1.0,64.0,2.0,1.0,1.0,1.0,39.0,32.0,-0.0030632107251067353,-0.0017650185808415486,128.0,1.0,6400000.0
1.0,64.0,2.0,1.0,1.0,1.0,39.0,32.0,-0.0030632107251067353,-0.0017650185808415486,256.0,0.0078125,6400000.0
1.0,64.0,2.0,1.0,1.0,1.0,39.0,32.0,-0.0030632107251067353,-0.0017650185808415486,256.0,8.0,6400000.0
47.0,64.0,4.0,9.0,936.0,676.0,29163.0,102144.0,0.579172694871942,0.5785778311096275,0.000976562,0.5,6400000.0
1.0,64.0,2.0,1.0,1.0,1.0,39.0,32.0,-0.0030632107251067353,-0.0017650185808415486,1024.0,0.0,6400000.0
1.0,1.0,4.0,2.0,3.0,2.0,136.0,192.0,0.03911015413878083,0.040912063041146696,8.0,64.0,6400000.0
1.0,64.0,2.0,1.0,1.0,1.0,39.0,32.0,-0.0030632107251067353,-0.0017650185808415486,256.0,8192.0,6400000.0
1.0,64.0,2.0,1.0,1.0,1.0,39.0,32.0,-0.0030632107251067353,-0.0017650185808415486,0.5,128.0,6400000.0
64.0,64.0,4.0,9.0,1402.0,952.0,43655.0,144128.0,0.6012652950052246,0.5917359794066872,0.0,0.0625,6400000.0
1.0,1.0,4.0,1.0,1.0,1.0,63.0,32.0,-0.0030632107251067353,-0.0017650185808415486,16.0,256.0,6400000.0
1.0,64.0,2.0,1.0,1.0,1.0,39.0,32.0,-0.0030632107251067353,-0.0017650185808415486,2048.0,4.0,6400000.0
1.0,64.0,2.0,1.0,1.0,1.0,39.0,32.0,-0.0030632107251067353,-0.0017650185808415486,2048.0,0.00390625,6400000.0
1.0,64.0,2.0,1.0,1.0,1.0,39.0,32.0,-0.0030632107251067353,-0.0017650185808415486,1024.0,512.0,6400000.0
1.0,64.0,2.0,1.0,1.0,1.0,39.0,32.0,-0.0030632107251067353,-0.0017650185808415486,1024.0,0.5,6400000.0
64.0,64.0,2.0,9.0,370.0,256.0,11014.0,32768.0,0.45865920821080086,0.470953873811909,1.0,0.000976562,6400000.0
1.0,64.0,2.0,1.0,1.0,1.0,39.0,32.0,-0.0030632107251067353,-0.0017650185808415486,2048.0,4096.0,6400000.0
64.0,64.0,2.0,9.0,334.0,248.0,10167.0,31488.0,0.44669481880960826,0.4606084467230924,1.0,1.0,6400000.0
1.0,1.0,1.0,2.0,3.0,2.0,108.0,192.0,0.03911015413878083,0.040912063041146696,0.0625,0.00195312,6400000.0
1.0,64.0,2.0,1.0,1.0,1.0,39.0,32.0,-0.0030632107251067353,-0.0017650185808415486,4096.0,0.03125,6400000.0
1.0,64.0,2.0,1.0,1.0,1.0,39.0,32.0,-0.0030632107251067353,-0.0017650185808415486,1.0,1024.0,6400000.0
14.0,64.0,2.0,3.0,58.0,41.0,1695.0,4768.0,0.2755258013558761,0.2825067573238387,2.0,8.0,6400000.0
64.0,64.0,2.0,9.0,374.0,256.0,11066.0,32768.0,0.4607320380340635,0.4718024787292858,2.0,0.0078125,6400000.0
1.0,64.0,2.0,1.0,1.0,1.0,39.0,32.0,-0.0030632107251067353,-0.0017650185808415486,4096.0,32768.0,6400000.0
1.0,64.0,2.0,1.0,1.0,1.0,39.0,32.0,-0.0030632107251067353,-0.0017650185808415486,4096.0,32.0,6400000.0
8.0,64.0,2.0,2.0,22.0,16.0,664.0,1536.0,0.184803559555608,0.19082719424152972,0.25,32.0,6400000.0
64.0,64.0,2.0,8.0,370.0,256.0,11090.0,32768.0,0.4477735411270749,0.4632918995325276,4.0,0.0625,6400000.0
1.0,1.0,4.0,2.0,31.0,16.0,956.0,2432.0,0.047900625095890326,0.050208496053784524,32.0,0.00195312,6400000.0
1.0,64.0,2.0,1.0,1.0,1.0,39.0,32.0,-0.0030632107251067353,-0.0017650185808415486,8192.0,256.0,6400000.0
1.0,64.0,2.0,1.0,1.0,1.0,39.0,32.0,-0.0030632107251067353,-0.0017650185808415486,16384.0,0.00195312,6400000.0
1.0,1.0,4.0,2.0,11.0,6.0,378.0,832.0,0.04742590853532136,0.04996966215281273,32.0,1.0,6400000.0
1.0,64.0,2.0,1.0,1.0,1.0,39.0,32.0,-0.0030632107251067353,-0.0017650185808415486,8192.0,0.25,6400000.0
1.0,1.0,4.0,2.0,31.0,16.0,956.0,2432.0,0.047900625095890326,0.050208496053784524,16.0,0.0,6400000.0
64.0,64.0,2.0,6.0,351.0,256.0,10729.0,32768.0,0.4440064313855101,0.44002660416004913,8.0,0.0,6400000.0
1.0,64.0,2.0,1.0,1.0,1.0,39.0,32.0,-0.0030632107251067353,-0.0017650185808415486,0.25,32768.0,6400000.0
1.0,64.0,2.0,1.0,1.0,1.0,39.0,32.0,-0.0030632107251067353,-0.0017650185808415486,32768.0,16.0,6400000.0
38.0,64.0,2.0,3.0,187.0,141.0,5845.0,17696.0,0.3294585575079938,0.3332644597729797,8.0,0.5,6400000.0
21.0,64.0,2.0,3.0,99.0,72.0,2931.0,8832.0,0.3091526342386791,0.3166052038468572,16.0,4.0,6400000.0
1.0,64.0,2.0,1.0,1.0,1.0,39.0,32.0,-0.0030632107251067353,-0.0017650185808415486,32768.0,16384.0,6400000.0
1.0,64.0,2.0,1.0,1.0,1.0,39.0,32.0,-0.0030632107251067353,-0.0017650185808415486,2.0,8192.0,6400000.0
3.0,64.0,2.0,2.0,9.0,6.0,287.0,576.0,0.10115259004895938,0.10346957106453547,4.0,64.0,6400000.0
1.0,64.0,2.0,1.0,1.0,1.0,39.0,32.0,-0.0030632107251067353,-0.0017650185808415486,16384.0,2.0,6400000.0
1.0,64.0,2.0,1.0,1.0,1.0,39.0,32.0,-0.0030632107251067353,-0.0017650185808415486,8.0,512.0,6400000.0
1.0,64.0,2.0,1.0,1.0,1.0,39.0,32.0,-0.0030632107251067353,-0.0017650185808415486,32768.0,0.015625,6400000.0
64.0,64.0,2.0,3.0,334.0,253.0,10643.0,32288.0,0.3317095264568538,0.33634058547786283,16.0,0.00390625,6400000.0
1.0,64.0,2.0,1.0,1.0,1.0,39.0,32.0,-0.0030632107251067353,-0.0017650185808415486,16384.0,2048.0,6400000.0
1.0,64.0,2.0,1.0,1.0,1.0,39.0,32.0,-0.0030632107251067353,-0.0017650185808415486,16.0,4096.0,6400000.0
1.0,64.0,2.0,1.0,1.0,1.0,39.0,32.0,-0.0030632107251067353,-0.0017650185808415486,64.0,256.0,6400000.0
8.0,64.0,2.0,2.0,22.0,16.0,664.0,1536.0,0.184803559555608,0.19082719424152972,32.0,32.0,6400000.0
39.0,64.0,2.0,2.0,159.0,135.0,5305.0,16608.0,0.2593817969921589,0.27101805589306294,64.0,0.25,6400000.0
64.0,64.0,4.0,9.0,1457.0,948.0,44212.0,143488.0,0.5768136670374087,0.5827954058289182,0.000976562,0.000976562,6400000.0
64.0,64.0,2.0,9.0,351.0,256.0,10611.0,32768.0,0.4617416324119663,0.4724915811678767,0.5,0.25,6400000.0
53.0,64.0,2.0,2.0,257.0,211.0,8600.0,26976.0,0.25946067311471355,0.26961647397729316,32.0,0.03125,6400000.0
1.0,64.0,2.0,1.0,1.0,1.0,39.0,32.0,-0.0030632107251067353,-0.0017650185808415486,128.0,2048.0,6400000.0
1.0,64.0,4.0,1.0,1.0,1.0,63.0,32.0,-0.0030632107251067353,-0.0017650185808415486,0.0,128.0,6400000.0
1.0,64.0,2.0,1.0,1.0,1.0,39.0,32.0,-0.0030632107251067353,-0.0017650185808415486,128.0,2.0,6400000.0
1.0,64.0,2.0,1.0,1.0,1.0,39.0,32.0,-0.0030632107251067353,-0.0017650185808415486,32.0,32768.0,6400000.0
1.0,64.0,2.0,1.0,1.0,1.0,39.0,32.0,-0.0030632107251067353,-0.0017650185808415486,256.0,16.0,6400000.0
1.0,64.0,2.0,1.0,1.0,1.0,39.0,32.0,-0.0030632107251067353,-0.0017650185808415486,256.0,0.015625,6400000.0
1.0,64.0,2.0,1.0,1.0,1.0,39.0,32.0,-0.0030632107251067353,-0.0017650185808415486,512.0,128.0,6400000.0
1.0,64.0,2.0,1.0,1.0,1.0,39.0,32.0,-0.0030632107251067353,-0.0017650185808415486,512.0,0.125,6400000.0
35.0,64.0,4.0,9.0,658.0,483.0,20534.0,72800.0,0.5314186599624591,0.5427904047834783,0.000976562,1.0,6400000.0
1.0,1.0,4.0,2.0,15.0,8.0,481.0,1152.0,0.047829233101735924,0.050193380789518294,16.0,0.5,6400000.0
1.0,64.0,2.0,1.0,1.0,1.0,39.0,32.0,-0.0030632107251067353,-0.0017650185808415486,256.0,16384.0,6400000.0
1.0,64.0,2.0,1.0,1.0,1.0,39.0,32.0,-0.0030632107251067353,-0.0017650185808415486,128.0,0.00195312,6400000.0
1.0,1.0,4.0,1.0,1.0,1.0,63.0,32.0,-0.0030632107251067353,-0.0017650185808415486,8.0,128.0,6400000.0
1.0,64.0,2.0,1.0,1.0,1.0,39.0,32.0,-0.0030632107251067353,-0.0017650185808415486,1024.0,0.000976562,6400000.0
64.0,64.0,4.0,9.0,1398.0,979.0,43767.0,148448.0,0.6060950479646416,0.5936877563146619,0.0,0.125,6400000.0
1.0,64.0,2.0,1.0,1.0,1.0,39.0,32.0,-0.0030632107251067353,-0.0017650185808415486,0.5,256.0,6400000.0
1.0,1.0,4.0,1.0,1.0,1.0,63.0,32.0,-0.0030632107251067353,-0.0017650185808415486,16.0,512.0,6400000.0
1.0,64.0,2.0,1.0,1.0,1.0,39.0,32.0,-0.0030632107251067353,-0.0017650185808415486,2048.0,8.0,6400000.0
1.0,64.0,2.0,1.0,1.0,1.0,39.0,32.0,-0.0030632107251067353,-0.0017650185808415486,2048.0,0.0078125,6400000.0
1.0,64.0,2.0,1.0,1.0,1.0,39.0,32.0,-0.0030632107251067353,-0.0017650185808415486,1024.0,1.0,6400000.0
1.0,64.0,2.0,1.0,1.0,1.0,39.0,32.0,-0.0030632107251067353,-0.0017650185808415486,2048.0,8192.0,6400000.0
1.0,64.0,2.0,1.0,1.0,1.0,39.0,32.0,-0.0030632107251067353,-0.0017650185808415486,1024.0,1024.0,6400000.0
45.0,64.0,2.0,9.0,228.0,172.0,6963.0,21760.0,0.40960771696239906,0.4233618974400831,1.0,2.0,6400000.0
64.0,64.0,2.0,9.0,370.0,256.0,11014.0,32768.0,0.45865920821080086,0.470953873811909,1.0,0.00195312,6400000.0
1.0,1.0,1.0,2.0,3.0,2.0,108.0,192.0,0.03911015413878083,0.040912063041146696,0.0625,0.00390625,6400000.0
1.0,64.0,2.0,1.0,1.0,1.0,39.0,32.0,-0.0030632107251067353,-0.0017650185808415486,4096.0,0.0625,6400000.0
1.0,64.0,2.0,1.0,1.0,1.0,39.0,32.0,-0.0030632107251067353,-0.0017650185808415486,1.0,2048.0,6400000.0
64.0,64.0,2.0,9.0,369.0,256.0,10996.0,32768.0,0.45495456032103354,0.46772138259536433,2.0,0.015625,6400000.0
11.0,64.0,2.0,3.0,35.0,25.0,1015.0,2592.0,0.23714634169335125,0.2431198474760431,2.0,16.0,6400000.0
1.0,64.0,2.0,1.0,1.0,1.0,39.0,32.0,-0.0030632107251067353,-0.0017650185808415486,8192.0,0.0,6400000.0
1.0,64.0,2.0,1.0,1.0,1.0,39.0,32.0,-0.0030632107251067353,-0.0017650185808415486,4096.0,64.0,6400000.0
3.0,64.0,2.0,2.0,9.0,6.0,287.0,576.0,0.10115259004895938,0.10346957106453547,0.25,64.0,6400000.0
64.0,64.0,2.0,8.0,358.0,256.0,10759.0,32768.0,0.4506582494109056,0.46480453485802975,4.0,0.125,6400000.0
1.0,64.0,2.0,1.0,1.0,1.0,39.0,32.0,-0.0030632107251067353,-0.0017650185808415486,8192.0,512.0,6400000.0
1.0,64.0,2.0,1.0,1.0,1.0,39.0,32.0,-0.0030632107251067353,-0.0017650185808415486,8192.0,0.5,6400000.0
1.0,64.0,2.0,1.0,1.0,1.0,39.0,32.0,-0.0030632107251067353,-0.0017650185808415486,16384.0,0.00390625,6400000.0
1.0,1.0,4.0,2.0,31.0,16.0,956.0,2432.0,0.047900625095890326,0.050208496053784524,32.0,0.00390625,6400000.0
1.0,1.0,4.0,2.0,7.0,4.0,255.0,512.0,0.04649236193195383,0.049028621040196785,32.0,2.0,6400000.0
1.0,1.0,4.0,2.0,31.0,16.0,956.0,2432.0,0.047900625095890326,0.050208496053784524,16.0,0.000976562,6400000.0
64.0,64.0,2.0,9.0,365.0,256.0,10896.0,32768.0,0.4563382867210801,0.4704348065097803,0.5,0.0,6400000.0
1.0,64.0,2.0,1.0,1.0,1.0,39.0,32.0,-0.0030632107251067353,-0.0017650185808415486,32768.0,32768.0,6400000.0
1.0,64.0,2.0,1.0,1.0,1.0,39.0,32.0,-0.0030632107251067353,-0.0017650185808415486,2.0,16384.0,6400000.0
34.0,64.0,2.0,3.0,165.0,124.0,5165.0,15488.0,0.325365479106839,0.3313042520547551,8.0,1.0,6400000.0
1.0,64.0,2.0,1.0,1.0,1.0,39.0,32.0,-0.0030632107251067353,-0.0017650185808415486,32768.0,32.0,6400000.0
64.0,64.0,2.0,6.0,350.0,256.0,10727.0,32768.0,0.4438261193650753,0.43936491725100635,8.0,0.000976562,6400000.0
1.0,64.0,2.0,1.0,1.0,1.0,39.0,32.0,-0.0030632107251067353,-0.0017650185808415486,32768.0,0.03125,6400000.0
1.0,64.0,2.0,1.0,1.0,1.0,39.0,32.0,-0.0030632107251067353,-0.0017650185808415486,4.0,128.0,6400000.0
15.0,64.0,2.0,2.0,47.0,34.0,1432.0,3520.0,0.23483331904090687,0.24244665993785774,16.0,8.0,6400000.0
1.0,64.0,2.0,1.0,1.0,1.0,39.0,32.0,-0.0030632107251067353,-0.0017650185808415486,16384.0,4096.0,6400000.0
64.0,64.0,2.0,3.0,333.0,252.0,10512.0,32128.0,0.33097073651234943,0.3363612583136504,16.0,0.0078125,6400000.0
1.0,64.0,2.0,1.0,1.0,1.0,39.0,32.0,-0.0030632107251067353,-0.0017650185808415486,8.0,1024.0,6400000.0
1.0,64.0,2.0,1.0,1.0,1.0,39.0,32.0,-0.0030632107251067353,-0.0017650185808415486,16384.0,4.0,6400000.0
28.0,64.0,2.0,2.0,130.0,109.0,4298.0,13856.0,0.2589595133955369,0.26969276798452724,64.0,0.5,6400000.0
3.0,64.0,2.0,2.0,9.0,6.0,287.0,576.0,0.10115259004895938,0.10346957106453547,32.0,64.0,6400000.0
1.0,64.0,2.0,1.0,1.0,1.0,39.0,32.0,-0.0030632107251067353,-0.0017650185808415486,64.0,512.0,6400000.0
1.0,64.0,2.0,1.0,1.0,1.0,39.0,32.0,-0.0030632107251067353,-0.0017650185808415486,16.0,8192.0,6400000.0
1.0,64.0,4.0,1.0,1.0,1.0,63.0,32.0,-0.0030632107251067353,-0.0017650185808415486,0.0,256.0,6400000.0
64.0,64.0,4.0,9.0,1456.0,948.0,44179.0,143488.0,0.5771161029127683,0.5833391087780317,0.000976562,0.00195312,6400000.0
64.0,64.0,2.0,2.0,309.0,254.0,10270.0,32448.0,0.2592280325189661,0.2688213403382891,64.0,0.0,6400000.0
64.0,64.0,2.0,9.0,350.0,256.0,10601.0,32768.0,0.45399752155526973,0.4596284330032957,0.5,0.5,6400000.0
1.0,64.0,2.0,1.0,1.0,1.0,39.0,32.0,-0.0030632107251067353,-0.0017650185808415486,128.0,4.0,6400000.0
1.0,64.0,2.0,1.0,1.0,1.0,39.0,32.0,-0.0030632107251067353,-0.0017650185808415486,128.0,4096.0,6400000.0
34.0,64.0,4.0,9.0,405.0,299.0,12531.0,43488.0,0.48047354984414437,0.4995541811062537,0.000976562,2.0,6400000.0
1.0,64.0,2.0,1.0,1.0,1.0,39.0,32.0,-0.0030632107251067353,-0.0017650185808415486,1024.0,0.00195312,6400000.0
1.0,64.0,2.0,1.0,1.0,1.0,39.0,32.0,-0.0030632107251067353,-0.0017650185808415486,256.0,32.0,6400000.0
51.0,64.0,2.0,2.0,234.0,195.0,7842.0,24672.0,0.258364443030106,0.26933584066351557,32.0,0.0625,6400000.0
1.0,64.0,2.0,1.0,1.0,1.0,39.0,32.0,-0.0030632107251067353,-0.0017650185808415486,256.0,0.03125,6400000.0
1.0,1.0,4.0,1.0,1.0,1.0,63.0,32.0,-0.0030632107251067353,-0.0017650185808415486,8.0,256.0,6400000.0
1.0,64.0,2.0,1.0,1.0,1.0,39.0,32.0,-0.0030632107251067353,-0.0017650185808415486,512.0,0.25,6400000.0
1.0,64.0,2.0,1.0,1.0,1.0,39.0,32.0,-0.0030632107251067353,-0.0017650185808415486,0.5,512.0,6400000.0
53.0,64.0,4.0,9.0,1107.0,782.0,34427.0,118336.0,0.5963520786490591,0.5929239315447865,0.0,0.25,6400000.0
1.0,64.0,2.0,1.0,1.0,1.0,39.0,32.0,-0.0030632107251067353,-0.0017650185808415486,128.0,0.00390625,6400000.0
1.0,64.0,2.0,1.0,1.0,1.0,39.0,32.0,-0.0030632107251067353,-0.0017650185808415486,256.0,32768.0,6400000.0
1.0,64.0,2.0,1.0,1.0,1.0,39.0,32.0,-0.0030632107251067353,-0.0017650185808415486,512.0,256.0,6400000.0
1.0,1.0,4.0,2.0,11.0,6.0,378.0,832.0,0.04742590853532136,0.04996966215281273,16.0,1.0,6400000.0
1.0,64.0,2.0,1.0,1.0,1.0,39.0,32.0,-0.0030632107251067353,-0.0017650185808415486,1024.0,2048.0,6400000.0
1.0,64.0,2.0,1.0,1.0,1.0,39.0,32.0,-0.0030632107251067353,-0.0017650185808415486,2048.0,16.0,6400000.0
1.0,1.0,4.0,1.0,1.0,1.0,63.0,32.0,-0.0030632107251067353,-0.0017650185808415486,16.0,1024.0,6400000.0
1.0,64.0,2.0,1.0,1.0,1.0,39.0,32.0,-0.0030632107251067353,-0.0017650185808415486,2048.0,0.015625,6400000.0
1.0,64.0,2.0,1.0,1.0,1.0,39.0,32.0,-0.0030632107251067353,-0.0017650185808415486,1024.0,2.0,6400000.0
1.0,64.0,2.0,1.0,1.0,1.0,39.0,32.0,-0.0030632107251067353,-0.0017650185808415486,2048.0,16384.0,6400000.0
27.0,64.0,2.0,8.0,137.0,98.0,4172.0,12224.0,0.3787920682276993,0.38572714882329096,1.0,4.0,6400000.0
64.0,64.0,2.0,9.0,370.0,256.0,11014.0,32768.0,0.45865920821080086,0.470953873811909,1.0,0.00390625,6400000.0
1.0,1.0,1.0,2.0,3.0,2.0,108.0,192.0,0.03911015413878083,0.040912063041146696,0.0625,0.0078125,6400000.0
1.0,64.0,2.0,1.0,1.0,1.0,39.0,32.0,-0.0030632107251067353,-0.0017650185808415486,4096.0,0.125,6400000.0
64.0,64.0,2.0,9.0,366.0,256.0,10838.0,32768.0,0.4542592735976926,0.46825165518005474,2.0,0.03125,6400000.0
8.0,64.0,2.0,2.0,22.0,16.0,664.0,1536.0,0.184803559555608,0.19082719424152972,2.0,32.0,6400000.0
1.0,64.0,2.0,1.0,1.0,1.0,39.0,32.0,-0.0030632107251067353,-0.0017650185808415486,1.0,4096.0,6400000.0
1.0,64.0,2.0,1.0,1.0,1.0,39.0,32.0,-0.0030632107251067353,-0.0017650185808415486,4096.0,128.0,6400000.0
1.0,64.0,2.0,1.0,1.0,1.0,39.0,32.0,-0.0030632107251067353,-0.0017650185808415486,8192.0,0.000976562,6400000.0
1.0,64.0,2.0,1.0,1.0,1.0,39.0,32.0,-0.0030632107251067353,-0.0017650185808415486,0.25,128.0,6400000.0
64.0,64.0,2.0,8.0,348.0,256.0,10471.0,32768.0,0.4454699913120709,0.460761870530769,4.0,0.25,6400000.0
1.0,64.0,2.0,1.0,1.0,1.0,39.0,32.0,-0.0030632107251067353,-0.0017650185808415486,8192.0,1024.0,6400000.0
1.0,64.0,2.0,1.0,1.0,1.0,39.0,32.0,-0.0030632107251067353,-0.0017650185808415486,8192.0,1.0,6400000.0
1.0,64.0,2.0,1.0,1.0,1.0,39.0,32.0,-0.0030632107251067353,-0.0017650185808415486,16384.0,0.0078125,6400000.0
1.0,1.0,4.0,2.0,31.0,16.0,956.0,2432.0,0.047900625095890326,0.050208496053784524,16.0,0.00195312,6400000.0
64.0,64.0,2.0,9.0,365.0,256.0,10896.0,32768.0,0.4563382867210801,0.4704348065097803,0.5,0.000976562,6400000.0
1.0,1.0,4.0,2.0,7.0,4.0,255.0,512.0,0.04649236193195383,0.049028621040196785,32.0,4.0,6400000.0
1.0,64.0,2.0,1.0,1.0,1.0,39.0,32.0,-0.0030632107251067353,-0.0017650185808415486,2.0,32768.0,6400000.0
1.0,1.0,4.0,2.0,31.0,16.0,956.0,2432.0,0.047900625095890326,0.050208496053784524,32.0,0.0078125,6400000.0
64.0,64.0,4.0,9.0,1476.0,946.0,44286.0,143168.0,0.5792814010134584,0.5789439910804278,0.0,0.0,6400000.0
11.0,64.0,2.0,2.0,30.0,22.0,872.0,2112.0,0.211815897449531,0.21820531799146736,16.0,16.0,6400000.0
1.0,64.0,2.0,1.0,1.0,1.0,39.0,32.0,-0.0030632107251067353,-0.0017650185808415486,4.0,256.0,6400000.0
1.0,64.0,2.0,1.0,1.0,1.0,39.0,32.0,-0.0030632107251067353,-0.0017650185808415486,8.0,2048.0,6400000.0
1.0,64.0,2.0,1.0,1.0,1.0,39.0,32.0,-0.0030632107251067353,-0.0017650185808415486,16384.0,8192.0,6400000.0
64.0,64.0,2.0,6.0,350.0,256.0,10727.0,32768.0,0.4438261193650753,0.43936491725100635,8.0,0.00195312,6400000.0
1.0,64.0,2.0,1.0,1.0,1.0,39.0,32.0,-0.0030632107251067353,-0.0017650185808415486,32768.0,0.0625,6400000.0
1.0,64.0,2.0,1.0,1.0,1.0,39.0,32.0,-0.0030632107251067353,-0.0017650185808415486,16384.0,8.0,6400000.0
26.0,64.0,2.0,3.0,124.0,91.0,3761.0,11232.0,0.31952095011874393,0.32577084868578554,8.0,2.0,6400000.0
64.0,64.0,2.0,3.0,333.0,254.0,10617.0,32448.0,0.3311787595563195,0.3365196578034809,16.0,0.015625,6400000.0
1.0,64.0,2.0,1.0,1.0,1.0,39.0,32.0,-0.0030632107251067353,-0.0017650185808415486,32768.0,64.0,6400000.0
25.0,64.0,2.0,2.0,98.0,78.0,3165.0,9280.0,0.25458612769279687,0.26652926967123536,64.0,1.0,6400000.0
1.0,64.0,2.0,1.0,1.0,1.0,39.0,32.0,-0.0030632107251067353,-0.0017650185808415486,32.0,128.0,6400000.0
1.0,64.0,2.0,1.0,1.0,1.0,39.0,32.0,-0.0030632107251067353,-0.0017650185808415486,64.0,1024.0,6400000.0
1.0,1.0,4.0,1.0,1.0,1.0,63.0,32.0,-0.0030632107251067353,-0.0017650185808415486,8.0,512.0,6400000.0
64.0,64.0,4.0,9.0,1450.0,939.0,43897.0,142048.0,0.575118739484581,0.5813786736774285,0.000976562,0.00390625,6400000.0
27.0,64.0,4.0,9.0,182.0,137.0,5741.0,18464.0,0.39629112021669155,0.40252478152262305,0.000976562,4.0,6400000.0
1.0,64.0,2.0,1.0,1.0,1.0,39.0,32.0,-0.0030632107251067353,-0.0017650185808415486,16.0,16384.0,6400000.0
64.0,64.0,2.0,2.0,309.0,254.0,10270.0,32448.0,0.2592280325189661,0.2688213403382891,64.0,0.000976562,6400000.0
1.0,64.0,2.0,1.0,1.0,1.0,39.0,32.0,-0.0030632107251067353,-0.0017650185808415486,128.0,8192.0,6400000.0
1.0,64.0,2.0,1.0,1.0,1.0,39.0,32.0,-0.0030632107251067353,-0.0017650185808415486,128.0,8.0,6400000.0
1.0,64.0,2.0,1.0,1.0,1.0,39.0,32.0,-0.0030632107251067353,-0.0017650185808415486,0.5,1024.0,6400000.0
1.0,64.0,4.0,1.0,1.0,1.0,63.0,32.0,-0.0030632107251067353,-0.0017650185808415486,0.0,512.0,6400000.0
62.0,64.0,2.0,9.0,322.0,238.0,9670.0,30144.0,0.44470060873170547,0.45896323054240307,0.5,1.0,6400000.0
1.0,64.0,2.0,1.0,1.0,1.0,39.0,32.0,-0.0030632107251067353,-0.0017650185808415486,512.0,0.0,6400000.0
1.0,64.0,2.0,1.0,1.0,1.0,39.0,32.0,-0.0030632107251067353,-0.0017650185808415486,1024.0,0.00390625,6400000.0
1.0,64.0,2.0,1.0,1.0,1.0,39.0,32.0,-0.0030632107251067353,-0.0017650185808415486,256.0,64.0,6400000.0
1.0,64.0,2.0,1.0,1.0,1.0,39.0,32.0,-0.0030632107251067353,-0.0017650185808415486,256.0,0.0625,6400000.0
39.0,64.0,2.0,2.0,162.0,137.0,5411.0,16928.0,0.25905992569632974,0.2709832339157031,32.0,0.125,6400000.0
1.0,64.0,2.0,1.0,1.0,1.0,39.0,32.0,-0.0030632107251067353,-0.0017650185808415486,512.0,0.5,6400000.0
1.0,64.0,2.0,1.0,1.0,1.0,39.0,32.0,-0.0030632107251067353,-0.0017650185808415486,512.0,512.0,6400000.0
1.0,64.0,2.0,1.0,1.0,1.0,39.0,32.0,-0.0030632107251067353,-0.0017650185808415486,128.0,0.0078125,6400000.0
1.0,1.0,4.0,1.0,1.0,1.0,63.0,32.0,-0.0030632107251067353,-0.0017650185808415486,16.0,2048.0,6400000.0
47.0,64.0,4.0,9.0,936.0,676.0,29163.0,102144.0,0.579172694871942,0.5785778311096275,0.0,0.5,6400000.0
1.0,64.0,2.0,1.0,1.0,1.0,39.0,32.0,-0.0030632107251067353,-0.0017650185808415486,2048.0,32768.0,6400000.0
1.0,1.0,4.0,2.0,7.0,4.0,255.0,512.0,0.04649236193195383,0.049028621040196785,16.0,2.0,6400000.0
1.0,64.0,2.0,1.0,1.0,1.0,39.0,32.0,-0.0030632107251067353,-0.0017650185808415486,1024.0,4096.0,6400000.0
1.0,64.0,2.0,1.0,1.0,1.0,39.0,32.0,-0.0030632107251067353,-0.0017650185808415486,2048.0,0.03125,6400000.0
14.0,64.0,2.0,3.0,58.0,41.0,1695.0,4768.0,0.2755258013558761,0.2825067573238387,1.0,8.0,6400000.0
1.0,64.0,2.0,1.0,1.0,1.0,39.0,32.0,-0.0030632107251067353,-0.0017650185808415486,2048.0,32.0,6400000.0
1.0,1.0,1.0,2.0,3.0,2.0,108.0,192.0,0.03911015413878083,0.040912063041146696,0.0625,0.015625,6400000.0
1.0,64.0,2.0,1.0,1.0,1.0,39.0,32.0,-0.0030632107251067353,-0.0017650185808415486,1024.0,4.0,6400000.0
64.0,64.0,2.0,9.0,370.0,256.0,11014.0,32768.0,0.45865887297338415,0.4709560725160552,1.0,0.0078125,6400000.0
3.0,64.0,2.0,2.0,9.0,6.0,287.0,576.0,0.10115259004895938,0.10346957106453547,2.0,64.0,6400000.0
1.0,64.0,2.0,1.0,1.0,1.0,39.0,32.0,-0.0030632107251067353,-0.0017650185808415486,4096.0,0.25,6400000.0
1.0,64.0,2.0,1.0,1.0,1.0,39.0,32.0,-0.0030632107251067353,-0.0017650185808415486,1.0,8192.0,6400000.0
64.0,64.0,2.0,9.0,365.0,256.0,10723.0,32768.0,0.45934535807375665,0.47314245063934335,2.0,0.0625,6400000.0
1.0,64.0,2.0,1.0,1.0,1.0,39.0,32.0,-0.0030632107251067353,-0.0017650185808415486,4096.0,256.0,6400000.0
1.0,64.0,2.0,1.0,1.0,1.0,39.0,32.0,-0.0030632107251067353,-0.0017650185808415486,8192.0,0.00195312,6400000.0
1.0,64.0,2.0,1.0,1.0,1.0,39.0,32.0,-0.0030632107251067353,-0.0017650185808415486,8192.0,2.0,6400000.0
64.0,64.0,2.0,8.0,349.0,256.0,10634.0,32768.0,0.45366576657514734,0.4657599479561424,4.0,0.5,6400000.0
1.0,64.0,2.0,1.0,1.0,1.0,39.0,32.0,-0.0030632107251067353,-0.0017650185808415486,0.25,256.0,6400000.0
1.0,64.0,2.0,1.0,1.0,1.0,39.0,32.0,-0.0030632107251067353,-0.0017650185808415486,8192.0,2048.0,6400000.0
1.0,64.0,2.0,1.0,1.0,1.0,39.0,32.0,-0.0030632107251067353,-0.0017650185808415486,16384.0,0.015625,6400000.0
1.0,1.0,4.0,2.0,31.0,16.0,956.0,2432.0,0.047900625095890326,0.050208496053784524,16.0,0.00390625,6400000.0
64.0,64.0,2.0,8.0,369.0,256.0,11027.0,32768.0,0.45198395546365133,0.46377628621845857,4.0,0.0,6400000.0
1.0,1.0,4.0,2.0,31.0,16.0,956.0,2432.0,0.047900625095890326,0.050208496053784524,32.0,0.015625,6400000.0
1.0,1.0,4.0,2.0,5.0,3.0,187.0,352.0,0.0448609123359176,0.04645360057610004,32.0,8.0,6400000.0
64.0,64.0,2.0,9.0,365.0,256.0,10896.0,32768.0,0.4563382867210801,0.4704348065097803,0.5,0.00195312,6400000.0
64.0,64.0,4.0,9.0,1457.0,948.0,44212.0,143488.0,0.5768136670374087,0.5827954058289182,0.0,0.000976562,6400000.0
8.0,64.0,2.0,2.0,22.0,16.0,664.0,1536.0,0.184803559555608,0.19082719424152972,16.0,32.0,6400000.0
1.0,64.0,2.0,1.0,1.0,1.0,39.0,32.0,-0.0030632107251067353,-0.0017650185808415486,16384.0,16384.0,6400000.0
64.0,64.0,2.0,6.0,350.0,256.0,10727.0,32768.0,0.4438261193650753,0.43936491725100635,8.0,0.00390625,6400000.0
1.0,64.0,2.0,1.0,1.0,1.0,39.0,32.0,-0.0030632107251067353,-0.0017650185808415486,16384.0,16.0,6400000.0
1.0,64.0,2.0,1.0,1.0,1.0,39.0,32.0,-0.0030632107251067353,-0.0017650185808415486,4.0,512.0,6400000.0
21.0,64.0,2.0,3.0,95.0,69.0,2884.0,8352.0,0.3091014997011122,0.3173500317973945,8.0,4.0,6400000.0
1.0,64.0,2.0,1.0,1.0,1.0,39.0,32.0,-0.0030632107251067353,-0.0017650185808415486,32768.0,0.125,6400000.0
1.0,64.0,2.0,1.0,1.0,1.0,39.0,32.0,-0.0030632107251067353,-0.0017650185808415486,8.0,4096.0,6400000.0
64.0,64.0,2.0,3.0,332.0,253.0,10641.0,32288.0,0.331481470845466,0.336538908435837,16.0,0.03125,6400000.0
1.0,64.0,2.0,1.0,1.0,1.0,39.0,32.0,-0.0030632107251067353,-0.0017650185808415486,32768.0,128.0,6400000.0
22.0,64.0,2.0,2.0,87.0,69.0,2845.0,8224.0,0.2533548419140267,0.2641108116508766,64.0,2.0,6400000.0
1.0,64.0,2.0,1.0,1.0,1.0,39.0,32.0,-0.0030632107251067353,-0.0017650185808415486,32.0,256.0,6400000.0
1.0,1.0,4.0,1.0,1.0,1.0,63.0,32.0,-0.0030632107251067353,-0.0017650185808415486,8.0,1024.0,6400000.0
1.0,64.0,2.0,1.0,1.0,1.0,39.0,32.0,-0.0030632107251067353,-0.0017650185808415486,64.0,2048.0,6400000.0
1.0,64.0,2.0,1.0,1.0,1.0,39.0,32.0,-0.0030632107251067353,-0.0017650185808415486,16.0,32768.0,6400000.0
64.0,64.0,2.0,2.0,309.0,254.0,10270.0,32448.0,0.2592280325189661,0.2688213403382891,64.0,0.00195312,6400000.0
64.0,64.0,4.0,9.0,1447.0,949.0,44469.0,143648.0,0.5750091037309899,0.5795204831307995,0.000976562,0.0078125,6400000.0
1.0,64.0,2.0,1.0,1.0,1.0,39.0,32.0,-0.0030632107251067353,-0.0017650185808415486,512.0,0.000976562,6400000.0
39.0,64.0,2.0,2.0,159.0,135.0,5305.0,16608.0,0.2593817969921589,0.27101805589306294,32.0,0.25,6400000.0
16.0,64.0,4.0,3.0,67.0,47.0,2020.0,5472.0,0.28428173420704106,0.29213228260301216,0.000976562,8.0,6400000.0
1.0,64.0,2.0,1.0,1.0,1.0,39.0,32.0,-0.0030632107251067353,-0.0017650185808415486,0.5,2048.0,6400000.0
1.0,64.0,2.0,1.0,1.0,1.0,39.0,32.0,-0.0030632107251067353,-0.0017650185808415486,256.0,128.0,6400000.0
1.0,64.0,4.0,1.0,1.0,1.0,63.0,32.0,-0.0030632107251067353,-0.0017650185808415486,0.0,1024.0,6400000.0
1.0,64.0,2.0,1.0,1.0,1.0,39.0,32.0,-0.0030632107251067353,-0.0017650185808415486,1024.0,0.0078125,6400000.0
1.0,64.0,2.0,1.0,1.0,1.0,39.0,32.0,-0.0030632107251067353,-0.0017650185808415486,128.0,16.0,6400000.0
1.0,64.0,2.0,1.0,1.0,1.0,39.0,32.0,-0.0030632107251067353,-0.0017650185808415486,512.0,1024.0,6400000.0
1.0,64.0,2.0,1.0,1.0,1.0,39.0,32.0,-0.0030632107251067353,-0.0017650185808415486,128.0,0.015625,6400000.0
46.0,64.0,2.0,9.0,227.0,172.0,6972.0,21632.0,0.4080351142330678,0.4212839842730328,0.5,2.0,6400000.0
1.0,1.0,4.0,1.0,1.0,1.0,63.0,32.0,-0.0030632107251067353,-0.0017650185808415486,16.0,4096.0,6400000.0
1.0,64.0,2.0,1.0,1.0,1.0,39.0,32.0,-0.0030632107251067353,-0.0017650185808415486,512.0,1.0,6400000.0
1.0,64.0,2.0,1.0,1.0,1.0,39.0,32.0,-0.0030632107251067353,-0.0017650185808415486,256.0,0.125,6400000.0
1.0,64.0,2.0,1.0,1.0,1.0,39.0,32.0,-0.0030632107251067353,-0.0017650185808415486,1024.0,8192.0,6400000.0
1.0,64.0,2.0,1.0,1.0,1.0,39.0,32.0,-0.0030632107251067353,-0.0017650185808415486,128.0,16384.0,6400000.0
35.0,64.0,4.0,9.0,658.0,483.0,20534.0,72800.0,0.5314186599624591,0.5427904047834783,0.0,1.0,6400000.0
1.0,1.0,1.0,2.0,3.0,2.0,108.0,192.0,0.03911015413878083,0.040912063041146696,0.0625,0.03125,6400000.0
1.0,64.0,2.0,1.0,1.0,1.0,39.0,32.0,-0.0030632107251067353,-0.0017650185808415486,4096.0,0.0,6400000.0
1.0,64.0,2.0,1.0,1.0,1.0,39.0,32.0,-0.0030632107251067353,-0.0017650185808415486,2048.0,0.0625,6400000.0
1.0,64.0,2.0,1.0,1.0,1.0,39.0,32.0,-0.0030632107251067353,-0.0017650185808415486,2.0,128.0,6400000.0
1.0,1.0,4.0,2.0,7.0,4.0,255.0,512.0,0.04649236193195383,0.049028621040196785,16.0,4.0,6400000.0
64.0,64.0,2.0,9.0,361.0,256.0,10694.0,32768.0,0.4528026697016485,0.46720914514559075,2.0,0.125,6400000.0
1.0,64.0,2.0,1.0,1.0,1.0,39.0,32.0,-0.0030632107251067353,-0.0017650185808415486,1024.0,8.0,6400000.0
11.0,64.0,2.0,3.0,35.0,25.0,1015.0,2592.0,0.23714634169335125,0.2431198474760431,1.0,16.0,6400000.0
1.0,64.0,2.0,1.0,1.0,1.0,39.0,32.0,-0.0030632107251067353,-0.0017650185808415486,2048.0,64.0,6400000.0
1.0,64.0,2.0,1.0,1.0,1.0,39.0,32.0,-0.0030632107251067353,-0.0017650185808415486,4096.0,0.5,6400000.0
64.0,64.0,2.0,9.0,365.0,256.0,10893.0,32768.0,0.45997752614293175,0.4712773124291182,1.0,0.015625,6400000.0
1.0,64.0,2.0,1.0,1.0,1.0,39.0,32.0,-0.0030632107251067353,-0.0017650185808415486,1.0,16384.0,6400000.0
60.0,64.0,2.0,8.0,312.0,235.0,9490.0,29920.0,0.44250722625257677,0.46036586946347924,4.0,1.0,6400000.0
1.0,64.0,2.0,1.0,1.0,1.0,39.0,32.0,-0.0030632107251067353,-0.0017650185808415486,4096.0,512.0,6400000.0
1.0,64.0,2.0,1.0,1.0,1.0,39.0,32.0,-0.0030632107251067353,-0.0017650185808415486,8192.0,4.0,6400000.0
1.0,64.0,2.0,1.0,1.0,1.0,39.0,32.0,-0.0030632107251067353,-0.0017650185808415486,0.25,512.0,6400000.0
1.0,64.0,2.0,1.0,1.0,1.0,39.0,32.0,-0.0030632107251067353,-0.0017650185808415486,8192.0,0.00390625,6400000.0
1.0,64.0,2.0,1.0,1.0,1.0,39.0,32.0,-0.0030632107251067353,-0.0017650185808415486,16384.0,0.03125,6400000.0
1.0,64.0,2.0,1.0,1.0,1.0,39.0,32.0,-0.0030632107251067353,-0.0017650185808415486,8192.0,4096.0,6400000.0
1.0,1.0,4.0,2.0,31.0,16.0,956.0,2432.0,0.047900625095890326,0.050208496053784524,32.0,0.03125,6400000.0
1.0,1.0,4.0,2.0,31.0,16.0,956.0,2432.0,0.047900625095890326,0.050208496053784524,16.0,0.0078125,6400000.0
64.0,64.0,2.0,8.0,369.0,256.0,11027.0,32768.0,0.45198395546365133,0.46377628621845857,4.0,0.000976562,6400000.0
64.0,64.0,2.0,9.0,365.0,256.0,10896.0,32768.0,0.4563382867210801,0.4704348065097803,0.5,0.00390625,6400000.0
1.0,1.0,4.0,2.0,3.0,2.0,136.0,192.0,0.03911015413878083,0.040912063041146696,32.0,16.0,6400000.0
64.0,64.0,4.0,9.0,1456.0,948.0,44179.0,143488.0,0.5771161029127683,0.5833391087780317,0.0,0.00195312,6400000.0
3.0,64.0,2.0,2.0,9.0,6.0,287.0,576.0,0.10115259004895938,0.10346957106453547,16.0,64.0,6400000.0
14.0,64.0,2.0,3.0,58.0,41.0,1695.0,4768.0,0.2755258013558761,0.2825067573238387,8.0,8.0,6400000.0
1.0,64.0,2.0,1.0,1.0,1.0,39.0,32.0,-0.0030632107251067353,-0.0017650185808415486,8.0,8192.0,6400000.0
64.0,64.0,2.0,6.0,349.0,256.0,10763.0,32768.0,0.4424117267217289,0.439528882348184,8.0,0.0078125,6400000.0
1.0,64.0,2.0,1.0,1.0,1.0,39.0,32.0,-0.0030632107251067353,-0.0017650185808415486,4.0,1024.0,6400000.0
1.0,64.0,2.0,1.0,1.0,1.0,39.0,32.0,-0.0030632107251067353,-0.0017650185808415486,16384.0,32768.0,6400000.0
1.0,64.0,2.0,1.0,1.0,1.0,39.0,32.0,-0.0030632107251067353,-0.0017650185808415486,32768.0,0.25,6400000.0
1.0,64.0,2.0,1.0,1.0,1.0,39.0,32.0,-0.0030632107251067353,-0.0017650185808415486,16384.0,32.0,6400000.0
1.0,64.0,2.0,1.0,1.0,1.0,39.0,32.0,-0.0030632107251067353,-0.0017650185808415486,32768.0,256.0,6400000.0
63.0,64.0,2.0,3.0,325.0,250.0,10436.0,31936.0,0.33097250671227496,0.33609611278708984,16.0,0.0625,6400000.0
19.0,64.0,2.0,2.0,74.0,57.0,2380.0,6688.0,0.2512662014893755,0.2606608379591845,64.0,4.0,6400000.0
1.0,64.0,2.0,1.0,1.0,1.0,39.0,32.0,-0.0030632107251067353,-0.0017650185808415486,32.0,512.0,6400000.0
1.0,64.0,2.0,1.0,1.0,1.0,39.0,32.0,-0.0030632107251067353,-0.0017650185808415486,64.0,4096.0,6400000.0
1.0,1.0,4.0,1.0,1.0,1.0,63.0,32.0,-0.0030632107251067353,-0.0017650185808415486,8.0,2048.0,6400000.0
64.0,64.0,4.0,9.0,1407.0,933.0,43118.0,141088.0,0.5788015987082014,0.5858038743866978,0.000976562,0.015625,6400000.0
64.0,64.0,2.0,2.0,309.0,254.0,10270.0,32448.0,0.2592280325189661,0.2688213403382891,32.0,0.0,6400000.0
64.0,64.0,2.0,2.0,309.0,254.0,10270.0,32448.0,0.2592280325189661,0.2688213403382891,64.0,0.00390625,6400000.0
28.0,64.0,2.0,2.0,130.0,109.0,4298.0,13856.0,0.2589595133955369,0.26969276798452724,32.0,0.5,6400000.0
1.0,64.0,2.0,1.0,1.0,1.0,39.0,32.0,-0.0030632107251067353,-0.0017650185808415486,512.0,0.00195312,6400000.0
1.0,64.0,2.0,1.0,1.0,1.0,39.0,32.0,-0.0030632107251067353,-0.0017650185808415486,0.5,4096.0,6400000.0
1.0,64.0,2.0,1.0,1.0,1.0,39.0,32.0,-0.0030632107251067353,-0.0017650185808415486,256.0,256.0,6400000.0
1.0,64.0,4.0,1.0,1.0,1.0,63.0,32.0,-0.0030632107251067353,-0.0017650185808415486,0.0,2048.0,6400000.0
1.0,64.0,2.0,1.0,1.0,1.0,39.0,32.0,-0.0030632107251067353,-0.0017650185808415486,256.0,0.25,6400000.0
1.0,64.0,2.0,1.0,1.0,1.0,39.0,32.0,-0.0030632107251067353,-0.0017650185808415486,512.0,2048.0,6400000.0
1.0,64.0,2.0,1.0,1.0,1.0,39.0,32.0,-0.0030632107251067353,-0.0017650185808415486,4096.0,0.000976562,6400000.0
1.0,64.0,2.0,1.0,1.0,1.0,39.0,32.0,-0.0030632107251067353,-0.0017650185808415486,128.0,0.03125,6400000.0
1.0,64.0,2.0,1.0,1.0,1.0,39.0,32.0,-0.0030632107251067353,-0.0017650185808415486,128.0,32768.0,6400000.0
1.0,64.0,2.0,1.0,1.0,1.0,39.0,32.0,-0.0030632107251067353,-0.0017650185808415486,128.0,32.0,6400000.0
1.0,64.0,2.0,1.0,1.0,1.0,39.0,32.0,-0.0030632107251067353,-0.0017650185808415486,512.0,2.0,6400000.0
1.0,64.0,2.0,1.0,1.0,1.0,39.0,32.0,-0.0030632107251067353,-0.0017650185808415486,1024.0,16384.0,6400000.0
1.0,1.0,4.0,1.0,1.0,1.0,63.0,32.0,-0.0030632107251067353,-0.0017650185808415486,16.0,8192.0,6400000.0
34.0,64.0,2.0,8.0,154.0,114.0,4701.0,13888.0,0.38259743933417434,0.3960951675074147,0.5,4.0,6400000.0
1.0,1.0,1.0,2.0,3.0,2.0,108.0,192.0,0.03911015413878083,0.040912063041146696,0.0625,0.0625,6400000.0
64.0,64.0,2.0,9.0,355.0,256.0,10628.0,32768.0,0.4555936474212582,0.4681786497956407,2.0,0.25,6400000.0
34.0,64.0,4.0,9.0,405.0,299.0,12531.0,43488.0,0.48047354984414437,0.4995541811062537,0.0,2.0,6400000.0
8.0,64.0,2.0,2.0,22.0,16.0,664.0,1536.0,0.184803559555608,0.19082719424152972,1.0,32.0,6400000.0
1.0,64.0,2.0,1.0,1.0,1.0,39.0,32.0,-0.0030632107251067353,-0.0017650185808415486,1024.0,16.0,6400000.0
11.0,64.0,4.0,3.0,35.0,26.0,1119.0,2752.0,0.23801654357424562,0.2440154241847443,0.000976562,16.0,6400000.0
1.0,64.0,2.0,1.0,1.0,1.0,39.0,32.0,-0.0030632107251067353,-0.0017650185808415486,4096.0,1.0,6400000.0
1.0,64.0,2.0,1.0,1.0,1.0,39.0,32.0,-0.0030632107251067353,-0.0017650185808415486,1024.0,0.015625,6400000.0
1.0,64.0,2.0,1.0,1.0,1.0,39.0,32.0,-0.0030632107251067353,-0.0017650185808415486,2.0,256.0,6400000.0
1.0,64.0,2.0,1.0,1.0,1.0,39.0,32.0,-0.0030632107251067353,-0.0017650185808415486,1.0,32768.0,6400000.0
1.0,64.0,2.0,1.0,1.0,1.0,39.0,32.0,-0.0030632107251067353,-0.0017650185808415486,2048.0,128.0,6400000.0
1.0,64.0,2.0,1.0,1.0,1.0,39.0,32.0,-0.0030632107251067353,-0.0017650185808415486,2048.0,0.125,6400000.0
1.0,1.0,4.0,2.0,5.0,3.0,187.0,352.0,0.0448609123359176,0.04645360057610004,16.0,8.0,6400000.0
64.0,64.0,2.0,9.0,363.0,256.0,10872.0,32768.0,0.46033895546659553,0.47200358471595627,1.0,0.03125,6400000.0
1.0,64.0,2.0,1.0,1.0,1.0,39.0,32.0,-0.0030632107251067353,-0.0017650185808415486,4096.0,1024.0,6400000.0
41.0,64.0,2.0,7.0,205.0,153.0,6275.0,19232.0,0.4076953253076021,0.42160670156685387,4.0,2.0,6400000.0
1.0,64.0,2.0,1.0,1.0,1.0,39.0,32.0,-0.0030632107251067353,-0.0017650185808415486,0.25,1024.0,6400000.0
1.0,64.0,2.0,1.0,1.0,1.0,39.0,32.0,-0.0030632107251067353,-0.0017650185808415486,16384.0,0.0625,6400000.0
1.0,64.0,2.0,1.0,1.0,1.0,39.0,32.0,-0.0030632107251067353,-0.0017650185808415486,8192.0,0.0078125,6400000.0
1.0,64.0,2.0,1.0,1.0,1.0,39.0,32.0,-0.0030632107251067353,-0.0017650185808415486,8192.0,8.0,6400000.0
1.0,1.0,4.0,2.0,31.0,16.0,956.0,2432.0,0.047900625095890326,0.050208496053784524,16.0,0.015625,6400000.0
1.0,64.0,2.0,1.0,1.0,1.0,39.0,32.0,-0.0030632107251067353,-0.0017650185808415486,8192.0,8192.0,6400000.0
64.0,64.0,2.0,8.0,369.0,256.0,11027.0,32768.0,0.45198395546365133,0.46377628621845857,4.0,0.00195312,6400000.0
1.0,1.0,4.0,2.0,29.0,15.0,919.0,2272.0,0.04804010010997095,0.05023591601278776,32.0,0.0625,6400000.0
64.0,64.0,4.0,9.0,1450.0,939.0,43897.0,142048.0,0.575118739484581,0.5813786736774285,0.0,0.00390625,6400000.0
1.0,64.0,2.0,1.0,1.0,1.0,39.0,32.0,-0.0030632107251067353,-0.0017650185808415486,16.0,128.0,6400000.0
1.0,1.0,4.0,2.0,3.0,2.0,136.0,192.0,0.03911015413878083,0.040912063041146696,32.0,32.0,6400000.0
64.0,64.0,2.0,9.0,369.0,256.0,10930.0,32768.0,0.45552400123310643,0.46862622163179957,0.5,0.0078125,6400000.0
64.0,64.0,2.0,6.0,349.0,256.0,10760.0,32768.0,0.44007983463396394,0.43656488886429956,8.0,0.015625,6400000.0
1.0,64.0,2.0,1.0,1.0,1.0,39.0,32.0,-0.0030632107251067353,-0.0017650185808415486,4.0,2048.0,6400000.0
11.0,64.0,2.0,2.0,30.0,22.0,872.0,2112.0,0.211815897449531,0.21820531799146736,8.0,16.0,6400000.0
55.0,64.0,2.0,3.0,278.0,213.0,8701.0,27040.0,0.33270699517426827,0.336122771309734,16.0,0.125,6400000.0
1.0,64.0,2.0,1.0,1.0,1.0,39.0,32.0,-0.0030632107251067353,-0.0017650185808415486,8.0,16384.0,6400000.0
1.0,64.0,2.0,1.0,1.0,1.0,39.0,32.0,-0.0030632107251067353,-0.0017650185808415486,32768.0,0.0,6400000.0
1.0,64.0,2.0,1.0,1.0,1.0,39.0,32.0,-0.0030632107251067353,-0.0017650185808415486,32768.0,512.0,6400000.0
1.0,64.0,2.0,1.0,1.0,1.0,39.0,32.0,-0.0030632107251067353,-0.0017650185808415486,16384.0,64.0,6400000.0
1.0,64.0,2.0,1.0,1.0,1.0,39.0,32.0,-0.0030632107251067353,-0.0017650185808415486,32768.0,0.5,6400000.0
15.0,64.0,2.0,2.0,47.0,34.0,1432.0,3520.0,0.23483331904090687,0.24244665993785774,64.0,8.0,6400000.0
1.0,64.0,2.0,1.0,1.0,1.0,39.0,32.0,-0.0030632107251067353,-0.0017650185808415486,32.0,1024.0,6400000.0
1.0,64.0,2.0,1.0,1.0,1.0,39.0,32.0,-0.0030632107251067353,-0.0017650185808415486,64.0,8192.0,6400000.0
1.0,1.0,4.0,1.0,1.0,1.0,63.0,32.0,-0.0030632107251067353,-0.0017650185808415486,8.0,4096.0,6400000.0
64.0,64.0,4.0,9.0,1402.0,943.0,43052.0,142688.0,0.5763389233389777,0.5784402223821581,0.000976562,0.03125,6400000.0
64.0,64.0,2.0,2.0,309.0,254.0,10270.0,32448.0,0.2592280325189661,0.2688213403382891,32.0,0.000976562,6400000.0
25.0,64.0,2.0,2.0,98.0,78.0,3165.0,9280.0,0.25458612769279687,0.26652926967123536,32.0,1.0,6400000.0
64.0,64.0,2.0,2.0,309.0,254.0,10270.0,32448.0,0.2592280325189661,0.2688213403382891,64.0,0.0078125,6400000.0
1.0,64.0,2.0,1.0,1.0,1.0,39.0,32.0,-0.0030632107251067353,-0.0017650185808415486,0.5,8192.0,6400000.0
1.0,64.0,2.0,1.0,1.0,1.0,39.0,32.0,-0.0030632107251067353,-0.0017650185808415486,512.0,0.00390625,6400000.0
1.0,64.0,2.0,1.0,1.0,1.0,39.0,32.0,-0.0030632107251067353,-0.0017650185808415486,256.0,512.0,6400000.0
1.0,64.0,4.0,1.0,1.0,1.0,63.0,32.0,-0.0030632107251067353,-0.0017650185808415486,0.0,4096.0,6400000.0
1.0,64.0,2.0,1.0,1.0,1.0,39.0,32.0,-0.0030632107251067353,-0.0017650185808415486,512.0,4096.0,6400000.0
1.0,64.0,2.0,1.0,1.0,1.0,39.0,32.0,-0.0030632107251067353,-0.0017650185808415486,4096.0,0.00195312,6400000.0
1.0,64.0,2.0,1.0,1.0,1.0,39.0,32.0,-0.0030632107251067353,-0.0017650185808415486,256.0,0.5,6400000.0
1.0,64.0,2.0,1.0,1.0,1.0,39.0,32.0,-0.0030632107251067353,-0.0017650185808415486,512.0,4.0,6400000.0
1.0,1.0,4.0,1.0,1.0,1.0,63.0,32.0,-0.0030632107251067353,-0.0017650185808415486,16.0,16384.0,6400000.0
1.0,64.0,2.0,1.0,1.0,1.0,39.0,32.0,-0.0030632107251067353,-0.0017650185808415486,256.0,0.0,6400000.0
27.0,64.0,4.0,9.0,182.0,137.0,5741.0,18464.0,0.39629112021669155,0.40252478152262305,0.0,4.0,6400000.0
1.0,64.0,2.0,1.0,1.0,1.0,39.0,32.0,-0.0030632107251067353,-0.0017650185808415486,1024.0,32768.0,6400000.0
1.0,64.0,2.0,1.0,1.0,1.0,39.0,32.0,-0.0030632107251067353,-0.0017650185808415486,128.0,64.0,6400000.0
1.0,64.0,2.0,1.0,1.0,1.0,39.0,32.0,-0.0030632107251067353,-0.0017650185808415486,128.0,0.0625,6400000.0
1.0,1.0,1.0,2.0,3.0,2.0,108.0,192.0,0.03911015413878083,0.040912063041146696,0.0625,0.125,6400000.0
3.0,64.0,2.0,2.0,9.0,6.0,287.0,576.0,0.10115259004895938,0.10346957106453547,1.0,64.0,6400000.0
14.0,64.0,2.0,3.0,58.0,41.0,1695.0,4768.0,0.2755258013558761,0.2825067573238387,0.5,8.0,6400000.0
1.0,64.0,2.0,1.0,1.0,1.0,39.0,32.0,-0.0030632107251067353,-0.0017650185808415486,4096.0,2.0,6400000.0
1.0,64.0,2.0,1.0,1.0,1.0,39.0,32.0,-0.0030632107251067353,-0.0017650185808415486,2.0,512.0,6400000.0
8.0,64.0,4.0,2.0,22.0,16.0,724.0,1536.0,0.184803559555608,0.19082719424152972,0.000976562,32.0,6400000.0
1.0,64.0,2.0,1.0,1.0,1.0,39.0,32.0,-0.0030632107251067353,-0.0017650185808415486,1024.0,0.03125,6400000.0
1.0,1.0,4.0,2.0,3.0,2.0,136.0,192.0,0.03911015413878083,0.040912063041146696,16.0,16.0,6400000.0
1.0,64.0,2.0,1.0,1.0,1.0,39.0,32.0,-0.0030632107251067353,-0.0017650185808415486,2048.0,256.0,6400000.0
64.0,64.0,2.0,9.0,349.0,256.0,10565.0,32768.0,0.45953032567952556,0.46839724657947224,2.0,0.5,6400000.0
1.0,64.0,2.0,1.0,1.0,1.0,39.0,32.0,-0.0030632107251067353,-0.0017650185808415486,4096.0,2048.0,6400000.0
64.0,64.0,2.0,9.0,371.0,256.0,10997.0,32768.0,0.45721177241602873,0.47251412132987025,2.0,0.0,6400000.0
1.0,64.0,2.0,1.0,1.0,1.0,39.0,32.0,-0.0030632107251067353,-0.0017650185808415486,1024.0,32.0,6400000.0
31.0,64.0,2.0,6.0,135.0,101.0,4183.0,12192.0,0.36078748987222076,0.3683997795958679,4.0,4.0,6400000.0
1.0,64.0,2.0,1.0,1.0,1.0,39.0,32.0,-0.0030632107251067353,-0.0017650185808415486,2048.0,0.25,6400000.0
64.0,64.0,2.0,9.0,365.0,256.0,10926.0,32768.0,0.4581524792686711,0.46929607587525124,1.0,0.0625,6400000.0
1.0,64.0,2.0,1.0,1.0,1.0,39.0,32.0,-0.0030632107251067353,-0.0017650185808415486,16384.0,0.125,6400000.0
1.0,64.0,2.0,1.0,1.0,1.0,39.0,32.0,-0.0030632107251067353,-0.0017650185808415486,8192.0,0.015625,6400000.0
1.0,64.0,4.0,1.0,1.0,1.0,63.0,32.0,-0.0030632107251067353,-0.0017650185808415486,0.000976562,256.0,6400000.0
1.0,1.0,4.0,2.0,23.0,12.0,746.0,1792.0,0.04792388146102777,0.05038844148178523,32.0,0.125,6400000.0
1.0,64.0,2.0,1.0,1.0,1.0,39.0,32.0,-0.0030632107251067353,-0.0017650185808415486,8192.0,16.0,6400000.0
1.0,1.0,4.0,2.0,31.0,16.0,956.0,2432.0,0.047900625095890326,0.050208496053784524,16.0,0.03125,6400000.0
64.0,64.0,2.0,8.0,369.0,256.0,11027.0,32768.0,0.45198395546365133,0.46377628621845857,4.0,0.00390625,6400000.0
1.0,64.0,2.0,1.0,1.0,1.0,39.0,32.0,-0.0030632107251067353,-0.0017650185808415486,8192.0,16384.0,6400000.0
1.0,64.0,2.0,1.0,1.0,1.0,39.0,32.0,-0.0030632107251067353,-0.0017650185808415486,16.0,256.0,6400000.0
64.0,64.0,4.0,9.0,1447.0,949.0,44469.0,143648.0,0.5750091037309899,0.5795204831307995,0.0,0.0078125,6400000.0
1.0,1.0,4.0,2.0,3.0,2.0,136.0,192.0,0.03911015413878083,0.040912063041146696,32.0,64.0,6400000.0
47.0,64.0,2.0,3.0,238.0,182.0,7451.0,23104.0,0.3332276869680305,0.33633928307445815,16.0,0.25,6400000.0
64.0,64.0,2.0,6.0,352.0,256.0,10802.0,32768.0,0.4387999988645548,0.43500611571326175,8.0,0.03125,6400000.0
8.0,64.0,2.0,2.0,22.0,16.0,664.0,1536.0,0.184803559555608,0.19082719424152972,8.0,32.0,6400000.0
1.0,64.0,2.0,1.0,1.0,1.0,39.0,32.0,-0.0030632107251067353,-0.0017650185808415486,8.0,32768.0,6400000.0
1.0,64.0,2.0,1.0,1.0,1.0,39.0,32.0,-0.0030632107251067353,-0.0017650185808415486,16384.0,128.0,6400000.0
1.0,64.0,2.0,1.0,1.0,1.0,39.0,32.0,-0.0030632107251067353,-0.0017650185808415486,4.0,4096.0,6400000.0
64.0,64.0,4.0,9.0,1456.0,948.0,44179.0,143488.0,0.5771161029127683,0.5833391087780317,0.00195312,0.00195312,6400000.0
1.0,64.0,2.0,1.0,1.0,1.0,39.0,32.0,-0.0030632107251067353,-0.0017650185808415486,32768.0,1024.0,6400000.0
1.0,64.0,2.0,1.0,1.0,1.0,39.0,32.0,-0.0030632107251067353,-0.0017650185808415486,32768.0,0.000976562,6400000.0
1.0,64.0,2.0,1.0,1.0,1.0,39.0,32.0,-0.0030632107251067353,-0.0017650185808415486,32768.0,1.0,6400000.0
1.0,64.0,2.0,1.0,1.0,1.0,39.0,32.0,-0.0030632107251067353,-0.0017650185808415486,32.0,2048.0,6400000.0
11.0,64.0,2.0,2.0,30.0,22.0,872.0,2112.0,0.211815897449531,0.21820531799146736,64.0,16.0,6400000.0
1.0,64.0,2.0,1.0,1.0,1.0,39.0,32.0,-0.0030632107251067353,-0.0017650185808415486,64.0,16384.0,6400000.0
64.0,64.0,4.0,9.0,1402.0,952.0,43655.0,144128.0,0.6012652950052246,0.5917359794066872,0.000976562,0.0625,6400000.0
64.0,64.0,2.0,2.0,309.0,254.0,10270.0,32448.0,0.2592280325189661,0.2688213403382891,32.0,0.00195312,6400000.0
34.0,64.0,4.0,9.0,405.0,299.0,12531.0,43488.0,0.48047354984414437,0.4995541811062537,0.00195312,2.0,6400000.0
22.0,64.0,2.0,2.0,87.0,69.0,2845.0,8224.0,0.2533548419140267,0.2641108116508766,32.0,2.0,6400000.0
64.0,64.0,2.0,2.0,309.0,254.0,10270.0,32448.0,0.2592280325189661,0.2688213403382891,64.0,0.015625,6400000.0
1.0,64.0,2.0,1.0,1.0,1.0,39.0,32.0,-0.0030632107251067353,-0.0017650185808415486,512.0,0.0078125,6400000.0
1.0,64.0,2.0,1.0,1.0,1.0,39.0,32.0,-0.0030632107251067353,-0.0017650185808415486,256.0,1024.0,6400000.0
1.0,64.0,4.0,1.0,1.0,1.0,63.0,32.0,-0.0030632107251067353,-0.0017650185808415486,0.00195312,2048.0,6400000.0
1.0,64.0,4.0,1.0,1.0,1.0,63.0,32.0,-0.0030632107251067353,-0.0017650185808415486,0.0,8192.0,6400000.0
1.0,64.0,2.0,1.0,1.0,1.0,39.0,32.0,-0.0030632107251067353,-0.0017650185808415486,4096.0,0.00390625,6400000.0
1.0,64.0,2.0,1.0,1.0,1.0,39.0,32.0,-0.0030632107251067353,-0.0017650185808415486,256.0,1.0,6400000.0
1.0,64.0,2.0,1.0,1.0,1.0,39.0,32.0,-0.0030632107251067353,-0.0017650185808415486,512.0,8192.0,6400000.0
1.0,1.0,4.0,1.0,1.0,1.0,63.0,32.0,-0.0030632107251067353,-0.0017650185808415486,16.0,32768.0,6400000.0
1.0,64.0,2.0,1.0,1.0,1.0,39.0,32.0,-0.0030632107251067353,-0.0017650185808415486,512.0,8.0,6400000.0
1.0,64.0,2.0,1.0,1.0,1.0,39.0,32.0,-0.0030632107251067353,-0.0017650185808415486,2048.0,0.0,6400000.0
16.0,64.0,4.0,3.0,67.0,47.0,2020.0,5472.0,0.28428173420704106,0.29213228260301216,0.0,8.0,6400000.0
1.0,64.0,2.0,1.0,1.0,1.0,39.0,32.0,-0.0030632107251067353,-0.0017650185808415486,128.0,0.125,6400000.0
1.0,64.0,2.0,1.0,1.0,1.0,39.0,32.0,-0.0030632107251067353,-0.0017650185808415486,4096.0,4.0,6400000.0
1.0,64.0,2.0,1.0,1.0,1.0,39.0,32.0,-0.0030632107251067353,-0.0017650185808415486,128.0,128.0,6400000.0
1.0,64.0,2.0,1.0,1.0,1.0,39.0,32.0,-0.0030632107251067353,-0.0017650185808415486,256.0,0.000976562,6400000.0
1.0,1.0,1.0,2.0,3.0,2.0,108.0,192.0,0.03911015413878083,0.040912063041146696,0.0625,0.25,6400000.0
1.0,64.0,2.0,1.0,1.0,1.0,39.0,32.0,-0.0030632107251067353,-0.0017650185808415486,1024.0,0.0625,6400000.0
1.0,64.0,2.0,1.0,1.0,1.0,39.0,32.0,-0.0030632107251067353,-0.0017650185808415486,4096.0,4096.0,6400000.0
3.0,64.0,4.0,2.0,9.0,6.0,335.0,576.0,0.10115259004895938,0.10346957106453547,0.000976562,64.0,6400000.0
1.0,64.0,2.0,1.0,1.0,1.0,39.0,32.0,-0.0030632107251067353,-0.0017650185808415486,2048.0,0.5,6400000.0
1.0,64.0,2.0,1.0,1.0,1.0,39.0,32.0,-0.0030632107251067353,-0.0017650185808415486,1024.0,64.0,6400000.0
1.0,1.0,4.0,2.0,3.0,2.0,136.0,192.0,0.03911015413878083,0.040912063041146696,16.0,32.0,6400000.0
11.0,64.0,4.0,3.0,35.0,26.0,1119.0,2752.0,0.23801654357424562,0.2440154241847443,0.00390625,16.0,6400000.0
64.0,64.0,4.0,9.0,1407.0,933.0,43118.0,141088.0,0.5788015987082014,0.5858038743866978,0.00390625,0.015625,6400000.0
1.0,64.0,2.0,1.0,1.0,1.0,39.0,32.0,-0.0030632107251067353,-0.0017650185808415486,2048.0,512.0,6400000.0
1.0,64.0,4.0,1.0,1.0,1.0,63.0,32.0,-0.0030632107251067353,-0.0017650185808415486,0.00390625,16384.0,6400000.0
1.0,64.0,4.0,1.0,1.0,1.0,63.0,32.0,-0.0030632107251067353,-0.0017650185808415486,0.0078125,128.0,6400000.0
1.0,64.0,2.0,1.0,1.0,1.0,39.0,32.0,-0.0030632107251067353,-0.0017650185808415486,8192.0,0.03125,6400000.0
64.0,64.0,4.0,9.0,1457.0,948.0,44212.0,143488.0,0.5768136670374087,0.5827954058289182,0.015625,0.000976562,6400000.0
1.0,64.0,4.0,1.0,1.0,1.0,63.0,32.0,-0.0030632107251067353,-0.0017650185808415486,0.000976562,512.0,6400000.0
64.0,64.0,4.0,9.0,1398.0,979.0,43767.0,148448.0,0.6060950479646416,0.5936877563146619,0.0078125,0.125,6400000.0
1.0,64.0,2.0,1.0,1.0,1.0,39.0,32.0,-0.0030632107251067353,-0.0017650185808415486,16384.0,0.25,6400000.0
1.0,1.0,4.0,1.0,1.0,1.0,63.0,32.0,-0.0030632107251067353,-0.0017650185808415486,32.0,512.0,6400000.0
1.0,64.0,2.0,1.0,1.0,1.0,39.0,32.0,-0.0030632107251067353,-0.0017650185808415486,8192.0,32768.0,6400000.0
1.0,1.0,4.0,2.0,19.0,10.0,610.0,1472.0,0.047792427860041564,0.050326724393663924,32.0,0.25,6400000.0
1.0,64.0,2.0,1.0,1.0,1.0,39.0,32.0,-0.0030632107251067353,-0.0017650185808415486,8192.0,32.0,6400000.0
35.0,64.0,4.0,9.0,658.0,483.0,20534.0,72800.0,0.5314186599624591,0.5427904047834783,0.015625,1.0,6400000.0
1.0,1.0,4.0,1.0,1.0,1.0,63.0,32.0,-0.0030632107251067353,-0.0017650185808415486,32.0,128.0,6400000.0
1.0,64.0,4.0,1.0,1.0,1.0,63.0,32.0,-0.0030632107251067353,-0.0017650185808415486,0.015625,1024.0,6400000.0
64.0,64.0,4.0,9.0,1407.0,933.0,43118.0,141088.0,0.5788015987082014,0.5858038743866978,0.0,0.015625,6400000.0
64.0,64.0,4.0,9.0,1447.0,949.0,44469.0,143648.0,0.5750091037309899,0.5795204831307995,0.03125,0.0078125,6400000.0
1.0,64.0,4.0,1.0,1.0,1.0,63.0,32.0,-0.0030632107251067353,-0.0017650185808415486,0.03125,8192.0,6400000.0
1.0,64.0,2.0,1.0,1.0,1.0,39.0,32.0,-0.0030632107251067353,-0.0017650185808415486,32768.0,0.00195312,6400000.0
16.0,64.0,4.0,3.0,67.0,47.0,2020.0,5472.0,0.28428173420704106,0.29213228260301216,0.03125,8.0,6400000.0
1.0,64.0,2.0,1.0,1.0,1.0,39.0,32.0,-0.0030632107251067353,-0.0017650185808415486,16384.0,256.0,6400000.0
1.0,64.0,2.0,1.0,1.0,1.0,39.0,32.0,-0.0030632107251067353,-0.0017650185808415486,32768.0,2.0,6400000.0
64.0,64.0,4.0,9.0,1450.0,939.0,43897.0,142048.0,0.575118739484581,0.5813786736774285,0.00195312,0.00390625,6400000.0
1.0,64.0,2.0,1.0,1.0,1.0,39.0,32.0,-0.0030632107251067353,-0.0017650185808415486,32768.0,2048.0,6400000.0
64.0,64.0,4.0,9.0,1444.0,941.0,44145.0,142368.0,0.5802364821287984,0.5823626453234317,0.125,0.0,6400000.0
64.0,64.0,4.0,9.0,1402.0,952.0,43655.0,144128.0,0.6012652950052246,0.5917359794066872,0.0625,0.0625,6400000.0
3.0,64.0,4.0,2.0,9.0,6.0,335.0,576.0,0.10115259004895938,0.10346957106453547,0.0625,64.0,6400000.0
44.0,64.0,4.0,9.0,824.0,597.0,25840.0,89888.0,0.5329635992521082,0.5467975483986998,0.125,0.5,6400000.0
64.0,64.0,4.0,9.0,1398.0,979.0,43767.0,148448.0,0.6060950479646416,0.5936877563146619,0.000976562,0.125,6400000.0
1.0,1.0,4.0,2.0,31.0,16.0,956.0,2432.0,0.047900625095890326,0.050208496053784524,64.0,0.00390625,6400000.0
1.0,64.0,4.0,1.0,1.0,1.0,63.0,32.0,-0.0030632107251067353,-0.0017650185808415486,0.125,512.0,6400000.0
27.0,64.0,4.0,9.0,182.0,137.0,5741.0,18464.0,0.39629112021669155,0.40252478152262305,0.00195312,4.0,6400000.0
64.0,64.0,4.0,9.0,1461.0,949.0,44476.0,143648.0,0.6060788608606195,0.5991595477400625,0.25,0.00390625,6400000.0
21.0,64.0,4.0,8.0,161.0,120.0,5054.0,16512.0,0.37569441219205346,0.3831987737801994,0.25,4.0,6400000.0
64.0,64.0,4.0,9.0,1400.0,936.0,42959.0,141568.0,0.5836962607007481,0.5850531285647164,0.5,0.03125,6400000.0
1.0,64.0,4.0,1.0,1.0,1.0,63.0,32.0,-0.0030632107251067353,-0.0017650185808415486,0.00195312,4096.0,6400000.0
8.0,64.0,4.0,2.0,22.0,16.0,724.0,1536.0,0.184803559555608,0.19082719424152972,0.5,32.0,6400000.0
1.0,64.0,4.0,1.0,1.0,1.0,63.0,32.0,-0.0030632107251067353,-0.0017650185808415486,0.0,16384.0,6400000.0
1.0,64.0,4.0,1.0,1.0,1.0,63.0,32.0,-0.0030632107251067353,-0.0017650185808415486,0.5,32768.0,6400000.0
1.0,1.0,1.0,2.0,3.0,2.0,108.0,192.0,0.03911015413878083,0.040912063041146696,0.0625,0.5,6400000.0
1.0,64.0,4.0,1.0,1.0,1.0,63.0,32.0,-0.0030632107251067353,-0.0017650185808415486,0.25,4096.0,6400000.0
11.0,64.0,4.0,3.0,35.0,26.0,1119.0,2752.0,0.23801654357424562,0.2440154241847443,0.0,16.0,6400000.0
52.0,64.0,4.0,9.0,1083.0,762.0,33911.0,115264.0,0.5814716095751725,0.5817196003704657,1.0,0.25,6400000.0
37.0,64.0,4.0,9.0,393.0,302.0,12357.0,43584.0,0.48433038515692384,0.49955225833858974,2.0,2.0,6400000.0
1.0,64.0,4.0,1.0,1.0,1.0,63.0,32.0,-0.0030632107251067353,-0.0017650185808415486,1.0,256.0,6400000.0
64.0,64.0,4.0,9.0,1454.0,949.0,44333.0,143648.0,0.5843733401659071,0.5786233737716064,2.0,0.00195312,6400000.0
1.0,1.0,4.0,2.0,7.0,4.0,255.0,512.0,0.04649236193195383,0.049028621040196785,64.0,4.0,6400000.0
11.0,64.0,4.0,3.0,35.0,26.0,1119.0,2752.0,0.23801654357424562,0.2440154241847443,4.0,16.0,6400000.0
64.0,64.0,4.0,8.0,1378.0,938.0,42781.0,141888.0,0.5738777744806335,0.5739232584063816,4.0,0.015625,6400000.0
8.0,64.0,4.0,2.0,22.0,16.0,724.0,1536.0,0.184803559555608,0.19082719424152972,0.00390625,32.0,6400000.0
64.0,64.0,4.0,9.0,1456.0,948.0,44179.0,143488.0,0.5771161029127683,0.5833391087780317,0.015625,0.00195312,6400000.0
62.0,64.0,4.0,6.0,1140.0,856.0,36963.0,129024.0,0.5583387852246339,0.5542342903952606,8.0,0.125,6400000.0
1.0,64.0,4.0,1.0,1.0,1.0,63.0,32.0,-0.0030632107251067353,-0.0017650185808415486,0.0078125,256.0,6400000.0
25.0,64.0,4.0,3.0,216.0,172.0,7163.0,24320.0,0.3258598713939125,0.33411787168337415,16.0,1.0,6400000.0
1.0,64.0,4.0,1.0,1.0,1.0,63.0,32.0,-0.0030632107251067353,-0.0017650185808415486,8.0,128.0,6400000.0
64.0,64.0,4.0,9.0,1402.0,943.0,43052.0,142688.0,0.5763389233389777,0.5784402223821581,0.00390625,0.03125,6400000.0
1.0,64.0,4.0,1.0,1.0,1.0,63.0,32.0,-0.0030632107251067353,-0.0017650185808415486,2.0,2048.0,6400000.0
1.0,64.0,4.0,1.0,1.0,1.0,63.0,32.0,-0.0030632107251067353,-0.0017650185808415486,0.000976562,1024.0,6400000.0
1.0,64.0,4.0,1.0,1.0,1.0,63.0,32.0,-0.0030632107251067353,-0.0017650185808415486,0.000976562,128.0,6400000.0
1.0,64.0,4.0,1.0,1.0,1.0,63.0,32.0,-0.0030632107251067353,-0.0017650185808415486,16.0,1024.0,6400000.0
1.0,64.0,4.0,1.0,1.0,1.0,63.0,32.0,-0.0030632107251067353,-0.0017650185808415486,0.00390625,32768.0,6400000.0
53.0,64.0,4.0,9.0,1107.0,782.0,34427.0,118336.0,0.5963520786490591,0.5929239315447865,0.0078125,0.25,6400000.0
1.0,64.0,4.0,1.0,1.0,1.0,63.0,32.0,-0.0030632107251067353,-0.0017650185808415486,4.0,16384.0,6400000.0
15.0,64.0,4.0,2.0,47.0,34.0,1516.0,3520.0,0.23483331904090687,0.24244665993785774,32.0,8.0,6400000.0
64.0,64.0,4.0,2.0,976.0,808.0,34615.0,121088.0,0.2524815473183458,0.2646584695382024,32.0,0.0078125,6400000.0
1.0,1.0,4.0,1.0,1.0,1.0,63.0,32.0,-0.0030632107251067353,-0.0017650185808415486,64.0,4096.0,6400000.0
64.0,64.0,4.0,3.0,1059.0,817.0,35704.0,122528.0,0.3243818604254344,0.3363772346774324,16.0,0.000976562,6400000.0
34.0,64.0,4.0,9.0,405.0,299.0,12531.0,43488.0,0.48047354984414437,0.4995541811062537,0.015625,2.0,6400000.0
1.0,64.0,4.0,1.0,1.0,1.0,63.0,32.0,-0.0030632107251067353,-0.0017650185808415486,0.015625,2048.0,6400000.0
38.0,64.0,4.0,2.0,472.0,403.0,16778.0,59616.0,0.2508536416878968,0.26606333193727505,64.0,0.0625,6400000.0
1.0,64.0,4.0,1.0,1.0,1.0,63.0,32.0,-0.0030632107251067353,-0.0017650185808415486,64.0,64.0,6400000.0
1.0,64.0,4.0,1.0,1.0,1.0,63.0,32.0,-0.0030632107251067353,-0.0017650185808415486,32.0,8192.0,6400000.0
1.0,64.0,4.0,1.0,1.0,1.0,63.0,32.0,-0.0030632107251067353,-0.0017650185808415486,128.0,0.0,6400000.0
64.0,64.0,4.0,9.0,1407.0,933.0,43118.0,141088.0,0.5788015987082014,0.5858038743866978,0.03125,0.015625,6400000.0
1.0,64.0,4.0,1.0,1.0,1.0,63.0,32.0,-0.0030632107251067353,-0.0017650185808415486,0.03125,16384.0,6400000.0
1.0,1.0,4.0,1.0,1.0,1.0,63.0,32.0,-0.0030632107251067353,-0.0017650185808415486,32.0,256.0,6400000.0
1.0,1.0,4.0,1.0,1.0,1.0,63.0,32.0,-0.0030632107251067353,-0.0017650185808415486,32.0,1024.0,6400000.0
11.0,64.0,4.0,3.0,35.0,26.0,1119.0,2752.0,0.23801654357424562,0.2440154241847443,0.03125,16.0,6400000.0
64.0,64.0,4.0,9.0,1447.0,949.0,44469.0,143648.0,0.5750091037309899,0.5795204831307995,0.00195312,0.0078125,6400000.0
1.0,64.0,4.0,1.0,1.0,1.0,63.0,32.0,-0.0030632107251067353,-0.0017650185808415486,128.0,0.5,6400000.0
1.0,64.0,4.0,1.0,1.0,1.0,63.0,32.0,-0.0030632107251067353,-0.0017650185808415486,0.0625,128.0,6400000.0
1.0,64.0,4.0,1.0,1.0,1.0,63.0,32.0,-0.0030632107251067353,-0.0017650185808415486,128.0,512.0,6400000.0
64.0,64.0,4.0,9.0,1398.0,979.0,43767.0,148448.0,0.6060950479646416,0.5936877563146619,0.0625,0.125,6400000.0
64.0,64.0,4.0,9.0,1473.0,951.0,44742.0,143968.0,0.5861346284518926,0.5857996743881817,0.125,0.000976562,6400000.0
38.0,64.0,4.0,9.0,691.0,505.0,21460.0,75936.0,0.5505120967095605,0.5588962575632352,0.125,1.0,6400000.0
1.0,1.0,4.0,2.0,31.0,16.0,956.0,2432.0,0.047900625095890326,0.050208496053784524,64.0,0.0078125,6400000.0
1.0,64.0,4.0,1.0,1.0,1.0,63.0,32.0,-0.0030632107251067353,-0.0017650185808415486,256.0,0.00390625,6400000.0
1.0,64.0,4.0,1.0,1.0,1.0,63.0,32.0,-0.0030632107251067353,-0.0017650185808415486,256.0,4.0,6400000.0
16.0,64.0,4.0,3.0,67.0,47.0,2020.0,5472.0,0.28428173420704106,0.29213228260301216,0.00195312,8.0,6400000.0
1.0,64.0,4.0,1.0,1.0,1.0,63.0,32.0,-0.0030632107251067353,-0.0017650185808415486,256.0,4096.0,6400000.0
1.0,64.0,4.0,1.0,1.0,1.0,63.0,32.0,-0.0030632107251067353,-0.0017650185808415486,0.125,1024.0,6400000.0
64.0,64.0,4.0,9.0,1447.0,941.0,44104.0,142368.0,0.5917782100582332,0.5874320136077154,0.25,0.0078125,6400000.0
16.0,64.0,4.0,3.0,67.0,47.0,2020.0,5472.0,0.28428173420704106,0.29213228260301216,0.25,8.0,6400000.0
1.0,64.0,4.0,1.0,1.0,1.0,63.0,32.0,-0.0030632107251067353,-0.0017650185808415486,0.00195312,8192.0,6400000.0
3.0,64.0,4.0,2.0,9.0,6.0,335.0,576.0,0.10115259004895938,0.10346957106453547,0.5,64.0,6400000.0
64.0,64.0,4.0,9.0,1393.0,954.0,43546.0,144448.0,0.598752191056648,0.5964212712991549,0.5,0.0625,6400000.0
26.0,64.0,4.0,8.0,172.0,129.0,5296.0,17312.0,0.3951267073259065,0.40584305195034975,2.0,4.0,6400000.0
64.0,64.0,4.0,9.0,1450.0,937.0,44248.0,141728.0,0.5965731407805127,0.5881693338290361,1.0,0.0,6400000.0
1.0,64.0,4.0,1.0,1.0,1.0,63.0,32.0,-0.0030632107251067353,-0.0017650185808415486,0.25,8192.0,6400000.0
1.0,1.0,4.0,1.0,1.0,1.0,63.0,32.0,-0.0030632107251067353,-0.0017650185808415486,128.0,0.03125,6400000.0
42.0,64.0,4.0,9.0,825.0,589.0,25539.0,88864.0,0.5365614202420972,0.5443358123797324,1.0,0.5,6400000.0
1.0,64.0,4.0,1.0,1.0,1.0,63.0,32.0,-0.0030632107251067353,-0.0017650185808415486,1.0,512.0,6400000.0
64.0,64.0,4.0,9.0,1431.0,944.0,44244.0,142848.0,0.580007189967741,0.5809387451187018,2.0,0.00390625,6400000.0
1.0,64.0,4.0,1.0,1.0,1.0,63.0,32.0,-0.0030632107251067353,-0.0017650185808415486,512.0,0.03125,6400000.0
1.0,64.0,4.0,1.0,1.0,1.0,63.0,32.0,-0.0030632107251067353,-0.0017650185808415486,512.0,32.0,6400000.0
8.0,64.0,4.0,2.0,22.0,16.0,724.0,1536.0,0.184803559555608,0.19082719424152972,4.0,32.0,6400000.0
1.0,1.0,4.0,2.0,5.0,3.0,187.0,352.0,0.0448609123359176,0.04645360057610004,64.0,8.0,6400000.0
33.0,64.0,4.0,3.0,419.0,338.0,14059.0,49856.0,0.32937799723281747,0.33859565543052184,8.0,0.25,6400000.0
1.0,64.0,4.0,1.0,1.0,1.0,63.0,32.0,-0.0030632107251067353,-0.0017650185808415486,0.000976562,2048.0,6400000.0
23.0,64.0,4.0,3.0,153.0,120.0,4975.0,16256.0,0.319552560784911,0.327150369759344,16.0,2.0,6400000.0
1.0,64.0,4.0,1.0,1.0,1.0,63.0,32.0,-0.0030632107251067353,-0.0017650185808415486,0.0078125,512.0,6400000.0
64.0,64.0,4.0,8.0,1375.0,930.0,42727.0,140608.0,0.5654548672515488,0.567508503497888,4.0,0.03125,6400000.0
1.0,64.0,4.0,1.0,1.0,1.0,63.0,32.0,-0.0030632107251067353,-0.0017650185808415486,2.0,4096.0,6400000.0
3.0,64.0,4.0,2.0,9.0,6.0,335.0,576.0,0.10115259004895938,0.10346957106453547,0.00390625,64.0,6400000.0
1.0,64.0,4.0,1.0,1.0,1.0,63.0,32.0,-0.0030632107251067353,-0.0017650185808415486,8.0,256.0,6400000.0
64.0,64.0,4.0,9.0,1402.0,952.0,43655.0,144128.0,0.6012652950052246,0.5917359794066872,0.00390625,0.0625,6400000.0
47.0,64.0,4.0,9.0,936.0,676.0,29163.0,102144.0,0.579172694871942,0.5785778311096275,0.0078125,0.5,6400000.0
27.0,64.0,4.0,9.0,182.0,137.0,5741.0,18464.0,0.39629112021669155,0.40252478152262305,0.015625,4.0,6400000.0
1.0,64.0,4.0,1.0,1.0,1.0,63.0,32.0,-0.0030632107251067353,-0.0017650185808415486,4.0,32768.0,6400000.0
64.0,64.0,4.0,9.0,1450.0,939.0,43897.0,142048.0,0.575118739484581,0.5813786736774285,0.015625,0.00390625,6400000.0
64.0,64.0,4.0,9.0,1476.0,946.0,44286.0,143168.0,0.5792814010134584,0.5789439910804278,0.0078125,0.0,6400000.0
11.0,64.0,4.0,2.0,30.0,22.0,944.0,2112.0,0.211815897449531,0.21820531799146736,32.0,16.0,6400000.0
1.0,1.0,4.0,1.0,1.0,1.0,63.0,32.0,-0.0030632107251067353,-0.0017650185808415486,64.0,8192.0,6400000.0
37.0,64.0,4.0,2.0,302.0,257.0,10505.0,36384.0,0.25504156976916903,0.2701552342249074,64.0,0.125,6400000.0
53.0,64.0,4.0,2.0,806.0,671.0,28694.0,100576.0,0.2522461515267247,0.26507950339935327,32.0,0.015625,6400000.0
1.0,64.0,4.0,1.0,1.0,1.0,63.0,32.0,-0.0030632107251067353,-0.0017650185808415486,64.0,128.0,6400000.0
1.0,64.0,4.0,1.0,1.0,1.0,63.0,32.0,-0.0030632107251067353,-0.0017650185808415486,0.015625,4096.0,6400000.0
1.0,64.0,4.0,1.0,1.0,1.0,63.0,32.0,-0.0030632107251067353,-0.0017650185808415486,512.0,32768.0,6400000.0
1.0,64.0,4.0,1.0,1.0,1.0,63.0,32.0,-0.0030632107251067353,-0.0017650185808415486,32.0,16384.0,6400000.0
64.0,64.0,4.0,3.0,1060.0,818.0,35867.0,122688.0,0.32604562460839637,0.33547032389132714,16.0,0.00195312,6400000.0
1.0,64.0,4.0,1.0,1.0,1.0,63.0,32.0,-0.0030632107251067353,-0.0017650185808415486,16.0,2048.0,6400000.0
1.0,64.0,4.0,1.0,1.0,1.0,63.0,32.0,-0.0030632107251067353,-0.0017650185808415486,128.0,0.000976562,6400000.0
64.0,64.0,4.0,9.0,1402.0,943.0,43052.0,142688.0,0.5763389233389777,0.5784402223821581,0.03125,0.03125,6400000.0
1.0,1.0,4.0,1.0,1.0,1.0,63.0,32.0,-0.0030632107251067353,-0.0017650185808415486,32.0,2048.0,6400000.0
1.0,64.0,4.0,1.0,1.0,1.0,63.0,32.0,-0.0030632107251067353,-0.0017650185808415486,0.03125,32768.0,6400000.0
64.0,64.0,4.0,9.0,1407.0,933.0,43118.0,141088.0,0.5788015987082014,0.5858038743866978,0.00195312,0.015625,6400000.0
8.0,64.0,4.0,2.0,22.0,16.0,724.0,1536.0,0.184803559555608,0.19082719424152972,0.03125,32.0,6400000.0
1.0,64.0,4.0,1.0,1.0,1.0,63.0,32.0,-0.0030632107251067353,-0.0017650185808415486,128.0,1.0,6400000.0
1.0,64.0,4.0,1.0,1.0,1.0,63.0,32.0,-0.0030632107251067353,-0.0017650185808415486,128.0,1024.0,6400000.0
1.0,64.0,4.0,1.0,1.0,1.0,63.0,32.0,-0.0030632107251067353,-0.0017650185808415486,0.0625,256.0,6400000.0
64.0,64.0,4.0,9.0,1429.0,933.0,43770.0,141088.0,0.5892505425577664,0.5875190650822633,0.125,0.00195312,6400000.0
1.0,1.0,4.0,2.0,31.0,16.0,956.0,2432.0,0.047900625095890326,0.050208496053784524,64.0,0.015625,6400000.0
1.0,64.0,4.0,1.0,1.0,1.0,63.0,32.0,-0.0030632107251067353,-0.0017650185808415486,1024.0,0.25,6400000.0
1.0,64.0,4.0,1.0,1.0,1.0,63.0,32.0,-0.0030632107251067353,-0.0017650185808415486,256.0,8.0,6400000.0
53.0,64.0,4.0,9.0,1107.0,782.0,34427.0,118336.0,0.5963520786490591,0.5929239315447865,0.0625,0.25,6400000.0
11.0,64.0,4.0,3.0,35.0,26.0,1119.0,2752.0,0.23801654357424562,0.2440154241847443,0.00195312,16.0,6400000.0
1.0,64.0,4.0,1.0,1.0,1.0,63.0,32.0,-0.0030632107251067353,-0.0017650185808415486,256.0,0.0078125,6400000.0
1.0,64.0,4.0,1.0,1.0,1.0,63.0,32.0,-0.0030632107251067353,-0.0017650185808415486,256.0,8192.0,6400000.0
34.0,64.0,4.0,9.0,405.0,299.0,12531.0,43488.0,0.48047354984414437,0.4995541811062537,0.125,2.0,6400000.0
1.0,64.0,4.0,1.0,1.0,1.0,63.0,32.0,-0.0030632107251067353,-0.0017650185808415486,0.125,2048.0,6400000.0
64.0,64.0,4.0,9.0,1431.0,945.0,43766.0,143008.0,0.5967999299763826,0.590360748795662,0.25,0.015625,6400000.0
11.0,64.0,4.0,3.0,35.0,26.0,1119.0,2752.0,0.23801654357424562,0.2440154241847443,0.25,16.0,6400000.0
1.0,64.0,4.0,1.0,1.0,1.0,63.0,32.0,-0.0030632107251067353,-0.0017650185808415486,1.0,1024.0,6400000.0
1.0,1.0,4.0,1.0,1.0,1.0,63.0,32.0,-0.0030632107251067353,-0.0017650185808415486,128.0,0.0625,6400000.0
1.0,64.0,4.0,1.0,1.0,1.0,63.0,32.0,-0.0030632107251067353,-0.0017650185808415486,0.00195312,16384.0,6400000.0
64.0,64.0,4.0,9.0,1462.0,948.0,44486.0,143488.0,0.5994376499736249,0.5954987347979697,1.0,0.000976562,6400000.0
1.0,64.0,4.0,1.0,1.0,1.0,63.0,32.0,-0.0030632107251067353,-0.0017650185808415486,0.25,16384.0,6400000.0
1.0,64.0,4.0,1.0,1.0,1.0,63.0,32.0,-0.0030632107251067353,-0.0017650185808415486,0.5,128.0,6400000.0
64.0,64.0,4.0,9.0,1353.0,947.0,42533.0,143328.0,0.5871815881767757,0.5883379894230357,0.5,0.125,6400000.0
16.0,64.0,4.0,3.0,67.0,47.0,2020.0,5472.0,0.28428173420704106,0.29213228260301216,2.0,8.0,6400000.0
1.0,64.0,4.0,1.0,1.0,1.0,63.0,32.0,-0.0030632107251067353,-0.0017650185808415486,512.0,64.0,6400000.0
44.0,64.0,4.0,9.0,738.0,554.0,23173.0,83008.0,0.5400624899190241,0.5430427677680744,1.0,1.0,6400000.0
64.0,64.0,4.0,9.0,1435.0,944.0,43925.0,142848.0,0.5749951090922507,0.5790920828106201,2.0,0.0078125,6400000.0
3.0,64.0,4.0,2.0,9.0,6.0,335.0,576.0,0.10115259004895938,0.10346957106453547,4.0,64.0,6400000.0
1.0,64.0,4.0,1.0,1.0,1.0,63.0,32.0,-0.0030632107251067353,-0.0017650185808415486,512.0,0.0625,6400000.0
1.0,1.0,4.0,2.0,3.0,2.0,136.0,192.0,0.03911015413878083,0.040912063041146696,64.0,16.0,6400000.0
32.0,64.0,4.0,3.0,323.0,259.0,10680.0,37344.0,0.33143742313168967,0.335531340974662,8.0,0.5,6400000.0
1.0,64.0,4.0,1.0,1.0,1.0,63.0,32.0,-0.0030632107251067353,-0.0017650185808415486,2.0,8192.0,6400000.0
1.0,64.0,4.0,1.0,1.0,1.0,63.0,32.0,-0.0030632107251067353,-0.0017650185808415486,0.000976562,4096.0,6400000.0
64.0,64.0,4.0,8.0,1342.0,938.0,42305.0,141888.0,0.5526261172305486,0.5596208653547375,4.0,0.0625,6400000.0
64.0,64.0,4.0,9.0,1398.0,979.0,43767.0,148448.0,0.6060950479646416,0.5936877563146619,0.00390625,0.125,6400000.0
35.0,64.0,4.0,9.0,658.0,483.0,20534.0,72800.0,0.5314186599624591,0.5427904047834783,0.0078125,1.0,6400000.0
19.0,64.0,4.0,3.0,110.0,83.0,3508.0,10848.0,0.3078232849852275,0.3144164768351574,16.0,4.0,6400000.0
1.0,64.0,4.0,1.0,1.0,1.0,63.0,32.0,-0.0030632107251067353,-0.0017650185808415486,0.0078125,1024.0,6400000.0
8.0,64.0,4.0,2.0,22.0,16.0,724.0,1536.0,0.184803559555608,0.19082719424152972,32.0,32.0,6400000.0
1.0,64.0,4.0,1.0,1.0,1.0,63.0,32.0,-0.0030632107251067353,-0.0017650185808415486,64.0,256.0,6400000.0
1.0,64.0,4.0,1.0,1.0,1.0,63.0,32.0,-0.0030632107251067353,-0.0017650185808415486,8.0,512.0,6400000.0
16.0,64.0,4.0,3.0,67.0,47.0,2020.0,5472.0,0.28428173420704106,0.29213228260301216,0.015625,8.0,6400000.0
1.0,64.0,4.0,1.0,1.0,1.0,63.0,32.0,-0.0030632107251067353,-0.0017650185808415486,0.00390625,128.0,6400000.0
64.0,64.0,4.0,9.0,1457.0,948.0,44212.0,143488.0,0.5768136670374087,0.5827954058289182,0.0078125,0.000976562,6400000.0
31.0,64.0,4.0,2.0,228.0,198.0,7852.0,27712.0,0.2571886136123701,0.26977587157356997,64.0,0.25,6400000.0
64.0,64.0,4.0,6.0,1325.0,955.0,42812.0,144608.0,0.5626635807893297,0.5599344750502835,8.0,0.0,6400000.0
64.0,64.0,4.0,9.0,1447.0,949.0,44469.0,143648.0,0.5750091037309899,0.5795204831307995,0.015625,0.0078125,6400000.0
1.0,64.0,4.0,1.0,1.0,1.0,63.0,32.0,-0.0030632107251067353,-0.0017650185808415486,0.015625,8192.0,6400000.0
1.0,1.0,4.0,1.0,1.0,1.0,63.0,32.0,-0.0030632107251067353,-0.0017650185808415486,64.0,16384.0,6400000.0
1.0,64.0,4.0,1.0,1.0,1.0,63.0,32.0,-0.0030632107251067353,-0.0017650185808415486,32.0,32768.0,6400000.0
42.0,64.0,4.0,2.0,602.0,510.0,21349.0,76224.0,0.2500152224000506,0.2658665169608293,32.0,0.03125,6400000.0
1.0,64.0,4.0,1.0,1.0,1.0,63.0,32.0,-0.0030632107251067353,-0.0017650185808415486,16.0,4096.0,6400000.0
1.0,64.0,4.0,1.0,1.0,1.0,63.0,32.0,-0.0030632107251067353,-0.0017650185808415486,1024.0,0.0,6400000.0
1.0,64.0,4.0,1.0,1.0,1.0,63.0,32.0,-0.0030632107251067353,-0.0017650185808415486,128.0,0.00195312,6400000.0
64.0,64.0,4.0,9.0,1402.0,952.0,43655.0,144128.0,0.6012652950052246,0.5917359794066872,0.03125,0.0625,6400000.0
64.0,64.0,4.0,9.0,1476.0,946.0,44286.0,143168.0,0.5792814010134584,0.5789439910804278,0.0625,0.0,6400000.0
1.0,1.0,4.0,1.0,1.0,1.0,63.0,32.0,-0.0030632107251067353,-0.0017650185808415486,32.0,4096.0,6400000.0
64.0,64.0,4.0,3.0,1076.0,837.0,36326.0,125728.0,0.3234700428707741,0.33501214687904246,16.0,0.00390625,6400000.0
1.0,64.0,4.0,1.0,1.0,1.0,63.0,32.0,-0.0030632107251067353,-0.0017650185808415486,128.0,2.0,6400000.0
64.0,64.0,4.0,9.0,1402.0,943.0,43052.0,142688.0,0.5763389233389777,0.5784402223821581,0.00195312,0.03125,6400000.0
1.0,64.0,4.0,1.0,1.0,1.0,63.0,32.0,-0.0030632107251067353,-0.0017650185808415486,128.0,2048.0,6400000.0
3.0,64.0,4.0,2.0,9.0,6.0,335.0,576.0,0.10115259004895938,0.10346957106453547,0.03125,64.0,6400000.0
1.0,64.0,4.0,1.0,1.0,1.0,63.0,32.0,-0.0030632107251067353,-0.0017650185808415486,0.0625,512.0,6400000.0
1.0,1.0,4.0,2.0,31.0,16.0,956.0,2432.0,0.047900625095890326,0.050208496053784524,64.0,0.03125,6400000.0
1.0,64.0,4.0,1.0,1.0,1.0,63.0,32.0,-0.0030632107251067353,-0.0017650185808415486,1024.0,0.5,6400000.0
8.0,64.0,4.0,2.0,22.0,16.0,724.0,1536.0,0.184803559555608,0.19082719424152972,0.00195312,32.0,6400000.0
1.0,64.0,4.0,1.0,1.0,1.0,63.0,32.0,-0.0030632107251067353,-0.0017650185808415486,256.0,0.015625,6400000.0
64.0,64.0,4.0,9.0,1461.0,949.0,44476.0,143648.0,0.6060788608606195,0.5991595477400625,0.125,0.00390625,6400000.0
1.0,64.0,4.0,1.0,1.0,1.0,63.0,32.0,-0.0030632107251067353,-0.0017650185808415486,256.0,16.0,6400000.0
27.0,64.0,4.0,9.0,182.0,137.0,5741.0,18464.0,0.39629112021669155,0.40252478152262305,0.125,4.0,6400000.0
47.0,64.0,4.0,9.0,936.0,676.0,29163.0,102144.0,0.579172694871942,0.5785778311096275,0.0625,0.5,6400000.0
1.0,64.0,4.0,1.0,1.0,1.0,63.0,32.0,-0.0030632107251067353,-0.0017650185808415486,256.0,16384.0,6400000.0
1.0,64.0,4.0,1.0,1.0,1.0,63.0,32.0,-0.0030632107251067353,-0.0017650185808415486,0.125,4096.0,6400000.0
64.0,64.0,4.0,9.0,1452.0,963.0,44124.0,145888.0,0.5855935013255875,0.5847322409040097,0.25,0.03125,6400000.0
8.0,64.0,4.0,2.0,22.0,16.0,724.0,1536.0,0.184803559555608,0.19082719424152972,0.25,32.0,6400000.0
1.0,64.0,4.0,1.0,1.0,1.0,63.0,32.0,-0.0030632107251067353,-0.0017650185808415486,1.0,2048.0,6400000.0
1.0,64.0,4.0,1.0,1.0,1.0,63.0,32.0,-0.0030632107251067353,-0.0017650185808415486,0.25,32768.0,6400000.0
1.0,1.0,4.0,1.0,1.0,1.0,63.0,32.0,-0.0030632107251067353,-0.0017650185808415486,128.0,0.125,6400000.0
1.0,64.0,4.0,1.0,1.0,1.0,63.0,32.0,-0.0030632107251067353,-0.0017650185808415486,0.00195312,32768.0,6400000.0
64.0,64.0,4.0,9.0,1415.0,924.0,42964.0,139648.0,0.5842399871468853,0.5823834210394274,1.0,0.00195312,6400000.0
1.0,64.0,4.0,1.0,1.0,1.0,63.0,32.0,-0.0030632107251067353,-0.0017650185808415486,512.0,128.0,6400000.0
51.0,64.0,4.0,9.0,1078.0,760.0,33603.0,115072.0,0.5810490493667828,0.5911583606082336,0.5,0.25,6400000.0
31.0,64.0,4.0,9.0,343.0,261.0,10826.0,37792.0,0.44784528477901897,0.4652902710227389,1.0,2.0,6400000.0
11.0,64.0,4.0,3.0,35.0,26.0,1119.0,2752.0,0.23801654357424562,0.2440154241847443,2.0,16.0,6400000.0
64.0,64.0,4.0,9.0,1405.0,937.0,43434.0,141728.0,0.5710628033074887,0.5723831036617812,2.0,0.015625,6400000.0
1.0,64.0,4.0,1.0,1.0,1.0,63.0,32.0,-0.0030632107251067353,-0.0017650185808415486,0.5,256.0,6400000.0
1.0,64.0,4.0,1.0,1.0,1.0,63.0,32.0,-0.0030632107251067353,-0.0017650185808415486,512.0,0.125,6400000.0
1.0,64.0,4.0,1.0,1.0,1.0,63.0,32.0,-0.0030632107251067353,-0.0017650185808415486,4.0,128.0,6400000.0
25.0,64.0,4.0,3.0,212.0,168.0,6953.0,23680.0,0.32214268471966934,0.33085644792714397,8.0,1.0,6400000.0
1.0,1.0,4.0,2.0,3.0,2.0,136.0,192.0,0.03911015413878083,0.040912063041146696,64.0,32.0,6400000.0
1.0,64.0,4.0,1.0,1.0,1.0,63.0,32.0,-0.0030632107251067353,-0.0017650185808415486,2.0,16384.0,6400000.0
15.0,64.0,4.0,2.0,47.0,34.0,1516.0,3520.0,0.23483331904090687,0.24244665993785774,16.0,8.0,6400000.0
64.0,64.0,4.0,8.0,1323.0,952.0,42252.0,144128.0,0.573098705838611,0.5725604543684926,4.0,0.125,6400000.0
1.0,64.0,4.0,1.0,1.0,1.0,63.0,32.0,-0.0030632107251067353,-0.0017650185808415486,0.000976562,8192.0,6400000.0
53.0,64.0,4.0,9.0,1107.0,782.0,34427.0,118336.0,0.5963520786490591,0.5929239315447865,0.00390625,0.25,6400000.0
1.0,64.0,4.0,1.0,1.0,1.0,63.0,32.0,-0.0030632107251067353,-0.0017650185808415486,8.0,1024.0,6400000.0
11.0,64.0,4.0,3.0,35.0,26.0,1119.0,2752.0,0.23801654357424562,0.2440154241847443,0.015625,16.0,6400000.0
3.0,64.0,4.0,2.0,9.0,6.0,335.0,576.0,0.10115259004895938,0.10346957106453547,32.0,64.0,6400000.0
1.0,64.0,4.0,1.0,1.0,1.0,63.0,32.0,-0.0030632107251067353,-0.0017650185808415486,64.0,512.0,6400000.0
1.0,64.0,4.0,1.0,1.0,1.0,63.0,32.0,-0.0030632107251067353,-0.0017650185808415486,0.0078125,2048.0,6400000.0
34.0,64.0,4.0,9.0,405.0,299.0,12531.0,43488.0,0.48047354984414437,0.4995541811062537,0.0078125,2.0,6400000.0
38.0,64.0,4.0,2.0,472.0,403.0,16778.0,59616.0,0.2508536416878968,0.26606333193727505,32.0,0.0625,6400000.0
1.0,64.0,4.0,1.0,1.0,1.0,63.0,32.0,-0.0030632107251067353,-0.0017650185808415486,0.00390625,256.0,6400000.0
64.0,64.0,4.0,2.0,1047.0,851.0,36921.0,127968.0,0.25258965216585383,0.26465391331402555,64.0,0.0,6400000.0
28.0,64.0,4.0,2.0,169.0,148.0,5884.0,20096.0,0.2583267179155011,0.26924795824128556,64.0,0.5,6400000.0
64.0,64.0,4.0,9.0,1456.0,948.0,44179.0,143488.0,0.5771161029127683,0.5833391087780317,0.0078125,0.00195312,6400000.0
1.0,1.0,4.0,1.0,1.0,1.0,63.0,32.0,-0.0030632107251067353,-0.0017650185808415486,64.0,32768.0,6400000.0
1.0,64.0,4.0,1.0,1.0,1.0,63.0,32.0,-0.0030632107251067353,-0.0017650185808415486,0.015625,16384.0,6400000.0
1.0,64.0,4.0,1.0,1.0,1.0,63.0,32.0,-0.0030632107251067353,-0.0017650185808415486,128.0,0.00390625,6400000.0
1.0,64.0,4.0,1.0,1.0,1.0,63.0,32.0,-0.0030632107251067353,-0.0017650185808415486,16.0,8192.0,6400000.0
64.0,64.0,4.0,6.0,1314.0,952.0,42160.0,144128.0,0.5626372332186613,0.5610360792754592,8.0,0.000976562,6400000.0
64.0,64.0,4.0,9.0,1407.0,933.0,43118.0,141088.0,0.5788015987082014,0.5858038743866978,0.015625,0.015625,6400000.0
64.0,64.0,4.0,9.0,1398.0,979.0,43767.0,148448.0,0.6060950479646416,0.5936877563146619,0.03125,0.125,6400000.0
64.0,64.0,4.0,9.0,1457.0,948.0,44212.0,143488.0,0.5768136670374087,0.5827954058289182,0.0625,0.000976562,6400000.0
1.0,64.0,4.0,1.0,1.0,1.0,63.0,32.0,-0.0030632107251067353,-0.0017650185808415486,1024.0,0.000976562,6400000.0
64.0,64.0,4.0,3.0,1076.0,831.0,36191.0,124768.0,0.32383761040809866,0.3353288419002316,16.0,0.0078125,6400000.0
1.0,1.0,4.0,1.0,1.0,1.0,63.0,32.0,-0.0030632107251067353,-0.0017650185808415486,32.0,8192.0,6400000.0
1.0,64.0,4.0,1.0,1.0,1.0,63.0,32.0,-0.0030632107251067353,-0.0017650185808415486,128.0,4.0,6400000.0
1.0,64.0,4.0,1.0,1.0,1.0,63.0,32.0,-0.0030632107251067353,-0.0017650185808415486,0.03125,128.0,6400000.0
1.0,64.0,4.0,1.0,1.0,1.0,63.0,32.0,-0.0030632107251067353,-0.0017650185808415486,128.0,4096.0,6400000.0
64.0,64.0,4.0,9.0,1402.0,952.0,43655.0,144128.0,0.6012652950052246,0.5917359794066872,0.00195312,0.0625,6400000.0
1.0,64.0,4.0,1.0,1.0,1.0,63.0,32.0,-0.0030632107251067353,-0.0017650185808415486,0.0625,1024.0,6400000.0
1.0,1.0,4.0,2.0,29.0,15.0,919.0,2272.0,0.04804010010997095,0.05023591601278776,64.0,0.0625,6400000.0
1.0,64.0,4.0,1.0,1.0,1.0,63.0,32.0,-0.0030632107251067353,-0.0017650185808415486,256.0,0.03125,6400000.0
1.0,64.0,4.0,1.0,1.0,1.0,63.0,32.0,-0.0030632107251067353,-0.0017650185808415486,1024.0,1.0,6400000.0
1.0,64.0,4.0,1.0,1.0,1.0,63.0,32.0,-0.0030632107251067353,-0.0017650185808415486,256.0,32768.0,6400000.0
64.0,64.0,4.0,9.0,1447.0,941.0,44104.0,142368.0,0.5917782100582332,0.5874320136077154,0.125,0.0078125,6400000.0
1.0,64.0,4.0,1.0,1.0,1.0,63.0,32.0,-0.0030632107251067353,-0.0017650185808415486,256.0,32.0,6400000.0
3.0,64.0,4.0,2.0,9.0,6.0,335.0,576.0,0.10115259004895938,0.10346957106453547,0.00195312,64.0,6400000.0
16.0,64.0,4.0,3.0,67.0,47.0,2020.0,5472.0,0.28428173420704106,0.29213228260301216,0.125,8.0,6400000.0
1.0,64.0,4.0,1.0,1.0,1.0,63.0,32.0,-0.0030632107251067353,-0.0017650185808415486,0.125,8192.0,6400000.0
37.0,64.0,4.0,9.0,639.0,465.0,19872.0,69664.0,0.5234863226510582,0.534602946209239,0.0625,1.0,6400000.0
3.0,64.0,4.0,2.0,9.0,6.0,335.0,576.0,0.10115259004895938,0.10346957106453547,0.25,64.0,6400000.0
64.0,64.0,4.0,9.0,1392.0,948.0,42853.0,143488.0,0.5977466699208549,0.5974503990547975,0.25,0.0625,6400000.0
1.0,64.0,4.0,1.0,1.0,1.0,63.0,32.0,-0.0030632107251067353,-0.0017650185808415486,1.0,4096.0,6400000.0
64.0,64.0,4.0,9.0,1456.0,941.0,44339.0,142368.0,0.5860260915301296,0.5811427449972187,0.5,0.0,6400000.0
64.0,64.0,4.0,9.0,1476.0,946.0,44286.0,143168.0,0.5792814010134584,0.5789439910804278,0.00390625,0.0,6400000.0
46.0,64.0,4.0,9.0,920.0,660.0,28649.0,99712.0,0.5712109162075185,0.5682519548385925,0.5,0.5,6400000.0
1.0,1.0,4.0,1.0,1.0,1.0,63.0,32.0,-0.0030632107251067353,-0.0017650185808415486,128.0,0.25,6400000.0
8.0,64.0,4.0,2.0,22.0,16.0,724.0,1536.0,0.184803559555608,0.19082719424152972,2.0,32.0,6400000.0
64.0,64.0,4.0,9.0,1438.0,936.0,43912.0,141568.0,0.5825022934621262,0.5806006009922009,1.0,0.00390625,6400000.0
1.0,64.0,4.0,1.0,1.0,1.0,63.0,32.0,-0.0030632107251067353,-0.0017650185808415486,512.0,256.0,6400000.0
22.0,64.0,4.0,8.0,162.0,120.0,5106.0,16384.0,0.38525211627519973,0.39030441205093724,1.0,4.0,6400000.0
64.0,64.0,4.0,9.0,1436.0,953.0,43897.0,144288.0,0.5897837097762244,0.5908750075426338,2.0,0.03125,6400000.0
1.0,64.0,4.0,1.0,1.0,1.0,63.0,32.0,-0.0030632107251067353,-0.0017650185808415486,512.0,0.25,6400000.0
22.0,64.0,4.0,3.0,153.0,118.0,4939.0,16064.0,0.31635085591853673,0.3261679097067831,8.0,2.0,6400000.0
1.0,64.0,4.0,1.0,1.0,1.0,63.0,32.0,-0.0030632107251067353,-0.0017650185808415486,2.0,32768.0,6400000.0
1.0,64.0,4.0,1.0,1.0,1.0,63.0,32.0,-0.0030632107251067353,-0.0017650185808415486,0.5,512.0,6400000.0
1.0,64.0,4.0,1.0,1.0,1.0,63.0,32.0,-0.0030632107251067353,-0.0017650185808415486,4.0,256.0,6400000.0
1.0,1.0,4.0,1.0,1.0,1.0,63.0,32.0,-0.0030632107251067353,-0.0017650185808415486,64.0,64.0,6400000.0
11.0,64.0,4.0,2.0,30.0,22.0,944.0,2112.0,0.211815897449531,0.21820531799146736,16.0,16.0,6400000.0
55.0,64.0,4.0,8.0,1086.0,794.0,34388.0,120000.0,0.5478858959365513,0.5623914302147286,4.0,0.25,6400000.0
1.0,64.0,4.0,1.0,1.0,1.0,63.0,32.0,-0.0030632107251067353,-0.0017650185808415486,0.000976562,16384.0,6400000.0
1.0,64.0,4.0,1.0,1.0,1.0,63.0,32.0,-0.0030632107251067353,-0.0017650185808415486,32.0,128.0,6400000.0
8.0,64.0,4.0,2.0,22.0,16.0,724.0,1536.0,0.184803559555608,0.19082719424152972,0.015625,32.0,6400000.0
27.0,64.0,4.0,9.0,182.0,137.0,5741.0,18464.0,0.39629112021669155,0.40252478152262305,0.0078125,4.0,6400000.0
47.0,64.0,4.0,9.0,936.0,676.0,29163.0,102144.0,0.579172694871942,0.5785778311096275,0.00390625,0.5,6400000.0
1.0,64.0,4.0,1.0,1.0,1.0,63.0,32.0,-0.0030632107251067353,-0.0017650185808415486,0.0078125,4096.0,6400000.0
1.0,64.0,4.0,1.0,1.0,1.0,63.0,32.0,-0.0030632107251067353,-0.0017650185808415486,8.0,2048.0,6400000.0
1.0,64.0,4.0,1.0,1.0,1.0,63.0,32.0,-0.0030632107251067353,-0.0017650185808415486,0.00390625,512.0,6400000.0
1.0,64.0,4.0,1.0,1.0,1.0,63.0,32.0,-0.0030632107251067353,-0.0017650185808415486,64.0,1024.0,6400000.0
37.0,64.0,4.0,2.0,302.0,257.0,10505.0,36384.0,0.25504156976916903,0.2701552342249074,32.0,0.125,6400000.0
1.0,1.0,4.0,1.0,1.0,1.0,63.0,32.0,-0.0030632107251067353,-0.0017650185808415486,128.0,0.0,6400000.0
1.0,64.0,4.0,1.0,1.0,1.0,63.0,32.0,-0.0030632107251067353,-0.0017650185808415486,0.015625,32768.0,6400000.0
64.0,64.0,4.0,9.0,1450.0,939.0,43897.0,142048.0,0.575118739484581,0.5813786736774285,0.0078125,0.00390625,6400000.0
64.0,64.0,4.0,2.0,1023.0,837.0,36165.0,125728.0,0.2525721979625547,0.2646678915369307,64.0,0.000976562,6400000.0
25.0,64.0,4.0,2.0,113.0,94.0,3852.0,11840.0,0.25446652674505144,0.26625990280383205,64.0,1.0,6400000.0
64.0,64.0,4.0,6.0,1307.0,953.0,42216.0,144288.0,0.5627882989649097,0.5603658814971051,8.0,0.00195312,6400000.0
1.0,64.0,4.0,1.0,1.0,1.0,63.0,32.0,-0.0030632107251067353,-0.0017650185808415486,128.0,0.0078125,6400000.0
53.0,64.0,4.0,9.0,1107.0,782.0,34427.0,118336.0,0.5963520786490591,0.5929239315447865,0.03125,0.25,6400000.0
64.0,64.0,4.0,3.0,1078.0,831.0,36348.0,124768.0,0.32545642559426324,0.3344991958121496,16.0,0.015625,6400000.0
1.0,64.0,4.0,1.0,1.0,1.0,63.0,32.0,-0.0030632107251067353,-0.0017650185808415486,1024.0,0.00195312,6400000.0
1.0,64.0,4.0,1.0,1.0,1.0,63.0,32.0,-0.0030632107251067353,-0.0017650185808415486,16.0,16384.0,6400000.0
1.0,1.0,4.0,1.0,1.0,1.0,63.0,32.0,-0.0030632107251067353,-0.0017650185808415486,32.0,16384.0,6400000.0
64.0,64.0,4.0,9.0,1402.0,943.0,43052.0,142688.0,0.5763389233389777,0.5784402223821581,0.015625,0.03125,6400000.0
1.0,64.0,4.0,1.0,1.0,1.0,63.0,32.0,-0.0030632107251067353,-0.0017650185808415486,128.0,8192.0,6400000.0
64.0,64.0,4.0,9.0,1456.0,948.0,44179.0,143488.0,0.5771161029127683,0.5833391087780317,0.0625,0.00195312,6400000.0
1.0,1.0,4.0,2.0,23.0,12.0,746.0,1792.0,0.04792388146102777,0.05038844148178523,64.0,0.125,6400000.0
1.0,64.0,4.0,1.0,1.0,1.0,63.0,32.0,-0.0030632107251067353,-0.0017650185808415486,0.03125,256.0,6400000.0
1.0,64.0,4.0,1.0,1.0,1.0,63.0,32.0,-0.0030632107251067353,-0.0017650185808415486,256.0,0.0625,6400000.0
64.0,64.0,4.0,9.0,1398.0,979.0,43767.0,148448.0,0.6060950479646416,0.5936877563146619,0.00195312,0.125,6400000.0
1.0,64.0,4.0,1.0,1.0,1.0,63.0,32.0,-0.0030632107251067353,-0.0017650185808415486,128.0,8.0,6400000.0
1.0,64.0,4.0,1.0,1.0,1.0,63.0,32.0,-0.0030632107251067353,-0.0017650185808415486,0.0625,2048.0,6400000.0
1.0,64.0,4.0,1.0,1.0,1.0,63.0,32.0,-0.0030632107251067353,-0.0017650185808415486,1024.0,2.0,6400000.0
1.0,64.0,4.0,1.0,1.0,1.0,63.0,32.0,-0.0030632107251067353,-0.0017650185808415486,512.0,0.0,6400000.0
64.0,64.0,4.0,9.0,1431.0,945.0,43766.0,143008.0,0.5967999299763826,0.590360748795662,0.125,0.015625,6400000.0
1.0,64.0,4.0,1.0,1.0,1.0,63.0,32.0,-0.0030632107251067353,-0.0017650185808415486,0.125,16384.0,6400000.0
1.0,64.0,4.0,1.0,1.0,1.0,63.0,32.0,-0.0030632107251067353,-0.0017650185808415486,256.0,64.0,6400000.0
34.0,64.0,4.0,9.0,405.0,299.0,12531.0,43488.0,0.48047354984414437,0.4995541811062537,0.0625,2.0,6400000.0
11.0,64.0,4.0,3.0,35.0,26.0,1119.0,2752.0,0.23801654357424562,0.2440154241847443,0.125,16.0,6400000.0
1.0,64.0,4.0,1.0,1.0,1.0,63.0,32.0,-0.0030632107251067353,-0.0017650185808415486,0.00195312,128.0,6400000.0
1.0,64.0,4.0,1.0,1.0,1.0,63.0,32.0,-0.0030632107251067353,-0.0017650185808415486,0.25,128.0,6400000.0
64.0,64.0,4.0,9.0,1371.0,950.0,42803.0,143808.0,0.6013436069863423,0.5941538476751,0.25,0.125,6400000.0
1.0,64.0,4.0,1.0,1.0,1.0,63.0,32.0,-0.0030632107251067353,-0.0017650185808415486,1.0,8192.0,6400000.0
64.0,64.0,4.0,9.0,1471.0,958.0,44799.0,145088.0,0.5988103165886447,0.5922143788896643,0.5,0.000976562,6400000.0
64.0,64.0,4.0,9.0,1457.0,948.0,44212.0,143488.0,0.5768136670374087,0.5827954058289182,0.00390625,0.000976562,6400000.0
1.0,64.0,4.0,1.0,1.0,1.0,63.0,32.0,-0.0030632107251067353,-0.0017650185808415486,512.0,512.0,6400000.0
64.0,64.0,4.0,9.0,1463.0,960.0,44215.0,145408.0,0.613685441892996,0.6075567899882226,1.0,0.0078125,6400000.0
16.0,64.0,4.0,3.0,67.0,47.0,2020.0,5472.0,0.28428173420704106,0.29213228260301216,1.0,8.0,6400000.0
1.0,1.0,4.0,1.0,1.0,1.0,63.0,32.0,-0.0030632107251067353,-0.0017650185808415486,128.0,0.5,6400000.0
3.0,64.0,4.0,2.0,9.0,6.0,335.0,576.0,0.10115259004895938,0.10346957106453547,2.0,64.0,6400000.0
33.0,64.0,4.0,9.0,602.0,436.0,18434.0,65536.0,0.5161450007527962,0.5278003993903042,0.5,1.0,6400000.0
1.0,64.0,4.0,1.0,1.0,1.0,63.0,32.0,-0.0030632107251067353,-0.0017650185808415486,512.0,0.5,6400000.0
64.0,64.0,4.0,8.0,1397.0,930.0,43310.0,140608.0,0.5575744149290872,0.5638260671500764,4.0,0.0,6400000.0
19.0,64.0,4.0,3.0,112.0,85.0,3645.0,11168.0,0.3078034380468804,0.3159020086450115,8.0,4.0,6400000.0
1.0,64.0,4.0,1.0,1.0,1.0,63.0,32.0,-0.0030632107251067353,-0.0017650185808415486,0.5,1024.0,6400000.0
64.0,64.0,4.0,9.0,1363.0,938.0,42591.0,141888.0,0.5816648201056247,0.5800382741854642,2.0,0.0625,6400000.0
1.0,1.0,4.0,1.0,1.0,1.0,63.0,32.0,-0.0030632107251067353,-0.0017650185808415486,64.0,128.0,6400000.0
1.0,64.0,4.0,1.0,1.0,1.0,63.0,32.0,-0.0030632107251067353,-0.0017650185808415486,4.0,512.0,6400000.0
8.0,64.0,4.0,2.0,22.0,16.0,724.0,1536.0,0.184803559555608,0.19082719424152972,16.0,32.0,6400000.0
1.0,64.0,4.0,1.0,1.0,1.0,63.0,32.0,-0.0030632107251067353,-0.0017650185808415486,0.000976562,32768.0,6400000.0
50.0,64.0,4.0,8.0,906.0,663.0,28607.0,99680.0,0.5660721361727256,0.5623460986723711,4.0,0.5,6400000.0
16.0,64.0,4.0,3.0,67.0,47.0,2020.0,5472.0,0.28428173420704106,0.29213228260301216,0.0078125,8.0,6400000.0
1.0,64.0,4.0,1.0,1.0,1.0,63.0,32.0,-0.0030632107251067353,-0.0017650185808415486,32.0,256.0,6400000.0
1.0,64.0,4.0,1.0,1.0,1.0,63.0,32.0,-0.0030632107251067353,-0.0017650185808415486,0.00390625,1024.0,6400000.0
3.0,64.0,4.0,2.0,9.0,6.0,335.0,576.0,0.10115259004895938,0.10346957106453547,0.015625,64.0,6400000.0
1.0,64.0,4.0,1.0,1.0,1.0,63.0,32.0,-0.0030632107251067353,-0.0017650185808415486,0.0078125,8192.0,6400000.0
35.0,64.0,4.0,9.0,658.0,483.0,20534.0,72800.0,0.5314186599624591,0.5427904047834783,0.00390625,1.0,6400000.0
1.0,64.0,4.0,1.0,1.0,1.0,63.0,32.0,-0.0030632107251067353,-0.0017650185808415486,64.0,2048.0,6400000.0
1.0,64.0,4.0,1.0,1.0,1.0,63.0,32.0,-0.0030632107251067353,-0.0017650185808415486,8.0,4096.0,6400000.0
31.0,64.0,4.0,2.0,228.0,198.0,7852.0,27712.0,0.2571886136123701,0.26977587157356997,32.0,0.25,6400000.0
1.0,1.0,4.0,1.0,1.0,1.0,63.0,32.0,-0.0030632107251067353,-0.0017650185808415486,128.0,0.000976562,6400000.0
1.0,64.0,4.0,1.0,1.0,1.0,63.0,32.0,-0.0030632107251067353,-0.0017650185808415486,128.0,0.015625,6400000.0
64.0,64.0,4.0,6.0,1320.0,954.0,42655.0,144448.0,0.5574690094434974,0.5588650372812756,8.0,0.00390625,6400000.0
23.0,64.0,4.0,2.0,96.0,78.0,3269.0,9536.0,0.25348208415856677,0.264691761708014,64.0,2.0,6400000.0
64.0,64.0,4.0,9.0,1447.0,949.0,44469.0,143648.0,0.5750091037309899,0.5795204831307995,0.0078125,0.0078125,6400000.0
64.0,64.0,4.0,9.0,1476.0,946.0,44286.0,143168.0,0.5792814010134584,0.5789439910804278,0.03125,0.0,6400000.0
55.0,64.0,4.0,3.0,968.0,762.0,33059.0,114880.0,0.3275601962329824,0.33555017707321966,16.0,0.03125,6400000.0
47.0,64.0,4.0,9.0,936.0,676.0,29163.0,102144.0,0.579172694871942,0.5785778311096275,0.03125,0.5,6400000.0
1.0,64.0,4.0,1.0,1.0,1.0,63.0,32.0,-0.0030632107251067353,-0.0017650185808415486,16.0,32768.0,6400000.0
64.0,64.0,4.0,9.0,1402.0,952.0,43655.0,144128.0,0.6012652950052246,0.5917359794066872,0.015625,0.0625,6400000.0
1.0,64.0,4.0,1.0,1.0,1.0,63.0,32.0,-0.0030632107251067353,-0.0017650185808415486,1024.0,0.00390625,6400000.0
1.0,64.0,4.0,1.0,1.0,1.0,63.0,32.0,-0.0030632107251067353,-0.0017650185808415486,128.0,16384.0,6400000.0
1.0,1.0,4.0,2.0,19.0,10.0,610.0,1472.0,0.047792427860041564,0.050326724393663924,64.0,0.25,6400000.0
1.0,1.0,4.0,1.0,1.0,1.0,63.0,32.0,-0.0030632107251067353,-0.0017650185808415486,32.0,32768.0,6400000.0
64.0,64.0,4.0,9.0,1450.0,939.0,43897.0,142048.0,0.575118739484581,0.5813786736774285,0.0625,0.00390625,6400000.0
64.0,64.0,4.0,2.0,1015.0,831.0,35861.0,124768.0,0.252632733068183,0.2646849610741422,64.0,0.00195312,6400000.0
1.0,64.0,4.0,1.0,1.0,1.0,63.0,32.0,-0.0030632107251067353,-0.0017650185808415486,256.0,0.125,6400000.0
1.0,64.0,4.0,1.0,1.0,1.0,63.0,32.0,-0.0030632107251067353,-0.0017650185808415486,0.0625,4096.0,6400000.0
53.0,64.0,4.0,9.0,1107.0,782.0,34427.0,118336.0,0.5963520786490591,0.5929239315447865,0.00195312,0.25,6400000.0
1.0,64.0,4.0,1.0,1.0,1.0,63.0,32.0,-0.0030632107251067353,-0.0017650185808415486,128.0,16.0,6400000.0
1.0,64.0,4.0,1.0,1.0,1.0,63.0,32.0,-0.0030632107251067353,-0.0017650185808415486,0.03125,512.0,6400000.0
1.0,64.0,4.0,1.0,1.0,1.0,63.0,32.0,-0.0030632107251067353,-0.0017650185808415486,1024.0,4.0,6400000.0
64.0,64.0,4.0,9.0,1452.0,963.0,44124.0,145888.0,0.5855935013255875,0.5847322409040097,0.125,0.03125,6400000.0
1.0,64.0,4.0,1.0,1.0,1.0,63.0,32.0,-0.0030632107251067353,-0.0017650185808415486,512.0,0.000976562,6400000.0
27.0,64.0,4.0,9.0,182.0,137.0,5741.0,18464.0,0.39629112021669155,0.40252478152262305,0.0625,4.0,6400000.0
8.0,64.0,4.0,2.0,22.0,16.0,724.0,1536.0,0.184803559555608,0.19082719424152972,0.125,32.0,6400000.0
1.0,64.0,4.0,1.0,1.0,1.0,63.0,32.0,-0.0030632107251067353,-0.0017650185808415486,0.125,32768.0,6400000.0
1.0,64.0,4.0,1.0,1.0,1.0,63.0,32.0,-0.0030632107251067353,-0.0017650185808415486,0.00195312,256.0,6400000.0
1.0,64.0,4.0,1.0,1.0,1.0,63.0,32.0,-0.0030632107251067353,-0.0017650185808415486,256.0,128.0,6400000.0
1.0,64.0,4.0,1.0,1.0,1.0,63.0,32.0,-0.0030632107251067353,-0.0017650185808415486,0.25,256.0,6400000.0
57.0,64.0,4.0,9.0,1190.0,853.0,37326.0,129184.0,0.6071108712602789,0.5981259039411835,0.25,0.25,6400000.0
1.0,64.0,4.0,1.0,1.0,1.0,63.0,32.0,-0.0030632107251067353,-0.0017650185808415486,1.0,16384.0,6400000.0
64.0,64.0,4.0,9.0,1460.0,952.0,44411.0,144128.0,0.5859848541928967,0.5828946318200191,0.5,0.00195312,6400000.0
1.0,1.0,4.0,1.0,1.0,1.0,63.0,32.0,-0.0030632107251067353,-0.0017650185808415486,128.0,1.0,6400000.0
1.0,64.0,4.0,1.0,1.0,1.0,63.0,32.0,-0.0030632107251067353,-0.0017650185808415486,512.0,1024.0,6400000.0
1.0,64.0,4.0,1.0,1.0,1.0,63.0,32.0,-0.0030632107251067353,-0.0017650185808415486,2.0,128.0,6400000.0
11.0,64.0,4.0,3.0,35.0,26.0,1119.0,2752.0,0.23801654357424562,0.2440154241847443,1.0,16.0,6400000.0
35.0,64.0,4.0,9.0,465.0,346.0,14295.0,50880.0,0.5138615621088017,0.5198496433247503,0.5,2.0,6400000.0
64.0,64.0,4.0,9.0,1456.0,948.0,44179.0,143488.0,0.5771161029127683,0.5833391087780317,0.00390625,0.00195312,6400000.0
64.0,64.0,4.0,9.0,1422.0,934.0,43329.0,141248.0,0.5992147949303781,0.5892681353001681,1.0,0.015625,6400000.0
1.0,64.0,4.0,1.0,1.0,1.0,63.0,32.0,-0.0030632107251067353,-0.0017650185808415486,0.5,2048.0,6400000.0
1.0,64.0,4.0,1.0,1.0,1.0,63.0,32.0,-0.0030632107251067353,-0.0017650185808415486,512.0,1.0,6400000.0
64.0,64.0,4.0,9.0,1356.0,970.0,42679.0,147008.0,0.5830069617221125,0.5862603058057891,2.0,0.125,6400000.0
64.0,64.0,4.0,8.0,1401.0,933.0,43464.0,141088.0,0.5659444364643706,0.5682516237473876,4.0,0.000976562,6400000.0
1.0,1.0,4.0,1.0,1.0,1.0,63.0,32.0,-0.0030632107251067353,-0.0017650185808415486,64.0,256.0,6400000.0
16.0,64.0,4.0,3.0,67.0,47.0,2020.0,5472.0,0.28428173420704106,0.29213228260301216,8.0,8.0,6400000.0
3.0,64.0,4.0,2.0,9.0,6.0,335.0,576.0,0.10115259004895938,0.10346957106453547,16.0,64.0,6400000.0
33.0,64.0,4.0,7.0,457.0,337.0,14606.0,49696.0,0.4875399059777278,0.4897545338435073,4.0,1.0,6400000.0
1.0,64.0,4.0,1.0,1.0,1.0,63.0,32.0,-0.0030632107251067353,-0.0017650185808415486,4.0,1024.0,6400000.0
64.0,64.0,4.0,9.0,1476.0,946.0,44286.0,143168.0,0.5792814010134584,0.5789439910804278,0.00195312,0.0,6400000.0
11.0,64.0,4.0,3.0,35.0,26.0,1119.0,2752.0,0.23801654357424562,0.2440154241847443,0.0078125,16.0,6400000.0
1.0,64.0,4.0,1.0,1.0,1.0,63.0,32.0,-0.0030632107251067353,-0.0017650185808415486,32.0,512.0,6400000.0
1.0,64.0,4.0,1.0,1.0,1.0,63.0,32.0,-0.0030632107251067353,-0.0017650185808415486,0.0078125,16384.0,6400000.0
1.0,64.0,4.0,1.0,1.0,1.0,63.0,32.0,-0.0030632107251067353,-0.0017650185808415486,0.015625,128.0,6400000.0
1.0,64.0,4.0,1.0,1.0,1.0,63.0,32.0,-0.0030632107251067353,-0.0017650185808415486,0.00390625,2048.0,6400000.0
1.0,64.0,4.0,1.0,1.0,1.0,63.0,32.0,-0.0030632107251067353,-0.0017650185808415486,8.0,8192.0,6400000.0
34.0,64.0,4.0,9.0,405.0,299.0,12531.0,43488.0,0.48047354984414437,0.4995541811062537,0.00390625,2.0,6400000.0
1.0,64.0,4.0,1.0,1.0,1.0,63.0,32.0,-0.0030632107251067353,-0.0017650185808415486,64.0,4096.0,6400000.0
1.0,1.0,4.0,1.0,1.0,1.0,63.0,32.0,-0.0030632107251067353,-0.0017650185808415486,128.0,0.00195312,6400000.0
20.0,64.0,4.0,2.0,81.0,65.0,2694.0,7840.0,0.25194387259795514,0.2611969990570394,64.0,4.0,6400000.0
1.0,64.0,4.0,1.0,1.0,1.0,63.0,32.0,-0.0030632107251067353,-0.0017650185808415486,128.0,0.03125,6400000.0
53.0,64.0,4.0,3.0,894.0,717.0,30793.0,107936.0,0.33278522729362936,0.33734298000191787,16.0,0.0625,6400000.0
64.0,64.0,4.0,9.0,1398.0,979.0,43767.0,148448.0,0.6060950479646416,0.5936877563146619,0.015625,0.125,6400000.0
64.0,64.0,4.0,9.0,1457.0,948.0,44212.0,143488.0,0.5768136670374087,0.5827954058289182,0.03125,0.000976562,6400000.0
64.0,64.0,4.0,7.0,1313.0,957.0,42426.0,144928.0,0.5702070961717669,0.5720772128963911,8.0,0.0078125,6400000.0
28.0,64.0,4.0,2.0,169.0,148.0,5884.0,20096.0,0.2583267179155011,0.26924795824128556,32.0,0.5,6400000.0
1.0,64.0,4.0,1.0,1.0,1.0,63.0,32.0,-0.0030632107251067353,-0.0017650185808415486,128.0,32768.0,6400000.0
37.0,64.0,4.0,9.0,639.0,465.0,19872.0,69664.0,0.5234863226510582,0.534602946209239,0.03125,1.0,6400000.0
64.0,64.0,4.0,9.0,1407.0,933.0,43118.0,141088.0,0.5788015987082014,0.5858038743866978,0.0078125,0.015625,6400000.0
1.0,1.0,4.0,2.0,15.0,8.0,481.0,1152.0,0.047829233101735924,0.050193380789518294,64.0,0.5,6400000.0
1.0,64.0,4.0,1.0,1.0,1.0,63.0,32.0,-0.0030632107251067353,-0.0017650185808415486,0.0625,8192.0,6400000.0
64.0,64.0,4.0,9.0,1447.0,949.0,44469.0,143648.0,0.5750091037309899,0.5795204831307995,0.0625,0.0078125,6400000.0
1.0,1.0,4.0,2.0,31.0,16.0,956.0,2432.0,0.047900625095890326,0.050208496053784524,64.0,0.0,6400000.0
1.0,64.0,4.0,1.0,1.0,1.0,63.0,32.0,-0.0030632107251067353,-0.0017650185808415486,1024.0,0.0078125,6400000.0
1.0,64.0,4.0,1.0,1.0,1.0,63.0,32.0,-0.0030632107251067353,-0.0017650185808415486,256.0,0.25,6400000.0
1.0,64.0,4.0,1.0,1.0,1.0,63.0,32.0,-0.0030632107251067353,-0.0017650185808415486,0.03125,1024.0,6400000.0
1.0,64.0,4.0,1.0,1.0,1.0,63.0,32.0,-0.0030632107251067353,-0.0017650185808415486,1024.0,8.0,6400000.0
64.0,64.0,4.0,9.0,1392.0,948.0,42853.0,143488.0,0.5977466699208549,0.5974503990547975,0.125,0.0625,6400000.0
64.0,64.0,4.0,2.0,1002.0,824.0,35420.0,123648.0,0.25257164215828487,0.2646712010984702,64.0,0.00390625,6400000.0
16.0,64.0,4.0,3.0,67.0,47.0,2020.0,5472.0,0.28428173420704106,0.29213228260301216,0.0625,8.0,6400000.0
64.0,64.0,4.0,2.0,1047.0,851.0,36921.0,127968.0,0.25258965216585383,0.26465391331402555,32.0,0.0,6400000.0
47.0,64.0,4.0,9.0,936.0,676.0,29163.0,102144.0,0.579172694871942,0.5785778311096275,0.00195312,0.5,6400000.0
1.0,64.0,4.0,1.0,1.0,1.0,63.0,32.0,-0.0030632107251067353,-0.0017650185808415486,128.0,32.0,6400000.0
3.0,64.0,4.0,2.0,9.0,6.0,335.0,576.0,0.10115259004895938,0.10346957106453547,0.125,64.0,6400000.0
1.0,64.0,4.0,1.0,1.0,1.0,63.0,32.0,-0.0030632107251067353,-0.0017650185808415486,256.0,256.0,6400000.0
1.0,64.0,4.0,1.0,1.0,1.0,63.0,32.0,-0.0030632107251067353,-0.0017650185808415486,512.0,0.00195312,6400000.0
64.0,64.0,4.0,9.0,1444.0,941.0,44145.0,142368.0,0.5802364821287984,0.5823626453234317,0.25,0.0,6400000.0
49.0,64.0,4.0,9.0,965.0,702.0,30250.0,106048.0,0.5916136277291053,0.5886801710477753,0.25,0.5,6400000.0
1.0,64.0,4.0,1.0,1.0,1.0,63.0,32.0,-0.0030632107251067353,-0.0017650185808415486,0.00195312,512.0,6400000.0
1.0,64.0,4.0,1.0,1.0,1.0,63.0,32.0,-0.0030632107251067353,-0.0017650185808415486,0.25,512.0,6400000.0
1.0,64.0,4.0,1.0,1.0,1.0,63.0,32.0,-0.0030632107251067353,-0.0017650185808415486,1.0,32768.0,6400000.0
1.0,64.0,4.0,1.0,1.0,1.0,63.0,32.0,-0.0030632107251067353,-0.0017650185808415486,512.0,2048.0,6400000.0
64.0,64.0,4.0,9.0,1451.0,947.0,44221.0,143328.0,0.585602733960491,0.5835978836648253,0.5,0.00390625,6400000.0
8.0,64.0,4.0,2.0,22.0,16.0,724.0,1536.0,0.184803559555608,0.19082719424152972,1.0,32.0,6400000.0
1.0,64.0,4.0,1.0,1.0,1.0,63.0,32.0,-0.0030632107251067353,-0.0017650185808415486,2.0,256.0,6400000.0
1.0,1.0,4.0,1.0,1.0,1.0,63.0,32.0,-0.0030632107251067353,-0.0017650185808415486,128.0,2.0,6400000.0
53.0,64.0,4.0,9.0,1123.0,794.0,35154.0,120256.0,0.5438903065738224,0.5611707830113652,2.0,0.25,6400000.0
23.0,64.0,4.0,8.0,191.0,141.0,6004.0,19616.0,0.40068438400649886,0.4112807495713583,0.5,4.0,6400000.0
64.0,64.0,4.0,9.0,1416.0,938.0,43369.0,141888.0,0.5889528406154438,0.5916931508560395,1.0,0.03125,6400000.0
64.0,64.0,4.0,9.0,1450.0,939.0,43897.0,142048.0,0.575118739484581,0.5813786736774285,0.00390625,0.00390625,6400000.0
1.0,64.0,4.0,1.0,1.0,1.0,63.0,32.0,-0.0030632107251067353,-0.0017650185808415486,512.0,2.0,6400000.0
1.0,64.0,4.0,1.0,1.0,1.0,63.0,32.0,-0.0030632107251067353,-0.0017650185808415486,0.5,4096.0,6400000.0
1.0,1.0,4.0,1.0,1.0,1.0,63.0,32.0,-0.0030632107251067353,-0.0017650185808415486,64.0,512.0,6400000.0
1.0,64.0,4.0,1.0,1.0,1.0,63.0,32.0,-0.0030632107251067353,-0.0017650185808415486,16.0,128.0,6400000.0
64.0,64.0,4.0,8.0,1398.0,930.0,43291.0,140608.0,0.5743890770701198,0.5781799859119192,4.0,0.00195312,6400000.0
11.0,64.0,4.0,2.0,30.0,22.0,944.0,2112.0,0.211815897449531,0.21820531799146736,8.0,16.0,6400000.0
1.0,64.0,4.0,1.0,1.0,1.0,63.0,32.0,-0.0030632107251067353,-0.0017650185808415486,4.0,2048.0,6400000.0
42.0,64.0,4.0,8.0,368.0,278.0,11314.0,39104.0,0.4847347019423488,0.5053924433155895,4.0,2.0,6400000.0
1.0,64.0,4.0,1.0,1.0,1.0,63.0,32.0,-0.0030632107251067353,-0.0017650185808415486,32.0,1024.0,6400000.0
64.0,64.0,4.0,9.0,1457.0,948.0,44212.0,143488.0,0.5768136670374087,0.5827954058289182,0.00195312,0.000976562,6400000.0
1.0,64.0,4.0,1.0,1.0,1.0,63.0,32.0,-0.0030632107251067353,-0.0017650185808415486,0.0078125,32768.0,6400000.0
8.0,64.0,4.0,2.0,22.0,16.0,724.0,1536.0,0.184803559555608,0.19082719424152972,0.0078125,32.0,6400000.0
1.0,64.0,4.0,1.0,1.0,1.0,63.0,32.0,-0.0030632107251067353,-0.0017650185808415486,0.015625,256.0,6400000.0
1.0,64.0,4.0,1.0,1.0,1.0,63.0,32.0,-0.0030632107251067353,-0.0017650185808415486,0.00390625,4096.0,6400000.0
1.0,64.0,4.0,1.0,1.0,1.0,63.0,32.0,-0.0030632107251067353,-0.0017650185808415486,8.0,16384.0,6400000.0
1.0,64.0,4.0,1.0,1.0,1.0,63.0,32.0,-0.0030632107251067353,-0.0017650185808415486,128.0,0.0625,6400000.0
27.0,64.0,4.0,9.0,182.0,137.0,5741.0,18464.0,0.39629112021669155,0.40252478152262305,0.00390625,4.0,6400000.0
1.0,64.0,4.0,1.0,1.0,1.0,63.0,32.0,-0.0030632107251067353,-0.0017650185808415486,64.0,8192.0,6400000.0
15.0,64.0,4.0,2.0,47.0,34.0,1516.0,3520.0,0.23483331904090687,0.24244665993785774,64.0,8.0,6400000.0
34.0,64.0,4.0,9.0,405.0,299.0,12531.0,43488.0,0.48047354984414437,0.4995541811062537,0.03125,2.0,6400000.0
43.0,64.0,4.0,3.0,630.0,507.0,21176.0,75616.0,0.3308593261648918,0.3362290352620677,16.0,0.125,6400000.0
1.0,1.0,4.0,1.0,1.0,1.0,63.0,32.0,-0.0030632107251067353,-0.0017650185808415486,128.0,0.00390625,6400000.0
1.0,64.0,4.0,1.0,1.0,1.0,63.0,32.0,-0.0030632107251067353,-0.0017650185808415486,0.0625,16384.0,6400000.0
64.0,64.0,4.0,9.0,1407.0,933.0,43118.0,141088.0,0.5788015987082014,0.5858038743866978,0.0625,0.015625,6400000.0
1.0,64.0,4.0,1.0,1.0,1.0,63.0,32.0,-0.0030632107251067353,-0.0017650185808415486,256.0,0.0,6400000.0
25.0,64.0,4.0,2.0,113.0,94.0,3852.0,11840.0,0.25446652674505144,0.26625990280383205,32.0,1.0,6400000.0
64.0,64.0,4.0,6.0,1303.0,952.0,42016.0,144128.0,0.565348161976822,0.5632817803862757,8.0,0.015625,6400000.0
64.0,64.0,4.0,9.0,1402.0,943.0,43052.0,142688.0,0.5763389233389777,0.5784402223821581,0.0078125,0.03125,6400000.0
64.0,64.0,4.0,9.0,1456.0,948.0,44179.0,143488.0,0.5771161029127683,0.5833391087780317,0.03125,0.00195312,6400000.0
53.0,64.0,4.0,9.0,1107.0,782.0,34427.0,118336.0,0.5963520786490591,0.5929239315447865,0.015625,0.25,6400000.0
1.0,1.0,4.0,2.0,11.0,6.0,378.0,832.0,0.04742590853532136,0.04996966215281273,64.0,1.0,6400000.0
1.0,64.0,4.0,1.0,1.0,1.0,63.0,32.0,-0.0030632107251067353,-0.0017650185808415486,256.0,0.5,6400000.0
1.0,64.0,4.0,1.0,1.0,1.0,63.0,32.0,-0.0030632107251067353,-0.0017650185808415486,1024.0,16.0,6400000.0
1.0,64.0,4.0,1.0,1.0,1.0,63.0,32.0,-0.0030632107251067353,-0.0017650185808415486,1024.0,0.015625,6400000.0
1.0,1.0,4.0,2.0,31.0,16.0,956.0,2432.0,0.047900625095890326,0.050208496053784524,64.0,0.000976562,6400000.0
11.0,64.0,4.0,3.0,35.0,26.0,1119.0,2752.0,0.23801654357424562,0.2440154241847443,0.0625,16.0,6400000.0
1.0,64.0,4.0,1.0,1.0,1.0,63.0,32.0,-0.0030632107251067353,-0.0017650185808415486,0.03125,2048.0,6400000.0
64.0,64.0,4.0,2.0,976.0,808.0,34615.0,121088.0,0.2524815473183458,0.2646584695382024,64.0,0.0078125,6400000.0
35.0,64.0,4.0,9.0,658.0,483.0,20534.0,72800.0,0.5314186599624591,0.5427904047834783,0.00195312,1.0,6400000.0
1.0,64.0,4.0,1.0,1.0,1.0,63.0,32.0,-0.0030632107251067353,-0.0017650185808415486,0.125,128.0,6400000.0
37.0,64.0,4.0,9.0,634.0,459.0,19440.0,68704.0,0.52490193261183,0.5378789660572921,0.25,1.0,6400000.0
1.0,64.0,4.0,1.0,1.0,1.0,63.0,32.0,-0.0030632107251067353,-0.0017650185808415486,256.0,512.0,6400000.0
1.0,64.0,4.0,1.0,1.0,1.0,63.0,32.0,-0.0030632107251067353,-0.0017650185808415486,512.0,0.00390625,6400000.0
1.0,64.0,4.0,1.0,1.0,1.0,63.0,32.0,-0.0030632107251067353,-0.0017650185808415486,128.0,64.0,6400000.0
64.0,64.0,4.0,9.0,1473.0,951.0,44742.0,143968.0,0.5861346284518926,0.5857996743881817,0.25,0.000976562,6400000.0
64.0,64.0,4.0,9.0,1371.0,950.0,42803.0,143808.0,0.6013436069863423,0.5941538476751,0.125,0.125,6400000.0
64.0,64.0,4.0,2.0,1023.0,837.0,36165.0,125728.0,0.2525721979625547,0.2646678915369307,32.0,0.000976562,6400000.0
1.0,64.0,4.0,1.0,1.0,1.0,63.0,32.0,-0.0030632107251067353,-0.0017650185808415486,0.25,1024.0,6400000.0
1.0,64.0,4.0,1.0,1.0,1.0,63.0,32.0,-0.0030632107251067353,-0.0017650185808415486,0.00195312,1024.0,6400000.0
64.0,64.0,4.0,9.0,1430.0,935.0,43805.0,141408.0,0.5686966957949521,0.5696025341135386,2.0,0.0,6400000.0
64.0,64.0,4.0,9.0,1463.0,952.0,44325.0,144128.0,0.594831587039766,0.5902379867937648,0.5,0.0078125,6400000.0
1.0,64.0,4.0,1.0,1.0,1.0,63.0,32.0,-0.0030632107251067353,-0.0017650185808415486,512.0,4096.0,6400000.0
3.0,64.0,4.0,2.0,9.0,6.0,335.0,576.0,0.10115259004895938,0.10346957106453547,1.0,64.0,6400000.0
16.0,64.0,4.0,3.0,67.0,47.0,2020.0,5472.0,0.28428173420704106,0.29213228260301216,0.5,8.0,6400000.0
1.0,1.0,4.0,1.0,1.0,1.0,63.0,32.0,-0.0030632107251067353,-0.0017650185808415486,128.0,4.0,6400000.0
1.0,64.0,4.0,1.0,1.0,1.0,63.0,32.0,-0.0030632107251067353,-0.0017650185808415486,0.5,8192.0,6400000.0
1.0,1.0,4.0,1.0,1.0,1.0,63.0,32.0,-0.0030632107251067353,-0.0017650185808415486,64.0,1024.0,6400000.0
64.0,64.0,4.0,9.0,1400.0,953.0,43368.0,144288.0,0.5765205371317021,0.5751828986405716,1.0,0.0625,6400000.0
45.0,64.0,4.0,9.0,846.0,604.0,26308.0,90880.0,0.5492492775564819,0.5533541393903567,2.0,0.5,6400000.0
1.0,64.0,4.0,1.0,1.0,1.0,63.0,32.0,-0.0030632107251067353,-0.0017650185808415486,512.0,4.0,6400000.0
64.0,64.0,4.0,8.0,1385.0,930.0,43247.0,140608.0,0.5654522484650237,0.5676455238590735,4.0,0.00390625,6400000.0
64.0,64.0,4.0,9.0,1447.0,949.0,44469.0,143648.0,0.5750091037309899,0.5795204831307995,0.00390625,0.0078125,6400000.0
1.0,64.0,4.0,1.0,1.0,1.0,63.0,32.0,-0.0030632107251067353,-0.0017650185808415486,4.0,4096.0,6400000.0
1.0,64.0,4.0,1.0,1.0,1.0,63.0,32.0,-0.0030632107251067353,-0.0017650185808415486,2.0,512.0,6400000.0
8.0,64.0,4.0,2.0,22.0,16.0,724.0,1536.0,0.184803559555608,0.19082719424152972,8.0,32.0,6400000.0
1.0,64.0,4.0,1.0,1.0,1.0,63.0,32.0,-0.0030632107251067353,-0.0017650185808415486,32.0,2048.0,6400000.0
1.0,64.0,4.0,1.0,1.0,1.0,63.0,32.0,-0.0030632107251067353,-0.0017650185808415486,16.0,256.0,6400000.0
26.0,64.0,4.0,5.0,148.0,113.0,4842.0,14752.0,0.35290037616472336,0.3578088509707109,4.0,4.0,6400000.0
3.0,64.0,4.0,2.0,9.0,6.0,335.0,576.0,0.10115259004895938,0.10346957106453547,0.0078125,64.0,6400000.0
64.0,64.0,4.0,9.0,1476.0,946.0,44286.0,143168.0,0.5792814010134584,0.5789439910804278,0.015625,0.0,6400000.0
1.0,64.0,4.0,1.0,1.0,1.0,63.0,32.0,-0.0030632107251067353,-0.0017650185808415486,8.0,32768.0,6400000.0
1.0,64.0,4.0,1.0,1.0,1.0,63.0,32.0,-0.0030632107251067353,-0.0017650185808415486,1024.0,256.0,6400000.0
1.0,64.0,4.0,1.0,1.0,1.0,63.0,32.0,-0.0030632107251067353,-0.0017650185808415486,0.015625,512.0,6400000.0
16.0,64.0,4.0,3.0,67.0,47.0,2020.0,5472.0,0.28428173420704106,0.29213228260301216,0.00390625,8.0,6400000.0
1.0,64.0,4.0,1.0,1.0,1.0,63.0,32.0,-0.0030632107251067353,-0.0017650185808415486,0.00390625,8192.0,6400000.0
1.0,64.0,4.0,1.0,1.0,1.0,63.0,32.0,-0.0030632107251067353,-0.0017650185808415486,128.0,0.125,6400000.0
27.0,64.0,4.0,9.0,182.0,137.0,5741.0,18464.0,0.39629112021669155,0.40252478152262305,0.03125,4.0,6400000.0
1.0,64.0,4.0,1.0,1.0,1.0,63.0,32.0,-0.0030632107251067353,-0.0017650185808415486,64.0,16384.0,6400000.0
11.0,64.0,4.0,2.0,30.0,22.0,944.0,2112.0,0.211815897449531,0.21820531799146736,64.0,16.0,6400000.0
1.0,1.0,4.0,1.0,1.0,1.0,63.0,32.0,-0.0030632107251067353,-0.0017650185808415486,128.0,0.0078125,6400000.0
31.0,64.0,4.0,3.0,397.0,322.0,13395.0,47552.0,0.3337369710410658,0.3373491041944916,16.0,0.25,6400000.0
64.0,64.0,4.0,9.0,1402.0,943.0,43052.0,142688.0,0.5763389233389777,0.5784402223821581,0.0625,0.03125,6400000.0
23.0,64.0,4.0,2.0,96.0,78.0,3269.0,9536.0,0.25348208415856677,0.264691761708014,32.0,2.0,6400000.0
1.0,64.0,4.0,1.0,1.0,1.0,63.0,32.0,-0.0030632107251067353,-0.0017650185808415486,256.0,0.000976562,6400000.0
1.0,64.0,4.0,1.0,1.0,1.0,63.0,32.0,-0.0030632107251067353,-0.0017650185808415486,0.0625,32768.0,6400000.0
64.0,64.0,4.0,9.0,1402.0,952.0,43655.0,144128.0,0.6012652950052246,0.5917359794066872,0.0078125,0.0625,6400000.0
64.0,64.0,4.0,6.0,1316.0,965.0,42547.0,146208.0,0.5634313077424846,0.5682306130794984,8.0,0.03125,6400000.0
47.0,64.0,4.0,9.0,936.0,676.0,29163.0,102144.0,0.579172694871942,0.5785778311096275,0.015625,0.5,6400000.0
1.0,1.0,4.0,2.0,31.0,16.0,956.0,2432.0,0.047900625095890326,0.050208496053784524,64.0,0.00195312,6400000.0
1.0,1.0,4.0,2.0,7.0,4.0,255.0,512.0,0.04649236193195383,0.049028621040196785,64.0,2.0,6400000.0
64.0,64.0,4.0,9.0,1450.0,939.0,43897.0,142048.0,0.575118739484581,0.5813786736774285,0.03125,0.00390625,6400000.0
1.0,64.0,4.0,1.0,1.0,1.0,63.0,32.0,-0.0030632107251067353,-0.0017650185808415486,1024.0,0.03125,6400000.0
53.0,64.0,4.0,2.0,806.0,671.0,28694.0,100576.0,0.2522461515267247,0.26507950339935327,64.0,0.015625,6400000.0
8.0,64.0,4.0,2.0,22.0,16.0,724.0,1536.0,0.184803559555608,0.19082719424152972,0.0625,32.0,6400000.0
1.0,64.0,4.0,1.0,1.0,1.0,63.0,32.0,-0.0030632107251067353,-0.0017650185808415486,256.0,1.0,6400000.0
1.0,64.0,4.0,1.0,1.0,1.0,63.0,32.0,-0.0030632107251067353,-0.0017650185808415486,1024.0,32.0,6400000.0
1.0,64.0,4.0,1.0,1.0,1.0,63.0,32.0,-0.0030632107251067353,-0.0017650185808415486,0.25,2048.0,6400000.0
1.0,64.0,4.0,1.0,1.0,1.0,63.0,32.0,-0.0030632107251067353,-0.0017650185808415486,0.125,256.0,6400000.0
29.0,64.0,4.0,9.0,367.0,269.0,11179.0,39328.0,0.46166356012270027,0.47247850340434716,0.25,2.0,6400000.0
1.0,64.0,4.0,1.0,1.0,1.0,63.0,32.0,-0.0030632107251067353,-0.0017650185808415486,0.03125,4096.0,6400000.0
1.0,64.0,4.0,1.0,1.0,1.0,63.0,32.0,-0.0030632107251067353,-0.0017650185808415486,256.0,1024.0,6400000.0
64.0,64.0,4.0,9.0,1429.0,933.0,43770.0,141088.0,0.5892505425577664,0.5875190650822633,0.25,0.00195312,6400000.0
1.0,64.0,4.0,1.0,1.0,1.0,63.0,32.0,-0.0030632107251067353,-0.0017650185808415486,128.0,128.0,6400000.0
64.0,64.0,4.0,2.0,1015.0,831.0,35861.0,124768.0,0.252632733068183,0.2646849610741422,32.0,0.00195312,6400000.0
1.0,64.0,4.0,1.0,1.0,1.0,63.0,32.0,-0.0030632107251067353,-0.0017650185808415486,2048.0,0.00195312,6400000.0
1.0,64.0,4.0,1.0,1.0,1.0,63.0,32.0,-0.0030632107251067353,-0.0017650185808415486,512.0,0.0078125,6400000.0
64.0,64.0,4.0,9.0,1446.0,950.0,44171.0,143808.0,0.5800586060786475,0.5777721854307454,2.0,0.000976562,6400000.0
57.0,64.0,4.0,9.0,1190.0,853.0,37326.0,129184.0,0.6071108712602789,0.5981259039411835,0.125,0.25,6400000.0
1.0,64.0,4.0,1.0,1.0,1.0,63.0,32.0,-0.0030632107251067353,-0.0017650185808415486,2048.0,2.0,6400000.0
1.0,64.0,4.0,1.0,1.0,1.0,63.0,32.0,-0.0030632107251067353,-0.0017650185808415486,1.0,128.0,6400000.0
64.0,64.0,4.0,9.0,1448.0,944.0,44070.0,142848.0,0.5910666659589942,0.5867633703424338,0.5,0.015625,6400000.0
1.0,64.0,4.0,1.0,1.0,1.0,63.0,32.0,-0.0030632107251067353,-0.0017650185808415486,512.0,8192.0,6400000.0
1.0,1.0,4.0,1.0,1.0,1.0,63.0,32.0,-0.0030632107251067353,-0.0017650185808415486,64.0,2048.0,6400000.0
1.0,64.0,4.0,1.0,1.0,1.0,63.0,32.0,-0.0030632107251067353,-0.0017650185808415486,0.5,16384.0,6400000.0
1.0,1.0,4.0,1.0,1.0,1.0,63.0,32.0,-0.0030632107251067353,-0.0017650185808415486,128.0,8.0,6400000.0
11.0,64.0,4.0,3.0,35.0,26.0,1119.0,2752.0,0.23801654357424562,0.2440154241847443,0.5,16.0,6400000.0
64.0,64.0,4.0,9.0,1323.0,922.0,41153.0,139328.0,0.5891946635030874,0.5831858810439214,1.0,0.125,6400000.0
1.0,64.0,4.0,1.0,1.0,1.0,63.0,32.0,-0.0030632107251067353,-0.0017650185808415486,512.0,8.0,6400000.0
41.0,64.0,4.0,9.0,627.0,458.0,19316.0,68032.0,0.5180074978621946,0.5340513881320648,2.0,1.0,6400000.0
1.0,64.0,4.0,1.0,1.0,1.0,63.0,32.0,-0.0030632107251067353,-0.0017650185808415486,4.0,8192.0,6400000.0
1.0,64.0,4.0,1.0,1.0,1.0,63.0,32.0,-0.0030632107251067353,-0.0017650185808415486,32.0,4096.0,6400000.0
64.0,64.0,4.0,8.0,1376.0,920.0,42350.0,139008.0,0.5667665288769856,0.56556119523319,4.0,0.0078125,6400000.0
1.0,64.0,4.0,1.0,1.0,1.0,63.0,32.0,-0.0030632107251067353,-0.0017650185808415486,2.0,1024.0,6400000.0
3.0,64.0,4.0,2.0,9.0,6.0,335.0,576.0,0.10115259004895938,0.10346957106453547,8.0,64.0,6400000.0
1.0,64.0,4.0,1.0,1.0,1.0,63.0,32.0,-0.0030632107251067353,-0.0017650185808415486,2048.0,2048.0,6400000.0
16.0,64.0,4.0,3.0,67.0,47.0,2020.0,5472.0,0.28428173420704106,0.29213228260301216,4.0,8.0,6400000.0
1.0,64.0,4.0,1.0,1.0,1.0,63.0,32.0,-0.0030632107251067353,-0.0017650185808415486,16.0,512.0,6400000.0
64.0,64.0,4.0,3.0,1069.0,827.0,36032.0,124128.0,0.32441503023501017,0.33644144166965184,16.0,0.0,6400000.0
1.0,64.0,4.0,1.0,1.0,1.0,63.0,32.0,-0.0030632107251067353,-0.0017650185808415486,4096.0,16.0,6400000.0
1.0,64.0,4.0,1.0,1.0,1.0,63.0,32.0,-0.0030632107251067353,-0.0017650185808415486,4096.0,0.015625,6400000.0
1.0,64.0,4.0,1.0,1.0,1.0,63.0,32.0,-0.0030632107251067353,-0.0017650185808415486,1024.0,512.0,6400000.0
8.0,64.0,4.0,2.0,22.0,16.0,724.0,1536.0,0.184803559555608,0.19082719424152972,64.0,32.0,6400000.0
1.0,1.0,4.0,1.0,1.0,1.0,63.0,32.0,-0.0030632107251067353,-0.0017650185808415486,128.0,32.0,6400000.0
1.0,64.0,4.0,1.0,1.0,1.0,63.0,32.0,-0.0030632107251067353,-0.0017650185808415486,128.0,0.25,6400000.0
1.0,64.0,4.0,1.0,1.0,1.0,63.0,32.0,-0.0030632107251067353,-0.0017650185808415486,64.0,32768.0,6400000.0
1.0,64.0,4.0,1.0,1.0,1.0,63.0,32.0,-0.0030632107251067353,-0.0017650185808415486,4096.0,16384.0,6400000.0
34.0,64.0,4.0,3.0,308.0,251.0,9992.0,35808.0,0.3330053059714342,0.33784075783114964,16.0,0.5,6400000.0
1.0,64.0,4.0,1.0,1.0,1.0,63.0,32.0,-0.0030632107251067353,-0.0017650185808415486,8192.0,128.0,6400000.0
1.0,64.0,4.0,1.0,1.0,1.0,63.0,32.0,-0.0030632107251067353,-0.0017650185808415486,8192.0,0.125,6400000.0
1.0,1.0,4.0,1.0,1.0,1.0,63.0,32.0,-0.0030632107251067353,-0.0017650185808415486,128.0,0.015625,6400000.0
20.0,64.0,4.0,2.0,81.0,65.0,2694.0,7840.0,0.25194387259795514,0.2611969990570394,32.0,4.0,6400000.0
1.0,64.0,4.0,1.0,1.0,1.0,63.0,32.0,-0.0030632107251067353,-0.0017650185808415486,16384.0,0.000976562,6400000.0
1.0,64.0,4.0,1.0,1.0,1.0,63.0,32.0,-0.0030632107251067353,-0.0017650185808415486,256.0,0.00195312,6400000.0
64.0,64.0,4.0,6.0,1255.0,935.0,40875.0,141408.0,0.5609777589072364,0.5584397897981024,8.0,0.0625,6400000.0
1.0,64.0,4.0,1.0,1.0,1.0,63.0,32.0,-0.0030632107251067353,-0.0017650185808415486,16384.0,1.0,6400000.0
1.0,64.0,4.0,1.0,1.0,1.0,63.0,32.0,-0.0030632107251067353,-0.0017650185808415486,1024.0,0.0625,6400000.0
1.0,64.0,4.0,1.0,1.0,1.0,63.0,32.0,-0.0030632107251067353,-0.0017650185808415486,32768.0,8.0,6400000.0
42.0,64.0,4.0,2.0,602.0,510.0,21349.0,76224.0,0.2500152224000506,0.2658665169608293,64.0,0.03125,6400000.0
1.0,64.0,4.0,1.0,1.0,1.0,63.0,32.0,-0.0030632107251067353,-0.0017650185808415486,32768.0,0.0078125,6400000.0
1.0,64.0,4.0,1.0,1.0,1.0,63.0,32.0,-0.0030632107251067353,-0.0017650185808415486,16384.0,1024.0,6400000.0
1.0,64.0,4.0,1.0,1.0,1.0,63.0,32.0,-0.0030632107251067353,-0.0017650185808415486,1024.0,64.0,6400000.0
1.0,64.0,4.0,1.0,1.0,1.0,63.0,32.0,-0.0030632107251067353,-0.0017650185808415486,256.0,2.0,6400000.0
1.0,64.0,4.0,1.0,1.0,1.0,63.0,32.0,-0.0030632107251067353,-0.0017650185808415486,32768.0,8192.0,6400000.0
1.0,64.0,4.0,1.0,1.0,1.0,63.0,32.0,-0.0030632107251067353,-0.0017650185808415486,512.0,0.015625,6400000.0
3.0,64.0,8.0,2.0,9.0,6.0,1295.0,576.0,0.10115259004895938,0.10346957106453547,0.0,64.0,6400000.0
1.0,64.0,4.0,1.0,1.0,1.0,63.0,32.0,-0.0030632107251067353,-0.0017650185808415486,2048.0,0.00390625,6400000.0
1.0,64.0,4.0,1.0,1.0,1.0,63.0,32.0,-0.0030632107251067353,-0.0017650185808415486,256.0,2048.0,6400000.0
1.0,64.0,4.0,1.0,1.0,1.0,63.0,32.0,-0.0030632107251067353,-0.0017650185808415486,128.0,256.0,6400000.0
64.0,64.0,4.0,2.0,1002.0,824.0,35420.0,123648.0,0.25257164215828487,0.2646712010984702,32.0,0.00390625,6400000.0
64.0,64.0,8.0,9.0,2968.0,1984.0,97368.0,309248.0,0.7213526466657024,0.7397537755137418,0.000976562,0.0,6400000.0
1.0,1.0,4.0,1.0,1.0,1.0,63.0,32.0,-0.0030632107251067353,-0.0017650185808415486,128.0,32768.0,6400000.0
1.0,64.0,4.0,1.0,1.0,1.0,63.0,32.0,-0.0030632107251067353,-0.0017650185808415486,2048.0,4.0,6400000.0
41.0,64.0,8.0,9.0,1564.0,1204.0,54829.0,187392.0,0.675685504144018,0.6677501451569227,0.000976562,0.5,6400000.0
64.0,64.0,8.0,9.0,2742.0,1984.0,92705.0,309248.0,0.7378393805354706,0.7386212412175388,0.0,0.0625,6400000.0
1.0,64.0,8.0,1.0,1.0,1.0,543.0,32.0,-0.0030632107251067353,-0.0017650185808415486,0.000976562,512.0,6400000.0
64.0,64.0,8.0,9.0,2934.0,1984.0,96795.0,309248.0,0.7247131312066477,0.7394740890142993,0.00195312,0.00390625,6400000.0
29.0,64.0,8.0,9.0,205.0,156.0,9076.0,21248.0,0.40735776232514465,0.41510468520174093,0.00195312,4.0,6400000.0
1.0,64.0,8.0,1.0,1.0,1.0,543.0,32.0,-0.0030632107251067353,-0.0017650185808415486,0.00195312,4096.0,6400000.0
1.0,64.0,4.0,1.0,1.0,1.0,63.0,32.0,-0.0030632107251067353,-0.0017650185808415486,512.0,16384.0,6400000.0
8.0,64.0,8.0,2.0,22.0,16.0,1924.0,1536.0,0.184803559555608,0.19082719424152972,0.00390625,32.0,6400000.0
64.0,64.0,8.0,9.0,2824.0,1979.0,94384.0,308448.0,0.7204980261541496,0.7283009802332054,0.00390625,0.03125,6400000.0
1.0,1.0,4.0,1.0,1.0,1.0,63.0,32.0,-0.0030632107251067353,-0.0017650185808415486,128.0,16.0,6400000.0
1.0,1.0,4.0,1.0,1.0,1.0,63.0,32.0,-0.0030632107251067353,-0.0017650185808415486,256.0,0.25,6400000.0
1.0,64.0,4.0,1.0,1.0,1.0,63.0,32.0,-0.0030632107251067353,-0.0017650185808415486,512.0,16.0,6400000.0
1.0,64.0,8.0,1.0,1.0,1.0,543.0,32.0,-0.0030632107251067353,-0.0017650185808415486,0.00390625,32768.0,6400000.0
43.0,64.0,8.0,9.0,1820.0,1333.0,62019.0,207776.0,0.6850279349113759,0.6951658200982608,0.0078125,0.25,6400000.0
1.0,64.0,8.0,1.0,1.0,1.0,543.0,32.0,-0.0030632107251067353,-0.0017650185808415486,0.015625,2048.0,6400000.0
1.0,64.0,4.0,1.0,1.0,1.0,63.0,32.0,-0.0030632107251067353,-0.0017650185808415486,2048.0,4096.0,6400000.0
1.0,64.0,8.0,1.0,1.0,1.0,543.0,32.0,-0.0030632107251067353,-0.0017650185808415486,0.0078125,256.0,6400000.0
64.0,64.0,8.0,9.0,2942.0,1984.0,96713.0,309248.0,0.7267619196587545,0.7373462906195325,0.015625,0.00195312,6400000.0
34.0,64.0,8.0,9.0,461.0,362.0,17539.0,53568.0,0.4871949573852562,0.49102114603945524,0.015625,2.0,6400000.0
64.0,64.0,8.0,9.0,2891.0,1984.0,95298.0,309248.0,0.730248483286547,0.7359700454147176,0.03125,0.015625,6400000.0
11.0,64.0,8.0,3.0,35.0,26.0,2559.0,2752.0,0.23801654357424562,0.2440154241847443,0.03125,16.0,6400000.0
1.0,64.0,8.0,1.0,1.0,1.0,543.0,32.0,-0.0030632107251067353,-0.0017650185808415486,0.03125,16384.0,6400000.0
51.0,64.0,8.0,9.0,2146.0,1523.0,71364.0,237152.0,0.7042908721591019,0.7061535339286464,0.0625,0.125,6400000.0
1.0,64.0,4.0,1.0,1.0,1.0,63.0,32.0,-0.0030632107251067353,-0.0017650185808415486,4096.0,32.0,6400000.0
1.0,64.0,8.0,1.0,1.0,1.0,543.0,32.0,-0.0030632107251067353,-0.0017650185808415486,0.0625,128.0,6400000.0
1.0,64.0,4.0,1.0,1.0,1.0,63.0,32.0,-0.0030632107251067353,-0.0017650185808415486,4096.0,0.03125,6400000.0
1.0,1.0,4.0,1.0,1.0,1.0,63.0,32.0,-0.0030632107251067353,-0.0017650185808415486,256.0,256.0,6400000.0
1.0,64.0,4.0,1.0,1.0,1.0,63.0,32.0,-0.0030632107251067353,-0.0017650185808415486,1024.0,1024.0,6400000.0
1.0,64.0,4.0,1.0,1.0,1.0,63.0,32.0,-0.0030632107251067353,-0.0017650185808415486,4096.0,32768.0,6400000.0
1.0,1.0,4.0,1.0,1.0,1.0,63.0,32.0,-0.0030632107251067353,-0.0017650185808415486,128.0,64.0,6400000.0
1.0,64.0,4.0,1.0,1.0,1.0,63.0,32.0,-0.0030632107251067353,-0.0017650185808415486,8192.0,0.25,6400000.0
1.0,64.0,4.0,1.0,1.0,1.0,63.0,32.0,-0.0030632107251067353,-0.0017650185808415486,8192.0,256.0,6400000.0
1.0,64.0,8.0,1.0,1.0,1.0,543.0,32.0,-0.0030632107251067353,-0.0017650185808415486,0.125,1024.0,6400000.0
64.0,64.0,8.0,9.0,2951.0,1984.0,97109.0,309248.0,0.7293722417808796,0.7329219821268955,0.125,0.000976562,6400000.0
16.0,64.0,8.0,3.0,67.0,47.0,3700.0,5472.0,0.28428173420704106,0.29213228260301216,0.25,8.0,6400000.0
30.0,64.0,8.0,9.0,1041.0,826.0,37179.0,128320.0,0.5615679503947415,0.5680515837886942,0.125,1.0,6400000.0
1.0,64.0,4.0,1.0,1.0,1.0,63.0,32.0,-0.0030632107251067353,-0.0017650185808415486,16384.0,0.00195312,6400000.0
1.0,64.0,8.0,1.0,1.0,1.0,543.0,32.0,-0.0030632107251067353,-0.0017650185808415486,0.25,8192.0,6400000.0
64.0,64.0,8.0,9.0,2916.0,1984.0,95766.0,309248.0,0.7307242918045613,0.7327378687952996,0.25,0.0078125,6400000.0
1.0,64.0,4.0,1.0,1.0,1.0,63.0,32.0,-0.0030632107251067353,-0.0017650185808415486,1024.0,0.125,6400000.0
1.0,64.0,4.0,1.0,1.0,1.0,63.0,32.0,-0.0030632107251067353,-0.0017650185808415486,16384.0,2.0,6400000.0
3.0,64.0,8.0,2.0,9.0,6.0,1295.0,576.0,0.10115259004895938,0.10346957106453547,0.5,64.0,6400000.0
64.0,64.0,8.0,9.0,2742.0,1984.0,92855.0,309248.0,0.7176943062507768,0.7283851966830431,0.5,0.0625,6400000.0
1.0,64.0,4.0,1.0,1.0,1.0,63.0,32.0,-0.0030632107251067353,-0.0017650185808415486,32768.0,0.015625,6400000.0
1.0,64.0,4.0,1.0,1.0,1.0,63.0,32.0,-0.0030632107251067353,-0.0017650185808415486,32768.0,16.0,6400000.0
1.0,64.0,4.0,1.0,1.0,1.0,63.0,32.0,-0.0030632107251067353,-0.0017650185808415486,16384.0,2048.0,6400000.0
1.0,64.0,4.0,1.0,1.0,1.0,63.0,32.0,-0.0030632107251067353,-0.0017650185808415486,1024.0,128.0,6400000.0
51.0,64.0,8.0,9.0,2146.0,1523.0,71364.0,237152.0,0.7042908721591019,0.7061535339286464,0.0,0.125,6400000.0
1.0,64.0,4.0,1.0,1.0,1.0,63.0,32.0,-0.0030632107251067353,-0.0017650185808415486,32768.0,16384.0,6400000.0
1.0,64.0,8.0,1.0,1.0,1.0,543.0,32.0,-0.0030632107251067353,-0.0017650185808415486,0.0,128.0,6400000.0
64.0,64.0,8.0,9.0,2959.0,1984.0,96981.0,309248.0,0.7243901842568345,0.7303806459530171,1.0,0.0,6400000.0
35.0,64.0,8.0,9.0,1170.0,940.0,41902.0,145920.0,0.6093046697253826,0.6125519678384939,0.000976562,1.0,6400000.0
64.0,64.0,8.0,9.0,2924.0,1984.0,96105.0,309248.0,0.7295617509626806,0.7448118479830562,0.000976562,0.000976562,6400000.0
46.0,64.0,8.0,9.0,1652.0,1315.0,58657.0,204512.0,0.66277415214737,0.6694111032566277,1.0,0.5,6400000.0
1.0,64.0,4.0,1.0,1.0,1.0,63.0,32.0,-0.0030632107251067353,-0.0017650185808415486,2048.0,0.0078125,6400000.0
1.0,64.0,4.0,1.0,1.0,1.0,63.0,32.0,-0.0030632107251067353,-0.0017650185808415486,2048.0,8.0,6400000.0
64.0,64.0,8.0,9.0,2899.0,1984.0,95781.0,309248.0,0.7294950801826139,0.7353240099039546,0.00195312,0.0078125,6400000.0
1.0,1.0,4.0,1.0,1.0,1.0,63.0,32.0,-0.0030632107251067353,-0.0017650185808415486,256.0,0.0,6400000.0
1.0,64.0,8.0,1.0,1.0,1.0,543.0,32.0,-0.0030632107251067353,-0.0017650185808415486,0.000976562,1024.0,6400000.0
1.0,1.0,1.0,1.0,1.0,1.0,35.0,32.0,-0.0030632107251067353,-0.0017650185808415486,0.0,512.0,6400000.0
1.0,1.0,4.0,1.0,1.0,1.0,63.0,32.0,-0.0030632107251067353,-0.0017650185808415486,512.0,0.00195312,6400000.0
1.0,1.0,1.0,2.0,3.0,2.0,108.0,192.0,0.03911015413878083,0.040912063041146696,0.0625,1.0,6400000.0
1.0,64.0,8.0,1.0,1.0,1.0,543.0,32.0,-0.0030632107251067353,-0.0017650185808415486,0.00195312,8192.0,6400000.0
16.0,64.0,8.0,3.0,67.0,47.0,3700.0,5472.0,0.28428173420704106,0.29213228260301216,0.00195312,8.0,6400000.0
1.0,64.0,8.0,1.0,1.0,1.0,543.0,32.0,-0.0030632107251067353,-0.0017650185808415486,1.0,512.0,6400000.0
3.0,64.0,8.0,2.0,9.0,6.0,1295.0,576.0,0.10115259004895938,0.10346957106453547,0.00390625,64.0,6400000.0
64.0,64.0,8.0,9.0,2937.0,1984.0,96728.0,309248.0,0.723236219798753,0.7250602823989964,2.0,0.00390625,6400000.0
64.0,64.0,8.0,9.0,2742.0,1984.0,92705.0,309248.0,0.7378393805354706,0.7386212412175388,0.00390625,0.0625,6400000.0
1.0,1.0,4.0,1.0,1.0,1.0,63.0,32.0,-0.0030632107251067353,-0.0017650185808415486,256.0,0.5,6400000.0
26.0,64.0,8.0,8.0,176.0,132.0,8080.0,17792.0,0.39720646641485025,0.407163168521929,2.0,4.0,6400000.0
41.0,64.0,8.0,9.0,1564.0,1204.0,54829.0,187392.0,0.675685504144018,0.6677501451569227,0.0078125,0.5,6400000.0
64.0,64.0,8.0,9.0,2968.0,1984.0,97368.0,309248.0,0.7213526466657024,0.7397537755137418,0.0078125,0.0,6400000.0
1.0,64.0,8.0,1.0,1.0,1.0,543.0,32.0,-0.0030632107251067353,-0.0017650185808415486,0.015625,4096.0,6400000.0
1.0,64.0,8.0,1.0,1.0,1.0,543.0,32.0,-0.0030632107251067353,-0.0017650185808415486,0.0078125,512.0,6400000.0
1.0,64.0,4.0,1.0,1.0,1.0,63.0,32.0,-0.0030632107251067353,-0.0017650185808415486,2048.0,8192.0,6400000.0
64.0,64.0,8.0,9.0,2934.0,1984.0,96795.0,309248.0,0.7247131312066477,0.7394740890142993,0.015625,0.00390625,6400000.0
8.0,64.0,8.0,2.0,22.0,16.0,1924.0,1536.0,0.184803559555608,0.19082719424152972,0.03125,32.0,6400000.0
1.0,64.0,8.0,1.0,1.0,1.0,543.0,32.0,-0.0030632107251067353,-0.0017650185808415486,2.0,4096.0,6400000.0
1.0,64.0,4.0,1.0,1.0,1.0,63.0,32.0,-0.0030632107251067353,-0.0017650185808415486,4096.0,64.0,6400000.0
29.0,64.0,8.0,9.0,205.0,156.0,9076.0,21248.0,0.40735776232514465,0.41510468520174093,0.015625,4.0,6400000.0
43.0,64.0,8.0,9.0,1820.0,1333.0,62019.0,207776.0,0.6850279349113759,0.6951658200982608,0.0625,0.25,6400000.0
64.0,64.0,8.0,9.0,2824.0,1979.0,94384.0,308448.0,0.7204980261541496,0.7283009802332054,0.03125,0.03125,6400000.0
1.0,64.0,8.0,1.0,1.0,1.0,543.0,32.0,-0.0030632107251067353,-0.0017650185808415486,0.03125,32768.0,6400000.0
1.0,64.0,4.0,1.0,1.0,1.0,63.0,32.0,-0.0030632107251067353,-0.0017650185808415486,4096.0,0.0625,6400000.0
1.0,64.0,8.0,1.0,1.0,1.0,543.0,32.0,-0.0030632107251067353,-0.0017650185808415486,0.0625,256.0,6400000.0
1.0,64.0,4.0,1.0,1.0,1.0,63.0,32.0,-0.0030632107251067353,-0.0017650185808415486,1024.0,2048.0,6400000.0
1.0,1.0,4.0,1.0,1.0,1.0,63.0,32.0,-0.0030632107251067353,-0.0017650185808415486,256.0,512.0,6400000.0
1.0,64.0,4.0,1.0,1.0,1.0,63.0,32.0,-0.0030632107251067353,-0.0017650185808415486,8192.0,0.0,6400000.0
1.0,64.0,4.0,1.0,1.0,1.0,63.0,32.0,-0.0030632107251067353,-0.0017650185808415486,8192.0,0.5,6400000.0
1.0,64.0,4.0,1.0,1.0,1.0,63.0,32.0,-0.0030632107251067353,-0.0017650185808415486,8192.0,512.0,6400000.0
1.0,1.0,4.0,1.0,1.0,1.0,63.0,32.0,-0.0030632107251067353,-0.0017650185808415486,128.0,128.0,6400000.0
1.0,64.0,8.0,1.0,1.0,1.0,543.0,32.0,-0.0030632107251067353,-0.0017650185808415486,0.125,2048.0,6400000.0
27.0,64.0,8.0,9.0,487.0,378.0,18378.0,57024.0,0.48755456345803316,0.5011776158323638,0.125,2.0,6400000.0
1.0,64.0,8.0,1.0,1.0,1.0,543.0,32.0,-0.0030632107251067353,-0.0017650185808415486,0.25,16384.0,6400000.0
11.0,64.0,8.0,3.0,35.0,26.0,2559.0,2752.0,0.23801654357424562,0.2440154241847443,0.25,16.0,6400000.0
64.0,64.0,8.0,9.0,2927.0,1984.0,95782.0,309248.0,0.7194435483608568,0.7253382393169862,0.125,0.00195312,6400000.0
1.0,64.0,4.0,1.0,1.0,1.0,63.0,32.0,-0.0030632107251067353,-0.0017650185808415486,16384.0,0.00390625,6400000.0
1.0,64.0,4.0,1.0,1.0,1.0,63.0,32.0,-0.0030632107251067353,-0.0017650185808415486,16384.0,4.0,6400000.0
64.0,64.0,8.0,9.0,2873.0,1984.0,95080.0,309248.0,0.7167053383664221,0.7263662468209084,0.25,0.015625,6400000.0
64.0,64.0,8.0,8.0,2717.0,1950.0,92436.0,303808.0,0.6628757234854378,0.6550246815746803,4.0,0.03125,6400000.0
50.0,64.0,8.0,9.0,2168.0,1550.0,73000.0,241600.0,0.7167983161434046,0.7167055568415222,0.5,0.125,6400000.0
1.0,64.0,4.0,1.0,1.0,1.0,63.0,32.0,-0.0030632107251067353,-0.0017650185808415486,32768.0,0.03125,6400000.0
1.0,64.0,8.0,1.0,1.0,1.0,543.0,32.0,-0.0030632107251067353,-0.0017650185808415486,0.5,128.0,6400000.0
1.0,64.0,4.0,1.0,1.0,1.0,63.0,32.0,-0.0030632107251067353,-0.0017650185808415486,32768.0,32.0,6400000.0
1.0,64.0,4.0,1.0,1.0,1.0,63.0,32.0,-0.0030632107251067353,-0.0017650185808415486,16384.0,4096.0,6400000.0
1.0,64.0,8.0,1.0,1.0,1.0,543.0,32.0,-0.0030632107251067353,-0.0017650185808415486,0.0,256.0,6400000.0
27.0,64.0,8.0,9.0,476.0,366.0,18145.0,55104.0,0.4777812127552883,0.48718538312254733,0.000976562,2.0,6400000.0
43.0,64.0,8.0,9.0,1820.0,1333.0,62019.0,207776.0,0.6850279349113759,0.6951658200982608,0.0,0.25,6400000.0
8.0,64.0,8.0,2.0,22.0,16.0,1924.0,1536.0,0.184803559555608,0.19082719424152972,4.0,32.0,6400000.0
64.0,64.0,8.0,9.0,2942.0,1984.0,96713.0,309248.0,0.7267619196587545,0.7373462906195325,0.000976562,0.00195312,6400000.0
1.0,64.0,4.0,1.0,1.0,1.0,63.0,32.0,-0.0030632107251067353,-0.0017650185808415486,2048.0,0.015625,6400000.0
1.0,64.0,4.0,1.0,1.0,1.0,63.0,32.0,-0.0030632107251067353,-0.0017650185808415486,32768.0,32768.0,6400000.0
64.0,64.0,8.0,9.0,2969.0,1984.0,97447.0,309248.0,0.7226060163264184,0.729849399180704,1.0,0.000976562,6400000.0
1.0,64.0,4.0,1.0,1.0,1.0,63.0,32.0,-0.0030632107251067353,-0.0017650185808415486,2048.0,16.0,6400000.0
64.0,64.0,8.0,9.0,2891.0,1984.0,95298.0,309248.0,0.730248483286547,0.7359700454147176,0.00195312,0.015625,6400000.0
1.0,64.0,8.0,1.0,1.0,1.0,543.0,32.0,-0.0030632107251067353,-0.0017650185808415486,0.000976562,2048.0,6400000.0
37.0,64.0,8.0,9.0,1110.0,901.0,40044.0,139424.0,0.5730843357607888,0.5794118372760027,1.0,1.0,6400000.0
1.0,1.0,4.0,1.0,1.0,1.0,63.0,32.0,-0.0030632107251067353,-0.0017650185808415486,256.0,0.000976562,6400000.0
1.0,1.0,4.0,1.0,1.0,1.0,63.0,32.0,-0.0030632107251067353,-0.0017650185808415486,512.0,0.00390625,6400000.0
1.0,1.0,1.0,2.0,3.0,2.0,108.0,192.0,0.03911015413878083,0.040912063041146696,0.0625,2.0,6400000.0
1.0,64.0,8.0,1.0,1.0,1.0,543.0,32.0,-0.0030632107251067353,-0.0017650185808415486,0.00195312,16384.0,6400000.0
1.0,1.0,1.0,1.0,1.0,1.0,35.0,32.0,-0.0030632107251067353,-0.0017650185808415486,0.0,1024.0,6400000.0
11.0,64.0,8.0,3.0,35.0,26.0,2559.0,2752.0,0.23801654357424562,0.2440154241847443,0.00195312,16.0,6400000.0
1.0,64.0,8.0,1.0,1.0,1.0,543.0,32.0,-0.0030632107251067353,-0.0017650185808415486,1.0,1024.0,6400000.0
1.0,64.0,8.0,1.0,1.0,1.0,543.0,32.0,-0.0030632107251067353,-0.0017650185808415486,0.00390625,128.0,6400000.0
64.0,64.0,8.0,9.0,2910.0,1980.0,95931.0,308608.0,0.7179721572670642,0.7232274574390973,2.0,0.0078125,6400000.0
51.0,64.0,8.0,9.0,2146.0,1523.0,71364.0,237152.0,0.7042908721591019,0.7061535339286464,0.00390625,0.125,6400000.0
1.0,1.0,4.0,1.0,1.0,1.0,63.0,32.0,-0.0030632107251067353,-0.0017650185808415486,256.0,1.0,6400000.0
16.0,64.0,8.0,3.0,67.0,47.0,3700.0,5472.0,0.28428173420704106,0.29213228260301216,2.0,8.0,6400000.0
1.0,64.0,8.0,1.0,1.0,1.0,543.0,32.0,-0.0030632107251067353,-0.0017650185808415486,0.015625,8192.0,6400000.0
35.0,64.0,8.0,9.0,1170.0,940.0,41902.0,145920.0,0.6093046697253826,0.6125519678384939,0.0078125,1.0,6400000.0
1.0,64.0,8.0,1.0,1.0,1.0,543.0,32.0,-0.0030632107251067353,-0.0017650185808415486,0.0078125,1024.0,6400000.0
1.0,64.0,8.0,1.0,1.0,1.0,543.0,32.0,-0.0030632107251067353,-0.0017650185808415486,2.0,8192.0,6400000.0
64.0,64.0,8.0,9.0,2924.0,1984.0,96105.0,309248.0,0.7295617509626806,0.7448118479830562,0.0078125,0.000976562,6400000.0
1.0,64.0,4.0,1.0,1.0,1.0,63.0,32.0,-0.0030632107251067353,-0.0017650185808415486,2048.0,16384.0,6400000.0
3.0,64.0,8.0,2.0,9.0,6.0,1295.0,576.0,0.10115259004895938,0.10346957106453547,0.03125,64.0,6400000.0
64.0,64.0,8.0,9.0,2899.0,1984.0,95781.0,309248.0,0.7294950801826139,0.7353240099039546,0.015625,0.0078125,6400000.0
1.0,64.0,4.0,1.0,1.0,1.0,63.0,32.0,-0.0030632107251067353,-0.0017650185808415486,4096.0,0.125,6400000.0
1.0,64.0,4.0,1.0,1.0,1.0,63.0,32.0,-0.0030632107251067353,-0.0017650185808415486,4096.0,128.0,6400000.0
64.0,64.0,8.0,9.0,2742.0,1984.0,92705.0,309248.0,0.7378393805354706,0.7386212412175388,0.03125,0.0625,6400000.0
16.0,64.0,8.0,3.0,67.0,47.0,3700.0,5472.0,0.28428173420704106,0.29213228260301216,0.015625,8.0,6400000.0
64.0,64.0,8.0,9.0,2968.0,1984.0,97368.0,309248.0,0.7213526466657024,0.7397537755137418,0.0625,0.0,6400000.0
41.0,64.0,8.0,9.0,1564.0,1204.0,54829.0,187392.0,0.675685504144018,0.6677501451569227,0.0625,0.5,6400000.0
1.0,64.0,8.0,1.0,1.0,1.0,543.0,32.0,-0.0030632107251067353,-0.0017650185808415486,0.0625,512.0,6400000.0
1.0,1.0,4.0,1.0,1.0,1.0,63.0,32.0,-0.0030632107251067353,-0.0017650185808415486,256.0,1024.0,6400000.0
1.0,64.0,4.0,1.0,1.0,1.0,63.0,32.0,-0.0030632107251067353,-0.0017650185808415486,1024.0,4096.0,6400000.0
1.0,1.0,4.0,1.0,1.0,1.0,63.0,32.0,-0.0030632107251067353,-0.0017650185808415486,128.0,256.0,6400000.0
1.0,64.0,4.0,1.0,1.0,1.0,63.0,32.0,-0.0030632107251067353,-0.0017650185808415486,8192.0,0.000976562,6400000.0
1.0,64.0,4.0,1.0,1.0,1.0,63.0,32.0,-0.0030632107251067353,-0.0017650185808415486,8192.0,1.0,6400000.0
1.0,64.0,8.0,1.0,1.0,1.0,543.0,32.0,-0.0030632107251067353,-0.0017650185808415486,0.125,4096.0,6400000.0
29.0,64.0,8.0,9.0,205.0,156.0,9076.0,21248.0,0.40735776232514465,0.41510468520174093,0.125,4.0,6400000.0
8.0,64.0,8.0,2.0,22.0,16.0,1924.0,1536.0,0.184803559555608,0.19082719424152972,0.25,32.0,6400000.0
64.0,64.0,8.0,9.0,2938.0,1983.0,96576.0,309088.0,0.7212679587427455,0.7288261380058739,0.125,0.00390625,6400000.0
1.0,64.0,8.0,1.0,1.0,1.0,543.0,32.0,-0.0030632107251067353,-0.0017650185808415486,0.25,32768.0,6400000.0
1.0,64.0,4.0,1.0,1.0,1.0,63.0,32.0,-0.0030632107251067353,-0.0017650185808415486,8192.0,1024.0,6400000.0
64.0,64.0,8.0,9.0,2832.0,1984.0,93855.0,309248.0,0.7321347590882734,0.7356469009964479,0.25,0.03125,6400000.0
1.0,64.0,4.0,1.0,1.0,1.0,63.0,32.0,-0.0030632107251067353,-0.0017650185808415486,16384.0,8.0,6400000.0
1.0,64.0,4.0,1.0,1.0,1.0,63.0,32.0,-0.0030632107251067353,-0.0017650185808415486,16384.0,0.0078125,6400000.0
64.0,64.0,8.0,8.0,2688.0,1984.0,91905.0,309248.0,0.6709610459597617,0.6591229743097389,4.0,0.0625,6400000.0
44.0,64.0,8.0,9.0,1841.0,1364.0,62785.0,212608.0,0.6969840787353565,0.6984176777343636,0.5,0.25,6400000.0
1.0,64.0,4.0,1.0,1.0,1.0,63.0,32.0,-0.0030632107251067353,-0.0017650185808415486,32768.0,0.0625,6400000.0
1.0,64.0,8.0,1.0,1.0,1.0,543.0,32.0,-0.0030632107251067353,-0.0017650185808415486,0.5,256.0,6400000.0
1.0,64.0,4.0,1.0,1.0,1.0,63.0,32.0,-0.0030632107251067353,-0.0017650185808415486,32768.0,64.0,6400000.0
1.0,64.0,4.0,1.0,1.0,1.0,63.0,32.0,-0.0030632107251067353,-0.0017650185808415486,16384.0,8192.0,6400000.0
1.0,64.0,8.0,1.0,1.0,1.0,543.0,32.0,-0.0030632107251067353,-0.0017650185808415486,0.0,512.0,6400000.0
29.0,64.0,8.0,9.0,205.0,156.0,9076.0,21248.0,0.40735776232514465,0.41510468520174093,0.000976562,4.0,6400000.0
1.0,64.0,4.0,1.0,1.0,1.0,63.0,32.0,-0.0030632107251067353,-0.0017650185808415486,2048.0,32.0,6400000.0
3.0,64.0,8.0,2.0,9.0,6.0,1295.0,576.0,0.10115259004895938,0.10346957106453547,4.0,64.0,6400000.0
41.0,64.0,8.0,9.0,1564.0,1204.0,54829.0,187392.0,0.675685504144018,0.6677501451569227,0.0,0.5,6400000.0
1.0,1.0,4.0,1.0,1.0,1.0,63.0,32.0,-0.0030632107251067353,-0.0017650185808415486,256.0,0.00195312,6400000.0
64.0,64.0,8.0,9.0,2934.0,1984.0,96795.0,309248.0,0.7247131312066477,0.7394740890142993,0.000976562,0.00390625,6400000.0
1.0,64.0,4.0,1.0,1.0,1.0,63.0,32.0,-0.0030632107251067353,-0.0017650185808415486,2048.0,0.03125,6400000.0
35.0,64.0,8.0,9.0,443.0,339.0,16816.0,49760.0,0.47730715717397076,0.4865154780906841,1.0,2.0,6400000.0
64.0,64.0,8.0,9.0,2824.0,1979.0,94384.0,308448.0,0.7204980261541496,0.7283009802332054,0.00195312,0.03125,6400000.0
64.0,64.0,8.0,9.0,2906.0,1972.0,95416.0,307328.0,0.728953209381922,0.734473113168072,1.0,0.00195312,6400000.0
1.0,1.0,4.0,1.0,1.0,1.0,63.0,32.0,-0.0030632107251067353,-0.0017650185808415486,512.0,0.0078125,6400000.0
1.0,64.0,8.0,1.0,1.0,1.0,543.0,32.0,-0.0030632107251067353,-0.0017650185808415486,0.000976562,4096.0,6400000.0
1.0,1.0,1.0,2.0,3.0,2.0,108.0,192.0,0.03911015413878083,0.040912063041146696,0.0625,4.0,6400000.0
1.0,64.0,8.0,1.0,1.0,1.0,543.0,32.0,-0.0030632107251067353,-0.0017650185808415486,1.0,2048.0,6400000.0
1.0,1.0,1.0,1.0,1.0,1.0,35.0,32.0,-0.0030632107251067353,-0.0017650185808415486,0.0,2048.0,6400000.0
8.0,64.0,8.0,2.0,22.0,16.0,1924.0,1536.0,0.184803559555608,0.19082719424152972,0.00195312,32.0,6400000.0
64.0,64.0,8.0,9.0,2968.0,1984.0,97368.0,309248.0,0.7213526466657024,0.7397537755137418,0.0,0.0,6400000.0
1.0,64.0,8.0,1.0,1.0,1.0,543.0,32.0,-0.0030632107251067353,-0.0017650185808415486,0.00195312,32768.0,6400000.0
1.0,64.0,8.0,1.0,1.0,1.0,543.0,32.0,-0.0030632107251067353,-0.0017650185808415486,0.00390625,256.0,6400000.0
43.0,64.0,8.0,9.0,1820.0,1333.0,62019.0,207776.0,0.6850279349113759,0.6951658200982608,0.00390625,0.25,6400000.0
64.0,64.0,8.0,9.0,2841.0,1984.0,94540.0,309248.0,0.7116801909060939,0.7223331129956644,2.0,0.015625,6400000.0
11.0,64.0,8.0,3.0,35.0,26.0,2559.0,2752.0,0.23801654357424562,0.2440154241847443,2.0,16.0,6400000.0
34.0,64.0,8.0,9.0,461.0,362.0,17539.0,53568.0,0.4871949573852562,0.49102114603945524,0.0078125,2.0,6400000.0
1.0,1.0,4.0,1.0,1.0,1.0,63.0,32.0,-0.0030632107251067353,-0.0017650185808415486,256.0,2.0,6400000.0
1.0,64.0,8.0,1.0,1.0,1.0,543.0,32.0,-0.0030632107251067353,-0.0017650185808415486,0.015625,16384.0,6400000.0
1.0,64.0,8.0,1.0,1.0,1.0,543.0,32.0,-0.0030632107251067353,-0.0017650185808415486,2.0,16384.0,6400000.0
1.0,64.0,8.0,1.0,1.0,1.0,543.0,32.0,-0.0030632107251067353,-0.0017650185808415486,0.0078125,2048.0,6400000.0
1.0,64.0,4.0,1.0,1.0,1.0,63.0,32.0,-0.0030632107251067353,-0.0017650185808415486,4096.0,0.25,6400000.0
1.0,64.0,8.0,1.0,1.0,1.0,543.0,32.0,-0.0030632107251067353,-0.0017650185808415486,0.03125,128.0,6400000.0
64.0,64.0,8.0,9.0,2942.0,1984.0,96713.0,309248.0,0.7267619196587545,0.7373462906195325,0.0078125,0.00195312,6400000.0
1.0,64.0,4.0,1.0,1.0,1.0,63.0,32.0,-0.0030632107251067353,-0.0017650185808415486,2048.0,32768.0,6400000.0
30.0,64.0,8.0,9.0,1041.0,826.0,37179.0,128320.0,0.5615679503947415,0.5680515837886942,0.0625,1.0,6400000.0
11.0,64.0,8.0,3.0,35.0,26.0,2559.0,2752.0,0.23801654357424562,0.2440154241847443,0.015625,16.0,6400000.0
64.0,64.0,8.0,9.0,2891.0,1984.0,95298.0,309248.0,0.730248483286547,0.7359700454147176,0.015625,0.015625,6400000.0
1.0,1.0,4.0,1.0,1.0,1.0,63.0,32.0,-0.0030632107251067353,-0.0017650185808415486,256.0,2048.0,6400000.0
1.0,64.0,8.0,1.0,1.0,1.0,543.0,32.0,-0.0030632107251067353,-0.0017650185808415486,0.0625,1024.0,6400000.0
1.0,64.0,4.0,1.0,1.0,1.0,63.0,32.0,-0.0030632107251067353,-0.0017650185808415486,4096.0,256.0,6400000.0
64.0,64.0,8.0,9.0,2924.0,1984.0,96105.0,309248.0,0.7295617509626806,0.7448118479830562,0.0625,0.000976562,6400000.0
51.0,64.0,8.0,9.0,2146.0,1523.0,71364.0,237152.0,0.7042908721591019,0.7061535339286464,0.03125,0.125,6400000.0
1.0,64.0,4.0,1.0,1.0,1.0,63.0,32.0,-0.0030632107251067353,-0.0017650185808415486,1024.0,8192.0,6400000.0
1.0,1.0,4.0,1.0,1.0,1.0,63.0,32.0,-0.0030632107251067353,-0.0017650185808415486,128.0,512.0,6400000.0
1.0,64.0,4.0,1.0,1.0,1.0,63.0,32.0,-0.0030632107251067353,-0.0017650185808415486,8192.0,2.0,6400000.0
1.0,64.0,4.0,1.0,1.0,1.0,63.0,32.0,-0.0030632107251067353,-0.0017650185808415486,8192.0,0.00195312,6400000.0
1.0,64.0,8.0,1.0,1.0,1.0,543.0,32.0,-0.0030632107251067353,-0.0017650185808415486,0.125,8192.0,6400000.0
16.0,64.0,8.0,3.0,67.0,47.0,3700.0,5472.0,0.28428173420704106,0.29213228260301216,0.125,8.0,6400000.0
3.0,64.0,8.0,2.0,9.0,6.0,1295.0,576.0,0.10115259004895938,0.10346957106453547,0.25,64.0,6400000.0
64.0,64.0,8.0,9.0,2916.0,1984.0,95766.0,309248.0,0.7307242918045613,0.7327378687952996,0.125,0.0078125,6400000.0
64.0,64.0,8.0,9.0,2702.0,1947.0,91072.0,303328.0,0.735110707972459,0.7378633281867747,0.25,0.0625,6400000.0
1.0,64.0,4.0,1.0,1.0,1.0,63.0,32.0,-0.0030632107251067353,-0.0017650185808415486,16384.0,16.0,6400000.0
55.0,64.0,8.0,8.0,2251.0,1667.0,77420.0,259680.0,0.6477385579711674,0.6460036959657441,4.0,0.125,6400000.0
64.0,64.0,8.0,9.0,2955.0,1984.0,96432.0,309248.0,0.7321072436681035,0.7362168172721726,0.5,0.0,6400000.0
1.0,64.0,4.0,1.0,1.0,1.0,63.0,32.0,-0.0030632107251067353,-0.0017650185808415486,16384.0,0.015625,6400000.0
1.0,64.0,4.0,1.0,1.0,1.0,63.0,32.0,-0.0030632107251067353,-0.0017650185808415486,8192.0,2048.0,6400000.0
1.0,64.0,8.0,1.0,1.0,1.0,543.0,32.0,-0.0030632107251067353,-0.0017650185808415486,0.5,512.0,6400000.0
1.0,64.0,4.0,1.0,1.0,1.0,63.0,32.0,-0.0030632107251067353,-0.0017650185808415486,16384.0,16384.0,6400000.0
41.0,64.0,8.0,9.0,1644.0,1271.0,57427.0,198112.0,0.6806914690129744,0.6809367601432539,0.5,0.5,6400000.0
1.0,64.0,4.0,1.0,1.0,1.0,63.0,32.0,-0.0030632107251067353,-0.0017650185808415486,32768.0,0.125,6400000.0
1.0,64.0,8.0,1.0,1.0,1.0,543.0,32.0,-0.0030632107251067353,-0.0017650185808415486,0.0,1024.0,6400000.0
1.0,64.0,4.0,1.0,1.0,1.0,63.0,32.0,-0.0030632107251067353,-0.0017650185808415486,32768.0,128.0,6400000.0
1.0,64.0,4.0,1.0,1.0,1.0,63.0,32.0,-0.0030632107251067353,-0.0017650185808415486,2048.0,64.0,6400000.0
1.0,64.0,8.0,1.0,1.0,1.0,543.0,32.0,-0.0030632107251067353,-0.0017650185808415486,4.0,128.0,6400000.0
16.0,64.0,8.0,3.0,67.0,47.0,3700.0,5472.0,0.28428173420704106,0.29213228260301216,0.000976562,8.0,6400000.0
35.0,64.0,8.0,9.0,1170.0,940.0,41902.0,145920.0,0.6093046697253826,0.6125519678384939,0.0,1.0,6400000.0
22.0,64.0,8.0,8.0,171.0,127.0,7754.0,17504.0,0.3898532962522989,0.39380126212786304,1.0,4.0,6400000.0
64.0,64.0,8.0,9.0,2899.0,1984.0,95781.0,309248.0,0.7294950801826139,0.7353240099039546,0.000976562,0.0078125,6400000.0
1.0,64.0,4.0,1.0,1.0,1.0,63.0,32.0,-0.0030632107251067353,-0.0017650185808415486,2048.0,0.0625,6400000.0
1.0,1.0,4.0,1.0,1.0,1.0,63.0,32.0,-0.0030632107251067353,-0.0017650185808415486,256.0,0.00390625,6400000.0
64.0,64.0,8.0,9.0,2742.0,1984.0,92705.0,309248.0,0.7378393805354706,0.7386212412175388,0.00195312,0.0625,6400000.0
64.0,64.0,8.0,9.0,2935.0,1984.0,96582.0,309248.0,0.7261277529405012,0.7347493347162932,1.0,0.00390625,6400000.0
1.0,1.0,4.0,1.0,1.0,1.0,63.0,32.0,-0.0030632107251067353,-0.0017650185808415486,512.0,0.015625,6400000.0
1.0,1.0,1.0,2.0,3.0,2.0,108.0,192.0,0.03911015413878083,0.040912063041146696,0.0625,8.0,6400000.0
1.0,64.0,8.0,1.0,1.0,1.0,543.0,32.0,-0.0030632107251067353,-0.0017650185808415486,0.000976562,8192.0,6400000.0
64.0,64.0,8.0,9.0,2924.0,1984.0,96105.0,309248.0,0.7295617509626806,0.7448118479830562,0.0,0.000976562,6400000.0
1.0,1.0,1.0,1.0,1.0,1.0,35.0,32.0,-0.0030632107251067353,-0.0017650185808415486,0.0,4096.0,6400000.0
1.0,64.0,8.0,1.0,1.0,1.0,543.0,32.0,-0.0030632107251067353,-0.0017650185808415486,1.0,4096.0,6400000.0
64.0,64.0,8.0,9.0,2968.0,1984.0,97368.0,309248.0,0.7213526466657024,0.7397537755137418,0.00390625,0.0,6400000.0
3.0,64.0,8.0,2.0,9.0,6.0,1295.0,576.0,0.10115259004895938,0.10346957106453547,0.00195312,64.0,6400000.0
1.0,64.0,8.0,1.0,1.0,1.0,543.0,32.0,-0.0030632107251067353,-0.0017650185808415486,0.00390625,512.0,6400000.0
41.0,64.0,8.0,9.0,1564.0,1204.0,54829.0,187392.0,0.675685504144018,0.6677501451569227,0.00390625,0.5,6400000.0
64.0,64.0,8.0,9.0,2833.0,1984.0,94994.0,309248.0,0.7353496519947316,0.741322923661119,2.0,0.03125,6400000.0
8.0,64.0,8.0,2.0,22.0,16.0,1924.0,1536.0,0.184803559555608,0.19082719424152972,2.0,32.0,6400000.0
29.0,64.0,8.0,9.0,205.0,156.0,9076.0,21248.0,0.40735776232514465,0.41510468520174093,0.0078125,4.0,6400000.0
1.0,64.0,8.0,1.0,1.0,1.0,543.0,32.0,-0.0030632107251067353,-0.0017650185808415486,2.0,32768.0,6400000.0
1.0,64.0,8.0,1.0,1.0,1.0,543.0,32.0,-0.0030632107251067353,-0.0017650185808415486,0.015625,32768.0,6400000.0
1.0,64.0,8.0,1.0,1.0,1.0,543.0,32.0,-0.0030632107251067353,-0.0017650185808415486,0.03125,256.0,6400000.0
1.0,64.0,8.0,1.0,1.0,1.0,543.0,32.0,-0.0030632107251067353,-0.0017650185808415486,0.0078125,4096.0,6400000.0
1.0,1.0,4.0,1.0,1.0,1.0,63.0,32.0,-0.0030632107251067353,-0.0017650185808415486,256.0,4.0,6400000.0
8.0,64.0,8.0,2.0,22.0,16.0,1924.0,1536.0,0.184803559555608,0.19082719424152972,0.015625,32.0,6400000.0
34.0,64.0,8.0,9.0,461.0,362.0,17539.0,53568.0,0.4871949573852562,0.49102114603945524,0.0625,2.0,6400000.0
1.0,64.0,4.0,1.0,1.0,1.0,63.0,32.0,-0.0030632107251067353,-0.0017650185808415486,4096.0,0.5,6400000.0
1.0,64.0,4.0,1.0,1.0,1.0,63.0,32.0,-0.0030632107251067353,-0.0017650185808415486,4096.0,0.0,6400000.0
64.0,64.0,8.0,9.0,2934.0,1984.0,96795.0,309248.0,0.7247131312066477,0.7394740890142993,0.0078125,0.00390625,6400000.0
64.0,64.0,8.0,9.0,2824.0,1979.0,94384.0,308448.0,0.7204980261541496,0.7283009802332054,0.015625,0.03125,6400000.0
64.0,64.0,8.0,9.0,2942.0,1984.0,96713.0,309248.0,0.7267619196587545,0.7373462906195325,0.0625,0.00195312,6400000.0
1.0,64.0,8.0,1.0,1.0,1.0,543.0,32.0,-0.0030632107251067353,-0.0017650185808415486,0.0625,2048.0,6400000.0
43.0,64.0,8.0,9.0,1820.0,1333.0,62019.0,207776.0,0.6850279349113759,0.6951658200982608,0.03125,0.25,6400000.0
1.0,1.0,4.0,1.0,1.0,1.0,63.0,32.0,-0.0030632107251067353,-0.0017650185808415486,256.0,4096.0,6400000.0
1.0,64.0,4.0,1.0,1.0,1.0,63.0,32.0,-0.0030632107251067353,-0.0017650185808415486,1024.0,16384.0,6400000.0
1.0,64.0,4.0,1.0,1.0,1.0,63.0,32.0,-0.0030632107251067353,-0.0017650185808415486,4096.0,512.0,6400000.0
1.0,1.0,4.0,1.0,1.0,1.0,63.0,32.0,-0.0030632107251067353,-0.0017650185808415486,128.0,1024.0,6400000.0
1.0,64.0,4.0,1.0,1.0,1.0,63.0,32.0,-0.0030632107251067353,-0.0017650185808415486,8192.0,4.0,6400000.0
1.0,64.0,4.0,1.0,1.0,1.0,63.0,32.0,-0.0030632107251067353,-0.0017650185808415486,8192.0,0.00390625,6400000.0
1.0,64.0,8.0,1.0,1.0,1.0,543.0,32.0,-0.0030632107251067353,-0.0017650185808415486,0.125,16384.0,6400000.0
11.0,64.0,8.0,3.0,35.0,26.0,2559.0,2752.0,0.23801654357424562,0.2440154241847443,0.125,16.0,6400000.0
1.0,64.0,8.0,1.0,1.0,1.0,543.0,32.0,-0.0030632107251067353,-0.0017650185808415486,0.25,128.0,6400000.0
1.0,64.0,4.0,1.0,1.0,1.0,63.0,32.0,-0.0030632107251067353,-0.0017650185808415486,8192.0,4096.0,6400000.0
49.0,64.0,8.0,8.0,1932.0,1492.0,67617.0,232448.0,0.6546200980428775,0.6381220675305668,4.0,0.25,6400000.0
1.0,64.0,4.0,1.0,1.0,1.0,63.0,32.0,-0.0030632107251067353,-0.0017650185808415486,16384.0,32.0,6400000.0
64.0,64.0,8.0,9.0,2873.0,1984.0,95080.0,309248.0,0.7167053383664221,0.7263662468209084,0.125,0.015625,6400000.0
61.0,64.0,8.0,9.0,2460.0,1832.0,84123.0,285312.0,0.7151762692251282,0.7220700658776642,0.25,0.125,6400000.0
64.0,64.0,8.0,9.0,2936.0,1984.0,96453.0,309248.0,0.7335105043015868,0.7368748907993732,0.5,0.000976562,6400000.0
1.0,64.0,8.0,1.0,1.0,1.0,543.0,32.0,-0.0030632107251067353,-0.0017650185808415486,0.5,1024.0,6400000.0
1.0,64.0,4.0,1.0,1.0,1.0,63.0,32.0,-0.0030632107251067353,-0.0017650185808415486,32768.0,256.0,6400000.0
1.0,64.0,4.0,1.0,1.0,1.0,63.0,32.0,-0.0030632107251067353,-0.0017650185808415486,16384.0,32768.0,6400000.0
1.0,64.0,4.0,1.0,1.0,1.0,63.0,32.0,-0.0030632107251067353,-0.0017650185808415486,32768.0,0.25,6400000.0
36.0,64.0,8.0,9.0,1134.0,912.0,40303.0,141312.0,0.5929709476756271,0.5972258269288702,0.5,1.0,6400000.0
1.0,64.0,8.0,1.0,1.0,1.0,543.0,32.0,-0.0030632107251067353,-0.0017650185808415486,0.0,2048.0,6400000.0
1.0,64.0,4.0,1.0,1.0,1.0,63.0,32.0,-0.0030632107251067353,-0.0017650185808415486,16384.0,0.03125,6400000.0
1.0,64.0,4.0,1.0,1.0,1.0,63.0,32.0,-0.0030632107251067353,-0.0017650185808415486,2048.0,128.0,6400000.0
1.0,64.0,8.0,1.0,1.0,1.0,543.0,32.0,-0.0030632107251067353,-0.0017650185808415486,4.0,256.0,6400000.0
27.0,64.0,8.0,9.0,476.0,366.0,18145.0,55104.0,0.4777812127552883,0.48718538312254733,0.0,2.0,6400000.0
11.0,64.0,8.0,3.0,35.0,26.0,2559.0,2752.0,0.23801654357424562,0.2440154241847443,0.000976562,16.0,6400000.0
16.0,64.0,8.0,3.0,67.0,47.0,3700.0,5472.0,0.28428173420704106,0.29213228260301216,1.0,8.0,6400000.0
64.0,64.0,8.0,9.0,2891.0,1984.0,95298.0,309248.0,0.730248483286547,0.7359700454147176,0.000976562,0.015625,6400000.0
1.0,1.0,4.0,1.0,1.0,1.0,63.0,32.0,-0.0030632107251067353,-0.0017650185808415486,512.0,0.03125,6400000.0
64.0,64.0,8.0,9.0,2874.0,1975.0,94828.0,307808.0,0.7304661345330608,0.7419702779685583,1.0,0.0078125,6400000.0
1.0,1.0,1.0,1.0,1.0,1.0,35.0,32.0,-0.0030632107251067353,-0.0017650185808415486,0.0,8192.0,6400000.0
1.0,1.0,1.0,2.0,3.0,2.0,108.0,192.0,0.03911015413878083,0.040912063041146696,0.0625,16.0,6400000.0
51.0,64.0,8.0,9.0,2146.0,1523.0,71364.0,237152.0,0.7042908721591019,0.7061535339286464,0.00195312,0.125,6400000.0
1.0,64.0,8.0,1.0,1.0,1.0,543.0,32.0,-0.0030632107251067353,-0.0017650185808415486,0.000976562,16384.0,6400000.0
1.0,64.0,4.0,1.0,1.0,1.0,63.0,32.0,-0.0030632107251067353,-0.0017650185808415486,2048.0,0.125,6400000.0
1.0,64.0,8.0,1.0,1.0,1.0,543.0,32.0,-0.0030632107251067353,-0.0017650185808415486,1.0,8192.0,6400000.0
1.0,1.0,4.0,1.0,1.0,1.0,63.0,32.0,-0.0030632107251067353,-0.0017650185808415486,256.0,0.0078125,6400000.0
64.0,64.0,8.0,9.0,2924.0,1984.0,96105.0,309248.0,0.7295617509626806,0.7448118479830562,0.00390625,0.000976562,6400000.0
64.0,64.0,8.0,9.0,2942.0,1984.0,96713.0,309248.0,0.7267619196587545,0.7373462906195325,0.0,0.00195312,6400000.0
1.0,64.0,8.0,1.0,1.0,1.0,543.0,32.0,-0.0030632107251067353,-0.0017650185808415486,0.00390625,1024.0,6400000.0
1.0,64.0,8.0,1.0,1.0,1.0,543.0,32.0,-0.0030632107251067353,-0.0017650185808415486,0.00195312,128.0,6400000.0
35.0,64.0,8.0,9.0,1170.0,940.0,41902.0,145920.0,0.6093046697253826,0.6125519678384939,0.00390625,1.0,6400000.0
64.0,64.0,8.0,9.0,2777.0,1984.0,93737.0,309248.0,0.7234476472240297,0.7288891319437636,2.0,0.0625,6400000.0
3.0,64.0,8.0,2.0,9.0,6.0,1295.0,576.0,0.10115259004895938,0.10346957106453547,2.0,64.0,6400000.0
16.0,64.0,8.0,3.0,67.0,47.0,3700.0,5472.0,0.28428173420704106,0.29213228260301216,0.0078125,8.0,6400000.0
64.0,64.0,8.0,8.0,2850.0,1981.0,95335.0,308768.0,0.6705645190816258,0.6598329354472373,4.0,0.0,6400000.0
1.0,64.0,8.0,1.0,1.0,1.0,543.0,32.0,-0.0030632107251067353,-0.0017650185808415486,0.03125,512.0,6400000.0
3.0,64.0,8.0,2.0,9.0,6.0,1295.0,576.0,0.10115259004895938,0.10346957106453547,0.015625,64.0,6400000.0
1.0,1.0,4.0,1.0,1.0,1.0,63.0,32.0,-0.0030632107251067353,-0.0017650185808415486,256.0,8.0,6400000.0
64.0,64.0,8.0,9.0,2968.0,1984.0,97368.0,309248.0,0.7213526466657024,0.7397537755137418,0.03125,0.0,6400000.0
64.0,64.0,8.0,9.0,2899.0,1984.0,95781.0,309248.0,0.7294950801826139,0.7353240099039546,0.0078125,0.0078125,6400000.0
1.0,64.0,4.0,1.0,1.0,1.0,63.0,32.0,-0.0030632107251067353,-0.0017650185808415486,4096.0,1.0,6400000.0
1.0,64.0,8.0,1.0,1.0,1.0,543.0,32.0,-0.0030632107251067353,-0.0017650185808415486,0.0078125,8192.0,6400000.0
1.0,64.0,8.0,1.0,1.0,1.0,543.0,32.0,-0.0030632107251067353,-0.0017650185808415486,0.0625,4096.0,6400000.0
1.0,1.0,4.0,1.0,1.0,1.0,63.0,32.0,-0.0030632107251067353,-0.0017650185808415486,256.0,8192.0,6400000.0
1.0,64.0,4.0,1.0,1.0,1.0,63.0,32.0,-0.0030632107251067353,-0.0017650185808415486,4096.0,0.000976562,6400000.0
41.0,64.0,8.0,9.0,1564.0,1204.0,54829.0,187392.0,0.675685504144018,0.6677501451569227,0.03125,0.5,6400000.0
64.0,64.0,8.0,9.0,2934.0,1984.0,96795.0,309248.0,0.7247131312066477,0.7394740890142993,0.0625,0.00390625,6400000.0
29.0,64.0,8.0,9.0,205.0,156.0,9076.0,21248.0,0.40735776232514465,0.41510468520174093,0.0625,4.0,6400000.0
1.0,64.0,4.0,1.0,1.0,1.0,63.0,32.0,-0.0030632107251067353,-0.0017650185808415486,4096.0,1024.0,6400000.0
64.0,64.0,8.0,9.0,2742.0,1984.0,92705.0,309248.0,0.7378393805354706,0.7386212412175388,0.015625,0.0625,6400000.0
1.0,64.0,4.0,1.0,1.0,1.0,63.0,32.0,-0.0030632107251067353,-0.0017650185808415486,8192.0,8.0,6400000.0
1.0,64.0,4.0,1.0,1.0,1.0,63.0,32.0,-0.0030632107251067353,-0.0017650185808415486,1024.0,32768.0,6400000.0
1.0,64.0,8.0,1.0,1.0,1.0,543.0,32.0,-0.0030632107251067353,-0.0017650185808415486,0.125,32768.0,6400000.0
1.0,1.0,4.0,1.0,1.0,1.0,63.0,32.0,-0.0030632107251067353,-0.0017650185808415486,128.0,2048.0,6400000.0
1.0,64.0,4.0,1.0,1.0,1.0,63.0,32.0,-0.0030632107251067353,-0.0017650185808415486,8192.0,0.0078125,6400000.0
8.0,64.0,8.0,2.0,22.0,16.0,1924.0,1536.0,0.184803559555608,0.19082719424152972,0.125,32.0,6400000.0
1.0,64.0,8.0,1.0,1.0,1.0,543.0,32.0,-0.0030632107251067353,-0.0017650185808415486,0.25,256.0,6400000.0
1.0,64.0,4.0,1.0,1.0,1.0,63.0,32.0,-0.0030632107251067353,-0.0017650185808415486,8192.0,8192.0,6400000.0
64.0,64.0,8.0,9.0,2832.0,1984.0,93855.0,309248.0,0.7321347590882734,0.7356469009964479,0.125,0.03125,6400000.0
39.0,64.0,8.0,8.0,1322.0,1021.0,46302.0,158368.0,0.610879012260807,0.6073632667824658,4.0,0.5,6400000.0
1.0,64.0,4.0,1.0,1.0,1.0,63.0,32.0,-0.0030632107251067353,-0.0017650185808415486,16384.0,64.0,6400000.0
1.0,64.0,4.0,1.0,1.0,1.0,63.0,32.0,-0.0030632107251067353,-0.0017650185808415486,32768.0,0.0,6400000.0
43.0,64.0,8.0,9.0,1804.0,1333.0,61559.0,207776.0,0.6898004507178896,0.6900562968219308,0.25,0.25,6400000.0
1.0,64.0,4.0,1.0,1.0,1.0,63.0,32.0,-0.0030632107251067353,-0.0017650185808415486,32768.0,512.0,6400000.0
1.0,64.0,4.0,1.0,1.0,1.0,63.0,32.0,-0.0030632107251067353,-0.0017650185808415486,32768.0,0.5,6400000.0
1.0,64.0,8.0,1.0,1.0,1.0,543.0,32.0,-0.0030632107251067353,-0.0017650185808415486,4.0,512.0,6400000.0
34.0,64.0,8.0,9.0,506.0,394.0,19100.0,58688.0,0.4888828787126642,0.4970038281883299,0.5,2.0,6400000.0
64.0,64.0,8.0,9.0,2932.0,1982.0,96335.0,308928.0,0.7337379816437477,0.7335786329066689,0.5,0.00195312,6400000.0
1.0,64.0,8.0,1.0,1.0,1.0,543.0,32.0,-0.0030632107251067353,-0.0017650185808415486,0.5,2048.0,6400000.0
1.0,64.0,4.0,1.0,1.0,1.0,63.0,32.0,-0.0030632107251067353,-0.0017650185808415486,16384.0,0.0625,6400000.0
1.0,64.0,8.0,1.0,1.0,1.0,543.0,32.0,-0.0030632107251067353,-0.0017650185808415486,0.0,4096.0,6400000.0
1.0,64.0,4.0,1.0,1.0,1.0,63.0,32.0,-0.0030632107251067353,-0.0017650185808415486,2048.0,256.0,6400000.0
29.0,64.0,8.0,9.0,205.0,156.0,9076.0,21248.0,0.40735776232514465,0.41510468520174093,0.0,4.0,6400000.0
1.0,1.0,4.0,1.0,1.0,1.0,63.0,32.0,-0.0030632107251067353,-0.0017650185808415486,512.0,0.0625,6400000.0
8.0,64.0,8.0,2.0,22.0,16.0,1924.0,1536.0,0.184803559555608,0.19082719424152972,0.000976562,32.0,6400000.0
11.0,64.0,8.0,3.0,35.0,26.0,2559.0,2752.0,0.23801654357424562,0.2440154241847443,1.0,16.0,6400000.0
64.0,64.0,8.0,9.0,2824.0,1979.0,94384.0,308448.0,0.7204980261541496,0.7283009802332054,0.000976562,0.03125,6400000.0
64.0,64.0,8.0,9.0,2885.0,1984.0,95324.0,309248.0,0.7320151826972827,0.7437947933988348,1.0,0.015625,6400000.0
1.0,1.0,1.0,1.0,1.0,1.0,35.0,32.0,-0.0030632107251067353,-0.0017650185808415486,0.0,16384.0,6400000.0
1.0,64.0,8.0,1.0,1.0,1.0,543.0,32.0,-0.0030632107251067353,-0.0017650185808415486,0.000976562,32768.0,6400000.0
64.0,64.0,8.0,9.0,2942.0,1984.0,96713.0,309248.0,0.7267619196587545,0.7373462906195325,0.00390625,0.00195312,6400000.0
1.0,1.0,4.0,1.0,1.0,1.0,63.0,32.0,-0.0030632107251067353,-0.0017650185808415486,256.0,0.015625,6400000.0
1.0,1.0,1.0,2.0,3.0,2.0,108.0,192.0,0.03911015413878083,0.040912063041146696,0.0625,32.0,6400000.0
43.0,64.0,8.0,9.0,1820.0,1333.0,62019.0,207776.0,0.6850279349113759,0.6951658200982608,0.00195312,0.25,6400000.0
1.0,64.0,8.0,1.0,1.0,1.0,543.0,32.0,-0.0030632107251067353,-0.0017650185808415486,1.0,16384.0,6400000.0
64.0,64.0,8.0,9.0,2934.0,1984.0,96795.0,309248.0,0.7247131312066477,0.7394740890142993,0.0,0.00390625,6400000.0
1.0,64.0,8.0,1.0,1.0,1.0,543.0,32.0,-0.0030632107251067353,-0.0017650185808415486,0.00390625,2048.0,6400000.0
1.0,64.0,8.0,1.0,1.0,1.0,543.0,32.0,-0.0030632107251067353,-0.0017650185808415486,0.00195312,256.0,6400000.0
1.0,64.0,4.0,1.0,1.0,1.0,63.0,32.0,-0.0030632107251067353,-0.0017650185808415486,2048.0,0.25,6400000.0
27.0,64.0,8.0,9.0,476.0,366.0,18145.0,55104.0,0.4777812127552883,0.48718538312254733,0.00390625,2.0,6400000.0
1.0,64.0,8.0,1.0,1.0,1.0,543.0,32.0,-0.0030632107251067353,-0.0017650185808415486,2.0,128.0,6400000.0
11.0,64.0,8.0,3.0,35.0,26.0,2559.0,2752.0,0.23801654357424562,0.2440154241847443,0.0078125,16.0,6400000.0
48.0,64.0,8.0,9.0,2069.0,1488.0,69860.0,231936.0,0.6954372530477593,0.6901746121722393,2.0,0.125,6400000.0
64.0,64.0,8.0,8.0,2851.0,1984.0,95653.0,309248.0,0.6611572643188184,0.6515208116578022,4.0,0.000976562,6400000.0
1.0,64.0,8.0,1.0,1.0,1.0,543.0,32.0,-0.0030632107251067353,-0.0017650185808415486,0.03125,1024.0,6400000.0
1.0,64.0,8.0,1.0,1.0,1.0,543.0,32.0,-0.0030632107251067353,-0.0017650185808415486,0.015625,128.0,6400000.0
1.0,1.0,4.0,1.0,1.0,1.0,63.0,32.0,-0.0030632107251067353,-0.0017650185808415486,256.0,16.0,6400000.0
64.0,64.0,8.0,9.0,2891.0,1984.0,95298.0,309248.0,0.730248483286547,0.7359700454147176,0.0078125,0.015625,6400000.0
1.0,64.0,8.0,1.0,1.0,1.0,543.0,32.0,-0.0030632107251067353,-0.0017650185808415486,0.0078125,16384.0,6400000.0
64.0,64.0,8.0,9.0,2924.0,1984.0,96105.0,309248.0,0.7295617509626806,0.7448118479830562,0.03125,0.000976562,6400000.0
1.0,64.0,4.0,1.0,1.0,1.0,63.0,32.0,-0.0030632107251067353,-0.0017650185808415486,4096.0,2.0,6400000.0
1.0,64.0,8.0,1.0,1.0,1.0,543.0,32.0,-0.0030632107251067353,-0.0017650185808415486,0.0625,8192.0,6400000.0
1.0,64.0,4.0,1.0,1.0,1.0,63.0,32.0,-0.0030632107251067353,-0.0017650185808415486,4096.0,0.00195312,6400000.0
64.0,64.0,8.0,9.0,2899.0,1984.0,95781.0,309248.0,0.7294950801826139,0.7353240099039546,0.0625,0.0078125,6400000.0
1.0,1.0,4.0,1.0,1.0,1.0,63.0,32.0,-0.0030632107251067353,-0.0017650185808415486,256.0,16384.0,6400000.0
1.0,64.0,4.0,1.0,1.0,1.0,63.0,32.0,-0.0030632107251067353,-0.0017650185808415486,2048.0,0.0,6400000.0
16.0,64.0,8.0,3.0,67.0,47.0,3700.0,5472.0,0.28428173420704106,0.29213228260301216,0.0625,8.0,6400000.0
1.0,64.0,4.0,1.0,1.0,1.0,63.0,32.0,-0.0030632107251067353,-0.0017650185808415486,4096.0,2048.0,6400000.0
30.0,64.0,8.0,9.0,1041.0,826.0,37179.0,128320.0,0.5615679503947415,0.5680515837886942,0.03125,1.0,6400000.0
64.0,64.0,8.0,9.0,2925.0,1978.0,96273.0,308288.0,0.732176606438675,0.7321797121851381,0.25,0.0,6400000.0
1.0,1.0,4.0,1.0,1.0,1.0,63.0,32.0,-0.0030632107251067353,-0.0017650185808415486,128.0,4096.0,6400000.0
1.0,64.0,4.0,1.0,1.0,1.0,63.0,32.0,-0.0030632107251067353,-0.0017650185808415486,8192.0,0.015625,6400000.0
1.0,64.0,4.0,1.0,1.0,1.0,63.0,32.0,-0.0030632107251067353,-0.0017650185808415486,8192.0,16.0,6400000.0
51.0,64.0,8.0,9.0,2146.0,1523.0,71364.0,237152.0,0.7042908721591019,0.7061535339286464,0.015625,0.125,6400000.0
3.0,64.0,8.0,2.0,9.0,6.0,1295.0,576.0,0.10115259004895938,0.10346957106453547,0.125,64.0,6400000.0
1.0,64.0,8.0,1.0,1.0,1.0,543.0,32.0,-0.0030632107251067353,-0.0017650185808415486,0.25,512.0,6400000.0
1.0,64.0,4.0,1.0,1.0,1.0,63.0,32.0,-0.0030632107251067353,-0.0017650185808415486,8192.0,16384.0,6400000.0
64.0,64.0,8.0,9.0,2702.0,1947.0,91072.0,303328.0,0.735110707972459,0.7378633281867747,0.125,0.0625,6400000.0
1.0,64.0,4.0,1.0,1.0,1.0,63.0,32.0,-0.0030632107251067353,-0.0017650185808415486,16384.0,128.0,6400000.0
1.0,64.0,4.0,1.0,1.0,1.0,63.0,32.0,-0.0030632107251067353,-0.0017650185808415486,32768.0,1024.0,6400000.0
64.0,64.0,8.0,9.0,2901.0,1983.0,95563.0,309088.0,0.7400839649565787,0.7442501268930661,0.5,0.00390625,6400000.0
36.0,64.0,8.0,9.0,1401.0,1071.0,48791.0,166752.0,0.6178131966842346,0.6287000451115454,0.25,0.5,6400000.0
1.0,64.0,4.0,1.0,1.0,1.0,63.0,32.0,-0.0030632107251067353,-0.0017650185808415486,32768.0,0.000976562,6400000.0
40.0,64.0,8.0,8.0,787.0,622.0,28519.0,94400.0,0.5578868547750927,0.556378315567797,4.0,1.0,6400000.0
1.0,64.0,4.0,1.0,1.0,1.0,63.0,32.0,-0.0030632107251067353,-0.0017650185808415486,32768.0,1.0,6400000.0
16.0,64.0,8.0,3.0,67.0,47.0,3700.0,5472.0,0.28428173420704106,0.29213228260301216,0.0,8.0,6400000.0
1.0,64.0,8.0,1.0,1.0,1.0,543.0,32.0,-0.0030632107251067353,-0.0017650185808415486,4.0,1024.0,6400000.0
1.0,64.0,8.0,1.0,1.0,1.0,543.0,32.0,-0.0030632107251067353,-0.0017650185808415486,0.0,8192.0,6400000.0
22.0,64.0,8.0,8.0,190.0,139.0,8605.0,19424.0,0.3963758318179941,0.40794272548017085,0.5,4.0,6400000.0
1.0,64.0,8.0,1.0,1.0,1.0,543.0,32.0,-0.0030632107251067353,-0.0017650185808415486,0.5,4096.0,6400000.0
3.0,64.0,8.0,2.0,9.0,6.0,1295.0,576.0,0.10115259004895938,0.10346957106453547,0.000976562,64.0,6400000.0
1.0,64.0,4.0,1.0,1.0,1.0,63.0,32.0,-0.0030632107251067353,-0.0017650185808415486,16384.0,0.125,6400000.0
1.0,1.0,4.0,1.0,1.0,1.0,63.0,32.0,-0.0030632107251067353,-0.0017650185808415486,512.0,0.125,6400000.0
1.0,64.0,4.0,1.0,1.0,1.0,63.0,32.0,-0.0030632107251067353,-0.0017650185808415486,2048.0,512.0,6400000.0
8.0,64.0,8.0,2.0,22.0,16.0,1924.0,1536.0,0.184803559555608,0.19082719424152972,1.0,32.0,6400000.0
1.0,1.0,1.0,1.0,1.0,1.0,35.0,32.0,-0.0030632107251067353,-0.0017650185808415486,0.0,32768.0,6400000.0
64.0,64.0,8.0,9.0,2934.0,1984.0,96795.0,309248.0,0.7247131312066477,0.7394740890142993,0.00390625,0.00390625,6400000.0
64.0,64.0,8.0,9.0,2742.0,1984.0,92705.0,309248.0,0.7378393805354706,0.7386212412175388,0.000976562,0.0625,6400000.0
64.0,64.0,8.0,9.0,2831.0,1984.0,94397.0,309248.0,0.7335981604396694,0.7404953207950469,1.0,0.03125,6400000.0
1.0,64.0,8.0,1.0,1.0,1.0,543.0,32.0,-0.0030632107251067353,-0.0017650185808415486,1.0,32768.0,6400000.0
64.0,64.0,8.0,9.0,2968.0,1984.0,97368.0,309248.0,0.7213526466657024,0.7397537755137418,0.00195312,0.0,6400000.0
1.0,1.0,1.0,2.0,3.0,2.0,108.0,192.0,0.03911015413878083,0.040912063041146696,0.0625,64.0,6400000.0
29.0,64.0,8.0,9.0,205.0,156.0,9076.0,21248.0,0.40735776232514465,0.41510468520174093,0.00390625,4.0,6400000.0
1.0,1.0,4.0,1.0,1.0,1.0,63.0,32.0,-0.0030632107251067353,-0.0017650185808415486,256.0,0.03125,6400000.0
1.0,64.0,8.0,1.0,1.0,1.0,543.0,32.0,-0.0030632107251067353,-0.0017650185808415486,0.00390625,4096.0,6400000.0
1.0,64.0,8.0,1.0,1.0,1.0,543.0,32.0,-0.0030632107251067353,-0.0017650185808415486,0.00195312,512.0,6400000.0
41.0,64.0,8.0,9.0,1564.0,1204.0,54829.0,187392.0,0.675685504144018,0.6677501451569227,0.00195312,0.5,6400000.0
64.0,64.0,8.0,9.0,2899.0,1984.0,95781.0,309248.0,0.7294950801826139,0.7353240099039546,0.0,0.0078125,6400000.0
1.0,64.0,4.0,1.0,1.0,1.0,63.0,32.0,-0.0030632107251067353,-0.0017650185808415486,2048.0,0.5,6400000.0
8.0,64.0,8.0,2.0,22.0,16.0,1924.0,1536.0,0.184803559555608,0.19082719424152972,0.0078125,32.0,6400000.0
1.0,64.0,8.0,1.0,1.0,1.0,543.0,32.0,-0.0030632107251067353,-0.0017650185808415486,2.0,256.0,6400000.0
49.0,64.0,8.0,9.0,1982.0,1502.0,68774.0,234048.0,0.7021553743181248,0.6971228010856587,2.0,0.25,6400000.0
64.0,64.0,8.0,8.0,2868.0,1973.0,95787.0,307488.0,0.6660938711684934,0.6570685490286533,4.0,0.00195312,6400000.0
1.0,64.0,8.0,1.0,1.0,1.0,543.0,32.0,-0.0030632107251067353,-0.0017650185808415486,0.015625,256.0,6400000.0
1.0,64.0,8.0,1.0,1.0,1.0,543.0,32.0,-0.0030632107251067353,-0.0017650185808415486,0.03125,2048.0,6400000.0
64.0,64.0,8.0,9.0,2824.0,1979.0,94384.0,308448.0,0.7204980261541496,0.7283009802332054,0.0078125,0.03125,6400000.0
1.0,64.0,8.0,1.0,1.0,1.0,543.0,32.0,-0.0030632107251067353,-0.0017650185808415486,0.0078125,32768.0,6400000.0
1.0,64.0,4.0,1.0,1.0,1.0,63.0,32.0,-0.0030632107251067353,-0.0017650185808415486,4096.0,0.00390625,6400000.0
11.0,64.0,8.0,3.0,35.0,26.0,2559.0,2752.0,0.23801654357424562,0.2440154241847443,0.0625,16.0,6400000.0
1.0,1.0,4.0,1.0,1.0,1.0,63.0,32.0,-0.0030632107251067353,-0.0017650185808415486,256.0,32.0,6400000.0
1.0,64.0,4.0,1.0,1.0,1.0,63.0,32.0,-0.0030632107251067353,-0.0017650185808415486,2048.0,0.000976562,6400000.0
1.0,64.0,4.0,1.0,1.0,1.0,63.0,32.0,-0.0030632107251067353,-0.0017650185808415486,4096.0,4.0,6400000.0
34.0,64.0,8.0,9.0,461.0,362.0,17539.0,53568.0,0.4871949573852562,0.49102114603945524,0.03125,2.0,6400000.0
1.0,1.0,4.0,1.0,1.0,1.0,63.0,32.0,-0.0030632107251067353,-0.0017650185808415486,256.0,32768.0,6400000.0
1.0,64.0,4.0,1.0,1.0,1.0,63.0,32.0,-0.0030632107251067353,-0.0017650185808415486,4096.0,4096.0,6400000.0
64.0,64.0,8.0,9.0,2942.0,1984.0,96713.0,309248.0,0.7267619196587545,0.7373462906195325,0.03125,0.00195312,6400000.0
64.0,64.0,8.0,9.0,2891.0,1984.0,95298.0,309248.0,0.730248483286547,0.7359700454147176,0.0625,0.015625,6400000.0
64.0,64.0,8.0,9.0,2951.0,1984.0,97109.0,309248.0,0.7293722417808796,0.7329219821268955,0.25,0.000976562,6400000.0
1.0,64.0,4.0,1.0,1.0,1.0,63.0,32.0,-0.0030632107251067353,-0.0017650185808415486,8192.0,0.03125,6400000.0
1.0,1.0,4.0,1.0,1.0,1.0,63.0,32.0,-0.0030632107251067353,-0.0017650185808415486,128.0,8192.0,6400000.0
1.0,64.0,4.0,1.0,1.0,1.0,63.0,32.0,-0.0030632107251067353,-0.0017650185808415486,8192.0,32.0,6400000.0
43.0,64.0,8.0,9.0,1820.0,1333.0,62019.0,207776.0,0.6850279349113759,0.6951658200982608,0.015625,0.25,6400000.0
1.0,64.0,8.0,1.0,1.0,1.0,543.0,32.0,-0.0030632107251067353,-0.0017650185808415486,0.0625,16384.0,6400000.0
1.0,64.0,8.0,1.0,1.0,1.0,543.0,32.0,-0.0030632107251067353,-0.0017650185808415486,0.125,128.0,6400000.0
1.0,64.0,8.0,1.0,1.0,1.0,543.0,32.0,-0.0030632107251067353,-0.0017650185808415486,0.25,1024.0,6400000.0
1.0,64.0,4.0,1.0,1.0,1.0,63.0,32.0,-0.0030632107251067353,-0.0017650185808415486,8192.0,32768.0,6400000.0
1.0,64.0,4.0,1.0,1.0,1.0,63.0,32.0,-0.0030632107251067353,-0.0017650185808415486,16384.0,256.0,6400000.0
61.0,64.0,8.0,9.0,2460.0,1832.0,84123.0,285312.0,0.7151762692251282,0.7220700658776642,0.125,0.125,6400000.0
1.0,64.0,4.0,1.0,1.0,1.0,63.0,32.0,-0.0030632107251067353,-0.0017650185808415486,32768.0,2048.0,6400000.0
38.0,64.0,8.0,8.0,406.0,318.0,15819.0,46016.0,0.47576234244592086,0.49153770398285,4.0,2.0,6400000.0
1.0,64.0,8.0,1.0,1.0,1.0,543.0,32.0,-0.0030632107251067353,-0.0017650185808415486,4.0,2048.0,6400000.0
64.0,64.0,8.0,9.0,2907.0,1976.0,95629.0,307968.0,0.7356542774658054,0.7409189639895053,0.5,0.0078125,6400000.0
30.0,64.0,8.0,9.0,1041.0,826.0,37179.0,128320.0,0.5615679503947415,0.5680515837886942,0.25,1.0,6400000.0
11.0,64.0,8.0,3.0,35.0,26.0,2559.0,2752.0,0.23801654357424562,0.2440154241847443,0.0,16.0,6400000.0
1.0,64.0,4.0,1.0,1.0,1.0,63.0,32.0,-0.0030632107251067353,-0.0017650185808415486,32768.0,0.00195312,6400000.0
1.0,64.0,8.0,1.0,1.0,1.0,543.0,32.0,-0.0030632107251067353,-0.0017650185808415486,0.5,8192.0,6400000.0
16.0,64.0,8.0,3.0,67.0,47.0,3700.0,5472.0,0.28428173420704106,0.29213228260301216,0.5,8.0,6400000.0
1.0,64.0,4.0,1.0,1.0,1.0,63.0,32.0,-0.0030632107251067353,-0.0017650185808415486,32768.0,2.0,6400000.0
1.0,64.0,8.0,1.0,1.0,1.0,543.0,32.0,-0.0030632107251067353,-0.0017650185808415486,0.0,16384.0,6400000.0
1.0,64.0,8.0,1.0,1.0,1.0,543.0,32.0,-0.0030632107251067353,-0.0017650185808415486,0.000976562,128.0,6400000.0
1.0,1.0,4.0,1.0,1.0,1.0,63.0,32.0,-0.0030632107251067353,-0.0017650185808415486,512.0,0.25,6400000.0
1.0,64.0,4.0,1.0,1.0,1.0,63.0,32.0,-0.0030632107251067353,-0.0017650185808415486,16384.0,0.25,6400000.0
1.0,64.0,4.0,1.0,1.0,1.0,63.0,32.0,-0.0030632107251067353,-0.0017650185808415486,2048.0,1024.0,6400000.0
3.0,64.0,8.0,2.0,9.0,6.0,1295.0,576.0,0.10115259004895938,0.10346957106453547,1.0,64.0,6400000.0
1.0,1.0,1.0,2.0,3.0,2.0,108.0,192.0,0.03911015413878083,0.040912063041146696,0.000976562,0.0,6400000.0
51.0,64.0,8.0,9.0,2146.0,1523.0,71364.0,237152.0,0.7042908721591019,0.7061535339286464,0.000976562,0.125,6400000.0
64.0,64.0,8.0,9.0,2721.0,1984.0,92537.0,309248.0,0.7332780231364275,0.7331378793147938,1.0,0.0625,6400000.0
64.0,64.0,8.0,9.0,2899.0,1984.0,95781.0,309248.0,0.7294950801826139,0.7353240099039546,0.00390625,0.0078125,6400000.0
64.0,64.0,8.0,9.0,2966.0,1984.0,97211.0,309248.0,0.7226563611985684,0.7195037574956283,2.0,0.0,6400000.0
64.0,64.0,8.0,9.0,2924.0,1984.0,96105.0,309248.0,0.7295617509626806,0.7448118479830562,0.00195312,0.000976562,6400000.0
1.0,1.0,1.0,1.0,1.0,1.0,35.0,32.0,-0.0030632107251067353,-0.0017650185808415486,0.0625,128.0,6400000.0
16.0,64.0,8.0,3.0,67.0,47.0,3700.0,5472.0,0.28428173420704106,0.29213228260301216,0.00390625,8.0,6400000.0
3.0,64.0,8.0,2.0,9.0,6.0,1295.0,576.0,0.10115259004895938,0.10346957106453547,0.0078125,64.0,6400000.0
35.0,64.0,8.0,9.0,1170.0,940.0,41902.0,145920.0,0.6093046697253826,0.6125519678384939,0.00195312,1.0,6400000.0
1.0,64.0,8.0,1.0,1.0,1.0,543.0,32.0,-0.0030632107251067353,-0.0017650185808415486,2.0,512.0,6400000.0
1.0,64.0,4.0,1.0,1.0,1.0,63.0,32.0,-0.0030632107251067353,-0.0017650185808415486,2048.0,1.0,6400000.0
1.0,64.0,8.0,1.0,1.0,1.0,543.0,32.0,-0.0030632107251067353,-0.0017650185808415486,0.00195312,1024.0,6400000.0
1.0,64.0,8.0,1.0,1.0,1.0,543.0,32.0,-0.0030632107251067353,-0.0017650185808415486,0.00390625,8192.0,6400000.0
43.0,64.0,8.0,9.0,1636.0,1276.0,57649.0,198656.0,0.6712591447910993,0.6622161201497598,2.0,0.5,6400000.0
1.0,1.0,4.0,1.0,1.0,1.0,63.0,32.0,-0.0030632107251067353,-0.0017650185808415486,256.0,0.0625,6400000.0
64.0,64.0,8.0,8.0,2846.0,1967.0,95163.0,306528.0,0.6652764170903527,0.6553130733871406,4.0,0.00390625,6400000.0
64.0,64.0,8.0,9.0,2891.0,1984.0,95298.0,309248.0,0.730248483286547,0.7359700454147176,0.0,0.015625,6400000.0
1.0,64.0,8.0,1.0,1.0,1.0,543.0,32.0,-0.0030632107251067353,-0.0017650185808415486,0.015625,512.0,6400000.0
64.0,64.0,8.0,9.0,2742.0,1984.0,92705.0,309248.0,0.7378393805354706,0.7386212412175388,0.0078125,0.0625,6400000.0
1.0,64.0,8.0,1.0,1.0,1.0,543.0,32.0,-0.0030632107251067353,-0.0017650185808415486,0.03125,4096.0,6400000.0
64.0,64.0,8.0,9.0,2968.0,1984.0,97368.0,309248.0,0.7213526466657024,0.7397537755137418,0.015625,0.0,6400000.0
1.0,64.0,4.0,1.0,1.0,1.0,63.0,32.0,-0.0030632107251067353,-0.0017650185808415486,4096.0,0.0078125,6400000.0
8.0,64.0,8.0,2.0,22.0,16.0,1924.0,1536.0,0.184803559555608,0.19082719424152972,0.0625,32.0,6400000.0
1.0,64.0,4.0,1.0,1.0,1.0,63.0,32.0,-0.0030632107251067353,-0.0017650185808415486,4096.0,8.0,6400000.0
1.0,1.0,4.0,1.0,1.0,1.0,63.0,32.0,-0.0030632107251067353,-0.0017650185808415486,256.0,64.0,6400000.0
1.0,64.0,8.0,1.0,1.0,1.0,543.0,32.0,-0.0030632107251067353,-0.0017650185808415486,0.0625,32768.0,6400000.0
1.0,1.0,4.0,1.0,1.0,1.0,63.0,32.0,-0.0030632107251067353,-0.0017650185808415486,512.0,0.0,6400000.0
1.0,64.0,4.0,1.0,1.0,1.0,63.0,32.0,-0.0030632107251067353,-0.0017650185808415486,8192.0,0.0625,6400000.0
1.0,64.0,4.0,1.0,1.0,1.0,63.0,32.0,-0.0030632107251067353,-0.0017650185808415486,4096.0,8192.0,6400000.0
29.0,64.0,8.0,9.0,205.0,156.0,9076.0,21248.0,0.40735776232514465,0.41510468520174093,0.03125,4.0,6400000.0
64.0,64.0,8.0,9.0,2927.0,1984.0,95782.0,309248.0,0.7194435483608568,0.7253382393169862,0.25,0.00195312,6400000.0
1.0,64.0,4.0,1.0,1.0,1.0,63.0,32.0,-0.0030632107251067353,-0.0017650185808415486,8192.0,64.0,6400000.0
1.0,1.0,4.0,1.0,1.0,1.0,63.0,32.0,-0.0030632107251067353,-0.0017650185808415486,128.0,16384.0,6400000.0
64.0,64.0,8.0,9.0,2824.0,1979.0,94384.0,308448.0,0.7204980261541496,0.7283009802332054,0.0625,0.03125,6400000.0
64.0,64.0,8.0,9.0,2934.0,1984.0,96795.0,309248.0,0.7247131312066477,0.7394740890142993,0.03125,0.00390625,6400000.0
41.0,64.0,8.0,9.0,1564.0,1204.0,54829.0,187392.0,0.675685504144018,0.6677501451569227,0.015625,0.5,6400000.0
1.0,64.0,8.0,1.0,1.0,1.0,543.0,32.0,-0.0030632107251067353,-0.0017650185808415486,4.0,32768.0,6400000.0
1.0,64.0,8.0,1.0,1.0,1.0,543.0,32.0,-0.0030632107251067353,-0.0017650185808415486,0.125,256.0,6400000.0
1.0,64.0,8.0,1.0,1.0,1.0,543.0,32.0,-0.0030632107251067353,-0.0017650185808415486,0.25,2048.0,6400000.0
1.0,64.0,4.0,1.0,1.0,1.0,63.0,32.0,-0.0030632107251067353,-0.0017650185808415486,16384.0,0.0,6400000.0
1.0,64.0,4.0,1.0,1.0,1.0,63.0,32.0,-0.0030632107251067353,-0.0017650185808415486,16384.0,512.0,6400000.0
43.0,64.0,8.0,9.0,1804.0,1333.0,61559.0,207776.0,0.6898004507178896,0.6900562968219308,0.125,0.25,6400000.0
26.0,64.0,8.0,5.0,149.0,114.0,7039.0,14912.0,0.352960107957759,0.3577042326919795,4.0,4.0,6400000.0
64.0,64.0,8.0,9.0,2886.0,1982.0,95249.0,308928.0,0.7378675081858972,0.736085938982977,0.5,0.015625,6400000.0
1.0,64.0,8.0,1.0,1.0,1.0,543.0,32.0,-0.0030632107251067353,-0.0017650185808415486,4.0,4096.0,6400000.0
1.0,64.0,4.0,1.0,1.0,1.0,63.0,32.0,-0.0030632107251067353,-0.0017650185808415486,32768.0,4096.0,6400000.0
1.0,64.0,8.0,1.0,1.0,1.0,543.0,32.0,-0.0030632107251067353,-0.0017650185808415486,0.5,16384.0,6400000.0
33.0,64.0,8.0,9.0,477.0,373.0,18022.0,55456.0,0.48648237678754125,0.4966086889837822,0.25,2.0,6400000.0
1.0,64.0,8.0,1.0,1.0,1.0,543.0,32.0,-0.0030632107251067353,-0.0017650185808415486,0.0,32768.0,6400000.0
1.0,64.0,4.0,1.0,1.0,1.0,63.0,32.0,-0.0030632107251067353,-0.0017650185808415486,32768.0,0.00390625,6400000.0
1.0,64.0,4.0,1.0,1.0,1.0,63.0,32.0,-0.0030632107251067353,-0.0017650185808415486,32768.0,4.0,6400000.0
1.0,64.0,8.0,1.0,1.0,1.0,543.0,32.0,-0.0030632107251067353,-0.0017650185808415486,1.0,128.0,6400000.0
1.0,64.0,8.0,1.0,1.0,1.0,543.0,32.0,-0.0030632107251067353,-0.0017650185808415486,0.000976562,256.0,6400000.0
8.0,64.0,8.0,2.0,22.0,16.0,1924.0,1536.0,0.184803559555608,0.19082719424152972,0.0,32.0,6400000.0
11.0,64.0,8.0,3.0,35.0,26.0,2559.0,2752.0,0.23801654357424562,0.2440154241847443,0.5,16.0,6400000.0
1.0,1.0,4.0,1.0,1.0,1.0,63.0,32.0,-0.0030632107251067353,-0.0017650185808415486,512.0,0.5,6400000.0
34.0,64.0,8.0,3.0,679.0,569.0,25857.0,86688.0,0.32889219929449165,0.3373438448045518,8.0,0.25,6400000.0
1.0,64.0,4.0,1.0,1.0,1.0,63.0,32.0,-0.0030632107251067353,-0.0017650185808415486,16384.0,0.5,6400000.0
43.0,64.0,8.0,9.0,1820.0,1333.0,62019.0,207776.0,0.6850279349113759,0.6951658200982608,0.000976562,0.25,6400000.0
1.0,1.0,1.0,2.0,3.0,2.0,108.0,192.0,0.03911015413878083,0.040912063041146696,0.000976562,0.000976562,6400000.0
60.0,64.0,8.0,9.0,2310.0,1704.0,78529.0,264960.0,0.7138667131608694,0.7145507879439446,1.0,0.125,6400000.0
64.0,64.0,8.0,9.0,2891.0,1984.0,95298.0,309248.0,0.730248483286547,0.7359700454147176,0.00390625,0.015625,6400000.0
64.0,64.0,8.0,9.0,2944.0,1984.0,96998.0,309248.0,0.7270640804561375,0.7222890965932371,2.0,0.000976562,6400000.0
1.0,1.0,1.0,1.0,1.0,1.0,35.0,32.0,-0.0030632107251067353,-0.0017650185808415486,0.0625,256.0,6400000.0
64.0,64.0,8.0,9.0,2942.0,1984.0,96713.0,309248.0,0.7267619196587545,0.7373462906195325,0.00195312,0.00195312,6400000.0
27.0,64.0,8.0,9.0,476.0,366.0,18145.0,55104.0,0.4777812127552883,0.48718538312254733,0.00195312,2.0,6400000.0
11.0,64.0,8.0,3.0,35.0,26.0,2559.0,2752.0,0.23801654357424562,0.2440154241847443,0.00390625,16.0,6400000.0
1.0,64.0,8.0,1.0,1.0,1.0,543.0,32.0,-0.0030632107251067353,-0.0017650185808415486,0.00390625,16384.0,6400000.0
1.0,64.0,8.0,1.0,1.0,1.0,543.0,32.0,-0.0030632107251067353,-0.0017650185808415486,2.0,1024.0,6400000.0
1.0,64.0,8.0,1.0,1.0,1.0,543.0,32.0,-0.0030632107251067353,-0.0017650185808415486,0.00195312,2048.0,6400000.0
1.0,64.0,8.0,1.0,1.0,1.0,543.0,32.0,-0.0030632107251067353,-0.0017650185808415486,0.0078125,128.0,6400000.0
1.0,64.0,8.0,1.0,1.0,1.0,543.0,32.0,-0.0030632107251067353,-0.0017650185808415486,8.0,256.0,6400000.0
1.0,1.0,4.0,1.0,1.0,1.0,63.0,32.0,-0.0030632107251067353,-0.0017650185808415486,256.0,0.125,6400000.0
1.0,64.0,8.0,1.0,1.0,1.0,543.0,32.0,-0.0030632107251067353,-0.0017650185808415486,0.015625,1024.0,6400000.0
64.0,64.0,8.0,8.0,2850.0,1972.0,95582.0,307328.0,0.6703707887737635,0.6582659901325707,4.0,0.0078125,6400000.0
37.0,64.0,8.0,9.0,1096.0,866.0,38861.0,133824.0,0.6012697614093943,0.6023594362402525,2.0,1.0,6400000.0
64.0,64.0,8.0,9.0,2824.0,1979.0,94384.0,308448.0,0.7204980261541496,0.7283009802332054,0.0,0.03125,6400000.0
51.0,64.0,8.0,9.0,2146.0,1523.0,71364.0,237152.0,0.7042908721591019,0.7061535339286464,0.0078125,0.125,6400000.0
64.0,64.0,8.0,9.0,2924.0,1984.0,96105.0,309248.0,0.7295617509626806,0.7448118479830562,0.015625,0.000976562,6400000.0
1.0,64.0,8.0,1.0,1.0,1.0,543.0,32.0,-0.0030632107251067353,-0.0017650185808415486,0.03125,8192.0,6400000.0
3.0,64.0,8.0,2.0,9.0,6.0,1295.0,576.0,0.10115259004895938,0.10346957106453547,0.0625,64.0,6400000.0
16.0,64.0,8.0,3.0,67.0,47.0,3700.0,5472.0,0.28428173420704106,0.29213228260301216,0.03125,8.0,6400000.0
1.0,1.0,4.0,1.0,1.0,1.0,63.0,32.0,-0.0030632107251067353,-0.0017650185808415486,256.0,128.0,6400000.0
1.0,1.0,4.0,1.0,1.0,1.0,63.0,32.0,-0.0030632107251067353,-0.0017650185808415486,512.0,0.000976562,6400000.0
64.0,64.0,8.0,3.0,2335.0,1924.0,86222.0,299648.0,0.3037832254742824,0.3152375265335303,16.0,0.00195312,6400000.0
1.0,1.0,4.0,1.0,1.0,1.0,63.0,32.0,-0.0030632107251067353,-0.0017650185808415486,512.0,2.0,6400000.0
64.0,64.0,8.0,9.0,2925.0,1978.0,96273.0,308288.0,0.732176606438675,0.7321797121851381,0.125,0.0,6400000.0
1.0,64.0,8.0,1.0,1.0,1.0,543.0,32.0,-0.0030632107251067353,-0.0017650185808415486,0.125,512.0,6400000.0
64.0,64.0,8.0,9.0,2742.0,1984.0,92705.0,309248.0,0.7378393805354706,0.7386212412175388,0.0625,0.0625,6400000.0
64.0,64.0,8.0,3.0,2332.0,1916.0,86000.0,298368.0,0.3124699530874666,0.31737256222604826,8.0,0.0,6400000.0
24.0,64.0,8.0,3.0,160.0,127.0,7112.0,17248.0,0.3204285445846151,0.3289017834788842,16.0,2.0,6400000.0
64.0,64.0,8.0,9.0,2899.0,1984.0,95781.0,309248.0,0.7294950801826139,0.7353240099039546,0.03125,0.0078125,6400000.0
1.0,64.0,8.0,1.0,1.0,1.0,543.0,32.0,-0.0030632107251067353,-0.0017650185808415486,16.0,2048.0,6400000.0
35.0,64.0,8.0,9.0,1170.0,940.0,41902.0,145920.0,0.6093046697253826,0.6125519678384939,0.015625,1.0,6400000.0
64.0,64.0,8.0,9.0,2938.0,1983.0,96576.0,309088.0,0.7212679587427455,0.7288261380058739,0.25,0.00390625,6400000.0
1.0,64.0,8.0,1.0,1.0,1.0,543.0,32.0,-0.0030632107251067353,-0.0017650185808415486,0.25,4096.0,6400000.0
45.0,64.0,8.0,2.0,1321.0,1159.0,51449.0,179680.0,0.24935693130970082,0.2580753510772601,32.0,0.015625,6400000.0
11.0,64.0,8.0,2.0,30.0,22.0,2384.0,2112.0,0.211815897449531,0.21820531799146736,32.0,16.0,6400000.0
1.0,64.0,8.0,1.0,1.0,1.0,543.0,32.0,-0.0030632107251067353,-0.0017650185808415486,32.0,16384.0,6400000.0
36.0,64.0,8.0,9.0,1401.0,1071.0,48791.0,166752.0,0.6178131966842346,0.6287000451115454,0.125,0.5,6400000.0
16.0,64.0,8.0,3.0,67.0,47.0,3700.0,5472.0,0.28428173420704106,0.29213228260301216,4.0,8.0,6400000.0
1.0,64.0,8.0,1.0,1.0,1.0,543.0,32.0,-0.0030632107251067353,-0.0017650185808415486,4.0,8192.0,6400000.0
34.0,64.0,8.0,2.0,382.0,332.0,15840.0,48768.0,0.2525339229655874,0.2678891556422792,64.0,0.125,6400000.0
1.0,64.0,8.0,1.0,1.0,1.0,543.0,32.0,-0.0030632107251067353,-0.0017650185808415486,0.5,32768.0,6400000.0
24.0,64.0,8.0,8.0,185.0,143.0,8565.0,19808.0,0.39665636436782115,0.40128732661303834,0.25,4.0,6400000.0
64.0,64.0,8.0,9.0,2833.0,1984.0,94246.0,309248.0,0.728871590139541,0.7311758517552152,0.5,0.03125,6400000.0
1.0,64.0,8.0,1.0,1.0,1.0,543.0,32.0,-0.0030632107251067353,-0.0017650185808415486,128.0,0.000976562,6400000.0
1.0,64.0,8.0,1.0,1.0,1.0,543.0,32.0,-0.0030632107251067353,-0.0017650185808415486,1.0,256.0,6400000.0
1.0,64.0,8.0,1.0,1.0,1.0,543.0,32.0,-0.0030632107251067353,-0.0017650185808415486,64.0,128.0,6400000.0
1.0,1.0,4.0,1.0,1.0,1.0,63.0,32.0,-0.0030632107251067353,-0.0017650185808415486,512.0,1.0,6400000.0
8.0,64.0,8.0,2.0,22.0,16.0,1924.0,1536.0,0.184803559555608,0.19082719424152972,0.5,32.0,6400000.0
1.0,64.0,8.0,1.0,1.0,1.0,543.0,32.0,-0.0030632107251067353,-0.0017650185808415486,128.0,1.0,6400000.0
1.0,1.0,1.0,2.0,3.0,2.0,108.0,192.0,0.03911015413878083,0.040912063041146696,0.000976562,0.00195312,6400000.0
1.0,1.0,4.0,1.0,1.0,1.0,63.0,32.0,-0.0030632107251067353,-0.0017650185808415486,512.0,2048.0,6400000.0
29.0,64.0,8.0,3.0,333.0,275.0,13322.0,40288.0,0.3296030113505296,0.3361411362526636,8.0,0.5,6400000.0
1.0,64.0,8.0,1.0,1.0,1.0,543.0,32.0,-0.0030632107251067353,-0.0017650185808415486,256.0,0.0078125,6400000.0
1.0,64.0,8.0,1.0,1.0,1.0,543.0,32.0,-0.0030632107251067353,-0.0017650185808415486,128.0,1024.0,6400000.0
1.0,64.0,8.0,1.0,1.0,1.0,543.0,32.0,-0.0030632107251067353,-0.0017650185808415486,256.0,8.0,6400000.0
1.0,64.0,8.0,1.0,1.0,1.0,543.0,32.0,-0.0030632107251067353,-0.0017650185808415486,256.0,8192.0,6400000.0
64.0,64.0,8.0,9.0,2923.0,1984.0,96316.0,309248.0,0.7277928909060749,0.7287536182130183,2.0,0.00195312,6400000.0
1.0,1.0,1.0,1.0,1.0,1.0,35.0,32.0,-0.0030632107251067353,-0.0017650185808415486,0.0625,512.0,6400000.0
1.0,64.0,8.0,1.0,1.0,1.0,543.0,32.0,-0.0030632107251067353,-0.0017650185808415486,512.0,0.0625,6400000.0
43.0,64.0,8.0,9.0,1822.0,1333.0,62039.0,207776.0,0.6848788547899918,0.6843147043787022,1.0,0.25,6400000.0
1.0,64.0,8.0,1.0,1.0,1.0,543.0,32.0,-0.0030632107251067353,-0.0017650185808415486,512.0,64.0,6400000.0
1.0,64.0,8.0,1.0,1.0,1.0,543.0,32.0,-0.0030632107251067353,-0.0017650185808415486,2.0,2048.0,6400000.0
1.0,64.0,8.0,1.0,1.0,1.0,543.0,32.0,-0.0030632107251067353,-0.0017650185808415486,8.0,512.0,6400000.0
1.0,64.0,8.0,1.0,1.0,1.0,543.0,32.0,-0.0030632107251067353,-0.0017650185808415486,1024.0,0.0,6400000.0
1.0,64.0,8.0,1.0,1.0,1.0,543.0,32.0,-0.0030632107251067353,-0.0017650185808415486,1024.0,512.0,6400000.0
1.0,64.0,8.0,1.0,1.0,1.0,543.0,32.0,-0.0030632107251067353,-0.0017650185808415486,1024.0,0.5,6400000.0
1.0,64.0,8.0,1.0,1.0,1.0,543.0,32.0,-0.0030632107251067353,-0.0017650185808415486,2048.0,0.00390625,6400000.0
26.0,64.0,8.0,8.0,413.0,314.0,16015.0,46912.0,0.4887672487728575,0.4936813378771219,2.0,2.0,6400000.0
64.0,64.0,8.0,8.0,2794.0,1974.0,94419.0,307648.0,0.6693824686145561,0.652055948857952,4.0,0.015625,6400000.0
1.0,1.0,4.0,1.0,1.0,1.0,63.0,32.0,-0.0030632107251067353,-0.0017650185808415486,1024.0,0.015625,6400000.0
1.0,64.0,8.0,1.0,1.0,1.0,543.0,32.0,-0.0030632107251067353,-0.0017650185808415486,2048.0,4096.0,6400000.0
1.0,64.0,8.0,1.0,1.0,1.0,543.0,32.0,-0.0030632107251067353,-0.0017650185808415486,2048.0,4.0,6400000.0
1.0,64.0,8.0,1.0,1.0,1.0,543.0,32.0,-0.0030632107251067353,-0.0017650185808415486,4096.0,0.03125,6400000.0
1.0,64.0,8.0,1.0,1.0,1.0,543.0,32.0,-0.0030632107251067353,-0.0017650185808415486,4096.0,32.0,6400000.0
1.0,64.0,8.0,1.0,1.0,1.0,543.0,32.0,-0.0030632107251067353,-0.0017650185808415486,4096.0,32768.0,6400000.0
1.0,64.0,8.0,1.0,1.0,1.0,543.0,32.0,-0.0030632107251067353,-0.0017650185808415486,8192.0,0.25,6400000.0
1.0,64.0,8.0,1.0,1.0,1.0,543.0,32.0,-0.0030632107251067353,-0.0017650185808415486,8192.0,256.0,6400000.0
1.0,1.0,4.0,1.0,1.0,1.0,63.0,32.0,-0.0030632107251067353,-0.0017650185808415486,512.0,4.0,6400000.0
64.0,64.0,8.0,3.0,2319.0,1906.0,85659.0,296768.0,0.3074348179152663,0.31629403669403466,16.0,0.00390625,6400000.0
1.0,64.0,8.0,1.0,1.0,1.0,543.0,32.0,-0.0030632107251067353,-0.0017650185808415486,16384.0,0.00195312,6400000.0
1.0,64.0,8.0,1.0,1.0,1.0,543.0,32.0,-0.0030632107251067353,-0.0017650185808415486,16384.0,2048.0,6400000.0
1.0,64.0,8.0,1.0,1.0,1.0,543.0,32.0,-0.0030632107251067353,-0.0017650185808415486,32768.0,0.015625,6400000.0
8.0,64.0,8.0,2.0,22.0,16.0,1924.0,1536.0,0.184803559555608,0.19082719424152972,32.0,32.0,6400000.0
1.0,64.0,8.0,1.0,1.0,1.0,543.0,32.0,-0.0030632107251067353,-0.0017650185808415486,16.0,4096.0,6400000.0
128.0,128.0,1.0,9.0,324.0,256.0,10049.0,24576.0,0.39443242045143334,0.41517996248606703,0.0,0.0625,6400000.0
1.0,1.0,4.0,1.0,1.0,1.0,63.0,32.0,-0.0030632107251067353,-0.0017650185808415486,1024.0,16.0,6400000.0
12.0,128.0,1.0,3.0,33.0,24.0,937.0,2304.0,0.22058073034453196,0.22746378695664926,0.0,16.0,6400000.0
19.0,64.0,8.0,3.0,110.0,83.0,5428.0,10848.0,0.3078232849852275,0.3144164768351574,16.0,4.0,6400000.0
43.0,64.0,8.0,2.0,956.0,831.0,36891.0,127456.0,0.2495036172878049,0.2599850696109003,32.0,0.03125,6400000.0
1.0,64.0,8.0,1.0,1.0,1.0,543.0,32.0,-0.0030632107251067353,-0.0017650185808415486,32768.0,16384.0,6400000.0
1.0,64.0,8.0,1.0,1.0,1.0,543.0,32.0,-0.0030632107251067353,-0.0017650185808415486,16384.0,2.0,6400000.0
1.0,64.0,8.0,1.0,1.0,1.0,543.0,32.0,-0.0030632107251067353,-0.0017650185808415486,32.0,32768.0,6400000.0
1.0,64.0,8.0,1.0,1.0,1.0,543.0,32.0,-0.0030632107251067353,-0.0017650185808415486,32768.0,16.0,6400000.0
1.0,128.0,1.0,1.0,1.0,1.0,35.0,32.0,-0.0030632107251067353,-0.0017650185808415486,0.0,4096.0,6400000.0
64.0,64.0,8.0,3.0,2314.0,1903.0,85599.0,296288.0,0.3140416175055001,0.3149946835813989,8.0,0.000976562,6400000.0
1.0,64.0,8.0,1.0,1.0,1.0,543.0,32.0,-0.0030632107251067353,-0.0017650185808415486,4.0,16384.0,6400000.0
30.0,64.0,8.0,2.0,240.0,210.0,10461.0,29760.0,0.25645278315202447,0.2688286878277909,64.0,0.25,6400000.0
11.0,64.0,8.0,3.0,35.0,26.0,2559.0,2752.0,0.23801654357424562,0.2440154241847443,4.0,16.0,6400000.0
128.0,128.0,1.0,9.0,323.0,256.0,9987.0,24576.0,0.3945949443657707,0.4151011383519584,0.000976562,0.0078125,6400000.0
105.0,128.0,1.0,9.0,260.0,210.0,8087.0,20160.0,0.3803964662176945,0.3998169520179383,0.000976562,2.0,6400000.0
1.0,128.0,1.0,1.0,1.0,1.0,35.0,32.0,-0.0030632107251067353,-0.0017650185808415486,0.000976562,512.0,6400000.0
128.0,128.0,1.0,9.0,323.0,256.0,9987.0,24576.0,0.39459489945007453,0.4151010976336871,0.00195312,0.000976562,6400000.0
1.0,64.0,8.0,1.0,1.0,1.0,543.0,32.0,-0.0030632107251067353,-0.0017650185808415486,64.0,256.0,6400000.0
1.0,64.0,8.0,1.0,1.0,1.0,543.0,32.0,-0.0030632107251067353,-0.0017650185808415486,128.0,0.00195312,6400000.0
1.0,64.0,8.0,1.0,1.0,1.0,543.0,32.0,-0.0030632107251067353,-0.0017650185808415486,128.0,2048.0,6400000.0
1.0,64.0,8.0,1.0,1.0,1.0,543.0,32.0,-0.0030632107251067353,-0.0017650185808415486,128.0,2.0,6400000.0
1.0,128.0,1.0,1.0,1.0,1.0,35.0,32.0,-0.0030632107251067353,-0.0017650185808415486,0.00195312,16384.0,6400000.0
1.0,1.0,4.0,1.0,1.0,1.0,63.0,32.0,-0.0030632107251067353,-0.0017650185808415486,512.0,4096.0,6400000.0
1.0,64.0,8.0,1.0,1.0,1.0,543.0,32.0,-0.0030632107251067353,-0.0017650185808415486,256.0,16384.0,6400000.0
128.0,128.0,1.0,9.0,322.0,256.0,9948.0,24576.0,0.3944894601813631,0.4155493453137252,0.00195312,0.25,6400000.0
27.0,64.0,8.0,3.0,223.0,177.0,9469.0,24864.0,0.3226189820098575,0.33226569260685335,8.0,1.0,6400000.0
1.0,1.0,4.0,1.0,1.0,1.0,63.0,32.0,-0.0030632107251067353,-0.0017650185808415486,1024.0,16384.0,6400000.0
1.0,64.0,8.0,1.0,1.0,1.0,543.0,32.0,-0.0030632107251067353,-0.0017650185808415486,256.0,16.0,6400000.0
1.0,64.0,8.0,1.0,1.0,1.0,543.0,32.0,-0.0030632107251067353,-0.0017650185808415486,256.0,0.015625,6400000.0
1.0,64.0,8.0,1.0,1.0,1.0,543.0,32.0,-0.0030632107251067353,-0.0017650185808415486,512.0,0.125,6400000.0
3.0,128.0,1.0,2.0,9.0,6.0,279.0,576.0,0.10115259004895938,0.10346957106453547,0.00195312,64.0,6400000.0
1.0,64.0,8.0,1.0,1.0,1.0,543.0,32.0,-0.0030632107251067353,-0.0017650185808415486,512.0,128.0,6400000.0
1.0,128.0,1.0,1.0,1.0,1.0,35.0,32.0,-0.0030632107251067353,-0.0017650185808415486,0.00390625,2048.0,6400000.0
1.0,64.0,8.0,1.0,1.0,1.0,543.0,32.0,-0.0030632107251067353,-0.0017650185808415486,8.0,1024.0,6400000.0
128.0,128.0,1.0,9.0,324.0,256.0,10019.0,24576.0,0.39472565924230407,0.4151604505156916,0.00390625,0.03125,6400000.0
1.0,64.0,8.0,1.0,1.0,1.0,543.0,32.0,-0.0030632107251067353,-0.0017650185808415486,1024.0,1.0,6400000.0
22.0,128.0,1.0,3.0,61.0,44.0,1728.0,4224.0,0.27209781390772547,0.2796723898647334,0.00390625,8.0,6400000.0
1.0,64.0,8.0,1.0,1.0,1.0,543.0,32.0,-0.0030632107251067353,-0.0017650185808415486,1024.0,1024.0,6400000.0
128.0,128.0,1.0,9.0,323.0,256.0,9987.0,24576.0,0.39459512795963625,0.415101181988087,0.0078125,0.00390625,6400000.0
1.0,64.0,8.0,1.0,1.0,1.0,543.0,32.0,-0.0030632107251067353,-0.0017650185808415486,1024.0,0.000976562,6400000.0
1.0,64.0,8.0,1.0,1.0,1.0,543.0,32.0,-0.0030632107251067353,-0.0017650185808415486,2048.0,0.0078125,6400000.0
1.0,64.0,8.0,1.0,1.0,1.0,543.0,32.0,-0.0030632107251067353,-0.0017650185808415486,2048.0,8192.0,6400000.0
128.0,128.0,1.0,9.0,318.0,256.0,9846.0,24576.0,0.39352281291729074,0.4144232149378231,0.0078125,1.0,6400000.0
1.0,64.0,8.0,1.0,1.0,1.0,543.0,32.0,-0.0030632107251067353,-0.0017650185808415486,2048.0,8.0,6400000.0
1.0,1.0,4.0,1.0,1.0,1.0,63.0,32.0,-0.0030632107251067353,-0.0017650185808415486,1024.0,0.03125,6400000.0
1.0,128.0,1.0,1.0,1.0,1.0,35.0,32.0,-0.0030632107251067353,-0.0017650185808415486,0.0078125,256.0,6400000.0
1.0,64.0,8.0,1.0,1.0,1.0,543.0,32.0,-0.0030632107251067353,-0.0017650185808415486,4096.0,0.0625,6400000.0
1.0,64.0,8.0,1.0,1.0,1.0,543.0,32.0,-0.0030632107251067353,-0.0017650185808415486,4096.0,64.0,6400000.0
1.0,64.0,8.0,1.0,1.0,1.0,543.0,32.0,-0.0030632107251067353,-0.0017650185808415486,8192.0,0.0,6400000.0
1.0,64.0,8.0,1.0,1.0,1.0,543.0,32.0,-0.0030632107251067353,-0.0017650185808415486,8192.0,0.5,6400000.0
1.0,64.0,8.0,1.0,1.0,1.0,543.0,32.0,-0.0030632107251067353,-0.0017650185808415486,8192.0,512.0,6400000.0
1.0,1.0,4.0,1.0,1.0,1.0,63.0,32.0,-0.0030632107251067353,-0.0017650185808415486,512.0,8.0,6400000.0
3.0,64.0,8.0,2.0,9.0,6.0,1295.0,576.0,0.10115259004895938,0.10346957106453547,32.0,64.0,6400000.0
43.0,64.0,8.0,2.0,726.0,634.0,28741.0,95936.0,0.24980045055688938,0.26173040333517594,32.0,0.0625,6400000.0
1.0,64.0,8.0,1.0,1.0,1.0,543.0,32.0,-0.0030632107251067353,-0.0017650185808415486,16384.0,0.00390625,6400000.0
1.0,1.0,4.0,1.0,1.0,1.0,63.0,32.0,-0.0030632107251067353,-0.0017650185808415486,1024.0,32.0,6400000.0
8.0,128.0,1.0,2.0,22.0,16.0,654.0,1536.0,0.184803559555608,0.19082719424152972,0.0,32.0,6400000.0
1.0,64.0,8.0,1.0,1.0,1.0,543.0,32.0,-0.0030632107251067353,-0.0017650185808415486,16.0,8192.0,6400000.0
15.0,64.0,8.0,2.0,47.0,34.0,3196.0,3520.0,0.23483331904090687,0.24244665993785774,16.0,8.0,6400000.0
1.0,64.0,8.0,1.0,1.0,1.0,543.0,32.0,-0.0030632107251067353,-0.0017650185808415486,16384.0,4096.0,6400000.0
1.0,64.0,8.0,1.0,1.0,1.0,543.0,32.0,-0.0030632107251067353,-0.0017650185808415486,32768.0,32768.0,6400000.0
1.0,64.0,8.0,1.0,1.0,1.0,543.0,32.0,-0.0030632107251067353,-0.0017650185808415486,16384.0,4.0,6400000.0
1.0,128.0,1.0,1.0,1.0,1.0,35.0,32.0,-0.0030632107251067353,-0.0017650185808415486,0.0,8192.0,6400000.0
1.0,64.0,8.0,1.0,1.0,1.0,543.0,32.0,-0.0030632107251067353,-0.0017650185808415486,32768.0,32.0,6400000.0
1.0,64.0,8.0,1.0,1.0,1.0,543.0,32.0,-0.0030632107251067353,-0.0017650185808415486,32768.0,0.03125,6400000.0
128.0,128.0,1.0,9.0,321.0,256.0,9955.0,24576.0,0.39438814246051046,0.41507435206593646,0.0,0.125,6400000.0
64.0,64.0,8.0,3.0,2313.0,1904.0,85668.0,296448.0,0.3072854285341091,0.3168470417968987,16.0,0.0078125,6400000.0
64.0,64.0,8.0,2.0,2125.0,1884.0,81926.0,293248.0,0.24776556300213914,0.2542929323858668,64.0,0.0,6400000.0
28.0,64.0,8.0,2.0,169.0,148.0,8044.0,20096.0,0.2583267179155011,0.26924795824128556,64.0,0.5,6400000.0
64.0,64.0,8.0,3.0,2275.0,1876.0,84197.0,291968.0,0.3096831618941429,0.31555989887984315,8.0,0.00195312,6400000.0
128.0,128.0,1.0,9.0,324.0,256.0,10019.0,24576.0,0.394723018800336,0.4151597948613778,0.000976562,0.015625,6400000.0
128.0,128.0,1.0,9.0,323.0,256.0,9987.0,24576.0,0.39459518340042155,0.4151011102009654,0.015625,0.0,6400000.0
128.0,128.0,1.0,9.0,321.0,256.0,9955.0,24576.0,0.3943883359517256,0.41507439965169124,0.015625,0.125,6400000.0
1.0,64.0,8.0,1.0,1.0,1.0,543.0,32.0,-0.0030632107251067353,-0.0017650185808415486,64.0,512.0,6400000.0
1.0,128.0,1.0,1.0,1.0,1.0,35.0,32.0,-0.0030632107251067353,-0.0017650185808415486,0.000976562,1024.0,6400000.0
128.0,128.0,1.0,9.0,323.0,256.0,9987.0,24576.0,0.39459489945007453,0.4151010976336871,0.00195312,0.00195312,6400000.0
1.0,64.0,8.0,1.0,1.0,1.0,543.0,32.0,-0.0030632107251067353,-0.0017650185808415486,128.0,4.0,6400000.0
52.0,128.0,1.0,7.0,135.0,104.0,4084.0,9984.0,0.3374920860243603,0.35184392779643947,0.000976562,4.0,6400000.0
1.0,64.0,8.0,1.0,1.0,1.0,543.0,32.0,-0.0030632107251067353,-0.0017650185808415486,128.0,4096.0,6400000.0
1.0,128.0,1.0,1.0,1.0,1.0,35.0,32.0,-0.0030632107251067353,-0.0017650185808415486,0.00195312,32768.0,6400000.0
1.0,64.0,8.0,1.0,1.0,1.0,543.0,32.0,-0.0030632107251067353,-0.0017650185808415486,128.0,0.00390625,6400000.0
1.0,64.0,8.0,1.0,1.0,1.0,543.0,32.0,-0.0030632107251067353,-0.0017650185808415486,256.0,32768.0,6400000.0
128.0,128.0,1.0,9.0,319.0,256.0,9915.0,24576.0,0.3940373355193211,0.4134267796093585,0.00195312,0.5,6400000.0
1.0,64.0,8.0,1.0,1.0,1.0,543.0,32.0,-0.0030632107251067353,-0.0017650185808415486,256.0,32.0,6400000.0
1.0,1.0,4.0,1.0,1.0,1.0,63.0,32.0,-0.0030632107251067353,-0.0017650185808415486,512.0,8192.0,6400000.0
22.0,64.0,8.0,3.0,168.0,129.0,7618.0,17824.0,0.316439177099364,0.32663957108145203,8.0,2.0,6400000.0
1.0,1.0,4.0,1.0,1.0,1.0,63.0,32.0,-0.0030632107251067353,-0.0017650185808415486,1024.0,32768.0,6400000.0
1.0,64.0,8.0,1.0,1.0,1.0,543.0,32.0,-0.0030632107251067353,-0.0017650185808415486,256.0,0.03125,6400000.0
1.0,64.0,8.0,1.0,1.0,1.0,543.0,32.0,-0.0030632107251067353,-0.0017650185808415486,512.0,0.25,6400000.0
1.0,64.0,8.0,1.0,1.0,1.0,543.0,32.0,-0.0030632107251067353,-0.0017650185808415486,512.0,256.0,6400000.0
1.0,64.0,8.0,1.0,1.0,1.0,543.0,32.0,-0.0030632107251067353,-0.0017650185808415486,8.0,2048.0,6400000.0
1.0,128.0,1.0,1.0,1.0,1.0,35.0,32.0,-0.0030632107251067353,-0.0017650185808415486,0.00195312,128.0,6400000.0
1.0,64.0,8.0,1.0,1.0,1.0,543.0,32.0,-0.0030632107251067353,-0.0017650185808415486,1024.0,2.0,6400000.0
12.0,128.0,1.0,3.0,33.0,24.0,937.0,2304.0,0.22058073034453196,0.22746378695664926,0.00390625,16.0,6400000.0
128.0,128.0,1.0,9.0,323.0,256.0,9987.0,24576.0,0.39459512795963625,0.415101181988087,0.0078125,0.0078125,6400000.0
1.0,128.0,1.0,1.0,1.0,1.0,35.0,32.0,-0.0030632107251067353,-0.0017650185808415486,0.00390625,4096.0,6400000.0
128.0,128.0,1.0,9.0,324.0,256.0,10049.0,24576.0,0.39443242045143334,0.41517996248606703,0.00390625,0.0625,6400000.0
1.0,64.0,8.0,1.0,1.0,1.0,543.0,32.0,-0.0030632107251067353,-0.0017650185808415486,1024.0,2048.0,6400000.0
1.0,64.0,8.0,1.0,1.0,1.0,543.0,32.0,-0.0030632107251067353,-0.0017650185808415486,2048.0,16384.0,6400000.0
1.0,64.0,8.0,1.0,1.0,1.0,543.0,32.0,-0.0030632107251067353,-0.0017650185808415486,2048.0,0.015625,6400000.0
1.0,64.0,8.0,1.0,1.0,1.0,543.0,32.0,-0.0030632107251067353,-0.0017650185808415486,1024.0,0.00195312,6400000.0
105.0,128.0,1.0,9.0,260.0,210.0,8087.0,20160.0,0.3803964662176945,0.3998169520179383,0.0078125,2.0,6400000.0
1.0,1.0,4.0,1.0,1.0,1.0,63.0,32.0,-0.0030632107251067353,-0.0017650185808415486,1024.0,0.0625,6400000.0
1.0,128.0,1.0,1.0,1.0,1.0,35.0,32.0,-0.0030632107251067353,-0.0017650185808415486,0.0078125,512.0,6400000.0
1.0,64.0,8.0,1.0,1.0,1.0,543.0,32.0,-0.0030632107251067353,-0.0017650185808415486,8192.0,0.000976562,6400000.0
1.0,64.0,8.0,1.0,1.0,1.0,543.0,32.0,-0.0030632107251067353,-0.0017650185808415486,2048.0,16.0,6400000.0
1.0,64.0,8.0,1.0,1.0,1.0,543.0,32.0,-0.0030632107251067353,-0.0017650185808415486,4096.0,128.0,6400000.0
1.0,64.0,8.0,1.0,1.0,1.0,543.0,32.0,-0.0030632107251067353,-0.0017650185808415486,4096.0,0.125,6400000.0
1.0,64.0,8.0,1.0,1.0,1.0,543.0,32.0,-0.0030632107251067353,-0.0017650185808415486,8192.0,1.0,6400000.0
1.0,64.0,8.0,1.0,1.0,1.0,543.0,32.0,-0.0030632107251067353,-0.0017650185808415486,8192.0,1024.0,6400000.0
1.0,1.0,4.0,1.0,1.0,1.0,63.0,32.0,-0.0030632107251067353,-0.0017650185808415486,512.0,16.0,6400000.0
1.0,64.0,8.0,1.0,1.0,1.0,543.0,32.0,-0.0030632107251067353,-0.0017650185808415486,32.0,128.0,6400000.0
1.0,64.0,8.0,1.0,1.0,1.0,543.0,32.0,-0.0030632107251067353,-0.0017650185808415486,16.0,16384.0,6400000.0
34.0,64.0,8.0,2.0,382.0,332.0,15840.0,48768.0,0.2525339229655874,0.2678891556422792,32.0,0.125,6400000.0
1.0,64.0,8.0,1.0,1.0,1.0,543.0,32.0,-0.0030632107251067353,-0.0017650185808415486,16384.0,0.0078125,6400000.0
3.0,128.0,1.0,2.0,9.0,6.0,279.0,576.0,0.10115259004895938,0.10346957106453547,0.0,64.0,6400000.0
128.0,128.0,1.0,9.0,323.0,256.0,9987.0,24576.0,0.3945949998399164,0.41510106655598566,0.0,0.0,6400000.0
11.0,64.0,8.0,2.0,30.0,22.0,2384.0,2112.0,0.211815897449531,0.21820531799146736,16.0,16.0,6400000.0
1.0,1.0,4.0,1.0,1.0,1.0,63.0,32.0,-0.0030632107251067353,-0.0017650185808415486,1024.0,64.0,6400000.0
1.0,64.0,8.0,1.0,1.0,1.0,543.0,32.0,-0.0030632107251067353,-0.0017650185808415486,16384.0,8192.0,6400000.0
1.0,128.0,1.0,1.0,1.0,1.0,35.0,32.0,-0.0030632107251067353,-0.0017650185808415486,0.0,16384.0,6400000.0
1.0,64.0,8.0,1.0,1.0,1.0,543.0,32.0,-0.0030632107251067353,-0.0017650185808415486,32768.0,64.0,6400000.0
1.0,64.0,8.0,1.0,1.0,1.0,543.0,32.0,-0.0030632107251067353,-0.0017650185808415486,32768.0,0.0625,6400000.0
64.0,64.0,8.0,3.0,2261.0,1884.0,83999.0,293248.0,0.304157453215274,0.31580621448855095,16.0,0.015625,6400000.0
64.0,64.0,8.0,2.0,2075.0,1852.0,80287.0,288128.0,0.2476627860896724,0.2541606943652295,64.0,0.000976562,6400000.0
1.0,64.0,8.0,1.0,1.0,1.0,543.0,32.0,-0.0030632107251067353,-0.0017650185808415486,16384.0,8.0,6400000.0
25.0,64.0,8.0,2.0,113.0,94.0,5772.0,11840.0,0.25446652674505144,0.26625990280383205,64.0,1.0,6400000.0
64.0,64.0,8.0,3.0,2283.0,1874.0,84158.0,291648.0,0.31058932400229755,0.31531689458708634,8.0,0.00390625,6400000.0
128.0,128.0,1.0,9.0,324.0,256.0,10019.0,24576.0,0.39472565924230407,0.4151604505156916,0.000976562,0.03125,6400000.0
128.0,128.0,1.0,9.0,322.0,256.0,9948.0,24576.0,0.3944894601813631,0.4155493453137252,0.0,0.25,6400000.0
1.0,64.0,8.0,1.0,1.0,1.0,543.0,32.0,-0.0030632107251067353,-0.0017650185808415486,64.0,1024.0,6400000.0
128.0,128.0,1.0,9.0,323.0,256.0,9987.0,24576.0,0.3945949443657707,0.4151011383519584,0.00195312,0.00390625,6400000.0
128.0,128.0,1.0,9.0,322.0,256.0,9948.0,24576.0,0.3944896530788995,0.4155493935222201,0.015625,0.25,6400000.0
1.0,128.0,1.0,1.0,1.0,1.0,35.0,32.0,-0.0030632107251067353,-0.0017650185808415486,0.000976562,2048.0,6400000.0
22.0,128.0,1.0,3.0,61.0,44.0,1728.0,4224.0,0.27209781390772547,0.2796723898647334,0.000976562,8.0,6400000.0
128.0,128.0,1.0,9.0,323.0,256.0,9987.0,24576.0,0.3945950830511845,0.4151011413237675,0.015625,0.000976562,6400000.0
1.0,64.0,8.0,1.0,1.0,1.0,543.0,32.0,-0.0030632107251067353,-0.0017650185808415486,128.0,8.0,6400000.0
1.0,64.0,8.0,1.0,1.0,1.0,543.0,32.0,-0.0030632107251067353,-0.0017650185808415486,128.0,8192.0,6400000.0
1.0,64.0,8.0,1.0,1.0,1.0,543.0,32.0,-0.0030632107251067353,-0.0017650185808415486,128.0,0.0078125,6400000.0
128.0,128.0,1.0,9.0,323.0,256.0,9987.0,24576.0,0.3945949998399164,0.41510106655598566,0.00390625,0.0,6400000.0
1.0,64.0,8.0,1.0,1.0,1.0,543.0,32.0,-0.0030632107251067353,-0.0017650185808415486,256.0,64.0,6400000.0
1.0,1.0,4.0,1.0,1.0,1.0,63.0,32.0,-0.0030632107251067353,-0.0017650185808415486,512.0,16384.0,6400000.0
1.0,64.0,8.0,1.0,1.0,1.0,543.0,32.0,-0.0030632107251067353,-0.0017650185808415486,512.0,0.0,6400000.0
1.0,64.0,8.0,1.0,1.0,1.0,543.0,32.0,-0.0030632107251067353,-0.0017650185808415486,256.0,0.0625,6400000.0
19.0,64.0,8.0,3.0,112.0,85.0,5565.0,11168.0,0.3078034380468804,0.3159020086450115,8.0,4.0,6400000.0
128.0,128.0,1.0,9.0,318.0,256.0,9846.0,24576.0,0.39352281291729074,0.4144232149378231,0.00195312,1.0,6400000.0
1.0,64.0,8.0,1.0,1.0,1.0,543.0,32.0,-0.0030632107251067353,-0.0017650185808415486,512.0,0.5,6400000.0
1.0,64.0,8.0,1.0,1.0,1.0,543.0,32.0,-0.0030632107251067353,-0.0017650185808415486,512.0,512.0,6400000.0
1.0,1.0,4.0,1.0,1.0,1.0,63.0,32.0,-0.0030632107251067353,-0.0017650185808415486,2048.0,0.0,6400000.0
1.0,64.0,8.0,1.0,1.0,1.0,543.0,32.0,-0.0030632107251067353,-0.0017650185808415486,8.0,4096.0,6400000.0
1.0,128.0,1.0,1.0,1.0,1.0,35.0,32.0,-0.0030632107251067353,-0.0017650185808415486,0.00390625,8192.0,6400000.0
1.0,64.0,8.0,1.0,1.0,1.0,543.0,32.0,-0.0030632107251067353,-0.0017650185808415486,2048.0,32768.0,6400000.0
8.0,128.0,1.0,2.0,22.0,16.0,654.0,1536.0,0.184803559555608,0.19082719424152972,0.00390625,32.0,6400000.0
1.0,128.0,1.0,1.0,1.0,1.0,35.0,32.0,-0.0030632107251067353,-0.0017650185808415486,0.00195312,256.0,6400000.0
128.0,128.0,1.0,9.0,321.0,256.0,9955.0,24576.0,0.39438814246051046,0.41507435206593646,0.00390625,0.125,6400000.0
1.0,64.0,8.0,1.0,1.0,1.0,543.0,32.0,-0.0030632107251067353,-0.0017650185808415486,1024.0,4.0,6400000.0
1.0,64.0,8.0,1.0,1.0,1.0,543.0,32.0,-0.0030632107251067353,-0.0017650185808415486,2048.0,0.03125,6400000.0
1.0,64.0,8.0,1.0,1.0,1.0,543.0,32.0,-0.0030632107251067353,-0.0017650185808415486,1024.0,4096.0,6400000.0
128.0,128.0,1.0,9.0,324.0,256.0,10019.0,24576.0,0.39472320237681746,0.4151598392455418,0.0078125,0.015625,6400000.0
1.0,1.0,4.0,1.0,1.0,1.0,63.0,32.0,-0.0030632107251067353,-0.0017650185808415486,1024.0,0.125,6400000.0
1.0,128.0,1.0,1.0,1.0,1.0,35.0,32.0,-0.0030632107251067353,-0.0017650185808415486,0.0078125,1024.0,6400000.0
52.0,128.0,1.0,7.0,135.0,104.0,4084.0,9984.0,0.3374920860243603,0.35184392779643947,0.0078125,4.0,6400000.0
1.0,64.0,8.0,1.0,1.0,1.0,543.0,32.0,-0.0030632107251067353,-0.0017650185808415486,4096.0,256.0,6400000.0
1.0,64.0,8.0,1.0,1.0,1.0,543.0,32.0,-0.0030632107251067353,-0.0017650185808415486,1024.0,0.00390625,6400000.0
1.0,64.0,8.0,1.0,1.0,1.0,543.0,32.0,-0.0030632107251067353,-0.0017650185808415486,2048.0,32.0,6400000.0
1.0,64.0,8.0,1.0,1.0,1.0,543.0,32.0,-0.0030632107251067353,-0.0017650185808415486,8192.0,2.0,6400000.0
1.0,64.0,8.0,1.0,1.0,1.0,543.0,32.0,-0.0030632107251067353,-0.0017650185808415486,4096.0,0.25,6400000.0
1.0,64.0,8.0,1.0,1.0,1.0,543.0,32.0,-0.0030632107251067353,-0.0017650185808415486,8192.0,0.00195312,6400000.0
1.0,64.0,8.0,1.0,1.0,1.0,543.0,32.0,-0.0030632107251067353,-0.0017650185808415486,8192.0,2048.0,6400000.0
1.0,1.0,4.0,1.0,1.0,1.0,63.0,32.0,-0.0030632107251067353,-0.0017650185808415486,512.0,32.0,6400000.0
1.0,64.0,8.0,1.0,1.0,1.0,543.0,32.0,-0.0030632107251067353,-0.0017650185808415486,16.0,32768.0,6400000.0
8.0,64.0,8.0,2.0,22.0,16.0,1924.0,1536.0,0.184803559555608,0.19082719424152972,16.0,32.0,6400000.0
1.0,64.0,8.0,1.0,1.0,1.0,543.0,32.0,-0.0030632107251067353,-0.0017650185808415486,32.0,256.0,6400000.0
1.0,128.0,1.0,1.0,1.0,1.0,35.0,32.0,-0.0030632107251067353,-0.0017650185808415486,0.0,128.0,6400000.0
1.0,64.0,8.0,1.0,1.0,1.0,543.0,32.0,-0.0030632107251067353,-0.0017650185808415486,16384.0,0.015625,6400000.0
128.0,128.0,1.0,9.0,323.0,256.0,9987.0,24576.0,0.39459489945007453,0.4151010976336871,0.0,0.000976562,6400000.0
30.0,64.0,8.0,2.0,240.0,210.0,10461.0,29760.0,0.25645278315202447,0.2688286878277909,32.0,0.25,6400000.0
23.0,64.0,8.0,2.0,96.0,78.0,5189.0,9536.0,0.25348208415856677,0.264691761708014,64.0,2.0,6400000.0
1.0,64.0,8.0,1.0,1.0,1.0,543.0,32.0,-0.0030632107251067353,-0.0017650185808415486,16384.0,16384.0,6400000.0
1.0,64.0,8.0,1.0,1.0,1.0,543.0,32.0,-0.0030632107251067353,-0.0017650185808415486,16384.0,16.0,6400000.0
1.0,1.0,4.0,1.0,1.0,1.0,63.0,32.0,-0.0030632107251067353,-0.0017650185808415486,1024.0,128.0,6400000.0
128.0,128.0,1.0,9.0,324.0,256.0,10049.0,24576.0,0.39443242045143334,0.41517996248606703,0.000976562,0.0625,6400000.0
1.0,64.0,8.0,1.0,1.0,1.0,543.0,32.0,-0.0030632107251067353,-0.0017650185808415486,32768.0,128.0,6400000.0
1.0,128.0,1.0,1.0,1.0,1.0,35.0,32.0,-0.0030632107251067353,-0.0017650185808415486,0.0,32768.0,6400000.0
64.0,64.0,8.0,3.0,2243.0,1849.0,82926.0,287648.0,0.3125847773181364,0.31477553856405793,8.0,0.0078125,6400000.0
64.0,64.0,8.0,3.0,2149.0,1803.0,80418.0,280288.0,0.3043043427393125,0.3172324365332243,16.0,0.03125,6400000.0
64.0,64.0,8.0,2.0,2044.0,1828.0,79196.0,284288.0,0.24778362624940087,0.25409202167223877,64.0,0.00195312,6400000.0
1.0,64.0,8.0,1.0,1.0,1.0,543.0,32.0,-0.0030632107251067353,-0.0017650185808415486,64.0,2048.0,6400000.0
1.0,64.0,8.0,1.0,1.0,1.0,543.0,32.0,-0.0030632107251067353,-0.0017650185808415486,32768.0,0.125,6400000.0
128.0,128.0,1.0,9.0,319.0,256.0,9915.0,24576.0,0.3940373355193211,0.4134267796093585,0.0,0.5,6400000.0
128.0,128.0,1.0,9.0,323.0,256.0,9987.0,24576.0,0.3945949443657707,0.4151011383519584,0.00195312,0.0078125,6400000.0
128.0,128.0,1.0,9.0,319.0,256.0,9915.0,24576.0,0.39403754055212004,0.4134268377881285,0.015625,0.5,6400000.0
1.0,128.0,1.0,1.0,1.0,1.0,35.0,32.0,-0.0030632107251067353,-0.0017650185808415486,0.000976562,4096.0,6400000.0
12.0,128.0,1.0,3.0,33.0,24.0,937.0,2304.0,0.22058073034453196,0.22746378695664926,0.000976562,16.0,6400000.0
1.0,64.0,8.0,1.0,1.0,1.0,543.0,32.0,-0.0030632107251067353,-0.0017650185808415486,128.0,16.0,6400000.0
128.0,128.0,1.0,9.0,323.0,256.0,9987.0,24576.0,0.3945950830511845,0.4151011413237675,0.015625,0.00195312,6400000.0
128.0,128.0,1.0,9.0,323.0,256.0,9987.0,24576.0,0.39459489945007453,0.4151010976336871,0.00390625,0.000976562,6400000.0
1.0,64.0,8.0,1.0,1.0,1.0,543.0,32.0,-0.0030632107251067353,-0.0017650185808415486,128.0,16384.0,6400000.0
1.0,64.0,8.0,1.0,1.0,1.0,543.0,32.0,-0.0030632107251067353,-0.0017650185808415486,128.0,0.015625,6400000.0
1.0,64.0,8.0,1.0,1.0,1.0,543.0,32.0,-0.0030632107251067353,-0.0017650185808415486,256.0,128.0,6400000.0
1.0,64.0,8.0,1.0,1.0,1.0,543.0,32.0,-0.0030632107251067353,-0.0017650185808415486,512.0,0.000976562,6400000.0
1.0,64.0,8.0,1.0,1.0,1.0,543.0,32.0,-0.0030632107251067353,-0.0017650185808415486,256.0,0.125,6400000.0
105.0,128.0,1.0,9.0,260.0,210.0,8087.0,20160.0,0.3803964662176945,0.3998169520179383,0.00195312,2.0,6400000.0
1.0,1.0,4.0,1.0,1.0,1.0,63.0,32.0,-0.0030632107251067353,-0.0017650185808415486,512.0,32768.0,6400000.0
16.0,64.0,8.0,3.0,67.0,47.0,3700.0,5472.0,0.28428173420704106,0.29213228260301216,8.0,8.0,6400000.0
1.0,64.0,8.0,1.0,1.0,1.0,543.0,32.0,-0.0030632107251067353,-0.0017650185808415486,512.0,1.0,6400000.0
1.0,64.0,8.0,1.0,1.0,1.0,543.0,32.0,-0.0030632107251067353,-0.0017650185808415486,512.0,1024.0,6400000.0
1.0,1.0,4.0,1.0,1.0,1.0,63.0,32.0,-0.0030632107251067353,-0.0017650185808415486,2048.0,0.000976562,6400000.0
1.0,64.0,8.0,1.0,1.0,1.0,543.0,32.0,-0.0030632107251067353,-0.0017650185808415486,4096.0,0.0,6400000.0
3.0,128.0,1.0,2.0,9.0,6.0,279.0,576.0,0.10115259004895938,0.10346957106453547,0.00390625,64.0,6400000.0
1.0,128.0,1.0,1.0,1.0,1.0,35.0,32.0,-0.0030632107251067353,-0.0017650185808415486,0.00195312,512.0,6400000.0
1.0,64.0,8.0,1.0,1.0,1.0,543.0,32.0,-0.0030632107251067353,-0.0017650185808415486,1024.0,8.0,6400000.0
1.0,64.0,8.0,1.0,1.0,1.0,543.0,32.0,-0.0030632107251067353,-0.0017650185808415486,8.0,8192.0,6400000.0
1.0,128.0,1.0,1.0,1.0,1.0,35.0,32.0,-0.0030632107251067353,-0.0017650185808415486,0.00390625,16384.0,6400000.0
128.0,128.0,1.0,9.0,322.0,256.0,9948.0,24576.0,0.3944894601813631,0.4155493453137252,0.00390625,0.25,6400000.0
1.0,64.0,8.0,1.0,1.0,1.0,543.0,32.0,-0.0030632107251067353,-0.0017650185808415486,2048.0,0.0625,6400000.0
1.0,64.0,8.0,1.0,1.0,1.0,543.0,32.0,-0.0030632107251067353,-0.0017650185808415486,1024.0,8192.0,6400000.0
128.0,128.0,1.0,9.0,324.0,256.0,10019.0,24576.0,0.3947258428930236,0.4151604949721608,0.0078125,0.03125,6400000.0
1.0,1.0,4.0,1.0,1.0,1.0,63.0,32.0,-0.0030632107251067353,-0.0017650185808415486,1024.0,0.25,6400000.0
1.0,128.0,1.0,1.0,1.0,1.0,35.0,32.0,-0.0030632107251067353,-0.0017650185808415486,0.0078125,2048.0,6400000.0
1.0,64.0,8.0,1.0,1.0,1.0,543.0,32.0,-0.0030632107251067353,-0.0017650185808415486,1024.0,0.0078125,6400000.0
1.0,64.0,8.0,1.0,1.0,1.0,543.0,32.0,-0.0030632107251067353,-0.0017650185808415486,4096.0,512.0,6400000.0
22.0,128.0,1.0,3.0,61.0,44.0,1728.0,4224.0,0.27209781390772547,0.2796723898647334,0.0078125,8.0,6400000.0
1.0,64.0,8.0,1.0,1.0,1.0,543.0,32.0,-0.0030632107251067353,-0.0017650185808415486,4096.0,0.5,6400000.0
1.0,64.0,8.0,1.0,1.0,1.0,543.0,32.0,-0.0030632107251067353,-0.0017650185808415486,2048.0,64.0,6400000.0
1.0,64.0,8.0,1.0,1.0,1.0,543.0,32.0,-0.0030632107251067353,-0.0017650185808415486,8192.0,0.00390625,6400000.0
1.0,64.0,8.0,1.0,1.0,1.0,543.0,32.0,-0.0030632107251067353,-0.0017650185808415486,8192.0,4.0,6400000.0
1.0,64.0,8.0,1.0,1.0,1.0,543.0,32.0,-0.0030632107251067353,-0.0017650185808415486,8192.0,4096.0,6400000.0
1.0,1.0,4.0,1.0,1.0,1.0,63.0,32.0,-0.0030632107251067353,-0.0017650185808415486,512.0,64.0,6400000.0
1.0,64.0,8.0,1.0,1.0,1.0,543.0,32.0,-0.0030632107251067353,-0.0017650185808415486,32.0,512.0,6400000.0
3.0,64.0,8.0,2.0,9.0,6.0,1295.0,576.0,0.10115259004895938,0.10346957106453547,16.0,64.0,6400000.0
28.0,64.0,8.0,2.0,169.0,148.0,8044.0,20096.0,0.2583267179155011,0.26924795824128556,32.0,0.5,6400000.0
64.0,64.0,8.0,2.0,2125.0,1884.0,81926.0,293248.0,0.24776556300213914,0.2542929323858668,32.0,0.0,6400000.0
1.0,128.0,1.0,1.0,1.0,1.0,35.0,32.0,-0.0030632107251067353,-0.0017650185808415486,0.0,256.0,6400000.0
128.0,128.0,1.0,9.0,323.0,256.0,9987.0,24576.0,0.39459489945007453,0.4151010976336871,0.0,0.00195312,6400000.0
1.0,64.0,8.0,1.0,1.0,1.0,543.0,32.0,-0.0030632107251067353,-0.0017650185808415486,16384.0,32768.0,6400000.0
1.0,64.0,8.0,1.0,1.0,1.0,543.0,32.0,-0.0030632107251067353,-0.0017650185808415486,16384.0,32.0,6400000.0
1.0,64.0,8.0,1.0,1.0,1.0,543.0,32.0,-0.0030632107251067353,-0.0017650185808415486,16384.0,0.03125,6400000.0
20.0,64.0,8.0,2.0,81.0,65.0,4614.0,7840.0,0.25194387259795514,0.2611969990570394,64.0,4.0,6400000.0
1.0,64.0,8.0,1.0,1.0,1.0,543.0,32.0,-0.0030632107251067353,-0.0017650185808415486,64.0,4096.0,6400000.0
1.0,64.0,8.0,1.0,1.0,1.0,543.0,32.0,-0.0030632107251067353,-0.0017650185808415486,32768.0,256.0,6400000.0
128.0,128.0,1.0,9.0,321.0,256.0,9955.0,24576.0,0.39438814246051046,0.41507435206593646,0.000976562,0.125,6400000.0
1.0,64.0,8.0,1.0,1.0,1.0,543.0,32.0,-0.0030632107251067353,-0.0017650185808415486,32768.0,0.25,6400000.0
128.0,128.0,1.0,9.0,323.0,256.0,9987.0,24576.0,0.3945949998399164,0.41510106655598566,0.000976562,0.0,6400000.0
64.0,64.0,8.0,3.0,2261.0,1871.0,83864.0,291168.0,0.3080094019168841,0.31512587797924585,8.0,0.015625,6400000.0
1.0,1.0,4.0,1.0,1.0,1.0,63.0,32.0,-0.0030632107251067353,-0.0017650185808415486,1024.0,256.0,6400000.0
46.0,64.0,8.0,3.0,1645.0,1370.0,62024.0,213312.0,0.3145738050321958,0.3183655730348809,16.0,0.0625,6400000.0
128.0,128.0,1.0,9.0,318.0,256.0,9846.0,24576.0,0.39352281291729074,0.4144232149378231,0.0,1.0,6400000.0
64.0,64.0,8.0,2.0,2035.0,1823.0,78899.0,283488.0,0.246836859445126,0.2539199749010471,64.0,0.00390625,6400000.0
128.0,128.0,1.0,9.0,324.0,256.0,10019.0,24576.0,0.394723018800336,0.4151597948613778,0.00195312,0.015625,6400000.0
128.0,128.0,1.0,9.0,318.0,256.0,9846.0,24576.0,0.3935229876998718,0.41442323847762674,0.015625,1.0,6400000.0
8.0,128.0,1.0,2.0,22.0,16.0,654.0,1536.0,0.184803559555608,0.19082719424152972,0.000976562,32.0,6400000.0
1.0,64.0,8.0,1.0,1.0,1.0,543.0,32.0,-0.0030632107251067353,-0.0017650185808415486,128.0,32.0,6400000.0
1.0,128.0,1.0,1.0,1.0,1.0,35.0,32.0,-0.0030632107251067353,-0.0017650185808415486,0.000976562,8192.0,6400000.0
128.0,128.0,1.0,9.0,323.0,256.0,9987.0,24576.0,0.39459512795963625,0.415101181988087,0.015625,0.00390625,6400000.0
128.0,128.0,1.0,9.0,323.0,256.0,9987.0,24576.0,0.39459489945007453,0.4151010976336871,0.00390625,0.00195312,6400000.0
1.0,64.0,8.0,1.0,1.0,1.0,543.0,32.0,-0.0030632107251067353,-0.0017650185808415486,256.0,256.0,6400000.0
1.0,64.0,8.0,1.0,1.0,1.0,543.0,32.0,-0.0030632107251067353,-0.0017650185808415486,128.0,32768.0,6400000.0
52.0,128.0,1.0,7.0,135.0,104.0,4084.0,9984.0,0.3374920860243603,0.35184392779643947,0.00195312,4.0,6400000.0
11.0,64.0,8.0,2.0,30.0,22.0,2384.0,2112.0,0.211815897449531,0.21820531799146736,8.0,16.0,6400000.0
1.0,64.0,8.0,1.0,1.0,1.0,543.0,32.0,-0.0030632107251067353,-0.0017650185808415486,128.0,0.03125,6400000.0
1.0,64.0,8.0,1.0,1.0,1.0,543.0,32.0,-0.0030632107251067353,-0.0017650185808415486,256.0,0.25,6400000.0
1.0,64.0,8.0,1.0,1.0,1.0,543.0,32.0,-0.0030632107251067353,-0.0017650185808415486,512.0,0.00195312,6400000.0
1.0,64.0,8.0,1.0,1.0,1.0,543.0,32.0,-0.0030632107251067353,-0.0017650185808415486,512.0,2048.0,6400000.0
1.0,64.0,8.0,1.0,1.0,1.0,543.0,32.0,-0.0030632107251067353,-0.0017650185808415486,4096.0,0.000976562,6400000.0
1.0,64.0,8.0,1.0,1.0,1.0,543.0,32.0,-0.0030632107251067353,-0.0017650185808415486,512.0,2.0,6400000.0
1.0,1.0,4.0,1.0,1.0,1.0,63.0,32.0,-0.0030632107251067353,-0.0017650185808415486,1024.0,0.0,6400000.0
1.0,1.0,4.0,1.0,1.0,1.0,63.0,32.0,-0.0030632107251067353,-0.0017650185808415486,2048.0,0.00195312,6400000.0
1.0,128.0,1.0,1.0,1.0,1.0,35.0,32.0,-0.0030632107251067353,-0.0017650185808415486,0.00195312,1024.0,6400000.0
1.0,64.0,8.0,1.0,1.0,1.0,543.0,32.0,-0.0030632107251067353,-0.0017650185808415486,1024.0,16.0,6400000.0
1.0,128.0,1.0,1.0,1.0,1.0,35.0,32.0,-0.0030632107251067353,-0.0017650185808415486,0.00390625,128.0,6400000.0
1.0,64.0,8.0,1.0,1.0,1.0,543.0,32.0,-0.0030632107251067353,-0.0017650185808415486,1024.0,16384.0,6400000.0
1.0,64.0,8.0,1.0,1.0,1.0,543.0,32.0,-0.0030632107251067353,-0.0017650185808415486,8.0,16384.0,6400000.0
1.0,128.0,1.0,1.0,1.0,1.0,35.0,32.0,-0.0030632107251067353,-0.0017650185808415486,0.00390625,32768.0,6400000.0
128.0,128.0,1.0,9.0,319.0,256.0,9915.0,24576.0,0.3940373355193211,0.4134267796093585,0.00390625,0.5,6400000.0
1.0,128.0,1.0,1.0,1.0,1.0,35.0,32.0,-0.0030632107251067353,-0.0017650185808415486,0.0078125,4096.0,6400000.0
1.0,64.0,8.0,1.0,1.0,1.0,543.0,32.0,-0.0030632107251067353,-0.0017650185808415486,1024.0,0.015625,6400000.0
1.0,64.0,8.0,1.0,1.0,1.0,543.0,32.0,-0.0030632107251067353,-0.0017650185808415486,2048.0,0.125,6400000.0
128.0,128.0,1.0,9.0,324.0,256.0,10049.0,24576.0,0.39443261508458827,0.41518001105595315,0.0078125,0.0625,6400000.0
1.0,1.0,4.0,1.0,1.0,1.0,63.0,32.0,-0.0030632107251067353,-0.0017650185808415486,1024.0,0.5,6400000.0
1.0,64.0,8.0,1.0,1.0,1.0,543.0,32.0,-0.0030632107251067353,-0.0017650185808415486,4096.0,1.0,6400000.0
1.0,64.0,8.0,1.0,1.0,1.0,543.0,32.0,-0.0030632107251067353,-0.0017650185808415486,2048.0,128.0,6400000.0
1.0,64.0,8.0,1.0,1.0,1.0,543.0,32.0,-0.0030632107251067353,-0.0017650185808415486,4096.0,1024.0,6400000.0
12.0,128.0,1.0,3.0,33.0,24.0,937.0,2304.0,0.22058073034453196,0.22746378695664926,0.0078125,16.0,6400000.0
1.0,64.0,8.0,1.0,1.0,1.0,543.0,32.0,-0.0030632107251067353,-0.0017650185808415486,8192.0,8.0,6400000.0
1.0,64.0,8.0,1.0,1.0,1.0,543.0,32.0,-0.0030632107251067353,-0.0017650185808415486,8192.0,8192.0,6400000.0
1.0,64.0,8.0,1.0,1.0,1.0,543.0,32.0,-0.0030632107251067353,-0.0017650185808415486,8192.0,0.0078125,6400000.0
1.0,1.0,4.0,1.0,1.0,1.0,63.0,32.0,-0.0030632107251067353,-0.0017650185808415486,512.0,128.0,6400000.0
1.0,64.0,8.0,1.0,1.0,1.0,543.0,32.0,-0.0030632107251067353,-0.0017650185808415486,16.0,128.0,6400000.0
1.0,64.0,8.0,1.0,1.0,1.0,543.0,32.0,-0.0030632107251067353,-0.0017650185808415486,32.0,1024.0,6400000.0
25.0,64.0,8.0,2.0,113.0,94.0,5772.0,11840.0,0.25446652674505144,0.26625990280383205,32.0,1.0,6400000.0
1.0,64.0,8.0,1.0,1.0,1.0,543.0,32.0,-0.0030632107251067353,-0.0017650185808415486,32768.0,0.0,6400000.0
1.0,64.0,8.0,1.0,1.0,1.0,543.0,32.0,-0.0030632107251067353,-0.0017650185808415486,16384.0,64.0,6400000.0
1.0,128.0,1.0,1.0,1.0,1.0,35.0,32.0,-0.0030632107251067353,-0.0017650185808415486,0.0,512.0,6400000.0
128.0,128.0,1.0,9.0,323.0,256.0,9987.0,24576.0,0.3945949443657707,0.4151011383519584,0.0,0.00390625,6400000.0
1.0,64.0,8.0,1.0,1.0,1.0,543.0,32.0,-0.0030632107251067353,-0.0017650185808415486,16384.0,0.0625,6400000.0
64.0,64.0,8.0,2.0,2075.0,1852.0,80287.0,288128.0,0.2476627860896724,0.2541606943652295,32.0,0.000976562,6400000.0
15.0,64.0,8.0,2.0,47.0,34.0,3196.0,3520.0,0.23483331904090687,0.24244665993785774,64.0,8.0,6400000.0
1.0,64.0,8.0,1.0,1.0,1.0,543.0,32.0,-0.0030632107251067353,-0.0017650185808415486,64.0,8192.0,6400000.0
1.0,1.0,4.0,1.0,1.0,1.0,63.0,32.0,-0.0030632107251067353,-0.0017650185808415486,1024.0,512.0,6400000.0
1.0,64.0,8.0,1.0,1.0,1.0,543.0,32.0,-0.0030632107251067353,-0.0017650185808415486,32768.0,512.0,6400000.0
1.0,64.0,8.0,1.0,1.0,1.0,543.0,32.0,-0.0030632107251067353,-0.0017650185808415486,32768.0,0.5,6400000.0
128.0,128.0,1.0,9.0,322.0,256.0,9948.0,24576.0,0.3944894601813631,0.4155493453137252,0.000976562,0.25,6400000.0
105.0,128.0,1.0,9.0,260.0,210.0,8087.0,20160.0,0.3803964662176945,0.3998169520179383,0.0,2.0,6400000.0
128.0,128.0,1.0,9.0,323.0,256.0,9987.0,24576.0,0.39459489945007453,0.4151010976336871,0.000976562,0.000976562,6400000.0
128.0,128.0,1.0,9.0,324.0,256.0,10019.0,24576.0,0.39472565924230407,0.4151604505156916,0.00195312,0.03125,6400000.0
105.0,128.0,1.0,9.0,260.0,210.0,8087.0,20160.0,0.3803966208446643,0.39981697905848823,0.015625,2.0,6400000.0
3.0,128.0,1.0,2.0,9.0,6.0,279.0,576.0,0.10115259004895938,0.10346957106453547,0.000976562,64.0,6400000.0
1.0,64.0,8.0,1.0,1.0,1.0,543.0,32.0,-0.0030632107251067353,-0.0017650185808415486,128.0,64.0,6400000.0
36.0,64.0,8.0,3.0,1105.0,919.0,41439.0,142432.0,0.32477217990220264,0.33093988995308277,16.0,0.125,6400000.0
64.0,64.0,8.0,2.0,1931.0,1729.0,74912.0,268448.0,0.2473287799065964,0.2538858969527128,64.0,0.0078125,6400000.0
64.0,64.0,8.0,3.0,2143.0,1792.0,80107.0,278528.0,0.3122701969032221,0.3188098833382388,8.0,0.03125,6400000.0
1.0,128.0,1.0,1.0,1.0,1.0,35.0,32.0,-0.0030632107251067353,-0.0017650185808415486,0.000976562,16384.0,6400000.0
128.0,128.0,1.0,9.0,323.0,256.0,9987.0,24576.0,0.39459512795963625,0.415101181988087,0.015625,0.0078125,6400000.0
128.0,128.0,1.0,9.0,323.0,256.0,9987.0,24576.0,0.3945949443657707,0.4151011383519584,0.00390625,0.00390625,6400000.0
22.0,128.0,1.0,3.0,61.0,44.0,1728.0,4224.0,0.27209781390772547,0.2796723898647334,0.00195312,8.0,6400000.0
1.0,64.0,8.0,1.0,1.0,1.0,543.0,32.0,-0.0030632107251067353,-0.0017650185808415486,256.0,512.0,6400000.0
1.0,64.0,8.0,1.0,1.0,1.0,543.0,32.0,-0.0030632107251067353,-0.0017650185808415486,256.0,0.0,6400000.0
1.0,64.0,8.0,1.0,1.0,1.0,543.0,32.0,-0.0030632107251067353,-0.0017650185808415486,128.0,0.0625,6400000.0
1.0,64.0,8.0,1.0,1.0,1.0,543.0,32.0,-0.0030632107251067353,-0.0017650185808415486,256.0,0.5,6400000.0
8.0,64.0,8.0,2.0,22.0,16.0,1924.0,1536.0,0.184803559555608,0.19082719424152972,8.0,32.0,6400000.0
1.0,64.0,8.0,1.0,1.0,1.0,543.0,32.0,-0.0030632107251067353,-0.0017650185808415486,512.0,0.00390625,6400000.0
1.0,128.0,1.0,1.0,1.0,1.0,35.0,32.0,-0.0030632107251067353,-0.0017650185808415486,0.00195312,2048.0,6400000.0
1.0,64.0,8.0,1.0,1.0,1.0,543.0,32.0,-0.0030632107251067353,-0.0017650185808415486,4096.0,0.00195312,6400000.0
1.0,128.0,1.0,1.0,1.0,1.0,35.0,32.0,-0.0030632107251067353,-0.0017650185808415486,0.00390625,256.0,6400000.0
1.0,64.0,8.0,1.0,1.0,1.0,543.0,32.0,-0.0030632107251067353,-0.0017650185808415486,1024.0,32.0,6400000.0
1.0,64.0,8.0,1.0,1.0,1.0,543.0,32.0,-0.0030632107251067353,-0.0017650185808415486,512.0,4096.0,6400000.0
1.0,1.0,4.0,1.0,1.0,1.0,63.0,32.0,-0.0030632107251067353,-0.0017650185808415486,2048.0,0.00390625,6400000.0
1.0,1.0,4.0,1.0,1.0,1.0,63.0,32.0,-0.0030632107251067353,-0.0017650185808415486,1024.0,0.000976562,6400000.0
1.0,64.0,8.0,1.0,1.0,1.0,543.0,32.0,-0.0030632107251067353,-0.0017650185808415486,512.0,4.0,6400000.0
1.0,64.0,8.0,1.0,1.0,1.0,543.0,32.0,-0.0030632107251067353,-0.0017650185808415486,1024.0,32768.0,6400000.0
128.0,128.0,1.0,9.0,321.0,256.0,9955.0,24576.0,0.39438814246051046,0.41507435206593646,0.0078125,0.125,6400000.0
1.0,64.0,8.0,1.0,1.0,1.0,543.0,32.0,-0.0030632107251067353,-0.0017650185808415486,8.0,32768.0,6400000.0
1.0,128.0,1.0,1.0,1.0,1.0,35.0,32.0,-0.0030632107251067353,-0.0017650185808415486,0.0078125,8192.0,6400000.0
1.0,64.0,8.0,1.0,1.0,1.0,543.0,32.0,-0.0030632107251067353,-0.0017650185808415486,1024.0,0.03125,6400000.0
1.0,64.0,8.0,1.0,1.0,1.0,543.0,32.0,-0.0030632107251067353,-0.0017650185808415486,2048.0,0.25,6400000.0
1.0,64.0,8.0,1.0,1.0,1.0,543.0,32.0,-0.0030632107251067353,-0.0017650185808415486,4096.0,2048.0,6400000.0
1.0,64.0,8.0,1.0,1.0,1.0,543.0,32.0,-0.0030632107251067353,-0.0017650185808415486,2048.0,256.0,6400000.0
1.0,1.0,4.0,1.0,1.0,1.0,63.0,32.0,-0.0030632107251067353,-0.0017650185808415486,1024.0,1.0,6400000.0
1.0,64.0,8.0,1.0,1.0,1.0,543.0,32.0,-0.0030632107251067353,-0.0017650185808415486,4096.0,2.0,6400000.0
8.0,128.0,1.0,2.0,22.0,16.0,654.0,1536.0,0.184803559555608,0.19082719424152972,0.0078125,32.0,6400000.0
128.0,128.0,1.0,9.0,323.0,256.0,9987.0,24576.0,0.39459518340042155,0.4151011102009654,0.0078125,0.0,6400000.0
128.0,128.0,1.0,9.0,318.0,256.0,9846.0,24576.0,0.39352281291729074,0.4144232149378231,0.00390625,1.0,6400000.0
1.0,64.0,8.0,1.0,1.0,1.0,543.0,32.0,-0.0030632107251067353,-0.0017650185808415486,8192.0,0.015625,6400000.0
1.0,64.0,8.0,1.0,1.0,1.0,543.0,32.0,-0.0030632107251067353,-0.0017650185808415486,8192.0,16.0,6400000.0
1.0,64.0,8.0,1.0,1.0,1.0,543.0,32.0,-0.0030632107251067353,-0.0017650185808415486,8192.0,16384.0,6400000.0
1.0,64.0,8.0,1.0,1.0,1.0,543.0,32.0,-0.0030632107251067353,-0.0017650185808415486,16.0,256.0,6400000.0
1.0,1.0,4.0,1.0,1.0,1.0,63.0,32.0,-0.0030632107251067353,-0.0017650185808415486,512.0,256.0,6400000.0
1.0,64.0,8.0,1.0,1.0,1.0,543.0,32.0,-0.0030632107251067353,-0.0017650185808415486,32768.0,0.000976562,6400000.0
1.0,64.0,8.0,1.0,1.0,1.0,543.0,32.0,-0.0030632107251067353,-0.0017650185808415486,32.0,2048.0,6400000.0
1.0,64.0,8.0,1.0,1.0,1.0,543.0,32.0,-0.0030632107251067353,-0.0017650185808415486,16384.0,128.0,6400000.0
1.0,64.0,8.0,1.0,1.0,1.0,543.0,32.0,-0.0030632107251067353,-0.0017650185808415486,16384.0,0.125,6400000.0
23.0,64.0,8.0,2.0,96.0,78.0,5189.0,9536.0,0.25348208415856677,0.264691761708014,32.0,2.0,6400000.0
64.0,64.0,8.0,2.0,2044.0,1828.0,79196.0,284288.0,0.24778362624940087,0.25409202167223877,32.0,0.00195312,6400000.0
1.0,64.0,8.0,1.0,1.0,1.0,543.0,32.0,-0.0030632107251067353,-0.0017650185808415486,64.0,16384.0,6400000.0
128.0,128.0,1.0,9.0,323.0,256.0,9987.0,24576.0,0.3945949443657707,0.4151011383519584,0.0,0.0078125,6400000.0
1.0,128.0,1.0,1.0,1.0,1.0,35.0,32.0,-0.0030632107251067353,-0.0017650185808415486,0.0,1024.0,6400000.0
11.0,64.0,8.0,2.0,30.0,22.0,2384.0,2112.0,0.211815897449531,0.21820531799146736,64.0,16.0,6400000.0
1.0,1.0,4.0,1.0,1.0,1.0,63.0,32.0,-0.0030632107251067353,-0.0017650185808415486,1024.0,1024.0,6400000.0
1.0,64.0,8.0,1.0,1.0,1.0,543.0,32.0,-0.0030632107251067353,-0.0017650185808415486,32768.0,1024.0,6400000.0
128.0,128.0,1.0,9.0,319.0,256.0,9915.0,24576.0,0.3940373355193211,0.4134267796093585,0.000976562,0.5,6400000.0
52.0,128.0,1.0,7.0,135.0,104.0,4084.0,9984.0,0.3374922504044793,0.3518439824697871,0.015625,4.0,6400000.0
52.0,128.0,1.0,7.0,135.0,104.0,4084.0,9984.0,0.3374920860243603,0.35184392779643947,0.0,4.0,6400000.0
1.0,128.0,1.0,1.0,1.0,1.0,35.0,32.0,-0.0030632107251067353,-0.0017650185808415486,0.000976562,32768.0,6400000.0
1.0,64.0,8.0,1.0,1.0,1.0,543.0,32.0,-0.0030632107251067353,-0.0017650185808415486,128.0,128.0,6400000.0
1.0,64.0,8.0,1.0,1.0,1.0,543.0,32.0,-0.0030632107251067353,-0.0017650185808415486,32768.0,1.0,6400000.0
45.0,64.0,8.0,3.0,1505.0,1241.0,56130.0,192800.0,0.31823448662706766,0.32871968207178914,8.0,0.0625,6400000.0
128.0,128.0,1.0,9.0,323.0,256.0,9987.0,24576.0,0.39459489945007453,0.4151010976336871,0.000976562,0.00195312,6400000.0
34.0,64.0,8.0,3.0,614.0,514.0,23726.0,77888.0,0.3258564075379592,0.332834297270022,16.0,0.25,6400000.0
1.0,128.0,1.0,1.0,1.0,1.0,35.0,32.0,-0.0030632107251067353,-0.0017650185808415486,0.000976562,128.0,6400000.0
45.0,64.0,8.0,2.0,1321.0,1159.0,51449.0,179680.0,0.24935693130970082,0.2580753510772601,64.0,0.015625,6400000.0
128.0,128.0,1.0,9.0,324.0,256.0,10049.0,24576.0,0.39443242045143334,0.41517996248606703,0.00195312,0.0625,6400000.0
128.0,128.0,1.0,9.0,324.0,256.0,10019.0,24576.0,0.39472320237681746,0.4151598392455418,0.015625,0.015625,6400000.0
128.0,128.0,1.0,9.0,323.0,256.0,9987.0,24576.0,0.3945949443657707,0.4151011383519584,0.00390625,0.0078125,6400000.0
12.0,128.0,1.0,3.0,33.0,24.0,937.0,2304.0,0.22058073034453196,0.22746378695664926,0.00195312,16.0,6400000.0
3.0,64.0,8.0,2.0,9.0,6.0,1295.0,576.0,0.10115259004895938,0.10346957106453547,8.0,64.0,6400000.0
1.0,64.0,8.0,1.0,1.0,1.0,543.0,32.0,-0.0030632107251067353,-0.0017650185808415486,256.0,0.000976562,6400000.0
1.0,64.0,8.0,1.0,1.0,1.0,543.0,32.0,-0.0030632107251067353,-0.0017650185808415486,128.0,0.125,6400000.0
1.0,64.0,8.0,1.0,1.0,1.0,543.0,32.0,-0.0030632107251067353,-0.0017650185808415486,256.0,1.0,6400000.0
1.0,64.0,8.0,1.0,1.0,1.0,543.0,32.0,-0.0030632107251067353,-0.0017650185808415486,256.0,1024.0,6400000.0
1.0,64.0,8.0,1.0,1.0,1.0,543.0,32.0,-0.0030632107251067353,-0.0017650185808415486,512.0,0.0078125,6400000.0
1.0,128.0,1.0,1.0,1.0,1.0,35.0,32.0,-0.0030632107251067353,-0.0017650185808415486,0.00195312,4096.0,6400000.0
1.0,64.0,8.0,1.0,1.0,1.0,543.0,32.0,-0.0030632107251067353,-0.0017650185808415486,4096.0,0.00390625,6400000.0
1.0,64.0,8.0,1.0,1.0,1.0,543.0,32.0,-0.0030632107251067353,-0.0017650185808415486,1024.0,64.0,6400000.0
1.0,128.0,1.0,1.0,1.0,1.0,35.0,32.0,-0.0030632107251067353,-0.0017650185808415486,0.00390625,512.0,6400000.0
1.0,64.0,8.0,1.0,1.0,1.0,543.0,32.0,-0.0030632107251067353,-0.0017650185808415486,512.0,8.0,6400000.0
1.0,1.0,4.0,1.0,1.0,1.0,63.0,32.0,-0.0030632107251067353,-0.0017650185808415486,1024.0,0.00195312,6400000.0
1.0,1.0,4.0,1.0,1.0,1.0,63.0,32.0,-0.0030632107251067353,-0.0017650185808415486,2048.0,0.0078125,6400000.0
1.0,64.0,8.0,1.0,1.0,1.0,543.0,32.0,-0.0030632107251067353,-0.0017650185808415486,512.0,8192.0,6400000.0
1.0,64.0,8.0,1.0,1.0,1.0,543.0,32.0,-0.0030632107251067353,-0.0017650185808415486,2048.0,0.0,6400000.0
128.0,128.0,1.0,9.0,322.0,256.0,9948.0,24576.0,0.3944894601813631,0.4155493453137252,0.0078125,0.25,6400000.0
1.0,128.0,1.0,1.0,1.0,1.0,35.0,32.0,-0.0030632107251067353,-0.0017650185808415486,0.0078125,16384.0,6400000.0
1.0,64.0,8.0,1.0,1.0,1.0,543.0,32.0,-0.0030632107251067353,-0.0017650185808415486,1024.0,0.0625,6400000.0
64.0,64.0,8.0,3.0,2307.0,1895.0,85187.0,295008.0,0.309566922835645,0.3160127586026862,16.0,0.0,6400000.0
1.0,64.0,8.0,1.0,1.0,1.0,543.0,32.0,-0.0030632107251067353,-0.0017650185808415486,2048.0,0.5,6400000.0
1.0,64.0,8.0,1.0,1.0,1.0,543.0,32.0,-0.0030632107251067353,-0.0017650185808415486,4096.0,4096.0,6400000.0
1.0,1.0,4.0,1.0,1.0,1.0,63.0,32.0,-0.0030632107251067353,-0.0017650185808415486,1024.0,2.0,6400000.0
1.0,64.0,8.0,1.0,1.0,1.0,543.0,32.0,-0.0030632107251067353,-0.0017650185808415486,2048.0,512.0,6400000.0
1.0,64.0,8.0,1.0,1.0,1.0,543.0,32.0,-0.0030632107251067353,-0.0017650185808415486,8192.0,32768.0,6400000.0
1.0,64.0,8.0,1.0,1.0,1.0,543.0,32.0,-0.0030632107251067353,-0.0017650185808415486,4096.0,4.0,6400000.0
1.0,64.0,8.0,1.0,1.0,1.0,543.0,32.0,-0.0030632107251067353,-0.0017650185808415486,8192.0,0.03125,6400000.0
128.0,128.0,1.0,9.0,323.0,256.0,9987.0,24576.0,0.3945950830511845,0.4151011413237675,0.0078125,0.000976562,6400000.0
105.0,128.0,1.0,9.0,260.0,210.0,8087.0,20160.0,0.3803964662176945,0.3998169520179383,0.00390625,2.0,6400000.0
1.0,64.0,8.0,1.0,1.0,1.0,543.0,32.0,-0.0030632107251067353,-0.0017650185808415486,8192.0,32.0,6400000.0
3.0,128.0,1.0,2.0,9.0,6.0,279.0,576.0,0.10115259004895938,0.10346957106453547,0.0078125,64.0,6400000.0
1.0,1.0,4.0,1.0,1.0,1.0,63.0,32.0,-0.0030632107251067353,-0.0017650185808415486,512.0,512.0,6400000.0
1.0,64.0,8.0,1.0,1.0,1.0,543.0,32.0,-0.0030632107251067353,-0.0017650185808415486,16.0,512.0,6400000.0
1.0,64.0,8.0,1.0,1.0,1.0,543.0,32.0,-0.0030632107251067353,-0.0017650185808415486,32768.0,0.00195312,6400000.0
1.0,64.0,8.0,1.0,1.0,1.0,543.0,32.0,-0.0030632107251067353,-0.0017650185808415486,32.0,4096.0,6400000.0
1.0,64.0,8.0,1.0,1.0,1.0,543.0,32.0,-0.0030632107251067353,-0.0017650185808415486,64.0,32768.0,6400000.0
20.0,64.0,8.0,2.0,81.0,65.0,4614.0,7840.0,0.25194387259795514,0.2611969990570394,32.0,4.0,6400000.0
1.0,64.0,8.0,1.0,1.0,1.0,543.0,32.0,-0.0030632107251067353,-0.0017650185808415486,16384.0,256.0,6400000.0
128.0,128.0,1.0,9.0,324.0,256.0,10019.0,24576.0,0.394723018800336,0.4151597948613778,0.0,0.015625,6400000.0
1.0,64.0,8.0,1.0,1.0,1.0,543.0,32.0,-0.0030632107251067353,-0.0017650185808415486,16384.0,0.25,6400000.0
64.0,64.0,8.0,2.0,2035.0,1823.0,78899.0,283488.0,0.246836859445126,0.2539199749010471,32.0,0.00390625,6400000.0
1.0,128.0,1.0,1.0,1.0,1.0,35.0,32.0,-0.0030632107251067353,-0.0017650185808415486,0.0,2048.0,6400000.0
8.0,64.0,8.0,2.0,22.0,16.0,1924.0,1536.0,0.184803559555608,0.19082719424152972,64.0,32.0,6400000.0
22.0,128.0,1.0,3.0,61.0,44.0,1728.0,4224.0,0.27209781390772547,0.2796723898647334,0.0,8.0,6400000.0
1.0,1.0,4.0,1.0,1.0,1.0,63.0,32.0,-0.0030632107251067353,-0.0017650185808415486,1024.0,2048.0,6400000.0
128.0,128.0,1.0,9.0,323.0,256.0,9987.0,24576.0,0.3945949998399164,0.41510106655598566,0.00195312,0.0,6400000.0
128.0,128.0,1.0,9.0,318.0,256.0,9846.0,24576.0,0.39352281291729074,0.4144232149378231,0.000976562,1.0,6400000.0
22.0,128.0,1.0,3.0,61.0,44.0,1728.0,4224.0,0.27209781390772547,0.2796723898647334,0.015625,8.0,6400000.0
1.0,64.0,8.0,1.0,1.0,1.0,543.0,32.0,-0.0030632107251067353,-0.0017650185808415486,32768.0,2.0,6400000.0
1.0,64.0,8.0,1.0,1.0,1.0,543.0,32.0,-0.0030632107251067353,-0.0017650185808415486,128.0,256.0,6400000.0
36.0,64.0,8.0,3.0,1102.0,920.0,41226.0,142592.0,0.32308558791093367,0.3273446300342435,8.0,0.125,6400000.0
1.0,64.0,8.0,1.0,1.0,1.0,543.0,32.0,-0.0030632107251067353,-0.0017650185808415486,32768.0,2048.0,6400000.0
128.0,128.0,1.0,9.0,323.0,256.0,9987.0,24576.0,0.3945949443657707,0.4151011383519584,0.000976562,0.00390625,6400000.0
32.0,64.0,8.0,3.0,346.0,289.0,14076.0,42144.0,0.33082847083562705,0.33835359326862824,16.0,0.5,6400000.0
128.0,128.0,1.0,9.0,321.0,256.0,9955.0,24576.0,0.39438814246051046,0.41507435206593646,0.00195312,0.125,6400000.0
1.0,128.0,1.0,1.0,1.0,1.0,35.0,32.0,-0.0030632107251067353,-0.0017650185808415486,0.000976562,256.0,6400000.0
128.0,128.0,1.0,9.0,324.0,256.0,10019.0,24576.0,0.3947258428930236,0.4151604949721608,0.015625,0.03125,6400000.0
8.0,128.0,1.0,2.0,22.0,16.0,654.0,1536.0,0.184803559555608,0.19082719424152972,0.00195312,32.0,6400000.0
1.0,64.0,8.0,1.0,1.0,1.0,543.0,32.0,-0.0030632107251067353,-0.0017650185808415486,8.0,128.0,6400000.0
128.0,128.0,1.0,9.0,324.0,256.0,10019.0,24576.0,0.394723018800336,0.4151597948613778,0.00390625,0.015625,6400000.0
43.0,64.0,8.0,2.0,956.0,831.0,36891.0,127456.0,0.2495036172878049,0.2599850696109003,64.0,0.03125,6400000.0
1.0,64.0,8.0,1.0,1.0,1.0,543.0,32.0,-0.0030632107251067353,-0.0017650185808415486,256.0,0.00195312,6400000.0
1.0,64.0,8.0,1.0,1.0,1.0,543.0,32.0,-0.0030632107251067353,-0.0017650185808415486,128.0,0.25,6400000.0
1.0,64.0,8.0,1.0,1.0,1.0,543.0,32.0,-0.0030632107251067353,-0.0017650185808415486,256.0,2048.0,6400000.0
1.0,64.0,8.0,1.0,1.0,1.0,543.0,32.0,-0.0030632107251067353,-0.0017650185808415486,256.0,2.0,6400000.0
1.0,128.0,1.0,1.0,1.0,1.0,35.0,32.0,-0.0030632107251067353,-0.0017650185808415486,0.00390625,1024.0,6400000.0
1.0,64.0,8.0,1.0,1.0,1.0,543.0,32.0,-0.0030632107251067353,-0.0017650185808415486,1024.0,128.0,6400000.0
1.0,128.0,1.0,1.0,1.0,1.0,35.0,32.0,-0.0030632107251067353,-0.0017650185808415486,0.00195312,8192.0,6400000.0
1.0,64.0,8.0,1.0,1.0,1.0,543.0,32.0,-0.0030632107251067353,-0.0017650185808415486,4096.0,0.0078125,6400000.0
1.0,64.0,8.0,1.0,1.0,1.0,543.0,32.0,-0.0030632107251067353,-0.0017650185808415486,512.0,0.015625,6400000.0
1.0,64.0,8.0,1.0,1.0,1.0,543.0,32.0,-0.0030632107251067353,-0.0017650185808415486,512.0,16.0,6400000.0
128.0,128.0,1.0,9.0,319.0,256.0,9915.0,24576.0,0.3940373355193211,0.4134267796093585,0.0078125,0.5,6400000.0
1.0,1.0,4.0,1.0,1.0,1.0,63.0,32.0,-0.0030632107251067353,-0.0017650185808415486,1024.0,0.00390625,6400000.0
1.0,64.0,8.0,1.0,1.0,1.0,543.0,32.0,-0.0030632107251067353,-0.0017650185808415486,2048.0,0.000976562,6400000.0
1.0,128.0,1.0,1.0,1.0,1.0,35.0,32.0,-0.0030632107251067353,-0.0017650185808415486,0.0078125,32768.0,6400000.0
1.0,64.0,8.0,1.0,1.0,1.0,543.0,32.0,-0.0030632107251067353,-0.0017650185808415486,512.0,16384.0,6400000.0
1.0,64.0,8.0,1.0,1.0,1.0,543.0,32.0,-0.0030632107251067353,-0.0017650185808415486,4096.0,8192.0,6400000.0
1.0,1.0,4.0,1.0,1.0,1.0,63.0,32.0,-0.0030632107251067353,-0.0017650185808415486,1024.0,4.0,6400000.0
1.0,64.0,8.0,1.0,1.0,1.0,543.0,32.0,-0.0030632107251067353,-0.0017650185808415486,2048.0,1024.0,6400000.0
128.0,128.0,1.0,9.0,323.0,256.0,9987.0,24576.0,0.3945950830511845,0.4151011413237675,0.0078125,0.00195312,6400000.0
1.0,64.0,8.0,1.0,1.0,1.0,543.0,32.0,-0.0030632107251067353,-0.0017650185808415486,1024.0,0.125,6400000.0
1.0,64.0,8.0,1.0,1.0,1.0,543.0,32.0,-0.0030632107251067353,-0.0017650185808415486,8192.0,64.0,6400000.0
1.0,1.0,4.0,1.0,1.0,1.0,63.0,32.0,-0.0030632107251067353,-0.0017650185808415486,2048.0,0.015625,6400000.0
1.0,64.0,8.0,1.0,1.0,1.0,543.0,32.0,-0.0030632107251067353,-0.0017650185808415486,8192.0,0.0625,6400000.0
64.0,64.0,8.0,3.0,2295.0,1887.0,84801.0,293728.0,0.30655658445973333,0.31846071102929907,16.0,0.000976562,6400000.0
52.0,128.0,1.0,7.0,135.0,104.0,4084.0,9984.0,0.3374920860243603,0.35184392779643947,0.00390625,4.0,6400000.0
1.0,64.0,8.0,1.0,1.0,1.0,543.0,32.0,-0.0030632107251067353,-0.0017650185808415486,2048.0,1.0,6400000.0
1.0,64.0,8.0,1.0,1.0,1.0,543.0,32.0,-0.0030632107251067353,-0.0017650185808415486,16384.0,0.0,6400000.0
1.0,64.0,8.0,1.0,1.0,1.0,543.0,32.0,-0.0030632107251067353,-0.0017650185808415486,4096.0,8.0,6400000.0
1.0,128.0,1.0,1.0,1.0,1.0,35.0,32.0,-0.0030632107251067353,-0.0017650185808415486,0.0078125,128.0,6400000.0
1.0,1.0,4.0,1.0,1.0,1.0,63.0,32.0,-0.0030632107251067353,-0.0017650185808415486,512.0,1024.0,6400000.0
1.0,64.0,8.0,1.0,1.0,1.0,543.0,32.0,-0.0030632107251067353,-0.0017650185808415486,32768.0,0.00390625,6400000.0
1.0,64.0,8.0,1.0,1.0,1.0,543.0,32.0,-0.0030632107251067353,-0.0017650185808415486,16.0,1024.0,6400000.0
1.0,64.0,8.0,1.0,1.0,1.0,543.0,32.0,-0.0030632107251067353,-0.0017650185808415486,32.0,8192.0,6400000.0
15.0,64.0,8.0,2.0,47.0,34.0,3196.0,3520.0,0.23483331904090687,0.24244665993785774,32.0,8.0,6400000.0
1.0,64.0,8.0,1.0,1.0,1.0,543.0,32.0,-0.0030632107251067353,-0.0017650185808415486,128.0,0.0,6400000.0
1.0,64.0,8.0,1.0,1.0,1.0,543.0,32.0,-0.0030632107251067353,-0.0017650185808415486,16384.0,512.0,6400000.0
128.0,128.0,1.0,9.0,324.0,256.0,10019.0,24576.0,0.39472565924230407,0.4151604505156916,0.0,0.03125,6400000.0
1.0,64.0,8.0,1.0,1.0,1.0,543.0,32.0,-0.0030632107251067353,-0.0017650185808415486,16384.0,0.5,6400000.0
64.0,64.0,8.0,2.0,1931.0,1729.0,74912.0,268448.0,0.2473287799065964,0.2538858969527128,32.0,0.0078125,6400000.0
1.0,64.0,8.0,1.0,1.0,1.0,543.0,32.0,-0.0030632107251067353,-0.0017650185808415486,64.0,64.0,6400000.0
1.0,1.0,4.0,1.0,1.0,1.0,63.0,32.0,-0.0030632107251067353,-0.0017650185808415486,1024.0,4096.0,6400000.0
1.0,64.0,8.0,1.0,1.0,1.0,543.0,32.0,-0.0030632107251067353,-0.0017650185808415486,128.0,512.0,6400000.0
1.0,1.0,4.0,1.0,1.0,1.0,63.0,32.0,-0.0030632107251067353,-0.0017650185808415486,2048.0,0.125,6400000.0
1.0,64.0,8.0,1.0,1.0,1.0,543.0,32.0,-0.0030632107251067353,-0.0017650185808415486,32768.0,4.0,6400000.0
25.0,64.0,8.0,3.0,226.0,182.0,9662.0,25920.0,0.32579409067695186,0.33377329909326503,16.0,1.0,6400000.0
8.0,128.0,1.0,2.0,22.0,16.0,654.0,1536.0,0.184803559555608,0.19082719424152972,0.015625,32.0,6400000.0
1.0,64.0,8.0,1.0,1.0,1.0,543.0,32.0,-0.0030632107251067353,-0.0017650185808415486,32768.0,4096.0,6400000.0
12.0,128.0,1.0,3.0,33.0,24.0,937.0,2304.0,0.22058073034453196,0.22746378695664926,0.015625,16.0,6400000.0
52.0,128.0,1.0,7.0,135.0,104.0,4084.0,9984.0,0.3374922504044793,0.3518439824697871,0.03125,4.0,6400000.0
1.0,128.0,1.0,1.0,1.0,1.0,35.0,32.0,-0.0030632107251067353,-0.0017650185808415486,0.03125,1024.0,6400000.0
1.0,128.0,1.0,1.0,1.0,1.0,35.0,32.0,-0.0030632107251067353,-0.0017650185808415486,0.015625,8192.0,6400000.0
128.0,128.0,1.0,9.0,324.0,256.0,10019.0,24576.0,0.39472320237681746,0.4151598392455418,0.03125,0.015625,6400000.0
128.0,128.0,1.0,9.0,324.0,256.0,10049.0,24576.0,0.39443261508458827,0.41518001105595315,0.015625,0.0625,6400000.0
43.0,64.0,8.0,2.0,726.0,634.0,28741.0,95936.0,0.24980045055688938,0.26173040333517594,64.0,0.0625,6400000.0
128.0,128.0,1.0,9.0,323.0,256.0,9987.0,24576.0,0.3945954689639336,0.4151015281078,0.0625,0.00195312,6400000.0
1.0,128.0,1.0,1.0,1.0,1.0,35.0,32.0,-0.0030632107251067353,-0.0017650185808415486,0.0625,128.0,6400000.0
128.0,128.0,1.0,9.0,323.0,256.0,10017.0,24576.0,0.39425131222565524,0.4151060455196237,0.125,0.0625,6400000.0
1.0,128.0,1.0,1.0,1.0,1.0,35.0,32.0,-0.0030632107251067353,-0.0017650185808415486,0.0625,32768.0,6400000.0
128.0,128.0,1.0,9.0,319.0,256.0,9915.0,24576.0,0.3940420777443534,0.4134207576176291,0.0625,0.5,6400000.0
1.0,64.0,8.0,1.0,1.0,1.0,543.0,32.0,-0.0030632107251067353,-0.0017650185808415486,128.0,0.5,6400000.0
1.0,64.0,8.0,1.0,1.0,1.0,543.0,32.0,-0.0030632107251067353,-0.0017650185808415486,256.0,4.0,6400000.0
1.0,64.0,8.0,1.0,1.0,1.0,543.0,32.0,-0.0030632107251067353,-0.0017650185808415486,256.0,0.00390625,6400000.0
1.0,64.0,8.0,1.0,1.0,1.0,543.0,32.0,-0.0030632107251067353,-0.0017650185808415486,256.0,4096.0,6400000.0
1.0,64.0,8.0,1.0,1.0,1.0,543.0,32.0,-0.0030632107251067353,-0.0017650185808415486,1024.0,256.0,6400000.0
1.0,64.0,8.0,1.0,1.0,1.0,543.0,32.0,-0.0030632107251067353,-0.0017650185808415486,4096.0,0.015625,6400000.0
12.0,128.0,1.0,3.0,33.0,24.0,937.0,2304.0,0.22058073034453196,0.22746378695664926,0.125,16.0,6400000.0
1.0,64.0,8.0,1.0,1.0,1.0,543.0,32.0,-0.0030632107251067353,-0.0017650185808415486,512.0,0.03125,6400000.0
1.0,1.0,4.0,1.0,1.0,1.0,63.0,32.0,-0.0030632107251067353,-0.0017650185808415486,2048.0,128.0,6400000.0
1.0,64.0,8.0,1.0,1.0,1.0,543.0,32.0,-0.0030632107251067353,-0.0017650185808415486,512.0,32768.0,6400000.0
1.0,1.0,4.0,1.0,1.0,1.0,63.0,32.0,-0.0030632107251067353,-0.0017650185808415486,1024.0,0.0078125,6400000.0
1.0,128.0,1.0,1.0,1.0,1.0,35.0,32.0,-0.0030632107251067353,-0.0017650185808415486,0.125,4096.0,6400000.0
128.0,128.0,1.0,9.0,324.0,256.0,10019.0,24576.0,0.3946494623746687,0.4150651621642458,0.25,0.0078125,6400000.0
1.0,64.0,8.0,1.0,1.0,1.0,543.0,32.0,-0.0030632107251067353,-0.0017650185808415486,2048.0,0.00195312,6400000.0
1.0,64.0,8.0,1.0,1.0,1.0,543.0,32.0,-0.0030632107251067353,-0.0017650185808415486,2048.0,2048.0,6400000.0
1.0,64.0,8.0,1.0,1.0,1.0,543.0,32.0,-0.0030632107251067353,-0.0017650185808415486,512.0,32.0,6400000.0
1.0,64.0,8.0,1.0,1.0,1.0,543.0,32.0,-0.0030632107251067353,-0.0017650185808415486,8192.0,128.0,6400000.0
1.0,1.0,4.0,1.0,1.0,1.0,63.0,32.0,-0.0030632107251067353,-0.0017650185808415486,1024.0,8.0,6400000.0
1.0,64.0,8.0,1.0,1.0,1.0,543.0,32.0,-0.0030632107251067353,-0.0017650185808415486,4096.0,16384.0,6400000.0
1.0,64.0,8.0,1.0,1.0,1.0,543.0,32.0,-0.0030632107251067353,-0.0017650185808415486,1024.0,0.25,6400000.0
1.0,64.0,8.0,1.0,1.0,1.0,543.0,32.0,-0.0030632107251067353,-0.0017650185808415486,8192.0,0.125,6400000.0
1.0,64.0,8.0,1.0,1.0,1.0,543.0,32.0,-0.0030632107251067353,-0.0017650185808415486,4096.0,16.0,6400000.0
1.0,64.0,8.0,1.0,1.0,1.0,543.0,32.0,-0.0030632107251067353,-0.0017650185808415486,16384.0,0.000976562,6400000.0
103.0,128.0,1.0,9.0,256.0,206.0,7949.0,19776.0,0.37995490114383734,0.3986845301020693,0.25,2.0,6400000.0
1.0,128.0,1.0,1.0,1.0,1.0,35.0,32.0,-0.0030632107251067353,-0.0017650185808415486,0.25,512.0,6400000.0
1.0,1.0,4.0,1.0,1.0,1.0,63.0,32.0,-0.0030632107251067353,-0.0017650185808415486,2048.0,0.03125,6400000.0
128.0,128.0,1.0,9.0,324.0,256.0,10019.0,24576.0,0.3946502908967454,0.41506545743832357,0.5,0.000976562,6400000.0
1.0,64.0,8.0,1.0,1.0,1.0,543.0,32.0,-0.0030632107251067353,-0.0017650185808415486,2048.0,2.0,6400000.0
128.0,128.0,1.0,9.0,320.0,256.0,9916.0,24576.0,0.3940350510327395,0.4146963034299287,0.5,0.25,6400000.0
1.0,64.0,8.0,1.0,1.0,1.0,543.0,32.0,-0.0030632107251067353,-0.0017650185808415486,32768.0,0.0078125,6400000.0
3.0,128.0,1.0,2.0,9.0,6.0,279.0,576.0,0.10115259004895938,0.10346957106453547,0.5,64.0,6400000.0
1.0,1.0,4.0,1.0,1.0,1.0,63.0,32.0,-0.0030632107251067353,-0.0017650185808415486,4096.0,0.000976562,6400000.0
1.0,128.0,1.0,1.0,1.0,1.0,35.0,32.0,-0.0030632107251067353,-0.0017650185808415486,0.5,16384.0,6400000.0
128.0,128.0,1.0,9.0,324.0,256.0,10019.0,24576.0,0.39460810288967463,0.4150793516941774,1.0,0.03125,6400000.0
1.0,64.0,8.0,1.0,1.0,1.0,543.0,32.0,-0.0030632107251067353,-0.0017650185808415486,16384.0,1024.0,6400000.0
1.0,128.0,1.0,1.0,1.0,1.0,35.0,32.0,-0.0030632107251067353,-0.0017650185808415486,1.0,2048.0,6400000.0
1.0,64.0,8.0,1.0,1.0,1.0,543.0,32.0,-0.0030632107251067353,-0.0017650185808415486,16384.0,1.0,6400000.0
22.0,128.0,1.0,3.0,61.0,44.0,1728.0,4224.0,0.27209781390772547,0.2796723898647334,1.0,8.0,6400000.0
1.0,1.0,4.0,1.0,1.0,1.0,63.0,32.0,-0.0030632107251067353,-0.0017650185808415486,2048.0,0.25,6400000.0
128.0,128.0,1.0,9.0,326.0,256.0,10050.0,24576.0,0.39449622467965684,0.4158154715852397,2.0,0.00390625,6400000.0
128.0,128.0,1.0,9.0,319.0,256.0,9882.0,24576.0,0.3931427141494205,0.41396205209484715,2.0,1.0,6400000.0
1.0,1.0,4.0,1.0,1.0,1.0,63.0,32.0,-0.0030632107251067353,-0.0017650185808415486,1024.0,8192.0,6400000.0
1.0,128.0,1.0,1.0,1.0,1.0,35.0,32.0,-0.0030632107251067353,-0.0017650185808415486,2.0,256.0,6400000.0
1.0,64.0,8.0,1.0,1.0,1.0,543.0,32.0,-0.0030632107251067353,-0.0017650185808415486,32768.0,8.0,6400000.0
1.0,64.0,8.0,1.0,1.0,1.0,543.0,32.0,-0.0030632107251067353,-0.0017650185808415486,32768.0,8192.0,6400000.0
3.0,128.0,1.0,2.0,9.0,6.0,279.0,576.0,0.10115259004895938,0.10346957106453547,0.015625,64.0,6400000.0
22.0,128.0,1.0,3.0,61.0,44.0,1728.0,4224.0,0.27209781390772547,0.2796723898647334,0.03125,8.0,6400000.0
128.0,128.0,1.0,6.0,318.0,256.0,9983.0,24576.0,0.37590501574767365,0.39611383603476547,4.0,0.0,6400000.0
1.0,128.0,1.0,1.0,1.0,1.0,35.0,32.0,-0.0030632107251067353,-0.0017650185808415486,0.03125,2048.0,6400000.0
1.0,128.0,1.0,1.0,1.0,1.0,35.0,32.0,-0.0030632107251067353,-0.0017650185808415486,0.015625,16384.0,6400000.0
128.0,128.0,1.0,9.0,324.0,256.0,10019.0,24576.0,0.39472603877900014,0.4151605252372308,0.03125,0.03125,6400000.0
128.0,128.0,1.0,6.0,318.0,256.0,9983.0,24576.0,0.37604286481964544,0.3961893882483042,4.0,0.125,6400000.0
128.0,128.0,1.0,9.0,323.0,256.0,9987.0,24576.0,0.39459551387833225,0.4151015688021954,0.0625,0.00390625,6400000.0
1.0,128.0,1.0,1.0,1.0,1.0,35.0,32.0,-0.0030632107251067353,-0.0017650185808415486,0.0625,256.0,6400000.0
8.0,128.0,1.0,2.0,22.0,16.0,654.0,1536.0,0.184803559555608,0.19082719424152972,4.0,32.0,6400000.0
128.0,128.0,1.0,9.0,324.0,256.0,10019.0,24576.0,0.3946481688036869,0.415065969311155,0.125,0.0,6400000.0
1.0,128.0,1.0,1.0,1.0,1.0,35.0,32.0,-0.0030632107251067353,-0.0017650185808415486,4.0,8192.0,6400000.0
128.0,128.0,1.0,9.0,318.0,256.0,9846.0,24576.0,0.3935240470812994,0.41442478395835647,0.0625,1.0,6400000.0
128.0,128.0,1.0,9.0,321.0,256.0,9955.0,24576.0,0.3943950130911381,0.4150716295976151,0.125,0.125,6400000.0
37.0,128.0,1.0,3.0,100.0,74.0,2953.0,7104.0,0.3035279711248666,0.3116177878986417,8.0,4.0,6400000.0
1.0,1.0,4.0,1.0,1.0,1.0,63.0,32.0,-0.0030632107251067353,-0.0017650185808415486,4096.0,1.0,6400000.0
128.0,128.0,1.0,4.0,309.0,256.0,9753.0,24576.0,0.3440145317329577,0.35466807039630144,8.0,0.015625,6400000.0
1.0,128.0,1.0,1.0,1.0,1.0,35.0,32.0,-0.0030632107251067353,-0.0017650185808415486,8.0,1024.0,6400000.0
128.0,128.0,1.0,3.0,304.0,256.0,9634.0,24576.0,0.3198689108419326,0.32781348585332615,16.0,0.00195312,6400000.0
8.0,128.0,1.0,2.0,22.0,16.0,654.0,1536.0,0.184803559555608,0.19082719424152972,0.125,32.0,6400000.0
1.0,1.0,4.0,1.0,1.0,1.0,63.0,32.0,-0.0030632107251067353,-0.0017650185808415486,2048.0,256.0,6400000.0
1.0,128.0,1.0,1.0,1.0,1.0,35.0,32.0,-0.0030632107251067353,-0.0017650185808415486,16.0,128.0,6400000.0
89.0,128.0,1.0,3.0,214.0,178.0,6743.0,17088.0,0.31992019949380013,0.32734723710247726,16.0,0.5,6400000.0
128.0,128.0,1.0,9.0,324.0,256.0,10019.0,24576.0,0.39464566243577226,0.4150724043305323,0.25,0.015625,6400000.0
1.0,128.0,1.0,1.0,1.0,1.0,35.0,32.0,-0.0030632107251067353,-0.0017650185808415486,0.125,8192.0,6400000.0
70.0,128.0,1.0,2.0,165.0,140.0,5318.0,13440.0,0.2591075582209761,0.2707474824455458,32.0,0.0625,6400000.0
1.0,128.0,1.0,1.0,1.0,1.0,35.0,32.0,-0.0030632107251067353,-0.0017650185808415486,16.0,32768.0,6400000.0
11.0,128.0,1.0,2.0,30.0,22.0,860.0,2112.0,0.211815897449531,0.21820531799146736,32.0,16.0,6400000.0
128.0,128.0,1.0,2.0,286.0,256.0,9387.0,24576.0,0.25902330951617614,0.27022517316974515,64.0,0.0078125,6400000.0
128.0,128.0,1.0,9.0,324.0,256.0,10019.0,24576.0,0.39465043749083517,0.41506553534983337,0.5,0.00195312,6400000.0
54.0,128.0,1.0,6.0,139.0,108.0,4253.0,10368.0,0.3437747063874942,0.35542621222424586,0.25,4.0,6400000.0
1.0,128.0,1.0,1.0,1.0,1.0,35.0,32.0,-0.0030632107251067353,-0.0017650185808415486,32.0,4096.0,6400000.0
26.0,128.0,1.0,2.0,68.0,52.0,2088.0,4992.0,0.25099273326546023,0.26215306003732575,64.0,2.0,6400000.0
1.0,1.0,4.0,1.0,1.0,1.0,63.0,32.0,-0.0030632107251067353,-0.0017650185808415486,4096.0,1024.0,6400000.0
1.0,128.0,1.0,1.0,1.0,1.0,35.0,32.0,-0.0030632107251067353,-0.0017650185808415486,64.0,512.0,6400000.0
1.0,1.0,1.0,1.0,1.0,1.0,35.0,32.0,-0.0030632107251067353,-0.0017650185808415486,0.0625,1024.0,6400000.0
1.0,1.0,4.0,1.0,1.0,1.0,63.0,32.0,-0.0030632107251067353,-0.0017650185808415486,2048.0,0.0625,6400000.0
128.0,128.0,1.0,9.0,319.0,256.0,9915.0,24576.0,0.3937154605355173,0.41349412467075475,0.5,0.5,6400000.0
1.0,128.0,1.0,1.0,1.0,1.0,35.0,32.0,-0.0030632107251067353,-0.0017650185808415486,0.25,1024.0,6400000.0
1.0,128.0,1.0,1.0,1.0,1.0,35.0,32.0,-0.0030632107251067353,-0.0017650185808415486,128.0,0.25,6400000.0
1.0,128.0,1.0,1.0,1.0,1.0,35.0,32.0,-0.0030632107251067353,-0.0017650185808415486,128.0,64.0,6400000.0
1.0,128.0,1.0,1.0,1.0,1.0,35.0,32.0,-0.0030632107251067353,-0.0017650185808415486,128.0,16384.0,6400000.0
1.0,128.0,1.0,1.0,1.0,1.0,35.0,32.0,-0.0030632107251067353,-0.0017650185808415486,128.0,0.000976562,6400000.0
1.0,128.0,1.0,1.0,1.0,1.0,35.0,32.0,-0.0030632107251067353,-0.0017650185808415486,256.0,0.03125,6400000.0
1.0,128.0,1.0,1.0,1.0,1.0,35.0,32.0,-0.0030632107251067353,-0.0017650185808415486,0.5,128.0,6400000.0
1.0,1.0,4.0,1.0,1.0,1.0,63.0,32.0,-0.0030632107251067353,-0.0017650185808415486,4096.0,0.00195312,6400000.0
128.0,128.0,1.0,9.0,323.0,256.0,10017.0,24576.0,0.3942453111540405,0.41510729271446556,1.0,0.0625,6400000.0
1.0,128.0,1.0,1.0,1.0,1.0,35.0,32.0,-0.0030632107251067353,-0.0017650185808415486,0.5,32768.0,6400000.0
1.0,128.0,1.0,1.0,1.0,1.0,35.0,32.0,-0.0030632107251067353,-0.0017650185808415486,1.0,4096.0,6400000.0
1.0,1.0,4.0,1.0,1.0,1.0,63.0,32.0,-0.0030632107251067353,-0.0017650185808415486,2048.0,0.5,6400000.0
1.0,128.0,1.0,1.0,1.0,1.0,35.0,32.0,-0.0030632107251067353,-0.0017650185808415486,256.0,8.0,6400000.0
91.0,128.0,1.0,7.0,224.0,182.0,6964.0,17472.0,0.3676108246808856,0.3853196254538115,2.0,2.0,6400000.0
1.0,128.0,1.0,1.0,1.0,1.0,35.0,32.0,-0.0030632107251067353,-0.0017650185808415486,256.0,2048.0,6400000.0
12.0,128.0,1.0,3.0,33.0,24.0,937.0,2304.0,0.22058073034453196,0.22746378695664926,1.0,16.0,6400000.0
128.0,128.0,1.0,9.0,324.0,256.0,10019.0,24576.0,0.3943272063477118,0.4151067473448786,2.0,0.0078125,6400000.0
1.0,128.0,1.0,1.0,1.0,1.0,35.0,32.0,-0.0030632107251067353,-0.0017650185808415486,2.0,512.0,6400000.0
128.0,128.0,1.0,6.0,318.0,256.0,9983.0,24576.0,0.37590501574767365,0.39611383603476547,4.0,0.000976562,6400000.0
1.0,128.0,1.0,1.0,1.0,1.0,35.0,32.0,-0.0030632107251067353,-0.0017650185808415486,0.015625,128.0,6400000.0
12.0,128.0,1.0,3.0,33.0,24.0,937.0,2304.0,0.22058073034453196,0.22746378695664926,0.03125,16.0,6400000.0
1.0,128.0,1.0,1.0,1.0,1.0,35.0,32.0,-0.0030632107251067353,-0.0017650185808415486,0.015625,32768.0,6400000.0
1.0,128.0,1.0,1.0,1.0,1.0,35.0,32.0,-0.0030632107251067353,-0.0017650185808415486,512.0,0.00390625,6400000.0
1.0,1.0,4.0,1.0,1.0,1.0,63.0,32.0,-0.0030632107251067353,-0.0017650185808415486,8192.0,0.0078125,6400000.0
1.0,128.0,1.0,1.0,1.0,1.0,35.0,32.0,-0.0030632107251067353,-0.0017650185808415486,0.03125,4096.0,6400000.0
128.0,128.0,1.0,6.0,317.0,256.0,9936.0,24576.0,0.375607004353118,0.39560402441606457,4.0,0.25,6400000.0
1.0,128.0,1.0,1.0,1.0,1.0,35.0,32.0,-0.0030632107251067353,-0.0017650185808415486,0.0625,512.0,6400000.0
3.0,128.0,1.0,2.0,9.0,6.0,279.0,576.0,0.10115259004895938,0.10346957106453547,4.0,64.0,6400000.0
128.0,128.0,1.0,9.0,323.0,256.0,10017.0,24576.0,0.3942459905231812,0.4151081696838157,0.03125,0.0625,6400000.0
1.0,128.0,1.0,1.0,1.0,1.0,35.0,32.0,-0.0030632107251067353,-0.0017650185808415486,512.0,1.0,6400000.0
128.0,128.0,1.0,9.0,323.0,256.0,9987.0,24576.0,0.39459551387833225,0.4151015688021954,0.0625,0.0078125,6400000.0
103.0,128.0,1.0,9.0,256.0,206.0,7949.0,19776.0,0.3803517094208687,0.3988139193288691,0.0625,2.0,6400000.0
128.0,128.0,1.0,9.0,324.0,256.0,10019.0,24576.0,0.3946481688036869,0.415065969311155,0.125,0.000976562,6400000.0
128.0,128.0,1.0,9.0,320.0,256.0,9916.0,24576.0,0.39404079087065835,0.4146939482837252,0.125,0.25,6400000.0
1.0,128.0,1.0,1.0,1.0,1.0,35.0,32.0,-0.0030632107251067353,-0.0017650185808415486,4.0,16384.0,6400000.0
1.0,1.0,4.0,1.0,1.0,1.0,63.0,32.0,-0.0030632107251067353,-0.0017650185808415486,4096.0,2.0,6400000.0
1.0,128.0,1.0,1.0,1.0,1.0,35.0,32.0,-0.0030632107251067353,-0.0017650185808415486,8.0,2048.0,6400000.0
21.0,128.0,1.0,3.0,60.0,42.0,1693.0,4032.0,0.26841123900263475,0.2756962486874993,8.0,8.0,6400000.0
3.0,128.0,1.0,2.0,9.0,6.0,279.0,576.0,0.10115259004895938,0.10346957106453547,0.125,64.0,6400000.0
128.0,128.0,1.0,3.0,304.0,256.0,9634.0,24576.0,0.31986875776105517,0.32781337275744926,16.0,0.00390625,6400000.0
55.0,128.0,1.0,3.0,143.0,110.0,4371.0,10560.0,0.3130626006825695,0.32245199730833507,16.0,1.0,6400000.0
128.0,128.0,1.0,9.0,324.0,256.0,10019.0,24576.0,0.39461504696681304,0.41507750471768756,0.25,0.03125,6400000.0
128.0,128.0,1.0,4.0,309.0,256.0,9753.0,24576.0,0.34401775379835575,0.3546670166632665,8.0,0.03125,6400000.0
1.0,1.0,4.0,1.0,1.0,1.0,63.0,32.0,-0.0030632107251067353,-0.0017650185808415486,2048.0,512.0,6400000.0
1.0,128.0,1.0,1.0,1.0,1.0,35.0,32.0,-0.0030632107251067353,-0.0017650185808415486,16.0,256.0,6400000.0
1.0,128.0,1.0,1.0,1.0,1.0,35.0,32.0,-0.0030632107251067353,-0.0017650185808415486,0.125,16384.0,6400000.0
128.0,128.0,1.0,2.0,286.0,256.0,9387.0,24576.0,0.25902330951617614,0.27022517316974515,32.0,0.0,6400000.0
25.0,128.0,1.0,2.0,65.0,50.0,1987.0,4800.0,0.2508845036920214,0.2612119600426388,64.0,4.0,6400000.0
128.0,128.0,1.0,2.0,286.0,256.0,9387.0,24576.0,0.25902330951617614,0.27022517316974515,64.0,0.015625,6400000.0
59.0,128.0,1.0,2.0,142.0,118.0,4556.0,11328.0,0.25881035508149797,0.27079152769404335,32.0,0.125,6400000.0
8.0,128.0,1.0,2.0,22.0,16.0,654.0,1536.0,0.184803559555608,0.19082719424152972,32.0,32.0,6400000.0
1.0,128.0,1.0,1.0,1.0,1.0,35.0,32.0,-0.0030632107251067353,-0.0017650185808415486,0.25,2048.0,6400000.0
128.0,128.0,1.0,9.0,324.0,256.0,10019.0,24576.0,0.3946504423552465,0.41506553977459915,0.5,0.00390625,6400000.0
1.0,128.0,1.0,1.0,1.0,1.0,35.0,32.0,-0.0030632107251067353,-0.0017650185808415486,64.0,1024.0,6400000.0
1.0,1.0,1.0,1.0,1.0,1.0,35.0,32.0,-0.0030632107251067353,-0.0017650185808415486,0.0625,2048.0,6400000.0
1.0,128.0,1.0,1.0,1.0,1.0,35.0,32.0,-0.0030632107251067353,-0.0017650185808415486,32.0,8192.0,6400000.0
1.0,128.0,1.0,1.0,1.0,1.0,35.0,32.0,-0.0030632107251067353,-0.0017650185808415486,128.0,32768.0,6400000.0
1.0,128.0,1.0,1.0,1.0,1.0,35.0,32.0,-0.0030632107251067353,-0.0017650185808415486,128.0,0.5,6400000.0
1.0,1.0,4.0,1.0,1.0,1.0,63.0,32.0,-0.0030632107251067353,-0.0017650185808415486,4096.0,2048.0,6400000.0
1.0,128.0,1.0,1.0,1.0,1.0,35.0,32.0,-0.0030632107251067353,-0.0017650185808415486,512.0,256.0,6400000.0
128.0,128.0,1.0,9.0,319.0,256.0,9882.0,24576.0,0.3934154348043496,0.4144148193191123,0.5,1.0,6400000.0
1.0,128.0,1.0,1.0,1.0,1.0,35.0,32.0,-0.0030632107251067353,-0.0017650185808415486,128.0,0.00195312,6400000.0
1.0,128.0,1.0,1.0,1.0,1.0,35.0,32.0,-0.0030632107251067353,-0.0017650185808415486,128.0,128.0,6400000.0
22.0,128.0,1.0,3.0,61.0,44.0,1728.0,4224.0,0.27209781390772547,0.2796723898647334,0.25,8.0,6400000.0
1.0,128.0,1.0,1.0,1.0,1.0,35.0,32.0,-0.0030632107251067353,-0.0017650185808415486,0.5,256.0,6400000.0
1.0,128.0,1.0,1.0,1.0,1.0,35.0,32.0,-0.0030632107251067353,-0.0017650185808415486,256.0,0.0625,6400000.0
1.0,1.0,4.0,1.0,1.0,1.0,63.0,32.0,-0.0030632107251067353,-0.0017650185808415486,4096.0,0.00390625,6400000.0
128.0,128.0,1.0,9.0,324.0,256.0,10019.0,24576.0,0.3946445596134891,0.41506706732420573,1.0,0.0,6400000.0
128.0,128.0,1.0,9.0,320.0,256.0,9923.0,24576.0,0.39431605500691824,0.4151030356672024,1.0,0.125,6400000.0
1.0,128.0,1.0,1.0,1.0,1.0,35.0,32.0,-0.0030632107251067353,-0.0017650185808415486,1.0,8192.0,6400000.0
54.0,128.0,1.0,6.0,139.0,108.0,4253.0,10368.0,0.34377893735582843,0.3554020107931547,2.0,4.0,6400000.0
1.0,128.0,1.0,1.0,1.0,1.0,35.0,32.0,-0.0030632107251067353,-0.0017650185808415486,256.0,4096.0,6400000.0
1.0,1.0,4.0,1.0,1.0,1.0,63.0,32.0,-0.0030632107251067353,-0.0017650185808415486,2048.0,1.0,6400000.0
1.0,128.0,1.0,1.0,1.0,1.0,35.0,32.0,-0.0030632107251067353,-0.0017650185808415486,256.0,16.0,6400000.0
8.0,128.0,1.0,2.0,22.0,16.0,654.0,1536.0,0.184803559555608,0.19082719424152972,1.0,32.0,6400000.0
1.0,128.0,1.0,1.0,1.0,1.0,35.0,32.0,-0.0030632107251067353,-0.0017650185808415486,0.015625,256.0,6400000.0
128.0,128.0,1.0,9.0,324.0,256.0,10019.0,24576.0,0.39433131424304435,0.41512041810967126,2.0,0.015625,6400000.0
1.0,128.0,1.0,1.0,1.0,1.0,35.0,32.0,-0.0030632107251067353,-0.0017650185808415486,2.0,1024.0,6400000.0
128.0,128.0,1.0,9.0,323.0,256.0,9987.0,24576.0,0.39459518340042155,0.4151011102009654,0.03125,0.0,6400000.0
8.0,128.0,1.0,2.0,22.0,16.0,654.0,1536.0,0.184803559555608,0.19082719424152972,0.03125,32.0,6400000.0
128.0,128.0,1.0,6.0,318.0,256.0,9983.0,24576.0,0.37590501574767365,0.39611383603476547,4.0,0.00195312,6400000.0
1.0,128.0,1.0,1.0,1.0,1.0,35.0,32.0,-0.0030632107251067353,-0.0017650185808415486,0.03125,8192.0,6400000.0
128.0,128.0,1.0,9.0,321.0,256.0,9955.0,24576.0,0.3943908549787999,0.41507443152185497,0.03125,0.125,6400000.0
1.0,128.0,1.0,1.0,1.0,1.0,35.0,32.0,-0.0030632107251067353,-0.0017650185808415486,512.0,0.0078125,6400000.0
1.0,1.0,4.0,1.0,1.0,1.0,63.0,32.0,-0.0030632107251067353,-0.0017650185808415486,8192.0,0.015625,6400000.0
1.0,128.0,1.0,1.0,1.0,1.0,35.0,32.0,-0.0030632107251067353,-0.0017650185808415486,4.0,128.0,6400000.0
1.0,128.0,1.0,1.0,1.0,1.0,35.0,32.0,-0.0030632107251067353,-0.0017650185808415486,0.0625,1024.0,6400000.0
1.0,128.0,1.0,1.0,1.0,1.0,35.0,32.0,-0.0030632107251067353,-0.0017650185808415486,512.0,2.0,6400000.0
128.0,128.0,1.0,6.0,317.0,256.0,9949.0,24576.0,0.3758269113226178,0.3966852221877353,4.0,0.5,6400000.0
128.0,128.0,1.0,9.0,324.0,256.0,10019.0,24576.0,0.39472339824828917,0.4151598694806087,0.0625,0.015625,6400000.0
128.0,128.0,1.0,9.0,324.0,256.0,10019.0,24576.0,0.3946482079928898,0.4150660067471623,0.125,0.00195312,6400000.0
52.0,128.0,1.0,7.0,135.0,104.0,4084.0,9984.0,0.3374922504044793,0.3518439824697871,0.0625,4.0,6400000.0
1.0,1.0,4.0,1.0,1.0,1.0,63.0,32.0,-0.0030632107251067353,-0.0017650185808415486,4096.0,4.0,6400000.0
128.0,128.0,1.0,9.0,319.0,256.0,9915.0,24576.0,0.39404277408530364,0.41342154816500476,0.125,0.5,6400000.0
1.0,128.0,1.0,1.0,1.0,1.0,35.0,32.0,-0.0030632107251067353,-0.0017650185808415486,4.0,32768.0,6400000.0
1.0,128.0,1.0,1.0,1.0,1.0,35.0,32.0,-0.0030632107251067353,-0.0017650185808415486,8.0,4096.0,6400000.0
11.0,128.0,1.0,2.0,30.0,22.0,860.0,2112.0,0.211815897449531,0.21820531799146736,8.0,16.0,6400000.0
1.0,128.0,1.0,1.0,1.0,1.0,35.0,32.0,-0.0030632107251067353,-0.0017650185808415486,0.125,128.0,6400000.0
128.0,128.0,1.0,4.0,308.0,256.0,9721.0,24576.0,0.3438528404891643,0.3547137479776119,8.0,0.0625,6400000.0
128.0,128.0,1.0,3.0,304.0,256.0,9634.0,24576.0,0.31999846809728894,0.3277484618058094,16.0,0.0078125,6400000.0
43.0,128.0,1.0,3.0,114.0,86.0,3452.0,8256.0,0.3074473766207483,0.3169332924081464,16.0,2.0,6400000.0
128.0,128.0,1.0,9.0,323.0,256.0,10017.0,24576.0,0.3942511108877559,0.4151052252761287,0.25,0.0625,6400000.0
1.0,128.0,1.0,1.0,1.0,1.0,35.0,32.0,-0.0030632107251067353,-0.0017650185808415486,0.125,32768.0,6400000.0
1.0,1.0,4.0,1.0,1.0,1.0,63.0,32.0,-0.0030632107251067353,-0.0017650185808415486,2048.0,1024.0,6400000.0
1.0,128.0,1.0,1.0,1.0,1.0,35.0,32.0,-0.0030632107251067353,-0.0017650185808415486,16.0,512.0,6400000.0
128.0,128.0,1.0,2.0,286.0,256.0,9387.0,24576.0,0.25902330951617614,0.27022517316974515,32.0,0.000976562,6400000.0
49.0,128.0,1.0,2.0,120.0,98.0,3802.0,9408.0,0.25814803654378304,0.27018509884981423,32.0,0.25,6400000.0
16.0,128.0,1.0,2.0,45.0,32.0,1309.0,3072.0,0.23561062474946082,0.24274222107689147,64.0,8.0,6400000.0
1.0,1.0,1.0,1.0,1.0,1.0,35.0,32.0,-0.0030632107251067353,-0.0017650185808415486,0.0625,4096.0,6400000.0
1.0,128.0,1.0,1.0,1.0,1.0,35.0,32.0,-0.0030632107251067353,-0.0017650185808415486,0.25,4096.0,6400000.0
1.0,128.0,1.0,1.0,1.0,1.0,35.0,32.0,-0.0030632107251067353,-0.0017650185808415486,64.0,2048.0,6400000.0
128.0,128.0,1.0,9.0,324.0,256.0,10019.0,24576.0,0.3946504423552465,0.41506553977459915,0.5,0.0078125,6400000.0
86.0,128.0,1.0,2.0,200.0,172.0,6487.0,16512.0,0.25920215608368513,0.27061844027369064,64.0,0.03125,6400000.0
3.0,128.0,1.0,2.0,9.0,6.0,279.0,576.0,0.10115259004895938,0.10346957106453547,32.0,64.0,6400000.0
1.0,1.0,4.0,1.0,1.0,1.0,63.0,32.0,-0.0030632107251067353,-0.0017650185808415486,4096.0,4096.0,6400000.0
1.0,128.0,1.0,1.0,1.0,1.0,35.0,32.0,-0.0030632107251067353,-0.0017650185808415486,32.0,16384.0,6400000.0
1.0,128.0,1.0,1.0,1.0,1.0,35.0,32.0,-0.0030632107251067353,-0.0017650185808415486,256.0,0.0,6400000.0
1.0,128.0,1.0,1.0,1.0,1.0,35.0,32.0,-0.0030632107251067353,-0.0017650185808415486,128.0,0.00390625,6400000.0
103.0,128.0,1.0,9.0,256.0,206.0,7949.0,19776.0,0.3803538018857049,0.3988111381644802,0.5,2.0,6400000.0
1.0,128.0,1.0,1.0,1.0,1.0,35.0,32.0,-0.0030632107251067353,-0.0017650185808415486,128.0,1.0,6400000.0
1.0,128.0,1.0,1.0,1.0,1.0,35.0,32.0,-0.0030632107251067353,-0.0017650185808415486,512.0,512.0,6400000.0
12.0,128.0,1.0,3.0,33.0,24.0,937.0,2304.0,0.22058073034453196,0.22746378695664926,0.25,16.0,6400000.0
1.0,128.0,1.0,1.0,1.0,1.0,35.0,32.0,-0.0030632107251067353,-0.0017650185808415486,128.0,256.0,6400000.0
1.0,128.0,1.0,1.0,1.0,1.0,35.0,32.0,-0.0030632107251067353,-0.0017650185808415486,0.5,512.0,6400000.0
1.0,128.0,1.0,1.0,1.0,1.0,35.0,32.0,-0.0030632107251067353,-0.0017650185808415486,256.0,0.125,6400000.0
128.0,128.0,1.0,9.0,324.0,256.0,10019.0,24576.0,0.39464459869093604,0.4150671046533003,1.0,0.000976562,6400000.0
1.0,128.0,1.0,1.0,1.0,1.0,35.0,32.0,-0.0030632107251067353,-0.0017650185808415486,1.0,16384.0,6400000.0
1.0,1.0,4.0,1.0,1.0,1.0,63.0,32.0,-0.0030632107251067353,-0.0017650185808415486,4096.0,0.0078125,6400000.0
128.0,128.0,1.0,9.0,320.0,256.0,9916.0,24576.0,0.39433309990214527,0.41489019796162663,1.0,0.25,6400000.0
22.0,128.0,1.0,3.0,61.0,44.0,1728.0,4224.0,0.2720957992971804,0.2796722811129766,2.0,8.0,6400000.0
1.0,128.0,1.0,1.0,1.0,1.0,35.0,32.0,-0.0030632107251067353,-0.0017650185808415486,256.0,8192.0,6400000.0
1.0,1.0,4.0,1.0,1.0,1.0,63.0,32.0,-0.0030632107251067353,-0.0017650185808415486,2048.0,2.0,6400000.0
1.0,128.0,1.0,1.0,1.0,1.0,35.0,32.0,-0.0030632107251067353,-0.0017650185808415486,256.0,32.0,6400000.0
1.0,128.0,1.0,1.0,1.0,1.0,35.0,32.0,-0.0030632107251067353,-0.0017650185808415486,0.015625,512.0,6400000.0
128.0,128.0,1.0,9.0,322.0,256.0,9977.0,24576.0,0.3940407491540261,0.4153233561387496,2.0,0.03125,6400000.0
3.0,128.0,1.0,2.0,9.0,6.0,279.0,576.0,0.10115259004895938,0.10346957106453547,1.0,64.0,6400000.0
1.0,128.0,1.0,1.0,1.0,1.0,35.0,32.0,-0.0030632107251067353,-0.0017650185808415486,2.0,2048.0,6400000.0
128.0,128.0,1.0,9.0,323.0,256.0,9987.0,24576.0,0.3945950830511845,0.4151011413237675,0.03125,0.000976562,6400000.0
128.0,128.0,1.0,9.0,322.0,256.0,9948.0,24576.0,0.3944896530788995,0.4155493935222201,0.03125,0.25,6400000.0
128.0,128.0,1.0,6.0,318.0,256.0,9983.0,24576.0,0.3759063840082755,0.39611406724662623,4.0,0.00390625,6400000.0
3.0,128.0,1.0,2.0,9.0,6.0,279.0,576.0,0.10115259004895938,0.10346957106453547,0.03125,64.0,6400000.0
1.0,128.0,1.0,1.0,1.0,1.0,35.0,32.0,-0.0030632107251067353,-0.0017650185808415486,4.0,256.0,6400000.0
1.0,128.0,1.0,1.0,1.0,1.0,35.0,32.0,-0.0030632107251067353,-0.0017650185808415486,512.0,4.0,6400000.0
1.0,128.0,1.0,1.0,1.0,1.0,35.0,32.0,-0.0030632107251067353,-0.0017650185808415486,0.0625,2048.0,6400000.0
1.0,128.0,1.0,1.0,1.0,1.0,35.0,32.0,-0.0030632107251067353,-0.0017650185808415486,512.0,0.015625,6400000.0
1.0,1.0,4.0,1.0,1.0,1.0,63.0,32.0,-0.0030632107251067353,-0.0017650185808415486,8192.0,0.03125,6400000.0
1.0,128.0,1.0,1.0,1.0,1.0,35.0,32.0,-0.0030632107251067353,-0.0017650185808415486,0.03125,16384.0,6400000.0
97.0,128.0,1.0,6.0,248.0,194.0,7686.0,18624.0,0.36886818893375495,0.387855297907309,4.0,1.0,6400000.0
128.0,128.0,1.0,9.0,324.0,256.0,10019.0,24576.0,0.3946482079928898,0.4150660067471623,0.125,0.00390625,6400000.0
22.0,128.0,1.0,3.0,61.0,44.0,1728.0,4224.0,0.27209781390772547,0.2796723898647334,0.0625,8.0,6400000.0
128.0,128.0,1.0,9.0,324.0,256.0,10019.0,24576.0,0.39460812337842566,0.41507973424511335,0.0625,0.03125,6400000.0
1.0,1.0,4.0,1.0,1.0,1.0,63.0,32.0,-0.0030632107251067353,-0.0017650185808415486,4096.0,8.0,6400000.0
128.0,128.0,1.0,9.0,318.0,256.0,9846.0,24576.0,0.3935218975121193,0.4144230466551849,0.125,1.0,6400000.0
128.0,128.0,1.0,4.0,309.0,256.0,9753.0,24576.0,0.3440643431800222,0.3548291174563484,8.0,0.0,6400000.0
8.0,128.0,1.0,2.0,22.0,16.0,654.0,1536.0,0.184803559555608,0.19082719424152972,8.0,32.0,6400000.0
1.0,128.0,1.0,1.0,1.0,1.0,35.0,32.0,-0.0030632107251067353,-0.0017650185808415486,8.0,8192.0,6400000.0
128.0,128.0,1.0,4.0,307.0,256.0,9689.0,24576.0,0.3444707851053187,0.3546433612502544,8.0,0.125,6400000.0
1.0,128.0,1.0,1.0,1.0,1.0,35.0,32.0,-0.0030632107251067353,-0.0017650185808415486,0.125,256.0,6400000.0
128.0,128.0,1.0,3.0,303.0,256.0,9602.0,24576.0,0.3199069754402123,0.32766812107932175,16.0,0.015625,6400000.0
25.0,128.0,1.0,2.0,65.0,50.0,1987.0,4800.0,0.2508845036920214,0.2612119600426388,16.0,4.0,6400000.0
128.0,128.0,1.0,9.0,321.0,256.0,9955.0,24576.0,0.3943950130911381,0.4150716295976151,0.25,0.125,6400000.0
1.0,1.0,4.0,1.0,1.0,1.0,63.0,32.0,-0.0030632107251067353,-0.0017650185808415486,2048.0,2048.0,6400000.0
128.0,128.0,1.0,9.0,324.0,256.0,10019.0,24576.0,0.39464941837353074,0.4150651203188357,0.25,0.0,6400000.0
1.0,128.0,1.0,1.0,1.0,1.0,35.0,32.0,-0.0030632107251067353,-0.0017650185808415486,16.0,1024.0,6400000.0
128.0,128.0,1.0,2.0,286.0,256.0,9387.0,24576.0,0.25902330951617614,0.27022517316974515,32.0,0.00195312,6400000.0
1.0,1.0,1.0,1.0,1.0,1.0,35.0,32.0,-0.0030632107251067353,-0.0017650185808415486,0.0625,8192.0,6400000.0
45.0,128.0,1.0,2.0,111.0,90.0,3494.0,8640.0,0.2576096405165842,0.269624389420246,32.0,0.5,6400000.0
1.0,128.0,1.0,1.0,1.0,1.0,35.0,32.0,-0.0030632107251067353,-0.0017650185808415486,0.25,8192.0,6400000.0
11.0,128.0,1.0,2.0,30.0,22.0,860.0,2112.0,0.211815897449531,0.21820531799146736,64.0,16.0,6400000.0
1.0,128.0,1.0,1.0,1.0,1.0,35.0,32.0,-0.0030632107251067353,-0.0017650185808415486,64.0,4096.0,6400000.0
128.0,128.0,1.0,9.0,324.0,256.0,10019.0,24576.0,0.3946457118380351,0.4150726126047962,0.5,0.015625,6400000.0
70.0,128.0,1.0,2.0,165.0,140.0,5318.0,13440.0,0.2591075582209761,0.2707474824455458,64.0,0.0625,6400000.0
1.0,1.0,4.0,1.0,1.0,1.0,63.0,32.0,-0.0030632107251067353,-0.0017650185808415486,4096.0,8192.0,6400000.0
1.0,128.0,1.0,1.0,1.0,1.0,35.0,32.0,-0.0030632107251067353,-0.0017650185808415486,32.0,128.0,6400000.0
54.0,128.0,1.0,6.0,139.0,108.0,4253.0,10368.0,0.3437770914346123,0.3554259991436397,0.5,4.0,6400000.0
1.0,128.0,1.0,1.0,1.0,1.0,35.0,32.0,-0.0030632107251067353,-0.0017650185808415486,256.0,0.000976562,6400000.0
1.0,128.0,1.0,1.0,1.0,1.0,35.0,32.0,-0.0030632107251067353,-0.0017650185808415486,128.0,2.0,6400000.0
1.0,128.0,1.0,1.0,1.0,1.0,35.0,32.0,-0.0030632107251067353,-0.0017650185808415486,32.0,32768.0,6400000.0
8.0,128.0,1.0,2.0,22.0,16.0,654.0,1536.0,0.184803559555608,0.19082719424152972,0.25,32.0,6400000.0
1.0,128.0,1.0,1.0,1.0,1.0,35.0,32.0,-0.0030632107251067353,-0.0017650185808415486,512.0,1024.0,6400000.0
1.0,128.0,1.0,1.0,1.0,1.0,35.0,32.0,-0.0030632107251067353,-0.0017650185808415486,128.0,0.0078125,6400000.0
1.0,128.0,1.0,1.0,1.0,1.0,35.0,32.0,-0.0030632107251067353,-0.0017650185808415486,128.0,512.0,6400000.0
128.0,128.0,1.0,9.0,324.0,256.0,10019.0,24576.0,0.39464449777901867,0.41506713532272266,1.0,0.00195312,6400000.0
1.0,128.0,1.0,1.0,1.0,1.0,35.0,32.0,-0.0030632107251067353,-0.0017650185808415486,0.5,1024.0,6400000.0
1.0,128.0,1.0,1.0,1.0,1.0,35.0,32.0,-0.0030632107251067353,-0.0017650185808415486,1.0,32768.0,6400000.0
1.0,1.0,4.0,1.0,1.0,1.0,63.0,32.0,-0.0030632107251067353,-0.0017650185808415486,4096.0,0.015625,6400000.0
128.0,128.0,1.0,9.0,319.0,256.0,9915.0,24576.0,0.39371144430075955,0.41351021043288205,1.0,0.5,6400000.0
1.0,128.0,1.0,1.0,1.0,1.0,35.0,32.0,-0.0030632107251067353,-0.0017650185808415486,256.0,0.25,6400000.0
12.0,128.0,1.0,3.0,33.0,24.0,937.0,2304.0,0.22058008498100445,0.22746552742711335,2.0,16.0,6400000.0
1.0,1.0,4.0,1.0,1.0,1.0,63.0,32.0,-0.0030632107251067353,-0.0017650185808415486,2048.0,4.0,6400000.0
1.0,128.0,1.0,1.0,1.0,1.0,35.0,32.0,-0.0030632107251067353,-0.0017650185808415486,256.0,16384.0,6400000.0
1.0,128.0,1.0,1.0,1.0,1.0,35.0,32.0,-0.0030632107251067353,-0.0017650185808415486,256.0,64.0,6400000.0
1.0,128.0,1.0,1.0,1.0,1.0,35.0,32.0,-0.0030632107251067353,-0.0017650185808415486,0.015625,1024.0,6400000.0
1.0,128.0,1.0,1.0,1.0,1.0,35.0,32.0,-0.0030632107251067353,-0.0017650185808415486,2.0,4096.0,6400000.0
128.0,128.0,1.0,9.0,322.0,256.0,9977.0,24576.0,0.39400696863816653,0.41499148572320077,2.0,0.0625,6400000.0
1.0,128.0,1.0,1.0,1.0,1.0,35.0,32.0,-0.0030632107251067353,-0.0017650185808415486,1.0,128.0,6400000.0
128.0,128.0,1.0,9.0,319.0,256.0,9915.0,24576.0,0.39403754055212004,0.4134268377881285,0.03125,0.5,6400000.0
128.0,128.0,1.0,6.0,318.0,256.0,9983.0,24576.0,0.3759047743726187,0.396113475824998,4.0,0.0078125,6400000.0
1.0,128.0,1.0,1.0,1.0,1.0,35.0,32.0,-0.0030632107251067353,-0.0017650185808415486,4.0,512.0,6400000.0
128.0,128.0,1.0,9.0,323.0,256.0,9987.0,24576.0,0.3945950830511845,0.4151011413237675,0.03125,0.00195312,6400000.0
1.0,128.0,1.0,1.0,1.0,1.0,35.0,32.0,-0.0030632107251067353,-0.0017650185808415486,0.03125,32768.0,6400000.0
1.0,128.0,1.0,1.0,1.0,1.0,35.0,32.0,-0.0030632107251067353,-0.0017650185808415486,512.0,8.0,6400000.0
1.0,1.0,4.0,1.0,1.0,1.0,63.0,32.0,-0.0030632107251067353,-0.0017650185808415486,8192.0,0.0625,6400000.0
1.0,128.0,1.0,1.0,1.0,1.0,35.0,32.0,-0.0030632107251067353,-0.0017650185808415486,0.03125,128.0,6400000.0
76.0,128.0,1.0,6.0,192.0,152.0,5951.0,14592.0,0.35925098196876004,0.375931486213435,4.0,2.0,6400000.0
1.0,128.0,1.0,1.0,1.0,1.0,35.0,32.0,-0.0030632107251067353,-0.0017650185808415486,0.0625,4096.0,6400000.0
128.0,128.0,1.0,9.0,324.0,256.0,10019.0,24576.0,0.3946482128587041,0.41506601117399755,0.125,0.0078125,6400000.0
1.0,128.0,1.0,1.0,1.0,1.0,35.0,32.0,-0.0030632107251067353,-0.0017650185808415486,512.0,0.03125,6400000.0
128.0,128.0,1.0,9.0,323.0,256.0,10017.0,24576.0,0.3942451885678673,0.4151081358774349,0.0625,0.0625,6400000.0
1.0,1.0,4.0,1.0,1.0,1.0,63.0,32.0,-0.0030632107251067353,-0.0017650185808415486,4096.0,16.0,6400000.0
103.0,128.0,1.0,9.0,256.0,206.0,7949.0,19776.0,0.37995277733715227,0.39868370328223646,0.125,2.0,6400000.0
128.0,128.0,1.0,4.0,309.0,256.0,9753.0,24576.0,0.3440632156101494,0.35482847650562765,8.0,0.000976562,6400000.0
12.0,128.0,1.0,3.0,33.0,24.0,937.0,2304.0,0.22058073034453196,0.22746378695664926,0.0625,16.0,6400000.0
96.0,128.0,1.0,3.0,230.0,192.0,7256.0,18432.0,0.3204596799856244,0.32775447012978687,8.0,0.25,6400000.0
3.0,128.0,1.0,2.0,9.0,6.0,279.0,576.0,0.10115259004895938,0.10346957106453547,8.0,64.0,6400000.0
1.0,128.0,1.0,1.0,1.0,1.0,35.0,32.0,-0.0030632107251067353,-0.0017650185808415486,8.0,16384.0,6400000.0
16.0,128.0,1.0,2.0,45.0,32.0,1309.0,3072.0,0.23561062474946082,0.24274222107689147,16.0,8.0,6400000.0
1.0,128.0,1.0,1.0,1.0,1.0,35.0,32.0,-0.0030632107251067353,-0.0017650185808415486,0.125,512.0,6400000.0
128.0,128.0,1.0,3.0,303.0,256.0,9602.0,24576.0,0.3199075278057929,0.3276692488166406,16.0,0.03125,6400000.0
128.0,128.0,1.0,9.0,320.0,256.0,9916.0,24576.0,0.39404054204606076,0.4146940488048806,0.25,0.25,6400000.0
128.0,128.0,1.0,9.0,324.0,256.0,10019.0,24576.0,0.39464945751493696,0.41506515773836894,0.25,0.000976562,6400000.0
1.0,1.0,4.0,1.0,1.0,1.0,63.0,32.0,-0.0030632107251067353,-0.0017650185808415486,2048.0,4096.0,6400000.0
1.0,128.0,1.0,1.0,1.0,1.0,35.0,32.0,-0.0030632107251067353,-0.0017650185808415486,16.0,2048.0,6400000.0
128.0,128.0,1.0,2.0,286.0,256.0,9387.0,24576.0,0.25902330951617614,0.27022517316974515,32.0,0.00390625,6400000.0
1.0,128.0,1.0,1.0,1.0,1.0,35.0,32.0,-0.0030632107251067353,-0.0017650185808415486,64.0,8192.0,6400000.0
32.0,128.0,1.0,2.0,82.0,64.0,2561.0,6144.0,0.25375401307087353,0.2660820235119521,32.0,1.0,6400000.0
1.0,1.0,1.0,1.0,1.0,1.0,35.0,32.0,-0.0030632107251067353,-0.0017650185808415486,0.0625,16384.0,6400000.0
59.0,128.0,1.0,2.0,142.0,118.0,4556.0,11328.0,0.25881035508149797,0.27079152769404335,64.0,0.125,6400000.0
8.0,128.0,1.0,2.0,22.0,16.0,654.0,1536.0,0.184803559555608,0.19082719424152972,64.0,32.0,6400000.0
1.0,128.0,1.0,1.0,1.0,1.0,35.0,32.0,-0.0030632107251067353,-0.0017650185808415486,0.25,16384.0,6400000.0
128.0,128.0,1.0,9.0,324.0,256.0,10019.0,24576.0,0.3946159323748957,0.4150781211872765,0.5,0.03125,6400000.0
1.0,128.0,1.0,1.0,1.0,1.0,35.0,32.0,-0.0030632107251067353,-0.0017650185808415486,32.0,256.0,6400000.0
1.0,1.0,4.0,1.0,1.0,1.0,63.0,32.0,-0.0030632107251067353,-0.0017650185808415486,4096.0,16384.0,6400000.0
1.0,128.0,1.0,1.0,1.0,1.0,35.0,32.0,-0.0030632107251067353,-0.0017650185808415486,512.0,2048.0,6400000.0
22.0,128.0,1.0,3.0,61.0,44.0,1728.0,4224.0,0.27209781390772547,0.2796723898647334,0.5,8.0,6400000.0
3.0,128.0,1.0,2.0,9.0,6.0,279.0,576.0,0.10115259004895938,0.10346957106453547,0.25,64.0,6400000.0
1.0,128.0,1.0,1.0,1.0,1.0,35.0,32.0,-0.0030632107251067353,-0.0017650185808415486,128.0,4.0,6400000.0
1.0,128.0,1.0,1.0,1.0,1.0,35.0,32.0,-0.0030632107251067353,-0.0017650185808415486,256.0,0.00195312,6400000.0
128.0,128.0,1.0,9.0,324.0,256.0,10019.0,24576.0,0.39464449777901867,0.41506713532272266,1.0,0.00390625,6400000.0
1.0,128.0,1.0,1.0,1.0,1.0,35.0,32.0,-0.0030632107251067353,-0.0017650185808415486,128.0,1024.0,6400000.0
1.0,128.0,1.0,1.0,1.0,1.0,35.0,32.0,-0.0030632107251067353,-0.0017650185808415486,128.0,0.015625,6400000.0
128.0,128.0,1.0,2.0,286.0,256.0,9387.0,24576.0,0.25902330951617614,0.27022517316974515,64.0,0.0,6400000.0
128.0,128.0,1.0,9.0,323.0,256.0,9979.0,24576.0,0.3941821038932112,0.4147774908053127,2.0,0.0,6400000.0
128.0,128.0,1.0,9.0,319.0,256.0,9882.0,24576.0,0.3934167581597816,0.4144152648587368,1.0,1.0,6400000.0
1.0,128.0,1.0,1.0,1.0,1.0,35.0,32.0,-0.0030632107251067353,-0.0017650185808415486,0.5,2048.0,6400000.0
1.0,1.0,4.0,1.0,1.0,1.0,63.0,32.0,-0.0030632107251067353,-0.0017650185808415486,4096.0,0.03125,6400000.0
8.0,128.0,1.0,2.0,22.0,16.0,654.0,1536.0,0.184803559555608,0.19082719424152972,2.0,32.0,6400000.0
1.0,128.0,1.0,1.0,1.0,1.0,35.0,32.0,-0.0030632107251067353,-0.0017650185808415486,256.0,0.5,6400000.0
1.0,128.0,1.0,1.0,1.0,1.0,35.0,32.0,-0.0030632107251067353,-0.0017650185808415486,256.0,32768.0,6400000.0
1.0,1.0,4.0,1.0,1.0,1.0,63.0,32.0,-0.0030632107251067353,-0.0017650185808415486,2048.0,8.0,6400000.0
1.0,128.0,1.0,1.0,1.0,1.0,35.0,32.0,-0.0030632107251067353,-0.0017650185808415486,0.015625,2048.0,6400000.0
1.0,128.0,1.0,1.0,1.0,1.0,35.0,32.0,-0.0030632107251067353,-0.0017650185808415486,256.0,128.0,6400000.0
1.0,128.0,1.0,1.0,1.0,1.0,35.0,32.0,-0.0030632107251067353,-0.0017650185808415486,2.0,8192.0,6400000.0
128.0,128.0,1.0,9.0,321.0,256.0,9947.0,24576.0,0.39415770751839463,0.41496317927651083,2.0,0.125,6400000.0
128.0,128.0,1.0,6.0,318.0,256.0,9983.0,24576.0,0.375904146445451,0.39611167262976343,4.0,0.015625,6400000.0
128.0,128.0,1.0,9.0,318.0,256.0,9846.0,24576.0,0.3935240470812994,0.41442478395835647,0.03125,1.0,6400000.0
1.0,128.0,1.0,1.0,1.0,1.0,35.0,32.0,-0.0030632107251067353,-0.0017650185808415486,4.0,1024.0,6400000.0
1.0,128.0,1.0,1.0,1.0,1.0,35.0,32.0,-0.0030632107251067353,-0.0017650185808415486,1.0,256.0,6400000.0
1.0,1.0,4.0,1.0,1.0,1.0,63.0,32.0,-0.0030632107251067353,-0.0017650185808415486,8192.0,0.125,6400000.0
128.0,128.0,1.0,9.0,323.0,256.0,9987.0,24576.0,0.39459512795963625,0.415101181988087,0.03125,0.00390625,6400000.0
33.0,128.0,1.0,3.0,90.0,66.0,2615.0,6336.0,0.2975518340950938,0.3062163393205386,4.0,4.0,6400000.0
128.0,128.0,1.0,9.0,323.0,256.0,9987.0,24576.0,0.3945954689639336,0.4151015281078,0.0625,0.0,6400000.0
1.0,128.0,1.0,1.0,1.0,1.0,35.0,32.0,-0.0030632107251067353,-0.0017650185808415486,512.0,0.0625,6400000.0
1.0,128.0,1.0,1.0,1.0,1.0,35.0,32.0,-0.0030632107251067353,-0.0017650185808415486,0.0625,8192.0,6400000.0
1.0,128.0,1.0,1.0,1.0,1.0,35.0,32.0,-0.0030632107251067353,-0.0017650185808415486,512.0,16.0,6400000.0
128.0,128.0,1.0,9.0,324.0,256.0,10019.0,24576.0,0.39464441000405304,0.4150732552514209,0.125,0.015625,6400000.0
1.0,128.0,1.0,1.0,1.0,1.0,35.0,32.0,-0.0030632107251067353,-0.0017650185808415486,0.03125,256.0,6400000.0
128.0,128.0,1.0,9.0,321.0,256.0,9955.0,24576.0,0.3943904045117884,0.41507433409539707,0.0625,0.125,6400000.0
128.0,128.0,1.0,4.0,309.0,256.0,9753.0,24576.0,0.3440632156101494,0.35482847650562765,8.0,0.00195312,6400000.0
1.0,1.0,4.0,1.0,1.0,1.0,63.0,32.0,-0.0030632107251067353,-0.0017650185808415486,4096.0,32.0,6400000.0
8.0,128.0,1.0,2.0,22.0,16.0,654.0,1536.0,0.184803559555608,0.19082719424152972,0.0625,32.0,6400000.0
93.0,128.0,1.0,3.0,223.0,186.0,7051.0,17856.0,0.32032633577750613,0.32751658150271046,8.0,0.5,6400000.0
1.0,128.0,1.0,1.0,1.0,1.0,35.0,32.0,-0.0030632107251067353,-0.0017650185808415486,8.0,128.0,6400000.0
1.0,128.0,1.0,1.0,1.0,1.0,35.0,32.0,-0.0030632107251067353,-0.0017650185808415486,8.0,32768.0,6400000.0
57.0,128.0,1.0,7.0,146.0,114.0,4460.0,10944.0,0.34698836344449757,0.3603774563118617,0.125,4.0,6400000.0
11.0,128.0,1.0,2.0,30.0,22.0,860.0,2112.0,0.211815897449531,0.21820531799146736,16.0,16.0,6400000.0
1.0,128.0,1.0,1.0,1.0,1.0,35.0,32.0,-0.0030632107251067353,-0.0017650185808415486,0.125,1024.0,6400000.0
128.0,128.0,1.0,9.0,319.0,256.0,9915.0,24576.0,0.39371692678848125,0.41349362787747734,0.25,0.5,6400000.0
128.0,128.0,1.0,3.0,303.0,256.0,9602.0,24576.0,0.31988645397240334,0.32764066662366176,16.0,0.0625,6400000.0
128.0,128.0,1.0,2.0,286.0,256.0,9387.0,24576.0,0.25902330951617614,0.27022517316974515,32.0,0.0078125,6400000.0
1.0,128.0,1.0,1.0,1.0,1.0,35.0,32.0,-0.0030632107251067353,-0.0017650185808415486,16.0,4096.0,6400000.0
49.0,128.0,1.0,2.0,120.0,98.0,3802.0,9408.0,0.25814803654378304,0.27018509884981423,64.0,0.25,6400000.0
128.0,128.0,1.0,9.0,324.0,256.0,10019.0,24576.0,0.39464945751493696,0.41506515773836894,0.25,0.00195312,6400000.0
1.0,1.0,1.0,1.0,1.0,1.0,35.0,32.0,-0.0030632107251067353,-0.0017650185808415486,0.0625,32768.0,6400000.0
1.0,128.0,1.0,1.0,1.0,1.0,35.0,32.0,-0.0030632107251067353,-0.0017650185808415486,64.0,16384.0,6400000.0
1.0,128.0,1.0,1.0,1.0,1.0,35.0,32.0,-0.0030632107251067353,-0.0017650185808415486,0.25,32768.0,6400000.0
1.0,128.0,1.0,1.0,1.0,1.0,35.0,32.0,-0.0030632107251067353,-0.0017650185808415486,64.0,64.0,6400000.0
1.0,1.0,4.0,1.0,1.0,1.0,63.0,32.0,-0.0030632107251067353,-0.0017650185808415486,2048.0,8192.0,6400000.0
1.0,1.0,4.0,1.0,1.0,1.0,63.0,32.0,-0.0030632107251067353,-0.0017650185808415486,4096.0,32768.0,6400000.0
26.0,128.0,1.0,2.0,68.0,52.0,2088.0,4992.0,0.25099273326546023,0.26215306003732575,32.0,2.0,6400000.0
12.0,128.0,1.0,3.0,33.0,24.0,937.0,2304.0,0.22058073034453196,0.22746378695664926,0.5,16.0,6400000.0
1.0,128.0,1.0,1.0,1.0,1.0,35.0,32.0,-0.0030632107251067353,-0.0017650185808415486,0.25,128.0,6400000.0
1.0,128.0,1.0,1.0,1.0,1.0,35.0,32.0,-0.0030632107251067353,-0.0017650185808415486,512.0,4096.0,6400000.0
1.0,128.0,1.0,1.0,1.0,1.0,35.0,32.0,-0.0030632107251067353,-0.0017650185808415486,256.0,0.00390625,6400000.0
1.0,128.0,1.0,1.0,1.0,1.0,35.0,32.0,-0.0030632107251067353,-0.0017650185808415486,128.0,2048.0,6400000.0
1.0,128.0,1.0,1.0,1.0,1.0,35.0,32.0,-0.0030632107251067353,-0.0017650185808415486,32.0,512.0,6400000.0
128.0,128.0,1.0,9.0,323.0,256.0,10017.0,24576.0,0.39425233665908355,0.4151060316965218,0.5,0.0625,6400000.0
1.0,128.0,1.0,1.0,1.0,1.0,35.0,32.0,-0.0030632107251067353,-0.0017650185808415486,128.0,8.0,6400000.0
1.0,128.0,1.0,1.0,1.0,1.0,35.0,32.0,-0.0030632107251067353,-0.0017650185808415486,128.0,0.03125,6400000.0
128.0,128.0,1.0,9.0,324.0,256.0,10019.0,24576.0,0.39463823350119587,0.41507335806968604,1.0,0.0078125,6400000.0
128.0,128.0,1.0,2.0,286.0,256.0,9387.0,24576.0,0.25902330951617614,0.27022517316974515,64.0,0.000976562,6400000.0
128.0,128.0,1.0,9.0,326.0,256.0,10050.0,24576.0,0.39449622467965684,0.4158154715852397,2.0,0.000976562,6400000.0
1.0,128.0,1.0,1.0,1.0,1.0,35.0,32.0,-0.0030632107251067353,-0.0017650185808415486,0.5,4096.0,6400000.0
3.0,128.0,1.0,2.0,9.0,6.0,279.0,576.0,0.10115259004895938,0.10346957106453547,2.0,64.0,6400000.0
1.0,128.0,1.0,1.0,1.0,1.0,35.0,32.0,-0.0030632107251067353,-0.0017650185808415486,256.0,1.0,6400000.0
103.0,128.0,1.0,9.0,256.0,206.0,7949.0,19776.0,0.38035362553060204,0.3988111961254668,1.0,2.0,6400000.0
1.0,1.0,4.0,1.0,1.0,1.0,63.0,32.0,-0.0030632107251067353,-0.0017650185808415486,4096.0,0.0625,6400000.0
1.0,128.0,1.0,1.0,1.0,1.0,35.0,32.0,-0.0030632107251067353,-0.0017650185808415486,512.0,0.0,6400000.0
1.0,1.0,4.0,1.0,1.0,1.0,63.0,32.0,-0.0030632107251067353,-0.0017650185808415486,2048.0,16.0,6400000.0
1.0,128.0,1.0,1.0,1.0,1.0,35.0,32.0,-0.0030632107251067353,-0.0017650185808415486,0.015625,4096.0,6400000.0
1.0,128.0,1.0,1.0,1.0,1.0,35.0,32.0,-0.0030632107251067353,-0.0017650185808415486,256.0,256.0,6400000.0
128.0,128.0,1.0,9.0,320.0,256.0,9915.0,24576.0,0.3938996720462652,0.41445513014164714,2.0,0.25,6400000.0
1.0,128.0,1.0,1.0,1.0,1.0,35.0,32.0,-0.0030632107251067353,-0.0017650185808415486,2.0,16384.0,6400000.0
128.0,128.0,1.0,6.0,318.0,256.0,9983.0,24576.0,0.3758922576503182,0.39610540172235453,4.0,0.03125,6400000.0
105.0,128.0,1.0,9.0,260.0,210.0,8087.0,20160.0,0.3803966208446643,0.39981697905848823,0.03125,2.0,6400000.0
1.0,1.0,4.0,1.0,1.0,1.0,63.0,32.0,-0.0030632107251067353,-0.0017650185808415486,8192.0,0.25,6400000.0
1.0,128.0,1.0,1.0,1.0,1.0,35.0,32.0,-0.0030632107251067353,-0.0017650185808415486,4.0,2048.0,6400000.0
128.0,128.0,1.0,9.0,323.0,256.0,9987.0,24576.0,0.39459512795963625,0.415101181988087,0.03125,0.0078125,6400000.0
1.0,128.0,1.0,1.0,1.0,1.0,35.0,32.0,-0.0030632107251067353,-0.0017650185808415486,1.0,512.0,6400000.0
1.0,128.0,1.0,1.0,1.0,1.0,35.0,32.0,-0.0030632107251067353,-0.0017650185808415486,512.0,0.125,6400000.0
128.0,128.0,1.0,9.0,323.0,256.0,9987.0,24576.0,0.3945954689639336,0.4151015281078,0.0625,0.000976562,6400000.0
21.0,128.0,1.0,3.0,59.0,42.0,1661.0,4032.0,0.2683332385867342,0.27570906523530825,4.0,8.0,6400000.0
1.0,128.0,1.0,1.0,1.0,1.0,35.0,32.0,-0.0030632107251067353,-0.0017650185808415486,0.0625,16384.0,6400000.0
1.0,128.0,1.0,1.0,1.0,1.0,35.0,32.0,-0.0030632107251067353,-0.0017650185808415486,512.0,32.0,6400000.0
128.0,128.0,1.0,9.0,324.0,256.0,10019.0,24576.0,0.39461535679494775,0.41507838242058515,0.125,0.03125,6400000.0
1.0,128.0,1.0,1.0,1.0,1.0,35.0,32.0,-0.0030632107251067353,-0.0017650185808415486,0.03125,512.0,6400000.0
128.0,128.0,1.0,4.0,309.0,256.0,9753.0,24576.0,0.34405643729172164,0.3548423326202804,8.0,0.00390625,6400000.0
128.0,128.0,1.0,9.0,322.0,256.0,9948.0,24576.0,0.39449449932836167,0.41554754727906373,0.0625,0.25,6400000.0
3.0,128.0,1.0,2.0,9.0,6.0,279.0,576.0,0.10115259004895938,0.10346957106453547,0.0625,64.0,6400000.0
1.0,128.0,1.0,1.0,1.0,1.0,35.0,32.0,-0.0030632107251067353,-0.0017650185808415486,8.0,256.0,6400000.0
1.0,1.0,4.0,1.0,1.0,1.0,63.0,32.0,-0.0030632107251067353,-0.0017650185808415486,4096.0,64.0,6400000.0
57.0,128.0,1.0,3.0,147.0,114.0,4507.0,10944.0,0.3142547093293758,0.3232846471687646,8.0,1.0,6400000.0
8.0,128.0,1.0,2.0,22.0,16.0,654.0,1536.0,0.184803559555608,0.19082719424152972,16.0,32.0,6400000.0
1.0,128.0,1.0,1.0,1.0,1.0,35.0,32.0,-0.0030632107251067353,-0.0017650185808415486,0.125,2048.0,6400000.0
107.0,128.0,1.0,3.0,256.0,214.0,8117.0,20544.0,0.32005186553800824,0.3278117739635793,16.0,0.125,6400000.0
128.0,128.0,1.0,3.0,304.0,256.0,9634.0,24576.0,0.31986872159573754,0.3278135398553521,16.0,0.0,6400000.0
128.0,128.0,1.0,9.0,318.0,256.0,9883.0,24576.0,0.39372510206147315,0.4134134979417289,0.25,1.0,6400000.0
22.0,128.0,1.0,3.0,61.0,44.0,1728.0,4224.0,0.27209781390772547,0.2796723898647334,0.125,8.0,6400000.0
128.0,128.0,1.0,2.0,286.0,256.0,9387.0,24576.0,0.25902330951617614,0.27022517316974515,32.0,0.015625,6400000.0
1.0,128.0,1.0,1.0,1.0,1.0,35.0,32.0,-0.0030632107251067353,-0.0017650185808415486,16.0,8192.0,6400000.0
45.0,128.0,1.0,2.0,111.0,90.0,3494.0,8640.0,0.2576096405165842,0.269624389420246,64.0,0.5,6400000.0
128.0,128.0,1.0,9.0,324.0,256.0,10019.0,24576.0,0.3946502518071838,0.4150654200807353,0.5,0.0,6400000.0
128.0,128.0,1.0,9.0,324.0,256.0,10019.0,24576.0,0.3946494623746687,0.4150651621642458,0.25,0.00390625,6400000.0
1.0,1.0,1.0,2.0,3.0,2.0,108.0,192.0,0.03911015413878083,0.040912063041146696,0.125,0.0,6400000.0
1.0,128.0,1.0,1.0,1.0,1.0,35.0,32.0,-0.0030632107251067353,-0.0017650185808415486,64.0,32768.0,6400000.0
1.0,1.0,4.0,1.0,1.0,1.0,63.0,32.0,-0.0030632107251067353,-0.0017650185808415486,2048.0,16384.0,6400000.0
1.0,1.0,4.0,1.0,1.0,1.0,63.0,32.0,-0.0030632107251067353,-0.0017650185808415486,8192.0,0.0,6400000.0
25.0,128.0,1.0,2.0,65.0,50.0,1987.0,4800.0,0.2508845036920214,0.2612119600426388,32.0,4.0,6400000.0
1.0,128.0,1.0,1.0,1.0,1.0,35.0,32.0,-0.0030632107251067353,-0.0017650185808415486,64.0,128.0,6400000.0
1.0,128.0,1.0,1.0,1.0,1.0,35.0,32.0,-0.0030632107251067353,-0.0017650185808415486,0.25,256.0,6400000.0
8.0,128.0,1.0,2.0,22.0,16.0,654.0,1536.0,0.184803559555608,0.19082719424152972,0.5,32.0,6400000.0
1.0,128.0,1.0,1.0,1.0,1.0,35.0,32.0,-0.0030632107251067353,-0.0017650185808415486,256.0,0.0078125,6400000.0
1.0,128.0,1.0,1.0,1.0,1.0,35.0,32.0,-0.0030632107251067353,-0.0017650185808415486,512.0,8192.0,6400000.0
1.0,128.0,1.0,1.0,1.0,1.0,35.0,32.0,-0.0030632107251067353,-0.0017650185808415486,32.0,1024.0,6400000.0
128.0,128.0,1.0,9.0,324.0,256.0,10019.0,24576.0,0.3946385798168477,0.41507411515478,1.0,0.015625,6400000.0
1.0,128.0,1.0,1.0,1.0,1.0,35.0,32.0,-0.0030632107251067353,-0.0017650185808415486,128.0,0.0625,6400000.0
54.0,128.0,1.0,6.0,139.0,108.0,4253.0,10368.0,0.3437752087524123,0.35542497708320786,1.0,4.0,6400000.0
128.0,128.0,1.0,2.0,286.0,256.0,9387.0,24576.0,0.25902330951617614,0.27022517316974515,64.0,0.00195312,6400000.0
1.0,128.0,1.0,1.0,1.0,1.0,35.0,32.0,-0.0030632107251067353,-0.0017650185808415486,2.0,128.0,6400000.0
1.0,128.0,1.0,1.0,1.0,1.0,35.0,32.0,-0.0030632107251067353,-0.0017650185808415486,128.0,4096.0,6400000.0
1.0,128.0,1.0,1.0,1.0,1.0,35.0,32.0,-0.0030632107251067353,-0.0017650185808415486,128.0,16.0,6400000.0
1.0,128.0,1.0,1.0,1.0,1.0,35.0,32.0,-0.0030632107251067353,-0.0017650185808415486,256.0,2.0,6400000.0
1.0,128.0,1.0,1.0,1.0,1.0,35.0,32.0,-0.0030632107251067353,-0.0017650185808415486,0.5,8192.0,6400000.0
1.0,1.0,4.0,1.0,1.0,1.0,63.0,32.0,-0.0030632107251067353,-0.0017650185808415486,4096.0,0.125,6400000.0
128.0,128.0,1.0,9.0,321.0,256.0,9955.0,24576.0,0.3943962141043146,0.4150729284881659,0.5,0.125,6400000.0
128.0,128.0,1.0,9.0,326.0,256.0,10050.0,24576.0,0.39449622467965684,0.4158154715852397,2.0,0.00195312,6400000.0
1.0,128.0,1.0,1.0,1.0,1.0,35.0,32.0,-0.0030632107251067353,-0.0017650185808415486,512.0,0.000976562,6400000.0
1.0,1.0,4.0,1.0,1.0,1.0,63.0,32.0,-0.0030632107251067353,-0.0017650185808415486,2048.0,32.0,6400000.0
1.0,128.0,1.0,1.0,1.0,1.0,35.0,32.0,-0.0030632107251067353,-0.0017650185808415486,256.0,512.0,6400000.0
128.0,128.0,1.0,9.0,319.0,256.0,9882.0,24576.0,0.3936590411883466,0.41398421500398486,2.0,0.5,6400000.0
1.0,128.0,1.0,1.0,1.0,1.0,35.0,32.0,-0.0030632107251067353,-0.0017650185808415486,1024.0,0.0,6400000.0
1.0,128.0,1.0,1.0,1.0,1.0,35.0,32.0,-0.0030632107251067353,-0.0017650185808415486,2.0,32768.0,6400000.0
1.0,128.0,1.0,1.0,1.0,1.0,35.0,32.0,-0.0030632107251067353,-0.0017650185808415486,4.0,4096.0,6400000.0
1.0,1.0,4.0,1.0,1.0,1.0,63.0,32.0,-0.0030632107251067353,-0.0017650185808415486,8192.0,0.5,6400000.0
1.0,128.0,1.0,1.0,1.0,1.0,35.0,32.0,-0.0030632107251067353,-0.0017650185808415486,1024.0,0.125,6400000.0
128.0,128.0,1.0,6.0,318.0,256.0,9983.0,24576.0,0.37589005711845436,0.39610860544750315,4.0,0.0625,6400000.0
1.0,128.0,1.0,1.0,1.0,1.0,35.0,32.0,-0.0030632107251067353,-0.0017650185808415486,1.0,1024.0,6400000.0
1.0,128.0,1.0,1.0,1.0,1.0,35.0,32.0,-0.0030632107251067353,-0.0017650185808415486,512.0,0.25,6400000.0
1.0,128.0,1.0,1.0,1.0,1.0,35.0,32.0,-0.0030632107251067353,-0.0017650185808415486,2048.0,0.015625,6400000.0
11.0,128.0,1.0,2.0,30.0,22.0,860.0,2112.0,0.211815897449531,0.21820531799146736,4.0,16.0,6400000.0
1.0,128.0,1.0,1.0,1.0,1.0,35.0,32.0,-0.0030632107251067353,-0.0017650185808415486,512.0,64.0,6400000.0
1.0,128.0,1.0,1.0,1.0,1.0,35.0,32.0,-0.0030632107251067353,-0.0017650185808415486,1024.0,32.0,6400000.0
42.0,128.0,1.0,3.0,113.0,84.0,3384.0,8064.0,0.30679578504283944,0.31632627311981343,8.0,2.0,6400000.0
1.0,128.0,1.0,1.0,1.0,1.0,35.0,32.0,-0.0030632107251067353,-0.0017650185808415486,1024.0,8192.0,6400000.0
1.0,128.0,1.0,1.0,1.0,1.0,35.0,32.0,-0.0030632107251067353,-0.0017650185808415486,8.0,512.0,6400000.0
1.0,1.0,4.0,1.0,1.0,1.0,63.0,32.0,-0.0030632107251067353,-0.0017650185808415486,4096.0,128.0,6400000.0
1.0,128.0,1.0,1.0,1.0,1.0,35.0,32.0,-0.0030632107251067353,-0.0017650185808415486,2048.0,4.0,6400000.0
128.0,128.0,1.0,4.0,309.0,256.0,9753.0,24576.0,0.3440600895467555,0.35479415522137026,8.0,0.0078125,6400000.0
89.0,128.0,1.0,3.0,216.0,178.0,6778.0,17088.0,0.3197109777329641,0.32726936398681383,16.0,0.25,6400000.0
1.0,128.0,1.0,1.0,1.0,1.0,35.0,32.0,-0.0030632107251067353,-0.0017650185808415486,2048.0,1024.0,6400000.0
3.0,128.0,1.0,2.0,9.0,6.0,279.0,576.0,0.10115259004895938,0.10346957106453547,16.0,64.0,6400000.0
1.0,128.0,1.0,1.0,1.0,1.0,35.0,32.0,-0.0030632107251067353,-0.0017650185808415486,4096.0,0.5,6400000.0
128.0,128.0,1.0,3.0,304.0,256.0,9634.0,24576.0,0.3198689108419326,0.32781348585332615,16.0,0.000976562,6400000.0
1.0,128.0,1.0,1.0,1.0,1.0,35.0,32.0,-0.0030632107251067353,-0.0017650185808415486,4096.0,0.00195312,6400000.0
32.0,128.0,1.0,2.0,82.0,64.0,2561.0,6144.0,0.25375401307087353,0.2660820235119521,64.0,1.0,6400000.0
1.0,1.0,4.0,1.0,1.0,1.0,63.0,32.0,-0.0030632107251067353,-0.0017650185808415486,8192.0,8.0,6400000.0
86.0,128.0,1.0,2.0,200.0,172.0,6487.0,16512.0,0.25920215608368513,0.27061844027369064,32.0,0.03125,6400000.0
1.0,128.0,1.0,1.0,1.0,1.0,35.0,32.0,-0.0030632107251067353,-0.0017650185808415486,4096.0,32768.0,6400000.0
1.0,128.0,1.0,1.0,1.0,1.0,35.0,32.0,-0.0030632107251067353,-0.0017650185808415486,16.0,16384.0,6400000.0
1.0,128.0,1.0,1.0,1.0,1.0,35.0,32.0,-0.0030632107251067353,-0.0017650185808415486,4096.0,128.0,6400000.0
1.0,1.0,1.0,2.0,3.0,2.0,108.0,192.0,0.03911015413878083,0.040912063041146696,0.125,0.000976562,6400000.0
1.0,128.0,1.0,1.0,1.0,1.0,35.0,32.0,-0.0030632107251067353,-0.0017650185808415486,8192.0,0.0625,6400000.0
1.0,128.0,1.0,1.0,1.0,1.0,35.0,32.0,-0.0030632107251067353,-0.0017650185808415486,64.0,256.0,6400000.0
1.0,1.0,4.0,1.0,1.0,1.0,63.0,32.0,-0.0030632107251067353,-0.0017650185808415486,2048.0,32768.0,6400000.0
1.0,1.0,4.0,1.0,1.0,1.0,63.0,32.0,-0.0030632107251067353,-0.0017650185808415486,8192.0,0.000976562,6400000.0
16.0,128.0,1.0,2.0,45.0,32.0,1309.0,3072.0,0.23561062474946082,0.24274222107689147,32.0,8.0,6400000.0
1.0,128.0,1.0,1.0,1.0,1.0,35.0,32.0,-0.0030632107251067353,-0.0017650185808415486,128.0,0.0,6400000.0
1.0,128.0,1.0,1.0,1.0,1.0,35.0,32.0,-0.0030632107251067353,-0.0017650185808415486,8192.0,16.0,6400000.0
1.0,128.0,1.0,1.0,1.0,1.0,35.0,32.0,-0.0030632107251067353,-0.0017650185808415486,512.0,16384.0,6400000.0
1.0,128.0,1.0,1.0,1.0,1.0,35.0,32.0,-0.0030632107251067353,-0.0017650185808415486,256.0,0.015625,6400000.0
1.0,128.0,1.0,1.0,1.0,1.0,35.0,32.0,-0.0030632107251067353,-0.0017650185808415486,128.0,0.125,6400000.0
128.0,128.0,1.0,2.0,286.0,256.0,9387.0,24576.0,0.25902330951617614,0.27022517316974515,64.0,0.00390625,6400000.0
1.0,128.0,1.0,1.0,1.0,1.0,35.0,32.0,-0.0030632107251067353,-0.0017650185808415486,8192.0,4096.0,6400000.0
1.0,128.0,1.0,1.0,1.0,1.0,35.0,32.0,-0.0030632107251067353,-0.0017650185808415486,128.0,32.0,6400000.0
1.0,128.0,1.0,1.0,1.0,1.0,35.0,32.0,-0.0030632107251067353,-0.0017650185808415486,16384.0,0.0078125,6400000.0
1.0,1.0,4.0,1.0,1.0,1.0,63.0,32.0,-0.0030632107251067353,-0.0017650185808415486,4096.0,0.25,6400000.0
1.0,128.0,1.0,1.0,1.0,1.0,35.0,32.0,-0.0030632107251067353,-0.0017650185808415486,32.0,2048.0,6400000.0
1.0,128.0,1.0,1.0,1.0,1.0,35.0,32.0,-0.0030632107251067353,-0.0017650185808415486,16384.0,2.0,6400000.0
1.0,128.0,1.0,1.0,1.0,1.0,35.0,32.0,-0.0030632107251067353,-0.0017650185808415486,128.0,8192.0,6400000.0
1.0,1.0,4.0,1.0,1.0,1.0,63.0,32.0,-0.0030632107251067353,-0.0017650185808415486,2048.0,64.0,6400000.0
1.0,128.0,1.0,1.0,1.0,1.0,35.0,32.0,-0.0030632107251067353,-0.0017650185808415486,256.0,4.0,6400000.0
1.0,128.0,1.0,1.0,1.0,1.0,35.0,32.0,-0.0030632107251067353,-0.0017650185808415486,512.0,0.00195312,6400000.0
1.0,128.0,1.0,1.0,1.0,1.0,35.0,32.0,-0.0030632107251067353,-0.0017650185808415486,32768.0,0.000976562,6400000.0
1.0,1.0,4.0,1.0,1.0,1.0,63.0,32.0,-0.0030632107251067353,-0.0017650185808415486,8192.0,8192.0,6400000.0
1.0,128.0,1.0,1.0,1.0,1.0,35.0,32.0,-0.0030632107251067353,-0.0017650185808415486,32768.0,64.0,6400000.0
1.0,128.0,1.0,1.0,1.0,1.0,35.0,32.0,-0.0030632107251067353,-0.0017650185808415486,16384.0,512.0,6400000.0
1.0,128.0,1.0,1.0,1.0,1.0,35.0,32.0,-0.0030632107251067353,-0.0017650185808415486,32768.0,0.25,6400000.0
1.0,128.0,1.0,1.0,1.0,1.0,35.0,32.0,-0.0030632107251067353,-0.0017650185808415486,256.0,1024.0,6400000.0
1.0,128.0,1.0,1.0,1.0,1.0,35.0,32.0,-0.0030632107251067353,-0.0017650185808415486,32768.0,16384.0,6400000.0
1.0,1.0,4.0,1.0,1.0,1.0,63.0,32.0,-0.0030632107251067353,-0.0017650185808415486,8192.0,1.0,6400000.0
1.0,128.0,1.0,1.0,1.0,1.0,35.0,32.0,-0.0030632107251067353,-0.0017650185808415486,1024.0,0.000976562,6400000.0
14.0,128.0,2.0,3.0,58.0,41.0,1695.0,4768.0,0.2755258013558761,0.2825067573238387,0.0,8.0,6400000.0
128.0,128.0,2.0,9.0,687.0,509.0,21194.0,65056.0,0.49078956500630555,0.5032308242696852,0.0,0.03125,6400000.0
1.0,128.0,1.0,1.0,1.0,1.0,35.0,32.0,-0.0030632107251067353,-0.0017650185808415486,1024.0,0.25,6400000.0
1.0,128.0,2.0,1.0,1.0,1.0,39.0,32.0,-0.0030632107251067353,-0.0017650185808415486,0.0,2048.0,6400000.0
1.0,128.0,1.0,1.0,1.0,1.0,35.0,32.0,-0.0030632107251067353,-0.0017650185808415486,512.0,0.5,6400000.0
1.0,128.0,1.0,1.0,1.0,1.0,35.0,32.0,-0.0030632107251067353,-0.0017650185808415486,2048.0,0.03125,6400000.0
1.0,128.0,1.0,1.0,1.0,1.0,35.0,32.0,-0.0030632107251067353,-0.0017650185808415486,512.0,128.0,6400000.0
128.0,128.0,2.0,9.0,702.0,508.0,21497.0,64896.0,0.4919689420827704,0.5030816993485765,0.000976562,0.00390625,6400000.0
1.0,128.0,1.0,1.0,1.0,1.0,35.0,32.0,-0.0030632107251067353,-0.0017650185808415486,2048.0,8.0,6400000.0
69.0,128.0,2.0,9.0,349.0,264.0,10744.0,33408.0,0.4440109904418591,0.4535133522491208,0.000976562,1.0,6400000.0
1.0,1.0,4.0,1.0,1.0,1.0,63.0,32.0,-0.0030632107251067353,-0.0017650185808415486,4096.0,256.0,6400000.0
1.0,128.0,2.0,1.0,1.0,1.0,39.0,32.0,-0.0030632107251067353,-0.0017650185808415486,0.000976562,256.0,6400000.0
1.0,128.0,1.0,1.0,1.0,1.0,35.0,32.0,-0.0030632107251067353,-0.0017650185808415486,1024.0,64.0,6400000.0
1.0,128.0,1.0,1.0,1.0,1.0,35.0,32.0,-0.0030632107251067353,-0.0017650185808415486,1024.0,16384.0,6400000.0
1.0,128.0,1.0,1.0,1.0,1.0,35.0,32.0,-0.0030632107251067353,-0.0017650185808415486,2048.0,2048.0,6400000.0
128.0,128.0,2.0,9.0,705.0,508.0,21385.0,64896.0,0.4955821311647626,0.5050780596595601,0.00195312,0.0,6400000.0
128.0,128.0,2.0,9.0,665.0,508.0,20633.0,64896.0,0.5003212287783039,0.5091361646515526,0.00195312,0.125,6400000.0
1.0,1.0,4.0,1.0,1.0,1.0,63.0,32.0,-0.0030632107251067353,-0.0017650185808415486,8192.0,16.0,6400000.0
1.0,128.0,1.0,1.0,1.0,1.0,35.0,32.0,-0.0030632107251067353,-0.0017650185808415486,4096.0,1.0,6400000.0
1.0,128.0,1.0,1.0,1.0,1.0,35.0,32.0,-0.0030632107251067353,-0.0017650185808415486,4096.0,0.00390625,6400000.0
1.0,1.0,4.0,1.0,1.0,1.0,63.0,32.0,-0.0030632107251067353,-0.0017650185808415486,16384.0,0.0625,6400000.0
1.0,128.0,1.0,1.0,1.0,1.0,35.0,32.0,-0.0030632107251067353,-0.0017650185808415486,4096.0,256.0,6400000.0
8.0,128.0,2.0,2.0,22.0,16.0,664.0,1536.0,0.184803559555608,0.19082719424152972,0.00195312,32.0,6400000.0
128.0,128.0,2.0,9.0,699.0,509.0,21320.0,65056.0,0.48919398727479235,0.5015892834262987,0.00390625,0.015625,6400000.0
1.0,1.0,1.0,2.0,3.0,2.0,108.0,192.0,0.03911015413878083,0.040912063041146696,0.125,0.00195312,6400000.0
36.0,128.0,2.0,9.0,160.0,119.0,4865.0,14432.0,0.3910954809696322,0.4025399453147491,0.00390625,4.0,6400000.0
1.0,128.0,2.0,1.0,1.0,1.0,39.0,32.0,-0.0030632107251067353,-0.0017650185808415486,0.00390625,1024.0,6400000.0
1.0,128.0,2.0,1.0,1.0,1.0,39.0,32.0,-0.0030632107251067353,-0.0017650185808415486,0.00195312,8192.0,6400000.0
1.0,128.0,1.0,1.0,1.0,1.0,35.0,32.0,-0.0030632107251067353,-0.0017650185808415486,8192.0,0.0,6400000.0
1.0,128.0,1.0,1.0,1.0,1.0,35.0,32.0,-0.0030632107251067353,-0.0017650185808415486,8192.0,0.125,6400000.0
1.0,1.0,4.0,1.0,1.0,1.0,63.0,32.0,-0.0030632107251067353,-0.0017650185808415486,4096.0,0.0,6400000.0
128.0,128.0,2.0,9.0,701.0,508.0,21350.0,64896.0,0.49563376695025796,0.5056225130040986,0.0078125,0.00195312,6400000.0
1.0,1.0,4.0,1.0,1.0,1.0,63.0,32.0,-0.0030632107251067353,-0.0017650185808415486,8192.0,0.00195312,6400000.0
1.0,128.0,1.0,1.0,1.0,1.0,35.0,32.0,-0.0030632107251067353,-0.0017650185808415486,8192.0,32.0,6400000.0
81.0,128.0,2.0,9.0,422.0,321.0,13003.0,40992.0,0.46424358770316876,0.47568828095180316,0.0078125,0.5,6400000.0
1.0,128.0,2.0,1.0,1.0,1.0,39.0,32.0,-0.0030632107251067353,-0.0017650185808415486,0.0078125,128.0,6400000.0
1.0,128.0,1.0,1.0,1.0,1.0,35.0,32.0,-0.0030632107251067353,-0.0017650185808415486,512.0,32768.0,6400000.0
1.0,128.0,2.0,1.0,1.0,1.0,39.0,32.0,-0.0030632107251067353,-0.0017650185808415486,0.0078125,32768.0,6400000.0
1.0,128.0,1.0,1.0,1.0,1.0,35.0,32.0,-0.0030632107251067353,-0.0017650185808415486,8192.0,8192.0,6400000.0
1.0,128.0,1.0,1.0,1.0,1.0,35.0,32.0,-0.0030632107251067353,-0.0017650185808415486,16384.0,4.0,6400000.0
1.0,1.0,4.0,1.0,1.0,1.0,63.0,32.0,-0.0030632107251067353,-0.0017650185808415486,4096.0,0.5,6400000.0
1.0,128.0,1.0,1.0,1.0,1.0,35.0,32.0,-0.0030632107251067353,-0.0017650185808415486,16384.0,0.015625,6400000.0
1.0,128.0,1.0,1.0,1.0,1.0,35.0,32.0,-0.0030632107251067353,-0.0017650185808415486,32768.0,0.00195312,6400000.0
11.0,128.0,2.0,3.0,35.0,25.0,1015.0,2592.0,0.23714634169335125,0.2431198474760431,0.015625,16.0,6400000.0
128.0,128.0,2.0,9.0,673.0,508.0,20791.0,64896.0,0.4893385914270021,0.4987975291430783,0.015625,0.0625,6400000.0
1.0,128.0,1.0,1.0,1.0,1.0,35.0,32.0,-0.0030632107251067353,-0.0017650185808415486,32768.0,128.0,6400000.0
1.0,1.0,4.0,1.0,1.0,1.0,63.0,32.0,-0.0030632107251067353,-0.0017650185808415486,8192.0,16384.0,6400000.0
50.0,128.0,2.0,9.0,251.0,188.0,7690.0,23680.0,0.4286639454025012,0.43882039042213217,0.03125,2.0,6400000.0
1.0,128.0,2.0,1.0,1.0,1.0,39.0,32.0,-0.0030632107251067353,-0.0017650185808415486,0.015625,4096.0,6400000.0
128.0,128.0,2.0,9.0,701.0,508.0,21350.0,64896.0,0.49563376695025796,0.5056225130040986,0.0625,0.000976562,6400000.0
1.0,128.0,2.0,1.0,1.0,1.0,39.0,32.0,-0.0030632107251067353,-0.0017650185808415486,0.03125,512.0,6400000.0
1.0,1.0,4.0,1.0,1.0,1.0,63.0,32.0,-0.0030632107251067353,-0.0017650185808415486,16384.0,64.0,6400000.0
128.0,128.0,2.0,9.0,703.0,508.0,21507.0,64896.0,0.49281317346060416,0.5038739528827708,0.03125,0.0078125,6400000.0
1.0,128.0,1.0,1.0,1.0,1.0,35.0,32.0,-0.0030632107251067353,-0.0017650185808415486,16384.0,1024.0,6400000.0
1.0,128.0,1.0,1.0,1.0,1.0,35.0,32.0,-0.0030632107251067353,-0.0017650185808415486,32768.0,0.5,6400000.0
107.0,128.0,2.0,9.0,551.0,424.0,17274.0,54144.0,0.4844137870244588,0.4916210328106112,0.0625,0.25,6400000.0
1.0,128.0,1.0,1.0,1.0,1.0,35.0,32.0,-0.0030632107251067353,-0.0017650185808415486,32768.0,32768.0,6400000.0
128.0,128.0,2.0,9.0,673.0,508.0,20791.0,64896.0,0.4893385914270021,0.4987975291430783,0.0,0.0625,6400000.0
11.0,128.0,2.0,3.0,35.0,25.0,1015.0,2592.0,0.23714634169335125,0.2431198474760431,0.0,16.0,6400000.0
1.0,128.0,2.0,1.0,1.0,1.0,39.0,32.0,-0.0030632107251067353,-0.0017650185808415486,0.0,4096.0,6400000.0
1.0,1.0,4.0,1.0,1.0,1.0,63.0,32.0,-0.0030632107251067353,-0.0017650185808415486,8192.0,2.0,6400000.0
1.0,128.0,1.0,1.0,1.0,1.0,35.0,32.0,-0.0030632107251067353,-0.0017650185808415486,1024.0,0.5,6400000.0
1.0,128.0,1.0,1.0,1.0,1.0,35.0,32.0,-0.0030632107251067353,-0.0017650185808415486,1024.0,0.00195312,6400000.0
1.0,128.0,1.0,1.0,1.0,1.0,35.0,32.0,-0.0030632107251067353,-0.0017650185808415486,2048.0,0.0625,6400000.0
3.0,128.0,2.0,2.0,9.0,6.0,287.0,576.0,0.10115259004895938,0.10346957106453547,0.0625,64.0,6400000.0
50.0,128.0,2.0,9.0,251.0,188.0,7690.0,23680.0,0.4286639454025012,0.43882039042213217,0.000976562,2.0,6400000.0
1.0,128.0,1.0,1.0,1.0,1.0,35.0,32.0,-0.0030632107251067353,-0.0017650185808415486,2048.0,16.0,6400000.0
1.0,128.0,2.0,1.0,1.0,1.0,39.0,32.0,-0.0030632107251067353,-0.0017650185808415486,0.0625,16384.0,6400000.0
1.0,128.0,1.0,1.0,1.0,1.0,35.0,32.0,-0.0030632107251067353,-0.0017650185808415486,1024.0,128.0,6400000.0
1.0,128.0,1.0,1.0,1.0,1.0,35.0,32.0,-0.0030632107251067353,-0.0017650185808415486,1024.0,32768.0,6400000.0
128.0,128.0,2.0,9.0,703.0,508.0,21507.0,64896.0,0.49281317346060416,0.5038739528827708,0.000976562,0.0078125,6400000.0
1.0,128.0,1.0,1.0,1.0,1.0,35.0,32.0,-0.0030632107251067353,-0.0017650185808415486,2048.0,4096.0,6400000.0
1.0,1.0,4.0,1.0,1.0,1.0,63.0,32.0,-0.0030632107251067353,-0.0017650185808415486,4096.0,512.0,6400000.0
1.0,128.0,2.0,1.0,1.0,1.0,39.0,32.0,-0.0030632107251067353,-0.0017650185808415486,0.000976562,512.0,6400000.0
113.0,128.0,2.0,9.0,581.0,447.0,18011.0,57056.0,0.4913752272939408,0.5015614713458052,0.00195312,0.25,6400000.0
128.0,128.0,2.0,9.0,701.0,508.0,21350.0,64896.0,0.49563376695025796,0.5056225130040986,0.00195312,0.000976562,6400000.0
1.0,1.0,4.0,1.0,1.0,1.0,63.0,32.0,-0.0030632107251067353,-0.0017650185808415486,8192.0,32.0,6400000.0
1.0,128.0,1.0,1.0,1.0,1.0,35.0,32.0,-0.0030632107251067353,-0.0017650185808415486,4096.0,2.0,6400000.0
1.0,128.0,1.0,1.0,1.0,1.0,35.0,32.0,-0.0030632107251067353,-0.0017650185808415486,4096.0,0.0078125,6400000.0
1.0,128.0,1.0,1.0,1.0,1.0,35.0,32.0,-0.0030632107251067353,-0.0017650185808415486,4096.0,512.0,6400000.0
1.0,1.0,4.0,1.0,1.0,1.0,63.0,32.0,-0.0030632107251067353,-0.0017650185808415486,16384.0,0.125,6400000.0
128.0,128.0,2.0,9.0,687.0,509.0,21194.0,65056.0,0.49078956500630555,0.5032308242696852,0.00390625,0.03125,6400000.0
14.0,128.0,2.0,3.0,58.0,41.0,1695.0,4768.0,0.2755258013558761,0.2825067573238387,0.00390625,8.0,6400000.0
1.0,128.0,2.0,1.0,1.0,1.0,39.0,32.0,-0.0030632107251067353,-0.0017650185808415486,0.00195312,16384.0,6400000.0
1.0,128.0,2.0,1.0,1.0,1.0,39.0,32.0,-0.0030632107251067353,-0.0017650185808415486,0.00390625,2048.0,6400000.0
1.0,1.0,1.0,2.0,3.0,2.0,108.0,192.0,0.03911015413878083,0.040912063041146696,0.125,0.00390625,6400000.0
3.0,128.0,2.0,2.0,9.0,6.0,287.0,576.0,0.10115259004895938,0.10346957106453547,0.00195312,64.0,6400000.0
1.0,128.0,1.0,1.0,1.0,1.0,35.0,32.0,-0.0030632107251067353,-0.0017650185808415486,8192.0,0.000976562,6400000.0
1.0,128.0,1.0,1.0,1.0,1.0,35.0,32.0,-0.0030632107251067353,-0.0017650185808415486,8192.0,0.25,6400000.0
1.0,1.0,4.0,1.0,1.0,1.0,63.0,32.0,-0.0030632107251067353,-0.0017650185808415486,8192.0,0.00390625,6400000.0
128.0,128.0,2.0,9.0,702.0,508.0,21497.0,64896.0,0.4919689420827704,0.5030816993485765,0.0078125,0.00390625,6400000.0
1.0,1.0,4.0,1.0,1.0,1.0,63.0,32.0,-0.0030632107251067353,-0.0017650185808415486,32768.0,0.0,6400000.0
1.0,128.0,2.0,1.0,1.0,1.0,39.0,32.0,-0.0030632107251067353,-0.0017650185808415486,0.0078125,256.0,6400000.0
69.0,128.0,2.0,9.0,349.0,264.0,10744.0,33408.0,0.4440109904418591,0.4535133522491208,0.0078125,1.0,6400000.0
1.0,128.0,1.0,1.0,1.0,1.0,35.0,32.0,-0.0030632107251067353,-0.0017650185808415486,8192.0,64.0,6400000.0
128.0,128.0,2.0,9.0,687.0,509.0,21194.0,65056.0,0.49078956500630555,0.5032308242696852,0.125,0.03125,6400000.0
128.0,128.0,2.0,9.0,705.0,508.0,21385.0,64896.0,0.4955821311647626,0.5050780596595601,0.015625,0.0,6400000.0
1.0,128.0,1.0,1.0,1.0,1.0,35.0,32.0,-0.0030632107251067353,-0.0017650185808415486,16384.0,0.03125,6400000.0
1.0,128.0,1.0,1.0,1.0,1.0,35.0,32.0,-0.0030632107251067353,-0.0017650185808415486,8192.0,16384.0,6400000.0
1.0,128.0,1.0,1.0,1.0,1.0,35.0,32.0,-0.0030632107251067353,-0.0017650185808415486,32768.0,0.00390625,6400000.0
36.0,128.0,2.0,9.0,160.0,119.0,4865.0,14432.0,0.3910954809696322,0.4025399453147491,0.03125,4.0,6400000.0
128.0,128.0,2.0,9.0,665.0,508.0,20633.0,64896.0,0.5003212287783039,0.5091361646515526,0.015625,0.125,6400000.0
1.0,128.0,1.0,1.0,1.0,1.0,35.0,32.0,-0.0030632107251067353,-0.0017650185808415486,16384.0,8.0,6400000.0
8.0,128.0,2.0,2.0,22.0,16.0,664.0,1536.0,0.184803559555608,0.19082719424152972,0.015625,32.0,6400000.0
128.0,128.0,2.0,9.0,701.0,508.0,21350.0,64896.0,0.49563376695025796,0.5056225130040986,0.0625,0.00195312,6400000.0
1.0,128.0,1.0,1.0,1.0,1.0,35.0,32.0,-0.0030632107251067353,-0.0017650185808415486,32768.0,256.0,6400000.0
1.0,128.0,2.0,1.0,1.0,1.0,39.0,32.0,-0.0030632107251067353,-0.0017650185808415486,0.03125,1024.0,6400000.0
1.0,128.0,1.0,1.0,1.0,1.0,35.0,32.0,-0.0030632107251067353,-0.0017650185808415486,16384.0,2048.0,6400000.0
128.0,128.0,2.0,9.0,699.0,509.0,21320.0,65056.0,0.48919398727479235,0.5015892834262987,0.03125,0.015625,6400000.0
1.0,1.0,4.0,1.0,1.0,1.0,63.0,32.0,-0.0030632107251067353,-0.0017650185808415486,16384.0,128.0,6400000.0
14.0,128.0,2.0,3.0,58.0,41.0,1695.0,4768.0,0.2755258013558761,0.2825067573238387,0.125,8.0,6400000.0
1.0,128.0,2.0,1.0,1.0,1.0,39.0,32.0,-0.0030632107251067353,-0.0017650185808415486,0.015625,8192.0,6400000.0
1.0,1.0,4.0,1.0,1.0,1.0,63.0,32.0,-0.0030632107251067353,-0.0017650185808415486,8192.0,32768.0,6400000.0
81.0,128.0,2.0,9.0,422.0,321.0,13003.0,40992.0,0.46424358770316876,0.47568828095180316,0.0625,0.5,6400000.0
1.0,128.0,1.0,1.0,1.0,1.0,35.0,32.0,-0.0030632107251067353,-0.0017650185808415486,32768.0,1.0,6400000.0
128.0,128.0,2.0,9.0,705.0,508.0,21385.0,64896.0,0.4955821311647626,0.5050780596595601,0.0,0.0,6400000.0
128.0,128.0,2.0,9.0,665.0,508.0,20633.0,64896.0,0.5003212287783039,0.5091361646515526,0.0,0.125,6400000.0
8.0,128.0,2.0,2.0,22.0,16.0,664.0,1536.0,0.184803559555608,0.19082719424152972,0.0,32.0,6400000.0
1.0,128.0,1.0,1.0,1.0,1.0,35.0,32.0,-0.0030632107251067353,-0.0017650185808415486,1024.0,0.00390625,6400000.0
1.0,1.0,4.0,1.0,1.0,1.0,63.0,32.0,-0.0030632107251067353,-0.0017650185808415486,8192.0,4.0,6400000.0
1.0,128.0,1.0,1.0,1.0,1.0,35.0,32.0,-0.0030632107251067353,-0.0017650185808415486,1024.0,1.0,6400000.0
1.0,128.0,2.0,1.0,1.0,1.0,39.0,32.0,-0.0030632107251067353,-0.0017650185808415486,0.0,8192.0,6400000.0
1.0,128.0,1.0,1.0,1.0,1.0,35.0,32.0,-0.0030632107251067353,-0.0017650185808415486,2048.0,0.125,6400000.0
128.0,128.0,2.0,9.0,699.0,509.0,21320.0,65056.0,0.48919398727479235,0.5015892834262987,0.000976562,0.015625,6400000.0
1.0,128.0,2.0,1.0,1.0,1.0,39.0,32.0,-0.0030632107251067353,-0.0017650185808415486,0.0625,128.0,6400000.0
36.0,128.0,2.0,9.0,160.0,119.0,4865.0,14432.0,0.3910954809696322,0.4025399453147491,0.000976562,4.0,6400000.0
1.0,128.0,1.0,1.0,1.0,1.0,35.0,32.0,-0.0030632107251067353,-0.0017650185808415486,2048.0,0.0,6400000.0
1.0,128.0,1.0,1.0,1.0,1.0,35.0,32.0,-0.0030632107251067353,-0.0017650185808415486,2048.0,8192.0,6400000.0
1.0,128.0,1.0,1.0,1.0,1.0,35.0,32.0,-0.0030632107251067353,-0.0017650185808415486,2048.0,32.0,6400000.0
1.0,128.0,2.0,1.0,1.0,1.0,39.0,32.0,-0.0030632107251067353,-0.0017650185808415486,0.0625,32768.0,6400000.0
1.0,128.0,1.0,1.0,1.0,1.0,35.0,32.0,-0.0030632107251067353,-0.0017650185808415486,1024.0,256.0,6400000.0
81.0,128.0,2.0,9.0,422.0,321.0,13003.0,40992.0,0.46424358770316876,0.47568828095180316,0.00195312,0.5,6400000.0
128.0,128.0,2.0,9.0,701.0,508.0,21350.0,64896.0,0.49563376695025796,0.5056225130040986,0.00195312,0.00195312,6400000.0
1.0,128.0,2.0,1.0,1.0,1.0,39.0,32.0,-0.0030632107251067353,-0.0017650185808415486,0.000976562,1024.0,6400000.0
1.0,128.0,2.0,1.0,1.0,1.0,39.0,32.0,-0.0030632107251067353,-0.0017650185808415486,0.125,2048.0,6400000.0
1.0,1.0,4.0,1.0,1.0,1.0,63.0,32.0,-0.0030632107251067353,-0.0017650185808415486,8192.0,64.0,6400000.0
1.0,128.0,2.0,1.0,1.0,1.0,39.0,32.0,-0.0030632107251067353,-0.0017650185808415486,0.00195312,32768.0,6400000.0
1.0,128.0,1.0,1.0,1.0,1.0,35.0,32.0,-0.0030632107251067353,-0.0017650185808415486,4096.0,0.015625,6400000.0
1.0,1.0,4.0,1.0,1.0,1.0,63.0,32.0,-0.0030632107251067353,-0.0017650185808415486,16384.0,0.25,6400000.0
1.0,128.0,2.0,1.0,1.0,1.0,39.0,32.0,-0.0030632107251067353,-0.0017650185808415486,0.00390625,4096.0,6400000.0
11.0,128.0,2.0,3.0,35.0,25.0,1015.0,2592.0,0.23714634169335125,0.2431198474760431,0.00390625,16.0,6400000.0
1.0,128.0,1.0,1.0,1.0,1.0,35.0,32.0,-0.0030632107251067353,-0.0017650185808415486,4096.0,4.0,6400000.0
1.0,128.0,1.0,1.0,1.0,1.0,35.0,32.0,-0.0030632107251067353,-0.0017650185808415486,4096.0,1024.0,6400000.0
128.0,128.0,2.0,9.0,673.0,508.0,20791.0,64896.0,0.4893385914270021,0.4987975291430783,0.00390625,0.0625,6400000.0
1.0,128.0,1.0,1.0,1.0,1.0,35.0,32.0,-0.0030632107251067353,-0.0017650185808415486,8192.0,0.00195312,6400000.0
128.0,128.0,2.0,9.0,705.0,509.0,21452.0,65056.0,0.4931484285189869,0.5053706620679881,0.25,0.00390625,6400000.0
1.0,128.0,2.0,1.0,1.0,1.0,39.0,32.0,-0.0030632107251067353,-0.0017650185808415486,0.00195312,128.0,6400000.0
1.0,128.0,1.0,1.0,1.0,1.0,35.0,32.0,-0.0030632107251067353,-0.0017650185808415486,8192.0,0.5,6400000.0
64.0,128.0,2.0,9.0,324.0,244.0,9921.0,30848.0,0.4524130157612848,0.4666228888369257,0.25,1.0,6400000.0
1.0,128.0,2.0,1.0,1.0,1.0,39.0,32.0,-0.0030632107251067353,-0.0017650185808415486,0.0078125,512.0,6400000.0
1.0,128.0,1.0,1.0,1.0,1.0,35.0,32.0,-0.0030632107251067353,-0.0017650185808415486,8192.0,128.0,6400000.0
50.0,128.0,2.0,9.0,251.0,188.0,7690.0,23680.0,0.4286639454025012,0.43882039042213217,0.0078125,2.0,6400000.0
1.0,1.0,4.0,1.0,1.0,1.0,63.0,32.0,-0.0030632107251067353,-0.0017650185808415486,32768.0,0.000976562,6400000.0
128.0,128.0,2.0,9.0,703.0,508.0,21507.0,64896.0,0.49281317346060416,0.5038739528827708,0.0078125,0.0078125,6400000.0
1.0,128.0,1.0,1.0,1.0,1.0,35.0,32.0,-0.0030632107251067353,-0.0017650185808415486,32768.0,0.0078125,6400000.0
128.0,128.0,2.0,9.0,701.0,508.0,21350.0,64896.0,0.49563376695025796,0.5056225130040986,0.015625,0.000976562,6400000.0
128.0,128.0,2.0,9.0,673.0,508.0,20791.0,64896.0,0.4893385914270021,0.4987975291430783,0.125,0.0625,6400000.0
1.0,128.0,1.0,1.0,1.0,1.0,35.0,32.0,-0.0030632107251067353,-0.0017650185808415486,16384.0,0.0625,6400000.0
113.0,128.0,2.0,9.0,581.0,447.0,18011.0,57056.0,0.4913752272939408,0.5015614713458052,0.015625,0.25,6400000.0
3.0,128.0,2.0,2.0,9.0,6.0,287.0,576.0,0.10115259004895938,0.10346957106453547,0.015625,64.0,6400000.0
1.0,128.0,1.0,1.0,1.0,1.0,35.0,32.0,-0.0030632107251067353,-0.0017650185808415486,8192.0,32768.0,6400000.0
1.0,128.0,1.0,1.0,1.0,1.0,35.0,32.0,-0.0030632107251067353,-0.0017650185808415486,32768.0,512.0,6400000.0
1.0,128.0,2.0,1.0,1.0,1.0,39.0,32.0,-0.0030632107251067353,-0.0017650185808415486,0.03125,2048.0,6400000.0
1.0,128.0,1.0,1.0,1.0,1.0,35.0,32.0,-0.0030632107251067353,-0.0017650185808415486,16384.0,16.0,6400000.0
14.0,128.0,2.0,3.0,58.0,41.0,1695.0,4768.0,0.2755258013558761,0.2825067573238387,0.03125,8.0,6400000.0
1.0,1.0,4.0,1.0,1.0,1.0,63.0,32.0,-0.0030632107251067353,-0.0017650185808415486,16384.0,0.0,6400000.0
128.0,128.0,2.0,9.0,687.0,509.0,21194.0,65056.0,0.49078956500630555,0.5032308242696852,0.03125,0.03125,6400000.0
69.0,128.0,2.0,9.0,349.0,264.0,10744.0,33408.0,0.4440109904418591,0.4535133522491208,0.0625,1.0,6400000.0
1.0,1.0,4.0,1.0,1.0,1.0,63.0,32.0,-0.0030632107251067353,-0.0017650185808415486,16384.0,256.0,6400000.0
1.0,128.0,1.0,1.0,1.0,1.0,35.0,32.0,-0.0030632107251067353,-0.0017650185808415486,16384.0,4096.0,6400000.0
1.0,128.0,2.0,1.0,1.0,1.0,39.0,32.0,-0.0030632107251067353,-0.0017650185808415486,0.015625,16384.0,6400000.0
11.0,128.0,2.0,3.0,35.0,25.0,1015.0,2592.0,0.23714634169335125,0.2431198474760431,0.125,16.0,6400000.0
128.0,128.0,2.0,9.0,702.0,508.0,21497.0,64896.0,0.4919689420827704,0.5030816993485765,0.0625,0.00390625,6400000.0
1.0,128.0,1.0,1.0,1.0,1.0,35.0,32.0,-0.0030632107251067353,-0.0017650185808415486,32768.0,2.0,6400000.0
113.0,128.0,2.0,9.0,581.0,447.0,18011.0,57056.0,0.4913752272939408,0.5015614713458052,0.0,0.25,6400000.0
3.0,128.0,2.0,2.0,9.0,6.0,287.0,576.0,0.10115259004895938,0.10346957106453547,0.0,64.0,6400000.0
128.0,128.0,2.0,9.0,701.0,508.0,21350.0,64896.0,0.49563376695025796,0.5056225130040986,0.0,0.000976562,6400000.0
1.0,128.0,2.0,1.0,1.0,1.0,39.0,32.0,-0.0030632107251067353,-0.0017650185808415486,0.0,16384.0,6400000.0
1.0,128.0,1.0,1.0,1.0,1.0,35.0,32.0,-0.0030632107251067353,-0.0017650185808415486,1024.0,0.0078125,6400000.0
1.0,128.0,1.0,1.0,1.0,1.0,35.0,32.0,-0.0030632107251067353,-0.0017650185808415486,2048.0,0.25,6400000.0
1.0,128.0,1.0,1.0,1.0,1.0,35.0,32.0,-0.0030632107251067353,-0.0017650185808415486,1024.0,2.0,6400000.0
1.0,128.0,2.0,1.0,1.0,1.0,39.0,32.0,-0.0030632107251067353,-0.0017650185808415486,0.25,256.0,6400000.0
128.0,128.0,2.0,9.0,687.0,509.0,21194.0,65056.0,0.49078956500630555,0.5032308242696852,0.000976562,0.03125,6400000.0
14.0,128.0,2.0,3.0,58.0,41.0,1695.0,4768.0,0.2755258013558761,0.2825067573238387,0.000976562,8.0,6400000.0
1.0,128.0,1.0,1.0,1.0,1.0,35.0,32.0,-0.0030632107251067353,-0.0017650185808415486,2048.0,0.000976562,6400000.0
1.0,128.0,2.0,1.0,1.0,1.0,39.0,32.0,-0.0030632107251067353,-0.0017650185808415486,0.0625,256.0,6400000.0
1.0,128.0,1.0,1.0,1.0,1.0,35.0,32.0,-0.0030632107251067353,-0.0017650185808415486,1024.0,512.0,6400000.0
1.0,128.0,1.0,1.0,1.0,1.0,35.0,32.0,-0.0030632107251067353,-0.0017650185808415486,2048.0,16384.0,6400000.0
128.0,128.0,2.0,9.0,699.0,508.0,21377.0,64896.0,0.4899456220328319,0.5028352540935921,0.125,0.0,6400000.0
1.0,128.0,1.0,1.0,1.0,1.0,35.0,32.0,-0.0030632107251067353,-0.0017650185808415486,2048.0,64.0,6400000.0
69.0,128.0,2.0,9.0,349.0,264.0,10744.0,33408.0,0.4440109904418591,0.4535133522491208,0.00195312,1.0,6400000.0
1.0,128.0,2.0,1.0,1.0,1.0,39.0,32.0,-0.0030632107251067353,-0.0017650185808415486,0.000976562,2048.0,6400000.0
1.0,128.0,2.0,1.0,1.0,1.0,39.0,32.0,-0.0030632107251067353,-0.0017650185808415486,0.125,4096.0,6400000.0
1.0,1.0,4.0,1.0,1.0,1.0,63.0,32.0,-0.0030632107251067353,-0.0017650185808415486,8192.0,128.0,6400000.0
128.0,128.0,2.0,9.0,702.0,508.0,21497.0,64896.0,0.4919689420827704,0.5030816993485765,0.00195312,0.00390625,6400000.0
128.0,128.0,2.0,9.0,705.0,508.0,21385.0,64896.0,0.4955821311647626,0.5050780596595601,0.00390625,0.0,6400000.0
1.0,1.0,4.0,1.0,1.0,1.0,63.0,32.0,-0.0030632107251067353,-0.0017650185808415486,16384.0,0.5,6400000.0
8.0,128.0,2.0,2.0,22.0,16.0,664.0,1536.0,0.184803559555608,0.19082719424152972,0.00390625,32.0,6400000.0
1.0,128.0,2.0,1.0,1.0,1.0,39.0,32.0,-0.0030632107251067353,-0.0017650185808415486,0.00390625,8192.0,6400000.0
1.0,128.0,1.0,1.0,1.0,1.0,35.0,32.0,-0.0030632107251067353,-0.0017650185808415486,4096.0,0.03125,6400000.0
1.0,128.0,1.0,1.0,1.0,1.0,35.0,32.0,-0.0030632107251067353,-0.0017650185808415486,4096.0,2048.0,6400000.0
128.0,128.0,2.0,9.0,665.0,508.0,20633.0,64896.0,0.5003212287783039,0.5091361646515526,0.00390625,0.125,6400000.0
1.0,128.0,1.0,1.0,1.0,1.0,35.0,32.0,-0.0030632107251067353,-0.0017650185808415486,4096.0,8.0,6400000.0
128.0,128.0,2.0,9.0,701.0,508.0,21399.0,64896.0,0.4911718944480181,0.5034107173430546,0.25,0.0078125,6400000.0
1.0,128.0,1.0,1.0,1.0,1.0,35.0,32.0,-0.0030632107251067353,-0.0017650185808415486,8192.0,0.00390625,6400000.0
50.0,128.0,2.0,9.0,251.0,188.0,7690.0,23680.0,0.4286639454025012,0.43882039042213217,0.25,2.0,6400000.0
1.0,128.0,2.0,1.0,1.0,1.0,39.0,32.0,-0.0030632107251067353,-0.0017650185808415486,0.00195312,256.0,6400000.0
1.0,128.0,1.0,1.0,1.0,1.0,35.0,32.0,-0.0030632107251067353,-0.0017650185808415486,8192.0,1.0,6400000.0
1.0,128.0,1.0,1.0,1.0,1.0,35.0,32.0,-0.0030632107251067353,-0.0017650185808415486,8192.0,256.0,6400000.0
1.0,128.0,2.0,1.0,1.0,1.0,39.0,32.0,-0.0030632107251067353,-0.0017650185808415486,0.0078125,1024.0,6400000.0
36.0,128.0,2.0,9.0,160.0,119.0,4865.0,14432.0,0.3910954809696322,0.4025399453147491,0.0078125,4.0,6400000.0
1.0,1.0,4.0,1.0,1.0,1.0,63.0,32.0,-0.0030632107251067353,-0.0017650185808415486,32768.0,0.00195312,6400000.0
1.0,128.0,1.0,1.0,1.0,1.0,35.0,32.0,-0.0030632107251067353,-0.0017650185808415486,32768.0,0.015625,6400000.0
128.0,128.0,2.0,9.0,699.0,509.0,21320.0,65056.0,0.48919398727479235,0.5015892834262987,0.0078125,0.015625,6400000.0
128.0,128.0,2.0,9.0,701.0,508.0,21350.0,64896.0,0.49563376695025796,0.5056225130040986,0.015625,0.00195312,6400000.0
1.0,128.0,1.0,1.0,1.0,1.0,35.0,32.0,-0.0030632107251067353,-0.0017650185808415486,16384.0,0.125,6400000.0
1.0,128.0,2.0,1.0,1.0,1.0,39.0,32.0,-0.0030632107251067353,-0.0017650185808415486,0.015625,128.0,6400000.0
1.0,128.0,2.0,1.0,1.0,1.0,39.0,32.0,-0.0030632107251067353,-0.0017650185808415486,0.03125,4096.0,6400000.0
81.0,128.0,2.0,9.0,422.0,321.0,13003.0,40992.0,0.46424358770316876,0.47568828095180316,0.015625,0.5,6400000.0
11.0,128.0,2.0,3.0,35.0,25.0,1015.0,2592.0,0.23714634169335125,0.2431198474760431,0.03125,16.0,6400000.0
1.0,128.0,1.0,1.0,1.0,1.0,35.0,32.0,-0.0030632107251067353,-0.0017650185808415486,16384.0,0.0,6400000.0
128.0,128.0,2.0,9.0,673.0,508.0,20791.0,64896.0,0.4893385914270021,0.4987975291430783,0.03125,0.0625,6400000.0
1.0,128.0,1.0,1.0,1.0,1.0,35.0,32.0,-0.0030632107251067353,-0.0017650185808415486,16384.0,32.0,6400000.0
128.0,128.0,2.0,9.0,664.0,509.0,20593.0,65056.0,0.4889657838618513,0.5006908775714195,0.125,0.125,6400000.0
1.0,1.0,4.0,1.0,1.0,1.0,63.0,32.0,-0.0030632107251067353,-0.0017650185808415486,16384.0,512.0,6400000.0
50.0,128.0,2.0,9.0,251.0,188.0,7690.0,23680.0,0.4286639454025012,0.43882039042213217,0.0625,2.0,6400000.0
1.0,1.0,4.0,1.0,1.0,1.0,63.0,32.0,-0.0030632107251067353,-0.0017650185808415486,16384.0,0.000976562,6400000.0
8.0,128.0,2.0,2.0,22.0,16.0,664.0,1536.0,0.184803559555608,0.19082719424152972,0.125,32.0,6400000.0
1.0,128.0,2.0,1.0,1.0,1.0,39.0,32.0,-0.0030632107251067353,-0.0017650185808415486,0.015625,32768.0,6400000.0
128.0,128.0,2.0,9.0,703.0,508.0,21507.0,64896.0,0.49281317346060416,0.5038739528827708,0.0625,0.0078125,6400000.0
1.0,128.0,1.0,1.0,1.0,1.0,35.0,32.0,-0.0030632107251067353,-0.0017650185808415486,16384.0,8192.0,6400000.0
1.0,128.0,1.0,1.0,1.0,1.0,35.0,32.0,-0.0030632107251067353,-0.0017650185808415486,32768.0,1024.0,6400000.0
128.0,128.0,2.0,9.0,701.0,508.0,21350.0,64896.0,0.49563376695025796,0.5056225130040986,0.0,0.00195312,6400000.0
1.0,128.0,2.0,1.0,1.0,1.0,39.0,32.0,-0.0030632107251067353,-0.0017650185808415486,0.0,128.0,6400000.0
1.0,128.0,1.0,1.0,1.0,1.0,35.0,32.0,-0.0030632107251067353,-0.0017650185808415486,32768.0,4.0,6400000.0
81.0,128.0,2.0,9.0,422.0,321.0,13003.0,40992.0,0.46424358770316876,0.47568828095180316,0.0,0.5,6400000.0
1.0,128.0,1.0,1.0,1.0,1.0,35.0,32.0,-0.0030632107251067353,-0.0017650185808415486,1024.0,0.015625,6400000.0
1.0,128.0,2.0,1.0,1.0,1.0,39.0,32.0,-0.0030632107251067353,-0.0017650185808415486,0.0,32768.0,6400000.0
1.0,128.0,1.0,1.0,1.0,1.0,35.0,32.0,-0.0030632107251067353,-0.0017650185808415486,2048.0,0.5,6400000.0
1.0,128.0,1.0,1.0,1.0,1.0,35.0,32.0,-0.0030632107251067353,-0.0017650185808415486,1024.0,4.0,6400000.0
1.0,128.0,2.0,1.0,1.0,1.0,39.0,32.0,-0.0030632107251067353,-0.0017650185808415486,0.25,512.0,6400000.0
128.0,128.0,2.0,9.0,673.0,508.0,20791.0,64896.0,0.4893385914270021,0.4987975291430783,0.000976562,0.0625,6400000.0
1.0,128.0,1.0,1.0,1.0,1.0,35.0,32.0,-0.0030632107251067353,-0.0017650185808415486,2048.0,0.00195312,6400000.0
1.0,128.0,2.0,1.0,1.0,1.0,39.0,32.0,-0.0030632107251067353,-0.0017650185808415486,0.0625,512.0,6400000.0
50.0,128.0,2.0,9.0,251.0,188.0,7690.0,23680.0,0.4286639454025012,0.43882039042213217,0.00195312,2.0,6400000.0
1.0,128.0,2.0,1.0,1.0,1.0,39.0,32.0,-0.0030632107251067353,-0.0017650185808415486,0.000976562,4096.0,6400000.0
11.0,128.0,2.0,3.0,35.0,25.0,1015.0,2592.0,0.23714634169335125,0.2431198474760431,0.000976562,16.0,6400000.0
1.0,128.0,2.0,1.0,1.0,1.0,39.0,32.0,-0.0030632107251067353,-0.0017650185808415486,0.125,8192.0,6400000.0
1.0,128.0,1.0,1.0,1.0,1.0,35.0,32.0,-0.0030632107251067353,-0.0017650185808415486,2048.0,32768.0,6400000.0
1.0,128.0,1.0,1.0,1.0,1.0,35.0,32.0,-0.0030632107251067353,-0.0017650185808415486,1024.0,1024.0,6400000.0
128.0,128.0,2.0,9.0,700.0,508.0,21469.0,64896.0,0.4903590993575283,0.5029916655297189,0.125,0.000976562,6400000.0
1.0,128.0,1.0,1.0,1.0,1.0,35.0,32.0,-0.0030632107251067353,-0.0017650185808415486,2048.0,128.0,6400000.0
128.0,128.0,2.0,9.0,703.0,508.0,21507.0,64896.0,0.49281317346060416,0.5038739528827708,0.00195312,0.0078125,6400000.0
1.0,1.0,4.0,1.0,1.0,1.0,63.0,32.0,-0.0030632107251067353,-0.0017650185808415486,8192.0,256.0,6400000.0
128.0,128.0,2.0,9.0,701.0,508.0,21350.0,64896.0,0.49563376695025796,0.5056225130040986,0.00390625,0.000976562,6400000.0
1.0,1.0,4.0,1.0,1.0,1.0,63.0,32.0,-0.0030632107251067353,-0.0017650185808415486,16384.0,1.0,6400000.0
3.0,128.0,2.0,2.0,9.0,6.0,287.0,576.0,0.10115259004895938,0.10346957106453547,0.00390625,64.0,6400000.0
1.0,128.0,1.0,1.0,1.0,1.0,35.0,32.0,-0.0030632107251067353,-0.0017650185808415486,4096.0,0.0625,6400000.0
113.0,128.0,2.0,9.0,581.0,447.0,18011.0,57056.0,0.4913752272939408,0.5015614713458052,0.00390625,0.25,6400000.0
1.0,128.0,1.0,1.0,1.0,1.0,35.0,32.0,-0.0030632107251067353,-0.0017650185808415486,4096.0,16.0,6400000.0
1.0,128.0,2.0,1.0,1.0,1.0,39.0,32.0,-0.0030632107251067353,-0.0017650185808415486,0.00390625,16384.0,6400000.0
32.0,128.0,2.0,9.0,152.0,112.0,4607.0,13824.0,0.379917723460655,0.39532009181376393,0.25,4.0,6400000.0
1.0,128.0,1.0,1.0,1.0,1.0,35.0,32.0,-0.0030632107251067353,-0.0017650185808415486,8192.0,0.0078125,6400000.0
1.0,128.0,1.0,1.0,1.0,1.0,35.0,32.0,-0.0030632107251067353,-0.0017650185808415486,4096.0,4096.0,6400000.0
1.0,128.0,1.0,1.0,1.0,1.0,35.0,32.0,-0.0030632107251067353,-0.0017650185808415486,8192.0,2.0,6400000.0
14.0,128.0,2.0,3.0,58.0,41.0,1695.0,4768.0,0.2755258013558761,0.2825067573238387,0.0078125,8.0,6400000.0
1.0,128.0,2.0,1.0,1.0,1.0,39.0,32.0,-0.0030632107251067353,-0.0017650185808415486,0.0078125,2048.0,6400000.0
1.0,1.0,4.0,1.0,1.0,1.0,63.0,32.0,-0.0030632107251067353,-0.0017650185808415486,32768.0,0.00390625,6400000.0
1.0,128.0,2.0,1.0,1.0,1.0,39.0,32.0,-0.0030632107251067353,-0.0017650185808415486,0.00195312,512.0,6400000.0
128.0,128.0,2.0,9.0,693.0,510.0,21289.0,65216.0,0.4974490436729536,0.5087261740457556,0.25,0.015625,6400000.0
1.0,128.0,1.0,1.0,1.0,1.0,35.0,32.0,-0.0030632107251067353,-0.0017650185808415486,8192.0,512.0,6400000.0
1.0,128.0,1.0,1.0,1.0,1.0,35.0,32.0,-0.0030632107251067353,-0.0017650185808415486,32768.0,0.03125,6400000.0
128.0,128.0,2.0,9.0,687.0,509.0,21194.0,65056.0,0.49078956500630555,0.5032308242696852,0.0078125,0.03125,6400000.0
1.0,128.0,1.0,1.0,1.0,1.0,35.0,32.0,-0.0030632107251067353,-0.0017650185808415486,16384.0,0.25,6400000.0
128.0,128.0,2.0,9.0,702.0,508.0,21497.0,64896.0,0.4919689420827704,0.5030816993485765,0.015625,0.00390625,6400000.0
1.0,128.0,2.0,1.0,1.0,1.0,39.0,32.0,-0.0030632107251067353,-0.0017650185808415486,0.03125,8192.0,6400000.0
69.0,128.0,2.0,9.0,349.0,264.0,10744.0,33408.0,0.4440109904418591,0.4535133522491208,0.015625,1.0,6400000.0
128.0,128.0,2.0,9.0,665.0,508.0,20633.0,64896.0,0.5003212287783039,0.5091361646515526,0.03125,0.125,6400000.0
1.0,128.0,1.0,1.0,1.0,1.0,35.0,32.0,-0.0030632107251067353,-0.0017650185808415486,16384.0,0.000976562,6400000.0
1.0,128.0,2.0,1.0,1.0,1.0,39.0,32.0,-0.0030632107251067353,-0.0017650185808415486,0.015625,256.0,6400000.0
107.0,128.0,2.0,9.0,551.0,424.0,17274.0,54144.0,0.4844137870244588,0.4916210328106112,0.125,0.25,6400000.0
1.0,128.0,1.0,1.0,1.0,1.0,35.0,32.0,-0.0030632107251067353,-0.0017650185808415486,16384.0,64.0,6400000.0
1.0,1.0,4.0,1.0,1.0,1.0,63.0,32.0,-0.0030632107251067353,-0.0017650185808415486,16384.0,0.00195312,6400000.0
8.0,128.0,2.0,2.0,22.0,16.0,664.0,1536.0,0.184803559555608,0.19082719424152972,0.03125,32.0,6400000.0
1.0,1.0,4.0,1.0,1.0,1.0,63.0,32.0,-0.0030632107251067353,-0.0017650185808415486,16384.0,1024.0,6400000.0
36.0,128.0,2.0,9.0,160.0,119.0,4865.0,14432.0,0.3910954809696322,0.4025399453147491,0.0625,4.0,6400000.0
3.0,128.0,2.0,2.0,9.0,6.0,287.0,576.0,0.10115259004895938,0.10346957106453547,0.125,64.0,6400000.0
128.0,128.0,2.0,9.0,699.0,509.0,21320.0,65056.0,0.48919398727479235,0.5015892834262987,0.0625,0.015625,6400000.0
1.0,128.0,1.0,1.0,1.0,1.0,35.0,32.0,-0.0030632107251067353,-0.0017650185808415486,16384.0,16384.0,6400000.0
128.0,128.0,2.0,9.0,705.0,508.0,21385.0,64896.0,0.4955821311647626,0.5050780596595601,0.03125,0.0,6400000.0
1.0,128.0,1.0,1.0,1.0,1.0,35.0,32.0,-0.0030632107251067353,-0.0017650185808415486,32768.0,2048.0,6400000.0
1.0,128.0,2.0,1.0,1.0,1.0,39.0,32.0,-0.0030632107251067353,-0.0017650185808415486,0.0,256.0,6400000.0
128.0,128.0,2.0,9.0,705.0,508.0,21385.0,64896.0,0.4955821311647626,0.5050780596595601,0.000976562,0.0,6400000.0
1.0,128.0,1.0,1.0,1.0,1.0,35.0,32.0,-0.0030632107251067353,-0.0017650185808415486,32768.0,8.0,6400000.0
128.0,128.0,2.0,9.0,702.0,508.0,21497.0,64896.0,0.4919689420827704,0.5030816993485765,0.0,0.00390625,6400000.0
69.0,128.0,2.0,9.0,349.0,264.0,10744.0,33408.0,0.4440109904418591,0.4535133522491208,0.0,1.0,6400000.0
1.0,128.0,1.0,1.0,1.0,1.0,35.0,32.0,-0.0030632107251067353,-0.0017650185808415486,1024.0,0.03125,6400000.0
1.0,128.0,1.0,1.0,1.0,1.0,35.0,32.0,-0.0030632107251067353,-0.0017650185808415486,2048.0,1.0,6400000.0
1.0,128.0,1.0,1.0,1.0,1.0,35.0,32.0,-0.0030632107251067353,-0.0017650185808415486,1024.0,8.0,6400000.0
1.0,128.0,2.0,1.0,1.0,1.0,39.0,32.0,-0.0030632107251067353,-0.0017650185808415486,0.25,1024.0,6400000.0
8.0,128.0,2.0,2.0,22.0,16.0,664.0,1536.0,0.184803559555608,0.19082719424152972,0.000976562,32.0,6400000.0
1.0,128.0,2.0,1.0,1.0,1.0,39.0,32.0,-0.0030632107251067353,-0.0017650185808415486,0.000976562,8192.0,6400000.0
1.0,128.0,1.0,1.0,1.0,1.0,35.0,32.0,-0.0030632107251067353,-0.0017650185808415486,2048.0,0.00390625,6400000.0
1.0,128.0,2.0,1.0,1.0,1.0,39.0,32.0,-0.0030632107251067353,-0.0017650185808415486,0.0625,1024.0,6400000.0
128.0,128.0,2.0,9.0,665.0,508.0,20633.0,64896.0,0.5003212287783039,0.5091361646515526,0.000976562,0.125,6400000.0
36.0,128.0,2.0,9.0,160.0,119.0,4865.0,14432.0,0.3910954809696322,0.4025399453147491,0.00195312,4.0,6400000.0
128.0,128.0,2.0,9.0,699.0,509.0,21320.0,65056.0,0.48919398727479235,0.5015892834262987,0.00195312,0.015625,6400000.0
1.0,128.0,1.0,1.0,1.0,1.0,35.0,32.0,-0.0030632107251067353,-0.0017650185808415486,1024.0,2048.0,6400000.0
1.0,128.0,1.0,1.0,1.0,1.0,35.0,32.0,-0.0030632107251067353,-0.0017650185808415486,4096.0,0.0,6400000.0
1.0,128.0,1.0,1.0,1.0,1.0,35.0,32.0,-0.0030632107251067353,-0.0017650185808415486,2048.0,256.0,6400000.0
128.0,128.0,2.0,9.0,702.0,509.0,21450.0,65056.0,0.48994855283454686,0.5041519480041273,0.125,0.00195312,6400000.0
1.0,1.0,4.0,1.0,1.0,1.0,63.0,32.0,-0.0030632107251067353,-0.0017650185808415486,8192.0,512.0,6400000.0
1.0,128.0,2.0,1.0,1.0,1.0,39.0,32.0,-0.0030632107251067353,-0.0017650185808415486,0.125,16384.0,6400000.0
128.0,128.0,2.0,9.0,701.0,508.0,21350.0,64896.0,0.49563376695025796,0.5056225130040986,0.00390625,0.00195312,6400000.0
1.0,1.0,4.0,1.0,1.0,1.0,63.0,32.0,-0.0030632107251067353,-0.0017650185808415486,16384.0,2.0,6400000.0
81.0,128.0,2.0,9.0,422.0,321.0,13003.0,40992.0,0.46424358770316876,0.47568828095180316,0.00390625,0.5,6400000.0
1.0,128.0,1.0,1.0,1.0,1.0,35.0,32.0,-0.0030632107251067353,-0.0017650185808415486,4096.0,0.125,6400000.0
1.0,128.0,2.0,1.0,1.0,1.0,39.0,32.0,-0.0030632107251067353,-0.0017650185808415486,0.00390625,128.0,6400000.0
1.0,128.0,1.0,1.0,1.0,1.0,35.0,32.0,-0.0030632107251067353,-0.0017650185808415486,4096.0,8192.0,6400000.0
1.0,128.0,1.0,1.0,1.0,1.0,35.0,32.0,-0.0030632107251067353,-0.0017650185808415486,4096.0,32.0,6400000.0
14.0,128.0,2.0,3.0,58.0,41.0,1695.0,4768.0,0.2755258013558761,0.2825067573238387,0.25,8.0,6400000.0
1.0,128.0,2.0,1.0,1.0,1.0,39.0,32.0,-0.0030632107251067353,-0.0017650185808415486,0.00390625,32768.0,6400000.0
1.0,128.0,1.0,1.0,1.0,1.0,35.0,32.0,-0.0030632107251067353,-0.0017650185808415486,8192.0,0.015625,6400000.0
1.0,128.0,1.0,1.0,1.0,1.0,35.0,32.0,-0.0030632107251067353,-0.0017650185808415486,8192.0,4.0,6400000.0
1.0,128.0,2.0,1.0,1.0,1.0,39.0,32.0,-0.0030632107251067353,-0.0017650185808415486,0.0078125,4096.0,6400000.0
1.0,128.0,2.0,1.0,1.0,1.0,39.0,32.0,-0.0030632107251067353,-0.0017650185808415486,0.00195312,1024.0,6400000.0
11.0,128.0,2.0,3.0,35.0,25.0,1015.0,2592.0,0.23714634169335125,0.2431198474760431,0.0078125,16.0,6400000.0
1.0,128.0,1.0,1.0,1.0,1.0,35.0,32.0,-0.0030632107251067353,-0.0017650185808415486,8192.0,1024.0,6400000.0
1.0,1.0,4.0,1.0,1.0,1.0,63.0,32.0,-0.0030632107251067353,-0.0017650185808415486,32768.0,0.0078125,6400000.0
128.0,128.0,2.0,9.0,685.0,508.0,21107.0,64896.0,0.49109796848226384,0.5027030478428703,0.25,0.03125,6400000.0
1.0,128.0,1.0,1.0,1.0,1.0,35.0,32.0,-0.0030632107251067353,-0.0017650185808415486,32768.0,0.0625,6400000.0
128.0,128.0,2.0,9.0,673.0,508.0,20791.0,64896.0,0.4893385914270021,0.4987975291430783,0.0078125,0.0625,6400000.0
1.0,128.0,1.0,1.0,1.0,1.0,35.0,32.0,-0.0030632107251067353,-0.0017650185808415486,16384.0,0.5,6400000.0
1.0,128.0,2.0,1.0,1.0,1.0,39.0,32.0,-0.0030632107251067353,-0.0017650185808415486,0.03125,16384.0,6400000.0
128.0,128.0,2.0,9.0,703.0,508.0,21507.0,64896.0,0.49281317346060416,0.5038739528827708,0.015625,0.0078125,6400000.0
50.0,128.0,2.0,9.0,251.0,188.0,7690.0,23680.0,0.4286639454025012,0.43882039042213217,0.015625,2.0,6400000.0
1.0,128.0,2.0,1.0,1.0,1.0,39.0,32.0,-0.0030632107251067353,-0.0017650185808415486,0.015625,512.0,6400000.0
107.0,128.0,2.0,9.0,551.0,424.0,17274.0,54144.0,0.4844137870244588,0.4916210328106112,0.03125,0.25,6400000.0
1.0,128.0,1.0,1.0,1.0,1.0,35.0,32.0,-0.0030632107251067353,-0.0017650185808415486,16384.0,0.00195312,6400000.0
81.0,128.0,2.0,9.0,422.0,321.0,13063.0,40992.0,0.4745940033043805,0.47877274014906257,0.125,0.5,6400000.0
3.0,128.0,2.0,2.0,9.0,6.0,287.0,576.0,0.10115259004895938,0.10346957106453547,0.03125,64.0,6400000.0
1.0,1.0,4.0,1.0,1.0,1.0,63.0,32.0,-0.0030632107251067353,-0.0017650185808415486,16384.0,0.00390625,6400000.0
1.0,128.0,1.0,1.0,1.0,1.0,35.0,32.0,-0.0030632107251067353,-0.0017650185808415486,16384.0,128.0,6400000.0
1.0,1.0,4.0,1.0,1.0,1.0,63.0,32.0,-0.0030632107251067353,-0.0017650185808415486,16384.0,2048.0,6400000.0
1.0,128.0,1.0,1.0,1.0,1.0,35.0,32.0,-0.0030632107251067353,-0.0017650185808415486,16384.0,32768.0,6400000.0
128.0,128.0,2.0,9.0,701.0,508.0,21350.0,64896.0,0.49563376695025796,0.5056225130040986,0.03125,0.000976562,6400000.0
1.0,128.0,2.0,1.0,1.0,1.0,39.0,32.0,-0.0030632107251067353,-0.0017650185808415486,0.125,128.0,6400000.0
128.0,128.0,2.0,9.0,687.0,509.0,21194.0,65056.0,0.49078956500630555,0.5032308242696852,0.0625,0.03125,6400000.0
1.0,128.0,1.0,1.0,1.0,1.0,35.0,32.0,-0.0030632107251067353,-0.0017650185808415486,32768.0,4096.0,6400000.0
14.0,128.0,2.0,3.0,58.0,41.0,1695.0,4768.0,0.2755258013558761,0.2825067573238387,0.0625,8.0,6400000.0
1.0,128.0,1.0,1.0,1.0,1.0,35.0,32.0,-0.0030632107251067353,-0.0017650185808415486,32768.0,16.0,6400000.0
1.0,128.0,2.0,1.0,1.0,1.0,39.0,32.0,-0.0030632107251067353,-0.0017650185808415486,0.0,512.0,6400000.0
50.0,128.0,2.0,9.0,251.0,188.0,7690.0,23680.0,0.4286639454025012,0.43882039042213217,0.0,2.0,6400000.0
128.0,128.0,2.0,9.0,703.0,508.0,21507.0,64896.0,0.49281317346060416,0.5038739528827708,0.0,0.0078125,6400000.0
128.0,128.0,2.0,9.0,701.0,508.0,21350.0,64896.0,0.49563376695025796,0.5056225130040986,0.000976562,0.000976562,6400000.0
1.0,128.0,2.0,1.0,1.0,1.0,39.0,32.0,-0.0030632107251067353,-0.0017650185808415486,0.25,2048.0,6400000.0
1.0,128.0,1.0,1.0,1.0,1.0,35.0,32.0,-0.0030632107251067353,-0.0017650185808415486,1024.0,0.0625,6400000.0
1.0,128.0,1.0,1.0,1.0,1.0,35.0,32.0,-0.0030632107251067353,-0.0017650185808415486,1024.0,16.0,6400000.0
1.0,128.0,1.0,1.0,1.0,1.0,35.0,32.0,-0.0030632107251067353,-0.0017650185808415486,2048.0,2.0,6400000.0
3.0,128.0,2.0,2.0,9.0,6.0,287.0,576.0,0.10115259004895938,0.10346957106453547,0.000976562,64.0,6400000.0
1.0,128.0,2.0,1.0,1.0,1.0,39.0,32.0,-0.0030632107251067353,-0.0017650185808415486,0.000976562,16384.0,6400000.0
1.0,128.0,1.0,1.0,1.0,1.0,35.0,32.0,-0.0030632107251067353,-0.0017650185808415486,2048.0,0.0078125,6400000.0
1.0,128.0,1.0,1.0,1.0,1.0,35.0,32.0,-0.0030632107251067353,-0.0017650185808415486,4096.0,0.000976562,6400000.0
113.0,128.0,2.0,9.0,581.0,447.0,18011.0,57056.0,0.4913752272939408,0.5015614713458052,0.000976562,0.25,6400000.0
1.0,128.0,1.0,1.0,1.0,1.0,35.0,32.0,-0.0030632107251067353,-0.0017650185808415486,1024.0,4096.0,6400000.0
1.0,128.0,2.0,1.0,1.0,1.0,39.0,32.0,-0.0030632107251067353,-0.0017650185808415486,0.0625,2048.0,6400000.0
128.0,128.0,2.0,9.0,687.0,509.0,21194.0,65056.0,0.49078956500630555,0.5032308242696852,0.00195312,0.03125,6400000.0
1.0,128.0,1.0,1.0,1.0,1.0,35.0,32.0,-0.0030632107251067353,-0.0017650185808415486,2048.0,512.0,6400000.0
14.0,128.0,2.0,3.0,58.0,41.0,1695.0,4768.0,0.2755258013558761,0.2825067573238387,0.00195312,8.0,6400000.0
1.0,128.0,2.0,1.0,1.0,1.0,39.0,32.0,-0.0030632107251067353,-0.0017650185808415486,0.125,32768.0,6400000.0
1.0,1.0,4.0,1.0,1.0,1.0,63.0,32.0,-0.0030632107251067353,-0.0017650185808415486,8192.0,1024.0,6400000.0
128.0,128.0,2.0,9.0,705.0,509.0,21452.0,65056.0,0.49314924431437357,0.5053702289775649,0.125,0.00390625,6400000.0
128.0,128.0,2.0,9.0,702.0,508.0,21497.0,64896.0,0.4919689420827704,0.5030816993485765,0.00390625,0.00390625,6400000.0
1.0,128.0,1.0,1.0,1.0,1.0,35.0,32.0,-0.0030632107251067353,-0.0017650185808415486,4096.0,0.25,6400000.0
69.0,128.0,2.0,9.0,349.0,264.0,10744.0,33408.0,0.4440109904418591,0.4535133522491208,0.00390625,1.0,6400000.0
1.0,128.0,2.0,1.0,1.0,1.0,39.0,32.0,-0.0030632107251067353,-0.0017650185808415486,0.00390625,256.0,6400000.0
1.0,1.0,4.0,1.0,1.0,1.0,63.0,32.0,-0.0030632107251067353,-0.0017650185808415486,16384.0,4.0,6400000.0
1.0,128.0,1.0,1.0,1.0,1.0,35.0,32.0,-0.0030632107251067353,-0.0017650185808415486,4096.0,64.0,6400000.0
1.0,128.0,1.0,1.0,1.0,1.0,35.0,32.0,-0.0030632107251067353,-0.0017650185808415486,4096.0,16384.0,6400000.0
1.0,128.0,1.0,1.0,1.0,1.0,35.0,32.0,-0.0030632107251067353,-0.0017650185808415486,8192.0,2048.0,6400000.0
11.0,128.0,2.0,3.0,35.0,25.0,1015.0,2592.0,0.23714634169335125,0.2431198474760431,0.25,16.0,6400000.0
128.0,128.0,2.0,9.0,705.0,508.0,21385.0,64896.0,0.4955821311647626,0.5050780596595601,0.0078125,0.0,6400000.0
1.0,128.0,2.0,1.0,1.0,1.0,39.0,32.0,-0.0030632107251067353,-0.0017650185808415486,0.00195312,2048.0,6400000.0
1.0,128.0,1.0,1.0,1.0,1.0,35.0,32.0,-0.0030632107251067353,-0.0017650185808415486,8192.0,8.0,6400000.0
1.0,128.0,1.0,1.0,1.0,1.0,35.0,32.0,-0.0030632107251067353,-0.0017650185808415486,8192.0,0.03125,6400000.0
1.0,128.0,2.0,1.0,1.0,1.0,39.0,32.0,-0.0030632107251067353,-0.0017650185808415486,0.0078125,8192.0,6400000.0
8.0,128.0,2.0,2.0,22.0,16.0,664.0,1536.0,0.184803559555608,0.19082719424152972,0.0078125,32.0,6400000.0
128.0,128.0,2.0,9.0,674.0,507.0,20832.0,64736.0,0.49634769733099837,0.5030291488755705,0.25,0.0625,6400000.0
1.0,128.0,2.0,1.0,1.0,1.0,39.0,32.0,-0.0030632107251067353,-0.0017650185808415486,0.03125,32768.0,6400000.0
1.0,1.0,4.0,1.0,1.0,1.0,63.0,32.0,-0.0030632107251067353,-0.0017650185808415486,32768.0,0.015625,6400000.0
128.0,128.0,2.0,9.0,665.0,508.0,20633.0,64896.0,0.5003212287783039,0.5091361646515526,0.0078125,0.125,6400000.0
1.0,128.0,1.0,1.0,1.0,1.0,35.0,32.0,-0.0030632107251067353,-0.0017650185808415486,16384.0,1.0,6400000.0
1.0,128.0,1.0,1.0,1.0,1.0,35.0,32.0,-0.0030632107251067353,-0.0017650185808415486,32768.0,0.125,6400000.0
128.0,128.0,2.0,9.0,699.0,509.0,21320.0,65056.0,0.48919398727479235,0.5015892834262987,0.015625,0.015625,6400000.0
36.0,128.0,2.0,9.0,160.0,119.0,4865.0,14432.0,0.3910954809696322,0.4025399453147491,0.015625,4.0,6400000.0
1.0,128.0,2.0,1.0,1.0,1.0,39.0,32.0,-0.0030632107251067353,-0.0017650185808415486,0.015625,1024.0,6400000.0
1.0,128.0,1.0,1.0,1.0,1.0,35.0,32.0,-0.0030632107251067353,-0.0017650185808415486,16384.0,0.00390625,6400000.0
1.0,128.0,2.0,1.0,1.0,1.0,39.0,32.0,-0.0030632107251067353,-0.0017650185808415486,0.03125,128.0,6400000.0
1.0,1.0,4.0,1.0,1.0,1.0,63.0,32.0,-0.0030632107251067353,-0.0017650185808415486,16384.0,0.0078125,6400000.0
1.0,128.0,1.0,1.0,1.0,1.0,35.0,32.0,-0.0030632107251067353,-0.0017650185808415486,32768.0,0.0,6400000.0
81.0,128.0,2.0,9.0,422.0,321.0,13003.0,40992.0,0.46424358770316876,0.47568828095180316,0.03125,0.5,6400000.0
69.0,128.0,2.0,9.0,349.0,264.0,10744.0,33408.0,0.4440109904418591,0.4535133522491208,0.125,1.0,6400000.0
1.0,1.0,4.0,1.0,1.0,1.0,63.0,32.0,-0.0030632107251067353,-0.0017650185808415486,16384.0,4096.0,6400000.0
1.0,128.0,2.0,1.0,1.0,1.0,39.0,32.0,-0.0030632107251067353,-0.0017650185808415486,0.125,256.0,6400000.0
128.0,128.0,2.0,9.0,701.0,508.0,21350.0,64896.0,0.49563376695025796,0.5056225130040986,0.03125,0.00195312,6400000.0
1.0,128.0,1.0,1.0,1.0,1.0,35.0,32.0,-0.0030632107251067353,-0.0017650185808415486,32768.0,8192.0,6400000.0
1.0,128.0,2.0,1.0,1.0,1.0,39.0,32.0,-0.0030632107251067353,-0.0017650185808415486,0.0,1024.0,6400000.0
11.0,128.0,2.0,3.0,35.0,25.0,1015.0,2592.0,0.23714634169335125,0.2431198474760431,0.0625,16.0,6400000.0
1.0,128.0,1.0,1.0,1.0,1.0,35.0,32.0,-0.0030632107251067353,-0.0017650185808415486,32768.0,32.0,6400000.0
128.0,128.0,2.0,9.0,673.0,508.0,20791.0,64896.0,0.4893385914270021,0.4987975291430783,0.0625,0.0625,6400000.0
36.0,128.0,2.0,9.0,160.0,119.0,4865.0,14432.0,0.3910954809696322,0.4025399453147491,0.0,4.0,6400000.0
1.0,128.0,1.0,1.0,1.0,1.0,35.0,32.0,-0.0030632107251067353,-0.0017650185808415486,16384.0,256.0,6400000.0
128.0,128.0,2.0,9.0,699.0,509.0,21320.0,65056.0,0.48919398727479235,0.5015892834262987,0.0,0.015625,6400000.0
128.0,128.0,2.0,9.0,701.0,508.0,21350.0,64896.0,0.49563376695025796,0.5056225130040986,0.000976562,0.00195312,6400000.0
1.0,128.0,2.0,1.0,1.0,1.0,39.0,32.0,-0.0030632107251067353,-0.0017650185808415486,0.25,4096.0,6400000.0
128.0,128.0,2.0,9.0,704.0,510.0,21361.0,65216.0,0.4889892177183748,0.5026079401225984,0.5,0.0,6400000.0
8.0,128.0,2.0,2.0,22.0,16.0,664.0,1536.0,0.184803559555608,0.19082719424152972,0.5,32.0,6400000.0
128.0,128.0,2.0,9.0,665.0,511.0,20752.0,65376.0,0.49076349995264146,0.5001104657966597,0.5,0.125,6400000.0
1.0,128.0,2.0,1.0,1.0,1.0,39.0,32.0,-0.0030632107251067353,-0.0017650185808415486,0.000976562,128.0,6400000.0
81.0,128.0,2.0,9.0,422.0,321.0,13003.0,40992.0,0.46424358770316876,0.47568828095180316,0.000976562,0.5,6400000.0
128.0,128.0,2.0,9.0,673.0,508.0,20791.0,64896.0,0.4893385914270021,0.4987975291430783,0.00195312,0.0625,6400000.0
1.0,128.0,2.0,1.0,1.0,1.0,39.0,32.0,-0.0030632107251067353,-0.0017650185808415486,0.000976562,32768.0,6400000.0
1.0,128.0,2.0,1.0,1.0,1.0,39.0,32.0,-0.0030632107251067353,-0.0017650185808415486,0.5,8192.0,6400000.0
128.0,128.0,2.0,9.0,701.0,508.0,21399.0,64896.0,0.49117269945015185,0.5034101595697023,0.125,0.0078125,6400000.0
128.0,128.0,2.0,9.0,703.0,509.0,21421.0,65056.0,0.4928248322506973,0.5042760569936054,0.25,0.0,6400000.0
1.0,128.0,2.0,1.0,1.0,1.0,39.0,32.0,-0.0030632107251067353,-0.0017650185808415486,0.0625,4096.0,6400000.0
11.0,128.0,2.0,3.0,35.0,25.0,1015.0,2592.0,0.23714634169335125,0.2431198474760431,0.00195312,16.0,6400000.0
1.0,1.0,4.0,1.0,1.0,1.0,63.0,32.0,-0.0030632107251067353,-0.0017650185808415486,8192.0,2048.0,6400000.0
27.0,128.0,2.0,8.0,137.0,98.0,4172.0,12224.0,0.3787920682276993,0.38572714882329096,1.0,4.0,6400000.0
128.0,128.0,2.0,9.0,694.0,509.0,21335.0,65056.0,0.4931252190408486,0.5040296645057406,1.0,0.015625,6400000.0
1.0,1.0,4.0,1.0,1.0,1.0,63.0,32.0,-0.0030632107251067353,-0.0017650185808415486,32768.0,0.5,6400000.0
128.0,128.0,2.0,9.0,703.0,508.0,21507.0,64896.0,0.49281317346060416,0.5038739528827708,0.00390625,0.0078125,6400000.0
1.0,1.0,4.0,1.0,1.0,1.0,63.0,32.0,-0.0030632107251067353,-0.0017650185808415486,16384.0,8.0,6400000.0
1.0,128.0,2.0,1.0,1.0,1.0,39.0,32.0,-0.0030632107251067353,-0.0017650185808415486,0.00390625,512.0,6400000.0
1.0,128.0,2.0,1.0,1.0,1.0,39.0,32.0,-0.0030632107251067353,-0.0017650185808415486,1.0,1024.0,6400000.0
50.0,128.0,2.0,9.0,251.0,188.0,7690.0,23680.0,0.4286639454025012,0.43882039042213217,0.00390625,2.0,6400000.0
128.0,128.0,2.0,9.0,709.0,509.0,21507.0,65056.0,0.49508460460478265,0.5081568428095443,2.0,0.00195312,6400000.0
88.0,128.0,2.0,9.0,460.0,350.0,14188.0,44736.0,0.4770611619081968,0.48811726862333815,2.0,0.5,6400000.0
8.0,128.0,2.0,2.0,22.0,16.0,664.0,1536.0,0.184803559555608,0.19082719424152972,0.25,32.0,6400000.0
1.0,128.0,2.0,1.0,1.0,1.0,39.0,32.0,-0.0030632107251067353,-0.0017650185808415486,2.0,128.0,6400000.0
128.0,128.0,2.0,9.0,701.0,508.0,21350.0,64896.0,0.49563376695025796,0.5056225130040986,0.0078125,0.000976562,6400000.0
3.0,128.0,2.0,2.0,9.0,6.0,287.0,576.0,0.10115259004895938,0.10346957106453547,0.0078125,64.0,6400000.0
128.0,128.0,2.0,9.0,705.0,508.0,21385.0,64896.0,0.4955821311647626,0.5050780596595601,0.0625,0.0,6400000.0
128.0,128.0,2.0,9.0,669.0,508.0,20672.0,64896.0,0.49954702713627674,0.5074239072104865,0.25,0.125,6400000.0
1.0,128.0,2.0,1.0,1.0,1.0,39.0,32.0,-0.0030632107251067353,-0.0017650185808415486,2.0,32768.0,6400000.0
1.0,128.0,2.0,1.0,1.0,1.0,39.0,32.0,-0.0030632107251067353,-0.0017650185808415486,0.00195312,4096.0,6400000.0
1.0,128.0,2.0,1.0,1.0,1.0,39.0,32.0,-0.0030632107251067353,-0.0017650185808415486,0.0078125,16384.0,6400000.0
113.0,128.0,2.0,9.0,581.0,447.0,18011.0,57056.0,0.4913752272939408,0.5015614713458052,0.0078125,0.25,6400000.0
128.0,128.0,2.0,9.0,679.0,511.0,20962.0,65376.0,0.4920957537474199,0.5039695614946496,4.0,0.0625,6400000.0
1.0,1.0,4.0,1.0,1.0,1.0,63.0,32.0,-0.0030632107251067353,-0.0017650185808415486,32768.0,0.03125,6400000.0
11.0,128.0,2.0,3.0,35.0,25.0,1015.0,2592.0,0.23714634169335125,0.2431198474760431,4.0,16.0,6400000.0
128.0,128.0,2.0,9.0,687.0,509.0,21194.0,65056.0,0.49078956500630555,0.5032308242696852,0.015625,0.03125,6400000.0
14.0,128.0,2.0,3.0,58.0,41.0,1695.0,4768.0,0.2755258013558761,0.2825067573238387,0.015625,8.0,6400000.0
1.0,128.0,2.0,1.0,1.0,1.0,39.0,32.0,-0.0030632107251067353,-0.0017650185808415486,4.0,4096.0,6400000.0
1.0,128.0,2.0,1.0,1.0,1.0,39.0,32.0,-0.0030632107251067353,-0.0017650185808415486,0.03125,256.0,6400000.0
1.0,1.0,4.0,1.0,1.0,1.0,63.0,32.0,-0.0030632107251067353,-0.0017650185808415486,16384.0,0.015625,6400000.0
69.0,128.0,2.0,9.0,349.0,264.0,10744.0,33408.0,0.4440109904418591,0.4535133522491208,0.03125,1.0,6400000.0
1.0,128.0,2.0,1.0,1.0,1.0,39.0,32.0,-0.0030632107251067353,-0.0017650185808415486,0.015625,2048.0,6400000.0
50.0,128.0,2.0,9.0,251.0,188.0,7690.0,23680.0,0.4286639454025012,0.43882039042213217,0.125,2.0,6400000.0
1.0,1.0,4.0,1.0,1.0,1.0,63.0,32.0,-0.0030632107251067353,-0.0017650185808415486,16384.0,8192.0,6400000.0
1.0,1.0,4.0,1.0,1.0,1.0,63.0,32.0,-0.0030632107251067353,-0.0017650185808415486,32768.0,512.0,6400000.0
128.0,128.0,2.0,7.0,679.0,509.0,21034.0,65056.0,0.4846955694301497,0.4900076780126795,8.0,0.0078125,6400000.0
8.0,128.0,2.0,2.0,22.0,16.0,664.0,1536.0,0.184803559555608,0.19082719424152972,0.0625,32.0,6400000.0
1.0,128.0,2.0,1.0,1.0,1.0,39.0,32.0,-0.0030632107251067353,-0.0017650185808415486,0.125,512.0,6400000.0
26.0,128.0,2.0,3.0,124.0,91.0,3761.0,11232.0,0.31952095011874393,0.32577084868578554,8.0,2.0,6400000.0
128.0,128.0,2.0,9.0,702.0,508.0,21497.0,64896.0,0.4919689420827704,0.5030816993485765,0.03125,0.00390625,6400000.0
128.0,128.0,2.0,9.0,665.0,508.0,20633.0,64896.0,0.5003212287783039,0.5091361646515526,0.0625,0.125,6400000.0
1.0,128.0,2.0,1.0,1.0,1.0,39.0,32.0,-0.0030632107251067353,-0.0017650185808415486,8.0,512.0,6400000.0
1.0,128.0,2.0,1.0,1.0,1.0,39.0,32.0,-0.0030632107251067353,-0.0017650185808415486,0.25,8192.0,6400000.0
3.0,128.0,2.0,2.0,9.0,6.0,287.0,576.0,0.10115259004895938,0.10346957106453547,0.5,64.0,6400000.0
3.0,128.0,2.0,2.0,9.0,6.0,287.0,576.0,0.10115259004895938,0.10346957106453547,16.0,64.0,6400000.0
128.0,128.0,2.0,3.0,618.0,495.0,19966.0,62816.0,0.33160853398496426,0.3364574065273822,16.0,0.000976562,6400000.0
47.0,128.0,2.0,3.0,238.0,182.0,7451.0,23104.0,0.3332276869680305,0.33633928307445815,16.0,0.25,6400000.0
53.0,128.0,2.0,2.0,257.0,211.0,8600.0,26976.0,0.25946067311471355,0.26961647397729316,32.0,0.03125,6400000.0
128.0,128.0,2.0,9.0,704.0,510.0,21361.0,65216.0,0.4889892177183748,0.5026079401225984,0.5,0.000976562,6400000.0
1.0,128.0,2.0,1.0,1.0,1.0,39.0,32.0,-0.0030632107251067353,-0.0017650185808415486,16.0,16384.0,6400000.0
109.0,128.0,2.0,9.0,565.0,434.0,17548.0,55488.0,0.49695678715128233,0.5062857933531084,0.5,0.25,6400000.0
15.0,128.0,2.0,2.0,47.0,34.0,1432.0,3520.0,0.23483331904090687,0.24244665993785774,32.0,8.0,6400000.0
128.0,128.0,2.0,9.0,693.0,510.0,21289.0,65216.0,0.49745003972947555,0.5087258205568037,0.125,0.015625,6400000.0
1.0,128.0,2.0,1.0,1.0,1.0,39.0,32.0,-0.0030632107251067353,-0.0017650185808415486,32.0,2048.0,6400000.0
1.0,128.0,2.0,1.0,1.0,1.0,39.0,32.0,-0.0030632107251067353,-0.0017650185808415486,0.5,16384.0,6400000.0
128.0,128.0,2.0,9.0,700.0,508.0,21469.0,64896.0,0.4903583183852359,0.5029921179563753,0.25,0.000976562,6400000.0
128.0,128.0,2.0,2.0,577.0,495.0,19846.0,62816.0,0.2614213880180606,0.2669416072580181,64.0,0.00390625,6400000.0
1.0,1.0,4.0,1.0,1.0,1.0,63.0,32.0,-0.0030632107251067353,-0.0017650185808415486,8192.0,4096.0,6400000.0
1.0,1.0,8.0,9.0,61.0,31.0,3649.0,4832.0,0.07679340393426726,0.07829080149547585,0.0,0.00390625,6400000.0
1.0,1.0,4.0,1.0,1.0,1.0,63.0,32.0,-0.0030632107251067353,-0.0017650185808415486,32768.0,1.0,6400000.0
14.0,128.0,2.0,3.0,58.0,41.0,1695.0,4768.0,0.2755258013558761,0.2825067573238387,1.0,8.0,6400000.0
1.0,128.0,2.0,1.0,1.0,1.0,39.0,32.0,-0.0030632107251067353,-0.0017650185808415486,0.0625,8192.0,6400000.0
128.0,128.0,2.0,9.0,690.0,510.0,21214.0,65216.0,0.4903515965623476,0.5019849796222444,1.0,0.03125,6400000.0
1.0,1.0,4.0,1.0,1.0,1.0,63.0,32.0,-0.0030632107251067353,-0.0017650185808415486,16384.0,16.0,6400000.0
25.0,128.0,2.0,2.0,98.0,78.0,3165.0,9280.0,0.25458612769279687,0.26652926967123536,64.0,1.0,6400000.0
1.0,128.0,2.0,1.0,1.0,1.0,39.0,32.0,-0.0030632107251067353,-0.0017650185808415486,128.0,0.0,6400000.0
1.0,128.0,2.0,1.0,1.0,1.0,39.0,32.0,-0.0030632107251067353,-0.0017650185808415486,64.0,256.0,6400000.0
1.0,128.0,2.0,1.0,1.0,1.0,39.0,32.0,-0.0030632107251067353,-0.0017650185808415486,1.0,2048.0,6400000.0
128.0,128.0,2.0,9.0,707.0,510.0,21451.0,65216.0,0.4936669000732532,0.5043063604687554,2.0,0.00390625,6400000.0
66.0,128.0,2.0,9.0,331.0,250.0,10110.0,31552.0,0.4549772523932427,0.46537093185980427,2.0,1.0,6400000.0
1.0,128.0,2.0,1.0,1.0,1.0,39.0,32.0,-0.0030632107251067353,-0.0017650185808415486,2.0,256.0,6400000.0
1.0,128.0,2.0,1.0,1.0,1.0,39.0,32.0,-0.0030632107251067353,-0.0017650185808415486,128.0,0.125,6400000.0
3.0,128.0,2.0,2.0,9.0,6.0,287.0,576.0,0.10115259004895938,0.10346957106453547,0.25,64.0,6400000.0
107.0,128.0,2.0,9.0,551.0,424.0,17274.0,54144.0,0.4844137870244588,0.4916210328106112,0.25,0.25,6400000.0
1.0,128.0,2.0,1.0,1.0,1.0,39.0,32.0,-0.0030632107251067353,-0.0017650185808415486,128.0,32.0,6400000.0
128.0,128.0,2.0,9.0,665.0,508.0,20646.0,64896.0,0.4863653938758884,0.5019405629337166,4.0,0.125,6400000.0
1.0,128.0,2.0,1.0,1.0,1.0,39.0,32.0,-0.0030632107251067353,-0.0017650185808415486,128.0,8192.0,6400000.0
128.0,128.0,2.0,9.0,707.0,510.0,21453.0,65216.0,0.4948604021177354,0.5069098526727939,4.0,0.0,6400000.0
1.0,1.0,4.0,1.0,1.0,1.0,63.0,32.0,-0.0030632107251067353,-0.0017650185808415486,32768.0,0.0625,6400000.0
8.0,128.0,2.0,2.0,22.0,16.0,664.0,1536.0,0.184803559555608,0.19082719424152972,4.0,32.0,6400000.0
1.0,128.0,2.0,1.0,1.0,1.0,39.0,32.0,-0.0030632107251067353,-0.0017650185808415486,256.0,1024.0,6400000.0
1.0,1.0,1.0,2.0,3.0,2.0,108.0,192.0,0.03911015413878083,0.040912063041146696,0.125,0.0078125,6400000.0
1.0,128.0,2.0,1.0,1.0,1.0,39.0,32.0,-0.0030632107251067353,-0.0017650185808415486,256.0,4.0,6400000.0
1.0,128.0,2.0,1.0,1.0,1.0,39.0,32.0,-0.0030632107251067353,-0.0017650185808415486,256.0,0.015625,6400000.0
1.0,128.0,2.0,1.0,1.0,1.0,39.0,32.0,-0.0030632107251067353,-0.0017650185808415486,4.0,8192.0,6400000.0
1.0,128.0,2.0,1.0,1.0,1.0,39.0,32.0,-0.0030632107251067353,-0.0017650185808415486,512.0,0.5,6400000.0
128.0,128.0,2.0,6.0,660.0,502.0,20472.0,63936.0,0.4772567354106563,0.4753849291531481,8.0,0.015625,6400000.0
36.0,128.0,2.0,9.0,160.0,119.0,4865.0,14432.0,0.3910954809696322,0.4025399453147491,0.125,4.0,6400000.0
1.0,1.0,4.0,1.0,1.0,1.0,63.0,32.0,-0.0030632107251067353,-0.0017650185808415486,32768.0,1024.0,6400000.0
1.0,128.0,2.0,1.0,1.0,1.0,39.0,32.0,-0.0030632107251067353,-0.0017650185808415486,512.0,0.00195312,6400000.0
1.0,128.0,2.0,1.0,1.0,1.0,39.0,32.0,-0.0030632107251067353,-0.0017650185808415486,512.0,128.0,6400000.0
1.0,1.0,8.0,4.0,13.0,7.0,1610.0,992.0,0.057805003399450605,0.060993872308649943,0.0,4.0,6400000.0
1.0,128.0,2.0,1.0,1.0,1.0,39.0,32.0,-0.0030632107251067353,-0.0017650185808415486,0.125,1024.0,6400000.0
1.0,1.0,4.0,1.0,1.0,1.0,63.0,32.0,-0.0030632107251067353,-0.0017650185808415486,16384.0,0.03125,6400000.0
21.0,128.0,2.0,3.0,95.0,69.0,2884.0,8352.0,0.3091014997011122,0.3173500317973945,8.0,4.0,6400000.0
1.0,128.0,2.0,1.0,1.0,1.0,39.0,32.0,-0.0030632107251067353,-0.0017650185808415486,512.0,32768.0,6400000.0
1.0,128.0,2.0,1.0,1.0,1.0,39.0,32.0,-0.0030632107251067353,-0.0017650185808415486,1024.0,16.0,6400000.0
1.0,1.0,4.0,1.0,1.0,1.0,63.0,32.0,-0.0030632107251067353,-0.0017650185808415486,16384.0,16384.0,6400000.0
1.0,128.0,2.0,1.0,1.0,1.0,39.0,32.0,-0.0030632107251067353,-0.0017650185808415486,0.25,16384.0,6400000.0
35.0,128.0,2.0,3.0,185.0,138.0,5750.0,17600.0,0.3290574312030965,0.3342320996375041,16.0,0.5,6400000.0
1.0,128.0,2.0,1.0,1.0,1.0,39.0,32.0,-0.0030632107251067353,-0.0017650185808415486,1024.0,4096.0,6400000.0
1.0,128.0,2.0,1.0,1.0,1.0,39.0,32.0,-0.0030632107251067353,-0.0017650185808415486,16.0,128.0,6400000.0
51.0,128.0,2.0,2.0,234.0,195.0,7842.0,24672.0,0.258364443030106,0.26933584066351557,32.0,0.0625,6400000.0
80.0,128.0,2.0,9.0,423.0,319.0,13003.0,40800.0,0.46704829909847734,0.47249047618796347,0.5,0.5,6400000.0
1.0,128.0,2.0,1.0,1.0,1.0,39.0,32.0,-0.0030632107251067353,-0.0017650185808415486,0.5,128.0,6400000.0
1.0,128.0,2.0,1.0,1.0,1.0,39.0,32.0,-0.0030632107251067353,-0.0017650185808415486,1024.0,0.0625,6400000.0
128.0,128.0,2.0,9.0,704.0,510.0,21361.0,65216.0,0.4889900518009933,0.5026084524787229,0.5,0.00195312,6400000.0
1.0,128.0,2.0,1.0,1.0,1.0,39.0,32.0,-0.0030632107251067353,-0.0017650185808415486,8.0,1024.0,6400000.0
128.0,128.0,2.0,3.0,624.0,496.0,20133.0,62976.0,0.3308807590895243,0.33625489976458234,16.0,0.00195312,6400000.0
1.0,128.0,2.0,1.0,1.0,1.0,39.0,32.0,-0.0030632107251067353,-0.0017650185808415486,16.0,32768.0,6400000.0
11.0,128.0,2.0,2.0,30.0,22.0,872.0,2112.0,0.211815897449531,0.21820531799146736,32.0,16.0,6400000.0
128.0,128.0,2.0,9.0,702.0,509.0,21450.0,65056.0,0.48994776086605274,0.5041523585916206,0.25,0.00195312,6400000.0
1.0,1.0,8.0,9.0,61.0,31.0,3649.0,4832.0,0.07679340393426726,0.07829080149547585,0.0,0.0078125,6400000.0
1.0,128.0,2.0,1.0,1.0,1.0,39.0,32.0,-0.0030632107251067353,-0.0017650185808415486,32.0,4096.0,6400000.0
1.0,1.0,4.0,1.0,1.0,1.0,63.0,32.0,-0.0030632107251067353,-0.0017650185808415486,32768.0,2.0,6400000.0
1.0,128.0,2.0,1.0,1.0,1.0,39.0,32.0,-0.0030632107251067353,-0.0017650185808415486,2048.0,0.0078125,6400000.0
1.0,128.0,2.0,1.0,1.0,1.0,39.0,32.0,-0.0030632107251067353,-0.0017650185808415486,0.5,32768.0,6400000.0
128.0,128.0,2.0,2.0,577.0,495.0,19846.0,62816.0,0.2614213880180606,0.2669416072580181,64.0,0.0078125,6400000.0
128.0,128.0,2.0,9.0,680.0,510.0,21233.0,65216.0,0.4900080799127655,0.4996865966251325,1.0,0.0625,6400000.0
1.0,1.0,4.0,1.0,1.0,1.0,63.0,32.0,-0.0030632107251067353,-0.0017650185808415486,16384.0,32.0,6400000.0
1.0,128.0,2.0,1.0,1.0,1.0,39.0,32.0,-0.0030632107251067353,-0.0017650185808415486,2048.0,2.0,6400000.0
1.0,128.0,2.0,1.0,1.0,1.0,39.0,32.0,-0.0030632107251067353,-0.0017650185808415486,64.0,512.0,6400000.0
11.0,128.0,2.0,3.0,35.0,25.0,1015.0,2592.0,0.23714634169335125,0.2431198474760431,1.0,16.0,6400000.0
1.0,128.0,2.0,1.0,1.0,1.0,39.0,32.0,-0.0030632107251067353,-0.0017650185808415486,128.0,0.000976562,6400000.0
1.0,128.0,2.0,1.0,1.0,1.0,39.0,32.0,-0.0030632107251067353,-0.0017650185808415486,2048.0,512.0,6400000.0
22.0,128.0,2.0,2.0,87.0,69.0,2845.0,8224.0,0.2533548419140267,0.2641108116508766,64.0,2.0,6400000.0
1.0,128.0,2.0,1.0,1.0,1.0,39.0,32.0,-0.0030632107251067353,-0.0017650185808415486,1.0,4096.0,6400000.0
1.0,128.0,2.0,1.0,1.0,1.0,39.0,32.0,-0.0030632107251067353,-0.0017650185808415486,2.0,512.0,6400000.0
1.0,128.0,2.0,1.0,1.0,1.0,39.0,32.0,-0.0030632107251067353,-0.0017650185808415486,0.25,128.0,6400000.0
128.0,128.0,2.0,9.0,702.0,508.0,21340.0,64896.0,0.4925291515793938,0.5038796400334117,2.0,0.0078125,6400000.0
50.0,128.0,2.0,9.0,251.0,185.0,7611.0,23200.0,0.4284915323890307,0.4442750188873391,2.0,2.0,6400000.0
1.0,128.0,2.0,1.0,1.0,1.0,39.0,32.0,-0.0030632107251067353,-0.0017650185808415486,128.0,0.25,6400000.0
128.0,128.0,2.0,9.0,706.0,510.0,21417.0,65216.0,0.4920508158563063,0.5054871569002228,4.0,0.000976562,6400000.0
103.0,128.0,2.0,8.0,528.0,409.0,16474.0,52256.0,0.4652302192966672,0.48028456586449264,4.0,0.25,6400000.0
1.0,1.0,1.0,2.0,3.0,2.0,108.0,192.0,0.03911015413878083,0.040912063041146696,0.125,0.015625,6400000.0
80.0,128.0,2.0,9.0,419.0,318.0,12953.0,40640.0,0.46555229779486706,0.48118472791442035,0.25,0.5,6400000.0
1.0,1.0,4.0,1.0,1.0,1.0,63.0,32.0,-0.0030632107251067353,-0.0017650185808415486,32768.0,0.125,6400000.0
1.0,128.0,2.0,1.0,1.0,1.0,39.0,32.0,-0.0030632107251067353,-0.0017650185808415486,128.0,64.0,6400000.0
1.0,128.0,2.0,1.0,1.0,1.0,39.0,32.0,-0.0030632107251067353,-0.0017650185808415486,128.0,16384.0,6400000.0
3.0,128.0,2.0,2.0,9.0,6.0,287.0,576.0,0.10115259004895938,0.10346957106453547,4.0,64.0,6400000.0
1.0,128.0,2.0,1.0,1.0,1.0,39.0,32.0,-0.0030632107251067353,-0.0017650185808415486,256.0,8.0,6400000.0
1.0,128.0,2.0,1.0,1.0,1.0,39.0,32.0,-0.0030632107251067353,-0.0017650185808415486,256.0,2048.0,6400000.0
1.0,128.0,2.0,1.0,1.0,1.0,39.0,32.0,-0.0030632107251067353,-0.0017650185808415486,256.0,0.03125,6400000.0
1.0,128.0,2.0,1.0,1.0,1.0,39.0,32.0,-0.0030632107251067353,-0.0017650185808415486,4.0,16384.0,6400000.0
1.0,128.0,2.0,1.0,1.0,1.0,39.0,32.0,-0.0030632107251067353,-0.0017650185808415486,512.0,1.0,6400000.0
1.0,128.0,2.0,1.0,1.0,1.0,39.0,32.0,-0.0030632107251067353,-0.0017650185808415486,512.0,0.00390625,6400000.0
1.0,128.0,2.0,1.0,1.0,1.0,39.0,32.0,-0.0030632107251067353,-0.0017650185808415486,512.0,256.0,6400000.0
1.0,1.0,8.0,1.0,1.0,1.0,543.0,32.0,-0.0030632107251067353,-0.0017650185808415486,0.0,4096.0,6400000.0
128.0,128.0,2.0,6.0,657.0,501.0,20497.0,63776.0,0.47425342824174255,0.4730543557514315,8.0,0.03125,6400000.0
14.0,128.0,2.0,3.0,58.0,41.0,1695.0,4768.0,0.2755258013558761,0.2825067573238387,8.0,8.0,6400000.0
1.0,1.0,8.0,3.0,5.0,3.0,914.0,352.0,0.048146068319603885,0.051476191507202285,0.0,8.0,6400000.0
1.0,1.0,4.0,1.0,1.0,1.0,63.0,32.0,-0.0030632107251067353,-0.0017650185808415486,32768.0,2048.0,6400000.0
1.0,128.0,2.0,1.0,1.0,1.0,39.0,32.0,-0.0030632107251067353,-0.0017650185808415486,1024.0,32.0,6400000.0
1.0,128.0,2.0,1.0,1.0,1.0,39.0,32.0,-0.0030632107251067353,-0.0017650185808415486,0.25,32768.0,6400000.0
1.0,128.0,2.0,1.0,1.0,1.0,39.0,32.0,-0.0030632107251067353,-0.0017650185808415486,4096.0,0.25,6400000.0
1.0,1.0,4.0,1.0,1.0,1.0,63.0,32.0,-0.0030632107251067353,-0.0017650185808415486,16384.0,32768.0,6400000.0
1.0,128.0,2.0,1.0,1.0,1.0,39.0,32.0,-0.0030632107251067353,-0.0017650185808415486,4096.0,0.000976562,6400000.0
1.0,128.0,2.0,1.0,1.0,1.0,39.0,32.0,-0.0030632107251067353,-0.0017650185808415486,1024.0,0.0,6400000.0
62.0,128.0,2.0,9.0,322.0,238.0,9670.0,30144.0,0.44470060873170547,0.45896323054240307,0.5,1.0,6400000.0
1.0,128.0,2.0,1.0,1.0,1.0,39.0,32.0,-0.0030632107251067353,-0.0017650185808415486,1024.0,8192.0,6400000.0
32.0,128.0,2.0,3.0,156.0,117.0,4821.0,14624.0,0.32504189162464603,0.33158696229191764,16.0,1.0,6400000.0
39.0,128.0,2.0,2.0,162.0,137.0,5411.0,16928.0,0.25905992569632974,0.2709832339157031,32.0,0.125,6400000.0
1.0,128.0,2.0,1.0,1.0,1.0,39.0,32.0,-0.0030632107251067353,-0.0017650185808415486,1024.0,0.125,6400000.0
1.0,128.0,2.0,1.0,1.0,1.0,39.0,32.0,-0.0030632107251067353,-0.0017650185808415486,16.0,256.0,6400000.0
128.0,128.0,2.0,9.0,702.0,510.0,21288.0,65216.0,0.48934751101195784,0.5019179332277146,0.5,0.00390625,6400000.0
1.0,128.0,2.0,1.0,1.0,1.0,39.0,32.0,-0.0030632107251067353,-0.0017650185808415486,8.0,2048.0,6400000.0
1.0,128.0,2.0,1.0,1.0,1.0,39.0,32.0,-0.0030632107251067353,-0.0017650185808415486,0.5,256.0,6400000.0
8.0,128.0,2.0,2.0,22.0,16.0,664.0,1536.0,0.184803559555608,0.19082719424152972,32.0,32.0,6400000.0
128.0,128.0,2.0,3.0,620.0,496.0,20098.0,62976.0,0.33188823624114006,0.33610864158219167,16.0,0.00390625,6400000.0
128.0,128.0,2.0,2.0,586.0,503.0,20190.0,64096.0,0.2613569362781697,0.2669191944694853,32.0,0.0,6400000.0
1.0,128.0,2.0,1.0,1.0,1.0,39.0,32.0,-0.0030632107251067353,-0.0017650185808415486,2048.0,0.015625,6400000.0
1.0,1.0,4.0,1.0,1.0,1.0,63.0,32.0,-0.0030632107251067353,-0.0017650185808415486,32768.0,4.0,6400000.0
1.0,128.0,2.0,1.0,1.0,1.0,39.0,32.0,-0.0030632107251067353,-0.0017650185808415486,32.0,8192.0,6400000.0
72.0,128.0,2.0,2.0,343.0,283.0,11364.0,36064.0,0.2598232841298568,0.2689191951493547,64.0,0.015625,6400000.0
128.0,128.0,2.0,9.0,703.0,508.0,21371.0,64896.0,0.49010050534619987,0.5034381646389546,1.0,0.0,6400000.0
1.0,1.0,8.0,9.0,61.0,31.0,3649.0,4832.0,0.07679340393426726,0.07829080149547585,0.0,0.015625,6400000.0
1.0,128.0,2.0,1.0,1.0,1.0,39.0,32.0,-0.0030632107251067353,-0.0017650185808415486,4096.0,64.0,6400000.0
128.0,128.0,2.0,9.0,661.0,507.0,20685.0,64736.0,0.4961119530260161,0.502735767582093,1.0,0.125,6400000.0
1.0,128.0,2.0,1.0,1.0,1.0,39.0,32.0,-0.0030632107251067353,-0.0017650185808415486,64.0,1024.0,6400000.0
1.0,128.0,2.0,1.0,1.0,1.0,39.0,32.0,-0.0030632107251067353,-0.0017650185808415486,2048.0,1024.0,6400000.0
1.0,128.0,2.0,1.0,1.0,1.0,39.0,32.0,-0.0030632107251067353,-0.0017650185808415486,2048.0,4.0,6400000.0
8.0,128.0,2.0,2.0,22.0,16.0,664.0,1536.0,0.184803559555608,0.19082719424152972,1.0,32.0,6400000.0
1.0,128.0,2.0,1.0,1.0,1.0,39.0,32.0,-0.0030632107251067353,-0.0017650185808415486,128.0,0.00195312,6400000.0
19.0,128.0,2.0,2.0,74.0,57.0,2380.0,6688.0,0.2512662014893755,0.2606608379591845,64.0,4.0,6400000.0
1.0,128.0,2.0,1.0,1.0,1.0,39.0,32.0,-0.0030632107251067353,-0.0017650185808415486,2.0,1024.0,6400000.0
1.0,128.0,2.0,1.0,1.0,1.0,39.0,32.0,-0.0030632107251067353,-0.0017650185808415486,4096.0,16384.0,6400000.0
128.0,128.0,2.0,9.0,701.0,509.0,21386.0,65056.0,0.49557980420882075,0.5038573097607364,2.0,0.015625,6400000.0
1.0,128.0,2.0,1.0,1.0,1.0,39.0,32.0,-0.0030632107251067353,-0.0017650185808415486,1.0,8192.0,6400000.0
1.0,128.0,2.0,1.0,1.0,1.0,39.0,32.0,-0.0030632107251067353,-0.0017650185808415486,8192.0,0.03125,6400000.0
1.0,128.0,2.0,1.0,1.0,1.0,39.0,32.0,-0.0030632107251067353,-0.0017650185808415486,128.0,0.5,6400000.0
29.0,128.0,2.0,8.0,141.0,103.0,4271.0,12768.0,0.3683335198985188,0.38060345226667425,2.0,4.0,6400000.0
128.0,128.0,2.0,9.0,704.0,510.0,21354.0,65216.0,0.49191650028399414,0.5056540559150293,4.0,0.00195312,6400000.0
1.0,1.0,1.0,2.0,3.0,2.0,108.0,192.0,0.03911015413878083,0.040912063041146696,0.125,0.03125,6400000.0
1.0,1.0,4.0,1.0,1.0,1.0,63.0,32.0,-0.0030632107251067353,-0.0017650185808415486,32768.0,0.25,6400000.0
1.0,128.0,2.0,1.0,1.0,1.0,39.0,32.0,-0.0030632107251067353,-0.0017650185808415486,256.0,4096.0,6400000.0
1.0,128.0,2.0,1.0,1.0,1.0,39.0,32.0,-0.0030632107251067353,-0.0017650185808415486,8192.0,8.0,6400000.0
73.0,128.0,2.0,8.0,391.0,291.0,11988.0,37216.0,0.46085108244566775,0.47276798268577314,4.0,0.5,6400000.0
1.0,128.0,2.0,1.0,1.0,1.0,39.0,32.0,-0.0030632107251067353,-0.0017650185808415486,4.0,128.0,6400000.0
1.0,128.0,2.0,1.0,1.0,1.0,39.0,32.0,-0.0030632107251067353,-0.0017650185808415486,128.0,128.0,6400000.0
1.0,128.0,2.0,1.0,1.0,1.0,39.0,32.0,-0.0030632107251067353,-0.0017650185808415486,256.0,16.0,6400000.0
1.0,128.0,2.0,1.0,1.0,1.0,39.0,32.0,-0.0030632107251067353,-0.0017650185808415486,256.0,0.0625,6400000.0
1.0,128.0,2.0,1.0,1.0,1.0,39.0,32.0,-0.0030632107251067353,-0.0017650185808415486,128.0,32768.0,6400000.0
1.0,128.0,2.0,1.0,1.0,1.0,39.0,32.0,-0.0030632107251067353,-0.0017650185808415486,4.0,32768.0,6400000.0
1.0,128.0,2.0,1.0,1.0,1.0,39.0,32.0,-0.0030632107251067353,-0.0017650185808415486,512.0,2.0,6400000.0
128.0,128.0,2.0,6.0,648.0,502.0,20487.0,63936.0,0.4746919700082769,0.47396423960501066,8.0,0.0625,6400000.0
1.0,128.0,2.0,1.0,1.0,1.0,39.0,32.0,-0.0030632107251067353,-0.0017650185808415486,512.0,0.0078125,6400000.0
1.0,1.0,8.0,1.0,1.0,1.0,543.0,32.0,-0.0030632107251067353,-0.0017650185808415486,0.0,8192.0,6400000.0
11.0,128.0,2.0,2.0,30.0,22.0,872.0,2112.0,0.211815897449531,0.21820531799146736,8.0,16.0,6400000.0
1.0,128.0,2.0,1.0,1.0,1.0,39.0,32.0,-0.0030632107251067353,-0.0017650185808415486,512.0,512.0,6400000.0
1.0,1.0,8.0,3.0,5.0,3.0,914.0,352.0,0.048146068319603885,0.051476191507202285,0.0,16.0,6400000.0
1.0,128.0,2.0,1.0,1.0,1.0,39.0,32.0,-0.0030632107251067353,-0.0017650185808415486,4096.0,0.5,6400000.0
1.0,128.0,2.0,1.0,1.0,1.0,39.0,32.0,-0.0030632107251067353,-0.0017650185808415486,1024.0,64.0,6400000.0
1.0,1.0,4.0,1.0,1.0,1.0,63.0,32.0,-0.0030632107251067353,-0.0017650185808415486,32768.0,4096.0,6400000.0
1.0,128.0,2.0,1.0,1.0,1.0,39.0,32.0,-0.0030632107251067353,-0.0017650185808415486,4096.0,0.00195312,6400000.0
1.0,128.0,2.0,1.0,1.0,1.0,39.0,32.0,-0.0030632107251067353,-0.0017650185808415486,1024.0,0.000976562,6400000.0
24.0,128.0,2.0,3.0,122.0,88.0,3665.0,11008.0,0.31791595940948225,0.32417768192787355,16.0,2.0,6400000.0
46.0,128.0,2.0,9.0,227.0,172.0,6972.0,21632.0,0.4080351142330678,0.4212839842730328,0.5,2.0,6400000.0
1.0,128.0,2.0,1.0,1.0,1.0,39.0,32.0,-0.0030632107251067353,-0.0017650185808415486,16384.0,0.00390625,6400000.0
1.0,128.0,2.0,1.0,1.0,1.0,39.0,32.0,-0.0030632107251067353,-0.0017650185808415486,8192.0,2048.0,6400000.0
1.0,128.0,2.0,1.0,1.0,1.0,39.0,32.0,-0.0030632107251067353,-0.0017650185808415486,8.0,4096.0,6400000.0
39.0,128.0,2.0,2.0,159.0,135.0,5305.0,16608.0,0.2593817969921589,0.27101805589306294,32.0,0.25,6400000.0
1.0,128.0,2.0,1.0,1.0,1.0,39.0,32.0,-0.0030632107251067353,-0.0017650185808415486,1024.0,0.25,6400000.0
1.0,128.0,2.0,1.0,1.0,1.0,39.0,32.0,-0.0030632107251067353,-0.0017650185808415486,1024.0,16384.0,6400000.0
3.0,128.0,2.0,2.0,9.0,6.0,287.0,576.0,0.10115259004895938,0.10346957106453547,32.0,64.0,6400000.0
1.0,128.0,2.0,1.0,1.0,1.0,39.0,32.0,-0.0030632107251067353,-0.0017650185808415486,16.0,512.0,6400000.0
1.0,128.0,2.0,1.0,1.0,1.0,39.0,32.0,-0.0030632107251067353,-0.0017650185808415486,0.5,512.0,6400000.0
128.0,128.0,2.0,3.0,620.0,495.0,20166.0,62816.0,0.3319616282522604,0.3358005048131608,16.0,0.0078125,6400000.0
128.0,128.0,2.0,2.0,586.0,503.0,20190.0,64096.0,0.2613569362781697,0.2669191944694853,32.0,0.000976562,6400000.0
128.0,128.0,2.0,9.0,697.0,510.0,21342.0,65216.0,0.4928671510110114,0.5008053442541838,0.5,0.0078125,6400000.0
1.0,128.0,2.0,1.0,1.0,1.0,39.0,32.0,-0.0030632107251067353,-0.0017650185808415486,2048.0,0.03125,6400000.0
1.0,1.0,4.0,1.0,1.0,1.0,63.0,32.0,-0.0030632107251067353,-0.0017650185808415486,32768.0,8.0,6400000.0
53.0,128.0,2.0,2.0,257.0,211.0,8600.0,26976.0,0.25946067311471355,0.26961647397729316,64.0,0.03125,6400000.0
1.0,128.0,2.0,1.0,1.0,1.0,39.0,32.0,-0.0030632107251067353,-0.0017650185808415486,4096.0,128.0,6400000.0
1.0,128.0,2.0,1.0,1.0,1.0,39.0,32.0,-0.0030632107251067353,-0.0017650185808415486,32.0,16384.0,6400000.0
128.0,128.0,2.0,9.0,702.0,508.0,21432.0,64896.0,0.49312550880821515,0.5058976038547718,1.0,0.000976562,6400000.0
1.0,1.0,8.0,9.0,61.0,31.0,3649.0,4832.0,0.07679340393426726,0.07829080149547585,0.0,0.03125,6400000.0
1.0,128.0,2.0,1.0,1.0,1.0,39.0,32.0,-0.0030632107251067353,-0.0017650185808415486,2048.0,2048.0,6400000.0
1.0,128.0,2.0,1.0,1.0,1.0,39.0,32.0,-0.0030632107251067353,-0.0017650185808415486,64.0,2048.0,6400000.0
1.0,128.0,2.0,1.0,1.0,1.0,39.0,32.0,-0.0030632107251067353,-0.0017650185808415486,2048.0,8.0,6400000.0
1.0,128.0,2.0,1.0,1.0,1.0,39.0,32.0,-0.0030632107251067353,-0.0017650185808415486,4096.0,32768.0,6400000.0
1.0,128.0,2.0,1.0,1.0,1.0,39.0,32.0,-0.0030632107251067353,-0.0017650185808415486,128.0,0.00390625,6400000.0
1.0,128.0,2.0,1.0,1.0,1.0,39.0,32.0,-0.0030632107251067353,-0.0017650185808415486,2.0,2048.0,6400000.0
15.0,128.0,2.0,2.0,47.0,34.0,1432.0,3520.0,0.23483331904090687,0.24244665993785774,64.0,8.0,6400000.0
109.0,128.0,2.0,9.0,563.0,436.0,17642.0,55808.0,0.49572815514990753,0.5004547695107084,1.0,0.25,6400000.0
3.0,128.0,2.0,2.0,9.0,6.0,287.0,576.0,0.10115259004895938,0.10346957106453547,1.0,64.0,6400000.0
1.0,128.0,2.0,1.0,1.0,1.0,39.0,32.0,-0.0030632107251067353,-0.0017650185808415486,8192.0,0.0625,6400000.0
1.0,128.0,2.0,1.0,1.0,1.0,39.0,32.0,-0.0030632107251067353,-0.0017650185808415486,1.0,16384.0,6400000.0
1.0,128.0,2.0,1.0,1.0,1.0,39.0,32.0,-0.0030632107251067353,-0.0017650185808415486,128.0,1.0,6400000.0
128.0,128.0,2.0,9.0,688.0,508.0,21080.0,64896.0,0.4924774409396826,0.5031384930861393,2.0,0.03125,6400000.0
14.0,128.0,2.0,3.0,58.0,41.0,1695.0,4768.0,0.2755258013558761,0.2825067573238387,2.0,8.0,6400000.0
128.0,128.0,2.0,9.0,706.0,510.0,21477.0,65216.0,0.4932181474434233,0.5060824182377317,4.0,0.00390625,6400000.0
1.0,1.0,1.0,2.0,3.0,2.0,108.0,192.0,0.03911015413878083,0.040912063041146696,0.125,0.0625,6400000.0
1.0,128.0,2.0,1.0,1.0,1.0,39.0,32.0,-0.0030632107251067353,-0.0017650185808415486,16384.0,1.0,6400000.0
60.0,128.0,2.0,8.0,312.0,235.0,9490.0,29920.0,0.44250722625257677,0.46036586946347924,4.0,1.0,6400000.0
1.0,128.0,2.0,1.0,1.0,1.0,39.0,32.0,-0.0030632107251067353,-0.0017650185808415486,128.0,256.0,6400000.0
1.0,128.0,2.0,1.0,1.0,1.0,39.0,32.0,-0.0030632107251067353,-0.0017650185808415486,4.0,256.0,6400000.0
1.0,128.0,2.0,1.0,1.0,1.0,39.0,32.0,-0.0030632107251067353,-0.0017650185808415486,256.0,8192.0,6400000.0
1.0,128.0,2.0,1.0,1.0,1.0,39.0,32.0,-0.0030632107251067353,-0.0017650185808415486,256.0,32.0,6400000.0
1.0,128.0,2.0,1.0,1.0,1.0,39.0,32.0,-0.0030632107251067353,-0.0017650185808415486,256.0,0.125,6400000.0
1.0,128.0,2.0,1.0,1.0,1.0,39.0,32.0,-0.0030632107251067353,-0.0017650185808415486,256.0,0.0,6400000.0
128.0,128.0,2.0,7.0,675.0,506.0,20907.0,64576.0,0.4823184359222148,0.4882998398532642,8.0,0.0,6400000.0
1.0,128.0,2.0,1.0,1.0,1.0,39.0,32.0,-0.0030632107251067353,-0.0017650185808415486,8192.0,16.0,6400000.0
1.0,128.0,2.0,1.0,1.0,1.0,39.0,32.0,-0.0030632107251067353,-0.0017650185808415486,512.0,4.0,6400000.0
1.0,1.0,8.0,1.0,1.0,1.0,543.0,32.0,-0.0030632107251067353,-0.0017650185808415486,0.0,16384.0,6400000.0
1.0,128.0,2.0,1.0,1.0,1.0,39.0,32.0,-0.0030632107251067353,-0.0017650185808415486,512.0,0.015625,6400000.0
103.0,128.0,2.0,6.0,541.0,409.0,16767.0,52256.0,0.46223042987471763,0.45955334703655715,8.0,0.125,6400000.0
8.0,128.0,2.0,2.0,22.0,16.0,664.0,1536.0,0.184803559555608,0.19082719424152972,8.0,32.0,6400000.0
1.0,1.0,4.0,1.0,1.0,1.0,63.0,32.0,-0.0030632107251067353,-0.0017650185808415486,32768.0,8192.0,6400000.0
1.0,128.0,2.0,1.0,1.0,1.0,39.0,32.0,-0.0030632107251067353,-0.0017650185808415486,4096.0,1.0,6400000.0
1.0,1.0,8.0,2.0,3.0,2.0,616.0,192.0,0.03911015413878083,0.040912063041146696,0.0,32.0,6400000.0
1.0,128.0,2.0,1.0,1.0,1.0,39.0,32.0,-0.0030632107251067353,-0.0017650185808415486,512.0,1024.0,6400000.0
1.0,128.0,2.0,1.0,1.0,1.0,39.0,32.0,-0.0030632107251067353,-0.0017650185808415486,1024.0,128.0,6400000.0
1.0,128.0,2.0,1.0,1.0,1.0,39.0,32.0,-0.0030632107251067353,-0.0017650185808415486,1024.0,0.00195312,6400000.0
1.0,128.0,2.0,1.0,1.0,1.0,39.0,32.0,-0.0030632107251067353,-0.0017650185808415486,4096.0,0.00390625,6400000.0
21.0,128.0,2.0,3.0,99.0,72.0,2931.0,8832.0,0.3091526342386791,0.3166052038468572,16.0,4.0,6400000.0
1.0,128.0,2.0,1.0,1.0,1.0,39.0,32.0,-0.0030632107251067353,-0.0017650185808415486,32.0,128.0,6400000.0
34.0,128.0,2.0,8.0,154.0,114.0,4701.0,13888.0,0.38259743933417434,0.3960951675074147,0.5,4.0,6400000.0
1.0,128.0,2.0,1.0,1.0,1.0,39.0,32.0,-0.0030632107251067353,-0.0017650185808415486,8.0,8192.0,6400000.0
1.0,128.0,2.0,1.0,1.0,1.0,39.0,32.0,-0.0030632107251067353,-0.0017650185808415486,8192.0,4096.0,6400000.0
1.0,128.0,2.0,1.0,1.0,1.0,39.0,32.0,-0.0030632107251067353,-0.0017650185808415486,1024.0,32768.0,6400000.0
1.0,128.0,2.0,1.0,1.0,1.0,39.0,32.0,-0.0030632107251067353,-0.0017650185808415486,16.0,1024.0,6400000.0
1.0,128.0,2.0,1.0,1.0,1.0,39.0,32.0,-0.0030632107251067353,-0.0017650185808415486,1024.0,0.5,6400000.0
1.0,128.0,2.0,1.0,1.0,1.0,39.0,32.0,-0.0030632107251067353,-0.0017650185808415486,0.5,1024.0,6400000.0
128.0,128.0,2.0,3.0,615.0,500.0,20117.0,63616.0,0.33191756626011315,0.33582820938933833,16.0,0.015625,6400000.0
28.0,128.0,2.0,2.0,130.0,109.0,4298.0,13856.0,0.2589595133955369,0.26969276798452724,32.0,0.5,6400000.0
1.0,128.0,2.0,1.0,1.0,1.0,39.0,32.0,-0.0030632107251067353,-0.0017650185808415486,16384.0,0.0078125,6400000.0
128.0,128.0,2.0,9.0,694.0,511.0,21439.0,65376.0,0.4926391692999792,0.5039393347773453,0.5,0.015625,6400000.0
128.0,128.0,2.0,2.0,577.0,495.0,19846.0,62816.0,0.2614213880180606,0.2669416072580181,32.0,0.00195312,6400000.0
1.0,1.0,4.0,1.0,1.0,1.0,63.0,32.0,-0.0030632107251067353,-0.0017650185808415486,32768.0,16.0,6400000.0
1.0,128.0,2.0,1.0,1.0,1.0,39.0,32.0,-0.0030632107251067353,-0.0017650185808415486,2048.0,0.0625,6400000.0
1.0,128.0,2.0,1.0,1.0,1.0,39.0,32.0,-0.0030632107251067353,-0.0017650185808415486,32.0,32768.0,6400000.0
51.0,128.0,2.0,2.0,234.0,195.0,7842.0,24672.0,0.258364443030106,0.26933584066351557,64.0,0.0625,6400000.0
1.0,128.0,2.0,1.0,1.0,1.0,39.0,32.0,-0.0030632107251067353,-0.0017650185808415486,4096.0,256.0,6400000.0
128.0,128.0,2.0,9.0,701.0,508.0,21369.0,64896.0,0.4909455473116102,0.5035498765886578,1.0,0.00195312,6400000.0
1.0,1.0,8.0,9.0,61.0,31.0,3649.0,4832.0,0.07679340393426726,0.07829080149547585,0.0,0.0625,6400000.0
1.0,128.0,2.0,1.0,1.0,1.0,39.0,32.0,-0.0030632107251067353,-0.0017650185808415486,2048.0,4096.0,6400000.0
1.0,128.0,2.0,1.0,1.0,1.0,39.0,32.0,-0.0030632107251067353,-0.0017650185808415486,2048.0,16.0,6400000.0
1.0,128.0,2.0,1.0,1.0,1.0,39.0,32.0,-0.0030632107251067353,-0.0017650185808415486,2.0,4096.0,6400000.0
1.0,128.0,2.0,1.0,1.0,1.0,39.0,32.0,-0.0030632107251067353,-0.0017650185808415486,8192.0,0.0,6400000.0
11.0,128.0,2.0,2.0,30.0,22.0,872.0,2112.0,0.211815897449531,0.21820531799146736,64.0,16.0,6400000.0
1.0,128.0,2.0,1.0,1.0,1.0,39.0,32.0,-0.0030632107251067353,-0.0017650185808415486,1.0,128.0,6400000.0
1.0,128.0,2.0,1.0,1.0,1.0,39.0,32.0,-0.0030632107251067353,-0.0017650185808415486,8192.0,0.125,6400000.0
1.0,128.0,2.0,1.0,1.0,1.0,39.0,32.0,-0.0030632107251067353,-0.0017650185808415486,64.0,4096.0,6400000.0
1.0,128.0,2.0,1.0,1.0,1.0,39.0,32.0,-0.0030632107251067353,-0.0017650185808415486,128.0,2.0,6400000.0
1.0,128.0,2.0,1.0,1.0,1.0,39.0,32.0,-0.0030632107251067353,-0.0017650185808415486,128.0,0.0078125,6400000.0
1.0,128.0,2.0,1.0,1.0,1.0,39.0,32.0,-0.0030632107251067353,-0.0017650185808415486,1.0,32768.0,6400000.0
128.0,128.0,2.0,9.0,679.0,508.0,20811.0,64896.0,0.495606318646004,0.5083115365590926,2.0,0.0625,6400000.0
11.0,128.0,2.0,3.0,35.0,25.0,1015.0,2592.0,0.23714634169335125,0.2431198474760431,2.0,16.0,6400000.0
88.0,128.0,2.0,9.0,456.0,349.0,14080.0,44576.0,0.473504628372021,0.48638983203364494,1.0,0.5,6400000.0
128.0,128.0,2.0,9.0,702.0,509.0,21261.0,65056.0,0.5053703027031156,0.5120625473698888,4.0,0.0078125,6400000.0
1.0,128.0,2.0,1.0,1.0,1.0,39.0,32.0,-0.0030632107251067353,-0.0017650185808415486,16384.0,2.0,6400000.0
1.0,128.0,2.0,1.0,1.0,1.0,39.0,32.0,-0.0030632107251067353,-0.0017650185808415486,256.0,16384.0,6400000.0
41.0,128.0,2.0,7.0,205.0,153.0,6275.0,19232.0,0.4076953253076021,0.42160670156685387,4.0,2.0,6400000.0
1.0,128.0,2.0,1.0,1.0,1.0,39.0,32.0,-0.0030632107251067353,-0.0017650185808415486,256.0,64.0,6400000.0
1.0,128.0,2.0,1.0,1.0,1.0,39.0,32.0,-0.0030632107251067353,-0.0017650185808415486,256.0,0.25,6400000.0
1.0,128.0,2.0,1.0,1.0,1.0,39.0,32.0,-0.0030632107251067353,-0.0017650185808415486,4.0,512.0,6400000.0
128.0,128.0,2.0,7.0,674.0,506.0,20933.0,64576.0,0.48371942898909237,0.4879408599834584,8.0,0.000976562,6400000.0
1.0,128.0,2.0,1.0,1.0,1.0,39.0,32.0,-0.0030632107251067353,-0.0017650185808415486,8192.0,32.0,6400000.0
1.0,128.0,2.0,1.0,1.0,1.0,39.0,32.0,-0.0030632107251067353,-0.0017650185808415486,512.0,8.0,6400000.0
73.0,128.0,2.0,5.0,375.0,286.0,11668.0,36416.0,0.4087975750703494,0.4027099268379185,8.0,0.25,6400000.0
1.0,1.0,1.0,2.0,3.0,2.0,108.0,192.0,0.03911015413878083,0.040912063041146696,0.125,0.125,6400000.0
1.0,128.0,2.0,1.0,1.0,1.0,39.0,32.0,-0.0030632107251067353,-0.0017650185808415486,512.0,0.03125,6400000.0
1.0,1.0,8.0,1.0,1.0,1.0,543.0,32.0,-0.0030632107251067353,-0.0017650185808415486,0.0,32768.0,6400000.0
3.0,128.0,2.0,2.0,9.0,6.0,287.0,576.0,0.10115259004895938,0.10346957106453547,8.0,64.0,6400000.0
1.0,128.0,2.0,1.0,1.0,1.0,39.0,32.0,-0.0030632107251067353,-0.0017650185808415486,128.0,512.0,6400000.0
1.0,1.0,4.0,1.0,1.0,1.0,63.0,32.0,-0.0030632107251067353,-0.0017650185808415486,32768.0,16384.0,6400000.0
1.0,1.0,8.0,2.0,3.0,2.0,616.0,192.0,0.03911015413878083,0.040912063041146696,0.0,64.0,6400000.0
1.0,128.0,2.0,1.0,1.0,1.0,39.0,32.0,-0.0030632107251067353,-0.0017650185808415486,4096.0,0.0078125,6400000.0
1.0,128.0,2.0,1.0,1.0,1.0,39.0,32.0,-0.0030632107251067353,-0.0017650185808415486,256.0,0.000976562,6400000.0
1.0,128.0,2.0,1.0,1.0,1.0,39.0,32.0,-0.0030632107251067353,-0.0017650185808415486,512.0,2048.0,6400000.0
1.0,128.0,2.0,1.0,1.0,1.0,39.0,32.0,-0.0030632107251067353,-0.0017650185808415486,1024.0,0.00390625,6400000.0
1.0,128.0,2.0,1.0,1.0,1.0,39.0,32.0,-0.0030632107251067353,-0.0017650185808415486,4096.0,2.0,6400000.0
1.0,128.0,2.0,1.0,1.0,1.0,39.0,32.0,-0.0030632107251067353,-0.0017650185808415486,32.0,256.0,6400000.0
1.0,128.0,2.0,1.0,1.0,1.0,39.0,32.0,-0.0030632107251067353,-0.0017650185808415486,1024.0,256.0,6400000.0
14.0,128.0,2.0,3.0,58.0,41.0,1695.0,4768.0,0.2755258013558761,0.2825067573238387,0.5,8.0,6400000.0
15.0,128.0,2.0,2.0,47.0,34.0,1432.0,3520.0,0.23483331904090687,0.24244665993785774,16.0,8.0,6400000.0
1.0,128.0,2.0,1.0,1.0,1.0,39.0,32.0,-0.0030632107251067353,-0.0017650185808415486,8192.0,8192.0,6400000.0
1.0,128.0,2.0,1.0,1.0,1.0,39.0,32.0,-0.0030632107251067353,-0.0017650185808415486,8.0,16384.0,6400000.0
1.0,128.0,2.0,1.0,1.0,1.0,39.0,32.0,-0.0030632107251067353,-0.0017650185808415486,1024.0,1.0,6400000.0
1.0,128.0,2.0,1.0,1.0,1.0,39.0,32.0,-0.0030632107251067353,-0.0017650185808415486,16.0,2048.0,6400000.0
1.0,128.0,2.0,1.0,1.0,1.0,39.0,32.0,-0.0030632107251067353,-0.0017650185808415486,2048.0,0.0,6400000.0
1.0,128.0,2.0,1.0,1.0,1.0,39.0,32.0,-0.0030632107251067353,-0.0017650185808415486,0.5,2048.0,6400000.0
1.0,128.0,2.0,1.0,1.0,1.0,39.0,32.0,-0.0030632107251067353,-0.0017650185808415486,16384.0,0.015625,6400000.0
128.0,128.0,2.0,9.0,677.0,509.0,20905.0,65056.0,0.49656536257043904,0.5045329937513829,0.5,0.03125,6400000.0
128.0,128.0,2.0,2.0,577.0,495.0,19846.0,62816.0,0.2614213880180606,0.2669416072580181,32.0,0.00390625,6400000.0
25.0,128.0,2.0,2.0,98.0,78.0,3165.0,9280.0,0.25458612769279687,0.26652926967123536,32.0,1.0,6400000.0
105.0,128.0,2.0,3.0,506.0,407.0,16550.0,51680.0,0.33110471486037985,0.3358507655250361,16.0,0.03125,6400000.0
1.0,128.0,2.0,1.0,1.0,1.0,39.0,32.0,-0.0030632107251067353,-0.0017650185808415486,2048.0,0.125,6400000.0
1.0,1.0,4.0,1.0,1.0,1.0,63.0,32.0,-0.0030632107251067353,-0.0017650185808415486,32768.0,32.0,6400000.0
128.0,128.0,2.0,2.0,586.0,503.0,20190.0,64096.0,0.2613569362781697,0.2669191944694853,64.0,0.0,6400000.0
1.0,128.0,2.0,1.0,1.0,1.0,39.0,32.0,-0.0030632107251067353,-0.0017650185808415486,2048.0,32.0,6400000.0
39.0,128.0,2.0,2.0,162.0,137.0,5411.0,16928.0,0.25905992569632974,0.2709832339157031,64.0,0.125,6400000.0
1.0,1.0,8.0,9.0,61.0,31.0,3649.0,4832.0,0.07679340393426726,0.07829080149547585,0.0,0.125,6400000.0
1.0,128.0,2.0,1.0,1.0,1.0,39.0,32.0,-0.0030632107251067353,-0.0017650185808415486,4096.0,512.0,6400000.0
1.0,128.0,2.0,1.0,1.0,1.0,39.0,32.0,-0.0030632107251067353,-0.0017650185808415486,2048.0,8192.0,6400000.0
1.0,128.0,2.0,1.0,1.0,1.0,39.0,32.0,-0.0030632107251067353,-0.0017650185808415486,8192.0,0.000976562,6400000.0
1.0,128.0,2.0,1.0,1.0,1.0,39.0,32.0,-0.0030632107251067353,-0.0017650185808415486,2.0,8192.0,6400000.0
128.0,128.0,2.0,9.0,703.0,508.0,21369.0,64896.0,0.49146474858586386,0.5046248187443092,1.0,0.00390625,6400000.0
1.0,128.0,2.0,1.0,1.0,1.0,39.0,32.0,-0.0030632107251067353,-0.0017650185808415486,128.0,4.0,6400000.0
1.0,128.0,2.0,1.0,1.0,1.0,39.0,32.0,-0.0030632107251067353,-0.0017650185808415486,64.0,8192.0,6400000.0
1.0,128.0,2.0,1.0,1.0,1.0,39.0,32.0,-0.0030632107251067353,-0.0017650185808415486,128.0,0.015625,6400000.0
1.0,128.0,2.0,1.0,1.0,1.0,39.0,32.0,-0.0030632107251067353,-0.0017650185808415486,8192.0,0.25,6400000.0
67.0,128.0,2.0,9.0,347.0,260.0,10589.0,33024.0,0.4487942325911686,0.4628659749662527,1.0,1.0,6400000.0
128.0,128.0,2.0,9.0,703.0,510.0,21444.0,65216.0,0.49424879587224735,0.5066719167884883,2.0,0.0,6400000.0
8.0,128.0,2.0,2.0,22.0,16.0,664.0,1536.0,0.184803559555608,0.19082719424152972,2.0,32.0,6400000.0
128.0,128.0,2.0,9.0,673.0,509.0,20772.0,65056.0,0.4878792380696363,0.49933048617214537,2.0,0.125,6400000.0
128.0,128.0,2.0,9.0,699.0,509.0,21222.0,65056.0,0.49904092506009834,0.5091101776964564,4.0,0.015625,6400000.0
1.0,128.0,2.0,1.0,1.0,1.0,39.0,32.0,-0.0030632107251067353,-0.0017650185808415486,1.0,256.0,6400000.0
8.0,128.0,2.0,2.0,22.0,16.0,664.0,1536.0,0.184803559555608,0.19082719424152972,64.0,32.0,6400000.0
1.0,128.0,2.0,1.0,1.0,1.0,39.0,32.0,-0.0030632107251067353,-0.0017650185808415486,16384.0,4.0,6400000.0
1.0,128.0,2.0,1.0,1.0,1.0,39.0,32.0,-0.0030632107251067353,-0.0017650185808415486,256.0,32768.0,6400000.0
1.0,128.0,2.0,1.0,1.0,1.0,39.0,32.0,-0.0030632107251067353,-0.0017650185808415486,256.0,128.0,6400000.0
1.0,128.0,2.0,1.0,1.0,1.0,39.0,32.0,-0.0030632107251067353,-0.0017650185808415486,4.0,1024.0,6400000.0
31.0,128.0,2.0,6.0,135.0,101.0,4183.0,12192.0,0.36078748987222076,0.3683997795958679,4.0,4.0,6400000.0
1.0,128.0,2.0,1.0,1.0,1.0,39.0,32.0,-0.0030632107251067353,-0.0017650185808415486,256.0,0.5,6400000.0
1.0,128.0,2.0,1.0,1.0,1.0,39.0,32.0,-0.0030632107251067353,-0.0017650185808415486,8192.0,64.0,6400000.0
1.0,1.0,1.0,2.0,3.0,2.0,108.0,192.0,0.03911015413878083,0.040912063041146696,0.125,0.25,6400000.0
38.0,128.0,2.0,3.0,187.0,141.0,5845.0,17696.0,0.3294585575079938,0.3332644597729797,8.0,0.5,6400000.0
128.0,128.0,2.0,7.0,682.0,508.0,21116.0,64896.0,0.4832419259512273,0.48826180580675727,8.0,0.00195312,6400000.0
1.0,128.0,2.0,1.0,1.0,1.0,39.0,32.0,-0.0030632107251067353,-0.0017650185808415486,512.0,0.0625,6400000.0
1.0,128.0,2.0,1.0,1.0,1.0,39.0,32.0,-0.0030632107251067353,-0.0017650185808415486,512.0,16.0,6400000.0
1.0,1.0,8.0,9.0,61.0,31.0,3649.0,4832.0,0.07679340393426726,0.07829080149547585,0.000976562,0.0,6400000.0
1.0,1.0,4.0,1.0,1.0,1.0,63.0,32.0,-0.0030632107251067353,-0.0017650185808415486,32768.0,32768.0,6400000.0
1.0,128.0,2.0,1.0,1.0,1.0,39.0,32.0,-0.0030632107251067353,-0.0017650185808415486,128.0,1024.0,6400000.0
1.0,128.0,2.0,1.0,1.0,1.0,39.0,32.0,-0.0030632107251067353,-0.0017650185808415486,8.0,128.0,6400000.0
1.0,1.0,8.0,1.0,1.0,1.0,543.0,32.0,-0.0030632107251067353,-0.0017650185808415486,0.0,128.0,6400000.0
1.0,128.0,2.0,1.0,1.0,1.0,39.0,32.0,-0.0030632107251067353,-0.0017650185808415486,4096.0,0.015625,6400000.0
1.0,128.0,2.0,1.0,1.0,1.0,39.0,32.0,-0.0030632107251067353,-0.0017650185808415486,256.0,0.00195312,6400000.0
1.0,128.0,2.0,1.0,1.0,1.0,39.0,32.0,-0.0030632107251067353,-0.0017650185808415486,4096.0,4.0,6400000.0
11.0,128.0,2.0,2.0,30.0,22.0,872.0,2112.0,0.211815897449531,0.21820531799146736,16.0,16.0,6400000.0
1.0,128.0,2.0,1.0,1.0,1.0,39.0,32.0,-0.0030632107251067353,-0.0017650185808415486,1024.0,0.0078125,6400000.0
1.0,128.0,2.0,1.0,1.0,1.0,39.0,32.0,-0.0030632107251067353,-0.0017650185808415486,32.0,512.0,6400000.0
1.0,128.0,2.0,1.0,1.0,1.0,39.0,32.0,-0.0030632107251067353,-0.0017650185808415486,512.0,4096.0,6400000.0
11.0,128.0,2.0,3.0,35.0,25.0,1015.0,2592.0,0.23714634169335125,0.2431198474760431,0.5,16.0,6400000.0
1.0,128.0,2.0,1.0,1.0,1.0,39.0,32.0,-0.0030632107251067353,-0.0017650185808415486,8.0,32768.0,6400000.0
1.0,128.0,2.0,1.0,1.0,1.0,39.0,32.0,-0.0030632107251067353,-0.0017650185808415486,0.5,4096.0,6400000.0
1.0,128.0,2.0,1.0,1.0,1.0,39.0,32.0,-0.0030632107251067353,-0.0017650185808415486,1024.0,2.0,6400000.0
1.0,128.0,2.0,1.0,1.0,1.0,39.0,32.0,-0.0030632107251067353,-0.0017650185808415486,8192.0,16384.0,6400000.0
1.0,128.0,2.0,1.0,1.0,1.0,39.0,32.0,-0.0030632107251067353,-0.0017650185808415486,16384.0,0.03125,6400000.0
128.0,128.0,2.0,9.0,670.0,507.0,20858.0,64736.0,0.48478813555600064,0.49810008363103775,0.5,0.0625,6400000.0
1.0,128.0,2.0,1.0,1.0,1.0,39.0,32.0,-0.0030632107251067353,-0.0017650185808415486,1024.0,512.0,6400000.0
128.0,128.0,2.0,2.0,577.0,495.0,19846.0,62816.0,0.2614213880180606,0.2669416072580181,32.0,0.0078125,6400000.0
63.0,128.0,2.0,3.0,325.0,250.0,10436.0,31936.0,0.33097250671227496,0.33609611278708984,16.0,0.0625,6400000.0
1.0,128.0,2.0,1.0,1.0,1.0,39.0,32.0,-0.0030632107251067353,-0.0017650185808415486,16.0,4096.0,6400000.0
1.0,128.0,2.0,1.0,1.0,1.0,39.0,32.0,-0.0030632107251067353,-0.0017650185808415486,2048.0,0.000976562,6400000.0
22.0,128.0,2.0,2.0,87.0,69.0,2845.0,8224.0,0.2533548419140267,0.2641108116508766,32.0,2.0,6400000.0
1.0,128.0,2.0,1.0,1.0,1.0,39.0,32.0,-0.0030632107251067353,-0.0017650185808415486,2048.0,0.25,6400000.0
128.0,128.0,2.0,2.0,586.0,503.0,20190.0,64096.0,0.2613569362781697,0.2669191944694853,64.0,0.000976562,6400000.0
1.0,1.0,4.0,1.0,1.0,1.0,63.0,32.0,-0.0030632107251067353,-0.0017650185808415486,32768.0,64.0,6400000.0
39.0,128.0,2.0,2.0,159.0,135.0,5305.0,16608.0,0.2593817969921589,0.27101805589306294,64.0,0.25,6400000.0
1.0,128.0,2.0,1.0,1.0,1.0,39.0,32.0,-0.0030632107251067353,-0.0017650185808415486,2048.0,64.0,6400000.0
1.0,128.0,2.0,1.0,1.0,1.0,39.0,32.0,-0.0030632107251067353,-0.0017650185808415486,4096.0,1024.0,6400000.0
1.0,128.0,2.0,1.0,1.0,1.0,39.0,32.0,-0.0030632107251067353,-0.0017650185808415486,8192.0,0.00195312,6400000.0
1.0,128.0,2.0,1.0,1.0,1.0,39.0,32.0,-0.0030632107251067353,-0.0017650185808415486,2048.0,16384.0,6400000.0
1.0,1.0,8.0,9.0,61.0,31.0,3649.0,4832.0,0.07679340393426726,0.07829080149547585,0.0,0.25,6400000.0
45.0,128.0,2.0,9.0,228.0,172.0,6963.0,21760.0,0.40960771696239906,0.4233618974400831,1.0,2.0,6400000.0
128.0,128.0,2.0,9.0,699.0,509.0,21404.0,65056.0,0.4875058948243416,0.5009323675726809,1.0,0.0078125,6400000.0
1.0,128.0,2.0,1.0,1.0,1.0,39.0,32.0,-0.0030632107251067353,-0.0017650185808415486,8192.0,0.5,6400000.0
1.0,128.0,2.0,1.0,1.0,1.0,39.0,32.0,-0.0030632107251067353,-0.0017650185808415486,2.0,16384.0,6400000.0
1.0,128.0,2.0,1.0,1.0,1.0,39.0,32.0,-0.0030632107251067353,-0.0017650185808415486,128.0,8.0,6400000.0
128.0,128.0,2.0,9.0,703.0,509.0,21443.0,65056.0,0.4963699109036491,0.5093054120935889,2.0,0.000976562,6400000.0
1.0,128.0,2.0,1.0,1.0,1.0,39.0,32.0,-0.0030632107251067353,-0.0017650185808415486,64.0,16384.0,6400000.0
109.0,128.0,2.0,9.0,569.0,431.0,17566.0,55008.0,0.48733955413791863,0.4966092330702129,2.0,0.25,6400000.0
3.0,128.0,2.0,2.0,9.0,6.0,287.0,576.0,0.10115259004895938,0.10346957106453547,2.0,64.0,6400000.0
1.0,128.0,2.0,1.0,1.0,1.0,39.0,32.0,-0.0030632107251067353,-0.0017650185808415486,128.0,0.03125,6400000.0
128.0,128.0,2.0,9.0,692.0,509.0,21181.0,65056.0,0.4930749255838748,0.5055859432722308,4.0,0.03125,6400000.0
1.0,128.0,2.0,1.0,1.0,1.0,39.0,32.0,-0.0030632107251067353,-0.0017650185808415486,64.0,64.0,6400000.0
1.0,128.0,2.0,1.0,1.0,1.0,39.0,32.0,-0.0030632107251067353,-0.0017650185808415486,1.0,512.0,6400000.0
1.0,128.0,2.0,1.0,1.0,1.0,39.0,32.0,-0.0030632107251067353,-0.0017650185808415486,512.0,0.0,6400000.0
1.0,128.0,2.0,1.0,1.0,1.0,39.0,32.0,-0.0030632107251067353,-0.0017650185808415486,16384.0,8.0,6400000.0
1.0,128.0,2.0,1.0,1.0,1.0,39.0,32.0,-0.0030632107251067353,-0.0017650185808415486,256.0,256.0,6400000.0
14.0,128.0,2.0,3.0,58.0,41.0,1695.0,4768.0,0.2755258013558761,0.2825067573238387,4.0,8.0,6400000.0
1.0,128.0,2.0,1.0,1.0,1.0,39.0,32.0,-0.0030632107251067353,-0.0017650185808415486,4.0,2048.0,6400000.0
1.0,128.0,2.0,1.0,1.0,1.0,39.0,32.0,-0.0030632107251067353,-0.0017650185808415486,256.0,1.0,6400000.0
34.0,128.0,2.0,3.0,165.0,124.0,5165.0,15488.0,0.325365479106839,0.3313042520547551,8.0,1.0,6400000.0
1.0,128.0,2.0,1.0,1.0,1.0,39.0,32.0,-0.0030632107251067353,-0.0017650185808415486,8192.0,128.0,6400000.0
128.0,128.0,2.0,7.0,680.0,508.0,21053.0,64896.0,0.48328415966450033,0.48864435666325345,8.0,0.00390625,6400000.0
1.0,128.0,2.0,1.0,1.0,1.0,39.0,32.0,-0.0030632107251067353,-0.0017650185808415486,512.0,32.0,6400000.0
1.0,128.0,2.0,1.0,1.0,1.0,39.0,32.0,-0.0030632107251067353,-0.0017650185808415486,512.0,0.125,6400000.0
1.0,1.0,8.0,9.0,61.0,31.0,3649.0,4832.0,0.07679340393426726,0.07829080149547585,0.000976562,0.000976562,6400000.0
1.0,128.0,2.0,1.0,1.0,1.0,39.0,32.0,-0.0030632107251067353,-0.0017650185808415486,128.0,2048.0,6400000.0
1.0,1.0,1.0,2.0,3.0,2.0,108.0,192.0,0.03911015413878083,0.040912063041146696,0.125,0.5,6400000.0
1.0,1.0,8.0,9.0,61.0,31.0,3649.0,4832.0,0.07679340393426726,0.07829080149547585,0.0,0.0,6400000.0
1.0,128.0,2.0,1.0,1.0,1.0,39.0,32.0,-0.0030632107251067353,-0.0017650185808415486,8.0,256.0,6400000.0
1.0,128.0,2.0,1.0,1.0,1.0,39.0,32.0,-0.0030632107251067353,-0.0017650185808415486,256.0,0.00390625,6400000.0
1.0,1.0,8.0,1.0,1.0,1.0,543.0,32.0,-0.0030632107251067353,-0.0017650185808415486,0.0,256.0,6400000.0
1.0,128.0,2.0,1.0,1.0,1.0,39.0,32.0,-0.0030632107251067353,-0.0017650185808415486,1024.0,0.015625,6400000.0
1.0,128.0,2.0,1.0,1.0,1.0,39.0,32.0,-0.0030632107251067353,-0.0017650185808415486,4096.0,0.03125,6400000.0
8.0,128.0,2.0,2.0,22.0,16.0,664.0,1536.0,0.184803559555608,0.19082719424152972,16.0,32.0,6400000.0
128.0,128.0,2.0,3.0,622.0,497.0,20137.0,63136.0,0.33175417705856547,0.3361523330548808,16.0,0.0,6400000.0
1.0,128.0,2.0,1.0,1.0,1.0,39.0,32.0,-0.0030632107251067353,-0.0017650185808415486,4096.0,8.0,6400000.0
1.0,128.0,2.0,1.0,1.0,1.0,39.0,32.0,-0.0030632107251067353,-0.0017650185808415486,16384.0,256.0,6400000.0
1.0,128.0,2.0,1.0,1.0,1.0,39.0,32.0,-0.0030632107251067353,-0.0017650185808415486,1024.0,4.0,6400000.0
1.0,128.0,2.0,1.0,1.0,1.0,39.0,32.0,-0.0030632107251067353,-0.0017650185808415486,32.0,1024.0,6400000.0
1.0,128.0,2.0,1.0,1.0,1.0,39.0,32.0,-0.0030632107251067353,-0.0017650185808415486,512.0,8192.0,6400000.0
1.0,128.0,2.0,1.0,1.0,1.0,39.0,32.0,-0.0030632107251067353,-0.0017650185808415486,1024.0,1024.0,6400000.0
1.0,128.0,2.0,1.0,1.0,1.0,39.0,32.0,-0.0030632107251067353,-0.0017650185808415486,2048.0,0.00195312,6400000.0
1.0,1.0,8.0,9.0,61.0,31.0,3649.0,4832.0,0.07679340393426726,0.07829080149547585,0.000976562,0.03125,6400000.0
1.0,128.0,2.0,1.0,1.0,1.0,39.0,32.0,-0.0030632107251067353,-0.0017650185808415486,16384.0,0.0625,6400000.0
72.0,128.0,2.0,2.0,343.0,283.0,11364.0,36064.0,0.2598232841298568,0.2689191951493547,32.0,0.015625,6400000.0
1.0,128.0,2.0,1.0,1.0,1.0,39.0,32.0,-0.0030632107251067353,-0.0017650185808415486,8192.0,32768.0,6400000.0
1.0,128.0,2.0,1.0,1.0,1.0,39.0,32.0,-0.0030632107251067353,-0.0017650185808415486,16.0,8192.0,6400000.0
1.0,128.0,2.0,1.0,1.0,1.0,39.0,32.0,-0.0030632107251067353,-0.0017650185808415486,32768.0,0.0,6400000.0
19.0,128.0,2.0,2.0,74.0,57.0,2380.0,6688.0,0.2512662014893755,0.2606608379591845,32.0,4.0,6400000.0
55.0,128.0,2.0,3.0,278.0,213.0,8701.0,27040.0,0.33270699517426827,0.336122771309734,16.0,0.125,6400000.0
1.0,128.0,2.0,1.0,1.0,1.0,39.0,32.0,-0.0030632107251067353,-0.0017650185808415486,2048.0,0.5,6400000.0
128.0,128.0,2.0,2.0,577.0,495.0,19846.0,62816.0,0.2614213880180606,0.2669416072580181,64.0,0.00195312,6400000.0
1.0,1.0,4.0,1.0,1.0,1.0,63.0,32.0,-0.0030632107251067353,-0.0017650185808415486,32768.0,128.0,6400000.0
28.0,128.0,2.0,2.0,130.0,109.0,4298.0,13856.0,0.2589595133955369,0.26969276798452724,64.0,0.5,6400000.0
1.0,128.0,2.0,1.0,1.0,1.0,39.0,32.0,-0.0030632107251067353,-0.0017650185808415486,2048.0,128.0,6400000.0
1.0,128.0,2.0,1.0,1.0,1.0,39.0,32.0,-0.0030632107251067353,-0.0017650185808415486,4096.0,2048.0,6400000.0
1.0,128.0,2.0,1.0,1.0,1.0,39.0,32.0,-0.0030632107251067353,-0.0017650185808415486,8192.0,0.00390625,6400000.0
1.0,128.0,2.0,1.0,1.0,1.0,39.0,32.0,-0.0030632107251067353,-0.0017650185808415486,2048.0,32768.0,6400000.0
1.0,128.0,2.0,1.0,1.0,1.0,39.0,32.0,-0.0030632107251067353,-0.0017650185808415486,128.0,16.0,6400000.0
1.0,1.0,8.0,9.0,61.0,31.0,3649.0,4832.0,0.07679340393426726,0.07829080149547585,0.0,0.5,6400000.0
1.0,128.0,2.0,1.0,1.0,1.0,39.0,32.0,-0.0030632107251067353,-0.0017650185808415486,8192.0,1.0,6400000.0
1.0,128.0,2.0,1.0,1.0,1.0,39.0,32.0,-0.0030632107251067353,-0.0017650185808415486,128.0,0.0625,6400000.0
27.0,128.0,4.0,9.0,182.0,137.0,5741.0,18464.0,0.39629112021669155,0.40252478152262305,0.0,4.0,6400000.0
1.0,128.0,2.0,1.0,1.0,1.0,39.0,32.0,-0.0030632107251067353,-0.0017650185808415486,32768.0,8192.0,6400000.0
1.0,128.0,2.0,1.0,1.0,1.0,39.0,32.0,-0.0030632107251067353,-0.0017650185808415486,32768.0,0.125,6400000.0
1.0,128.0,2.0,1.0,1.0,1.0,39.0,32.0,-0.0030632107251067353,-0.0017650185808415486,64.0,128.0,6400000.0
1.0,128.0,2.0,1.0,1.0,1.0,39.0,32.0,-0.0030632107251067353,-0.0017650185808415486,64.0,32768.0,6400000.0
1.0,128.0,2.0,1.0,1.0,1.0,39.0,32.0,-0.0030632107251067353,-0.0017650185808415486,32768.0,32.0,6400000.0
128.0,128.0,4.0,9.0,2369.0,1682.0,75150.0,252736.0,0.6234748533320149,0.6260440661773101,0.0,0.015625,6400000.0
1.0,128.0,4.0,1.0,1.0,1.0,63.0,32.0,-0.0030632107251067353,-0.0017650185808415486,0.0,1024.0,6400000.0
128.0,128.0,4.0,9.0,2545.0,1757.0,80154.0,264736.0,0.6626627442079187,0.6619718743255161,0.000976562,0.00195312,6400000.0
1.0,128.0,2.0,1.0,1.0,1.0,39.0,32.0,-0.0030632107251067353,-0.0017650185808415486,512.0,0.000976562,6400000.0
1.0,128.0,2.0,1.0,1.0,1.0,39.0,32.0,-0.0030632107251067353,-0.0017650185808415486,256.0,512.0,6400000.0
47.0,128.0,4.0,9.0,936.0,676.0,29163.0,102144.0,0.579172694871942,0.5785778311096275,0.000976562,0.5,6400000.0
1.0,128.0,2.0,1.0,1.0,1.0,39.0,32.0,-0.0030632107251067353,-0.0017650185808415486,16384.0,16.0,6400000.0
1.0,1.0,8.0,9.0,61.0,31.0,3649.0,4832.0,0.07679340393426726,0.07829080149547585,0.000976562,0.00195312,6400000.0
1.0,128.0,2.0,1.0,1.0,1.0,39.0,32.0,-0.0030632107251067353,-0.0017650185808415486,512.0,64.0,6400000.0
1.0,128.0,2.0,1.0,1.0,1.0,39.0,32.0,-0.0030632107251067353,-0.0017650185808415486,256.0,2.0,6400000.0
1.0,1.0,8.0,2.0,3.0,2.0,616.0,192.0,0.03911015413878083,0.040912063041146696,0.000976562,32.0,6400000.0
1.0,128.0,2.0,1.0,1.0,1.0,39.0,32.0,-0.0030632107251067353,-0.0017650185808415486,512.0,0.25,6400000.0
1.0,1.0,1.0,2.0,3.0,2.0,108.0,192.0,0.03911015413878083,0.040912063041146696,0.125,1.0,6400000.0
1.0,128.0,2.0,1.0,1.0,1.0,39.0,32.0,-0.0030632107251067353,-0.0017650185808415486,128.0,4096.0,6400000.0
1.0,128.0,4.0,1.0,1.0,1.0,63.0,32.0,-0.0030632107251067353,-0.0017650185808415486,0.000976562,32768.0,6400000.0
1.0,128.0,2.0,1.0,1.0,1.0,39.0,32.0,-0.0030632107251067353,-0.0017650185808415486,8192.0,256.0,6400000.0
1.0,1.0,8.0,9.0,61.0,31.0,3649.0,4832.0,0.07679340393426726,0.07829080149547585,0.0,0.000976562,6400000.0
1.0,128.0,4.0,1.0,1.0,1.0,63.0,32.0,-0.0030632107251067353,-0.0017650185808415486,0.000976562,128.0,6400000.0
1.0,128.0,2.0,1.0,1.0,1.0,39.0,32.0,-0.0030632107251067353,-0.0017650185808415486,256.0,0.0078125,6400000.0
99.0,128.0,4.0,9.0,1919.0,1379.0,61222.0,207968.0,0.6253669652257936,0.6106653100962529,0.00195312,0.0625,6400000.0
1.0,128.0,2.0,1.0,1.0,1.0,39.0,32.0,-0.0030632107251067353,-0.0017650185808415486,1024.0,0.03125,6400000.0
11.0,128.0,4.0,3.0,35.0,26.0,1119.0,2752.0,0.23801654357424562,0.2440154241847443,0.00195312,16.0,6400000.0
1.0,1.0,8.0,1.0,1.0,1.0,543.0,32.0,-0.0030632107251067353,-0.0017650185808415486,0.0,512.0,6400000.0
1.0,128.0,2.0,1.0,1.0,1.0,39.0,32.0,-0.0030632107251067353,-0.0017650185808415486,4096.0,0.0625,6400000.0
1.0,128.0,2.0,1.0,1.0,1.0,39.0,32.0,-0.0030632107251067353,-0.0017650185808415486,1024.0,8.0,6400000.0
1.0,128.0,4.0,1.0,1.0,1.0,63.0,32.0,-0.0030632107251067353,-0.0017650185808415486,0.00195312,4096.0,6400000.0
1.0,128.0,2.0,1.0,1.0,1.0,39.0,32.0,-0.0030632107251067353,-0.0017650185808415486,4096.0,16.0,6400000.0
1.0,128.0,2.0,1.0,1.0,1.0,39.0,32.0,-0.0030632107251067353,-0.0017650185808415486,16384.0,512.0,6400000.0
1.0,128.0,2.0,1.0,1.0,1.0,39.0,32.0,-0.0030632107251067353,-0.0017650185808415486,512.0,16384.0,6400000.0
34.0,128.0,4.0,9.0,405.0,299.0,12531.0,43488.0,0.48047354984414437,0.4995541811062537,0.00390625,2.0,6400000.0
1.0,128.0,2.0,1.0,1.0,1.0,39.0,32.0,-0.0030632107251067353,-0.0017650185808415486,2048.0,0.00390625,6400000.0
1.0,128.0,2.0,1.0,1.0,1.0,39.0,32.0,-0.0030632107251067353,-0.0017650185808415486,16384.0,0.125,6400000.0
1.0,1.0,8.0,9.0,61.0,31.0,3649.0,4832.0,0.07679340393426726,0.07829080149547585,0.000976562,0.0625,6400000.0
1.0,128.0,2.0,1.0,1.0,1.0,39.0,32.0,-0.0030632107251067353,-0.0017650185808415486,1024.0,2048.0,6400000.0
128.0,128.0,4.0,9.0,2421.0,1701.0,77193.0,255776.0,0.6367732521919813,0.6421708008158357,0.00390625,0.0078125,6400000.0
1.0,128.0,2.0,1.0,1.0,1.0,39.0,32.0,-0.0030632107251067353,-0.0017650185808415486,16384.0,0.0,6400000.0
1.0,128.0,4.0,1.0,1.0,1.0,63.0,32.0,-0.0030632107251067353,-0.0017650185808415486,0.00390625,512.0,6400000.0
1.0,128.0,2.0,1.0,1.0,1.0,39.0,32.0,-0.0030632107251067353,-0.0017650185808415486,32768.0,0.000976562,6400000.0
1.0,128.0,2.0,1.0,1.0,1.0,39.0,32.0,-0.0030632107251067353,-0.0017650185808415486,2048.0,1.0,6400000.0
128.0,128.0,4.0,9.0,2461.0,1707.0,77741.0,256736.0,0.6330881849845112,0.6357154714640202,0.0078125,0.000976562,6400000.0
53.0,128.0,4.0,9.0,1107.0,782.0,34427.0,118336.0,0.5963520786490591,0.5929239315447865,0.0078125,0.25,6400000.0
3.0,128.0,4.0,2.0,9.0,6.0,335.0,576.0,0.10115259004895938,0.10346957106453547,0.0078125,64.0,6400000.0
1.0,1.0,8.0,1.0,1.0,1.0,543.0,32.0,-0.0030632107251067353,-0.0017650185808415486,0.000976562,32768.0,6400000.0
1.0,1.0,4.0,1.0,1.0,1.0,63.0,32.0,-0.0030632107251067353,-0.0017650185808415486,32768.0,256.0,6400000.0
1.0,128.0,2.0,1.0,1.0,1.0,39.0,32.0,-0.0030632107251067353,-0.0017650185808415486,2048.0,256.0,6400000.0
1.0,128.0,2.0,1.0,1.0,1.0,39.0,32.0,-0.0030632107251067353,-0.0017650185808415486,8192.0,0.0078125,6400000.0
1.0,128.0,2.0,1.0,1.0,1.0,39.0,32.0,-0.0030632107251067353,-0.0017650185808415486,4096.0,4096.0,6400000.0
1.0,128.0,4.0,1.0,1.0,1.0,63.0,32.0,-0.0030632107251067353,-0.0017650185808415486,0.0078125,16384.0,6400000.0
1.0,128.0,2.0,1.0,1.0,1.0,39.0,32.0,-0.0030632107251067353,-0.0017650185808415486,4096.0,0.0,6400000.0
1.0,1.0,8.0,9.0,60.0,31.0,3617.0,4832.0,0.07592421572161712,0.07821444747362105,0.0,1.0,6400000.0
1.0,128.0,2.0,1.0,1.0,1.0,39.0,32.0,-0.0030632107251067353,-0.0017650185808415486,8192.0,2.0,6400000.0
16.0,128.0,4.0,3.0,67.0,47.0,2020.0,5472.0,0.28428173420704106,0.29213228260301216,0.0,8.0,6400000.0
1.0,128.0,2.0,1.0,1.0,1.0,39.0,32.0,-0.0030632107251067353,-0.0017650185808415486,32768.0,16384.0,6400000.0
128.0,128.0,4.0,9.0,2294.0,1665.0,73467.0,250016.0,0.6248073408699304,0.6262754379889977,0.015625,0.03125,6400000.0
1.0,128.0,2.0,1.0,1.0,1.0,39.0,32.0,-0.0030632107251067353,-0.0017650185808415486,32768.0,64.0,6400000.0
16.0,128.0,4.0,3.0,67.0,47.0,2020.0,5472.0,0.28428173420704106,0.29213228260301216,0.015625,8.0,6400000.0
1.0,128.0,4.0,1.0,1.0,1.0,63.0,32.0,-0.0030632107251067353,-0.0017650185808415486,0.0,2048.0,6400000.0
1.0,128.0,2.0,1.0,1.0,1.0,39.0,32.0,-0.0030632107251067353,-0.0017650185808415486,32768.0,0.25,6400000.0
128.0,128.0,4.0,9.0,2294.0,1665.0,73467.0,250016.0,0.6248073408699304,0.6262754379889977,0.0,0.03125,6400000.0
128.0,128.0,4.0,9.0,2449.0,1699.0,77087.0,255456.0,0.6346168007955696,0.6344902215221048,0.000976562,0.00390625,6400000.0
1.0,128.0,4.0,1.0,1.0,1.0,63.0,32.0,-0.0030632107251067353,-0.0017650185808415486,0.015625,2048.0,6400000.0
128.0,128.0,4.0,9.0,2449.0,1699.0,77087.0,255456.0,0.6346168007955696,0.6344902215221048,0.03125,0.00390625,6400000.0
1.0,128.0,4.0,1.0,1.0,1.0,63.0,32.0,-0.0030632107251067353,-0.0017650185808415486,0.03125,256.0,6400000.0
37.0,128.0,4.0,9.0,639.0,465.0,19872.0,69664.0,0.5234863226510582,0.534602946209239,0.03125,1.0,6400000.0
1.0,128.0,2.0,1.0,1.0,1.0,39.0,32.0,-0.0030632107251067353,-0.0017650185808415486,16384.0,32.0,6400000.0
35.0,128.0,4.0,9.0,658.0,483.0,20534.0,72800.0,0.5314186599624591,0.5427904047834783,0.000976562,1.0,6400000.0
1.0,1.0,8.0,2.0,3.0,2.0,616.0,192.0,0.03911015413878083,0.040912063041146696,0.000976562,64.0,6400000.0
1.0,128.0,4.0,1.0,1.0,1.0,63.0,32.0,-0.0030632107251067353,-0.0017650185808415486,0.000976562,256.0,6400000.0
1.0,1.0,8.0,9.0,61.0,31.0,3649.0,4832.0,0.07679340393426726,0.07829080149547585,0.000976562,0.00390625,6400000.0
1.0,128.0,2.0,1.0,1.0,1.0,39.0,32.0,-0.0030632107251067353,-0.0017650185808415486,8192.0,512.0,6400000.0
1.0,1.0,8.0,9.0,61.0,31.0,3649.0,4832.0,0.07679340393426726,0.07829080149547585,0.0,0.00195312,6400000.0
72.0,128.0,4.0,9.0,1468.0,1045.0,46332.0,157984.0,0.6102186134538007,0.5969789958644,0.00195312,0.125,6400000.0
1.0,1.0,1.0,2.0,3.0,2.0,108.0,192.0,0.03911015413878083,0.040912063041146696,0.125,2.0,6400000.0
72.0,128.0,4.0,9.0,1468.0,1045.0,46332.0,157984.0,0.6102186134538007,0.5969789958644,0.0625,0.125,6400000.0
128.0,128.0,4.0,9.0,2514.0,1717.0,78684.0,258336.0,0.6556807820354714,0.6455035359924539,0.0625,0.0,6400000.0
128.0,128.0,4.0,9.0,2514.0,1717.0,78684.0,258336.0,0.6556807820354714,0.6455035359924539,0.00195312,0.0,6400000.0
128.0,128.0,4.0,9.0,2452.0,1738.0,78387.0,261696.0,0.6703342160257573,0.6578605877468846,0.125,0.015625,6400000.0
1.0,1.0,8.0,1.0,1.0,1.0,543.0,32.0,-0.0030632107251067353,-0.0017650185808415486,0.0,1024.0,6400000.0
8.0,128.0,4.0,2.0,22.0,16.0,724.0,1536.0,0.184803559555608,0.19082719424152972,0.0625,32.0,6400000.0
1.0,128.0,4.0,1.0,1.0,1.0,63.0,32.0,-0.0030632107251067353,-0.0017650185808415486,0.0625,8192.0,6400000.0
8.0,128.0,4.0,2.0,22.0,16.0,724.0,1536.0,0.184803559555608,0.19082719424152972,0.00195312,32.0,6400000.0
1.0,1.0,8.0,9.0,61.0,31.0,3649.0,4832.0,0.07679340393426726,0.07829080149547585,0.00195312,0.25,6400000.0
1.0,128.0,2.0,1.0,1.0,1.0,39.0,32.0,-0.0030632107251067353,-0.0017650185808415486,4096.0,0.125,6400000.0
27.0,128.0,4.0,9.0,182.0,137.0,5741.0,18464.0,0.39629112021669155,0.40252478152262305,0.125,4.0,6400000.0
1.0,128.0,2.0,1.0,1.0,1.0,39.0,32.0,-0.0030632107251067353,-0.0017650185808415486,16384.0,1024.0,6400000.0
27.0,128.0,4.0,9.0,182.0,137.0,5741.0,18464.0,0.39629112021669155,0.40252478152262305,0.00390625,4.0,6400000.0
1.0,128.0,4.0,1.0,1.0,1.0,63.0,32.0,-0.0030632107251067353,-0.0017650185808415486,0.00195312,8192.0,6400000.0
1.0,128.0,2.0,1.0,1.0,1.0,39.0,32.0,-0.0030632107251067353,-0.0017650185808415486,4096.0,32.0,6400000.0
1.0,128.0,2.0,1.0,1.0,1.0,39.0,32.0,-0.0030632107251067353,-0.0017650185808415486,16384.0,0.000976562,6400000.0
1.0,128.0,2.0,1.0,1.0,1.0,39.0,32.0,-0.0030632107251067353,-0.0017650185808415486,32768.0,0.00195312,6400000.0
1.0,128.0,4.0,1.0,1.0,1.0,63.0,32.0,-0.0030632107251067353,-0.0017650185808415486,0.125,1024.0,6400000.0
128.0,128.0,4.0,9.0,2369.0,1682.0,75150.0,252736.0,0.6234748533320149,0.6260440661773101,0.00390625,0.015625,6400000.0
1.0,128.0,4.0,1.0,1.0,1.0,63.0,32.0,-0.0030632107251067353,-0.0017650185808415486,0.00390625,1024.0,6400000.0
1.0,1.0,8.0,9.0,61.0,31.0,3649.0,4832.0,0.07679340393426726,0.07829080149547585,0.000976562,0.125,6400000.0
1.0,128.0,2.0,1.0,1.0,1.0,39.0,32.0,-0.0030632107251067353,-0.0017650185808415486,16384.0,0.25,6400000.0
47.0,128.0,4.0,9.0,936.0,676.0,29163.0,102144.0,0.579172694871942,0.5785778311096275,0.0078125,0.5,6400000.0
128.0,128.0,4.0,9.0,2545.0,1757.0,80154.0,264736.0,0.6626627442079187,0.6619718743255161,0.0078125,0.00195312,6400000.0
128.0,128.0,4.0,9.0,2420.0,1677.0,76832.0,251936.0,0.6381148801175589,0.6312634438357827,0.25,0.00195312,6400000.0
1.0,128.0,4.0,1.0,1.0,1.0,63.0,32.0,-0.0030632107251067353,-0.0017650185808415486,0.0078125,128.0,6400000.0
49.0,128.0,4.0,9.0,965.0,702.0,30250.0,106048.0,0.5916136277291053,0.5886801710477753,0.25,0.5,6400000.0
1.0,128.0,4.0,1.0,1.0,1.0,63.0,32.0,-0.0030632107251067353,-0.0017650185808415486,0.25,128.0,6400000.0
1.0,1.0,8.0,9.0,61.0,31.0,3649.0,4832.0,0.07679340393426726,0.07829080149547585,0.00195312,0.0,6400000.0
1.0,128.0,2.0,1.0,1.0,1.0,39.0,32.0,-0.0030632107251067353,-0.0017650185808415486,8192.0,4.0,6400000.0
1.0,128.0,4.0,1.0,1.0,1.0,63.0,32.0,-0.0030632107251067353,-0.0017650185808415486,0.25,32768.0,6400000.0
1.0,128.0,4.0,1.0,1.0,1.0,63.0,32.0,-0.0030632107251067353,-0.0017650185808415486,0.0078125,32768.0,6400000.0
1.0,1.0,8.0,7.0,34.0,18.0,2910.0,2752.0,0.06896836419286934,0.07307191521331724,0.0,2.0,6400000.0
1.0,128.0,2.0,1.0,1.0,1.0,39.0,32.0,-0.0030632107251067353,-0.0017650185808415486,8192.0,0.015625,6400000.0
1.0,128.0,2.0,1.0,1.0,1.0,39.0,32.0,-0.0030632107251067353,-0.0017650185808415486,4096.0,8192.0,6400000.0
11.0,128.0,4.0,3.0,35.0,26.0,1119.0,2752.0,0.23801654357424562,0.2440154241847443,0.0,16.0,6400000.0
11.0,128.0,4.0,3.0,35.0,26.0,1119.0,2752.0,0.23801654357424562,0.2440154241847443,0.5,16.0,6400000.0
1.0,128.0,2.0,1.0,1.0,1.0,39.0,32.0,-0.0030632107251067353,-0.0017650185808415486,32768.0,128.0,6400000.0
99.0,128.0,4.0,9.0,1916.0,1390.0,61580.0,209728.0,0.6374477094989366,0.6296075642378051,0.5,0.0625,6400000.0
1.0,128.0,2.0,1.0,1.0,1.0,39.0,32.0,-0.0030632107251067353,-0.0017650185808415486,32768.0,32768.0,6400000.0
1.0,128.0,2.0,1.0,1.0,1.0,39.0,32.0,-0.0030632107251067353,-0.0017650185808415486,32768.0,0.5,6400000.0
11.0,128.0,4.0,3.0,35.0,26.0,1119.0,2752.0,0.23801654357424562,0.2440154241847443,0.015625,16.0,6400000.0
1.0,128.0,4.0,1.0,1.0,1.0,63.0,32.0,-0.0030632107251067353,-0.0017650185808415486,0.0,4096.0,6400000.0
99.0,128.0,4.0,9.0,1919.0,1379.0,61222.0,207968.0,0.6253669652257936,0.6106653100962529,0.015625,0.0625,6400000.0
128.0,128.0,4.0,9.0,2421.0,1701.0,77193.0,255776.0,0.6367732521919813,0.6421708008158357,0.000976562,0.0078125,6400000.0
99.0,128.0,4.0,9.0,1919.0,1379.0,61222.0,207968.0,0.6253669652257936,0.6106653100962529,0.0,0.0625,6400000.0
1.0,128.0,4.0,1.0,1.0,1.0,63.0,32.0,-0.0030632107251067353,-0.0017650185808415486,0.015625,4096.0,6400000.0
1.0,128.0,2.0,1.0,1.0,1.0,39.0,32.0,-0.0030632107251067353,-0.0017650185808415486,16384.0,64.0,6400000.0
34.0,128.0,4.0,9.0,405.0,299.0,12531.0,43488.0,0.48047354984414437,0.4995541811062537,0.03125,2.0,6400000.0
1.0,128.0,4.0,1.0,1.0,1.0,63.0,32.0,-0.0030632107251067353,-0.0017650185808415486,0.03125,512.0,6400000.0
128.0,128.0,4.0,9.0,2421.0,1701.0,77193.0,255776.0,0.6367732521919813,0.6421708008158357,0.03125,0.0078125,6400000.0
34.0,128.0,4.0,9.0,405.0,299.0,12531.0,43488.0,0.48047354984414437,0.4995541811062537,0.000976562,2.0,6400000.0
1.0,1.0,8.0,9.0,61.0,31.0,3649.0,4832.0,0.07679340393426726,0.07829080149547585,0.000976562,0.0078125,6400000.0
1.0,1.0,8.0,1.0,1.0,1.0,543.0,32.0,-0.0030632107251067353,-0.0017650185808415486,0.000976562,128.0,6400000.0
1.0,128.0,2.0,1.0,1.0,1.0,39.0,32.0,-0.0030632107251067353,-0.0017650185808415486,8192.0,1024.0,6400000.0
1.0,1.0,1.0,2.0,3.0,2.0,108.0,192.0,0.03911015413878083,0.040912063041146696,0.125,4.0,6400000.0
53.0,128.0,4.0,9.0,1107.0,782.0,34427.0,118336.0,0.5963520786490591,0.5929239315447865,0.00195312,0.25,6400000.0
1.0,1.0,8.0,1.0,1.0,1.0,543.0,32.0,-0.0030632107251067353,-0.0017650185808415486,0.00195312,256.0,6400000.0
1.0,128.0,4.0,1.0,1.0,1.0,63.0,32.0,-0.0030632107251067353,-0.0017650185808415486,0.000976562,512.0,6400000.0
53.0,128.0,4.0,9.0,1107.0,782.0,34427.0,118336.0,0.5963520786490591,0.5929239315447865,0.0625,0.25,6400000.0
128.0,128.0,4.0,9.0,2461.0,1707.0,77741.0,256736.0,0.6330881849845112,0.6357154714640202,0.0625,0.000976562,6400000.0
128.0,128.0,4.0,9.0,2461.0,1707.0,77741.0,256736.0,0.6330881849845112,0.6357154714640202,0.00195312,0.000976562,6400000.0
3.0,128.0,4.0,2.0,9.0,6.0,335.0,576.0,0.10115259004895938,0.10346957106453547,0.00195312,64.0,6400000.0
3.0,128.0,4.0,2.0,9.0,6.0,335.0,576.0,0.10115259004895938,0.10346957106453547,0.0625,64.0,6400000.0
1.0,128.0,4.0,1.0,1.0,1.0,63.0,32.0,-0.0030632107251067353,-0.0017650185808415486,0.0625,16384.0,6400000.0
1.0,1.0,8.0,9.0,61.0,31.0,3649.0,4832.0,0.07679340393426726,0.07829080149547585,0.00195312,0.5,6400000.0
1.0,1.0,8.0,1.0,1.0,1.0,543.0,32.0,-0.0030632107251067353,-0.0017650185808415486,0.0,2048.0,6400000.0
1.0,128.0,4.0,1.0,1.0,1.0,63.0,32.0,-0.0030632107251067353,-0.0017650185808415486,0.5,4096.0,6400000.0
1.0,128.0,4.0,1.0,1.0,1.0,63.0,32.0,-0.0030632107251067353,-0.0017650185808415486,0.00195312,16384.0,6400000.0
128.0,128.0,4.0,9.0,2360.0,1701.0,75035.0,255776.0,0.6441104145479002,0.6404378714302998,0.125,0.03125,6400000.0
16.0,128.0,4.0,3.0,67.0,47.0,2020.0,5472.0,0.28428173420704106,0.29213228260301216,0.125,8.0,6400000.0
16.0,128.0,4.0,3.0,67.0,47.0,2020.0,5472.0,0.28428173420704106,0.29213228260301216,0.00390625,8.0,6400000.0
35.0,128.0,4.0,9.0,658.0,483.0,20534.0,72800.0,0.5314186599624591,0.5427904047834783,0.0078125,1.0,6400000.0
1.0,128.0,2.0,1.0,1.0,1.0,39.0,32.0,-0.0030632107251067353,-0.0017650185808415486,16384.0,0.00195312,6400000.0
128.0,128.0,4.0,9.0,2294.0,1665.0,73467.0,250016.0,0.6248073408699304,0.6262754379889977,0.00390625,0.03125,6400000.0
1.0,128.0,2.0,1.0,1.0,1.0,39.0,32.0,-0.0030632107251067353,-0.0017650185808415486,16384.0,2048.0,6400000.0
1.0,128.0,2.0,1.0,1.0,1.0,39.0,32.0,-0.0030632107251067353,-0.0017650185808415486,32768.0,0.00390625,6400000.0
1.0,1.0,8.0,9.0,61.0,31.0,3649.0,4832.0,0.07679340393426726,0.07829080149547585,0.000976562,0.25,6400000.0
1.0,128.0,4.0,1.0,1.0,1.0,63.0,32.0,-0.0030632107251067353,-0.0017650185808415486,0.00390625,2048.0,6400000.0
37.0,128.0,4.0,9.0,634.0,459.0,19440.0,68704.0,0.52490193261183,0.5378789660572921,0.25,1.0,6400000.0
1.0,128.0,2.0,1.0,1.0,1.0,39.0,32.0,-0.0030632107251067353,-0.0017650185808415486,16384.0,0.5,6400000.0
128.0,128.0,4.0,9.0,2404.0,1667.0,76039.0,250336.0,0.6470123572280997,0.6349361446596684,0.25,0.00390625,6400000.0
128.0,128.0,4.0,9.0,2475.0,1736.0,77731.0,261376.0,0.6749057205764113,0.6655251504435615,1.0,0.0078125,6400000.0
1.0,128.0,4.0,1.0,1.0,1.0,63.0,32.0,-0.0030632107251067353,-0.0017650185808415486,0.125,2048.0,6400000.0
1.0,128.0,4.0,1.0,1.0,1.0,63.0,32.0,-0.0030632107251067353,-0.0017650185808415486,0.0078125,256.0,6400000.0
128.0,128.0,4.0,9.0,2449.0,1699.0,77087.0,255456.0,0.6346168007955696,0.6344902215221048,0.0078125,0.00390625,6400000.0
1.0,128.0,4.0,1.0,1.0,1.0,63.0,32.0,-0.0030632107251067353,-0.0017650185808415486,0.25,256.0,6400000.0
1.0,1.0,8.0,9.0,61.0,31.0,3649.0,4832.0,0.07679340393426726,0.07829080149547585,0.00195312,0.000976562,6400000.0
128.0,128.0,4.0,9.0,2450.0,1694.0,77171.0,254656.0,0.6434854469763371,0.6315714497499465,0.5,0.0,6400000.0
8.0,128.0,4.0,2.0,22.0,16.0,724.0,1536.0,0.184803559555608,0.19082719424152972,0.5,32.0,6400000.0
76.0,128.0,4.0,9.0,1506.0,1068.0,47682.0,161152.0,0.6028093226712261,0.6042290571276414,0.5,0.125,6400000.0
128.0,128.0,4.0,9.0,2514.0,1717.0,78684.0,258336.0,0.6556807820354714,0.6455035359924539,0.015625,0.0,6400000.0
8.0,128.0,4.0,2.0,22.0,16.0,724.0,1536.0,0.184803559555608,0.19082719424152972,0.0,32.0,6400000.0
1.0,128.0,2.0,1.0,1.0,1.0,39.0,32.0,-0.0030632107251067353,-0.0017650185808415486,32768.0,1.0,6400000.0
128.0,128.0,4.0,9.0,2514.0,1717.0,78684.0,258336.0,0.6556807820354714,0.6455035359924539,0.0,0.0,6400000.0
1.0,128.0,4.0,1.0,1.0,1.0,63.0,32.0,-0.0030632107251067353,-0.0017650185808415486,1.0,512.0,6400000.0
31.0,128.0,4.0,9.0,343.0,261.0,10826.0,37792.0,0.44784528477901897,0.4652902710227389,1.0,2.0,6400000.0
8.0,128.0,4.0,2.0,22.0,16.0,724.0,1536.0,0.184803559555608,0.19082719424152972,0.015625,32.0,6400000.0
1.0,128.0,4.0,1.0,1.0,1.0,63.0,32.0,-0.0030632107251067353,-0.0017650185808415486,0.0,8192.0,6400000.0
1.0,128.0,4.0,1.0,1.0,1.0,63.0,32.0,-0.0030632107251067353,-0.0017650185808415486,0.015625,8192.0,6400000.0
53.0,128.0,4.0,9.0,1123.0,794.0,35154.0,120256.0,0.5438903065738224,0.5611707830113652,2.0,0.25,6400000.0
128.0,128.0,4.0,9.0,2369.0,1682.0,75150.0,252736.0,0.6234748533320149,0.6260440661773101,0.000976562,0.015625,6400000.0
72.0,128.0,4.0,9.0,1468.0,1045.0,46332.0,157984.0,0.6102186134538007,0.5969789958644,0.0,0.125,6400000.0
128.0,128.0,4.0,9.0,2507.0,1746.0,79911.0,262976.0,0.6451945100411026,0.6322398985854739,2.0,0.000976562,6400000.0
72.0,128.0,4.0,9.0,1468.0,1045.0,46332.0,157984.0,0.6102186134538007,0.5969789958644,0.015625,0.125,6400000.0
1.0,128.0,4.0,1.0,1.0,1.0,63.0,32.0,-0.0030632107251067353,-0.0017650185808415486,0.03125,1024.0,6400000.0
1.0,128.0,2.0,1.0,1.0,1.0,39.0,32.0,-0.0030632107251067353,-0.0017650185808415486,32768.0,256.0,6400000.0
1.0,128.0,2.0,1.0,1.0,1.0,39.0,32.0,-0.0030632107251067353,-0.0017650185808415486,16384.0,128.0,6400000.0
27.0,128.0,4.0,9.0,182.0,137.0,5741.0,18464.0,0.39629112021669155,0.40252478152262305,0.000976562,4.0,6400000.0
27.0,128.0,4.0,9.0,182.0,137.0,5741.0,18464.0,0.39629112021669155,0.40252478152262305,0.03125,4.0,6400000.0
128.0,128.0,4.0,9.0,2369.0,1682.0,75150.0,252736.0,0.6234748533320149,0.6260440661773101,0.03125,0.015625,6400000.0
1.0,1.0,8.0,9.0,61.0,31.0,3649.0,4832.0,0.07679340393426726,0.07829080149547585,0.000976562,0.015625,6400000.0
1.0,1.0,8.0,1.0,1.0,1.0,543.0,32.0,-0.0030632107251067353,-0.0017650185808415486,0.000976562,256.0,6400000.0
47.0,128.0,4.0,9.0,936.0,676.0,29163.0,102144.0,0.579172694871942,0.5785778311096275,0.0625,0.5,6400000.0
1.0,128.0,4.0,1.0,1.0,1.0,63.0,32.0,-0.0030632107251067353,-0.0017650185808415486,0.00195312,128.0,6400000.0
1.0,1.0,8.0,1.0,1.0,1.0,543.0,32.0,-0.0030632107251067353,-0.0017650185808415486,0.00195312,512.0,6400000.0
47.0,128.0,4.0,9.0,936.0,676.0,29163.0,102144.0,0.579172694871942,0.5785778311096275,0.00195312,0.5,6400000.0
128.0,128.0,4.0,9.0,2545.0,1757.0,80154.0,264736.0,0.6626627442079187,0.6619718743255161,0.00195312,0.00195312,6400000.0
3.0,128.0,4.0,2.0,9.0,6.0,335.0,576.0,0.10115259004895938,0.10346957106453547,2.0,64.0,6400000.0
1.0,128.0,4.0,1.0,1.0,1.0,63.0,32.0,-0.0030632107251067353,-0.0017650185808415486,0.5,8192.0,6400000.0
1.0,128.0,4.0,1.0,1.0,1.0,63.0,32.0,-0.0030632107251067353,-0.0017650185808415486,2.0,16384.0,6400000.0
128.0,128.0,4.0,9.0,2545.0,1757.0,80154.0,264736.0,0.6626627442079187,0.6619718743255161,0.0625,0.00195312,6400000.0
1.0,128.0,4.0,1.0,1.0,1.0,63.0,32.0,-0.0030632107251067353,-0.0017650185808415486,0.000976562,1024.0,6400000.0
1.0,128.0,4.0,1.0,1.0,1.0,63.0,32.0,-0.0030632107251067353,-0.0017650185808415486,0.00195312,32768.0,6400000.0
1.0,128.0,4.0,1.0,1.0,1.0,63.0,32.0,-0.0030632107251067353,-0.0017650185808415486,0.0625,128.0,6400000.0
1.0,1.0,8.0,9.0,60.0,31.0,3617.0,4832.0,0.07592421572161712,0.07821444747362105,0.00195312,1.0,6400000.0
1.0,128.0,4.0,1.0,1.0,1.0,63.0,32.0,-0.0030632107251067353,-0.0017650185808415486,0.0625,32768.0,6400000.0
11.0,128.0,4.0,3.0,35.0,26.0,1119.0,2752.0,0.23801654357424562,0.2440154241847443,0.00390625,16.0,6400000.0
34.0,128.0,4.0,9.0,405.0,299.0,12531.0,43488.0,0.48047354984414437,0.4995541811062537,0.0078125,2.0,6400000.0
11.0,128.0,4.0,3.0,35.0,26.0,1119.0,2752.0,0.23801654357424562,0.2440154241847443,0.125,16.0,6400000.0
95.0,128.0,4.0,9.0,1853.0,1325.0,58635.0,199840.0,0.6283548200927842,0.6229653352431512,0.125,0.0625,6400000.0
128.0,128.0,4.0,9.0,2432.0,1766.0,78376.0,266176.0,0.6573476202751358,0.6519103926099596,4.0,0.03125,6400000.0
99.0,128.0,4.0,9.0,1919.0,1379.0,61222.0,207968.0,0.6253669652257936,0.6106653100962529,0.00390625,0.0625,6400000.0
1.0,128.0,2.0,1.0,1.0,1.0,39.0,32.0,-0.0030632107251067353,-0.0017650185808415486,16384.0,4096.0,6400000.0
1.0,1.0,8.0,9.0,61.0,31.0,3649.0,4832.0,0.07679340393426726,0.07829080149547585,0.000976562,0.5,6400000.0
1.0,128.0,2.0,1.0,1.0,1.0,39.0,32.0,-0.0030632107251067353,-0.0017650185808415486,32768.0,0.0078125,6400000.0
16.0,128.0,4.0,3.0,67.0,47.0,2020.0,5472.0,0.28428173420704106,0.29213228260301216,4.0,8.0,6400000.0
1.0,128.0,4.0,1.0,1.0,1.0,63.0,32.0,-0.0030632107251067353,-0.0017650185808415486,0.125,4096.0,6400000.0
1.0,128.0,4.0,1.0,1.0,1.0,63.0,32.0,-0.0030632107251067353,-0.0017650185808415486,0.00390625,4096.0,6400000.0
29.0,128.0,4.0,9.0,367.0,269.0,11179.0,39328.0,0.46166356012270027,0.47247850340434716,0.25,2.0,6400000.0
1.0,128.0,4.0,1.0,1.0,1.0,63.0,32.0,-0.0030632107251067353,-0.0017650185808415486,0.0078125,512.0,6400000.0
1.0,128.0,4.0,1.0,1.0,1.0,63.0,32.0,-0.0030632107251067353,-0.0017650185808415486,0.25,512.0,6400000.0
128.0,128.0,4.0,9.0,2443.0,1699.0,77267.0,255456.0,0.6477387420244115,0.6402608124275702,0.25,0.0078125,6400000.0
1.0,1.0,8.0,9.0,61.0,31.0,3649.0,4832.0,0.07679340393426726,0.07829080149547585,0.00390625,0.00195312,6400000.0
128.0,128.0,4.0,9.0,2351.0,1670.0,74642.0,250816.0,0.6463809427436812,0.6390704034918713,1.0,0.015625,6400000.0
128.0,128.0,4.0,9.0,2421.0,1701.0,77193.0,255776.0,0.6367732521919813,0.6421708008158357,0.0078125,0.0078125,6400000.0
1.0,1.0,8.0,9.0,61.0,31.0,3649.0,4832.0,0.07679340393426726,0.07829080149547585,0.00195312,0.00195312,6400000.0
3.0,128.0,4.0,2.0,9.0,6.0,335.0,576.0,0.10115259004895938,0.10346957106453547,0.5,64.0,6400000.0
128.0,128.0,4.0,9.0,2477.0,1707.0,78403.0,256736.0,0.6381325022002757,0.6291784649078245,0.5,0.000976562,6400000.0
22.0,128.0,4.0,8.0,162.0,120.0,5106.0,16384.0,0.38525211627519973,0.39030441205093724,1.0,4.0,6400000.0
3.0,128.0,4.0,2.0,9.0,6.0,335.0,576.0,0.10115259004895938,0.10346957106453547,0.0,64.0,6400000.0
51.0,128.0,4.0,9.0,1078.0,760.0,33603.0,115072.0,0.5810490493667828,0.5911583606082336,0.5,0.25,6400000.0
128.0,128.0,4.0,9.0,2461.0,1707.0,77741.0,256736.0,0.6330881849845112,0.6357154714640202,0.0,0.000976562,6400000.0
1.0,128.0,4.0,1.0,1.0,1.0,63.0,32.0,-0.0030632107251067353,-0.0017650185808415486,1.0,1024.0,6400000.0
1.0,128.0,2.0,1.0,1.0,1.0,39.0,32.0,-0.0030632107251067353,-0.0017650185808415486,32768.0,2.0,6400000.0
1.0,128.0,4.0,1.0,1.0,1.0,63.0,32.0,-0.0030632107251067353,-0.0017650185808415486,0.0,16384.0,6400000.0
3.0,128.0,4.0,2.0,9.0,6.0,335.0,576.0,0.10115259004895938,0.10346957106453547,0.015625,64.0,6400000.0
128.0,128.0,4.0,9.0,2461.0,1707.0,77741.0,256736.0,0.6330881849845112,0.6357154714640202,0.015625,0.000976562,6400000.0
1.0,128.0,4.0,1.0,1.0,1.0,63.0,32.0,-0.0030632107251067353,-0.0017650185808415486,0.015625,16384.0,6400000.0
53.0,128.0,4.0,9.0,1107.0,782.0,34427.0,118336.0,0.5963520786490591,0.5929239315447865,0.0,0.25,6400000.0
53.0,128.0,4.0,9.0,1107.0,782.0,34427.0,118336.0,0.5963520786490591,0.5929239315447865,0.015625,0.25,6400000.0
45.0,128.0,4.0,9.0,846.0,604.0,26308.0,90880.0,0.5492492775564819,0.5533541393903567,2.0,0.5,6400000.0
128.0,128.0,4.0,9.0,2410.0,1677.0,75826.0,251936.0,0.6383038736971236,0.6252408774280526,2.0,0.00195312,6400000.0
128.0,128.0,4.0,9.0,2294.0,1665.0,73467.0,250016.0,0.6248073408699304,0.6262754379889977,0.000976562,0.03125,6400000.0
1.0,128.0,2.0,1.0,1.0,1.0,39.0,32.0,-0.0030632107251067353,-0.0017650185808415486,32768.0,512.0,6400000.0
16.0,128.0,4.0,3.0,67.0,47.0,2020.0,5472.0,0.28428173420704106,0.29213228260301216,0.03125,8.0,6400000.0
1.0,128.0,4.0,1.0,1.0,1.0,63.0,32.0,-0.0030632107251067353,-0.0017650185808415486,0.03125,2048.0,6400000.0
16.0,128.0,4.0,3.0,67.0,47.0,2020.0,5472.0,0.28428173420704106,0.29213228260301216,0.000976562,8.0,6400000.0
1.0,128.0,4.0,1.0,1.0,1.0,63.0,32.0,-0.0030632107251067353,-0.0017650185808415486,4.0,2048.0,6400000.0
128.0,128.0,4.0,9.0,2294.0,1665.0,73467.0,250016.0,0.6248073408699304,0.6262754379889977,0.03125,0.03125,6400000.0
1.0,1.0,8.0,1.0,1.0,1.0,543.0,32.0,-0.0030632107251067353,-0.0017650185808415486,0.000976562,512.0,6400000.0
1.0,1.0,8.0,1.0,1.0,1.0,543.0,32.0,-0.0030632107251067353,-0.0017650185808415486,0.00195312,1024.0,6400000.0
128.0,128.0,4.0,9.0,2449.0,1699.0,77087.0,255456.0,0.6346168007955696,0.6344902215221048,0.00195312,0.00390625,6400000.0
35.0,128.0,4.0,9.0,658.0,483.0,20534.0,72800.0,0.5314186599624591,0.5427904047834783,0.00195312,1.0,6400000.0
1.0,128.0,4.0,1.0,1.0,1.0,63.0,32.0,-0.0030632107251067353,-0.0017650185808415486,2.0,128.0,6400000.0
128.0,128.0,4.0,6.0,2331.0,1736.0,77155.0,261376.0,0.6170096754856658,0.6138832684451871,8.0,0.00390625,6400000.0
1.0,128.0,4.0,1.0,1.0,1.0,63.0,32.0,-0.0030632107251067353,-0.0017650185808415486,0.5,16384.0,6400000.0
37.0,128.0,4.0,9.0,639.0,465.0,19872.0,69664.0,0.5234863226510582,0.534602946209239,0.0625,1.0,6400000.0
1.0,128.0,4.0,1.0,1.0,1.0,63.0,32.0,-0.0030632107251067353,-0.0017650185808415486,0.0625,256.0,6400000.0
1.0,1.0,8.0,7.0,34.0,18.0,2910.0,2752.0,0.06896836419286934,0.07307191521331724,0.00195312,2.0,6400000.0
1.0,128.0,4.0,1.0,1.0,1.0,63.0,32.0,-0.0030632107251067353,-0.0017650185808415486,2.0,32768.0,6400000.0
128.0,128.0,4.0,9.0,2449.0,1699.0,77087.0,255456.0,0.6346168007955696,0.6344902215221048,0.0625,0.00390625,6400000.0
1.0,128.0,4.0,1.0,1.0,1.0,63.0,32.0,-0.0030632107251067353,-0.0017650185808415486,0.00195312,256.0,6400000.0
128.0,128.0,4.0,9.0,2514.0,1717.0,78684.0,258336.0,0.6556807820354714,0.6455035359924539,0.00390625,0.0,6400000.0
128.0,128.0,4.0,9.0,2462.0,1702.0,78339.0,255936.0,0.6415777177354153,0.6435215457706083,0.125,0.0,6400000.0
8.0,128.0,4.0,2.0,22.0,16.0,724.0,1536.0,0.184803559555608,0.19082719424152972,0.00390625,32.0,6400000.0
109.0,128.0,4.0,9.0,2063.0,1507.0,65853.0,227168.0,0.6273916040402427,0.6303021688317748,4.0,0.0625,6400000.0
1.0,128.0,4.0,1.0,1.0,1.0,63.0,32.0,-0.0030632107251067353,-0.0017650185808415486,0.000976562,2048.0,6400000.0
27.0,128.0,4.0,9.0,182.0,137.0,5741.0,18464.0,0.39629112021669155,0.40252478152262305,0.0078125,4.0,6400000.0
8.0,128.0,4.0,2.0,22.0,16.0,724.0,1536.0,0.184803559555608,0.19082719424152972,0.125,32.0,6400000.0
82.0,128.0,4.0,9.0,1635.0,1167.0,51931.0,176224.0,0.6167947012831151,0.6107141826848089,0.125,0.125,6400000.0
1.0,128.0,2.0,1.0,1.0,1.0,39.0,32.0,-0.0030632107251067353,-0.0017650185808415486,16384.0,8192.0,6400000.0
1.0,1.0,8.0,9.0,60.0,31.0,3617.0,4832.0,0.07592421572161712,0.07821444747362105,0.000976562,1.0,6400000.0
11.0,128.0,4.0,3.0,35.0,26.0,1119.0,2752.0,0.23801654357424562,0.2440154241847443,4.0,16.0,6400000.0
1.0,128.0,4.0,1.0,1.0,1.0,63.0,32.0,-0.0030632107251067353,-0.0017650185808415486,0.125,8192.0,6400000.0
72.0,128.0,4.0,9.0,1468.0,1045.0,46332.0,157984.0,0.6102186134538007,0.5969789958644,0.00390625,0.125,6400000.0
1.0,128.0,4.0,1.0,1.0,1.0,63.0,32.0,-0.0030632107251067353,-0.0017650185808415486,0.00390625,8192.0,6400000.0
1.0,128.0,2.0,1.0,1.0,1.0,39.0,32.0,-0.0030632107251067353,-0.0017650185808415486,32768.0,0.015625,6400000.0
1.0,128.0,4.0,1.0,1.0,1.0,63.0,32.0,-0.0030632107251067353,-0.0017650185808415486,0.25,1024.0,6400000.0
21.0,128.0,4.0,8.0,161.0,120.0,5054.0,16512.0,0.37569441219205346,0.3831987737801994,0.25,4.0,6400000.0
1.0,128.0,4.0,1.0,1.0,1.0,63.0,32.0,-0.0030632107251067353,-0.0017650185808415486,0.0078125,1024.0,6400000.0
128.0,128.0,4.0,9.0,2369.0,1682.0,75150.0,252736.0,0.6234748533320149,0.6260440661773101,0.0078125,0.015625,6400000.0
1.0,1.0,8.0,9.0,61.0,31.0,3649.0,4832.0,0.07679340393426726,0.07829080149547585,0.00390625,0.00390625,6400000.0
128.0,128.0,4.0,9.0,2392.0,1717.0,76161.0,258336.0,0.6486394037758845,0.6449886817804905,1.0,0.03125,6400000.0
128.0,128.0,4.0,9.0,2452.0,1738.0,78387.0,261696.0,0.6703342160257573,0.6578605877468846,0.25,0.015625,6400000.0
1.0,1.0,8.0,9.0,61.0,31.0,3649.0,4832.0,0.07679340393426726,0.07829080149547585,0.00195312,0.00390625,6400000.0
1.0,128.0,4.0,1.0,1.0,1.0,63.0,32.0,-0.0030632107251067353,-0.0017650185808415486,0.5,128.0,6400000.0
128.0,128.0,4.0,9.0,2446.0,1700.0,77140.0,255616.0,0.637353973485459,0.6302465168550649,0.5,0.00195312,6400000.0
1.0,128.0,4.0,1.0,1.0,1.0,63.0,32.0,-0.0030632107251067353,-0.0017650185808415486,0.0,128.0,6400000.0
16.0,128.0,4.0,3.0,67.0,47.0,2020.0,5472.0,0.28428173420704106,0.29213228260301216,1.0,8.0,6400000.0
46.0,128.0,4.0,9.0,920.0,660.0,28649.0,99712.0,0.5712109162075185,0.5682519548385925,0.5,0.5,6400000.0
47.0,128.0,4.0,9.0,936.0,676.0,29163.0,102144.0,0.579172694871942,0.5785778311096275,0.0,0.5,6400000.0
1.0,128.0,4.0,1.0,1.0,1.0,63.0,32.0,-0.0030632107251067353,-0.0017650185808415486,1.0,2048.0,6400000.0
1.0,128.0,2.0,1.0,1.0,1.0,39.0,32.0,-0.0030632107251067353,-0.0017650185808415486,32768.0,4.0,6400000.0
1.0,128.0,4.0,1.0,1.0,1.0,63.0,32.0,-0.0030632107251067353,-0.0017650185808415486,0.0,32768.0,6400000.0
1.0,128.0,4.0,1.0,1.0,1.0,63.0,32.0,-0.0030632107251067353,-0.0017650185808415486,0.015625,128.0,6400000.0
11.0,128.0,4.0,3.0,35.0,26.0,1119.0,2752.0,0.23801654357424562,0.2440154241847443,0.03125,16.0,6400000.0
128.0,128.0,4.0,9.0,2545.0,1757.0,80154.0,264736.0,0.6626627442079187,0.6619718743255161,0.0,0.00195312,6400000.0
128.0,128.0,4.0,9.0,2464.0,1710.0,78425.0,257216.0,0.6337770530870942,0.6321240529972028,2.0,0.00390625,6400000.0
47.0,128.0,4.0,9.0,936.0,676.0,29163.0,102144.0,0.579172694871942,0.5785778311096275,0.015625,0.5,6400000.0
41.0,128.0,4.0,9.0,627.0,458.0,19316.0,68032.0,0.5180074978621946,0.5340513881320648,2.0,1.0,6400000.0
99.0,128.0,4.0,9.0,1919.0,1379.0,61222.0,207968.0,0.6253669652257936,0.6106653100962529,0.000976562,0.0625,6400000.0
1.0,128.0,4.0,1.0,1.0,1.0,63.0,32.0,-0.0030632107251067353,-0.0017650185808415486,0.015625,32768.0,6400000.0
128.0,128.0,4.0,9.0,2545.0,1757.0,80154.0,264736.0,0.6626627442079187,0.6619718743255161,0.015625,0.00195312,6400000.0
1.0,128.0,4.0,1.0,1.0,1.0,63.0,32.0,-0.0030632107251067353,-0.0017650185808415486,4.0,4096.0,6400000.0
1.0,128.0,2.0,1.0,1.0,1.0,39.0,32.0,-0.0030632107251067353,-0.0017650185808415486,32768.0,1024.0,6400000.0
11.0,128.0,4.0,3.0,35.0,26.0,1119.0,2752.0,0.23801654357424562,0.2440154241847443,0.000976562,16.0,6400000.0
1.0,128.0,4.0,1.0,1.0,1.0,63.0,32.0,-0.0030632107251067353,-0.0017650185808415486,0.03125,4096.0,6400000.0
99.0,128.0,4.0,9.0,1919.0,1379.0,61222.0,207968.0,0.6253669652257936,0.6106653100962529,0.03125,0.0625,6400000.0
1.0,128.0,4.0,1.0,1.0,1.0,63.0,32.0,-0.0030632107251067353,-0.0017650185808415486,2.0,256.0,6400000.0
1.0,1.0,8.0,1.0,1.0,1.0,543.0,32.0,-0.0030632107251067353,-0.0017650185808415486,0.00195312,2048.0,6400000.0
1.0,1.0,8.0,1.0,1.0,1.0,543.0,32.0,-0.0030632107251067353,-0.0017650185808415486,0.000976562,1024.0,6400000.0
34.0,128.0,4.0,9.0,405.0,299.0,12531.0,43488.0,0.48047354984414437,0.4995541811062537,0.00195312,2.0,6400000.0
34.0,128.0,4.0,9.0,405.0,299.0,12531.0,43488.0,0.48047354984414437,0.4995541811062537,0.0625,2.0,6400000.0
128.0,128.0,4.0,9.0,2421.0,1701.0,77193.0,255776.0,0.6367732521919813,0.6421708008158357,0.00195312,0.0078125,6400000.0
128.0,128.0,4.0,7.0,2365.0,1758.0,77845.0,264896.0,0.6133974563444686,0.6188608136103095,8.0,0.0078125,6400000.0
1.0,128.0,4.0,1.0,1.0,1.0,63.0,32.0,-0.0030632107251067353,-0.0017650185808415486,0.0625,512.0,6400000.0
1.0,128.0,4.0,1.0,1.0,1.0,63.0,32.0,-0.0030632107251067353,-0.0017650185808415486,0.5,32768.0,6400000.0
1.0,1.0,8.0,4.0,13.0,7.0,1610.0,992.0,0.057805003399450605,0.060993872308649943,0.00195312,4.0,6400000.0
3.0,128.0,4.0,2.0,9.0,6.0,335.0,576.0,0.10115259004895938,0.10346957106453547,0.00390625,64.0,6400000.0
1.0,128.0,4.0,1.0,1.0,1.0,63.0,32.0,-0.0030632107251067353,-0.0017650185808415486,0.00195312,512.0,6400000.0
95.0,128.0,4.0,9.0,1829.0,1368.0,59348.0,206720.0,0.6328017720340249,0.628058733104753,4.0,0.125,6400000.0
128.0,128.0,4.0,9.0,2478.0,1733.0,78774.0,260896.0,0.6414785530938836,0.6388325219319154,4.0,0.0,6400000.0
128.0,128.0,4.0,9.0,2421.0,1701.0,77193.0,255776.0,0.6367732521919813,0.6421708008158357,0.0625,0.0078125,6400000.0
128.0,128.0,4.0,9.0,2498.0,1731.0,78828.0,260576.0,0.6519653097053397,0.6450291213233486,0.125,0.000976562,6400000.0
128.0,128.0,4.0,9.0,2461.0,1707.0,77741.0,256736.0,0.6330881849845112,0.6357154714640202,0.00390625,0.000976562,6400000.0
57.0,128.0,4.0,9.0,1190.0,853.0,37326.0,129184.0,0.6071108712602789,0.5981259039411835,0.125,0.25,6400000.0
1.0,128.0,2.0,1.0,1.0,1.0,39.0,32.0,-0.0030632107251067353,-0.0017650185808415486,16384.0,16384.0,6400000.0
1.0,128.0,4.0,1.0,1.0,1.0,63.0,32.0,-0.0030632107251067353,-0.0017650185808415486,0.125,16384.0,6400000.0
1.0,1.0,8.0,7.0,34.0,18.0,2910.0,2752.0,0.06896836419286934,0.07307191521331724,0.000976562,2.0,6400000.0
3.0,128.0,4.0,2.0,9.0,6.0,335.0,576.0,0.10115259004895938,0.10346957106453547,0.125,64.0,6400000.0
16.0,128.0,4.0,3.0,67.0,47.0,2020.0,5472.0,0.28428173420704106,0.29213228260301216,0.0078125,8.0,6400000.0
53.0,128.0,4.0,9.0,1107.0,782.0,34427.0,118336.0,0.5963520786490591,0.5929239315447865,0.00390625,0.25,6400000.0
8.0,128.0,4.0,2.0,22.0,16.0,724.0,1536.0,0.184803559555608,0.19082719424152972,4.0,32.0,6400000.0
1.0,128.0,4.0,1.0,1.0,1.0,63.0,32.0,-0.0030632107251067353,-0.0017650185808415486,0.000976562,4096.0,6400000.0
1.0,128.0,4.0,1.0,1.0,1.0,63.0,32.0,-0.0030632107251067353,-0.0017650185808415486,0.00390625,16384.0,6400000.0
1.0,128.0,2.0,1.0,1.0,1.0,39.0,32.0,-0.0030632107251067353,-0.0017650185808415486,32768.0,0.03125,6400000.0
1.0,128.0,4.0,1.0,1.0,1.0,63.0,32.0,-0.0030632107251067353,-0.0017650185808415486,0.25,2048.0,6400000.0
128.0,128.0,4.0,9.0,2294.0,1665.0,73467.0,250016.0,0.6248073408699304,0.6262754379889977,0.0078125,0.03125,6400000.0
1.0,128.0,4.0,1.0,1.0,1.0,63.0,32.0,-0.0030632107251067353,-0.0017650185808415486,0.0078125,2048.0,6400000.0
1.0,1.0,8.0,9.0,61.0,31.0,3649.0,4832.0,0.07679340393426726,0.07829080149547585,0.00390625,0.0078125,6400000.0
16.0,128.0,4.0,3.0,67.0,47.0,2020.0,5472.0,0.28428173420704106,0.29213228260301216,0.25,8.0,6400000.0
102.0,128.0,4.0,9.0,1943.0,1398.0,61959.0,210624.0,0.6316211411319874,0.6255922800648492,1.0,0.0625,6400000.0
1.0,1.0,8.0,9.0,61.0,31.0,3649.0,4832.0,0.07679340393426726,0.07829080149547585,0.00195312,0.0078125,6400000.0
128.0,128.0,4.0,9.0,2360.0,1701.0,75035.0,255776.0,0.6441104145479002,0.6404378714302998,0.25,0.03125,6400000.0
1.0,128.0,4.0,1.0,1.0,1.0,63.0,32.0,-0.0030632107251067353,-0.0017650185808415486,0.5,256.0,6400000.0
1.0,128.0,4.0,1.0,1.0,1.0,63.0,32.0,-0.0030632107251067353,-0.0017650185808415486,0.0,256.0,6400000.0
11.0,128.0,4.0,3.0,35.0,26.0,1119.0,2752.0,0.23801654357424562,0.2440154241847443,1.0,16.0,6400000.0
128.0,128.0,4.0,9.0,2430.0,1696.0,76911.0,254976.0,0.6387946327334126,0.6341766860286429,0.5,0.00390625,6400000.0
1.0,128.0,4.0,1.0,1.0,1.0,63.0,32.0,-0.0030632107251067353,-0.0017650185808415486,1.0,4096.0,6400000.0
35.0,128.0,4.0,9.0,658.0,483.0,20534.0,72800.0,0.5314186599624591,0.5427904047834783,0.0,1.0,6400000.0
33.0,128.0,4.0,9.0,602.0,436.0,18434.0,65536.0,0.5161450007527962,0.5278003993903042,0.5,1.0,6400000.0
8.0,128.0,4.0,2.0,22.0,16.0,724.0,1536.0,0.184803559555608,0.19082719424152972,0.03125,32.0,6400000.0
128.0,128.0,4.0,9.0,2514.0,1717.0,78684.0,258336.0,0.6556807820354714,0.6455035359924539,0.000976562,0.0,6400000.0
1.0,128.0,4.0,1.0,1.0,1.0,63.0,32.0,-0.0030632107251067353,-0.0017650185808415486,0.03125,8192.0,6400000.0
1.0,128.0,2.0,1.0,1.0,1.0,39.0,32.0,-0.0030632107251067353,-0.0017650185808415486,32768.0,8.0,6400000.0
35.0,128.0,4.0,9.0,658.0,483.0,20534.0,72800.0,0.5314186599624591,0.5427904047834783,0.015625,1.0,6400000.0
128.0,128.0,4.0,9.0,2415.0,1697.0,76910.0,255136.0,0.6277062794869673,0.6288175242388422,2.0,0.0078125,6400000.0
1.0,128.0,2.0,1.0,1.0,1.0,39.0,32.0,-0.0030632107251067353,-0.0017650185808415486,32768.0,2048.0,6400000.0
1.0,128.0,4.0,1.0,1.0,1.0,63.0,32.0,-0.0030632107251067353,-0.0017650185808415486,4.0,8192.0,6400000.0
1.0,128.0,4.0,1.0,1.0,1.0,63.0,32.0,-0.0030632107251067353,-0.0017650185808415486,0.015625,256.0,6400000.0
128.0,128.0,4.0,9.0,2449.0,1699.0,77087.0,255456.0,0.6346168007955696,0.6344902215221048,0.0,0.00390625,6400000.0
37.0,128.0,4.0,9.0,393.0,302.0,12357.0,43584.0,0.48433038515692384,0.49955225833858974,2.0,2.0,6400000.0
128.0,128.0,4.0,9.0,2514.0,1717.0,78684.0,258336.0,0.6556807820354714,0.6455035359924539,0.03125,0.0,6400000.0
72.0,128.0,4.0,9.0,1468.0,1045.0,46332.0,157984.0,0.6102186134538007,0.5969789958644,0.03125,0.125,6400000.0
72.0,128.0,4.0,9.0,1468.0,1045.0,46332.0,157984.0,0.6102186134538007,0.5969789958644,0.000976562,0.125,6400000.0
128.0,128.0,4.0,9.0,2449.0,1699.0,77087.0,255456.0,0.6346168007955696,0.6344902215221048,0.015625,0.00390625,6400000.0
8.0,128.0,4.0,2.0,22.0,16.0,724.0,1536.0,0.184803559555608,0.19082719424152972,0.000976562,32.0,6400000.0
1.0,128.0,4.0,1.0,1.0,1.0,63.0,32.0,-0.0030632107251067353,-0.0017650185808415486,2.0,512.0,6400000.0
27.0,128.0,4.0,9.0,182.0,137.0,5741.0,18464.0,0.39629112021669155,0.40252478152262305,0.0625,4.0,6400000.0
27.0,128.0,4.0,9.0,182.0,137.0,5741.0,18464.0,0.39629112021669155,0.40252478152262305,0.00195312,4.0,6400000.0
1.0,1.0,8.0,1.0,1.0,1.0,543.0,32.0,-0.0030632107251067353,-0.0017650185808415486,0.00195312,4096.0,6400000.0
1.0,1.0,8.0,1.0,1.0,1.0,543.0,32.0,-0.0030632107251067353,-0.0017650185808415486,0.000976562,2048.0,6400000.0
128.0,128.0,4.0,6.0,2249.0,1693.0,74106.0,254496.0,0.6105411644813725,0.60276395148532,8.0,0.015625,6400000.0
1.0,1.0,8.0,3.0,5.0,3.0,914.0,352.0,0.048146068319603885,0.051476191507202285,0.00195312,8.0,6400000.0
1.0,128.0,4.0,1.0,1.0,1.0,63.0,32.0,-0.0030632107251067353,-0.0017650185808415486,0.0625,1024.0,6400000.0
128.0,128.0,4.0,9.0,2426.0,1689.0,77024.0,253856.0,0.6507393941066673,0.6415020536864238,1.0,0.0,6400000.0
1.0,128.0,4.0,1.0,1.0,1.0,63.0,32.0,-0.0030632107251067353,-0.0017650185808415486,0.00390625,128.0,6400000.0
128.0,128.0,4.0,9.0,2369.0,1682.0,75150.0,252736.0,0.6234748533320149,0.6260440661773101,0.00195312,0.015625,6400000.0
1.0,128.0,4.0,1.0,1.0,1.0,63.0,32.0,-0.0030632107251067353,-0.0017650185808415486,0.00195312,1024.0,6400000.0
128.0,128.0,4.0,9.0,2369.0,1682.0,75150.0,252736.0,0.6234748533320149,0.6260440661773101,0.0625,0.015625,6400000.0
128.0,128.0,4.0,9.0,2446.0,1724.0,77974.0,259456.0,0.646160087110373,0.6410287889337987,4.0,0.000976562,6400000.0
55.0,128.0,4.0,8.0,1086.0,794.0,34388.0,120000.0,0.5478858959365513,0.5623914302147286,4.0,0.25,6400000.0
128.0,128.0,4.0,9.0,2420.0,1677.0,76832.0,251936.0,0.6381148801175589,0.6312634438357827,0.125,0.00195312,6400000.0
11.0,128.0,4.0,3.0,35.0,26.0,1119.0,2752.0,0.23801654357424562,0.2440154241847443,0.0078125,16.0,6400000.0
1.0,1.0,8.0,4.0,13.0,7.0,1610.0,992.0,0.057805003399450605,0.060993872308649943,0.000976562,4.0,6400000.0
3.0,128.0,4.0,2.0,9.0,6.0,335.0,576.0,0.10115259004895938,0.10346957106453547,4.0,64.0,6400000.0
1.0,128.0,4.0,1.0,1.0,1.0,63.0,32.0,-0.0030632107251067353,-0.0017650185808415486,0.125,128.0,6400000.0
1.0,128.0,2.0,1.0,1.0,1.0,39.0,32.0,-0.0030632107251067353,-0.0017650185808415486,16384.0,32768.0,6400000.0
128.0,128.0,4.0,9.0,2545.0,1757.0,80154.0,264736.0,0.6626627442079187,0.6619718743255161,0.00390625,0.00195312,6400000.0
1.0,128.0,4.0,1.0,1.0,1.0,63.0,32.0,-0.0030632107251067353,-0.0017650185808415486,0.125,32768.0,6400000.0
44.0,128.0,4.0,9.0,824.0,597.0,25840.0,89888.0,0.5329635992521082,0.5467975483986998,0.125,0.5,6400000.0
1.0,128.0,4.0,1.0,1.0,1.0,63.0,32.0,-0.0030632107251067353,-0.0017650185808415486,0.00390625,32768.0,6400000.0
1.0,128.0,2.0,1.0,1.0,1.0,39.0,32.0,-0.0030632107251067353,-0.0017650185808415486,32768.0,0.0625,6400000.0
47.0,128.0,4.0,9.0,936.0,676.0,29163.0,102144.0,0.579172694871942,0.5785778311096275,0.00390625,0.5,6400000.0
1.0,128.0,4.0,1.0,1.0,1.0,63.0,32.0,-0.0030632107251067353,-0.0017650185808415486,0.000976562,8192.0,6400000.0
1.0,128.0,4.0,1.0,1.0,1.0,63.0,32.0,-0.0030632107251067353,-0.0017650185808415486,0.25,4096.0,6400000.0
1.0,1.0,8.0,9.0,61.0,31.0,3649.0,4832.0,0.07679340393426726,0.07829080149547585,0.00390625,0.015625,6400000.0
1.0,128.0,4.0,1.0,1.0,1.0,63.0,32.0,-0.0030632107251067353,-0.0017650185808415486,0.0078125,4096.0,6400000.0
11.0,128.0,4.0,3.0,35.0,26.0,1119.0,2752.0,0.23801654357424562,0.2440154241847443,0.25,16.0,6400000.0
99.0,128.0,4.0,9.0,1919.0,1379.0,61222.0,207968.0,0.6253669652257936,0.6106653100962529,0.0078125,0.0625,6400000.0
95.0,128.0,4.0,9.0,1853.0,1325.0,58635.0,199840.0,0.6283548200927842,0.6229653352431512,0.25,0.0625,6400000.0
1.0,1.0,8.0,9.0,61.0,31.0,3649.0,4832.0,0.07679340393426726,0.07829080149547585,0.00195312,0.015625,6400000.0
82.0,128.0,4.0,9.0,1600.0,1138.0,50687.0,171584.0,0.6211849008992345,0.6100119901096583,1.0,0.125,6400000.0
1.0,128.0,4.0,1.0,1.0,1.0,63.0,32.0,-0.0030632107251067353,-0.0017650185808415486,0.5,512.0,6400000.0
1.0,128.0,4.0,1.0,1.0,1.0,63.0,32.0,-0.0030632107251067353,-0.0017650185808415486,0.0,512.0,6400000.0
8.0,128.0,4.0,2.0,22.0,16.0,724.0,1536.0,0.184803559555608,0.19082719424152972,1.0,32.0,6400000.0
128.0,128.0,4.0,9.0,2509.0,1752.0,79327.0,263936.0,0.6643940738015338,0.6516756239326235,0.5,0.0078125,6400000.0
1.0,128.0,4.0,1.0,1.0,1.0,63.0,32.0,-0.0030632107251067353,-0.0017650185808415486,1.0,8192.0,6400000.0
34.0,128.0,4.0,9.0,405.0,299.0,12531.0,43488.0,0.48047354984414437,0.4995541811062537,0.0,2.0,6400000.0
1.0,128.0,2.0,1.0,1.0,1.0,39.0,32.0,-0.0030632107251067353,-0.0017650185808415486,32768.0,16.0,6400000.0
1.0,128.0,4.0,1.0,1.0,1.0,63.0,32.0,-0.0030632107251067353,-0.0017650185808415486,0.03125,16384.0,6400000.0
3.0,128.0,4.0,2.0,9.0,6.0,335.0,576.0,0.10115259004895938,0.10346957106453547,0.03125,64.0,6400000.0
128.0,128.0,4.0,9.0,2461.0,1707.0,77741.0,256736.0,0.6330881849845112,0.6357154714640202,0.000976562,0.000976562,6400000.0
34.0,128.0,4.0,9.0,405.0,299.0,12531.0,43488.0,0.48047354984414437,0.4995541811062537,0.015625,2.0,6400000.0
26.0,128.0,4.0,8.0,172.0,129.0,5296.0,17312.0,0.3951267073259065,0.40584305195034975,2.0,4.0,6400000.0
35.0,128.0,4.0,9.0,465.0,346.0,14295.0,50880.0,0.5138615621088017,0.5198496433247503,0.5,2.0,6400000.0
53.0,128.0,4.0,9.0,1107.0,782.0,34427.0,118336.0,0.5963520786490591,0.5929239315447865,0.000976562,0.25,6400000.0
128.0,128.0,4.0,9.0,2383.0,1715.0,76566.0,258016.0,0.6234688286517449,0.6267324219494479,2.0,0.015625,6400000.0
1.0,128.0,2.0,1.0,1.0,1.0,39.0,32.0,-0.0030632107251067353,-0.0017650185808415486,32768.0,4096.0,6400000.0
1.0,128.0,4.0,1.0,1.0,1.0,63.0,32.0,-0.0030632107251067353,-0.0017650185808415486,0.015625,512.0,6400000.0
53.0,128.0,4.0,9.0,1107.0,782.0,34427.0,118336.0,0.5963520786490591,0.5929239315447865,0.03125,0.25,6400000.0
1.0,128.0,4.0,1.0,1.0,1.0,63.0,32.0,-0.0030632107251067353,-0.0017650185808415486,4.0,16384.0,6400000.0
128.0,128.0,4.0,9.0,2461.0,1707.0,77741.0,256736.0,0.6330881849845112,0.6357154714640202,0.03125,0.000976562,6400000.0
128.0,128.0,4.0,9.0,2421.0,1701.0,77193.0,255776.0,0.6367732521919813,0.6421708008158357,0.0,0.0078125,6400000.0
3.0,128.0,4.0,2.0,9.0,6.0,335.0,576.0,0.10115259004895938,0.10346957106453547,0.000976562,64.0,6400000.0
128.0,128.0,4.0,9.0,2421.0,1701.0,77193.0,255776.0,0.6367732521919813,0.6421708008158357,0.015625,0.0078125,6400000.0
1.0,128.0,4.0,1.0,1.0,1.0,63.0,32.0,-0.0030632107251067353,-0.0017650185808415486,2.0,1024.0,6400000.0
16.0,128.0,4.0,3.0,67.0,47.0,2020.0,5472.0,0.28428173420704106,0.29213228260301216,0.0625,8.0,6400000.0
16.0,128.0,4.0,3.0,67.0,47.0,2020.0,5472.0,0.28428173420704106,0.29213228260301216,0.00195312,8.0,6400000.0
1.0,1.0,8.0,1.0,1.0,1.0,543.0,32.0,-0.0030632107251067353,-0.0017650185808415486,0.00195312,8192.0,6400000.0
1.0,128.0,4.0,1.0,1.0,1.0,63.0,32.0,-0.0030632107251067353,-0.0017650185808415486,0.00390625,256.0,6400000.0
1.0,1.0,8.0,1.0,1.0,1.0,543.0,32.0,-0.0030632107251067353,-0.0017650185808415486,0.000976562,4096.0,6400000.0
128.0,128.0,4.0,9.0,2482.0,1719.0,78313.0,258656.0,0.65516402854089,0.6527067934550319,1.0,0.000976562,6400000.0
1.0,128.0,4.0,1.0,1.0,1.0,63.0,32.0,-0.0030632107251067353,-0.0017650185808415486,0.0625,2048.0,6400000.0
1.0,1.0,8.0,3.0,5.0,3.0,914.0,352.0,0.048146068319603885,0.051476191507202285,0.00195312,16.0,6400000.0
92.0,128.0,4.0,6.0,1693.0,1262.0,55521.0,190144.0,0.590981983365806,0.5937905852077793,8.0,0.03125,6400000.0
1.0,128.0,4.0,1.0,1.0,1.0,63.0,32.0,-0.0030632107251067353,-0.0017650185808415486,0.00195312,2048.0,6400000.0
128.0,128.0,4.0,9.0,2294.0,1665.0,73467.0,250016.0,0.6248073408699304,0.6262754379889977,0.0625,0.03125,6400000.0
128.0,128.0,4.0,9.0,2294.0,1665.0,73467.0,250016.0,0.6248073408699304,0.6262754379889977,0.00195312,0.03125,6400000.0
128.0,128.0,4.0,9.0,2473.0,1732.0,78388.0,260736.0,0.6406831468552013,0.6439185514940171,4.0,0.00195312,6400000.0
1.0,128.0,4.0,1.0,1.0,1.0,63.0,32.0,-0.0030632107251067353,-0.0017650185808415486,0.125,256.0,6400000.0
128.0,128.0,4.0,9.0,2404.0,1667.0,76039.0,250336.0,0.6470123572280997,0.6349361446596684,0.125,0.00390625,6400000.0
8.0,128.0,4.0,2.0,22.0,16.0,724.0,1536.0,0.184803559555608,0.19082719424152972,0.0078125,32.0,6400000.0
50.0,128.0,4.0,8.0,906.0,663.0,28607.0,99680.0,0.5660721361727256,0.5623460986723711,4.0,0.5,6400000.0
1.0,1.0,8.0,3.0,5.0,3.0,914.0,352.0,0.048146068319603885,0.051476191507202285,0.000976562,8.0,6400000.0
1.0,128.0,4.0,1.0,1.0,1.0,63.0,32.0,-0.0030632107251067353,-0.0017650185808415486,4.0,128.0,6400000.0
128.0,128.0,4.0,9.0,2462.0,1702.0,78339.0,255936.0,0.6415777177354153,0.6435215457706083,0.25,0.0,6400000.0
38.0,128.0,4.0,9.0,691.0,505.0,21460.0,75936.0,0.5505120967095605,0.5588962575632352,0.125,1.0,6400000.0
128.0,128.0,4.0,9.0,2449.0,1699.0,77087.0,255456.0,0.6346168007955696,0.6344902215221048,0.00390625,0.00390625,6400000.0
1.0,128.0,4.0,1.0,1.0,1.0,63.0,32.0,-0.0030632107251067353,-0.0017650185808415486,0.000976562,16384.0,6400000.0
128.0,128.0,4.0,9.0,2514.0,1717.0,78684.0,258336.0,0.6556807820354714,0.6455035359924539,0.0078125,0.0,6400000.0
25.0,128.0,4.0,3.0,212.0,168.0,6953.0,23680.0,0.32214268471966934,0.33085644792714397,8.0,1.0,6400000.0
35.0,128.0,4.0,9.0,658.0,483.0,20534.0,72800.0,0.5314186599624591,0.5427904047834783,0.00390625,1.0,6400000.0
1.0,128.0,4.0,1.0,1.0,1.0,63.0,32.0,-0.0030632107251067353,-0.0017650185808415486,0.25,8192.0,6400000.0
1.0,1.0,8.0,9.0,61.0,31.0,3649.0,4832.0,0.07679340393426726,0.07829080149547585,0.00390625,0.03125,6400000.0
1.0,128.0,4.0,1.0,1.0,1.0,63.0,32.0,-0.0030632107251067353,-0.0017650185808415486,0.0078125,8192.0,6400000.0
1.0,128.0,4.0,1.0,1.0,1.0,63.0,32.0,-0.0030632107251067353,-0.0017650185808415486,8.0,256.0,6400000.0
72.0,128.0,4.0,9.0,1468.0,1045.0,46332.0,157984.0,0.6102186134538007,0.5969789958644,0.0078125,0.125,6400000.0
8.0,128.0,4.0,2.0,22.0,16.0,724.0,1536.0,0.184803559555608,0.19082719424152972,0.25,32.0,6400000.0
82.0,128.0,4.0,9.0,1635.0,1167.0,51931.0,176224.0,0.6167947012831151,0.6107141826848089,0.25,0.125,6400000.0
1.0,1.0,8.0,9.0,61.0,31.0,3649.0,4832.0,0.07679340393426726,0.07829080149547585,0.00195312,0.03125,6400000.0
1.0,128.0,4.0,1.0,1.0,1.0,63.0,32.0,-0.0030632107251067353,-0.0017650185808415486,0.5,1024.0,6400000.0
52.0,128.0,4.0,9.0,1083.0,762.0,33911.0,115264.0,0.5814716095751725,0.5817196003704657,1.0,0.25,6400000.0
3.0,128.0,4.0,2.0,9.0,6.0,335.0,576.0,0.10115259004895938,0.10346957106453547,1.0,64.0,6400000.0
128.0,128.0,4.0,9.0,2398.0,1694.0,76416.0,254656.0,0.663956225217946,0.6469986390670981,0.5,0.015625,6400000.0
1.0,128.0,4.0,1.0,1.0,1.0,63.0,32.0,-0.0030632107251067353,-0.0017650185808415486,1.0,16384.0,6400000.0
43.0,128.0,4.0,3.0,630.0,507.0,21176.0,75616.0,0.3308593261648918,0.3362290352620677,16.0,0.125,6400000.0
1.0,128.0,4.0,1.0,1.0,1.0,63.0,32.0,-0.0030632107251067353,-0.0017650185808415486,0.03125,32768.0,6400000.0
128.0,128.0,4.0,3.0,1866.0,1518.0,65752.0,226496.0,0.31670875045457114,0.3276211679337788,16.0,0.0,6400000.0
27.0,128.0,4.0,9.0,182.0,137.0,5741.0,18464.0,0.39629112021669155,0.40252478152262305,0.015625,4.0,6400000.0
23.0,128.0,4.0,8.0,191.0,141.0,6004.0,19616.0,0.40068438400649886,0.4112807495713583,0.5,4.0,6400000.0
8.0,128.0,4.0,2.0,22.0,16.0,724.0,1536.0,0.184803559555608,0.19082719424152972,16.0,32.0,6400000.0
1.0,128.0,4.0,1.0,1.0,1.0,63.0,32.0,-0.0030632107251067353,-0.0017650185808415486,0.03125,128.0,6400000.0
16.0,128.0,4.0,3.0,67.0,47.0,2020.0,5472.0,0.28428173420704106,0.29213228260301216,2.0,8.0,6400000.0
128.0,128.0,4.0,9.0,2403.0,1738.0,76944.0,261696.0,0.6518368696895226,0.6436282696908294,2.0,0.03125,6400000.0
1.0,128.0,4.0,1.0,1.0,1.0,63.0,32.0,-0.0030632107251067353,-0.0017650185808415486,4.0,32768.0,6400000.0
53.0,128.0,4.0,2.0,806.0,671.0,28694.0,100576.0,0.2522461515267247,0.26507950339935327,32.0,0.015625,6400000.0
1.0,128.0,4.0,1.0,1.0,1.0,63.0,32.0,-0.0030632107251067353,-0.0017650185808415486,0.015625,1024.0,6400000.0
128.0,128.0,4.0,9.0,2369.0,1682.0,75150.0,252736.0,0.6234748533320149,0.6260440661773101,0.015625,0.015625,6400000.0
47.0,128.0,4.0,9.0,936.0,676.0,29163.0,102144.0,0.579172694871942,0.5785778311096275,0.03125,0.5,6400000.0
1.0,128.0,4.0,1.0,1.0,1.0,63.0,32.0,-0.0030632107251067353,-0.0017650185808415486,16.0,8192.0,6400000.0
20.0,128.0,4.0,2.0,81.0,65.0,2694.0,7840.0,0.25194387259795514,0.2611969990570394,32.0,4.0,6400000.0
1.0,128.0,4.0,1.0,1.0,1.0,63.0,32.0,-0.0030632107251067353,-0.0017650185808415486,32.0,1024.0,6400000.0
128.0,128.0,4.0,9.0,2545.0,1757.0,80154.0,264736.0,0.6626627442079187,0.6619718743255161,0.03125,0.00195312,6400000.0
1.0,1.0,8.0,7.0,34.0,18.0,2910.0,2752.0,0.06896836419286934,0.07307191521331724,0.00390625,2.0,6400000.0
1.0,128.0,4.0,1.0,1.0,1.0,63.0,32.0,-0.0030632107251067353,-0.0017650185808415486,2.0,2048.0,6400000.0
11.0,128.0,4.0,3.0,35.0,26.0,1119.0,2752.0,0.23801654357424562,0.2440154241847443,0.0625,16.0,6400000.0
1.0,1.0,8.0,1.0,1.0,1.0,543.0,32.0,-0.0030632107251067353,-0.0017650185808415486,0.00195312,16384.0,6400000.0
128.0,128.0,4.0,2.0,1754.0,1544.0,64345.0,230656.0,0.2520346451557548,0.25963331708510917,64.0,0.00195312,6400000.0
128.0,128.0,4.0,9.0,2450.0,1699.0,77212.0,255456.0,0.6501601900511398,0.6385459207403112,1.0,0.00195312,6400000.0
1.0,128.0,4.0,1.0,1.0,1.0,63.0,32.0,-0.0030632107251067353,-0.0017650185808415486,0.0625,4096.0,6400000.0
1.0,1.0,8.0,2.0,3.0,2.0,616.0,192.0,0.03911015413878083,0.040912063041146696,0.00195312,32.0,6400000.0
1.0,1.0,8.0,1.0,1.0,1.0,543.0,32.0,-0.0030632107251067353,-0.0017650185808415486,0.000976562,8192.0,6400000.0
99.0,128.0,4.0,9.0,1919.0,1379.0,61222.0,207968.0,0.6253669652257936,0.6106653100962529,0.0625,0.0625,6400000.0
85.0,128.0,4.0,6.0,1536.0,1165.0,50337.0,175520.0,0.586776451145686,0.5818706396718694,8.0,0.0625,6400000.0
28.0,128.0,4.0,2.0,169.0,148.0,5884.0,20096.0,0.2583267179155011,0.26924795824128556,64.0,0.5,6400000.0
1.0,128.0,4.0,1.0,1.0,1.0,63.0,32.0,-0.0030632107251067353,-0.0017650185808415486,64.0,128.0,6400000.0
1.0,1.0,8.0,3.0,5.0,3.0,914.0,352.0,0.048146068319603885,0.051476191507202285,0.000976562,16.0,6400000.0
128.0,128.0,4.0,9.0,2359.0,1666.0,75197.0,250176.0,0.6432744720963695,0.6327336324830084,4.0,0.00390625,6400000.0
33.0,128.0,4.0,7.0,457.0,337.0,14606.0,49696.0,0.4875399059777278,0.4897545338435073,4.0,1.0,6400000.0
1.0,128.0,4.0,1.0,1.0,1.0,63.0,32.0,-0.0030632107251067353,-0.0017650185808415486,4.0,256.0,6400000.0
1.0,128.0,4.0,1.0,1.0,1.0,63.0,32.0,-0.0030632107251067353,-0.0017650185808415486,64.0,32768.0,6400000.0
1.0,128.0,4.0,1.0,1.0,1.0,63.0,32.0,-0.0030632107251067353,-0.0017650185808415486,0.125,512.0,6400000.0
128.0,128.0,4.0,9.0,2443.0,1699.0,77267.0,255456.0,0.6477387420244115,0.6402608124275702,0.125,0.0078125,6400000.0
34.0,128.0,4.0,9.0,405.0,299.0,12531.0,43488.0,0.48047354984414437,0.4995541811062537,0.125,2.0,6400000.0
1.0,128.0,4.0,1.0,1.0,1.0,63.0,32.0,-0.0030632107251067353,-0.0017650185808415486,128.0,0.0625,6400000.0
22.0,128.0,4.0,3.0,153.0,118.0,4939.0,16064.0,0.31635085591853673,0.3261679097067831,8.0,2.0,6400000.0
128.0,128.0,4.0,9.0,2498.0,1731.0,78828.0,260576.0,0.6519653097053397,0.6450291213233486,0.25,0.000976562,6400000.0
3.0,128.0,4.0,2.0,9.0,6.0,335.0,576.0,0.10115259004895938,0.10346957106453547,0.25,64.0,6400000.0
1.0,128.0,4.0,1.0,1.0,1.0,63.0,32.0,-0.0030632107251067353,-0.0017650185808415486,128.0,4096.0,6400000.0
1.0,128.0,4.0,1.0,1.0,1.0,63.0,32.0,-0.0030632107251067353,-0.0017650185808415486,128.0,16.0,6400000.0
1.0,128.0,4.0,1.0,1.0,1.0,63.0,32.0,-0.0030632107251067353,-0.0017650185808415486,8.0,512.0,6400000.0
1.0,1.0,8.0,9.0,61.0,31.0,3649.0,4832.0,0.07679340393426726,0.07829080149547585,0.00390625,0.0625,6400000.0
1.0,128.0,4.0,1.0,1.0,1.0,63.0,32.0,-0.0030632107251067353,-0.0017650185808415486,0.25,16384.0,6400000.0
1.0,128.0,4.0,1.0,1.0,1.0,63.0,32.0,-0.0030632107251067353,-0.0017650185808415486,256.0,2.0,6400000.0
1.0,1.0,8.0,1.0,1.0,1.0,543.0,32.0,-0.0030632107251067353,-0.0017650185808415486,0.00390625,2048.0,6400000.0
1.0,1.0,8.0,9.0,61.0,31.0,3649.0,4832.0,0.07679340393426726,0.07829080149547585,0.00195312,0.0625,6400000.0
42.0,128.0,4.0,9.0,825.0,589.0,25539.0,88864.0,0.5365614202420972,0.5443358123797324,1.0,0.5,6400000.0
1.0,128.0,4.0,1.0,1.0,1.0,63.0,32.0,-0.0030632107251067353,-0.0017650185808415486,256.0,0.0078125,6400000.0
57.0,128.0,4.0,9.0,1190.0,853.0,37326.0,129184.0,0.6071108712602789,0.5981259039411835,0.25,0.25,6400000.0
1.0,128.0,4.0,1.0,1.0,1.0,63.0,32.0,-0.0030632107251067353,-0.0017650185808415486,256.0,512.0,6400000.0
1.0,128.0,4.0,1.0,1.0,1.0,63.0,32.0,-0.0030632107251067353,-0.0017650185808415486,0.5,2048.0,6400000.0
1.0,128.0,4.0,1.0,1.0,1.0,63.0,32.0,-0.0030632107251067353,-0.0017650185808415486,1.0,32768.0,6400000.0
1.0,128.0,4.0,1.0,1.0,1.0,63.0,32.0,-0.0030632107251067353,-0.0017650185808415486,1.0,128.0,6400000.0
125.0,128.0,4.0,9.0,2384.0,1721.0,76267.0,259360.0,0.6483575552424254,0.6419793423183147,0.5,0.03125,6400000.0
128.0,128.0,4.0,3.0,1813.0,1483.0,63962.0,220896.0,0.3170075243145951,0.32943124848143857,16.0,0.000976562,6400000.0
31.0,128.0,4.0,3.0,397.0,322.0,13395.0,47552.0,0.3337369710410658,0.3373491041944916,16.0,0.25,6400000.0
16.0,128.0,4.0,3.0,67.0,47.0,2020.0,5472.0,0.28428173420704106,0.29213228260301216,0.5,8.0,6400000.0
11.0,128.0,4.0,3.0,35.0,26.0,1119.0,2752.0,0.23801654357424562,0.2440154241847443,2.0,16.0,6400000.0
3.0,128.0,4.0,2.0,9.0,6.0,335.0,576.0,0.10115259004895938,0.10346957106453547,16.0,64.0,6400000.0
1.0,128.0,4.0,1.0,1.0,1.0,63.0,32.0,-0.0030632107251067353,-0.0017650185808415486,512.0,0.000976562,6400000.0
1.0,128.0,4.0,1.0,1.0,1.0,63.0,32.0,-0.0030632107251067353,-0.0017650185808415486,512.0,0.25,6400000.0
42.0,128.0,4.0,2.0,602.0,510.0,21349.0,76224.0,0.2500152224000506,0.2658665169608293,32.0,0.03125,6400000.0
128.0,128.0,4.0,6.0,2273.0,1684.0,74856.0,253056.0,0.6061791590658433,0.6057810944867746,8.0,0.0,6400000.0
100.0,128.0,4.0,9.0,1898.0,1371.0,60897.0,206560.0,0.6252538645063666,0.6210581904125998,2.0,0.0625,6400000.0
1.0,128.0,4.0,1.0,1.0,1.0,63.0,32.0,-0.0030632107251067353,-0.0017650185808415486,512.0,64.0,6400000.0
1.0,128.0,4.0,1.0,1.0,1.0,63.0,32.0,-0.0030632107251067353,-0.0017650185808415486,16.0,16384.0,6400000.0
1.0,128.0,4.0,1.0,1.0,1.0,63.0,32.0,-0.0030632107251067353,-0.0017650185808415486,1024.0,8.0,6400000.0
1.0,128.0,4.0,1.0,1.0,1.0,63.0,32.0,-0.0030632107251067353,-0.0017650185808415486,32.0,2048.0,6400000.0
15.0,128.0,4.0,2.0,47.0,34.0,1516.0,3520.0,0.23483331904090687,0.24244665993785774,32.0,8.0,6400000.0
1.0,128.0,4.0,1.0,1.0,1.0,63.0,32.0,-0.0030632107251067353,-0.0017650185808415486,512.0,16384.0,6400000.0
1.0,128.0,4.0,1.0,1.0,1.0,63.0,32.0,-0.0030632107251067353,-0.0017650185808415486,1024.0,0.03125,6400000.0
1.0,1.0,8.0,4.0,13.0,7.0,1610.0,992.0,0.057805003399450605,0.060993872308649943,0.00390625,4.0,6400000.0
1.0,128.0,4.0,1.0,1.0,1.0,63.0,32.0,-0.0030632107251067353,-0.0017650185808415486,1024.0,2048.0,6400000.0
1.0,128.0,4.0,1.0,1.0,1.0,63.0,32.0,-0.0030632107251067353,-0.0017650185808415486,2.0,4096.0,6400000.0
1.0,1.0,8.0,1.0,1.0,1.0,543.0,32.0,-0.0030632107251067353,-0.0017650185808415486,0.00195312,32768.0,6400000.0
1.0,128.0,4.0,1.0,1.0,1.0,63.0,32.0,-0.0030632107251067353,-0.0017650185808415486,2048.0,0.00390625,6400000.0
1.0,1.0,8.0,1.0,1.0,1.0,543.0,32.0,-0.0030632107251067353,-0.0017650185808415486,0.000976562,16384.0,6400000.0
1.0,1.0,8.0,2.0,3.0,2.0,616.0,192.0,0.03911015413878083,0.040912063041146696,0.00195312,64.0,6400000.0
128.0,128.0,4.0,2.0,1709.0,1505.0,62655.0,224416.0,0.2520836526452904,0.2598391399055131,64.0,0.00390625,6400000.0
1.0,128.0,4.0,1.0,1.0,1.0,63.0,32.0,-0.0030632107251067353,-0.0017650185808415486,64.0,256.0,6400000.0
25.0,128.0,4.0,2.0,113.0,94.0,3852.0,11840.0,0.25446652674505144,0.26625990280383205,64.0,1.0,6400000.0
62.0,128.0,4.0,6.0,1140.0,856.0,36963.0,129024.0,0.5583387852246339,0.5542342903952606,8.0,0.125,6400000.0
1.0,128.0,4.0,1.0,1.0,1.0,63.0,32.0,-0.0030632107251067353,-0.0017650185808415486,2048.0,1.0,6400000.0
128.0,128.0,4.0,9.0,2446.0,1690.0,77270.0,254016.0,0.6477418514618516,0.6363253016979675,1.0,0.00390625,6400000.0
1.0,1.0,1.0,2.0,3.0,2.0,108.0,192.0,0.03911015413878083,0.040912063041146696,0.125,8.0,6400000.0
128.0,128.0,4.0,9.0,2461.0,1748.0,78224.0,263296.0,0.6550075645440613,0.6532748646314317,4.0,0.0078125,6400000.0
42.0,128.0,4.0,8.0,368.0,278.0,11314.0,39104.0,0.4847347019423488,0.5053924433155895,4.0,2.0,6400000.0
1.0,128.0,4.0,1.0,1.0,1.0,63.0,32.0,-0.0030632107251067353,-0.0017650185808415486,4.0,512.0,6400000.0
1.0,128.0,4.0,1.0,1.0,1.0,63.0,32.0,-0.0030632107251067353,-0.0017650185808415486,128.0,0.0,6400000.0
1.0,128.0,4.0,1.0,1.0,1.0,63.0,32.0,-0.0030632107251067353,-0.0017650185808415486,128.0,0.125,6400000.0
19.0,128.0,4.0,3.0,112.0,85.0,3645.0,11168.0,0.3078034380468804,0.3159020086450115,8.0,4.0,6400000.0
1.0,1.0,8.0,9.0,61.0,31.0,3649.0,4832.0,0.07679340393426726,0.07829080149547585,0.0078125,0.015625,6400000.0
1.0,128.0,4.0,1.0,1.0,1.0,63.0,32.0,-0.0030632107251067353,-0.0017650185808415486,2048.0,256.0,6400000.0
1.0,128.0,4.0,1.0,1.0,1.0,63.0,32.0,-0.0030632107251067353,-0.0017650185808415486,128.0,8192.0,6400000.0
1.0,128.0,4.0,1.0,1.0,1.0,63.0,32.0,-0.0030632107251067353,-0.0017650185808415486,128.0,32.0,6400000.0
1.0,128.0,4.0,1.0,1.0,1.0,63.0,32.0,-0.0030632107251067353,-0.0017650185808415486,8.0,1024.0,6400000.0
1.0,1.0,8.0,1.0,1.0,1.0,543.0,32.0,-0.0030632107251067353,-0.0017650185808415486,0.00390625,4096.0,6400000.0
44.0,128.0,4.0,9.0,738.0,554.0,23173.0,83008.0,0.5400624899190241,0.5430427677680744,1.0,1.0,6400000.0
1.0,128.0,4.0,1.0,1.0,1.0,63.0,32.0,-0.0030632107251067353,-0.0017650185808415486,4096.0,0.0,6400000.0
1.0,128.0,4.0,1.0,1.0,1.0,63.0,32.0,-0.0030632107251067353,-0.0017650185808415486,4096.0,0.125,6400000.0
1.0,1.0,8.0,9.0,61.0,31.0,3649.0,4832.0,0.07679340393426726,0.07829080149547585,0.00195312,0.125,6400000.0
1.0,128.0,4.0,1.0,1.0,1.0,63.0,32.0,-0.0030632107251067353,-0.0017650185808415486,4096.0,32.0,6400000.0
1.0,128.0,4.0,1.0,1.0,1.0,63.0,32.0,-0.0030632107251067353,-0.0017650185808415486,256.0,4.0,6400000.0
1.0,1.0,8.0,9.0,61.0,31.0,3649.0,4832.0,0.07679340393426726,0.07829080149547585,0.00390625,0.125,6400000.0
1.0,128.0,4.0,1.0,1.0,1.0,63.0,32.0,-0.0030632107251067353,-0.0017650185808415486,8192.0,0.015625,6400000.0
1.0,128.0,4.0,1.0,1.0,1.0,63.0,32.0,-0.0030632107251067353,-0.0017650185808415486,8192.0,4.0,6400000.0
1.0,128.0,4.0,1.0,1.0,1.0,63.0,32.0,-0.0030632107251067353,-0.0017650185808415486,256.0,1024.0,6400000.0
1.0,128.0,4.0,1.0,1.0,1.0,63.0,32.0,-0.0030632107251067353,-0.0017650185808415486,4096.0,8192.0,6400000.0
1.0,128.0,4.0,1.0,1.0,1.0,63.0,32.0,-0.0030632107251067353,-0.0017650185808415486,256.0,0.015625,6400000.0
1.0,128.0,4.0,1.0,1.0,1.0,63.0,32.0,-0.0030632107251067353,-0.0017650185808415486,8192.0,1024.0,6400000.0
128.0,128.0,4.0,9.0,2421.0,1687.0,77036.0,253536.0,0.6341900138383456,0.6304616061879069,2.0,0.0,6400000.0
128.0,128.0,4.0,3.0,1793.0,1472.0,63606.0,219136.0,0.32038454223762847,0.32613120790585737,16.0,0.00195312,6400000.0
34.0,128.0,4.0,3.0,308.0,251.0,9992.0,35808.0,0.3330053059714342,0.33784075783114964,16.0,0.5,6400000.0
1.0,128.0,4.0,1.0,1.0,1.0,63.0,32.0,-0.0030632107251067353,-0.0017650185808415486,1.0,256.0,6400000.0
1.0,128.0,4.0,1.0,1.0,1.0,63.0,32.0,-0.0030632107251067353,-0.0017650185808415486,16384.0,0.00195312,6400000.0
1.0,128.0,4.0,1.0,1.0,1.0,63.0,32.0,-0.0030632107251067353,-0.0017650185808415486,16.0,128.0,6400000.0
8.0,128.0,4.0,2.0,22.0,16.0,724.0,1536.0,0.184803559555608,0.19082719424152972,2.0,32.0,6400000.0
1.0,128.0,4.0,1.0,1.0,1.0,63.0,32.0,-0.0030632107251067353,-0.0017650185808415486,512.0,0.5,6400000.0
81.0,128.0,4.0,9.0,1598.0,1163.0,50988.0,175712.0,0.6079159738379869,0.6080630459882528,2.0,0.125,6400000.0
1.0,128.0,4.0,1.0,1.0,1.0,63.0,32.0,-0.0030632107251067353,-0.0017650185808415486,16384.0,0.5,6400000.0
128.0,128.0,4.0,7.0,2399.0,1774.0,78727.0,267456.0,0.6084114362315449,0.6085883902662019,8.0,0.000976562,6400000.0
1.0,128.0,4.0,1.0,1.0,1.0,63.0,32.0,-0.0030632107251067353,-0.0017650185808415486,512.0,128.0,6400000.0
38.0,128.0,4.0,2.0,472.0,403.0,16778.0,59616.0,0.2508536416878968,0.26606333193727505,32.0,0.0625,6400000.0
1.0,128.0,4.0,1.0,1.0,1.0,63.0,32.0,-0.0030632107251067353,-0.0017650185808415486,512.0,0.00195312,6400000.0
1.0,128.0,4.0,1.0,1.0,1.0,63.0,32.0,-0.0030632107251067353,-0.0017650185808415486,16.0,32768.0,6400000.0
11.0,128.0,4.0,2.0,30.0,22.0,944.0,2112.0,0.211815897449531,0.21820531799146736,32.0,16.0,6400000.0
1.0,128.0,4.0,1.0,1.0,1.0,63.0,32.0,-0.0030632107251067353,-0.0017650185808415486,1024.0,16.0,6400000.0
1.0,128.0,4.0,1.0,1.0,1.0,63.0,32.0,-0.0030632107251067353,-0.0017650185808415486,512.0,32768.0,6400000.0
1.0,128.0,4.0,1.0,1.0,1.0,63.0,32.0,-0.0030632107251067353,-0.0017650185808415486,32.0,4096.0,6400000.0
1.0,1.0,8.0,3.0,5.0,3.0,914.0,352.0,0.048146068319603885,0.051476191507202285,0.00390625,8.0,6400000.0
1.0,1.0,8.0,9.0,61.0,31.0,3649.0,4832.0,0.07679340393426726,0.07829080149547585,0.00390625,0.0,6400000.0
1.0,128.0,4.0,1.0,1.0,1.0,63.0,32.0,-0.0030632107251067353,-0.0017650185808415486,1024.0,0.0625,6400000.0
1.0,128.0,4.0,1.0,1.0,1.0,63.0,32.0,-0.0030632107251067353,-0.0017650185808415486,2048.0,0.0078125,6400000.0
1.0,128.0,4.0,1.0,1.0,1.0,63.0,32.0,-0.0030632107251067353,-0.0017650185808415486,2.0,8192.0,6400000.0
1.0,128.0,4.0,1.0,1.0,1.0,63.0,32.0,-0.0030632107251067353,-0.0017650185808415486,1024.0,4096.0,6400000.0
76.0,128.0,4.0,2.0,1100.0,925.0,39268.0,138272.0,0.2522649800330923,0.26353265368007517,64.0,0.0078125,6400000.0
1.0,1.0,8.0,1.0,1.0,1.0,543.0,32.0,-0.0030632107251067353,-0.0017650185808415486,0.00195312,128.0,6400000.0
1.0,1.0,8.0,3.0,5.0,3.0,914.0,352.0,0.048146068319603885,0.051476191507202285,0.0078125,16.0,6400000.0
1.0,1.0,1.0,2.0,3.0,2.0,108.0,192.0,0.03911015413878083,0.040912063041146696,0.125,16.0,6400000.0
23.0,128.0,4.0,2.0,96.0,78.0,3269.0,9536.0,0.25348208415856677,0.264691761708014,64.0,2.0,6400000.0
1.0,128.0,4.0,1.0,1.0,1.0,63.0,32.0,-0.0030632107251067353,-0.0017650185808415486,2048.0,2.0,6400000.0
33.0,128.0,4.0,3.0,419.0,338.0,14059.0,49856.0,0.32937799723281747,0.33859565543052184,8.0,0.25,6400000.0
26.0,128.0,4.0,5.0,148.0,113.0,4842.0,14752.0,0.35290037616472336,0.3578088509707109,4.0,4.0,6400000.0
128.0,128.0,4.0,9.0,2399.0,1716.0,76070.0,258176.0,0.6507859752730805,0.6469186591484999,4.0,0.015625,6400000.0
1.0,128.0,4.0,1.0,1.0,1.0,63.0,32.0,-0.0030632107251067353,-0.0017650185808415486,64.0,512.0,6400000.0
1.0,128.0,4.0,1.0,1.0,1.0,63.0,32.0,-0.0030632107251067353,-0.0017650185808415486,16384.0,128.0,6400000.0
1.0,128.0,4.0,1.0,1.0,1.0,63.0,32.0,-0.0030632107251067353,-0.0017650185808415486,128.0,0.000976562,6400000.0
16.0,128.0,4.0,3.0,67.0,47.0,2020.0,5472.0,0.28428173420704106,0.29213228260301216,8.0,8.0,6400000.0
1.0,128.0,4.0,1.0,1.0,1.0,63.0,32.0,-0.0030632107251067353,-0.0017650185808415486,4.0,1024.0,6400000.0
1.0,128.0,4.0,1.0,1.0,1.0,63.0,32.0,-0.0030632107251067353,-0.0017650185808415486,128.0,0.25,6400000.0
1.0,128.0,4.0,1.0,1.0,1.0,63.0,32.0,-0.0030632107251067353,-0.0017650185808415486,128.0,16384.0,6400000.0
1.0,1.0,8.0,9.0,61.0,31.0,3649.0,4832.0,0.07679340393426726,0.07829080149547585,0.0078125,0.03125,6400000.0
1.0,128.0,4.0,1.0,1.0,1.0,63.0,32.0,-0.0030632107251067353,-0.0017650185808415486,4096.0,0.000976562,6400000.0
1.0,128.0,4.0,1.0,1.0,1.0,63.0,32.0,-0.0030632107251067353,-0.0017650185808415486,128.0,64.0,6400000.0
1.0,1.0,8.0,1.0,1.0,1.0,543.0,32.0,-0.0030632107251067353,-0.0017650185808415486,0.00390625,8192.0,6400000.0
1.0,128.0,4.0,1.0,1.0,1.0,63.0,32.0,-0.0030632107251067353,-0.0017650185808415486,2048.0,512.0,6400000.0
1.0,128.0,4.0,1.0,1.0,1.0,63.0,32.0,-0.0030632107251067353,-0.0017650185808415486,8.0,2048.0,6400000.0
1.0,128.0,4.0,1.0,1.0,1.0,63.0,32.0,-0.0030632107251067353,-0.0017650185808415486,256.0,2048.0,6400000.0
1.0,1.0,8.0,9.0,61.0,31.0,3649.0,4832.0,0.07679340393426726,0.07829080149547585,0.00390625,0.25,6400000.0
1.0,128.0,4.0,1.0,1.0,1.0,63.0,32.0,-0.0030632107251067353,-0.0017650185808415486,4096.0,64.0,6400000.0
1.0,128.0,4.0,1.0,1.0,1.0,63.0,32.0,-0.0030632107251067353,-0.0017650185808415486,16384.0,32768.0,6400000.0
1.0,128.0,4.0,1.0,1.0,1.0,63.0,32.0,-0.0030632107251067353,-0.0017650185808415486,256.0,8.0,6400000.0
1.0,128.0,4.0,1.0,1.0,1.0,63.0,32.0,-0.0030632107251067353,-0.0017650185808415486,256.0,0.03125,6400000.0
1.0,128.0,4.0,1.0,1.0,1.0,63.0,32.0,-0.0030632107251067353,-0.0017650185808415486,4096.0,16384.0,6400000.0
1.0,128.0,4.0,1.0,1.0,1.0,63.0,32.0,-0.0030632107251067353,-0.0017650185808415486,4096.0,0.25,6400000.0
1.0,128.0,4.0,1.0,1.0,1.0,63.0,32.0,-0.0030632107251067353,-0.0017650185808415486,8192.0,8.0,6400000.0
1.0,128.0,4.0,1.0,1.0,1.0,63.0,32.0,-0.0030632107251067353,-0.0017650185808415486,8192.0,0.03125,6400000.0
1.0,128.0,4.0,1.0,1.0,1.0,63.0,32.0,-0.0030632107251067353,-0.0017650185808415486,32768.0,0.0625,6400000.0
1.0,128.0,4.0,1.0,1.0,1.0,63.0,32.0,-0.0030632107251067353,-0.0017650185808415486,8192.0,2048.0,6400000.0
1.0,128.0,4.0,1.0,1.0,1.0,63.0,32.0,-0.0030632107251067353,-0.0017650185808415486,32768.0,16.0,6400000.0
128.0,128.0,4.0,3.0,1846.0,1528.0,65564.0,228096.0,0.3195963917976169,0.3258993337213718,16.0,0.00390625,6400000.0
25.0,128.0,4.0,3.0,216.0,172.0,7163.0,24320.0,0.3258598713939125,0.33411787168337415,16.0,1.0,6400000.0
1.0,128.0,4.0,1.0,1.0,1.0,63.0,32.0,-0.0030632107251067353,-0.0017650185808415486,32768.0,4096.0,6400000.0
1.0,128.0,4.0,1.0,1.0,1.0,63.0,32.0,-0.0030632107251067353,-0.0017650185808415486,16384.0,0.00390625,6400000.0
1.0,128.0,4.0,1.0,1.0,1.0,63.0,32.0,-0.0030632107251067353,-0.0017650185808415486,16.0,256.0,6400000.0
1.0,128.0,4.0,1.0,1.0,1.0,63.0,32.0,-0.0030632107251067353,-0.0017650185808415486,512.0,1.0,6400000.0
1.0,128.0,4.0,1.0,1.0,1.0,63.0,32.0,-0.0030632107251067353,-0.0017650185808415486,16384.0,1.0,6400000.0
27.0,128.0,8.0,9.0,476.0,366.0,18145.0,55104.0,0.4777812127552883,0.48718538312254733,0.0,2.0,6400000.0
8.0,128.0,4.0,2.0,22.0,16.0,724.0,1536.0,0.184803559555608,0.19082719424152972,32.0,32.0,6400000.0
128.0,128.0,8.0,9.0,5201.0,3902.0,178906.0,607936.0,0.7840877048316808,0.7822260072203876,0.0,0.0078125,6400000.0
1.0,128.0,4.0,1.0,1.0,1.0,63.0,32.0,-0.0030632107251067353,-0.0017650185808415486,512.0,256.0,6400000.0
128.0,128.0,4.0,7.0,2394.0,1760.0,78157.0,265216.0,0.6109944838124357,0.6074753204405934,8.0,0.00195312,6400000.0
37.0,128.0,4.0,2.0,302.0,257.0,10505.0,36384.0,0.25504156976916903,0.2701552342249074,32.0,0.125,6400000.0
128.0,128.0,4.0,2.0,1844.0,1616.0,67646.0,242176.0,0.2519157019553362,0.25953648921040784,32.0,0.0,6400000.0
1.0,128.0,4.0,1.0,1.0,1.0,63.0,32.0,-0.0030632107251067353,-0.0017650185808415486,32.0,8192.0,6400000.0
1.0,1.0,8.0,9.0,61.0,31.0,3649.0,4832.0,0.07679340393426726,0.07829080149547585,0.00390625,0.000976562,6400000.0
1.0,1.0,8.0,3.0,5.0,3.0,914.0,352.0,0.048146068319603885,0.051476191507202285,0.00390625,16.0,6400000.0
1.0,128.0,4.0,1.0,1.0,1.0,63.0,32.0,-0.0030632107251067353,-0.0017650185808415486,1024.0,0.0,6400000.0
1.0,128.0,4.0,1.0,1.0,1.0,63.0,32.0,-0.0030632107251067353,-0.0017650185808415486,1024.0,32.0,6400000.0
1.0,128.0,4.0,1.0,1.0,1.0,63.0,32.0,-0.0030632107251067353,-0.0017650185808415486,2048.0,0.015625,6400000.0
1.0,128.0,8.0,1.0,1.0,1.0,543.0,32.0,-0.0030632107251067353,-0.0017650185808415486,0.0,512.0,6400000.0
1.0,128.0,4.0,1.0,1.0,1.0,63.0,32.0,-0.0030632107251067353,-0.0017650185808415486,1024.0,8192.0,6400000.0
1.0,128.0,4.0,1.0,1.0,1.0,63.0,32.0,-0.0030632107251067353,-0.0017650185808415486,512.0,0.00390625,6400000.0
1.0,128.0,4.0,1.0,1.0,1.0,63.0,32.0,-0.0030632107251067353,-0.0017650185808415486,1024.0,0.125,6400000.0
53.0,128.0,4.0,2.0,806.0,671.0,28694.0,100576.0,0.2522461515267247,0.26507950339935327,64.0,0.015625,6400000.0
1.0,1.0,1.0,2.0,3.0,2.0,108.0,192.0,0.03911015413878083,0.040912063041146696,0.125,32.0,6400000.0
1.0,128.0,4.0,1.0,1.0,1.0,63.0,32.0,-0.0030632107251067353,-0.0017650185808415486,2048.0,4.0,6400000.0
32.0,128.0,4.0,3.0,323.0,259.0,10680.0,37344.0,0.33143742313168967,0.335531340974662,8.0,0.5,6400000.0
1.0,128.0,4.0,1.0,1.0,1.0,63.0,32.0,-0.0030632107251067353,-0.0017650185808415486,128.0,0.00195312,6400000.0
1.0,1.0,8.0,2.0,3.0,2.0,616.0,192.0,0.03911015413878083,0.040912063041146696,0.0078125,32.0,6400000.0
20.0,128.0,4.0,2.0,81.0,65.0,2694.0,7840.0,0.25194387259795514,0.2611969990570394,64.0,4.0,6400000.0
43.0,128.0,8.0,9.0,1820.0,1333.0,62019.0,207776.0,0.6850279349113759,0.6951658200982608,0.000976562,0.25,6400000.0
1.0,128.0,4.0,1.0,1.0,1.0,63.0,32.0,-0.0030632107251067353,-0.0017650185808415486,64.0,1024.0,6400000.0
1.0,128.0,4.0,1.0,1.0,1.0,63.0,32.0,-0.0030632107251067353,-0.0017650185808415486,16384.0,256.0,6400000.0
11.0,128.0,4.0,2.0,30.0,22.0,944.0,2112.0,0.211815897449531,0.21820531799146736,8.0,16.0,6400000.0
128.0,128.0,8.0,9.0,5241.0,3870.0,179281.0,602816.0,0.7768809035751683,0.7874944665162851,0.000976562,0.000976562,6400000.0
1.0,1.0,8.0,1.0,1.0,1.0,543.0,32.0,-0.0030632107251067353,-0.0017650185808415486,0.0078125,16384.0,6400000.0
1.0,128.0,4.0,1.0,1.0,1.0,63.0,32.0,-0.0030632107251067353,-0.0017650185808415486,128.0,0.5,6400000.0
3.0,128.0,8.0,2.0,9.0,6.0,1295.0,576.0,0.10115259004895938,0.10346957106453547,0.000976562,64.0,6400000.0
1.0,128.0,4.0,1.0,1.0,1.0,63.0,32.0,-0.0030632107251067353,-0.0017650185808415486,4096.0,0.00195312,6400000.0
1.0,128.0,4.0,1.0,1.0,1.0,63.0,32.0,-0.0030632107251067353,-0.0017650185808415486,128.0,32768.0,6400000.0
1.0,1.0,8.0,9.0,61.0,31.0,3649.0,4832.0,0.07679340393426726,0.07829080149547585,0.0078125,0.0625,6400000.0
1.0,128.0,4.0,1.0,1.0,1.0,63.0,32.0,-0.0030632107251067353,-0.0017650185808415486,8.0,4096.0,6400000.0
1.0,128.0,4.0,1.0,1.0,1.0,63.0,32.0,-0.0030632107251067353,-0.0017650185808415486,128.0,128.0,6400000.0
1.0,1.0,8.0,1.0,1.0,1.0,543.0,32.0,-0.0030632107251067353,-0.0017650185808415486,0.00390625,16384.0,6400000.0
1.0,128.0,4.0,1.0,1.0,1.0,63.0,32.0,-0.0030632107251067353,-0.0017650185808415486,256.0,4096.0,6400000.0
1.0,128.0,4.0,1.0,1.0,1.0,63.0,32.0,-0.0030632107251067353,-0.0017650185808415486,2048.0,1024.0,6400000.0
1.0,128.0,4.0,1.0,1.0,1.0,63.0,32.0,-0.0030632107251067353,-0.0017650185808415486,256.0,16.0,6400000.0
1.0,128.0,4.0,1.0,1.0,1.0,63.0,32.0,-0.0030632107251067353,-0.0017650185808415486,32768.0,0.0,6400000.0
1.0,128.0,4.0,1.0,1.0,1.0,63.0,32.0,-0.0030632107251067353,-0.0017650185808415486,256.0,0.0625,6400000.0
1.0,128.0,4.0,1.0,1.0,1.0,63.0,32.0,-0.0030632107251067353,-0.0017650185808415486,4096.0,128.0,6400000.0
1.0,128.0,4.0,1.0,1.0,1.0,63.0,32.0,-0.0030632107251067353,-0.0017650185808415486,8192.0,16.0,6400000.0
1.0,128.0,4.0,1.0,1.0,1.0,63.0,32.0,-0.0030632107251067353,-0.0017650185808415486,4096.0,32768.0,6400000.0
1.0,128.0,4.0,1.0,1.0,1.0,63.0,32.0,-0.0030632107251067353,-0.0017650185808415486,32768.0,0.125,6400000.0
1.0,1.0,8.0,9.0,61.0,31.0,3649.0,4832.0,0.07679340393426726,0.07829080149547585,0.00390625,0.5,6400000.0
1.0,128.0,4.0,1.0,1.0,1.0,63.0,32.0,-0.0030632107251067353,-0.0017650185808415486,8192.0,0.0625,6400000.0
1.0,128.0,4.0,1.0,1.0,1.0,63.0,32.0,-0.0030632107251067353,-0.0017650185808415486,4096.0,0.5,6400000.0
1.0,128.0,4.0,1.0,1.0,1.0,63.0,32.0,-0.0030632107251067353,-0.0017650185808415486,8192.0,4096.0,6400000.0
1.0,128.0,4.0,1.0,1.0,1.0,63.0,32.0,-0.0030632107251067353,-0.0017650185808415486,32768.0,32.0,6400000.0
23.0,128.0,4.0,3.0,153.0,120.0,4975.0,16256.0,0.319552560784911,0.327150369759344,16.0,2.0,6400000.0
93.0,128.0,4.0,3.0,1402.0,1124.0,49086.0,167936.0,0.3211478700984106,0.33212273344103904,16.0,0.0078125,6400000.0
1.0,128.0,4.0,1.0,1.0,1.0,63.0,32.0,-0.0030632107251067353,-0.0017650185808415486,32768.0,8192.0,6400000.0
1.0,128.0,4.0,1.0,1.0,1.0,63.0,32.0,-0.0030632107251067353,-0.0017650185808415486,16384.0,0.0078125,6400000.0
1.0,128.0,4.0,1.0,1.0,1.0,63.0,32.0,-0.0030632107251067353,-0.0017650185808415486,16384.0,2.0,6400000.0
29.0,128.0,8.0,9.0,205.0,156.0,9076.0,21248.0,0.40735776232514465,0.41510468520174093,0.0,4.0,6400000.0
1.0,128.0,4.0,1.0,1.0,1.0,63.0,32.0,-0.0030632107251067353,-0.0017650185808415486,16.0,512.0,6400000.0
1.0,128.0,4.0,1.0,1.0,1.0,63.0,32.0,-0.0030632107251067353,-0.0017650185808415486,512.0,2.0,6400000.0
31.0,128.0,4.0,2.0,228.0,198.0,7852.0,27712.0,0.2571886136123701,0.26977587157356997,32.0,0.25,6400000.0
3.0,128.0,4.0,2.0,9.0,6.0,335.0,576.0,0.10115259004895938,0.10346957106453547,32.0,64.0,6400000.0
1.0,128.0,4.0,1.0,1.0,1.0,63.0,32.0,-0.0030632107251067353,-0.0017650185808415486,512.0,512.0,6400000.0
128.0,128.0,8.0,9.0,5150.0,3925.0,178500.0,611616.0,0.7766323065028219,0.784294205152058,0.0,0.015625,6400000.0
1.0,128.0,4.0,1.0,1.0,1.0,63.0,32.0,-0.0030632107251067353,-0.0017650185808415486,32.0,16384.0,6400000.0
1.0,128.0,4.0,1.0,1.0,1.0,63.0,32.0,-0.0030632107251067353,-0.0017650185808415486,1024.0,64.0,6400000.0
1.0,128.0,8.0,1.0,1.0,1.0,543.0,32.0,-0.0030632107251067353,-0.0017650185808415486,0.0,1024.0,6400000.0
128.0,128.0,4.0,2.0,1774.0,1560.0,65113.0,233216.0,0.25194793210332445,0.25958426930176615,32.0,0.000976562,6400000.0
1.0,1.0,8.0,2.0,3.0,2.0,616.0,192.0,0.03911015413878083,0.040912063041146696,0.00390625,32.0,6400000.0
1.0,128.0,8.0,1.0,1.0,1.0,543.0,32.0,-0.0030632107251067353,-0.0017650185808415486,0.000976562,16384.0,6400000.0
1.0,128.0,4.0,1.0,1.0,1.0,63.0,32.0,-0.0030632107251067353,-0.0017650185808415486,1024.0,0.000976562,6400000.0
1.0,128.0,4.0,1.0,1.0,1.0,63.0,32.0,-0.0030632107251067353,-0.0017650185808415486,512.0,0.0078125,6400000.0
1.0,128.0,4.0,1.0,1.0,1.0,63.0,32.0,-0.0030632107251067353,-0.0017650185808415486,1024.0,16384.0,6400000.0
1.0,128.0,4.0,1.0,1.0,1.0,63.0,32.0,-0.0030632107251067353,-0.0017650185808415486,2048.0,0.03125,6400000.0
1.0,128.0,4.0,1.0,1.0,1.0,63.0,32.0,-0.0030632107251067353,-0.0017650185808415486,1024.0,0.25,6400000.0
100.0,128.0,8.0,9.0,4007.0,3014.0,138599.0,469440.0,0.7529797050839018,0.7583606436081898,0.00195312,0.03125,6400000.0
42.0,128.0,4.0,2.0,602.0,510.0,21349.0,76224.0,0.2500152224000506,0.2658665169608293,64.0,0.03125,6400000.0
1.0,1.0,1.0,2.0,3.0,2.0,108.0,192.0,0.03911015413878083,0.040912063041146696,0.125,64.0,6400000.0
1.0,128.0,4.0,1.0,1.0,1.0,63.0,32.0,-0.0030632107251067353,-0.0017650185808415486,2048.0,8.0,6400000.0
1.0,128.0,4.0,1.0,1.0,1.0,63.0,32.0,-0.0030632107251067353,-0.0017650185808415486,128.0,0.00390625,6400000.0
15.0,128.0,4.0,2.0,47.0,34.0,1516.0,3520.0,0.23483331904090687,0.24244665993785774,64.0,8.0,6400000.0
1.0,1.0,8.0,2.0,3.0,2.0,616.0,192.0,0.03911015413878083,0.040912063041146696,0.0078125,64.0,6400000.0
1.0,128.0,4.0,1.0,1.0,1.0,63.0,32.0,-0.0030632107251067353,-0.0017650185808415486,64.0,2048.0,6400000.0
1.0,128.0,4.0,1.0,1.0,1.0,63.0,32.0,-0.0030632107251067353,-0.0017650185808415486,16384.0,512.0,6400000.0
8.0,128.0,4.0,2.0,22.0,16.0,724.0,1536.0,0.184803559555608,0.19082719424152972,8.0,32.0,6400000.0
1.0,128.0,4.0,1.0,1.0,1.0,63.0,32.0,-0.0030632107251067353,-0.0017650185808415486,128.0,1.0,6400000.0
16.0,128.0,8.0,3.0,67.0,47.0,3700.0,5472.0,0.28428173420704106,0.29213228260301216,0.00195312,8.0,6400000.0
41.0,128.0,8.0,9.0,1564.0,1204.0,54829.0,187392.0,0.675685504144018,0.6677501451569227,0.000976562,0.5,6400000.0
1.0,128.0,8.0,1.0,1.0,1.0,543.0,32.0,-0.0030632107251067353,-0.0017650185808415486,0.000976562,128.0,6400000.0
128.0,128.0,8.0,9.0,5301.0,3909.0,181298.0,609056.0,0.782956988560253,0.7912003270697794,0.000976562,0.00195312,6400000.0
1.0,128.0,4.0,1.0,1.0,1.0,63.0,32.0,-0.0030632107251067353,-0.0017650185808415486,8.0,8192.0,6400000.0
1.0,128.0,4.0,1.0,1.0,1.0,63.0,32.0,-0.0030632107251067353,-0.0017650185808415486,256.0,0.0,6400000.0
1.0,128.0,4.0,1.0,1.0,1.0,63.0,32.0,-0.0030632107251067353,-0.0017650185808415486,4096.0,0.00390625,6400000.0
1.0,1.0,8.0,1.0,1.0,1.0,543.0,32.0,-0.0030632107251067353,-0.0017650185808415486,0.0078125,32768.0,6400000.0
1.0,1.0,8.0,1.0,1.0,1.0,543.0,32.0,-0.0030632107251067353,-0.0017650185808415486,0.00390625,32768.0,6400000.0
1.0,1.0,8.0,9.0,61.0,31.0,3649.0,4832.0,0.07679340393426726,0.07829080149547585,0.0078125,0.125,6400000.0
1.0,128.0,4.0,1.0,1.0,1.0,63.0,32.0,-0.0030632107251067353,-0.0017650185808415486,8192.0,32.0,6400000.0
1.0,128.0,4.0,1.0,1.0,1.0,63.0,32.0,-0.0030632107251067353,-0.0017650185808415486,2048.0,2048.0,6400000.0
1.0,128.0,4.0,1.0,1.0,1.0,63.0,32.0,-0.0030632107251067353,-0.0017650185808415486,256.0,0.125,6400000.0
1.0,128.0,4.0,1.0,1.0,1.0,63.0,32.0,-0.0030632107251067353,-0.0017650185808415486,32768.0,0.000976562,6400000.0
1.0,128.0,4.0,1.0,1.0,1.0,63.0,32.0,-0.0030632107251067353,-0.0017650185808415486,4096.0,256.0,6400000.0
1.0,128.0,4.0,1.0,1.0,1.0,63.0,32.0,-0.0030632107251067353,-0.0017650185808415486,8192.0,0.0,6400000.0
1.0,128.0,4.0,1.0,1.0,1.0,63.0,32.0,-0.0030632107251067353,-0.0017650185808415486,256.0,32.0,6400000.0
1.0,128.0,4.0,1.0,1.0,1.0,63.0,32.0,-0.0030632107251067353,-0.0017650185808415486,128.0,256.0,6400000.0
1.0,128.0,4.0,1.0,1.0,1.0,63.0,32.0,-0.0030632107251067353,-0.0017650185808415486,8192.0,0.125,6400000.0
1.0,128.0,4.0,1.0,1.0,1.0,63.0,32.0,-0.0030632107251067353,-0.0017650185808415486,8192.0,8192.0,6400000.0
1.0,128.0,4.0,1.0,1.0,1.0,63.0,32.0,-0.0030632107251067353,-0.0017650185808415486,256.0,8192.0,6400000.0
1.0,128.0,4.0,1.0,1.0,1.0,63.0,32.0,-0.0030632107251067353,-0.0017650185808415486,4096.0,1.0,6400000.0
1.0,128.0,4.0,1.0,1.0,1.0,63.0,32.0,-0.0030632107251067353,-0.0017650185808415486,32768.0,0.25,6400000.0
1.0,1.0,8.0,9.0,60.0,31.0,3617.0,4832.0,0.07592421572161712,0.07821444747362105,0.00390625,1.0,6400000.0
1.0,128.0,4.0,1.0,1.0,1.0,63.0,32.0,-0.0030632107251067353,-0.0017650185808415486,32768.0,64.0,6400000.0
85.0,128.0,4.0,3.0,1310.0,1040.0,45658.0,155520.0,0.32333389187463535,0.3325172899870231,16.0,0.015625,6400000.0
19.0,128.0,4.0,3.0,110.0,83.0,3508.0,10848.0,0.3078232849852275,0.3144164768351574,16.0,4.0,6400000.0
1.0,128.0,4.0,1.0,1.0,1.0,63.0,32.0,-0.0030632107251067353,-0.0017650185808415486,32768.0,16384.0,6400000.0
1.0,128.0,4.0,1.0,1.0,1.0,63.0,32.0,-0.0030632107251067353,-0.0017650185808415486,16384.0,0.015625,6400000.0
1.0,128.0,4.0,1.0,1.0,1.0,63.0,32.0,-0.0030632107251067353,-0.0017650185808415486,16384.0,4.0,6400000.0
1.0,128.0,4.0,1.0,1.0,1.0,63.0,32.0,-0.0030632107251067353,-0.0017650185808415486,16.0,1024.0,6400000.0
16.0,128.0,8.0,3.0,67.0,47.0,3700.0,5472.0,0.28428173420704106,0.29213228260301216,0.0,8.0,6400000.0
1.0,128.0,4.0,1.0,1.0,1.0,63.0,32.0,-0.0030632107251067353,-0.0017650185808415486,512.0,4.0,6400000.0
28.0,128.0,4.0,2.0,169.0,148.0,5884.0,20096.0,0.2583267179155011,0.26924795824128556,32.0,0.5,6400000.0
1.0,128.0,4.0,1.0,1.0,1.0,63.0,32.0,-0.0030632107251067353,-0.0017650185808415486,32.0,128.0,6400000.0
1.0,128.0,4.0,1.0,1.0,1.0,63.0,32.0,-0.0030632107251067353,-0.0017650185808415486,512.0,1024.0,6400000.0
100.0,128.0,8.0,9.0,4007.0,3014.0,138599.0,469440.0,0.7529797050839018,0.7583606436081898,0.0,0.03125,6400000.0
1.0,128.0,4.0,1.0,1.0,1.0,63.0,32.0,-0.0030632107251067353,-0.0017650185808415486,1024.0,128.0,6400000.0
1.0,128.0,8.0,1.0,1.0,1.0,543.0,32.0,-0.0030632107251067353,-0.0017650185808415486,0.000976562,32768.0,6400000.0
1.0,128.0,8.0,1.0,1.0,1.0,543.0,32.0,-0.0030632107251067353,-0.0017650185808415486,0.0,2048.0,6400000.0
1.0,128.0,4.0,1.0,1.0,1.0,63.0,32.0,-0.0030632107251067353,-0.0017650185808415486,32.0,32768.0,6400000.0
1.0,128.0,4.0,1.0,1.0,1.0,63.0,32.0,-0.0030632107251067353,-0.0017650185808415486,1024.0,0.00195312,6400000.0
65.0,128.0,8.0,9.0,2747.0,1989.0,92896.0,309920.0,0.737781128329591,0.7386522182513137,0.00195312,0.0625,6400000.0
1.0,1.0,8.0,2.0,3.0,2.0,616.0,192.0,0.03911015413878083,0.040912063041146696,0.00390625,64.0,6400000.0
1.0,128.0,4.0,1.0,1.0,1.0,63.0,32.0,-0.0030632107251067353,-0.0017650185808415486,512.0,0.015625,6400000.0
1.0,128.0,4.0,1.0,1.0,1.0,63.0,32.0,-0.0030632107251067353,-0.0017650185808415486,2048.0,0.0625,6400000.0
1.0,128.0,4.0,1.0,1.0,1.0,63.0,32.0,-0.0030632107251067353,-0.0017650185808415486,1024.0,32768.0,6400000.0
1.0,128.0,4.0,1.0,1.0,1.0,63.0,32.0,-0.0030632107251067353,-0.0017650185808415486,1024.0,0.5,6400000.0
128.0,128.0,4.0,2.0,1754.0,1544.0,64345.0,230656.0,0.2520346451557548,0.25963331708510917,32.0,0.00195312,6400000.0
1.0,1.0,1.0,1.0,1.0,1.0,35.0,32.0,-0.0030632107251067353,-0.0017650185808415486,0.125,128.0,6400000.0
38.0,128.0,4.0,2.0,472.0,403.0,16778.0,59616.0,0.2508536416878968,0.26606333193727505,64.0,0.0625,6400000.0
1.0,128.0,4.0,1.0,1.0,1.0,63.0,32.0,-0.0030632107251067353,-0.0017650185808415486,2048.0,16.0,6400000.0
1.0,128.0,4.0,1.0,1.0,1.0,63.0,32.0,-0.0030632107251067353,-0.0017650185808415486,128.0,0.0078125,6400000.0
11.0,128.0,4.0,2.0,30.0,22.0,944.0,2112.0,0.211815897449531,0.21820531799146736,64.0,16.0,6400000.0
1.0,1.0,8.0,1.0,1.0,1.0,543.0,32.0,-0.0030632107251067353,-0.0017650185808415486,0.0078125,128.0,6400000.0
1.0,128.0,4.0,1.0,1.0,1.0,63.0,32.0,-0.0030632107251067353,-0.0017650185808415486,16384.0,1024.0,6400000.0
11.0,128.0,8.0,3.0,35.0,26.0,2559.0,2752.0,0.23801654357424562,0.2440154241847443,0.00195312,16.0,6400000.0
1.0,128.0,4.0,1.0,1.0,1.0,63.0,32.0,-0.0030632107251067353,-0.0017650185808415486,64.0,4096.0,6400000.0
3.0,128.0,4.0,2.0,9.0,6.0,335.0,576.0,0.10115259004895938,0.10346957106453547,8.0,64.0,6400000.0
1.0,128.0,4.0,1.0,1.0,1.0,63.0,32.0,-0.0030632107251067353,-0.0017650185808415486,8.0,16384.0,6400000.0
1.0,128.0,4.0,1.0,1.0,1.0,63.0,32.0,-0.0030632107251067353,-0.0017650185808415486,128.0,2.0,6400000.0
1.0,128.0,4.0,1.0,1.0,1.0,63.0,32.0,-0.0030632107251067353,-0.0017650185808415486,4096.0,0.0078125,6400000.0
1.0,128.0,8.0,1.0,1.0,1.0,543.0,32.0,-0.0030632107251067353,-0.0017650185808415486,0.000976562,256.0,6400000.0
35.0,128.0,8.0,9.0,1170.0,940.0,41902.0,145920.0,0.6093046697253826,0.6125519678384939,0.000976562,1.0,6400000.0
1.0,1.0,8.0,9.0,61.0,31.0,3649.0,4832.0,0.07679340393426726,0.07829080149547585,0.0078125,0.0,6400000.0
1.0,1.0,8.0,9.0,61.0,31.0,3649.0,4832.0,0.07679340393426726,0.07829080149547585,0.0078125,0.25,6400000.0
128.0,128.0,8.0,9.0,5233.0,3903.0,179835.0,608096.0,0.7786053526261695,0.784013686345588,0.000976562,0.00390625,6400000.0
1.0,128.0,4.0,1.0,1.0,1.0,63.0,32.0,-0.0030632107251067353,-0.0017650185808415486,256.0,64.0,6400000.0
1.0,128.0,4.0,1.0,1.0,1.0,63.0,32.0,-0.0030632107251067353,-0.0017650185808415486,8192.0,0.000976562,6400000.0
1.0,128.0,4.0,1.0,1.0,1.0,63.0,32.0,-0.0030632107251067353,-0.0017650185808415486,4096.0,2.0,6400000.0
1.0,128.0,4.0,1.0,1.0,1.0,63.0,32.0,-0.0030632107251067353,-0.0017650185808415486,2048.0,4096.0,6400000.0
1.0,128.0,4.0,1.0,1.0,1.0,63.0,32.0,-0.0030632107251067353,-0.0017650185808415486,256.0,0.25,6400000.0
1.0,128.0,4.0,1.0,1.0,1.0,63.0,32.0,-0.0030632107251067353,-0.0017650185808415486,32768.0,0.00195312,6400000.0
1.0,128.0,4.0,1.0,1.0,1.0,63.0,32.0,-0.0030632107251067353,-0.0017650185808415486,8192.0,64.0,6400000.0
1.0,128.0,4.0,1.0,1.0,1.0,63.0,32.0,-0.0030632107251067353,-0.0017650185808415486,256.0,16384.0,6400000.0
1.0,128.0,4.0,1.0,1.0,1.0,63.0,32.0,-0.0030632107251067353,-0.0017650185808415486,128.0,512.0,6400000.0
1.0,128.0,4.0,1.0,1.0,1.0,63.0,32.0,-0.0030632107251067353,-0.0017650185808415486,4096.0,512.0,6400000.0
1.0,1.0,8.0,9.0,61.0,31.0,3649.0,4832.0,0.07679340393426726,0.07829080149547585,0.015625,0.0,6400000.0
1.0,128.0,4.0,1.0,1.0,1.0,63.0,32.0,-0.0030632107251067353,-0.0017650185808415486,256.0,0.000976562,6400000.0
1.0,128.0,4.0,1.0,1.0,1.0,63.0,32.0,-0.0030632107251067353,-0.0017650185808415486,8192.0,16384.0,6400000.0
1.0,128.0,4.0,1.0,1.0,1.0,63.0,32.0,-0.0030632107251067353,-0.0017650185808415486,32768.0,0.5,6400000.0
1.0,128.0,8.0,1.0,1.0,1.0,543.0,32.0,-0.0030632107251067353,-0.0017650185808415486,0.00195312,2048.0,6400000.0
1.0,128.0,4.0,1.0,1.0,1.0,63.0,32.0,-0.0030632107251067353,-0.0017650185808415486,8192.0,0.25,6400000.0
1.0,128.0,4.0,1.0,1.0,1.0,63.0,32.0,-0.0030632107251067353,-0.0017650185808415486,32768.0,128.0,6400000.0
55.0,128.0,4.0,3.0,968.0,762.0,33059.0,114880.0,0.3275601962329824,0.33555017707321966,16.0,0.03125,6400000.0
1.0,128.0,4.0,1.0,1.0,1.0,63.0,32.0,-0.0030632107251067353,-0.0017650185808415486,32768.0,32768.0,6400000.0
15.0,128.0,4.0,2.0,47.0,34.0,1516.0,3520.0,0.23483331904090687,0.24244665993785774,16.0,8.0,6400000.0
1.0,128.0,4.0,1.0,1.0,1.0,63.0,32.0,-0.0030632107251067353,-0.0017650185808415486,16384.0,0.03125,6400000.0
1.0,128.0,4.0,1.0,1.0,1.0,63.0,32.0,-0.0030632107251067353,-0.0017650185808415486,32.0,256.0,6400000.0
11.0,128.0,8.0,3.0,35.0,26.0,2559.0,2752.0,0.23801654357424562,0.2440154241847443,0.0,16.0,6400000.0
1.0,128.0,4.0,1.0,1.0,1.0,63.0,32.0,-0.0030632107251067353,-0.0017650185808415486,16384.0,8.0,6400000.0
25.0,128.0,4.0,2.0,113.0,94.0,3852.0,11840.0,0.25446652674505144,0.26625990280383205,32.0,1.0,6400000.0
1.0,128.0,4.0,1.0,1.0,1.0,63.0,32.0,-0.0030632107251067353,-0.0017650185808415486,16.0,2048.0,6400000.0
1.0,128.0,4.0,1.0,1.0,1.0,63.0,32.0,-0.0030632107251067353,-0.0017650185808415486,512.0,8.0,6400000.0
1.0,128.0,4.0,1.0,1.0,1.0,63.0,32.0,-0.0030632107251067353,-0.0017650185808415486,512.0,2048.0,6400000.0
51.0,128.0,8.0,9.0,2146.0,1523.0,71364.0,237152.0,0.7042908721591019,0.7061535339286464,0.00195312,0.125,6400000.0
65.0,128.0,8.0,9.0,2747.0,1989.0,92896.0,309920.0,0.737781128329591,0.7386522182513137,0.0,0.0625,6400000.0
1.0,128.0,8.0,1.0,1.0,1.0,543.0,32.0,-0.0030632107251067353,-0.0017650185808415486,0.0,4096.0,6400000.0
1.0,128.0,4.0,1.0,1.0,1.0,63.0,32.0,-0.0030632107251067353,-0.0017650185808415486,1024.0,0.00390625,6400000.0
128.0,128.0,8.0,9.0,5351.0,3940.0,182842.0,614016.0,0.7796893069494586,0.7907115707505663,0.00195312,0.0,6400000.0
1.0,128.0,4.0,1.0,1.0,1.0,63.0,32.0,-0.0030632107251067353,-0.0017650185808415486,512.0,0.03125,6400000.0
128.0,128.0,4.0,2.0,1844.0,1616.0,67646.0,242176.0,0.2519157019553362,0.25953648921040784,64.0,0.0,6400000.0
1.0,128.0,4.0,1.0,1.0,1.0,63.0,32.0,-0.0030632107251067353,-0.0017650185808415486,2048.0,0.125,6400000.0
1.0,128.0,4.0,1.0,1.0,1.0,63.0,32.0,-0.0030632107251067353,-0.0017650185808415486,1024.0,256.0,6400000.0
1.0,1.0,8.0,1.0,1.0,1.0,543.0,32.0,-0.0030632107251067353,-0.0017650185808415486,0.00390625,128.0,6400000.0
1.0,128.0,4.0,1.0,1.0,1.0,63.0,32.0,-0.0030632107251067353,-0.0017650185808415486,1024.0,1.0,6400000.0
1.0,128.0,4.0,1.0,1.0,1.0,63.0,32.0,-0.0030632107251067353,-0.0017650185808415486,2048.0,0.0,6400000.0
128.0,128.0,4.0,2.0,1709.0,1505.0,62655.0,224416.0,0.2520836526452904,0.2598391399055131,32.0,0.00390625,6400000.0
1.0,128.0,4.0,1.0,1.0,1.0,63.0,32.0,-0.0030632107251067353,-0.0017650185808415486,2048.0,32.0,6400000.0
1.0,1.0,1.0,1.0,1.0,1.0,35.0,32.0,-0.0030632107251067353,-0.0017650185808415486,0.125,256.0,6400000.0
37.0,128.0,4.0,2.0,302.0,257.0,10505.0,36384.0,0.25504156976916903,0.2701552342249074,64.0,0.125,6400000.0
1.0,128.0,4.0,1.0,1.0,1.0,63.0,32.0,-0.0030632107251067353,-0.0017650185808415486,128.0,0.015625,6400000.0
1.0,128.0,4.0,1.0,1.0,1.0,63.0,32.0,-0.0030632107251067353,-0.0017650185808415486,16384.0,2048.0,6400000.0
1.0,1.0,8.0,1.0,1.0,1.0,543.0,32.0,-0.0030632107251067353,-0.0017650185808415486,0.0078125,256.0,6400000.0
1.0,128.0,4.0,1.0,1.0,1.0,63.0,32.0,-0.0030632107251067353,-0.0017650185808415486,64.0,8192.0,6400000.0
8.0,128.0,4.0,2.0,22.0,16.0,724.0,1536.0,0.184803559555608,0.19082719424152972,64.0,32.0,6400000.0
1.0,128.0,4.0,1.0,1.0,1.0,63.0,32.0,-0.0030632107251067353,-0.0017650185808415486,8.0,128.0,6400000.0
8.0,128.0,8.0,2.0,22.0,16.0,1924.0,1536.0,0.184803559555608,0.19082719424152972,0.00195312,32.0,6400000.0
1.0,128.0,4.0,1.0,1.0,1.0,63.0,32.0,-0.0030632107251067353,-0.0017650185808415486,8.0,32768.0,6400000.0
1.0,128.0,4.0,1.0,1.0,1.0,63.0,32.0,-0.0030632107251067353,-0.0017650185808415486,128.0,4.0,6400000.0
1.0,1.0,8.0,9.0,61.0,31.0,3649.0,4832.0,0.07679340393426726,0.07829080149547585,0.0078125,0.5,6400000.0
27.0,128.0,8.0,9.0,476.0,366.0,18145.0,55104.0,0.4777812127552883,0.48718538312254733,0.000976562,2.0,6400000.0
1.0,128.0,8.0,1.0,1.0,1.0,543.0,32.0,-0.0030632107251067353,-0.0017650185808415486,0.000976562,512.0,6400000.0
1.0,128.0,4.0,1.0,1.0,1.0,63.0,32.0,-0.0030632107251067353,-0.0017650185808415486,4096.0,0.015625,6400000.0
1.0,128.0,4.0,1.0,1.0,1.0,63.0,32.0,-0.0030632107251067353,-0.0017650185808415486,256.0,128.0,6400000.0
1.0,1.0,8.0,9.0,61.0,31.0,3649.0,4832.0,0.07679340393426726,0.07829080149547585,0.0078125,0.000976562,6400000.0
1.0,128.0,4.0,1.0,1.0,1.0,63.0,32.0,-0.0030632107251067353,-0.0017650185808415486,8192.0,0.00195312,6400000.0
1.0,128.0,4.0,1.0,1.0,1.0,63.0,32.0,-0.0030632107251067353,-0.0017650185808415486,2048.0,8192.0,6400000.0
1.0,128.0,4.0,1.0,1.0,1.0,63.0,32.0,-0.0030632107251067353,-0.0017650185808415486,4096.0,1024.0,6400000.0
1.0,128.0,4.0,1.0,1.0,1.0,63.0,32.0,-0.0030632107251067353,-0.0017650185808415486,8192.0,128.0,6400000.0
1.0,128.0,4.0,1.0,1.0,1.0,63.0,32.0,-0.0030632107251067353,-0.0017650185808415486,256.0,0.00195312,6400000.0
1.0,128.0,4.0,1.0,1.0,1.0,63.0,32.0,-0.0030632107251067353,-0.0017650185808415486,4096.0,4.0,6400000.0
128.0,128.0,8.0,9.0,5201.0,3902.0,178906.0,607936.0,0.7840877048316808,0.7822260072203876,0.000976562,0.0078125,6400000.0
1.0,128.0,8.0,1.0,1.0,1.0,543.0,32.0,-0.0030632107251067353,-0.0017650185808415486,0.00195312,4096.0,6400000.0
1.0,128.0,4.0,1.0,1.0,1.0,63.0,32.0,-0.0030632107251067353,-0.0017650185808415486,256.0,0.5,6400000.0
1.0,128.0,4.0,1.0,1.0,1.0,63.0,32.0,-0.0030632107251067353,-0.0017650185808415486,32768.0,0.00390625,6400000.0
1.0,128.0,4.0,1.0,1.0,1.0,63.0,32.0,-0.0030632107251067353,-0.0017650185808415486,8192.0,32768.0,6400000.0
1.0,128.0,4.0,1.0,1.0,1.0,63.0,32.0,-0.0030632107251067353,-0.0017650185808415486,128.0,1024.0,6400000.0
1.0,128.0,4.0,1.0,1.0,1.0,63.0,32.0,-0.0030632107251067353,-0.0017650185808415486,256.0,32768.0,6400000.0
1.0,1.0,8.0,9.0,61.0,31.0,3649.0,4832.0,0.07679340393426726,0.07829080149547585,0.015625,0.000976562,6400000.0
1.0,128.0,4.0,1.0,1.0,1.0,63.0,32.0,-0.0030632107251067353,-0.0017650185808415486,8192.0,0.5,6400000.0
1.0,128.0,4.0,1.0,1.0,1.0,63.0,32.0,-0.0030632107251067353,-0.0017650185808415486,32768.0,1.0,6400000.0
128.0,128.0,8.0,9.0,5351.0,3940.0,182842.0,614016.0,0.7796893069494586,0.7907115707505663,0.0,0.0,6400000.0
53.0,128.0,4.0,3.0,894.0,717.0,30793.0,107936.0,0.33278522729362936,0.33734298000191787,16.0,0.0625,6400000.0
11.0,128.0,4.0,2.0,30.0,22.0,944.0,2112.0,0.211815897449531,0.21820531799146736,16.0,16.0,6400000.0
1.0,128.0,4.0,1.0,1.0,1.0,63.0,32.0,-0.0030632107251067353,-0.0017650185808415486,32768.0,256.0,6400000.0
1.0,128.0,4.0,1.0,1.0,1.0,63.0,32.0,-0.0030632107251067353,-0.0017650185808415486,32.0,512.0,6400000.0
8.0,128.0,8.0,2.0,22.0,16.0,1924.0,1536.0,0.184803559555608,0.19082719424152972,0.0,32.0,6400000.0
1.0,128.0,4.0,1.0,1.0,1.0,63.0,32.0,-0.0030632107251067353,-0.0017650185808415486,512.0,16.0,6400000.0
1.0,128.0,4.0,1.0,1.0,1.0,63.0,32.0,-0.0030632107251067353,-0.0017650185808415486,16384.0,0.0625,6400000.0
23.0,128.0,4.0,2.0,96.0,78.0,3269.0,9536.0,0.25348208415856677,0.264691761708014,32.0,2.0,6400000.0
1.0,128.0,4.0,1.0,1.0,1.0,63.0,32.0,-0.0030632107251067353,-0.0017650185808415486,16384.0,16.0,6400000.0
1.0,128.0,4.0,1.0,1.0,1.0,63.0,32.0,-0.0030632107251067353,-0.0017650185808415486,16.0,4096.0,6400000.0
1.0,128.0,4.0,1.0,1.0,1.0,63.0,32.0,-0.0030632107251067353,-0.0017650185808415486,512.0,4096.0,6400000.0
43.0,128.0,8.0,9.0,1820.0,1333.0,62019.0,207776.0,0.6850279349113759,0.6951658200982608,0.00195312,0.25,6400000.0
1.0,128.0,8.0,1.0,1.0,1.0,543.0,32.0,-0.0030632107251067353,-0.0017650185808415486,0.0,8192.0,6400000.0
1.0,128.0,4.0,1.0,1.0,1.0,63.0,32.0,-0.0030632107251067353,-0.0017650185808415486,1024.0,0.0078125,6400000.0
51.0,128.0,8.0,9.0,2146.0,1523.0,71364.0,237152.0,0.7042908721591019,0.7061535339286464,0.0,0.125,6400000.0
128.0,128.0,4.0,2.0,1774.0,1560.0,65113.0,233216.0,0.25194793210332445,0.25958426930176615,64.0,0.000976562,6400000.0
1.0,128.0,4.0,1.0,1.0,1.0,63.0,32.0,-0.0030632107251067353,-0.0017650185808415486,1024.0,512.0,6400000.0
1.0,128.0,4.0,1.0,1.0,1.0,63.0,32.0,-0.0030632107251067353,-0.0017650185808415486,512.0,0.0625,6400000.0
1.0,128.0,4.0,1.0,1.0,1.0,63.0,32.0,-0.0030632107251067353,-0.0017650185808415486,2048.0,0.000976562,6400000.0
1.0,128.0,4.0,1.0,1.0,1.0,63.0,32.0,-0.0030632107251067353,-0.0017650185808415486,2048.0,0.25,6400000.0
128.0,128.0,8.0,9.0,5241.0,3870.0,179281.0,602816.0,0.7768809035751683,0.7874944665162851,0.00195312,0.000976562,6400000.0
1.0,1.0,8.0,1.0,1.0,1.0,543.0,32.0,-0.0030632107251067353,-0.0017650185808415486,0.00390625,256.0,6400000.0
1.0,128.0,4.0,1.0,1.0,1.0,63.0,32.0,-0.0030632107251067353,-0.0017650185808415486,1024.0,2.0,6400000.0
76.0,128.0,4.0,2.0,1100.0,925.0,39268.0,138272.0,0.2522649800330923,0.26353265368007517,32.0,0.0078125,6400000.0
31.0,128.0,4.0,2.0,228.0,198.0,7852.0,27712.0,0.2571886136123701,0.26977587157356997,64.0,0.25,6400000.0
1.0,1.0,1.0,1.0,1.0,1.0,35.0,32.0,-0.0030632107251067353,-0.0017650185808415486,0.125,512.0,6400000.0
1.0,128.0,4.0,1.0,1.0,1.0,63.0,32.0,-0.0030632107251067353,-0.0017650185808415486,2048.0,64.0,6400000.0
1.0,128.0,4.0,1.0,1.0,1.0,63.0,32.0,-0.0030632107251067353,-0.0017650185808415486,64.0,64.0,6400000.0
1.0,128.0,4.0,1.0,1.0,1.0,63.0,32.0,-0.0030632107251067353,-0.0017650185808415486,128.0,0.03125,6400000.0
1.0,128.0,4.0,1.0,1.0,1.0,63.0,32.0,-0.0030632107251067353,-0.0017650185808415486,64.0,16384.0,6400000.0
1.0,1.0,8.0,1.0,1.0,1.0,543.0,32.0,-0.0030632107251067353,-0.0017650185808415486,0.0078125,512.0,6400000.0
1.0,128.0,4.0,1.0,1.0,1.0,63.0,32.0,-0.0030632107251067353,-0.0017650185808415486,16384.0,4096.0,6400000.0
3.0,128.0,8.0,2.0,9.0,6.0,1295.0,576.0,0.10115259004895938,0.10346957106453547,0.00195312,64.0,6400000.0
128.0,128.0,8.0,9.0,5233.0,3903.0,179835.0,608096.0,0.7786053526261695,0.784013686345588,0.00390625,0.00390625,6400000.0
35.0,128.0,8.0,9.0,1170.0,940.0,41902.0,145920.0,0.6093046697253826,0.6125519678384939,0.00390625,1.0,6400000.0
1.0,128.0,4.0,1.0,1.0,1.0,63.0,32.0,-0.0030632107251067353,-0.0017650185808415486,128.0,8.0,6400000.0
29.0,128.0,8.0,9.0,205.0,156.0,9076.0,21248.0,0.40735776232514465,0.41510468520174093,0.000976562,4.0,6400000.0
1.0,128.0,8.0,1.0,1.0,1.0,543.0,32.0,-0.0030632107251067353,-0.0017650185808415486,0.000976562,1024.0,6400000.0
1.0,1.0,8.0,9.0,61.0,31.0,3649.0,4832.0,0.07679340393426726,0.07829080149547585,0.0078125,0.00195312,6400000.0
1.0,128.0,4.0,1.0,1.0,1.0,63.0,32.0,-0.0030632107251067353,-0.0017650185808415486,4096.0,2048.0,6400000.0
1.0,128.0,4.0,1.0,1.0,1.0,63.0,32.0,-0.0030632107251067353,-0.0017650185808415486,2048.0,16384.0,6400000.0
1.0,1.0,8.0,9.0,60.0,31.0,3617.0,4832.0,0.07592421572161712,0.07821444747362105,0.0078125,1.0,6400000.0
1.0,128.0,4.0,1.0,1.0,1.0,63.0,32.0,-0.0030632107251067353,-0.0017650185808415486,256.0,256.0,6400000.0
1.0,128.0,4.0,1.0,1.0,1.0,63.0,32.0,-0.0030632107251067353,-0.0017650185808415486,8192.0,0.00390625,6400000.0
1.0,128.0,4.0,1.0,1.0,1.0,63.0,32.0,-0.0030632107251067353,-0.0017650185808415486,4096.0,0.03125,6400000.0
1.0,128.0,4.0,1.0,1.0,1.0,63.0,32.0,-0.0030632107251067353,-0.0017650185808415486,512.0,0.0,6400000.0
1.0,128.0,4.0,1.0,1.0,1.0,63.0,32.0,-0.0030632107251067353,-0.0017650185808415486,32768.0,0.0078125,6400000.0
1.0,128.0,4.0,1.0,1.0,1.0,63.0,32.0,-0.0030632107251067353,-0.0017650185808415486,256.0,1.0,6400000.0
1.0,128.0,8.0,1.0,1.0,1.0,543.0,32.0,-0.0030632107251067353,-0.0017650185808415486,0.00195312,8192.0,6400000.0
1.0,128.0,4.0,1.0,1.0,1.0,63.0,32.0,-0.0030632107251067353,-0.0017650185808415486,8192.0,256.0,6400000.0
128.0,128.0,8.0,9.0,5150.0,3925.0,178500.0,611616.0,0.7766323065028219,0.784294205152058,0.000976562,0.015625,6400000.0
1.0,128.0,4.0,1.0,1.0,1.0,63.0,32.0,-0.0030632107251067353,-0.0017650185808415486,16384.0,0.0,6400000.0
1.0,128.0,4.0,1.0,1.0,1.0,63.0,32.0,-0.0030632107251067353,-0.0017650185808415486,32768.0,2.0,6400000.0
1.0,128.0,4.0,1.0,1.0,1.0,63.0,32.0,-0.0030632107251067353,-0.0017650185808415486,8192.0,1.0,6400000.0
1.0,128.0,4.0,1.0,1.0,1.0,63.0,32.0,-0.0030632107251067353,-0.0017650185808415486,256.0,0.00390625,6400000.0
1.0,128.0,4.0,1.0,1.0,1.0,63.0,32.0,-0.0030632107251067353,-0.0017650185808415486,128.0,2048.0,6400000.0
1.0,1.0,8.0,9.0,61.0,31.0,3649.0,4832.0,0.07679340393426726,0.07829080149547585,0.015625,0.00195312,6400000.0
128.0,128.0,8.0,9.0,5241.0,3870.0,179281.0,602816.0,0.7768809035751683,0.7874944665162851,0.0,0.000976562,6400000.0
1.0,128.0,4.0,1.0,1.0,1.0,63.0,32.0,-0.0030632107251067353,-0.0017650185808415486,4096.0,8.0,6400000.0
1.0,128.0,4.0,1.0,1.0,1.0,63.0,32.0,-0.0030632107251067353,-0.0017650185808415486,32768.0,512.0,6400000.0
128.0,128.0,8.0,9.0,5351.0,3940.0,182842.0,614016.0,0.7796893069494586,0.7907115707505663,0.0078125,0.0,6400000.0
1.0,128.0,8.0,1.0,1.0,1.0,543.0,32.0,-0.0030632107251067353,-0.0017650185808415486,0.00390625,256.0,6400000.0
1.0,128.0,4.0,1.0,1.0,1.0,63.0,32.0,-0.0030632107251067353,-0.0017650185808415486,512.0,32.0,6400000.0
1.0,128.0,4.0,1.0,1.0,1.0,63.0,32.0,-0.0030632107251067353,-0.0017650185808415486,16384.0,0.125,6400000.0
3.0,128.0,8.0,2.0,9.0,6.0,1295.0,576.0,0.10115259004895938,0.10346957106453547,0.0,64.0,6400000.0
51.0,128.0,8.0,9.0,2146.0,1523.0,71364.0,237152.0,0.7042908721591019,0.7061535339286464,0.0078125,0.125,6400000.0
1.0,128.0,4.0,1.0,1.0,1.0,63.0,32.0,-0.0030632107251067353,-0.0017650185808415486,16384.0,32.0,6400000.0
1.0,1.0,8.0,9.0,61.0,31.0,3649.0,4832.0,0.07679340393426726,0.07829080149547585,0.015625,0.125,6400000.0
8.0,128.0,8.0,2.0,22.0,16.0,1924.0,1536.0,0.184803559555608,0.19082719424152972,0.0078125,32.0,6400000.0
1.0,128.0,4.0,1.0,1.0,1.0,63.0,32.0,-0.0030632107251067353,-0.0017650185808415486,512.0,8192.0,6400000.0
1.0,128.0,4.0,1.0,1.0,1.0,63.0,32.0,-0.0030632107251067353,-0.0017650185808415486,2048.0,0.00195312,6400000.0
1.0,128.0,4.0,1.0,1.0,1.0,63.0,32.0,-0.0030632107251067353,-0.0017650185808415486,1024.0,0.015625,6400000.0
1.0,128.0,4.0,1.0,1.0,1.0,63.0,32.0,-0.0030632107251067353,-0.0017650185808415486,512.0,0.125,6400000.0
1.0,128.0,8.0,1.0,1.0,1.0,543.0,32.0,-0.0030632107251067353,-0.0017650185808415486,0.0,16384.0,6400000.0
43.0,128.0,8.0,9.0,1820.0,1333.0,62019.0,207776.0,0.6850279349113759,0.6951658200982608,0.0,0.25,6400000.0
41.0,128.0,8.0,9.0,1564.0,1204.0,54829.0,187392.0,0.675685504144018,0.6677501451569227,0.00195312,0.5,6400000.0
1.0,128.0,4.0,1.0,1.0,1.0,63.0,32.0,-0.0030632107251067353,-0.0017650185808415486,2048.0,0.5,6400000.0
1.0,128.0,4.0,1.0,1.0,1.0,63.0,32.0,-0.0030632107251067353,-0.0017650185808415486,1024.0,1024.0,6400000.0
1.0,128.0,8.0,1.0,1.0,1.0,543.0,32.0,-0.0030632107251067353,-0.0017650185808415486,0.0078125,8192.0,6400000.0
128.0,128.0,8.0,9.0,5301.0,3909.0,181298.0,609056.0,0.782956988560253,0.7912003270697794,0.00195312,0.00195312,6400000.0
1.0,128.0,4.0,1.0,1.0,1.0,63.0,32.0,-0.0030632107251067353,-0.0017650185808415486,1024.0,4.0,6400000.0
1.0,1.0,8.0,1.0,1.0,1.0,543.0,32.0,-0.0030632107251067353,-0.0017650185808415486,0.00390625,512.0,6400000.0
1.0,1.0,1.0,1.0,1.0,1.0,35.0,32.0,-0.0030632107251067353,-0.0017650185808415486,0.125,1024.0,6400000.0
1.0,128.0,4.0,1.0,1.0,1.0,63.0,32.0,-0.0030632107251067353,-0.0017650185808415486,2048.0,128.0,6400000.0
29.0,128.0,8.0,9.0,205.0,156.0,9076.0,21248.0,0.40735776232514465,0.41510468520174093,0.015625,4.0,6400000.0
128.0,128.0,8.0,9.0,5150.0,3925.0,178500.0,611616.0,0.7766323065028219,0.784294205152058,0.015625,0.015625,6400000.0
128.0,128.0,8.0,9.0,5301.0,3909.0,181298.0,609056.0,0.782956988560253,0.7912003270697794,0.03125,0.00195312,6400000.0
1.0,1.0,8.0,1.0,1.0,1.0,543.0,32.0,-0.0030632107251067353,-0.0017650185808415486,0.0078125,1024.0,6400000.0
41.0,128.0,8.0,9.0,1564.0,1204.0,54829.0,187392.0,0.675685504144018,0.6677501451569227,0.03125,0.5,6400000.0
1.0,128.0,8.0,1.0,1.0,1.0,543.0,32.0,-0.0030632107251067353,-0.0017650185808415486,0.015625,1024.0,6400000.0
128.0,128.0,8.0,9.0,5201.0,3902.0,178906.0,607936.0,0.7840877048316808,0.7822260072203876,0.00390625,0.0078125,6400000.0
1.0,128.0,4.0,1.0,1.0,1.0,63.0,32.0,-0.0030632107251067353,-0.0017650185808415486,16384.0,8192.0,6400000.0
1.0,128.0,8.0,1.0,1.0,1.0,543.0,32.0,-0.0030632107251067353,-0.0017650185808415486,0.00195312,128.0,6400000.0
27.0,128.0,8.0,9.0,476.0,366.0,18145.0,55104.0,0.4777812127552883,0.48718538312254733,0.00390625,2.0,6400000.0
16.0,128.0,8.0,3.0,67.0,47.0,3700.0,5472.0,0.28428173420704106,0.29213228260301216,0.000976562,8.0,6400000.0
1.0,128.0,8.0,1.0,1.0,1.0,543.0,32.0,-0.0030632107251067353,-0.0017650185808415486,0.000976562,2048.0,6400000.0
1.0,128.0,4.0,1.0,1.0,1.0,63.0,32.0,-0.0030632107251067353,-0.0017650185808415486,2048.0,32768.0,6400000.0
1.0,1.0,8.0,9.0,61.0,31.0,3649.0,4832.0,0.07679340393426726,0.07829080149547585,0.0078125,0.00390625,6400000.0
1.0,128.0,4.0,1.0,1.0,1.0,63.0,32.0,-0.0030632107251067353,-0.0017650185808415486,8192.0,0.0078125,6400000.0
1.0,128.0,4.0,1.0,1.0,1.0,63.0,32.0,-0.0030632107251067353,-0.0017650185808415486,8192.0,512.0,6400000.0
1.0,128.0,4.0,1.0,1.0,1.0,63.0,32.0,-0.0030632107251067353,-0.0017650185808415486,4096.0,4096.0,6400000.0
1.0,128.0,8.0,1.0,1.0,1.0,543.0,32.0,-0.0030632107251067353,-0.0017650185808415486,0.00195312,16384.0,6400000.0
1.0,1.0,8.0,7.0,32.0,17.0,2876.0,2592.0,0.06793155274555407,0.0726023133722995,0.0078125,2.0,6400000.0
1.0,128.0,8.0,1.0,1.0,1.0,543.0,32.0,-0.0030632107251067353,-0.0017650185808415486,0.03125,128.0,6400000.0
1.0,128.0,4.0,1.0,1.0,1.0,63.0,32.0,-0.0030632107251067353,-0.0017650185808415486,4096.0,0.0625,6400000.0
1.0,128.0,4.0,1.0,1.0,1.0,63.0,32.0,-0.0030632107251067353,-0.0017650185808415486,8192.0,2.0,6400000.0
1.0,128.0,4.0,1.0,1.0,1.0,63.0,32.0,-0.0030632107251067353,-0.0017650185808415486,32768.0,0.015625,6400000.0
1.0,128.0,4.0,1.0,1.0,1.0,63.0,32.0,-0.0030632107251067353,-0.0017650185808415486,16384.0,0.000976562,6400000.0
1.0,128.0,4.0,1.0,1.0,1.0,63.0,32.0,-0.0030632107251067353,-0.0017650185808415486,32768.0,4.0,6400000.0
65.0,128.0,8.0,9.0,2747.0,1989.0,92896.0,309920.0,0.737781128329591,0.7386522182513137,0.0625,0.0625,6400000.0
1.0,1.0,8.0,9.0,61.0,31.0,3649.0,4832.0,0.07679340393426726,0.07829080149547585,0.015625,0.00390625,6400000.0
1.0,1.0,8.0,1.0,1.0,1.0,543.0,32.0,-0.0030632107251067353,-0.0017650185808415486,0.015625,128.0,6400000.0
128.0,128.0,8.0,9.0,5301.0,3909.0,181298.0,609056.0,0.782956988560253,0.7912003270697794,0.0,0.00195312,6400000.0
100.0,128.0,8.0,9.0,4007.0,3014.0,138599.0,469440.0,0.7529797050839018,0.7583606436081898,0.000976562,0.03125,6400000.0
1.0,128.0,4.0,1.0,1.0,1.0,63.0,32.0,-0.0030632107251067353,-0.0017650185808415486,4096.0,16.0,6400000.0
1.0,128.0,8.0,1.0,1.0,1.0,543.0,32.0,-0.0030632107251067353,-0.0017650185808415486,0.03125,32768.0,6400000.0
1.0,128.0,8.0,1.0,1.0,1.0,543.0,32.0,-0.0030632107251067353,-0.0017650185808415486,0.00390625,512.0,6400000.0
1.0,128.0,8.0,1.0,1.0,1.0,543.0,32.0,-0.0030632107251067353,-0.0017650185808415486,0.0625,4096.0,6400000.0
1.0,128.0,4.0,1.0,1.0,1.0,63.0,32.0,-0.0030632107251067353,-0.0017650185808415486,32768.0,1024.0,6400000.0
1.0,128.0,4.0,1.0,1.0,1.0,63.0,32.0,-0.0030632107251067353,-0.0017650185808415486,16384.0,0.25,6400000.0
11.0,128.0,8.0,3.0,35.0,26.0,2559.0,2752.0,0.23801654357424562,0.2440154241847443,0.0625,16.0,6400000.0
1.0,128.0,4.0,1.0,1.0,1.0,63.0,32.0,-0.0030632107251067353,-0.0017650185808415486,16384.0,64.0,6400000.0
1.0,128.0,8.0,1.0,1.0,1.0,543.0,32.0,-0.0030632107251067353,-0.0017650185808415486,0.0,128.0,6400000.0
128.0,128.0,8.0,9.0,5185.0,3879.0,178353.0,604256.0,0.7821176109455277,0.7788717881070969,0.125,0.0078125,6400000.0
128.0,128.0,8.0,9.0,5241.0,3870.0,179281.0,602816.0,0.7768809035751683,0.7874944665162851,0.0078125,0.000976562,6400000.0
43.0,128.0,8.0,9.0,1820.0,1333.0,62019.0,207776.0,0.6850279349113759,0.6951658200982608,0.0078125,0.25,6400000.0
1.0,1.0,8.0,9.0,61.0,31.0,3649.0,4832.0,0.07679340393426726,0.07829080149547585,0.015625,0.25,6400000.0
3.0,128.0,8.0,2.0,9.0,6.0,1295.0,576.0,0.10115259004895938,0.10346957106453547,0.0078125,64.0,6400000.0
27.0,128.0,8.0,9.0,487.0,378.0,18378.0,57024.0,0.48755456345803316,0.5011776158323638,0.125,2.0,6400000.0
1.0,128.0,8.0,1.0,1.0,1.0,543.0,32.0,-0.0030632107251067353,-0.0017650185808415486,0.0,32768.0,6400000.0
35.0,128.0,8.0,9.0,1170.0,940.0,41902.0,145920.0,0.6093046697253826,0.6125519678384939,0.00195312,1.0,6400000.0
41.0,128.0,8.0,9.0,1564.0,1204.0,54829.0,187392.0,0.675685504144018,0.6677501451569227,0.0,0.5,6400000.0
1.0,128.0,8.0,1.0,1.0,1.0,543.0,32.0,-0.0030632107251067353,-0.0017650185808415486,0.125,512.0,6400000.0
43.0,128.0,8.0,9.0,1804.0,1333.0,61559.0,207776.0,0.6898004507178896,0.6900562968219308,0.25,0.25,6400000.0
1.0,128.0,8.0,1.0,1.0,1.0,543.0,32.0,-0.0030632107251067353,-0.0017650185808415486,0.0078125,16384.0,6400000.0
3.0,128.0,8.0,2.0,9.0,6.0,1295.0,576.0,0.10115259004895938,0.10346957106453547,0.25,64.0,6400000.0
128.0,128.0,8.0,9.0,5314.0,3911.0,182228.0,609376.0,0.780616219428316,0.7816105749944666,0.25,0.000976562,6400000.0
1.0,128.0,8.0,1.0,1.0,1.0,543.0,32.0,-0.0030632107251067353,-0.0017650185808415486,0.25,16384.0,6400000.0
1.0,1.0,8.0,1.0,1.0,1.0,543.0,32.0,-0.0030632107251067353,-0.0017650185808415486,0.00390625,1024.0,6400000.0
1.0,1.0,1.0,1.0,1.0,1.0,35.0,32.0,-0.0030632107251067353,-0.0017650185808415486,0.125,2048.0,6400000.0
128.0,128.0,8.0,9.0,5233.0,3903.0,179835.0,608096.0,0.7786053526261695,0.784013686345588,0.00195312,0.00390625,6400000.0
100.0,128.0,8.0,9.0,4007.0,3014.0,138599.0,469440.0,0.7529797050839018,0.7583606436081898,0.015625,0.03125,6400000.0
112.0,128.0,8.0,9.0,4250.0,3223.0,147262.0,501344.0,0.7776414982403866,0.7731663963467956,0.5,0.03125,6400000.0
1.0,1.0,8.0,9.0,61.0,31.0,3649.0,4832.0,0.07679340393426726,0.07829080149547585,0.03125,0.000976562,6400000.0
16.0,128.0,8.0,3.0,67.0,47.0,3700.0,5472.0,0.28428173420704106,0.29213228260301216,0.015625,8.0,6400000.0
128.0,128.0,8.0,9.0,5233.0,3903.0,179835.0,608096.0,0.7786053526261695,0.784013686345588,0.03125,0.00390625,6400000.0
1.0,128.0,8.0,1.0,1.0,1.0,543.0,32.0,-0.0030632107251067353,-0.0017650185808415486,0.015625,2048.0,6400000.0
30.0,128.0,8.0,9.0,1041.0,826.0,37179.0,128320.0,0.5615679503947415,0.5680515837886942,0.03125,1.0,6400000.0
1.0,1.0,8.0,1.0,1.0,1.0,543.0,32.0,-0.0030632107251067353,-0.0017650185808415486,0.0078125,2048.0,6400000.0
1.0,128.0,8.0,1.0,1.0,1.0,543.0,32.0,-0.0030632107251067353,-0.0017650185808415486,0.00195312,256.0,6400000.0
128.0,128.0,8.0,9.0,5150.0,3925.0,178500.0,611616.0,0.7766323065028219,0.784294205152058,0.00390625,0.015625,6400000.0
1.0,128.0,4.0,1.0,1.0,1.0,63.0,32.0,-0.0030632107251067353,-0.0017650185808415486,16384.0,16384.0,6400000.0
29.0,128.0,8.0,9.0,205.0,156.0,9076.0,21248.0,0.40735776232514465,0.41510468520174093,0.00390625,4.0,6400000.0
11.0,128.0,8.0,3.0,35.0,26.0,2559.0,2752.0,0.23801654357424562,0.2440154241847443,0.000976562,16.0,6400000.0
1.0,1.0,8.0,9.0,61.0,31.0,3649.0,4832.0,0.07679340393426726,0.07829080149547585,0.0078125,0.0078125,6400000.0
1.0,128.0,8.0,1.0,1.0,1.0,543.0,32.0,-0.0030632107251067353,-0.0017650185808415486,0.000976562,4096.0,6400000.0
16.0,128.0,8.0,3.0,67.0,47.0,3700.0,5472.0,0.28428173420704106,0.29213228260301216,0.5,8.0,6400000.0
1.0,128.0,4.0,1.0,1.0,1.0,63.0,32.0,-0.0030632107251067353,-0.0017650185808415486,32768.0,0.03125,6400000.0
1.0,1.0,8.0,4.0,13.0,7.0,1610.0,992.0,0.057805003399450605,0.060993872308649943,0.0078125,4.0,6400000.0
1.0,128.0,8.0,1.0,1.0,1.0,543.0,32.0,-0.0030632107251067353,-0.0017650185808415486,0.5,2048.0,6400000.0
1.0,128.0,8.0,1.0,1.0,1.0,543.0,32.0,-0.0030632107251067353,-0.0017650185808415486,0.03125,256.0,6400000.0
1.0,128.0,8.0,1.0,1.0,1.0,543.0,32.0,-0.0030632107251067353,-0.0017650185808415486,0.00195312,32768.0,6400000.0
51.0,128.0,8.0,9.0,2146.0,1523.0,71364.0,237152.0,0.7042908721591019,0.7061535339286464,0.0625,0.125,6400000.0
37.0,128.0,8.0,9.0,1110.0,901.0,40044.0,139424.0,0.5730843357607888,0.5794118372760027,1.0,1.0,6400000.0
1.0,128.0,8.0,1.0,1.0,1.0,543.0,32.0,-0.0030632107251067353,-0.0017650185808415486,1.0,256.0,6400000.0
1.0,128.0,4.0,1.0,1.0,1.0,63.0,32.0,-0.0030632107251067353,-0.0017650185808415486,32768.0,8.0,6400000.0
48.0,128.0,8.0,9.0,2069.0,1488.0,69860.0,231936.0,0.6954372530477593,0.6901746121722393,2.0,0.125,6400000.0
128.0,128.0,8.0,9.0,5241.0,3882.0,179544.0,604736.0,0.7796229103364871,0.7867764997116707,1.0,0.00390625,6400000.0
1.0,1.0,8.0,9.0,61.0,31.0,3649.0,4832.0,0.07679340393426726,0.07829080149547585,0.015625,0.0078125,6400000.0
128.0,128.0,8.0,9.0,5271.0,3876.0,180386.0,603776.0,0.7790228156698971,0.7724704276039017,2.0,0.0,6400000.0
128.0,128.0,8.0,9.0,5233.0,3903.0,179835.0,608096.0,0.7786053526261695,0.784013686345588,0.0,0.00390625,6400000.0
1.0,1.0,8.0,1.0,1.0,1.0,543.0,32.0,-0.0030632107251067353,-0.0017650185808415486,0.015625,256.0,6400000.0
1.0,128.0,4.0,1.0,1.0,1.0,63.0,32.0,-0.0030632107251067353,-0.0017650185808415486,32768.0,2048.0,6400000.0
128.0,128.0,8.0,9.0,5351.0,3940.0,182842.0,614016.0,0.7796893069494586,0.7907115707505663,0.0625,0.0,6400000.0
1.0,128.0,8.0,1.0,1.0,1.0,543.0,32.0,-0.0030632107251067353,-0.0017650185808415486,0.0625,8192.0,6400000.0
1.0,128.0,8.0,1.0,1.0,1.0,543.0,32.0,-0.0030632107251067353,-0.0017650185808415486,0.00390625,1024.0,6400000.0
1.0,128.0,8.0,1.0,1.0,1.0,543.0,32.0,-0.0030632107251067353,-0.0017650185808415486,0.0,256.0,6400000.0
65.0,128.0,8.0,9.0,2747.0,1989.0,92896.0,309920.0,0.737781128329591,0.7386522182513137,0.000976562,0.0625,6400000.0
8.0,128.0,8.0,2.0,22.0,16.0,1924.0,1536.0,0.184803559555608,0.19082719424152972,0.0625,32.0,6400000.0
128.0,128.0,8.0,9.0,5301.0,3909.0,181298.0,609056.0,0.782956988560253,0.7912003270697794,0.0078125,0.00195312,6400000.0
41.0,128.0,8.0,9.0,1564.0,1204.0,54829.0,187392.0,0.675685504144018,0.6677501451569227,0.0078125,0.5,6400000.0
1.0,128.0,8.0,1.0,1.0,1.0,543.0,32.0,-0.0030632107251067353,-0.0017650185808415486,2.0,8192.0,6400000.0
8.0,128.0,8.0,2.0,22.0,16.0,1924.0,1536.0,0.184803559555608,0.19082719424152972,2.0,32.0,6400000.0
128.0,128.0,8.0,9.0,5116.0,3911.0,178048.0,609376.0,0.779496975755172,0.781394999428314,0.125,0.015625,6400000.0
1.0,1.0,8.0,9.0,61.0,31.0,3649.0,4832.0,0.07679340393426726,0.07829080149547585,0.015625,0.5,6400000.0
1.0,128.0,8.0,1.0,1.0,1.0,543.0,32.0,-0.0030632107251067353,-0.0017650185808415486,0.0078125,128.0,6400000.0
92.0,128.0,8.0,8.0,3813.0,2828.0,131543.0,440704.0,0.6870534565248951,0.6715972112287135,4.0,0.015625,6400000.0
29.0,128.0,8.0,9.0,205.0,156.0,9076.0,21248.0,0.40735776232514465,0.41510468520174093,0.125,4.0,6400000.0
1.0,128.0,8.0,1.0,1.0,1.0,543.0,32.0,-0.0030632107251067353,-0.0017650185808415486,0.125,1024.0,6400000.0
128.0,128.0,8.0,9.0,5351.0,3940.0,182842.0,614016.0,0.7796893069494586,0.7907115707505663,0.000976562,0.0,6400000.0
35.0,128.0,8.0,9.0,1170.0,940.0,41902.0,145920.0,0.6093046697253826,0.6125519678384939,0.0,1.0,6400000.0
27.0,128.0,8.0,9.0,476.0,366.0,18145.0,55104.0,0.4777812127552883,0.48718538312254733,0.00195312,2.0,6400000.0
36.0,128.0,8.0,9.0,1401.0,1071.0,48791.0,166752.0,0.6178131966842346,0.6287000451115454,0.25,0.5,6400000.0
1.0,128.0,8.0,1.0,1.0,1.0,543.0,32.0,-0.0030632107251067353,-0.0017650185808415486,0.0078125,32768.0,6400000.0
1.0,128.0,8.0,1.0,1.0,1.0,543.0,32.0,-0.0030632107251067353,-0.0017650185808415486,0.25,128.0,6400000.0
128.0,128.0,8.0,9.0,5235.0,3879.0,179599.0,604256.0,0.7702794612285148,0.7754633164574777,0.25,0.00195312,6400000.0
1.0,128.0,8.0,1.0,1.0,1.0,543.0,32.0,-0.0030632107251067353,-0.0017650185808415486,0.25,32768.0,6400000.0
1.0,1.0,1.0,1.0,1.0,1.0,35.0,32.0,-0.0030632107251067353,-0.0017650185808415486,0.125,4096.0,6400000.0
1.0,128.0,8.0,1.0,1.0,1.0,543.0,32.0,-0.0030632107251067353,-0.0017650185808415486,0.015625,4096.0,6400000.0
11.0,128.0,8.0,3.0,35.0,26.0,2559.0,2752.0,0.23801654357424562,0.2440154241847443,0.015625,16.0,6400000.0
1.0,1.0,8.0,9.0,61.0,31.0,3649.0,4832.0,0.07679340393426726,0.07829080149547585,0.03125,0.00195312,6400000.0
1.0,1.0,8.0,9.0,58.0,30.0,3549.0,4672.0,0.07539637384415343,0.07789615147311513,0.03125,1.0,6400000.0
128.0,128.0,8.0,9.0,5201.0,3902.0,178906.0,607936.0,0.7840877048316808,0.7822260072203876,0.00195312,0.0078125,6400000.0
72.0,128.0,8.0,9.0,3021.0,2232.0,103430.0,347904.0,0.7296264032107889,0.7388396337248551,0.5,0.0625,6400000.0
128.0,128.0,8.0,9.0,5201.0,3902.0,178906.0,607936.0,0.7840877048316808,0.7822260072203876,0.03125,0.0078125,6400000.0
65.0,128.0,8.0,9.0,2747.0,1989.0,92896.0,309920.0,0.737781128329591,0.7386522182513137,0.015625,0.0625,6400000.0
1.0,1.0,8.0,1.0,1.0,1.0,543.0,32.0,-0.0030632107251067353,-0.0017650185808415486,0.0078125,4096.0,6400000.0
34.0,128.0,8.0,9.0,461.0,362.0,17539.0,53568.0,0.4871949573852562,0.49102114603945524,0.03125,2.0,6400000.0
1.0,128.0,8.0,1.0,1.0,1.0,543.0,32.0,-0.0030632107251067353,-0.0017650185808415486,0.00195312,512.0,6400000.0
16.0,128.0,8.0,3.0,67.0,47.0,3700.0,5472.0,0.28428173420704106,0.29213228260301216,0.00390625,8.0,6400000.0
100.0,128.0,8.0,9.0,4007.0,3014.0,138599.0,469440.0,0.7529797050839018,0.7583606436081898,0.00390625,0.03125,6400000.0
8.0,128.0,8.0,2.0,22.0,16.0,1924.0,1536.0,0.184803559555608,0.19082719424152972,0.000976562,32.0,6400000.0
1.0,128.0,8.0,1.0,1.0,1.0,543.0,32.0,-0.0030632107251067353,-0.0017650185808415486,0.000976562,8192.0,6400000.0
26.0,128.0,8.0,5.0,149.0,114.0,7039.0,14912.0,0.352960107957759,0.3577042326919795,4.0,4.0,6400000.0
11.0,128.0,8.0,3.0,35.0,26.0,2559.0,2752.0,0.23801654357424562,0.2440154241847443,0.5,16.0,6400000.0
1.0,128.0,8.0,1.0,1.0,1.0,543.0,32.0,-0.0030632107251067353,-0.0017650185808415486,4.0,1024.0,6400000.0
1.0,1.0,8.0,3.0,5.0,3.0,914.0,352.0,0.048146068319603885,0.051476191507202285,0.0078125,8.0,6400000.0
43.0,128.0,8.0,9.0,1820.0,1333.0,62019.0,207776.0,0.6850279349113759,0.6951658200982608,0.0625,0.25,6400000.0
1.0,128.0,8.0,1.0,1.0,1.0,543.0,32.0,-0.0030632107251067353,-0.0017650185808415486,0.5,4096.0,6400000.0
1.0,128.0,8.0,1.0,1.0,1.0,543.0,32.0,-0.0030632107251067353,-0.0017650185808415486,0.03125,512.0,6400000.0
128.0,128.0,8.0,3.0,3958.0,3486.0,149592.0,541376.0,0.2938251065643738,0.2987035723804671,8.0,0.00195312,6400000.0
1.0,128.0,8.0,1.0,1.0,1.0,543.0,32.0,-0.0030632107251067353,-0.0017650185808415486,1.0,512.0,6400000.0
128.0,128.0,8.0,9.0,5351.0,3940.0,182842.0,614016.0,0.7796893069494586,0.7907115707505663,0.00390625,0.0,6400000.0
1.0,1.0,8.0,9.0,61.0,31.0,3649.0,4832.0,0.07679340393426726,0.07829080149547585,0.015625,0.015625,6400000.0
128.0,128.0,8.0,9.0,5145.0,3901.0,178286.0,607776.0,0.7860542156316632,0.7906649772797214,1.0,0.0078125,6400000.0
49.0,128.0,8.0,9.0,1982.0,1502.0,68774.0,234048.0,0.7021553743181248,0.6971228010856587,2.0,0.25,6400000.0
35.0,128.0,8.0,9.0,443.0,339.0,16816.0,49760.0,0.47730715717397076,0.4865154780906841,1.0,2.0,6400000.0
1.0,1.0,8.0,1.0,1.0,1.0,543.0,32.0,-0.0030632107251067353,-0.0017650185808415486,0.015625,512.0,6400000.0
1.0,128.0,8.0,1.0,1.0,1.0,543.0,32.0,-0.0030632107251067353,-0.0017650185808415486,0.0625,16384.0,6400000.0
128.0,128.0,8.0,9.0,5241.0,3870.0,179281.0,602816.0,0.7768809035751683,0.7874944665162851,0.0625,0.000976562,6400000.0
128.0,128.0,8.0,9.0,5312.0,3924.0,182277.0,611456.0,0.7761379087108078,0.7751436315771446,2.0,0.000976562,6400000.0
51.0,128.0,8.0,9.0,2146.0,1523.0,71364.0,237152.0,0.7042908721591019,0.7061535339286464,0.000976562,0.125,6400000.0
1.0,128.0,8.0,1.0,1.0,1.0,543.0,32.0,-0.0030632107251067353,-0.0017650185808415486,0.00390625,2048.0,6400000.0
3.0,128.0,8.0,2.0,9.0,6.0,1295.0,576.0,0.10115259004895938,0.10346957106453547,0.0625,64.0,6400000.0
1.0,128.0,8.0,1.0,1.0,1.0,543.0,32.0,-0.0030632107251067353,-0.0017650185808415486,8.0,128.0,6400000.0
1.0,128.0,8.0,1.0,1.0,1.0,543.0,32.0,-0.0030632107251067353,-0.0017650185808415486,2.0,16384.0,6400000.0
106.0,128.0,8.0,9.0,4139.0,3123.0,143026.0,486112.0,0.7686952849652512,0.7706918130792335,0.125,0.03125,6400000.0
29.0,128.0,8.0,3.0,333.0,275.0,13322.0,40288.0,0.3296030113505296,0.3361411362526636,8.0,0.5,6400000.0
81.0,128.0,8.0,8.0,3273.0,2427.0,113059.0,377952.0,0.6747674901429328,0.6636296941884107,4.0,0.03125,6400000.0
128.0,128.0,8.0,9.0,5233.0,3903.0,179835.0,608096.0,0.7786053526261695,0.784013686345588,0.0078125,0.00390625,6400000.0
35.0,128.0,8.0,9.0,1170.0,940.0,41902.0,145920.0,0.6093046697253826,0.6125519678384939,0.0078125,1.0,6400000.0
46.0,128.0,8.0,3.0,1645.0,1370.0,62024.0,213312.0,0.3145738050321958,0.3183655730348809,16.0,0.0625,6400000.0
1.0,128.0,8.0,1.0,1.0,1.0,543.0,32.0,-0.0030632107251067353,-0.0017650185808415486,8.0,32768.0,6400000.0
1.0,1.0,8.0,9.0,60.0,31.0,3617.0,4832.0,0.07592421572161712,0.07821444747362105,0.015625,1.0,6400000.0
1.0,128.0,8.0,1.0,1.0,1.0,543.0,32.0,-0.0030632107251067353,-0.0017650185808415486,0.0078125,256.0,6400000.0
3.0,128.0,8.0,2.0,9.0,6.0,1295.0,576.0,0.10115259004895938,0.10346957106453547,2.0,64.0,6400000.0
16.0,128.0,8.0,3.0,67.0,47.0,3700.0,5472.0,0.28428173420704106,0.29213228260301216,0.125,8.0,6400000.0
1.0,128.0,8.0,1.0,1.0,1.0,543.0,32.0,-0.0030632107251067353,-0.0017650185808415486,0.125,2048.0,6400000.0
29.0,128.0,8.0,9.0,205.0,156.0,9076.0,21248.0,0.40735776232514465,0.41510468520174093,0.00195312,4.0,6400000.0
30.0,128.0,8.0,9.0,1041.0,826.0,37179.0,128320.0,0.5615679503947415,0.5680515837886942,0.25,1.0,6400000.0
1.0,128.0,8.0,1.0,1.0,1.0,543.0,32.0,-0.0030632107251067353,-0.0017650185808415486,16.0,4096.0,6400000.0
11.0,128.0,8.0,2.0,30.0,22.0,2384.0,2112.0,0.211815897449531,0.21820531799146736,16.0,16.0,6400000.0
128.0,128.0,8.0,9.0,5351.0,3940.0,182842.0,614016.0,0.7796893069494586,0.7907115707505663,0.015625,0.0,6400000.0
128.0,128.0,8.0,9.0,5282.0,3933.0,181415.0,612896.0,0.7908489293560115,0.7879381609457321,0.25,0.00390625,6400000.0
1.0,128.0,8.0,1.0,1.0,1.0,543.0,32.0,-0.0030632107251067353,-0.0017650185808415486,0.25,256.0,6400000.0
128.0,128.0,8.0,9.0,5282.0,3871.0,180202.0,602976.0,0.781902196969179,0.7806509378986248,0.5,0.0,6400000.0
8.0,128.0,8.0,2.0,22.0,16.0,1924.0,1536.0,0.184803559555608,0.19082719424152972,0.015625,32.0,6400000.0
1.0,128.0,8.0,1.0,1.0,1.0,543.0,32.0,-0.0030632107251067353,-0.0017650185808415486,0.015625,8192.0,6400000.0
1.0,1.0,8.0,9.0,61.0,31.0,3649.0,4832.0,0.07679340393426726,0.07829080149547585,0.03125,0.00390625,6400000.0
1.0,1.0,8.0,7.0,32.0,17.0,2876.0,2592.0,0.06793155274555407,0.0726023133722995,0.03125,2.0,6400000.0
50.0,128.0,8.0,9.0,2168.0,1550.0,73000.0,241600.0,0.7167983161434046,0.7167055568415222,0.5,0.125,6400000.0
1.0,128.0,8.0,1.0,1.0,1.0,543.0,32.0,-0.0030632107251067353,-0.0017650185808415486,0.00195312,1024.0,6400000.0
29.0,128.0,8.0,9.0,205.0,156.0,9076.0,21248.0,0.40735776232514465,0.41510468520174093,0.03125,4.0,6400000.0
1.0,1.0,8.0,1.0,1.0,1.0,543.0,32.0,-0.0030632107251067353,-0.0017650185808415486,0.0078125,8192.0,6400000.0
128.0,128.0,8.0,9.0,5150.0,3925.0,178500.0,611616.0,0.7766323065028219,0.784294205152058,0.03125,0.015625,6400000.0
51.0,128.0,8.0,9.0,2146.0,1523.0,71364.0,237152.0,0.7042908721591019,0.7061535339286464,0.015625,0.125,6400000.0
98.0,128.0,8.0,2.0,2534.0,2327.0,98883.0,359776.0,0.24553442550057292,0.25173319932655247,32.0,0.0078125,6400000.0
128.0,128.0,8.0,9.0,5150.0,3925.0,178500.0,611616.0,0.7766323065028219,0.784294205152058,0.00195312,0.015625,6400000.0
11.0,128.0,8.0,3.0,35.0,26.0,2559.0,2752.0,0.23801654357424562,0.2440154241847443,0.00390625,16.0,6400000.0
65.0,128.0,8.0,9.0,2747.0,1989.0,92896.0,309920.0,0.737781128329591,0.7386522182513137,0.00390625,0.0625,6400000.0
1.0,1.0,8.0,1.0,1.0,1.0,543.0,32.0,-0.0030632107251067353,-0.0017650185808415486,0.03125,1024.0,6400000.0
16.0,128.0,8.0,3.0,67.0,47.0,3700.0,5472.0,0.28428173420704106,0.29213228260301216,4.0,8.0,6400000.0
8.0,128.0,8.0,2.0,22.0,16.0,1924.0,1536.0,0.184803559555608,0.19082719424152972,0.5,32.0,6400000.0
23.0,128.0,8.0,2.0,96.0,78.0,5189.0,9536.0,0.25348208415856677,0.264691761708014,32.0,2.0,6400000.0
1.0,128.0,8.0,1.0,1.0,1.0,543.0,32.0,-0.0030632107251067353,-0.0017650185808415486,4.0,2048.0,6400000.0
41.0,128.0,8.0,9.0,1564.0,1204.0,54829.0,187392.0,0.675685504144018,0.6677501451569227,0.0625,0.5,6400000.0
1.0,128.0,8.0,1.0,1.0,1.0,543.0,32.0,-0.0030632107251067353,-0.0017650185808415486,0.5,8192.0,6400000.0
1.0,128.0,8.0,1.0,1.0,1.0,543.0,32.0,-0.0030632107251067353,-0.0017650185808415486,1.0,1024.0,6400000.0
119.0,128.0,8.0,3.0,3728.0,3262.0,140605.0,506688.0,0.30075090205855326,0.29982527178819507,8.0,0.00390625,6400000.0
1.0,128.0,8.0,1.0,1.0,1.0,543.0,32.0,-0.0030632107251067353,-0.0017650185808415486,32.0,512.0,6400000.0
1.0,128.0,8.0,1.0,1.0,1.0,543.0,32.0,-0.0030632107251067353,-0.0017650185808415486,0.03125,1024.0,6400000.0
22.0,128.0,8.0,8.0,171.0,127.0,7754.0,17504.0,0.3898532962522989,0.39380126212786304,1.0,4.0,6400000.0
128.0,128.0,8.0,9.0,5241.0,3870.0,179281.0,602816.0,0.7768809035751683,0.7874944665162851,0.00390625,0.000976562,6400000.0
1.0,1.0,8.0,9.0,61.0,31.0,3649.0,4832.0,0.07679340393426726,0.07829080149547585,0.015625,0.03125,6400000.0
43.0,128.0,8.0,9.0,1636.0,1276.0,57649.0,198656.0,0.6712591447910993,0.6622161201497598,2.0,0.5,6400000.0
107.0,128.0,8.0,9.0,4427.0,3297.0,152657.0,513824.0,0.7762367722206894,0.7858745707835144,1.0,0.015625,6400000.0
1.0,128.0,8.0,1.0,1.0,1.0,543.0,32.0,-0.0030632107251067353,-0.0017650185808415486,0.0625,128.0,6400000.0
1.0,128.0,8.0,1.0,1.0,1.0,543.0,32.0,-0.0030632107251067353,-0.0017650185808415486,0.0625,32768.0,6400000.0
1.0,128.0,8.0,1.0,1.0,1.0,543.0,32.0,-0.0030632107251067353,-0.0017650185808415486,0.00390625,4096.0,6400000.0
1.0,1.0,8.0,1.0,1.0,1.0,543.0,32.0,-0.0030632107251067353,-0.0017650185808415486,0.015625,1024.0,6400000.0
128.0,128.0,8.0,9.0,5301.0,3909.0,181298.0,609056.0,0.782956988560253,0.7912003270697794,0.0625,0.00195312,6400000.0
1.0,128.0,8.0,1.0,1.0,1.0,543.0,32.0,-0.0030632107251067353,-0.0017650185808415486,2.0,32768.0,6400000.0
34.0,128.0,8.0,9.0,461.0,362.0,17539.0,53568.0,0.4871949573852562,0.49102114603945524,0.0078125,2.0,6400000.0
1.0,128.0,8.0,1.0,1.0,1.0,543.0,32.0,-0.0030632107251067353,-0.0017650185808415486,8.0,256.0,6400000.0
128.0,128.0,8.0,9.0,5220.0,3862.0,178763.0,601536.0,0.7819473091195747,0.7807964835180536,2.0,0.00195312,6400000.0
72.0,128.0,8.0,9.0,2943.0,2166.0,100239.0,337344.0,0.7427629906807984,0.7448814976915925,0.125,0.0625,6400000.0
1.0,128.0,8.0,1.0,1.0,1.0,543.0,32.0,-0.0030632107251067353,-0.0017650185808415486,0.0078125,512.0,6400000.0
27.0,128.0,8.0,3.0,223.0,177.0,9469.0,24864.0,0.3226189820098575,0.33226569260685335,8.0,1.0,6400000.0
1.0,1.0,8.0,7.0,32.0,17.0,2876.0,2592.0,0.06793155274555407,0.0726023133722995,0.015625,2.0,6400000.0
128.0,128.0,8.0,9.0,5201.0,3902.0,178906.0,607936.0,0.7840877048316808,0.7822260072203876,0.0078125,0.0078125,6400000.0
11.0,128.0,8.0,3.0,35.0,26.0,2559.0,2752.0,0.23801654357424562,0.2440154241847443,0.125,16.0,6400000.0
78.0,128.0,8.0,8.0,3116.0,2372.0,108280.0,369536.0,0.682438497183283,0.6698490379108393,4.0,0.0625,6400000.0
1.0,128.0,8.0,1.0,1.0,1.0,543.0,32.0,-0.0030632107251067353,-0.0017650185808415486,2.0,128.0,6400000.0
128.0,128.0,8.0,2.0,3533.0,3300.0,138116.0,511616.0,0.24341130339324546,0.2483267630062218,64.0,0.000976562,6400000.0
36.0,128.0,8.0,3.0,1105.0,919.0,41439.0,142432.0,0.32477217990220264,0.33093988995308277,16.0,0.125,6400000.0
128.0,128.0,8.0,3.0,3953.0,3477.0,149267.0,539936.0,0.2940609592057374,0.29939882570829246,16.0,0.0,6400000.0
1.0,128.0,8.0,1.0,1.0,1.0,543.0,32.0,-0.0030632107251067353,-0.0017650185808415486,0.125,4096.0,6400000.0
33.0,128.0,8.0,9.0,477.0,373.0,18022.0,55456.0,0.48648237678754125,0.4966086889837822,0.25,2.0,6400000.0
30.0,128.0,8.0,2.0,240.0,210.0,10461.0,29760.0,0.25645278315202447,0.2688286878277909,64.0,0.25,6400000.0
1.0,128.0,8.0,1.0,1.0,1.0,543.0,32.0,-0.0030632107251067353,-0.0017650185808415486,16.0,8192.0,6400000.0
128.0,128.0,8.0,9.0,5185.0,3879.0,178353.0,604256.0,0.7821176109455277,0.7788717881070969,0.25,0.0078125,6400000.0
128.0,128.0,8.0,9.0,5241.0,3870.0,179281.0,602816.0,0.7768809035751683,0.7874944665162851,0.015625,0.000976562,6400000.0
8.0,128.0,8.0,2.0,22.0,16.0,1924.0,1536.0,0.184803559555608,0.19082719424152972,16.0,32.0,6400000.0
1.0,128.0,8.0,1.0,1.0,1.0,543.0,32.0,-0.0030632107251067353,-0.0017650185808415486,0.25,512.0,6400000.0
128.0,128.0,8.0,9.0,5348.0,3926.0,182785.0,611776.0,0.7805021658504611,0.7826634064843888,0.5,0.000976562,6400000.0
1.0,1.0,8.0,9.0,61.0,31.0,3649.0,4832.0,0.07679340393426726,0.07829080149547585,0.03125,0.0078125,6400000.0
1.0,1.0,8.0,4.0,13.0,7.0,1610.0,992.0,0.057805003399450605,0.060993872308649943,0.03125,4.0,6400000.0
16.0,128.0,8.0,3.0,67.0,47.0,3700.0,5472.0,0.28428173420704106,0.29213228260301216,0.03125,8.0,6400000.0
45.0,128.0,8.0,2.0,1321.0,1159.0,51449.0,179680.0,0.24935693130970082,0.2580753510772601,32.0,0.015625,6400000.0
43.0,128.0,8.0,9.0,1820.0,1333.0,62019.0,207776.0,0.6850279349113759,0.6951658200982608,0.015625,0.25,6400000.0
44.0,128.0,8.0,9.0,1841.0,1364.0,62785.0,212608.0,0.6969840787353565,0.6984176777343636,0.5,0.25,6400000.0
3.0,128.0,8.0,2.0,9.0,6.0,1295.0,576.0,0.10115259004895938,0.10346957106453547,0.015625,64.0,6400000.0
1.0,128.0,8.0,1.0,1.0,1.0,543.0,32.0,-0.0030632107251067353,-0.0017650185808415486,0.015625,16384.0,6400000.0
1.0,128.0,8.0,1.0,1.0,1.0,543.0,32.0,-0.0030632107251067353,-0.0017650185808415486,128.0,0.03125,6400000.0
1.0,128.0,8.0,1.0,1.0,1.0,543.0,32.0,-0.0030632107251067353,-0.0017650185808415486,64.0,64.0,6400000.0
8.0,128.0,8.0,2.0,22.0,16.0,1924.0,1536.0,0.184803559555608,0.19082719424152972,0.00390625,32.0,6400000.0
100.0,128.0,8.0,9.0,4007.0,3014.0,138599.0,469440.0,0.7529797050839018,0.7583606436081898,0.03125,0.03125,6400000.0
1.0,128.0,8.0,1.0,1.0,1.0,543.0,32.0,-0.0030632107251067353,-0.0017650185808415486,64.0,16384.0,6400000.0
51.0,128.0,8.0,9.0,2146.0,1523.0,71364.0,237152.0,0.7042908721591019,0.7061535339286464,0.00390625,0.125,6400000.0
1.0,1.0,8.0,1.0,1.0,1.0,543.0,32.0,-0.0030632107251067353,-0.0017650185808415486,0.03125,2048.0,6400000.0
11.0,128.0,8.0,3.0,35.0,26.0,2559.0,2752.0,0.23801654357424562,0.2440154241847443,4.0,16.0,6400000.0
3.0,128.0,8.0,2.0,9.0,6.0,1295.0,576.0,0.10115259004895938,0.10346957106453547,0.5,64.0,6400000.0
30.0,128.0,8.0,9.0,1041.0,826.0,37179.0,128320.0,0.5615679503947415,0.5680515837886942,0.0625,1.0,6400000.0
1.0,128.0,8.0,1.0,1.0,1.0,543.0,32.0,-0.0030632107251067353,-0.0017650185808415486,4.0,4096.0,6400000.0
20.0,128.0,8.0,2.0,81.0,65.0,4614.0,7840.0,0.25194387259795514,0.2611969990570394,32.0,4.0,6400000.0
1.0,128.0,8.0,1.0,1.0,1.0,543.0,32.0,-0.0030632107251067353,-0.0017650185808415486,0.5,16384.0,6400000.0
1.0,128.0,8.0,1.0,1.0,1.0,543.0,32.0,-0.0030632107251067353,-0.0017650185808415486,1.0,2048.0,6400000.0
16.0,128.0,8.0,3.0,67.0,47.0,3700.0,5472.0,0.28428173420704106,0.29213228260301216,1.0,8.0,6400000.0
1.0,128.0,8.0,1.0,1.0,1.0,543.0,32.0,-0.0030632107251067353,-0.0017650185808415486,0.03125,2048.0,6400000.0
1.0,128.0,8.0,1.0,1.0,1.0,543.0,32.0,-0.0030632107251067353,-0.0017650185808415486,32.0,1024.0,6400000.0
112.0,128.0,8.0,3.0,3574.0,3121.0,134760.0,485024.0,0.3060223571394254,0.29748613157490034,8.0,0.0078125,6400000.0
1.0,1.0,8.0,1.0,1.0,1.0,543.0,32.0,-0.0030632107251067353,-0.0017650185808415486,0.015625,2048.0,6400000.0
1.0,1.0,8.0,9.0,61.0,31.0,3649.0,4832.0,0.07679340393426726,0.07829080149547585,0.015625,0.0625,6400000.0
85.0,128.0,8.0,9.0,3590.0,2635.0,122693.0,410720.0,0.762286956464753,0.7663409114599194,1.0,0.03125,6400000.0
128.0,128.0,8.0,9.0,5301.0,3909.0,181298.0,609056.0,0.782956988560253,0.7912003270697794,0.00390625,0.00195312,6400000.0
37.0,128.0,8.0,9.0,1096.0,866.0,38861.0,133824.0,0.6012697614093943,0.6023594362402525,2.0,1.0,6400000.0
1.0,128.0,8.0,1.0,1.0,1.0,543.0,32.0,-0.0030632107251067353,-0.0017650185808415486,0.00390625,8192.0,6400000.0
1.0,128.0,8.0,1.0,1.0,1.0,543.0,32.0,-0.0030632107251067353,-0.0017650185808415486,0.0625,256.0,6400000.0
128.0,128.0,8.0,9.0,5240.0,3858.0,179214.0,600896.0,0.7828253405785173,0.7801241508612847,0.125,0.0,6400000.0
128.0,128.0,8.0,8.0,5094.0,3802.0,176223.0,591936.0,0.695264529575047,0.6815189672111741,4.0,0.0,6400000.0
1.0,128.0,8.0,1.0,1.0,1.0,543.0,32.0,-0.0030632107251067353,-0.0017650185808415486,8.0,512.0,6400000.0
29.0,128.0,8.0,9.0,205.0,156.0,9076.0,21248.0,0.40735776232514465,0.41510468520174093,0.0078125,4.0,6400000.0
61.0,128.0,8.0,9.0,2460.0,1832.0,84123.0,285312.0,0.7151762692251282,0.7220700658776642,0.125,0.125,6400000.0
22.0,128.0,8.0,3.0,168.0,129.0,7618.0,17824.0,0.316439177099364,0.32663957108145203,8.0,2.0,6400000.0
128.0,128.0,8.0,9.0,5219.0,3875.0,179572.0,603616.0,0.7687743329527793,0.7637114135351912,2.0,0.00390625,6400000.0
128.0,128.0,8.0,9.0,5233.0,3903.0,179835.0,608096.0,0.7786053526261695,0.784013686345588,0.0625,0.00390625,6400000.0
8.0,128.0,8.0,2.0,22.0,16.0,1924.0,1536.0,0.184803559555608,0.19082719424152972,0.125,32.0,6400000.0
128.0,128.0,8.0,9.0,5150.0,3925.0,178500.0,611616.0,0.7766323065028219,0.784294205152058,0.0078125,0.015625,6400000.0
1.0,128.0,8.0,1.0,1.0,1.0,543.0,32.0,-0.0030632107251067353,-0.0017650185808415486,0.0078125,1024.0,6400000.0
1.0,128.0,8.0,1.0,1.0,1.0,543.0,32.0,-0.0030632107251067353,-0.0017650185808415486,2.0,256.0,6400000.0
55.0,128.0,8.0,8.0,2251.0,1667.0,77420.0,259680.0,0.6477385579711674,0.6460036959657441,4.0,0.125,6400000.0
34.0,128.0,8.0,3.0,614.0,514.0,23726.0,77888.0,0.3258564075379592,0.332834297270022,16.0,0.25,6400000.0
77.0,128.0,8.0,2.0,2312.0,2093.0,90013.0,325024.0,0.24716040929160277,0.25284904346328285,64.0,0.00195312,6400000.0
1.0,1.0,8.0,4.0,13.0,7.0,1610.0,992.0,0.057805003399450605,0.060993872308649943,0.015625,4.0,6400000.0
128.0,128.0,8.0,3.0,4012.0,3543.0,151807.0,550496.0,0.2990005626689233,0.2998349962330369,16.0,0.000976562,6400000.0
1.0,128.0,8.0,1.0,1.0,1.0,543.0,32.0,-0.0030632107251067353,-0.0017650185808415486,0.125,8192.0,6400000.0
28.0,128.0,8.0,2.0,169.0,148.0,8044.0,20096.0,0.2583267179155011,0.26924795824128556,64.0,0.5,6400000.0
24.0,128.0,8.0,8.0,185.0,143.0,8565.0,19808.0,0.39665636436782115,0.40128732661303834,0.25,4.0,6400000.0
1.0,128.0,8.0,1.0,1.0,1.0,543.0,32.0,-0.0030632107251067353,-0.0017650185808415486,16.0,16384.0,6400000.0
3.0,128.0,8.0,2.0,9.0,6.0,1295.0,576.0,0.10115259004895938,0.10346957106453547,16.0,64.0,6400000.0
128.0,128.0,8.0,9.0,5301.0,3909.0,181298.0,609056.0,0.782956988560253,0.7912003270697794,0.015625,0.00195312,6400000.0
1.0,128.0,8.0,1.0,1.0,1.0,543.0,32.0,-0.0030632107251067353,-0.0017650185808415486,0.25,1024.0,6400000.0
128.0,128.0,8.0,9.0,5295.0,3898.0,181144.0,607296.0,0.7788989411288638,0.7776953095755713,0.5,0.00195312,6400000.0
1.0,1.0,8.0,9.0,61.0,31.0,3649.0,4832.0,0.07679340393426726,0.07829080149547585,0.03125,0.015625,6400000.0
128.0,128.0,8.0,9.0,5116.0,3911.0,178048.0,609376.0,0.779496975755172,0.781394999428314,0.25,0.015625,6400000.0
1.0,128.0,8.0,1.0,1.0,1.0,543.0,32.0,-0.0030632107251067353,-0.0017650185808415486,0.015625,128.0,6400000.0
1.0,128.0,8.0,1.0,1.0,1.0,543.0,32.0,-0.0030632107251067353,-0.0017650185808415486,128.0,0.0625,6400000.0
41.0,128.0,8.0,9.0,1644.0,1271.0,57427.0,198112.0,0.6806914690129744,0.6809367601432539,0.5,0.5,6400000.0
1.0,1.0,8.0,3.0,5.0,3.0,914.0,352.0,0.048146068319603885,0.051476191507202285,0.03125,8.0,6400000.0
41.0,128.0,8.0,9.0,1564.0,1204.0,54829.0,187392.0,0.675685504144018,0.6677501451569227,0.015625,0.5,6400000.0
43.0,128.0,8.0,2.0,956.0,831.0,36891.0,127456.0,0.2495036172878049,0.2599850696109003,32.0,0.03125,6400000.0
11.0,128.0,8.0,3.0,35.0,26.0,2559.0,2752.0,0.23801654357424562,0.2440154241847443,0.03125,16.0,6400000.0
1.0,128.0,8.0,1.0,1.0,1.0,543.0,32.0,-0.0030632107251067353,-0.0017650185808415486,0.015625,32768.0,6400000.0
1.0,128.0,8.0,1.0,1.0,1.0,543.0,32.0,-0.0030632107251067353,-0.0017650185808415486,64.0,32768.0,6400000.0
1.0,128.0,8.0,1.0,1.0,1.0,543.0,32.0,-0.0030632107251067353,-0.0017650185808415486,64.0,128.0,6400000.0
43.0,128.0,8.0,9.0,1820.0,1333.0,62019.0,207776.0,0.6850279349113759,0.6951658200982608,0.00390625,0.25,6400000.0
1.0,1.0,8.0,1.0,1.0,1.0,543.0,32.0,-0.0030632107251067353,-0.0017650185808415486,0.03125,4096.0,6400000.0
3.0,128.0,8.0,2.0,9.0,6.0,1295.0,576.0,0.10115259004895938,0.10346957106453547,0.00390625,64.0,6400000.0
8.0,128.0,8.0,2.0,22.0,16.0,1924.0,1536.0,0.184803559555608,0.19082719424152972,4.0,32.0,6400000.0
65.0,128.0,8.0,9.0,2747.0,1989.0,92896.0,309920.0,0.737781128329591,0.7386522182513137,0.03125,0.0625,6400000.0
1.0,128.0,8.0,1.0,1.0,1.0,543.0,32.0,-0.0030632107251067353,-0.0017650185808415486,0.5,128.0,6400000.0
15.0,128.0,8.0,2.0,47.0,34.0,3196.0,3520.0,0.23483331904090687,0.24244665993785774,32.0,8.0,6400000.0
34.0,128.0,8.0,9.0,461.0,362.0,17539.0,53568.0,0.4871949573852562,0.49102114603945524,0.0625,2.0,6400000.0
1.0,128.0,8.0,1.0,1.0,1.0,543.0,32.0,-0.0030632107251067353,-0.0017650185808415486,0.5,32768.0,6400000.0
1.0,128.0,8.0,1.0,1.0,1.0,543.0,32.0,-0.0030632107251067353,-0.0017650185808415486,4.0,8192.0,6400000.0
1.0,128.0,8.0,1.0,1.0,1.0,543.0,32.0,-0.0030632107251067353,-0.0017650185808415486,1.0,4096.0,6400000.0
11.0,128.0,8.0,3.0,35.0,26.0,2559.0,2752.0,0.23801654357424562,0.2440154241847443,1.0,16.0,6400000.0
1.0,128.0,8.0,1.0,1.0,1.0,543.0,32.0,-0.0030632107251067353,-0.0017650185808415486,32.0,2048.0,6400000.0
1.0,128.0,8.0,1.0,1.0,1.0,543.0,32.0,-0.0030632107251067353,-0.0017650185808415486,0.03125,4096.0,6400000.0
81.0,128.0,8.0,3.0,2733.0,2320.0,102246.0,360832.0,0.30248925094372847,0.30936647771784054,8.0,0.015625,6400000.0
1.0,1.0,8.0,1.0,1.0,1.0,543.0,32.0,-0.0030632107251067353,-0.0017650185808415486,0.015625,4096.0,6400000.0
26.0,128.0,8.0,8.0,413.0,314.0,16015.0,46912.0,0.4887672487728575,0.4936813378771219,2.0,2.0,6400000.0
67.0,128.0,8.0,9.0,2791.0,2048.0,95122.0,319104.0,0.7357470579161088,0.7357477125258471,1.0,0.0625,6400000.0
1.0,128.0,8.0,1.0,1.0,1.0,543.0,32.0,-0.0030632107251067353,-0.0017650185808415486,128.0,8.0,6400000.0
1.0,128.0,8.0,1.0,1.0,1.0,543.0,32.0,-0.0030632107251067353,-0.0017650185808415486,0.0625,512.0,6400000.0
128.0,128.0,8.0,8.0,5123.0,3828.0,177514.0,596096.0,0.6947338718436861,0.6775809263397129,4.0,0.000976562,6400000.0
1.0,128.0,8.0,1.0,1.0,1.0,543.0,32.0,-0.0030632107251067353,-0.0017650185808415486,8.0,1024.0,6400000.0
19.0,128.0,8.0,3.0,112.0,85.0,5565.0,11168.0,0.3078034380468804,0.3159020086450115,8.0,4.0,6400000.0
1.0,128.0,8.0,1.0,1.0,1.0,543.0,32.0,-0.0030632107251067353,-0.0017650185808415486,0.00390625,16384.0,6400000.0
16.0,128.0,8.0,3.0,67.0,47.0,3700.0,5472.0,0.28428173420704106,0.29213228260301216,0.0078125,8.0,6400000.0
128.0,128.0,8.0,9.0,5314.0,3911.0,182228.0,609376.0,0.780616219428316,0.7816105749944666,0.125,0.000976562,6400000.0
1.0,128.0,8.0,1.0,1.0,1.0,543.0,32.0,-0.0030632107251067353,-0.0017650185808415486,128.0,2048.0,6400000.0
1.0,128.0,8.0,1.0,1.0,1.0,543.0,32.0,-0.0030632107251067353,-0.0017650185808415486,2.0,512.0,6400000.0
43.0,128.0,8.0,9.0,1804.0,1333.0,61559.0,207776.0,0.6898004507178896,0.6900562968219308,0.125,0.25,6400000.0
32.0,128.0,8.0,3.0,346.0,289.0,14076.0,42144.0,0.33082847083562705,0.33835359326862824,16.0,0.5,6400000.0
1.0,128.0,8.0,1.0,1.0,1.0,543.0,32.0,-0.0030632107251067353,-0.0017650185808415486,0.0078125,2048.0,6400000.0
128.0,128.0,8.0,9.0,5182.0,3908.0,179119.0,608896.0,0.7781059043108457,0.7773517755161417,2.0,0.0078125,6400000.0
49.0,128.0,8.0,8.0,1932.0,1492.0,67617.0,232448.0,0.6546200980428775,0.6381220675305668,4.0,0.25,6400000.0
1.0,1.0,8.0,3.0,5.0,3.0,914.0,352.0,0.048146068319603885,0.051476191507202285,0.015625,8.0,6400000.0
100.0,128.0,8.0,9.0,4007.0,3014.0,138599.0,469440.0,0.7529797050839018,0.7583606436081898,0.0078125,0.03125,6400000.0
3.0,128.0,8.0,2.0,9.0,6.0,1295.0,576.0,0.10115259004895938,0.10346957106453547,0.125,64.0,6400000.0
1.0,128.0,8.0,1.0,1.0,1.0,543.0,32.0,-0.0030632107251067353,-0.0017650185808415486,0.125,16384.0,6400000.0
99.0,128.0,8.0,2.0,2755.0,2539.0,107581.0,393568.0,0.24479944744320392,0.250648548212702,64.0,0.00390625,6400000.0
128.0,128.0,8.0,3.0,4026.0,3553.0,152335.0,552096.0,0.290432241401656,0.2986650280350118,16.0,0.00195312,6400000.0
128.0,128.0,8.0,9.0,5201.0,3902.0,178906.0,607936.0,0.7840877048316808,0.7822260072203876,0.0625,0.0078125,6400000.0
16.0,128.0,8.0,3.0,67.0,47.0,3700.0,5472.0,0.28428173420704106,0.29213228260301216,0.25,8.0,6400000.0
25.0,128.0,8.0,2.0,113.0,94.0,5772.0,11840.0,0.25446652674505144,0.26625990280383205,64.0,1.0,6400000.0
1.0,128.0,8.0,1.0,1.0,1.0,543.0,32.0,-0.0030632107251067353,-0.0017650185808415486,16.0,32768.0,6400000.0
1.0,128.0,8.0,1.0,1.0,1.0,543.0,32.0,-0.0030632107251067353,-0.0017650185808415486,16.0,128.0,6400000.0
1.0,128.0,8.0,1.0,1.0,1.0,543.0,32.0,-0.0030632107251067353,-0.0017650185808415486,0.25,2048.0,6400000.0
128.0,128.0,8.0,9.0,5233.0,3903.0,179835.0,608096.0,0.7786053526261695,0.784013686345588,0.015625,0.00390625,6400000.0
128.0,128.0,8.0,9.0,5254.0,3927.0,180959.0,611936.0,0.787031255722867,0.7913084916151555,0.5,0.00390625,6400000.0
1.0,1.0,8.0,3.0,5.0,3.0,914.0,352.0,0.048146068319603885,0.051476191507202285,0.03125,16.0,6400000.0
35.0,128.0,8.0,9.0,1170.0,940.0,41902.0,145920.0,0.6093046697253826,0.6125519678384939,0.015625,1.0,6400000.0
1.0,1.0,8.0,9.0,61.0,31.0,3649.0,4832.0,0.07679340393426726,0.07829080149547585,0.03125,0.03125,6400000.0
43.0,128.0,8.0,2.0,726.0,634.0,28741.0,95936.0,0.24980045055688938,0.26173040333517594,32.0,0.0625,6400000.0
8.0,128.0,8.0,2.0,22.0,16.0,1924.0,1536.0,0.184803559555608,0.19082719424152972,0.03125,32.0,6400000.0
1.0,128.0,8.0,1.0,1.0,1.0,543.0,32.0,-0.0030632107251067353,-0.0017650185808415486,128.0,0.125,6400000.0
106.0,128.0,8.0,9.0,4139.0,3123.0,143026.0,486112.0,0.7686952849652512,0.7706918130792335,0.25,0.03125,6400000.0
36.0,128.0,8.0,9.0,1134.0,912.0,40303.0,141312.0,0.5929709476756271,0.5972258269288702,0.5,1.0,6400000.0
1.0,128.0,8.0,1.0,1.0,1.0,543.0,32.0,-0.0030632107251067353,-0.0017650185808415486,128.0,0.0,6400000.0
1.0,128.0,8.0,1.0,1.0,1.0,543.0,32.0,-0.0030632107251067353,-0.0017650185808415486,0.015625,256.0,6400000.0
41.0,128.0,8.0,9.0,1564.0,1204.0,54829.0,187392.0,0.675685504144018,0.6677501451569227,0.00390625,0.5,6400000.0
128.0,128.0,8.0,9.0,5351.0,3940.0,182842.0,614016.0,0.7796893069494586,0.7907115707505663,0.03125,0.0,6400000.0
1.0,128.0,8.0,1.0,1.0,1.0,543.0,32.0,-0.0030632107251067353,-0.0017650185808415486,64.0,256.0,6400000.0
1.0,128.0,8.0,1.0,1.0,1.0,543.0,32.0,-0.0030632107251067353,-0.0017650185808415486,0.00390625,128.0,6400000.0
1.0,1.0,8.0,1.0,1.0,1.0,543.0,32.0,-0.0030632107251067353,-0.0017650185808415486,0.03125,8192.0,6400000.0
51.0,128.0,8.0,9.0,2146.0,1523.0,71364.0,237152.0,0.7042908721591019,0.7061535339286464,0.03125,0.125,6400000.0
3.0,128.0,8.0,2.0,9.0,6.0,1295.0,576.0,0.10115259004895938,0.10346957106453547,4.0,64.0,6400000.0
11.0,128.0,8.0,2.0,30.0,22.0,2384.0,2112.0,0.211815897449531,0.21820531799146736,32.0,16.0,6400000.0
1.0,128.0,8.0,1.0,1.0,1.0,543.0,32.0,-0.0030632107251067353,-0.0017650185808415486,0.5,256.0,6400000.0
128.0,128.0,8.0,9.0,5340.0,3924.0,182052.0,611456.0,0.7854587738083701,0.7869825913891578,1.0,0.0,6400000.0
1.0,128.0,8.0,1.0,1.0,1.0,543.0,32.0,-0.0030632107251067353,-0.0017650185808415486,4.0,16384.0,6400000.0
29.0,128.0,8.0,9.0,205.0,156.0,9076.0,21248.0,0.40735776232514465,0.41510468520174093,0.0625,4.0,6400000.0
1.0,128.0,8.0,1.0,1.0,1.0,543.0,32.0,-0.0030632107251067353,-0.0017650185808415486,1.0,8192.0,6400000.0
1.0,128.0,8.0,1.0,1.0,1.0,543.0,32.0,-0.0030632107251067353,-0.0017650185808415486,0.03125,8192.0,6400000.0
8.0,128.0,8.0,2.0,22.0,16.0,1924.0,1536.0,0.184803559555608,0.19082719424152972,1.0,32.0,6400000.0
1.0,128.0,8.0,1.0,1.0,1.0,543.0,32.0,-0.0030632107251067353,-0.0017650185808415486,32.0,4096.0,6400000.0
1.0,1.0,8.0,1.0,1.0,1.0,543.0,32.0,-0.0030632107251067353,-0.0017650185808415486,0.015625,8192.0,6400000.0
26.0,128.0,8.0,8.0,176.0,132.0,8080.0,17792.0,0.39720646641485025,0.407163168521929,2.0,4.0,6400000.0
67.0,128.0,8.0,3.0,2215.0,1859.0,82861.0,288864.0,0.31168404775709957,0.3181703007035882,8.0,0.03125,6400000.0
1.0,128.0,8.0,1.0,1.0,1.0,543.0,32.0,-0.0030632107251067353,-0.0017650185808415486,0.0625,1024.0,6400000.0
1.0,128.0,8.0,1.0,1.0,1.0,543.0,32.0,-0.0030632107251067353,-0.0017650185808415486,128.0,16.0,6400000.0
1.0,128.0,8.0,1.0,1.0,1.0,543.0,32.0,-0.0030632107251067353,-0.0017650185808415486,8.0,2048.0,6400000.0
60.0,128.0,8.0,9.0,2310.0,1704.0,78529.0,264960.0,0.7138667131608694,0.7145507879439446,1.0,0.125,6400000.0
16.0,128.0,8.0,3.0,67.0,47.0,3700.0,5472.0,0.28428173420704106,0.29213228260301216,8.0,8.0,6400000.0
11.0,128.0,8.0,3.0,35.0,26.0,2559.0,2752.0,0.23801654357424562,0.2440154241847443,0.0078125,16.0,6400000.0
1.0,128.0,8.0,1.0,1.0,1.0,543.0,32.0,-0.0030632107251067353,-0.0017650185808415486,0.00390625,32768.0,6400000.0
128.0,128.0,8.0,8.0,5099.0,3821.0,177031.0,594976.0,0.6898691708541862,0.6788209913158044,4.0,0.00195312,6400000.0
25.0,128.0,8.0,3.0,226.0,182.0,9662.0,25920.0,0.32579409067695186,0.33377329909326503,16.0,1.0,6400000.0
1.0,128.0,8.0,1.0,1.0,1.0,543.0,32.0,-0.0030632107251067353,-0.0017650185808415486,2.0,1024.0,6400000.0
128.0,128.0,8.0,9.0,5235.0,3879.0,179599.0,604256.0,0.7702794612285148,0.7754633164574777,0.125,0.00195312,6400000.0
36.0,128.0,8.0,9.0,1401.0,1071.0,48791.0,166752.0,0.6178131966842346,0.6287000451115454,0.125,0.5,6400000.0
1.0,1.0,8.0,3.0,5.0,3.0,914.0,352.0,0.048146068319603885,0.051476191507202285,0.015625,16.0,6400000.0
1.0,128.0,8.0,1.0,1.0,1.0,543.0,32.0,-0.0030632107251067353,-0.0017650185808415486,128.0,4096.0,6400000.0
1.0,128.0,8.0,1.0,1.0,1.0,543.0,32.0,-0.0030632107251067353,-0.0017650185808415486,0.125,32768.0,6400000.0
65.0,128.0,8.0,9.0,2747.0,1989.0,92896.0,309920.0,0.737781128329591,0.7386522182513137,0.0078125,0.0625,6400000.0
1.0,128.0,8.0,1.0,1.0,1.0,543.0,32.0,-0.0030632107251067353,-0.0017650185808415486,0.125,128.0,6400000.0
98.0,128.0,8.0,2.0,2534.0,2327.0,98883.0,359776.0,0.24553442550057292,0.25173319932655247,64.0,0.0078125,6400000.0
128.0,128.0,8.0,9.0,5150.0,3925.0,178500.0,611616.0,0.7766323065028219,0.784294205152058,0.0625,0.015625,6400000.0
128.0,128.0,8.0,9.0,5099.0,3893.0,177660.0,606496.0,0.7736108318631854,0.7808006555385674,2.0,0.015625,6400000.0
39.0,128.0,8.0,8.0,1322.0,1021.0,46302.0,158368.0,0.610879012260807,0.6073632667824658,4.0,0.5,6400000.0
1.0,128.0,8.0,1.0,1.0,1.0,543.0,32.0,-0.0030632107251067353,-0.0017650185808415486,0.0078125,4096.0,6400000.0
23.0,128.0,8.0,2.0,96.0,78.0,5189.0,9536.0,0.25348208415856677,0.264691761708014,64.0,2.0,6400000.0
11.0,128.0,8.0,3.0,35.0,26.0,2559.0,2752.0,0.23801654357424562,0.2440154241847443,0.25,16.0,6400000.0
128.0,128.0,8.0,3.0,3951.0,3477.0,149172.0,539936.0,0.2977374660674398,0.29818187912671823,16.0,0.00390625,6400000.0
128.0,128.0,8.0,2.0,3728.0,3478.0,145625.0,540096.0,0.2436081849457835,0.24812361309324582,32.0,0.0,6400000.0
1.0,128.0,8.0,1.0,1.0,1.0,543.0,32.0,-0.0030632107251067353,-0.0017650185808415486,0.25,4096.0,6400000.0
1.0,128.0,8.0,1.0,1.0,1.0,543.0,32.0,-0.0030632107251067353,-0.0017650185808415486,16.0,256.0,6400000.0
128.0,128.0,8.0,9.0,5201.0,3902.0,178906.0,607936.0,0.7840877048316808,0.7822260072203876,0.015625,0.0078125,6400000.0
1.0,1.0,8.0,2.0,3.0,2.0,616.0,192.0,0.03911015413878083,0.040912063041146696,0.03125,32.0,6400000.0
1.0,1.0,8.0,9.0,61.0,31.0,3649.0,4832.0,0.07679340393426726,0.07829080149547585,0.03125,0.0625,6400000.0
34.0,128.0,8.0,9.0,461.0,362.0,17539.0,53568.0,0.4871949573852562,0.49102114603945524,0.015625,2.0,6400000.0
128.0,128.0,8.0,9.0,5264.0,3952.0,181504.0,615936.0,0.7785993242010195,0.7846746311778156,0.5,0.0078125,6400000.0
72.0,128.0,8.0,9.0,2943.0,2166.0,100239.0,337344.0,0.7427629906807984,0.7448814976915925,0.25,0.0625,6400000.0
1.0,128.0,8.0,1.0,1.0,1.0,543.0,32.0,-0.0030632107251067353,-0.0017650185808415486,128.0,0.25,6400000.0
3.0,128.0,8.0,2.0,9.0,6.0,1295.0,576.0,0.10115259004895938,0.10346957106453547,0.03125,64.0,6400000.0
1.0,128.0,8.0,1.0,1.0,1.0,543.0,32.0,-0.0030632107251067353,-0.0017650185808415486,128.0,0.000976562,6400000.0
1.0,128.0,8.0,1.0,1.0,1.0,543.0,32.0,-0.0030632107251067353,-0.0017650185808415486,0.015625,512.0,6400000.0
34.0,128.0,8.0,2.0,382.0,332.0,15840.0,48768.0,0.2525339229655874,0.2678891556422792,32.0,0.125,6400000.0
1.0,128.0,8.0,1.0,1.0,1.0,543.0,32.0,-0.0030632107251067353,-0.0017650185808415486,64.0,512.0,6400000.0
34.0,128.0,8.0,9.0,506.0,394.0,19100.0,58688.0,0.4888828787126642,0.4970038281883299,0.5,2.0,6400000.0
128.0,128.0,8.0,9.0,5241.0,3870.0,179281.0,602816.0,0.7768809035751683,0.7874944665162851,0.03125,0.000976562,6400000.0
1.0,1.0,8.0,1.0,1.0,1.0,543.0,32.0,-0.0030632107251067353,-0.0017650185808415486,0.03125,16384.0,6400000.0
43.0,128.0,8.0,9.0,1820.0,1333.0,62019.0,207776.0,0.6850279349113759,0.6951658200982608,0.03125,0.25,6400000.0
1.0,1.0,8.0,9.0,61.0,31.0,3649.0,4832.0,0.07679340393426726,0.07829080149547585,0.0625,0.0078125,6400000.0
1.0,128.0,8.0,1.0,1.0,1.0,543.0,32.0,-0.0030632107251067353,-0.0017650185808415486,4.0,128.0,6400000.0
1.0,128.0,8.0,1.0,1.0,1.0,543.0,32.0,-0.0030632107251067353,-0.0017650185808415486,256.0,0.00390625,6400000.0
8.0,128.0,8.0,2.0,22.0,16.0,1924.0,1536.0,0.184803559555608,0.19082719424152972,32.0,32.0,6400000.0
1.0,128.0,8.0,1.0,1.0,1.0,543.0,32.0,-0.0030632107251067353,-0.0017650185808415486,0.5,512.0,6400000.0
128.0,128.0,8.0,9.0,5275.0,3866.0,180558.0,602176.0,0.7788903359721671,0.7851744086562573,1.0,0.000976562,6400000.0
1.0,128.0,8.0,1.0,1.0,1.0,543.0,32.0,-0.0030632107251067353,-0.0017650185808415486,4.0,32768.0,6400000.0
16.0,128.0,8.0,3.0,67.0,47.0,3700.0,5472.0,0.28428173420704106,0.29213228260301216,0.0625,8.0,6400000.0
1.0,128.0,8.0,1.0,1.0,1.0,543.0,32.0,-0.0030632107251067353,-0.0017650185808415486,1.0,16384.0,6400000.0
1.0,128.0,8.0,1.0,1.0,1.0,543.0,32.0,-0.0030632107251067353,-0.0017650185808415486,32.0,8192.0,6400000.0
1.0,128.0,8.0,1.0,1.0,1.0,543.0,32.0,-0.0030632107251067353,-0.0017650185808415486,0.03125,16384.0,6400000.0
1.0,1.0,8.0,1.0,1.0,1.0,543.0,32.0,-0.0030632107251067353,-0.0017650185808415486,0.015625,16384.0,6400000.0
3.0,128.0,8.0,2.0,9.0,6.0,1295.0,576.0,0.10115259004895938,0.10346957106453547,1.0,64.0,6400000.0
16.0,128.0,8.0,3.0,67.0,47.0,3700.0,5472.0,0.28428173420704106,0.29213228260301216,2.0,8.0,6400000.0
45.0,128.0,8.0,3.0,1505.0,1241.0,56130.0,192800.0,0.31823448662706766,0.32871968207178914,8.0,0.0625,6400000.0
1.0,128.0,8.0,1.0,1.0,1.0,543.0,32.0,-0.0030632107251067353,-0.0017650185808415486,128.0,32.0,6400000.0
1.0,128.0,8.0,1.0,1.0,1.0,543.0,32.0,-0.0030632107251067353,-0.0017650185808415486,0.0625,2048.0,6400000.0
11.0,128.0,8.0,2.0,30.0,22.0,2384.0,2112.0,0.211815897449531,0.21820531799146736,8.0,16.0,6400000.0
128.0,128.0,8.0,8.0,5112.0,3852.0,177732.0,599936.0,0.687881463078806,0.6776120014383429,4.0,0.00390625,6400000.0
1.0,128.0,8.0,1.0,1.0,1.0,543.0,32.0,-0.0030632107251067353,-0.0017650185808415486,2.0,2048.0,6400000.0
43.0,128.0,8.0,9.0,1822.0,1333.0,62039.0,207776.0,0.6848788547899918,0.6843147043787022,1.0,0.25,6400000.0
1.0,128.0,8.0,1.0,1.0,1.0,543.0,32.0,-0.0030632107251067353,-0.0017650185808415486,8.0,4096.0,6400000.0
1.0,1.0,8.0,2.0,3.0,2.0,616.0,192.0,0.03911015413878083,0.040912063041146696,0.015625,32.0,6400000.0
1.0,128.0,8.0,1.0,1.0,1.0,543.0,32.0,-0.0030632107251067353,-0.0017650185808415486,256.0,1.0,6400000.0
1.0,128.0,8.0,1.0,1.0,1.0,543.0,32.0,-0.0030632107251067353,-0.0017650185808415486,512.0,0.0,6400000.0
1.0,128.0,8.0,1.0,1.0,1.0,543.0,32.0,-0.0030632107251067353,-0.0017650185808415486,256.0,256.0,6400000.0
24.0,128.0,8.0,3.0,160.0,127.0,7112.0,17248.0,0.3204285445846151,0.3289017834788842,16.0,2.0,6400000.0
128.0,128.0,8.0,9.0,5282.0,3933.0,181415.0,612896.0,0.7908489293560115,0.7879381609457321,0.125,0.00390625,6400000.0
30.0,128.0,8.0,9.0,1041.0,826.0,37179.0,128320.0,0.5615679503947415,0.5680515837886942,0.125,1.0,6400000.0
1.0,128.0,8.0,1.0,1.0,1.0,543.0,32.0,-0.0030632107251067353,-0.0017650185808415486,128.0,8192.0,6400000.0
128.0,128.0,8.0,9.0,5240.0,3858.0,179214.0,600896.0,0.7828253405785173,0.7801241508612847,0.25,0.0,6400000.0
1.0,128.0,8.0,1.0,1.0,1.0,543.0,32.0,-0.0030632107251067353,-0.0017650185808415486,0.125,256.0,6400000.0
8.0,128.0,8.0,2.0,22.0,16.0,1924.0,1536.0,0.184803559555608,0.19082719424152972,0.25,32.0,6400000.0
85.0,128.0,8.0,9.0,3551.0,2614.0,121388.0,407360.0,0.7546630222955727,0.7592172944098072,2.0,0.03125,6400000.0
45.0,128.0,8.0,2.0,1321.0,1159.0,51449.0,179680.0,0.24935693130970082,0.2580753510772601,64.0,0.015625,6400000.0
100.0,128.0,8.0,9.0,4007.0,3014.0,138599.0,469440.0,0.7529797050839018,0.7583606436081898,0.0625,0.03125,6400000.0
40.0,128.0,8.0,8.0,787.0,622.0,28519.0,94400.0,0.5578868547750927,0.556378315567797,4.0,1.0,6400000.0
1.0,128.0,8.0,1.0,1.0,1.0,543.0,32.0,-0.0030632107251067353,-0.0017650185808415486,512.0,0.125,6400000.0
20.0,128.0,8.0,2.0,81.0,65.0,4614.0,7840.0,0.25194387259795514,0.2611969990570394,64.0,4.0,6400000.0
103.0,128.0,8.0,3.0,3365.0,2904.0,126346.0,451456.0,0.29546971142931555,0.3031813200843919,16.0,0.0078125,6400000.0
128.0,128.0,8.0,2.0,3533.0,3300.0,138116.0,511616.0,0.24341130339324546,0.2483267630062218,32.0,0.000976562,6400000.0
1.0,128.0,8.0,1.0,1.0,1.0,543.0,32.0,-0.0030632107251067353,-0.0017650185808415486,0.25,8192.0,6400000.0
1.0,128.0,8.0,1.0,1.0,1.0,543.0,32.0,-0.0030632107251067353,-0.0017650185808415486,16.0,512.0,6400000.0
1.0,1.0,8.0,2.0,3.0,2.0,616.0,192.0,0.03911015413878083,0.040912063041146696,0.03125,64.0,6400000.0
1.0,128.0,8.0,1.0,1.0,1.0,543.0,32.0,-0.0030632107251067353,-0.0017650185808415486,512.0,32.0,6400000.0
1.0,1.0,8.0,9.0,61.0,31.0,3649.0,4832.0,0.07679340393426726,0.07829080149547585,0.03125,0.125,6400000.0
61.0,128.0,8.0,9.0,2460.0,1832.0,84123.0,285312.0,0.7151762692251282,0.7220700658776642,0.25,0.125,6400000.0
1.0,128.0,8.0,1.0,1.0,1.0,543.0,32.0,-0.0030632107251067353,-0.0017650185808415486,128.0,0.5,6400000.0
109.0,128.0,8.0,9.0,4491.0,3325.0,153792.0,518048.0,0.7797570705074406,0.7751239590897081,0.5,0.015625,6400000.0
1.0,1.0,8.0,1.0,1.0,1.0,543.0,32.0,-0.0030632107251067353,-0.0017650185808415486,0.03125,32768.0,6400000.0
1.0,128.0,8.0,1.0,1.0,1.0,543.0,32.0,-0.0030632107251067353,-0.0017650185808415486,128.0,0.00195312,6400000.0
1.0,128.0,8.0,1.0,1.0,1.0,543.0,32.0,-0.0030632107251067353,-0.0017650185808415486,512.0,8192.0,6400000.0
1.0,128.0,8.0,1.0,1.0,1.0,543.0,32.0,-0.0030632107251067353,-0.0017650185808415486,1024.0,0.015625,6400000.0
1.0,128.0,8.0,1.0,1.0,1.0,543.0,32.0,-0.0030632107251067353,-0.0017650185808415486,1024.0,4.0,6400000.0
22.0,128.0,8.0,8.0,190.0,139.0,8605.0,19424.0,0.3963758318179941,0.40794272548017085,0.5,4.0,6400000.0
1.0,128.0,8.0,1.0,1.0,1.0,543.0,32.0,-0.0030632107251067353,-0.0017650185808415486,64.0,1024.0,6400000.0
1.0,128.0,8.0,1.0,1.0,1.0,543.0,32.0,-0.0030632107251067353,-0.0017650185808415486,256.0,0.0078125,6400000.0
1.0,128.0,8.0,1.0,1.0,1.0,543.0,32.0,-0.0030632107251067353,-0.0017650185808415486,4.0,256.0,6400000.0
1.0,1.0,8.0,9.0,61.0,31.0,3649.0,4832.0,0.07679340393426726,0.07829080149547585,0.0625,0.015625,6400000.0
30.0,128.0,8.0,2.0,240.0,210.0,10461.0,29760.0,0.25645278315202447,0.2688286878277909,32.0,0.25,6400000.0
1.0,128.0,8.0,1.0,1.0,1.0,543.0,32.0,-0.0030632107251067353,-0.0017650185808415486,0.5,1024.0,6400000.0
1.0,128.0,8.0,1.0,1.0,1.0,543.0,32.0,-0.0030632107251067353,-0.0017650185808415486,1024.0,1024.0,6400000.0
1.0,128.0,8.0,1.0,1.0,1.0,543.0,32.0,-0.0030632107251067353,-0.0017650185808415486,2048.0,0.00195312,6400000.0
3.0,128.0,8.0,2.0,9.0,6.0,1295.0,576.0,0.10115259004895938,0.10346957106453547,32.0,64.0,6400000.0
128.0,128.0,8.0,9.0,5233.0,3881.0,179307.0,604576.0,0.7754427801319568,0.7759789427115653,1.0,0.00195312,6400000.0
128.0,128.0,8.0,3.0,3920.0,3445.0,147893.0,534816.0,0.29630306463716904,0.3017794107114097,8.0,0.0,6400000.0
1.0,128.0,8.0,1.0,1.0,1.0,543.0,32.0,-0.0030632107251067353,-0.0017650185808415486,1.0,32768.0,6400000.0
1.0,1.0,8.0,3.0,5.0,3.0,914.0,352.0,0.048146068319603885,0.051476191507202285,0.0625,8.0,6400000.0
1.0,128.0,8.0,1.0,1.0,1.0,543.0,32.0,-0.0030632107251067353,-0.0017650185808415486,32.0,16384.0,6400000.0
1.0,128.0,8.0,1.0,1.0,1.0,543.0,32.0,-0.0030632107251067353,-0.0017650185808415486,2048.0,0.5,6400000.0
1.0,1.0,8.0,1.0,1.0,1.0,543.0,32.0,-0.0030632107251067353,-0.0017650185808415486,0.015625,32768.0,6400000.0
1.0,128.0,8.0,1.0,1.0,1.0,543.0,32.0,-0.0030632107251067353,-0.0017650185808415486,1.0,128.0,6400000.0
11.0,128.0,8.0,3.0,35.0,26.0,2559.0,2752.0,0.23801654357424562,0.2440154241847443,2.0,16.0,6400000.0
36.0,128.0,8.0,3.0,1102.0,920.0,41226.0,142592.0,0.32308558791093367,0.3273446300342435,8.0,0.125,6400000.0
1.0,128.0,8.0,1.0,1.0,1.0,543.0,32.0,-0.0030632107251067353,-0.0017650185808415486,128.0,64.0,6400000.0
8.0,128.0,8.0,2.0,22.0,16.0,1924.0,1536.0,0.184803559555608,0.19082719424152972,8.0,32.0,6400000.0
1.0,128.0,8.0,1.0,1.0,1.0,543.0,32.0,-0.0030632107251067353,-0.0017650185808415486,2048.0,128.0,6400000.0
1.0,128.0,8.0,1.0,1.0,1.0,543.0,32.0,-0.0030632107251067353,-0.0017650185808415486,2.0,4096.0,6400000.0
128.0,128.0,8.0,8.0,5089.0,3852.0,177703.0,599936.0,0.6968796815998488,0.6818057493024445,4.0,0.0078125,6400000.0
46.0,128.0,8.0,9.0,1652.0,1315.0,58657.0,204512.0,0.66277415214737,0.6694111032566277,1.0,0.5,6400000.0
1.0,1.0,8.0,2.0,3.0,2.0,616.0,192.0,0.03911015413878083,0.040912063041146696,0.015625,64.0,6400000.0
1.0,128.0,8.0,1.0,1.0,1.0,543.0,32.0,-0.0030632107251067353,-0.0017650185808415486,8.0,8192.0,6400000.0
1.0,128.0,8.0,1.0,1.0,1.0,543.0,32.0,-0.0030632107251067353,-0.0017650185808415486,256.0,512.0,6400000.0
1.0,128.0,8.0,1.0,1.0,1.0,543.0,32.0,-0.0030632107251067353,-0.0017650185808415486,256.0,2.0,6400000.0
43.0,128.0,8.0,2.0,956.0,831.0,36891.0,127456.0,0.2495036172878049,0.2599850696109003,64.0,0.03125,6400000.0
19.0,128.0,8.0,3.0,110.0,83.0,5428.0,10848.0,0.3078232849852275,0.3144164768351574,16.0,4.0,6400000.0
1.0,128.0,8.0,1.0,1.0,1.0,543.0,32.0,-0.0030632107251067353,-0.0017650185808415486,512.0,0.000976562,6400000.0
1.0,128.0,8.0,1.0,1.0,1.0,543.0,32.0,-0.0030632107251067353,-0.0017650185808415486,512.0,0.25,6400000.0
73.0,128.0,8.0,9.0,3078.0,2253.0,105238.0,351136.0,0.7347232622318485,0.7380099716352316,2.0,0.0625,6400000.0
1.0,128.0,8.0,1.0,1.0,1.0,543.0,32.0,-0.0030632107251067353,-0.0017650185808415486,128.0,16384.0,6400000.0
1.0,128.0,8.0,1.0,1.0,1.0,543.0,32.0,-0.0030632107251067353,-0.0017650185808415486,8192.0,2.0,6400000.0
1.0,128.0,8.0,1.0,1.0,1.0,543.0,32.0,-0.0030632107251067353,-0.0017650185808415486,2048.0,32768.0,6400000.0
1.0,128.0,8.0,1.0,1.0,1.0,543.0,32.0,-0.0030632107251067353,-0.0017650185808415486,4096.0,16.0,6400000.0
38.0,128.0,8.0,8.0,406.0,318.0,15819.0,46016.0,0.47576234244592086,0.49153770398285,4.0,2.0,6400000.0
15.0,128.0,8.0,2.0,47.0,34.0,3196.0,3520.0,0.23483331904090687,0.24244665993785774,64.0,8.0,6400000.0
1.0,128.0,8.0,1.0,1.0,1.0,543.0,32.0,-0.0030632107251067353,-0.0017650185808415486,4096.0,4096.0,6400000.0
1.0,128.0,8.0,1.0,1.0,1.0,543.0,32.0,-0.0030632107251067353,-0.0017650185808415486,8192.0,0.0078125,6400000.0
77.0,128.0,8.0,2.0,2312.0,2093.0,90013.0,325024.0,0.24716040929160277,0.25284904346328285,32.0,0.00195312,6400000.0
90.0,128.0,8.0,3.0,2885.0,2476.0,108255.0,384640.0,0.2973978305559202,0.3109882654113394,16.0,0.015625,6400000.0
1.0,128.0,8.0,1.0,1.0,1.0,543.0,32.0,-0.0030632107251067353,-0.0017650185808415486,4096.0,0.0625,6400000.0
1.0,128.0,8.0,1.0,1.0,1.0,543.0,32.0,-0.0030632107251067353,-0.0017650185808415486,16.0,1024.0,6400000.0
1.0,128.0,8.0,1.0,1.0,1.0,543.0,32.0,-0.0030632107251067353,-0.0017650185808415486,8192.0,512.0,6400000.0
1.0,1.0,8.0,1.0,1.0,1.0,543.0,32.0,-0.0030632107251067353,-0.0017650185808415486,0.03125,128.0,6400000.0
1.0,128.0,8.0,1.0,1.0,1.0,543.0,32.0,-0.0030632107251067353,-0.0017650185808415486,512.0,64.0,6400000.0
1.0,1.0,8.0,9.0,61.0,31.0,3649.0,4832.0,0.07679340393426726,0.07829080149547585,0.03125,0.25,6400000.0
1.0,128.0,8.0,1.0,1.0,1.0,543.0,32.0,-0.0030632107251067353,-0.0017650185808415486,128.0,1.0,6400000.0
1.0,128.0,8.0,1.0,1.0,1.0,543.0,32.0,-0.0030632107251067353,-0.0017650185808415486,16384.0,0.000976562,6400000.0
1.0,1.0,8.0,9.0,61.0,31.0,3649.0,4832.0,0.07679340393426726,0.07829080149547585,0.0625,0.0,6400000.0
1.0,128.0,8.0,1.0,1.0,1.0,543.0,32.0,-0.0030632107251067353,-0.0017650185808415486,1024.0,0.03125,6400000.0
1.0,128.0,8.0,1.0,1.0,1.0,543.0,32.0,-0.0030632107251067353,-0.0017650185808415486,512.0,16384.0,6400000.0
1.0,128.0,8.0,1.0,1.0,1.0,543.0,32.0,-0.0030632107251067353,-0.0017650185808415486,1024.0,8.0,6400000.0
1.0,128.0,8.0,1.0,1.0,1.0,543.0,32.0,-0.0030632107251067353,-0.0017650185808415486,64.0,2048.0,6400000.0
1.0,128.0,8.0,1.0,1.0,1.0,543.0,32.0,-0.0030632107251067353,-0.0017650185808415486,256.0,0.015625,6400000.0
1.0,128.0,8.0,1.0,1.0,1.0,543.0,32.0,-0.0030632107251067353,-0.0017650185808415486,128.0,0.00390625,6400000.0
1.0,128.0,8.0,1.0,1.0,1.0,543.0,32.0,-0.0030632107251067353,-0.0017650185808415486,4.0,512.0,6400000.0
1.0,1.0,8.0,9.0,61.0,31.0,3649.0,4832.0,0.07679340393426726,0.07829080149547585,0.0625,0.03125,6400000.0
28.0,128.0,8.0,2.0,169.0,148.0,8044.0,20096.0,0.2583267179155011,0.26924795824128556,32.0,0.5,6400000.0
1.0,128.0,8.0,1.0,1.0,1.0,543.0,32.0,-0.0030632107251067353,-0.0017650185808415486,2048.0,0.00390625,6400000.0
1.0,1.0,1.0,1.0,1.0,1.0,35.0,32.0,-0.0030632107251067353,-0.0017650185808415486,0.125,8192.0,6400000.0
1.0,1.0,8.0,1.0,1.0,1.0,543.0,32.0,-0.0030632107251067353,-0.0017650185808415486,0.0625,8192.0,6400000.0
1.0,128.0,8.0,1.0,1.0,1.0,543.0,32.0,-0.0030632107251067353,-0.0017650185808415486,1024.0,2048.0,6400000.0
1.0,128.0,8.0,1.0,1.0,1.0,543.0,32.0,-0.0030632107251067353,-0.0017650185808415486,16384.0,0.25,6400000.0
1.0,128.0,8.0,1.0,1.0,1.0,543.0,32.0,-0.0030632107251067353,-0.0017650185808415486,32.0,128.0,6400000.0
128.0,128.0,8.0,3.0,4026.0,3552.0,152358.0,551936.0,0.30043715957407147,0.29795272505049253,8.0,0.000976562,6400000.0
1.0,1.0,8.0,3.0,5.0,3.0,914.0,352.0,0.048146068319603885,0.051476191507202285,0.0625,16.0,6400000.0
1.0,128.0,8.0,1.0,1.0,1.0,543.0,32.0,-0.0030632107251067353,-0.0017650185808415486,16384.0,16384.0,6400000.0
1.0,128.0,8.0,1.0,1.0,1.0,543.0,32.0,-0.0030632107251067353,-0.0017650185808415486,16384.0,64.0,6400000.0
1.0,128.0,8.0,1.0,1.0,1.0,543.0,32.0,-0.0030632107251067353,-0.0017650185808415486,32.0,32768.0,6400000.0
1.0,1.0,8.0,9.0,61.0,31.0,3649.0,4832.0,0.07679340393426726,0.07829080149547585,0.03125,0.0,6400000.0
34.0,128.0,8.0,3.0,679.0,569.0,25857.0,86688.0,0.32889219929449165,0.3373438448045518,8.0,0.25,6400000.0
1.0,128.0,8.0,1.0,1.0,1.0,543.0,32.0,-0.0030632107251067353,-0.0017650185808415486,2048.0,1.0,6400000.0
1.0,128.0,8.0,1.0,1.0,1.0,543.0,32.0,-0.0030632107251067353,-0.0017650185808415486,128.0,128.0,6400000.0
3.0,128.0,8.0,2.0,9.0,6.0,1295.0,576.0,0.10115259004895938,0.10346957106453547,8.0,64.0,6400000.0
1.0,128.0,8.0,1.0,1.0,1.0,543.0,32.0,-0.0030632107251067353,-0.0017650185808415486,32768.0,8.0,6400000.0
1.0,128.0,8.0,1.0,1.0,1.0,543.0,32.0,-0.0030632107251067353,-0.0017650185808415486,32768.0,0.03125,6400000.0
1.0,128.0,8.0,1.0,1.0,1.0,543.0,32.0,-0.0030632107251067353,-0.0017650185808415486,2048.0,256.0,6400000.0
1.0,128.0,8.0,1.0,1.0,1.0,543.0,32.0,-0.0030632107251067353,-0.0017650185808415486,256.0,1024.0,6400000.0
1.0,128.0,8.0,1.0,1.0,1.0,543.0,32.0,-0.0030632107251067353,-0.0017650185808415486,256.0,4.0,6400000.0
1.0,128.0,8.0,1.0,1.0,1.0,543.0,32.0,-0.0030632107251067353,-0.0017650185808415486,32768.0,2048.0,6400000.0
43.0,128.0,8.0,2.0,726.0,634.0,28741.0,95936.0,0.24980045055688938,0.26173040333517594,64.0,0.0625,6400000.0
256.0,256.0,1.0,9.0,617.0,512.0,19367.0,49152.0,0.4130315402625524,0.4350278658279013,0.0,0.000976562,6400000.0
244.0,256.0,1.0,9.0,583.0,488.0,18422.0,46848.0,0.41213067270885373,0.4344394492631649,0.0,0.25,6400000.0
1.0,128.0,8.0,1.0,1.0,1.0,543.0,32.0,-0.0030632107251067353,-0.0017650185808415486,512.0,0.00195312,6400000.0
1.0,128.0,8.0,1.0,1.0,1.0,543.0,32.0,-0.0030632107251067353,-0.0017650185808415486,8.0,16384.0,6400000.0
15.0,128.0,8.0,2.0,47.0,34.0,3196.0,3520.0,0.23483331904090687,0.24244665993785774,16.0,8.0,6400000.0
256.0,256.0,1.0,9.0,614.0,512.0,19334.0,49152.0,0.41295206936469486,0.4356009179025805,0.0,0.015625,6400000.0
1.0,128.0,8.0,1.0,1.0,1.0,543.0,32.0,-0.0030632107251067353,-0.0017650185808415486,128.0,32768.0,6400000.0
1.0,128.0,8.0,1.0,1.0,1.0,543.0,32.0,-0.0030632107251067353,-0.0017650185808415486,512.0,0.5,6400000.0
1.0,128.0,8.0,1.0,1.0,1.0,543.0,32.0,-0.0030632107251067353,-0.0017650185808415486,4096.0,8192.0,6400000.0
1.0,128.0,8.0,1.0,1.0,1.0,543.0,32.0,-0.0030632107251067353,-0.0017650185808415486,8192.0,0.015625,6400000.0
11.0,128.0,8.0,2.0,30.0,22.0,2384.0,2112.0,0.211815897449531,0.21820531799146736,64.0,16.0,6400000.0
1.0,128.0,8.0,1.0,1.0,1.0,543.0,32.0,-0.0030632107251067353,-0.0017650185808415486,4096.0,32.0,6400000.0
1.0,128.0,8.0,1.0,1.0,1.0,543.0,32.0,-0.0030632107251067353,-0.0017650185808415486,8192.0,4.0,6400000.0
1.0,128.0,8.0,1.0,1.0,1.0,543.0,32.0,-0.0030632107251067353,-0.0017650185808415486,4096.0,0.0,6400000.0
1.0,128.0,8.0,1.0,1.0,1.0,543.0,32.0,-0.0030632107251067353,-0.0017650185808415486,8192.0,1024.0,6400000.0
52.0,256.0,1.0,7.0,135.0,104.0,4084.0,9984.0,0.3374920860243603,0.35184392779643947,0.0,4.0,6400000.0
1.0,128.0,8.0,1.0,1.0,1.0,543.0,32.0,-0.0030632107251067353,-0.0017650185808415486,4096.0,0.125,6400000.0
110.0,128.0,8.0,3.0,3260.0,2859.0,123376.0,443360.0,0.2927067018492395,0.30618059345138315,16.0,0.03125,6400000.0
99.0,128.0,8.0,2.0,2755.0,2539.0,107581.0,393568.0,0.24479944744320392,0.250648548212702,32.0,0.00390625,6400000.0
1.0,128.0,8.0,1.0,1.0,1.0,543.0,32.0,-0.0030632107251067353,-0.0017650185808415486,16.0,2048.0,6400000.0
1.0,1.0,8.0,9.0,61.0,31.0,3623.0,4832.0,0.07725628814949692,0.07811131153702688,0.125,0.0625,6400000.0
1.0,1.0,8.0,1.0,1.0,1.0,543.0,32.0,-0.0030632107251067353,-0.0017650185808415486,0.03125,256.0,6400000.0
1.0,128.0,8.0,1.0,1.0,1.0,543.0,32.0,-0.0030632107251067353,-0.0017650185808415486,512.0,128.0,6400000.0
1.0,1.0,8.0,9.0,61.0,31.0,3649.0,4832.0,0.07679340393426726,0.07829080149547585,0.03125,0.5,6400000.0
1.0,1.0,8.0,9.0,61.0,31.0,3649.0,4832.0,0.07679340393426726,0.07829080149547585,0.0625,0.000976562,6400000.0
1.0,128.0,8.0,1.0,1.0,1.0,543.0,32.0,-0.0030632107251067353,-0.0017650185808415486,1024.0,0.0625,6400000.0
1.0,128.0,8.0,1.0,1.0,1.0,543.0,32.0,-0.0030632107251067353,-0.0017650185808415486,128.0,2.0,6400000.0
1.0,128.0,8.0,1.0,1.0,1.0,543.0,32.0,-0.0030632107251067353,-0.0017650185808415486,128.0,0.0078125,6400000.0
1.0,128.0,8.0,1.0,1.0,1.0,543.0,32.0,-0.0030632107251067353,-0.0017650185808415486,64.0,4096.0,6400000.0
1.0,128.0,8.0,1.0,1.0,1.0,543.0,32.0,-0.0030632107251067353,-0.0017650185808415486,1024.0,16.0,6400000.0
1.0,128.0,8.0,1.0,1.0,1.0,543.0,32.0,-0.0030632107251067353,-0.0017650185808415486,256.0,0.03125,6400000.0
1.0,128.0,8.0,1.0,1.0,1.0,543.0,32.0,-0.0030632107251067353,-0.0017650185808415486,512.0,32768.0,6400000.0
1.0,1.0,1.0,1.0,1.0,1.0,35.0,32.0,-0.0030632107251067353,-0.0017650185808415486,0.125,16384.0,6400000.0
1.0,128.0,8.0,1.0,1.0,1.0,543.0,32.0,-0.0030632107251067353,-0.0017650185808415486,16384.0,0.00195312,6400000.0
1.0,1.0,8.0,9.0,61.0,31.0,3649.0,4832.0,0.07679340393426726,0.07829080149547585,0.0625,0.0625,6400000.0
1.0,128.0,8.0,1.0,1.0,1.0,543.0,32.0,-0.0030632107251067353,-0.0017650185808415486,2048.0,0.0078125,6400000.0
1.0,128.0,8.0,1.0,1.0,1.0,543.0,32.0,-0.0030632107251067353,-0.0017650185808415486,1024.0,4096.0,6400000.0
1.0,128.0,8.0,1.0,1.0,1.0,543.0,32.0,-0.0030632107251067353,-0.0017650185808415486,32.0,256.0,6400000.0
25.0,128.0,8.0,2.0,113.0,94.0,5772.0,11840.0,0.25446652674505144,0.26625990280383205,32.0,1.0,6400000.0
1.0,128.0,8.0,1.0,1.0,1.0,543.0,32.0,-0.0030632107251067353,-0.0017650185808415486,16384.0,0.5,6400000.0
3.0,256.0,1.0,2.0,9.0,6.0,279.0,576.0,0.10115259004895938,0.10346957106453547,0.0,64.0,6400000.0
1.0,1.0,8.0,1.0,1.0,1.0,543.0,32.0,-0.0030632107251067353,-0.0017650185808415486,0.0625,16384.0,6400000.0
1.0,1.0,8.0,2.0,3.0,2.0,616.0,192.0,0.03911015413878083,0.040912063041146696,0.0625,32.0,6400000.0
1.0,256.0,1.0,1.0,1.0,1.0,35.0,32.0,-0.0030632107251067353,-0.0017650185808415486,0.0,1024.0,6400000.0
1.0,128.0,8.0,1.0,1.0,1.0,543.0,32.0,-0.0030632107251067353,-0.0017650185808415486,16384.0,32768.0,6400000.0
1.0,128.0,8.0,1.0,1.0,1.0,543.0,32.0,-0.0030632107251067353,-0.0017650185808415486,16384.0,128.0,6400000.0
128.0,128.0,8.0,2.0,3728.0,3478.0,145625.0,540096.0,0.2436081849457835,0.24812361309324582,64.0,0.0,6400000.0
1.0,128.0,8.0,1.0,1.0,1.0,543.0,32.0,-0.0030632107251067353,-0.0017650185808415486,2048.0,2.0,6400000.0
256.0,256.0,1.0,9.0,617.0,512.0,19367.0,49152.0,0.4130317071760382,0.4350294547320831,0.000976562,0.00195312,6400000.0
1.0,128.0,8.0,1.0,1.0,1.0,543.0,32.0,-0.0030632107251067353,-0.0017650185808415486,32768.0,16.0,6400000.0
1.0,128.0,8.0,1.0,1.0,1.0,543.0,32.0,-0.0030632107251067353,-0.0017650185808415486,32768.0,0.0625,6400000.0
1.0,256.0,1.0,1.0,1.0,1.0,35.0,32.0,-0.0030632107251067353,-0.0017650185808415486,0.0,16384.0,6400000.0
1.0,128.0,8.0,1.0,1.0,1.0,543.0,32.0,-0.0030632107251067353,-0.0017650185808415486,128.0,256.0,6400000.0
1.0,128.0,8.0,1.0,1.0,1.0,543.0,32.0,-0.0030632107251067353,-0.0017650185808415486,2048.0,512.0,6400000.0
1.0,128.0,8.0,1.0,1.0,1.0,543.0,32.0,-0.0030632107251067353,-0.0017650185808415486,256.0,2048.0,6400000.0
256.0,256.0,1.0,9.0,614.0,512.0,19334.0,49152.0,0.41311891635118136,0.43551359799364253,0.000976562,0.03125,6400000.0
1.0,128.0,8.0,1.0,1.0,1.0,543.0,32.0,-0.0030632107251067353,-0.0017650185808415486,256.0,8.0,6400000.0
1.0,128.0,8.0,1.0,1.0,1.0,543.0,32.0,-0.0030632107251067353,-0.0017650185808415486,32768.0,4096.0,6400000.0
34.0,128.0,8.0,2.0,382.0,332.0,15840.0,48768.0,0.2525339229655874,0.2678891556422792,64.0,0.125,6400000.0
210.0,256.0,1.0,9.0,502.0,420.0,15863.0,40320.0,0.4090680650472993,0.4309872471608537,0.0,0.5,6400000.0
256.0,256.0,1.0,9.0,617.0,512.0,19367.0,49152.0,0.4130317071760382,0.4350294547320831,0.0,0.00195312,6400000.0
1.0,128.0,8.0,1.0,1.0,1.0,543.0,32.0,-0.0030632107251067353,-0.0017650185808415486,256.0,0.0,6400000.0
1.0,128.0,8.0,1.0,1.0,1.0,543.0,32.0,-0.0030632107251067353,-0.0017650185808415486,512.0,0.00390625,6400000.0
256.0,256.0,1.0,9.0,614.0,512.0,19334.0,49152.0,0.41311891635118136,0.43551359799364253,0.0,0.03125,6400000.0
1.0,128.0,8.0,1.0,1.0,1.0,543.0,32.0,-0.0030632107251067353,-0.0017650185808415486,512.0,1.0,6400000.0
8.0,128.0,8.0,2.0,22.0,16.0,1924.0,1536.0,0.184803559555608,0.19082719424152972,64.0,32.0,6400000.0
1.0,128.0,8.0,1.0,1.0,1.0,543.0,32.0,-0.0030632107251067353,-0.0017650185808415486,8192.0,0.03125,6400000.0
210.0,256.0,1.0,9.0,502.0,420.0,15863.0,40320.0,0.4090680650472993,0.4309872471608537,0.000976562,0.5,6400000.0
1.0,128.0,8.0,1.0,1.0,1.0,543.0,32.0,-0.0030632107251067353,-0.0017650185808415486,4096.0,0.000976562,6400000.0
1.0,128.0,8.0,1.0,1.0,1.0,543.0,32.0,-0.0030632107251067353,-0.0017650185808415486,8192.0,8.0,6400000.0
22.0,256.0,1.0,3.0,61.0,44.0,1728.0,4224.0,0.27209781390772547,0.2796723898647334,0.000976562,8.0,6400000.0
1.0,128.0,8.0,1.0,1.0,1.0,543.0,32.0,-0.0030632107251067353,-0.0017650185808415486,4096.0,16384.0,6400000.0
1.0,128.0,8.0,1.0,1.0,1.0,543.0,32.0,-0.0030632107251067353,-0.0017650185808415486,4096.0,64.0,6400000.0
1.0,128.0,8.0,1.0,1.0,1.0,543.0,32.0,-0.0030632107251067353,-0.0017650185808415486,4096.0,0.25,6400000.0
1.0,128.0,8.0,1.0,1.0,1.0,543.0,32.0,-0.0030632107251067353,-0.0017650185808415486,8192.0,2048.0,6400000.0
1.0,1.0,8.0,9.0,61.0,31.0,3623.0,4832.0,0.07725628814949692,0.07811131153702688,0.125,0.125,6400000.0
22.0,256.0,1.0,3.0,61.0,44.0,1728.0,4224.0,0.27209781390772547,0.2796723898647334,0.0,8.0,6400000.0
1.0,1.0,8.0,1.0,1.0,1.0,543.0,32.0,-0.0030632107251067353,-0.0017650185808415486,0.03125,512.0,6400000.0
1.0,256.0,1.0,1.0,1.0,1.0,35.0,32.0,-0.0030632107251067353,-0.0017650185808415486,0.000976562,2048.0,6400000.0
1.0,256.0,1.0,1.0,1.0,1.0,35.0,32.0,-0.0030632107251067353,-0.0017650185808415486,0.000976562,128.0,6400000.0
1.0,256.0,1.0,1.0,1.0,1.0,35.0,32.0,-0.0030632107251067353,-0.0017650185808415486,0.000976562,32768.0,6400000.0
1.0,128.0,8.0,1.0,1.0,1.0,543.0,32.0,-0.0030632107251067353,-0.0017650185808415486,512.0,256.0,6400000.0
1.0,128.0,8.0,1.0,1.0,1.0,543.0,32.0,-0.0030632107251067353,-0.0017650185808415486,128.0,4.0,6400000.0
1.0,1.0,8.0,9.0,61.0,31.0,3649.0,4832.0,0.07679340393426726,0.07829080149547585,0.0625,0.00195312,6400000.0
1.0,128.0,8.0,1.0,1.0,1.0,543.0,32.0,-0.0030632107251067353,-0.0017650185808415486,1024.0,0.125,6400000.0
1.0,128.0,8.0,1.0,1.0,1.0,543.0,32.0,-0.0030632107251067353,-0.0017650185808415486,128.0,0.015625,6400000.0
1.0,128.0,8.0,1.0,1.0,1.0,543.0,32.0,-0.0030632107251067353,-0.0017650185808415486,64.0,8192.0,6400000.0
1.0,1.0,8.0,2.0,3.0,2.0,616.0,192.0,0.03911015413878083,0.040912063041146696,0.125,64.0,6400000.0
1.0,128.0,8.0,1.0,1.0,1.0,543.0,32.0,-0.0030632107251067353,-0.0017650185808415486,256.0,0.0625,6400000.0
1.0,1.0,8.0,9.0,61.0,31.0,3649.0,4832.0,0.07679340393426726,0.07829080149547585,0.0625,0.125,6400000.0
1.0,128.0,8.0,1.0,1.0,1.0,543.0,32.0,-0.0030632107251067353,-0.0017650185808415486,1024.0,0.0,6400000.0
1.0,128.0,8.0,1.0,1.0,1.0,543.0,32.0,-0.0030632107251067353,-0.0017650185808415486,16384.0,0.00390625,6400000.0
1.0,128.0,8.0,1.0,1.0,1.0,543.0,32.0,-0.0030632107251067353,-0.0017650185808415486,1024.0,8192.0,6400000.0
1.0,128.0,8.0,1.0,1.0,1.0,543.0,32.0,-0.0030632107251067353,-0.0017650185808415486,1024.0,32.0,6400000.0
1.0,128.0,8.0,1.0,1.0,1.0,543.0,32.0,-0.0030632107251067353,-0.0017650185808415486,2048.0,0.015625,6400000.0
1.0,1.0,1.0,1.0,1.0,1.0,35.0,32.0,-0.0030632107251067353,-0.0017650185808415486,0.125,32768.0,6400000.0
1.0,256.0,1.0,1.0,1.0,1.0,35.0,32.0,-0.0030632107251067353,-0.0017650185808415486,0.0,128.0,6400000.0
1.0,1.0,8.0,1.0,1.0,1.0,543.0,32.0,-0.0030632107251067353,-0.0017650185808415486,0.0625,32768.0,6400000.0
1.0,1.0,8.0,2.0,3.0,2.0,616.0,192.0,0.03911015413878083,0.040912063041146696,0.0625,64.0,6400000.0
1.0,128.0,8.0,1.0,1.0,1.0,543.0,32.0,-0.0030632107251067353,-0.0017650185808415486,16384.0,1.0,6400000.0
256.0,256.0,1.0,9.0,617.0,512.0,19367.0,49152.0,0.4130305041659579,0.4350285803377113,0.00195312,0.00390625,6400000.0
1.0,256.0,1.0,1.0,1.0,1.0,35.0,32.0,-0.0030632107251067353,-0.0017650185808415486,0.0,2048.0,6400000.0
1.0,128.0,8.0,1.0,1.0,1.0,543.0,32.0,-0.0030632107251067353,-0.0017650185808415486,32768.0,0.0,6400000.0
256.0,256.0,1.0,9.0,614.0,512.0,19367.0,49152.0,0.41301653714208175,0.43524347117802287,0.00195312,0.0625,6400000.0
1.0,128.0,8.0,1.0,1.0,1.0,543.0,32.0,-0.0030632107251067353,-0.0017650185808415486,16384.0,256.0,6400000.0
256.0,256.0,1.0,9.0,617.0,512.0,19367.0,49152.0,0.4130305041659579,0.4350285803377113,0.000976562,0.00390625,6400000.0
1.0,128.0,8.0,1.0,1.0,1.0,543.0,32.0,-0.0030632107251067353,-0.0017650185808415486,2048.0,4.0,6400000.0
132.0,256.0,1.0,9.0,327.0,264.0,10148.0,25344.0,0.3946634054341437,0.4162242104747528,0.00195312,1.0,6400000.0
1.0,128.0,8.0,1.0,1.0,1.0,543.0,32.0,-0.0030632107251067353,-0.0017650185808415486,32768.0,32.0,6400000.0
1.0,128.0,8.0,1.0,1.0,1.0,543.0,32.0,-0.0030632107251067353,-0.0017650185808415486,32768.0,0.125,6400000.0
1.0,256.0,1.0,1.0,1.0,1.0,35.0,32.0,-0.0030632107251067353,-0.0017650185808415486,0.0,32768.0,6400000.0
1.0,128.0,8.0,1.0,1.0,1.0,543.0,32.0,-0.0030632107251067353,-0.0017650185808415486,128.0,512.0,6400000.0
1.0,128.0,8.0,1.0,1.0,1.0,543.0,32.0,-0.0030632107251067353,-0.0017650185808415486,2048.0,1024.0,6400000.0
1.0,128.0,8.0,1.0,1.0,1.0,543.0,32.0,-0.0030632107251067353,-0.0017650185808415486,256.0,4096.0,6400000.0
256.0,256.0,1.0,9.0,614.0,512.0,19367.0,49152.0,0.41301653714208175,0.43524347117802287,0.000976562,0.0625,6400000.0
1.0,128.0,8.0,1.0,1.0,1.0,543.0,32.0,-0.0030632107251067353,-0.0017650185808415486,256.0,16.0,6400000.0
1.0,128.0,8.0,1.0,1.0,1.0,543.0,32.0,-0.0030632107251067353,-0.0017650185808415486,32768.0,8192.0,6400000.0
132.0,256.0,1.0,9.0,327.0,264.0,10148.0,25344.0,0.3946634054341437,0.4162242104747528,0.0,1.0,6400000.0
1.0,128.0,8.0,1.0,1.0,1.0,543.0,32.0,-0.0030632107251067353,-0.0017650185808415486,512.0,0.0078125,6400000.0
1.0,128.0,8.0,1.0,1.0,1.0,543.0,32.0,-0.0030632107251067353,-0.0017650185808415486,256.0,0.000976562,6400000.0
1.0,128.0,8.0,1.0,1.0,1.0,543.0,32.0,-0.0030632107251067353,-0.0017650185808415486,512.0,2.0,6400000.0
12.0,256.0,1.0,3.0,33.0,24.0,937.0,2304.0,0.22058073034453196,0.22746378695664926,0.00195312,16.0,6400000.0
256.0,256.0,1.0,9.0,617.0,512.0,19367.0,49152.0,0.4130305041659579,0.4350285803377113,0.0,0.00390625,6400000.0
12.0,256.0,1.0,3.0,33.0,24.0,937.0,2304.0,0.22058073034453196,0.22746378695664926,0.000976562,16.0,6400000.0
1.0,128.0,8.0,1.0,1.0,1.0,543.0,32.0,-0.0030632107251067353,-0.0017650185808415486,4096.0,0.00195312,6400000.0
256.0,256.0,1.0,9.0,614.0,512.0,19367.0,49152.0,0.41301653714208175,0.43524347117802287,0.0,0.0625,6400000.0
1.0,256.0,1.0,1.0,1.0,1.0,35.0,32.0,-0.0030632107251067353,-0.0017650185808415486,0.00195312,256.0,6400000.0
132.0,256.0,1.0,9.0,327.0,264.0,10148.0,25344.0,0.3946634054341437,0.4162242104747528,0.000976562,1.0,6400000.0
1.0,128.0,8.0,1.0,1.0,1.0,543.0,32.0,-0.0030632107251067353,-0.0017650185808415486,4096.0,128.0,6400000.0
1.0,128.0,8.0,1.0,1.0,1.0,543.0,32.0,-0.0030632107251067353,-0.0017650185808415486,8192.0,16.0,6400000.0
1.0,128.0,8.0,1.0,1.0,1.0,543.0,32.0,-0.0030632107251067353,-0.0017650185808415486,8192.0,0.0625,6400000.0
1.0,128.0,8.0,1.0,1.0,1.0,543.0,32.0,-0.0030632107251067353,-0.0017650185808415486,4096.0,0.5,6400000.0
1.0,128.0,8.0,1.0,1.0,1.0,543.0,32.0,-0.0030632107251067353,-0.0017650185808415486,8192.0,4096.0,6400000.0
12.0,256.0,1.0,3.0,33.0,24.0,937.0,2304.0,0.22058073034453196,0.22746378695664926,0.0,16.0,6400000.0
1.0,128.0,8.0,1.0,1.0,1.0,543.0,32.0,-0.0030632107251067353,-0.0017650185808415486,4096.0,32768.0,6400000.0
1.0,256.0,1.0,1.0,1.0,1.0,35.0,32.0,-0.0030632107251067353,-0.0017650185808415486,0.000976562,256.0,6400000.0
1.0,256.0,1.0,1.0,1.0,1.0,35.0,32.0,-0.0030632107251067353,-0.0017650185808415486,0.00195312,4096.0,6400000.0
256.0,256.0,1.0,9.0,618.0,512.0,19399.0,49152.0,0.4129152537999682,0.43507488271632067,0.00195312,0.0,6400000.0
1.0,128.0,8.0,1.0,1.0,1.0,543.0,32.0,-0.0030632107251067353,-0.0017650185808415486,512.0,512.0,6400000.0
1.0,1.0,8.0,9.0,61.0,31.0,3623.0,4832.0,0.07725628814949692,0.07811131153702688,0.125,0.25,6400000.0
1.0,256.0,1.0,1.0,1.0,1.0,35.0,32.0,-0.0030632107251067353,-0.0017650185808415486,0.000976562,4096.0,6400000.0
1.0,1.0,8.0,9.0,61.0,31.0,3649.0,4832.0,0.07679340393426726,0.07829080149547585,0.0625,0.00390625,6400000.0
256.0,256.0,1.0,9.0,618.0,512.0,19399.0,49152.0,0.4129152537999682,0.43507488271632067,0.00390625,0.0,6400000.0
1.0,128.0,8.0,1.0,1.0,1.0,543.0,32.0,-0.0030632107251067353,-0.0017650185808415486,1024.0,0.25,6400000.0
1.0,1.0,8.0,1.0,1.0,1.0,543.0,32.0,-0.0030632107251067353,-0.0017650185808415486,0.125,128.0,6400000.0
1.0,128.0,8.0,1.0,1.0,1.0,543.0,32.0,-0.0030632107251067353,-0.0017650185808415486,256.0,0.125,6400000.0
256.0,256.0,1.0,9.0,609.0,512.0,19278.0,49152.0,0.41241597966825305,0.43520302892121243,0.00390625,0.125,6400000.0
1.0,128.0,8.0,1.0,1.0,1.0,543.0,32.0,-0.0030632107251067353,-0.0017650185808415486,16384.0,0.0078125,6400000.0
256.0,256.0,1.0,9.0,617.0,512.0,19398.0,49152.0,0.4132651984887965,0.43541480266442245,0.00390625,0.0078125,6400000.0
1.0,1.0,8.0,9.0,61.0,31.0,3649.0,4832.0,0.07679340393426726,0.07829080149547585,0.0625,0.25,6400000.0
1.0,128.0,8.0,1.0,1.0,1.0,543.0,32.0,-0.0030632107251067353,-0.0017650185808415486,1024.0,0.000976562,6400000.0
1.0,128.0,8.0,1.0,1.0,1.0,543.0,32.0,-0.0030632107251067353,-0.0017650185808415486,1024.0,16384.0,6400000.0
1.0,128.0,8.0,1.0,1.0,1.0,543.0,32.0,-0.0030632107251067353,-0.0017650185808415486,2048.0,0.03125,6400000.0
1.0,128.0,8.0,1.0,1.0,1.0,543.0,32.0,-0.0030632107251067353,-0.0017650185808415486,1024.0,64.0,6400000.0
1.0,256.0,1.0,1.0,1.0,1.0,35.0,32.0,-0.0030632107251067353,-0.0017650185808415486,0.0,256.0,6400000.0
1.0,1.0,1.0,2.0,3.0,2.0,108.0,192.0,0.03911015413878083,0.040912063041146696,0.25,0.0,6400000.0
1.0,1.0,8.0,1.0,1.0,1.0,543.0,32.0,-0.0030632107251067353,-0.0017650185808415486,0.0625,128.0,6400000.0
1.0,1.0,8.0,9.0,61.0,31.0,3623.0,4832.0,0.07725628814949692,0.07811131153702688,0.125,0.0,6400000.0
1.0,128.0,8.0,1.0,1.0,1.0,543.0,32.0,-0.0030632107251067353,-0.0017650185808415486,16384.0,2.0,6400000.0
256.0,256.0,1.0,9.0,617.0,512.0,19398.0,49152.0,0.4132651984887965,0.43541480266442245,0.00195312,0.0078125,6400000.0
1.0,128.0,8.0,1.0,1.0,1.0,543.0,32.0,-0.0030632107251067353,-0.0017650185808415486,32768.0,0.000976562,6400000.0
256.0,256.0,1.0,9.0,609.0,512.0,19278.0,49152.0,0.41241597966825305,0.43520302892121243,0.00195312,0.125,6400000.0
1.0,256.0,1.0,1.0,1.0,1.0,35.0,32.0,-0.0030632107251067353,-0.0017650185808415486,0.0,4096.0,6400000.0
1.0,128.0,8.0,1.0,1.0,1.0,543.0,32.0,-0.0030632107251067353,-0.0017650185808415486,16384.0,512.0,6400000.0
105.0,256.0,1.0,9.0,260.0,210.0,8087.0,20160.0,0.3803964662176945,0.3998169520179383,0.00195312,2.0,6400000.0
256.0,256.0,1.0,9.0,617.0,512.0,19398.0,49152.0,0.4132651984887965,0.43541480266442245,0.000976562,0.0078125,6400000.0
1.0,128.0,8.0,1.0,1.0,1.0,543.0,32.0,-0.0030632107251067353,-0.0017650185808415486,32768.0,0.25,6400000.0
1.0,128.0,8.0,1.0,1.0,1.0,543.0,32.0,-0.0030632107251067353,-0.0017650185808415486,32768.0,64.0,6400000.0
1.0,128.0,8.0,1.0,1.0,1.0,543.0,32.0,-0.0030632107251067353,-0.0017650185808415486,2048.0,8.0,6400000.0
256.0,256.0,1.0,9.0,618.0,512.0,19399.0,49152.0,0.4129152537999682,0.43507488271632067,0.000976562,0.0,6400000.0
1.0,128.0,8.0,1.0,1.0,1.0,543.0,32.0,-0.0030632107251067353,-0.0017650185808415486,128.0,1024.0,6400000.0
1.0,128.0,8.0,1.0,1.0,1.0,543.0,32.0,-0.0030632107251067353,-0.0017650185808415486,2048.0,2048.0,6400000.0
1.0,128.0,8.0,1.0,1.0,1.0,543.0,32.0,-0.0030632107251067353,-0.0017650185808415486,256.0,32.0,6400000.0
1.0,128.0,8.0,1.0,1.0,1.0,543.0,32.0,-0.0030632107251067353,-0.0017650185808415486,256.0,8192.0,6400000.0
256.0,256.0,1.0,9.0,609.0,512.0,19278.0,49152.0,0.41241597966825305,0.43520302892121243,0.000976562,0.125,6400000.0
105.0,256.0,1.0,9.0,260.0,210.0,8087.0,20160.0,0.3803964662176945,0.3998169520179383,0.0,2.0,6400000.0
1.0,128.0,8.0,1.0,1.0,1.0,543.0,32.0,-0.0030632107251067353,-0.0017650185808415486,32768.0,16384.0,6400000.0
8.0,256.0,1.0,2.0,22.0,16.0,654.0,1536.0,0.184803559555608,0.19082719424152972,0.00195312,32.0,6400000.0
1.0,128.0,8.0,1.0,1.0,1.0,543.0,32.0,-0.0030632107251067353,-0.0017650185808415486,256.0,0.00195312,6400000.0
256.0,256.0,1.0,9.0,609.0,512.0,19278.0,49152.0,0.41241597966825305,0.43520302892121243,0.0,0.125,6400000.0
1.0,128.0,8.0,1.0,1.0,1.0,543.0,32.0,-0.0030632107251067353,-0.0017650185808415486,512.0,4.0,6400000.0
1.0,256.0,1.0,1.0,1.0,1.0,35.0,32.0,-0.0030632107251067353,-0.0017650185808415486,0.00195312,512.0,6400000.0
1.0,128.0,8.0,1.0,1.0,1.0,543.0,32.0,-0.0030632107251067353,-0.0017650185808415486,4096.0,0.00390625,6400000.0
1.0,128.0,8.0,1.0,1.0,1.0,543.0,32.0,-0.0030632107251067353,-0.0017650185808415486,8192.0,0.125,6400000.0
1.0,128.0,8.0,1.0,1.0,1.0,543.0,32.0,-0.0030632107251067353,-0.0017650185808415486,4096.0,1.0,6400000.0
1.0,128.0,8.0,1.0,1.0,1.0,543.0,32.0,-0.0030632107251067353,-0.0017650185808415486,4096.0,256.0,6400000.0
1.0,128.0,8.0,1.0,1.0,1.0,543.0,32.0,-0.0030632107251067353,-0.0017650185808415486,512.0,0.015625,6400000.0
1.0,128.0,8.0,1.0,1.0,1.0,543.0,32.0,-0.0030632107251067353,-0.0017650185808415486,8192.0,8192.0,6400000.0
256.0,256.0,1.0,9.0,617.0,512.0,19398.0,49152.0,0.4132651984887965,0.43541480266442245,0.0,0.0078125,6400000.0
8.0,256.0,1.0,2.0,22.0,16.0,654.0,1536.0,0.184803559555608,0.19082719424152972,0.000976562,32.0,6400000.0
105.0,256.0,1.0,9.0,260.0,210.0,8087.0,20160.0,0.3803964662176945,0.3998169520179383,0.000976562,2.0,6400000.0
1.0,128.0,8.0,1.0,1.0,1.0,543.0,32.0,-0.0030632107251067353,-0.0017650185808415486,8192.0,32.0,6400000.0
1.0,256.0,1.0,1.0,1.0,1.0,35.0,32.0,-0.0030632107251067353,-0.0017650185808415486,0.000976562,512.0,6400000.0
8.0,256.0,1.0,2.0,22.0,16.0,654.0,1536.0,0.184803559555608,0.19082719424152972,0.0,32.0,6400000.0
1.0,128.0,8.0,1.0,1.0,1.0,543.0,32.0,-0.0030632107251067353,-0.0017650185808415486,8192.0,0.0,6400000.0
1.0,256.0,1.0,1.0,1.0,1.0,35.0,32.0,-0.0030632107251067353,-0.0017650185808415486,0.00195312,8192.0,6400000.0
1.0,1.0,8.0,9.0,61.0,31.0,3623.0,4832.0,0.07725628814949692,0.07811131153702688,0.125,0.5,6400000.0
256.0,256.0,1.0,9.0,617.0,512.0,19367.0,49152.0,0.4130315402625524,0.4350278658279013,0.00195312,0.000976562,6400000.0
1.0,128.0,8.0,1.0,1.0,1.0,543.0,32.0,-0.0030632107251067353,-0.0017650185808415486,512.0,1024.0,6400000.0
1.0,256.0,1.0,1.0,1.0,1.0,35.0,32.0,-0.0030632107251067353,-0.0017650185808415486,0.000976562,8192.0,6400000.0
256.0,256.0,1.0,9.0,617.0,512.0,19367.0,49152.0,0.4130315402625524,0.4350278658279013,0.00390625,0.000976562,6400000.0
1.0,1.0,8.0,1.0,1.0,1.0,543.0,32.0,-0.0030632107251067353,-0.0017650185808415486,0.125,256.0,6400000.0
105.0,256.0,1.0,9.0,260.0,210.0,8087.0,20160.0,0.3803964662176945,0.3998169520179383,0.00390625,2.0,6400000.0
1.0,128.0,8.0,1.0,1.0,1.0,543.0,32.0,-0.0030632107251067353,-0.0017650185808415486,1024.0,0.5,6400000.0
1.0,128.0,8.0,1.0,1.0,1.0,543.0,32.0,-0.0030632107251067353,-0.0017650185808415486,16384.0,0.015625,6400000.0
1.0,128.0,8.0,1.0,1.0,1.0,543.0,32.0,-0.0030632107251067353,-0.0017650185808415486,2048.0,0.0625,6400000.0
1.0,1.0,8.0,9.0,61.0,31.0,3649.0,4832.0,0.07679340393426726,0.07829080149547585,0.0625,0.5,6400000.0
1.0,128.0,8.0,1.0,1.0,1.0,543.0,32.0,-0.0030632107251067353,-0.0017650185808415486,256.0,0.25,6400000.0
1.0,128.0,8.0,1.0,1.0,1.0,543.0,32.0,-0.0030632107251067353,-0.0017650185808415486,1024.0,32768.0,6400000.0
244.0,256.0,1.0,9.0,583.0,488.0,18422.0,46848.0,0.41213067270885373,0.4344394492631649,0.00390625,0.25,6400000.0
1.0,128.0,8.0,1.0,1.0,1.0,543.0,32.0,-0.0030632107251067353,-0.0017650185808415486,1024.0,128.0,6400000.0
256.0,256.0,1.0,9.0,614.0,512.0,19334.0,49152.0,0.41295206936469486,0.4356009179025805,0.00390625,0.015625,6400000.0
1.0,128.0,8.0,1.0,1.0,1.0,543.0,32.0,-0.0030632107251067353,-0.0017650185808415486,1024.0,0.00195312,6400000.0
1.0,1.0,8.0,1.0,1.0,1.0,543.0,32.0,-0.0030632107251067353,-0.0017650185808415486,0.0625,256.0,6400000.0
1.0,128.0,8.0,1.0,1.0,1.0,543.0,32.0,-0.0030632107251067353,-0.0017650185808415486,16384.0,4.0,6400000.0
1.0,256.0,1.0,1.0,1.0,1.0,35.0,32.0,-0.0030632107251067353,-0.0017650185808415486,0.0,512.0,6400000.0
1.0,1.0,8.0,9.0,61.0,31.0,3623.0,4832.0,0.07725628814949692,0.07811131153702688,0.125,0.000976562,6400000.0
256.0,256.0,1.0,9.0,614.0,512.0,19334.0,49152.0,0.41295206936469486,0.4356009179025805,0.00195312,0.015625,6400000.0
1.0,128.0,8.0,1.0,1.0,1.0,543.0,32.0,-0.0030632107251067353,-0.0017650185808415486,32768.0,0.00195312,6400000.0
244.0,256.0,1.0,9.0,583.0,488.0,18422.0,46848.0,0.41213067270885373,0.4344394492631649,0.00195312,0.25,6400000.0
1.0,1.0,1.0,2.0,3.0,2.0,108.0,192.0,0.03911015413878083,0.040912063041146696,0.25,0.000976562,6400000.0
1.0,256.0,1.0,1.0,1.0,1.0,35.0,32.0,-0.0030632107251067353,-0.0017650185808415486,0.0,8192.0,6400000.0
1.0,128.0,8.0,1.0,1.0,1.0,543.0,32.0,-0.0030632107251067353,-0.0017650185808415486,16384.0,1024.0,6400000.0
52.0,256.0,1.0,7.0,135.0,104.0,4084.0,9984.0,0.3374920860243603,0.35184392779643947,0.00195312,4.0,6400000.0
256.0,256.0,1.0,9.0,614.0,512.0,19334.0,49152.0,0.41295206936469486,0.4356009179025805,0.000976562,0.015625,6400000.0
1.0,128.0,8.0,1.0,1.0,1.0,543.0,32.0,-0.0030632107251067353,-0.0017650185808415486,32768.0,0.5,6400000.0
1.0,128.0,8.0,1.0,1.0,1.0,543.0,32.0,-0.0030632107251067353,-0.0017650185808415486,32768.0,128.0,6400000.0
256.0,256.0,1.0,9.0,617.0,512.0,19367.0,49152.0,0.4130315402625524,0.4350278658279013,0.000976562,0.000976562,6400000.0
1.0,128.0,8.0,1.0,1.0,1.0,543.0,32.0,-0.0030632107251067353,-0.0017650185808415486,2048.0,16.0,6400000.0
1.0,128.0,8.0,1.0,1.0,1.0,543.0,32.0,-0.0030632107251067353,-0.0017650185808415486,2048.0,4096.0,6400000.0
1.0,1.0,8.0,9.0,61.0,31.0,3623.0,4832.0,0.07725628814949692,0.07811131153702688,0.25,0.0,6400000.0
1.0,128.0,8.0,1.0,1.0,1.0,543.0,32.0,-0.0030632107251067353,-0.0017650185808415486,256.0,64.0,6400000.0
1.0,128.0,8.0,1.0,1.0,1.0,543.0,32.0,-0.0030632107251067353,-0.0017650185808415486,256.0,16384.0,6400000.0
244.0,256.0,1.0,9.0,583.0,488.0,18422.0,46848.0,0.41213067270885373,0.4344394492631649,0.000976562,0.25,6400000.0
1.0,128.0,8.0,1.0,1.0,1.0,543.0,32.0,-0.0030632107251067353,-0.0017650185808415486,32768.0,32768.0,6400000.0
3.0,256.0,1.0,2.0,9.0,6.0,279.0,576.0,0.10115259004895938,0.10346957106453547,0.00195312,64.0,6400000.0
8.0,256.0,1.0,2.0,22.0,16.0,654.0,1536.0,0.184803559555608,0.19082719424152972,0.00390625,32.0,6400000.0
1.0,256.0,1.0,1.0,1.0,1.0,35.0,32.0,-0.0030632107251067353,-0.0017650185808415486,0.00390625,512.0,6400000.0
1.0,128.0,8.0,1.0,1.0,1.0,543.0,32.0,-0.0030632107251067353,-0.0017650185808415486,512.0,8.0,6400000.0
1.0,256.0,1.0,1.0,1.0,1.0,35.0,32.0,-0.0030632107251067353,-0.0017650185808415486,0.00195312,1024.0,6400000.0
1.0,128.0,8.0,1.0,1.0,1.0,543.0,32.0,-0.0030632107251067353,-0.0017650185808415486,8192.0,0.25,6400000.0
1.0,128.0,8.0,1.0,1.0,1.0,543.0,32.0,-0.0030632107251067353,-0.0017650185808415486,4096.0,0.0078125,6400000.0
1.0,128.0,8.0,1.0,1.0,1.0,543.0,32.0,-0.0030632107251067353,-0.0017650185808415486,4096.0,2.0,6400000.0
1.0,128.0,8.0,1.0,1.0,1.0,543.0,32.0,-0.0030632107251067353,-0.0017650185808415486,512.0,0.03125,6400000.0
1.0,128.0,8.0,1.0,1.0,1.0,543.0,32.0,-0.0030632107251067353,-0.0017650185808415486,8192.0,16384.0,6400000.0
1.0,128.0,8.0,1.0,1.0,1.0,543.0,32.0,-0.0030632107251067353,-0.0017650185808415486,4096.0,512.0,6400000.0
52.0,256.0,1.0,7.0,135.0,104.0,4084.0,9984.0,0.3374920860243603,0.35184392779643947,0.000976562,4.0,6400000.0
1.0,128.0,8.0,1.0,1.0,1.0,543.0,32.0,-0.0030632107251067353,-0.0017650185808415486,8192.0,64.0,6400000.0
1.0,256.0,1.0,1.0,1.0,1.0,35.0,32.0,-0.0030632107251067353,-0.0017650185808415486,0.00390625,8192.0,6400000.0
1.0,1.0,8.0,9.0,58.0,30.0,3549.0,4672.0,0.07539637384415343,0.07789615147311513,0.125,1.0,6400000.0
1.0,256.0,1.0,1.0,1.0,1.0,35.0,32.0,-0.0030632107251067353,-0.0017650185808415486,0.000976562,1024.0,6400000.0
3.0,256.0,1.0,2.0,9.0,6.0,279.0,576.0,0.10115259004895938,0.10346957106453547,0.000976562,64.0,6400000.0
1.0,256.0,1.0,1.0,1.0,1.0,35.0,32.0,-0.0030632107251067353,-0.0017650185808415486,0.00195312,16384.0,6400000.0
1.0,128.0,8.0,1.0,1.0,1.0,543.0,32.0,-0.0030632107251067353,-0.0017650185808415486,8192.0,0.000976562,6400000.0
256.0,256.0,1.0,9.0,614.0,512.0,19334.0,49152.0,0.4129522701910294,0.43560094142664574,0.0078125,0.015625,6400000.0
1.0,128.0,8.0,1.0,1.0,1.0,543.0,32.0,-0.0030632107251067353,-0.0017650185808415486,512.0,2048.0,6400000.0
256.0,256.0,1.0,9.0,617.0,512.0,19367.0,49152.0,0.4130317409232285,0.4350278886878204,0.0078125,0.000976562,6400000.0
256.0,256.0,1.0,9.0,617.0,512.0,19367.0,49152.0,0.4130317071760382,0.4350294547320831,0.00390625,0.00195312,6400000.0
256.0,256.0,1.0,9.0,617.0,512.0,19367.0,49152.0,0.4130317071760382,0.4350294547320831,0.00195312,0.00195312,6400000.0
1.0,256.0,1.0,1.0,1.0,1.0,35.0,32.0,-0.0030632107251067353,-0.0017650185808415486,0.000976562,16384.0,6400000.0
1.0,1.0,8.0,1.0,1.0,1.0,543.0,32.0,-0.0030632107251067353,-0.0017650185808415486,0.125,512.0,6400000.0
1.0,128.0,8.0,1.0,1.0,1.0,543.0,32.0,-0.0030632107251067353,-0.0017650185808415486,1024.0,1.0,6400000.0
52.0,256.0,1.0,7.0,135.0,104.0,4084.0,9984.0,0.3374920860243603,0.35184392779643947,0.00390625,4.0,6400000.0
1.0,1.0,8.0,9.0,58.0,30.0,3549.0,4672.0,0.07539637384415343,0.07789615147311513,0.0625,1.0,6400000.0
1.0,128.0,8.0,1.0,1.0,1.0,543.0,32.0,-0.0030632107251067353,-0.0017650185808415486,16384.0,0.03125,6400000.0
1.0,128.0,8.0,1.0,1.0,1.0,543.0,32.0,-0.0030632107251067353,-0.0017650185808415486,256.0,0.5,6400000.0
1.0,128.0,8.0,1.0,1.0,1.0,543.0,32.0,-0.0030632107251067353,-0.0017650185808415486,2048.0,0.125,6400000.0
1.0,128.0,8.0,1.0,1.0,1.0,543.0,32.0,-0.0030632107251067353,-0.0017650185808415486,1024.0,256.0,6400000.0
1.0,128.0,8.0,1.0,1.0,1.0,543.0,32.0,-0.0030632107251067353,-0.0017650185808415486,1024.0,0.00390625,6400000.0
1.0,128.0,8.0,1.0,1.0,1.0,543.0,32.0,-0.0030632107251067353,-0.0017650185808415486,2048.0,0.0,6400000.0
210.0,256.0,1.0,9.0,502.0,420.0,15863.0,40320.0,0.4090680650472993,0.4309872471608537,0.00390625,0.5,6400000.0
1.0,128.0,8.0,1.0,1.0,1.0,543.0,32.0,-0.0030632107251067353,-0.0017650185808415486,16384.0,8.0,6400000.0
1.0,1.0,8.0,1.0,1.0,1.0,543.0,32.0,-0.0030632107251067353,-0.0017650185808415486,0.0625,512.0,6400000.0
1.0,1.0,1.0,2.0,3.0,2.0,108.0,192.0,0.03911015413878083,0.040912063041146696,0.25,0.00195312,6400000.0
256.0,256.0,1.0,9.0,614.0,512.0,19334.0,49152.0,0.41311891635118136,0.43551359799364253,0.00390625,0.03125,6400000.0
210.0,256.0,1.0,9.0,502.0,420.0,15863.0,40320.0,0.4090680650472993,0.4309872471608537,0.00195312,0.5,6400000.0
1.0,1.0,8.0,9.0,61.0,31.0,3623.0,4832.0,0.07725628814949692,0.07811131153702688,0.125,0.00195312,6400000.0
256.0,256.0,1.0,9.0,614.0,512.0,19334.0,49152.0,0.41311891635118136,0.43551359799364253,0.00195312,0.03125,6400000.0
244.0,256.0,1.0,9.0,583.0,488.0,18422.0,46848.0,0.41213067270885373,0.4344394492631649,0.0078125,0.25,6400000.0
1.0,128.0,8.0,1.0,1.0,1.0,543.0,32.0,-0.0030632107251067353,-0.0017650185808415486,32768.0,0.00390625,6400000.0
1.0,128.0,8.0,1.0,1.0,1.0,543.0,32.0,-0.0030632107251067353,-0.0017650185808415486,16384.0,2048.0,6400000.0
22.0,256.0,1.0,3.0,61.0,44.0,1728.0,4224.0,0.27209781390772547,0.2796723898647334,0.00195312,8.0,6400000.0
3.0,256.0,1.0,2.0,9.0,6.0,279.0,576.0,0.10115259004895938,0.10346957106453547,0.0078125,64.0,6400000.0
52.0,256.0,1.0,7.0,135.0,104.0,4084.0,9984.0,0.3374920860243603,0.35184392779643947,0.0078125,4.0,6400000.0
1.0,128.0,8.0,1.0,1.0,1.0,543.0,32.0,-0.0030632107251067353,-0.0017650185808415486,32768.0,1.0,6400000.0
1.0,128.0,8.0,1.0,1.0,1.0,543.0,32.0,-0.0030632107251067353,-0.0017650185808415486,32768.0,256.0,6400000.0
1.0,128.0,8.0,1.0,1.0,1.0,543.0,32.0,-0.0030632107251067353,-0.0017650185808415486,2048.0,32.0,6400000.0
1.0,1.0,8.0,9.0,61.0,31.0,3623.0,4832.0,0.07725628814949692,0.07811131153702688,0.25,0.000976562,6400000.0
1.0,128.0,8.0,1.0,1.0,1.0,543.0,32.0,-0.0030632107251067353,-0.0017650185808415486,256.0,32768.0,6400000.0
1.0,128.0,8.0,1.0,1.0,1.0,543.0,32.0,-0.0030632107251067353,-0.0017650185808415486,256.0,128.0,6400000.0
1.0,128.0,8.0,1.0,1.0,1.0,543.0,32.0,-0.0030632107251067353,-0.0017650185808415486,2048.0,8192.0,6400000.0
1.0,256.0,1.0,1.0,1.0,1.0,35.0,32.0,-0.0030632107251067353,-0.0017650185808415486,0.0078125,1024.0,6400000.0
256.0,256.0,1.0,9.0,618.0,512.0,19399.0,49152.0,0.4129152537999682,0.43507488271632067,0.0,0.0,6400000.0
1.0,256.0,1.0,1.0,1.0,1.0,35.0,32.0,-0.0030632107251067353,-0.0017650185808415486,0.00195312,128.0,6400000.0
1.0,256.0,1.0,1.0,1.0,1.0,35.0,32.0,-0.0030632107251067353,-0.0017650185808415486,0.0078125,16384.0,6400000.0
3.0,256.0,1.0,2.0,9.0,6.0,279.0,576.0,0.10115259004895938,0.10346957106453547,0.00390625,64.0,6400000.0
1.0,256.0,1.0,1.0,1.0,1.0,35.0,32.0,-0.0030632107251067353,-0.0017650185808415486,0.00390625,1024.0,6400000.0
1.0,128.0,8.0,1.0,1.0,1.0,543.0,32.0,-0.0030632107251067353,-0.0017650185808415486,512.0,16.0,6400000.0
1.0,128.0,8.0,1.0,1.0,1.0,543.0,32.0,-0.0030632107251067353,-0.0017650185808415486,8192.0,0.5,6400000.0
1.0,128.0,8.0,1.0,1.0,1.0,543.0,32.0,-0.0030632107251067353,-0.0017650185808415486,4096.0,4.0,6400000.0
1.0,256.0,1.0,1.0,1.0,1.0,35.0,32.0,-0.0030632107251067353,-0.0017650185808415486,0.00195312,2048.0,6400000.0
1.0,128.0,8.0,1.0,1.0,1.0,543.0,32.0,-0.0030632107251067353,-0.0017650185808415486,8192.0,32768.0,6400000.0
1.0,128.0,8.0,1.0,1.0,1.0,543.0,32.0,-0.0030632107251067353,-0.0017650185808415486,4096.0,0.015625,6400000.0
1.0,128.0,8.0,1.0,1.0,1.0,543.0,32.0,-0.0030632107251067353,-0.0017650185808415486,4096.0,1024.0,6400000.0
1.0,128.0,8.0,1.0,1.0,1.0,543.0,32.0,-0.0030632107251067353,-0.0017650185808415486,8192.0,128.0,6400000.0
1.0,128.0,8.0,1.0,1.0,1.0,543.0,32.0,-0.0030632107251067353,-0.0017650185808415486,512.0,0.0625,6400000.0
1.0,1.0,8.0,7.0,32.0,17.0,2876.0,2592.0,0.06793155274555407,0.0726023133722995,0.125,2.0,6400000.0
1.0,256.0,1.0,1.0,1.0,1.0,35.0,32.0,-0.0030632107251067353,-0.0017650185808415486,0.00390625,16384.0,6400000.0
1.0,256.0,1.0,1.0,1.0,1.0,35.0,32.0,-0.0030632107251067353,-0.0017650185808415486,0.00195312,32768.0,6400000.0
1.0,1.0,8.0,9.0,61.0,31.0,3623.0,4832.0,0.07725628814949692,0.07811131153702688,0.25,0.5,6400000.0
1.0,128.0,8.0,1.0,1.0,1.0,543.0,32.0,-0.0030632107251067353,-0.0017650185808415486,512.0,4096.0,6400000.0
256.0,256.0,1.0,9.0,617.0,512.0,19367.0,49152.0,0.4130305041659579,0.4350285803377113,0.00390625,0.00390625,6400000.0
256.0,256.0,1.0,9.0,617.0,512.0,19367.0,49152.0,0.41303190784601174,0.4350294776133098,0.0078125,0.00195312,6400000.0
1.0,128.0,8.0,1.0,1.0,1.0,543.0,32.0,-0.0030632107251067353,-0.0017650185808415486,8192.0,0.00195312,6400000.0
256.0,256.0,1.0,9.0,614.0,512.0,19334.0,49152.0,0.41311911645291166,0.4355136222696193,0.0078125,0.03125,6400000.0
256.0,256.0,1.0,9.0,614.0,512.0,19334.0,49152.0,0.41311911645291166,0.4355136222696193,0.015625,0.03125,6400000.0
256.0,256.0,1.0,9.0,617.0,512.0,19367.0,49152.0,0.41303190784601174,0.4350294776133098,0.015625,0.00195312,6400000.0
1.0,128.0,8.0,1.0,1.0,1.0,543.0,32.0,-0.0030632107251067353,-0.0017650185808415486,1024.0,2.0,6400000.0
210.0,256.0,1.0,9.0,502.0,420.0,15863.0,40320.0,0.40906825915743483,0.43098728455429847,0.015625,0.5,6400000.0
1.0,1.0,8.0,1.0,1.0,1.0,543.0,32.0,-0.0030632107251067353,-0.0017650185808415486,0.125,1024.0,6400000.0
22.0,256.0,1.0,3.0,61.0,44.0,1728.0,4224.0,0.27209781390772547,0.2796723898647334,0.00390625,8.0,6400000.0
22.0,256.0,1.0,3.0,61.0,44.0,1728.0,4224.0,0.27209781390772547,0.2796723898647334,0.015625,8.0,6400000.0
1.0,128.0,8.0,1.0,1.0,1.0,543.0,32.0,-0.0030632107251067353,-0.0017650185808415486,16384.0,0.0625,6400000.0
1.0,1.0,8.0,7.0,32.0,17.0,2876.0,2592.0,0.06793155274555407,0.0726023133722995,0.0625,2.0,6400000.0
1.0,128.0,8.0,1.0,1.0,1.0,543.0,32.0,-0.0030632107251067353,-0.0017650185808415486,2048.0,0.25,6400000.0
1.0,128.0,8.0,1.0,1.0,1.0,543.0,32.0,-0.0030632107251067353,-0.0017650185808415486,1024.0,0.0078125,6400000.0
132.0,256.0,1.0,9.0,327.0,264.0,10148.0,25344.0,0.3946634054341437,0.4162242104747528,0.00390625,1.0,6400000.0
1.0,256.0,1.0,1.0,1.0,1.0,35.0,32.0,-0.0030632107251067353,-0.0017650185808415486,0.015625,128.0,6400000.0
1.0,128.0,8.0,1.0,1.0,1.0,543.0,32.0,-0.0030632107251067353,-0.0017650185808415486,1024.0,512.0,6400000.0
1.0,128.0,8.0,1.0,1.0,1.0,543.0,32.0,-0.0030632107251067353,-0.0017650185808415486,2048.0,0.000976562,6400000.0
1.0,128.0,8.0,1.0,1.0,1.0,543.0,32.0,-0.0030632107251067353,-0.0017650185808415486,16384.0,16.0,6400000.0
1.0,1.0,1.0,2.0,3.0,2.0,108.0,192.0,0.03911015413878083,0.040912063041146696,0.25,0.00390625,6400000.0
1.0,1.0,8.0,1.0,1.0,1.0,543.0,32.0,-0.0030632107251067353,-0.0017650185808415486,0.0625,1024.0,6400000.0
256.0,256.0,1.0,9.0,614.0,512.0,19367.0,49152.0,0.41301653714208175,0.43524347117802287,0.00390625,0.0625,6400000.0
1.0,1.0,8.0,9.0,61.0,31.0,3623.0,4832.0,0.07725628814949692,0.07811131153702688,0.125,0.00390625,6400000.0
1.0,256.0,1.0,1.0,1.0,1.0,35.0,32.0,-0.0030632107251067353,-0.0017650185808415486,0.015625,2048.0,6400000.0
1.0,128.0,8.0,1.0,1.0,1.0,543.0,32.0,-0.0030632107251067353,-0.0017650185808415486,32768.0,0.0078125,6400000.0
210.0,256.0,1.0,9.0,502.0,420.0,15863.0,40320.0,0.4090680650472993,0.4309872471608537,0.0078125,0.5,6400000.0
1.0,128.0,8.0,1.0,1.0,1.0,543.0,32.0,-0.0030632107251067353,-0.0017650185808415486,16384.0,4096.0,6400000.0
1.0,256.0,1.0,1.0,1.0,1.0,35.0,32.0,-0.0030632107251067353,-0.0017650185808415486,0.015625,32768.0,6400000.0
1.0,128.0,8.0,1.0,1.0,1.0,543.0,32.0,-0.0030632107251067353,-0.0017650185808415486,32768.0,512.0,6400000.0
1.0,256.0,1.0,1.0,1.0,1.0,35.0,32.0,-0.0030632107251067353,-0.0017650185808415486,0.0078125,128.0,6400000.0
1.0,128.0,8.0,1.0,1.0,1.0,543.0,32.0,-0.0030632107251067353,-0.0017650185808415486,2048.0,64.0,6400000.0
1.0,128.0,8.0,1.0,1.0,1.0,543.0,32.0,-0.0030632107251067353,-0.0017650185808415486,32768.0,2.0,6400000.0
256.0,256.0,1.0,9.0,617.0,512.0,19367.0,49152.0,0.4130307047643411,0.43502860316647995,0.03125,0.00390625,6400000.0
22.0,256.0,1.0,3.0,61.0,44.0,1728.0,4224.0,0.27209781390772547,0.2796723898647334,0.0078125,8.0,6400000.0
1.0,1.0,8.0,9.0,61.0,31.0,3623.0,4832.0,0.07725628814949692,0.07811131153702688,0.25,0.00195312,6400000.0
1.0,256.0,1.0,1.0,1.0,1.0,35.0,32.0,-0.0030632107251067353,-0.0017650185808415486,0.0078125,2048.0,6400000.0
1.0,128.0,8.0,1.0,1.0,1.0,543.0,32.0,-0.0030632107251067353,-0.0017650185808415486,2048.0,16384.0,6400000.0
132.0,256.0,1.0,9.0,327.0,264.0,10148.0,25344.0,0.39466461976455247,0.41622576303042524,0.03125,1.0,6400000.0
256.0,256.0,1.0,9.0,613.0,512.0,19366.0,49152.0,0.41258681715707424,0.43514058666158795,0.03125,0.0625,6400000.0
1.0,256.0,1.0,1.0,1.0,1.0,35.0,32.0,-0.0030632107251067353,-0.0017650185808415486,0.0078125,32768.0,6400000.0
1.0,256.0,1.0,1.0,1.0,1.0,35.0,32.0,-0.0030632107251067353,-0.0017650185808415486,0.00390625,128.0,6400000.0
1.0,1.0,8.0,1.0,1.0,1.0,543.0,32.0,-0.0030632107251067353,-0.0017650185808415486,0.25,512.0,6400000.0
12.0,256.0,1.0,3.0,33.0,24.0,937.0,2304.0,0.22058073034453196,0.22746378695664926,0.03125,16.0,6400000.0
1.0,256.0,1.0,1.0,1.0,1.0,35.0,32.0,-0.0030632107251067353,-0.0017650185808415486,0.00390625,2048.0,6400000.0
1.0,128.0,8.0,1.0,1.0,1.0,543.0,32.0,-0.0030632107251067353,-0.0017650185808415486,16384.0,0.0,6400000.0
1.0,128.0,8.0,1.0,1.0,1.0,543.0,32.0,-0.0030632107251067353,-0.0017650185808415486,4096.0,8.0,6400000.0
1.0,128.0,8.0,1.0,1.0,1.0,543.0,32.0,-0.0030632107251067353,-0.0017650185808415486,4096.0,0.03125,6400000.0
1.0,128.0,8.0,1.0,1.0,1.0,543.0,32.0,-0.0030632107251067353,-0.0017650185808415486,8192.0,1.0,6400000.0
1.0,256.0,1.0,1.0,1.0,1.0,35.0,32.0,-0.0030632107251067353,-0.0017650185808415486,0.03125,256.0,6400000.0
1.0,128.0,8.0,1.0,1.0,1.0,543.0,32.0,-0.0030632107251067353,-0.0017650185808415486,4096.0,2048.0,6400000.0
1.0,128.0,8.0,1.0,1.0,1.0,543.0,32.0,-0.0030632107251067353,-0.0017650185808415486,8192.0,256.0,6400000.0
1.0,256.0,1.0,1.0,1.0,1.0,35.0,32.0,-0.0030632107251067353,-0.0017650185808415486,0.03125,4096.0,6400000.0
1.0,1.0,8.0,4.0,13.0,7.0,1610.0,992.0,0.057805003399450605,0.060993872308649943,0.125,4.0,6400000.0
1.0,256.0,1.0,1.0,1.0,1.0,35.0,32.0,-0.0030632107251067353,-0.0017650185808415486,0.00390625,32768.0,6400000.0
1.0,128.0,8.0,1.0,1.0,1.0,543.0,32.0,-0.0030632107251067353,-0.0017650185808415486,8192.0,0.00390625,6400000.0
256.0,256.0,1.0,9.0,618.0,512.0,19399.0,49152.0,0.4129157381713534,0.43507527168739746,0.0625,0.0,6400000.0
1.0,1.0,8.0,9.0,58.0,30.0,3549.0,4672.0,0.07539637384415343,0.07789615147311513,0.25,1.0,6400000.0
256.0,256.0,1.0,9.0,609.0,512.0,19278.0,49152.0,0.4124173314122992,0.43520309267624446,0.0625,0.125,6400000.0
256.0,256.0,1.0,9.0,617.0,512.0,19367.0,49152.0,0.4130307047643411,0.43502860316647995,0.0078125,0.00390625,6400000.0
103.0,256.0,1.0,9.0,256.0,206.0,7949.0,19776.0,0.3803517094208687,0.3988139193288691,0.0625,2.0,6400000.0
132.0,256.0,1.0,9.0,327.0,264.0,10148.0,25344.0,0.39466358102384247,0.4162242329334992,0.015625,1.0,6400000.0
256.0,256.0,1.0,9.0,617.0,512.0,19398.0,49152.0,0.41326572902737146,0.43541521559803487,0.0625,0.0078125,6400000.0
256.0,256.0,1.0,9.0,614.0,512.0,19367.0,49152.0,0.4130167381557056,0.4352434888533938,0.0078125,0.0625,6400000.0
256.0,256.0,1.0,9.0,614.0,512.0,19367.0,49152.0,0.4130167381557056,0.4352434888533938,0.015625,0.0625,6400000.0
256.0,256.0,1.0,9.0,617.0,512.0,19367.0,49152.0,0.4130307047643411,0.43502860316647995,0.015625,0.00390625,6400000.0
1.0,1.0,8.0,1.0,1.0,1.0,543.0,32.0,-0.0030632107251067353,-0.0017650185808415486,0.125,2048.0,6400000.0
12.0,256.0,1.0,3.0,33.0,24.0,937.0,2304.0,0.22058073034453196,0.22746378695664926,0.00390625,16.0,6400000.0
12.0,256.0,1.0,3.0,33.0,24.0,937.0,2304.0,0.22058073034453196,0.22746378695664926,0.015625,16.0,6400000.0
8.0,256.0,1.0,2.0,22.0,16.0,654.0,1536.0,0.184803559555608,0.19082719424152972,0.0625,32.0,6400000.0
1.0,128.0,8.0,1.0,1.0,1.0,543.0,32.0,-0.0030632107251067353,-0.0017650185808415486,16384.0,0.125,6400000.0
1.0,256.0,1.0,1.0,1.0,1.0,35.0,32.0,-0.0030632107251067353,-0.0017650185808415486,0.0625,512.0,6400000.0
1.0,1.0,8.0,8.0,61.0,31.0,3601.0,4832.0,0.07717698243606463,0.07928944305540209,0.5,0.00390625,6400000.0
1.0,1.0,8.0,4.0,13.0,7.0,1610.0,992.0,0.057805003399450605,0.060993872308649943,0.0625,4.0,6400000.0
1.0,256.0,1.0,1.0,1.0,1.0,35.0,32.0,-0.0030632107251067353,-0.0017650185808415486,0.0625,8192.0,6400000.0
1.0,256.0,1.0,1.0,1.0,1.0,35.0,32.0,-0.0030632107251067353,-0.0017650185808415486,0.015625,256.0,6400000.0
1.0,128.0,8.0,1.0,1.0,1.0,543.0,32.0,-0.0030632107251067353,-0.0017650185808415486,16384.0,32.0,6400000.0
256.0,256.0,1.0,9.0,618.0,512.0,19431.0,49152.0,0.4130121725880831,0.43537449374826576,0.125,0.000976562,6400000.0
1.0,1.0,8.0,9.0,61.0,31.0,3623.0,4832.0,0.07725628814949692,0.07811131153702688,0.125,0.0078125,6400000.0
1.0,256.0,1.0,1.0,1.0,1.0,35.0,32.0,-0.0030632107251067353,-0.0017650185808415486,0.015625,4096.0,6400000.0
1.0,128.0,8.0,1.0,1.0,1.0,543.0,32.0,-0.0030632107251067353,-0.0017650185808415486,32768.0,0.015625,6400000.0
256.0,256.0,1.0,9.0,615.0,512.0,19366.0,49152.0,0.4127839182782731,0.4355226855094816,0.125,0.015625,6400000.0
1.0,1.0,8.0,1.0,1.0,1.0,543.0,32.0,-0.0030632107251067353,-0.0017650185808415486,0.0625,2048.0,6400000.0
132.0,256.0,1.0,9.0,327.0,264.0,10148.0,25344.0,0.3946634054341437,0.4162242104747528,0.0078125,1.0,6400000.0
250.0,256.0,1.0,9.0,596.0,500.0,18830.0,48000.0,0.4131063209875647,0.4347028547700006,0.125,0.25,6400000.0
1.0,1.0,1.0,2.0,3.0,2.0,108.0,192.0,0.03911015413878083,0.040912063041146696,0.25,0.0078125,6400000.0
256.0,256.0,1.0,9.0,618.0,512.0,19399.0,49152.0,0.41291545420336107,0.43507490573301355,0.03125,0.0,6400000.0
1.0,128.0,8.0,1.0,1.0,1.0,543.0,32.0,-0.0030632107251067353,-0.0017650185808415486,16384.0,8192.0,6400000.0
1.0,128.0,8.0,1.0,1.0,1.0,543.0,32.0,-0.0030632107251067353,-0.0017650185808415486,32768.0,1024.0,6400000.0
256.0,256.0,1.0,9.0,617.0,512.0,19398.0,49152.0,0.4132654005975084,0.4354148267020156,0.03125,0.0078125,6400000.0
12.0,256.0,1.0,3.0,33.0,24.0,937.0,2304.0,0.22058073034453196,0.22746378695664926,0.0078125,16.0,6400000.0
1.0,256.0,1.0,1.0,1.0,1.0,35.0,32.0,-0.0030632107251067353,-0.0017650185808415486,0.0078125,256.0,6400000.0
1.0,128.0,8.0,1.0,1.0,1.0,543.0,32.0,-0.0030632107251067353,-0.0017650185808415486,32768.0,4.0,6400000.0
57.0,256.0,1.0,7.0,146.0,114.0,4460.0,10944.0,0.34698836344449757,0.3603774563118617,0.125,4.0,6400000.0
1.0,1.0,8.0,9.0,61.0,31.0,3623.0,4832.0,0.07725628814949692,0.07811131153702688,0.25,0.00390625,6400000.0
1.0,256.0,1.0,1.0,1.0,1.0,35.0,32.0,-0.0030632107251067353,-0.0017650185808415486,0.0078125,4096.0,6400000.0
105.0,256.0,1.0,9.0,260.0,210.0,8087.0,20160.0,0.3803966208446643,0.39981697905848823,0.03125,2.0,6400000.0
3.0,256.0,1.0,2.0,9.0,6.0,279.0,576.0,0.10115259004895938,0.10346957106453547,0.125,64.0,6400000.0
256.0,256.0,1.0,9.0,609.0,512.0,19278.0,49152.0,0.41241788801216595,0.4352032324873768,0.03125,0.125,6400000.0
1.0,1.0,8.0,1.0,1.0,1.0,543.0,32.0,-0.0030632107251067353,-0.0017650185808415486,0.25,1024.0,6400000.0
8.0,256.0,1.0,2.0,22.0,16.0,654.0,1536.0,0.184803559555608,0.19082719424152972,0.03125,32.0,6400000.0
256.0,256.0,1.0,9.0,618.0,512.0,19399.0,49152.0,0.41291545420336107,0.43507490573301355,0.015625,0.0,6400000.0
1.0,256.0,1.0,1.0,1.0,1.0,35.0,32.0,-0.0030632107251067353,-0.0017650185808415486,0.00390625,256.0,6400000.0
1.0,256.0,1.0,1.0,1.0,1.0,35.0,32.0,-0.0030632107251067353,-0.0017650185808415486,0.00390625,4096.0,6400000.0
1.0,256.0,1.0,1.0,1.0,1.0,35.0,32.0,-0.0030632107251067353,-0.0017650185808415486,0.125,1024.0,6400000.0
1.0,1.0,8.0,3.0,5.0,3.0,914.0,352.0,0.048146068319603885,0.051476191507202285,0.125,8.0,6400000.0
256.0,256.0,1.0,9.0,618.0,512.0,19431.0,49152.0,0.41302065179273206,0.4353734686531139,0.25,0.00195312,6400000.0
1.0,256.0,1.0,1.0,1.0,1.0,35.0,32.0,-0.0030632107251067353,-0.0017650185808415486,0.125,16384.0,6400000.0
1.0,256.0,1.0,1.0,1.0,1.0,35.0,32.0,-0.0030632107251067353,-0.0017650185808415486,0.03125,512.0,6400000.0
1.0,256.0,1.0,1.0,1.0,1.0,35.0,32.0,-0.0030632107251067353,-0.0017650185808415486,0.03125,8192.0,6400000.0
256.0,256.0,1.0,9.0,615.0,512.0,19366.0,49152.0,0.41264703423027205,0.43548557448808356,0.25,0.03125,6400000.0
256.0,256.0,1.0,9.0,618.0,512.0,19399.0,49152.0,0.41291545420336107,0.43507490573301355,0.0078125,0.0,6400000.0
208.0,256.0,1.0,9.0,497.0,416.0,15696.0,39936.0,0.4082763571042207,0.43072625629485717,0.25,0.5,6400000.0
1.0,1.0,8.0,7.0,30.0,16.0,2552.0,2432.0,0.06705348300700187,0.07210872298404503,0.25,2.0,6400000.0
1.0,1.0,8.0,3.0,11.0,6.0,1311.0,832.0,0.055959939578521745,0.05997459583745146,0.5,4.0,6400000.0
22.0,256.0,1.0,3.0,61.0,44.0,1728.0,4224.0,0.27209781390772547,0.2796723898647334,0.25,8.0,6400000.0
52.0,256.0,1.0,7.0,135.0,104.0,4084.0,9984.0,0.3374922504044793,0.3518439824697871,0.0625,4.0,6400000.0
244.0,256.0,1.0,9.0,583.0,488.0,18422.0,46848.0,0.41213528452235826,0.4344372669240253,0.0625,0.25,6400000.0
256.0,256.0,1.0,9.0,614.0,512.0,19334.0,49152.0,0.4129524868483726,0.43560099033246336,0.0625,0.015625,6400000.0
256.0,256.0,1.0,9.0,617.0,512.0,19367.0,49152.0,0.41303234577069114,0.43502846583381016,0.0625,0.000976562,6400000.0
105.0,256.0,1.0,9.0,260.0,210.0,8087.0,20160.0,0.3803966208446643,0.39981697905848823,0.015625,2.0,6400000.0
256.0,256.0,1.0,9.0,609.0,512.0,19278.0,49152.0,0.4124161825949263,0.4352030563566106,0.015625,0.125,6400000.0
256.0,256.0,1.0,9.0,609.0,512.0,19278.0,49152.0,0.41241597966825305,0.43520302892121243,0.0078125,0.125,6400000.0
256.0,256.0,1.0,9.0,617.0,512.0,19398.0,49152.0,0.4132654005975084,0.4354148267020156,0.0078125,0.0078125,6400000.0
256.0,256.0,1.0,9.0,617.0,512.0,19398.0,49152.0,0.4132654005975084,0.4354148267020156,0.015625,0.0078125,6400000.0
8.0,256.0,1.0,2.0,22.0,16.0,654.0,1536.0,0.184803559555608,0.19082719424152972,0.015625,32.0,6400000.0
1.0,1.0,8.0,1.0,1.0,1.0,543.0,32.0,-0.0030632107251067353,-0.0017650185808415486,0.125,4096.0,6400000.0
3.0,256.0,1.0,2.0,9.0,6.0,279.0,576.0,0.10115259004895938,0.10346957106453547,0.0625,64.0,6400000.0
1.0,256.0,1.0,1.0,1.0,1.0,35.0,32.0,-0.0030632107251067353,-0.0017650185808415486,0.25,128.0,6400000.0
1.0,256.0,1.0,1.0,1.0,1.0,35.0,32.0,-0.0030632107251067353,-0.0017650185808415486,0.0625,1024.0,6400000.0
1.0,256.0,1.0,1.0,1.0,1.0,35.0,32.0,-0.0030632107251067353,-0.0017650185808415486,0.25,2048.0,6400000.0
1.0,256.0,1.0,1.0,1.0,1.0,35.0,32.0,-0.0030632107251067353,-0.0017650185808415486,0.0625,16384.0,6400000.0
1.0,256.0,1.0,1.0,1.0,1.0,35.0,32.0,-0.0030632107251067353,-0.0017650185808415486,0.25,32768.0,6400000.0
1.0,1.0,8.0,8.0,61.0,31.0,3601.0,4832.0,0.07717698243606463,0.07928944305540209,0.5,0.0078125,6400000.0
256.0,256.0,1.0,9.0,618.0,512.0,19431.0,49152.0,0.41301203372840267,0.4353745648803542,0.125,0.00195312,6400000.0
1.0,256.0,1.0,1.0,1.0,1.0,35.0,32.0,-0.0030632107251067353,-0.0017650185808415486,0.015625,512.0,6400000.0
1.0,256.0,1.0,1.0,1.0,1.0,35.0,32.0,-0.0030632107251067353,-0.0017650185808415486,0.015625,8192.0,6400000.0
1.0,1.0,8.0,9.0,61.0,31.0,3623.0,4832.0,0.07725628814949692,0.07811131153702688,0.125,0.015625,6400000.0
256.0,256.0,1.0,9.0,617.0,512.0,19398.0,49152.0,0.41327752239673665,0.43541171377325594,0.5,0.00390625,6400000.0
256.0,256.0,1.0,9.0,615.0,512.0,19366.0,49152.0,0.41263069679124154,0.43549831430016916,0.125,0.03125,6400000.0
210.0,256.0,1.0,9.0,501.0,420.0,15862.0,40320.0,0.40915017200549586,0.43097172120002014,0.125,0.5,6400000.0
105.0,256.0,1.0,9.0,260.0,210.0,8087.0,20160.0,0.3803964662176945,0.3998169520179383,0.0078125,2.0,6400000.0
1.0,1.0,1.0,2.0,3.0,2.0,108.0,192.0,0.03911015413878083,0.040912063041146696,0.25,0.015625,6400000.0
1.0,256.0,1.0,1.0,1.0,1.0,35.0,32.0,-0.0030632107251067353,-0.0017650185808415486,0.0078125,512.0,6400000.0
256.0,256.0,1.0,9.0,617.0,512.0,19367.0,49152.0,0.4130317409232285,0.4350278886878204,0.03125,0.000976562,6400000.0
8.0,256.0,1.0,2.0,22.0,16.0,654.0,1536.0,0.184803559555608,0.19082719424152972,0.0078125,32.0,6400000.0
1.0,1.0,8.0,1.0,1.0,1.0,543.0,32.0,-0.0030632107251067353,-0.0017650185808415486,0.0625,4096.0,6400000.0
256.0,256.0,1.0,9.0,614.0,512.0,19367.0,49152.0,0.4129031800107228,0.4352619043172269,0.5,0.0625,6400000.0
256.0,256.0,1.0,9.0,614.0,512.0,19334.0,49152.0,0.4129522701910294,0.43560094142664574,0.03125,0.015625,6400000.0
22.0,256.0,1.0,3.0,61.0,44.0,1728.0,4224.0,0.27209781390772547,0.2796723898647334,0.125,8.0,6400000.0
1.0,256.0,1.0,1.0,1.0,1.0,35.0,32.0,-0.0030632107251067353,-0.0017650185808415486,0.5,256.0,6400000.0
131.0,256.0,1.0,9.0,325.0,262.0,10087.0,25152.0,0.39456247572542424,0.4156144496059735,0.5,1.0,6400000.0
1.0,1.0,8.0,9.0,61.0,31.0,3623.0,4832.0,0.07725628814949692,0.07811131153702688,0.25,0.0078125,6400000.0
12.0,256.0,1.0,3.0,33.0,24.0,937.0,2304.0,0.22058073034453196,0.22746378695664926,0.5,16.0,6400000.0
1.0,256.0,1.0,1.0,1.0,1.0,35.0,32.0,-0.0030632107251067353,-0.0017650185808415486,0.0078125,8192.0,6400000.0
52.0,256.0,1.0,7.0,135.0,104.0,4084.0,9984.0,0.3374922504044793,0.3518439824697871,0.03125,4.0,6400000.0
1.0,256.0,1.0,1.0,1.0,1.0,35.0,32.0,-0.0030632107251067353,-0.0017650185808415486,0.125,128.0,6400000.0
3.0,256.0,1.0,2.0,9.0,6.0,279.0,576.0,0.10115259004895938,0.10346957106453547,0.03125,64.0,6400000.0
244.0,256.0,1.0,9.0,583.0,488.0,18422.0,46848.0,0.41213086387387565,0.4344394750348073,0.03125,0.25,6400000.0
1.0,1.0,8.0,1.0,1.0,1.0,543.0,32.0,-0.0030632107251067353,-0.0017650185808415486,0.25,2048.0,6400000.0
1.0,256.0,1.0,1.0,1.0,1.0,35.0,32.0,-0.0030632107251067353,-0.0017650185808415486,0.5,4096.0,6400000.0
256.0,256.0,1.0,9.0,617.0,512.0,19367.0,49152.0,0.4130317409232285,0.4350278886878204,0.015625,0.000976562,6400000.0
1.0,1.0,8.0,1.0,1.0,1.0,543.0,32.0,-0.0030632107251067353,-0.0017650185808415486,0.5,4096.0,6400000.0
1.0,256.0,1.0,1.0,1.0,1.0,35.0,32.0,-0.0030632107251067353,-0.0017650185808415486,0.125,2048.0,6400000.0
1.0,256.0,1.0,1.0,1.0,1.0,35.0,32.0,-0.0030632107251067353,-0.0017650185808415486,0.125,32768.0,6400000.0
1.0,1.0,8.0,3.0,5.0,3.0,914.0,352.0,0.048146068319603885,0.051476191507202285,0.125,16.0,6400000.0
1.0,256.0,1.0,1.0,1.0,1.0,35.0,32.0,-0.0030632107251067353,-0.0017650185808415486,0.03125,1024.0,6400000.0
1.0,256.0,1.0,1.0,1.0,1.0,35.0,32.0,-0.0030632107251067353,-0.0017650185808415486,0.03125,16384.0,6400000.0
256.0,256.0,1.0,9.0,614.0,512.0,19367.0,49152.0,0.41290202081467264,0.4352612609031915,0.25,0.0625,6400000.0
133.0,256.0,1.0,9.0,330.0,266.0,10253.0,25536.0,0.39504390647386634,0.4161098639137957,0.25,1.0,6400000.0
256.0,256.0,1.0,9.0,617.0,512.0,19398.0,49152.0,0.41327658215555274,0.4354112056646827,0.25,0.00390625,6400000.0
12.0,256.0,1.0,3.0,33.0,24.0,937.0,2304.0,0.22058073034453196,0.22746378695664926,0.25,16.0,6400000.0
1.0,1.0,8.0,3.0,5.0,3.0,914.0,352.0,0.048146068319603885,0.051476191507202285,0.5,8.0,6400000.0
1.0,1.0,8.0,4.0,13.0,7.0,1610.0,992.0,0.057805003399450605,0.060993872308649943,0.25,4.0,6400000.0
256.0,256.0,1.0,9.0,615.0,512.0,19366.0,49152.0,0.4128283465043887,0.4354691487679182,0.0625,0.03125,6400000.0
256.0,256.0,1.0,9.0,617.0,512.0,19367.0,49152.0,0.41303209619375814,0.4350297917379662,0.0625,0.00195312,6400000.0
52.0,256.0,1.0,7.0,135.0,104.0,4084.0,9984.0,0.3374922504044793,0.3518439824697871,0.015625,4.0,6400000.0
256.0,256.0,1.0,9.0,618.0,512.0,19399.0,49152.0,0.4130636833326028,0.4350338555062623,1.0,0.0,6400000.0
22.0,256.0,1.0,3.0,61.0,44.0,1728.0,4224.0,0.27209781390772547,0.2796723898647334,0.0625,8.0,6400000.0
210.0,256.0,1.0,9.0,501.0,420.0,15862.0,40320.0,0.4091535978364379,0.4309656512788427,0.0625,0.5,6400000.0
256.0,256.0,1.0,9.0,614.0,512.0,19334.0,49152.0,0.4129522701910294,0.43560094142664574,0.015625,0.015625,6400000.0
244.0,256.0,1.0,9.0,583.0,488.0,18422.0,46848.0,0.41213086387387565,0.4344394750348073,0.015625,0.25,6400000.0
1.0,1.0,8.0,1.0,1.0,1.0,543.0,32.0,-0.0030632107251067353,-0.0017650185808415486,0.125,8192.0,6400000.0
256.0,256.0,1.0,9.0,609.0,512.0,19246.0,49152.0,0.412203559720533,0.43511875431667446,1.0,0.125,6400000.0
1.0,256.0,1.0,1.0,1.0,1.0,35.0,32.0,-0.0030632107251067353,-0.0017650185808415486,0.25,256.0,6400000.0
3.0,256.0,1.0,2.0,9.0,6.0,279.0,576.0,0.10115259004895938,0.10346957106453547,0.015625,64.0,6400000.0
256.0,256.0,1.0,9.0,617.0,512.0,19398.0,49152.0,0.4132560912894657,0.43541968051884206,1.0,0.0078125,6400000.0
1.0,256.0,1.0,1.0,1.0,1.0,35.0,32.0,-0.0030632107251067353,-0.0017650185808415486,0.0625,128.0,6400000.0
1.0,256.0,1.0,1.0,1.0,1.0,35.0,32.0,-0.0030632107251067353,-0.0017650185808415486,0.0625,2048.0,6400000.0
1.0,256.0,1.0,1.0,1.0,1.0,35.0,32.0,-0.0030632107251067353,-0.0017650185808415486,0.25,4096.0,6400000.0
1.0,256.0,1.0,1.0,1.0,1.0,35.0,32.0,-0.0030632107251067353,-0.0017650185808415486,0.0625,32768.0,6400000.0
256.0,256.0,1.0,9.0,618.0,512.0,19431.0,49152.0,0.41301437189584456,0.43537563905758103,0.5,0.0,6400000.0
1.0,1.0,8.0,9.0,61.0,31.0,3623.0,4832.0,0.07725628814949692,0.07811131153702688,0.125,0.03125,6400000.0
1.0,1.0,8.0,8.0,61.0,31.0,3601.0,4832.0,0.07717698243606463,0.07928944305540209,0.5,0.015625,6400000.0
1.0,256.0,1.0,1.0,1.0,1.0,35.0,32.0,-0.0030632107251067353,-0.0017650185808415486,0.015625,1024.0,6400000.0
256.0,256.0,1.0,9.0,618.0,512.0,19431.0,49152.0,0.4130194402131012,0.43537925563297697,0.125,0.00390625,6400000.0
1.0,256.0,1.0,1.0,1.0,1.0,35.0,32.0,-0.0030632107251067353,-0.0017650185808415486,0.015625,16384.0,6400000.0
132.0,256.0,1.0,9.0,327.0,264.0,10148.0,25344.0,0.3946625145105529,0.41622404615840314,0.125,1.0,6400000.0
1.0,1.0,1.0,2.0,3.0,2.0,108.0,192.0,0.03911015413878083,0.040912063041146696,0.25,0.03125,6400000.0
256.0,256.0,1.0,9.0,614.0,512.0,19367.0,49152.0,0.41290217057702494,0.43526226847583793,0.125,0.0625,6400000.0
256.0,256.0,1.0,9.0,617.0,512.0,19398.0,49152.0,0.4132771098498713,0.4354108851746328,0.5,0.0078125,6400000.0
256.0,256.0,1.0,9.0,614.0,512.0,19334.0,49152.0,0.41311933192432615,0.43551367070881397,0.03125,0.03125,6400000.0
256.0,256.0,1.0,9.0,617.0,512.0,19367.0,49152.0,0.41303190784601174,0.4350294776133098,0.03125,0.00195312,6400000.0
1.0,256.0,1.0,1.0,1.0,1.0,35.0,32.0,-0.0030632107251067353,-0.0017650185808415486,1.0,512.0,6400000.0
1.0,256.0,1.0,1.0,1.0,1.0,35.0,32.0,-0.0030632107251067353,-0.0017650185808415486,1.0,8192.0,6400000.0
1.0,256.0,1.0,1.0,1.0,1.0,35.0,32.0,-0.0030632107251067353,-0.0017650185808415486,0.5,512.0,6400000.0
256.0,256.0,1.0,9.0,609.0,512.0,19278.0,49152.0,0.4125476962985464,0.4352619539663892,0.5,0.125,6400000.0
103.0,256.0,1.0,9.0,256.0,206.0,7949.0,19776.0,0.38035362553060204,0.3988111961254668,1.0,2.0,6400000.0
8.0,256.0,1.0,2.0,22.0,16.0,654.0,1536.0,0.184803559555608,0.19082719424152972,0.5,32.0,6400000.0
1.0,1.0,8.0,9.0,61.0,31.0,3623.0,4832.0,0.07725628814949692,0.07811131153702688,0.25,0.015625,6400000.0
22.0,256.0,1.0,3.0,61.0,44.0,1728.0,4224.0,0.27209781390772547,0.2796723898647334,0.03125,8.0,6400000.0
8.0,256.0,1.0,2.0,22.0,16.0,654.0,1536.0,0.184803559555608,0.19082719424152972,1.0,32.0,6400000.0
256.0,256.0,1.0,9.0,621.0,512.0,19496.0,49152.0,0.4130441427698399,0.43561346976761095,2.0,0.000976562,6400000.0
12.0,256.0,1.0,3.0,33.0,24.0,937.0,2304.0,0.22058073034453196,0.22746378695664926,0.125,16.0,6400000.0
103.0,256.0,1.0,9.0,256.0,206.0,7949.0,19776.0,0.3803538018857049,0.3988111381644802,0.5,2.0,6400000.0
210.0,256.0,1.0,9.0,502.0,420.0,15863.0,40320.0,0.40906825915743483,0.43098728455429847,0.03125,0.5,6400000.0
1.0,256.0,1.0,1.0,1.0,1.0,35.0,32.0,-0.0030632107251067353,-0.0017650185808415486,0.125,256.0,6400000.0
1.0,1.0,8.0,1.0,1.0,1.0,543.0,32.0,-0.0030632107251067353,-0.0017650185808415486,0.25,4096.0,6400000.0
1.0,256.0,1.0,1.0,1.0,1.0,35.0,32.0,-0.0030632107251067353,-0.0017650185808415486,0.03125,128.0,6400000.0
1.0,256.0,1.0,1.0,1.0,1.0,35.0,32.0,-0.0030632107251067353,-0.0017650185808415486,0.5,8192.0,6400000.0
256.0,256.0,1.0,9.0,617.0,512.0,19430.0,49152.0,0.41306970788267416,0.4354416496260829,2.0,0.015625,6400000.0
1.0,1.0,8.0,1.0,1.0,1.0,543.0,32.0,-0.0030632107251067353,-0.0017650185808415486,0.5,8192.0,6400000.0
1.0,256.0,1.0,1.0,1.0,1.0,35.0,32.0,-0.0030632107251067353,-0.0017650185808415486,0.125,4096.0,6400000.0
1.0,256.0,1.0,1.0,1.0,1.0,35.0,32.0,-0.0030632107251067353,-0.0017650185808415486,0.03125,32768.0,6400000.0
1.0,256.0,1.0,1.0,1.0,1.0,35.0,32.0,-0.0030632107251067353,-0.0017650185808415486,0.03125,2048.0,6400000.0
256.0,256.0,1.0,9.0,618.0,512.0,19431.0,49152.0,0.4130138322161271,0.4353752619212402,0.25,0.0,6400000.0
1.0,1.0,8.0,2.0,3.0,2.0,616.0,192.0,0.03911015413878083,0.040912063041146696,0.125,32.0,6400000.0
256.0,256.0,1.0,9.0,609.0,512.0,19278.0,49152.0,0.4124244160779583,0.43520129917533545,0.25,0.125,6400000.0
103.0,256.0,1.0,9.0,256.0,206.0,7949.0,19776.0,0.37995490114383734,0.3986845301020693,0.25,2.0,6400000.0
8.0,256.0,1.0,2.0,22.0,16.0,654.0,1536.0,0.184803559555608,0.19082719424152972,0.25,32.0,6400000.0
256.0,256.0,1.0,9.0,613.0,512.0,19366.0,49152.0,0.412586224553637,0.43514060418428346,0.0625,0.0625,6400000.0
132.0,256.0,1.0,9.0,327.0,264.0,10148.0,25344.0,0.39466461976455247,0.41622576303042524,0.0625,1.0,6400000.0
256.0,256.0,1.0,9.0,617.0,512.0,19398.0,49152.0,0.413276047303863,0.43541039182882935,0.25,0.0078125,6400000.0
1.0,1.0,8.0,3.0,5.0,3.0,914.0,352.0,0.048146068319603885,0.051476191507202285,0.25,8.0,6400000.0
256.0,256.0,1.0,9.0,617.0,512.0,19367.0,49152.0,0.4130312727546632,0.4350290347378948,0.0625,0.00390625,6400000.0
12.0,256.0,1.0,3.0,33.0,24.0,937.0,2304.0,0.22058073034453196,0.22746378695664926,0.0625,16.0,6400000.0
256.0,256.0,1.0,9.0,618.0,512.0,19399.0,49152.0,0.41306531631813237,0.4350332745335679,1.0,0.000976562,6400000.0
1.0,1.0,8.0,3.0,5.0,3.0,914.0,352.0,0.048146068319603885,0.051476191507202285,0.5,16.0,6400000.0
1.0,1.0,8.0,1.0,1.0,1.0,543.0,32.0,-0.0030632107251067353,-0.0017650185808415486,0.125,16384.0,6400000.0
1.0,1.0,8.0,7.0,60.0,31.0,3563.0,4832.0,0.07580978102843072,0.07780553245632416,1.0,0.03125,6400000.0
3.0,256.0,1.0,2.0,9.0,6.0,279.0,576.0,0.10115259004895938,0.10346957106453547,2.0,64.0,6400000.0
1.0,256.0,1.0,1.0,1.0,1.0,35.0,32.0,-0.0030632107251067353,-0.0017650185808415486,0.0625,256.0,6400000.0
256.0,256.0,1.0,9.0,615.0,512.0,19366.0,49152.0,0.4127784088215536,0.43552353597665716,1.0,0.015625,6400000.0
248.0,256.0,1.0,9.0,593.0,496.0,18745.0,47616.0,0.4124215183797977,0.4347104025419495,2.0,0.25,6400000.0
1.0,256.0,1.0,1.0,1.0,1.0,35.0,32.0,-0.0030632107251067353,-0.0017650185808415486,0.25,512.0,6400000.0
54.0,256.0,1.0,6.0,139.0,108.0,4253.0,10368.0,0.34377893735582843,0.3554020107931547,2.0,4.0,6400000.0
1.0,256.0,1.0,1.0,1.0,1.0,35.0,32.0,-0.0030632107251067353,-0.0017650185808415486,0.0625,4096.0,6400000.0
245.0,256.0,1.0,9.0,586.0,490.0,18490.0,47040.0,0.4125723702361703,0.4345399856821719,1.0,0.25,6400000.0
1.0,256.0,1.0,1.0,1.0,1.0,35.0,32.0,-0.0030632107251067353,-0.0017650185808415486,0.25,8192.0,6400000.0
256.0,256.0,1.0,9.0,618.0,512.0,19431.0,49152.0,0.4130132254343202,0.435375964070704,0.125,0.0,6400000.0
1.0,1.0,8.0,8.0,61.0,31.0,3601.0,4832.0,0.07717698243606463,0.07928944305540209,0.5,0.03125,6400000.0
256.0,256.0,1.0,9.0,618.0,512.0,19431.0,49152.0,0.4130136169368107,0.43537409360276347,0.5,0.000976562,6400000.0
103.0,256.0,1.0,9.0,256.0,206.0,7949.0,19776.0,0.37995277733715227,0.39868370328223646,0.125,2.0,6400000.0
256.0,256.0,1.0,9.0,609.0,512.0,19278.0,49152.0,0.4124244160779583,0.43520129917533545,0.125,0.125,6400000.0
1.0,256.0,1.0,1.0,1.0,1.0,35.0,32.0,-0.0030632107251067353,-0.0017650185808415486,2.0,1024.0,6400000.0
256.0,256.0,1.0,9.0,617.0,512.0,19398.0,49152.0,0.4132755216596742,0.43541100213579165,0.125,0.0078125,6400000.0
256.0,256.0,1.0,9.0,615.0,512.0,19366.0,49152.0,0.41278481997866445,0.43552227141783706,0.5,0.015625,6400000.0
1.0,256.0,1.0,1.0,1.0,1.0,35.0,32.0,-0.0030632107251067353,-0.0017650185808415486,1.0,1024.0,6400000.0
1.0,256.0,1.0,1.0,1.0,1.0,35.0,32.0,-0.0030632107251067353,-0.0017650185808415486,2.0,16384.0,6400000.0
1.0,256.0,1.0,1.0,1.0,1.0,35.0,32.0,-0.0030632107251067353,-0.0017650185808415486,1.0,16384.0,6400000.0
256.0,256.0,1.0,7.0,605.0,512.0,19313.0,49152.0,0.3907294570107882,0.4143251554779934,4.0,0.00195312,6400000.0
250.0,256.0,1.0,9.0,596.0,500.0,18830.0,48000.0,0.41306076463081254,0.43474498077301116,0.5,0.25,6400000.0
1.0,256.0,1.0,1.0,1.0,1.0,35.0,32.0,-0.0030632107251067353,-0.0017650185808415486,0.5,1024.0,6400000.0
3.0,256.0,1.0,2.0,9.0,6.0,279.0,576.0,0.10115259004895938,0.10346957106453547,1.0,64.0,6400000.0
1.0,1.0,8.0,9.0,61.0,31.0,3623.0,4832.0,0.07725628814949692,0.07811131153702688,0.25,0.03125,6400000.0
256.0,256.0,1.0,7.0,604.0,512.0,19311.0,49152.0,0.3907443821906714,0.41404652007961174,4.0,0.03125,6400000.0
21.0,256.0,1.0,3.0,59.0,42.0,1661.0,4032.0,0.2683332385867342,0.27570906523530825,4.0,8.0,6400000.0
54.0,256.0,1.0,6.0,139.0,108.0,4253.0,10368.0,0.3437770914346123,0.3554259991436397,0.5,4.0,6400000.0
144.0,256.0,1.0,6.0,350.0,288.0,11074.0,27648.0,0.37854534555448904,0.39853502197012525,4.0,0.5,6400000.0
8.0,256.0,1.0,2.0,22.0,16.0,654.0,1536.0,0.184803559555608,0.19082719424152972,0.125,32.0,6400000.0
1.0,256.0,1.0,1.0,1.0,1.0,35.0,32.0,-0.0030632107251067353,-0.0017650185808415486,0.125,512.0,6400000.0
3.0,256.0,1.0,2.0,9.0,6.0,279.0,576.0,0.10115259004895938,0.10346957106453547,0.5,64.0,6400000.0
54.0,256.0,1.0,6.0,139.0,108.0,4253.0,10368.0,0.3437752087524123,0.35542497708320786,1.0,4.0,6400000.0
256.0,256.0,1.0,9.0,621.0,512.0,19496.0,49152.0,0.41304435997209377,0.4356132446280191,2.0,0.00195312,6400000.0
1.0,256.0,1.0,1.0,1.0,1.0,35.0,32.0,-0.0030632107251067353,-0.0017650185808415486,4.0,128.0,6400000.0
1.0,256.0,1.0,1.0,1.0,1.0,35.0,32.0,-0.0030632107251067353,-0.0017650185808415486,0.5,16384.0,6400000.0
1.0,1.0,8.0,1.0,1.0,1.0,543.0,32.0,-0.0030632107251067353,-0.0017650185808415486,0.25,8192.0,6400000.0
1.0,1.0,1.0,2.0,3.0,2.0,108.0,192.0,0.03911015413878083,0.040912063041146696,0.25,0.0625,6400000.0
1.0,256.0,1.0,1.0,1.0,1.0,35.0,32.0,-0.0030632107251067353,-0.0017650185808415486,4.0,2048.0,6400000.0
1.0,1.0,8.0,1.0,1.0,1.0,543.0,32.0,-0.0030632107251067353,-0.0017650185808415486,0.5,16384.0,6400000.0
256.0,256.0,1.0,9.0,615.0,512.0,19398.0,49152.0,0.41294731518865346,0.43566945242830923,2.0,0.03125,6400000.0
1.0,256.0,1.0,1.0,1.0,1.0,35.0,32.0,-0.0030632107251067353,-0.0017650185808415486,0.125,8192.0,6400000.0
1.0,256.0,1.0,1.0,1.0,1.0,35.0,32.0,-0.0030632107251067353,-0.0017650185808415486,4.0,32768.0,6400000.0
256.0,256.0,1.0,9.0,618.0,512.0,19431.0,49152.0,0.4130128109855622,0.43537369371852397,0.25,0.000976562,6400000.0
54.0,256.0,1.0,6.0,139.0,108.0,4253.0,10368.0,0.3437747063874942,0.35542621222424586,0.25,4.0,6400000.0
1.0,1.0,8.0,2.0,3.0,2.0,616.0,192.0,0.03911015413878083,0.040912063041146696,1.0,32.0,6400000.0
250.0,256.0,1.0,9.0,596.0,500.0,18830.0,48000.0,0.4131061768736112,0.4347029502114771,0.25,0.25,6400000.0
256.0,256.0,1.0,4.0,584.0,512.0,18877.0,49152.0,0.34288891763246165,0.35507556810935226,8.0,0.00390625,6400000.0
1.0,1.0,8.0,3.0,5.0,3.0,914.0,352.0,0.048146068319603885,0.051476191507202285,0.25,16.0,6400000.0
187.0,256.0,1.0,4.0,438.0,374.0,13929.0,35904.0,0.34330408794581,0.3550297565733882,8.0,0.0625,6400000.0
3.0,256.0,1.0,2.0,9.0,6.0,279.0,576.0,0.10115259004895938,0.10346957106453547,0.25,64.0,6400000.0
1.0,1.0,8.0,2.0,3.0,2.0,616.0,192.0,0.03911015413878083,0.040912063041146696,0.5,32.0,6400000.0
256.0,256.0,1.0,9.0,615.0,512.0,19366.0,49152.0,0.4127847273164854,0.43552182663875705,0.25,0.015625,6400000.0
1.0,1.0,8.0,1.0,1.0,1.0,543.0,32.0,-0.0030632107251067353,-0.0017650185808415486,0.125,32768.0,6400000.0
11.0,256.0,1.0,2.0,30.0,22.0,860.0,2112.0,0.211815897449531,0.21820531799146736,8.0,16.0,6400000.0
1.0,1.0,8.0,7.0,60.0,31.0,3563.0,4832.0,0.07580978102843072,0.07780553245632416,1.0,0.0625,6400000.0
196.0,256.0,1.0,9.0,476.0,392.0,14897.0,37632.0,0.40811222455238605,0.43049871041157617,2.0,0.5,6400000.0
57.0,256.0,1.0,3.0,147.0,114.0,4507.0,10944.0,0.3142547093293758,0.3232846471687646,8.0,1.0,6400000.0
256.0,256.0,1.0,9.0,618.0,512.0,19399.0,49152.0,0.4130733508603126,0.4350350333383456,1.0,0.00195312,6400000.0
1.0,256.0,1.0,1.0,1.0,1.0,35.0,32.0,-0.0030632107251067353,-0.0017650185808415486,8.0,256.0,6400000.0
256.0,256.0,1.0,9.0,615.0,512.0,19366.0,49152.0,0.4128303901964969,0.4354692154472737,1.0,0.03125,6400000.0
1.0,256.0,1.0,1.0,1.0,1.0,35.0,32.0,-0.0030632107251067353,-0.0017650185808415486,2.0,128.0,6400000.0
206.0,256.0,1.0,9.0,492.0,412.0,15561.0,39552.0,0.40781194248224306,0.4302431598945601,1.0,0.5,6400000.0
1.0,256.0,1.0,1.0,1.0,1.0,35.0,32.0,-0.0030632107251067353,-0.0017650185808415486,0.25,1024.0,6400000.0
1.0,256.0,1.0,1.0,1.0,1.0,35.0,32.0,-0.0030632107251067353,-0.0017650185808415486,0.25,16384.0,6400000.0
22.0,256.0,1.0,3.0,61.0,44.0,1728.0,4224.0,0.2720957992971804,0.2796722811129766,2.0,8.0,6400000.0
1.0,256.0,1.0,1.0,1.0,1.0,35.0,32.0,-0.0030632107251067353,-0.0017650185808415486,8.0,4096.0,6400000.0
256.0,256.0,1.0,3.0,567.0,512.0,18568.0,49152.0,0.3192721904722876,0.3275767931618846,16.0,0.0,6400000.0
256.0,256.0,1.0,9.0,618.0,512.0,19431.0,49152.0,0.4130215738875185,0.4353739601154828,0.5,0.00195312,6400000.0
1.0,1.0,8.0,8.0,61.0,31.0,3601.0,4832.0,0.07717698243606463,0.07928944305540209,0.5,0.0625,6400000.0
256.0,256.0,1.0,3.0,567.0,512.0,18568.0,49152.0,0.31903520635383575,0.32769952892667376,16.0,0.0078125,6400000.0
107.0,256.0,1.0,3.0,256.0,214.0,8117.0,20544.0,0.32005186553800824,0.3278117739635793,16.0,0.125,6400000.0
1.0,256.0,1.0,1.0,1.0,1.0,35.0,32.0,-0.0030632107251067353,-0.0017650185808415486,2.0,2048.0,6400000.0
1.0,1.0,8.0,1.0,1.0,1.0,543.0,32.0,-0.0030632107251067353,-0.0017650185808415486,1.0,32768.0,6400000.0
256.0,256.0,1.0,9.0,615.0,512.0,19366.0,49152.0,0.41264935304589323,0.4354868534683314,0.5,0.03125,6400000.0
1.0,256.0,1.0,1.0,1.0,1.0,35.0,32.0,-0.0030632107251067353,-0.0017650185808415486,2.0,32768.0,6400000.0
43.0,256.0,1.0,3.0,114.0,86.0,3452.0,8256.0,0.3074473766207483,0.3169332924081464,16.0,2.0,6400000.0
1.0,256.0,1.0,1.0,1.0,1.0,35.0,32.0,-0.0030632107251067353,-0.0017650185808415486,1.0,128.0,6400000.0
1.0,256.0,1.0,1.0,1.0,1.0,35.0,32.0,-0.0030632107251067353,-0.0017650185808415486,1.0,2048.0,6400000.0
1.0,256.0,1.0,1.0,1.0,1.0,35.0,32.0,-0.0030632107251067353,-0.0017650185808415486,0.5,2048.0,6400000.0
256.0,256.0,1.0,7.0,605.0,512.0,19313.0,49152.0,0.3907303142906384,0.4143252162951476,4.0,0.00390625,6400000.0
208.0,256.0,1.0,9.0,497.0,416.0,15696.0,39936.0,0.40827490140990186,0.43072599259640953,0.5,0.5,6400000.0
256.0,256.0,1.0,7.0,603.0,512.0,19276.0,49152.0,0.3909253970090799,0.4140346629759495,4.0,0.0625,6400000.0
11.0,256.0,1.0,2.0,30.0,22.0,860.0,2112.0,0.211815897449531,0.21820531799146736,4.0,16.0,6400000.0
22.0,256.0,1.0,3.0,61.0,44.0,1728.0,4224.0,0.27209781390772547,0.2796723898647334,0.5,8.0,6400000.0
1.0,1.0,8.0,9.0,61.0,31.0,3623.0,4832.0,0.07725628814949692,0.07811131153702688,0.25,0.0625,6400000.0
97.0,256.0,1.0,6.0,248.0,194.0,7686.0,18624.0,0.36886818893375495,0.387855297907309,4.0,1.0,6400000.0
1.0,256.0,1.0,1.0,1.0,1.0,35.0,32.0,-0.0030632107251067353,-0.0017650185808415486,0.5,32768.0,6400000.0
1.0,256.0,1.0,1.0,1.0,1.0,35.0,32.0,-0.0030632107251067353,-0.0017650185808415486,1.0,32768.0,6400000.0
1.0,256.0,1.0,1.0,1.0,1.0,35.0,32.0,-0.0030632107251067353,-0.0017650185808415486,0.5,128.0,6400000.0
1.0,1.0,1.0,2.0,3.0,2.0,108.0,192.0,0.03911015413878083,0.040912063041146696,0.25,0.125,6400000.0
8.0,256.0,1.0,2.0,22.0,16.0,654.0,1536.0,0.184803559555608,0.19082719424152972,16.0,32.0,6400000.0
1.0,256.0,1.0,1.0,1.0,1.0,35.0,32.0,-0.0030632107251067353,-0.0017650185808415486,16.0,512.0,6400000.0
22.0,256.0,1.0,3.0,61.0,44.0,1728.0,4224.0,0.27209781390772547,0.2796723898647334,1.0,8.0,6400000.0
256.0,256.0,1.0,9.0,621.0,512.0,19497.0,49152.0,0.41310041196966263,0.4355232336426048,2.0,0.00390625,6400000.0
1.0,256.0,1.0,1.0,1.0,1.0,35.0,32.0,-0.0030632107251067353,-0.0017650185808415486,4.0,256.0,6400000.0
1.0,1.0,8.0,1.0,1.0,1.0,543.0,32.0,-0.0030632107251067353,-0.0017650185808415486,0.25,16384.0,6400000.0
1.0,256.0,1.0,1.0,1.0,1.0,35.0,32.0,-0.0030632107251067353,-0.0017650185808415486,4.0,4096.0,6400000.0
1.0,1.0,8.0,1.0,1.0,1.0,543.0,32.0,-0.0030632107251067353,-0.0017650185808415486,0.5,32768.0,6400000.0
256.0,256.0,1.0,9.0,615.0,512.0,19398.0,49152.0,0.41316031174221834,0.43536678912196436,2.0,0.0625,6400000.0
1.0,256.0,1.0,1.0,1.0,1.0,35.0,32.0,-0.0030632107251067353,-0.0017650185808415486,16.0,8192.0,6400000.0
256.0,256.0,1.0,4.0,584.0,512.0,18877.0,49152.0,0.3429194277308787,0.35504840205426,8.0,0.0,6400000.0
1.0,1.0,8.0,2.0,3.0,2.0,616.0,192.0,0.03911015413878083,0.040912063041146696,0.25,32.0,6400000.0
256.0,256.0,1.0,4.0,584.0,512.0,18877.0,49152.0,0.3429780470787245,0.3550220952822647,8.0,0.0078125,6400000.0
1.0,1.0,8.0,2.0,3.0,2.0,616.0,192.0,0.03911015413878083,0.040912063041146696,1.0,64.0,6400000.0
256.0,256.0,1.0,2.0,546.0,512.0,18513.0,49152.0,0.2588784278158035,0.2691134583959923,32.0,0.000976562,6400000.0
49.0,256.0,1.0,2.0,120.0,98.0,3802.0,9408.0,0.25814803654378304,0.27018509884981423,32.0,0.25,6400000.0
153.0,256.0,1.0,4.0,363.0,306.0,11495.0,29376.0,0.3441376516977931,0.3551404651773702,8.0,0.125,6400000.0
187.0,256.0,1.0,2.0,405.0,374.0,13461.0,35904.0,0.2587492692927087,0.26963907438454093,32.0,0.015625,6400000.0
1.0,1.0,8.0,2.0,3.0,2.0,616.0,192.0,0.03911015413878083,0.040912063041146696,0.5,64.0,6400000.0
8.0,256.0,1.0,2.0,22.0,16.0,654.0,1536.0,0.184803559555608,0.19082719424152972,8.0,32.0,6400000.0
1.0,1.0,8.0,7.0,60.0,31.0,3563.0,4832.0,0.07580978102843072,0.07780553245632416,1.0,0.125,6400000.0
128.0,256.0,1.0,9.0,319.0,256.0,9882.0,24576.0,0.3931427141494205,0.41396205209484715,2.0,1.0,6400000.0
25.0,256.0,1.0,2.0,65.0,50.0,1987.0,4800.0,0.2508845036920214,0.2612119600426388,32.0,4.0,6400000.0
42.0,256.0,1.0,3.0,113.0,84.0,3384.0,8064.0,0.30679578504283944,0.31632627311981343,8.0,2.0,6400000.0
256.0,256.0,1.0,9.0,614.0,512.0,19367.0,49152.0,0.41289680277636676,0.4352630710988824,1.0,0.0625,6400000.0
1.0,256.0,1.0,1.0,1.0,1.0,35.0,32.0,-0.0030632107251067353,-0.0017650185808415486,8.0,512.0,6400000.0
131.0,256.0,1.0,9.0,325.0,262.0,10087.0,25152.0,0.39456296972754323,0.4156141228035878,1.0,1.0,6400000.0
1.0,256.0,1.0,1.0,1.0,1.0,35.0,32.0,-0.0030632107251067353,-0.0017650185808415486,2.0,256.0,6400000.0
256.0,256.0,1.0,9.0,618.0,512.0,19399.0,49152.0,0.41307467098182193,0.43503474320966584,1.0,0.00390625,6400000.0
1.0,256.0,1.0,1.0,1.0,1.0,35.0,32.0,-0.0030632107251067353,-0.0017650185808415486,32.0,1024.0,6400000.0
1.0,1.0,8.0,6.0,60.0,31.0,3605.0,4832.0,0.07543477148949185,0.07753220161111818,2.0,0.25,6400000.0
1.0,256.0,1.0,1.0,1.0,1.0,35.0,32.0,-0.0030632107251067353,-0.0017650185808415486,8.0,8192.0,6400000.0
3.0,256.0,1.0,2.0,9.0,6.0,279.0,576.0,0.10115259004895938,0.10346957106453547,32.0,64.0,6400000.0
1.0,1.0,8.0,8.0,61.0,31.0,3601.0,4832.0,0.07717698243606463,0.07928944305540209,0.5,0.125,6400000.0
12.0,256.0,1.0,3.0,33.0,24.0,937.0,2304.0,0.22058008498100445,0.22746552742711335,2.0,16.0,6400000.0
256.0,256.0,1.0,3.0,567.0,512.0,18568.0,49152.0,0.31897762573493815,0.3277078063358567,16.0,0.015625,6400000.0
256.0,256.0,1.0,3.0,567.0,512.0,18568.0,49152.0,0.31929759256203005,0.32755109659582005,16.0,0.000976562,6400000.0
1.0,256.0,1.0,1.0,1.0,1.0,35.0,32.0,-0.0030632107251067353,-0.0017650185808415486,32.0,16384.0,6400000.0
89.0,256.0,1.0,3.0,216.0,178.0,6778.0,17088.0,0.3197109777329641,0.32726936398681383,16.0,0.25,6400000.0
256.0,256.0,1.0,2.0,546.0,512.0,18513.0,49152.0,0.2588784278158035,0.2691134583959923,64.0,0.00195312,6400000.0
1.0,256.0,1.0,1.0,1.0,1.0,35.0,32.0,-0.0030632107251067353,-0.0017650185808415486,2.0,4096.0,6400000.0
1.0,1.0,8.0,6.0,60.0,31.0,3605.0,4832.0,0.07543477148949185,0.07753220161111818,2.0,0.0,6400000.0
1.0,256.0,1.0,1.0,1.0,1.0,35.0,32.0,-0.0030632107251067353,-0.0017650185808415486,1.0,256.0,6400000.0
256.0,256.0,1.0,7.0,605.0,512.0,19313.0,49152.0,0.39072996310209107,0.41432503189484726,4.0,0.0,6400000.0
1.0,256.0,1.0,1.0,1.0,1.0,35.0,32.0,-0.0030632107251067353,-0.0017650185808415486,1.0,4096.0,6400000.0
25.0,256.0,1.0,2.0,65.0,50.0,1987.0,4800.0,0.2508845036920214,0.2612119600426388,16.0,4.0,6400000.0
1.0,1.0,8.0,9.0,61.0,31.0,3623.0,4832.0,0.07725628814949692,0.07811131153702688,0.25,0.125,6400000.0
86.0,256.0,1.0,2.0,200.0,172.0,6487.0,16512.0,0.25920215608368513,0.27061844027369064,64.0,0.03125,6400000.0
256.0,256.0,1.0,9.0,622.0,512.0,19528.0,49152.0,0.41256959629833423,0.43548683634141017,2.0,0.0,6400000.0
256.0,256.0,1.0,7.0,598.0,512.0,19184.0,49152.0,0.3907853206390277,0.414282496704641,4.0,0.125,6400000.0
8.0,256.0,1.0,2.0,22.0,16.0,654.0,1536.0,0.184803559555608,0.19082719424152972,4.0,32.0,6400000.0
76.0,256.0,1.0,6.0,192.0,152.0,5951.0,14592.0,0.35925098196876004,0.375931486213435,4.0,2.0,6400000.0
256.0,256.0,1.0,7.0,605.0,512.0,19313.0,49152.0,0.3907291702529352,0.41432410111062834,4.0,0.0078125,6400000.0
16.0,256.0,1.0,2.0,45.0,32.0,1309.0,3072.0,0.23561062474946082,0.24274222107689147,64.0,8.0,6400000.0
45.0,256.0,1.0,2.0,111.0,90.0,3494.0,8640.0,0.2576096405165842,0.269624389420246,64.0,0.5,6400000.0
1.0,256.0,1.0,1.0,1.0,1.0,35.0,32.0,-0.0030632107251067353,-0.0017650185808415486,4.0,512.0,6400000.0
3.0,256.0,1.0,2.0,9.0,6.0,279.0,576.0,0.10115259004895938,0.10346957106453547,16.0,64.0,6400000.0
12.0,256.0,1.0,3.0,33.0,24.0,937.0,2304.0,0.22058073034453196,0.22746378695664926,1.0,16.0,6400000.0
1.0,256.0,1.0,1.0,1.0,1.0,35.0,32.0,-0.0030632107251067353,-0.0017650185808415486,4.0,8192.0,6400000.0
1.0,256.0,1.0,1.0,1.0,1.0,35.0,32.0,-0.0030632107251067353,-0.0017650185808415486,64.0,32768.0,6400000.0
1.0,1.0,8.0,7.0,60.0,31.0,3563.0,4832.0,0.07580978102843072,0.07780553245632416,1.0,0.0,6400000.0
1.0,256.0,1.0,1.0,1.0,1.0,35.0,32.0,-0.0030632107251067353,-0.0017650185808415486,16.0,1024.0,6400000.0
1.0,256.0,1.0,1.0,1.0,1.0,35.0,32.0,-0.0030632107251067353,-0.0017650185808415486,64.0,2048.0,6400000.0
1.0,1.0,8.0,1.0,1.0,1.0,543.0,32.0,-0.0030632107251067353,-0.0017650185808415486,0.25,32768.0,6400000.0
1.0,1.0,1.0,2.0,3.0,2.0,108.0,192.0,0.03911015413878083,0.040912063041146696,0.25,0.25,6400000.0
256.0,256.0,1.0,9.0,618.0,512.0,19431.0,49152.0,0.41305094963131694,0.43541245229768644,2.0,0.0078125,6400000.0
1.0,256.0,1.0,1.0,1.0,1.0,35.0,32.0,-0.0030632107251067353,-0.0017650185808415486,64.0,128.0,6400000.0
256.0,256.0,1.0,9.0,612.0,512.0,19355.0,49152.0,0.41344478092399783,0.43522853681381024,2.0,0.125,6400000.0
1.0,256.0,1.0,1.0,1.0,1.0,35.0,32.0,-0.0030632107251067353,-0.0017650185808415486,16.0,16384.0,6400000.0
256.0,256.0,1.0,4.0,584.0,512.0,18877.0,49152.0,0.3429197658467271,0.35505041429281725,8.0,0.000976562,6400000.0
1.0,1.0,8.0,2.0,3.0,2.0,616.0,192.0,0.03911015413878083,0.040912063041146696,0.25,64.0,6400000.0
45.0,256.0,1.0,2.0,111.0,90.0,3494.0,8640.0,0.2576096405165842,0.269624389420246,32.0,0.5,6400000.0
1.0,1.0,8.0,1.0,1.0,1.0,543.0,32.0,-0.0030632107251067353,-0.0017650185808415486,1.0,128.0,6400000.0
256.0,256.0,1.0,4.0,584.0,512.0,18877.0,49152.0,0.3428890589772855,0.3548836544111488,8.0,0.015625,6400000.0
96.0,256.0,1.0,3.0,230.0,192.0,7256.0,18432.0,0.3204596799856244,0.32775447012978687,8.0,0.25,6400000.0
256.0,256.0,1.0,2.0,546.0,512.0,18513.0,49152.0,0.2588784278158035,0.2691134583959923,32.0,0.00195312,6400000.0
86.0,256.0,1.0,2.0,200.0,172.0,6487.0,16512.0,0.25920215608368513,0.27061844027369064,32.0,0.03125,6400000.0
1.0,1.0,8.0,1.0,1.0,1.0,543.0,32.0,-0.0030632107251067353,-0.0017650185808415486,0.5,128.0,6400000.0
3.0,256.0,1.0,2.0,9.0,6.0,279.0,576.0,0.10115259004895938,0.10346957106453547,8.0,64.0,6400000.0
91.0,256.0,1.0,7.0,224.0,182.0,6964.0,17472.0,0.3676108246808856,0.3853196254538115,2.0,2.0,6400000.0
16.0,256.0,1.0,2.0,45.0,32.0,1309.0,3072.0,0.23561062474946082,0.24274222107689147,32.0,8.0,6400000.0
1.0,1.0,8.0,7.0,60.0,31.0,3563.0,4832.0,0.07580978102843072,0.07780553245632416,1.0,0.25,6400000.0
1.0,256.0,1.0,1.0,1.0,1.0,35.0,32.0,-0.0030632107251067353,-0.0017650185808415486,8.0,1024.0,6400000.0
37.0,256.0,1.0,3.0,100.0,74.0,2953.0,7104.0,0.3035279711248666,0.3116177878986417,8.0,4.0,6400000.0
1.0,256.0,1.0,1.0,1.0,1.0,35.0,32.0,-0.0030632107251067353,-0.0017650185808415486,2.0,512.0,6400000.0
1.0,256.0,1.0,1.0,1.0,1.0,35.0,32.0,-0.0030632107251067353,-0.0017650185808415486,128.0,0.00390625,6400000.0
1.0,1.0,8.0,6.0,59.0,31.0,3604.0,4832.0,0.07510068072884957,0.07742751259523317,2.0,0.5,6400000.0
177.0,256.0,1.0,3.0,404.0,354.0,13081.0,33984.0,0.32004622116594406,0.32802622698022654,16.0,0.03125,6400000.0
1.0,256.0,1.0,1.0,1.0,1.0,35.0,32.0,-0.0030632107251067353,-0.0017650185808415486,128.0,0.0625,6400000.0
8.0,256.0,1.0,2.0,22.0,16.0,654.0,1536.0,0.184803559555608,0.19082719424152972,2.0,32.0,6400000.0
1.0,256.0,1.0,1.0,1.0,1.0,35.0,32.0,-0.0030632107251067353,-0.0017650185808415486,8.0,16384.0,6400000.0
1.0,1.0,8.0,1.0,1.0,1.0,543.0,32.0,-0.0030632107251067353,-0.0017650185808415486,2.0,256.0,6400000.0
1.0,256.0,1.0,1.0,1.0,1.0,35.0,32.0,-0.0030632107251067353,-0.0017650185808415486,32.0,128.0,6400000.0
1.0,1.0,8.0,8.0,61.0,31.0,3601.0,4832.0,0.07717698243606463,0.07928944305540209,0.5,0.25,6400000.0
1.0,256.0,1.0,1.0,1.0,1.0,35.0,32.0,-0.0030632107251067353,-0.0017650185808415486,32.0,2048.0,6400000.0
256.0,256.0,1.0,3.0,567.0,512.0,18568.0,49152.0,0.31917948600667856,0.3275376716873195,16.0,0.00195312,6400000.0
1.0,256.0,1.0,1.0,1.0,1.0,35.0,32.0,-0.0030632107251067353,-0.0017650185808415486,32.0,32768.0,6400000.0
256.0,256.0,1.0,2.0,546.0,512.0,18513.0,49152.0,0.2588784278158035,0.2691134583959923,64.0,0.00390625,6400000.0
1.0,1.0,8.0,6.0,60.0,31.0,3605.0,4832.0,0.07543477148949185,0.07753220161111818,2.0,0.000976562,6400000.0
1.0,256.0,1.0,1.0,1.0,1.0,35.0,32.0,-0.0030632107251067353,-0.0017650185808415486,2.0,8192.0,6400000.0
256.0,256.0,1.0,7.0,605.0,512.0,19313.0,49152.0,0.39072982011519186,0.41432504728635844,4.0,0.000976562,6400000.0
89.0,256.0,1.0,3.0,214.0,178.0,6743.0,17088.0,0.31992019949380013,0.32734723710247726,16.0,0.5,6400000.0
16.0,256.0,1.0,2.0,45.0,32.0,1309.0,3072.0,0.23561062474946082,0.24274222107689147,16.0,8.0,6400000.0
1.0,256.0,1.0,1.0,1.0,1.0,35.0,32.0,-0.0030632107251067353,-0.0017650185808415486,128.0,1.0,6400000.0
1.0,256.0,1.0,1.0,1.0,1.0,35.0,32.0,-0.0030632107251067353,-0.0017650185808415486,128.0,16.0,6400000.0
3.0,256.0,1.0,2.0,9.0,6.0,279.0,576.0,0.10115259004895938,0.10346957106453547,4.0,64.0,6400000.0
1.0,1.0,8.0,9.0,61.0,31.0,3623.0,4832.0,0.07725628814949692,0.07811131153702688,0.25,0.25,6400000.0
206.0,256.0,1.0,7.0,489.0,412.0,15578.0,39552.0,0.39002626711581545,0.4135442344825899,4.0,0.25,6400000.0
70.0,256.0,1.0,2.0,165.0,140.0,5318.0,13440.0,0.2591075582209761,0.2707474824455458,64.0,0.0625,6400000.0
256.0,256.0,1.0,7.0,605.0,512.0,19313.0,49152.0,0.39100455418903646,0.4141273193523135,4.0,0.015625,6400000.0
33.0,256.0,1.0,3.0,90.0,66.0,2615.0,6336.0,0.2975518340950938,0.3062163393205386,4.0,4.0,6400000.0
1.0,256.0,1.0,1.0,1.0,1.0,35.0,32.0,-0.0030632107251067353,-0.0017650185808415486,4.0,16384.0,6400000.0
11.0,256.0,1.0,2.0,30.0,22.0,860.0,2112.0,0.211815897449531,0.21820531799146736,64.0,16.0,6400000.0
1.0,256.0,1.0,1.0,1.0,1.0,35.0,32.0,-0.0030632107251067353,-0.0017650185808415486,16.0,128.0,6400000.0
1.0,256.0,1.0,1.0,1.0,1.0,35.0,32.0,-0.0030632107251067353,-0.0017650185808415486,128.0,256.0,6400000.0
1.0,256.0,1.0,1.0,1.0,1.0,35.0,32.0,-0.0030632107251067353,-0.0017650185808415486,16.0,2048.0,6400000.0
1.0,1.0,8.0,8.0,61.0,31.0,3601.0,4832.0,0.07717698243606463,0.07928944305540209,0.5,0.0,6400000.0
1.0,256.0,1.0,1.0,1.0,1.0,35.0,32.0,-0.0030632107251067353,-0.0017650185808415486,128.0,4096.0,6400000.0
1.0,1.0,1.0,2.0,3.0,2.0,108.0,192.0,0.03911015413878083,0.040912063041146696,0.25,0.5,6400000.0
1.0,256.0,1.0,1.0,1.0,1.0,35.0,32.0,-0.0030632107251067353,-0.0017650185808415486,128.0,0.0,6400000.0
1.0,256.0,1.0,1.0,1.0,1.0,35.0,32.0,-0.0030632107251067353,-0.0017650185808415486,256.0,0.0,6400000.0
32.0,256.0,1.0,2.0,82.0,64.0,2561.0,6144.0,0.25375401307087353,0.2660820235119521,64.0,1.0,6400000.0
1.0,256.0,1.0,1.0,1.0,1.0,35.0,32.0,-0.0030632107251067353,-0.0017650185808415486,64.0,4096.0,6400000.0
1.0,1.0,8.0,7.0,60.0,31.0,3563.0,4832.0,0.07580978102843072,0.07780553245632416,1.0,0.000976562,6400000.0
1.0,256.0,1.0,1.0,1.0,1.0,35.0,32.0,-0.0030632107251067353,-0.0017650185808415486,64.0,256.0,6400000.0
1.0,256.0,1.0,1.0,1.0,1.0,35.0,32.0,-0.0030632107251067353,-0.0017650185808415486,4.0,1024.0,6400000.0
1.0,256.0,1.0,1.0,1.0,1.0,35.0,32.0,-0.0030632107251067353,-0.0017650185808415486,16.0,32768.0,6400000.0
1.0,256.0,1.0,1.0,1.0,1.0,35.0,32.0,-0.0030632107251067353,-0.0017650185808415486,256.0,0.0078125,6400000.0
1.0,1.0,8.0,1.0,1.0,1.0,543.0,32.0,-0.0030632107251067353,-0.0017650185808415486,0.25,128.0,6400000.0
256.0,256.0,1.0,4.0,584.0,512.0,18877.0,49152.0,0.34296514012313906,0.3550500641929232,8.0,0.00195312,6400000.0
1.0,1.0,8.0,1.0,1.0,1.0,543.0,32.0,-0.0030632107251067353,-0.0017650185808415486,1.0,256.0,6400000.0
32.0,256.0,1.0,2.0,82.0,64.0,2561.0,6144.0,0.25375401307087353,0.2660820235119521,32.0,1.0,6400000.0
256.0,256.0,1.0,4.0,584.0,512.0,18877.0,49152.0,0.3430124166311902,0.3548982589550861,8.0,0.03125,6400000.0
93.0,256.0,1.0,3.0,223.0,186.0,7051.0,17856.0,0.32032633577750613,0.32751658150271046,8.0,0.5,6400000.0
70.0,256.0,1.0,2.0,165.0,140.0,5318.0,13440.0,0.2591075582209761,0.2707474824455458,32.0,0.0625,6400000.0
256.0,256.0,1.0,2.0,546.0,512.0,18513.0,49152.0,0.2588784278158035,0.2691134583959923,32.0,0.00390625,6400000.0
11.0,256.0,1.0,2.0,30.0,22.0,860.0,2112.0,0.211815897449531,0.21820531799146736,32.0,16.0,6400000.0
1.0,256.0,1.0,1.0,1.0,1.0,35.0,32.0,-0.0030632107251067353,-0.0017650185808415486,8.0,2048.0,6400000.0
1.0,1.0,8.0,1.0,1.0,1.0,543.0,32.0,-0.0030632107251067353,-0.0017650185808415486,0.5,256.0,6400000.0
1.0,256.0,1.0,1.0,1.0,1.0,35.0,32.0,-0.0030632107251067353,-0.0017650185808415486,8.0,128.0,6400000.0
1.0,1.0,8.0,6.0,58.0,31.0,3584.0,4832.0,0.07399809963254345,0.07749778005100971,1.0,0.5,6400000.0
21.0,256.0,1.0,3.0,60.0,42.0,1693.0,4032.0,0.26841123900263475,0.2756962486874993,8.0,8.0,6400000.0
1.0,256.0,1.0,1.0,1.0,1.0,35.0,32.0,-0.0030632107251067353,-0.0017650185808415486,128.0,0.0078125,6400000.0
1.0,1.0,8.0,3.0,19.0,10.0,1775.0,1472.0,0.060867552443509054,0.06369103411821164,2.0,1.0,6400000.0
1.0,256.0,1.0,1.0,1.0,1.0,35.0,32.0,-0.0030632107251067353,-0.0017650185808415486,256.0,0.125,6400000.0
1.0,256.0,1.0,1.0,1.0,1.0,35.0,32.0,-0.0030632107251067353,-0.0017650185808415486,256.0,2.0,6400000.0
1.0,256.0,1.0,1.0,1.0,1.0,35.0,32.0,-0.0030632107251067353,-0.0017650185808415486,32.0,256.0,6400000.0
139.0,256.0,1.0,3.0,325.0,278.0,10363.0,26688.0,0.31992771259108566,0.3274050409333906,16.0,0.0625,6400000.0
1.0,1.0,8.0,7.0,59.0,31.0,3591.0,4832.0,0.07551714720441305,0.07906584328706956,0.5,0.5,6400000.0
1.0,256.0,1.0,1.0,1.0,1.0,35.0,32.0,-0.0030632107251067353,-0.0017650185808415486,8.0,32768.0,6400000.0
1.0,1.0,8.0,1.0,1.0,1.0,543.0,32.0,-0.0030632107251067353,-0.0017650185808415486,2.0,512.0,6400000.0
1.0,256.0,1.0,1.0,1.0,1.0,35.0,32.0,-0.0030632107251067353,-0.0017650185808415486,128.0,0.125,6400000.0
1.0,256.0,1.0,1.0,1.0,1.0,35.0,32.0,-0.0030632107251067353,-0.0017650185808415486,32.0,4096.0,6400000.0
256.0,256.0,1.0,3.0,566.0,512.0,18567.0,49152.0,0.3191424039323346,0.32762997697097307,16.0,0.00390625,6400000.0
1.0,256.0,1.0,1.0,1.0,1.0,35.0,32.0,-0.0030632107251067353,-0.0017650185808415486,256.0,32.0,6400000.0
256.0,256.0,1.0,2.0,546.0,512.0,18513.0,49152.0,0.2588784278158035,0.2691134583959923,64.0,0.0078125,6400000.0
256.0,256.0,1.0,2.0,546.0,512.0,18513.0,49152.0,0.2588784278158035,0.2691134583959923,64.0,0.0,6400000.0
1.0,256.0,1.0,1.0,1.0,1.0,35.0,32.0,-0.0030632107251067353,-0.0017650185808415486,256.0,512.0,6400000.0
55.0,256.0,1.0,3.0,143.0,110.0,4371.0,10560.0,0.3130626006825695,0.32245199730833507,16.0,1.0,6400000.0
1.0,256.0,1.0,1.0,1.0,1.0,35.0,32.0,-0.0030632107251067353,-0.0017650185808415486,128.0,2.0,6400000.0
1.0,1.0,8.0,6.0,60.0,31.0,3605.0,4832.0,0.07543477148949185,0.07753220161111818,2.0,0.00195312,6400000.0
1.0,1.0,8.0,3.0,60.0,31.0,3039.0,4832.0,0.06437497090985733,0.06582688232311185,4.0,0.00195312,6400000.0
11.0,256.0,1.0,2.0,30.0,22.0,860.0,2112.0,0.211815897449531,0.21820531799146736,16.0,16.0,6400000.0
1.0,256.0,1.0,1.0,1.0,1.0,35.0,32.0,-0.0030632107251067353,-0.0017650185808415486,128.0,32.0,6400000.0
59.0,256.0,1.0,2.0,142.0,118.0,4556.0,11328.0,0.25881035508149797,0.27079152769404335,64.0,0.125,6400000.0
1.0,256.0,1.0,1.0,1.0,1.0,35.0,32.0,-0.0030632107251067353,-0.0017650185808415486,256.0,8192.0,6400000.0
1.0,256.0,1.0,1.0,1.0,1.0,35.0,32.0,-0.0030632107251067353,-0.0017650185808415486,512.0,0.000976562,6400000.0
1.0,256.0,1.0,1.0,1.0,1.0,35.0,32.0,-0.0030632107251067353,-0.0017650185808415486,512.0,0.015625,6400000.0
8.0,256.0,1.0,2.0,22.0,16.0,654.0,1536.0,0.184803559555608,0.19082719424152972,64.0,32.0,6400000.0
1.0,256.0,1.0,1.0,1.0,1.0,35.0,32.0,-0.0030632107251067353,-0.0017650185808415486,16.0,4096.0,6400000.0
1.0,256.0,1.0,1.0,1.0,1.0,35.0,32.0,-0.0030632107251067353,-0.0017650185808415486,16.0,256.0,6400000.0
1.0,256.0,1.0,1.0,1.0,1.0,35.0,32.0,-0.0030632107251067353,-0.0017650185808415486,512.0,0.25,6400000.0
1.0,1.0,8.0,8.0,61.0,31.0,3601.0,4832.0,0.07717698243606463,0.07928944305540209,0.5,0.000976562,6400000.0
1.0,1.0,1.0,2.0,3.0,2.0,108.0,192.0,0.03911015413878083,0.040912063041146696,0.25,1.0,6400000.0
1.0,256.0,1.0,1.0,1.0,1.0,35.0,32.0,-0.0030632107251067353,-0.0017650185808415486,128.0,512.0,6400000.0
1.0,256.0,1.0,1.0,1.0,1.0,35.0,32.0,-0.0030632107251067353,-0.0017650185808415486,512.0,4.0,6400000.0
1.0,256.0,1.0,1.0,1.0,1.0,35.0,32.0,-0.0030632107251067353,-0.0017650185808415486,128.0,8192.0,6400000.0
1.0,256.0,1.0,1.0,1.0,1.0,35.0,32.0,-0.0030632107251067353,-0.0017650185808415486,512.0,64.0,6400000.0
1.0,256.0,1.0,1.0,1.0,1.0,35.0,32.0,-0.0030632107251067353,-0.0017650185808415486,128.0,0.000976562,6400000.0
1.0,256.0,1.0,1.0,1.0,1.0,35.0,32.0,-0.0030632107251067353,-0.0017650185808415486,256.0,0.000976562,6400000.0
1.0,1.0,8.0,7.0,60.0,31.0,3563.0,4832.0,0.07580978102843072,0.07780553245632416,1.0,0.00195312,6400000.0
1.0,256.0,1.0,1.0,1.0,1.0,35.0,32.0,-0.0030632107251067353,-0.0017650185808415486,64.0,512.0,6400000.0
26.0,256.0,1.0,2.0,68.0,52.0,2088.0,4992.0,0.25099273326546023,0.26215306003732575,64.0,2.0,6400000.0
1.0,256.0,1.0,1.0,1.0,1.0,35.0,32.0,-0.0030632107251067353,-0.0017650185808415486,64.0,8192.0,6400000.0
1.0,256.0,1.0,1.0,1.0,1.0,35.0,32.0,-0.0030632107251067353,-0.0017650185808415486,256.0,0.015625,6400000.0
256.0,256.0,1.0,2.0,546.0,512.0,18513.0,49152.0,0.2588784278158035,0.2691134583959923,32.0,0.0,6400000.0
1.0,256.0,1.0,1.0,1.0,1.0,35.0,32.0,-0.0030632107251067353,-0.0017650185808415486,512.0,1024.0,6400000.0
1.0,1.0,8.0,1.0,1.0,1.0,543.0,32.0,-0.0030632107251067353,-0.0017650185808415486,0.25,256.0,6400000.0
26.0,256.0,1.0,2.0,68.0,52.0,2088.0,4992.0,0.25099273326546023,0.26215306003732575,32.0,2.0,6400000.0
1.0,1.0,8.0,1.0,1.0,1.0,543.0,32.0,-0.0030632107251067353,-0.0017650185808415486,1.0,512.0,6400000.0
1.0,256.0,1.0,1.0,1.0,1.0,35.0,32.0,-0.0030632107251067353,-0.0017650185808415486,512.0,16384.0,6400000.0
8.0,256.0,1.0,2.0,22.0,16.0,654.0,1536.0,0.184803559555608,0.19082719424152972,32.0,32.0,6400000.0
59.0,256.0,1.0,2.0,142.0,118.0,4556.0,11328.0,0.25881035508149797,0.27079152769404335,32.0,0.125,6400000.0
256.0,256.0,1.0,2.0,546.0,512.0,18513.0,49152.0,0.2588784278158035,0.2691134583959923,32.0,0.0078125,6400000.0
1.0,256.0,1.0,1.0,1.0,1.0,35.0,32.0,-0.0030632107251067353,-0.0017650185808415486,1024.0,0.03125,6400000.0
1.0,1.0,8.0,6.0,58.0,31.0,3583.0,4832.0,0.07500897417883001,0.07762123032970791,1.0,1.0,6400000.0
1.0,256.0,1.0,1.0,1.0,1.0,35.0,32.0,-0.0030632107251067353,-0.0017650185808415486,1024.0,0.00195312,6400000.0
1.0,1.0,8.0,1.0,1.0,1.0,543.0,32.0,-0.0030632107251067353,-0.0017650185808415486,0.5,512.0,6400000.0
1.0,256.0,1.0,1.0,1.0,1.0,35.0,32.0,-0.0030632107251067353,-0.0017650185808415486,128.0,0.015625,6400000.0
1.0,1.0,8.0,3.0,15.0,8.0,1413.0,1152.0,0.05912329229729474,0.06308131038571607,4.0,2.0,6400000.0
1.0,1.0,8.0,3.0,15.0,8.0,1413.0,1152.0,0.05912329229729474,0.06308131038571607,2.0,2.0,6400000.0
1.0,256.0,1.0,1.0,1.0,1.0,35.0,32.0,-0.0030632107251067353,-0.0017650185808415486,256.0,0.25,6400000.0
1.0,256.0,1.0,1.0,1.0,1.0,35.0,32.0,-0.0030632107251067353,-0.0017650185808415486,1024.0,0.5,6400000.0
1.0,256.0,1.0,1.0,1.0,1.0,35.0,32.0,-0.0030632107251067353,-0.0017650185808415486,1024.0,8.0,6400000.0
1.0,256.0,1.0,1.0,1.0,1.0,35.0,32.0,-0.0030632107251067353,-0.0017650185808415486,32.0,512.0,6400000.0
1.0,256.0,1.0,1.0,1.0,1.0,35.0,32.0,-0.0030632107251067353,-0.0017650185808415486,256.0,4.0,6400000.0
1.0,1.0,8.0,7.0,59.0,31.0,3591.0,4832.0,0.07551714720441305,0.07906584328706956,0.5,1.0,6400000.0
1.0,256.0,1.0,1.0,1.0,1.0,35.0,32.0,-0.0030632107251067353,-0.0017650185808415486,1024.0,128.0,6400000.0
1.0,1.0,8.0,1.0,1.0,1.0,543.0,32.0,-0.0030632107251067353,-0.0017650185808415486,2.0,1024.0,6400000.0
1.0,256.0,1.0,1.0,1.0,1.0,35.0,32.0,-0.0030632107251067353,-0.0017650185808415486,32.0,8192.0,6400000.0
1.0,256.0,1.0,1.0,1.0,1.0,35.0,32.0,-0.0030632107251067353,-0.0017650185808415486,128.0,0.25,6400000.0
187.0,256.0,1.0,2.0,405.0,374.0,13461.0,35904.0,0.2587492692927087,0.26963907438454093,64.0,0.015625,6400000.0
1.0,256.0,1.0,1.0,1.0,1.0,35.0,32.0,-0.0030632107251067353,-0.0017650185808415486,256.0,64.0,6400000.0
1.0,256.0,1.0,1.0,1.0,1.0,35.0,32.0,-0.0030632107251067353,-0.0017650185808415486,256.0,1024.0,6400000.0
1.0,256.0,1.0,1.0,1.0,1.0,35.0,32.0,-0.0030632107251067353,-0.0017650185808415486,1024.0,2048.0,6400000.0
256.0,256.0,1.0,2.0,546.0,512.0,18513.0,49152.0,0.2588784278158035,0.2691134583959923,64.0,0.000976562,6400000.0
1.0,256.0,1.0,1.0,1.0,1.0,35.0,32.0,-0.0030632107251067353,-0.0017650185808415486,128.0,4.0,6400000.0
1.0,1.0,8.0,6.0,60.0,31.0,3605.0,4832.0,0.07543477148949185,0.07753220161111818,2.0,0.00390625,6400000.0
1.0,1.0,8.0,3.0,60.0,31.0,3039.0,4832.0,0.06437497090985733,0.06582688232311185,4.0,0.00390625,6400000.0
1.0,256.0,1.0,1.0,1.0,1.0,35.0,32.0,-0.0030632107251067353,-0.0017650185808415486,1024.0,32768.0,6400000.0
1.0,256.0,1.0,1.0,1.0,1.0,35.0,32.0,-0.0030632107251067353,-0.0017650185808415486,128.0,64.0,6400000.0
1.0,256.0,1.0,1.0,1.0,1.0,35.0,32.0,-0.0030632107251067353,-0.0017650185808415486,2048.0,0.00390625,6400000.0
1.0,256.0,1.0,1.0,1.0,1.0,35.0,32.0,-0.0030632107251067353,-0.0017650185808415486,256.0,16384.0,6400000.0
49.0,256.0,1.0,2.0,120.0,98.0,3802.0,9408.0,0.25814803654378304,0.27018509884981423,64.0,0.25,6400000.0
1.0,256.0,1.0,1.0,1.0,1.0,35.0,32.0,-0.0030632107251067353,-0.0017650185808415486,2048.0,0.0625,6400000.0
1.0,256.0,1.0,1.0,1.0,1.0,35.0,32.0,-0.0030632107251067353,-0.0017650185808415486,512.0,0.00195312,6400000.0
1.0,256.0,1.0,1.0,1.0,1.0,35.0,32.0,-0.0030632107251067353,-0.0017650185808415486,512.0,0.03125,6400000.0
1.0,256.0,1.0,1.0,1.0,1.0,35.0,32.0,-0.0030632107251067353,-0.0017650185808415486,64.0,64.0,6400000.0
1.0,256.0,1.0,1.0,1.0,1.0,35.0,32.0,-0.0030632107251067353,-0.0017650185808415486,512.0,0.5,6400000.0
1.0,256.0,1.0,1.0,1.0,1.0,35.0,32.0,-0.0030632107251067353,-0.0017650185808415486,2048.0,1.0,6400000.0
1.0,256.0,1.0,1.0,1.0,1.0,35.0,32.0,-0.0030632107251067353,-0.0017650185808415486,128.0,16384.0,6400000.0
1.0,1.0,8.0,7.0,60.0,31.0,3563.0,4832.0,0.07580978102843072,0.07780553245632416,1.0,0.00390625,6400000.0
1.0,256.0,1.0,1.0,1.0,1.0,35.0,32.0,-0.0030632107251067353,-0.0017650185808415486,256.0,0.00195312,6400000.0
1.0,256.0,1.0,1.0,1.0,1.0,35.0,32.0,-0.0030632107251067353,-0.0017650185808415486,128.0,1024.0,6400000.0
1.0,256.0,1.0,1.0,1.0,1.0,35.0,32.0,-0.0030632107251067353,-0.0017650185808415486,512.0,128.0,6400000.0
1.0,256.0,1.0,1.0,1.0,1.0,35.0,32.0,-0.0030632107251067353,-0.0017650185808415486,512.0,8.0,6400000.0
1.0,1.0,1.0,2.0,3.0,2.0,108.0,192.0,0.03911015413878083,0.040912063041146696,0.25,2.0,6400000.0
25.0,256.0,1.0,2.0,65.0,50.0,1987.0,4800.0,0.2508845036920214,0.2612119600426388,64.0,4.0,6400000.0
1.0,1.0,8.0,8.0,61.0,31.0,3601.0,4832.0,0.07717698243606463,0.07928944305540209,0.5,0.00195312,6400000.0
1.0,256.0,1.0,1.0,1.0,1.0,35.0,32.0,-0.0030632107251067353,-0.0017650185808415486,256.0,0.03125,6400000.0
1.0,256.0,1.0,1.0,1.0,1.0,35.0,32.0,-0.0030632107251067353,-0.0017650185808415486,64.0,1024.0,6400000.0
1.0,256.0,1.0,1.0,1.0,1.0,35.0,32.0,-0.0030632107251067353,-0.0017650185808415486,64.0,16384.0,6400000.0
1.0,256.0,1.0,1.0,1.0,1.0,35.0,32.0,-0.0030632107251067353,-0.0017650185808415486,2048.0,16.0,6400000.0
1.0,256.0,1.0,1.0,1.0,1.0,35.0,32.0,-0.0030632107251067353,-0.0017650185808415486,128.0,0.00195312,6400000.0
1.0,256.0,1.0,1.0,1.0,1.0,35.0,32.0,-0.0030632107251067353,-0.0017650185808415486,512.0,2048.0,6400000.0
1.0,256.0,1.0,1.0,1.0,1.0,35.0,32.0,-0.0030632107251067353,-0.0017650185808415486,2048.0,256.0,6400000.0
1.0,1.0,8.0,1.0,1.0,1.0,543.0,32.0,-0.0030632107251067353,-0.0017650185808415486,4.0,2048.0,6400000.0
1.0,256.0,1.0,1.0,1.0,1.0,35.0,32.0,-0.0030632107251067353,-0.0017650185808415486,512.0,32768.0,6400000.0
1.0,256.0,1.0,1.0,1.0,1.0,35.0,32.0,-0.0030632107251067353,-0.0017650185808415486,2048.0,4096.0,6400000.0
1.0,256.0,1.0,1.0,1.0,1.0,35.0,32.0,-0.0030632107251067353,-0.0017650185808415486,4096.0,0.0,6400000.0
1.0,1.0,8.0,4.0,15.0,8.0,1644.0,1152.0,0.05932408169111503,0.06282323763671127,1.0,2.0,6400000.0
1.0,256.0,1.0,1.0,1.0,1.0,35.0,32.0,-0.0030632107251067353,-0.0017650185808415486,1024.0,0.00390625,6400000.0
1.0,1.0,8.0,3.0,11.0,6.0,1311.0,832.0,0.055959939578521745,0.05997459583745146,4.0,4.0,6400000.0
1.0,256.0,1.0,1.0,1.0,1.0,35.0,32.0,-0.0030632107251067353,-0.0017650185808415486,1024.0,0.0625,6400000.0
1.0,1.0,8.0,1.0,1.0,1.0,543.0,32.0,-0.0030632107251067353,-0.0017650185808415486,1.0,1024.0,6400000.0
1.0,1.0,8.0,3.0,11.0,6.0,1311.0,832.0,0.055959939578521745,0.05997459583745146,2.0,4.0,6400000.0
1.0,1.0,8.0,1.0,1.0,1.0,543.0,32.0,-0.0030632107251067353,-0.0017650185808415486,0.5,1024.0,6400000.0
1.0,256.0,1.0,1.0,1.0,1.0,35.0,32.0,-0.0030632107251067353,-0.0017650185808415486,256.0,0.5,6400000.0
1.0,256.0,1.0,1.0,1.0,1.0,35.0,32.0,-0.0030632107251067353,-0.0017650185808415486,128.0,0.03125,6400000.0
1.0,256.0,1.0,1.0,1.0,1.0,35.0,32.0,-0.0030632107251067353,-0.0017650185808415486,4096.0,0.125,6400000.0
1.0,256.0,1.0,1.0,1.0,1.0,35.0,32.0,-0.0030632107251067353,-0.0017650185808415486,4096.0,0.0078125,6400000.0
1.0,256.0,1.0,1.0,1.0,1.0,35.0,32.0,-0.0030632107251067353,-0.0017650185808415486,1024.0,16.0,6400000.0
1.0,256.0,1.0,1.0,1.0,1.0,35.0,32.0,-0.0030632107251067353,-0.0017650185808415486,1024.0,1.0,6400000.0
1.0,256.0,1.0,1.0,1.0,1.0,35.0,32.0,-0.0030632107251067353,-0.0017650185808415486,4096.0,2.0,6400000.0
1.0,256.0,1.0,1.0,1.0,1.0,35.0,32.0,-0.0030632107251067353,-0.0017650185808415486,256.0,8.0,6400000.0
1.0,256.0,1.0,1.0,1.0,1.0,35.0,32.0,-0.0030632107251067353,-0.0017650185808415486,1024.0,256.0,6400000.0
1.0,256.0,1.0,1.0,1.0,1.0,35.0,32.0,-0.0030632107251067353,-0.0017650185808415486,256.0,2048.0,6400000.0
1.0,1.0,8.0,6.0,22.0,12.0,2310.0,1792.0,0.0626715132655773,0.06627856070309712,0.5,2.0,6400000.0
1.0,1.0,8.0,1.0,1.0,1.0,543.0,32.0,-0.0030632107251067353,-0.0017650185808415486,2.0,2048.0,6400000.0
1.0,256.0,1.0,1.0,1.0,1.0,35.0,32.0,-0.0030632107251067353,-0.0017650185808415486,128.0,0.5,6400000.0
1.0,256.0,1.0,1.0,1.0,1.0,35.0,32.0,-0.0030632107251067353,-0.0017650185808415486,256.0,128.0,6400000.0
1.0,256.0,1.0,1.0,1.0,1.0,35.0,32.0,-0.0030632107251067353,-0.0017650185808415486,4096.0,32.0,6400000.0
1.0,256.0,1.0,1.0,1.0,1.0,35.0,32.0,-0.0030632107251067353,-0.0017650185808415486,2048.0,0.0,6400000.0
1.0,1.0,8.0,6.0,60.0,31.0,3605.0,4832.0,0.07543477148949185,0.07753220161111818,2.0,0.0078125,6400000.0
1.0,256.0,1.0,1.0,1.0,1.0,35.0,32.0,-0.0030632107251067353,-0.0017650185808415486,128.0,8.0,6400000.0
1.0,256.0,1.0,1.0,1.0,1.0,35.0,32.0,-0.0030632107251067353,-0.0017650185808415486,1024.0,4096.0,6400000.0
1.0,256.0,1.0,1.0,1.0,1.0,35.0,32.0,-0.0030632107251067353,-0.0017650185808415486,4096.0,8192.0,6400000.0
1.0,256.0,1.0,1.0,1.0,1.0,35.0,32.0,-0.0030632107251067353,-0.0017650185808415486,128.0,128.0,6400000.0
1.0,1.0,8.0,3.0,60.0,31.0,3039.0,4832.0,0.06437497090985733,0.06582688232311185,4.0,0.0078125,6400000.0
1.0,256.0,1.0,1.0,1.0,1.0,35.0,32.0,-0.0030632107251067353,-0.0017650185808415486,2048.0,0.0078125,6400000.0
1.0,256.0,1.0,1.0,1.0,1.0,35.0,32.0,-0.0030632107251067353,-0.0017650185808415486,2048.0,0.125,6400000.0
1.0,256.0,1.0,1.0,1.0,1.0,35.0,32.0,-0.0030632107251067353,-0.0017650185808415486,4096.0,512.0,6400000.0
1.0,256.0,1.0,1.0,1.0,1.0,35.0,32.0,-0.0030632107251067353,-0.0017650185808415486,256.0,32768.0,6400000.0
1.0,256.0,1.0,1.0,1.0,1.0,35.0,32.0,-0.0030632107251067353,-0.0017650185808415486,512.0,0.0625,6400000.0
1.0,256.0,1.0,1.0,1.0,1.0,35.0,32.0,-0.0030632107251067353,-0.0017650185808415486,512.0,0.00390625,6400000.0
1.0,256.0,1.0,1.0,1.0,1.0,35.0,32.0,-0.0030632107251067353,-0.0017650185808415486,128.0,2048.0,6400000.0
1.0,256.0,1.0,1.0,1.0,1.0,35.0,32.0,-0.0030632107251067353,-0.0017650185808415486,8192.0,0.000976562,6400000.0
1.0,256.0,1.0,1.0,1.0,1.0,35.0,32.0,-0.0030632107251067353,-0.0017650185808415486,8192.0,0.015625,6400000.0
1.0,256.0,1.0,1.0,1.0,1.0,35.0,32.0,-0.0030632107251067353,-0.0017650185808415486,256.0,0.00390625,6400000.0
1.0,256.0,1.0,1.0,1.0,1.0,35.0,32.0,-0.0030632107251067353,-0.0017650185808415486,2048.0,2.0,6400000.0
1.0,256.0,1.0,1.0,1.0,1.0,35.0,32.0,-0.0030632107251067353,-0.0017650185808415486,128.0,32768.0,6400000.0
1.0,256.0,1.0,1.0,1.0,1.0,35.0,32.0,-0.0030632107251067353,-0.0017650185808415486,512.0,16.0,6400000.0
1.0,256.0,1.0,1.0,1.0,1.0,35.0,32.0,-0.0030632107251067353,-0.0017650185808415486,256.0,0.0625,6400000.0
1.0,256.0,1.0,1.0,1.0,1.0,35.0,32.0,-0.0030632107251067353,-0.0017650185808415486,512.0,1.0,6400000.0
1.0,1.0,8.0,7.0,60.0,31.0,3563.0,4832.0,0.07580978102843072,0.07780553245632416,1.0,0.0078125,6400000.0
1.0,256.0,1.0,1.0,1.0,1.0,35.0,32.0,-0.0030632107251067353,-0.0017650185808415486,2048.0,32.0,6400000.0
1.0,256.0,1.0,1.0,1.0,1.0,35.0,32.0,-0.0030632107251067353,-0.0017650185808415486,512.0,256.0,6400000.0
1.0,256.0,1.0,1.0,1.0,1.0,35.0,32.0,-0.0030632107251067353,-0.0017650185808415486,512.0,4096.0,6400000.0
1.0,1.0,1.0,2.0,3.0,2.0,108.0,192.0,0.03911015413878083,0.040912063041146696,0.25,4.0,6400000.0
1.0,256.0,1.0,1.0,1.0,1.0,35.0,32.0,-0.0030632107251067353,-0.0017650185808415486,8192.0,0.25,6400000.0
1.0,1.0,8.0,3.0,60.0,31.0,3039.0,4832.0,0.06437497090985733,0.06582688232311185,8.0,0.015625,6400000.0
1.0,256.0,1.0,1.0,1.0,1.0,35.0,32.0,-0.0030632107251067353,-0.0017650185808415486,2048.0,512.0,6400000.0
1.0,256.0,1.0,1.0,1.0,1.0,35.0,32.0,-0.0030632107251067353,-0.0017650185808415486,8192.0,1024.0,6400000.0
1.0,256.0,1.0,1.0,1.0,1.0,35.0,32.0,-0.0030632107251067353,-0.0017650185808415486,8192.0,4.0,6400000.0
1.0,256.0,1.0,1.0,1.0,1.0,35.0,32.0,-0.0030632107251067353,-0.0017650185808415486,8192.0,64.0,6400000.0
1.0,1.0,8.0,1.0,1.0,1.0,543.0,32.0,-0.0030632107251067353,-0.0017650185808415486,4.0,4096.0,6400000.0
1.0,256.0,1.0,1.0,1.0,1.0,35.0,32.0,-0.0030632107251067353,-0.0017650185808415486,1024.0,0.0,6400000.0
1.0,256.0,1.0,1.0,1.0,1.0,35.0,32.0,-0.0030632107251067353,-0.0017650185808415486,2048.0,8192.0,6400000.0
1.0,256.0,1.0,1.0,1.0,1.0,35.0,32.0,-0.0030632107251067353,-0.0017650185808415486,4096.0,0.000976562,6400000.0
1.0,1.0,8.0,3.0,5.0,3.0,914.0,352.0,0.048146068319603885,0.051476191507202285,4.0,8.0,6400000.0
1.0,256.0,1.0,1.0,1.0,1.0,35.0,32.0,-0.0030632107251067353,-0.0017650185808415486,1024.0,0.0078125,6400000.0
1.0,256.0,1.0,1.0,1.0,1.0,35.0,32.0,-0.0030632107251067353,-0.0017650185808415486,1024.0,0.125,6400000.0
1.0,1.0,8.0,3.0,11.0,6.0,1311.0,832.0,0.055959939578521745,0.05997459583745146,1.0,4.0,6400000.0
1.0,256.0,1.0,1.0,1.0,1.0,35.0,32.0,-0.0030632107251067353,-0.0017650185808415486,4096.0,0.015625,6400000.0
1.0,1.0,8.0,3.0,5.0,3.0,914.0,352.0,0.048146068319603885,0.051476191507202285,2.0,8.0,6400000.0
1.0,1.0,8.0,1.0,1.0,1.0,543.0,32.0,-0.0030632107251067353,-0.0017650185808415486,1.0,2048.0,6400000.0
1.0,256.0,1.0,1.0,1.0,1.0,35.0,32.0,-0.0030632107251067353,-0.0017650185808415486,1024.0,32.0,6400000.0
1.0,1.0,8.0,1.0,1.0,1.0,543.0,32.0,-0.0030632107251067353,-0.0017650185808415486,0.5,2048.0,6400000.0
1.0,256.0,1.0,1.0,1.0,1.0,35.0,32.0,-0.0030632107251067353,-0.0017650185808415486,256.0,1.0,6400000.0
1.0,256.0,1.0,1.0,1.0,1.0,35.0,32.0,-0.0030632107251067353,-0.0017650185808415486,4096.0,0.25,6400000.0
1.0,256.0,1.0,1.0,1.0,1.0,35.0,32.0,-0.0030632107251067353,-0.0017650185808415486,8192.0,16384.0,6400000.0
1.0,256.0,1.0,1.0,1.0,1.0,35.0,32.0,-0.0030632107251067353,-0.0017650185808415486,1024.0,2.0,6400000.0
1.0,256.0,1.0,1.0,1.0,1.0,35.0,32.0,-0.0030632107251067353,-0.0017650185808415486,256.0,16.0,6400000.0
1.0,256.0,1.0,1.0,1.0,1.0,35.0,32.0,-0.0030632107251067353,-0.0017650185808415486,4096.0,4.0,6400000.0
1.0,256.0,1.0,1.0,1.0,1.0,35.0,32.0,-0.0030632107251067353,-0.0017650185808415486,1024.0,512.0,6400000.0
1.0,256.0,1.0,1.0,1.0,1.0,35.0,32.0,-0.0030632107251067353,-0.0017650185808415486,256.0,4096.0,6400000.0
1.0,256.0,1.0,1.0,1.0,1.0,35.0,32.0,-0.0030632107251067353,-0.0017650185808415486,1024.0,8192.0,6400000.0
1.0,1.0,8.0,1.0,1.0,1.0,543.0,32.0,-0.0030632107251067353,-0.0017650185808415486,2.0,4096.0,6400000.0
1.0,256.0,1.0,1.0,1.0,1.0,35.0,32.0,-0.0030632107251067353,-0.0017650185808415486,256.0,256.0,6400000.0
1.0,256.0,1.0,1.0,1.0,1.0,35.0,32.0,-0.0030632107251067353,-0.0017650185808415486,16384.0,0.03125,6400000.0
1.0,256.0,1.0,1.0,1.0,1.0,35.0,32.0,-0.0030632107251067353,-0.0017650185808415486,4096.0,64.0,6400000.0
1.0,256.0,1.0,1.0,1.0,1.0,35.0,32.0,-0.0030632107251067353,-0.0017650185808415486,2048.0,0.000976562,6400000.0
1.0,1.0,8.0,6.0,60.0,31.0,3605.0,4832.0,0.07543477148949185,0.07753220161111818,2.0,0.015625,6400000.0
1.0,256.0,1.0,1.0,1.0,1.0,35.0,32.0,-0.0030632107251067353,-0.0017650185808415486,16384.0,0.00195312,6400000.0
1.0,256.0,1.0,1.0,1.0,1.0,35.0,32.0,-0.0030632107251067353,-0.0017650185808415486,4096.0,16384.0,6400000.0
1.0,256.0,1.0,1.0,1.0,1.0,35.0,32.0,-0.0030632107251067353,-0.0017650185808415486,2048.0,0.25,6400000.0
1.0,256.0,1.0,1.0,1.0,1.0,35.0,32.0,-0.0030632107251067353,-0.0017650185808415486,2048.0,0.015625,6400000.0
1.0,256.0,1.0,1.0,1.0,1.0,35.0,32.0,-0.0030632107251067353,-0.0017650185808415486,16384.0,0.5,6400000.0
1.0,1.0,8.0,3.0,60.0,31.0,3039.0,4832.0,0.06437497090985733,0.06582688232311185,4.0,0.015625,6400000.0
1.0,256.0,1.0,1.0,1.0,1.0,35.0,32.0,-0.0030632107251067353,-0.0017650185808415486,16384.0,8.0,6400000.0
1.0,256.0,1.0,1.0,1.0,1.0,35.0,32.0,-0.0030632107251067353,-0.0017650185808415486,512.0,0.0,6400000.0
1.0,256.0,1.0,1.0,1.0,1.0,35.0,32.0,-0.0030632107251067353,-0.0017650185808415486,4096.0,1024.0,6400000.0
1.0,256.0,1.0,1.0,1.0,1.0,35.0,32.0,-0.0030632107251067353,-0.0017650185808415486,512.0,0.0078125,6400000.0
1.0,256.0,1.0,1.0,1.0,1.0,35.0,32.0,-0.0030632107251067353,-0.0017650185808415486,512.0,0.125,6400000.0
1.0,256.0,1.0,1.0,1.0,1.0,35.0,32.0,-0.0030632107251067353,-0.0017650185808415486,8192.0,0.03125,6400000.0
1.0,256.0,1.0,1.0,1.0,1.0,35.0,32.0,-0.0030632107251067353,-0.0017650185808415486,8192.0,0.00195312,6400000.0
1.0,256.0,1.0,1.0,1.0,1.0,35.0,32.0,-0.0030632107251067353,-0.0017650185808415486,2048.0,4.0,6400000.0
1.0,256.0,1.0,1.0,1.0,1.0,35.0,32.0,-0.0030632107251067353,-0.0017650185808415486,16384.0,128.0,6400000.0
1.0,256.0,1.0,1.0,1.0,1.0,35.0,32.0,-0.0030632107251067353,-0.0017650185808415486,512.0,2.0,6400000.0
1.0,1.0,8.0,2.0,3.0,2.0,616.0,192.0,0.03911015413878083,0.040912063041146696,8.0,16.0,6400000.0
1.0,256.0,1.0,1.0,1.0,1.0,35.0,32.0,-0.0030632107251067353,-0.0017650185808415486,512.0,8192.0,6400000.0
1.0,256.0,1.0,1.0,1.0,1.0,35.0,32.0,-0.0030632107251067353,-0.0017650185808415486,512.0,32.0,6400000.0
1.0,1.0,8.0,3.0,60.0,31.0,3039.0,4832.0,0.06437497090985733,0.06582688232311185,8.0,0.03125,6400000.0
1.0,256.0,1.0,1.0,1.0,1.0,35.0,32.0,-0.0030632107251067353,-0.0017650185808415486,512.0,512.0,6400000.0
1.0,1.0,8.0,7.0,60.0,31.0,3563.0,4832.0,0.07580978102843072,0.07780553245632416,1.0,0.015625,6400000.0
1.0,256.0,1.0,1.0,1.0,1.0,35.0,32.0,-0.0030632107251067353,-0.0017650185808415486,16384.0,2048.0,6400000.0
1.0,1.0,1.0,2.0,3.0,2.0,108.0,192.0,0.03911015413878083,0.040912063041146696,0.25,8.0,6400000.0
1.0,256.0,1.0,1.0,1.0,1.0,35.0,32.0,-0.0030632107251067353,-0.0017650185808415486,8192.0,0.5,6400000.0
1.0,256.0,1.0,1.0,1.0,1.0,35.0,32.0,-0.0030632107251067353,-0.0017650185808415486,8192.0,2048.0,6400000.0
1.0,256.0,1.0,1.0,1.0,1.0,35.0,32.0,-0.0030632107251067353,-0.0017650185808415486,16384.0,32768.0,6400000.0
1.0,256.0,1.0,1.0,1.0,1.0,35.0,32.0,-0.0030632107251067353,-0.0017650185808415486,2048.0,64.0,6400000.0
1.0,256.0,1.0,1.0,1.0,1.0,35.0,32.0,-0.0030632107251067353,-0.0017650185808415486,2048.0,1024.0,6400000.0
1.0,256.0,1.0,1.0,1.0,1.0,35.0,32.0,-0.0030632107251067353,-0.0017650185808415486,8192.0,8.0,6400000.0
1.0,256.0,1.0,1.0,1.0,1.0,35.0,32.0,-0.0030632107251067353,-0.0017650185808415486,8192.0,128.0,6400000.0
1.0,1.0,8.0,1.0,1.0,1.0,543.0,32.0,-0.0030632107251067353,-0.0017650185808415486,4.0,8192.0,6400000.0
1.0,256.0,1.0,1.0,1.0,1.0,35.0,32.0,-0.0030632107251067353,-0.0017650185808415486,1024.0,0.000976562,6400000.0
1.0,256.0,1.0,1.0,1.0,1.0,35.0,32.0,-0.0030632107251067353,-0.0017650185808415486,2048.0,16384.0,6400000.0
1.0,256.0,1.0,1.0,1.0,1.0,35.0,32.0,-0.0030632107251067353,-0.0017650185808415486,4096.0,0.00195312,6400000.0
1.0,1.0,8.0,3.0,5.0,3.0,914.0,352.0,0.048146068319603885,0.051476191507202285,4.0,16.0,6400000.0
1.0,256.0,1.0,1.0,1.0,1.0,35.0,32.0,-0.0030632107251067353,-0.0017650185808415486,1024.0,64.0,6400000.0
1.0,256.0,1.0,1.0,1.0,1.0,35.0,32.0,-0.0030632107251067353,-0.0017650185808415486,1024.0,0.015625,6400000.0
1.0,256.0,1.0,1.0,1.0,1.0,35.0,32.0,-0.0030632107251067353,-0.0017650185808415486,1024.0,4.0,6400000.0
1.0,256.0,1.0,1.0,1.0,1.0,35.0,32.0,-0.0030632107251067353,-0.0017650185808415486,4096.0,0.03125,6400000.0
1.0,1.0,8.0,3.0,5.0,3.0,914.0,352.0,0.048146068319603885,0.051476191507202285,2.0,16.0,6400000.0
1.0,256.0,1.0,1.0,1.0,1.0,35.0,32.0,-0.0030632107251067353,-0.0017650185808415486,4096.0,0.5,6400000.0
1.0,1.0,8.0,1.0,1.0,1.0,543.0,32.0,-0.0030632107251067353,-0.0017650185808415486,1.0,4096.0,6400000.0
1.0,1.0,8.0,3.0,5.0,3.0,914.0,352.0,0.048146068319603885,0.051476191507202285,1.0,8.0,6400000.0
1.0,256.0,1.0,1.0,1.0,1.0,35.0,32.0,-0.0030632107251067353,-0.0017650185808415486,1024.0,0.25,6400000.0
1.0,256.0,1.0,1.0,1.0,1.0,35.0,32.0,-0.0030632107251067353,-0.0017650185808415486,4096.0,8.0,6400000.0
1.0,256.0,1.0,1.0,1.0,1.0,35.0,32.0,-0.0030632107251067353,-0.0017650185808415486,8192.0,32768.0,6400000.0
1.0,256.0,1.0,1.0,1.0,1.0,35.0,32.0,-0.0030632107251067353,-0.0017650185808415486,32768.0,0.0625,6400000.0
1.0,256.0,1.0,1.0,1.0,1.0,35.0,32.0,-0.0030632107251067353,-0.0017650185808415486,32768.0,0.00390625,6400000.0
1.0,256.0,1.0,1.0,1.0,1.0,35.0,32.0,-0.0030632107251067353,-0.0017650185808415486,32768.0,1.0,6400000.0
1.0,256.0,1.0,1.0,1.0,1.0,35.0,32.0,-0.0030632107251067353,-0.0017650185808415486,1024.0,1024.0,6400000.0
1.0,256.0,1.0,1.0,1.0,1.0,35.0,32.0,-0.0030632107251067353,-0.0017650185808415486,32768.0,16.0,6400000.0
1.0,1.0,8.0,1.0,1.0,1.0,543.0,32.0,-0.0030632107251067353,-0.0017650185808415486,2.0,8192.0,6400000.0
1.0,256.0,1.0,1.0,1.0,1.0,35.0,32.0,-0.0030632107251067353,-0.0017650185808415486,1024.0,16384.0,6400000.0
1.0,256.0,1.0,1.0,1.0,1.0,35.0,32.0,-0.0030632107251067353,-0.0017650185808415486,4096.0,128.0,6400000.0
1.0,256.0,1.0,1.0,1.0,1.0,35.0,32.0,-0.0030632107251067353,-0.0017650185808415486,2048.0,0.00195312,6400000.0
1.0,256.0,1.0,1.0,1.0,1.0,35.0,32.0,-0.0030632107251067353,-0.0017650185808415486,16384.0,0.0625,6400000.0
1.0,1.0,8.0,6.0,60.0,31.0,3605.0,4832.0,0.07543477148949185,0.07753220161111818,2.0,0.03125,6400000.0
1.0,256.0,1.0,1.0,1.0,1.0,35.0,32.0,-0.0030632107251067353,-0.0017650185808415486,16384.0,0.00390625,6400000.0
1.0,256.0,1.0,1.0,1.0,1.0,35.0,32.0,-0.0030632107251067353,-0.0017650185808415486,4096.0,32768.0,6400000.0
1.0,256.0,1.0,1.0,1.0,1.0,35.0,32.0,-0.0030632107251067353,-0.0017650185808415486,32768.0,256.0,6400000.0
1.0,256.0,1.0,1.0,1.0,1.0,35.0,32.0,-0.0030632107251067353,-0.0017650185808415486,2048.0,0.5,6400000.0
1.0,256.0,1.0,1.0,1.0,1.0,35.0,32.0,-0.0030632107251067353,-0.0017650185808415486,32768.0,4096.0,6400000.0
1.0,256.0,1.0,1.0,1.0,1.0,35.0,32.0,-0.0030632107251067353,-0.0017650185808415486,16384.0,1.0,6400000.0
1.0,256.0,1.0,1.0,1.0,1.0,35.0,32.0,-0.0030632107251067353,-0.0017650185808415486,4096.0,2048.0,6400000.0
1.0,256.0,1.0,1.0,1.0,1.0,35.0,32.0,-0.0030632107251067353,-0.0017650185808415486,2048.0,0.03125,6400000.0
1.0,1.0,8.0,3.0,60.0,31.0,3039.0,4832.0,0.06437497090985733,0.06582688232311185,4.0,0.03125,6400000.0
1.0,256.0,1.0,1.0,1.0,1.0,35.0,32.0,-0.0030632107251067353,-0.0017650185808415486,16384.0,16.0,6400000.0
1.0,256.0,1.0,1.0,1.0,1.0,35.0,32.0,-0.0030632107251067353,-0.0017650185808415486,8192.0,0.0625,6400000.0
1.0,256.0,1.0,1.0,1.0,1.0,35.0,32.0,-0.0030632107251067353,-0.0017650185808415486,2048.0,8.0,6400000.0
256.0,256.0,2.0,9.0,1299.0,999.0,40701.0,127072.0,0.5138956167748081,0.5296237976797575,0.0,0.0,6400000.0
1.0,256.0,1.0,1.0,1.0,1.0,35.0,32.0,-0.0030632107251067353,-0.0017650185808415486,8192.0,0.00390625,6400000.0
1.0,1.0,8.0,2.0,3.0,2.0,616.0,192.0,0.03911015413878083,0.040912063041146696,8.0,32.0,6400000.0
256.0,256.0,2.0,9.0,1288.0,995.0,40369.0,126432.0,0.5263596478179173,0.5382167522471737,0.0,0.0078125,6400000.0
1.0,1.0,8.0,1.0,1.0,1.0,543.0,32.0,-0.0030632107251067353,-0.0017650185808415486,8.0,16384.0,6400000.0
1.0,256.0,1.0,1.0,1.0,1.0,35.0,32.0,-0.0030632107251067353,-0.0017650185808415486,16384.0,256.0,6400000.0
1.0,1.0,8.0,3.0,60.0,31.0,3039.0,4832.0,0.06437497090985733,0.06582688232311185,8.0,0.0625,6400000.0
1.0,256.0,1.0,1.0,1.0,1.0,35.0,32.0,-0.0030632107251067353,-0.0017650185808415486,8192.0,4096.0,6400000.0
1.0,256.0,1.0,1.0,1.0,1.0,35.0,32.0,-0.0030632107251067353,-0.0017650185808415486,2048.0,128.0,6400000.0
1.0,256.0,1.0,1.0,1.0,1.0,35.0,32.0,-0.0030632107251067353,-0.0017650185808415486,16384.0,4096.0,6400000.0
1.0,256.0,1.0,1.0,1.0,1.0,35.0,32.0,-0.0030632107251067353,-0.0017650185808415486,8192.0,1.0,6400000.0
1.0,256.0,1.0,1.0,1.0,1.0,35.0,32.0,-0.0030632107251067353,-0.0017650185808415486,2048.0,2048.0,6400000.0
1.0,256.0,1.0,1.0,1.0,1.0,35.0,32.0,-0.0030632107251067353,-0.0017650185808415486,8192.0,256.0,6400000.0
1.0,256.0,1.0,1.0,1.0,1.0,35.0,32.0,-0.0030632107251067353,-0.0017650185808415486,32768.0,0.0,6400000.0
1.0,1.0,1.0,2.0,3.0,2.0,108.0,192.0,0.03911015413878083,0.040912063041146696,0.25,16.0,6400000.0
50.0,256.0,2.0,9.0,251.0,188.0,7690.0,23680.0,0.4286639454025012,0.43882039042213217,0.0,2.0,6400000.0
1.0,256.0,1.0,1.0,1.0,1.0,35.0,32.0,-0.0030632107251067353,-0.0017650185808415486,8192.0,16.0,6400000.0
1.0,1.0,8.0,1.0,1.0,1.0,543.0,32.0,-0.0030632107251067353,-0.0017650185808415486,4.0,16384.0,6400000.0
146.0,256.0,2.0,9.0,746.0,579.0,23373.0,73952.0,0.5055239846864175,0.5134041826471122,0.0,0.125,6400000.0
8.0,256.0,2.0,2.0,22.0,16.0,664.0,1536.0,0.184803559555608,0.19082719424152972,0.0,32.0,6400000.0
1.0,256.0,2.0,1.0,1.0,1.0,39.0,32.0,-0.0030632107251067353,-0.0017650185808415486,0.0,512.0,6400000.0
1.0,256.0,1.0,1.0,1.0,1.0,35.0,32.0,-0.0030632107251067353,-0.0017650185808415486,2048.0,32768.0,6400000.0
1.0,256.0,2.0,1.0,1.0,1.0,39.0,32.0,-0.0030632107251067353,-0.0017650185808415486,0.0,8192.0,6400000.0
1.0,256.0,1.0,1.0,1.0,1.0,35.0,32.0,-0.0030632107251067353,-0.0017650185808415486,4096.0,0.00390625,6400000.0
1.0,1.0,8.0,2.0,3.0,2.0,616.0,192.0,0.03911015413878083,0.040912063041146696,4.0,32.0,6400000.0
1.0,256.0,1.0,1.0,1.0,1.0,35.0,32.0,-0.0030632107251067353,-0.0017650185808415486,4096.0,1.0,6400000.0
1.0,1.0,8.0,2.0,3.0,2.0,616.0,192.0,0.03911015413878083,0.040912063041146696,2.0,32.0,6400000.0
1.0,1.0,8.0,3.0,5.0,3.0,914.0,352.0,0.048146068319603885,0.051476191507202285,1.0,16.0,6400000.0
113.0,256.0,2.0,9.0,581.0,447.0,18011.0,57056.0,0.4913752272939408,0.5015614713458052,0.000976562,0.25,6400000.0
1.0,256.0,1.0,1.0,1.0,1.0,35.0,32.0,-0.0030632107251067353,-0.0017650185808415486,32768.0,0.125,6400000.0
1.0,256.0,1.0,1.0,1.0,1.0,35.0,32.0,-0.0030632107251067353,-0.0017650185808415486,4096.0,0.0625,6400000.0
1.0,256.0,1.0,1.0,1.0,1.0,35.0,32.0,-0.0030632107251067353,-0.0017650185808415486,32768.0,0.0078125,6400000.0
1.0,1.0,8.0,1.0,1.0,1.0,543.0,32.0,-0.0030632107251067353,-0.0017650185808415486,1.0,8192.0,6400000.0
256.0,256.0,2.0,9.0,1301.0,997.0,40631.0,126752.0,0.5235002127574455,0.5353447708772905,0.000976562,0.000976562,6400000.0
1.0,256.0,1.0,1.0,1.0,1.0,35.0,32.0,-0.0030632107251067353,-0.0017650185808415486,16384.0,0.0,6400000.0
1.0,256.0,1.0,1.0,1.0,1.0,35.0,32.0,-0.0030632107251067353,-0.0017650185808415486,32768.0,2.0,6400000.0
1.0,256.0,1.0,1.0,1.0,1.0,35.0,32.0,-0.0030632107251067353,-0.0017650185808415486,4096.0,16.0,6400000.0
256.0,256.0,2.0,9.0,1256.0,990.0,39762.0,125632.0,0.5150014659196831,0.5262488797874998,0.000976562,0.015625,6400000.0
36.0,256.0,2.0,9.0,160.0,119.0,4865.0,14432.0,0.3910954809696322,0.4025399453147491,0.000976562,4.0,6400000.0
3.0,256.0,2.0,2.0,9.0,6.0,287.0,576.0,0.10115259004895938,0.10346957106453547,0.000976562,64.0,6400000.0
1.0,256.0,1.0,1.0,1.0,1.0,35.0,32.0,-0.0030632107251067353,-0.0017650185808415486,32768.0,32.0,6400000.0
1.0,1.0,8.0,1.0,1.0,1.0,543.0,32.0,-0.0030632107251067353,-0.0017650185808415486,2.0,16384.0,6400000.0
1.0,1.0,8.0,6.0,60.0,31.0,3605.0,4832.0,0.07543477148949185,0.07753220161111818,2.0,0.0625,6400000.0
1.0,256.0,1.0,1.0,1.0,1.0,35.0,32.0,-0.0030632107251067353,-0.0017650185808415486,16384.0,0.125,6400000.0
1.0,1.0,1.0,2.0,3.0,2.0,108.0,192.0,0.03911015413878083,0.040912063041146696,0.25,64.0,6400000.0
1.0,256.0,1.0,1.0,1.0,1.0,35.0,32.0,-0.0030632107251067353,-0.0017650185808415486,4096.0,256.0,6400000.0
1.0,256.0,1.0,1.0,1.0,1.0,35.0,32.0,-0.0030632107251067353,-0.0017650185808415486,16384.0,0.0078125,6400000.0
1.0,256.0,1.0,1.0,1.0,1.0,35.0,32.0,-0.0030632107251067353,-0.0017650185808415486,32768.0,512.0,6400000.0
1.0,256.0,1.0,1.0,1.0,1.0,35.0,32.0,-0.0030632107251067353,-0.0017650185808415486,4096.0,4096.0,6400000.0
1.0,256.0,1.0,1.0,1.0,1.0,35.0,32.0,-0.0030632107251067353,-0.0017650185808415486,8192.0,0.0,6400000.0
1.0,1.0,8.0,2.0,31.0,16.0,2156.0,2432.0,0.04793448396138689,0.05003938903894933,16.0,0.125,6400000.0
1.0,256.0,1.0,1.0,1.0,1.0,35.0,32.0,-0.0030632107251067353,-0.0017650185808415486,16384.0,2.0,6400000.0
1.0,256.0,1.0,1.0,1.0,1.0,35.0,32.0,-0.0030632107251067353,-0.0017650185808415486,32768.0,8192.0,6400000.0
1.0,1.0,8.0,3.0,60.0,31.0,3039.0,4832.0,0.06437497090985733,0.06582688232311185,4.0,0.0625,6400000.0
1.0,256.0,1.0,1.0,1.0,1.0,35.0,32.0,-0.0030632107251067353,-0.0017650185808415486,16384.0,32.0,6400000.0
1.0,256.0,1.0,1.0,1.0,1.0,35.0,32.0,-0.0030632107251067353,-0.0017650185808415486,8192.0,0.125,6400000.0
1.0,256.0,2.0,1.0,1.0,1.0,39.0,32.0,-0.0030632107251067353,-0.0017650185808415486,0.000976562,16384.0,6400000.0
256.0,256.0,2.0,9.0,1301.0,997.0,40631.0,126752.0,0.5235002127574455,0.5353447708772905,0.0,0.000976562,6400000.0
1.0,256.0,1.0,1.0,1.0,1.0,35.0,32.0,-0.0030632107251067353,-0.0017650185808415486,8192.0,0.0078125,6400000.0
1.0,256.0,2.0,1.0,1.0,1.0,39.0,32.0,-0.0030632107251067353,-0.0017650185808415486,0.000976562,1024.0,6400000.0
256.0,256.0,2.0,9.0,1292.0,996.0,40462.0,126592.0,0.5162964203122042,0.5297337085203481,0.00195312,0.00195312,6400000.0
1.0,1.0,8.0,2.0,3.0,2.0,616.0,192.0,0.03911015413878083,0.040912063041146696,8.0,64.0,6400000.0
256.0,256.0,2.0,9.0,1256.0,990.0,39762.0,125632.0,0.5150014659196831,0.5262488797874998,0.0,0.015625,6400000.0
1.0,256.0,1.0,1.0,1.0,1.0,35.0,32.0,-0.0030632107251067353,-0.0017650185808415486,16384.0,512.0,6400000.0
1.0,1.0,8.0,3.0,59.0,31.0,3038.0,4832.0,0.06433049996812512,0.0660925860962357,8.0,0.125,6400000.0
1.0,1.0,8.0,1.0,1.0,1.0,543.0,32.0,-0.0030632107251067353,-0.0017650185808415486,8.0,32768.0,6400000.0
1.0,256.0,1.0,1.0,1.0,1.0,35.0,32.0,-0.0030632107251067353,-0.0017650185808415486,8192.0,2.0,6400000.0
36.0,256.0,2.0,9.0,160.0,119.0,4865.0,14432.0,0.3910954809696322,0.4025399453147491,0.0,4.0,6400000.0
1.0,256.0,1.0,1.0,1.0,1.0,35.0,32.0,-0.0030632107251067353,-0.0017650185808415486,32768.0,0.000976562,6400000.0
1.0,256.0,1.0,1.0,1.0,1.0,35.0,32.0,-0.0030632107251067353,-0.0017650185808415486,8192.0,8192.0,6400000.0
1.0,256.0,1.0,1.0,1.0,1.0,35.0,32.0,-0.0030632107251067353,-0.0017650185808415486,16384.0,8192.0,6400000.0
1.0,256.0,1.0,1.0,1.0,1.0,35.0,32.0,-0.0030632107251067353,-0.0017650185808415486,8192.0,512.0,6400000.0
1.0,1.0,8.0,1.0,1.0,1.0,543.0,32.0,-0.0030632107251067353,-0.0017650185808415486,4.0,32768.0,6400000.0
1.0,1.0,1.0,2.0,3.0,2.0,108.0,192.0,0.03911015413878083,0.040912063041146696,0.25,32.0,6400000.0
1.0,256.0,1.0,1.0,1.0,1.0,35.0,32.0,-0.0030632107251067353,-0.0017650185808415486,8192.0,32.0,6400000.0
3.0,256.0,2.0,2.0,9.0,6.0,287.0,576.0,0.10115259004895938,0.10346957106453547,0.0,64.0,6400000.0
113.0,256.0,2.0,9.0,581.0,447.0,18011.0,57056.0,0.4913752272939408,0.5015614713458052,0.0,0.25,6400000.0
256.0,256.0,2.0,9.0,1263.0,997.0,39950.0,126752.0,0.5122240008158012,0.5263340875655285,0.00195312,0.03125,6400000.0
81.0,256.0,2.0,9.0,422.0,321.0,13003.0,40992.0,0.46424358770316876,0.47568828095180316,0.00195312,0.5,6400000.0
1.0,256.0,2.0,1.0,1.0,1.0,39.0,32.0,-0.0030632107251067353,-0.0017650185808415486,0.0,1024.0,6400000.0
1.0,256.0,2.0,1.0,1.0,1.0,39.0,32.0,-0.0030632107251067353,-0.0017650185808415486,0.0,16384.0,6400000.0
1.0,256.0,2.0,1.0,1.0,1.0,39.0,32.0,-0.0030632107251067353,-0.0017650185808415486,0.00195312,128.0,6400000.0
1.0,1.0,8.0,2.0,3.0,2.0,616.0,192.0,0.03911015413878083,0.040912063041146696,4.0,64.0,6400000.0
14.0,256.0,2.0,3.0,58.0,41.0,1695.0,4768.0,0.2755258013558761,0.2825067573238387,0.00195312,8.0,6400000.0
1.0,1.0,8.0,2.0,3.0,2.0,616.0,192.0,0.03911015413878083,0.040912063041146696,2.0,64.0,6400000.0
1.0,256.0,2.0,1.0,1.0,1.0,39.0,32.0,-0.0030632107251067353,-0.0017650185808415486,0.00195312,2048.0,6400000.0
81.0,256.0,2.0,9.0,422.0,321.0,13003.0,40992.0,0.46424358770316876,0.47568828095180316,0.000976562,0.5,6400000.0
1.0,256.0,1.0,1.0,1.0,1.0,35.0,32.0,-0.0030632107251067353,-0.0017650185808415486,32768.0,0.25,6400000.0
1.0,256.0,1.0,1.0,1.0,1.0,35.0,32.0,-0.0030632107251067353,-0.0017650185808415486,32768.0,0.015625,6400000.0
1.0,1.0,8.0,1.0,1.0,1.0,543.0,32.0,-0.0030632107251067353,-0.0017650185808415486,1.0,16384.0,6400000.0
1.0,256.0,1.0,1.0,1.0,1.0,35.0,32.0,-0.0030632107251067353,-0.0017650185808415486,16384.0,0.000976562,6400000.0
1.0,256.0,2.0,1.0,1.0,1.0,39.0,32.0,-0.0030632107251067353,-0.0017650185808415486,0.00195312,32768.0,6400000.0
1.0,256.0,1.0,1.0,1.0,1.0,35.0,32.0,-0.0030632107251067353,-0.0017650185808415486,32768.0,4.0,6400000.0
1.0,256.0,2.0,1.0,1.0,1.0,39.0,32.0,-0.0030632107251067353,-0.0017650185808415486,0.000976562,128.0,6400000.0
256.0,256.0,2.0,9.0,1292.0,996.0,40462.0,126592.0,0.5162964203122042,0.5297337085203481,0.000976562,0.00195312,6400000.0
1.0,1.0,8.0,1.0,1.0,1.0,543.0,32.0,-0.0030632107251067353,-0.0017650185808415486,16.0,128.0,6400000.0
1.0,256.0,1.0,1.0,1.0,1.0,35.0,32.0,-0.0030632107251067353,-0.0017650185808415486,32768.0,64.0,6400000.0
14.0,256.0,2.0,3.0,58.0,41.0,1695.0,4768.0,0.2755258013558761,0.2825067573238387,0.000976562,8.0,6400000.0
256.0,256.0,2.0,9.0,1263.0,997.0,39950.0,126752.0,0.5122240008158012,0.5263340875655285,0.000976562,0.03125,6400000.0
1.0,256.0,1.0,1.0,1.0,1.0,35.0,32.0,-0.0030632107251067353,-0.0017650185808415486,16384.0,0.25,6400000.0
256.0,256.0,2.0,9.0,1288.0,998.0,40652.0,126912.0,0.5242596687257899,0.534966642479382,0.00390625,0.00390625,6400000.0
1.0,1.0,8.0,6.0,60.0,31.0,3605.0,4832.0,0.07543477148949185,0.07753220161111818,2.0,0.125,6400000.0
1.0,1.0,8.0,1.0,1.0,1.0,543.0,32.0,-0.0030632107251067353,-0.0017650185808415486,2.0,32768.0,6400000.0
1.0,1.0,1.0,1.0,1.0,1.0,35.0,32.0,-0.0030632107251067353,-0.0017650185808415486,0.25,128.0,6400000.0
1.0,256.0,1.0,1.0,1.0,1.0,35.0,32.0,-0.0030632107251067353,-0.0017650185808415486,16384.0,0.015625,6400000.0
233.0,256.0,2.0,9.0,1131.0,903.0,35859.0,114656.0,0.5097753395868058,0.5242922065988689,0.00390625,0.0625,6400000.0
1.0,256.0,1.0,1.0,1.0,1.0,35.0,32.0,-0.0030632107251067353,-0.0017650185808415486,32768.0,1024.0,6400000.0
1.0,256.0,1.0,1.0,1.0,1.0,35.0,32.0,-0.0030632107251067353,-0.0017650185808415486,16384.0,4.0,6400000.0
1.0,1.0,8.0,3.0,59.0,31.0,3038.0,4832.0,0.06433049996812512,0.0660925860962357,4.0,0.125,6400000.0
1.0,1.0,8.0,2.0,23.0,12.0,1884.0,1792.0,0.04773884058755595,0.05002050038126937,16.0,0.25,6400000.0
1.0,256.0,1.0,1.0,1.0,1.0,35.0,32.0,-0.0030632107251067353,-0.0017650185808415486,32768.0,16384.0,6400000.0
1.0,256.0,1.0,1.0,1.0,1.0,35.0,32.0,-0.0030632107251067353,-0.0017650185808415486,16384.0,64.0,6400000.0
11.0,256.0,2.0,3.0,35.0,25.0,1015.0,2592.0,0.23714634169335125,0.2431198474760431,0.00390625,16.0,6400000.0
69.0,256.0,2.0,9.0,349.0,264.0,10744.0,33408.0,0.4440109904418591,0.4535133522491208,0.00390625,1.0,6400000.0
1.0,256.0,2.0,1.0,1.0,1.0,39.0,32.0,-0.0030632107251067353,-0.0017650185808415486,0.00390625,256.0,6400000.0
1.0,256.0,2.0,1.0,1.0,1.0,39.0,32.0,-0.0030632107251067353,-0.0017650185808415486,0.000976562,32768.0,6400000.0
1.0,256.0,2.0,1.0,1.0,1.0,39.0,32.0,-0.0030632107251067353,-0.0017650185808415486,0.000976562,2048.0,6400000.0
256.0,256.0,2.0,9.0,1292.0,996.0,40462.0,126592.0,0.5162964203122042,0.5297337085203481,0.0,0.00195312,6400000.0
1.0,256.0,2.0,1.0,1.0,1.0,39.0,32.0,-0.0030632107251067353,-0.0017650185808415486,0.00390625,4096.0,6400000.0
1.0,1.0,8.0,1.0,1.0,1.0,543.0,32.0,-0.0030632107251067353,-0.0017650185808415486,8.0,128.0,6400000.0
256.0,256.0,2.0,9.0,1288.0,998.0,40652.0,126912.0,0.5242596687257899,0.534966642479382,0.00195312,0.00390625,6400000.0
256.0,256.0,2.0,9.0,1263.0,997.0,39950.0,126752.0,0.5122240008158012,0.5263340875655285,0.0,0.03125,6400000.0
1.0,1.0,8.0,3.0,55.0,29.0,2933.0,4512.0,0.06464587884566553,0.06603152064564743,8.0,0.25,6400000.0
1.0,256.0,1.0,1.0,1.0,1.0,35.0,32.0,-0.0030632107251067353,-0.0017650185808415486,16384.0,1024.0,6400000.0
1.0,1.0,8.0,3.0,60.0,31.0,3039.0,4832.0,0.06437497090985733,0.06582688232311185,8.0,0.0,6400000.0
1.0,1.0,8.0,2.0,61.0,31.0,3184.0,4832.0,0.048928416408169584,0.050101823427727066,16.0,0.0,6400000.0
256.0,256.0,2.0,9.0,1299.0,999.0,40701.0,127072.0,0.5138956167748081,0.5296237976797575,0.0078125,0.0,6400000.0
1.0,256.0,1.0,1.0,1.0,1.0,35.0,32.0,-0.0030632107251067353,-0.0017650185808415486,32768.0,0.00195312,6400000.0
14.0,256.0,2.0,3.0,58.0,41.0,1695.0,4768.0,0.2755258013558761,0.2825067573238387,0.0,8.0,6400000.0
1.0,256.0,1.0,1.0,1.0,1.0,35.0,32.0,-0.0030632107251067353,-0.0017650185808415486,16384.0,16384.0,6400000.0
1.0,256.0,2.0,1.0,1.0,1.0,39.0,32.0,-0.0030632107251067353,-0.0017650185808415486,0.0,2048.0,6400000.0
81.0,256.0,2.0,9.0,422.0,321.0,13003.0,40992.0,0.46424358770316876,0.47568828095180316,0.0,0.5,6400000.0
50.0,256.0,2.0,9.0,251.0,188.0,7690.0,23680.0,0.4286639454025012,0.43882039042213217,0.0078125,2.0,6400000.0
146.0,256.0,2.0,9.0,746.0,579.0,23373.0,73952.0,0.5055239846864175,0.5134041826471122,0.0078125,0.125,6400000.0
233.0,256.0,2.0,9.0,1131.0,903.0,35859.0,114656.0,0.5097753395868058,0.5242922065988689,0.00195312,0.0625,6400000.0
69.0,256.0,2.0,9.0,349.0,264.0,10744.0,33408.0,0.4440109904418591,0.4535133522491208,0.00195312,1.0,6400000.0
8.0,256.0,2.0,2.0,22.0,16.0,664.0,1536.0,0.184803559555608,0.19082719424152972,0.0078125,32.0,6400000.0
256.0,256.0,2.0,9.0,1288.0,995.0,40369.0,126432.0,0.5263596478179173,0.5382167522471737,0.0078125,0.0078125,6400000.0
1.0,256.0,2.0,1.0,1.0,1.0,39.0,32.0,-0.0030632107251067353,-0.0017650185808415486,0.0,128.0,6400000.0
1.0,256.0,2.0,1.0,1.0,1.0,39.0,32.0,-0.0030632107251067353,-0.0017650185808415486,0.0,32768.0,6400000.0
1.0,256.0,2.0,1.0,1.0,1.0,39.0,32.0,-0.0030632107251067353,-0.0017650185808415486,0.00195312,256.0,6400000.0
1.0,1.0,8.0,1.0,1.0,1.0,543.0,32.0,-0.0030632107251067353,-0.0017650185808415486,4.0,128.0,6400000.0
11.0,256.0,2.0,3.0,35.0,25.0,1015.0,2592.0,0.23714634169335125,0.2431198474760431,0.00195312,16.0,6400000.0
1.0,1.0,8.0,1.0,1.0,1.0,543.0,32.0,-0.0030632107251067353,-0.0017650185808415486,2.0,128.0,6400000.0
1.0,256.0,2.0,1.0,1.0,1.0,39.0,32.0,-0.0030632107251067353,-0.0017650185808415486,0.00195312,4096.0,6400000.0
69.0,256.0,2.0,9.0,349.0,264.0,10744.0,33408.0,0.4440109904418591,0.4535133522491208,0.000976562,1.0,6400000.0
1.0,256.0,1.0,1.0,1.0,1.0,35.0,32.0,-0.0030632107251067353,-0.0017650185808415486,32768.0,0.03125,6400000.0
1.0,256.0,1.0,1.0,1.0,1.0,35.0,32.0,-0.0030632107251067353,-0.0017650185808415486,32768.0,0.5,6400000.0
256.0,256.0,2.0,9.0,1299.0,999.0,40701.0,127072.0,0.5138956167748081,0.5296237976797575,0.00390625,0.0,6400000.0
1.0,256.0,1.0,1.0,1.0,1.0,35.0,32.0,-0.0030632107251067353,-0.0017650185808415486,32768.0,8.0,6400000.0
1.0,256.0,1.0,1.0,1.0,1.0,35.0,32.0,-0.0030632107251067353,-0.0017650185808415486,32768.0,128.0,6400000.0
1.0,256.0,2.0,1.0,1.0,1.0,39.0,32.0,-0.0030632107251067353,-0.0017650185808415486,0.0078125,512.0,6400000.0
1.0,256.0,2.0,1.0,1.0,1.0,39.0,32.0,-0.0030632107251067353,-0.0017650185808415486,0.000976562,256.0,6400000.0
256.0,256.0,2.0,9.0,1288.0,995.0,40369.0,126432.0,0.5263596478179173,0.5382167522471737,0.00390625,0.0078125,6400000.0
256.0,256.0,2.0,9.0,1288.0,998.0,40652.0,126912.0,0.5242596687257899,0.534966642479382,0.000976562,0.00390625,6400000.0
1.0,1.0,8.0,2.0,61.0,31.0,3184.0,4832.0,0.048928416408169584,0.050101823427727066,32.0,0.000976562,6400000.0
11.0,256.0,2.0,3.0,35.0,25.0,1015.0,2592.0,0.23714634169335125,0.2431198474760431,0.000976562,16.0,6400000.0
1.0,1.0,1.0,1.0,1.0,1.0,35.0,32.0,-0.0030632107251067353,-0.0017650185808415486,0.25,256.0,6400000.0
1.0,1.0,8.0,1.0,1.0,1.0,543.0,32.0,-0.0030632107251067353,-0.0017650185808415486,16.0,256.0,6400000.0
233.0,256.0,2.0,9.0,1131.0,903.0,35859.0,114656.0,0.5097753395868058,0.5242922065988689,0.000976562,0.0625,6400000.0
1.0,256.0,2.0,1.0,1.0,1.0,39.0,32.0,-0.0030632107251067353,-0.0017650185808415486,0.0078125,8192.0,6400000.0
1.0,1.0,8.0,3.0,60.0,31.0,3039.0,4832.0,0.06437497090985733,0.06582688232311185,4.0,0.0,6400000.0
256.0,256.0,2.0,9.0,1301.0,997.0,40631.0,126752.0,0.5235002127574455,0.5353447708772905,0.015625,0.000976562,6400000.0
256.0,256.0,2.0,9.0,1256.0,990.0,39762.0,125632.0,0.5150014659196831,0.5262488797874998,0.015625,0.015625,6400000.0
1.0,256.0,1.0,1.0,1.0,1.0,35.0,32.0,-0.0030632107251067353,-0.0017650185808415486,32768.0,2048.0,6400000.0
146.0,256.0,2.0,9.0,746.0,579.0,23373.0,73952.0,0.5055239846864175,0.5134041826471122,0.00390625,0.125,6400000.0
1.0,1.0,8.0,2.0,15.0,8.0,1441.0,1152.0,0.047829233101735924,0.050193380789518294,16.0,0.5,6400000.0
1.0,1.0,8.0,3.0,55.0,29.0,2933.0,4512.0,0.06464587884566553,0.06603152064564743,4.0,0.25,6400000.0
113.0,256.0,2.0,9.0,581.0,447.0,18011.0,57056.0,0.4913752272939408,0.5015614713458052,0.015625,0.25,6400000.0
50.0,256.0,2.0,9.0,251.0,188.0,7690.0,23680.0,0.4286639454025012,0.43882039042213217,0.00390625,2.0,6400000.0
1.0,256.0,1.0,1.0,1.0,1.0,35.0,32.0,-0.0030632107251067353,-0.0017650185808415486,32768.0,32768.0,6400000.0
1.0,256.0,2.0,1.0,1.0,1.0,39.0,32.0,-0.0030632107251067353,-0.0017650185808415486,0.00390625,512.0,6400000.0
8.0,256.0,2.0,2.0,22.0,16.0,664.0,1536.0,0.184803559555608,0.19082719424152972,0.00390625,32.0,6400000.0
256.0,256.0,2.0,9.0,1299.0,999.0,40701.0,127072.0,0.5138956167748081,0.5296237976797575,0.00195312,0.0,6400000.0
1.0,256.0,2.0,1.0,1.0,1.0,39.0,32.0,-0.0030632107251067353,-0.0017650185808415486,0.000976562,4096.0,6400000.0
36.0,256.0,2.0,9.0,160.0,119.0,4865.0,14432.0,0.3910954809696322,0.4025399453147491,0.015625,4.0,6400000.0
1.0,1.0,8.0,1.0,1.0,1.0,543.0,32.0,-0.0030632107251067353,-0.0017650185808415486,8.0,256.0,6400000.0
1.0,256.0,2.0,1.0,1.0,1.0,39.0,32.0,-0.0030632107251067353,-0.0017650185808415486,0.00390625,8192.0,6400000.0
256.0,256.0,2.0,9.0,1288.0,995.0,40369.0,126432.0,0.5263596478179173,0.5382167522471737,0.00195312,0.0078125,6400000.0
256.0,256.0,2.0,9.0,1288.0,998.0,40652.0,126912.0,0.5242596687257899,0.534966642479382,0.0,0.00390625,6400000.0
1.0,1.0,8.0,3.0,31.0,16.0,2059.0,2432.0,0.06291514450825253,0.06523207394549058,8.0,0.5,6400000.0
233.0,256.0,2.0,9.0,1131.0,903.0,35859.0,114656.0,0.5097753395868058,0.5242922065988689,0.0,0.0625,6400000.0
1.0,1.0,8.0,3.0,60.0,31.0,3039.0,4832.0,0.06437497090985733,0.06582688232311185,8.0,0.000976562,6400000.0
1.0,1.0,8.0,2.0,61.0,31.0,3184.0,4832.0,0.048928416408169584,0.050101823427727066,16.0,0.000976562,6400000.0
256.0,256.0,2.0,9.0,1301.0,997.0,40631.0,126752.0,0.5235002127574455,0.5353447708772905,0.0078125,0.000976562,6400000.0
3.0,256.0,2.0,2.0,9.0,6.0,287.0,576.0,0.10115259004895938,0.10346957106453547,0.015625,64.0,6400000.0
1.0,256.0,2.0,1.0,1.0,1.0,39.0,32.0,-0.0030632107251067353,-0.0017650185808415486,0.015625,1024.0,6400000.0
146.0,256.0,2.0,9.0,746.0,579.0,23373.0,73952.0,0.5055239846864175,0.5134041826471122,0.00195312,0.125,6400000.0
1.0,256.0,2.0,1.0,1.0,1.0,39.0,32.0,-0.0030632107251067353,-0.0017650185808415486,0.0,4096.0,6400000.0
69.0,256.0,2.0,9.0,349.0,264.0,10744.0,33408.0,0.4440109904418591,0.4535133522491208,0.0,1.0,6400000.0
1.0,256.0,2.0,1.0,1.0,1.0,39.0,32.0,-0.0030632107251067353,-0.0017650185808415486,0.015625,16384.0,6400000.0
36.0,256.0,2.0,9.0,160.0,119.0,4865.0,14432.0,0.3910954809696322,0.4025399453147491,0.0078125,4.0,6400000.0
1.0,256.0,2.0,1.0,1.0,1.0,39.0,32.0,-0.0030632107251067353,-0.0017650185808415486,0.0,256.0,6400000.0
11.0,256.0,2.0,3.0,35.0,25.0,1015.0,2592.0,0.23714634169335125,0.2431198474760431,0.0,16.0,6400000.0
113.0,256.0,2.0,9.0,581.0,447.0,18011.0,57056.0,0.4913752272939408,0.5015614713458052,0.0078125,0.25,6400000.0
3.0,256.0,2.0,2.0,9.0,6.0,287.0,576.0,0.10115259004895938,0.10346957106453547,0.0078125,64.0,6400000.0
50.0,256.0,2.0,9.0,251.0,188.0,7690.0,23680.0,0.4286639454025012,0.43882039042213217,0.00195312,2.0,6400000.0
256.0,256.0,2.0,9.0,1256.0,990.0,39762.0,125632.0,0.5150014659196831,0.5262488797874998,0.0078125,0.015625,6400000.0
1.0,256.0,2.0,1.0,1.0,1.0,39.0,32.0,-0.0030632107251067353,-0.0017650185808415486,0.00195312,512.0,6400000.0
1.0,1.0,8.0,1.0,1.0,1.0,543.0,32.0,-0.0030632107251067353,-0.0017650185808415486,4.0,256.0,6400000.0
8.0,256.0,2.0,2.0,22.0,16.0,664.0,1536.0,0.184803559555608,0.19082719424152972,0.00195312,32.0,6400000.0
256.0,256.0,2.0,9.0,1299.0,999.0,40701.0,127072.0,0.5138956167748081,0.5296237976797575,0.000976562,0.0,6400000.0
50.0,256.0,2.0,9.0,251.0,188.0,7690.0,23680.0,0.4286639454025012,0.43882039042213217,0.000976562,2.0,6400000.0
1.0,256.0,2.0,1.0,1.0,1.0,39.0,32.0,-0.0030632107251067353,-0.0017650185808415486,0.00195312,8192.0,6400000.0
256.0,256.0,2.0,9.0,1292.0,996.0,40462.0,126592.0,0.5162964203122042,0.5297337085203481,0.03125,0.00195312,6400000.0
1.0,1.0,8.0,2.0,11.0,6.0,1338.0,832.0,0.04742590853532136,0.04996966215281273,32.0,1.0,6400000.0
256.0,256.0,2.0,9.0,1301.0,997.0,40631.0,126752.0,0.5235002127574455,0.5353447708772905,0.00390625,0.000976562,6400000.0
1.0,256.0,2.0,1.0,1.0,1.0,39.0,32.0,-0.0030632107251067353,-0.0017650185808415486,0.0078125,1024.0,6400000.0
1.0,256.0,2.0,1.0,1.0,1.0,39.0,32.0,-0.0030632107251067353,-0.0017650185808415486,0.000976562,512.0,6400000.0
256.0,256.0,2.0,9.0,1263.0,997.0,39950.0,126752.0,0.5122240008158012,0.5263340875655285,0.03125,0.03125,6400000.0
8.0,256.0,2.0,2.0,22.0,16.0,664.0,1536.0,0.184803559555608,0.19082719424152972,0.000976562,32.0,6400000.0
256.0,256.0,2.0,9.0,1256.0,990.0,39762.0,125632.0,0.5150014659196831,0.5262488797874998,0.00390625,0.015625,6400000.0
14.0,256.0,2.0,3.0,58.0,41.0,1695.0,4768.0,0.2755258013558761,0.2825067573238387,0.03125,8.0,6400000.0
81.0,256.0,2.0,9.0,422.0,321.0,13003.0,40992.0,0.46424358770316876,0.47568828095180316,0.03125,0.5,6400000.0
1.0,1.0,8.0,2.0,61.0,31.0,3184.0,4832.0,0.048928416408169584,0.050101823427727066,32.0,0.00195312,6400000.0
146.0,256.0,2.0,9.0,746.0,579.0,23373.0,73952.0,0.5055239846864175,0.5134041826471122,0.000976562,0.125,6400000.0
1.0,1.0,1.0,1.0,1.0,1.0,35.0,32.0,-0.0030632107251067353,-0.0017650185808415486,0.25,512.0,6400000.0
1.0,256.0,2.0,1.0,1.0,1.0,39.0,32.0,-0.0030632107251067353,-0.0017650185808415486,0.0078125,16384.0,6400000.0
1.0,1.0,8.0,1.0,1.0,1.0,543.0,32.0,-0.0030632107251067353,-0.0017650185808415486,16.0,512.0,6400000.0
256.0,256.0,2.0,9.0,1288.0,995.0,40369.0,126432.0,0.5263596478179173,0.5382167522471737,0.000976562,0.0078125,6400000.0
1.0,1.0,8.0,3.0,60.0,31.0,3039.0,4832.0,0.06437497090985733,0.06582688232311185,4.0,0.000976562,6400000.0
256.0,256.0,2.0,9.0,1292.0,996.0,40462.0,126592.0,0.5162964203122042,0.5297337085203481,0.015625,0.00195312,6400000.0
1.0,1.0,8.0,2.0,11.0,6.0,1338.0,832.0,0.04742590853532136,0.04996966215281273,16.0,1.0,6400000.0
113.0,256.0,2.0,9.0,581.0,447.0,18011.0,57056.0,0.4913752272939408,0.5015614713458052,0.00390625,0.25,6400000.0
1.0,1.0,8.0,3.0,31.0,16.0,2059.0,2432.0,0.06291514450825253,0.06523207394549058,4.0,0.5,6400000.0
256.0,256.0,2.0,9.0,1263.0,997.0,39950.0,126752.0,0.5122240008158012,0.5263340875655285,0.015625,0.03125,6400000.0
1.0,256.0,2.0,1.0,1.0,1.0,39.0,32.0,-0.0030632107251067353,-0.0017650185808415486,0.00390625,1024.0,6400000.0
81.0,256.0,2.0,9.0,422.0,321.0,13003.0,40992.0,0.46424358770316876,0.47568828095180316,0.015625,0.5,6400000.0
3.0,256.0,2.0,2.0,9.0,6.0,287.0,576.0,0.10115259004895938,0.10346957106453547,0.00390625,64.0,6400000.0
36.0,256.0,2.0,9.0,160.0,119.0,4865.0,14432.0,0.3910954809696322,0.4025399453147491,0.00390625,4.0,6400000.0
1.0,256.0,2.0,1.0,1.0,1.0,39.0,32.0,-0.0030632107251067353,-0.0017650185808415486,0.03125,128.0,6400000.0
256.0,256.0,2.0,9.0,1301.0,997.0,40631.0,126752.0,0.5235002127574455,0.5353447708772905,0.00195312,0.000976562,6400000.0
1.0,256.0,2.0,1.0,1.0,1.0,39.0,32.0,-0.0030632107251067353,-0.0017650185808415486,0.000976562,8192.0,6400000.0
1.0,256.0,2.0,1.0,1.0,1.0,39.0,32.0,-0.0030632107251067353,-0.0017650185808415486,0.00390625,16384.0,6400000.0
1.0,1.0,8.0,1.0,1.0,1.0,543.0,32.0,-0.0030632107251067353,-0.0017650185808415486,8.0,512.0,6400000.0
14.0,256.0,2.0,3.0,58.0,41.0,1695.0,4768.0,0.2755258013558761,0.2825067573238387,0.015625,8.0,6400000.0
1.0,1.0,8.0,3.0,60.0,31.0,3039.0,4832.0,0.06437497090985733,0.06582688232311185,8.0,0.00195312,6400000.0
1.0,256.0,2.0,1.0,1.0,1.0,39.0,32.0,-0.0030632107251067353,-0.0017650185808415486,0.03125,32768.0,6400000.0
256.0,256.0,2.0,9.0,1256.0,990.0,39762.0,125632.0,0.5150014659196831,0.5262488797874998,0.00195312,0.015625,6400000.0
1.0,256.0,2.0,1.0,1.0,1.0,39.0,32.0,-0.0030632107251067353,-0.0017650185808415486,0.03125,2048.0,6400000.0
1.0,1.0,8.0,3.0,19.0,10.0,1775.0,1472.0,0.060867552443509054,0.06369103411821164,8.0,1.0,6400000.0
1.0,1.0,8.0,2.0,61.0,31.0,3184.0,4832.0,0.048928416408169584,0.050101823427727066,16.0,0.00195312,6400000.0
256.0,256.0,2.0,9.0,1292.0,996.0,40462.0,126592.0,0.5162964203122042,0.5297337085203481,0.0078125,0.00195312,6400000.0
256.0,256.0,2.0,9.0,1288.0,998.0,40652.0,126912.0,0.5242596687257899,0.534966642479382,0.0625,0.00390625,6400000.0
1.0,256.0,2.0,1.0,1.0,1.0,39.0,32.0,-0.0030632107251067353,-0.0017650185808415486,0.015625,128.0,6400000.0
1.0,256.0,2.0,1.0,1.0,1.0,39.0,32.0,-0.0030632107251067353,-0.0017650185808415486,0.015625,2048.0,6400000.0
113.0,256.0,2.0,9.0,581.0,447.0,18011.0,57056.0,0.4913752272939408,0.5015614713458052,0.00195312,0.25,6400000.0
1.0,256.0,2.0,1.0,1.0,1.0,39.0,32.0,-0.0030632107251067353,-0.0017650185808415486,0.0078125,128.0,6400000.0
1.0,256.0,2.0,1.0,1.0,1.0,39.0,32.0,-0.0030632107251067353,-0.0017650185808415486,0.015625,32768.0,6400000.0
233.0,256.0,2.0,9.0,1131.0,903.0,35859.0,114656.0,0.5097753395868058,0.5242922065988689,0.0625,0.0625,6400000.0
14.0,256.0,2.0,3.0,58.0,41.0,1695.0,4768.0,0.2755258013558761,0.2825067573238387,0.0078125,8.0,6400000.0
36.0,256.0,2.0,9.0,160.0,119.0,4865.0,14432.0,0.3910954809696322,0.4025399453147491,0.00195312,4.0,6400000.0
81.0,256.0,2.0,9.0,422.0,321.0,13003.0,40992.0,0.46424358770316876,0.47568828095180316,0.0078125,0.5,6400000.0
69.0,256.0,2.0,9.0,349.0,264.0,10744.0,33408.0,0.4440109904418591,0.4535133522491208,0.0625,1.0,6400000.0
3.0,256.0,2.0,2.0,9.0,6.0,287.0,576.0,0.10115259004895938,0.10346957106453547,0.00195312,64.0,6400000.0
1.0,256.0,2.0,1.0,1.0,1.0,39.0,32.0,-0.0030632107251067353,-0.0017650185808415486,0.00195312,1024.0,6400000.0
1.0,1.0,8.0,1.0,1.0,1.0,543.0,32.0,-0.0030632107251067353,-0.0017650185808415486,32.0,1024.0,6400000.0
11.0,256.0,2.0,3.0,35.0,25.0,1015.0,2592.0,0.23714634169335125,0.2431198474760431,0.0625,16.0,6400000.0
256.0,256.0,2.0,9.0,1263.0,997.0,39950.0,126752.0,0.5122240008158012,0.5263340875655285,0.0078125,0.03125,6400000.0
1.0,1.0,8.0,1.0,1.0,1.0,543.0,32.0,-0.0030632107251067353,-0.0017650185808415486,4.0,512.0,6400000.0
1.0,256.0,2.0,1.0,1.0,1.0,39.0,32.0,-0.0030632107251067353,-0.0017650185808415486,0.0625,256.0,6400000.0
1.0,256.0,2.0,1.0,1.0,1.0,39.0,32.0,-0.0030632107251067353,-0.0017650185808415486,0.00195312,16384.0,6400000.0
1.0,256.0,2.0,1.0,1.0,1.0,39.0,32.0,-0.0030632107251067353,-0.0017650185808415486,0.0625,4096.0,6400000.0
256.0,256.0,2.0,9.0,1288.0,998.0,40652.0,126912.0,0.5242596687257899,0.534966642479382,0.03125,0.00390625,6400000.0
1.0,256.0,2.0,1.0,1.0,1.0,39.0,32.0,-0.0030632107251067353,-0.0017650185808415486,0.0078125,2048.0,6400000.0
256.0,256.0,2.0,9.0,1292.0,996.0,40462.0,126592.0,0.5162964203122042,0.5297337085203481,0.00390625,0.00195312,6400000.0
1.0,1.0,8.0,2.0,7.0,4.0,975.0,512.0,0.04649236193195383,0.049028621040196785,32.0,2.0,6400000.0
256.0,256.0,2.0,9.0,1296.0,998.0,40786.0,126912.0,0.5120371301259274,0.5274900988376632,0.125,0.0,6400000.0
11.0,256.0,2.0,3.0,35.0,25.0,1015.0,2592.0,0.23714634169335125,0.2431198474760431,0.03125,16.0,6400000.0
233.0,256.0,2.0,9.0,1131.0,903.0,35859.0,114656.0,0.5097753395868058,0.5242922065988689,0.03125,0.0625,6400000.0
256.0,256.0,2.0,9.0,1263.0,997.0,39950.0,126752.0,0.5122240008158012,0.5263340875655285,0.00390625,0.03125,6400000.0
69.0,256.0,2.0,9.0,349.0,264.0,10744.0,33408.0,0.4440109904418591,0.4535133522491208,0.03125,1.0,6400000.0
256.0,256.0,2.0,9.0,1284.0,997.0,40494.0,126752.0,0.5141967405204848,0.527020797337622,0.125,0.0078125,6400000.0
1.0,1.0,8.0,2.0,61.0,31.0,3184.0,4832.0,0.048928416408169584,0.050101823427727066,32.0,0.00390625,6400000.0
1.0,1.0,1.0,1.0,1.0,1.0,35.0,32.0,-0.0030632107251067353,-0.0017650185808415486,0.25,1024.0,6400000.0
1.0,256.0,2.0,1.0,1.0,1.0,39.0,32.0,-0.0030632107251067353,-0.0017650185808415486,0.0078125,32768.0,6400000.0
1.0,1.0,8.0,1.0,1.0,1.0,543.0,32.0,-0.0030632107251067353,-0.0017650185808415486,16.0,1024.0,6400000.0
50.0,256.0,2.0,9.0,251.0,188.0,7690.0,23680.0,0.4286639454025012,0.43882039042213217,0.125,2.0,6400000.0
165.0,256.0,2.0,9.0,832.0,653.0,26105.0,83360.0,0.5003381080687047,0.5100760199230032,0.125,0.125,6400000.0
8.0,256.0,2.0,2.0,22.0,16.0,664.0,1536.0,0.184803559555608,0.19082719424152972,0.125,32.0,6400000.0
256.0,256.0,2.0,9.0,1288.0,998.0,40652.0,126912.0,0.5242596687257899,0.534966642479382,0.015625,0.00390625,6400000.0
1.0,1.0,8.0,3.0,19.0,10.0,1775.0,1472.0,0.060867552443509054,0.06369103411821164,4.0,1.0,6400000.0
1.0,1.0,8.0,2.0,7.0,4.0,975.0,512.0,0.04649236193195383,0.049028621040196785,16.0,2.0,6400000.0
81.0,256.0,2.0,9.0,422.0,321.0,13003.0,40992.0,0.46424358770316876,0.47568828095180316,0.00390625,0.5,6400000.0
14.0,256.0,2.0,3.0,58.0,41.0,1695.0,4768.0,0.2755258013558761,0.2825067573238387,0.00390625,8.0,6400000.0
1.0,256.0,2.0,1.0,1.0,1.0,39.0,32.0,-0.0030632107251067353,-0.0017650185808415486,0.00390625,2048.0,6400000.0
69.0,256.0,2.0,9.0,349.0,264.0,10744.0,33408.0,0.4440109904418591,0.4535133522491208,0.015625,1.0,6400000.0
233.0,256.0,2.0,9.0,1131.0,903.0,35859.0,114656.0,0.5097753395868058,0.5242922065988689,0.015625,0.0625,6400000.0
1.0,256.0,2.0,1.0,1.0,1.0,39.0,32.0,-0.0030632107251067353,-0.0017650185808415486,0.03125,256.0,6400000.0
1.0,256.0,2.0,1.0,1.0,1.0,39.0,32.0,-0.0030632107251067353,-0.0017650185808415486,0.00390625,32768.0,6400000.0
1.0,1.0,8.0,1.0,1.0,1.0,543.0,32.0,-0.0030632107251067353,-0.0017650185808415486,8.0,1024.0,6400000.0
11.0,256.0,2.0,3.0,35.0,25.0,1015.0,2592.0,0.23714634169335125,0.2431198474760431,0.015625,16.0,6400000.0
1.0,256.0,2.0,1.0,1.0,1.0,39.0,32.0,-0.0030632107251067353,-0.0017650185808415486,0.00390625,128.0,6400000.0
1.0,1.0,8.0,3.0,60.0,31.0,3039.0,4832.0,0.06437497090985733,0.06582688232311185,8.0,0.00390625,6400000.0
1.0,256.0,2.0,1.0,1.0,1.0,39.0,32.0,-0.0030632107251067353,-0.0017650185808415486,0.125,512.0,6400000.0
1.0,256.0,2.0,1.0,1.0,1.0,39.0,32.0,-0.0030632107251067353,-0.0017650185808415486,0.03125,4096.0,6400000.0
1.0,1.0,8.0,3.0,15.0,8.0,1413.0,1152.0,0.05912329229729474,0.06308131038571607,8.0,2.0,6400000.0
1.0,256.0,2.0,1.0,1.0,1.0,39.0,32.0,-0.0030632107251067353,-0.0017650185808415486,0.125,8192.0,6400000.0
256.0,256.0,2.0,9.0,1299.0,999.0,40701.0,127072.0,0.5138956167748081,0.5296237976797575,0.0625,0.0,6400000.0
1.0,1.0,8.0,2.0,61.0,31.0,3184.0,4832.0,0.048928416408169584,0.050101823427727066,16.0,0.00390625,6400000.0
256.0,256.0,2.0,9.0,1293.0,1000.0,40702.0,127232.0,0.5113413998252128,0.5255871863253578,0.25,0.000976562,6400000.0
256.0,256.0,2.0,9.0,1288.0,998.0,40652.0,126912.0,0.5242596687257899,0.534966642479382,0.0078125,0.00390625,6400000.0
1.0,256.0,2.0,1.0,1.0,1.0,39.0,32.0,-0.0030632107251067353,-0.0017650185808415486,0.015625,4096.0,6400000.0
1.0,256.0,2.0,1.0,1.0,1.0,39.0,32.0,-0.0030632107251067353,-0.0017650185808415486,0.015625,256.0,6400000.0
256.0,256.0,2.0,9.0,1288.0,995.0,40369.0,126432.0,0.5263596478179173,0.5382167522471737,0.0625,0.0078125,6400000.0
1.0,256.0,2.0,1.0,1.0,1.0,39.0,32.0,-0.0030632107251067353,-0.0017650185808415486,0.0078125,256.0,6400000.0
1.0,1.0,8.0,2.0,61.0,31.0,3184.0,4832.0,0.048928416408169584,0.050101823427727066,64.0,0.0078125,6400000.0
256.0,256.0,2.0,9.0,1299.0,999.0,40701.0,127072.0,0.5138956167748081,0.5296237976797575,0.03125,0.0,6400000.0
11.0,256.0,2.0,3.0,35.0,25.0,1015.0,2592.0,0.23714634169335125,0.2431198474760431,0.0078125,16.0,6400000.0
50.0,256.0,2.0,9.0,251.0,188.0,7690.0,23680.0,0.4286639454025012,0.43882039042213217,0.0625,2.0,6400000.0
1.0,1.0,8.0,1.0,1.0,1.0,543.0,32.0,-0.0030632107251067353,-0.0017650185808415486,4.0,1024.0,6400000.0
146.0,256.0,2.0,9.0,746.0,579.0,23373.0,73952.0,0.5055239846864175,0.5134041826471122,0.0625,0.125,6400000.0
8.0,256.0,2.0,2.0,22.0,16.0,664.0,1536.0,0.184803559555608,0.19082719424152972,0.0625,32.0,6400000.0
69.0,256.0,2.0,9.0,349.0,264.0,10744.0,33408.0,0.4440109904418591,0.4535133522491208,0.0078125,1.0,6400000.0
1.0,1.0,8.0,1.0,1.0,1.0,543.0,32.0,-0.0030632107251067353,-0.0017650185808415486,32.0,2048.0,6400000.0
1.0,256.0,2.0,1.0,1.0,1.0,39.0,32.0,-0.0030632107251067353,-0.0017650185808415486,0.0625,512.0,6400000.0
32.0,256.0,2.0,9.0,152.0,112.0,4607.0,13824.0,0.379917723460655,0.39532009181376393,0.25,4.0,6400000.0
233.0,256.0,2.0,9.0,1131.0,903.0,35859.0,114656.0,0.5097753395868058,0.5242922065988689,0.0078125,0.0625,6400000.0
256.0,256.0,2.0,9.0,1268.0,995.0,40063.0,126432.0,0.5150679478052465,0.5272467479577736,0.25,0.015625,6400000.0
107.0,256.0,2.0,9.0,551.0,424.0,17274.0,54144.0,0.4844137870244588,0.4916210328106112,0.25,0.25,6400000.0
256.0,256.0,2.0,9.0,1288.0,995.0,40369.0,126432.0,0.5263596478179173,0.5382167522471737,0.03125,0.0078125,6400000.0
1.0,256.0,2.0,1.0,1.0,1.0,39.0,32.0,-0.0030632107251067353,-0.0017650185808415486,0.0625,8192.0,6400000.0
1.0,256.0,2.0,1.0,1.0,1.0,39.0,32.0,-0.0030632107251067353,-0.0017650185808415486,0.0078125,4096.0,6400000.0
3.0,256.0,2.0,2.0,9.0,6.0,287.0,576.0,0.10115259004895938,0.10346957106453547,0.25,64.0,6400000.0
8.0,256.0,2.0,2.0,22.0,16.0,664.0,1536.0,0.184803559555608,0.19082719424152972,0.03125,32.0,6400000.0
256.0,256.0,2.0,9.0,1294.0,1000.0,40741.0,127232.0,0.5178479311608262,0.5324094811092777,0.125,0.000976562,6400000.0
1.0,256.0,2.0,1.0,1.0,1.0,39.0,32.0,-0.0030632107251067353,-0.0017650185808415486,0.25,1024.0,6400000.0
146.0,256.0,2.0,9.0,746.0,579.0,23373.0,73952.0,0.5055239846864175,0.5134041826471122,0.03125,0.125,6400000.0
1.0,1.0,8.0,2.0,7.0,4.0,975.0,512.0,0.04649236193195383,0.049028621040196785,32.0,4.0,6400000.0
50.0,256.0,2.0,9.0,251.0,188.0,7690.0,23680.0,0.4286639454025012,0.43882039042213217,0.03125,2.0,6400000.0
1.0,1.0,8.0,2.0,61.0,31.0,3184.0,4832.0,0.048928416408169584,0.050101823427727066,32.0,0.0078125,6400000.0
107.0,256.0,2.0,9.0,551.0,424.0,17274.0,54144.0,0.4844137870244588,0.4916210328106112,0.125,0.25,6400000.0
256.0,256.0,2.0,9.0,1299.0,999.0,40701.0,127072.0,0.5138956167748081,0.5296237976797575,0.015625,0.0,6400000.0
256.0,256.0,2.0,9.0,1268.0,995.0,40063.0,126432.0,0.515068455360409,0.5272462916784271,0.125,0.015625,6400000.0
36.0,256.0,2.0,9.0,160.0,119.0,4865.0,14432.0,0.3910954809696322,0.4025399453147491,0.125,4.0,6400000.0
1.0,1.0,8.0,1.0,1.0,1.0,543.0,32.0,-0.0030632107251067353,-0.0017650185808415486,16.0,2048.0,6400000.0
1.0,1.0,1.0,1.0,1.0,1.0,35.0,32.0,-0.0030632107251067353,-0.0017650185808415486,0.25,2048.0,6400000.0
1.0,256.0,2.0,1.0,1.0,1.0,39.0,32.0,-0.0030632107251067353,-0.0017650185808415486,0.25,16384.0,6400000.0
3.0,256.0,2.0,2.0,9.0,6.0,287.0,576.0,0.10115259004895938,0.10346957106453547,0.125,64.0,6400000.0
256.0,256.0,2.0,9.0,1288.0,995.0,40369.0,126432.0,0.5263596478179173,0.5382167522471737,0.015625,0.0078125,6400000.0
1.0,1.0,8.0,2.0,7.0,4.0,975.0,512.0,0.04649236193195383,0.049028621040196785,16.0,4.0,6400000.0
256.0,256.0,2.0,9.0,1296.0,1000.0,40644.0,127232.0,0.5150852315047458,0.5290019723206645,0.5,0.00195312,6400000.0
14.0,256.0,2.0,3.0,58.0,41.0,1695.0,4768.0,0.2755258013558761,0.2825067573238387,0.5,8.0,6400000.0
146.0,256.0,2.0,9.0,746.0,579.0,23373.0,73952.0,0.5055239846864175,0.5134041826471122,0.015625,0.125,6400000.0
1.0,256.0,2.0,1.0,1.0,1.0,39.0,32.0,-0.0030632107251067353,-0.0017650185808415486,0.03125,512.0,6400000.0
256.0,256.0,2.0,9.0,1257.0,992.0,39727.0,125952.0,0.5133360703186811,0.5250706634953106,0.5,0.03125,6400000.0
50.0,256.0,2.0,9.0,251.0,188.0,7690.0,23680.0,0.4286639454025012,0.43882039042213217,0.015625,2.0,6400000.0
80.0,256.0,2.0,9.0,423.0,319.0,13003.0,40800.0,0.46704829909847734,0.47249047618796347,0.5,0.5,6400000.0
1.0,1.0,8.0,1.0,1.0,1.0,543.0,32.0,-0.0030632107251067353,-0.0017650185808415486,8.0,2048.0,6400000.0
1.0,1.0,8.0,3.0,11.0,6.0,1311.0,832.0,0.055959939578521745,0.05997459583745146,8.0,4.0,6400000.0
8.0,256.0,2.0,2.0,22.0,16.0,664.0,1536.0,0.184803559555608,0.19082719424152972,0.015625,32.0,6400000.0
1.0,256.0,2.0,1.0,1.0,1.0,39.0,32.0,-0.0030632107251067353,-0.0017650185808415486,0.125,1024.0,6400000.0
1.0,256.0,2.0,1.0,1.0,1.0,39.0,32.0,-0.0030632107251067353,-0.0017650185808415486,0.5,128.0,6400000.0
1.0,1.0,8.0,3.0,60.0,31.0,3039.0,4832.0,0.06437497090985733,0.06582688232311185,8.0,0.0078125,6400000.0
1.0,256.0,2.0,1.0,1.0,1.0,39.0,32.0,-0.0030632107251067353,-0.0017650185808415486,0.125,16384.0,6400000.0
1.0,256.0,2.0,1.0,1.0,1.0,39.0,32.0,-0.0030632107251067353,-0.0017650185808415486,0.03125,8192.0,6400000.0
1.0,1.0,8.0,2.0,5.0,3.0,907.0,352.0,0.0448609123359176,0.04645360057610004,64.0,8.0,6400000.0
256.0,256.0,2.0,9.0,1301.0,997.0,40631.0,126752.0,0.5235002127574455,0.5353447708772905,0.0625,0.000976562,6400000.0
256.0,256.0,2.0,9.0,1291.0,996.0,40647.0,126592.0,0.5248629826554345,0.5368147199115267,0.25,0.00195312,6400000.0
1.0,256.0,2.0,1.0,1.0,1.0,39.0,32.0,-0.0030632107251067353,-0.0017650185808415486,0.015625,8192.0,6400000.0
1.0,1.0,8.0,2.0,61.0,31.0,3184.0,4832.0,0.048928416408169584,0.050101823427727066,16.0,0.0078125,6400000.0
256.0,256.0,2.0,9.0,1256.0,990.0,39762.0,125632.0,0.5150014659196831,0.5262488797874998,0.0625,0.015625,6400000.0
1.0,256.0,2.0,1.0,1.0,1.0,39.0,32.0,-0.0030632107251067353,-0.0017650185808415486,0.015625,512.0,6400000.0
1.0,256.0,2.0,1.0,1.0,1.0,39.0,32.0,-0.0030632107251067353,-0.0017650185808415486,0.5,2048.0,6400000.0
1.0,1.0,8.0,2.0,61.0,31.0,3184.0,4832.0,0.048928416408169584,0.050101823427727066,64.0,0.015625,6400000.0
1.0,256.0,2.0,1.0,1.0,1.0,39.0,32.0,-0.0030632107251067353,-0.0017650185808415486,0.5,32768.0,6400000.0
256.0,256.0,2.0,9.0,1301.0,997.0,40631.0,126752.0,0.5235002127574455,0.5353447708772905,0.03125,0.000976562,6400000.0
107.0,256.0,2.0,9.0,551.0,424.0,17274.0,54144.0,0.4844137870244588,0.4916210328106112,0.0625,0.25,6400000.0
36.0,256.0,2.0,9.0,160.0,119.0,4865.0,14432.0,0.3910954809696322,0.4025399453147491,0.0625,4.0,6400000.0
3.0,256.0,2.0,2.0,9.0,6.0,287.0,576.0,0.10115259004895938,0.10346957106453547,0.0625,64.0,6400000.0
1.0,256.0,2.0,1.0,1.0,1.0,39.0,32.0,-0.0030632107251067353,-0.0017650185808415486,0.0625,1024.0,6400000.0
14.0,256.0,2.0,3.0,58.0,41.0,1695.0,4768.0,0.2755258013558761,0.2825067573238387,0.25,8.0,6400000.0
80.0,256.0,2.0,9.0,419.0,318.0,12953.0,40640.0,0.46555229779486706,0.48118472791442035,0.25,0.5,6400000.0
182.0,256.0,2.0,9.0,928.0,719.0,29095.0,91744.0,0.500606121297263,0.5093061329458055,1.0,0.0625,6400000.0
67.0,256.0,2.0,9.0,347.0,260.0,10589.0,33024.0,0.4487942325911686,0.4628659749662527,1.0,1.0,6400000.0
1.0,1.0,8.0,1.0,1.0,1.0,543.0,32.0,-0.0030632107251067353,-0.0017650185808415486,32.0,4096.0,6400000.0
11.0,256.0,2.0,3.0,35.0,25.0,1015.0,2592.0,0.23714634169335125,0.2431198474760431,1.0,16.0,6400000.0
256.0,256.0,2.0,9.0,1254.0,997.0,39718.0,126752.0,0.5097896187983928,0.523232178845376,0.25,0.03125,6400000.0
256.0,256.0,2.0,9.0,1287.0,999.0,40691.0,127072.0,0.5187368062807856,0.5290453596821193,1.0,0.00390625,6400000.0
1.0,256.0,2.0,1.0,1.0,1.0,39.0,32.0,-0.0030632107251067353,-0.0017650185808415486,0.0625,16384.0,6400000.0
256.0,256.0,2.0,9.0,1256.0,990.0,39762.0,125632.0,0.5150014659196831,0.5262488797874998,0.03125,0.015625,6400000.0
1.0,256.0,2.0,1.0,1.0,1.0,39.0,32.0,-0.0030632107251067353,-0.0017650185808415486,0.25,2048.0,6400000.0
256.0,256.0,2.0,9.0,1296.0,997.0,40691.0,126752.0,0.5142122821227406,0.5280651704321484,0.125,0.00195312,6400000.0
1.0,256.0,2.0,1.0,1.0,1.0,39.0,32.0,-0.0030632107251067353,-0.0017650185808415486,0.25,128.0,6400000.0
3.0,256.0,2.0,2.0,9.0,6.0,287.0,576.0,0.10115259004895938,0.10346957106453547,0.03125,64.0,6400000.0
1.0,256.0,2.0,1.0,1.0,1.0,39.0,32.0,-0.0030632107251067353,-0.0017650185808415486,1.0,256.0,6400000.0
1.0,1.0,8.0,2.0,5.0,3.0,907.0,352.0,0.0448609123359176,0.04645360057610004,32.0,8.0,6400000.0
107.0,256.0,2.0,9.0,551.0,424.0,17274.0,54144.0,0.4844137870244588,0.4916210328106112,0.03125,0.25,6400000.0
36.0,256.0,2.0,9.0,160.0,119.0,4865.0,14432.0,0.3910954809696322,0.4025399453147491,0.03125,4.0,6400000.0
1.0,1.0,8.0,2.0,61.0,31.0,3184.0,4832.0,0.048928416408169584,0.050101823427727066,32.0,0.015625,6400000.0
81.0,256.0,2.0,9.0,422.0,321.0,13063.0,40992.0,0.4745940033043805,0.47877274014906257,0.125,0.5,6400000.0
256.0,256.0,2.0,9.0,1263.0,997.0,39950.0,126752.0,0.5122240008158012,0.5263340875655285,0.125,0.03125,6400000.0
1.0,256.0,2.0,1.0,1.0,1.0,39.0,32.0,-0.0030632107251067353,-0.0017650185808415486,0.25,32768.0,6400000.0
1.0,1.0,8.0,1.0,1.0,1.0,543.0,32.0,-0.0030632107251067353,-0.0017650185808415486,16.0,4096.0,6400000.0
1.0,1.0,1.0,1.0,1.0,1.0,35.0,32.0,-0.0030632107251067353,-0.0017650185808415486,0.25,4096.0,6400000.0
1.0,256.0,2.0,1.0,1.0,1.0,39.0,32.0,-0.0030632107251067353,-0.0017650185808415486,0.125,128.0,6400000.0
14.0,256.0,2.0,3.0,58.0,41.0,1695.0,4768.0,0.2755258013558761,0.2825067573238387,0.125,8.0,6400000.0
1.0,256.0,2.0,1.0,1.0,1.0,39.0,32.0,-0.0030632107251067353,-0.0017650185808415486,1.0,4096.0,6400000.0
1.0,1.0,8.0,2.0,5.0,3.0,907.0,352.0,0.0448609123359176,0.04645360057610004,16.0,8.0,6400000.0
256.0,256.0,2.0,9.0,1291.0,1000.0,40485.0,127232.0,0.5159809391937646,0.5296534089163902,0.5,0.00390625,6400000.0
256.0,256.0,2.0,9.0,1307.0,1003.0,40952.0,127712.0,0.5186241906171989,0.5337344432833712,2.0,0.0,6400000.0
1.0,256.0,2.0,1.0,1.0,1.0,39.0,32.0,-0.0030632107251067353,-0.0017650185808415486,0.03125,1024.0,6400000.0
11.0,256.0,2.0,3.0,35.0,25.0,1015.0,2592.0,0.23714634169335125,0.2431198474760431,0.5,16.0,6400000.0
199.0,256.0,2.0,9.0,989.0,780.0,31203.0,99328.0,0.5024151559726934,0.5152866925275033,0.5,0.0625,6400000.0
62.0,256.0,2.0,9.0,322.0,238.0,9670.0,30144.0,0.44470060873170547,0.45896323054240307,0.5,1.0,6400000.0
1.0,1.0,8.0,1.0,1.0,1.0,543.0,32.0,-0.0030632107251067353,-0.0017650185808415486,64.0,8192.0,6400000.0
1.0,256.0,2.0,1.0,1.0,1.0,39.0,32.0,-0.0030632107251067353,-0.0017650185808415486,0.5,256.0,6400000.0
1.0,1.0,8.0,3.0,5.0,3.0,914.0,352.0,0.048146068319603885,0.051476191507202285,8.0,8.0,6400000.0
256.0,256.0,2.0,9.0,1287.0,996.0,40558.0,126592.0,0.5147851021357837,0.5294691924333377,2.0,0.0078125,6400000.0
1.0,1.0,8.0,1.0,1.0,1.0,543.0,32.0,-0.0030632107251067353,-0.0017650185808415486,8.0,4096.0,6400000.0
1.0,256.0,2.0,1.0,1.0,1.0,39.0,32.0,-0.0030632107251067353,-0.0017650185808415486,0.03125,16384.0,6400000.0
1.0,1.0,8.0,2.0,3.0,2.0,616.0,192.0,0.03911015413878083,0.040912063041146696,64.0,16.0,6400000.0
139.0,256.0,2.0,9.0,728.0,552.0,22535.0,70528.0,0.4921744509040096,0.5018766692128402,2.0,0.125,6400000.0
1.0,256.0,2.0,1.0,1.0,1.0,39.0,32.0,-0.0030632107251067353,-0.0017650185808415486,0.125,2048.0,6400000.0
1.0,256.0,2.0,1.0,1.0,1.0,39.0,32.0,-0.0030632107251067353,-0.0017650185808415486,0.125,32768.0,6400000.0
50.0,256.0,2.0,9.0,251.0,185.0,7611.0,23200.0,0.4284915323890307,0.4442750188873391,2.0,2.0,6400000.0
8.0,256.0,2.0,2.0,22.0,16.0,664.0,1536.0,0.184803559555608,0.19082719424152972,2.0,32.0,6400000.0
1.0,1.0,8.0,2.0,61.0,31.0,3184.0,4832.0,0.048928416408169584,0.050101823427727066,16.0,0.015625,6400000.0
256.0,256.0,2.0,9.0,1298.0,1002.0,40750.0,127552.0,0.5180571785617385,0.5293118196301103,0.25,0.00390625,6400000.0
256.0,256.0,2.0,9.0,1292.0,996.0,40462.0,126592.0,0.5162964203122042,0.5297337085203481,0.0625,0.00195312,6400000.0
256.0,256.0,2.0,9.0,1263.0,997.0,39950.0,126752.0,0.5122240008158012,0.5263340875655285,0.0625,0.03125,6400000.0
1.0,256.0,2.0,1.0,1.0,1.0,39.0,32.0,-0.0030632107251067353,-0.0017650185808415486,0.5,4096.0,6400000.0
1.0,256.0,2.0,1.0,1.0,1.0,39.0,32.0,-0.0030632107251067353,-0.0017650185808415486,2.0,512.0,6400000.0
1.0,1.0,8.0,2.0,61.0,31.0,3184.0,4832.0,0.048928416408169584,0.050101823427727066,64.0,0.03125,6400000.0
256.0,256.0,2.0,9.0,1306.0,1001.0,41001.0,127392.0,0.5208988383765999,0.5345388696129997,1.0,0.0,6400000.0
14.0,256.0,2.0,3.0,58.0,41.0,1695.0,4768.0,0.2755258013558761,0.2825067573238387,0.0625,8.0,6400000.0
1.0,256.0,2.0,1.0,1.0,1.0,39.0,32.0,-0.0030632107251067353,-0.0017650185808415486,2.0,8192.0,6400000.0
1.0,256.0,2.0,1.0,1.0,1.0,39.0,32.0,-0.0030632107251067353,-0.0017650185808415486,0.0625,128.0,6400000.0
1.0,256.0,2.0,1.0,1.0,1.0,39.0,32.0,-0.0030632107251067353,-0.0017650185808415486,0.0625,2048.0,6400000.0
11.0,256.0,2.0,3.0,35.0,25.0,1015.0,2592.0,0.23714634169335125,0.2431198474760431,0.25,16.0,6400000.0
148.0,256.0,2.0,9.0,758.0,585.0,23701.0,74656.0,0.5049068803889063,0.5118018980472635,1.0,0.125,6400000.0
81.0,256.0,2.0,9.0,422.0,321.0,13003.0,40992.0,0.46424358770316876,0.47568828095180316,0.0625,0.5,6400000.0
1.0,1.0,8.0,1.0,1.0,1.0,543.0,32.0,-0.0030632107251067353,-0.0017650185808415486,32.0,8192.0,6400000.0
8.0,256.0,2.0,2.0,22.0,16.0,664.0,1536.0,0.184803559555608,0.19082719424152972,1.0,32.0,6400000.0
45.0,256.0,2.0,9.0,228.0,172.0,6963.0,21760.0,0.40960771696239906,0.4233618974400831,1.0,2.0,6400000.0
64.0,256.0,2.0,9.0,324.0,244.0,9921.0,30848.0,0.4524130157612848,0.4666228888369257,0.25,1.0,6400000.0
1.0,256.0,2.0,1.0,1.0,1.0,39.0,32.0,-0.0030632107251067353,-0.0017650185808415486,0.0625,32768.0,6400000.0
1.0,256.0,2.0,1.0,1.0,1.0,39.0,32.0,-0.0030632107251067353,-0.0017650185808415486,0.25,256.0,6400000.0
256.0,256.0,2.0,9.0,1278.0,998.0,40554.0,126912.0,0.5150067785101962,0.5298201607173889,1.0,0.0078125,6400000.0
208.0,256.0,2.0,9.0,1036.0,818.0,32820.0,104256.0,0.5071164529070409,0.5167278959652323,0.25,0.0625,6400000.0
1.0,256.0,2.0,1.0,1.0,1.0,39.0,32.0,-0.0030632107251067353,-0.0017650185808415486,0.25,4096.0,6400000.0
256.0,256.0,2.0,9.0,1298.0,1002.0,40750.0,127552.0,0.5180579894339467,0.5293120093292413,0.125,0.00390625,6400000.0
1.0,256.0,2.0,1.0,1.0,1.0,39.0,32.0,-0.0030632107251067353,-0.0017650185808415486,1.0,512.0,6400000.0
256.0,256.0,2.0,9.0,1303.0,1000.0,40711.0,127232.0,0.5179270389639006,0.5302605751812641,4.0,0.000976562,6400000.0
256.0,256.0,2.0,9.0,1282.0,999.0,40332.0,127072.0,0.5247198359868279,0.5338703495503139,4.0,0.015625,6400000.0
103.0,256.0,2.0,8.0,528.0,409.0,16474.0,52256.0,0.4652302192966672,0.48028456586449264,4.0,0.25,6400000.0
1.0,1.0,8.0,2.0,3.0,2.0,616.0,192.0,0.03911015413878083,0.040912063041146696,32.0,16.0,6400000.0
69.0,256.0,2.0,9.0,349.0,264.0,10744.0,33408.0,0.4440109904418591,0.4535133522491208,0.125,1.0,6400000.0
1.0,1.0,8.0,2.0,61.0,31.0,3184.0,4832.0,0.048928416408169584,0.050101823427727066,32.0,0.03125,6400000.0
233.0,256.0,2.0,9.0,1131.0,903.0,35859.0,114656.0,0.5097753395868058,0.5242922065988689,0.125,0.0625,6400000.0
1.0,256.0,2.0,1.0,1.0,1.0,39.0,32.0,-0.0030632107251067353,-0.0017650185808415486,0.125,256.0,6400000.0
1.0,1.0,1.0,1.0,1.0,1.0,35.0,32.0,-0.0030632107251067353,-0.0017650185808415486,0.25,8192.0,6400000.0
31.0,256.0,2.0,6.0,135.0,101.0,4183.0,12192.0,0.36078748987222076,0.3683997795958679,4.0,4.0,6400000.0
1.0,1.0,8.0,1.0,1.0,1.0,543.0,32.0,-0.0030632107251067353,-0.0017650185808415486,16.0,8192.0,6400000.0
256.0,256.0,2.0,9.0,1302.0,1000.0,40589.0,127232.0,0.5132893416621804,0.53043890273984,0.5,0.0,6400000.0
11.0,256.0,2.0,3.0,35.0,25.0,1015.0,2592.0,0.23714634169335125,0.2431198474760431,0.125,16.0,6400000.0
1.0,256.0,2.0,1.0,1.0,1.0,39.0,32.0,-0.0030632107251067353,-0.0017650185808415486,1.0,8192.0,6400000.0
1.0,1.0,8.0,2.0,3.0,2.0,616.0,192.0,0.03911015413878083,0.040912063041146696,16.0,16.0,6400000.0
256.0,256.0,2.0,9.0,1281.0,996.0,40234.0,126592.0,0.5153904835961696,0.5242138307536144,0.5,0.0078125,6400000.0
1.0,1.0,8.0,1.0,1.0,1.0,543.0,32.0,-0.0030632107251067353,-0.0017650185808415486,128.0,0.0625,6400000.0
142.0,256.0,2.0,9.0,733.0,565.0,22876.0,72224.0,0.49620335828221296,0.5066461171132394,0.5,0.125,6400000.0
46.0,256.0,2.0,9.0,227.0,172.0,6972.0,21632.0,0.4080351142330678,0.4212839842730328,0.5,2.0,6400000.0
1.0,1.0,8.0,1.0,1.0,1.0,543.0,32.0,-0.0030632107251067353,-0.0017650185808415486,8.0,8192.0,6400000.0
8.0,256.0,2.0,2.0,22.0,16.0,664.0,1536.0,0.184803559555608,0.19082719424152972,0.5,32.0,6400000.0
1.0,256.0,2.0,1.0,1.0,1.0,39.0,32.0,-0.0030632107251067353,-0.0017650185808415486,0.5,512.0,6400000.0
256.0,256.0,2.0,9.0,1306.0,1001.0,41095.0,127392.0,0.5142980720278623,0.5288002979073523,2.0,0.000976562,6400000.0
1.0,1.0,8.0,1.0,1.0,1.0,543.0,32.0,-0.0030632107251067353,-0.0017650185808415486,64.0,16384.0,6400000.0
1.0,1.0,8.0,2.0,3.0,2.0,616.0,192.0,0.03911015413878083,0.040912063041146696,64.0,32.0,6400000.0
256.0,256.0,2.0,9.0,1287.0,998.0,40372.0,126912.0,0.5162167787773698,0.5281961359571924,2.0,0.015625,6400000.0
1.0,256.0,2.0,1.0,1.0,1.0,39.0,32.0,-0.0030632107251067353,-0.0017650185808415486,4.0,1024.0,6400000.0
1.0,256.0,2.0,1.0,1.0,1.0,39.0,32.0,-0.0030632107251067353,-0.0017650185808415486,0.125,4096.0,6400000.0
3.0,256.0,2.0,2.0,9.0,6.0,287.0,576.0,0.10115259004895938,0.10346957106453547,4.0,64.0,6400000.0
256.0,256.0,2.0,9.0,1292.0,998.0,40569.0,126912.0,0.5117395516364049,0.5234792610616112,0.25,0.0,6400000.0
29.0,256.0,2.0,8.0,141.0,103.0,4271.0,12768.0,0.3683335198985188,0.38060345226667425,2.0,4.0,6400000.0
1.0,1.0,8.0,2.0,61.0,31.0,3184.0,4832.0,0.048928416408169584,0.050101823427727066,16.0,0.03125,6400000.0
109.0,256.0,2.0,9.0,569.0,431.0,17566.0,55008.0,0.48733955413791863,0.4966092330702129,2.0,0.25,6400000.0
3.0,256.0,2.0,2.0,9.0,6.0,287.0,576.0,0.10115259004895938,0.10346957106453547,2.0,64.0,6400000.0
1.0,256.0,2.0,1.0,1.0,1.0,39.0,32.0,-0.0030632107251067353,-0.0017650185808415486,4.0,16384.0,6400000.0
256.0,256.0,2.0,9.0,1284.0,997.0,40494.0,126752.0,0.5141958455516985,0.5270206471779713,0.25,0.0078125,6400000.0
1.0,256.0,2.0,1.0,1.0,1.0,39.0,32.0,-0.0030632107251067353,-0.0017650185808415486,0.5,8192.0,6400000.0
1.0,1.0,8.0,2.0,61.0,31.0,3184.0,4832.0,0.048928416408169584,0.050101823427727066,64.0,0.0625,6400000.0
1.0,256.0,2.0,1.0,1.0,1.0,39.0,32.0,-0.0030632107251067353,-0.0017650185808415486,2.0,1024.0,6400000.0
256.0,256.0,2.0,7.0,1273.0,999.0,40373.0,127072.0,0.5109981980012253,0.5167516371213297,8.0,0.00195312,6400000.0
256.0,256.0,2.0,9.0,1296.0,997.0,40626.0,126752.0,0.5187892687022335,0.531855093784761,1.0,0.000976562,6400000.0
1.0,1.0,8.0,1.0,1.0,1.0,543.0,32.0,-0.0030632107251067353,-0.0017650185808415486,32.0,16384.0,6400000.0
14.0,256.0,2.0,3.0,58.0,41.0,1695.0,4768.0,0.2755258013558761,0.2825067573238387,8.0,8.0,6400000.0
185.0,256.0,2.0,6.0,905.0,719.0,28826.0,91360.0,0.49232695738570753,0.4924526536678371,8.0,0.03125,6400000.0
38.0,256.0,2.0,3.0,187.0,141.0,5845.0,17696.0,0.3294585575079938,0.3332644597729797,8.0,0.5,6400000.0
109.0,256.0,2.0,9.0,563.0,436.0,17642.0,55808.0,0.49572815514990753,0.5004547695107084,1.0,0.25,6400000.0
1.0,256.0,2.0,1.0,1.0,1.0,39.0,32.0,-0.0030632107251067353,-0.0017650185808415486,2.0,16384.0,6400000.0
3.0,256.0,2.0,2.0,9.0,6.0,287.0,576.0,0.10115259004895938,0.10346957106453547,1.0,64.0,6400000.0
8.0,256.0,2.0,2.0,22.0,16.0,664.0,1536.0,0.184803559555608,0.19082719424152972,0.25,32.0,6400000.0
27.0,256.0,2.0,8.0,137.0,98.0,4172.0,12224.0,0.3787920682276993,0.38572714882329096,1.0,4.0,6400000.0
50.0,256.0,2.0,9.0,251.0,188.0,7690.0,23680.0,0.4286639454025012,0.43882039042213217,0.25,2.0,6400000.0
1.0,256.0,2.0,1.0,1.0,1.0,39.0,32.0,-0.0030632107251067353,-0.0017650185808415486,0.25,8192.0,6400000.0
148.0,256.0,2.0,9.0,764.0,586.0,23739.0,74816.0,0.5085468596448008,0.5146001023688085,0.25,0.125,6400000.0
1.0,256.0,2.0,1.0,1.0,1.0,39.0,32.0,-0.0030632107251067353,-0.0017650185808415486,0.25,512.0,6400000.0
1.0,256.0,2.0,1.0,1.0,1.0,39.0,32.0,-0.0030632107251067353,-0.0017650185808415486,8.0,128.0,6400000.0
1.0,256.0,2.0,1.0,1.0,1.0,39.0,32.0,-0.0030632107251067353,-0.0017650185808415486,8.0,2048.0,6400000.0
256.0,256.0,2.0,9.0,1271.0,997.0,40350.0,126752.0,0.5085506249798599,0.521029709085417,1.0,0.015625,6400000.0
1.0,256.0,2.0,1.0,1.0,1.0,39.0,32.0,-0.0030632107251067353,-0.0017650185808415486,1.0,1024.0,6400000.0
256.0,256.0,2.0,9.0,1296.0,1000.0,40521.0,127232.0,0.5157825915876864,0.5288582299650928,4.0,0.00195312,6400000.0
73.0,256.0,2.0,8.0,391.0,291.0,11988.0,37216.0,0.46085108244566775,0.47276798268577314,4.0,0.5,6400000.0
1.0,256.0,2.0,1.0,1.0,1.0,39.0,32.0,-0.0030632107251067353,-0.0017650185808415486,8.0,32768.0,6400000.0
256.0,256.0,2.0,9.0,1248.0,994.0,39561.0,126272.0,0.5244660111803647,0.5349766690265487,4.0,0.03125,6400000.0
1.0,1.0,8.0,2.0,3.0,2.0,616.0,192.0,0.03911015413878083,0.040912063041146696,32.0,32.0,6400000.0
14.0,256.0,2.0,3.0,58.0,41.0,1695.0,4768.0,0.2755258013558761,0.2825067573238387,4.0,8.0,6400000.0
1.0,1.0,8.0,2.0,61.0,31.0,3184.0,4832.0,0.048928416408169584,0.050101823427727066,32.0,0.0625,6400000.0
1.0,1.0,1.0,1.0,1.0,1.0,35.0,32.0,-0.0030632107251067353,-0.0017650185808415486,0.25,16384.0,6400000.0
1.0,1.0,8.0,1.0,1.0,1.0,543.0,32.0,-0.0030632107251067353,-0.0017650185808415486,16.0,16384.0,6400000.0
1.0,1.0,8.0,1.0,1.0,1.0,543.0,32.0,-0.0030632107251067353,-0.0017650185808415486,128.0,64.0,6400000.0
63.0,256.0,2.0,3.0,325.0,250.0,10436.0,31936.0,0.33097250671227496,0.33609611278708984,16.0,0.0625,6400000.0
256.0,256.0,2.0,3.0,1183.0,1001.0,39980.0,127392.0,0.32788052015020375,0.33285091212048645,16.0,0.00390625,6400000.0
256.0,256.0,2.0,9.0,1297.0,998.0,40537.0,126912.0,0.5128356850690581,0.5298052669585948,0.5,0.000976562,6400000.0
1.0,256.0,2.0,1.0,1.0,1.0,39.0,32.0,-0.0030632107251067353,-0.0017650185808415486,1.0,16384.0,6400000.0
32.0,256.0,2.0,3.0,156.0,117.0,4821.0,14624.0,0.32504189162464603,0.33158696229191764,16.0,1.0,6400000.0
1.0,1.0,8.0,2.0,3.0,2.0,616.0,192.0,0.03911015413878083,0.040912063041146696,16.0,32.0,6400000.0
256.0,256.0,2.0,9.0,1278.0,1001.0,40480.0,127392.0,0.5251334554236669,0.5371824640291886,0.5,0.015625,6400000.0
1.0,256.0,2.0,1.0,1.0,1.0,39.0,32.0,-0.0030632107251067353,-0.0017650185808415486,0.5,1024.0,6400000.0
3.0,256.0,2.0,2.0,9.0,6.0,287.0,576.0,0.10115259004895938,0.10346957106453547,0.5,64.0,6400000.0
109.0,256.0,2.0,9.0,565.0,434.0,17548.0,55488.0,0.49695678715128233,0.5062857933531084,0.5,0.25,6400000.0
1.0,1.0,8.0,1.0,1.0,1.0,543.0,32.0,-0.0030632107251067353,-0.0017650185808415486,128.0,0.125,6400000.0
34.0,256.0,2.0,8.0,154.0,114.0,4701.0,13888.0,0.38259743933417434,0.3960951675074147,0.5,4.0,6400000.0
1.0,1.0,8.0,1.0,1.0,1.0,543.0,32.0,-0.0030632107251067353,-0.0017650185808415486,64.0,32768.0,6400000.0
11.0,256.0,2.0,2.0,30.0,22.0,872.0,2112.0,0.211815897449531,0.21820531799146736,16.0,16.0,6400000.0
256.0,256.0,2.0,9.0,1300.0,996.0,40902.0,126592.0,0.5154721131261377,0.5289227903877878,2.0,0.00195312,6400000.0
1.0,256.0,2.0,1.0,1.0,1.0,39.0,32.0,-0.0030632107251067353,-0.0017650185808415486,4.0,128.0,6400000.0
14.0,256.0,2.0,3.0,58.0,41.0,1695.0,4768.0,0.2755258013558761,0.2825067573238387,2.0,8.0,6400000.0
1.0,256.0,2.0,1.0,1.0,1.0,39.0,32.0,-0.0030632107251067353,-0.0017650185808415486,2.0,128.0,6400000.0
1.0,256.0,2.0,1.0,1.0,1.0,39.0,32.0,-0.0030632107251067353,-0.0017650185808415486,4.0,2048.0,6400000.0
1.0,256.0,2.0,1.0,1.0,1.0,39.0,32.0,-0.0030632107251067353,-0.0017650185808415486,4.0,32768.0,6400000.0
1.0,1.0,8.0,1.0,1.0,1.0,543.0,32.0,-0.0030632107251067353,-0.0017650185808415486,64.0,64.0,6400000.0
88.0,256.0,2.0,9.0,460.0,350.0,14188.0,44736.0,0.4770611619081968,0.48811726862333815,2.0,0.5,6400000.0
1.0,256.0,2.0,1.0,1.0,1.0,39.0,32.0,-0.0030632107251067353,-0.0017650185808415486,16.0,256.0,6400000.0
256.0,256.0,2.0,9.0,1268.0,997.0,40048.0,126752.0,0.5291897665773554,0.5369965621998594,2.0,0.03125,6400000.0
1.0,1.0,8.0,2.0,61.0,31.0,3184.0,4832.0,0.048928416408169584,0.050101823427727066,16.0,0.0625,6400000.0
1.0,256.0,2.0,1.0,1.0,1.0,39.0,32.0,-0.0030632107251067353,-0.0017650185808415486,16.0,4096.0,6400000.0
1.0,256.0,2.0,1.0,1.0,1.0,39.0,32.0,-0.0030632107251067353,-0.0017650185808415486,0.5,16384.0,6400000.0
256.0,256.0,2.0,7.0,1261.0,998.0,40127.0,126912.0,0.5006117807291346,0.5087026355232358,8.0,0.00390625,6400000.0
1.0,256.0,2.0,1.0,1.0,1.0,39.0,32.0,-0.0030632107251067353,-0.0017650185808415486,2.0,2048.0,6400000.0
1.0,1.0,8.0,2.0,31.0,16.0,2156.0,2432.0,0.04793448396138689,0.05003938903894933,64.0,0.125,6400000.0
256.0,256.0,2.0,2.0,1144.0,1013.0,40707.0,129312.0,0.2612670969160146,0.2631336100600903,32.0,0.0,6400000.0
256.0,256.0,2.0,9.0,1302.0,1000.0,40871.0,127232.0,0.5162831720397212,0.5279231044138499,1.0,0.00195312,6400000.0
34.0,256.0,2.0,3.0,165.0,124.0,5165.0,15488.0,0.325365479106839,0.3313042520547551,8.0,1.0,6400000.0
11.0,256.0,2.0,2.0,30.0,22.0,872.0,2112.0,0.211815897449531,0.21820531799146736,8.0,16.0,6400000.0
141.0,256.0,2.0,6.0,707.0,553.0,22360.0,70432.0,0.4808382630197693,0.48032471932096443,8.0,0.0625,6400000.0
1.0,256.0,2.0,1.0,1.0,1.0,39.0,32.0,-0.0030632107251067353,-0.0017650185808415486,2.0,32768.0,6400000.0
1.0,256.0,2.0,1.0,1.0,1.0,39.0,32.0,-0.0030632107251067353,-0.0017650185808415486,1.0,128.0,6400000.0
1.0,1.0,8.0,1.0,1.0,1.0,543.0,32.0,-0.0030632107251067353,-0.0017650185808415486,32.0,32768.0,6400000.0
88.0,256.0,2.0,9.0,456.0,349.0,14080.0,44576.0,0.473504628372021,0.48638983203364494,1.0,0.5,6400000.0
1.0,256.0,2.0,1.0,1.0,1.0,39.0,32.0,-0.0030632107251067353,-0.0017650185808415486,8.0,256.0,6400000.0
39.0,256.0,2.0,2.0,162.0,137.0,5411.0,16928.0,0.25905992569632974,0.2709832339157031,32.0,0.125,6400000.0
14.0,256.0,2.0,3.0,58.0,41.0,1695.0,4768.0,0.2755258013558761,0.2825067573238387,1.0,8.0,6400000.0
129.0,256.0,2.0,2.0,581.0,499.0,19995.0,63328.0,0.261446080277708,0.26695415174517567,32.0,0.0078125,6400000.0
60.0,256.0,2.0,8.0,312.0,235.0,9490.0,29920.0,0.44250722625257677,0.46036586946347924,4.0,1.0,6400000.0
256.0,256.0,2.0,3.0,1193.0,1005.0,40390.0,128032.0,0.3293390919627084,0.33339365983300717,16.0,0.0,6400000.0
1.0,256.0,2.0,1.0,1.0,1.0,39.0,32.0,-0.0030632107251067353,-0.0017650185808415486,8.0,4096.0,6400000.0
1.0,1.0,8.0,1.0,1.0,1.0,543.0,32.0,-0.0030632107251067353,-0.0017650185808415486,256.0,0.0,6400000.0
256.0,256.0,2.0,9.0,1261.0,997.0,40137.0,126752.0,0.5197887505028798,0.5329116356110827,1.0,0.03125,6400000.0
188.0,256.0,2.0,9.0,944.0,737.0,29529.0,93856.0,0.5036550337872008,0.5173664478959381,4.0,0.0625,6400000.0
1.0,1.0,1.0,2.0,3.0,2.0,108.0,192.0,0.03911015413878083,0.040912063041146696,0.5,0.0,6400000.0
1.0,256.0,2.0,1.0,1.0,1.0,39.0,32.0,-0.0030632107251067353,-0.0017650185808415486,1.0,2048.0,6400000.0
256.0,256.0,2.0,9.0,1296.0,999.0,40579.0,127072.0,0.5197099189075596,0.5321875282278992,4.0,0.00390625,6400000.0
22.0,256.0,2.0,2.0,87.0,69.0,2845.0,8224.0,0.2533548419140267,0.2641108116508766,32.0,2.0,6400000.0
1.0,1.0,8.0,2.0,31.0,16.0,2156.0,2432.0,0.04793448396138689,0.05003938903894933,32.0,0.125,6400000.0
1.0,1.0,8.0,2.0,3.0,2.0,616.0,192.0,0.03911015413878083,0.040912063041146696,32.0,64.0,6400000.0
11.0,256.0,2.0,3.0,35.0,25.0,1015.0,2592.0,0.23714634169335125,0.2431198474760431,4.0,16.0,6400000.0
1.0,1.0,8.0,1.0,1.0,1.0,543.0,32.0,-0.0030632107251067353,-0.0017650185808415486,16.0,32768.0,6400000.0
1.0,1.0,1.0,1.0,1.0,1.0,35.0,32.0,-0.0030632107251067353,-0.0017650185808415486,0.25,32768.0,6400000.0
1.0,1.0,8.0,1.0,1.0,1.0,543.0,32.0,-0.0030632107251067353,-0.0017650185808415486,128.0,128.0,6400000.0
8.0,256.0,2.0,2.0,22.0,16.0,664.0,1536.0,0.184803559555608,0.19082719424152972,32.0,32.0,6400000.0
1.0,256.0,2.0,1.0,1.0,1.0,39.0,32.0,-0.0030632107251067353,-0.0017650185808415486,1.0,32768.0,6400000.0
163.0,256.0,2.0,3.0,775.0,632.0,25767.0,80256.0,0.330403141311585,0.33574047510461,16.0,0.0078125,6400000.0
55.0,256.0,2.0,3.0,278.0,213.0,8701.0,27040.0,0.33270699517426827,0.336122771309734,16.0,0.125,6400000.0
24.0,256.0,2.0,3.0,122.0,88.0,3665.0,11008.0,0.31791595940948225,0.32417768192787355,16.0,2.0,6400000.0
1.0,1.0,8.0,2.0,3.0,2.0,616.0,192.0,0.03911015413878083,0.040912063041146696,16.0,64.0,6400000.0
1.0,1.0,8.0,1.0,1.0,1.0,543.0,32.0,-0.0030632107251067353,-0.0017650185808415486,128.0,0.25,6400000.0
1.0,256.0,2.0,1.0,1.0,1.0,39.0,32.0,-0.0030632107251067353,-0.0017650185808415486,32.0,512.0,6400000.0
1.0,1.0,8.0,1.0,1.0,1.0,543.0,32.0,-0.0030632107251067353,-0.0017650185808415486,128.0,0.0,6400000.0
8.0,256.0,2.0,2.0,22.0,16.0,664.0,1536.0,0.184803559555608,0.19082719424152972,16.0,32.0,6400000.0
256.0,256.0,2.0,9.0,1300.0,1001.0,40747.0,127392.0,0.5126760526463481,0.5271437617691745,2.0,0.00390625,6400000.0
72.0,256.0,2.0,2.0,343.0,283.0,11364.0,36064.0,0.2598232841298568,0.2689191951493547,64.0,0.015625,6400000.0
256.0,256.0,2.0,2.0,1144.0,1013.0,40707.0,129312.0,0.2612670969160146,0.2631336100600903,64.0,0.000976562,6400000.0
1.0,256.0,2.0,1.0,1.0,1.0,39.0,32.0,-0.0030632107251067353,-0.0017650185808415486,32.0,8192.0,6400000.0
39.0,256.0,2.0,2.0,159.0,135.0,5305.0,16608.0,0.2593817969921589,0.27101805589306294,64.0,0.25,6400000.0
1.0,256.0,2.0,1.0,1.0,1.0,39.0,32.0,-0.0030632107251067353,-0.0017650185808415486,4.0,256.0,6400000.0
11.0,256.0,2.0,3.0,35.0,25.0,1015.0,2592.0,0.23714634169335125,0.2431198474760431,2.0,16.0,6400000.0
1.0,256.0,2.0,1.0,1.0,1.0,39.0,32.0,-0.0030632107251067353,-0.0017650185808415486,4.0,4096.0,6400000.0
256.0,256.0,2.0,7.0,1258.0,996.0,40058.0,126592.0,0.5074224522286721,0.5145348850816691,8.0,0.0,6400000.0
1.0,256.0,2.0,1.0,1.0,1.0,39.0,32.0,-0.0030632107251067353,-0.0017650185808415486,16.0,8192.0,6400000.0
1.0,1.0,8.0,1.0,1.0,1.0,543.0,32.0,-0.0030632107251067353,-0.0017650185808415486,64.0,128.0,6400000.0
66.0,256.0,2.0,9.0,331.0,250.0,10110.0,31552.0,0.4549772523932427,0.46537093185980427,2.0,1.0,6400000.0
1.0,256.0,2.0,1.0,1.0,1.0,39.0,32.0,-0.0030632107251067353,-0.0017650185808415486,16.0,512.0,6400000.0
200.0,256.0,2.0,9.0,1008.0,789.0,31608.0,100640.0,0.5123098987719363,0.5233321696023697,2.0,0.0625,6400000.0
1.0,256.0,2.0,1.0,1.0,1.0,39.0,32.0,-0.0030632107251067353,-0.0017650185808415486,2.0,256.0,6400000.0
256.0,256.0,2.0,7.0,1254.0,1002.0,40130.0,127552.0,0.5088067622519279,0.5169472758075232,8.0,0.0078125,6400000.0
1.0,256.0,2.0,1.0,1.0,1.0,39.0,32.0,-0.0030632107251067353,-0.0017650185808415486,2.0,4096.0,6400000.0
1.0,256.0,2.0,1.0,1.0,1.0,39.0,32.0,-0.0030632107251067353,-0.0017650185808415486,64.0,64.0,6400000.0
1.0,1.0,8.0,2.0,23.0,12.0,1884.0,1792.0,0.04773884058755595,0.05002050038126937,64.0,0.25,6400000.0
19.0,256.0,2.0,2.0,74.0,57.0,2380.0,6688.0,0.2512662014893755,0.2606608379591845,64.0,4.0,6400000.0
256.0,256.0,2.0,2.0,1144.0,1013.0,40707.0,129312.0,0.2612670969160146,0.2631336100600903,32.0,0.000976562,6400000.0
1.0,256.0,2.0,1.0,1.0,1.0,39.0,32.0,-0.0030632107251067353,-0.0017650185808415486,64.0,1024.0,6400000.0
8.0,256.0,2.0,2.0,22.0,16.0,664.0,1536.0,0.184803559555608,0.19082719424152972,8.0,32.0,6400000.0
103.0,256.0,2.0,6.0,541.0,409.0,16767.0,52256.0,0.46223042987471763,0.45955334703655715,8.0,0.125,6400000.0
26.0,256.0,2.0,3.0,124.0,91.0,3761.0,11232.0,0.31952095011874393,0.32577084868578554,8.0,2.0,6400000.0
256.0,256.0,2.0,9.0,1306.0,1001.0,40598.0,127392.0,0.5196532207781087,0.5305264770407065,4.0,0.0,6400000.0
1.0,256.0,2.0,1.0,1.0,1.0,39.0,32.0,-0.0030632107251067353,-0.0017650185808415486,8.0,512.0,6400000.0
1.0,1.0,8.0,2.0,61.0,31.0,3184.0,4832.0,0.048928416408169584,0.050101823427727066,64.0,0.0,6400000.0
39.0,256.0,2.0,2.0,159.0,135.0,5305.0,16608.0,0.2593817969921589,0.27101805589306294,32.0,0.25,6400000.0
1.0,256.0,2.0,1.0,1.0,1.0,39.0,32.0,-0.0030632107251067353,-0.0017650185808415486,64.0,16384.0,6400000.0
72.0,256.0,2.0,2.0,343.0,283.0,11364.0,36064.0,0.2598232841298568,0.2689191951493547,32.0,0.015625,6400000.0
1.0,1.0,8.0,1.0,1.0,1.0,543.0,32.0,-0.0030632107251067353,-0.0017650185808415486,256.0,0.5,6400000.0
1.0,256.0,2.0,1.0,1.0,1.0,39.0,32.0,-0.0030632107251067353,-0.0017650185808415486,8.0,8192.0,6400000.0
256.0,256.0,2.0,3.0,1191.0,1003.0,40064.0,127712.0,0.3264278186909745,0.3334651680933336,16.0,0.000976562,6400000.0
1.0,1.0,8.0,2.0,23.0,12.0,1884.0,1792.0,0.04773884058755595,0.05002050038126937,32.0,0.25,6400000.0
1.0,256.0,2.0,1.0,1.0,1.0,39.0,32.0,-0.0030632107251067353,-0.0017650185808415486,128.0,0.00195312,6400000.0
41.0,256.0,2.0,7.0,205.0,153.0,6275.0,19232.0,0.4076953253076021,0.42160670156685387,4.0,2.0,6400000.0
145.0,256.0,2.0,9.0,743.0,573.0,23110.0,73120.0,0.49279044944436323,0.5059734420404218,4.0,0.125,6400000.0
1.0,1.0,8.0,1.0,1.0,1.0,543.0,32.0,-0.0030632107251067353,-0.0017650185808415486,32.0,128.0,6400000.0
1.0,1.0,1.0,2.0,3.0,2.0,108.0,192.0,0.03911015413878083,0.040912063041146696,0.5,0.000976562,6400000.0
1.0,1.0,8.0,2.0,61.0,31.0,3184.0,4832.0,0.048928416408169584,0.050101823427727066,32.0,0.0,6400000.0
19.0,256.0,2.0,2.0,74.0,57.0,2380.0,6688.0,0.2512662014893755,0.2606608379591845,32.0,4.0,6400000.0
1.0,1.0,8.0,1.0,1.0,1.0,543.0,32.0,-0.0030632107251067353,-0.0017650185808415486,256.0,0.000976562,6400000.0
8.0,256.0,2.0,2.0,22.0,16.0,664.0,1536.0,0.184803559555608,0.19082719424152972,4.0,32.0,6400000.0
1.0,256.0,2.0,1.0,1.0,1.0,39.0,32.0,-0.0030632107251067353,-0.0017650185808415486,128.0,0.03125,6400000.0
1.0,256.0,2.0,1.0,1.0,1.0,39.0,32.0,-0.0030632107251067353,-0.0017650185808415486,128.0,0.5,6400000.0
256.0,256.0,2.0,9.0,1290.0,996.0,40249.0,126592.0,0.523702092022118,0.5311727699356359,4.0,0.0078125,6400000.0
1.0,1.0,8.0,1.0,1.0,1.0,543.0,32.0,-0.0030632107251067353,-0.0017650185808415486,128.0,256.0,6400000.0
3.0,256.0,2.0,2.0,9.0,6.0,287.0,576.0,0.10115259004895938,0.10346957106453547,32.0,64.0,6400000.0
1.0,256.0,2.0,1.0,1.0,1.0,39.0,32.0,-0.0030632107251067353,-0.0017650185808415486,128.0,8.0,6400000.0
47.0,256.0,2.0,3.0,238.0,182.0,7451.0,23104.0,0.3332276869680305,0.33633928307445815,16.0,0.25,6400000.0
136.0,256.0,2.0,3.0,647.0,530.0,21215.0,67392.0,0.3314599283878197,0.3357980202889931,16.0,0.015625,6400000.0
1.0,256.0,2.0,1.0,1.0,1.0,39.0,32.0,-0.0030632107251067353,-0.0017650185808415486,128.0,128.0,6400000.0
21.0,256.0,2.0,3.0,99.0,72.0,2931.0,8832.0,0.3091526342386791,0.3166052038468572,16.0,4.0,6400000.0
1.0,256.0,2.0,1.0,1.0,1.0,39.0,32.0,-0.0030632107251067353,-0.0017650185808415486,128.0,2048.0,6400000.0
1.0,1.0,8.0,1.0,1.0,1.0,543.0,32.0,-0.0030632107251067353,-0.0017650185808415486,128.0,0.5,6400000.0
1.0,256.0,2.0,1.0,1.0,1.0,39.0,32.0,-0.0030632107251067353,-0.0017650185808415486,32.0,1024.0,6400000.0
1.0,1.0,8.0,1.0,1.0,1.0,543.0,32.0,-0.0030632107251067353,-0.0017650185808415486,128.0,0.000976562,6400000.0
1.0,256.0,2.0,1.0,1.0,1.0,39.0,32.0,-0.0030632107251067353,-0.0017650185808415486,32.0,16384.0,6400000.0
28.0,256.0,2.0,2.0,130.0,109.0,4298.0,13856.0,0.2589595133955369,0.26969276798452724,64.0,0.5,6400000.0
256.0,256.0,2.0,2.0,1131.0,1001.0,40195.0,127392.0,0.26135104093924966,0.26316298061072896,64.0,0.00195312,6400000.0
3.0,256.0,2.0,2.0,9.0,6.0,287.0,576.0,0.10115259004895938,0.10346957106453547,16.0,64.0,6400000.0
53.0,256.0,2.0,2.0,257.0,211.0,8600.0,26976.0,0.25946067311471355,0.26961647397729316,64.0,0.03125,6400000.0
1.0,256.0,2.0,1.0,1.0,1.0,39.0,32.0,-0.0030632107251067353,-0.0017650185808415486,128.0,32768.0,6400000.0
1.0,256.0,2.0,1.0,1.0,1.0,39.0,32.0,-0.0030632107251067353,-0.0017650185808415486,16.0,16384.0,6400000.0
1.0,256.0,2.0,1.0,1.0,1.0,39.0,32.0,-0.0030632107251067353,-0.0017650185808415486,4.0,512.0,6400000.0
1.0,256.0,2.0,1.0,1.0,1.0,39.0,32.0,-0.0030632107251067353,-0.0017650185808415486,16.0,1024.0,6400000.0
1.0,256.0,2.0,1.0,1.0,1.0,39.0,32.0,-0.0030632107251067353,-0.0017650185808415486,64.0,128.0,6400000.0
256.0,256.0,2.0,6.0,1230.0,996.0,39495.0,126592.0,0.5081771959531142,0.5031352171008312,8.0,0.015625,6400000.0
1.0,1.0,8.0,1.0,1.0,1.0,543.0,32.0,-0.0030632107251067353,-0.0017650185808415486,64.0,256.0,6400000.0
1.0,256.0,2.0,1.0,1.0,1.0,39.0,32.0,-0.0030632107251067353,-0.0017650185808415486,4.0,8192.0,6400000.0
1.0,256.0,2.0,1.0,1.0,1.0,39.0,32.0,-0.0030632107251067353,-0.0017650185808415486,256.0,0.0625,6400000.0
256.0,256.0,2.0,7.0,1261.0,997.0,40161.0,126752.0,0.5126991618957815,0.516033064110589,8.0,0.000976562,6400000.0
1.0,256.0,2.0,1.0,1.0,1.0,39.0,32.0,-0.0030632107251067353,-0.0017650185808415486,256.0,0.00390625,6400000.0
1.0,256.0,2.0,1.0,1.0,1.0,39.0,32.0,-0.0030632107251067353,-0.0017650185808415486,256.0,16.0,6400000.0
1.0,1.0,8.0,2.0,15.0,8.0,1441.0,1152.0,0.047829233101735924,0.050193380789518294,64.0,0.5,6400000.0
15.0,256.0,2.0,2.0,47.0,34.0,1432.0,3520.0,0.23483331904090687,0.24244665993785774,64.0,8.0,6400000.0
256.0,256.0,2.0,2.0,1131.0,1001.0,40195.0,127392.0,0.26135104093924966,0.26316298061072896,32.0,0.00195312,6400000.0
1.0,1.0,8.0,1.0,1.0,1.0,543.0,32.0,-0.0030632107251067353,-0.0017650185808415486,256.0,512.0,6400000.0
1.0,256.0,2.0,1.0,1.0,1.0,39.0,32.0,-0.0030632107251067353,-0.0017650185808415486,256.0,1.0,6400000.0
1.0,256.0,2.0,1.0,1.0,1.0,39.0,32.0,-0.0030632107251067353,-0.0017650185808415486,64.0,2048.0,6400000.0
3.0,256.0,2.0,2.0,9.0,6.0,287.0,576.0,0.10115259004895938,0.10346957106453547,8.0,64.0,6400000.0
73.0,256.0,2.0,5.0,375.0,286.0,11668.0,36416.0,0.4087975750703494,0.4027099268379185,8.0,0.25,6400000.0
21.0,256.0,2.0,3.0,95.0,69.0,2884.0,8352.0,0.3091014997011122,0.3173500317973945,8.0,4.0,6400000.0
1.0,1.0,8.0,2.0,61.0,31.0,3184.0,4832.0,0.048928416408169584,0.050101823427727066,64.0,0.000976562,6400000.0
28.0,256.0,2.0,2.0,130.0,109.0,4298.0,13856.0,0.2589595133955369,0.26969276798452724,32.0,0.5,6400000.0
1.0,256.0,2.0,1.0,1.0,1.0,39.0,32.0,-0.0030632107251067353,-0.0017650185808415486,256.0,256.0,6400000.0
1.0,256.0,2.0,1.0,1.0,1.0,39.0,32.0,-0.0030632107251067353,-0.0017650185808415486,8.0,1024.0,6400000.0
1.0,256.0,2.0,1.0,1.0,1.0,39.0,32.0,-0.0030632107251067353,-0.0017650185808415486,64.0,32768.0,6400000.0
1.0,256.0,2.0,1.0,1.0,1.0,39.0,32.0,-0.0030632107251067353,-0.0017650185808415486,8.0,16384.0,6400000.0
1.0,256.0,2.0,1.0,1.0,1.0,39.0,32.0,-0.0030632107251067353,-0.0017650185808415486,128.0,0.00390625,6400000.0
256.0,256.0,2.0,3.0,1194.0,1004.0,40384.0,127872.0,0.32650996473641114,0.3332903391405422,16.0,0.00195312,6400000.0
15.0,256.0,2.0,2.0,47.0,34.0,1432.0,3520.0,0.23483331904090687,0.24244665993785774,32.0,8.0,6400000.0
53.0,256.0,2.0,2.0,257.0,211.0,8600.0,26976.0,0.25946067311471355,0.26961647397729316,32.0,0.03125,6400000.0
1.0,256.0,2.0,1.0,1.0,1.0,39.0,32.0,-0.0030632107251067353,-0.0017650185808415486,128.0,1.0,6400000.0
1.0,256.0,2.0,1.0,1.0,1.0,39.0,32.0,-0.0030632107251067353,-0.0017650185808415486,128.0,0.0625,6400000.0
1.0,1.0,8.0,2.0,15.0,8.0,1441.0,1152.0,0.047829233101735924,0.050193380789518294,32.0,0.5,6400000.0
1.0,1.0,1.0,2.0,3.0,2.0,108.0,192.0,0.03911015413878083,0.040912063041146696,0.5,0.00195312,6400000.0
1.0,256.0,2.0,1.0,1.0,1.0,39.0,32.0,-0.0030632107251067353,-0.0017650185808415486,32.0,128.0,6400000.0
105.0,256.0,2.0,3.0,506.0,407.0,16550.0,51680.0,0.33110471486037985,0.3358507655250361,16.0,0.03125,6400000.0
1.0,1.0,8.0,1.0,1.0,1.0,543.0,32.0,-0.0030632107251067353,-0.0017650185808415486,32.0,256.0,6400000.0
1.0,256.0,2.0,1.0,1.0,1.0,39.0,32.0,-0.0030632107251067353,-0.0017650185808415486,256.0,4096.0,6400000.0
1.0,1.0,8.0,1.0,1.0,1.0,543.0,32.0,-0.0030632107251067353,-0.0017650185808415486,256.0,1.0,6400000.0
1.0,256.0,2.0,1.0,1.0,1.0,39.0,32.0,-0.0030632107251067353,-0.0017650185808415486,128.0,16.0,6400000.0
1.0,256.0,2.0,1.0,1.0,1.0,39.0,32.0,-0.0030632107251067353,-0.0017650185808415486,512.0,0.125,6400000.0
1.0,256.0,2.0,1.0,1.0,1.0,39.0,32.0,-0.0030632107251067353,-0.0017650185808415486,512.0,0.0078125,6400000.0
1.0,1.0,8.0,1.0,1.0,1.0,543.0,32.0,-0.0030632107251067353,-0.0017650185808415486,256.0,0.00195312,6400000.0
1.0,1.0,8.0,1.0,1.0,1.0,543.0,32.0,-0.0030632107251067353,-0.0017650185808415486,128.0,512.0,6400000.0
35.0,256.0,2.0,3.0,185.0,138.0,5750.0,17600.0,0.3290574312030965,0.3342320996375041,16.0,0.5,6400000.0
1.0,256.0,2.0,1.0,1.0,1.0,39.0,32.0,-0.0030632107251067353,-0.0017650185808415486,128.0,256.0,6400000.0
1.0,256.0,2.0,1.0,1.0,1.0,39.0,32.0,-0.0030632107251067353,-0.0017650185808415486,512.0,0.0,6400000.0
1.0,256.0,2.0,1.0,1.0,1.0,39.0,32.0,-0.0030632107251067353,-0.0017650185808415486,512.0,2.0,6400000.0
15.0,256.0,2.0,2.0,47.0,34.0,1432.0,3520.0,0.23483331904090687,0.24244665993785774,16.0,8.0,6400000.0
1.0,256.0,2.0,1.0,1.0,1.0,39.0,32.0,-0.0030632107251067353,-0.0017650185808415486,128.0,4096.0,6400000.0
1.0,1.0,8.0,1.0,1.0,1.0,543.0,32.0,-0.0030632107251067353,-0.0017650185808415486,128.0,1.0,6400000.0
1.0,256.0,2.0,1.0,1.0,1.0,39.0,32.0,-0.0030632107251067353,-0.0017650185808415486,32.0,2048.0,6400000.0
1.0,1.0,8.0,1.0,1.0,1.0,543.0,32.0,-0.0030632107251067353,-0.0017650185808415486,128.0,0.00195312,6400000.0
1.0,256.0,2.0,1.0,1.0,1.0,39.0,32.0,-0.0030632107251067353,-0.0017650185808415486,16.0,128.0,6400000.0
1.0,256.0,2.0,1.0,1.0,1.0,39.0,32.0,-0.0030632107251067353,-0.0017650185808415486,32.0,32768.0,6400000.0
25.0,256.0,2.0,2.0,98.0,78.0,3165.0,9280.0,0.25458612769279687,0.26652926967123536,64.0,1.0,6400000.0
51.0,256.0,2.0,2.0,234.0,195.0,7842.0,24672.0,0.258364443030106,0.26933584066351557,64.0,0.0625,6400000.0
1.0,256.0,2.0,1.0,1.0,1.0,39.0,32.0,-0.0030632107251067353,-0.0017650185808415486,64.0,256.0,6400000.0
161.0,256.0,2.0,2.0,718.0,624.0,24817.0,79232.0,0.26221916607441687,0.2662459411712603,64.0,0.00390625,6400000.0
1.0,256.0,2.0,1.0,1.0,1.0,39.0,32.0,-0.0030632107251067353,-0.0017650185808415486,256.0,0.0,6400000.0
1.0,256.0,2.0,1.0,1.0,1.0,39.0,32.0,-0.0030632107251067353,-0.0017650185808415486,16.0,32768.0,6400000.0
1.0,256.0,2.0,1.0,1.0,1.0,39.0,32.0,-0.0030632107251067353,-0.0017650185808415486,16.0,2048.0,6400000.0
1.0,1.0,8.0,1.0,1.0,1.0,543.0,32.0,-0.0030632107251067353,-0.0017650185808415486,64.0,512.0,6400000.0
11.0,256.0,2.0,2.0,30.0,22.0,872.0,2112.0,0.211815897449531,0.21820531799146736,64.0,16.0,6400000.0
1.0,256.0,2.0,1.0,1.0,1.0,39.0,32.0,-0.0030632107251067353,-0.0017650185808415486,256.0,0.0078125,6400000.0
1.0,256.0,2.0,1.0,1.0,1.0,39.0,32.0,-0.0030632107251067353,-0.0017650185808415486,256.0,0.125,6400000.0
1.0,1.0,8.0,2.0,11.0,6.0,1338.0,832.0,0.04742590853532136,0.04996966215281273,64.0,1.0,6400000.0
1.0,256.0,2.0,1.0,1.0,1.0,39.0,32.0,-0.0030632107251067353,-0.0017650185808415486,256.0,32.0,6400000.0
1.0,1.0,8.0,1.0,1.0,1.0,543.0,32.0,-0.0030632107251067353,-0.0017650185808415486,512.0,0.00390625,6400000.0
1.0,256.0,2.0,1.0,1.0,1.0,39.0,32.0,-0.0030632107251067353,-0.0017650185808415486,512.0,32.0,6400000.0
1.0,1.0,8.0,1.0,1.0,1.0,543.0,32.0,-0.0030632107251067353,-0.0017650185808415486,256.0,1024.0,6400000.0
1.0,256.0,2.0,1.0,1.0,1.0,39.0,32.0,-0.0030632107251067353,-0.0017650185808415486,512.0,512.0,6400000.0
161.0,256.0,2.0,2.0,718.0,624.0,24817.0,79232.0,0.26221916607441687,0.2662459411712603,32.0,0.00390625,6400000.0
1.0,256.0,2.0,1.0,1.0,1.0,39.0,32.0,-0.0030632107251067353,-0.0017650185808415486,64.0,4096.0,6400000.0
1.0,256.0,2.0,1.0,1.0,1.0,39.0,32.0,-0.0030632107251067353,-0.0017650185808415486,512.0,8192.0,6400000.0
1.0,256.0,2.0,1.0,1.0,1.0,39.0,32.0,-0.0030632107251067353,-0.0017650185808415486,256.0,2.0,6400000.0
1.0,256.0,2.0,1.0,1.0,1.0,39.0,32.0,-0.0030632107251067353,-0.0017650185808415486,1024.0,0.000976562,6400000.0
1.0,1.0,8.0,2.0,61.0,31.0,3184.0,4832.0,0.048928416408169584,0.050101823427727066,64.0,0.00195312,6400000.0
25.0,256.0,2.0,2.0,98.0,78.0,3165.0,9280.0,0.25458612769279687,0.26652926967123536,32.0,1.0,6400000.0
1.0,256.0,2.0,1.0,1.0,1.0,39.0,32.0,-0.0030632107251067353,-0.0017650185808415486,1024.0,0.015625,6400000.0
1.0,256.0,2.0,1.0,1.0,1.0,39.0,32.0,-0.0030632107251067353,-0.0017650185808415486,256.0,512.0,6400000.0
1.0,256.0,2.0,1.0,1.0,1.0,39.0,32.0,-0.0030632107251067353,-0.0017650185808415486,1024.0,0.25,6400000.0
1.0,256.0,2.0,1.0,1.0,1.0,39.0,32.0,-0.0030632107251067353,-0.0017650185808415486,128.0,0.0,6400000.0
1.0,256.0,2.0,1.0,1.0,1.0,39.0,32.0,-0.0030632107251067353,-0.0017650185808415486,1024.0,4.0,6400000.0
1.0,256.0,2.0,1.0,1.0,1.0,39.0,32.0,-0.0030632107251067353,-0.0017650185808415486,128.0,2.0,6400000.0
51.0,256.0,2.0,2.0,234.0,195.0,7842.0,24672.0,0.258364443030106,0.26933584066351557,32.0,0.0625,6400000.0
1.0,256.0,2.0,1.0,1.0,1.0,39.0,32.0,-0.0030632107251067353,-0.0017650185808415486,128.0,0.0078125,6400000.0
11.0,256.0,2.0,2.0,30.0,22.0,872.0,2112.0,0.211815897449531,0.21820531799146736,32.0,16.0,6400000.0
1.0,256.0,2.0,1.0,1.0,1.0,39.0,32.0,-0.0030632107251067353,-0.0017650185808415486,1024.0,64.0,6400000.0
1.0,1.0,1.0,2.0,3.0,2.0,108.0,192.0,0.03911015413878083,0.040912063041146696,0.5,0.00390625,6400000.0
1.0,256.0,2.0,1.0,1.0,1.0,39.0,32.0,-0.0030632107251067353,-0.0017650185808415486,128.0,0.125,6400000.0
1.0,256.0,2.0,1.0,1.0,1.0,39.0,32.0,-0.0030632107251067353,-0.0017650185808415486,1024.0,16384.0,6400000.0
1.0,1.0,8.0,1.0,1.0,1.0,543.0,32.0,-0.0030632107251067353,-0.0017650185808415486,256.0,0.00390625,6400000.0
1.0,256.0,2.0,1.0,1.0,1.0,39.0,32.0,-0.0030632107251067353,-0.0017650185808415486,32.0,256.0,6400000.0
1.0,256.0,2.0,1.0,1.0,1.0,39.0,32.0,-0.0030632107251067353,-0.0017650185808415486,1024.0,1024.0,6400000.0
1.0,256.0,2.0,1.0,1.0,1.0,39.0,32.0,-0.0030632107251067353,-0.0017650185808415486,512.0,0.25,6400000.0
1.0,256.0,2.0,1.0,1.0,1.0,39.0,32.0,-0.0030632107251067353,-0.0017650185808415486,128.0,32.0,6400000.0
1.0,256.0,2.0,1.0,1.0,1.0,39.0,32.0,-0.0030632107251067353,-0.0017650185808415486,256.0,8192.0,6400000.0
1.0,1.0,8.0,1.0,1.0,1.0,543.0,32.0,-0.0030632107251067353,-0.0017650185808415486,32.0,512.0,6400000.0
1.0,256.0,2.0,1.0,1.0,1.0,39.0,32.0,-0.0030632107251067353,-0.0017650185808415486,512.0,0.000976562,6400000.0
1.0,256.0,2.0,1.0,1.0,1.0,39.0,32.0,-0.0030632107251067353,-0.0017650185808415486,128.0,512.0,6400000.0
1.0,1.0,8.0,1.0,1.0,1.0,543.0,32.0,-0.0030632107251067353,-0.0017650185808415486,256.0,2.0,6400000.0
1.0,1.0,8.0,1.0,1.0,1.0,543.0,32.0,-0.0030632107251067353,-0.0017650185808415486,128.0,1024.0,6400000.0
1.0,256.0,2.0,1.0,1.0,1.0,39.0,32.0,-0.0030632107251067353,-0.0017650185808415486,2048.0,0.00195312,6400000.0
1.0,256.0,2.0,1.0,1.0,1.0,39.0,32.0,-0.0030632107251067353,-0.0017650185808415486,512.0,4.0,6400000.0
1.0,256.0,2.0,1.0,1.0,1.0,39.0,32.0,-0.0030632107251067353,-0.0017650185808415486,512.0,0.015625,6400000.0
1.0,256.0,2.0,1.0,1.0,1.0,39.0,32.0,-0.0030632107251067353,-0.0017650185808415486,2048.0,0.5,6400000.0
1.0,256.0,2.0,1.0,1.0,1.0,39.0,32.0,-0.0030632107251067353,-0.0017650185808415486,2048.0,0.03125,6400000.0
1.0,1.0,8.0,1.0,1.0,1.0,543.0,32.0,-0.0030632107251067353,-0.0017650185808415486,128.0,2.0,6400000.0
1.0,256.0,2.0,1.0,1.0,1.0,39.0,32.0,-0.0030632107251067353,-0.0017650185808415486,128.0,8192.0,6400000.0
1.0,256.0,2.0,1.0,1.0,1.0,39.0,32.0,-0.0030632107251067353,-0.0017650185808415486,32.0,4096.0,6400000.0
1.0,1.0,8.0,1.0,1.0,1.0,543.0,32.0,-0.0030632107251067353,-0.0017650185808415486,128.0,0.00390625,6400000.0
256.0,256.0,2.0,2.0,1144.0,1013.0,40707.0,129312.0,0.2612670969160146,0.2631336100600903,64.0,0.0,6400000.0
1.0,1.0,8.0,1.0,1.0,1.0,543.0,32.0,-0.0030632107251067353,-0.0017650185808415486,512.0,4.0,6400000.0
22.0,256.0,2.0,2.0,87.0,69.0,2845.0,8224.0,0.2533548419140267,0.2641108116508766,64.0,2.0,6400000.0
39.0,256.0,2.0,2.0,162.0,137.0,5411.0,16928.0,0.25905992569632974,0.2709832339157031,64.0,0.125,6400000.0
1.0,256.0,2.0,1.0,1.0,1.0,39.0,32.0,-0.0030632107251067353,-0.0017650185808415486,256.0,0.000976562,6400000.0
1.0,256.0,2.0,1.0,1.0,1.0,39.0,32.0,-0.0030632107251067353,-0.0017650185808415486,64.0,512.0,6400000.0
1.0,1.0,8.0,1.0,1.0,1.0,543.0,32.0,-0.0030632107251067353,-0.0017650185808415486,64.0,1024.0,6400000.0
8.0,256.0,2.0,2.0,22.0,16.0,664.0,1536.0,0.184803559555608,0.19082719424152972,64.0,32.0,6400000.0
129.0,256.0,2.0,2.0,581.0,499.0,19995.0,63328.0,0.261446080277708,0.26695415174517567,64.0,0.0078125,6400000.0
1.0,256.0,2.0,1.0,1.0,1.0,39.0,32.0,-0.0030632107251067353,-0.0017650185808415486,256.0,0.015625,6400000.0
1.0,256.0,2.0,1.0,1.0,1.0,39.0,32.0,-0.0030632107251067353,-0.0017650185808415486,512.0,64.0,6400000.0
1.0,256.0,2.0,1.0,1.0,1.0,39.0,32.0,-0.0030632107251067353,-0.0017650185808415486,2048.0,128.0,6400000.0
1.0,256.0,2.0,1.0,1.0,1.0,39.0,32.0,-0.0030632107251067353,-0.0017650185808415486,2048.0,8.0,6400000.0
1.0,1.0,8.0,2.0,7.0,4.0,975.0,512.0,0.04649236193195383,0.049028621040196785,64.0,2.0,6400000.0
1.0,256.0,2.0,1.0,1.0,1.0,39.0,32.0,-0.0030632107251067353,-0.0017650185808415486,256.0,64.0,6400000.0
1.0,256.0,2.0,1.0,1.0,1.0,39.0,32.0,-0.0030632107251067353,-0.0017650185808415486,256.0,0.25,6400000.0
1.0,256.0,2.0,1.0,1.0,1.0,39.0,32.0,-0.0030632107251067353,-0.0017650185808415486,64.0,8192.0,6400000.0
1.0,256.0,2.0,1.0,1.0,1.0,39.0,32.0,-0.0030632107251067353,-0.0017650185808415486,512.0,1024.0,6400000.0
1.0,256.0,2.0,1.0,1.0,1.0,39.0,32.0,-0.0030632107251067353,-0.0017650185808415486,512.0,16384.0,6400000.0
1.0,256.0,2.0,1.0,1.0,1.0,39.0,32.0,-0.0030632107251067353,-0.0017650185808415486,2048.0,2048.0,6400000.0
1.0,1.0,8.0,1.0,1.0,1.0,543.0,32.0,-0.0030632107251067353,-0.0017650185808415486,256.0,2048.0,6400000.0
1.0,256.0,2.0,1.0,1.0,1.0,39.0,32.0,-0.0030632107251067353,-0.0017650185808415486,256.0,4.0,6400000.0
1.0,1.0,8.0,1.0,1.0,1.0,543.0,32.0,-0.0030632107251067353,-0.0017650185808415486,512.0,0.0078125,6400000.0
1.0,256.0,2.0,1.0,1.0,1.0,39.0,32.0,-0.0030632107251067353,-0.0017650185808415486,1024.0,0.00195312,6400000.0
1.0,1.0,8.0,2.0,61.0,31.0,3184.0,4832.0,0.048928416408169584,0.050101823427727066,64.0,0.00390625,6400000.0
1.0,256.0,2.0,1.0,1.0,1.0,39.0,32.0,-0.0030632107251067353,-0.0017650185808415486,1024.0,0.03125,6400000.0
1.0,256.0,2.0,1.0,1.0,1.0,39.0,32.0,-0.0030632107251067353,-0.0017650185808415486,1024.0,0.5,6400000.0
1.0,256.0,2.0,1.0,1.0,1.0,39.0,32.0,-0.0030632107251067353,-0.0017650185808415486,128.0,0.000976562,6400000.0
1.0,256.0,2.0,1.0,1.0,1.0,39.0,32.0,-0.0030632107251067353,-0.0017650185808415486,2048.0,32768.0,6400000.0
1.0,256.0,2.0,1.0,1.0,1.0,39.0,32.0,-0.0030632107251067353,-0.0017650185808415486,256.0,1024.0,6400000.0
1.0,256.0,2.0,1.0,1.0,1.0,39.0,32.0,-0.0030632107251067353,-0.0017650185808415486,1024.0,8.0,6400000.0
1.0,256.0,2.0,1.0,1.0,1.0,39.0,32.0,-0.0030632107251067353,-0.0017650185808415486,128.0,4.0,6400000.0
1.0,256.0,2.0,1.0,1.0,1.0,39.0,32.0,-0.0030632107251067353,-0.0017650185808415486,4096.0,0.0625,6400000.0
1.0,256.0,2.0,1.0,1.0,1.0,39.0,32.0,-0.0030632107251067353,-0.0017650185808415486,128.0,0.015625,6400000.0
1.0,256.0,2.0,1.0,1.0,1.0,39.0,32.0,-0.0030632107251067353,-0.0017650185808415486,1024.0,128.0,6400000.0
1.0,1.0,1.0,2.0,3.0,2.0,108.0,192.0,0.03911015413878083,0.040912063041146696,0.5,0.0078125,6400000.0
1.0,1.0,8.0,1.0,1.0,1.0,543.0,32.0,-0.0030632107251067353,-0.0017650185808415486,256.0,0.0078125,6400000.0
1.0,256.0,2.0,1.0,1.0,1.0,39.0,32.0,-0.0030632107251067353,-0.0017650185808415486,1024.0,32768.0,6400000.0
1.0,256.0,2.0,1.0,1.0,1.0,39.0,32.0,-0.0030632107251067353,-0.0017650185808415486,512.0,0.5,6400000.0
1.0,256.0,2.0,1.0,1.0,1.0,39.0,32.0,-0.0030632107251067353,-0.0017650185808415486,1024.0,2048.0,6400000.0
1.0,256.0,2.0,1.0,1.0,1.0,39.0,32.0,-0.0030632107251067353,-0.0017650185808415486,4096.0,0.00390625,6400000.0
1.0,256.0,2.0,1.0,1.0,1.0,39.0,32.0,-0.0030632107251067353,-0.0017650185808415486,128.0,0.25,6400000.0
1.0,256.0,2.0,1.0,1.0,1.0,39.0,32.0,-0.0030632107251067353,-0.0017650185808415486,2048.0,0.00390625,6400000.0
1.0,256.0,2.0,1.0,1.0,1.0,39.0,32.0,-0.0030632107251067353,-0.0017650185808415486,128.0,1024.0,6400000.0
1.0,256.0,2.0,1.0,1.0,1.0,39.0,32.0,-0.0030632107251067353,-0.0017650185808415486,512.0,8.0,6400000.0
1.0,256.0,2.0,1.0,1.0,1.0,39.0,32.0,-0.0030632107251067353,-0.0017650185808415486,4096.0,1.0,6400000.0
1.0,256.0,2.0,1.0,1.0,1.0,39.0,32.0,-0.0030632107251067353,-0.0017650185808415486,256.0,16384.0,6400000.0
1.0,256.0,2.0,1.0,1.0,1.0,39.0,32.0,-0.0030632107251067353,-0.0017650185808415486,128.0,64.0,6400000.0
1.0,256.0,2.0,1.0,1.0,1.0,39.0,32.0,-0.0030632107251067353,-0.0017650185808415486,512.0,0.00195312,6400000.0
1.0,1.0,8.0,1.0,1.0,1.0,543.0,32.0,-0.0030632107251067353,-0.0017650185808415486,128.0,2048.0,6400000.0
1.0,1.0,8.0,1.0,1.0,1.0,543.0,32.0,-0.0030632107251067353,-0.0017650185808415486,256.0,4.0,6400000.0
1.0,256.0,2.0,1.0,1.0,1.0,39.0,32.0,-0.0030632107251067353,-0.0017650185808415486,2048.0,1.0,6400000.0
1.0,1.0,8.0,1.0,1.0,1.0,543.0,32.0,-0.0030632107251067353,-0.0017650185808415486,128.0,4.0,6400000.0
1.0,256.0,2.0,1.0,1.0,1.0,39.0,32.0,-0.0030632107251067353,-0.0017650185808415486,2048.0,0.0625,6400000.0
1.0,256.0,2.0,1.0,1.0,1.0,39.0,32.0,-0.0030632107251067353,-0.0017650185808415486,512.0,0.03125,6400000.0
1.0,256.0,2.0,1.0,1.0,1.0,39.0,32.0,-0.0030632107251067353,-0.0017650185808415486,4096.0,16.0,6400000.0
1.0,256.0,2.0,1.0,1.0,1.0,39.0,32.0,-0.0030632107251067353,-0.0017650185808415486,128.0,16384.0,6400000.0
1.0,1.0,8.0,1.0,1.0,1.0,543.0,32.0,-0.0030632107251067353,-0.0017650185808415486,128.0,0.0078125,6400000.0
1.0,256.0,2.0,1.0,1.0,1.0,39.0,32.0,-0.0030632107251067353,-0.0017650185808415486,4096.0,256.0,6400000.0
1.0,1.0,8.0,1.0,1.0,1.0,543.0,32.0,-0.0030632107251067353,-0.0017650185808415486,512.0,8.0,6400000.0
1.0,256.0,2.0,1.0,1.0,1.0,39.0,32.0,-0.0030632107251067353,-0.0017650185808415486,4096.0,4096.0,6400000.0
1.0,256.0,2.0,1.0,1.0,1.0,39.0,32.0,-0.0030632107251067353,-0.0017650185808415486,256.0,0.00195312,6400000.0
1.0,1.0,8.0,1.0,1.0,1.0,543.0,32.0,-0.0030632107251067353,-0.0017650185808415486,512.0,4096.0,6400000.0
1.0,1.0,8.0,1.0,1.0,1.0,543.0,32.0,-0.0030632107251067353,-0.0017650185808415486,64.0,2048.0,6400000.0
1.0,256.0,2.0,1.0,1.0,1.0,39.0,32.0,-0.0030632107251067353,-0.0017650185808415486,512.0,128.0,6400000.0
1.0,256.0,2.0,1.0,1.0,1.0,39.0,32.0,-0.0030632107251067353,-0.0017650185808415486,2048.0,256.0,6400000.0
1.0,256.0,2.0,1.0,1.0,1.0,39.0,32.0,-0.0030632107251067353,-0.0017650185808415486,256.0,0.5,6400000.0
1.0,256.0,2.0,1.0,1.0,1.0,39.0,32.0,-0.0030632107251067353,-0.0017650185808415486,256.0,0.03125,6400000.0
1.0,256.0,2.0,1.0,1.0,1.0,39.0,32.0,-0.0030632107251067353,-0.0017650185808415486,2048.0,16.0,6400000.0
1.0,256.0,2.0,1.0,1.0,1.0,39.0,32.0,-0.0030632107251067353,-0.0017650185808415486,8192.0,0.125,6400000.0
1.0,256.0,2.0,1.0,1.0,1.0,39.0,32.0,-0.0030632107251067353,-0.0017650185808415486,8192.0,0.0,6400000.0
1.0,1.0,8.0,2.0,7.0,4.0,975.0,512.0,0.04649236193195383,0.049028621040196785,64.0,4.0,6400000.0
1.0,256.0,2.0,1.0,1.0,1.0,39.0,32.0,-0.0030632107251067353,-0.0017650185808415486,8192.0,0.0078125,6400000.0
1.0,256.0,2.0,1.0,1.0,1.0,39.0,32.0,-0.0030632107251067353,-0.0017650185808415486,256.0,128.0,6400000.0
1.0,1.0,8.0,1.0,1.0,1.0,543.0,32.0,-0.0030632107251067353,-0.0017650185808415486,256.0,4096.0,6400000.0
1.0,256.0,2.0,1.0,1.0,1.0,39.0,32.0,-0.0030632107251067353,-0.0017650185808415486,512.0,2048.0,6400000.0
1.0,256.0,2.0,1.0,1.0,1.0,39.0,32.0,-0.0030632107251067353,-0.0017650185808415486,512.0,32768.0,6400000.0
1.0,1.0,8.0,1.0,1.0,1.0,543.0,32.0,-0.0030632107251067353,-0.0017650185808415486,512.0,0.015625,6400000.0
1.0,256.0,2.0,1.0,1.0,1.0,39.0,32.0,-0.0030632107251067353,-0.0017650185808415486,2048.0,4096.0,6400000.0
1.0,256.0,2.0,1.0,1.0,1.0,39.0,32.0,-0.0030632107251067353,-0.0017650185808415486,8192.0,32.0,6400000.0
1.0,256.0,2.0,1.0,1.0,1.0,39.0,32.0,-0.0030632107251067353,-0.0017650185808415486,8192.0,2.0,6400000.0
1.0,256.0,2.0,1.0,1.0,1.0,39.0,32.0,-0.0030632107251067353,-0.0017650185808415486,256.0,8.0,6400000.0
1.0,256.0,2.0,1.0,1.0,1.0,39.0,32.0,-0.0030632107251067353,-0.0017650185808415486,1024.0,0.00390625,6400000.0
1.0,256.0,2.0,1.0,1.0,1.0,39.0,32.0,-0.0030632107251067353,-0.0017650185808415486,1024.0,1.0,6400000.0
1.0,256.0,2.0,1.0,1.0,1.0,39.0,32.0,-0.0030632107251067353,-0.0017650185808415486,1024.0,0.0625,6400000.0
1.0,256.0,2.0,1.0,1.0,1.0,39.0,32.0,-0.0030632107251067353,-0.0017650185808415486,8192.0,512.0,6400000.0
1.0,256.0,2.0,1.0,1.0,1.0,39.0,32.0,-0.0030632107251067353,-0.0017650185808415486,4096.0,0.0,6400000.0
1.0,256.0,2.0,1.0,1.0,1.0,39.0,32.0,-0.0030632107251067353,-0.0017650185808415486,256.0,2048.0,6400000.0
1.0,256.0,2.0,1.0,1.0,1.0,39.0,32.0,-0.0030632107251067353,-0.0017650185808415486,8192.0,8192.0,6400000.0
1.0,256.0,2.0,1.0,1.0,1.0,39.0,32.0,-0.0030632107251067353,-0.0017650185808415486,1024.0,16.0,6400000.0
1.0,256.0,2.0,1.0,1.0,1.0,39.0,32.0,-0.0030632107251067353,-0.0017650185808415486,1024.0,256.0,6400000.0
1.0,256.0,2.0,1.0,1.0,1.0,39.0,32.0,-0.0030632107251067353,-0.0017650185808415486,4096.0,0.125,6400000.0
1.0,1.0,8.0,1.0,1.0,1.0,543.0,32.0,-0.0030632107251067353,-0.0017650185808415486,256.0,0.015625,6400000.0
1.0,256.0,2.0,1.0,1.0,1.0,39.0,32.0,-0.0030632107251067353,-0.0017650185808415486,1024.0,4096.0,6400000.0
1.0,1.0,1.0,2.0,3.0,2.0,108.0,192.0,0.03911015413878083,0.040912063041146696,0.5,0.015625,6400000.0
1.0,256.0,2.0,1.0,1.0,1.0,39.0,32.0,-0.0030632107251067353,-0.0017650185808415486,16384.0,0.000976562,6400000.0
1.0,256.0,2.0,1.0,1.0,1.0,39.0,32.0,-0.0030632107251067353,-0.0017650185808415486,4096.0,2.0,6400000.0
1.0,256.0,2.0,1.0,1.0,1.0,39.0,32.0,-0.0030632107251067353,-0.0017650185808415486,2048.0,0.0,6400000.0
1.0,256.0,2.0,1.0,1.0,1.0,39.0,32.0,-0.0030632107251067353,-0.0017650185808415486,16384.0,0.015625,6400000.0
1.0,256.0,2.0,1.0,1.0,1.0,39.0,32.0,-0.0030632107251067353,-0.0017650185808415486,512.0,1.0,6400000.0
1.0,256.0,2.0,1.0,1.0,1.0,39.0,32.0,-0.0030632107251067353,-0.0017650185808415486,2048.0,0.125,6400000.0
1.0,256.0,2.0,1.0,1.0,1.0,39.0,32.0,-0.0030632107251067353,-0.0017650185808415486,512.0,0.00390625,6400000.0
1.0,256.0,2.0,1.0,1.0,1.0,39.0,32.0,-0.0030632107251067353,-0.0017650185808415486,4096.0,0.0078125,6400000.0
1.0,256.0,2.0,1.0,1.0,1.0,39.0,32.0,-0.0030632107251067353,-0.0017650185808415486,512.0,16.0,6400000.0
1.0,256.0,2.0,1.0,1.0,1.0,39.0,32.0,-0.0030632107251067353,-0.0017650185808415486,256.0,32768.0,6400000.0
1.0,1.0,8.0,1.0,1.0,1.0,543.0,32.0,-0.0030632107251067353,-0.0017650185808415486,256.0,8.0,6400000.0
1.0,256.0,2.0,1.0,1.0,1.0,39.0,32.0,-0.0030632107251067353,-0.0017650185808415486,2048.0,2.0,6400000.0
1.0,256.0,2.0,1.0,1.0,1.0,39.0,32.0,-0.0030632107251067353,-0.0017650185808415486,16384.0,4.0,6400000.0
1.0,1.0,8.0,1.0,1.0,1.0,543.0,32.0,-0.0030632107251067353,-0.0017650185808415486,1024.0,0.03125,6400000.0
1.0,1.0,8.0,1.0,1.0,1.0,543.0,32.0,-0.0030632107251067353,-0.0017650185808415486,128.0,8.0,6400000.0
1.0,1.0,8.0,1.0,1.0,1.0,543.0,32.0,-0.0030632107251067353,-0.0017650185808415486,128.0,4096.0,6400000.0
1.0,256.0,2.0,1.0,1.0,1.0,39.0,32.0,-0.0030632107251067353,-0.0017650185808415486,2048.0,0.0078125,6400000.0
1.0,256.0,2.0,1.0,1.0,1.0,39.0,32.0,-0.0030632107251067353,-0.0017650185808415486,4096.0,32.0,6400000.0
1.0,256.0,2.0,1.0,1.0,1.0,39.0,32.0,-0.0030632107251067353,-0.0017650185808415486,512.0,0.0625,6400000.0
1.0,256.0,2.0,1.0,1.0,1.0,39.0,32.0,-0.0030632107251067353,-0.0017650185808415486,16384.0,0.25,6400000.0
1.0,1.0,8.0,1.0,1.0,1.0,543.0,32.0,-0.0030632107251067353,-0.0017650185808415486,128.0,0.015625,6400000.0
1.0,256.0,2.0,1.0,1.0,1.0,39.0,32.0,-0.0030632107251067353,-0.0017650185808415486,16384.0,64.0,6400000.0
1.0,256.0,2.0,1.0,1.0,1.0,39.0,32.0,-0.0030632107251067353,-0.0017650185808415486,4096.0,512.0,6400000.0
1.0,1.0,8.0,1.0,1.0,1.0,543.0,32.0,-0.0030632107251067353,-0.0017650185808415486,512.0,16.0,6400000.0
1.0,256.0,2.0,1.0,1.0,1.0,39.0,32.0,-0.0030632107251067353,-0.0017650185808415486,4096.0,8192.0,6400000.0
1.0,1.0,8.0,1.0,1.0,1.0,543.0,32.0,-0.0030632107251067353,-0.0017650185808415486,512.0,8192.0,6400000.0
1.0,1.0,8.0,1.0,1.0,1.0,543.0,32.0,-0.0030632107251067353,-0.0017650185808415486,64.0,4096.0,6400000.0
1.0,256.0,2.0,1.0,1.0,1.0,39.0,32.0,-0.0030632107251067353,-0.0017650185808415486,512.0,256.0,6400000.0
1.0,256.0,2.0,1.0,1.0,1.0,39.0,32.0,-0.0030632107251067353,-0.0017650185808415486,16384.0,1024.0,6400000.0
1.0,256.0,2.0,1.0,1.0,1.0,39.0,32.0,-0.0030632107251067353,-0.0017650185808415486,2048.0,512.0,6400000.0
1.0,256.0,2.0,1.0,1.0,1.0,39.0,32.0,-0.0030632107251067353,-0.0017650185808415486,2048.0,32.0,6400000.0
1.0,256.0,2.0,1.0,1.0,1.0,39.0,32.0,-0.0030632107251067353,-0.0017650185808415486,512.0,4096.0,6400000.0
1.0,256.0,2.0,1.0,1.0,1.0,39.0,32.0,-0.0030632107251067353,-0.0017650185808415486,8192.0,0.000976562,6400000.0
1.0,256.0,2.0,1.0,1.0,1.0,39.0,32.0,-0.0030632107251067353,-0.0017650185808415486,2048.0,8192.0,6400000.0
1.0,256.0,2.0,1.0,1.0,1.0,39.0,32.0,-0.0030632107251067353,-0.0017650185808415486,8192.0,0.25,6400000.0
1.0,256.0,2.0,1.0,1.0,1.0,39.0,32.0,-0.0030632107251067353,-0.0017650185808415486,8192.0,0.015625,6400000.0
1.0,256.0,2.0,1.0,1.0,1.0,39.0,32.0,-0.0030632107251067353,-0.0017650185808415486,32768.0,0.00195312,6400000.0
1.0,1.0,8.0,1.0,1.0,1.0,543.0,32.0,-0.0030632107251067353,-0.0017650185808415486,256.0,8192.0,6400000.0
1.0,1.0,8.0,1.0,1.0,1.0,543.0,32.0,-0.0030632107251067353,-0.0017650185808415486,512.0,0.03125,6400000.0
1.0,256.0,2.0,1.0,1.0,1.0,39.0,32.0,-0.0030632107251067353,-0.0017650185808415486,8192.0,4.0,6400000.0
1.0,256.0,2.0,1.0,1.0,1.0,39.0,32.0,-0.0030632107251067353,-0.0017650185808415486,1024.0,0.0078125,6400000.0
1.0,256.0,2.0,1.0,1.0,1.0,39.0,32.0,-0.0030632107251067353,-0.0017650185808415486,16384.0,16384.0,6400000.0
1.0,256.0,2.0,1.0,1.0,1.0,39.0,32.0,-0.0030632107251067353,-0.0017650185808415486,32768.0,0.03125,6400000.0
1.0,256.0,2.0,1.0,1.0,1.0,39.0,32.0,-0.0030632107251067353,-0.0017650185808415486,1024.0,0.0,6400000.0
1.0,256.0,2.0,1.0,1.0,1.0,39.0,32.0,-0.0030632107251067353,-0.0017650185808415486,8192.0,64.0,6400000.0
1.0,256.0,2.0,1.0,1.0,1.0,39.0,32.0,-0.0030632107251067353,-0.0017650185808415486,1024.0,2.0,6400000.0
1.0,256.0,2.0,1.0,1.0,1.0,39.0,32.0,-0.0030632107251067353,-0.0017650185808415486,32768.0,8.0,6400000.0
1.0,256.0,2.0,1.0,1.0,1.0,39.0,32.0,-0.0030632107251067353,-0.0017650185808415486,32768.0,0.5,6400000.0
1.0,256.0,2.0,1.0,1.0,1.0,39.0,32.0,-0.0030632107251067353,-0.0017650185808415486,8192.0,1024.0,6400000.0
1.0,256.0,2.0,1.0,1.0,1.0,39.0,32.0,-0.0030632107251067353,-0.0017650185808415486,4096.0,0.000976562,6400000.0
1.0,256.0,2.0,1.0,1.0,1.0,39.0,32.0,-0.0030632107251067353,-0.0017650185808415486,1024.0,0.125,6400000.0
1.0,256.0,2.0,1.0,1.0,1.0,39.0,32.0,-0.0030632107251067353,-0.0017650185808415486,32768.0,128.0,6400000.0
1.0,256.0,2.0,1.0,1.0,1.0,39.0,32.0,-0.0030632107251067353,-0.0017650185808415486,8192.0,16384.0,6400000.0
1.0,256.0,2.0,1.0,1.0,1.0,39.0,32.0,-0.0030632107251067353,-0.0017650185808415486,1024.0,32.0,6400000.0
1.0,256.0,2.0,1.0,1.0,1.0,39.0,32.0,-0.0030632107251067353,-0.0017650185808415486,1024.0,512.0,6400000.0
1.0,256.0,2.0,1.0,1.0,1.0,39.0,32.0,-0.0030632107251067353,-0.0017650185808415486,4096.0,0.25,6400000.0
1.0,1.0,8.0,1.0,1.0,1.0,543.0,32.0,-0.0030632107251067353,-0.0017650185808415486,256.0,0.03125,6400000.0
1.0,1.0,1.0,2.0,3.0,2.0,108.0,192.0,0.03911015413878083,0.040912063041146696,0.5,0.03125,6400000.0
1.0,256.0,2.0,1.0,1.0,1.0,39.0,32.0,-0.0030632107251067353,-0.0017650185808415486,1024.0,8192.0,6400000.0
1.0,256.0,2.0,1.0,1.0,1.0,39.0,32.0,-0.0030632107251067353,-0.0017650185808415486,4096.0,4.0,6400000.0
1.0,256.0,2.0,1.0,1.0,1.0,39.0,32.0,-0.0030632107251067353,-0.0017650185808415486,16384.0,0.00195312,6400000.0
1.0,256.0,2.0,1.0,1.0,1.0,39.0,32.0,-0.0030632107251067353,-0.0017650185808415486,2048.0,0.000976562,6400000.0
1.0,256.0,2.0,1.0,1.0,1.0,39.0,32.0,-0.0030632107251067353,-0.0017650185808415486,16384.0,0.03125,6400000.0
1.0,256.0,2.0,1.0,1.0,1.0,39.0,32.0,-0.0030632107251067353,-0.0017650185808415486,2048.0,0.25,6400000.0
1.0,256.0,2.0,1.0,1.0,1.0,39.0,32.0,-0.0030632107251067353,-0.0017650185808415486,2048.0,4.0,6400000.0
1.0,256.0,2.0,1.0,1.0,1.0,39.0,32.0,-0.0030632107251067353,-0.0017650185808415486,16384.0,8.0,6400000.0
1.0,256.0,2.0,1.0,1.0,1.0,39.0,32.0,-0.0030632107251067353,-0.0017650185808415486,32768.0,2048.0,6400000.0
1.0,1.0,8.0,1.0,1.0,1.0,543.0,32.0,-0.0030632107251067353,-0.0017650185808415486,256.0,16.0,6400000.0
1.0,256.0,2.0,1.0,1.0,1.0,39.0,32.0,-0.0030632107251067353,-0.0017650185808415486,32768.0,32768.0,6400000.0
1.0,1.0,8.0,1.0,1.0,1.0,543.0,32.0,-0.0030632107251067353,-0.0017650185808415486,128.0,16.0,6400000.0
1.0,1.0,8.0,1.0,1.0,1.0,543.0,32.0,-0.0030632107251067353,-0.0017650185808415486,128.0,0.03125,6400000.0
1.0,256.0,2.0,1.0,1.0,1.0,39.0,32.0,-0.0030632107251067353,-0.0017650185808415486,4096.0,0.015625,6400000.0
1.0,1.0,8.0,1.0,1.0,1.0,543.0,32.0,-0.0030632107251067353,-0.0017650185808415486,128.0,8192.0,6400000.0
256.0,256.0,4.0,9.0,4396.0,3296.0,146442.0,494592.0,0.7057258599443039,0.7082289159921776,0.0,0.00390625,6400000.0
1.0,1.0,8.0,1.0,1.0,1.0,543.0,32.0,-0.0030632107251067353,-0.0017650185808415486,1024.0,0.0625,6400000.0
1.0,1.0,8.0,1.0,1.0,1.0,543.0,32.0,-0.0030632107251067353,-0.0017650185808415486,1024.0,32.0,6400000.0
1.0,256.0,2.0,1.0,1.0,1.0,39.0,32.0,-0.0030632107251067353,-0.0017650185808415486,4096.0,64.0,6400000.0
1.0,256.0,2.0,1.0,1.0,1.0,39.0,32.0,-0.0030632107251067353,-0.0017650185808415486,16384.0,0.5,6400000.0
1.0,256.0,2.0,1.0,1.0,1.0,39.0,32.0,-0.0030632107251067353,-0.0017650185808415486,4096.0,1024.0,6400000.0
99.0,256.0,4.0,9.0,1919.0,1379.0,61222.0,207968.0,0.6253669652257936,0.6106653100962529,0.0,0.0625,6400000.0
1.0,256.0,2.0,1.0,1.0,1.0,39.0,32.0,-0.0030632107251067353,-0.0017650185808415486,2048.0,0.015625,6400000.0
1.0,1.0,8.0,1.0,1.0,1.0,543.0,32.0,-0.0030632107251067353,-0.0017650185808415486,512.0,32.0,6400000.0
1.0,256.0,2.0,1.0,1.0,1.0,39.0,32.0,-0.0030632107251067353,-0.0017650185808415486,16384.0,128.0,6400000.0
1.0,256.0,2.0,1.0,1.0,1.0,39.0,32.0,-0.0030632107251067353,-0.0017650185808415486,4096.0,16384.0,6400000.0
1.0,1.0,8.0,1.0,1.0,1.0,543.0,32.0,-0.0030632107251067353,-0.0017650185808415486,512.0,16384.0,6400000.0
1.0,256.0,2.0,1.0,1.0,1.0,39.0,32.0,-0.0030632107251067353,-0.0017650185808415486,16384.0,2048.0,6400000.0
11.0,256.0,4.0,3.0,35.0,26.0,1119.0,2752.0,0.23801654357424562,0.2440154241847443,0.0,16.0,6400000.0
35.0,256.0,4.0,9.0,658.0,483.0,20534.0,72800.0,0.5314186599624591,0.5427904047834783,0.0,1.0,6400000.0
1.0,256.0,2.0,1.0,1.0,1.0,39.0,32.0,-0.0030632107251067353,-0.0017650185808415486,2048.0,64.0,6400000.0
1.0,256.0,2.0,1.0,1.0,1.0,39.0,32.0,-0.0030632107251067353,-0.0017650185808415486,2048.0,1024.0,6400000.0
1.0,256.0,2.0,1.0,1.0,1.0,39.0,32.0,-0.0030632107251067353,-0.0017650185808415486,8192.0,0.5,6400000.0
1.0,1.0,8.0,1.0,1.0,1.0,543.0,32.0,-0.0030632107251067353,-0.0017650185808415486,512.0,0.0625,6400000.0
1.0,256.0,2.0,1.0,1.0,1.0,39.0,32.0,-0.0030632107251067353,-0.0017650185808415486,32768.0,0.00390625,6400000.0
1.0,256.0,2.0,1.0,1.0,1.0,39.0,32.0,-0.0030632107251067353,-0.0017650185808415486,8192.0,8.0,6400000.0
1.0,256.0,2.0,1.0,1.0,1.0,39.0,32.0,-0.0030632107251067353,-0.0017650185808415486,2048.0,16384.0,6400000.0
1.0,256.0,4.0,1.0,1.0,1.0,63.0,32.0,-0.0030632107251067353,-0.0017650185808415486,0.0,256.0,6400000.0
1.0,256.0,2.0,1.0,1.0,1.0,39.0,32.0,-0.0030632107251067353,-0.0017650185808415486,8192.0,0.03125,6400000.0
1.0,1.0,8.0,1.0,1.0,1.0,543.0,32.0,-0.0030632107251067353,-0.0017650185808415486,256.0,16384.0,6400000.0
1.0,256.0,2.0,1.0,1.0,1.0,39.0,32.0,-0.0030632107251067353,-0.0017650185808415486,8192.0,128.0,6400000.0
1.0,256.0,2.0,1.0,1.0,1.0,39.0,32.0,-0.0030632107251067353,-0.0017650185808415486,8192.0,0.00195312,6400000.0
1.0,256.0,2.0,1.0,1.0,1.0,39.0,32.0,-0.0030632107251067353,-0.0017650185808415486,16384.0,32768.0,6400000.0
1.0,256.0,2.0,1.0,1.0,1.0,39.0,32.0,-0.0030632107251067353,-0.0017650185808415486,8192.0,2048.0,6400000.0
1.0,256.0,2.0,1.0,1.0,1.0,39.0,32.0,-0.0030632107251067353,-0.0017650185808415486,32768.0,0.0625,6400000.0
1.0,256.0,2.0,1.0,1.0,1.0,39.0,32.0,-0.0030632107251067353,-0.0017650185808415486,32768.0,1.0,6400000.0
1.0,256.0,4.0,1.0,1.0,1.0,63.0,32.0,-0.0030632107251067353,-0.0017650185808415486,0.0,4096.0,6400000.0
1.0,256.0,2.0,1.0,1.0,1.0,39.0,32.0,-0.0030632107251067353,-0.0017650185808415486,32768.0,16.0,6400000.0
256.0,256.0,4.0,9.0,4506.0,3344.0,149448.0,502272.0,0.7195327383847585,0.7149390825284352,0.000976562,0.0,6400000.0
1.0,256.0,2.0,1.0,1.0,1.0,39.0,32.0,-0.0030632107251067353,-0.0017650185808415486,32768.0,256.0,6400000.0
1.0,256.0,2.0,1.0,1.0,1.0,39.0,32.0,-0.0030632107251067353,-0.0017650185808415486,4096.0,0.00195312,6400000.0
256.0,256.0,4.0,9.0,4332.0,3289.0,146069.0,493472.0,0.7099627868182161,0.7167404859598547,0.000976562,0.0078125,6400000.0
72.0,256.0,4.0,9.0,1468.0,1045.0,46332.0,157984.0,0.6102186134538007,0.5969789958644,0.000976562,0.125,6400000.0
1.0,256.0,2.0,1.0,1.0,1.0,39.0,32.0,-0.0030632107251067353,-0.0017650185808415486,8192.0,32768.0,6400000.0
1.0,1.0,8.0,1.0,1.0,1.0,543.0,32.0,-0.0030632107251067353,-0.0017650185808415486,1024.0,32768.0,6400000.0
1.0,256.0,2.0,1.0,1.0,1.0,39.0,32.0,-0.0030632107251067353,-0.0017650185808415486,4096.0,0.5,6400000.0
1.0,1.0,8.0,1.0,1.0,1.0,543.0,32.0,-0.0030632107251067353,-0.0017650185808415486,256.0,0.0625,6400000.0
1.0,256.0,2.0,1.0,1.0,1.0,39.0,32.0,-0.0030632107251067353,-0.0017650185808415486,16384.0,0.00390625,6400000.0
1.0,1.0,1.0,2.0,3.0,2.0,108.0,192.0,0.03911015413878083,0.040912063041146696,0.5,0.0625,6400000.0
34.0,256.0,4.0,9.0,405.0,299.0,12531.0,43488.0,0.48047354984414437,0.4995541811062537,0.000976562,2.0,6400000.0
1.0,256.0,2.0,1.0,1.0,1.0,39.0,32.0,-0.0030632107251067353,-0.0017650185808415486,4096.0,8.0,6400000.0
8.0,256.0,4.0,2.0,22.0,16.0,724.0,1536.0,0.184803559555608,0.19082719424152972,0.000976562,32.0,6400000.0
1.0,256.0,2.0,1.0,1.0,1.0,39.0,32.0,-0.0030632107251067353,-0.0017650185808415486,16384.0,0.0625,6400000.0
1.0,256.0,2.0,1.0,1.0,1.0,39.0,32.0,-0.0030632107251067353,-0.0017650185808415486,16384.0,16.0,6400000.0
1.0,256.0,4.0,1.0,1.0,1.0,63.0,32.0,-0.0030632107251067353,-0.0017650185808415486,0.000976562,512.0,6400000.0
1.0,256.0,2.0,1.0,1.0,1.0,39.0,32.0,-0.0030632107251067353,-0.0017650185808415486,32768.0,4096.0,6400000.0
1.0,256.0,2.0,1.0,1.0,1.0,39.0,32.0,-0.0030632107251067353,-0.0017650185808415486,4096.0,0.03125,6400000.0
1.0,1.0,8.0,1.0,1.0,1.0,543.0,32.0,-0.0030632107251067353,-0.0017650185808415486,128.0,32.0,6400000.0
1.0,256.0,4.0,1.0,1.0,1.0,63.0,32.0,-0.0030632107251067353,-0.0017650185808415486,0.000976562,8192.0,6400000.0
1.0,1.0,8.0,1.0,1.0,1.0,543.0,32.0,-0.0030632107251067353,-0.0017650185808415486,256.0,32.0,6400000.0
1.0,256.0,2.0,1.0,1.0,1.0,39.0,32.0,-0.0030632107251067353,-0.0017650185808415486,4096.0,128.0,6400000.0
1.0,256.0,2.0,1.0,1.0,1.0,39.0,32.0,-0.0030632107251067353,-0.0017650185808415486,4096.0,2048.0,6400000.0
1.0,1.0,8.0,1.0,1.0,1.0,543.0,32.0,-0.0030632107251067353,-0.0017650185808415486,1024.0,0.125,6400000.0
1.0,1.0,8.0,1.0,1.0,1.0,543.0,32.0,-0.0030632107251067353,-0.0017650185808415486,512.0,64.0,6400000.0
1.0,256.0,2.0,1.0,1.0,1.0,39.0,32.0,-0.0030632107251067353,-0.0017650185808415486,16384.0,1.0,6400000.0
1.0,1.0,8.0,1.0,1.0,1.0,543.0,32.0,-0.0030632107251067353,-0.0017650185808415486,128.0,16384.0,6400000.0
1.0,256.0,2.0,1.0,1.0,1.0,39.0,32.0,-0.0030632107251067353,-0.0017650185808415486,4096.0,32768.0,6400000.0
256.0,256.0,4.0,9.0,4506.0,3344.0,149448.0,502272.0,0.7195327383847585,0.7149390825284352,0.0,0.0,6400000.0
256.0,256.0,4.0,9.0,4332.0,3289.0,146069.0,493472.0,0.7099627868182161,0.7167404859598547,0.0,0.0078125,6400000.0
72.0,256.0,4.0,9.0,1468.0,1045.0,46332.0,157984.0,0.6102186134538007,0.5969789958644,0.0,0.125,6400000.0
53.0,256.0,4.0,9.0,1107.0,782.0,34427.0,118336.0,0.5963520786490591,0.5929239315447865,0.00195312,0.25,6400000.0
1.0,256.0,2.0,1.0,1.0,1.0,39.0,32.0,-0.0030632107251067353,-0.0017650185808415486,16384.0,256.0,6400000.0
256.0,256.0,4.0,9.0,4432.0,3288.0,146525.0,493312.0,0.7049257173580918,0.7054505315705132,0.00195312,0.000976562,6400000.0
256.0,256.0,4.0,9.0,4376.0,3347.0,146909.0,502752.0,0.7240939691686832,0.7138173491611755,0.00195312,0.015625,6400000.0
1.0,1.0,8.0,1.0,1.0,1.0,543.0,32.0,-0.0030632107251067353,-0.0017650185808415486,1024.0,64.0,6400000.0
1.0,1.0,8.0,1.0,1.0,1.0,543.0,32.0,-0.0030632107251067353,-0.0017650185808415486,512.0,32768.0,6400000.0
8.0,256.0,4.0,2.0,22.0,16.0,724.0,1536.0,0.184803559555608,0.19082719424152972,0.0,32.0,6400000.0
34.0,256.0,4.0,9.0,405.0,299.0,12531.0,43488.0,0.48047354984414437,0.4995541811062537,0.0,2.0,6400000.0
1.0,256.0,2.0,1.0,1.0,1.0,39.0,32.0,-0.0030632107251067353,-0.0017650185808415486,8192.0,1.0,6400000.0
1.0,256.0,2.0,1.0,1.0,1.0,39.0,32.0,-0.0030632107251067353,-0.0017650185808415486,16384.0,4096.0,6400000.0
1.0,256.0,2.0,1.0,1.0,1.0,39.0,32.0,-0.0030632107251067353,-0.0017650185808415486,32768.0,0.0078125,6400000.0
1.0,1.0,8.0,1.0,1.0,1.0,543.0,32.0,-0.0030632107251067353,-0.0017650185808415486,512.0,0.125,6400000.0
3.0,256.0,4.0,2.0,9.0,6.0,335.0,576.0,0.10115259004895938,0.10346957106453547,0.00195312,64.0,6400000.0
27.0,256.0,4.0,9.0,182.0,137.0,5741.0,18464.0,0.39629112021669155,0.40252478152262305,0.00195312,4.0,6400000.0
1.0,1.0,8.0,1.0,1.0,1.0,543.0,32.0,-0.0030632107251067353,-0.0017650185808415486,256.0,32768.0,6400000.0
1.0,256.0,2.0,1.0,1.0,1.0,39.0,32.0,-0.0030632107251067353,-0.0017650185808415486,8192.0,0.00390625,6400000.0
1.0,256.0,2.0,1.0,1.0,1.0,39.0,32.0,-0.0030632107251067353,-0.0017650185808415486,32768.0,0.0,6400000.0
1.0,256.0,2.0,1.0,1.0,1.0,39.0,32.0,-0.0030632107251067353,-0.0017650185808415486,8192.0,4096.0,6400000.0
1.0,256.0,2.0,1.0,1.0,1.0,39.0,32.0,-0.0030632107251067353,-0.0017650185808415486,8192.0,16.0,6400000.0
1.0,256.0,2.0,1.0,1.0,1.0,39.0,32.0,-0.0030632107251067353,-0.0017650185808415486,8192.0,0.0625,6400000.0
1.0,256.0,4.0,1.0,1.0,1.0,63.0,32.0,-0.0030632107251067353,-0.0017650185808415486,0.0,512.0,6400000.0
1.0,256.0,2.0,1.0,1.0,1.0,39.0,32.0,-0.0030632107251067353,-0.0017650185808415486,8192.0,256.0,6400000.0
1.0,256.0,4.0,1.0,1.0,1.0,63.0,32.0,-0.0030632107251067353,-0.0017650185808415486,0.00195312,1024.0,6400000.0
1.0,256.0,2.0,1.0,1.0,1.0,39.0,32.0,-0.0030632107251067353,-0.0017650185808415486,32768.0,0.125,6400000.0
1.0,256.0,2.0,1.0,1.0,1.0,39.0,32.0,-0.0030632107251067353,-0.0017650185808415486,32768.0,2.0,6400000.0
1.0,256.0,4.0,1.0,1.0,1.0,63.0,32.0,-0.0030632107251067353,-0.0017650185808415486,0.0,8192.0,6400000.0
1.0,256.0,2.0,1.0,1.0,1.0,39.0,32.0,-0.0030632107251067353,-0.0017650185808415486,32768.0,32.0,6400000.0
1.0,256.0,2.0,1.0,1.0,1.0,39.0,32.0,-0.0030632107251067353,-0.0017650185808415486,32768.0,512.0,6400000.0
53.0,256.0,4.0,9.0,1107.0,782.0,34427.0,118336.0,0.5963520786490591,0.5929239315447865,0.000976562,0.25,6400000.0
256.0,256.0,4.0,9.0,4432.0,3288.0,146525.0,493312.0,0.7049257173580918,0.7054505315705132,0.000976562,0.000976562,6400000.0
256.0,256.0,4.0,9.0,4376.0,3347.0,146909.0,502752.0,0.7240939691686832,0.7138173491611755,0.000976562,0.015625,6400000.0
1.0,1.0,8.0,1.0,1.0,1.0,543.0,32.0,-0.0030632107251067353,-0.0017650185808415486,2048.0,0.25,6400000.0
1.0,256.0,2.0,1.0,1.0,1.0,39.0,32.0,-0.0030632107251067353,-0.0017650185808415486,16384.0,0.0,6400000.0
1.0,1.0,8.0,1.0,1.0,1.0,543.0,32.0,-0.0030632107251067353,-0.0017650185808415486,2048.0,0.0,6400000.0
1.0,1.0,1.0,2.0,3.0,2.0,108.0,192.0,0.03911015413878083,0.040912063041146696,0.5,0.125,6400000.0
1.0,256.0,4.0,1.0,1.0,1.0,63.0,32.0,-0.0030632107251067353,-0.0017650185808415486,0.00195312,16384.0,6400000.0
27.0,256.0,4.0,9.0,182.0,137.0,5741.0,18464.0,0.39629112021669155,0.40252478152262305,0.000976562,4.0,6400000.0
1.0,1.0,8.0,1.0,1.0,1.0,543.0,32.0,-0.0030632107251067353,-0.0017650185808415486,256.0,0.125,6400000.0
1.0,256.0,2.0,1.0,1.0,1.0,39.0,32.0,-0.0030632107251067353,-0.0017650185808415486,16384.0,0.0078125,6400000.0
3.0,256.0,4.0,2.0,9.0,6.0,335.0,576.0,0.10115259004895938,0.10346957106453547,0.000976562,64.0,6400000.0
1.0,256.0,2.0,1.0,1.0,1.0,39.0,32.0,-0.0030632107251067353,-0.0017650185808415486,16384.0,0.125,6400000.0
1.0,256.0,2.0,1.0,1.0,1.0,39.0,32.0,-0.0030632107251067353,-0.0017650185808415486,16384.0,32.0,6400000.0
256.0,256.0,4.0,9.0,4454.0,3312.0,148249.0,497152.0,0.7216062749297887,0.7222334163486083,0.00390625,0.00195312,6400000.0
1.0,256.0,4.0,1.0,1.0,1.0,63.0,32.0,-0.0030632107251067353,-0.0017650185808415486,0.000976562,1024.0,6400000.0
1.0,1.0,8.0,1.0,1.0,1.0,543.0,32.0,-0.0030632107251067353,-0.0017650185808415486,512.0,128.0,6400000.0
1.0,1.0,8.0,1.0,1.0,1.0,543.0,32.0,-0.0030632107251067353,-0.0017650185808415486,1024.0,0.25,6400000.0
1.0,1.0,8.0,1.0,1.0,1.0,543.0,32.0,-0.0030632107251067353,-0.0017650185808415486,256.0,64.0,6400000.0
1.0,256.0,2.0,1.0,1.0,1.0,39.0,32.0,-0.0030632107251067353,-0.0017650185808415486,32768.0,8192.0,6400000.0
1.0,256.0,4.0,1.0,1.0,1.0,63.0,32.0,-0.0030632107251067353,-0.0017650185808415486,0.000976562,16384.0,6400000.0
1.0,256.0,2.0,1.0,1.0,1.0,39.0,32.0,-0.0030632107251067353,-0.0017650185808415486,16384.0,2.0,6400000.0
133.0,256.0,4.0,9.0,2381.0,1735.0,76622.0,260576.0,0.6299760996475747,0.6303426389124431,0.00390625,0.03125,6400000.0
256.0,256.0,4.0,9.0,4376.0,3347.0,146909.0,502752.0,0.7240939691686832,0.7138173491611755,0.0,0.015625,6400000.0
47.0,256.0,4.0,9.0,936.0,676.0,29163.0,102144.0,0.579172694871942,0.5785778311096275,0.00195312,0.5,6400000.0
53.0,256.0,4.0,9.0,1107.0,782.0,34427.0,118336.0,0.5963520786490591,0.5929239315447865,0.0,0.25,6400000.0
47.0,256.0,4.0,9.0,936.0,676.0,29163.0,102144.0,0.579172694871942,0.5785778311096275,0.00390625,0.5,6400000.0
1.0,1.0,8.0,1.0,1.0,1.0,543.0,32.0,-0.0030632107251067353,-0.0017650185808415486,128.0,32768.0,6400000.0
1.0,256.0,2.0,1.0,1.0,1.0,39.0,32.0,-0.0030632107251067353,-0.0017650185808415486,16384.0,512.0,6400000.0
256.0,256.0,4.0,9.0,4454.0,3312.0,148249.0,497152.0,0.7216062749297887,0.7222334163486083,0.00195312,0.00195312,6400000.0
133.0,256.0,4.0,9.0,2381.0,1735.0,76622.0,260576.0,0.6299760996475747,0.6303426389124431,0.00195312,0.03125,6400000.0
256.0,256.0,4.0,9.0,4432.0,3288.0,146525.0,493312.0,0.7049257173580918,0.7054505315705132,0.0,0.000976562,6400000.0
16.0,256.0,4.0,3.0,67.0,47.0,2020.0,5472.0,0.28428173420704106,0.29213228260301216,0.00390625,8.0,6400000.0
1.0,256.0,4.0,1.0,1.0,1.0,63.0,32.0,-0.0030632107251067353,-0.0017650185808415486,0.00390625,128.0,6400000.0
1.0,1.0,8.0,1.0,1.0,1.0,543.0,32.0,-0.0030632107251067353,-0.0017650185808415486,1024.0,128.0,6400000.0
1.0,256.0,4.0,1.0,1.0,1.0,63.0,32.0,-0.0030632107251067353,-0.0017650185808415486,0.00390625,2048.0,6400000.0
1.0,1.0,8.0,1.0,1.0,1.0,543.0,32.0,-0.0030632107251067353,-0.0017650185808415486,1024.0,0.0,6400000.0
3.0,256.0,4.0,2.0,9.0,6.0,335.0,576.0,0.10115259004895938,0.10346957106453547,0.0,64.0,6400000.0
27.0,256.0,4.0,9.0,182.0,137.0,5741.0,18464.0,0.39629112021669155,0.40252478152262305,0.0,4.0,6400000.0
1.0,256.0,2.0,1.0,1.0,1.0,39.0,32.0,-0.0030632107251067353,-0.0017650185808415486,16384.0,8192.0,6400000.0
1.0,256.0,2.0,1.0,1.0,1.0,39.0,32.0,-0.0030632107251067353,-0.0017650185808415486,32768.0,0.015625,6400000.0
1.0,256.0,4.0,1.0,1.0,1.0,63.0,32.0,-0.0030632107251067353,-0.0017650185808415486,0.00390625,32768.0,6400000.0
1.0,1.0,8.0,1.0,1.0,1.0,543.0,32.0,-0.0030632107251067353,-0.0017650185808415486,512.0,0.25,6400000.0
1.0,256.0,2.0,1.0,1.0,1.0,39.0,32.0,-0.0030632107251067353,-0.0017650185808415486,32768.0,0.000976562,6400000.0
1.0,1.0,8.0,1.0,1.0,1.0,543.0,32.0,-0.0030632107251067353,-0.0017650185808415486,512.0,0.0,6400000.0
1.0,256.0,4.0,1.0,1.0,1.0,63.0,32.0,-0.0030632107251067353,-0.0017650185808415486,0.00195312,128.0,6400000.0
16.0,256.0,4.0,3.0,67.0,47.0,2020.0,5472.0,0.28428173420704106,0.29213228260301216,0.00195312,8.0,6400000.0
1.0,256.0,4.0,1.0,1.0,1.0,63.0,32.0,-0.0030632107251067353,-0.0017650185808415486,0.0,1024.0,6400000.0
1.0,256.0,4.0,1.0,1.0,1.0,63.0,32.0,-0.0030632107251067353,-0.0017650185808415486,0.00195312,2048.0,6400000.0
1.0,256.0,2.0,1.0,1.0,1.0,39.0,32.0,-0.0030632107251067353,-0.0017650185808415486,32768.0,64.0,6400000.0
1.0,256.0,2.0,1.0,1.0,1.0,39.0,32.0,-0.0030632107251067353,-0.0017650185808415486,32768.0,0.25,6400000.0
1.0,256.0,2.0,1.0,1.0,1.0,39.0,32.0,-0.0030632107251067353,-0.0017650185808415486,32768.0,4.0,6400000.0
256.0,256.0,4.0,9.0,4396.0,3296.0,146442.0,494592.0,0.7057258599443039,0.7082289159921776,0.0078125,0.00390625,6400000.0
99.0,256.0,4.0,9.0,1919.0,1379.0,61222.0,207968.0,0.6253669652257936,0.6106653100962529,0.0078125,0.0625,6400000.0
35.0,256.0,4.0,9.0,658.0,483.0,20534.0,72800.0,0.5314186599624591,0.5427904047834783,0.0078125,1.0,6400000.0
1.0,256.0,2.0,1.0,1.0,1.0,39.0,32.0,-0.0030632107251067353,-0.0017650185808415486,32768.0,1024.0,6400000.0
1.0,1.0,8.0,1.0,1.0,1.0,543.0,32.0,-0.0030632107251067353,-0.0017650185808415486,2048.0,0.000976562,6400000.0
1.0,1.0,8.0,1.0,1.0,1.0,543.0,32.0,-0.0030632107251067353,-0.0017650185808415486,2048.0,0.5,6400000.0
133.0,256.0,4.0,9.0,2381.0,1735.0,76622.0,260576.0,0.6299760996475747,0.6303426389124431,0.000976562,0.03125,6400000.0
256.0,256.0,4.0,9.0,4454.0,3312.0,148249.0,497152.0,0.7216062749297887,0.7222334163486083,0.000976562,0.00195312,6400000.0
1.0,256.0,4.0,1.0,1.0,1.0,63.0,32.0,-0.0030632107251067353,-0.0017650185808415486,0.0,16384.0,6400000.0
1.0,1.0,8.0,1.0,1.0,1.0,543.0,32.0,-0.0030632107251067353,-0.0017650185808415486,2048.0,256.0,6400000.0
1.0,1.0,1.0,2.0,3.0,2.0,108.0,192.0,0.03911015413878083,0.040912063041146696,0.5,0.5,6400000.0
47.0,256.0,4.0,9.0,936.0,676.0,29163.0,102144.0,0.579172694871942,0.5785778311096275,0.000976562,0.5,6400000.0
11.0,256.0,4.0,3.0,35.0,26.0,1119.0,2752.0,0.23801654357424562,0.2440154241847443,0.0078125,16.0,6400000.0
1.0,1.0,8.0,1.0,1.0,1.0,543.0,32.0,-0.0030632107251067353,-0.0017650185808415486,256.0,0.25,6400000.0
1.0,1.0,1.0,2.0,3.0,2.0,108.0,192.0,0.03911015413878083,0.040912063041146696,0.5,0.25,6400000.0
16.0,256.0,4.0,3.0,67.0,47.0,2020.0,5472.0,0.28428173420704106,0.29213228260301216,0.000976562,8.0,6400000.0
1.0,256.0,4.0,1.0,1.0,1.0,63.0,32.0,-0.0030632107251067353,-0.0017650185808415486,0.00195312,32768.0,6400000.0
1.0,256.0,4.0,1.0,1.0,1.0,63.0,32.0,-0.0030632107251067353,-0.0017650185808415486,0.0078125,256.0,6400000.0
1.0,256.0,4.0,1.0,1.0,1.0,63.0,32.0,-0.0030632107251067353,-0.0017650185808415486,0.000976562,128.0,6400000.0
256.0,256.0,4.0,9.0,4396.0,3296.0,146442.0,494592.0,0.7057258599443039,0.7082289159921776,0.00390625,0.00390625,6400000.0
1.0,256.0,4.0,1.0,1.0,1.0,63.0,32.0,-0.0030632107251067353,-0.0017650185808415486,0.0078125,4096.0,6400000.0
1.0,1.0,8.0,1.0,1.0,1.0,543.0,32.0,-0.0030632107251067353,-0.0017650185808415486,512.0,256.0,6400000.0
1.0,256.0,2.0,1.0,1.0,1.0,39.0,32.0,-0.0030632107251067353,-0.0017650185808415486,32768.0,16384.0,6400000.0
1.0,1.0,8.0,1.0,1.0,1.0,543.0,32.0,-0.0030632107251067353,-0.0017650185808415486,1024.0,0.5,6400000.0
1.0,256.0,4.0,1.0,1.0,1.0,63.0,32.0,-0.0030632107251067353,-0.0017650185808415486,0.000976562,2048.0,6400000.0
256.0,256.0,4.0,9.0,4506.0,3344.0,149448.0,502272.0,0.7195327383847585,0.7149390825284352,0.015625,0.0,6400000.0
1.0,256.0,4.0,1.0,1.0,1.0,63.0,32.0,-0.0030632107251067353,-0.0017650185808415486,0.000976562,32768.0,6400000.0
1.0,1.0,8.0,1.0,1.0,1.0,543.0,32.0,-0.0030632107251067353,-0.0017650185808415486,256.0,128.0,6400000.0
47.0,256.0,4.0,9.0,936.0,676.0,29163.0,102144.0,0.579172694871942,0.5785778311096275,0.0,0.5,6400000.0
35.0,256.0,4.0,9.0,658.0,483.0,20534.0,72800.0,0.5314186599624591,0.5427904047834783,0.00195312,1.0,6400000.0
11.0,256.0,4.0,3.0,35.0,26.0,1119.0,2752.0,0.23801654357424562,0.2440154241847443,0.00390625,16.0,6400000.0
35.0,256.0,4.0,9.0,658.0,483.0,20534.0,72800.0,0.5314186599624591,0.5427904047834783,0.00390625,1.0,6400000.0
99.0,256.0,4.0,9.0,1919.0,1379.0,61222.0,207968.0,0.6253669652257936,0.6106653100962529,0.00390625,0.0625,6400000.0
133.0,256.0,4.0,9.0,2381.0,1735.0,76622.0,260576.0,0.6299760996475747,0.6303426389124431,0.0,0.03125,6400000.0
72.0,256.0,4.0,9.0,1468.0,1045.0,46332.0,157984.0,0.6102186134538007,0.5969789958644,0.015625,0.125,6400000.0
256.0,256.0,4.0,9.0,4332.0,3289.0,146069.0,493472.0,0.7099627868182161,0.7167404859598547,0.015625,0.0078125,6400000.0
256.0,256.0,4.0,9.0,4396.0,3296.0,146442.0,494592.0,0.7057258599443039,0.7082289159921776,0.00195312,0.00390625,6400000.0
1.0,256.0,4.0,1.0,1.0,1.0,63.0,32.0,-0.0030632107251067353,-0.0017650185808415486,0.00390625,4096.0,6400000.0
256.0,256.0,4.0,9.0,4454.0,3312.0,148249.0,497152.0,0.7216062749297887,0.7222334163486083,0.0,0.00195312,6400000.0
99.0,256.0,4.0,9.0,1919.0,1379.0,61222.0,207968.0,0.6253669652257936,0.6106653100962529,0.00195312,0.0625,6400000.0
1.0,1.0,8.0,1.0,1.0,1.0,543.0,32.0,-0.0030632107251067353,-0.0017650185808415486,1024.0,0.000976562,6400000.0
1.0,1.0,8.0,1.0,1.0,1.0,543.0,32.0,-0.0030632107251067353,-0.0017650185808415486,1024.0,256.0,6400000.0
1.0,256.0,4.0,1.0,1.0,1.0,63.0,32.0,-0.0030632107251067353,-0.0017650185808415486,0.00390625,256.0,6400000.0
1.0,256.0,4.0,1.0,1.0,1.0,63.0,32.0,-0.0030632107251067353,-0.0017650185808415486,0.0,128.0,6400000.0
16.0,256.0,4.0,3.0,67.0,47.0,2020.0,5472.0,0.28428173420704106,0.29213228260301216,0.0,8.0,6400000.0
34.0,256.0,4.0,9.0,405.0,299.0,12531.0,43488.0,0.48047354984414437,0.4995541811062537,0.015625,2.0,6400000.0
256.0,256.0,4.0,9.0,4506.0,3344.0,149448.0,502272.0,0.7195327383847585,0.7149390825284352,0.0078125,0.0,6400000.0
8.0,256.0,4.0,2.0,22.0,16.0,724.0,1536.0,0.184803559555608,0.19082719424152972,0.015625,32.0,6400000.0
1.0,256.0,4.0,1.0,1.0,1.0,63.0,32.0,-0.0030632107251067353,-0.0017650185808415486,0.015625,512.0,6400000.0
1.0,256.0,4.0,1.0,1.0,1.0,63.0,32.0,-0.0030632107251067353,-0.0017650185808415486,0.00195312,256.0,6400000.0
1.0,1.0,8.0,1.0,1.0,1.0,543.0,32.0,-0.0030632107251067353,-0.0017650185808415486,512.0,0.5,6400000.0
1.0,1.0,8.0,1.0,1.0,1.0,543.0,32.0,-0.0030632107251067353,-0.0017650185808415486,512.0,0.000976562,6400000.0
1.0,256.0,4.0,1.0,1.0,1.0,63.0,32.0,-0.0030632107251067353,-0.0017650185808415486,0.0,2048.0,6400000.0
72.0,256.0,4.0,9.0,1468.0,1045.0,46332.0,157984.0,0.6102186134538007,0.5969789958644,0.0078125,0.125,6400000.0
34.0,256.0,4.0,9.0,405.0,299.0,12531.0,43488.0,0.48047354984414437,0.4995541811062537,0.0078125,2.0,6400000.0
11.0,256.0,4.0,3.0,35.0,26.0,1119.0,2752.0,0.23801654357424562,0.2440154241847443,0.00195312,16.0,6400000.0
256.0,256.0,4.0,9.0,4332.0,3289.0,146069.0,493472.0,0.7099627868182161,0.7167404859598547,0.0078125,0.0078125,6400000.0
1.0,256.0,4.0,1.0,1.0,1.0,63.0,32.0,-0.0030632107251067353,-0.0017650185808415486,0.00195312,4096.0,6400000.0
1.0,1.0,8.0,1.0,1.0,1.0,543.0,32.0,-0.0030632107251067353,-0.0017650185808415486,2048.0,0.00195312,6400000.0
1.0,1.0,8.0,1.0,1.0,1.0,543.0,32.0,-0.0030632107251067353,-0.0017650185808415486,4096.0,0.00195312,6400000.0
1.0,256.0,4.0,1.0,1.0,1.0,63.0,32.0,-0.0030632107251067353,-0.0017650185808415486,0.015625,8192.0,6400000.0
35.0,256.0,4.0,9.0,658.0,483.0,20534.0,72800.0,0.5314186599624591,0.5427904047834783,0.000976562,1.0,6400000.0
1.0,1.0,8.0,1.0,1.0,1.0,543.0,32.0,-0.0030632107251067353,-0.0017650185808415486,2048.0,1.0,6400000.0
1.0,256.0,4.0,1.0,1.0,1.0,63.0,32.0,-0.0030632107251067353,-0.0017650185808415486,0.0,32768.0,6400000.0
8.0,256.0,4.0,2.0,22.0,16.0,724.0,1536.0,0.184803559555608,0.19082719424152972,0.0078125,32.0,6400000.0
99.0,256.0,4.0,9.0,1919.0,1379.0,61222.0,207968.0,0.6253669652257936,0.6106653100962529,0.000976562,0.0625,6400000.0
256.0,256.0,4.0,9.0,4376.0,3347.0,146909.0,502752.0,0.7240939691686832,0.7138173491611755,0.03125,0.015625,6400000.0
256.0,256.0,4.0,9.0,4396.0,3296.0,146442.0,494592.0,0.7057258599443039,0.7082289159921776,0.000976562,0.00390625,6400000.0
1.0,1.0,1.0,2.0,3.0,2.0,108.0,192.0,0.03911015413878083,0.040912063041146696,0.5,1.0,6400000.0
53.0,256.0,4.0,9.0,1107.0,782.0,34427.0,118336.0,0.5963520786490591,0.5929239315447865,0.03125,0.25,6400000.0
1.0,1.0,8.0,1.0,1.0,1.0,543.0,32.0,-0.0030632107251067353,-0.0017650185808415486,2048.0,512.0,6400000.0
256.0,256.0,4.0,9.0,4432.0,3288.0,146525.0,493312.0,0.7049257173580918,0.7054505315705132,0.03125,0.000976562,6400000.0
11.0,256.0,4.0,3.0,35.0,26.0,1119.0,2752.0,0.23801654357424562,0.2440154241847443,0.000976562,16.0,6400000.0
3.0,256.0,4.0,2.0,9.0,6.0,335.0,576.0,0.10115259004895938,0.10346957106453547,0.03125,64.0,6400000.0
256.0,256.0,4.0,9.0,4506.0,3344.0,149448.0,502272.0,0.7195327383847585,0.7149390825284352,0.00390625,0.0,6400000.0
27.0,256.0,4.0,9.0,182.0,137.0,5741.0,18464.0,0.39629112021669155,0.40252478152262305,0.03125,4.0,6400000.0
1.0,256.0,4.0,1.0,1.0,1.0,63.0,32.0,-0.0030632107251067353,-0.0017650185808415486,0.0078125,512.0,6400000.0
1.0,256.0,4.0,1.0,1.0,1.0,63.0,32.0,-0.0030632107251067353,-0.0017650185808415486,0.000976562,256.0,6400000.0
1.0,1.0,8.0,1.0,1.0,1.0,543.0,32.0,-0.0030632107251067353,-0.0017650185808415486,512.0,512.0,6400000.0
1.0,256.0,4.0,1.0,1.0,1.0,63.0,32.0,-0.0030632107251067353,-0.0017650185808415486,0.0078125,8192.0,6400000.0
1.0,256.0,4.0,1.0,1.0,1.0,63.0,32.0,-0.0030632107251067353,-0.0017650185808415486,0.000976562,4096.0,6400000.0
256.0,256.0,4.0,9.0,4332.0,3289.0,146069.0,493472.0,0.7099627868182161,0.7167404859598547,0.00390625,0.0078125,6400000.0
1.0,1.0,8.0,1.0,1.0,1.0,543.0,32.0,-0.0030632107251067353,-0.0017650185808415486,256.0,256.0,6400000.0
1.0,256.0,4.0,1.0,1.0,1.0,63.0,32.0,-0.0030632107251067353,-0.0017650185808415486,0.03125,1024.0,6400000.0
1.0,1.0,8.0,1.0,1.0,1.0,543.0,32.0,-0.0030632107251067353,-0.0017650185808415486,1024.0,1.0,6400000.0
256.0,256.0,4.0,9.0,4432.0,3288.0,146525.0,493312.0,0.7049257173580918,0.7054505315705132,0.015625,0.000976562,6400000.0
256.0,256.0,4.0,9.0,4506.0,3344.0,149448.0,502272.0,0.7195327383847585,0.7149390825284352,0.00195312,0.0,6400000.0
8.0,256.0,4.0,2.0,22.0,16.0,724.0,1536.0,0.184803559555608,0.19082719424152972,0.00390625,32.0,6400000.0
34.0,256.0,4.0,9.0,405.0,299.0,12531.0,43488.0,0.48047354984414437,0.4995541811062537,0.00390625,2.0,6400000.0
1.0,256.0,4.0,1.0,1.0,1.0,63.0,32.0,-0.0030632107251067353,-0.0017650185808415486,0.03125,16384.0,6400000.0
72.0,256.0,4.0,9.0,1468.0,1045.0,46332.0,157984.0,0.6102186134538007,0.5969789958644,0.00390625,0.125,6400000.0
34.0,256.0,4.0,9.0,405.0,299.0,12531.0,43488.0,0.48047354984414437,0.4995541811062537,0.00195312,2.0,6400000.0
1.0,256.0,4.0,1.0,1.0,1.0,63.0,32.0,-0.0030632107251067353,-0.0017650185808415486,0.00390625,8192.0,6400000.0
53.0,256.0,4.0,9.0,1107.0,782.0,34427.0,118336.0,0.5963520786490591,0.5929239315447865,0.015625,0.25,6400000.0
256.0,256.0,4.0,9.0,4332.0,3289.0,146069.0,493472.0,0.7099627868182161,0.7167404859598547,0.00195312,0.0078125,6400000.0
1.0,1.0,8.0,1.0,1.0,1.0,543.0,32.0,-0.0030632107251067353,-0.0017650185808415486,1024.0,0.00195312,6400000.0
72.0,256.0,4.0,9.0,1468.0,1045.0,46332.0,157984.0,0.6102186134538007,0.5969789958644,0.00195312,0.125,6400000.0
133.0,256.0,4.0,9.0,2381.0,1735.0,76622.0,260576.0,0.6299760996475747,0.6303426389124431,0.0625,0.03125,6400000.0
256.0,256.0,4.0,9.0,4376.0,3347.0,146909.0,502752.0,0.7240939691686832,0.7138173491611755,0.015625,0.015625,6400000.0
256.0,256.0,4.0,9.0,4454.0,3312.0,148249.0,497152.0,0.7216062749297887,0.7222334163486083,0.0625,0.00195312,6400000.0
1.0,256.0,4.0,1.0,1.0,1.0,63.0,32.0,-0.0030632107251067353,-0.0017650185808415486,0.00390625,512.0,6400000.0
27.0,256.0,4.0,9.0,182.0,137.0,5741.0,18464.0,0.39629112021669155,0.40252478152262305,0.015625,4.0,6400000.0
1.0,1.0,8.0,1.0,1.0,1.0,543.0,32.0,-0.0030632107251067353,-0.0017650185808415486,1024.0,512.0,6400000.0
3.0,256.0,4.0,2.0,9.0,6.0,335.0,576.0,0.10115259004895938,0.10346957106453547,0.015625,64.0,6400000.0
1.0,1.0,8.0,1.0,1.0,1.0,543.0,32.0,-0.0030632107251067353,-0.0017650185808415486,4096.0,2.0,6400000.0
1.0,256.0,4.0,1.0,1.0,1.0,63.0,32.0,-0.0030632107251067353,-0.0017650185808415486,0.015625,1024.0,6400000.0
47.0,256.0,4.0,9.0,936.0,676.0,29163.0,102144.0,0.579172694871942,0.5785778311096275,0.0625,0.5,6400000.0
256.0,256.0,4.0,9.0,4432.0,3288.0,146525.0,493312.0,0.7049257173580918,0.7054505315705132,0.0078125,0.000976562,6400000.0
1.0,1.0,8.0,1.0,1.0,1.0,543.0,32.0,-0.0030632107251067353,-0.0017650185808415486,512.0,1.0,6400000.0
1.0,256.0,4.0,1.0,1.0,1.0,63.0,32.0,-0.0030632107251067353,-0.0017650185808415486,0.00195312,512.0,6400000.0
1.0,1.0,8.0,1.0,1.0,1.0,543.0,32.0,-0.0030632107251067353,-0.0017650185808415486,512.0,0.00195312,6400000.0
53.0,256.0,4.0,9.0,1107.0,782.0,34427.0,118336.0,0.5963520786490591,0.5929239315447865,0.0078125,0.25,6400000.0
1.0,256.0,4.0,1.0,1.0,1.0,63.0,32.0,-0.0030632107251067353,-0.0017650185808415486,0.00195312,8192.0,6400000.0
16.0,256.0,4.0,3.0,67.0,47.0,2020.0,5472.0,0.28428173420704106,0.29213228260301216,0.0625,8.0,6400000.0
27.0,256.0,4.0,9.0,182.0,137.0,5741.0,18464.0,0.39629112021669155,0.40252478152262305,0.0078125,4.0,6400000.0
8.0,256.0,4.0,2.0,22.0,16.0,724.0,1536.0,0.184803559555608,0.19082719424152972,0.00195312,32.0,6400000.0
3.0,256.0,4.0,2.0,9.0,6.0,335.0,576.0,0.10115259004895938,0.10346957106453547,0.0078125,64.0,6400000.0
256.0,256.0,4.0,9.0,4376.0,3347.0,146909.0,502752.0,0.7240939691686832,0.7138173491611755,0.0078125,0.015625,6400000.0
1.0,1.0,8.0,1.0,1.0,1.0,543.0,32.0,-0.0030632107251067353,-0.0017650185808415486,2048.0,0.00390625,6400000.0
47.0,256.0,4.0,9.0,936.0,676.0,29163.0,102144.0,0.579172694871942,0.5785778311096275,0.03125,0.5,6400000.0
133.0,256.0,4.0,9.0,2381.0,1735.0,76622.0,260576.0,0.6299760996475747,0.6303426389124431,0.03125,0.03125,6400000.0
1.0,1.0,8.0,1.0,1.0,1.0,543.0,32.0,-0.0030632107251067353,-0.0017650185808415486,2048.0,1024.0,6400000.0
1.0,1.0,8.0,1.0,1.0,1.0,543.0,32.0,-0.0030632107251067353,-0.0017650185808415486,2048.0,2.0,6400000.0
1.0,1.0,1.0,2.0,3.0,2.0,108.0,192.0,0.03911015413878083,0.040912063041146696,0.5,2.0,6400000.0
1.0,256.0,4.0,1.0,1.0,1.0,63.0,32.0,-0.0030632107251067353,-0.0017650185808415486,0.0625,2048.0,6400000.0
1.0,1.0,8.0,1.0,1.0,1.0,543.0,32.0,-0.0030632107251067353,-0.0017650185808415486,4096.0,0.00390625,6400000.0
1.0,256.0,4.0,1.0,1.0,1.0,63.0,32.0,-0.0030632107251067353,-0.0017650185808415486,0.015625,16384.0,6400000.0
256.0,256.0,4.0,9.0,4454.0,3312.0,148249.0,497152.0,0.7216062749297887,0.7222334163486083,0.03125,0.00195312,6400000.0
1.0,256.0,4.0,1.0,1.0,1.0,63.0,32.0,-0.0030632107251067353,-0.0017650185808415486,0.03125,128.0,6400000.0
1.0,256.0,4.0,1.0,1.0,1.0,63.0,32.0,-0.0030632107251067353,-0.0017650185808415486,0.0625,128.0,6400000.0
1.0,256.0,4.0,1.0,1.0,1.0,63.0,32.0,-0.0030632107251067353,-0.0017650185808415486,0.0625,32768.0,6400000.0
256.0,256.0,4.0,9.0,4364.0,3271.0,145240.0,490592.0,0.7242313953085844,0.7139248105056527,0.125,0.00390625,6400000.0
16.0,256.0,4.0,3.0,67.0,47.0,2020.0,5472.0,0.28428173420704106,0.29213228260301216,0.03125,8.0,6400000.0
95.0,256.0,4.0,9.0,1853.0,1325.0,58635.0,199840.0,0.6283548200927842,0.6229653352431512,0.125,0.0625,6400000.0
1.0,256.0,4.0,1.0,1.0,1.0,63.0,32.0,-0.0030632107251067353,-0.0017650185808415486,0.0078125,1024.0,6400000.0
256.0,256.0,4.0,9.0,4432.0,3288.0,146525.0,493312.0,0.7049257173580918,0.7054505315705132,0.00390625,0.000976562,6400000.0
1.0,1.0,8.0,1.0,1.0,1.0,543.0,32.0,-0.0030632107251067353,-0.0017650185808415486,512.0,1024.0,6400000.0
1.0,256.0,4.0,1.0,1.0,1.0,63.0,32.0,-0.0030632107251067353,-0.0017650185808415486,0.0078125,16384.0,6400000.0
38.0,256.0,4.0,9.0,691.0,505.0,21460.0,75936.0,0.5505120967095605,0.5588962575632352,0.125,1.0,6400000.0
1.0,1.0,8.0,1.0,1.0,1.0,543.0,32.0,-0.0030632107251067353,-0.0017650185808415486,1024.0,2.0,6400000.0
256.0,256.0,4.0,9.0,4376.0,3347.0,146909.0,502752.0,0.7240939691686832,0.7138173491611755,0.00390625,0.015625,6400000.0
1.0,256.0,4.0,1.0,1.0,1.0,63.0,32.0,-0.0030632107251067353,-0.0017650185808415486,0.03125,2048.0,6400000.0
11.0,256.0,4.0,3.0,35.0,26.0,1119.0,2752.0,0.23801654357424562,0.2440154241847443,0.125,16.0,6400000.0
53.0,256.0,4.0,9.0,1107.0,782.0,34427.0,118336.0,0.5963520786490591,0.5929239315447865,0.00390625,0.25,6400000.0
1.0,256.0,4.0,1.0,1.0,1.0,63.0,32.0,-0.0030632107251067353,-0.0017650185808415486,0.03125,32768.0,6400000.0
1.0,256.0,4.0,1.0,1.0,1.0,63.0,32.0,-0.0030632107251067353,-0.0017650185808415486,0.125,256.0,6400000.0
3.0,256.0,4.0,2.0,9.0,6.0,335.0,576.0,0.10115259004895938,0.10346957106453547,0.00390625,64.0,6400000.0
27.0,256.0,4.0,9.0,182.0,137.0,5741.0,18464.0,0.39629112021669155,0.40252478152262305,0.00390625,4.0,6400000.0
1.0,1.0,8.0,1.0,1.0,1.0,543.0,32.0,-0.0030632107251067353,-0.0017650185808415486,4096.0,2048.0,6400000.0
256.0,256.0,4.0,9.0,4454.0,3312.0,148249.0,497152.0,0.7216062749297887,0.7222334163486083,0.015625,0.00195312,6400000.0
1.0,256.0,4.0,1.0,1.0,1.0,63.0,32.0,-0.0030632107251067353,-0.0017650185808415486,0.125,4096.0,6400000.0
1.0,256.0,4.0,1.0,1.0,1.0,63.0,32.0,-0.0030632107251067353,-0.0017650185808415486,0.00390625,16384.0,6400000.0
47.0,256.0,4.0,9.0,936.0,676.0,29163.0,102144.0,0.579172694871942,0.5785778311096275,0.015625,0.5,6400000.0
1.0,1.0,8.0,1.0,1.0,1.0,543.0,32.0,-0.0030632107251067353,-0.0017650185808415486,1024.0,0.00390625,6400000.0
99.0,256.0,4.0,9.0,1919.0,1379.0,61222.0,207968.0,0.6253669652257936,0.6106653100962529,0.0625,0.0625,6400000.0
1.0,256.0,4.0,1.0,1.0,1.0,63.0,32.0,-0.0030632107251067353,-0.0017650185808415486,0.00390625,1024.0,6400000.0
1.0,1.0,8.0,1.0,1.0,1.0,543.0,32.0,-0.0030632107251067353,-0.0017650185808415486,1024.0,1024.0,6400000.0
133.0,256.0,4.0,9.0,2381.0,1735.0,76622.0,260576.0,0.6299760996475747,0.6303426389124431,0.015625,0.03125,6400000.0
16.0,256.0,4.0,3.0,67.0,47.0,2020.0,5472.0,0.28428173420704106,0.29213228260301216,0.015625,8.0,6400000.0
256.0,256.0,4.0,9.0,4470.0,3305.0,148662.0,496032.0,0.7130260548431251,0.7062057715585954,0.25,0.0,6400000.0
1.0,1.0,8.0,1.0,1.0,1.0,543.0,32.0,-0.0030632107251067353,-0.0017650185808415486,4096.0,4.0,6400000.0
256.0,256.0,4.0,9.0,4396.0,3296.0,146442.0,494592.0,0.7057258599443039,0.7082289159921776,0.0625,0.00390625,6400000.0
1.0,256.0,4.0,1.0,1.0,1.0,63.0,32.0,-0.0030632107251067353,-0.0017650185808415486,0.015625,128.0,6400000.0
256.0,256.0,4.0,9.0,4443.0,3342.0,148389.0,501952.0,0.7296454116772606,0.7236753490513645,0.25,0.0078125,6400000.0
1.0,256.0,4.0,1.0,1.0,1.0,63.0,32.0,-0.0030632107251067353,-0.0017650185808415486,0.015625,2048.0,6400000.0
37.0,256.0,4.0,9.0,639.0,465.0,19872.0,69664.0,0.5234863226510582,0.534602946209239,0.0625,1.0,6400000.0
1.0,1.0,8.0,1.0,1.0,1.0,543.0,32.0,-0.0030632107251067353,-0.0017650185808415486,512.0,2.0,6400000.0
256.0,256.0,4.0,9.0,4454.0,3312.0,148249.0,497152.0,0.7216062749297887,0.7222334163486083,0.0078125,0.00195312,6400000.0
29.0,256.0,4.0,9.0,367.0,269.0,11179.0,39328.0,0.46166356012270027,0.47247850340434716,0.25,2.0,6400000.0
47.0,256.0,4.0,9.0,936.0,676.0,29163.0,102144.0,0.579172694871942,0.5785778311096275,0.0078125,0.5,6400000.0
82.0,256.0,4.0,9.0,1635.0,1167.0,51931.0,176224.0,0.6167947012831151,0.6107141826848089,0.25,0.125,6400000.0
16.0,256.0,4.0,3.0,67.0,47.0,2020.0,5472.0,0.28428173420704106,0.29213228260301216,0.0078125,8.0,6400000.0
8.0,256.0,4.0,2.0,22.0,16.0,724.0,1536.0,0.184803559555608,0.19082719424152972,0.25,32.0,6400000.0
11.0,256.0,4.0,3.0,35.0,26.0,1119.0,2752.0,0.23801654357424562,0.2440154241847443,0.0625,16.0,6400000.0
1.0,1.0,8.0,1.0,1.0,1.0,543.0,32.0,-0.0030632107251067353,-0.0017650185808415486,2048.0,0.0078125,6400000.0
1.0,256.0,4.0,1.0,1.0,1.0,63.0,32.0,-0.0030632107251067353,-0.0017650185808415486,0.0078125,128.0,6400000.0
133.0,256.0,4.0,9.0,2381.0,1735.0,76622.0,260576.0,0.6299760996475747,0.6303426389124431,0.0078125,0.03125,6400000.0
1.0,1.0,1.0,2.0,3.0,2.0,108.0,192.0,0.03911015413878083,0.040912063041146696,0.5,4.0,6400000.0
37.0,256.0,4.0,9.0,639.0,465.0,19872.0,69664.0,0.5234863226510582,0.534602946209239,0.03125,1.0,6400000.0
99.0,256.0,4.0,9.0,1919.0,1379.0,61222.0,207968.0,0.6253669652257936,0.6106653100962529,0.03125,0.0625,6400000.0
1.0,256.0,4.0,1.0,1.0,1.0,63.0,32.0,-0.0030632107251067353,-0.0017650185808415486,0.0625,4096.0,6400000.0
1.0,1.0,8.0,1.0,1.0,1.0,543.0,32.0,-0.0030632107251067353,-0.0017650185808415486,2048.0,4.0,6400000.0
1.0,256.0,4.0,1.0,1.0,1.0,63.0,32.0,-0.0030632107251067353,-0.0017650185808415486,0.015625,32768.0,6400000.0
1.0,1.0,8.0,1.0,1.0,1.0,543.0,32.0,-0.0030632107251067353,-0.0017650185808415486,2048.0,2048.0,6400000.0
1.0,256.0,4.0,1.0,1.0,1.0,63.0,32.0,-0.0030632107251067353,-0.0017650185808415486,0.25,512.0,6400000.0
1.0,1.0,8.0,1.0,1.0,1.0,543.0,32.0,-0.0030632107251067353,-0.0017650185808415486,4096.0,0.0078125,6400000.0
256.0,256.0,4.0,9.0,4443.0,3342.0,148389.0,501952.0,0.7296454116772606,0.7236753490513645,0.125,0.0078125,6400000.0
1.0,256.0,4.0,1.0,1.0,1.0,63.0,32.0,-0.0030632107251067353,-0.0017650185808415486,0.0625,256.0,6400000.0
256.0,256.0,4.0,9.0,4396.0,3296.0,146442.0,494592.0,0.7057258599443039,0.7082289159921776,0.03125,0.00390625,6400000.0
1.0,256.0,4.0,1.0,1.0,1.0,63.0,32.0,-0.0030632107251067353,-0.0017650185808415486,0.03125,256.0,6400000.0
11.0,256.0,4.0,3.0,35.0,26.0,1119.0,2752.0,0.23801654357424562,0.2440154241847443,0.03125,16.0,6400000.0
82.0,256.0,4.0,9.0,1635.0,1167.0,51931.0,176224.0,0.6167947012831151,0.6107141826848089,0.125,0.125,6400000.0
1.0,256.0,4.0,1.0,1.0,1.0,63.0,32.0,-0.0030632107251067353,-0.0017650185808415486,0.0078125,2048.0,6400000.0
256.0,256.0,4.0,9.0,4470.0,3305.0,148662.0,496032.0,0.7130260548431251,0.7062057715585954,0.125,0.0,6400000.0
1.0,256.0,4.0,1.0,1.0,1.0,63.0,32.0,-0.0030632107251067353,-0.0017650185808415486,0.0078125,32768.0,6400000.0
1.0,256.0,4.0,1.0,1.0,1.0,63.0,32.0,-0.0030632107251067353,-0.0017650185808415486,0.25,8192.0,6400000.0
1.0,1.0,8.0,1.0,1.0,1.0,543.0,32.0,-0.0030632107251067353,-0.0017650185808415486,512.0,2048.0,6400000.0
34.0,256.0,4.0,9.0,405.0,299.0,12531.0,43488.0,0.48047354984414437,0.4995541811062537,0.125,2.0,6400000.0
1.0,1.0,8.0,1.0,1.0,1.0,543.0,32.0,-0.0030632107251067353,-0.0017650185808415486,1024.0,4.0,6400000.0
1.0,256.0,4.0,1.0,1.0,1.0,63.0,32.0,-0.0030632107251067353,-0.0017650185808415486,0.03125,4096.0,6400000.0
8.0,256.0,4.0,2.0,22.0,16.0,724.0,1536.0,0.184803559555608,0.19082719424152972,0.125,32.0,6400000.0
1.0,256.0,4.0,1.0,1.0,1.0,63.0,32.0,-0.0030632107251067353,-0.0017650185808415486,0.125,512.0,6400000.0
256.0,256.0,4.0,9.0,4461.0,3315.0,148621.0,497632.0,0.719104838534266,0.7097238227188544,0.5,0.000976562,6400000.0
256.0,256.0,4.0,9.0,4506.0,3344.0,149448.0,502272.0,0.7195327383847585,0.7149390825284352,0.0625,0.0,6400000.0
256.0,256.0,4.0,9.0,4256.0,3252.0,143560.0,487552.0,0.7334682059147323,0.7160035632752879,0.5,0.015625,6400000.0
1.0,1.0,8.0,1.0,1.0,1.0,543.0,32.0,-0.0030632107251067353,-0.0017650185808415486,8192.0,0.015625,6400000.0
1.0,1.0,8.0,1.0,1.0,1.0,543.0,32.0,-0.0030632107251067353,-0.0017650185808415486,4096.0,4096.0,6400000.0
256.0,256.0,4.0,9.0,4396.0,3296.0,146442.0,494592.0,0.7057258599443039,0.7082289159921776,0.015625,0.00390625,6400000.0
35.0,256.0,4.0,9.0,658.0,483.0,20534.0,72800.0,0.5314186599624591,0.5427904047834783,0.015625,1.0,6400000.0
51.0,256.0,4.0,9.0,1078.0,760.0,33603.0,115072.0,0.5810490493667828,0.5911583606082336,0.5,0.25,6400000.0
1.0,256.0,4.0,1.0,1.0,1.0,63.0,32.0,-0.0030632107251067353,-0.0017650185808415486,0.125,8192.0,6400000.0
72.0,256.0,4.0,9.0,1468.0,1045.0,46332.0,157984.0,0.6102186134538007,0.5969789958644,0.0625,0.125,6400000.0
23.0,256.0,4.0,8.0,191.0,141.0,6004.0,19616.0,0.40068438400649886,0.4112807495713583,0.5,4.0,6400000.0
11.0,256.0,4.0,3.0,35.0,26.0,1119.0,2752.0,0.23801654357424562,0.2440154241847443,0.015625,16.0,6400000.0
1.0,1.0,8.0,1.0,1.0,1.0,543.0,32.0,-0.0030632107251067353,-0.0017650185808415486,1024.0,2048.0,6400000.0
99.0,256.0,4.0,9.0,1919.0,1379.0,61222.0,207968.0,0.6253669652257936,0.6106653100962529,0.015625,0.0625,6400000.0
1.0,1.0,8.0,1.0,1.0,1.0,543.0,32.0,-0.0030632107251067353,-0.0017650185808415486,1024.0,0.0078125,6400000.0
3.0,256.0,4.0,2.0,9.0,6.0,335.0,576.0,0.10115259004895938,0.10346957106453547,0.5,64.0,6400000.0
256.0,256.0,4.0,9.0,4332.0,3289.0,146069.0,493472.0,0.7099627868182161,0.7167404859598547,0.0625,0.0078125,6400000.0
1.0,256.0,4.0,1.0,1.0,1.0,63.0,32.0,-0.0030632107251067353,-0.0017650185808415486,0.015625,256.0,6400000.0
256.0,256.0,4.0,9.0,4415.0,3275.0,146437.0,491232.0,0.7025855530986778,0.7045163785396413,0.25,0.000976562,6400000.0
1.0,1.0,8.0,1.0,1.0,1.0,543.0,32.0,-0.0030632107251067353,-0.0017650185808415486,4096.0,8.0,6400000.0
242.0,256.0,4.0,9.0,4105.0,3123.0,137435.0,468704.0,0.7280485372541525,0.7160565794820619,0.25,0.015625,6400000.0
34.0,256.0,4.0,9.0,405.0,299.0,12531.0,43488.0,0.48047354984414437,0.4995541811062537,0.0625,2.0,6400000.0
1.0,256.0,4.0,1.0,1.0,1.0,63.0,32.0,-0.0030632107251067353,-0.0017650185808415486,0.015625,4096.0,6400000.0
1.0,256.0,4.0,1.0,1.0,1.0,63.0,32.0,-0.0030632107251067353,-0.0017650185808415486,0.5,16384.0,6400000.0
1.0,256.0,4.0,1.0,1.0,1.0,63.0,32.0,-0.0030632107251067353,-0.0017650185808415486,0.5,1024.0,6400000.0
21.0,256.0,4.0,8.0,161.0,120.0,5054.0,16512.0,0.37569441219205346,0.3831987737801994,0.25,4.0,6400000.0
57.0,256.0,4.0,9.0,1190.0,853.0,37326.0,129184.0,0.6071108712602789,0.5981259039411835,0.25,0.25,6400000.0
256.0,256.0,4.0,9.0,4432.0,3297.0,147513.0,494752.0,0.7226630694296701,0.7152182282659496,1.0,0.00195312,6400000.0
3.0,256.0,4.0,2.0,9.0,6.0,335.0,576.0,0.10115259004895938,0.10346957106453547,0.25,64.0,6400000.0
1.0,1.0,8.0,1.0,1.0,1.0,543.0,32.0,-0.0030632107251067353,-0.0017650185808415486,2048.0,0.015625,6400000.0
8.0,256.0,4.0,2.0,22.0,16.0,724.0,1536.0,0.184803559555608,0.19082719424152972,0.0625,32.0,6400000.0
1.0,1.0,1.0,2.0,3.0,2.0,108.0,192.0,0.03911015413878083,0.040912063041146696,0.5,8.0,6400000.0
1.0,1.0,8.0,1.0,1.0,1.0,543.0,32.0,-0.0030632107251067353,-0.0017650185808415486,2048.0,8.0,6400000.0
34.0,256.0,4.0,9.0,405.0,299.0,12531.0,43488.0,0.48047354984414437,0.4995541811062537,0.03125,2.0,6400000.0
72.0,256.0,4.0,9.0,1468.0,1045.0,46332.0,157984.0,0.6102186134538007,0.5969789958644,0.03125,0.125,6400000.0
1.0,256.0,4.0,1.0,1.0,1.0,63.0,32.0,-0.0030632107251067353,-0.0017650185808415486,0.25,1024.0,6400000.0
1.0,1.0,8.0,1.0,1.0,1.0,543.0,32.0,-0.0030632107251067353,-0.0017650185808415486,4096.0,0.015625,6400000.0
1.0,256.0,4.0,1.0,1.0,1.0,63.0,32.0,-0.0030632107251067353,-0.0017650185808415486,0.0625,8192.0,6400000.0
1.0,1.0,8.0,1.0,1.0,1.0,543.0,32.0,-0.0030632107251067353,-0.0017650185808415486,2048.0,4096.0,6400000.0
8.0,256.0,4.0,2.0,22.0,16.0,724.0,1536.0,0.184803559555608,0.19082719424152972,0.03125,32.0,6400000.0
256.0,256.0,4.0,9.0,4506.0,3344.0,149448.0,502272.0,0.7195327383847585,0.7149390825284352,0.03125,0.0,6400000.0
57.0,256.0,4.0,9.0,1190.0,853.0,37326.0,129184.0,0.6071108712602789,0.5981259039411835,0.125,0.25,6400000.0
1.0,256.0,4.0,1.0,1.0,1.0,63.0,32.0,-0.0030632107251067353,-0.0017650185808415486,0.0625,512.0,6400000.0
42.0,256.0,4.0,9.0,825.0,589.0,25539.0,88864.0,0.5365614202420972,0.5443358123797324,1.0,0.5,6400000.0
16.0,256.0,4.0,3.0,67.0,47.0,2020.0,5472.0,0.28428173420704106,0.29213228260301216,1.0,8.0,6400000.0
165.0,256.0,4.0,9.0,2982.0,2212.0,97733.0,332800.0,0.6824195460995135,0.6841923490111106,1.0,0.03125,6400000.0
1.0,256.0,4.0,1.0,1.0,1.0,63.0,32.0,-0.0030632107251067353,-0.0017650185808415486,0.03125,512.0,6400000.0
242.0,256.0,4.0,9.0,4105.0,3123.0,137435.0,468704.0,0.7280485372541525,0.7160565794820619,0.125,0.015625,6400000.0
256.0,256.0,4.0,9.0,4332.0,3289.0,146069.0,493472.0,0.7099627868182161,0.7167404859598547,0.03125,0.0078125,6400000.0
1.0,256.0,4.0,1.0,1.0,1.0,63.0,32.0,-0.0030632107251067353,-0.0017650185808415486,1.0,128.0,6400000.0
256.0,256.0,4.0,9.0,4415.0,3275.0,146437.0,491232.0,0.7025855530986778,0.7045163785396413,0.125,0.000976562,6400000.0
1.0,256.0,4.0,1.0,1.0,1.0,63.0,32.0,-0.0030632107251067353,-0.0017650185808415486,0.25,16384.0,6400000.0
27.0,256.0,4.0,9.0,182.0,137.0,5741.0,18464.0,0.39629112021669155,0.40252478152262305,0.125,4.0,6400000.0
1.0,256.0,4.0,1.0,1.0,1.0,63.0,32.0,-0.0030632107251067353,-0.0017650185808415486,0.03125,8192.0,6400000.0
1.0,1.0,8.0,1.0,1.0,1.0,543.0,32.0,-0.0030632107251067353,-0.0017650185808415486,8192.0,16.0,6400000.0
1.0,1.0,8.0,1.0,1.0,1.0,543.0,32.0,-0.0030632107251067353,-0.0017650185808415486,1024.0,8.0,6400000.0
1.0,256.0,4.0,1.0,1.0,1.0,63.0,32.0,-0.0030632107251067353,-0.0017650185808415486,1.0,2048.0,6400000.0
3.0,256.0,4.0,2.0,9.0,6.0,335.0,576.0,0.10115259004895938,0.10346957106453547,0.125,64.0,6400000.0
1.0,256.0,4.0,1.0,1.0,1.0,63.0,32.0,-0.0030632107251067353,-0.0017650185808415486,0.125,1024.0,6400000.0
125.0,256.0,4.0,9.0,2384.0,1721.0,76267.0,259360.0,0.6483575552424254,0.6419793423183147,0.5,0.03125,6400000.0
256.0,256.0,4.0,9.0,4464.0,3338.0,148185.0,501312.0,0.7117938607114451,0.704401918428476,0.5,0.00195312,6400000.0
1.0,1.0,8.0,1.0,1.0,1.0,543.0,32.0,-0.0030632107251067353,-0.0017650185808415486,4096.0,8192.0,6400000.0
256.0,256.0,4.0,9.0,4432.0,3288.0,146525.0,493312.0,0.7049257173580918,0.7054505315705132,0.0625,0.000976562,6400000.0
1.0,256.0,4.0,1.0,1.0,1.0,63.0,32.0,-0.0030632107251067353,-0.0017650185808415486,0.125,16384.0,6400000.0
46.0,256.0,4.0,9.0,920.0,660.0,28649.0,99712.0,0.5712109162075185,0.5682519548385925,0.5,0.5,6400000.0
1.0,1.0,8.0,1.0,1.0,1.0,543.0,32.0,-0.0030632107251067353,-0.0017650185808415486,8192.0,0.03125,6400000.0
16.0,256.0,4.0,3.0,67.0,47.0,2020.0,5472.0,0.28428173420704106,0.29213228260301216,0.5,8.0,6400000.0
53.0,256.0,4.0,9.0,1107.0,782.0,34427.0,118336.0,0.5963520786490591,0.5929239315447865,0.0625,0.25,6400000.0
1.0,1.0,8.0,1.0,1.0,1.0,543.0,32.0,-0.0030632107251067353,-0.0017650185808415486,1024.0,4096.0,6400000.0
1.0,256.0,4.0,1.0,1.0,1.0,63.0,32.0,-0.0030632107251067353,-0.0017650185808415486,0.5,128.0,6400000.0
1.0,256.0,4.0,1.0,1.0,1.0,63.0,32.0,-0.0030632107251067353,-0.0017650185808415486,1.0,32768.0,6400000.0
256.0,256.0,4.0,9.0,4376.0,3347.0,146909.0,502752.0,0.7240939691686832,0.7138173491611755,0.0625,0.015625,6400000.0
1.0,1.0,8.0,1.0,1.0,1.0,543.0,32.0,-0.0030632107251067353,-0.0017650185808415486,4096.0,16.0,6400000.0
41.0,256.0,4.0,9.0,627.0,458.0,19316.0,68032.0,0.5180074978621946,0.5340513881320648,2.0,1.0,6400000.0
256.0,256.0,4.0,9.0,4435.0,3320.0,148021.0,498432.0,0.7031946219503279,0.7039400021960089,2.0,0.00390625,6400000.0
27.0,256.0,4.0,9.0,182.0,137.0,5741.0,18464.0,0.39629112021669155,0.40252478152262305,0.0625,4.0,6400000.0
1.0,1.0,8.0,1.0,1.0,1.0,543.0,32.0,-0.0030632107251067353,-0.0017650185808415486,1024.0,0.015625,6400000.0
142.0,256.0,4.0,9.0,2567.0,1874.0,82285.0,281664.0,0.6574535712817106,0.6527240239464045,0.25,0.03125,6400000.0
256.0,256.0,4.0,9.0,4409.0,3281.0,146164.0,492192.0,0.7141374301425083,0.7031019165787068,0.25,0.00195312,6400000.0
11.0,256.0,4.0,3.0,35.0,26.0,1119.0,2752.0,0.23801654357424562,0.2440154241847443,2.0,16.0,6400000.0
100.0,256.0,4.0,9.0,1898.0,1371.0,60897.0,206560.0,0.6252538645063666,0.6210581904125998,2.0,0.0625,6400000.0
1.0,256.0,4.0,1.0,1.0,1.0,63.0,32.0,-0.0030632107251067353,-0.0017650185808415486,2.0,256.0,6400000.0
1.0,256.0,4.0,1.0,1.0,1.0,63.0,32.0,-0.0030632107251067353,-0.0017650185808415486,0.5,2048.0,6400000.0
49.0,256.0,4.0,9.0,965.0,702.0,30250.0,106048.0,0.5916136277291053,0.5886801710477753,0.25,0.5,6400000.0
1.0,256.0,4.0,1.0,1.0,1.0,63.0,32.0,-0.0030632107251067353,-0.0017650185808415486,0.5,32768.0,6400000.0
16.0,256.0,4.0,3.0,67.0,47.0,2020.0,5472.0,0.28428173420704106,0.29213228260301216,0.25,8.0,6400000.0
256.0,256.0,4.0,9.0,4384.0,3262.0,145897.0,489152.0,0.7140992513608169,0.7002076475082382,1.0,0.00390625,6400000.0
1.0,1.0,1.0,2.0,3.0,2.0,108.0,192.0,0.03911015413878083,0.040912063041146696,0.5,16.0,6400000.0
1.0,1.0,8.0,1.0,1.0,1.0,543.0,32.0,-0.0030632107251067353,-0.0017650185808415486,2048.0,0.03125,6400000.0
3.0,256.0,4.0,2.0,9.0,6.0,335.0,576.0,0.10115259004895938,0.10346957106453547,0.0625,64.0,6400000.0
1.0,1.0,8.0,1.0,1.0,1.0,543.0,32.0,-0.0030632107251067353,-0.0017650185808415486,2048.0,16.0,6400000.0
1.0,256.0,4.0,1.0,1.0,1.0,63.0,32.0,-0.0030632107251067353,-0.0017650185808415486,0.25,128.0,6400000.0
1.0,256.0,4.0,1.0,1.0,1.0,63.0,32.0,-0.0030632107251067353,-0.0017650185808415486,2.0,4096.0,6400000.0
1.0,256.0,4.0,1.0,1.0,1.0,63.0,32.0,-0.0030632107251067353,-0.0017650185808415486,0.0625,16384.0,6400000.0
44.0,256.0,4.0,9.0,738.0,554.0,23173.0,83008.0,0.5400624899190241,0.5430427677680744,1.0,1.0,6400000.0
1.0,256.0,4.0,1.0,1.0,1.0,63.0,32.0,-0.0030632107251067353,-0.0017650185808415486,0.25,2048.0,6400000.0
1.0,1.0,8.0,1.0,1.0,1.0,543.0,32.0,-0.0030632107251067353,-0.0017650185808415486,4096.0,0.03125,6400000.0
256.0,256.0,4.0,9.0,4390.0,3281.0,146144.0,492192.0,0.6989836355579684,0.6912739987204233,4.0,0.0,6400000.0
1.0,256.0,4.0,1.0,1.0,1.0,63.0,32.0,-0.0030632107251067353,-0.0017650185808415486,0.0625,1024.0,6400000.0
142.0,256.0,4.0,9.0,2567.0,1874.0,82285.0,281664.0,0.6574535712817106,0.6527240239464045,0.125,0.03125,6400000.0
44.0,256.0,4.0,9.0,824.0,597.0,25840.0,89888.0,0.5329635992521082,0.5467975483986998,0.125,0.5,6400000.0
1.0,1.0,8.0,1.0,1.0,1.0,543.0,32.0,-0.0030632107251067353,-0.0017650185808415486,2048.0,8192.0,6400000.0
102.0,256.0,4.0,9.0,1943.0,1398.0,61959.0,210624.0,0.6316211411319874,0.6255922800648492,1.0,0.0625,6400000.0
256.0,256.0,4.0,9.0,4340.0,3294.0,145434.0,494272.0,0.709257140488671,0.707567389159613,4.0,0.0078125,6400000.0
11.0,256.0,4.0,3.0,35.0,26.0,1119.0,2752.0,0.23801654357424562,0.2440154241847443,1.0,16.0,6400000.0
42.0,256.0,4.0,8.0,368.0,278.0,11314.0,39104.0,0.4847347019423488,0.5053924433155895,4.0,2.0,6400000.0
1.0,1.0,8.0,1.0,1.0,1.0,543.0,32.0,-0.0030632107251067353,-0.0017650185808415486,8192.0,16384.0,6400000.0
1.0,256.0,4.0,1.0,1.0,1.0,63.0,32.0,-0.0030632107251067353,-0.0017650185808415486,0.25,32768.0,6400000.0
16.0,256.0,4.0,3.0,67.0,47.0,2020.0,5472.0,0.28428173420704106,0.29213228260301216,0.125,8.0,6400000.0
1.0,256.0,4.0,1.0,1.0,1.0,63.0,32.0,-0.0030632107251067353,-0.0017650185808415486,1.0,256.0,6400000.0
95.0,256.0,4.0,9.0,1829.0,1368.0,59348.0,206720.0,0.6328017720340249,0.628058733104753,4.0,0.125,6400000.0
256.0,256.0,4.0,9.0,4409.0,3281.0,146164.0,492192.0,0.7141374301425083,0.7031019165787068,0.125,0.00195312,6400000.0
1.0,256.0,4.0,1.0,1.0,1.0,63.0,32.0,-0.0030632107251067353,-0.0017650185808415486,0.125,128.0,6400000.0
1.0,1.0,8.0,1.0,1.0,1.0,543.0,32.0,-0.0030632107251067353,-0.0017650185808415486,8192.0,32.0,6400000.0
8.0,256.0,4.0,2.0,22.0,16.0,724.0,1536.0,0.184803559555608,0.19082719424152972,4.0,32.0,6400000.0
1.0,1.0,8.0,1.0,1.0,1.0,543.0,32.0,-0.0030632107251067353,-0.0017650185808415486,1024.0,16.0,6400000.0
1.0,256.0,4.0,1.0,1.0,1.0,63.0,32.0,-0.0030632107251067353,-0.0017650185808415486,1.0,4096.0,6400000.0
1.0,256.0,4.0,1.0,1.0,1.0,63.0,32.0,-0.0030632107251067353,-0.0017650185808415486,0.125,2048.0,6400000.0
99.0,256.0,4.0,9.0,1916.0,1390.0,61580.0,209728.0,0.6374477094989366,0.6296075642378051,0.5,0.0625,6400000.0
256.0,256.0,4.0,9.0,4316.0,3240.0,143468.0,485632.0,0.7120129196326656,0.7062037435542139,0.5,0.00390625,6400000.0
33.0,256.0,4.0,9.0,602.0,436.0,18434.0,65536.0,0.5161450007527962,0.5278003993903042,0.5,1.0,6400000.0
1.0,1.0,8.0,1.0,1.0,1.0,543.0,32.0,-0.0030632107251067353,-0.0017650185808415486,4096.0,16384.0,6400000.0
1.0,256.0,4.0,1.0,1.0,1.0,63.0,32.0,-0.0030632107251067353,-0.0017650185808415486,0.125,32768.0,6400000.0
1.0,1.0,8.0,1.0,1.0,1.0,543.0,32.0,-0.0030632107251067353,-0.0017650185808415486,8192.0,0.0625,6400000.0
11.0,256.0,4.0,3.0,35.0,26.0,1119.0,2752.0,0.23801654357424562,0.2440154241847443,0.5,16.0,6400000.0
1.0,256.0,4.0,1.0,1.0,1.0,63.0,32.0,-0.0030632107251067353,-0.0017650185808415486,0.5,256.0,6400000.0
1.0,256.0,4.0,1.0,1.0,1.0,63.0,32.0,-0.0030632107251067353,-0.0017650185808415486,4.0,512.0,6400000.0
1.0,1.0,8.0,1.0,1.0,1.0,543.0,32.0,-0.0030632107251067353,-0.0017650185808415486,4096.0,32.0,6400000.0
1.0,1.0,8.0,1.0,1.0,1.0,543.0,32.0,-0.0030632107251067353,-0.0017650185808415486,1024.0,8192.0,6400000.0
1.0,256.0,4.0,1.0,1.0,1.0,63.0,32.0,-0.0030632107251067353,-0.0017650185808415486,4.0,8192.0,6400000.0
37.0,256.0,4.0,9.0,393.0,302.0,12357.0,43584.0,0.48433038515692384,0.49955225833858974,2.0,2.0,6400000.0
95.0,256.0,4.0,9.0,1853.0,1325.0,58635.0,199840.0,0.6283548200927842,0.6229653352431512,0.25,0.0625,6400000.0
256.0,256.0,4.0,9.0,4365.0,3235.0,145286.0,484832.0,0.7024709488087547,0.7000533542037528,2.0,0.0,6400000.0
256.0,256.0,4.0,7.0,4212.0,3297.0,144772.0,494752.0,0.6504219553931279,0.640911581284227,8.0,0.000976562,6400000.0
8.0,256.0,4.0,2.0,22.0,16.0,724.0,1536.0,0.184803559555608,0.19082719424152972,2.0,32.0,6400000.0
1.0,256.0,4.0,1.0,1.0,1.0,63.0,32.0,-0.0030632107251067353,-0.0017650185808415486,2.0,512.0,6400000.0
33.0,256.0,4.0,3.0,419.0,338.0,14059.0,49856.0,0.32937799723281747,0.33859565543052184,8.0,0.25,6400000.0
256.0,256.0,4.0,9.0,4359.0,3304.0,146557.0,495872.0,0.7064818796430437,0.7125371112725853,2.0,0.0078125,6400000.0
256.0,256.0,4.0,9.0,4364.0,3271.0,145240.0,490592.0,0.7242313953085844,0.7139248105056527,0.25,0.00390625,6400000.0
166.0,256.0,4.0,6.0,2702.0,2086.0,91008.0,312512.0,0.6141179485517572,0.6072330290266947,8.0,0.015625,6400000.0
81.0,256.0,4.0,9.0,1598.0,1163.0,50988.0,175712.0,0.6079159738379869,0.6080630459882528,2.0,0.125,6400000.0
1.0,256.0,4.0,1.0,1.0,1.0,63.0,32.0,-0.0030632107251067353,-0.0017650185808415486,0.5,4096.0,6400000.0
37.0,256.0,4.0,9.0,634.0,459.0,19440.0,68704.0,0.52490193261183,0.5378789660572921,0.25,1.0,6400000.0
11.0,256.0,4.0,3.0,35.0,26.0,1119.0,2752.0,0.23801654357424562,0.2440154241847443,0.25,16.0,6400000.0
256.0,256.0,4.0,9.0,4406.0,3286.0,147109.0,492992.0,0.7174356377887015,0.7093599773337449,1.0,0.0,6400000.0
1.0,1.0,8.0,1.0,1.0,1.0,543.0,32.0,-0.0030632107251067353,-0.0017650185808415486,2048.0,0.0625,6400000.0
256.0,256.0,4.0,9.0,4362.0,3301.0,145543.0,495392.0,0.7245358109223481,0.7153416186374475,1.0,0.0078125,6400000.0
1.0,1.0,1.0,2.0,3.0,2.0,108.0,192.0,0.03911015413878083,0.040912063041146696,0.5,32.0,6400000.0
1.0,256.0,4.0,1.0,1.0,1.0,63.0,32.0,-0.0030632107251067353,-0.0017650185808415486,0.25,256.0,6400000.0
1.0,1.0,8.0,1.0,1.0,1.0,543.0,32.0,-0.0030632107251067353,-0.0017650185808415486,2048.0,32.0,6400000.0
1.0,256.0,4.0,1.0,1.0,1.0,63.0,32.0,-0.0030632107251067353,-0.0017650185808415486,2.0,8192.0,6400000.0
19.0,256.0,4.0,3.0,112.0,85.0,3645.0,11168.0,0.3078034380468804,0.3159020086450115,8.0,4.0,6400000.0
1.0,256.0,4.0,1.0,1.0,1.0,63.0,32.0,-0.0030632107251067353,-0.0017650185808415486,0.25,4096.0,6400000.0
256.0,256.0,4.0,9.0,4493.0,3362.0,150515.0,505152.0,0.7156063351051128,0.7110769366635765,4.0,0.000976562,6400000.0
31.0,256.0,4.0,9.0,343.0,261.0,10826.0,37792.0,0.44784528477901897,0.4652902710227389,1.0,2.0,6400000.0
8.0,256.0,4.0,2.0,22.0,16.0,724.0,1536.0,0.184803559555608,0.19082719424152972,1.0,32.0,6400000.0
1.0,1.0,8.0,1.0,1.0,1.0,543.0,32.0,-0.0030632107251067353,-0.0017650185808415486,4096.0,0.0625,6400000.0
1.0,1.0,8.0,1.0,1.0,1.0,543.0,32.0,-0.0030632107251067353,-0.0017650185808415486,2048.0,16384.0,6400000.0
82.0,256.0,4.0,9.0,1600.0,1138.0,50687.0,171584.0,0.6211849008992345,0.6100119901096583,1.0,0.125,6400000.0
26.0,256.0,4.0,5.0,148.0,113.0,4842.0,14752.0,0.35290037616472336,0.3578088509707109,4.0,4.0,6400000.0
3.0,256.0,4.0,2.0,9.0,6.0,335.0,576.0,0.10115259004895938,0.10346957106453547,8.0,64.0,6400000.0
1.0,256.0,4.0,1.0,1.0,1.0,63.0,32.0,-0.0030632107251067353,-0.0017650185808415486,1.0,512.0,6400000.0
188.0,256.0,4.0,9.0,3289.0,2447.0,108327.0,367456.0,0.6858179781912654,0.6800476055152296,4.0,0.015625,6400000.0
1.0,1.0,8.0,1.0,1.0,1.0,543.0,32.0,-0.0030632107251067353,-0.0017650185808415486,8192.0,32768.0,6400000.0
1.0,1.0,8.0,1.0,1.0,1.0,543.0,32.0,-0.0030632107251067353,-0.0017650185808415486,16384.0,0.125,6400000.0
256.0,256.0,4.0,9.0,4426.0,3282.0,147096.0,492352.0,0.7204045677157297,0.7090389245896928,0.5,0.0,6400000.0
3.0,256.0,4.0,2.0,9.0,6.0,335.0,576.0,0.10115259004895938,0.10346957106453547,4.0,64.0,6400000.0
1.0,256.0,4.0,1.0,1.0,1.0,63.0,32.0,-0.0030632107251067353,-0.0017650185808415486,8.0,16384.0,6400000.0
55.0,256.0,4.0,8.0,1086.0,794.0,34388.0,120000.0,0.5478858959365513,0.5623914302147286,4.0,0.25,6400000.0
1.0,256.0,4.0,1.0,1.0,1.0,63.0,32.0,-0.0030632107251067353,-0.0017650185808415486,8.0,1024.0,6400000.0
1.0,1.0,8.0,1.0,1.0,1.0,543.0,32.0,-0.0030632107251067353,-0.0017650185808415486,8192.0,64.0,6400000.0
15.0,256.0,4.0,2.0,47.0,34.0,1516.0,3520.0,0.23483331904090687,0.24244665993785774,16.0,8.0,6400000.0
256.0,256.0,4.0,3.0,3340.0,2920.0,121981.0,434432.0,0.316376055520997,0.31440780271112934,16.0,0.00195312,6400000.0
34.0,256.0,4.0,3.0,308.0,251.0,9992.0,35808.0,0.3330053059714342,0.33784075783114964,16.0,0.5,6400000.0
1.0,256.0,4.0,1.0,1.0,1.0,63.0,32.0,-0.0030632107251067353,-0.0017650185808415486,1.0,8192.0,6400000.0
55.0,256.0,4.0,3.0,968.0,762.0,33059.0,114880.0,0.3275601962329824,0.33555017707321966,16.0,0.03125,6400000.0
1.0,256.0,4.0,1.0,1.0,1.0,63.0,32.0,-0.0030632107251067353,-0.0017650185808415486,16.0,128.0,6400000.0
76.0,256.0,4.0,9.0,1506.0,1068.0,47682.0,161152.0,0.6028093226712261,0.6042290571276414,0.5,0.125,6400000.0
35.0,256.0,4.0,9.0,465.0,346.0,14295.0,50880.0,0.5138615621088017,0.5198496433247503,0.5,2.0,6400000.0
256.0,256.0,4.0,9.0,4410.0,3328.0,147334.0,499712.0,0.7219392106130362,0.7069565156197191,0.5,0.0078125,6400000.0
1.0,1.0,8.0,1.0,1.0,1.0,543.0,32.0,-0.0030632107251067353,-0.0017650185808415486,4096.0,32768.0,6400000.0
1.0,1.0,8.0,1.0,1.0,1.0,543.0,32.0,-0.0030632107251067353,-0.0017650185808415486,8192.0,0.125,6400000.0
1.0,256.0,4.0,1.0,1.0,1.0,63.0,32.0,-0.0030632107251067353,-0.0017650185808415486,0.5,512.0,6400000.0
1.0,1.0,8.0,1.0,1.0,1.0,543.0,32.0,-0.0030632107251067353,-0.0017650185808415486,4096.0,64.0,6400000.0
1.0,256.0,4.0,1.0,1.0,1.0,63.0,32.0,-0.0030632107251067353,-0.0017650185808415486,4.0,1024.0,6400000.0
1.0,1.0,8.0,1.0,1.0,1.0,543.0,32.0,-0.0030632107251067353,-0.0017650185808415486,1024.0,16384.0,6400000.0
8.0,256.0,4.0,2.0,22.0,16.0,724.0,1536.0,0.184803559555608,0.19082719424152972,0.5,32.0,6400000.0
1.0,256.0,4.0,1.0,1.0,1.0,63.0,32.0,-0.0030632107251067353,-0.0017650185808415486,16.0,2048.0,6400000.0
1.0,256.0,4.0,1.0,1.0,1.0,63.0,32.0,-0.0030632107251067353,-0.0017650185808415486,4.0,16384.0,6400000.0
256.0,256.0,4.0,9.0,4444.0,3311.0,148234.0,496992.0,0.7126408726206559,0.7026298231037678,2.0,0.000976562,6400000.0
1.0,256.0,4.0,1.0,1.0,1.0,63.0,32.0,-0.0030632107251067353,-0.0017650185808415486,2.0,1024.0,6400000.0
256.0,256.0,4.0,7.0,4237.0,3302.0,145090.0,495552.0,0.6525453551567432,0.6391744420184798,8.0,0.00195312,6400000.0
3.0,256.0,4.0,2.0,9.0,6.0,335.0,576.0,0.10115259004895938,0.10346957106453547,2.0,64.0,6400000.0
26.0,256.0,4.0,8.0,172.0,129.0,5296.0,17312.0,0.3951267073259065,0.40584305195034975,2.0,4.0,6400000.0
1.0,256.0,4.0,1.0,1.0,1.0,63.0,32.0,-0.0030632107251067353,-0.0017650185808415486,16.0,32768.0,6400000.0
1.0,256.0,4.0,1.0,1.0,1.0,63.0,32.0,-0.0030632107251067353,-0.0017650185808415486,0.5,8192.0,6400000.0
92.0,256.0,4.0,6.0,1693.0,1262.0,55521.0,190144.0,0.590981983365806,0.5937905852077793,8.0,0.03125,6400000.0
236.0,256.0,4.0,9.0,3968.0,3036.0,133272.0,455552.0,0.6986331138269141,0.7040133283732493,2.0,0.015625,6400000.0
53.0,256.0,4.0,9.0,1123.0,794.0,35154.0,120256.0,0.5438903065738224,0.5611707830113652,2.0,0.25,6400000.0
32.0,256.0,4.0,3.0,323.0,259.0,10680.0,37344.0,0.33143742313168967,0.335531340974662,8.0,0.5,6400000.0
182.0,256.0,4.0,2.0,2291.0,2081.0,85378.0,309664.0,0.24928089963296296,0.25637666408944526,32.0,0.00390625,6400000.0
38.0,256.0,4.0,2.0,472.0,403.0,16778.0,59616.0,0.2508536416878968,0.26606333193727505,32.0,0.0625,6400000.0
256.0,256.0,4.0,9.0,4424.0,3288.0,146249.0,493312.0,0.7139685828137634,0.7094088516786926,1.0,0.000976562,6400000.0
1.0,1.0,8.0,1.0,1.0,1.0,543.0,32.0,-0.0030632107251067353,-0.0017650185808415486,16384.0,128.0,6400000.0
1.0,1.0,8.0,1.0,1.0,1.0,543.0,32.0,-0.0030632107251067353,-0.0017650185808415486,2048.0,0.125,6400000.0
256.0,256.0,4.0,9.0,4172.0,3189.0,139913.0,477472.0,0.7127482640366252,0.7154056422097956,1.0,0.015625,6400000.0
1.0,1.0,1.0,2.0,3.0,2.0,108.0,192.0,0.03911015413878083,0.040912063041146696,0.5,64.0,6400000.0
1.0,1.0,8.0,1.0,1.0,1.0,543.0,32.0,-0.0030632107251067353,-0.0017650185808415486,2048.0,64.0,6400000.0
16.0,256.0,4.0,3.0,67.0,47.0,2020.0,5472.0,0.28428173420704106,0.29213228260301216,8.0,8.0,6400000.0
1.0,256.0,4.0,1.0,1.0,1.0,63.0,32.0,-0.0030632107251067353,-0.0017650185808415486,2.0,16384.0,6400000.0
22.0,256.0,4.0,8.0,162.0,120.0,5106.0,16384.0,0.38525211627519973,0.39030441205093724,1.0,4.0,6400000.0
25.0,256.0,4.0,2.0,113.0,94.0,3852.0,11840.0,0.25446652674505144,0.26625990280383205,32.0,1.0,6400000.0
3.0,256.0,4.0,2.0,9.0,6.0,335.0,576.0,0.10115259004895938,0.10346957106453547,1.0,64.0,6400000.0
1.0,1.0,8.0,1.0,1.0,1.0,543.0,32.0,-0.0030632107251067353,-0.0017650185808415486,4096.0,0.125,6400000.0
256.0,256.0,4.0,9.0,4480.0,3342.0,149668.0,501952.0,0.7222407353822403,0.7214276156635112,4.0,0.00195312,6400000.0
16.0,256.0,4.0,3.0,67.0,47.0,2020.0,5472.0,0.28428173420704106,0.29213228260301216,4.0,8.0,6400000.0
52.0,256.0,4.0,9.0,1083.0,762.0,33911.0,115264.0,0.5814716095751725,0.5817196003704657,1.0,0.25,6400000.0
11.0,256.0,4.0,2.0,30.0,22.0,944.0,2112.0,0.211815897449531,0.21820531799146736,32.0,16.0,6400000.0
1.0,1.0,8.0,1.0,1.0,1.0,543.0,32.0,-0.0030632107251067353,-0.0017650185808415486,2048.0,32768.0,6400000.0
1.0,256.0,4.0,1.0,1.0,1.0,63.0,32.0,-0.0030632107251067353,-0.0017650185808415486,1.0,1024.0,6400000.0
1.0,1.0,8.0,1.0,1.0,1.0,543.0,32.0,-0.0030632107251067353,-0.0017650185808415486,16384.0,0.25,6400000.0
1.0,256.0,4.0,1.0,1.0,1.0,63.0,32.0,-0.0030632107251067353,-0.0017650185808415486,4.0,128.0,6400000.0
1.0,256.0,4.0,1.0,1.0,1.0,63.0,32.0,-0.0030632107251067353,-0.0017650185808415486,8.0,128.0,6400000.0
1.0,1.0,8.0,1.0,1.0,1.0,543.0,32.0,-0.0030632107251067353,-0.0017650185808415486,8192.0,128.0,6400000.0
1.0,1.0,8.0,1.0,1.0,1.0,543.0,32.0,-0.0030632107251067353,-0.0017650185808415486,16384.0,0.0,6400000.0
1.0,256.0,4.0,1.0,1.0,1.0,63.0,32.0,-0.0030632107251067353,-0.0017650185808415486,8.0,32768.0,6400000.0
153.0,256.0,4.0,9.0,2751.0,2030.0,89560.0,305216.0,0.6645974302502855,0.6597951679340248,4.0,0.03125,6400000.0
1.0,256.0,4.0,1.0,1.0,1.0,63.0,32.0,-0.0030632107251067353,-0.0017650185808415486,8.0,2048.0,6400000.0
50.0,256.0,4.0,8.0,906.0,663.0,28607.0,99680.0,0.5660721361727256,0.5623460986723711,4.0,0.5,6400000.0
1.0,256.0,4.0,1.0,1.0,1.0,63.0,32.0,-0.0030632107251067353,-0.0017650185808415486,32.0,256.0,6400000.0
1.0,256.0,4.0,1.0,1.0,1.0,63.0,32.0,-0.0030632107251067353,-0.0017650185808415486,1.0,16384.0,6400000.0
11.0,256.0,4.0,2.0,30.0,22.0,944.0,2112.0,0.211815897449531,0.21820531799146736,16.0,16.0,6400000.0
230.0,256.0,4.0,3.0,3043.0,2648.0,110757.0,394240.0,0.3154330763558336,0.31466651008287105,16.0,0.00390625,6400000.0
53.0,256.0,4.0,3.0,894.0,717.0,30793.0,107936.0,0.33278522729362936,0.33734298000191787,16.0,0.0625,6400000.0
25.0,256.0,4.0,3.0,216.0,172.0,7163.0,24320.0,0.3258598713939125,0.33411787168337415,16.0,1.0,6400000.0
1.0,256.0,4.0,1.0,1.0,1.0,63.0,32.0,-0.0030632107251067353,-0.0017650185808415486,16.0,256.0,6400000.0
1.0,256.0,4.0,1.0,1.0,1.0,63.0,32.0,-0.0030632107251067353,-0.0017650185808415486,32.0,4096.0,6400000.0
1.0,1.0,8.0,1.0,1.0,1.0,543.0,32.0,-0.0030632107251067353,-0.0017650185808415486,8192.0,0.25,6400000.0
76.0,256.0,4.0,2.0,1100.0,925.0,39268.0,138272.0,0.2522649800330923,0.26353265368007517,64.0,0.0078125,6400000.0
1.0,1.0,8.0,1.0,1.0,1.0,543.0,32.0,-0.0030632107251067353,-0.0017650185808415486,8192.0,0.0,6400000.0
256.0,256.0,4.0,2.0,3301.0,3056.0,124565.0,456192.0,0.24664826727495148,0.2526024720778792,64.0,0.0,6400000.0
1.0,256.0,4.0,1.0,1.0,1.0,63.0,32.0,-0.0030632107251067353,-0.0017650185808415486,16.0,4096.0,6400000.0
1.0,1.0,8.0,1.0,1.0,1.0,543.0,32.0,-0.0030632107251067353,-0.0017650185808415486,4096.0,128.0,6400000.0
1.0,256.0,4.0,1.0,1.0,1.0,63.0,32.0,-0.0030632107251067353,-0.0017650185808415486,4.0,32768.0,6400000.0
1.0,256.0,4.0,1.0,1.0,1.0,63.0,32.0,-0.0030632107251067353,-0.0017650185808415486,2.0,2048.0,6400000.0
1.0,256.0,4.0,1.0,1.0,1.0,63.0,32.0,-0.0030632107251067353,-0.0017650185808415486,4.0,2048.0,6400000.0
37.0,256.0,4.0,2.0,302.0,257.0,10505.0,36384.0,0.25504156976916903,0.2701552342249074,64.0,0.125,6400000.0
16.0,256.0,4.0,3.0,67.0,47.0,2020.0,5472.0,0.28428173420704106,0.29213228260301216,2.0,8.0,6400000.0
85.0,256.0,4.0,6.0,1536.0,1165.0,50337.0,175520.0,0.586776451145686,0.5818706396718694,8.0,0.0625,6400000.0
256.0,256.0,4.0,6.0,4040.0,3221.0,140292.0,482592.0,0.6367626798016917,0.6264887527707099,8.0,0.00390625,6400000.0
1.0,256.0,4.0,1.0,1.0,1.0,63.0,32.0,-0.0030632107251067353,-0.0017650185808415486,2.0,128.0,6400000.0
8.0,256.0,4.0,2.0,22.0,16.0,724.0,1536.0,0.184803559555608,0.19082719424152972,64.0,32.0,6400000.0
23.0,256.0,4.0,2.0,96.0,78.0,3269.0,9536.0,0.25348208415856677,0.264691761708014,64.0,2.0,6400000.0
256.0,256.0,4.0,9.0,4407.0,3284.0,146516.0,492672.0,0.7178935267748702,0.7172551025884266,2.0,0.00195312,6400000.0
76.0,256.0,4.0,2.0,1100.0,925.0,39268.0,138272.0,0.2522649800330923,0.26353265368007517,32.0,0.0078125,6400000.0
1.0,1.0,8.0,1.0,1.0,1.0,543.0,32.0,-0.0030632107251067353,-0.0017650185808415486,32768.0,0.000976562,6400000.0
45.0,256.0,4.0,9.0,846.0,604.0,26308.0,90880.0,0.5492492775564819,0.5533541393903567,2.0,0.5,6400000.0
25.0,256.0,4.0,3.0,212.0,168.0,6953.0,23680.0,0.32214268471966934,0.33085644792714397,8.0,1.0,6400000.0
256.0,256.0,4.0,2.0,3301.0,3056.0,124565.0,456192.0,0.24664826727495148,0.2526024720778792,32.0,0.0,6400000.0
239.0,256.0,4.0,9.0,3981.0,3094.0,134493.0,464448.0,0.7179376780973675,0.7229940869628553,2.0,0.03125,6400000.0
37.0,256.0,4.0,2.0,302.0,257.0,10505.0,36384.0,0.25504156976916903,0.2701552342249074,32.0,0.125,6400000.0
1.0,256.0,4.0,1.0,1.0,1.0,63.0,32.0,-0.0030632107251067353,-0.0017650185808415486,64.0,512.0,6400000.0
1.0,1.0,8.0,1.0,1.0,1.0,543.0,32.0,-0.0030632107251067353,-0.0017650185808415486,16384.0,256.0,6400000.0
1.0,1.0,8.0,1.0,1.0,1.0,543.0,32.0,-0.0030632107251067353,-0.0017650185808415486,2048.0,128.0,6400000.0
1.0,256.0,4.0,1.0,1.0,1.0,63.0,32.0,-0.0030632107251067353,-0.0017650185808415486,64.0,8192.0,6400000.0
1.0,1.0,1.0,1.0,1.0,1.0,35.0,32.0,-0.0030632107251067353,-0.0017650185808415486,0.5,128.0,6400000.0
11.0,256.0,4.0,2.0,30.0,22.0,944.0,2112.0,0.211815897449531,0.21820531799146736,8.0,16.0,6400000.0
1.0,256.0,4.0,1.0,1.0,1.0,63.0,32.0,-0.0030632107251067353,-0.0017650185808415486,128.0,0.000976562,6400000.0
1.0,256.0,4.0,1.0,1.0,1.0,63.0,32.0,-0.0030632107251067353,-0.0017650185808415486,2.0,32768.0,6400000.0
23.0,256.0,4.0,2.0,96.0,78.0,3269.0,9536.0,0.25348208415856677,0.264691761708014,32.0,2.0,6400000.0
1.0,256.0,4.0,1.0,1.0,1.0,63.0,32.0,-0.0030632107251067353,-0.0017650185808415486,128.0,0.015625,6400000.0
1.0,1.0,8.0,1.0,1.0,1.0,543.0,32.0,-0.0030632107251067353,-0.0017650185808415486,4096.0,0.25,6400000.0
256.0,256.0,4.0,9.0,4394.0,3297.0,147300.0,494752.0,0.7070533364348226,0.702865040855842,4.0,0.00390625,6400000.0
8.0,256.0,4.0,2.0,22.0,16.0,724.0,1536.0,0.184803559555608,0.19082719424152972,32.0,32.0,6400000.0
1.0,256.0,4.0,1.0,1.0,1.0,63.0,32.0,-0.0030632107251067353,-0.0017650185808415486,128.0,4.0,6400000.0
11.0,256.0,4.0,3.0,35.0,26.0,1119.0,2752.0,0.23801654357424562,0.2440154241847443,4.0,16.0,6400000.0
1.0,1.0,8.0,1.0,1.0,1.0,543.0,32.0,-0.0030632107251067353,-0.0017650185808415486,4096.0,0.0,6400000.0
1.0,256.0,4.0,1.0,1.0,1.0,63.0,32.0,-0.0030632107251067353,-0.0017650185808415486,128.0,0.25,6400000.0
1.0,1.0,8.0,1.0,1.0,1.0,543.0,32.0,-0.0030632107251067353,-0.0017650185808415486,16384.0,0.000976562,6400000.0
1.0,1.0,8.0,1.0,1.0,1.0,543.0,32.0,-0.0030632107251067353,-0.0017650185808415486,8192.0,256.0,6400000.0
1.0,256.0,4.0,1.0,1.0,1.0,63.0,32.0,-0.0030632107251067353,-0.0017650185808415486,4.0,256.0,6400000.0
33.0,256.0,4.0,7.0,457.0,337.0,14606.0,49696.0,0.4875399059777278,0.4897545338435073,4.0,1.0,6400000.0
109.0,256.0,4.0,9.0,2063.0,1507.0,65853.0,227168.0,0.6273916040402427,0.6303021688317748,4.0,0.0625,6400000.0
1.0,1.0,8.0,1.0,1.0,1.0,543.0,32.0,-0.0030632107251067353,-0.0017650185808415486,16384.0,0.5,6400000.0
1.0,256.0,4.0,1.0,1.0,1.0,63.0,32.0,-0.0030632107251067353,-0.0017650185808415486,8.0,256.0,6400000.0
256.0,256.0,4.0,3.0,3379.0,2952.0,123330.0,439552.0,0.3092085849081143,0.312311421913659,16.0,0.0,6400000.0
1.0,256.0,4.0,1.0,1.0,1.0,63.0,32.0,-0.0030632107251067353,-0.0017650185808415486,128.0,64.0,6400000.0
1.0,256.0,4.0,1.0,1.0,1.0,63.0,32.0,-0.0030632107251067353,-0.0017650185808415486,8.0,4096.0,6400000.0
8.0,256.0,4.0,2.0,22.0,16.0,724.0,1536.0,0.184803559555608,0.19082719424152972,16.0,32.0,6400000.0
43.0,256.0,4.0,3.0,630.0,507.0,21176.0,75616.0,0.3308593261648918,0.3362290352620677,16.0,0.125,6400000.0
1.0,256.0,4.0,1.0,1.0,1.0,63.0,32.0,-0.0030632107251067353,-0.0017650185808415486,32.0,512.0,6400000.0
1.0,256.0,4.0,1.0,1.0,1.0,63.0,32.0,-0.0030632107251067353,-0.0017650185808415486,128.0,1024.0,6400000.0
23.0,256.0,4.0,3.0,153.0,120.0,4975.0,16256.0,0.319552560784911,0.327150369759344,16.0,2.0,6400000.0
93.0,256.0,4.0,3.0,1402.0,1124.0,49086.0,167936.0,0.3211478700984106,0.33212273344103904,16.0,0.0078125,6400000.0
1.0,256.0,4.0,1.0,1.0,1.0,63.0,32.0,-0.0030632107251067353,-0.0017650185808415486,16.0,512.0,6400000.0
1.0,256.0,4.0,1.0,1.0,1.0,63.0,32.0,-0.0030632107251067353,-0.0017650185808415486,32.0,8192.0,6400000.0
1.0,1.0,8.0,1.0,1.0,1.0,543.0,32.0,-0.0030632107251067353,-0.0017650185808415486,8192.0,0.5,6400000.0
1.0,256.0,4.0,1.0,1.0,1.0,63.0,32.0,-0.0030632107251067353,-0.0017650185808415486,16.0,8192.0,6400000.0
1.0,1.0,8.0,1.0,1.0,1.0,543.0,32.0,-0.0030632107251067353,-0.0017650185808415486,8192.0,0.000976562,6400000.0
53.0,256.0,4.0,2.0,806.0,671.0,28694.0,100576.0,0.2522461515267247,0.26507950339935327,64.0,0.015625,6400000.0
177.0,256.0,4.0,2.0,2317.0,2098.0,86324.0,313024.0,0.24941041236706785,0.2565273616330286,64.0,0.000976562,6400000.0
256.0,256.0,4.0,6.0,4106.0,3220.0,141435.0,482432.0,0.6319425992981494,0.6262937130608548,8.0,0.0,6400000.0
1.0,1.0,8.0,1.0,1.0,1.0,543.0,32.0,-0.0030632107251067353,-0.0017650185808415486,4096.0,256.0,6400000.0
1.0,256.0,4.0,1.0,1.0,1.0,63.0,32.0,-0.0030632107251067353,-0.0017650185808415486,4.0,4096.0,6400000.0
31.0,256.0,4.0,2.0,228.0,198.0,7852.0,27712.0,0.2571886136123701,0.26977587157356997,64.0,0.25,6400000.0
62.0,256.0,4.0,6.0,1140.0,856.0,36963.0,129024.0,0.5583387852246339,0.5542342903952606,8.0,0.125,6400000.0
20.0,256.0,4.0,2.0,81.0,65.0,2694.0,7840.0,0.25194387259795514,0.2611969990570394,64.0,4.0,6400000.0
53.0,256.0,4.0,2.0,806.0,671.0,28694.0,100576.0,0.2522461515267247,0.26507950339935327,32.0,0.015625,6400000.0
1.0,256.0,4.0,1.0,1.0,1.0,63.0,32.0,-0.0030632107251067353,-0.0017650185808415486,256.0,0.00195312,6400000.0
1.0,1.0,8.0,1.0,1.0,1.0,543.0,32.0,-0.0030632107251067353,-0.0017650185808415486,32768.0,0.00195312,6400000.0
256.0,256.0,4.0,7.0,4117.0,3243.0,142229.0,486112.0,0.642791973360651,0.6423364009023327,8.0,0.0078125,6400000.0
1.0,256.0,4.0,1.0,1.0,1.0,63.0,32.0,-0.0030632107251067353,-0.0017650185808415486,64.0,64.0,6400000.0
1.0,256.0,4.0,1.0,1.0,1.0,63.0,32.0,-0.0030632107251067353,-0.0017650185808415486,128.0,16384.0,6400000.0
1.0,1.0,1.0,1.0,1.0,1.0,35.0,32.0,-0.0030632107251067353,-0.0017650185808415486,0.5,512.0,6400000.0
22.0,256.0,4.0,3.0,153.0,118.0,4939.0,16064.0,0.31635085591853673,0.3261679097067831,8.0,2.0,6400000.0
1.0,1.0,8.0,1.0,1.0,1.0,543.0,32.0,-0.0030632107251067353,-0.0017650185808415486,32768.0,1.0,6400000.0
1.0,256.0,4.0,1.0,1.0,1.0,63.0,32.0,-0.0030632107251067353,-0.0017650185808415486,256.0,0.03125,6400000.0
177.0,256.0,4.0,2.0,2317.0,2098.0,86324.0,313024.0,0.24941041236706785,0.2565273616330286,32.0,0.000976562,6400000.0
1.0,256.0,4.0,1.0,1.0,1.0,63.0,32.0,-0.0030632107251067353,-0.0017650185808415486,64.0,1024.0,6400000.0
31.0,256.0,4.0,2.0,228.0,198.0,7852.0,27712.0,0.2571886136123701,0.26977587157356997,32.0,0.25,6400000.0
1.0,1.0,8.0,1.0,1.0,1.0,543.0,32.0,-0.0030632107251067353,-0.0017650185808415486,16384.0,512.0,6400000.0
1.0,256.0,4.0,1.0,1.0,1.0,63.0,32.0,-0.0030632107251067353,-0.0017650185808415486,256.0,0.5,6400000.0
1.0,1.0,1.0,1.0,1.0,1.0,35.0,32.0,-0.0030632107251067353,-0.0017650185808415486,0.5,256.0,6400000.0
1.0,256.0,4.0,1.0,1.0,1.0,63.0,32.0,-0.0030632107251067353,-0.0017650185808415486,64.0,16384.0,6400000.0
8.0,256.0,4.0,2.0,22.0,16.0,724.0,1536.0,0.184803559555608,0.19082719424152972,8.0,32.0,6400000.0
1.0,256.0,4.0,1.0,1.0,1.0,63.0,32.0,-0.0030632107251067353,-0.0017650185808415486,256.0,8.0,6400000.0
1.0,256.0,4.0,1.0,1.0,1.0,63.0,32.0,-0.0030632107251067353,-0.0017650185808415486,128.0,0.00195312,6400000.0
1.0,256.0,4.0,1.0,1.0,1.0,63.0,32.0,-0.0030632107251067353,-0.0017650185808415486,128.0,0.03125,6400000.0
20.0,256.0,4.0,2.0,81.0,65.0,2694.0,7840.0,0.25194387259795514,0.2611969990570394,32.0,4.0,6400000.0
1.0,256.0,4.0,1.0,1.0,1.0,63.0,32.0,-0.0030632107251067353,-0.0017650185808415486,256.0,128.0,6400000.0
3.0,256.0,4.0,2.0,9.0,6.0,335.0,576.0,0.10115259004895938,0.10346957106453547,32.0,64.0,6400000.0
1.0,1.0,8.0,1.0,1.0,1.0,543.0,32.0,-0.0030632107251067353,-0.0017650185808415486,4096.0,0.5,6400000.0
1.0,256.0,4.0,1.0,1.0,1.0,63.0,32.0,-0.0030632107251067353,-0.0017650185808415486,128.0,8.0,6400000.0
1.0,256.0,4.0,1.0,1.0,1.0,63.0,32.0,-0.0030632107251067353,-0.0017650185808415486,256.0,2048.0,6400000.0
1.0,1.0,8.0,1.0,1.0,1.0,543.0,32.0,-0.0030632107251067353,-0.0017650185808415486,16384.0,0.00195312,6400000.0
1.0,256.0,4.0,1.0,1.0,1.0,63.0,32.0,-0.0030632107251067353,-0.0017650185808415486,128.0,0.5,6400000.0
1.0,1.0,8.0,1.0,1.0,1.0,543.0,32.0,-0.0030632107251067353,-0.0017650185808415486,8192.0,512.0,6400000.0
1.0,1.0,8.0,1.0,1.0,1.0,543.0,32.0,-0.0030632107251067353,-0.0017650185808415486,16384.0,1.0,6400000.0
1.0,1.0,8.0,1.0,1.0,1.0,543.0,32.0,-0.0030632107251067353,-0.0017650185808415486,4096.0,0.000976562,6400000.0
1.0,256.0,4.0,1.0,1.0,1.0,63.0,32.0,-0.0030632107251067353,-0.0017650185808415486,256.0,32768.0,6400000.0
1.0,256.0,4.0,1.0,1.0,1.0,63.0,32.0,-0.0030632107251067353,-0.0017650185808415486,8.0,8192.0,6400000.0
31.0,256.0,4.0,3.0,397.0,322.0,13395.0,47552.0,0.3337369710410658,0.3373491041944916,16.0,0.25,6400000.0
1.0,256.0,4.0,1.0,1.0,1.0,63.0,32.0,-0.0030632107251067353,-0.0017650185808415486,512.0,0.0625,6400000.0
1.0,256.0,4.0,1.0,1.0,1.0,63.0,32.0,-0.0030632107251067353,-0.0017650185808415486,32.0,1024.0,6400000.0
1.0,256.0,4.0,1.0,1.0,1.0,63.0,32.0,-0.0030632107251067353,-0.0017650185808415486,128.0,128.0,6400000.0
1.0,256.0,4.0,1.0,1.0,1.0,63.0,32.0,-0.0030632107251067353,-0.0017650185808415486,512.0,0.00390625,6400000.0
1.0,256.0,4.0,1.0,1.0,1.0,63.0,32.0,-0.0030632107251067353,-0.0017650185808415486,8.0,512.0,6400000.0
3.0,256.0,4.0,2.0,9.0,6.0,335.0,576.0,0.10115259004895938,0.10346957106453547,16.0,64.0,6400000.0
256.0,256.0,4.0,3.0,3326.0,2904.0,121467.0,431872.0,0.3090856056605632,0.31510551337213155,16.0,0.000976562,6400000.0
1.0,256.0,4.0,1.0,1.0,1.0,63.0,32.0,-0.0030632107251067353,-0.0017650185808415486,512.0,1.0,6400000.0
19.0,256.0,4.0,3.0,110.0,83.0,3508.0,10848.0,0.3078232849852275,0.3144164768351574,16.0,4.0,6400000.0
1.0,256.0,4.0,1.0,1.0,1.0,63.0,32.0,-0.0030632107251067353,-0.0017650185808415486,16.0,1024.0,6400000.0
1.0,256.0,4.0,1.0,1.0,1.0,63.0,32.0,-0.0030632107251067353,-0.0017650185808415486,128.0,2048.0,6400000.0
1.0,1.0,8.0,1.0,1.0,1.0,543.0,32.0,-0.0030632107251067353,-0.0017650185808415486,8192.0,1.0,6400000.0
85.0,256.0,4.0,3.0,1310.0,1040.0,45658.0,155520.0,0.32333389187463535,0.3325172899870231,16.0,0.015625,6400000.0
1.0,256.0,4.0,1.0,1.0,1.0,63.0,32.0,-0.0030632107251067353,-0.0017650185808415486,32.0,16384.0,6400000.0
1.0,256.0,4.0,1.0,1.0,1.0,63.0,32.0,-0.0030632107251067353,-0.0017650185808415486,16.0,16384.0,6400000.0
1.0,1.0,8.0,1.0,1.0,1.0,543.0,32.0,-0.0030632107251067353,-0.0017650185808415486,8192.0,0.00195312,6400000.0
42.0,256.0,4.0,2.0,602.0,510.0,21349.0,76224.0,0.2500152224000506,0.2658665169608293,64.0,0.03125,6400000.0
15.0,256.0,4.0,2.0,47.0,34.0,1516.0,3520.0,0.23483331904090687,0.24244665993785774,64.0,8.0,6400000.0
1.0,1.0,8.0,1.0,1.0,1.0,543.0,32.0,-0.0030632107251067353,-0.0017650185808415486,4096.0,512.0,6400000.0
169.0,256.0,4.0,2.0,2200.0,1988.0,81810.0,296448.0,0.25027814115943825,0.25736085330231107,64.0,0.00195312,6400000.0
28.0,256.0,4.0,2.0,169.0,148.0,5884.0,20096.0,0.2583267179155011,0.26924795824128556,64.0,0.5,6400000.0
42.0,256.0,4.0,2.0,602.0,510.0,21349.0,76224.0,0.2500152224000506,0.2658665169608293,32.0,0.03125,6400000.0
1.0,256.0,4.0,1.0,1.0,1.0,63.0,32.0,-0.0030632107251067353,-0.0017650185808415486,256.0,0.00390625,6400000.0
1.0,256.0,4.0,1.0,1.0,1.0,63.0,32.0,-0.0030632107251067353,-0.0017650185808415486,512.0,16.0,6400000.0
1.0,1.0,8.0,1.0,1.0,1.0,543.0,32.0,-0.0030632107251067353,-0.0017650185808415486,32768.0,0.00390625,6400000.0
1.0,256.0,4.0,1.0,1.0,1.0,63.0,32.0,-0.0030632107251067353,-0.0017650185808415486,64.0,128.0,6400000.0
1.0,256.0,4.0,1.0,1.0,1.0,63.0,32.0,-0.0030632107251067353,-0.0017650185808415486,128.0,32768.0,6400000.0
1.0,256.0,4.0,1.0,1.0,1.0,63.0,32.0,-0.0030632107251067353,-0.0017650185808415486,512.0,256.0,6400000.0
1.0,1.0,8.0,1.0,1.0,1.0,543.0,32.0,-0.0030632107251067353,-0.0017650185808415486,32768.0,1024.0,6400000.0
1.0,256.0,4.0,1.0,1.0,1.0,63.0,32.0,-0.0030632107251067353,-0.0017650185808415486,256.0,0.0625,6400000.0
1.0,1.0,8.0,1.0,1.0,1.0,543.0,32.0,-0.0030632107251067353,-0.0017650185808415486,32768.0,2.0,6400000.0
28.0,256.0,4.0,2.0,169.0,148.0,5884.0,20096.0,0.2583267179155011,0.26924795824128556,32.0,0.5,6400000.0
1.0,256.0,4.0,1.0,1.0,1.0,63.0,32.0,-0.0030632107251067353,-0.0017650185808415486,1024.0,0.0,6400000.0
1.0,1.0,1.0,1.0,1.0,1.0,35.0,32.0,-0.0030632107251067353,-0.0017650185808415486,0.5,1024.0,6400000.0
1.0,256.0,4.0,1.0,1.0,1.0,63.0,32.0,-0.0030632107251067353,-0.0017650185808415486,64.0,2048.0,6400000.0
169.0,256.0,4.0,2.0,2200.0,1988.0,81810.0,296448.0,0.25027814115943825,0.25736085330231107,32.0,0.00195312,6400000.0
1.0,256.0,4.0,1.0,1.0,1.0,63.0,32.0,-0.0030632107251067353,-0.0017650185808415486,256.0,1.0,6400000.0
1.0,256.0,4.0,1.0,1.0,1.0,63.0,32.0,-0.0030632107251067353,-0.0017650185808415486,64.0,32768.0,6400000.0
1.0,256.0,4.0,1.0,1.0,1.0,63.0,32.0,-0.0030632107251067353,-0.0017650185808415486,512.0,4096.0,6400000.0
1.0,1.0,8.0,1.0,1.0,1.0,543.0,32.0,-0.0030632107251067353,-0.0017650185808415486,16384.0,1024.0,6400000.0
1.0,256.0,4.0,1.0,1.0,1.0,63.0,32.0,-0.0030632107251067353,-0.0017650185808415486,256.0,16.0,6400000.0
1.0,256.0,4.0,1.0,1.0,1.0,63.0,32.0,-0.0030632107251067353,-0.0017650185808415486,128.0,0.00390625,6400000.0
1.0,256.0,4.0,1.0,1.0,1.0,63.0,32.0,-0.0030632107251067353,-0.0017650185808415486,1024.0,0.0078125,6400000.0
1.0,256.0,4.0,1.0,1.0,1.0,63.0,32.0,-0.0030632107251067353,-0.0017650185808415486,1024.0,0.125,6400000.0
1.0,256.0,4.0,1.0,1.0,1.0,63.0,32.0,-0.0030632107251067353,-0.0017650185808415486,128.0,0.0625,6400000.0
15.0,256.0,4.0,2.0,47.0,34.0,1516.0,3520.0,0.23483331904090687,0.24244665993785774,32.0,8.0,6400000.0
1.0,256.0,4.0,1.0,1.0,1.0,63.0,32.0,-0.0030632107251067353,-0.0017650185808415486,128.0,16.0,6400000.0
1.0,256.0,4.0,1.0,1.0,1.0,63.0,32.0,-0.0030632107251067353,-0.0017650185808415486,256.0,256.0,6400000.0
1.0,1.0,8.0,1.0,1.0,1.0,543.0,32.0,-0.0030632107251067353,-0.0017650185808415486,4096.0,1.0,6400000.0
1.0,256.0,4.0,1.0,1.0,1.0,63.0,32.0,-0.0030632107251067353,-0.0017650185808415486,32.0,128.0,6400000.0
1.0,1.0,8.0,1.0,1.0,1.0,543.0,32.0,-0.0030632107251067353,-0.0017650185808415486,8192.0,1024.0,6400000.0
1.0,256.0,4.0,1.0,1.0,1.0,63.0,32.0,-0.0030632107251067353,-0.0017650185808415486,128.0,1.0,6400000.0
1.0,256.0,4.0,1.0,1.0,1.0,63.0,32.0,-0.0030632107251067353,-0.0017650185808415486,256.0,4096.0,6400000.0
1.0,1.0,8.0,1.0,1.0,1.0,543.0,32.0,-0.0030632107251067353,-0.0017650185808415486,16384.0,0.00390625,6400000.0
1.0,1.0,8.0,1.0,1.0,1.0,543.0,32.0,-0.0030632107251067353,-0.0017650185808415486,16384.0,2.0,6400000.0
1.0,256.0,4.0,1.0,1.0,1.0,63.0,32.0,-0.0030632107251067353,-0.0017650185808415486,512.0,0.0,6400000.0
1.0,256.0,4.0,1.0,1.0,1.0,63.0,32.0,-0.0030632107251067353,-0.0017650185808415486,512.0,0.125,6400000.0
1.0,256.0,4.0,1.0,1.0,1.0,63.0,32.0,-0.0030632107251067353,-0.0017650185808415486,32.0,2048.0,6400000.0
1.0,256.0,4.0,1.0,1.0,1.0,63.0,32.0,-0.0030632107251067353,-0.0017650185808415486,1024.0,2.0,6400000.0
1.0,256.0,4.0,1.0,1.0,1.0,63.0,32.0,-0.0030632107251067353,-0.0017650185808415486,128.0,256.0,6400000.0
1.0,256.0,4.0,1.0,1.0,1.0,63.0,32.0,-0.0030632107251067353,-0.0017650185808415486,512.0,0.0078125,6400000.0
1.0,256.0,4.0,1.0,1.0,1.0,63.0,32.0,-0.0030632107251067353,-0.0017650185808415486,1024.0,32.0,6400000.0
1.0,256.0,4.0,1.0,1.0,1.0,63.0,32.0,-0.0030632107251067353,-0.0017650185808415486,512.0,2.0,6400000.0
1.0,256.0,4.0,1.0,1.0,1.0,63.0,32.0,-0.0030632107251067353,-0.0017650185808415486,1024.0,512.0,6400000.0
1.0,256.0,4.0,1.0,1.0,1.0,63.0,32.0,-0.0030632107251067353,-0.0017650185808415486,1024.0,8192.0,6400000.0
1.0,256.0,4.0,1.0,1.0,1.0,63.0,32.0,-0.0030632107251067353,-0.0017650185808415486,2048.0,0.015625,6400000.0
1.0,256.0,4.0,1.0,1.0,1.0,63.0,32.0,-0.0030632107251067353,-0.0017650185808415486,2048.0,0.000976562,6400000.0
1.0,256.0,4.0,1.0,1.0,1.0,63.0,32.0,-0.0030632107251067353,-0.0017650185808415486,2048.0,0.25,6400000.0
1.0,256.0,4.0,1.0,1.0,1.0,63.0,32.0,-0.0030632107251067353,-0.0017650185808415486,128.0,4096.0,6400000.0
1.0,1.0,8.0,1.0,1.0,1.0,543.0,32.0,-0.0030632107251067353,-0.0017650185808415486,8192.0,2.0,6400000.0
2.0,2.0,1.0,2.0,6.0,4.0,207.0,384.0,0.07262288558772911,0.07510528703488584,0.0,0.0078125,6400000.0
1.0,256.0,4.0,1.0,1.0,1.0,63.0,32.0,-0.0030632107251067353,-0.0017650185808415486,2048.0,4.0,6400000.0
1.0,256.0,4.0,1.0,1.0,1.0,63.0,32.0,-0.0030632107251067353,-0.0017650185808415486,32.0,32768.0,6400000.0
38.0,256.0,4.0,2.0,472.0,403.0,16778.0,59616.0,0.2508536416878968,0.26606333193727505,64.0,0.0625,6400000.0
1.0,1.0,8.0,1.0,1.0,1.0,543.0,32.0,-0.0030632107251067353,-0.0017650185808415486,8192.0,0.00390625,6400000.0
11.0,256.0,4.0,2.0,30.0,22.0,944.0,2112.0,0.211815897449531,0.21820531799146736,64.0,16.0,6400000.0
1.0,1.0,8.0,1.0,1.0,1.0,543.0,32.0,-0.0030632107251067353,-0.0017650185808415486,4096.0,1024.0,6400000.0
1.0,1.0,8.0,1.0,1.0,1.0,543.0,32.0,-0.0030632107251067353,-0.0017650185808415486,32768.0,0.0078125,6400000.0
1.0,256.0,4.0,1.0,1.0,1.0,63.0,32.0,-0.0030632107251067353,-0.0017650185808415486,2048.0,64.0,6400000.0
25.0,256.0,4.0,2.0,113.0,94.0,3852.0,11840.0,0.25446652674505144,0.26625990280383205,64.0,1.0,6400000.0
1.0,256.0,4.0,1.0,1.0,1.0,63.0,32.0,-0.0030632107251067353,-0.0017650185808415486,512.0,32.0,6400000.0
182.0,256.0,4.0,2.0,2291.0,2081.0,85378.0,309664.0,0.24928089963296296,0.25637666408944526,64.0,0.00390625,6400000.0
1.0,256.0,4.0,1.0,1.0,1.0,63.0,32.0,-0.0030632107251067353,-0.0017650185808415486,256.0,0.0078125,6400000.0
1.0,1.0,8.0,1.0,1.0,1.0,543.0,32.0,-0.0030632107251067353,-0.0017650185808415486,32768.0,2048.0,6400000.0
1.0,256.0,4.0,1.0,1.0,1.0,63.0,32.0,-0.0030632107251067353,-0.0017650185808415486,512.0,512.0,6400000.0
1.0,1.0,8.0,1.0,1.0,1.0,543.0,32.0,-0.0030632107251067353,-0.0017650185808415486,32768.0,4.0,6400000.0
1.0,256.0,4.0,1.0,1.0,1.0,63.0,32.0,-0.0030632107251067353,-0.0017650185808415486,256.0,0.125,6400000.0
1.0,1.0,1.0,1.0,1.0,1.0,35.0,32.0,-0.0030632107251067353,-0.0017650185808415486,0.5,2048.0,6400000.0
1.0,256.0,4.0,1.0,1.0,1.0,63.0,32.0,-0.0030632107251067353,-0.0017650185808415486,64.0,256.0,6400000.0
1.0,256.0,4.0,1.0,1.0,1.0,63.0,32.0,-0.0030632107251067353,-0.0017650185808415486,256.0,0.0,6400000.0
1.0,256.0,4.0,1.0,1.0,1.0,63.0,32.0,-0.0030632107251067353,-0.0017650185808415486,64.0,4096.0,6400000.0
1.0,256.0,4.0,1.0,1.0,1.0,63.0,32.0,-0.0030632107251067353,-0.0017650185808415486,2048.0,1024.0,6400000.0
1.0,256.0,4.0,1.0,1.0,1.0,63.0,32.0,-0.0030632107251067353,-0.0017650185808415486,256.0,2.0,6400000.0
1.0,256.0,4.0,1.0,1.0,1.0,63.0,32.0,-0.0030632107251067353,-0.0017650185808415486,1024.0,0.000976562,6400000.0
1.0,256.0,4.0,1.0,1.0,1.0,63.0,32.0,-0.0030632107251067353,-0.0017650185808415486,128.0,0.0,6400000.0
1.0,256.0,4.0,1.0,1.0,1.0,63.0,32.0,-0.0030632107251067353,-0.0017650185808415486,2048.0,16384.0,6400000.0
1.0,1.0,8.0,1.0,1.0,1.0,543.0,32.0,-0.0030632107251067353,-0.0017650185808415486,16384.0,2048.0,6400000.0
1.0,256.0,4.0,1.0,1.0,1.0,63.0,32.0,-0.0030632107251067353,-0.0017650185808415486,4096.0,0.00195312,6400000.0
1.0,256.0,4.0,1.0,1.0,1.0,63.0,32.0,-0.0030632107251067353,-0.0017650185808415486,512.0,8192.0,6400000.0
1.0,256.0,4.0,1.0,1.0,1.0,63.0,32.0,-0.0030632107251067353,-0.0017650185808415486,128.0,0.0078125,6400000.0
1.0,256.0,4.0,1.0,1.0,1.0,63.0,32.0,-0.0030632107251067353,-0.0017650185808415486,1024.0,0.015625,6400000.0
1.0,256.0,4.0,1.0,1.0,1.0,63.0,32.0,-0.0030632107251067353,-0.0017650185808415486,128.0,0.125,6400000.0
1.0,256.0,4.0,1.0,1.0,1.0,63.0,32.0,-0.0030632107251067353,-0.0017650185808415486,1024.0,0.25,6400000.0
1.0,256.0,4.0,1.0,1.0,1.0,63.0,32.0,-0.0030632107251067353,-0.0017650185808415486,256.0,32.0,6400000.0
1.0,256.0,4.0,1.0,1.0,1.0,63.0,32.0,-0.0030632107251067353,-0.0017650185808415486,256.0,512.0,6400000.0
1.0,256.0,4.0,1.0,1.0,1.0,63.0,32.0,-0.0030632107251067353,-0.0017650185808415486,4096.0,0.03125,6400000.0
1.0,256.0,4.0,1.0,1.0,1.0,63.0,32.0,-0.0030632107251067353,-0.0017650185808415486,128.0,32.0,6400000.0
1.0,1.0,8.0,1.0,1.0,1.0,543.0,32.0,-0.0030632107251067353,-0.0017650185808415486,8192.0,2048.0,6400000.0
1.0,256.0,4.0,1.0,1.0,1.0,63.0,32.0,-0.0030632107251067353,-0.0017650185808415486,256.0,8192.0,6400000.0
1.0,256.0,4.0,1.0,1.0,1.0,63.0,32.0,-0.0030632107251067353,-0.0017650185808415486,4096.0,0.5,6400000.0
1.0,256.0,4.0,1.0,1.0,1.0,63.0,32.0,-0.0030632107251067353,-0.0017650185808415486,128.0,2.0,6400000.0
1.0,256.0,4.0,1.0,1.0,1.0,63.0,32.0,-0.0030632107251067353,-0.0017650185808415486,4096.0,8.0,6400000.0
1.0,256.0,4.0,1.0,1.0,1.0,63.0,32.0,-0.0030632107251067353,-0.0017650185808415486,512.0,0.015625,6400000.0
1.0,1.0,8.0,1.0,1.0,1.0,543.0,32.0,-0.0030632107251067353,-0.0017650185808415486,16384.0,0.0078125,6400000.0
1.0,256.0,4.0,1.0,1.0,1.0,63.0,32.0,-0.0030632107251067353,-0.0017650185808415486,1024.0,4.0,6400000.0
1.0,1.0,8.0,1.0,1.0,1.0,543.0,32.0,-0.0030632107251067353,-0.0017650185808415486,16384.0,4.0,6400000.0
1.0,256.0,4.0,1.0,1.0,1.0,63.0,32.0,-0.0030632107251067353,-0.0017650185808415486,128.0,512.0,6400000.0
1.0,256.0,4.0,1.0,1.0,1.0,63.0,32.0,-0.0030632107251067353,-0.0017650185808415486,512.0,0.25,6400000.0
1.0,256.0,4.0,1.0,1.0,1.0,63.0,32.0,-0.0030632107251067353,-0.0017650185808415486,512.0,0.000976562,6400000.0
1.0,256.0,4.0,1.0,1.0,1.0,63.0,32.0,-0.0030632107251067353,-0.0017650185808415486,512.0,4.0,6400000.0
1.0,256.0,4.0,1.0,1.0,1.0,63.0,32.0,-0.0030632107251067353,-0.0017650185808415486,2048.0,0.03125,6400000.0
1.0,256.0,4.0,1.0,1.0,1.0,63.0,32.0,-0.0030632107251067353,-0.0017650185808415486,2048.0,0.5,6400000.0
2.0,2.0,1.0,2.0,6.0,4.0,207.0,384.0,0.07262288558772911,0.07510528703488584,0.0,8.0,6400000.0
1.0,256.0,4.0,1.0,1.0,1.0,63.0,32.0,-0.0030632107251067353,-0.0017650185808415486,1024.0,16384.0,6400000.0
1.0,256.0,4.0,1.0,1.0,1.0,63.0,32.0,-0.0030632107251067353,-0.0017650185808415486,2048.0,0.00195312,6400000.0
1.0,256.0,4.0,1.0,1.0,1.0,63.0,32.0,-0.0030632107251067353,-0.0017650185808415486,1024.0,64.0,6400000.0
1.0,1.0,8.0,1.0,1.0,1.0,543.0,32.0,-0.0030632107251067353,-0.0017650185808415486,8192.0,4.0,6400000.0
1.0,256.0,4.0,1.0,1.0,1.0,63.0,32.0,-0.0030632107251067353,-0.0017650185808415486,1024.0,1024.0,6400000.0
1.0,256.0,4.0,1.0,1.0,1.0,63.0,32.0,-0.0030632107251067353,-0.0017650185808415486,128.0,8192.0,6400000.0
2.0,2.0,1.0,2.0,6.0,4.0,207.0,384.0,0.07262288558772911,0.07510528703488584,0.0,0.015625,6400000.0
1.0,256.0,4.0,1.0,1.0,1.0,63.0,32.0,-0.0030632107251067353,-0.0017650185808415486,2048.0,8.0,6400000.0
1.0,256.0,4.0,1.0,1.0,1.0,63.0,32.0,-0.0030632107251067353,-0.0017650185808415486,4096.0,128.0,6400000.0
1.0,1.0,8.0,1.0,1.0,1.0,543.0,32.0,-0.0030632107251067353,-0.0017650185808415486,8192.0,0.0078125,6400000.0
1.0,1.0,8.0,1.0,1.0,1.0,543.0,32.0,-0.0030632107251067353,-0.0017650185808415486,32768.0,0.015625,6400000.0
1.0,256.0,4.0,1.0,1.0,1.0,63.0,32.0,-0.0030632107251067353,-0.0017650185808415486,4096.0,32768.0,6400000.0
1.0,256.0,4.0,1.0,1.0,1.0,63.0,32.0,-0.0030632107251067353,-0.0017650185808415486,4096.0,2048.0,6400000.0
1.0,256.0,4.0,1.0,1.0,1.0,63.0,32.0,-0.0030632107251067353,-0.0017650185808415486,2048.0,128.0,6400000.0
1.0,256.0,4.0,1.0,1.0,1.0,63.0,32.0,-0.0030632107251067353,-0.0017650185808415486,8192.0,0.00390625,6400000.0
1.0,1.0,8.0,1.0,1.0,1.0,543.0,32.0,-0.0030632107251067353,-0.0017650185808415486,32768.0,4096.0,6400000.0
1.0,256.0,4.0,1.0,1.0,1.0,63.0,32.0,-0.0030632107251067353,-0.0017650185808415486,512.0,64.0,6400000.0
1.0,256.0,4.0,1.0,1.0,1.0,63.0,32.0,-0.0030632107251067353,-0.0017650185808415486,256.0,0.015625,6400000.0
1.0,256.0,4.0,1.0,1.0,1.0,63.0,32.0,-0.0030632107251067353,-0.0017650185808415486,512.0,1024.0,6400000.0
1.0,1.0,8.0,1.0,1.0,1.0,543.0,32.0,-0.0030632107251067353,-0.0017650185808415486,32768.0,8.0,6400000.0
1.0,256.0,4.0,1.0,1.0,1.0,63.0,32.0,-0.0030632107251067353,-0.0017650185808415486,256.0,0.25,6400000.0
1.0,256.0,4.0,1.0,1.0,1.0,63.0,32.0,-0.0030632107251067353,-0.0017650185808415486,8192.0,1.0,6400000.0
1.0,1.0,1.0,1.0,1.0,1.0,35.0,32.0,-0.0030632107251067353,-0.0017650185808415486,0.5,4096.0,6400000.0
1.0,256.0,4.0,1.0,1.0,1.0,63.0,32.0,-0.0030632107251067353,-0.0017650185808415486,256.0,0.000976562,6400000.0
1.0,256.0,4.0,1.0,1.0,1.0,63.0,32.0,-0.0030632107251067353,-0.0017650185808415486,8192.0,0.0625,6400000.0
1.0,256.0,4.0,1.0,1.0,1.0,63.0,32.0,-0.0030632107251067353,-0.0017650185808415486,256.0,4.0,6400000.0
1.0,256.0,4.0,1.0,1.0,1.0,63.0,32.0,-0.0030632107251067353,-0.0017650185808415486,2048.0,2048.0,6400000.0
1.0,256.0,4.0,1.0,1.0,1.0,63.0,32.0,-0.0030632107251067353,-0.0017650185808415486,4096.0,0.00390625,6400000.0
1.0,256.0,4.0,1.0,1.0,1.0,63.0,32.0,-0.0030632107251067353,-0.0017650185808415486,8192.0,16.0,6400000.0
1.0,1.0,8.0,1.0,1.0,1.0,543.0,32.0,-0.0030632107251067353,-0.0017650185808415486,16384.0,4096.0,6400000.0
1.0,256.0,4.0,1.0,1.0,1.0,63.0,32.0,-0.0030632107251067353,-0.0017650185808415486,2048.0,32768.0,6400000.0
1.0,256.0,4.0,1.0,1.0,1.0,63.0,32.0,-0.0030632107251067353,-0.0017650185808415486,1024.0,0.00195312,6400000.0
1.0,256.0,4.0,1.0,1.0,1.0,63.0,32.0,-0.0030632107251067353,-0.0017650185808415486,1024.0,0.03125,6400000.0
1.0,256.0,4.0,1.0,1.0,1.0,63.0,32.0,-0.0030632107251067353,-0.0017650185808415486,512.0,16384.0,6400000.0
1.0,256.0,4.0,1.0,1.0,1.0,63.0,32.0,-0.0030632107251067353,-0.0017650185808415486,8192.0,4096.0,6400000.0
1.0,256.0,4.0,1.0,1.0,1.0,63.0,32.0,-0.0030632107251067353,-0.0017650185808415486,8192.0,256.0,6400000.0
1.0,256.0,4.0,1.0,1.0,1.0,63.0,32.0,-0.0030632107251067353,-0.0017650185808415486,1024.0,0.5,6400000.0
1.0,256.0,4.0,1.0,1.0,1.0,63.0,32.0,-0.0030632107251067353,-0.0017650185808415486,256.0,64.0,6400000.0
1.0,2.0,1.0,1.0,1.0,1.0,35.0,32.0,-0.0030632107251067353,-0.0017650185808415486,0.0,8192.0,6400000.0
1.0,256.0,4.0,1.0,1.0,1.0,63.0,32.0,-0.0030632107251067353,-0.0017650185808415486,16384.0,0.0,6400000.0
1.0,256.0,4.0,1.0,1.0,1.0,63.0,32.0,-0.0030632107251067353,-0.0017650185808415486,4096.0,0.0625,6400000.0
1.0,256.0,4.0,1.0,1.0,1.0,63.0,32.0,-0.0030632107251067353,-0.0017650185808415486,256.0,1024.0,6400000.0
1.0,256.0,4.0,1.0,1.0,1.0,63.0,32.0,-0.0030632107251067353,-0.0017650185808415486,256.0,16384.0,6400000.0
1.0,256.0,4.0,1.0,1.0,1.0,63.0,32.0,-0.0030632107251067353,-0.0017650185808415486,512.0,0.03125,6400000.0
1.0,1.0,8.0,1.0,1.0,1.0,543.0,32.0,-0.0030632107251067353,-0.0017650185808415486,8192.0,4096.0,6400000.0
1.0,256.0,4.0,1.0,1.0,1.0,63.0,32.0,-0.0030632107251067353,-0.0017650185808415486,16384.0,0.0078125,6400000.0
1.0,256.0,4.0,1.0,1.0,1.0,63.0,32.0,-0.0030632107251067353,-0.0017650185808415486,4096.0,16.0,6400000.0
1.0,256.0,4.0,1.0,1.0,1.0,63.0,32.0,-0.0030632107251067353,-0.0017650185808415486,4096.0,1.0,6400000.0
1.0,256.0,4.0,1.0,1.0,1.0,63.0,32.0,-0.0030632107251067353,-0.0017650185808415486,1024.0,8.0,6400000.0
1.0,1.0,8.0,1.0,1.0,1.0,543.0,32.0,-0.0030632107251067353,-0.0017650185808415486,16384.0,0.015625,6400000.0
1.0,256.0,4.0,1.0,1.0,1.0,63.0,32.0,-0.0030632107251067353,-0.0017650185808415486,512.0,0.00195312,6400000.0
1.0,256.0,4.0,1.0,1.0,1.0,63.0,32.0,-0.0030632107251067353,-0.0017650185808415486,512.0,8.0,6400000.0
1.0,256.0,4.0,1.0,1.0,1.0,63.0,32.0,-0.0030632107251067353,-0.0017650185808415486,16384.0,0.125,6400000.0
1.0,256.0,4.0,1.0,1.0,1.0,63.0,32.0,-0.0030632107251067353,-0.0017650185808415486,512.0,0.5,6400000.0
1.0,256.0,4.0,1.0,1.0,1.0,63.0,32.0,-0.0030632107251067353,-0.0017650185808415486,2048.0,1.0,6400000.0
1.0,1.0,8.0,1.0,1.0,1.0,543.0,32.0,-0.0030632107251067353,-0.0017650185808415486,16384.0,8.0,6400000.0
1.0,256.0,4.0,1.0,1.0,1.0,63.0,32.0,-0.0030632107251067353,-0.0017650185808415486,2048.0,0.00390625,6400000.0
2.0,2.0,1.0,2.0,6.0,4.0,207.0,384.0,0.07262288558772911,0.07510528703488584,0.0,16.0,6400000.0
1.0,256.0,4.0,1.0,1.0,1.0,63.0,32.0,-0.0030632107251067353,-0.0017650185808415486,1024.0,128.0,6400000.0
1.0,256.0,4.0,1.0,1.0,1.0,63.0,32.0,-0.0030632107251067353,-0.0017650185808415486,2048.0,0.0625,6400000.0
1.0,256.0,4.0,1.0,1.0,1.0,63.0,32.0,-0.0030632107251067353,-0.0017650185808415486,1024.0,2048.0,6400000.0
1.0,1.0,8.0,1.0,1.0,1.0,543.0,32.0,-0.0030632107251067353,-0.0017650185808415486,8192.0,8.0,6400000.0
1.0,256.0,4.0,1.0,1.0,1.0,63.0,32.0,-0.0030632107251067353,-0.0017650185808415486,16384.0,2.0,6400000.0
1.0,256.0,4.0,1.0,1.0,1.0,63.0,32.0,-0.0030632107251067353,-0.0017650185808415486,2048.0,16.0,6400000.0
1.0,256.0,4.0,1.0,1.0,1.0,63.0,32.0,-0.0030632107251067353,-0.0017650185808415486,1024.0,32768.0,6400000.0
2.0,2.0,1.0,2.0,6.0,4.0,207.0,384.0,0.07262288558772911,0.07510528703488584,0.0,0.03125,6400000.0
1.0,256.0,4.0,1.0,1.0,1.0,63.0,32.0,-0.0030632107251067353,-0.0017650185808415486,16384.0,32.0,6400000.0
1.0,256.0,4.0,1.0,1.0,1.0,63.0,32.0,-0.0030632107251067353,-0.0017650185808415486,4096.0,256.0,6400000.0
1.0,1.0,8.0,1.0,1.0,1.0,543.0,32.0,-0.0030632107251067353,-0.0017650185808415486,32768.0,0.03125,6400000.0
1.0,256.0,4.0,1.0,1.0,1.0,63.0,32.0,-0.0030632107251067353,-0.0017650185808415486,16384.0,512.0,6400000.0
1.0,256.0,4.0,1.0,1.0,1.0,63.0,32.0,-0.0030632107251067353,-0.0017650185808415486,8192.0,0.0,6400000.0
1.0,256.0,4.0,1.0,1.0,1.0,63.0,32.0,-0.0030632107251067353,-0.0017650185808415486,4096.0,4096.0,6400000.0
1.0,256.0,4.0,1.0,1.0,1.0,63.0,32.0,-0.0030632107251067353,-0.0017650185808415486,512.0,128.0,6400000.0
1.0,1.0,8.0,1.0,1.0,1.0,543.0,32.0,-0.0030632107251067353,-0.0017650185808415486,32768.0,8192.0,6400000.0
1.0,256.0,4.0,1.0,1.0,1.0,63.0,32.0,-0.0030632107251067353,-0.0017650185808415486,2048.0,256.0,6400000.0
1.0,1.0,8.0,1.0,1.0,1.0,543.0,32.0,-0.0030632107251067353,-0.0017650185808415486,32768.0,16.0,6400000.0
1.0,256.0,4.0,1.0,1.0,1.0,63.0,32.0,-0.0030632107251067353,-0.0017650185808415486,512.0,2048.0,6400000.0
1.0,256.0,4.0,1.0,1.0,1.0,63.0,32.0,-0.0030632107251067353,-0.0017650185808415486,8192.0,0.0078125,6400000.0
1.0,256.0,4.0,1.0,1.0,1.0,63.0,32.0,-0.0030632107251067353,-0.0017650185808415486,8192.0,2.0,6400000.0
1.0,1.0,1.0,1.0,1.0,1.0,35.0,32.0,-0.0030632107251067353,-0.0017650185808415486,0.5,8192.0,6400000.0
1.0,256.0,4.0,1.0,1.0,1.0,63.0,32.0,-0.0030632107251067353,-0.0017650185808415486,32768.0,0.015625,6400000.0
1.0,256.0,4.0,1.0,1.0,1.0,63.0,32.0,-0.0030632107251067353,-0.0017650185808415486,2048.0,4096.0,6400000.0
1.0,256.0,4.0,1.0,1.0,1.0,63.0,32.0,-0.0030632107251067353,-0.0017650185808415486,16384.0,8192.0,6400000.0
1.0,256.0,4.0,1.0,1.0,1.0,63.0,32.0,-0.0030632107251067353,-0.0017650185808415486,8192.0,0.125,6400000.0
1.0,256.0,4.0,1.0,1.0,1.0,63.0,32.0,-0.0030632107251067353,-0.0017650185808415486,4096.0,0.0,6400000.0
1.0,256.0,4.0,1.0,1.0,1.0,63.0,32.0,-0.0030632107251067353,-0.0017650185808415486,1024.0,0.0625,6400000.0
1.0,256.0,4.0,1.0,1.0,1.0,63.0,32.0,-0.0030632107251067353,-0.0017650185808415486,32768.0,0.000976562,6400000.0
1.0,256.0,4.0,1.0,1.0,1.0,63.0,32.0,-0.0030632107251067353,-0.0017650185808415486,8192.0,8192.0,6400000.0
1.0,256.0,4.0,1.0,1.0,1.0,63.0,32.0,-0.0030632107251067353,-0.0017650185808415486,1024.0,0.00390625,6400000.0
1.0,256.0,4.0,1.0,1.0,1.0,63.0,32.0,-0.0030632107251067353,-0.0017650185808415486,8192.0,32.0,6400000.0
1.0,256.0,4.0,1.0,1.0,1.0,63.0,32.0,-0.0030632107251067353,-0.0017650185808415486,4096.0,0.0078125,6400000.0
1.0,256.0,4.0,1.0,1.0,1.0,63.0,32.0,-0.0030632107251067353,-0.0017650185808415486,32768.0,0.25,6400000.0
1.0,1.0,8.0,1.0,1.0,1.0,543.0,32.0,-0.0030632107251067353,-0.0017650185808415486,16384.0,8192.0,6400000.0
1.0,256.0,4.0,1.0,1.0,1.0,63.0,32.0,-0.0030632107251067353,-0.0017650185808415486,512.0,32768.0,6400000.0
1.0,256.0,4.0,1.0,1.0,1.0,63.0,32.0,-0.0030632107251067353,-0.0017650185808415486,1024.0,1.0,6400000.0
1.0,256.0,4.0,1.0,1.0,1.0,63.0,32.0,-0.0030632107251067353,-0.0017650185808415486,8192.0,512.0,6400000.0
1.0,2.0,1.0,1.0,1.0,1.0,35.0,32.0,-0.0030632107251067353,-0.0017650185808415486,0.0,16384.0,6400000.0
1.0,256.0,4.0,1.0,1.0,1.0,63.0,32.0,-0.0030632107251067353,-0.0017650185808415486,4096.0,0.125,6400000.0
1.0,256.0,4.0,1.0,1.0,1.0,63.0,32.0,-0.0030632107251067353,-0.0017650185808415486,16384.0,0.000976562,6400000.0
1.0,256.0,4.0,1.0,1.0,1.0,63.0,32.0,-0.0030632107251067353,-0.0017650185808415486,32768.0,4.0,6400000.0
1.0,1.0,8.0,1.0,1.0,1.0,543.0,32.0,-0.0030632107251067353,-0.0017650185808415486,8192.0,8192.0,6400000.0
1.0,256.0,4.0,1.0,1.0,1.0,63.0,32.0,-0.0030632107251067353,-0.0017650185808415486,32768.0,64.0,6400000.0
2.0,2.0,1.0,2.0,6.0,4.0,207.0,384.0,0.07262288558772911,0.07510528703488584,0.000976562,0.0625,6400000.0
1.0,256.0,4.0,1.0,1.0,1.0,63.0,32.0,-0.0030632107251067353,-0.0017650185808415486,32768.0,1024.0,6400000.0
1.0,256.0,4.0,1.0,1.0,1.0,63.0,32.0,-0.0030632107251067353,-0.0017650185808415486,4096.0,2.0,6400000.0
1.0,256.0,4.0,1.0,1.0,1.0,63.0,32.0,-0.0030632107251067353,-0.0017650185808415486,1024.0,16.0,6400000.0
1.0,256.0,4.0,1.0,1.0,1.0,63.0,32.0,-0.0030632107251067353,-0.0017650185808415486,4096.0,32.0,6400000.0
1.0,256.0,4.0,1.0,1.0,1.0,63.0,32.0,-0.0030632107251067353,-0.0017650185808415486,16384.0,0.015625,6400000.0
1.0,1.0,8.0,1.0,1.0,1.0,543.0,32.0,-0.0030632107251067353,-0.0017650185808415486,16384.0,0.03125,6400000.0
1.0,256.0,4.0,1.0,1.0,1.0,63.0,32.0,-0.0030632107251067353,-0.0017650185808415486,16384.0,0.25,6400000.0
1.0,1.0,8.0,1.0,1.0,1.0,543.0,32.0,-0.0030632107251067353,-0.0017650185808415486,16384.0,16.0,6400000.0
2.0,2.0,1.0,2.0,6.0,4.0,207.0,384.0,0.07262288558772911,0.07510528703488584,0.0,0.0625,6400000.0
2.0,2.0,1.0,2.0,6.0,4.0,207.0,384.0,0.07262288558772911,0.07510528703488584,0.0,32.0,6400000.0
1.0,256.0,4.0,1.0,1.0,1.0,63.0,32.0,-0.0030632107251067353,-0.0017650185808415486,2048.0,0.0078125,6400000.0
100.0,256.0,8.0,9.0,4007.0,3014.0,138599.0,469440.0,0.7529797050839018,0.7583606436081898,0.0,0.03125,6400000.0
1.0,256.0,4.0,1.0,1.0,1.0,63.0,32.0,-0.0030632107251067353,-0.0017650185808415486,1024.0,256.0,6400000.0
1.0,256.0,4.0,1.0,1.0,1.0,63.0,32.0,-0.0030632107251067353,-0.0017650185808415486,2048.0,2.0,6400000.0
1.0,256.0,4.0,1.0,1.0,1.0,63.0,32.0,-0.0030632107251067353,-0.0017650185808415486,1024.0,4096.0,6400000.0
1.0,256.0,4.0,1.0,1.0,1.0,63.0,32.0,-0.0030632107251067353,-0.0017650185808415486,32768.0,16384.0,6400000.0
1.0,256.0,4.0,1.0,1.0,1.0,63.0,32.0,-0.0030632107251067353,-0.0017650185808415486,2048.0,32.0,6400000.0
1.0,256.0,4.0,1.0,1.0,1.0,63.0,32.0,-0.0030632107251067353,-0.0017650185808415486,2048.0,0.0,6400000.0
1.0,256.0,4.0,1.0,1.0,1.0,63.0,32.0,-0.0030632107251067353,-0.0017650185808415486,16384.0,4.0,6400000.0
1.0,256.0,4.0,1.0,1.0,1.0,63.0,32.0,-0.0030632107251067353,-0.0017650185808415486,2048.0,0.125,6400000.0
1.0,256.0,4.0,1.0,1.0,1.0,63.0,32.0,-0.0030632107251067353,-0.0017650185808415486,4096.0,512.0,6400000.0
256.0,256.0,8.0,9.0,9456.0,7697.0,338588.0,1198752.0,0.8103677385156671,0.8165033939016892,0.0,0.00195312,6400000.0
41.0,256.0,8.0,9.0,1564.0,1204.0,54829.0,187392.0,0.675685504144018,0.6677501451569227,0.0,0.5,6400000.0
1.0,256.0,4.0,1.0,1.0,1.0,63.0,32.0,-0.0030632107251067353,-0.0017650185808415486,16384.0,64.0,6400000.0
1.0,256.0,4.0,1.0,1.0,1.0,63.0,32.0,-0.0030632107251067353,-0.0017650185808415486,16384.0,1024.0,6400000.0
1.0,256.0,4.0,1.0,1.0,1.0,63.0,32.0,-0.0030632107251067353,-0.0017650185808415486,8192.0,0.000976562,6400000.0
1.0,256.0,4.0,1.0,1.0,1.0,63.0,32.0,-0.0030632107251067353,-0.0017650185808415486,4096.0,8192.0,6400000.0
1.0,1.0,8.0,1.0,1.0,1.0,543.0,32.0,-0.0030632107251067353,-0.0017650185808415486,32768.0,0.0625,6400000.0
1.0,256.0,4.0,1.0,1.0,1.0,63.0,32.0,-0.0030632107251067353,-0.0017650185808415486,2048.0,512.0,6400000.0
1.0,1.0,8.0,1.0,1.0,1.0,543.0,32.0,-0.0030632107251067353,-0.0017650185808415486,32768.0,16384.0,6400000.0
1.0,1.0,8.0,1.0,1.0,1.0,543.0,32.0,-0.0030632107251067353,-0.0017650185808415486,32768.0,32.0,6400000.0
1.0,1.0,1.0,1.0,1.0,1.0,35.0,32.0,-0.0030632107251067353,-0.0017650185808415486,0.5,16384.0,6400000.0
1.0,256.0,4.0,1.0,1.0,1.0,63.0,32.0,-0.0030632107251067353,-0.0017650185808415486,8192.0,0.015625,6400000.0
1.0,256.0,4.0,1.0,1.0,1.0,63.0,32.0,-0.0030632107251067353,-0.0017650185808415486,8192.0,4.0,6400000.0
1.0,256.0,4.0,1.0,1.0,1.0,63.0,32.0,-0.0030632107251067353,-0.0017650185808415486,32768.0,0.03125,6400000.0
1.0,256.0,4.0,1.0,1.0,1.0,63.0,32.0,-0.0030632107251067353,-0.0017650185808415486,8192.0,0.25,6400000.0
1.0,256.0,4.0,1.0,1.0,1.0,63.0,32.0,-0.0030632107251067353,-0.0017650185808415486,32768.0,0.00195312,6400000.0
1.0,256.0,4.0,1.0,1.0,1.0,63.0,32.0,-0.0030632107251067353,-0.0017650185808415486,8192.0,64.0,6400000.0
1.0,256.0,4.0,1.0,1.0,1.0,63.0,32.0,-0.0030632107251067353,-0.0017650185808415486,2048.0,8192.0,6400000.0
16.0,256.0,8.0,3.0,67.0,47.0,3700.0,5472.0,0.28428173420704106,0.29213228260301216,0.0,8.0,6400000.0
1.0,256.0,8.0,1.0,1.0,1.0,543.0,32.0,-0.0030632107251067353,-0.0017650185808415486,0.0,128.0,6400000.0
1.0,1.0,8.0,1.0,1.0,1.0,543.0,32.0,-0.0030632107251067353,-0.0017650185808415486,16384.0,16384.0,6400000.0
1.0,256.0,4.0,1.0,1.0,1.0,63.0,32.0,-0.0030632107251067353,-0.0017650185808415486,8192.0,16384.0,6400000.0
1.0,256.0,4.0,1.0,1.0,1.0,63.0,32.0,-0.0030632107251067353,-0.0017650185808415486,16384.0,16384.0,6400000.0
1.0,256.0,4.0,1.0,1.0,1.0,63.0,32.0,-0.0030632107251067353,-0.0017650185808415486,4096.0,0.000976562,6400000.0
1.0,256.0,4.0,1.0,1.0,1.0,63.0,32.0,-0.0030632107251067353,-0.0017650185808415486,4096.0,0.015625,6400000.0
1.0,256.0,4.0,1.0,1.0,1.0,63.0,32.0,-0.0030632107251067353,-0.0017650185808415486,8192.0,1024.0,6400000.0
1.0,256.0,8.0,1.0,1.0,1.0,543.0,32.0,-0.0030632107251067353,-0.0017650185808415486,0.0,32768.0,6400000.0
1.0,256.0,4.0,1.0,1.0,1.0,63.0,32.0,-0.0030632107251067353,-0.0017650185808415486,32768.0,0.5,6400000.0
1.0,256.0,8.0,1.0,1.0,1.0,543.0,32.0,-0.0030632107251067353,-0.0017650185808415486,0.0,2048.0,6400000.0
1.0,2.0,1.0,1.0,1.0,1.0,35.0,32.0,-0.0030632107251067353,-0.0017650185808415486,0.0,32768.0,6400000.0
1.0,256.0,4.0,1.0,1.0,1.0,63.0,32.0,-0.0030632107251067353,-0.0017650185808415486,4096.0,0.25,6400000.0
256.0,256.0,8.0,9.0,9442.0,7746.0,339679.0,1206592.0,0.8134110967780966,0.817375270421076,0.000976562,0.00390625,6400000.0
2.0,2.0,1.0,2.0,6.0,4.0,207.0,384.0,0.07262288558772911,0.07510528703488584,0.000976562,64.0,6400000.0
1.0,256.0,4.0,1.0,1.0,1.0,63.0,32.0,-0.0030632107251067353,-0.0017650185808415486,16384.0,0.00195312,6400000.0
1.0,256.0,4.0,1.0,1.0,1.0,63.0,32.0,-0.0030632107251067353,-0.0017650185808415486,32768.0,8.0,6400000.0
1.0,256.0,4.0,1.0,1.0,1.0,63.0,32.0,-0.0030632107251067353,-0.0017650185808415486,4096.0,64.0,6400000.0
2.0,2.0,1.0,2.0,6.0,4.0,207.0,384.0,0.07262288558772911,0.07510528703488584,0.000976562,0.125,6400000.0
1.0,256.0,4.0,1.0,1.0,1.0,63.0,32.0,-0.0030632107251067353,-0.0017650185808415486,32768.0,128.0,6400000.0
1.0,256.0,4.0,1.0,1.0,1.0,63.0,32.0,-0.0030632107251067353,-0.0017650185808415486,4096.0,4.0,6400000.0
1.0,256.0,4.0,1.0,1.0,1.0,63.0,32.0,-0.0030632107251067353,-0.0017650185808415486,32768.0,2048.0,6400000.0
65.0,256.0,8.0,9.0,2747.0,1989.0,92896.0,309920.0,0.737781128329591,0.7386522182513137,0.000976562,0.0625,6400000.0
1.0,1.0,8.0,1.0,1.0,1.0,543.0,32.0,-0.0030632107251067353,-0.0017650185808415486,16384.0,0.0625,6400000.0
1.0,256.0,4.0,1.0,1.0,1.0,63.0,32.0,-0.0030632107251067353,-0.0017650185808415486,16384.0,0.5,6400000.0
35.0,256.0,8.0,9.0,1170.0,940.0,41902.0,145920.0,0.6093046697253826,0.6125519678384939,0.000976562,1.0,6400000.0
1.0,256.0,4.0,1.0,1.0,1.0,63.0,32.0,-0.0030632107251067353,-0.0017650185808415486,16384.0,0.03125,6400000.0
2.0,2.0,1.0,2.0,6.0,4.0,207.0,384.0,0.07262288558772911,0.07510528703488584,0.0,0.125,6400000.0
1.0,1.0,8.0,1.0,1.0,1.0,543.0,32.0,-0.0030632107251067353,-0.0017650185808415486,16384.0,32.0,6400000.0
1.0,256.0,4.0,1.0,1.0,1.0,63.0,32.0,-0.0030632107251067353,-0.0017650185808415486,32768.0,32768.0,6400000.0
1.0,256.0,4.0,1.0,1.0,1.0,63.0,32.0,-0.0030632107251067353,-0.0017650185808415486,16384.0,8.0,6400000.0
2.0,2.0,1.0,2.0,6.0,4.0,207.0,384.0,0.07262288558772911,0.07510528703488584,0.0,64.0,6400000.0
65.0,256.0,8.0,9.0,2747.0,1989.0,92896.0,309920.0,0.737781128329591,0.7386522182513137,0.0,0.0625,6400000.0
35.0,256.0,8.0,9.0,1170.0,940.0,41902.0,145920.0,0.6093046697253826,0.6125519678384939,0.0,1.0,6400000.0
256.0,256.0,8.0,9.0,9442.0,7746.0,339679.0,1206592.0,0.8134110967780966,0.817375270421076,0.0,0.00390625,6400000.0
11.0,256.0,8.0,3.0,35.0,26.0,2559.0,2752.0,0.23801654357424562,0.2440154241847443,0.000976562,16.0,6400000.0
1.0,256.0,8.0,1.0,1.0,1.0,543.0,32.0,-0.0030632107251067353,-0.0017650185808415486,0.000976562,4096.0,6400000.0
1.0,256.0,8.0,1.0,1.0,1.0,543.0,32.0,-0.0030632107251067353,-0.0017650185808415486,0.000976562,256.0,6400000.0
1.0,256.0,4.0,1.0,1.0,1.0,63.0,32.0,-0.0030632107251067353,-0.0017650185808415486,4096.0,1024.0,6400000.0
1.0,256.0,4.0,1.0,1.0,1.0,63.0,32.0,-0.0030632107251067353,-0.0017650185808415486,16384.0,128.0,6400000.0
51.0,256.0,8.0,9.0,2146.0,1523.0,71364.0,237152.0,0.7042908721591019,0.7061535339286464,0.00195312,0.125,6400000.0
197.0,256.0,8.0,9.0,7498.0,6009.0,266682.0,936224.0,0.8084815392321167,0.8088025088929355,0.00195312,0.0078125,6400000.0
27.0,256.0,8.0,9.0,476.0,366.0,18145.0,55104.0,0.4777812127552883,0.48718538312254733,0.00195312,2.0,6400000.0
256.0,256.0,8.0,9.0,9539.0,7713.0,340690.0,1201312.0,0.8095314407072094,0.8183304190720839,0.00195312,0.0,6400000.0
1.0,256.0,4.0,1.0,1.0,1.0,63.0,32.0,-0.0030632107251067353,-0.0017650185808415486,16384.0,2048.0,6400000.0
1.0,256.0,4.0,1.0,1.0,1.0,63.0,32.0,-0.0030632107251067353,-0.0017650185808415486,4096.0,16384.0,6400000.0
1.0,256.0,4.0,1.0,1.0,1.0,63.0,32.0,-0.0030632107251067353,-0.0017650185808415486,8192.0,0.00195312,6400000.0
1.0,1.0,8.0,1.0,1.0,1.0,543.0,32.0,-0.0030632107251067353,-0.0017650185808415486,32768.0,0.125,6400000.0
1.0,1.0,1.0,1.0,1.0,1.0,35.0,32.0,-0.0030632107251067353,-0.0017650185808415486,0.5,32768.0,6400000.0
1.0,256.0,4.0,1.0,1.0,1.0,63.0,32.0,-0.0030632107251067353,-0.0017650185808415486,8192.0,8.0,6400000.0
1.0,1.0,8.0,1.0,1.0,1.0,543.0,32.0,-0.0030632107251067353,-0.0017650185808415486,32768.0,32768.0,6400000.0
1.0,1.0,8.0,1.0,1.0,1.0,543.0,32.0,-0.0030632107251067353,-0.0017650185808415486,32768.0,64.0,6400000.0
1.0,256.0,4.0,1.0,1.0,1.0,63.0,32.0,-0.0030632107251067353,-0.0017650185808415486,8192.0,0.03125,6400000.0
1.0,256.0,4.0,1.0,1.0,1.0,63.0,32.0,-0.0030632107251067353,-0.0017650185808415486,32768.0,0.0625,6400000.0
2.0,2.0,1.0,2.0,6.0,4.0,207.0,384.0,0.07262288558772911,0.07510528703488584,0.00195312,0.0,6400000.0
1.0,256.0,4.0,1.0,1.0,1.0,63.0,32.0,-0.0030632107251067353,-0.0017650185808415486,8192.0,0.5,6400000.0
1.0,256.0,4.0,1.0,1.0,1.0,63.0,32.0,-0.0030632107251067353,-0.0017650185808415486,8192.0,128.0,6400000.0
11.0,256.0,8.0,3.0,35.0,26.0,2559.0,2752.0,0.23801654357424562,0.2440154241847443,0.0,16.0,6400000.0
1.0,256.0,8.0,1.0,1.0,1.0,543.0,32.0,-0.0030632107251067353,-0.0017650185808415486,0.0,256.0,6400000.0
1.0,256.0,4.0,1.0,1.0,1.0,63.0,32.0,-0.0030632107251067353,-0.0017650185808415486,32768.0,0.00390625,6400000.0
8.0,256.0,8.0,2.0,22.0,16.0,1924.0,1536.0,0.184803559555608,0.19082719424152972,0.00195312,32.0,6400000.0
1.0,1.0,8.0,1.0,1.0,1.0,543.0,32.0,-0.0030632107251067353,-0.0017650185808415486,16384.0,32768.0,6400000.0
1.0,256.0,4.0,1.0,1.0,1.0,63.0,32.0,-0.0030632107251067353,-0.0017650185808415486,8192.0,2048.0,6400000.0
1.0,256.0,4.0,1.0,1.0,1.0,63.0,32.0,-0.0030632107251067353,-0.0017650185808415486,8192.0,32768.0,6400000.0
1.0,256.0,4.0,1.0,1.0,1.0,63.0,32.0,-0.0030632107251067353,-0.0017650185808415486,16384.0,32768.0,6400000.0
1.0,256.0,8.0,1.0,1.0,1.0,543.0,32.0,-0.0030632107251067353,-0.0017650185808415486,0.0,4096.0,6400000.0
1.0,256.0,8.0,1.0,1.0,1.0,543.0,32.0,-0.0030632107251067353,-0.0017650185808415486,0.00195312,8192.0,6400000.0
1.0,256.0,8.0,1.0,1.0,1.0,543.0,32.0,-0.0030632107251067353,-0.0017650185808415486,0.00195312,512.0,6400000.0
1.0,256.0,4.0,1.0,1.0,1.0,63.0,32.0,-0.0030632107251067353,-0.0017650185808415486,32768.0,1.0,6400000.0
1.0,256.0,4.0,1.0,1.0,1.0,63.0,32.0,-0.0030632107251067353,-0.0017650185808415486,32768.0,16.0,6400000.0
1.0,2.0,1.0,1.0,1.0,1.0,35.0,32.0,-0.0030632107251067353,-0.0017650185808415486,0.000976562,128.0,6400000.0
1.0,256.0,4.0,1.0,1.0,1.0,63.0,32.0,-0.0030632107251067353,-0.0017650185808415486,16384.0,0.00390625,6400000.0
197.0,256.0,8.0,9.0,7498.0,6009.0,266682.0,936224.0,0.8084815392321167,0.8088025088929355,0.000976562,0.0078125,6400000.0
256.0,256.0,8.0,9.0,9539.0,7713.0,340690.0,1201312.0,0.8095314407072094,0.8183304190720839,0.000976562,0.0,6400000.0
2.0,2.0,1.0,2.0,6.0,4.0,207.0,384.0,0.07262288558772911,0.07510528703488584,0.000976562,0.0,6400000.0
256.0,256.0,8.0,9.0,9507.0,7726.0,340266.0,1203392.0,0.811719691002964,0.819425742257138,0.00390625,0.000976562,6400000.0
1.0,256.0,4.0,1.0,1.0,1.0,63.0,32.0,-0.0030632107251067353,-0.0017650185808415486,32768.0,256.0,6400000.0
51.0,256.0,8.0,9.0,2146.0,1523.0,71364.0,237152.0,0.7042908721591019,0.7061535339286464,0.000976562,0.125,6400000.0
1.0,256.0,4.0,1.0,1.0,1.0,63.0,32.0,-0.0030632107251067353,-0.0017650185808415486,32768.0,4096.0,6400000.0
1.0,256.0,4.0,1.0,1.0,1.0,63.0,32.0,-0.0030632107251067353,-0.0017650185808415486,16384.0,1.0,6400000.0
2.0,2.0,1.0,2.0,6.0,4.0,207.0,384.0,0.07262288558772911,0.07510528703488584,0.000976562,0.25,6400000.0
1.0,256.0,4.0,1.0,1.0,1.0,63.0,32.0,-0.0030632107251067353,-0.0017650185808415486,16384.0,0.0625,6400000.0
43.0,256.0,8.0,9.0,1820.0,1333.0,62019.0,207776.0,0.6850279349113759,0.6951658200982608,0.00390625,0.25,6400000.0
159.0,256.0,8.0,9.0,6200.0,4880.0,218457.0,760448.0,0.7961735777729269,0.8024859189845178,0.00390625,0.015625,6400000.0
27.0,256.0,8.0,9.0,476.0,366.0,18145.0,55104.0,0.4777812127552883,0.48718538312254733,0.000976562,2.0,6400000.0
29.0,256.0,8.0,9.0,205.0,156.0,9076.0,21248.0,0.40735776232514465,0.41510468520174093,0.00390625,4.0,6400000.0
2.0,2.0,1.0,2.0,6.0,4.0,207.0,384.0,0.07262288558772911,0.07510528703488584,0.0,0.25,6400000.0
1.0,1.0,8.0,1.0,1.0,1.0,543.0,32.0,-0.0030632107251067353,-0.0017650185808415486,16384.0,64.0,6400000.0
1.0,256.0,4.0,1.0,1.0,1.0,63.0,32.0,-0.0030632107251067353,-0.0017650185808415486,16384.0,16.0,6400000.0
1.0,2.0,1.0,1.0,1.0,1.0,35.0,32.0,-0.0030632107251067353,-0.0017650185808415486,0.0,128.0,6400000.0
51.0,256.0,8.0,9.0,2146.0,1523.0,71364.0,237152.0,0.7042908721591019,0.7061535339286464,0.0,0.125,6400000.0
256.0,256.0,8.0,9.0,9539.0,7713.0,340690.0,1201312.0,0.8095314407072094,0.8183304190720839,0.0,0.0,6400000.0
1.0,256.0,8.0,1.0,1.0,1.0,543.0,32.0,-0.0030632107251067353,-0.0017650185808415486,0.000976562,8192.0,6400000.0
1.0,256.0,8.0,1.0,1.0,1.0,543.0,32.0,-0.0030632107251067353,-0.0017650185808415486,0.000976562,512.0,6400000.0
1.0,256.0,4.0,1.0,1.0,1.0,63.0,32.0,-0.0030632107251067353,-0.0017650185808415486,16384.0,256.0,6400000.0
197.0,256.0,8.0,9.0,7498.0,6009.0,266682.0,936224.0,0.8084815392321167,0.8088025088929355,0.0,0.0078125,6400000.0
43.0,256.0,8.0,9.0,1820.0,1333.0,62019.0,207776.0,0.6850279349113759,0.6951658200982608,0.00195312,0.25,6400000.0
8.0,256.0,8.0,2.0,22.0,16.0,1924.0,1536.0,0.184803559555608,0.19082719424152972,0.000976562,32.0,6400000.0
27.0,256.0,8.0,9.0,476.0,366.0,18145.0,55104.0,0.4777812127552883,0.48718538312254733,0.0,2.0,6400000.0
3.0,256.0,8.0,2.0,9.0,6.0,1295.0,576.0,0.10115259004895938,0.10346957106453547,0.00390625,64.0,6400000.0
29.0,256.0,8.0,9.0,205.0,156.0,9076.0,21248.0,0.40735776232514465,0.41510468520174093,0.00195312,4.0,6400000.0
1.0,1.0,8.0,1.0,1.0,1.0,543.0,32.0,-0.0030632107251067353,-0.0017650185808415486,32768.0,0.25,6400000.0
1.0,256.0,4.0,1.0,1.0,1.0,63.0,32.0,-0.0030632107251067353,-0.0017650185808415486,16384.0,4096.0,6400000.0
159.0,256.0,8.0,9.0,6200.0,4880.0,218457.0,760448.0,0.7961735777729269,0.8024859189845178,0.00195312,0.015625,6400000.0
1.0,256.0,8.0,1.0,1.0,1.0,543.0,32.0,-0.0030632107251067353,-0.0017650185808415486,0.00390625,16384.0,6400000.0
256.0,256.0,8.0,9.0,9507.0,7726.0,340266.0,1203392.0,0.811719691002964,0.819425742257138,0.00195312,0.000976562,6400000.0
1.0,256.0,8.0,1.0,1.0,1.0,543.0,32.0,-0.0030632107251067353,-0.0017650185808415486,0.00390625,1024.0,6400000.0
1.0,1.0,1.0,2.0,3.0,2.0,108.0,192.0,0.03911015413878083,0.040912063041146696,1.0,0.0,6400000.0
2.0,2.0,1.0,2.0,6.0,4.0,207.0,384.0,0.07262288558772911,0.07510528703488584,0.0,0.0,6400000.0
1.0,1.0,8.0,1.0,1.0,1.0,543.0,32.0,-0.0030632107251067353,-0.0017650185808415486,32768.0,128.0,6400000.0
1.0,256.0,4.0,1.0,1.0,1.0,63.0,32.0,-0.0030632107251067353,-0.0017650185808415486,32768.0,0.125,6400000.0
2.0,2.0,1.0,2.0,6.0,4.0,207.0,384.0,0.07262288558772911,0.07510528703488584,0.00195312,0.5,6400000.0
8.0,256.0,8.0,2.0,22.0,16.0,1924.0,1536.0,0.184803559555608,0.19082719424152972,0.0,32.0,6400000.0
2.0,2.0,1.0,2.0,6.0,4.0,207.0,384.0,0.07262288558772911,0.07510528703488584,0.00195312,0.000976562,6400000.0
3.0,256.0,8.0,2.0,9.0,6.0,1295.0,576.0,0.10115259004895938,0.10346957106453547,0.00195312,64.0,6400000.0
1.0,256.0,8.0,1.0,1.0,1.0,543.0,32.0,-0.0030632107251067353,-0.0017650185808415486,0.0,512.0,6400000.0
256.0,256.0,8.0,9.0,9456.0,7697.0,338588.0,1198752.0,0.8103677385156671,0.8165033939016892,0.0078125,0.00195312,6400000.0
1.0,256.0,4.0,1.0,1.0,1.0,63.0,32.0,-0.0030632107251067353,-0.0017650185808415486,32768.0,0.0078125,6400000.0
100.0,256.0,8.0,9.0,4007.0,3014.0,138599.0,469440.0,0.7529797050839018,0.7583606436081898,0.0078125,0.03125,6400000.0
1.0,256.0,8.0,1.0,1.0,1.0,543.0,32.0,-0.0030632107251067353,-0.0017650185808415486,0.0,8192.0,6400000.0
41.0,256.0,8.0,9.0,1564.0,1204.0,54829.0,187392.0,0.675685504144018,0.6677501451569227,0.0078125,0.5,6400000.0
1.0,1.0,8.0,1.0,1.0,1.0,543.0,32.0,-0.0030632107251067353,-0.0017650185808415486,32768.0,0.0,6400000.0
1.0,256.0,8.0,1.0,1.0,1.0,543.0,32.0,-0.0030632107251067353,-0.0017650185808415486,0.0078125,128.0,6400000.0
16.0,256.0,8.0,3.0,67.0,47.0,3700.0,5472.0,0.28428173420704106,0.29213228260301216,0.0078125,8.0,6400000.0
1.0,256.0,8.0,1.0,1.0,1.0,543.0,32.0,-0.0030632107251067353,-0.0017650185808415486,0.00195312,16384.0,6400000.0
1.0,256.0,4.0,1.0,1.0,1.0,63.0,32.0,-0.0030632107251067353,-0.0017650185808415486,32768.0,32.0,6400000.0
1.0,256.0,4.0,1.0,1.0,1.0,63.0,32.0,-0.0030632107251067353,-0.0017650185808415486,32768.0,0.0,6400000.0
2.0,2.0,1.0,2.0,6.0,4.0,207.0,384.0,0.07262288558772911,0.07510528703488584,0.000976562,0.000976562,6400000.0
1.0,2.0,1.0,1.0,1.0,1.0,35.0,32.0,-0.0030632107251067353,-0.0017650185808415486,0.000976562,256.0,6400000.0
1.0,256.0,8.0,1.0,1.0,1.0,543.0,32.0,-0.0030632107251067353,-0.0017650185808415486,0.00195312,1024.0,6400000.0
1.0,256.0,8.0,1.0,1.0,1.0,543.0,32.0,-0.0030632107251067353,-0.0017650185808415486,0.0078125,2048.0,6400000.0
1.0,256.0,4.0,1.0,1.0,1.0,63.0,32.0,-0.0030632107251067353,-0.0017650185808415486,32768.0,2.0,6400000.0
256.0,256.0,8.0,9.0,9507.0,7726.0,340266.0,1203392.0,0.811719691002964,0.819425742257138,0.000976562,0.000976562,6400000.0
159.0,256.0,8.0,9.0,6200.0,4880.0,218457.0,760448.0,0.7961735777729269,0.8024859189845178,0.000976562,0.015625,6400000.0
256.0,256.0,8.0,9.0,9456.0,7697.0,338588.0,1198752.0,0.8103677385156671,0.8165033939016892,0.00390625,0.00195312,6400000.0
1.0,256.0,4.0,1.0,1.0,1.0,63.0,32.0,-0.0030632107251067353,-0.0017650185808415486,32768.0,8192.0,6400000.0
1.0,256.0,4.0,1.0,1.0,1.0,63.0,32.0,-0.0030632107251067353,-0.0017650185808415486,32768.0,512.0,6400000.0
43.0,256.0,8.0,9.0,1820.0,1333.0,62019.0,207776.0,0.6850279349113759,0.6951658200982608,0.000976562,0.25,6400000.0
2.0,2.0,1.0,2.0,6.0,4.0,207.0,384.0,0.07262288558772911,0.07510528703488584,0.000976562,0.5,6400000.0
41.0,256.0,8.0,9.0,1564.0,1204.0,54829.0,187392.0,0.675685504144018,0.6677501451569227,0.00390625,0.5,6400000.0
2.0,2.0,1.0,2.0,6.0,4.0,207.0,384.0,0.07262288558772911,0.07510528703488584,0.0,0.5,6400000.0
100.0,256.0,8.0,9.0,4007.0,3014.0,138599.0,469440.0,0.7529797050839018,0.7583606436081898,0.00390625,0.03125,6400000.0
1.0,256.0,8.0,1.0,1.0,1.0,543.0,32.0,-0.0030632107251067353,-0.0017650185808415486,0.0078125,32768.0,6400000.0
16.0,256.0,8.0,3.0,67.0,47.0,3700.0,5472.0,0.28428173420704106,0.29213228260301216,0.00390625,8.0,6400000.0
29.0,256.0,8.0,9.0,205.0,156.0,9076.0,21248.0,0.40735776232514465,0.41510468520174093,0.000976562,4.0,6400000.0
1.0,2.0,1.0,1.0,1.0,1.0,35.0,32.0,-0.0030632107251067353,-0.0017650185808415486,0.0,256.0,6400000.0
256.0,256.0,8.0,9.0,9442.0,7746.0,339679.0,1206592.0,0.8134110967780966,0.817375270421076,0.015625,0.00390625,6400000.0
65.0,256.0,8.0,9.0,2747.0,1989.0,92896.0,309920.0,0.737781128329591,0.7386522182513137,0.015625,0.0625,6400000.0
35.0,256.0,8.0,9.0,1170.0,940.0,41902.0,145920.0,0.6093046697253826,0.6125519678384939,0.015625,1.0,6400000.0
43.0,256.0,8.0,9.0,1820.0,1333.0,62019.0,207776.0,0.6850279349113759,0.6951658200982608,0.0,0.25,6400000.0
1.0,256.0,8.0,1.0,1.0,1.0,543.0,32.0,-0.0030632107251067353,-0.0017650185808415486,0.000976562,16384.0,6400000.0
1.0,256.0,8.0,1.0,1.0,1.0,543.0,32.0,-0.0030632107251067353,-0.0017650185808415486,0.000976562,1024.0,6400000.0
41.0,256.0,8.0,9.0,1564.0,1204.0,54829.0,187392.0,0.675685504144018,0.6677501451569227,0.00195312,0.5,6400000.0
3.0,256.0,8.0,2.0,9.0,6.0,1295.0,576.0,0.10115259004895938,0.10346957106453547,0.000976562,64.0,6400000.0
159.0,256.0,8.0,9.0,6200.0,4880.0,218457.0,760448.0,0.7961735777729269,0.8024859189845178,0.0,0.015625,6400000.0
29.0,256.0,8.0,9.0,205.0,156.0,9076.0,21248.0,0.40735776232514465,0.41510468520174093,0.0,4.0,6400000.0
1.0,2.0,1.0,1.0,1.0,1.0,35.0,32.0,-0.0030632107251067353,-0.0017650185808415486,0.00195312,512.0,6400000.0
1.0,256.0,8.0,1.0,1.0,1.0,543.0,32.0,-0.0030632107251067353,-0.0017650185808415486,0.00390625,128.0,6400000.0
256.0,256.0,8.0,9.0,9507.0,7726.0,340266.0,1203392.0,0.811719691002964,0.819425742257138,0.0,0.000976562,6400000.0
1.0,1.0,8.0,1.0,1.0,1.0,543.0,32.0,-0.0030632107251067353,-0.0017650185808415486,32768.0,0.5,6400000.0
16.0,256.0,8.0,3.0,67.0,47.0,3700.0,5472.0,0.28428173420704106,0.29213228260301216,0.00195312,8.0,6400000.0
1.0,256.0,8.0,1.0,1.0,1.0,543.0,32.0,-0.0030632107251067353,-0.0017650185808415486,0.00390625,32768.0,6400000.0
11.0,256.0,8.0,3.0,35.0,26.0,2559.0,2752.0,0.23801654357424562,0.2440154241847443,0.015625,16.0,6400000.0
100.0,256.0,8.0,9.0,4007.0,3014.0,138599.0,469440.0,0.7529797050839018,0.7583606436081898,0.00195312,0.03125,6400000.0
256.0,256.0,8.0,9.0,9456.0,7697.0,338588.0,1198752.0,0.8103677385156671,0.8165033939016892,0.00195312,0.00195312,6400000.0
1.0,1.0,1.0,2.0,3.0,2.0,108.0,192.0,0.03911015413878083,0.040912063041146696,1.0,0.000976562,6400000.0
1.0,256.0,8.0,1.0,1.0,1.0,543.0,32.0,-0.0030632107251067353,-0.0017650185808415486,0.00390625,2048.0,6400000.0
2.0,2.0,1.0,2.0,6.0,4.0,207.0,384.0,0.07262288558772911,0.07510528703488584,0.00195312,1.0,6400000.0
1.0,1.0,8.0,1.0,1.0,1.0,543.0,32.0,-0.0030632107251067353,-0.0017650185808415486,32768.0,256.0,6400000.0
2.0,2.0,1.0,2.0,6.0,4.0,207.0,384.0,0.07262288558772911,0.07510528703488584,0.0,0.000976562,6400000.0
1.0,256.0,8.0,1.0,1.0,1.0,543.0,32.0,-0.0030632107251067353,-0.0017650185808415486,0.015625,256.0,6400000.0
1.0,256.0,8.0,1.0,1.0,1.0,543.0,32.0,-0.0030632107251067353,-0.0017650185808415486,0.00195312,128.0,6400000.0
2.0,2.0,1.0,2.0,6.0,4.0,207.0,384.0,0.07262288558772911,0.07510528703488584,0.00195312,0.00195312,6400000.0
3.0,256.0,8.0,2.0,9.0,6.0,1295.0,576.0,0.10115259004895938,0.10346957106453547,0.0,64.0,6400000.0
1.0,256.0,8.0,1.0,1.0,1.0,543.0,32.0,-0.0030632107251067353,-0.0017650185808415486,0.0,1024.0,6400000.0
1.0,256.0,8.0,1.0,1.0,1.0,543.0,32.0,-0.0030632107251067353,-0.0017650185808415486,0.0,16384.0,6400000.0
65.0,256.0,8.0,9.0,2747.0,1989.0,92896.0,309920.0,0.737781128329591,0.7386522182513137,0.0078125,0.0625,6400000.0
35.0,256.0,8.0,9.0,1170.0,940.0,41902.0,145920.0,0.6093046697253826,0.6125519678384939,0.0078125,1.0,6400000.0
256.0,256.0,8.0,9.0,9442.0,7746.0,339679.0,1206592.0,0.8134110967780966,0.817375270421076,0.0078125,0.00390625,6400000.0
1.0,256.0,8.0,1.0,1.0,1.0,543.0,32.0,-0.0030632107251067353,-0.0017650185808415486,0.00195312,32768.0,6400000.0
11.0,256.0,8.0,3.0,35.0,26.0,2559.0,2752.0,0.23801654357424562,0.2440154241847443,0.0078125,16.0,6400000.0
2.0,2.0,1.0,2.0,6.0,4.0,207.0,384.0,0.07262288558772911,0.07510528703488584,0.000976562,0.00195312,6400000.0
1.0,256.0,8.0,1.0,1.0,1.0,543.0,32.0,-0.0030632107251067353,-0.0017650185808415486,0.00195312,2048.0,6400000.0
1.0,256.0,8.0,1.0,1.0,1.0,543.0,32.0,-0.0030632107251067353,-0.0017650185808415486,0.0078125,256.0,6400000.0
1.0,256.0,8.0,1.0,1.0,1.0,543.0,32.0,-0.0030632107251067353,-0.0017650185808415486,0.015625,4096.0,6400000.0
51.0,256.0,8.0,9.0,2146.0,1523.0,71364.0,237152.0,0.7042908721591019,0.7061535339286464,0.03125,0.125,6400000.0
100.0,256.0,8.0,9.0,4007.0,3014.0,138599.0,469440.0,0.7529797050839018,0.7583606436081898,0.000976562,0.03125,6400000.0
256.0,256.0,8.0,9.0,9539.0,7713.0,340690.0,1201312.0,0.8095314407072094,0.8183304190720839,0.03125,0.0,6400000.0
1.0,2.0,1.0,1.0,1.0,1.0,35.0,32.0,-0.0030632107251067353,-0.0017650185808415486,0.000976562,512.0,6400000.0
1.0,256.0,8.0,1.0,1.0,1.0,543.0,32.0,-0.0030632107251067353,-0.0017650185808415486,0.0078125,4096.0,6400000.0
256.0,256.0,8.0,9.0,9442.0,7746.0,339679.0,1206592.0,0.8134110967780966,0.817375270421076,0.00390625,0.00390625,6400000.0
256.0,256.0,8.0,9.0,9456.0,7697.0,338588.0,1198752.0,0.8103677385156671,0.8165033939016892,0.000976562,0.00195312,6400000.0
197.0,256.0,8.0,9.0,7498.0,6009.0,266682.0,936224.0,0.8084815392321167,0.8088025088929355,0.03125,0.0078125,6400000.0
34.0,256.0,8.0,9.0,461.0,362.0,17539.0,53568.0,0.4871949573852562,0.49102114603945524,0.03125,2.0,6400000.0
2.0,2.0,1.0,2.0,6.0,4.0,207.0,384.0,0.07262288558772911,0.07510528703488584,0.000976562,1.0,6400000.0
35.0,256.0,8.0,9.0,1170.0,940.0,41902.0,145920.0,0.6093046697253826,0.6125519678384939,0.00390625,1.0,6400000.0
1.0,256.0,8.0,1.0,1.0,1.0,543.0,32.0,-0.0030632107251067353,-0.0017650185808415486,0.03125,512.0,6400000.0
8.0,256.0,8.0,2.0,22.0,16.0,1924.0,1536.0,0.184803559555608,0.19082719424152972,0.03125,32.0,6400000.0
41.0,256.0,8.0,9.0,1564.0,1204.0,54829.0,187392.0,0.675685504144018,0.6677501451569227,0.000976562,0.5,6400000.0
11.0,256.0,8.0,3.0,35.0,26.0,2559.0,2752.0,0.23801654357424562,0.2440154241847443,0.00390625,16.0,6400000.0
16.0,256.0,8.0,3.0,67.0,47.0,3700.0,5472.0,0.28428173420704106,0.29213228260301216,0.000976562,8.0,6400000.0
65.0,256.0,8.0,9.0,2747.0,1989.0,92896.0,309920.0,0.737781128329591,0.7386522182513137,0.00390625,0.0625,6400000.0
2.0,2.0,1.0,2.0,6.0,4.0,207.0,384.0,0.07262288558772911,0.07510528703488584,0.0,1.0,6400000.0
1.0,2.0,1.0,1.0,1.0,1.0,35.0,32.0,-0.0030632107251067353,-0.0017650185808415486,0.0,512.0,6400000.0
197.0,256.0,8.0,9.0,7498.0,6009.0,266682.0,936224.0,0.8084815392321167,0.8088025088929355,0.015625,0.0078125,6400000.0
256.0,256.0,8.0,9.0,9539.0,7713.0,340690.0,1201312.0,0.8095314407072094,0.8183304190720839,0.015625,0.0,6400000.0
1.0,256.0,8.0,1.0,1.0,1.0,543.0,32.0,-0.0030632107251067353,-0.0017650185808415486,0.000976562,2048.0,6400000.0
34.0,256.0,8.0,9.0,461.0,362.0,17539.0,53568.0,0.4871949573852562,0.49102114603945524,0.015625,2.0,6400000.0
1.0,256.0,8.0,1.0,1.0,1.0,543.0,32.0,-0.0030632107251067353,-0.0017650185808415486,0.000976562,32768.0,6400000.0
1.0,2.0,1.0,1.0,1.0,1.0,35.0,32.0,-0.0030632107251067353,-0.0017650185808415486,0.00195312,1024.0,6400000.0
51.0,256.0,8.0,9.0,2146.0,1523.0,71364.0,237152.0,0.7042908721591019,0.7061535339286464,0.015625,0.125,6400000.0
35.0,256.0,8.0,9.0,1170.0,940.0,41902.0,145920.0,0.6093046697253826,0.6125519678384939,0.00195312,1.0,6400000.0
1.0,256.0,8.0,1.0,1.0,1.0,543.0,32.0,-0.0030632107251067353,-0.0017650185808415486,0.03125,8192.0,6400000.0
1.0,256.0,8.0,1.0,1.0,1.0,543.0,32.0,-0.0030632107251067353,-0.0017650185808415486,0.000976562,128.0,6400000.0
1.0,256.0,8.0,1.0,1.0,1.0,543.0,32.0,-0.0030632107251067353,-0.0017650185808415486,0.00390625,256.0,6400000.0
1.0,1.0,1.0,2.0,3.0,2.0,108.0,192.0,0.03911015413878083,0.040912063041146696,0.000976562,0.00390625,6400000.0
65.0,256.0,8.0,9.0,2747.0,1989.0,92896.0,309920.0,0.737781128329591,0.7386522182513137,0.00195312,0.0625,6400000.0
8.0,256.0,8.0,2.0,22.0,16.0,1924.0,1536.0,0.184803559555608,0.19082719424152972,0.015625,32.0,6400000.0
2.0,2.0,1.0,2.0,6.0,4.0,207.0,384.0,0.07262288558772911,0.07510528703488584,0.00390625,0.00390625,6400000.0
1.0,256.0,8.0,1.0,1.0,1.0,543.0,32.0,-0.0030632107251067353,-0.0017650185808415486,0.00390625,4096.0,6400000.0
1.0,1.0,1.0,2.0,3.0,2.0,108.0,192.0,0.03911015413878083,0.040912063041146696,1.0,0.00195312,6400000.0
11.0,256.0,8.0,3.0,35.0,26.0,2559.0,2752.0,0.23801654357424562,0.2440154241847443,0.00195312,16.0,6400000.0
1.0,1.0,1.0,2.0,3.0,2.0,108.0,192.0,0.03911015413878083,0.040912063041146696,1.0,0.00390625,6400000.0
256.0,256.0,8.0,9.0,9442.0,7746.0,339679.0,1206592.0,0.8134110967780966,0.817375270421076,0.00195312,0.00390625,6400000.0
256.0,256.0,8.0,9.0,9539.0,7713.0,340690.0,1201312.0,0.8095314407072094,0.8183304190720839,0.0078125,0.0,6400000.0
2.0,2.0,1.0,2.0,6.0,4.0,207.0,384.0,0.07262288558772911,0.07510528703488584,0.00195312,2.0,6400000.0
2.0,2.0,1.0,2.0,6.0,4.0,207.0,384.0,0.07262288558772911,0.07510528703488584,0.0,0.00195312,6400000.0
256.0,256.0,8.0,9.0,9507.0,7726.0,340266.0,1203392.0,0.811719691002964,0.819425742257138,0.0625,0.000976562,6400000.0
1.0,1.0,8.0,1.0,1.0,1.0,543.0,32.0,-0.0030632107251067353,-0.0017650185808415486,32768.0,512.0,6400000.0
1.0,256.0,8.0,1.0,1.0,1.0,543.0,32.0,-0.0030632107251067353,-0.0017650185808415486,0.015625,512.0,6400000.0
1.0,256.0,8.0,1.0,1.0,1.0,543.0,32.0,-0.0030632107251067353,-0.0017650185808415486,0.00195312,256.0,6400000.0
2.0,2.0,1.0,2.0,6.0,4.0,207.0,384.0,0.07262288558772911,0.07510528703488584,0.00195312,0.00390625,6400000.0
51.0,256.0,8.0,9.0,2146.0,1523.0,71364.0,237152.0,0.7042908721591019,0.7061535339286464,0.0078125,0.125,6400000.0
43.0,256.0,8.0,9.0,1820.0,1333.0,62019.0,207776.0,0.6850279349113759,0.6951658200982608,0.0625,0.25,6400000.0
159.0,256.0,8.0,9.0,6200.0,4880.0,218457.0,760448.0,0.7961735777729269,0.8024859189845178,0.0625,0.015625,6400000.0
29.0,256.0,8.0,9.0,205.0,156.0,9076.0,21248.0,0.40735776232514465,0.41510468520174093,0.0625,4.0,6400000.0
2.0,2.0,1.0,2.0,6.0,4.0,207.0,384.0,0.07262288558772911,0.07510528703488584,0.000976562,0.00390625,6400000.0
8.0,256.0,8.0,2.0,22.0,16.0,1924.0,1536.0,0.184803559555608,0.19082719424152972,0.0078125,32.0,6400000.0
34.0,256.0,8.0,9.0,461.0,362.0,17539.0,53568.0,0.4871949573852562,0.49102114603945524,0.0078125,2.0,6400000.0
1.0,256.0,8.0,1.0,1.0,1.0,543.0,32.0,-0.0030632107251067353,-0.0017650185808415486,0.00195312,4096.0,6400000.0
1.0,2.0,1.0,1.0,1.0,1.0,35.0,32.0,-0.0030632107251067353,-0.0017650185808415486,0.000976562,1024.0,6400000.0
197.0,256.0,8.0,9.0,7498.0,6009.0,266682.0,936224.0,0.8084815392321167,0.8088025088929355,0.0078125,0.0078125,6400000.0
1.0,256.0,8.0,1.0,1.0,1.0,543.0,32.0,-0.0030632107251067353,-0.0017650185808415486,0.0078125,512.0,6400000.0
1.0,256.0,8.0,1.0,1.0,1.0,543.0,32.0,-0.0030632107251067353,-0.0017650185808415486,0.0078125,8192.0,6400000.0
256.0,256.0,8.0,9.0,9539.0,7713.0,340690.0,1201312.0,0.8095314407072094,0.8183304190720839,0.00390625,0.0,6400000.0
43.0,256.0,8.0,9.0,1820.0,1333.0,62019.0,207776.0,0.6850279349113759,0.6951658200982608,0.03125,0.25,6400000.0
1.0,256.0,8.0,1.0,1.0,1.0,543.0,32.0,-0.0030632107251067353,-0.0017650185808415486,0.015625,8192.0,6400000.0
256.0,256.0,8.0,9.0,9507.0,7726.0,340266.0,1203392.0,0.811719691002964,0.819425742257138,0.03125,0.000976562,6400000.0
29.0,256.0,8.0,9.0,205.0,156.0,9076.0,21248.0,0.40735776232514465,0.41510468520174093,0.03125,4.0,6400000.0
3.0,256.0,8.0,2.0,9.0,6.0,1295.0,576.0,0.10115259004895938,0.10346957106453547,0.0625,64.0,6400000.0
159.0,256.0,8.0,9.0,6200.0,4880.0,218457.0,760448.0,0.7961735777729269,0.8024859189845178,0.03125,0.015625,6400000.0
197.0,256.0,8.0,9.0,7498.0,6009.0,266682.0,936224.0,0.8084815392321167,0.8088025088929355,0.00390625,0.0078125,6400000.0
1.0,256.0,8.0,1.0,1.0,1.0,543.0,32.0,-0.0030632107251067353,-0.0017650185808415486,0.0625,1024.0,6400000.0
2.0,2.0,1.0,2.0,6.0,4.0,207.0,384.0,0.07262288558772911,0.07510528703488584,0.000976562,2.0,6400000.0
27.0,256.0,8.0,9.0,476.0,366.0,18145.0,55104.0,0.4777812127552883,0.48718538312254733,0.00390625,2.0,6400000.0
3.0,256.0,8.0,2.0,9.0,6.0,1295.0,576.0,0.10115259004895938,0.10346957106453547,0.03125,64.0,6400000.0
1.0,256.0,8.0,1.0,1.0,1.0,543.0,32.0,-0.0030632107251067353,-0.0017650185808415486,0.03125,1024.0,6400000.0
1.0,256.0,8.0,1.0,1.0,1.0,543.0,32.0,-0.0030632107251067353,-0.0017650185808415486,0.0625,16384.0,6400000.0
2.0,2.0,1.0,2.0,6.0,4.0,207.0,384.0,0.07262288558772911,0.07510528703488584,0.0,2.0,6400000.0
51.0,256.0,8.0,9.0,2146.0,1523.0,71364.0,237152.0,0.7042908721591019,0.7061535339286464,0.00390625,0.125,6400000.0
8.0,256.0,8.0,2.0,22.0,16.0,1924.0,1536.0,0.184803559555608,0.19082719424152972,0.00390625,32.0,6400000.0
1.0,2.0,1.0,1.0,1.0,1.0,35.0,32.0,-0.0030632107251067353,-0.0017650185808415486,0.0,1024.0,6400000.0
256.0,256.0,8.0,9.0,9465.0,7724.0,339464.0,1203072.0,0.8129018794119837,0.8131750454462665,0.125,0.00195312,6400000.0
159.0,256.0,8.0,9.0,6200.0,4880.0,218457.0,760448.0,0.7961735777729269,0.8024859189845178,0.015625,0.015625,6400000.0
256.0,256.0,8.0,9.0,9507.0,7726.0,340266.0,1203392.0,0.811719691002964,0.819425742257138,0.015625,0.000976562,6400000.0
1.0,2.0,1.0,1.0,1.0,1.0,35.0,32.0,-0.0030632107251067353,-0.0017650185808415486,0.00195312,2048.0,6400000.0
29.0,256.0,8.0,9.0,205.0,156.0,9076.0,21248.0,0.40735776232514465,0.41510468520174093,0.015625,4.0,6400000.0
106.0,256.0,8.0,9.0,4139.0,3123.0,143026.0,486112.0,0.7686952849652512,0.7706918130792335,0.125,0.03125,6400000.0
1.0,256.0,8.0,1.0,1.0,1.0,543.0,32.0,-0.0030632107251067353,-0.0017650185808415486,0.03125,16384.0,6400000.0
43.0,256.0,8.0,9.0,1820.0,1333.0,62019.0,207776.0,0.6850279349113759,0.6951658200982608,0.015625,0.25,6400000.0
36.0,256.0,8.0,9.0,1401.0,1071.0,48791.0,166752.0,0.6178131966842346,0.6287000451115454,0.125,0.5,6400000.0
1.0,1.0,1.0,2.0,3.0,2.0,108.0,192.0,0.03911015413878083,0.040912063041146696,0.000976562,0.0078125,6400000.0
2.0,2.0,1.0,2.0,6.0,4.0,207.0,384.0,0.07262288558772911,0.07510528703488584,0.00390625,4.0,6400000.0
1.0,256.0,8.0,1.0,1.0,1.0,543.0,32.0,-0.0030632107251067353,-0.0017650185808415486,0.00390625,512.0,6400000.0
16.0,256.0,8.0,3.0,67.0,47.0,3700.0,5472.0,0.28428173420704106,0.29213228260301216,0.125,8.0,6400000.0
1.0,256.0,8.0,1.0,1.0,1.0,543.0,32.0,-0.0030632107251067353,-0.0017650185808415486,0.125,128.0,6400000.0
3.0,256.0,8.0,2.0,9.0,6.0,1295.0,576.0,0.10115259004895938,0.10346957106453547,0.015625,64.0,6400000.0
1.0,256.0,8.0,1.0,1.0,1.0,543.0,32.0,-0.0030632107251067353,-0.0017650185808415486,0.00390625,8192.0,6400000.0
2.0,2.0,1.0,2.0,6.0,4.0,207.0,384.0,0.07262288558772911,0.07510528703488584,0.00390625,0.0078125,6400000.0
2.0,2.0,1.0,2.0,6.0,4.0,207.0,384.0,0.07262288558772911,0.07510528703488584,0.00195312,4.0,6400000.0
2.0,2.0,1.0,2.0,6.0,4.0,207.0,384.0,0.07262288558772911,0.07510528703488584,0.0,0.00390625,6400000.0
1.0,256.0,8.0,1.0,1.0,1.0,543.0,32.0,-0.0030632107251067353,-0.0017650185808415486,0.125,32768.0,6400000.0
256.0,256.0,8.0,9.0,9507.0,7726.0,340266.0,1203392.0,0.811719691002964,0.819425742257138,0.0078125,0.000976562,6400000.0
1.0,1.0,1.0,2.0,3.0,2.0,108.0,192.0,0.03911015413878083,0.040912063041146696,1.0,0.0078125,6400000.0
1.0,256.0,8.0,1.0,1.0,1.0,543.0,32.0,-0.0030632107251067353,-0.0017650185808415486,0.125,2048.0,6400000.0
1.0,256.0,8.0,1.0,1.0,1.0,543.0,32.0,-0.0030632107251067353,-0.0017650185808415486,0.015625,1024.0,6400000.0
72.0,256.0,8.0,9.0,2943.0,2166.0,100239.0,337344.0,0.7427629906807984,0.7448814976915925,0.25,0.0625,6400000.0
256.0,256.0,8.0,9.0,9456.0,7697.0,338588.0,1198752.0,0.8103677385156671,0.8165033939016892,0.0625,0.00195312,6400000.0
256.0,256.0,8.0,9.0,9411.0,7753.0,339363.0,1207712.0,0.8174631897415134,0.8143202527283873,0.25,0.00390625,6400000.0
2.0,2.0,1.0,2.0,6.0,4.0,207.0,384.0,0.07262288558772911,0.07510528703488584,0.00195312,0.0078125,6400000.0
43.0,256.0,8.0,9.0,1820.0,1333.0,62019.0,207776.0,0.6850279349113759,0.6951658200982608,0.0078125,0.25,6400000.0
30.0,256.0,8.0,9.0,1041.0,826.0,37179.0,128320.0,0.5615679503947415,0.5680515837886942,0.25,1.0,6400000.0
41.0,256.0,8.0,9.0,1564.0,1204.0,54829.0,187392.0,0.675685504144018,0.6677501451569227,0.0625,0.5,6400000.0
100.0,256.0,8.0,9.0,4007.0,3014.0,138599.0,469440.0,0.7529797050839018,0.7583606436081898,0.0625,0.03125,6400000.0
29.0,256.0,8.0,9.0,205.0,156.0,9076.0,21248.0,0.40735776232514465,0.41510468520174093,0.0078125,4.0,6400000.0
3.0,256.0,8.0,2.0,9.0,6.0,1295.0,576.0,0.10115259004895938,0.10346957106453547,0.0078125,64.0,6400000.0
2.0,2.0,1.0,2.0,6.0,4.0,207.0,384.0,0.07262288558772911,0.07510528703488584,0.000976562,0.0078125,6400000.0
16.0,256.0,8.0,3.0,67.0,47.0,3700.0,5472.0,0.28428173420704106,0.29213228260301216,0.0625,8.0,6400000.0
1.0,256.0,8.0,1.0,1.0,1.0,543.0,32.0,-0.0030632107251067353,-0.0017650185808415486,0.0078125,16384.0,6400000.0
41.0,256.0,8.0,9.0,1564.0,1204.0,54829.0,187392.0,0.675685504144018,0.6677501451569227,0.03125,0.5,6400000.0
1.0,256.0,8.0,1.0,1.0,1.0,543.0,32.0,-0.0030632107251067353,-0.0017650185808415486,0.015625,16384.0,6400000.0
1.0,2.0,1.0,1.0,1.0,1.0,35.0,32.0,-0.0030632107251067353,-0.0017650185808415486,0.000976562,2048.0,6400000.0
1.0,256.0,8.0,1.0,1.0,1.0,543.0,32.0,-0.0030632107251067353,-0.0017650185808415486,0.0078125,1024.0,6400000.0
159.0,256.0,8.0,9.0,6200.0,4880.0,218457.0,760448.0,0.7961735777729269,0.8024859189845178,0.0078125,0.015625,6400000.0
16.0,256.0,8.0,3.0,67.0,47.0,3700.0,5472.0,0.28428173420704106,0.29213228260301216,0.03125,8.0,6400000.0
11.0,256.0,8.0,3.0,35.0,26.0,2559.0,2752.0,0.23801654357424562,0.2440154241847443,0.25,16.0,6400000.0
100.0,256.0,8.0,9.0,4007.0,3014.0,138599.0,469440.0,0.7529797050839018,0.7583606436081898,0.03125,0.03125,6400000.0
256.0,256.0,8.0,9.0,9456.0,7697.0,338588.0,1198752.0,0.8103677385156671,0.8165033939016892,0.03125,0.00195312,6400000.0
1.0,256.0,8.0,1.0,1.0,1.0,543.0,32.0,-0.0030632107251067353,-0.0017650185808415486,0.0625,128.0,6400000.0
1.0,256.0,8.0,1.0,1.0,1.0,543.0,32.0,-0.0030632107251067353,-0.0017650185808415486,0.25,256.0,6400000.0
2.0,2.0,1.0,2.0,6.0,4.0,207.0,384.0,0.07262288558772911,0.07510528703488584,0.000976562,4.0,6400000.0
1.0,256.0,8.0,1.0,1.0,1.0,543.0,32.0,-0.0030632107251067353,-0.0017650185808415486,0.0625,2048.0,6400000.0
1.0,256.0,8.0,1.0,1.0,1.0,543.0,32.0,-0.0030632107251067353,-0.0017650185808415486,0.25,4096.0,6400000.0
1.0,256.0,8.0,1.0,1.0,1.0,543.0,32.0,-0.0030632107251067353,-0.0017650185808415486,0.0625,32768.0,6400000.0
1.0,2.0,1.0,1.0,1.0,1.0,35.0,32.0,-0.0030632107251067353,-0.0017650185808415486,0.00390625,4096.0,6400000.0
1.0,256.0,8.0,1.0,1.0,1.0,543.0,32.0,-0.0030632107251067353,-0.0017650185808415486,0.03125,128.0,6400000.0
1.0,2.0,1.0,1.0,1.0,1.0,35.0,32.0,-0.0030632107251067353,-0.0017650185808415486,0.0,2048.0,6400000.0
2.0,2.0,1.0,2.0,6.0,4.0,207.0,384.0,0.07262288558772911,0.07510528703488584,0.0,4.0,6400000.0
1.0,256.0,8.0,1.0,1.0,1.0,543.0,32.0,-0.0030632107251067353,-0.0017650185808415486,0.03125,2048.0,6400000.0
256.0,256.0,8.0,9.0,9411.0,7753.0,339363.0,1207712.0,0.8174631897415134,0.8143202527283873,0.125,0.00390625,6400000.0
100.0,256.0,8.0,9.0,4007.0,3014.0,138599.0,469440.0,0.7529797050839018,0.7583606436081898,0.015625,0.03125,6400000.0
256.0,256.0,8.0,9.0,9508.0,7705.0,340006.0,1200032.0,0.8144301337625974,0.8148950544406702,0.5,0.0,6400000.0
174.0,256.0,8.0,9.0,6811.0,5364.0,240590.0,835968.0,0.7901987302383371,0.7948666737391141,0.5,0.0078125,6400000.0
16.0,256.0,8.0,3.0,67.0,47.0,3700.0,5472.0,0.28428173420704106,0.29213228260301216,0.015625,8.0,6400000.0
1.0,256.0,8.0,1.0,1.0,1.0,543.0,32.0,-0.0030632107251067353,-0.0017650185808415486,0.03125,32768.0,6400000.0
72.0,256.0,8.0,9.0,2943.0,2166.0,100239.0,337344.0,0.7427629906807984,0.7448814976915925,0.125,0.0625,6400000.0
41.0,256.0,8.0,9.0,1564.0,1204.0,54829.0,187392.0,0.675685504144018,0.6677501451569227,0.015625,0.5,6400000.0
1.0,2.0,1.0,1.0,1.0,1.0,35.0,32.0,-0.0030632107251067353,-0.0017650185808415486,0.00195312,4096.0,6400000.0
256.0,256.0,8.0,9.0,9456.0,7697.0,338588.0,1198752.0,0.8103677385156671,0.8165033939016892,0.015625,0.00195312,6400000.0
11.0,256.0,8.0,3.0,35.0,26.0,2559.0,2752.0,0.23801654357424562,0.2440154241847443,0.125,16.0,6400000.0
1.0,1.0,1.0,2.0,3.0,2.0,108.0,192.0,0.03911015413878083,0.040912063041146696,0.000976562,0.015625,6400000.0
2.0,2.0,1.0,2.0,6.0,4.0,207.0,384.0,0.07262288558772911,0.07510528703488584,0.00390625,8.0,6400000.0
30.0,256.0,8.0,9.0,1041.0,826.0,37179.0,128320.0,0.5615679503947415,0.5680515837886942,0.125,1.0,6400000.0
1.0,256.0,8.0,1.0,1.0,1.0,543.0,32.0,-0.0030632107251067353,-0.0017650185808415486,0.015625,128.0,6400000.0
2.0,2.0,1.0,2.0,6.0,4.0,207.0,384.0,0.07262288558772911,0.07510528703488584,0.00390625,0.015625,6400000.0
2.0,2.0,1.0,2.0,6.0,4.0,207.0,384.0,0.07262288558772911,0.07510528703488584,0.00195312,8.0,6400000.0
50.0,256.0,8.0,9.0,2168.0,1550.0,73000.0,241600.0,0.7167983161434046,0.7167055568415222,0.5,0.125,6400000.0
1.0,256.0,8.0,1.0,1.0,1.0,543.0,32.0,-0.0030632107251067353,-0.0017650185808415486,0.125,256.0,6400000.0
1.0,256.0,8.0,1.0,1.0,1.0,543.0,32.0,-0.0030632107251067353,-0.0017650185808415486,0.5,512.0,6400000.0
34.0,256.0,8.0,9.0,506.0,394.0,19100.0,58688.0,0.4888828787126642,0.4970038281883299,0.5,2.0,6400000.0
1.0,1.0,1.0,2.0,3.0,2.0,108.0,192.0,0.03911015413878083,0.040912063041146696,1.0,0.015625,6400000.0
1.0,256.0,8.0,1.0,1.0,1.0,543.0,32.0,-0.0030632107251067353,-0.0017650185808415486,0.125,4096.0,6400000.0
8.0,256.0,8.0,2.0,22.0,16.0,1924.0,1536.0,0.184803559555608,0.19082719424152972,0.5,32.0,6400000.0
256.0,256.0,8.0,9.0,9536.0,7717.0,340471.0,1201952.0,0.8074910977691746,0.8080890260296283,0.25,0.0,6400000.0
1.0,256.0,8.0,1.0,1.0,1.0,543.0,32.0,-0.0030632107251067353,-0.0017650185808415486,0.015625,2048.0,6400000.0
61.0,256.0,8.0,9.0,2460.0,1832.0,84123.0,285312.0,0.7151762692251282,0.7220700658776642,0.25,0.125,6400000.0
2.0,2.0,1.0,2.0,6.0,4.0,207.0,384.0,0.07262288558772911,0.07510528703488584,0.00195312,0.015625,6400000.0
256.0,256.0,8.0,9.0,9442.0,7746.0,339679.0,1206592.0,0.8134110967780966,0.817375270421076,0.0625,0.00390625,6400000.0
166.0,256.0,8.0,9.0,6457.0,5027.0,226368.0,783072.0,0.7950779410687009,0.7931225301039775,0.25,0.0078125,6400000.0
33.0,256.0,8.0,9.0,477.0,373.0,18022.0,55456.0,0.48648237678754125,0.4966086889837822,0.25,2.0,6400000.0
65.0,256.0,8.0,9.0,2747.0,1989.0,92896.0,309920.0,0.737781128329591,0.7386522182513137,0.0625,0.0625,6400000.0
30.0,256.0,8.0,9.0,1041.0,826.0,37179.0,128320.0,0.5615679503947415,0.5680515837886942,0.0625,1.0,6400000.0
1.0,256.0,8.0,1.0,1.0,1.0,543.0,32.0,-0.0030632107251067353,-0.0017650185808415486,0.5,8192.0,6400000.0
2.0,2.0,1.0,2.0,6.0,4.0,207.0,384.0,0.07262288558772911,0.07510528703488584,0.000976562,0.015625,6400000.0
1.0,2.0,1.0,1.0,1.0,1.0,35.0,32.0,-0.0030632107251067353,-0.0017650185808415486,0.000976562,4096.0,6400000.0
1.0,256.0,8.0,1.0,1.0,1.0,543.0,32.0,-0.0030632107251067353,-0.0017650185808415486,0.015625,32768.0,6400000.0
11.0,256.0,8.0,3.0,35.0,26.0,2559.0,2752.0,0.23801654357424562,0.2440154241847443,0.0625,16.0,6400000.0
2.0,2.0,1.0,2.0,6.0,4.0,207.0,384.0,0.07262288558772911,0.07510528703488584,0.0078125,0.03125,6400000.0
1.0,256.0,8.0,1.0,1.0,1.0,543.0,32.0,-0.0030632107251067353,-0.0017650185808415486,0.0625,256.0,6400000.0
8.0,256.0,8.0,2.0,22.0,16.0,1924.0,1536.0,0.184803559555608,0.19082719424152972,0.25,32.0,6400000.0
11.0,256.0,8.0,3.0,35.0,26.0,2559.0,2752.0,0.23801654357424562,0.2440154241847443,0.03125,16.0,6400000.0
1.0,256.0,8.0,1.0,1.0,1.0,543.0,32.0,-0.0030632107251067353,-0.0017650185808415486,0.25,512.0,6400000.0
256.0,256.0,8.0,9.0,9505.0,7715.0,340424.0,1201632.0,0.8063463832692442,0.8123864068641674,1.0,0.000976562,6400000.0
30.0,256.0,8.0,9.0,1041.0,826.0,37179.0,128320.0,0.5615679503947415,0.5680515837886942,0.03125,1.0,6400000.0
65.0,256.0,8.0,9.0,2747.0,1989.0,92896.0,309920.0,0.737781128329591,0.7386522182513137,0.03125,0.0625,6400000.0
43.0,256.0,8.0,9.0,1822.0,1333.0,62039.0,207776.0,0.6848788547899918,0.6843147043787022,1.0,0.25,6400000.0
2.0,2.0,1.0,2.0,6.0,4.0,207.0,384.0,0.07262288558772911,0.07510528703488584,0.000976562,8.0,6400000.0
107.0,256.0,8.0,9.0,4427.0,3297.0,152657.0,513824.0,0.7762367722206894,0.7858745707835144,1.0,0.015625,6400000.0
1.0,256.0,8.0,1.0,1.0,1.0,543.0,32.0,-0.0030632107251067353,-0.0017650185808415486,0.25,8192.0,6400000.0
1.0,256.0,8.0,1.0,1.0,1.0,543.0,32.0,-0.0030632107251067353,-0.0017650185808415486,0.0625,4096.0,6400000.0
256.0,256.0,8.0,9.0,9442.0,7746.0,339679.0,1206592.0,0.8134110967780966,0.817375270421076,0.03125,0.00390625,6400000.0
22.0,256.0,8.0,8.0,171.0,127.0,7754.0,17504.0,0.3898532962522989,0.39380126212786304,1.0,4.0,6400000.0
1.0,256.0,8.0,1.0,1.0,1.0,543.0,32.0,-0.0030632107251067353,-0.0017650185808415486,0.03125,256.0,6400000.0
256.0,256.0,8.0,9.0,9536.0,7717.0,340471.0,1201952.0,0.8074910977691746,0.8080890260296283,0.125,0.0,6400000.0
1.0,2.0,1.0,1.0,1.0,1.0,35.0,32.0,-0.0030632107251067353,-0.0017650185808415486,0.0,4096.0,6400000.0
1.0,2.0,1.0,1.0,1.0,1.0,35.0,32.0,-0.0030632107251067353,-0.0017650185808415486,0.00390625,8192.0,6400000.0
3.0,256.0,8.0,2.0,9.0,6.0,1295.0,576.0,0.10115259004895938,0.10346957106453547,1.0,64.0,6400000.0
1.0,256.0,8.0,1.0,1.0,1.0,543.0,32.0,-0.0030632107251067353,-0.0017650185808415486,0.03125,4096.0,6400000.0
166.0,256.0,8.0,9.0,6457.0,5027.0,226368.0,783072.0,0.7950779410687009,0.7931225301039775,0.125,0.0078125,6400000.0
61.0,256.0,8.0,9.0,2460.0,1832.0,84123.0,285312.0,0.7151762692251282,0.7220700658776642,0.125,0.125,6400000.0
109.0,256.0,8.0,9.0,4491.0,3325.0,153792.0,518048.0,0.7797570705074406,0.7751239590897081,0.5,0.015625,6400000.0
1.0,256.0,8.0,1.0,1.0,1.0,543.0,32.0,-0.0030632107251067353,-0.0017650185808415486,1.0,1024.0,6400000.0
1.0,1.0,1.0,2.0,3.0,2.0,108.0,192.0,0.03911015413878083,0.040912063041146696,0.000976562,0.03125,6400000.0
256.0,256.0,8.0,9.0,9493.0,7722.0,340220.0,1202752.0,0.808836005415115,0.814508572807451,0.5,0.000976562,6400000.0
8.0,256.0,8.0,2.0,22.0,16.0,1924.0,1536.0,0.184803559555608,0.19082719424152972,0.125,32.0,6400000.0
1.0,256.0,8.0,1.0,1.0,1.0,543.0,32.0,-0.0030632107251067353,-0.0017650185808415486,1.0,16384.0,6400000.0
1.0,2.0,1.0,1.0,1.0,1.0,35.0,32.0,-0.0030632107251067353,-0.0017650185808415486,0.00195312,8192.0,6400000.0
256.0,256.0,8.0,9.0,9539.0,7713.0,340690.0,1201312.0,0.8095314407072094,0.8183304190720839,0.0625,0.0,6400000.0
2.0,2.0,1.0,2.0,6.0,4.0,207.0,384.0,0.07262288558772911,0.07510528703488584,0.00390625,16.0,6400000.0
2.0,2.0,1.0,2.0,6.0,4.0,207.0,384.0,0.07262288558772911,0.07510528703488584,0.00390625,0.03125,6400000.0
256.0,256.0,8.0,9.0,9447.0,7707.0,339310.0,1200352.0,0.8159315385121724,0.8137710338691025,2.0,0.00195312,6400000.0
27.0,256.0,8.0,9.0,487.0,378.0,18378.0,57024.0,0.48755456345803316,0.5011776158323638,0.125,2.0,6400000.0
44.0,256.0,8.0,9.0,1841.0,1364.0,62785.0,212608.0,0.6969840787353565,0.6984176777343636,0.5,0.25,6400000.0
85.0,256.0,8.0,9.0,3551.0,2614.0,121388.0,407360.0,0.7546630222955727,0.7592172944098072,2.0,0.03125,6400000.0
1.0,256.0,8.0,1.0,1.0,1.0,543.0,32.0,-0.0030632107251067353,-0.0017650185808415486,0.125,512.0,6400000.0
22.0,256.0,8.0,8.0,190.0,139.0,8605.0,19424.0,0.3963758318179941,0.40794272548017085,0.5,4.0,6400000.0
43.0,256.0,8.0,9.0,1636.0,1276.0,57649.0,198656.0,0.6712591447910993,0.6622161201497598,2.0,0.5,6400000.0
2.0,2.0,1.0,2.0,6.0,4.0,207.0,384.0,0.07262288558772911,0.07510528703488584,0.00195312,16.0,6400000.0
1.0,256.0,8.0,1.0,1.0,1.0,543.0,32.0,-0.0030632107251067353,-0.0017650185808415486,0.5,1024.0,6400000.0
1.0,1.0,1.0,2.0,3.0,2.0,108.0,192.0,0.03911015413878083,0.040912063041146696,1.0,0.03125,6400000.0
3.0,256.0,8.0,2.0,9.0,6.0,1295.0,576.0,0.10115259004895938,0.10346957106453547,0.5,64.0,6400000.0
256.0,256.0,8.0,9.0,9486.0,7704.0,339759.0,1199872.0,0.8139572002028633,0.810721853726913,0.25,0.000976562,6400000.0
1.0,256.0,8.0,1.0,1.0,1.0,543.0,32.0,-0.0030632107251067353,-0.0017650185808415486,0.125,8192.0,6400000.0
43.0,256.0,8.0,9.0,1804.0,1333.0,61559.0,207776.0,0.6898004507178896,0.6900562968219308,0.25,0.25,6400000.0
16.0,256.0,8.0,3.0,67.0,47.0,3700.0,5472.0,0.28428173420704106,0.29213228260301216,2.0,8.0,6400000.0
2.0,2.0,1.0,2.0,6.0,4.0,207.0,384.0,0.07262288558772911,0.07510528703488584,0.00195312,0.03125,6400000.0
197.0,256.0,8.0,9.0,7498.0,6009.0,266682.0,936224.0,0.8084815392321167,0.8088025088929355,0.0625,0.0078125,6400000.0
24.0,256.0,8.0,8.0,185.0,143.0,8565.0,19808.0,0.39665636436782115,0.40128732661303834,0.25,4.0,6400000.0
177.0,256.0,8.0,9.0,6696.0,5379.0,238495.0,837984.0,0.7975097701860764,0.800709382282929,0.25,0.015625,6400000.0
34.0,256.0,8.0,9.0,461.0,362.0,17539.0,53568.0,0.4871949573852562,0.49102114603945524,0.0625,2.0,6400000.0
51.0,256.0,8.0,9.0,2146.0,1523.0,71364.0,237152.0,0.7042908721591019,0.7061535339286464,0.0625,0.125,6400000.0
1.0,256.0,8.0,1.0,1.0,1.0,543.0,32.0,-0.0030632107251067353,-0.0017650185808415486,0.5,16384.0,6400000.0
2.0,2.0,1.0,2.0,6.0,4.0,207.0,384.0,0.07262288558772911,0.07510528703488584,0.000976562,0.03125,6400000.0
1.0,2.0,1.0,1.0,1.0,1.0,35.0,32.0,-0.0030632107251067353,-0.0017650185808415486,0.000976562,8192.0,6400000.0
1.0,256.0,8.0,1.0,1.0,1.0,543.0,32.0,-0.0030632107251067353,-0.0017650185808415486,0.0625,512.0,6400000.0
2.0,2.0,1.0,2.0,6.0,4.0,207.0,384.0,0.07262288558772911,0.07510528703488584,0.0078125,0.0625,6400000.0
8.0,256.0,8.0,2.0,22.0,16.0,1924.0,1536.0,0.184803559555608,0.19082719424152972,0.0625,32.0,6400000.0
46.0,256.0,8.0,9.0,1652.0,1315.0,58657.0,204512.0,0.66277415214737,0.6694111032566277,1.0,0.5,6400000.0
3.0,256.0,8.0,2.0,9.0,6.0,1295.0,576.0,0.10115259004895938,0.10346957106453547,0.25,64.0,6400000.0
1.0,256.0,8.0,1.0,1.0,1.0,543.0,32.0,-0.0030632107251067353,-0.0017650185808415486,2.0,128.0,6400000.0
1.0,256.0,8.0,1.0,1.0,1.0,543.0,32.0,-0.0030632107251067353,-0.0017650185808415486,0.25,16384.0,6400000.0
1.0,256.0,8.0,1.0,1.0,1.0,543.0,32.0,-0.0030632107251067353,-0.0017650185808415486,0.25,1024.0,6400000.0
1.0,256.0,8.0,1.0,1.0,1.0,543.0,32.0,-0.0030632107251067353,-0.0017650185808415486,2.0,32768.0,6400000.0
1.0,256.0,8.0,1.0,1.0,1.0,543.0,32.0,-0.0030632107251067353,-0.0017650185808415486,2.0,2048.0,6400000.0
85.0,256.0,8.0,9.0,3590.0,2635.0,122693.0,410720.0,0.762286956464753,0.7663409114599194,1.0,0.03125,6400000.0
256.0,256.0,8.0,9.0,9495.0,7756.0,340742.0,1208192.0,0.811167816851227,0.8098492439949492,1.0,0.00195312,6400000.0
2.0,2.0,1.0,2.0,6.0,4.0,207.0,384.0,0.07262288558772911,0.07510528703488584,0.000976562,16.0,6400000.0
2.0,2.0,1.0,2.0,6.0,4.0,207.0,384.0,0.07262288558772911,0.07510528703488584,0.0078125,32.0,6400000.0
1.0,256.0,8.0,1.0,1.0,1.0,543.0,32.0,-0.0030632107251067353,-0.0017650185808415486,0.0625,8192.0,6400000.0
256.0,256.0,8.0,8.0,9142.0,7564.0,331026.0,1177472.0,0.6909008178930696,0.6853056152175231,4.0,0.00390625,6400000.0
16.0,256.0,8.0,3.0,67.0,47.0,3700.0,5472.0,0.28428173420704106,0.29213228260301216,1.0,8.0,6400000.0
78.0,256.0,8.0,8.0,3116.0,2372.0,108280.0,369536.0,0.682438497183283,0.6698490379108393,4.0,0.0625,6400000.0
256.0,256.0,8.0,9.0,9486.0,7704.0,339759.0,1199872.0,0.8139572002028633,0.810721853726913,0.125,0.000976562,6400000.0
177.0,256.0,8.0,9.0,6696.0,5379.0,238495.0,837984.0,0.7975097701860764,0.800709382282929,0.125,0.015625,6400000.0
1.0,2.0,1.0,1.0,1.0,1.0,35.0,32.0,-0.0030632107251067353,-0.0017650185808415486,0.00390625,16384.0,6400000.0
40.0,256.0,8.0,8.0,787.0,622.0,28519.0,94400.0,0.5578868547750927,0.556378315567797,4.0,1.0,6400000.0
43.0,256.0,8.0,9.0,1804.0,1333.0,61559.0,207776.0,0.6898004507178896,0.6900562968219308,0.125,0.25,6400000.0
1.0,256.0,8.0,1.0,1.0,1.0,543.0,32.0,-0.0030632107251067353,-0.0017650185808415486,1.0,128.0,6400000.0
11.0,256.0,8.0,3.0,35.0,26.0,2559.0,2752.0,0.23801654357424562,0.2440154241847443,4.0,16.0,6400000.0
256.0,256.0,8.0,9.0,9417.0,7667.0,337038.0,1193952.0,0.8079827858048727,0.807418172478001,0.5,0.00195312,6400000.0
1.0,1.0,1.0,2.0,3.0,2.0,108.0,192.0,0.03911015413878083,0.040912063041146696,0.000976562,0.0625,6400000.0
112.0,256.0,8.0,9.0,4250.0,3223.0,147262.0,501344.0,0.7776414982403866,0.7731663963467956,0.5,0.03125,6400000.0
1.0,2.0,1.0,1.0,1.0,1.0,35.0,32.0,-0.0030632107251067353,-0.0017650185808415486,0.00195312,16384.0,6400000.0
1.0,256.0,8.0,1.0,1.0,1.0,543.0,32.0,-0.0030632107251067353,-0.0017650185808415486,1.0,32768.0,6400000.0
3.0,256.0,8.0,2.0,9.0,6.0,1295.0,576.0,0.10115259004895938,0.10346957106453547,0.125,64.0,6400000.0
2.0,2.0,1.0,2.0,6.0,4.0,207.0,384.0,0.07262288558772911,0.07510528703488584,0.00390625,32.0,6400000.0
1.0,256.0,8.0,1.0,1.0,1.0,543.0,32.0,-0.0030632107251067353,-0.0017650185808415486,1.0,2048.0,6400000.0
29.0,256.0,8.0,9.0,205.0,156.0,9076.0,21248.0,0.40735776232514465,0.41510468520174093,0.125,4.0,6400000.0
2.0,2.0,1.0,2.0,6.0,4.0,207.0,384.0,0.07262288558772911,0.07510528703488584,0.00390625,0.0625,6400000.0
41.0,256.0,8.0,9.0,1644.0,1271.0,57427.0,198112.0,0.6806914690129744,0.6809367601432539,0.5,0.5,6400000.0
1.0,256.0,8.0,1.0,1.0,1.0,543.0,32.0,-0.0030632107251067353,-0.0017650185808415486,4.0,256.0,6400000.0
256.0,256.0,8.0,9.0,9371.0,7694.0,337363.0,1198272.0,0.8075991957674125,0.7986467608101057,2.0,0.00390625,6400000.0
73.0,256.0,8.0,9.0,3078.0,2253.0,105238.0,351136.0,0.7347232622318485,0.7380099716352316,2.0,0.0625,6400000.0
1.0,256.0,8.0,1.0,1.0,1.0,543.0,32.0,-0.0030632107251067353,-0.0017650185808415486,0.125,1024.0,6400000.0
16.0,256.0,8.0,3.0,67.0,47.0,3700.0,5472.0,0.28428173420704106,0.29213228260301216,0.5,8.0,6400000.0
37.0,256.0,8.0,9.0,1096.0,866.0,38861.0,133824.0,0.6012697614093943,0.6023594362402525,2.0,1.0,6400000.0
2.0,2.0,1.0,2.0,6.0,4.0,207.0,384.0,0.07262288558772911,0.07510528703488584,0.00195312,32.0,6400000.0
1.0,1.0,1.0,2.0,3.0,2.0,108.0,192.0,0.03911015413878083,0.040912063041146696,1.0,0.0625,6400000.0
36.0,256.0,8.0,9.0,1401.0,1071.0,48791.0,166752.0,0.6178131966842346,0.6287000451115454,0.25,0.5,6400000.0
1.0,256.0,8.0,1.0,1.0,1.0,543.0,32.0,-0.0030632107251067353,-0.0017650185808415486,0.5,128.0,6400000.0
1.0,256.0,8.0,1.0,1.0,1.0,543.0,32.0,-0.0030632107251067353,-0.0017650185808415486,0.5,2048.0,6400000.0
1.0,256.0,8.0,1.0,1.0,1.0,543.0,32.0,-0.0030632107251067353,-0.0017650185808415486,0.125,16384.0,6400000.0
11.0,256.0,8.0,3.0,35.0,26.0,2559.0,2752.0,0.23801654357424562,0.2440154241847443,2.0,16.0,6400000.0
256.0,256.0,8.0,9.0,9465.0,7724.0,339464.0,1203072.0,0.8129018794119837,0.8131750454462665,0.25,0.00195312,6400000.0
2.0,2.0,1.0,2.0,6.0,4.0,207.0,384.0,0.07262288558772911,0.07510528703488584,0.00195312,0.0625,6400000.0
16.0,256.0,8.0,3.0,67.0,47.0,3700.0,5472.0,0.28428173420704106,0.29213228260301216,0.25,8.0,6400000.0
106.0,256.0,8.0,9.0,4139.0,3123.0,143026.0,486112.0,0.7686952849652512,0.7706918130792335,0.25,0.03125,6400000.0
1.0,256.0,8.0,1.0,1.0,1.0,543.0,32.0,-0.0030632107251067353,-0.0017650185808415486,4.0,4096.0,6400000.0
112.0,256.0,8.0,3.0,3574.0,3121.0,134760.0,485024.0,0.3060223571394254,0.29748613157490034,8.0,0.0078125,6400000.0
1.0,2.0,1.0,1.0,1.0,1.0,35.0,32.0,-0.0030632107251067353,-0.0017650185808415486,0.000976562,16384.0,6400000.0
256.0,256.0,8.0,3.0,7358.0,6856.0,284181.0,1064192.0,0.278314965231633,0.27059625085974737,8.0,0.0,6400000.0
1.0,256.0,8.0,1.0,1.0,1.0,543.0,32.0,-0.0030632107251067353,-0.0017650185808415486,0.5,32768.0,6400000.0
36.0,256.0,8.0,3.0,1102.0,920.0,41226.0,142592.0,0.32308558791093367,0.3273446300342435,8.0,0.125,6400000.0
2.0,2.0,1.0,2.0,6.0,4.0,207.0,384.0,0.07262288558772911,0.07510528703488584,0.0078125,0.125,6400000.0
37.0,256.0,8.0,9.0,1110.0,901.0,40044.0,139424.0,0.5730843357607888,0.5794118372760027,1.0,1.0,6400000.0
1.0,256.0,8.0,1.0,1.0,1.0,543.0,32.0,-0.0030632107251067353,-0.0017650185808415486,0.25,128.0,6400000.0
1.0,256.0,8.0,1.0,1.0,1.0,543.0,32.0,-0.0030632107251067353,-0.0017650185808415486,0.25,32768.0,6400000.0
1.0,2.0,1.0,1.0,1.0,1.0,35.0,32.0,-0.0030632107251067353,-0.0017650185808415486,0.0078125,32768.0,6400000.0
256.0,256.0,8.0,8.0,9157.0,7532.0,330506.0,1172352.0,0.7009883918373694,0.6863618645705423,4.0,0.0,6400000.0
1.0,256.0,8.0,1.0,1.0,1.0,543.0,32.0,-0.0030632107251067353,-0.0017650185808415486,0.25,2048.0,6400000.0
2.0,2.0,1.0,2.0,6.0,4.0,207.0,384.0,0.07262288558772911,0.07510528703488584,0.0078125,64.0,6400000.0
67.0,256.0,8.0,9.0,2791.0,2048.0,95122.0,319104.0,0.7357470579161088,0.7357477125258471,1.0,0.0625,6400000.0
22.0,256.0,8.0,3.0,168.0,129.0,7618.0,17824.0,0.316439177099364,0.32663957108145203,8.0,2.0,6400000.0
2.0,2.0,1.0,2.0,6.0,4.0,207.0,384.0,0.07262288558772911,0.07510528703488584,0.000976562,32.0,6400000.0
1.0,256.0,8.0,1.0,1.0,1.0,543.0,32.0,-0.0030632107251067353,-0.0017650185808415486,2.0,256.0,6400000.0
11.0,256.0,8.0,3.0,35.0,26.0,2559.0,2752.0,0.23801654357424562,0.2440154241847443,1.0,16.0,6400000.0
256.0,256.0,8.0,8.0,9046.0,7553.0,329137.0,1175712.0,0.6978849693876721,0.6843217354330875,4.0,0.0078125,6400000.0
256.0,256.0,8.0,9.0,9435.0,7738.0,338957.0,1205312.0,0.8092843741021281,0.8155875024595851,1.0,0.00390625,6400000.0
8.0,256.0,8.0,2.0,22.0,16.0,1924.0,1536.0,0.184803559555608,0.19082719424152972,8.0,32.0,6400000.0
1.0,256.0,8.0,1.0,1.0,1.0,543.0,32.0,-0.0030632107251067353,-0.0017650185808415486,2.0,4096.0,6400000.0
55.0,256.0,8.0,8.0,2251.0,1667.0,77420.0,259680.0,0.6477385579711674,0.6460036959657441,4.0,0.125,6400000.0
1.0,256.0,8.0,1.0,1.0,1.0,543.0,32.0,-0.0030632107251067353,-0.0017650185808415486,8.0,512.0,6400000.0
1.0,2.0,1.0,1.0,1.0,1.0,35.0,32.0,-0.0030632107251067353,-0.0017650185808415486,0.00390625,32768.0,6400000.0
38.0,256.0,8.0,8.0,406.0,318.0,15819.0,46016.0,0.47576234244592086,0.49153770398285,4.0,2.0,6400000.0
1.0,256.0,8.0,1.0,1.0,1.0,543.0,32.0,-0.0030632107251067353,-0.0017650185808415486,1.0,256.0,6400000.0
1.0,256.0,8.0,1.0,1.0,1.0,543.0,32.0,-0.0030632107251067353,-0.0017650185808415486,8.0,8192.0,6400000.0
8.0,256.0,8.0,2.0,22.0,16.0,1924.0,1536.0,0.184803559555608,0.19082719424152972,4.0,32.0,6400000.0
1.0,1.0,1.0,2.0,3.0,2.0,108.0,192.0,0.03911015413878083,0.040912063041146696,0.000976562,0.125,6400000.0
1.0,2.0,1.0,1.0,1.0,1.0,35.0,32.0,-0.0030632107251067353,-0.0017650185808415486,0.00195312,32768.0,6400000.0
256.0,256.0,8.0,3.0,7404.0,6905.0,286045.0,1072032.0,0.2746480252229011,0.2732449987896478,16.0,0.000976562,6400000.0
72.0,256.0,8.0,9.0,3021.0,2232.0,103430.0,347904.0,0.7296264032107889,0.7388396337248551,0.5,0.0625,6400000.0
256.0,256.0,8.0,9.0,9414.0,7750.0,339652.0,1207232.0,0.8132604719172779,0.8194210825954654,0.5,0.00390625,6400000.0
2.0,2.0,1.0,2.0,6.0,4.0,207.0,384.0,0.07262288558772911,0.07510528703488584,0.00390625,64.0,6400000.0
256.0,256.0,8.0,9.0,9535.0,7727.0,341015.0,1203552.0,0.8165235956392719,0.8083626787995697,2.0,0.0,6400000.0
1.0,256.0,8.0,1.0,1.0,1.0,543.0,32.0,-0.0030632107251067353,-0.0017650185808415486,1.0,4096.0,6400000.0
36.0,256.0,8.0,9.0,1134.0,912.0,40303.0,141312.0,0.5929709476756271,0.5972258269288702,0.5,1.0,6400000.0
1.0,256.0,8.0,1.0,1.0,1.0,543.0,32.0,-0.0030632107251067353,-0.0017650185808415486,4.0,512.0,6400000.0
90.0,256.0,8.0,3.0,2885.0,2476.0,108255.0,384640.0,0.2973978305559202,0.3109882654113394,16.0,0.015625,6400000.0
34.0,256.0,8.0,3.0,614.0,514.0,23726.0,77888.0,0.3258564075379592,0.332834297270022,16.0,0.25,6400000.0
2.0,2.0,1.0,2.0,6.0,4.0,207.0,384.0,0.07262288558772911,0.07510528703488584,0.00390625,0.125,6400000.0
11.0,256.0,8.0,3.0,35.0,26.0,2559.0,2752.0,0.23801654357424562,0.2440154241847443,0.5,16.0,6400000.0
48.0,256.0,8.0,9.0,2069.0,1488.0,69860.0,231936.0,0.6954372530477593,0.6901746121722393,2.0,0.125,6400000.0
256.0,256.0,8.0,9.0,9409.0,7827.0,341441.0,1219552.0,0.819441841455387,0.8186386764534622,2.0,0.0078125,6400000.0
19.0,256.0,8.0,3.0,110.0,83.0,5428.0,10848.0,0.3078232849852275,0.3144164768351574,16.0,4.0,6400000.0
1.0,1.0,1.0,2.0,3.0,2.0,108.0,192.0,0.03911015413878083,0.040912063041146696,1.0,0.125,6400000.0
1.0,256.0,8.0,1.0,1.0,1.0,543.0,32.0,-0.0030632107251067353,-0.0017650185808415486,0.5,256.0,6400000.0
26.0,256.0,8.0,8.0,413.0,314.0,16015.0,46912.0,0.4887672487728575,0.4936813378771219,2.0,2.0,6400000.0
2.0,2.0,1.0,2.0,6.0,4.0,207.0,384.0,0.07262288558772911,0.07510528703488584,0.00195312,64.0,6400000.0
3.0,256.0,8.0,2.0,9.0,6.0,1295.0,576.0,0.10115259004895938,0.10346957106453547,16.0,64.0,6400000.0
1.0,256.0,8.0,1.0,1.0,1.0,543.0,32.0,-0.0030632107251067353,-0.0017650185808415486,16.0,1024.0,6400000.0
2.0,2.0,1.0,2.0,6.0,4.0,207.0,384.0,0.07262288558772911,0.07510528703488584,0.00195312,0.125,6400000.0
1.0,256.0,8.0,1.0,1.0,1.0,543.0,32.0,-0.0030632107251067353,-0.0017650185808415486,0.5,4096.0,6400000.0
2.0,2.0,1.0,2.0,6.0,4.0,207.0,384.0,0.07262288558772911,0.07510528703488584,0.015625,0.25,6400000.0
8.0,256.0,8.0,2.0,22.0,16.0,1924.0,1536.0,0.184803559555608,0.19082719424152972,2.0,32.0,6400000.0
1.0,256.0,8.0,1.0,1.0,1.0,543.0,32.0,-0.0030632107251067353,-0.0017650185808415486,4.0,8192.0,6400000.0
1.0,256.0,8.0,1.0,1.0,1.0,543.0,32.0,-0.0030632107251067353,-0.0017650185808415486,16.0,16384.0,6400000.0
77.0,256.0,8.0,2.0,2312.0,2093.0,90013.0,325024.0,0.24716040929160277,0.25284904346328285,32.0,0.00195312,6400000.0
81.0,256.0,8.0,3.0,2733.0,2320.0,102246.0,360832.0,0.30248925094372847,0.30936647771784054,8.0,0.015625,6400000.0
1.0,2.0,1.0,1.0,1.0,1.0,35.0,32.0,-0.0030632107251067353,-0.0017650185808415486,0.000976562,32768.0,6400000.0
256.0,256.0,8.0,9.0,9553.0,7720.0,340977.0,1202432.0,0.8088778660390049,0.8147383097700739,1.0,0.0,6400000.0
256.0,256.0,8.0,3.0,7586.0,7084.0,293270.0,1100672.0,0.2813253282739796,0.2665936536271062,8.0,0.000976562,6400000.0
34.0,256.0,8.0,3.0,679.0,569.0,25857.0,86688.0,0.32889219929449165,0.3373438448045518,8.0,0.25,6400000.0
2.0,2.0,1.0,2.0,6.0,4.0,207.0,384.0,0.07262288558772911,0.07510528703488584,0.0078125,0.25,6400000.0
35.0,256.0,8.0,9.0,443.0,339.0,16816.0,49760.0,0.47730715717397076,0.4865154780906841,1.0,2.0,6400000.0
1.0,2.0,1.0,1.0,1.0,1.0,35.0,32.0,-0.0030632107251067353,-0.0017650185808415486,0.0078125,128.0,6400000.0
2.0,2.0,1.0,2.0,6.0,4.0,207.0,384.0,0.07262288558772911,0.07510528703488584,0.015625,0.0,6400000.0
60.0,256.0,8.0,9.0,2310.0,1704.0,78529.0,264960.0,0.7138667131608694,0.7145507879439446,1.0,0.125,6400000.0
19.0,256.0,8.0,3.0,112.0,85.0,5565.0,11168.0,0.3078034380468804,0.3159020086450115,8.0,4.0,6400000.0
256.0,256.0,8.0,8.0,9175.0,7554.0,331475.0,1175872.0,0.699417271613112,0.6808371392400225,4.0,0.000976562,6400000.0
28.0,256.0,8.0,2.0,169.0,148.0,8044.0,20096.0,0.2583267179155011,0.26924795824128556,32.0,0.5,6400000.0
1.0,256.0,8.0,1.0,1.0,1.0,543.0,32.0,-0.0030632107251067353,-0.0017650185808415486,2.0,512.0,6400000.0
15.0,256.0,8.0,2.0,47.0,34.0,3196.0,3520.0,0.23483331904090687,0.24244665993785774,32.0,8.0,6400000.0
43.0,256.0,8.0,2.0,956.0,831.0,36891.0,127456.0,0.2495036172878049,0.2599850696109003,32.0,0.03125,6400000.0
3.0,256.0,8.0,2.0,9.0,6.0,1295.0,576.0,0.10115259004895938,0.10346957106453547,8.0,64.0,6400000.0
8.0,256.0,8.0,2.0,22.0,16.0,1924.0,1536.0,0.184803559555608,0.19082719424152972,1.0,32.0,6400000.0
1.0,256.0,8.0,1.0,1.0,1.0,543.0,32.0,-0.0030632107251067353,-0.0017650185808415486,2.0,8192.0,6400000.0
1.0,256.0,8.0,1.0,1.0,1.0,543.0,32.0,-0.0030632107251067353,-0.0017650185808415486,32.0,128.0,6400000.0
49.0,256.0,8.0,8.0,1932.0,1492.0,67617.0,232448.0,0.6546200980428775,0.6381220675305668,4.0,0.25,6400000.0
92.0,256.0,8.0,8.0,3813.0,2828.0,131543.0,440704.0,0.6870534565248951,0.6715972112287135,4.0,0.015625,6400000.0
256.0,256.0,8.0,9.0,9223.0,7681.0,334414.0,1196192.0,0.8158370772011319,0.8184345704011249,1.0,0.0078125,6400000.0
2.0,2.0,1.0,2.0,6.0,4.0,207.0,384.0,0.07262288558772911,0.07510528703488584,0.0078125,0.0,6400000.0
26.0,256.0,8.0,5.0,149.0,114.0,7039.0,14912.0,0.352960107957759,0.3577042326919795,4.0,4.0,6400000.0
1.0,256.0,8.0,1.0,1.0,1.0,543.0,32.0,-0.0030632107251067353,-0.0017650185808415486,8.0,16384.0,6400000.0
1.0,256.0,8.0,1.0,1.0,1.0,543.0,32.0,-0.0030632107251067353,-0.0017650185808415486,1.0,512.0,6400000.0
1.0,256.0,8.0,1.0,1.0,1.0,543.0,32.0,-0.0030632107251067353,-0.0017650185808415486,8.0,1024.0,6400000.0
3.0,256.0,8.0,2.0,9.0,6.0,1295.0,576.0,0.10115259004895938,0.10346957106453547,4.0,64.0,6400000.0
2.0,2.0,1.0,2.0,6.0,4.0,207.0,384.0,0.07262288558772911,0.07510528703488584,0.00390625,0.0,6400000.0
1.0,1.0,1.0,2.0,3.0,2.0,108.0,192.0,0.03911015413878083,0.040912063041146696,0.000976562,0.25,6400000.0
1.0,256.0,8.0,1.0,1.0,1.0,543.0,32.0,-0.0030632107251067353,-0.0017650185808415486,32.0,2048.0,6400000.0
1.0,256.0,8.0,1.0,1.0,1.0,543.0,32.0,-0.0030632107251067353,-0.0017650185808415486,1.0,8192.0,6400000.0
256.0,256.0,8.0,3.0,7468.0,6967.0,288620.0,1081952.0,0.2763410503422762,0.2748509101912988,16.0,0.00195312,6400000.0
1.0,2.0,1.0,1.0,1.0,1.0,35.0,32.0,-0.0030632107251067353,-0.0017650185808415486,0.00390625,128.0,6400000.0
1.0,256.0,8.0,1.0,1.0,1.0,543.0,32.0,-0.0030632107251067353,-0.0017650185808415486,32.0,32768.0,6400000.0
110.0,256.0,8.0,3.0,3260.0,2859.0,123376.0,443360.0,0.2927067018492395,0.30618059345138315,16.0,0.03125,6400000.0
1.0,256.0,8.0,1.0,1.0,1.0,543.0,32.0,-0.0030632107251067353,-0.0017650185808415486,4.0,1024.0,6400000.0
32.0,256.0,8.0,3.0,346.0,289.0,14076.0,42144.0,0.33082847083562705,0.33835359326862824,16.0,0.5,6400000.0
256.0,256.0,8.0,9.0,9467.0,7692.0,339117.0,1197952.0,0.8114754345126789,0.8064840806607376,2.0,0.000976562,6400000.0
2.0,2.0,1.0,2.0,6.0,4.0,207.0,384.0,0.07262288558772911,0.07510528703488584,0.00390625,0.25,6400000.0
99.0,256.0,8.0,2.0,2755.0,2539.0,107581.0,393568.0,0.24479944744320392,0.250648548212702,64.0,0.00390625,6400000.0
1.0,1.0,1.0,2.0,3.0,2.0,108.0,192.0,0.03911015413878083,0.040912063041146696,1.0,0.25,6400000.0
15.0,256.0,8.0,2.0,47.0,34.0,3196.0,3520.0,0.23483331904090687,0.24244665993785774,16.0,8.0,6400000.0
49.0,256.0,8.0,9.0,1982.0,1502.0,68774.0,234048.0,0.7021553743181248,0.6971228010856587,2.0,0.25,6400000.0
26.0,256.0,8.0,8.0,176.0,132.0,8080.0,17792.0,0.39720646641485025,0.407163168521929,2.0,4.0,6400000.0
1.0,2.0,1.0,1.0,1.0,1.0,35.0,32.0,-0.0030632107251067353,-0.0017650185808415486,0.015625,256.0,6400000.0
43.0,256.0,8.0,2.0,726.0,634.0,28741.0,95936.0,0.24980045055688938,0.26173040333517594,64.0,0.0625,6400000.0
149.0,256.0,8.0,9.0,5809.0,4544.0,204783.0,707968.0,0.7849749113540564,0.7923586793075097,2.0,0.015625,6400000.0
1.0,2.0,1.0,1.0,1.0,1.0,35.0,32.0,-0.0030632107251067353,-0.0017650185808415486,0.00195312,128.0,6400000.0
1.0,256.0,8.0,1.0,1.0,1.0,543.0,32.0,-0.0030632107251067353,-0.0017650185808415486,16.0,128.0,6400000.0
1.0,256.0,8.0,1.0,1.0,1.0,543.0,32.0,-0.0030632107251067353,-0.0017650185808415486,16.0,2048.0,6400000.0
2.0,2.0,1.0,2.0,6.0,4.0,207.0,384.0,0.07262288558772911,0.07510528703488584,0.015625,0.5,6400000.0
25.0,256.0,8.0,2.0,113.0,94.0,5772.0,11840.0,0.25446652674505144,0.26625990280383205,64.0,1.0,6400000.0
2.0,2.0,1.0,2.0,6.0,4.0,207.0,384.0,0.07262288558772911,0.07510528703488584,0.00195312,0.25,6400000.0
1.0,256.0,8.0,1.0,1.0,1.0,543.0,32.0,-0.0030632107251067353,-0.0017650185808415486,16.0,32768.0,6400000.0
3.0,256.0,8.0,2.0,9.0,6.0,1295.0,576.0,0.10115259004895938,0.10346957106453547,2.0,64.0,6400000.0
1.0,256.0,8.0,1.0,1.0,1.0,543.0,32.0,-0.0030632107251067353,-0.0017650185808415486,4.0,16384.0,6400000.0
67.0,256.0,8.0,3.0,2215.0,1859.0,82861.0,288864.0,0.31168404775709957,0.3181703007035882,8.0,0.03125,6400000.0
99.0,256.0,8.0,2.0,2755.0,2539.0,107581.0,393568.0,0.24479944744320392,0.250648548212702,32.0,0.00390625,6400000.0
11.0,256.0,8.0,2.0,30.0,22.0,2384.0,2112.0,0.211815897449531,0.21820531799146736,64.0,16.0,6400000.0
2.0,2.0,1.0,2.0,6.0,4.0,207.0,384.0,0.07262288558772911,0.07510528703488584,0.0078125,0.5,6400000.0
256.0,256.0,8.0,3.0,7532.0,7030.0,291141.0,1092032.0,0.2659794523333554,0.2676422406910779,8.0,0.00195312,6400000.0
29.0,256.0,8.0,3.0,333.0,275.0,13322.0,40288.0,0.3296030113505296,0.3361411362526636,8.0,0.5,6400000.0
1.0,2.0,1.0,1.0,1.0,1.0,35.0,32.0,-0.0030632107251067353,-0.0017650185808415486,0.0078125,256.0,6400000.0
1.0,256.0,8.0,1.0,1.0,1.0,543.0,32.0,-0.0030632107251067353,-0.0017650185808415486,64.0,256.0,6400000.0
16.0,256.0,8.0,3.0,67.0,47.0,3700.0,5472.0,0.28428173420704106,0.29213228260301216,8.0,8.0,6400000.0
2.0,2.0,1.0,2.0,6.0,4.0,207.0,384.0,0.07262288558772911,0.07510528703488584,0.015625,0.000976562,6400000.0
1.0,256.0,8.0,1.0,1.0,1.0,543.0,32.0,-0.0030632107251067353,-0.0017650185808415486,64.0,4096.0,6400000.0
25.0,256.0,8.0,2.0,113.0,94.0,5772.0,11840.0,0.25446652674505144,0.26625990280383205,32.0,1.0,6400000.0
256.0,256.0,8.0,8.0,9119.0,7511.0,328874.0,1168992.0,0.6972192542619622,0.6840232288927728,4.0,0.00195312,6400000.0
1.0,256.0,8.0,1.0,1.0,1.0,543.0,32.0,-0.0030632107251067353,-0.0017650185808415486,2.0,1024.0,6400000.0
11.0,256.0,8.0,2.0,30.0,22.0,2384.0,2112.0,0.211815897449531,0.21820531799146736,32.0,16.0,6400000.0
43.0,256.0,8.0,2.0,726.0,634.0,28741.0,95936.0,0.24980045055688938,0.26173040333517594,32.0,0.0625,6400000.0
1.0,256.0,8.0,1.0,1.0,1.0,543.0,32.0,-0.0030632107251067353,-0.0017650185808415486,2.0,16384.0,6400000.0
1.0,256.0,8.0,1.0,1.0,1.0,543.0,32.0,-0.0030632107251067353,-0.0017650185808415486,32.0,256.0,6400000.0
1.0,256.0,8.0,1.0,1.0,1.0,543.0,32.0,-0.0030632107251067353,-0.0017650185808415486,8.0,128.0,6400000.0
1.0,256.0,8.0,1.0,1.0,1.0,543.0,32.0,-0.0030632107251067353,-0.0017650185808415486,128.0,0.0,6400000.0
39.0,256.0,8.0,8.0,1322.0,1021.0,46302.0,158368.0,0.610879012260807,0.6073632667824658,4.0,0.5,6400000.0
81.0,256.0,8.0,8.0,3273.0,2427.0,113059.0,377952.0,0.6747674901429328,0.6636296941884107,4.0,0.03125,6400000.0
1.0,256.0,8.0,1.0,1.0,1.0,543.0,32.0,-0.0030632107251067353,-0.0017650185808415486,128.0,0.0078125,6400000.0
1.0,256.0,8.0,1.0,1.0,1.0,543.0,32.0,-0.0030632107251067353,-0.0017650185808415486,128.0,0.125,6400000.0
16.0,256.0,8.0,3.0,67.0,47.0,3700.0,5472.0,0.28428173420704106,0.29213228260301216,4.0,8.0,6400000.0
2.0,2.0,1.0,2.0,6.0,4.0,207.0,384.0,0.07262288558772911,0.07510528703488584,0.0078125,0.000976562,6400000.0
1.0,256.0,8.0,1.0,1.0,1.0,543.0,32.0,-0.0030632107251067353,-0.0017650185808415486,8.0,32768.0,6400000.0
1.0,256.0,8.0,1.0,1.0,1.0,543.0,32.0,-0.0030632107251067353,-0.0017650185808415486,8.0,2048.0,6400000.0
1.0,256.0,8.0,1.0,1.0,1.0,543.0,32.0,-0.0030632107251067353,-0.0017650185808415486,4.0,128.0,6400000.0
1.0,1.0,1.0,2.0,3.0,2.0,108.0,192.0,0.03911015413878083,0.040912063041146696,0.000976562,0.5,6400000.0
1.0,256.0,8.0,1.0,1.0,1.0,543.0,32.0,-0.0030632107251067353,-0.0017650185808415486,128.0,2.0,6400000.0
2.0,2.0,1.0,2.0,6.0,4.0,207.0,384.0,0.07262288558772911,0.07510528703488584,0.00390625,0.000976562,6400000.0
1.0,256.0,8.0,1.0,1.0,1.0,543.0,32.0,-0.0030632107251067353,-0.0017650185808415486,32.0,4096.0,6400000.0
1.0,2.0,1.0,1.0,1.0,1.0,35.0,32.0,-0.0030632107251067353,-0.0017650185808415486,0.00390625,256.0,6400000.0
46.0,256.0,8.0,3.0,1645.0,1370.0,62024.0,213312.0,0.3145738050321958,0.3183655730348809,16.0,0.0625,6400000.0
25.0,256.0,8.0,3.0,226.0,182.0,9662.0,25920.0,0.32579409067695186,0.33377329909326503,16.0,1.0,6400000.0
98.0,256.0,8.0,2.0,2534.0,2327.0,98883.0,359776.0,0.24553442550057292,0.25173319932655247,64.0,0.0078125,6400000.0
256.0,256.0,8.0,3.0,7208.0,6706.0,278181.0,1040192.0,0.2805104472320892,0.27351384669821277,16.0,0.00390625,6400000.0
1.0,256.0,8.0,1.0,1.0,1.0,543.0,32.0,-0.0030632107251067353,-0.0017650185808415486,128.0,32.0,6400000.0
2.0,2.0,1.0,2.0,6.0,4.0,207.0,384.0,0.07262288558772911,0.07510528703488584,0.00390625,0.5,6400000.0
1.0,256.0,8.0,1.0,1.0,1.0,543.0,32.0,-0.0030632107251067353,-0.0017650185808415486,4.0,2048.0,6400000.0
256.0,256.0,8.0,2.0,6911.0,6658.0,272153.0,1032512.0,0.23899652531633664,0.24183525349403356,64.0,0.0,6400000.0
1.0,256.0,8.0,1.0,1.0,1.0,543.0,32.0,-0.0030632107251067353,-0.0017650185808415486,128.0,512.0,6400000.0
11.0,256.0,8.0,2.0,30.0,22.0,2384.0,2112.0,0.211815897449531,0.21820531799146736,16.0,16.0,6400000.0
1.0,1.0,1.0,2.0,3.0,2.0,108.0,192.0,0.03911015413878083,0.040912063041146696,1.0,0.5,6400000.0
1.0,2.0,1.0,1.0,1.0,1.0,35.0,32.0,-0.0030632107251067353,-0.0017650185808415486,0.00195312,256.0,6400000.0
1.0,256.0,8.0,1.0,1.0,1.0,543.0,32.0,-0.0030632107251067353,-0.0017650185808415486,128.0,8192.0,6400000.0
1.0,256.0,8.0,1.0,1.0,1.0,543.0,32.0,-0.0030632107251067353,-0.0017650185808415486,16.0,256.0,6400000.0
2.0,2.0,1.0,2.0,6.0,4.0,207.0,384.0,0.07262288558772911,0.07510528703488584,0.03125,0.00195312,6400000.0
1.0,2.0,1.0,1.0,1.0,1.0,35.0,32.0,-0.0030632107251067353,-0.0017650185808415486,0.015625,512.0,6400000.0
34.0,256.0,8.0,2.0,382.0,332.0,15840.0,48768.0,0.2525339229655874,0.2678891556422792,64.0,0.125,6400000.0
23.0,256.0,8.0,2.0,96.0,78.0,5189.0,9536.0,0.25348208415856677,0.264691761708014,64.0,2.0,6400000.0
1.0,256.0,8.0,1.0,1.0,1.0,543.0,32.0,-0.0030632107251067353,-0.0017650185808415486,16.0,4096.0,6400000.0
2.0,2.0,1.0,2.0,6.0,4.0,207.0,384.0,0.07262288558772911,0.07510528703488584,0.015625,1.0,6400000.0
1.0,256.0,8.0,1.0,1.0,1.0,543.0,32.0,-0.0030632107251067353,-0.0017650185808415486,256.0,0.000976562,6400000.0
1.0,256.0,8.0,1.0,1.0,1.0,543.0,32.0,-0.0030632107251067353,-0.0017650185808415486,4.0,32768.0,6400000.0
256.0,256.0,8.0,2.0,6911.0,6658.0,272153.0,1032512.0,0.23899652531633664,0.24183525349403356,32.0,0.0,6400000.0
1.0,256.0,8.0,1.0,1.0,1.0,543.0,32.0,-0.0030632107251067353,-0.0017650185808415486,256.0,0.015625,6400000.0
1.0,256.0,8.0,1.0,1.0,1.0,543.0,32.0,-0.0030632107251067353,-0.0017650185808415486,256.0,0.25,6400000.0
45.0,256.0,8.0,3.0,1505.0,1241.0,56130.0,192800.0,0.31823448662706766,0.32871968207178914,8.0,0.0625,6400000.0
98.0,256.0,8.0,2.0,2534.0,2327.0,98883.0,359776.0,0.24553442550057292,0.25173319932655247,32.0,0.0078125,6400000.0
2.0,2.0,1.0,2.0,6.0,4.0,207.0,384.0,0.07262288558772911,0.07510528703488584,0.0078125,1.0,6400000.0
119.0,256.0,8.0,3.0,3728.0,3262.0,140605.0,506688.0,0.30075090205855326,0.29982527178819507,8.0,0.00390625,6400000.0
11.0,256.0,8.0,2.0,30.0,22.0,2384.0,2112.0,0.211815897449531,0.21820531799146736,8.0,16.0,6400000.0
27.0,256.0,8.0,3.0,223.0,177.0,9469.0,24864.0,0.3226189820098575,0.33226569260685335,8.0,1.0,6400000.0
8.0,256.0,8.0,2.0,22.0,16.0,1924.0,1536.0,0.184803559555608,0.19082719424152972,64.0,32.0,6400000.0
1.0,256.0,8.0,1.0,1.0,1.0,543.0,32.0,-0.0030632107251067353,-0.0017650185808415486,64.0,512.0,6400000.0
1.0,2.0,1.0,1.0,1.0,1.0,35.0,32.0,-0.0030632107251067353,-0.0017650185808415486,0.0078125,512.0,6400000.0
2.0,2.0,1.0,2.0,6.0,4.0,207.0,384.0,0.07262288558772911,0.07510528703488584,0.015625,0.00195312,6400000.0
23.0,256.0,8.0,2.0,96.0,78.0,5189.0,9536.0,0.25348208415856677,0.264691761708014,32.0,2.0,6400000.0
1.0,256.0,8.0,1.0,1.0,1.0,543.0,32.0,-0.0030632107251067353,-0.0017650185808415486,8.0,256.0,6400000.0
1.0,256.0,8.0,1.0,1.0,1.0,543.0,32.0,-0.0030632107251067353,-0.0017650185808415486,32.0,512.0,6400000.0
1.0,256.0,8.0,1.0,1.0,1.0,543.0,32.0,-0.0030632107251067353,-0.0017650185808415486,64.0,8192.0,6400000.0
8.0,256.0,8.0,2.0,22.0,16.0,1924.0,1536.0,0.184803559555608,0.19082719424152972,32.0,32.0,6400000.0
1.0,256.0,8.0,1.0,1.0,1.0,543.0,32.0,-0.0030632107251067353,-0.0017650185808415486,256.0,4.0,6400000.0
1.0,256.0,8.0,1.0,1.0,1.0,543.0,32.0,-0.0030632107251067353,-0.0017650185808415486,256.0,1024.0,6400000.0
1.0,256.0,8.0,1.0,1.0,1.0,543.0,32.0,-0.0030632107251067353,-0.0017650185808415486,128.0,0.000976562,6400000.0
1.0,256.0,8.0,1.0,1.0,1.0,543.0,32.0,-0.0030632107251067353,-0.0017650185808415486,256.0,64.0,6400000.0
1.0,256.0,8.0,1.0,1.0,1.0,543.0,32.0,-0.0030632107251067353,-0.0017650185808415486,128.0,0.25,6400000.0
1.0,256.0,8.0,1.0,1.0,1.0,543.0,32.0,-0.0030632107251067353,-0.0017650185808415486,128.0,0.015625,6400000.0
2.0,2.0,1.0,2.0,6.0,4.0,207.0,384.0,0.07262288558772911,0.07510528703488584,0.0078125,0.00195312,6400000.0
34.0,256.0,8.0,2.0,382.0,332.0,15840.0,48768.0,0.2525339229655874,0.2678891556422792,32.0,0.125,6400000.0
1.0,256.0,8.0,1.0,1.0,1.0,543.0,32.0,-0.0030632107251067353,-0.0017650185808415486,256.0,16384.0,6400000.0
1.0,256.0,8.0,1.0,1.0,1.0,543.0,32.0,-0.0030632107251067353,-0.0017650185808415486,512.0,0.03125,6400000.0
1.0,256.0,8.0,1.0,1.0,1.0,543.0,32.0,-0.0030632107251067353,-0.0017650185808415486,512.0,0.00195312,6400000.0
1.0,256.0,8.0,1.0,1.0,1.0,543.0,32.0,-0.0030632107251067353,-0.0017650185808415486,8.0,4096.0,6400000.0
256.0,256.0,8.0,3.0,7354.0,6851.0,284013.0,1063392.0,0.2762960786406259,0.2734764537353621,16.0,0.0,6400000.0
1.0,1.0,1.0,2.0,3.0,2.0,108.0,192.0,0.03911015413878083,0.040912063041146696,0.000976562,1.0,6400000.0
2.0,2.0,1.0,2.0,6.0,4.0,207.0,384.0,0.07262288558772911,0.07510528703488584,0.00390625,0.00195312,6400000.0
2.0,2.0,1.0,2.0,6.0,4.0,207.0,384.0,0.07262288558772911,0.07510528703488584,0.03125,2.0,6400000.0
1.0,256.0,8.0,1.0,1.0,1.0,543.0,32.0,-0.0030632107251067353,-0.0017650185808415486,128.0,4.0,6400000.0
1.0,256.0,8.0,1.0,1.0,1.0,543.0,32.0,-0.0030632107251067353,-0.0017650185808415486,32.0,8192.0,6400000.0
45.0,256.0,8.0,2.0,1321.0,1159.0,51449.0,179680.0,0.24935693130970082,0.2580753510772601,64.0,0.015625,6400000.0
1.0,2.0,1.0,1.0,1.0,1.0,35.0,32.0,-0.0030632107251067353,-0.0017650185808415486,0.00390625,512.0,6400000.0
36.0,256.0,8.0,3.0,1105.0,919.0,41439.0,142432.0,0.32477217990220264,0.33093988995308277,16.0,0.125,6400000.0
24.0,256.0,8.0,3.0,160.0,127.0,7112.0,17248.0,0.3204285445846151,0.3289017834788842,16.0,2.0,6400000.0
2.0,2.0,1.0,2.0,6.0,4.0,207.0,384.0,0.07262288558772911,0.07510528703488584,0.00390625,1.0,6400000.0
1.0,256.0,8.0,1.0,1.0,1.0,543.0,32.0,-0.0030632107251067353,-0.0017650185808415486,128.0,1024.0,6400000.0
103.0,256.0,8.0,3.0,3365.0,2904.0,126346.0,451456.0,0.29546971142931555,0.3031813200843919,16.0,0.0078125,6400000.0
1.0,256.0,8.0,1.0,1.0,1.0,543.0,32.0,-0.0030632107251067353,-0.0017650185808415486,128.0,64.0,6400000.0
1.0,1.0,1.0,2.0,3.0,2.0,108.0,192.0,0.03911015413878083,0.040912063041146696,1.0,1.0,6400000.0
30.0,256.0,8.0,2.0,240.0,210.0,10461.0,29760.0,0.25645278315202447,0.2688286878277909,64.0,0.25,6400000.0
8.0,256.0,8.0,2.0,22.0,16.0,1924.0,1536.0,0.184803559555608,0.19082719424152972,16.0,32.0,6400000.0
1.0,256.0,8.0,1.0,1.0,1.0,543.0,32.0,-0.0030632107251067353,-0.0017650185808415486,16.0,512.0,6400000.0
1.0,2.0,1.0,1.0,1.0,1.0,35.0,32.0,-0.0030632107251067353,-0.0017650185808415486,0.015625,1024.0,6400000.0
2.0,2.0,1.0,2.0,6.0,4.0,207.0,384.0,0.07262288558772911,0.07510528703488584,0.03125,0.00390625,6400000.0
237.0,256.0,8.0,2.0,5977.0,5743.0,235252.0,888544.0,0.23943837555391068,0.24234505351874436,64.0,0.000976562,6400000.0
1.0,256.0,8.0,1.0,1.0,1.0,543.0,32.0,-0.0030632107251067353,-0.0017650185808415486,128.0,16384.0,6400000.0
2.0,2.0,1.0,2.0,6.0,4.0,207.0,384.0,0.07262288558772911,0.07510528703488584,0.015625,2.0,6400000.0
1.0,256.0,8.0,1.0,1.0,1.0,543.0,32.0,-0.0030632107251067353,-0.0017650185808415486,16.0,8192.0,6400000.0
20.0,256.0,8.0,2.0,81.0,65.0,4614.0,7840.0,0.25194387259795514,0.2611969990570394,64.0,4.0,6400000.0
1.0,256.0,8.0,1.0,1.0,1.0,543.0,32.0,-0.0030632107251067353,-0.0017650185808415486,512.0,0.5,6400000.0
1.0,256.0,8.0,1.0,1.0,1.0,543.0,32.0,-0.0030632107251067353,-0.0017650185808415486,512.0,8.0,6400000.0
1.0,256.0,8.0,1.0,1.0,1.0,543.0,32.0,-0.0030632107251067353,-0.0017650185808415486,256.0,0.03125,6400000.0
1.0,256.0,8.0,1.0,1.0,1.0,543.0,32.0,-0.0030632107251067353,-0.0017650185808415486,256.0,0.00195312,6400000.0
237.0,256.0,8.0,2.0,5977.0,5743.0,235252.0,888544.0,0.23943837555391068,0.24234505351874436,32.0,0.000976562,6400000.0
1.0,256.0,8.0,1.0,1.0,1.0,543.0,32.0,-0.0030632107251067353,-0.0017650185808415486,512.0,128.0,6400000.0
1.0,256.0,8.0,1.0,1.0,1.0,543.0,32.0,-0.0030632107251067353,-0.0017650185808415486,512.0,2048.0,6400000.0
1.0,256.0,8.0,1.0,1.0,1.0,543.0,32.0,-0.0030632107251067353,-0.0017650185808415486,256.0,0.5,6400000.0
45.0,256.0,8.0,2.0,1321.0,1159.0,51449.0,179680.0,0.24935693130970082,0.2580753510772601,32.0,0.015625,6400000.0
2.0,2.0,1.0,2.0,6.0,4.0,207.0,384.0,0.07262288558772911,0.07510528703488584,0.0078125,2.0,6400000.0
1.0,256.0,8.0,1.0,1.0,1.0,543.0,32.0,-0.0030632107251067353,-0.0017650185808415486,64.0,1024.0,6400000.0
1.0,2.0,1.0,1.0,1.0,1.0,35.0,32.0,-0.0030632107251067353,-0.0017650185808415486,0.0078125,1024.0,6400000.0
1.0,256.0,8.0,1.0,1.0,1.0,543.0,32.0,-0.0030632107251067353,-0.0017650185808415486,512.0,32768.0,6400000.0
1.0,256.0,8.0,1.0,1.0,1.0,543.0,32.0,-0.0030632107251067353,-0.0017650185808415486,32.0,1024.0,6400000.0
1.0,256.0,8.0,1.0,1.0,1.0,543.0,32.0,-0.0030632107251067353,-0.0017650185808415486,1024.0,0.0625,6400000.0
1.0,256.0,8.0,1.0,1.0,1.0,543.0,32.0,-0.0030632107251067353,-0.0017650185808415486,1024.0,0.00390625,6400000.0
1.0,256.0,8.0,1.0,1.0,1.0,543.0,32.0,-0.0030632107251067353,-0.0017650185808415486,64.0,16384.0,6400000.0
3.0,256.0,8.0,2.0,9.0,6.0,1295.0,576.0,0.10115259004895938,0.10346957106453547,32.0,64.0,6400000.0
2.0,2.0,1.0,2.0,6.0,4.0,207.0,384.0,0.07262288558772911,0.07510528703488584,0.015625,0.00390625,6400000.0
20.0,256.0,8.0,2.0,81.0,65.0,4614.0,7840.0,0.25194387259795514,0.2611969990570394,32.0,4.0,6400000.0
1.0,256.0,8.0,1.0,1.0,1.0,543.0,32.0,-0.0030632107251067353,-0.0017650185808415486,256.0,8.0,6400000.0
1.0,256.0,8.0,1.0,1.0,1.0,543.0,32.0,-0.0030632107251067353,-0.0017650185808415486,64.0,64.0,6400000.0
1.0,256.0,8.0,1.0,1.0,1.0,543.0,32.0,-0.0030632107251067353,-0.0017650185808415486,128.0,0.00195312,6400000.0
1.0,256.0,8.0,1.0,1.0,1.0,543.0,32.0,-0.0030632107251067353,-0.0017650185808415486,256.0,2048.0,6400000.0
1.0,256.0,8.0,1.0,1.0,1.0,543.0,32.0,-0.0030632107251067353,-0.0017650185808415486,1024.0,1.0,6400000.0
1.0,256.0,8.0,1.0,1.0,1.0,543.0,32.0,-0.0030632107251067353,-0.0017650185808415486,256.0,128.0,6400000.0
1.0,256.0,8.0,1.0,1.0,1.0,543.0,32.0,-0.0030632107251067353,-0.0017650185808415486,128.0,0.5,6400000.0
30.0,256.0,8.0,2.0,240.0,210.0,10461.0,29760.0,0.25645278315202447,0.2688286878277909,32.0,0.25,6400000.0
1.0,256.0,8.0,1.0,1.0,1.0,543.0,32.0,-0.0030632107251067353,-0.0017650185808415486,128.0,0.03125,6400000.0
1.0,256.0,8.0,1.0,1.0,1.0,543.0,32.0,-0.0030632107251067353,-0.0017650185808415486,256.0,32768.0,6400000.0
2.0,2.0,1.0,2.0,6.0,4.0,207.0,384.0,0.07262288558772911,0.07510528703488584,0.0078125,0.00390625,6400000.0
1.0,256.0,8.0,1.0,1.0,1.0,543.0,32.0,-0.0030632107251067353,-0.0017650185808415486,512.0,0.00390625,6400000.0
1.0,256.0,8.0,1.0,1.0,1.0,543.0,32.0,-0.0030632107251067353,-0.0017650185808415486,512.0,0.0625,6400000.0
1.0,256.0,8.0,1.0,1.0,1.0,543.0,32.0,-0.0030632107251067353,-0.0017650185808415486,1024.0,16.0,6400000.0
1.0,1.0,1.0,2.0,3.0,2.0,108.0,192.0,0.03911015413878083,0.040912063041146696,0.000976562,2.0,6400000.0
1.0,256.0,8.0,1.0,1.0,1.0,543.0,32.0,-0.0030632107251067353,-0.0017650185808415486,1024.0,256.0,6400000.0
2.0,2.0,1.0,2.0,6.0,4.0,207.0,384.0,0.07262288558772911,0.07510528703488584,0.03125,4.0,6400000.0
1.0,256.0,8.0,1.0,1.0,1.0,543.0,32.0,-0.0030632107251067353,-0.0017650185808415486,32.0,16384.0,6400000.0
1.0,256.0,8.0,1.0,1.0,1.0,543.0,32.0,-0.0030632107251067353,-0.0017650185808415486,128.0,8.0,6400000.0
1.0,1.0,1.0,2.0,3.0,2.0,108.0,192.0,0.03911015413878083,0.040912063041146696,1.0,4.0,6400000.0
2.0,2.0,1.0,2.0,6.0,4.0,207.0,384.0,0.07262288558772911,0.07510528703488584,0.00390625,2.0,6400000.0
43.0,256.0,8.0,2.0,956.0,831.0,36891.0,127456.0,0.2495036172878049,0.2599850696109003,64.0,0.03125,6400000.0
1.0,2.0,1.0,1.0,1.0,1.0,35.0,32.0,-0.0030632107251067353,-0.0017650185808415486,0.00390625,1024.0,6400000.0
1.0,256.0,8.0,1.0,1.0,1.0,543.0,32.0,-0.0030632107251067353,-0.0017650185808415486,128.0,2048.0,6400000.0
1.0,256.0,8.0,1.0,1.0,1.0,543.0,32.0,-0.0030632107251067353,-0.0017650185808415486,128.0,128.0,6400000.0
1.0,256.0,8.0,1.0,1.0,1.0,543.0,32.0,-0.0030632107251067353,-0.0017650185808415486,1024.0,4096.0,6400000.0
1.0,1.0,1.0,2.0,3.0,2.0,108.0,192.0,0.03911015413878083,0.040912063041146696,1.0,2.0,6400000.0
1.0,2.0,1.0,1.0,1.0,1.0,35.0,32.0,-0.0030632107251067353,-0.0017650185808415486,0.03125,2048.0,6400000.0
28.0,256.0,8.0,2.0,169.0,148.0,8044.0,20096.0,0.2583267179155011,0.26924795824128556,64.0,0.5,6400000.0
1.0,256.0,8.0,1.0,1.0,1.0,543.0,32.0,-0.0030632107251067353,-0.0017650185808415486,2048.0,0.0,6400000.0
2.0,2.0,1.0,2.0,6.0,4.0,207.0,384.0,0.07262288558772911,0.07510528703488584,0.015625,4.0,6400000.0
1.0,2.0,1.0,1.0,1.0,1.0,35.0,32.0,-0.0030632107251067353,-0.0017650185808415486,0.015625,2048.0,6400000.0
2.0,2.0,1.0,2.0,6.0,4.0,207.0,384.0,0.07262288558772911,0.07510528703488584,0.03125,0.0078125,6400000.0
1.0,256.0,8.0,1.0,1.0,1.0,543.0,32.0,-0.0030632107251067353,-0.0017650185808415486,2048.0,0.125,6400000.0
77.0,256.0,8.0,2.0,2312.0,2093.0,90013.0,325024.0,0.24716040929160277,0.25284904346328285,64.0,0.00195312,6400000.0
1.0,256.0,8.0,1.0,1.0,1.0,543.0,32.0,-0.0030632107251067353,-0.0017650185808415486,512.0,16.0,6400000.0
1.0,256.0,8.0,1.0,1.0,1.0,543.0,32.0,-0.0030632107251067353,-0.0017650185808415486,128.0,32768.0,6400000.0
1.0,256.0,8.0,1.0,1.0,1.0,543.0,32.0,-0.0030632107251067353,-0.0017650185808415486,2048.0,0.0078125,6400000.0
1.0,256.0,8.0,1.0,1.0,1.0,543.0,32.0,-0.0030632107251067353,-0.0017650185808415486,512.0,1.0,6400000.0
15.0,256.0,8.0,2.0,47.0,34.0,3196.0,3520.0,0.23483331904090687,0.24244665993785774,64.0,8.0,6400000.0
1.0,256.0,8.0,1.0,1.0,1.0,543.0,32.0,-0.0030632107251067353,-0.0017650185808415486,256.0,0.0625,6400000.0
1.0,256.0,8.0,1.0,1.0,1.0,543.0,32.0,-0.0030632107251067353,-0.0017650185808415486,256.0,0.00390625,6400000.0
1.0,256.0,8.0,1.0,1.0,1.0,543.0,32.0,-0.0030632107251067353,-0.0017650185808415486,512.0,4096.0,6400000.0
1.0,256.0,8.0,1.0,1.0,1.0,543.0,32.0,-0.0030632107251067353,-0.0017650185808415486,2048.0,2.0,6400000.0
1.0,256.0,8.0,1.0,1.0,1.0,543.0,32.0,-0.0030632107251067353,-0.0017650185808415486,512.0,256.0,6400000.0
1.0,256.0,8.0,1.0,1.0,1.0,543.0,32.0,-0.0030632107251067353,-0.0017650185808415486,2048.0,32.0,6400000.0
1.0,256.0,8.0,1.0,1.0,1.0,543.0,32.0,-0.0030632107251067353,-0.0017650185808415486,256.0,1.0,6400000.0
2.0,2.0,1.0,2.0,6.0,4.0,207.0,384.0,0.07262288558772911,0.07510528703488584,0.0078125,4.0,6400000.0
1.0,256.0,8.0,1.0,1.0,1.0,543.0,32.0,-0.0030632107251067353,-0.0017650185808415486,2048.0,512.0,6400000.0
1.0,2.0,1.0,1.0,1.0,1.0,35.0,32.0,-0.0030632107251067353,-0.0017650185808415486,0.0078125,2048.0,6400000.0
1.0,256.0,8.0,1.0,1.0,1.0,543.0,32.0,-0.0030632107251067353,-0.0017650185808415486,64.0,2048.0,6400000.0
1.0,256.0,8.0,1.0,1.0,1.0,543.0,32.0,-0.0030632107251067353,-0.0017650185808415486,1024.0,0.125,6400000.0
1.0,256.0,8.0,1.0,1.0,1.0,543.0,32.0,-0.0030632107251067353,-0.0017650185808415486,1024.0,0.0078125,6400000.0
1.0,256.0,8.0,1.0,1.0,1.0,543.0,32.0,-0.0030632107251067353,-0.0017650185808415486,256.0,16.0,6400000.0
1.0,256.0,8.0,1.0,1.0,1.0,543.0,32.0,-0.0030632107251067353,-0.0017650185808415486,1024.0,0.0,6400000.0
1.0,256.0,8.0,1.0,1.0,1.0,543.0,32.0,-0.0030632107251067353,-0.0017650185808415486,64.0,32768.0,6400000.0
1.0,256.0,8.0,1.0,1.0,1.0,543.0,32.0,-0.0030632107251067353,-0.0017650185808415486,64.0,128.0,6400000.0
1.0,256.0,8.0,1.0,1.0,1.0,543.0,32.0,-0.0030632107251067353,-0.0017650185808415486,256.0,4096.0,6400000.0
1.0,256.0,8.0,1.0,1.0,1.0,543.0,32.0,-0.0030632107251067353,-0.0017650185808415486,1024.0,2.0,6400000.0
2.0,2.0,1.0,2.0,6.0,4.0,207.0,384.0,0.07262288558772911,0.07510528703488584,0.015625,0.0078125,6400000.0
1.0,256.0,8.0,1.0,1.0,1.0,543.0,32.0,-0.0030632107251067353,-0.0017650185808415486,128.0,0.00390625,6400000.0
1.0,256.0,8.0,1.0,1.0,1.0,543.0,32.0,-0.0030632107251067353,-0.0017650185808415486,4096.0,0.000976562,6400000.0
1.0,256.0,8.0,1.0,1.0,1.0,543.0,32.0,-0.0030632107251067353,-0.0017650185808415486,2048.0,8192.0,6400000.0
1.0,256.0,8.0,1.0,1.0,1.0,543.0,32.0,-0.0030632107251067353,-0.0017650185808415486,128.0,1.0,6400000.0
1.0,256.0,8.0,1.0,1.0,1.0,543.0,32.0,-0.0030632107251067353,-0.0017650185808415486,4096.0,0.015625,6400000.0
2.0,2.0,1.0,2.0,6.0,4.0,207.0,384.0,0.07262288558772911,0.07510528703488584,0.0078125,0.0078125,6400000.0
1.0,256.0,8.0,1.0,1.0,1.0,543.0,32.0,-0.0030632107251067353,-0.0017650185808415486,256.0,256.0,6400000.0
1.0,256.0,8.0,1.0,1.0,1.0,543.0,32.0,-0.0030632107251067353,-0.0017650185808415486,512.0,0.0,6400000.0
1.0,256.0,8.0,1.0,1.0,1.0,543.0,32.0,-0.0030632107251067353,-0.0017650185808415486,128.0,0.0625,6400000.0
1.0,256.0,8.0,1.0,1.0,1.0,543.0,32.0,-0.0030632107251067353,-0.0017650185808415486,512.0,0.0078125,6400000.0
2.0,2.0,1.0,2.0,6.0,4.0,207.0,384.0,0.07262288558772911,0.07510528703488584,0.0625,0.015625,6400000.0
1.0,256.0,8.0,1.0,1.0,1.0,543.0,32.0,-0.0030632107251067353,-0.0017650185808415486,512.0,0.125,6400000.0
1.0,1.0,1.0,2.0,3.0,2.0,108.0,192.0,0.03911015413878083,0.040912063041146696,1.0,8.0,6400000.0
2.0,2.0,1.0,2.0,6.0,4.0,207.0,384.0,0.07262288558772911,0.07510528703488584,0.03125,8.0,6400000.0
1.0,256.0,8.0,1.0,1.0,1.0,543.0,32.0,-0.0030632107251067353,-0.0017650185808415486,4096.0,0.25,6400000.0
1.0,256.0,8.0,1.0,1.0,1.0,543.0,32.0,-0.0030632107251067353,-0.0017650185808415486,1024.0,512.0,6400000.0
1.0,256.0,8.0,1.0,1.0,1.0,543.0,32.0,-0.0030632107251067353,-0.0017650185808415486,1024.0,32.0,6400000.0
1.0,256.0,8.0,1.0,1.0,1.0,543.0,32.0,-0.0030632107251067353,-0.0017650185808415486,128.0,16.0,6400000.0
1.0,256.0,8.0,1.0,1.0,1.0,543.0,32.0,-0.0030632107251067353,-0.0017650185808415486,4096.0,4.0,6400000.0
1.0,256.0,8.0,1.0,1.0,1.0,543.0,32.0,-0.0030632107251067353,-0.0017650185808415486,1024.0,8192.0,6400000.0
1.0,256.0,8.0,1.0,1.0,1.0,543.0,32.0,-0.0030632107251067353,-0.0017650185808415486,4096.0,64.0,6400000.0
1.0,256.0,8.0,1.0,1.0,1.0,543.0,32.0,-0.0030632107251067353,-0.0017650185808415486,4096.0,1024.0,6400000.0
1.0,2.0,1.0,1.0,1.0,1.0,35.0,32.0,-0.0030632107251067353,-0.0017650185808415486,0.00390625,2048.0,6400000.0
1.0,256.0,8.0,1.0,1.0,1.0,543.0,32.0,-0.0030632107251067353,-0.0017650185808415486,128.0,256.0,6400000.0
1.0,256.0,8.0,1.0,1.0,1.0,543.0,32.0,-0.0030632107251067353,-0.0017650185808415486,128.0,4096.0,6400000.0
1.0,2.0,1.0,1.0,1.0,1.0,35.0,32.0,-0.0030632107251067353,-0.0017650185808415486,0.03125,4096.0,6400000.0
1.0,256.0,8.0,1.0,1.0,1.0,543.0,32.0,-0.0030632107251067353,-0.0017650185808415486,2048.0,0.000976562,6400000.0
1.0,2.0,1.0,1.0,1.0,1.0,35.0,32.0,-0.0030632107251067353,-0.0017650185808415486,0.015625,4096.0,6400000.0
1.0,256.0,8.0,1.0,1.0,1.0,543.0,32.0,-0.0030632107251067353,-0.0017650185808415486,4096.0,16384.0,6400000.0
2.0,2.0,1.0,2.0,6.0,4.0,207.0,384.0,0.07262288558772911,0.07510528703488584,0.015625,8.0,6400000.0
1.0,256.0,8.0,1.0,1.0,1.0,543.0,32.0,-0.0030632107251067353,-0.0017650185808415486,2048.0,0.25,6400000.0
1.0,256.0,8.0,1.0,1.0,1.0,543.0,32.0,-0.0030632107251067353,-0.0017650185808415486,512.0,2.0,6400000.0
1.0,256.0,8.0,1.0,1.0,1.0,543.0,32.0,-0.0030632107251067353,-0.0017650185808415486,512.0,32.0,6400000.0
1.0,256.0,8.0,1.0,1.0,1.0,543.0,32.0,-0.0030632107251067353,-0.0017650185808415486,2048.0,0.015625,6400000.0
1.0,256.0,8.0,1.0,1.0,1.0,543.0,32.0,-0.0030632107251067353,-0.0017650185808415486,512.0,512.0,6400000.0
2.0,2.0,1.0,2.0,6.0,4.0,207.0,384.0,0.07262288558772911,0.07510528703488584,0.03125,0.015625,6400000.0
1.0,256.0,8.0,1.0,1.0,1.0,543.0,32.0,-0.0030632107251067353,-0.0017650185808415486,8192.0,0.00195312,6400000.0
1.0,256.0,8.0,1.0,1.0,1.0,543.0,32.0,-0.0030632107251067353,-0.0017650185808415486,256.0,0.0,6400000.0
1.0,256.0,8.0,1.0,1.0,1.0,543.0,32.0,-0.0030632107251067353,-0.0017650185808415486,512.0,8192.0,6400000.0
1.0,256.0,8.0,1.0,1.0,1.0,543.0,32.0,-0.0030632107251067353,-0.0017650185808415486,8192.0,0.5,6400000.0
1.0,256.0,8.0,1.0,1.0,1.0,543.0,32.0,-0.0030632107251067353,-0.0017650185808415486,256.0,0.125,6400000.0
1.0,256.0,8.0,1.0,1.0,1.0,543.0,32.0,-0.0030632107251067353,-0.0017650185808415486,256.0,0.0078125,6400000.0
1.0,256.0,8.0,1.0,1.0,1.0,543.0,32.0,-0.0030632107251067353,-0.0017650185808415486,8192.0,0.03125,6400000.0
1.0,256.0,8.0,1.0,1.0,1.0,543.0,32.0,-0.0030632107251067353,-0.0017650185808415486,2048.0,4.0,6400000.0
1.0,256.0,8.0,1.0,1.0,1.0,543.0,32.0,-0.0030632107251067353,-0.0017650185808415486,2048.0,64.0,6400000.0
1.0,256.0,8.0,1.0,1.0,1.0,543.0,32.0,-0.0030632107251067353,-0.0017650185808415486,256.0,2.0,6400000.0
2.0,2.0,1.0,2.0,6.0,4.0,207.0,384.0,0.07262288558772911,0.07510528703488584,0.0078125,8.0,6400000.0
1.0,256.0,8.0,1.0,1.0,1.0,543.0,32.0,-0.0030632107251067353,-0.0017650185808415486,2048.0,1024.0,6400000.0
1.0,2.0,1.0,1.0,1.0,1.0,35.0,32.0,-0.0030632107251067353,-0.0017650185808415486,0.0078125,4096.0,6400000.0
1.0,256.0,8.0,1.0,1.0,1.0,543.0,32.0,-0.0030632107251067353,-0.0017650185808415486,256.0,32.0,6400000.0
1.0,256.0,8.0,1.0,1.0,1.0,543.0,32.0,-0.0030632107251067353,-0.0017650185808415486,256.0,8192.0,6400000.0
1.0,256.0,8.0,1.0,1.0,1.0,543.0,32.0,-0.0030632107251067353,-0.0017650185808415486,8192.0,8.0,6400000.0
1.0,256.0,8.0,1.0,1.0,1.0,543.0,32.0,-0.0030632107251067353,-0.0017650185808415486,1024.0,0.25,6400000.0
2.0,2.0,1.0,2.0,6.0,4.0,207.0,384.0,0.07262288558772911,0.07510528703488584,0.015625,0.015625,6400000.0
1.0,256.0,8.0,1.0,1.0,1.0,543.0,32.0,-0.0030632107251067353,-0.0017650185808415486,1024.0,0.015625,6400000.0
1.0,256.0,8.0,1.0,1.0,1.0,543.0,32.0,-0.0030632107251067353,-0.0017650185808415486,1024.0,0.000976562,6400000.0
1.0,256.0,8.0,1.0,1.0,1.0,543.0,32.0,-0.0030632107251067353,-0.0017650185808415486,2048.0,16384.0,6400000.0
1.0,256.0,8.0,1.0,1.0,1.0,543.0,32.0,-0.0030632107251067353,-0.0017650185808415486,512.0,0.000976562,6400000.0
2.0,2.0,1.0,2.0,6.0,4.0,207.0,384.0,0.07262288558772911,0.07510528703488584,0.0078125,0.015625,6400000.0
1.0,256.0,8.0,1.0,1.0,1.0,543.0,32.0,-0.0030632107251067353,-0.0017650185808415486,4096.0,0.00195312,6400000.0
1.0,256.0,8.0,1.0,1.0,1.0,543.0,32.0,-0.0030632107251067353,-0.0017650185808415486,256.0,512.0,6400000.0
1.0,256.0,8.0,1.0,1.0,1.0,543.0,32.0,-0.0030632107251067353,-0.0017650185808415486,1024.0,4.0,6400000.0
1.0,256.0,8.0,1.0,1.0,1.0,543.0,32.0,-0.0030632107251067353,-0.0017650185808415486,4096.0,0.03125,6400000.0
1.0,256.0,8.0,1.0,1.0,1.0,543.0,32.0,-0.0030632107251067353,-0.0017650185808415486,512.0,0.015625,6400000.0
1.0,256.0,8.0,1.0,1.0,1.0,543.0,32.0,-0.0030632107251067353,-0.0017650185808415486,8192.0,128.0,6400000.0
2.0,2.0,1.0,2.0,6.0,4.0,207.0,384.0,0.07262288558772911,0.07510528703488584,0.0625,16.0,6400000.0
1.0,256.0,8.0,1.0,1.0,1.0,543.0,32.0,-0.0030632107251067353,-0.0017650185808415486,8192.0,32768.0,6400000.0
1.0,256.0,8.0,1.0,1.0,1.0,543.0,32.0,-0.0030632107251067353,-0.0017650185808415486,8192.0,2048.0,6400000.0
2.0,2.0,1.0,2.0,6.0,4.0,207.0,384.0,0.07262288558772911,0.07510528703488584,0.0625,0.03125,6400000.0
1.0,256.0,8.0,1.0,1.0,1.0,543.0,32.0,-0.0030632107251067353,-0.0017650185808415486,16384.0,0.00390625,6400000.0
1.0,1.0,1.0,2.0,3.0,2.0,108.0,192.0,0.03911015413878083,0.040912063041146696,1.0,16.0,6400000.0
1.0,256.0,8.0,1.0,1.0,1.0,543.0,32.0,-0.0030632107251067353,-0.0017650185808415486,512.0,0.25,6400000.0
2.0,2.0,1.0,2.0,6.0,4.0,207.0,384.0,0.07262288558772911,0.07510528703488584,0.03125,16.0,6400000.0
1.0,256.0,8.0,1.0,1.0,1.0,543.0,32.0,-0.0030632107251067353,-0.0017650185808415486,4096.0,0.5,6400000.0
1.0,256.0,8.0,1.0,1.0,1.0,543.0,32.0,-0.0030632107251067353,-0.0017650185808415486,1024.0,64.0,6400000.0
1.0,256.0,8.0,1.0,1.0,1.0,543.0,32.0,-0.0030632107251067353,-0.0017650185808415486,1024.0,1024.0,6400000.0
1.0,256.0,8.0,1.0,1.0,1.0,543.0,32.0,-0.0030632107251067353,-0.0017650185808415486,16384.0,0.0625,6400000.0
1.0,256.0,8.0,1.0,1.0,1.0,543.0,32.0,-0.0030632107251067353,-0.0017650185808415486,1024.0,16384.0,6400000.0
1.0,256.0,8.0,1.0,1.0,1.0,543.0,32.0,-0.0030632107251067353,-0.0017650185808415486,4096.0,8.0,6400000.0
1.0,256.0,8.0,1.0,1.0,1.0,543.0,32.0,-0.0030632107251067353,-0.0017650185808415486,4096.0,128.0,6400000.0
1.0,256.0,8.0,1.0,1.0,1.0,543.0,32.0,-0.0030632107251067353,-0.0017650185808415486,4096.0,2048.0,6400000.0
1.0,256.0,8.0,1.0,1.0,1.0,543.0,32.0,-0.0030632107251067353,-0.0017650185808415486,16384.0,16.0,6400000.0
1.0,256.0,8.0,1.0,1.0,1.0,543.0,32.0,-0.0030632107251067353,-0.0017650185808415486,2048.0,0.00195312,6400000.0
1.0,2.0,1.0,1.0,1.0,1.0,35.0,32.0,-0.0030632107251067353,-0.0017650185808415486,0.015625,8192.0,6400000.0
1.0,256.0,8.0,1.0,1.0,1.0,543.0,32.0,-0.0030632107251067353,-0.0017650185808415486,16384.0,1.0,6400000.0
1.0,256.0,8.0,1.0,1.0,1.0,543.0,32.0,-0.0030632107251067353,-0.0017650185808415486,4096.0,32768.0,6400000.0
1.0,256.0,8.0,1.0,1.0,1.0,543.0,32.0,-0.0030632107251067353,-0.0017650185808415486,512.0,4.0,6400000.0
1.0,256.0,8.0,1.0,1.0,1.0,543.0,32.0,-0.0030632107251067353,-0.0017650185808415486,2048.0,0.03125,6400000.0
1.0,2.0,1.0,1.0,1.0,1.0,35.0,32.0,-0.0030632107251067353,-0.0017650185808415486,0.03125,8192.0,6400000.0
1.0,256.0,8.0,1.0,1.0,1.0,543.0,32.0,-0.0030632107251067353,-0.0017650185808415486,512.0,64.0,6400000.0
1.0,256.0,8.0,1.0,1.0,1.0,543.0,32.0,-0.0030632107251067353,-0.0017650185808415486,512.0,1024.0,6400000.0
1.0,256.0,8.0,1.0,1.0,1.0,543.0,32.0,-0.0030632107251067353,-0.0017650185808415486,2048.0,0.5,6400000.0
2.0,2.0,1.0,2.0,6.0,4.0,207.0,384.0,0.07262288558772911,0.07510528703488584,0.015625,16.0,6400000.0
2.0,2.0,1.0,2.0,6.0,4.0,207.0,384.0,0.07262288558772911,0.07510528703488584,0.03125,0.03125,6400000.0
1.0,256.0,8.0,1.0,1.0,1.0,543.0,32.0,-0.0030632107251067353,-0.0017650185808415486,8192.0,0.0625,6400000.0
1.0,256.0,8.0,1.0,1.0,1.0,543.0,32.0,-0.0030632107251067353,-0.0017650185808415486,512.0,16384.0,6400000.0
1.0,256.0,8.0,1.0,1.0,1.0,543.0,32.0,-0.0030632107251067353,-0.0017650185808415486,8192.0,0.00390625,6400000.0
1.0,256.0,8.0,1.0,1.0,1.0,543.0,32.0,-0.0030632107251067353,-0.0017650185808415486,16384.0,4096.0,6400000.0
1.0,256.0,8.0,1.0,1.0,1.0,543.0,32.0,-0.0030632107251067353,-0.0017650185808415486,8192.0,1.0,6400000.0
1.0,256.0,8.0,1.0,1.0,1.0,543.0,32.0,-0.0030632107251067353,-0.0017650185808415486,16384.0,256.0,6400000.0
1.0,256.0,8.0,1.0,1.0,1.0,543.0,32.0,-0.0030632107251067353,-0.0017650185808415486,2048.0,128.0,6400000.0
1.0,256.0,8.0,1.0,1.0,1.0,543.0,32.0,-0.0030632107251067353,-0.0017650185808415486,32768.0,0.0,6400000.0
2.0,2.0,1.0,2.0,6.0,4.0,207.0,384.0,0.07262288558772911,0.07510528703488584,0.0078125,16.0,6400000.0
1.0,256.0,8.0,1.0,1.0,1.0,543.0,32.0,-0.0030632107251067353,-0.0017650185808415486,2048.0,8.0,6400000.0
1.0,256.0,8.0,1.0,1.0,1.0,543.0,32.0,-0.0030632107251067353,-0.0017650185808415486,2048.0,2048.0,6400000.0
1.0,2.0,1.0,1.0,1.0,1.0,35.0,32.0,-0.0030632107251067353,-0.0017650185808415486,0.0625,16384.0,6400000.0
1.0,256.0,8.0,1.0,1.0,1.0,543.0,32.0,-0.0030632107251067353,-0.0017650185808415486,32768.0,0.0078125,6400000.0
1.0,2.0,1.0,1.0,1.0,1.0,35.0,32.0,-0.0030632107251067353,-0.0017650185808415486,0.0078125,8192.0,6400000.0
1.0,256.0,8.0,1.0,1.0,1.0,543.0,32.0,-0.0030632107251067353,-0.0017650185808415486,1024.0,0.5,6400000.0
1.0,256.0,8.0,1.0,1.0,1.0,543.0,32.0,-0.0030632107251067353,-0.0017650185808415486,8192.0,16.0,6400000.0
1.0,256.0,8.0,1.0,1.0,1.0,543.0,32.0,-0.0030632107251067353,-0.0017650185808415486,32768.0,0.125,6400000.0
1.0,256.0,8.0,1.0,1.0,1.0,543.0,32.0,-0.0030632107251067353,-0.0017650185808415486,1024.0,0.03125,6400000.0
2.0,2.0,1.0,2.0,6.0,4.0,207.0,384.0,0.07262288558772911,0.07510528703488584,0.015625,0.03125,6400000.0
1.0,256.0,8.0,1.0,1.0,1.0,543.0,32.0,-0.0030632107251067353,-0.0017650185808415486,2048.0,32768.0,6400000.0
1.0,256.0,8.0,1.0,1.0,1.0,543.0,32.0,-0.0030632107251067353,-0.0017650185808415486,32768.0,2.0,6400000.0
1.0,256.0,8.0,1.0,1.0,1.0,543.0,32.0,-0.0030632107251067353,-0.0017650185808415486,1024.0,0.00195312,6400000.0
1.0,256.0,8.0,1.0,1.0,1.0,543.0,32.0,-0.0030632107251067353,-0.0017650185808415486,32768.0,512.0,6400000.0
1.0,256.0,8.0,1.0,1.0,1.0,543.0,32.0,-0.0030632107251067353,-0.0017650185808415486,1024.0,8.0,6400000.0
1.0,256.0,8.0,1.0,1.0,1.0,543.0,32.0,-0.0030632107251067353,-0.0017650185808415486,8192.0,256.0,6400000.0
1.0,256.0,8.0,1.0,1.0,1.0,543.0,32.0,-0.0030632107251067353,-0.0017650185808415486,32768.0,32.0,6400000.0
1.0,256.0,8.0,1.0,1.0,1.0,543.0,32.0,-0.0030632107251067353,-0.0017650185808415486,4096.0,0.0625,6400000.0
1.0,256.0,8.0,1.0,1.0,1.0,543.0,32.0,-0.0030632107251067353,-0.0017650185808415486,32768.0,8192.0,6400000.0
1.0,256.0,8.0,1.0,1.0,1.0,543.0,32.0,-0.0030632107251067353,-0.0017650185808415486,4096.0,0.00390625,6400000.0
1.0,256.0,8.0,1.0,1.0,1.0,543.0,32.0,-0.0030632107251067353,-0.0017650185808415486,16384.0,0.0,6400000.0
1.0,256.0,8.0,1.0,1.0,1.0,543.0,32.0,-0.0030632107251067353,-0.0017650185808415486,8192.0,4096.0,6400000.0
2.0,2.0,1.0,2.0,6.0,4.0,207.0,384.0,0.07262288558772911,0.07510528703488584,0.0625,32.0,6400000.0
1.0,256.0,8.0,1.0,1.0,1.0,543.0,32.0,-0.0030632107251067353,-0.0017650185808415486,16384.0,0.0078125,6400000.0
1.0,1.0,1.0,2.0,3.0,2.0,108.0,192.0,0.03911015413878083,0.040912063041146696,1.0,32.0,6400000.0
2.0,2.0,1.0,2.0,6.0,4.0,207.0,384.0,0.07262288558772911,0.07510528703488584,0.0625,0.0625,6400000.0
512.0,512.0,1.0,9.0,1163.0,1024.0,37442.0,98304.0,0.41383453729519226,0.4352224912842445,0.0,0.0,6400000.0
2.0,2.0,1.0,2.0,6.0,4.0,207.0,384.0,0.07262288558772911,0.07510528703488584,0.03125,32.0,6400000.0
1.0,256.0,8.0,1.0,1.0,1.0,543.0,32.0,-0.0030632107251067353,-0.0017650185808415486,4096.0,1.0,6400000.0
1.0,256.0,8.0,1.0,1.0,1.0,543.0,32.0,-0.0030632107251067353,-0.0017650185808415486,1024.0,2048.0,6400000.0
1.0,256.0,8.0,1.0,1.0,1.0,543.0,32.0,-0.0030632107251067353,-0.0017650185808415486,1024.0,32768.0,6400000.0
1.0,256.0,8.0,1.0,1.0,1.0,543.0,32.0,-0.0030632107251067353,-0.0017650185808415486,16384.0,0.125,6400000.0
1.0,256.0,8.0,1.0,1.0,1.0,543.0,32.0,-0.0030632107251067353,-0.0017650185808415486,1024.0,128.0,6400000.0
512.0,512.0,1.0,9.0,1163.0,1024.0,37442.0,98304.0,0.41405676044213724,0.43531069186850013,0.0,0.00195312,6400000.0
1.0,256.0,8.0,1.0,1.0,1.0,543.0,32.0,-0.0030632107251067353,-0.0017650185808415486,4096.0,16.0,6400000.0
1.0,256.0,8.0,1.0,1.0,1.0,543.0,32.0,-0.0030632107251067353,-0.0017650185808415486,4096.0,256.0,6400000.0
1.0,256.0,8.0,1.0,1.0,1.0,543.0,32.0,-0.0030632107251067353,-0.0017650185808415486,4096.0,4096.0,6400000.0
1.0,256.0,8.0,1.0,1.0,1.0,543.0,32.0,-0.0030632107251067353,-0.0017650185808415486,16384.0,32.0,6400000.0
1.0,256.0,8.0,1.0,1.0,1.0,543.0,32.0,-0.0030632107251067353,-0.0017650185808415486,2048.0,0.00390625,6400000.0
1.0,256.0,8.0,1.0,1.0,1.0,543.0,32.0,-0.0030632107251067353,-0.0017650185808415486,16384.0,2.0,6400000.0
1.0,2.0,1.0,1.0,1.0,1.0,35.0,32.0,-0.0030632107251067353,-0.0017650185808415486,0.015625,16384.0,6400000.0
1.0,2.0,1.0,1.0,1.0,1.0,35.0,32.0,-0.0030632107251067353,-0.0017650185808415486,0.03125,16384.0,6400000.0
1.0,256.0,8.0,1.0,1.0,1.0,543.0,32.0,-0.0030632107251067353,-0.0017650185808415486,8192.0,0.0,6400000.0
1.0,256.0,8.0,1.0,1.0,1.0,543.0,32.0,-0.0030632107251067353,-0.0017650185808415486,2048.0,0.0625,6400000.0
1.0,256.0,8.0,1.0,1.0,1.0,543.0,32.0,-0.0030632107251067353,-0.0017650185808415486,8192.0,0.125,6400000.0
2.0,2.0,1.0,2.0,6.0,4.0,207.0,384.0,0.07262288558772911,0.07510528703488584,0.015625,32.0,6400000.0
1.0,256.0,8.0,1.0,1.0,1.0,543.0,32.0,-0.0030632107251067353,-0.0017650185808415486,2048.0,1.0,6400000.0
512.0,512.0,1.0,9.0,1158.0,1024.0,37335.0,98304.0,0.41391433175144543,0.4347664989152863,0.0,0.03125,6400000.0
2.0,2.0,1.0,2.0,6.0,4.0,207.0,384.0,0.07262288558772911,0.07510528703488584,0.03125,0.0625,6400000.0
1.0,256.0,8.0,1.0,1.0,1.0,543.0,32.0,-0.0030632107251067353,-0.0017650185808415486,16384.0,8192.0,6400000.0
1.0,256.0,8.0,1.0,1.0,1.0,543.0,32.0,-0.0030632107251067353,-0.0017650185808415486,8192.0,2.0,6400000.0
338.0,512.0,1.0,9.0,789.0,676.0,25130.0,64896.0,0.4129525368710255,0.4355023806710252,0.0,0.125,6400000.0
512.0,512.0,1.0,9.0,1161.0,1024.0,37407.0,98304.0,0.4139113746616444,0.43518696903868026,0.0,0.0078125,6400000.0
1.0,256.0,8.0,1.0,1.0,1.0,543.0,32.0,-0.0030632107251067353,-0.0017650185808415486,2048.0,256.0,6400000.0
1.0,256.0,8.0,1.0,1.0,1.0,543.0,32.0,-0.0030632107251067353,-0.0017650185808415486,8192.0,0.0078125,6400000.0
1.0,256.0,8.0,1.0,1.0,1.0,543.0,32.0,-0.0030632107251067353,-0.0017650185808415486,16384.0,512.0,6400000.0
1.0,256.0,8.0,1.0,1.0,1.0,543.0,32.0,-0.0030632107251067353,-0.0017650185808415486,32768.0,0.000976562,6400000.0
2.0,2.0,1.0,2.0,6.0,4.0,207.0,384.0,0.07262288558772911,0.07510528703488584,0.125,0.125,6400000.0
1.0,256.0,8.0,1.0,1.0,1.0,543.0,32.0,-0.0030632107251067353,-0.0017650185808415486,2048.0,16.0,6400000.0
1.0,256.0,8.0,1.0,1.0,1.0,543.0,32.0,-0.0030632107251067353,-0.0017650185808415486,2048.0,4096.0,6400000.0
1.0,2.0,1.0,1.0,1.0,1.0,35.0,32.0,-0.0030632107251067353,-0.0017650185808415486,0.0625,32768.0,6400000.0
1.0,256.0,8.0,1.0,1.0,1.0,543.0,32.0,-0.0030632107251067353,-0.0017650185808415486,32768.0,0.015625,6400000.0
210.0,512.0,1.0,9.0,502.0,420.0,15863.0,40320.0,0.4090680650472993,0.4309872471608537,0.0,0.5,6400000.0
1.0,2.0,1.0,1.0,1.0,1.0,35.0,32.0,-0.0030632107251067353,-0.0017650185808415486,0.0078125,16384.0,6400000.0
1.0,256.0,8.0,1.0,1.0,1.0,543.0,32.0,-0.0030632107251067353,-0.0017650185808415486,32768.0,0.25,6400000.0
1.0,256.0,8.0,1.0,1.0,1.0,543.0,32.0,-0.0030632107251067353,-0.0017650185808415486,8192.0,32.0,6400000.0
105.0,512.0,1.0,9.0,260.0,210.0,8087.0,20160.0,0.3803964662176945,0.3998169520179383,0.0,2.0,6400000.0
2.0,2.0,1.0,2.0,6.0,4.0,207.0,384.0,0.07262288558772911,0.07510528703488584,0.015625,0.0625,6400000.0
1.0,256.0,8.0,1.0,1.0,1.0,543.0,32.0,-0.0030632107251067353,-0.0017650185808415486,32768.0,4.0,6400000.0
1.0,256.0,8.0,1.0,1.0,1.0,543.0,32.0,-0.0030632107251067353,-0.0017650185808415486,4096.0,0.0,6400000.0
1.0,256.0,8.0,1.0,1.0,1.0,543.0,32.0,-0.0030632107251067353,-0.0017650185808415486,32768.0,1024.0,6400000.0
1.0,256.0,8.0,1.0,1.0,1.0,543.0,32.0,-0.0030632107251067353,-0.0017650185808415486,32768.0,64.0,6400000.0
1.0,256.0,8.0,1.0,1.0,1.0,543.0,32.0,-0.0030632107251067353,-0.0017650185808415486,4096.0,0.125,6400000.0
8.0,512.0,1.0,2.0,22.0,16.0,654.0,1536.0,0.184803559555608,0.19082719424152972,0.0,32.0,6400000.0
2.0,2.0,1.0,2.0,6.0,4.0,207.0,384.0,0.07262288558772911,0.07510528703488584,0.0625,0.125,6400000.0
22.0,512.0,1.0,3.0,61.0,44.0,1728.0,4224.0,0.27209781390772547,0.2796723898647334,0.0,8.0,6400000.0
1.0,1.0,1.0,2.0,3.0,2.0,108.0,192.0,0.03911015413878083,0.040912063041146696,1.0,64.0,6400000.0
2.0,2.0,1.0,2.0,6.0,4.0,207.0,384.0,0.07262288558772911,0.07510528703488584,0.0625,64.0,6400000.0
1.0,256.0,8.0,1.0,1.0,1.0,543.0,32.0,-0.0030632107251067353,-0.0017650185808415486,32768.0,16384.0,6400000.0
1.0,256.0,8.0,1.0,1.0,1.0,543.0,32.0,-0.0030632107251067353,-0.0017650185808415486,4096.0,0.0078125,6400000.0
1.0,256.0,8.0,1.0,1.0,1.0,543.0,32.0,-0.0030632107251067353,-0.0017650185808415486,16384.0,0.000976562,6400000.0
1.0,256.0,8.0,1.0,1.0,1.0,543.0,32.0,-0.0030632107251067353,-0.0017650185808415486,8192.0,512.0,6400000.0
1.0,512.0,1.0,1.0,1.0,1.0,35.0,32.0,-0.0030632107251067353,-0.0017650185808415486,0.0,128.0,6400000.0
1.0,256.0,8.0,1.0,1.0,1.0,543.0,32.0,-0.0030632107251067353,-0.0017650185808415486,8192.0,8192.0,6400000.0
1.0,256.0,8.0,1.0,1.0,1.0,543.0,32.0,-0.0030632107251067353,-0.0017650185808415486,4096.0,2.0,6400000.0
1.0,256.0,8.0,1.0,1.0,1.0,543.0,32.0,-0.0030632107251067353,-0.0017650185808415486,16384.0,0.015625,6400000.0
2.0,2.0,1.0,2.0,6.0,4.0,207.0,384.0,0.07262288558772911,0.07510528703488584,0.03125,64.0,6400000.0
1.0,256.0,8.0,1.0,1.0,1.0,543.0,32.0,-0.0030632107251067353,-0.0017650185808415486,16384.0,0.25,6400000.0
512.0,512.0,1.0,9.0,1162.0,1024.0,37409.0,98304.0,0.4139021378234926,0.4352672337999812,0.0,0.000976562,6400000.0
1.0,512.0,1.0,1.0,1.0,1.0,35.0,32.0,-0.0030632107251067353,-0.0017650185808415486,0.0,512.0,6400000.0
1.0,512.0,1.0,1.0,1.0,1.0,35.0,32.0,-0.0030632107251067353,-0.0017650185808415486,0.0,2048.0,6400000.0
1.0,256.0,8.0,1.0,1.0,1.0,543.0,32.0,-0.0030632107251067353,-0.0017650185808415486,4096.0,32.0,6400000.0
1.0,256.0,8.0,1.0,1.0,1.0,543.0,32.0,-0.0030632107251067353,-0.0017650185808415486,4096.0,512.0,6400000.0
512.0,512.0,1.0,9.0,1162.0,1024.0,37405.0,98304.0,0.4139345018894147,0.4352450679920834,0.0,0.00390625,6400000.0
1.0,512.0,1.0,1.0,1.0,1.0,35.0,32.0,-0.0030632107251067353,-0.0017650185808415486,0.0,8192.0,6400000.0
1.0,256.0,8.0,1.0,1.0,1.0,543.0,32.0,-0.0030632107251067353,-0.0017650185808415486,4096.0,8192.0,6400000.0
1.0,256.0,8.0,1.0,1.0,1.0,543.0,32.0,-0.0030632107251067353,-0.0017650185808415486,16384.0,64.0,6400000.0
1.0,2.0,1.0,1.0,1.0,1.0,35.0,32.0,-0.0030632107251067353,-0.0017650185808415486,0.03125,32768.0,6400000.0
1.0,256.0,8.0,1.0,1.0,1.0,543.0,32.0,-0.0030632107251067353,-0.0017650185808415486,16384.0,4.0,6400000.0
1.0,512.0,1.0,1.0,1.0,1.0,35.0,32.0,-0.0030632107251067353,-0.0017650185808415486,0.0,32768.0,6400000.0
1.0,2.0,1.0,1.0,1.0,1.0,35.0,32.0,-0.0030632107251067353,-0.0017650185808415486,0.015625,32768.0,6400000.0
1.0,256.0,8.0,1.0,1.0,1.0,543.0,32.0,-0.0030632107251067353,-0.0017650185808415486,8192.0,0.000976562,6400000.0
1.0,256.0,8.0,1.0,1.0,1.0,543.0,32.0,-0.0030632107251067353,-0.0017650185808415486,8192.0,0.25,6400000.0
512.0,512.0,1.0,9.0,1162.0,1024.0,37409.0,98304.0,0.4139021378234926,0.4352672337999812,0.000976562,0.000976562,6400000.0
2.0,2.0,1.0,2.0,6.0,4.0,207.0,384.0,0.07262288558772911,0.07510528703488584,0.015625,64.0,6400000.0
2.0,2.0,1.0,2.0,6.0,4.0,207.0,384.0,0.07262288558772911,0.07510528703488584,0.03125,0.125,6400000.0
1.0,256.0,8.0,1.0,1.0,1.0,543.0,32.0,-0.0030632107251067353,-0.0017650185808415486,16384.0,16384.0,6400000.0
1.0,256.0,8.0,1.0,1.0,1.0,543.0,32.0,-0.0030632107251067353,-0.0017650185808415486,32768.0,0.00195312,6400000.0
1.0,256.0,8.0,1.0,1.0,1.0,543.0,32.0,-0.0030632107251067353,-0.0017650185808415486,8192.0,4.0,6400000.0
496.0,512.0,1.0,9.0,1123.0,992.0,36193.0,95232.0,0.41374899858877967,0.4351952108543171,0.0,0.0625,6400000.0
1.0,2.0,1.0,1.0,1.0,1.0,35.0,32.0,-0.0030632107251067353,-0.0017650185808415486,0.125,128.0,6400000.0
244.0,512.0,1.0,9.0,583.0,488.0,18422.0,46848.0,0.41213067270885373,0.4344394492631649,0.0,0.25,6400000.0
1.0,256.0,8.0,1.0,1.0,1.0,543.0,32.0,-0.0030632107251067353,-0.0017650185808415486,16384.0,1024.0,6400000.0
1.0,256.0,8.0,1.0,1.0,1.0,543.0,32.0,-0.0030632107251067353,-0.0017650185808415486,8192.0,0.015625,6400000.0
2.0,2.0,1.0,2.0,6.0,4.0,207.0,384.0,0.07262288558772911,0.07510528703488584,0.125,0.25,6400000.0
512.0,512.0,1.0,9.0,1159.0,1024.0,37397.0,98304.0,0.41410859193021876,0.4350156435253514,0.000976562,0.015625,6400000.0
512.0,512.0,1.0,9.0,1159.0,1024.0,37397.0,98304.0,0.41410859193021876,0.4350156435253514,0.0,0.015625,6400000.0
2.0,2.0,1.0,2.0,6.0,4.0,207.0,384.0,0.07262288558772911,0.07510528703488584,0.125,0.0,6400000.0
1.0,256.0,8.0,1.0,1.0,1.0,543.0,32.0,-0.0030632107251067353,-0.0017650185808415486,32768.0,0.03125,6400000.0
512.0,512.0,1.0,9.0,1162.0,1024.0,37405.0,98304.0,0.4139345018894147,0.4352450679920834,0.000976562,0.00390625,6400000.0
132.0,512.0,1.0,9.0,327.0,264.0,10148.0,25344.0,0.3946634054341437,0.4162242104747528,0.0,1.0,6400000.0
496.0,512.0,1.0,9.0,1123.0,992.0,36193.0,95232.0,0.41374899858877967,0.4351952108543171,0.000976562,0.0625,6400000.0
1.0,256.0,8.0,1.0,1.0,1.0,543.0,32.0,-0.0030632107251067353,-0.0017650185808415486,32768.0,0.5,6400000.0
1.0,256.0,8.0,1.0,1.0,1.0,543.0,32.0,-0.0030632107251067353,-0.0017650185808415486,8192.0,64.0,6400000.0
244.0,512.0,1.0,9.0,583.0,488.0,18422.0,46848.0,0.41213067270885373,0.4344394492631649,0.000976562,0.25,6400000.0
2.0,2.0,1.0,2.0,6.0,4.0,207.0,384.0,0.07262288558772911,0.07510528703488584,0.015625,0.125,6400000.0
52.0,512.0,1.0,7.0,135.0,104.0,4084.0,9984.0,0.3374920860243603,0.35184392779643947,0.0,4.0,6400000.0
1.0,256.0,8.0,1.0,1.0,1.0,543.0,32.0,-0.0030632107251067353,-0.0017650185808415486,32768.0,128.0,6400000.0
1.0,256.0,8.0,1.0,1.0,1.0,543.0,32.0,-0.0030632107251067353,-0.0017650185808415486,32768.0,8.0,6400000.0
3.0,512.0,1.0,2.0,9.0,6.0,279.0,576.0,0.10115259004895938,0.10346957106453547,0.0,64.0,6400000.0
1.0,256.0,8.0,1.0,1.0,1.0,543.0,32.0,-0.0030632107251067353,-0.0017650185808415486,32768.0,2048.0,6400000.0
12.0,512.0,1.0,3.0,33.0,24.0,937.0,2304.0,0.22058073034453196,0.22746378695664926,0.0,16.0,6400000.0
1.0,256.0,8.0,1.0,1.0,1.0,543.0,32.0,-0.0030632107251067353,-0.0017650185808415486,8192.0,16384.0,6400000.0
1.0,2.0,1.0,1.0,1.0,1.0,35.0,32.0,-0.0030632107251067353,-0.0017650185808415486,0.0625,128.0,6400000.0
2.0,2.0,1.0,2.0,6.0,4.0,207.0,384.0,0.07262288558772911,0.07510528703488584,0.0625,0.25,6400000.0
1.0,512.0,1.0,1.0,1.0,1.0,35.0,32.0,-0.0030632107251067353,-0.0017650185808415486,0.0,256.0,6400000.0
1.0,1.0,1.0,1.0,1.0,1.0,35.0,32.0,-0.0030632107251067353,-0.0017650185808415486,1.0,128.0,6400000.0
1.0,256.0,8.0,1.0,1.0,1.0,543.0,32.0,-0.0030632107251067353,-0.0017650185808415486,16384.0,0.00195312,6400000.0
1.0,256.0,8.0,1.0,1.0,1.0,543.0,32.0,-0.0030632107251067353,-0.0017650185808415486,32768.0,32768.0,6400000.0
1.0,256.0,8.0,1.0,1.0,1.0,543.0,32.0,-0.0030632107251067353,-0.0017650185808415486,16384.0,0.03125,6400000.0
52.0,512.0,1.0,7.0,135.0,104.0,4084.0,9984.0,0.3374920860243603,0.35184392779643947,0.000976562,4.0,6400000.0
1.0,256.0,8.0,1.0,1.0,1.0,543.0,32.0,-0.0030632107251067353,-0.0017650185808415486,8192.0,1024.0,6400000.0
3.0,512.0,1.0,2.0,9.0,6.0,279.0,576.0,0.10115259004895938,0.10346957106453547,0.000976562,64.0,6400000.0
132.0,512.0,1.0,9.0,327.0,264.0,10148.0,25344.0,0.3946634054341437,0.4162242104747528,0.000976562,1.0,6400000.0
1.0,2.0,1.0,1.0,1.0,1.0,35.0,32.0,-0.0030632107251067353,-0.0017650185808415486,0.03125,128.0,6400000.0
1.0,256.0,8.0,1.0,1.0,1.0,543.0,32.0,-0.0030632107251067353,-0.0017650185808415486,16384.0,0.5,6400000.0
12.0,512.0,1.0,3.0,33.0,24.0,937.0,2304.0,0.22058073034453196,0.22746378695664926,0.000976562,16.0,6400000.0
1.0,512.0,1.0,1.0,1.0,1.0,35.0,32.0,-0.0030632107251067353,-0.0017650185808415486,0.0,1024.0,6400000.0
1.0,512.0,1.0,1.0,1.0,1.0,35.0,32.0,-0.0030632107251067353,-0.0017650185808415486,0.0,4096.0,6400000.0
1.0,512.0,1.0,1.0,1.0,1.0,35.0,32.0,-0.0030632107251067353,-0.0017650185808415486,0.000976562,256.0,6400000.0
2.0,2.0,1.0,2.0,6.0,4.0,207.0,384.0,0.07262288558772911,0.07510528703488584,0.25,0.000976562,6400000.0
1.0,512.0,1.0,1.0,1.0,1.0,35.0,32.0,-0.0030632107251067353,-0.0017650185808415486,0.000976562,1024.0,6400000.0
1.0,512.0,1.0,1.0,1.0,1.0,35.0,32.0,-0.0030632107251067353,-0.0017650185808415486,0.000976562,4096.0,6400000.0
1.0,512.0,1.0,1.0,1.0,1.0,35.0,32.0,-0.0030632107251067353,-0.0017650185808415486,0.0,16384.0,6400000.0
1.0,256.0,8.0,1.0,1.0,1.0,543.0,32.0,-0.0030632107251067353,-0.0017650185808415486,16384.0,128.0,6400000.0
1.0,256.0,8.0,1.0,1.0,1.0,543.0,32.0,-0.0030632107251067353,-0.0017650185808415486,16384.0,8.0,6400000.0
1.0,512.0,1.0,1.0,1.0,1.0,35.0,32.0,-0.0030632107251067353,-0.0017650185808415486,0.000976562,16384.0,6400000.0
2.0,2.0,1.0,2.0,6.0,4.0,207.0,384.0,0.07262288558772911,0.07510528703488584,0.03125,0.0,6400000.0
2.0,2.0,1.0,2.0,6.0,4.0,207.0,384.0,0.07262288558772911,0.07510528703488584,0.0625,0.0,6400000.0
512.0,512.0,1.0,9.0,1163.0,1024.0,37442.0,98304.0,0.41383453729519226,0.4352224912842445,0.000976562,0.0,6400000.0
1.0,2.0,1.0,1.0,1.0,1.0,35.0,32.0,-0.0030632107251067353,-0.0017650185808415486,0.015625,128.0,6400000.0
2.0,2.0,1.0,2.0,6.0,4.0,207.0,384.0,0.07262288558772911,0.07510528703488584,0.03125,0.25,6400000.0
512.0,512.0,1.0,9.0,1163.0,1024.0,37442.0,98304.0,0.41383453729519226,0.4352224912842445,0.00195312,0.0,6400000.0
1.0,256.0,8.0,1.0,1.0,1.0,543.0,32.0,-0.0030632107251067353,-0.0017650185808415486,16384.0,32768.0,6400000.0
512.0,512.0,1.0,9.0,1163.0,1024.0,37442.0,98304.0,0.41405676044213724,0.43531069186850013,0.000976562,0.00195312,6400000.0
1.0,2.0,1.0,1.0,1.0,1.0,35.0,32.0,-0.0030632107251067353,-0.0017650185808415486,0.125,256.0,6400000.0
1.0,256.0,8.0,1.0,1.0,1.0,543.0,32.0,-0.0030632107251067353,-0.0017650185808415486,32768.0,0.00390625,6400000.0
1.0,256.0,8.0,1.0,1.0,1.0,543.0,32.0,-0.0030632107251067353,-0.0017650185808415486,16384.0,2048.0,6400000.0
512.0,512.0,1.0,9.0,1163.0,1024.0,37442.0,98304.0,0.41405676044213724,0.43531069186850013,0.00195312,0.00195312,6400000.0
512.0,512.0,1.0,9.0,1161.0,1024.0,37407.0,98304.0,0.4139113746616444,0.43518696903868026,0.00195312,0.0078125,6400000.0
2.0,2.0,1.0,2.0,6.0,4.0,207.0,384.0,0.07262288558772911,0.07510528703488584,0.125,0.5,6400000.0
512.0,512.0,1.0,9.0,1158.0,1024.0,37335.0,98304.0,0.41391433175144543,0.4347664989152863,0.000976562,0.03125,6400000.0
210.0,512.0,1.0,9.0,502.0,420.0,15863.0,40320.0,0.4090680650472993,0.4309872471608537,0.00195312,0.5,6400000.0
512.0,512.0,1.0,9.0,1158.0,1024.0,37335.0,98304.0,0.41391433175144543,0.4347664989152863,0.00195312,0.03125,6400000.0
1.0,256.0,8.0,1.0,1.0,1.0,543.0,32.0,-0.0030632107251067353,-0.0017650185808415486,32768.0,0.0625,6400000.0
338.0,512.0,1.0,9.0,789.0,676.0,25130.0,64896.0,0.4129525368710255,0.4355023806710252,0.00195312,0.125,6400000.0
2.0,2.0,1.0,2.0,6.0,4.0,207.0,384.0,0.07262288558772911,0.07510528703488584,0.125,0.000976562,6400000.0
105.0,512.0,1.0,9.0,260.0,210.0,8087.0,20160.0,0.3803964662176945,0.3998169520179383,0.00195312,2.0,6400000.0
512.0,512.0,1.0,9.0,1161.0,1024.0,37407.0,98304.0,0.4139113746616444,0.43518696903868026,0.000976562,0.0078125,6400000.0
22.0,512.0,1.0,3.0,61.0,44.0,1728.0,4224.0,0.27209781390772547,0.2796723898647334,0.00195312,8.0,6400000.0
338.0,512.0,1.0,9.0,789.0,676.0,25130.0,64896.0,0.4129525368710255,0.4355023806710252,0.000976562,0.125,6400000.0
1.0,256.0,8.0,1.0,1.0,1.0,543.0,32.0,-0.0030632107251067353,-0.0017650185808415486,32768.0,1.0,6400000.0
210.0,512.0,1.0,9.0,502.0,420.0,15863.0,40320.0,0.4090680650472993,0.4309872471608537,0.000976562,0.5,6400000.0
2.0,2.0,1.0,2.0,6.0,4.0,207.0,384.0,0.07262288558772911,0.07510528703488584,0.25,1.0,6400000.0
1.0,256.0,8.0,1.0,1.0,1.0,543.0,32.0,-0.0030632107251067353,-0.0017650185808415486,32768.0,16.0,6400000.0
1.0,256.0,8.0,1.0,1.0,1.0,543.0,32.0,-0.0030632107251067353,-0.0017650185808415486,32768.0,4096.0,6400000.0
1.0,256.0,8.0,1.0,1.0,1.0,543.0,32.0,-0.0030632107251067353,-0.0017650185808415486,32768.0,256.0,6400000.0
1.0,512.0,1.0,1.0,1.0,1.0,35.0,32.0,-0.0030632107251067353,-0.0017650185808415486,0.00195312,128.0,6400000.0
1.0,2.0,1.0,1.0,1.0,1.0,35.0,32.0,-0.0030632107251067353,-0.0017650185808415486,0.0625,256.0,6400000.0
8.0,512.0,1.0,2.0,22.0,16.0,654.0,1536.0,0.184803559555608,0.19082719424152972,0.00195312,32.0,6400000.0
1.0,512.0,1.0,1.0,1.0,1.0,35.0,32.0,-0.0030632107251067353,-0.0017650185808415486,0.00195312,512.0,6400000.0
2.0,2.0,1.0,2.0,6.0,4.0,207.0,384.0,0.07262288558772911,0.07510528703488584,0.0625,0.5,6400000.0
1.0,1.0,1.0,1.0,1.0,1.0,35.0,32.0,-0.0030632107251067353,-0.0017650185808415486,1.0,256.0,6400000.0
1.0,512.0,1.0,1.0,1.0,1.0,35.0,32.0,-0.0030632107251067353,-0.0017650185808415486,0.00195312,8192.0,6400000.0
105.0,512.0,1.0,9.0,260.0,210.0,8087.0,20160.0,0.3803964662176945,0.3998169520179383,0.000976562,2.0,6400000.0
22.0,512.0,1.0,3.0,61.0,44.0,1728.0,4224.0,0.27209781390772547,0.2796723898647334,0.000976562,8.0,6400000.0
1.0,512.0,1.0,1.0,1.0,1.0,35.0,32.0,-0.0030632107251067353,-0.0017650185808415486,0.00195312,32768.0,6400000.0
1.0,512.0,1.0,1.0,1.0,1.0,35.0,32.0,-0.0030632107251067353,-0.0017650185808415486,0.00195312,2048.0,6400000.0
1.0,512.0,1.0,1.0,1.0,1.0,35.0,32.0,-0.0030632107251067353,-0.0017650185808415486,0.000976562,128.0,6400000.0
512.0,512.0,1.0,9.0,1162.0,1024.0,37409.0,98304.0,0.4139021378234926,0.4352672337999812,0.00390625,0.000976562,6400000.0
8.0,512.0,1.0,2.0,22.0,16.0,654.0,1536.0,0.184803559555608,0.19082719424152972,0.000976562,32.0,6400000.0
1.0,2.0,1.0,1.0,1.0,1.0,35.0,32.0,-0.0030632107251067353,-0.0017650185808415486,0.25,1024.0,6400000.0
1.0,2.0,1.0,1.0,1.0,1.0,35.0,32.0,-0.0030632107251067353,-0.0017650185808415486,0.03125,256.0,6400000.0
1.0,512.0,1.0,1.0,1.0,1.0,35.0,32.0,-0.0030632107251067353,-0.0017650185808415486,0.000976562,2048.0,6400000.0
496.0,512.0,1.0,9.0,1123.0,992.0,36193.0,95232.0,0.41374899858877967,0.4351952108543171,0.00390625,0.0625,6400000.0
512.0,512.0,1.0,9.0,1162.0,1024.0,37405.0,98304.0,0.4139345018894147,0.4352450679920834,0.00390625,0.00390625,6400000.0
132.0,512.0,1.0,9.0,327.0,264.0,10148.0,25344.0,0.3946634054341437,0.4162242104747528,0.00390625,1.0,6400000.0
1.0,512.0,1.0,1.0,1.0,1.0,35.0,32.0,-0.0030632107251067353,-0.0017650185808415486,0.000976562,8192.0,6400000.0
244.0,512.0,1.0,9.0,583.0,488.0,18422.0,46848.0,0.41213067270885373,0.4344394492631649,0.00390625,0.25,6400000.0
512.0,512.0,1.0,9.0,1159.0,1024.0,37397.0,98304.0,0.41410859193021876,0.4350156435253514,0.00390625,0.015625,6400000.0
2.0,2.0,1.0,2.0,6.0,4.0,207.0,384.0,0.07262288558772911,0.07510528703488584,0.25,0.00195312,6400000.0
1.0,512.0,1.0,1.0,1.0,1.0,35.0,32.0,-0.0030632107251067353,-0.0017650185808415486,0.000976562,512.0,6400000.0
52.0,512.0,1.0,7.0,135.0,104.0,4084.0,9984.0,0.3374920860243603,0.35184392779643947,0.00390625,4.0,6400000.0
1.0,512.0,1.0,1.0,1.0,1.0,35.0,32.0,-0.0030632107251067353,-0.0017650185808415486,0.000976562,32768.0,6400000.0
2.0,2.0,1.0,2.0,6.0,4.0,207.0,384.0,0.07262288558772911,0.07510528703488584,0.0625,0.000976562,6400000.0
3.0,512.0,1.0,2.0,9.0,6.0,279.0,576.0,0.10115259004895938,0.10346957106453547,0.00390625,64.0,6400000.0
12.0,512.0,1.0,3.0,33.0,24.0,937.0,2304.0,0.22058073034453196,0.22746378695664926,0.00390625,16.0,6400000.0
2.0,2.0,1.0,2.0,6.0,4.0,207.0,384.0,0.07262288558772911,0.07510528703488584,0.03125,0.000976562,6400000.0
1.0,512.0,1.0,1.0,1.0,1.0,35.0,32.0,-0.0030632107251067353,-0.0017650185808415486,0.00390625,1024.0,6400000.0
2.0,2.0,1.0,2.0,6.0,4.0,207.0,384.0,0.07262288558772911,0.07510528703488584,0.03125,0.5,6400000.0
1.0,512.0,1.0,1.0,1.0,1.0,35.0,32.0,-0.0030632107251067353,-0.0017650185808415486,0.00390625,256.0,6400000.0
512.0,512.0,1.0,9.0,1162.0,1024.0,37409.0,98304.0,0.4139021378234926,0.4352672337999812,0.00195312,0.000976562,6400000.0
1.0,2.0,1.0,1.0,1.0,1.0,35.0,32.0,-0.0030632107251067353,-0.0017650185808415486,0.125,512.0,6400000.0
1.0,512.0,1.0,1.0,1.0,1.0,35.0,32.0,-0.0030632107251067353,-0.0017650185808415486,0.00390625,4096.0,6400000.0
2.0,2.0,1.0,2.0,6.0,4.0,207.0,384.0,0.07262288558772911,0.07510528703488584,0.125,1.0,6400000.0
512.0,512.0,1.0,9.0,1159.0,1024.0,37397.0,98304.0,0.41410859193021876,0.4350156435253514,0.00195312,0.015625,6400000.0
512.0,512.0,1.0,9.0,1162.0,1024.0,37405.0,98304.0,0.4139345018894147,0.4352450679920834,0.00195312,0.00390625,6400000.0
1.0,512.0,1.0,1.0,1.0,1.0,35.0,32.0,-0.0030632107251067353,-0.0017650185808415486,0.00390625,16384.0,6400000.0
512.0,512.0,1.0,9.0,1163.0,1024.0,37442.0,98304.0,0.41383473736101584,0.4352225046835828,0.0078125,0.0,6400000.0
132.0,512.0,1.0,9.0,327.0,264.0,10148.0,25344.0,0.3946634054341437,0.4162242104747528,0.00195312,1.0,6400000.0
244.0,512.0,1.0,9.0,583.0,488.0,18422.0,46848.0,0.41213067270885373,0.4344394492631649,0.00195312,0.25,6400000.0
2.0,2.0,1.0,2.0,6.0,4.0,207.0,384.0,0.07262288558772911,0.07510528703488584,0.125,0.00195312,6400000.0
2.0,2.0,1.0,2.0,6.0,4.0,207.0,384.0,0.07262288558772911,0.07510528703488584,0.5,0.0078125,6400000.0
52.0,512.0,1.0,7.0,135.0,104.0,4084.0,9984.0,0.3374920860243603,0.35184392779643947,0.00195312,4.0,6400000.0
496.0,512.0,1.0,9.0,1123.0,992.0,36193.0,95232.0,0.41374899858877967,0.4351952108543171,0.00195312,0.0625,6400000.0
12.0,512.0,1.0,3.0,33.0,24.0,937.0,2304.0,0.22058073034453196,0.22746378695664926,0.00195312,16.0,6400000.0
512.0,512.0,1.0,9.0,1163.0,1024.0,37442.0,98304.0,0.4140569602365646,0.4353107075496693,0.0078125,0.00195312,6400000.0
512.0,512.0,1.0,9.0,1161.0,1024.0,37407.0,98304.0,0.4139115750064042,0.4351869828580599,0.0078125,0.0078125,6400000.0
338.0,512.0,1.0,9.0,789.0,676.0,25130.0,64896.0,0.4129525368710255,0.4355023806710252,0.0078125,0.125,6400000.0
512.0,512.0,1.0,9.0,1158.0,1024.0,37335.0,98304.0,0.41391452230279413,0.43476651069060435,0.0078125,0.03125,6400000.0
210.0,512.0,1.0,9.0,502.0,420.0,15863.0,40320.0,0.4090680650472993,0.4309872471608537,0.0078125,0.5,6400000.0
2.0,2.0,1.0,2.0,6.0,4.0,207.0,384.0,0.07262288558772911,0.07510528703488584,0.25,2.0,6400000.0
22.0,512.0,1.0,3.0,61.0,44.0,1728.0,4224.0,0.27209781390772547,0.2796723898647334,0.0078125,8.0,6400000.0
105.0,512.0,1.0,9.0,260.0,210.0,8087.0,20160.0,0.3803964662176945,0.3998169520179383,0.0078125,2.0,6400000.0
1.0,512.0,1.0,1.0,1.0,1.0,35.0,32.0,-0.0030632107251067353,-0.0017650185808415486,0.00195312,256.0,6400000.0
1.0,2.0,1.0,1.0,1.0,1.0,35.0,32.0,-0.0030632107251067353,-0.0017650185808415486,0.0625,512.0,6400000.0
2.0,2.0,1.0,2.0,6.0,4.0,207.0,384.0,0.07262288558772911,0.07510528703488584,0.0625,1.0,6400000.0
1.0,512.0,1.0,1.0,1.0,1.0,35.0,32.0,-0.0030632107251067353,-0.0017650185808415486,0.00195312,1024.0,6400000.0
3.0,512.0,1.0,2.0,9.0,6.0,279.0,576.0,0.10115259004895938,0.10346957106453547,0.00195312,64.0,6400000.0
8.0,512.0,1.0,2.0,22.0,16.0,654.0,1536.0,0.184803559555608,0.19082719424152972,0.0078125,32.0,6400000.0
1.0,512.0,1.0,1.0,1.0,1.0,35.0,32.0,-0.0030632107251067353,-0.0017650185808415486,0.00195312,16384.0,6400000.0
1.0,512.0,1.0,1.0,1.0,1.0,35.0,32.0,-0.0030632107251067353,-0.0017650185808415486,0.0078125,128.0,6400000.0
1.0,1.0,1.0,1.0,1.0,1.0,35.0,32.0,-0.0030632107251067353,-0.0017650185808415486,1.0,512.0,6400000.0
1.0,512.0,1.0,1.0,1.0,1.0,35.0,32.0,-0.0030632107251067353,-0.0017650185808415486,0.00195312,4096.0,6400000.0
105.0,512.0,1.0,9.0,260.0,210.0,8087.0,20160.0,0.3803964662176945,0.3998169520179383,0.00390625,2.0,6400000.0
1.0,2.0,1.0,1.0,1.0,1.0,35.0,32.0,-0.0030632107251067353,-0.0017650185808415486,0.03125,512.0,6400000.0
1.0,1.0,1.0,1.0,1.0,1.0,35.0,32.0,-0.0030632107251067353,-0.0017650185808415486,1.0,4096.0,6400000.0
512.0,512.0,1.0,9.0,1163.0,1024.0,37442.0,98304.0,0.41383453729519226,0.4352224912842445,0.00390625,0.0,6400000.0
1.0,2.0,1.0,1.0,1.0,1.0,35.0,32.0,-0.0030632107251067353,-0.0017650185808415486,0.25,2048.0,6400000.0
512.0,512.0,1.0,9.0,1163.0,1024.0,37442.0,98304.0,0.41405676044213724,0.43531069186850013,0.00390625,0.00195312,6400000.0
2.0,2.0,1.0,2.0,6.0,4.0,207.0,384.0,0.07262288558772911,0.07510528703488584,0.5,8.0,6400000.0
1.0,512.0,1.0,1.0,1.0,1.0,35.0,32.0,-0.0030632107251067353,-0.0017650185808415486,0.0078125,2048.0,6400000.0
338.0,512.0,1.0,9.0,789.0,676.0,25130.0,64896.0,0.4129525368710255,0.4355023806710252,0.00390625,0.125,6400000.0
2.0,2.0,1.0,2.0,6.0,4.0,207.0,384.0,0.07262288558772911,0.07510528703488584,0.25,0.00390625,6400000.0
210.0,512.0,1.0,9.0,502.0,420.0,15863.0,40320.0,0.4090680650472993,0.4309872471608537,0.00390625,0.5,6400000.0
1.0,512.0,1.0,1.0,1.0,1.0,35.0,32.0,-0.0030632107251067353,-0.0017650185808415486,0.0078125,512.0,6400000.0
512.0,512.0,1.0,9.0,1161.0,1024.0,37407.0,98304.0,0.4139113746616444,0.43518696903868026,0.00390625,0.0078125,6400000.0
22.0,512.0,1.0,3.0,61.0,44.0,1728.0,4224.0,0.27209781390772547,0.2796723898647334,0.00390625,8.0,6400000.0
512.0,512.0,1.0,9.0,1158.0,1024.0,37335.0,98304.0,0.41391433175144543,0.4347664989152863,0.00390625,0.03125,6400000.0
512.0,512.0,1.0,9.0,1162.0,1024.0,37409.0,98304.0,0.41390233795560194,0.4352672468568247,0.015625,0.000976562,6400000.0
1.0,512.0,1.0,1.0,1.0,1.0,35.0,32.0,-0.0030632107251067353,-0.0017650185808415486,0.0078125,8192.0,6400000.0
1.0,512.0,1.0,1.0,1.0,1.0,35.0,32.0,-0.0030632107251067353,-0.0017650185808415486,0.0078125,32768.0,6400000.0
1.0,512.0,1.0,1.0,1.0,1.0,35.0,32.0,-0.0030632107251067353,-0.0017650185808415486,0.00390625,128.0,6400000.0
2.0,2.0,1.0,2.0,6.0,4.0,207.0,384.0,0.07262288558772911,0.07510528703488584,0.0625,0.00195312,6400000.0
512.0,512.0,1.0,9.0,1162.0,1024.0,37405.0,98304.0,0.413934699286834,0.4352450835376702,0.015625,0.00390625,6400000.0
8.0,512.0,1.0,2.0,22.0,16.0,654.0,1536.0,0.184803559555608,0.19082719424152972,0.00390625,32.0,6400000.0
2.0,2.0,1.0,2.0,6.0,4.0,207.0,384.0,0.07262288558772911,0.07510528703488584,0.03125,1.0,6400000.0
1.0,512.0,1.0,1.0,1.0,1.0,35.0,32.0,-0.0030632107251067353,-0.0017650185808415486,0.00390625,512.0,6400000.0
512.0,512.0,1.0,9.0,1159.0,1024.0,37397.0,98304.0,0.4141087924169621,0.43501565514354934,0.015625,0.015625,6400000.0
1.0,2.0,1.0,1.0,1.0,1.0,35.0,32.0,-0.0030632107251067353,-0.0017650185808415486,0.125,1024.0,6400000.0
1.0,512.0,1.0,1.0,1.0,1.0,35.0,32.0,-0.0030632107251067353,-0.0017650185808415486,0.00390625,2048.0,6400000.0
1.0,512.0,1.0,1.0,1.0,1.0,35.0,32.0,-0.0030632107251067353,-0.0017650185808415486,0.00390625,8192.0,6400000.0
1.0,512.0,1.0,1.0,1.0,1.0,35.0,32.0,-0.0030632107251067353,-0.0017650185808415486,0.00390625,32768.0,6400000.0
2.0,2.0,1.0,2.0,6.0,4.0,207.0,384.0,0.07262288558772911,0.07510528703488584,0.125,2.0,6400000.0
496.0,512.0,1.0,9.0,1123.0,992.0,36193.0,95232.0,0.4137491894898767,0.43519522294957325,0.015625,0.0625,6400000.0
2.0,2.0,1.0,2.0,6.0,4.0,207.0,384.0,0.07262288558772911,0.07510528703488584,0.125,0.00390625,6400000.0
512.0,512.0,1.0,9.0,1162.0,1024.0,37409.0,98304.0,0.41390233795560194,0.4352672468568247,0.0078125,0.000976562,6400000.0
2.0,2.0,1.0,2.0,6.0,4.0,207.0,384.0,0.07262288558772911,0.07510528703488584,0.5,0.015625,6400000.0
52.0,512.0,1.0,7.0,135.0,104.0,4084.0,9984.0,0.3374922504044793,0.3518439824697871,0.015625,4.0,6400000.0
1.0,2.0,1.0,1.0,1.0,1.0,35.0,32.0,-0.0030632107251067353,-0.0017650185808415486,0.5,8192.0,6400000.0
244.0,512.0,1.0,9.0,583.0,488.0,18422.0,46848.0,0.41213086387387565,0.4344394750348073,0.015625,0.25,6400000.0
12.0,512.0,1.0,3.0,33.0,24.0,937.0,2304.0,0.22058073034453196,0.22746378695664926,0.015625,16.0,6400000.0
1.0,512.0,1.0,1.0,1.0,1.0,35.0,32.0,-0.0030632107251067353,-0.0017650185808415486,0.015625,256.0,6400000.0
512.0,512.0,1.0,9.0,1162.0,1024.0,37405.0,98304.0,0.413934699286834,0.4352450835376702,0.0078125,0.00390625,6400000.0
132.0,512.0,1.0,9.0,327.0,264.0,10148.0,25344.0,0.39466358102384247,0.4162242329334992,0.015625,1.0,6400000.0
3.0,512.0,1.0,2.0,9.0,6.0,279.0,576.0,0.10115259004895938,0.10346957106453547,0.015625,64.0,6400000.0
512.0,512.0,1.0,9.0,1159.0,1024.0,37397.0,98304.0,0.4141087924169621,0.43501565514354934,0.0078125,0.015625,6400000.0
244.0,512.0,1.0,9.0,583.0,488.0,18422.0,46848.0,0.41213067270885373,0.4344394492631649,0.0078125,0.25,6400000.0
496.0,512.0,1.0,9.0,1123.0,992.0,36193.0,95232.0,0.4137491894898767,0.43519522294957325,0.0078125,0.0625,6400000.0
132.0,512.0,1.0,9.0,327.0,264.0,10148.0,25344.0,0.3946634054341437,0.4162242104747528,0.0078125,1.0,6400000.0
2.0,2.0,1.0,2.0,6.0,4.0,207.0,384.0,0.07262288558772911,0.07510528703488584,0.25,4.0,6400000.0
52.0,512.0,1.0,7.0,135.0,104.0,4084.0,9984.0,0.3374920860243603,0.35184392779643947,0.0078125,4.0,6400000.0
12.0,512.0,1.0,3.0,33.0,24.0,937.0,2304.0,0.22058073034453196,0.22746378695664926,0.0078125,16.0,6400000.0
1.0,2.0,1.0,1.0,1.0,1.0,35.0,32.0,-0.0030632107251067353,-0.0017650185808415486,0.0625,1024.0,6400000.0
2.0,2.0,1.0,2.0,6.0,4.0,207.0,384.0,0.07262288558772911,0.07510528703488584,0.0625,2.0,6400000.0
1.0,512.0,1.0,1.0,1.0,1.0,35.0,32.0,-0.0030632107251067353,-0.0017650185808415486,0.015625,1024.0,6400000.0
1.0,512.0,1.0,1.0,1.0,1.0,35.0,32.0,-0.0030632107251067353,-0.0017650185808415486,0.015625,4096.0,6400000.0
1.0,512.0,1.0,1.0,1.0,1.0,35.0,32.0,-0.0030632107251067353,-0.0017650185808415486,0.0078125,256.0,6400000.0
3.0,512.0,1.0,2.0,9.0,6.0,279.0,576.0,0.10115259004895938,0.10346957106453547,0.0078125,64.0,6400000.0
1.0,512.0,1.0,1.0,1.0,1.0,35.0,32.0,-0.0030632107251067353,-0.0017650185808415486,0.015625,16384.0,6400000.0
1.0,1.0,1.0,1.0,1.0,1.0,35.0,32.0,-0.0030632107251067353,-0.0017650185808415486,1.0,1024.0,6400000.0
1.0,1.0,1.0,1.0,1.0,1.0,35.0,32.0,-0.0030632107251067353,-0.0017650185808415486,1.0,8192.0,6400000.0
512.0,512.0,1.0,9.0,1163.0,1024.0,37442.0,98304.0,0.41383473736101584,0.4352225046835828,0.03125,0.0,6400000.0
1.0,2.0,1.0,1.0,1.0,1.0,35.0,32.0,-0.0030632107251067353,-0.0017650185808415486,0.03125,1024.0,6400000.0
1.0,2.0,1.0,1.0,1.0,1.0,35.0,32.0,-0.0030632107251067353,-0.0017650185808415486,0.25,4096.0,6400000.0
1.0,512.0,1.0,1.0,1.0,1.0,35.0,32.0,-0.0030632107251067353,-0.0017650185808415486,0.0078125,4096.0,6400000.0
512.0,512.0,1.0,9.0,1163.0,1024.0,37442.0,98304.0,0.4140569602365646,0.4353107075496693,0.03125,0.00195312,6400000.0
2.0,2.0,1.0,2.0,6.0,4.0,207.0,384.0,0.07262288558772911,0.07510528703488584,0.5,16.0,6400000.0
1.0,512.0,1.0,1.0,1.0,1.0,35.0,32.0,-0.0030632107251067353,-0.0017650185808415486,0.0078125,1024.0,6400000.0
512.0,512.0,1.0,9.0,1158.0,1024.0,37335.0,98304.0,0.41391471386022427,0.4347665741986291,0.03125,0.03125,6400000.0
2.0,2.0,1.0,2.0,6.0,4.0,207.0,384.0,0.07262288558772911,0.07510528703488584,1.0,0.0625,6400000.0
512.0,512.0,1.0,9.0,1161.0,1024.0,37407.0,98304.0,0.4139115750064042,0.4351869828580599,0.03125,0.0078125,6400000.0
2.0,2.0,1.0,2.0,6.0,4.0,207.0,384.0,0.07262288558772911,0.07510528703488584,0.25,0.0078125,6400000.0
105.0,512.0,1.0,9.0,260.0,210.0,8087.0,20160.0,0.3803966208446643,0.39981697905848823,0.03125,2.0,6400000.0
8.0,512.0,1.0,2.0,22.0,16.0,654.0,1536.0,0.184803559555608,0.19082719424152972,0.03125,32.0,6400000.0
22.0,512.0,1.0,3.0,61.0,44.0,1728.0,4224.0,0.27209781390772547,0.2796723898647334,0.03125,8.0,6400000.0
210.0,512.0,1.0,9.0,502.0,420.0,15863.0,40320.0,0.40906825915743483,0.43098728455429847,0.03125,0.5,6400000.0
2.0,2.0,1.0,2.0,6.0,4.0,207.0,384.0,0.07262288558772911,0.07510528703488584,0.0625,0.00390625,6400000.0
512.0,512.0,1.0,9.0,1163.0,1024.0,37442.0,98304.0,0.4140569602365646,0.4353107075496693,0.015625,0.00195312,6400000.0
1.0,512.0,1.0,1.0,1.0,1.0,35.0,32.0,-0.0030632107251067353,-0.0017650185808415486,0.0078125,16384.0,6400000.0
1.0,512.0,1.0,1.0,1.0,1.0,35.0,32.0,-0.0030632107251067353,-0.0017650185808415486,0.03125,128.0,6400000.0
512.0,512.0,1.0,9.0,1163.0,1024.0,37442.0,98304.0,0.41383473736101584,0.4352225046835828,0.015625,0.0,6400000.0
338.0,512.0,1.0,9.0,789.0,676.0,25130.0,64896.0,0.4129540984154828,0.4355025641736884,0.03125,0.125,6400000.0
1.0,512.0,1.0,1.0,1.0,1.0,35.0,32.0,-0.0030632107251067353,-0.0017650185808415486,0.03125,512.0,6400000.0
512.0,512.0,1.0,9.0,1161.0,1024.0,37407.0,98304.0,0.4139115750064042,0.4351869828580599,0.015625,0.0078125,6400000.0
1.0,2.0,1.0,1.0,1.0,1.0,35.0,32.0,-0.0030632107251067353,-0.0017650185808415486,0.125,2048.0,6400000.0
1.0,512.0,1.0,1.0,1.0,1.0,35.0,32.0,-0.0030632107251067353,-0.0017650185808415486,0.03125,2048.0,6400000.0
1.0,512.0,1.0,1.0,1.0,1.0,35.0,32.0,-0.0030632107251067353,-0.0017650185808415486,0.03125,8192.0,6400000.0
512.0,512.0,1.0,9.0,1158.0,1024.0,37335.0,98304.0,0.41391452230279413,0.43476651069060435,0.015625,0.03125,6400000.0
1.0,512.0,1.0,1.0,1.0,1.0,35.0,32.0,-0.0030632107251067353,-0.0017650185808415486,0.03125,32768.0,6400000.0
2.0,2.0,1.0,2.0,6.0,4.0,207.0,384.0,0.07262288558772911,0.07510528703488584,1.0,64.0,6400000.0
2.0,2.0,1.0,2.0,6.0,4.0,207.0,384.0,0.07262288558772911,0.07510528703488584,0.125,4.0,6400000.0
2.0,2.0,1.0,2.0,6.0,4.0,207.0,384.0,0.07262288558772911,0.07510528703488584,0.125,0.0078125,6400000.0
2.0,2.0,1.0,2.0,6.0,4.0,207.0,384.0,0.07262288558772911,0.07510528703488584,0.5,0.03125,6400000.0
22.0,512.0,1.0,3.0,61.0,44.0,1728.0,4224.0,0.27209781390772547,0.2796723898647334,0.015625,8.0,6400000.0
105.0,512.0,1.0,9.0,260.0,210.0,8087.0,20160.0,0.3803966208446643,0.39981697905848823,0.015625,2.0,6400000.0
8.0,512.0,1.0,2.0,22.0,16.0,654.0,1536.0,0.184803559555608,0.19082719424152972,0.015625,32.0,6400000.0
512.0,512.0,1.0,9.0,1162.0,1024.0,37409.0,98304.0,0.413902453464558,0.4352678645246989,0.0625,0.000976562,6400000.0
210.0,512.0,1.0,9.0,502.0,420.0,15863.0,40320.0,0.40906825915743483,0.43098728455429847,0.015625,0.5,6400000.0
1.0,2.0,1.0,1.0,1.0,1.0,35.0,32.0,-0.0030632107251067353,-0.0017650185808415486,0.5,16384.0,6400000.0
1.0,512.0,1.0,1.0,1.0,1.0,35.0,32.0,-0.0030632107251067353,-0.0017650185808415486,0.015625,512.0,6400000.0
338.0,512.0,1.0,9.0,789.0,676.0,25130.0,64896.0,0.41295274466447307,0.43550239489669806,0.015625,0.125,6400000.0
1.0,512.0,1.0,1.0,1.0,1.0,35.0,32.0,-0.0030632107251067353,-0.0017650185808415486,0.015625,128.0,6400000.0
512.0,512.0,1.0,9.0,1162.0,1024.0,37405.0,98304.0,0.4139350814194628,0.435245450764679,0.0625,0.00390625,6400000.0
499.0,512.0,1.0,9.0,1128.0,998.0,36366.0,95808.0,0.41368464153806705,0.43514709862047585,0.0625,0.0625,6400000.0
52.0,512.0,1.0,7.0,135.0,104.0,4084.0,9984.0,0.3374922504044793,0.3518439824697871,0.0625,4.0,6400000.0
512.0,512.0,1.0,9.0,1159.0,1024.0,37325.0,98304.0,0.4141106213842033,0.43491850878453264,0.0625,0.015625,6400000.0
244.0,512.0,1.0,9.0,583.0,488.0,18422.0,46848.0,0.41213528452235826,0.4344372669240253,0.0625,0.25,6400000.0
132.0,512.0,1.0,9.0,327.0,264.0,10148.0,25344.0,0.39466461976455247,0.41622576303042524,0.0625,1.0,6400000.0
2.0,2.0,1.0,2.0,6.0,4.0,207.0,384.0,0.07262288558772911,0.07510528703488584,0.25,8.0,6400000.0
1.0,2.0,1.0,1.0,1.0,1.0,35.0,32.0,-0.0030632107251067353,-0.0017650185808415486,0.0625,2048.0,6400000.0
2.0,2.0,1.0,2.0,6.0,4.0,207.0,384.0,0.07262288558772911,0.07510528703488584,0.0625,4.0,6400000.0
1.0,512.0,1.0,1.0,1.0,1.0,35.0,32.0,-0.0030632107251067353,-0.0017650185808415486,0.015625,2048.0,6400000.0
1.0,512.0,1.0,1.0,1.0,1.0,35.0,32.0,-0.0030632107251067353,-0.0017650185808415486,0.015625,8192.0,6400000.0
12.0,512.0,1.0,3.0,33.0,24.0,937.0,2304.0,0.22058073034453196,0.22746378695664926,0.0625,16.0,6400000.0
1.0,512.0,1.0,1.0,1.0,1.0,35.0,32.0,-0.0030632107251067353,-0.0017650185808415486,0.015625,32768.0,6400000.0
1.0,1.0,1.0,1.0,1.0,1.0,35.0,32.0,-0.0030632107251067353,-0.0017650185808415486,1.0,2048.0,6400000.0
3.0,512.0,1.0,2.0,9.0,6.0,279.0,576.0,0.10115259004895938,0.10346957106453547,0.0625,64.0,6400000.0
1.0,1.0,1.0,1.0,1.0,1.0,35.0,32.0,-0.0030632107251067353,-0.0017650185808415486,1.0,16384.0,6400000.0
2.0,2.0,1.0,2.0,6.0,4.0,207.0,384.0,0.07262288558772911,0.07510528703488584,2.0,0.0,6400000.0
1.0,512.0,1.0,1.0,1.0,1.0,35.0,32.0,-0.0030632107251067353,-0.0017650185808415486,0.0625,1024.0,6400000.0
1.0,512.0,1.0,1.0,1.0,1.0,35.0,32.0,-0.0030632107251067353,-0.0017650185808415486,0.0625,256.0,6400000.0
1.0,2.0,1.0,1.0,1.0,1.0,35.0,32.0,-0.0030632107251067353,-0.0017650185808415486,0.25,8192.0,6400000.0
512.0,512.0,1.0,9.0,1162.0,1024.0,37409.0,98304.0,0.41390233795560194,0.4352672468568247,0.03125,0.000976562,6400000.0
1.0,512.0,1.0,1.0,1.0,1.0,35.0,32.0,-0.0030632107251067353,-0.0017650185808415486,0.0625,4096.0,6400000.0
512.0,512.0,1.0,9.0,1162.0,1024.0,37405.0,98304.0,0.413934699286834,0.4352450835376702,0.03125,0.00390625,6400000.0
2.0,2.0,1.0,2.0,6.0,4.0,207.0,384.0,0.07262288558772911,0.07510528703488584,0.5,32.0,6400000.0
512.0,512.0,1.0,9.0,1159.0,1024.0,37397.0,98304.0,0.4141087924169621,0.43501565514354934,0.03125,0.015625,6400000.0
2.0,2.0,1.0,2.0,6.0,4.0,207.0,384.0,0.07262288558772911,0.07510528703488584,1.0,0.125,6400000.0
1.0,512.0,1.0,1.0,1.0,1.0,35.0,32.0,-0.0030632107251067353,-0.0017650185808415486,0.0625,16384.0,6400000.0
2.0,2.0,1.0,2.0,6.0,4.0,207.0,384.0,0.07262288558772911,0.07510528703488584,0.25,0.015625,6400000.0
3.0,512.0,1.0,2.0,9.0,6.0,279.0,576.0,0.10115259004895938,0.10346957106453547,0.03125,64.0,6400000.0
12.0,512.0,1.0,3.0,33.0,24.0,937.0,2304.0,0.22058073034453196,0.22746378695664926,0.03125,16.0,6400000.0
2.0,2.0,1.0,2.0,6.0,4.0,207.0,384.0,0.07262288558772911,0.07510528703488584,0.0625,0.0078125,6400000.0
132.0,512.0,1.0,9.0,327.0,264.0,10148.0,25344.0,0.39466461976455247,0.41622576303042524,0.03125,1.0,6400000.0
499.0,512.0,1.0,9.0,1128.0,998.0,36366.0,95808.0,0.4136850731805176,0.4351471307809758,0.03125,0.0625,6400000.0
1.0,512.0,1.0,1.0,1.0,1.0,35.0,32.0,-0.0030632107251067353,-0.0017650185808415486,0.03125,256.0,6400000.0
52.0,512.0,1.0,7.0,135.0,104.0,4084.0,9984.0,0.3374922504044793,0.3518439824697871,0.03125,4.0,6400000.0
512.0,512.0,1.0,9.0,1164.0,1024.0,37473.0,98304.0,0.4139846846785945,0.43529715611638997,0.125,0.0,6400000.0
1.0,512.0,1.0,1.0,1.0,1.0,35.0,32.0,-0.0030632107251067353,-0.0017650185808415486,0.03125,1024.0,6400000.0
244.0,512.0,1.0,9.0,583.0,488.0,18422.0,46848.0,0.41213086387387565,0.4344394750348073,0.03125,0.25,6400000.0
512.0,512.0,1.0,9.0,1162.0,1024.0,37406.0,98304.0,0.4138996450097967,0.43516210097894537,0.125,0.0078125,6400000.0
512.0,512.0,1.0,9.0,1163.0,1024.0,37441.0,98304.0,0.41384432077712285,0.43534223091129254,0.125,0.00195312,6400000.0
1.0,2.0,1.0,1.0,1.0,1.0,35.0,32.0,-0.0030632107251067353,-0.0017650185808415486,0.125,4096.0,6400000.0
1.0,512.0,1.0,1.0,1.0,1.0,35.0,32.0,-0.0030632107251067353,-0.0017650185808415486,0.03125,16384.0,6400000.0
1.0,512.0,1.0,1.0,1.0,1.0,35.0,32.0,-0.0030632107251067353,-0.0017650185808415486,0.03125,4096.0,6400000.0
512.0,512.0,1.0,9.0,1157.0,1024.0,37313.0,98304.0,0.4135943305873182,0.434817575596824,0.125,0.03125,6400000.0
512.0,512.0,1.0,9.0,1163.0,1024.0,37442.0,98304.0,0.4138350202839368,0.4352228171801724,0.0625,0.0,6400000.0
2.0,2.0,1.0,2.0,6.0,4.0,207.0,384.0,0.07262288558772911,0.07510528703488584,0.125,8.0,6400000.0
348.0,512.0,1.0,9.0,811.0,696.0,25812.0,66816.0,0.41342409417734816,0.43564632039136053,0.125,0.125,6400000.0
1.0,2.0,1.0,1.0,1.0,1.0,35.0,32.0,-0.0030632107251067353,-0.0017650185808415486,1.0,128.0,6400000.0
2.0,2.0,1.0,2.0,6.0,4.0,207.0,384.0,0.07262288558772911,0.07510528703488584,0.125,0.015625,6400000.0
1.0,2.0,1.0,1.0,1.0,1.0,35.0,32.0,-0.0030632107251067353,-0.0017650185808415486,0.5,32768.0,6400000.0
2.0,2.0,1.0,2.0,6.0,4.0,207.0,384.0,0.07262288558772911,0.07510528703488584,0.5,0.0625,6400000.0
512.0,512.0,1.0,9.0,1163.0,1024.0,37442.0,98304.0,0.4140571885844475,0.4353111107100788,0.0625,0.00195312,6400000.0
210.0,512.0,1.0,9.0,501.0,420.0,15862.0,40320.0,0.40915017200549586,0.43097172120002014,0.125,0.5,6400000.0
22.0,512.0,1.0,3.0,61.0,44.0,1728.0,4224.0,0.27209781390772547,0.2796723898647334,0.0625,8.0,6400000.0
22.0,512.0,1.0,3.0,61.0,44.0,1728.0,4224.0,0.27209781390772547,0.2796723898647334,0.125,8.0,6400000.0
103.0,512.0,1.0,9.0,256.0,206.0,7949.0,19776.0,0.3803517094208687,0.3988139193288691,0.0625,2.0,6400000.0
8.0,512.0,1.0,2.0,22.0,16.0,654.0,1536.0,0.184803559555608,0.19082719424152972,0.125,32.0,6400000.0
103.0,512.0,1.0,9.0,256.0,206.0,7949.0,19776.0,0.37995277733715227,0.39868370328223646,0.125,2.0,6400000.0
338.0,512.0,1.0,9.0,789.0,676.0,25130.0,64896.0,0.412953598381817,0.4355024069842165,0.0625,0.125,6400000.0
512.0,512.0,1.0,9.0,1157.0,1024.0,37311.0,98304.0,0.41367885642472335,0.43482712854894223,0.0625,0.03125,6400000.0
1.0,512.0,1.0,1.0,1.0,1.0,35.0,32.0,-0.0030632107251067353,-0.0017650185808415486,0.125,512.0,6400000.0
1.0,512.0,1.0,1.0,1.0,1.0,35.0,32.0,-0.0030632107251067353,-0.0017650185808415486,0.125,128.0,6400000.0
2.0,2.0,1.0,2.0,6.0,4.0,207.0,384.0,0.07262288558772911,0.07510528703488584,2.0,0.5,6400000.0
210.0,512.0,1.0,9.0,501.0,420.0,15862.0,40320.0,0.4091535978364379,0.4309656512788427,0.0625,0.5,6400000.0
512.0,512.0,1.0,9.0,1161.0,1024.0,37407.0,98304.0,0.4139118530003002,0.43518735136519415,0.0625,0.0078125,6400000.0
1.0,2.0,1.0,1.0,1.0,1.0,35.0,32.0,-0.0030632107251067353,-0.0017650185808415486,0.0625,4096.0,6400000.0
2.0,2.0,1.0,2.0,6.0,4.0,207.0,384.0,0.07262288558772911,0.07510528703488584,0.25,16.0,6400000.0
8.0,512.0,1.0,2.0,22.0,16.0,654.0,1536.0,0.184803559555608,0.19082719424152972,0.0625,32.0,6400000.0
1.0,512.0,1.0,1.0,1.0,1.0,35.0,32.0,-0.0030632107251067353,-0.0017650185808415486,0.125,2048.0,6400000.0
1.0,512.0,1.0,1.0,1.0,1.0,35.0,32.0,-0.0030632107251067353,-0.0017650185808415486,0.125,8192.0,6400000.0
2.0,2.0,1.0,2.0,6.0,4.0,207.0,384.0,0.07262288558772911,0.07510528703488584,0.0625,8.0,6400000.0
1.0,512.0,1.0,1.0,1.0,1.0,35.0,32.0,-0.0030632107251067353,-0.0017650185808415486,0.125,32768.0,6400000.0
1.0,512.0,1.0,1.0,1.0,1.0,35.0,32.0,-0.0030632107251067353,-0.0017650185808415486,0.0625,512.0,6400000.0
2.0,2.0,1.0,2.0,6.0,4.0,207.0,384.0,0.07262288558772911,0.07510528703488584,2.0,0.000976562,6400000.0
1.0,1.0,1.0,1.0,1.0,1.0,35.0,32.0,-0.0030632107251067353,-0.0017650185808415486,1.0,32768.0,6400000.0
1.0,512.0,1.0,1.0,1.0,1.0,35.0,32.0,-0.0030632107251067353,-0.0017650185808415486,0.0625,2048.0,6400000.0
1.0,2.0,1.0,1.0,1.0,1.0,35.0,32.0,-0.0030632107251067353,-0.0017650185808415486,0.25,16384.0,6400000.0
512.0,512.0,1.0,9.0,1164.0,1024.0,37473.0,98304.0,0.41392739182008087,0.43527674712844977,0.25,0.000976562,6400000.0
1.0,512.0,1.0,1.0,1.0,1.0,35.0,32.0,-0.0030632107251067353,-0.0017650185808415486,0.0625,128.0,6400000.0
1.0,512.0,1.0,1.0,1.0,1.0,35.0,32.0,-0.0030632107251067353,-0.0017650185808415486,0.0625,8192.0,6400000.0
512.0,512.0,1.0,9.0,1163.0,1024.0,37438.0,98304.0,0.4139412336904382,0.4352941664437633,0.25,0.00390625,6400000.0
2.0,2.0,1.0,2.0,6.0,4.0,207.0,384.0,0.07262288558772911,0.07510528703488584,0.5,64.0,6400000.0
1.0,512.0,1.0,1.0,1.0,1.0,35.0,32.0,-0.0030632107251067353,-0.0017650185808415486,0.0625,32768.0,6400000.0
2.0,2.0,1.0,2.0,6.0,4.0,207.0,384.0,0.07262288558772911,0.07510528703488584,1.0,0.25,6400000.0
2.0,2.0,1.0,2.0,6.0,4.0,207.0,384.0,0.07262288558772911,0.07510528703488584,0.25,0.03125,6400000.0
512.0,512.0,1.0,9.0,1159.0,1024.0,37355.0,98304.0,0.4138266035394407,0.4352014410263899,0.25,0.015625,6400000.0
1.0,2.0,1.0,1.0,1.0,1.0,35.0,32.0,-0.0030632107251067353,-0.0017650185808415486,2.0,512.0,6400000.0
250.0,512.0,1.0,9.0,596.0,500.0,18830.0,48000.0,0.4131061768736112,0.4347029502114771,0.25,0.25,6400000.0
133.0,512.0,1.0,9.0,330.0,266.0,10253.0,25536.0,0.39504390647386634,0.4161098639137957,0.25,1.0,6400000.0
54.0,512.0,1.0,6.0,139.0,108.0,4253.0,10368.0,0.3437747063874942,0.35542621222424586,0.25,4.0,6400000.0
12.0,512.0,1.0,3.0,33.0,24.0,937.0,2304.0,0.22058073034453196,0.22746378695664926,0.25,16.0,6400000.0
3.0,512.0,1.0,2.0,9.0,6.0,279.0,576.0,0.10115259004895938,0.10346957106453547,0.25,64.0,6400000.0
493.0,512.0,1.0,9.0,1116.0,986.0,35958.0,94656.0,0.4136651985424553,0.4351721453781776,0.25,0.0625,6400000.0
1.0,512.0,1.0,1.0,1.0,1.0,35.0,32.0,-0.0030632107251067353,-0.0017650185808415486,0.25,1024.0,6400000.0
512.0,512.0,1.0,9.0,1164.0,1024.0,37473.0,98304.0,0.41392655185588745,0.43527753221032794,0.125,0.000976562,6400000.0
1.0,512.0,1.0,1.0,1.0,1.0,35.0,32.0,-0.0030632107251067353,-0.0017650185808415486,0.25,256.0,6400000.0
512.0,512.0,1.0,9.0,1159.0,1024.0,37355.0,98304.0,0.4138262045800537,0.43520205958599556,0.125,0.015625,6400000.0
1.0,2.0,1.0,1.0,1.0,1.0,35.0,32.0,-0.0030632107251067353,-0.0017650185808415486,0.125,8192.0,6400000.0
512.0,512.0,1.0,9.0,1163.0,1024.0,37438.0,98304.0,0.4139458377500629,0.43529711739991384,0.125,0.00390625,6400000.0
1.0,512.0,1.0,1.0,1.0,1.0,35.0,32.0,-0.0030632107251067353,-0.0017650185808415486,0.25,4096.0,6400000.0
1.0,512.0,1.0,1.0,1.0,1.0,35.0,32.0,-0.0030632107251067353,-0.0017650185808415486,0.25,16384.0,6400000.0
2.0,2.0,1.0,2.0,6.0,4.0,207.0,384.0,0.07262288558772911,0.07510528703488584,4.0,0.00390625,6400000.0
250.0,512.0,1.0,9.0,596.0,500.0,18830.0,48000.0,0.4131063209875647,0.4347028547700006,0.125,0.25,6400000.0
2.0,2.0,1.0,2.0,6.0,4.0,207.0,384.0,0.07262288558772911,0.07510528703488584,0.125,16.0,6400000.0
512.0,512.0,1.0,9.0,1164.0,1024.0,37473.0,98304.0,0.4139856045321718,0.4352971501358689,0.5,0.0,6400000.0
494.0,512.0,1.0,9.0,1118.0,988.0,36026.0,94848.0,0.41363673767369147,0.4351050064012554,0.125,0.0625,6400000.0
1.0,2.0,1.0,1.0,1.0,1.0,35.0,32.0,-0.0030632107251067353,-0.0017650185808415486,1.0,256.0,6400000.0
2.0,2.0,1.0,2.0,6.0,4.0,207.0,384.0,0.07262288558772911,0.07510528703488584,0.5,0.125,6400000.0
2.0,2.0,1.0,2.0,6.0,4.0,207.0,384.0,0.07262288558772911,0.07510528703488584,0.125,0.03125,6400000.0
2.0,2.0,1.0,2.0,6.0,4.0,207.0,384.0,0.07262288558772911,0.07510528703488584,1.0,0.0,6400000.0
12.0,512.0,1.0,3.0,33.0,24.0,937.0,2304.0,0.22058073034453196,0.22746378695664926,0.125,16.0,6400000.0
3.0,512.0,1.0,2.0,9.0,6.0,279.0,576.0,0.10115259004895938,0.10346957106453547,0.125,64.0,6400000.0
132.0,512.0,1.0,9.0,327.0,264.0,10148.0,25344.0,0.3946625145105529,0.41622404615840314,0.125,1.0,6400000.0
57.0,512.0,1.0,7.0,146.0,114.0,4460.0,10944.0,0.34698836344449757,0.3603774563118617,0.125,4.0,6400000.0
512.0,512.0,1.0,9.0,1163.0,1024.0,37440.0,98304.0,0.41390483317116245,0.4352935314195333,0.5,0.00195312,6400000.0
1.0,512.0,1.0,1.0,1.0,1.0,35.0,32.0,-0.0030632107251067353,-0.0017650185808415486,0.125,1024.0,6400000.0
1.0,2.0,1.0,1.0,1.0,1.0,35.0,32.0,-0.0030632107251067353,-0.0017650185808415486,0.0625,8192.0,6400000.0
512.0,512.0,1.0,9.0,1157.0,1024.0,37312.0,98304.0,0.41357708872562593,0.43484329800938804,0.5,0.03125,6400000.0
1.0,512.0,1.0,1.0,1.0,1.0,35.0,32.0,-0.0030632107251067353,-0.0017650185808415486,0.125,256.0,6400000.0
2.0,2.0,1.0,2.0,6.0,4.0,207.0,384.0,0.07262288558772911,0.07510528703488584,0.25,32.0,6400000.0
103.0,512.0,1.0,9.0,256.0,206.0,7949.0,19776.0,0.3803538018857049,0.3988111381644802,0.5,2.0,6400000.0
512.0,512.0,1.0,9.0,1162.0,1024.0,37405.0,98304.0,0.41389735985854004,0.4352424291443098,0.5,0.0078125,6400000.0
2.0,2.0,1.0,2.0,6.0,4.0,207.0,384.0,0.07262288558772911,0.07510528703488584,2.0,1.0,6400000.0
208.0,512.0,1.0,9.0,497.0,416.0,15696.0,39936.0,0.40827490140990186,0.43072599259640953,0.5,0.5,6400000.0
349.0,512.0,1.0,9.0,814.0,698.0,25911.0,67008.0,0.41360707033220245,0.43567495905453624,0.5,0.125,6400000.0
22.0,512.0,1.0,3.0,61.0,44.0,1728.0,4224.0,0.27209781390772547,0.2796723898647334,0.5,8.0,6400000.0
8.0,512.0,1.0,2.0,22.0,16.0,654.0,1536.0,0.184803559555608,0.19082719424152972,0.5,32.0,6400000.0
1.0,512.0,1.0,1.0,1.0,1.0,35.0,32.0,-0.0030632107251067353,-0.0017650185808415486,0.125,4096.0,6400000.0
1.0,512.0,1.0,1.0,1.0,1.0,35.0,32.0,-0.0030632107251067353,-0.0017650185808415486,0.125,16384.0,6400000.0
512.0,512.0,1.0,9.0,1164.0,1024.0,37473.0,98304.0,0.41398532322696857,0.43529665891638625,0.25,0.0,6400000.0
2.0,2.0,1.0,2.0,6.0,4.0,207.0,384.0,0.07262288558772911,0.07510528703488584,2.0,0.00195312,6400000.0
1.0,512.0,1.0,1.0,1.0,1.0,35.0,32.0,-0.0030632107251067353,-0.0017650185808415486,0.5,128.0,6400000.0
2.0,2.0,1.0,2.0,6.0,4.0,207.0,384.0,0.07262288558772911,0.07510528703488584,4.0,4.0,6400000.0
1.0,512.0,1.0,1.0,1.0,1.0,35.0,32.0,-0.0030632107251067353,-0.0017650185808415486,0.5,512.0,6400000.0
1.0,1.0,1.0,2.0,3.0,2.0,108.0,192.0,0.03911015413878083,0.040912063041146696,2.0,0.0,6400000.0
512.0,512.0,1.0,9.0,1163.0,1024.0,37440.0,98304.0,0.4138514611060319,0.435322969010848,0.25,0.00195312,6400000.0
1.0,2.0,1.0,1.0,1.0,1.0,35.0,32.0,-0.0030632107251067353,-0.0017650185808415486,0.5,128.0,6400000.0
1.0,512.0,1.0,1.0,1.0,1.0,35.0,32.0,-0.0030632107251067353,-0.0017650185808415486,0.5,8192.0,6400000.0
1.0,2.0,1.0,1.0,1.0,1.0,35.0,32.0,-0.0030632107251067353,-0.0017650185808415486,0.25,32768.0,6400000.0
512.0,512.0,1.0,9.0,1162.0,1024.0,37404.0,98304.0,0.4137887536706756,0.4350811902009205,0.25,0.0078125,6400000.0
1.0,512.0,1.0,1.0,1.0,1.0,35.0,32.0,-0.0030632107251067353,-0.0017650185808415486,0.5,2048.0,6400000.0
2.0,2.0,1.0,2.0,6.0,4.0,207.0,384.0,0.07262288558772911,0.07510528703488584,0.25,0.0625,6400000.0
1.0,512.0,1.0,1.0,1.0,1.0,35.0,32.0,-0.0030632107251067353,-0.0017650185808415486,0.5,32768.0,6400000.0
2.0,2.0,1.0,2.0,6.0,4.0,207.0,384.0,0.07262288558772911,0.07510528703488584,1.0,0.5,6400000.0
1.0,2.0,1.0,1.0,1.0,1.0,35.0,32.0,-0.0030632107251067353,-0.0017650185808415486,2.0,1024.0,6400000.0
512.0,512.0,1.0,9.0,1157.0,1024.0,37312.0,98304.0,0.4135752440212087,0.43484246988713837,0.25,0.03125,6400000.0
208.0,512.0,1.0,9.0,497.0,416.0,15696.0,39936.0,0.4082763571042207,0.43072625629485717,0.25,0.5,6400000.0
8.0,512.0,1.0,2.0,22.0,16.0,654.0,1536.0,0.184803559555608,0.19082719424152972,0.25,32.0,6400000.0
1.0,512.0,1.0,1.0,1.0,1.0,35.0,32.0,-0.0030632107251067353,-0.0017650185808415486,0.25,128.0,6400000.0
103.0,512.0,1.0,9.0,256.0,206.0,7949.0,19776.0,0.37995490114383734,0.3986845301020693,0.25,2.0,6400000.0
1.0,512.0,1.0,1.0,1.0,1.0,35.0,32.0,-0.0030632107251067353,-0.0017650185808415486,0.25,2048.0,6400000.0
22.0,512.0,1.0,3.0,61.0,44.0,1728.0,4224.0,0.27209781390772547,0.2796723898647334,0.25,8.0,6400000.0
1.0,2.0,1.0,1.0,1.0,1.0,35.0,32.0,-0.0030632107251067353,-0.0017650185808415486,0.125,16384.0,6400000.0
1.0,512.0,1.0,1.0,1.0,1.0,35.0,32.0,-0.0030632107251067353,-0.0017650185808415486,0.25,512.0,6400000.0
1.0,512.0,1.0,1.0,1.0,1.0,35.0,32.0,-0.0030632107251067353,-0.0017650185808415486,0.25,8192.0,6400000.0
348.0,512.0,1.0,9.0,811.0,696.0,25812.0,66816.0,0.41342409417734816,0.43564632039136053,0.25,0.125,6400000.0
1.0,512.0,1.0,1.0,1.0,1.0,35.0,32.0,-0.0030632107251067353,-0.0017650185808415486,0.25,32768.0,6400000.0
2.0,2.0,1.0,2.0,6.0,4.0,207.0,384.0,0.07262288558772911,0.07510528703488584,4.0,0.0078125,6400000.0
512.0,512.0,1.0,9.0,1162.0,1024.0,37406.0,98304.0,0.41384421876980737,0.435096535315604,1.0,0.00390625,6400000.0
512.0,512.0,1.0,9.0,1164.0,1024.0,37473.0,98304.0,0.41392860010550536,0.43527710662759334,0.5,0.000976562,6400000.0
512.0,512.0,1.0,9.0,1164.0,1024.0,37473.0,98304.0,0.41407295818961987,0.4352913992609826,1.0,0.000976562,6400000.0
495.0,512.0,1.0,9.0,1121.0,990.0,36126.0,95040.0,0.4135781819802056,0.43516527262222404,1.0,0.0625,6400000.0
2.0,2.0,1.0,2.0,6.0,4.0,207.0,384.0,0.07262288558772911,0.07510528703488584,0.125,32.0,6400000.0
245.0,512.0,1.0,9.0,586.0,490.0,18490.0,47040.0,0.4125723702361703,0.4345399856821719,1.0,0.25,6400000.0
1.0,2.0,1.0,1.0,1.0,1.0,35.0,32.0,-0.0030632107251067353,-0.0017650185808415486,1.0,512.0,6400000.0
512.0,512.0,1.0,9.0,1160.0,1024.0,37434.0,98304.0,0.41377912186287324,0.43526101736398026,1.0,0.015625,6400000.0
2.0,2.0,1.0,2.0,6.0,4.0,207.0,384.0,0.07262288558772911,0.07510528703488584,0.5,0.25,6400000.0
2.0,2.0,1.0,2.0,6.0,4.0,207.0,384.0,0.07262288558772911,0.07510528703488584,0.125,0.0625,6400000.0
2.0,2.0,1.0,2.0,6.0,4.0,207.0,384.0,0.07262288558772911,0.07510528703488584,1.0,0.000976562,6400000.0
131.0,512.0,1.0,9.0,325.0,262.0,10087.0,25152.0,0.39456296972754323,0.4156141228035878,1.0,1.0,6400000.0
1.0,2.0,1.0,1.0,1.0,1.0,35.0,32.0,-0.0030632107251067353,-0.0017650185808415486,4.0,4096.0,6400000.0
12.0,512.0,1.0,3.0,33.0,24.0,937.0,2304.0,0.22058073034453196,0.22746378695664926,0.5,16.0,6400000.0
12.0,512.0,1.0,3.0,33.0,24.0,937.0,2304.0,0.22058073034453196,0.22746378695664926,1.0,16.0,6400000.0
131.0,512.0,1.0,9.0,325.0,262.0,10087.0,25152.0,0.39456247572542424,0.4156144496059735,0.5,1.0,6400000.0
54.0,512.0,1.0,6.0,139.0,108.0,4253.0,10368.0,0.3437752087524123,0.35542497708320786,1.0,4.0,6400000.0
54.0,512.0,1.0,6.0,139.0,108.0,4253.0,10368.0,0.3437770914346123,0.3554259991436397,0.5,4.0,6400000.0
1.0,512.0,1.0,1.0,1.0,1.0,35.0,32.0,-0.0030632107251067353,-0.0017650185808415486,1.0,256.0,6400000.0
2.0,2.0,1.0,2.0,6.0,4.0,207.0,384.0,0.07262288558772911,0.07510528703488584,2.0,2.0,6400000.0
512.0,512.0,1.0,9.0,1163.0,1024.0,37438.0,98304.0,0.41394190541181597,0.4352946270749881,0.5,0.00390625,6400000.0
2.0,2.0,1.0,2.0,6.0,4.0,207.0,384.0,0.07262288558772911,0.07510528703488584,0.25,64.0,6400000.0
512.0,512.0,1.0,9.0,1159.0,1024.0,37355.0,98304.0,0.4138269026721778,0.4352016804915695,0.5,0.015625,6400000.0
250.0,512.0,1.0,9.0,596.0,500.0,18830.0,48000.0,0.41306076463081254,0.43474498077301116,0.5,0.25,6400000.0
3.0,512.0,1.0,2.0,9.0,6.0,279.0,576.0,0.10115259004895938,0.10346957106453547,1.0,64.0,6400000.0
1.0,512.0,1.0,1.0,1.0,1.0,35.0,32.0,-0.0030632107251067353,-0.0017650185808415486,1.0,1024.0,6400000.0
493.0,512.0,1.0,9.0,1116.0,986.0,35958.0,94656.0,0.4136661800349445,0.4351725853785884,0.5,0.0625,6400000.0
3.0,512.0,1.0,2.0,9.0,6.0,279.0,576.0,0.10115259004895938,0.10346957106453547,0.5,64.0,6400000.0
1.0,512.0,1.0,1.0,1.0,1.0,35.0,32.0,-0.0030632107251067353,-0.0017650185808415486,0.5,256.0,6400000.0
1.0,512.0,1.0,1.0,1.0,1.0,35.0,32.0,-0.0030632107251067353,-0.0017650185808415486,1.0,4096.0,6400000.0
2.0,2.0,1.0,2.0,6.0,4.0,207.0,384.0,0.07262288558772911,0.07510528703488584,2.0,0.00390625,6400000.0
2.0,2.0,1.0,2.0,6.0,4.0,207.0,384.0,0.07262288558772911,0.07510528703488584,4.0,8.0,6400000.0
1.0,512.0,1.0,1.0,1.0,1.0,35.0,32.0,-0.0030632107251067353,-0.0017650185808415486,1.0,16384.0,6400000.0
1.0,2.0,1.0,1.0,1.0,1.0,35.0,32.0,-0.0030632107251067353,-0.0017650185808415486,0.5,256.0,6400000.0
512.0,512.0,1.0,9.0,1166.0,1024.0,37628.0,98304.0,0.413765252170442,0.43513336088018173,2.0,0.0,6400000.0
1.0,1.0,1.0,2.0,3.0,2.0,108.0,192.0,0.03911015413878083,0.040912063041146696,2.0,0.000976562,6400000.0
1.0,512.0,1.0,1.0,1.0,1.0,35.0,32.0,-0.0030632107251067353,-0.0017650185808415486,0.5,1024.0,6400000.0
1.0,512.0,1.0,1.0,1.0,1.0,35.0,32.0,-0.0030632107251067353,-0.0017650185808415486,0.5,16384.0,6400000.0
1.0,512.0,1.0,1.0,1.0,1.0,35.0,32.0,-0.0030632107251067353,-0.0017650185808415486,0.5,4096.0,6400000.0
2.0,2.0,1.0,2.0,6.0,4.0,207.0,384.0,0.07262288558772911,0.07510528703488584,0.5,0.0,6400000.0
512.0,512.0,1.0,9.0,1166.0,1024.0,37598.0,98304.0,0.4141241383866593,0.4353297674577836,2.0,0.00195312,6400000.0
512.0,512.0,1.0,9.0,1163.0,1024.0,37526.0,98304.0,0.4139479413134918,0.4349500162467813,2.0,0.0078125,6400000.0
2.0,2.0,1.0,2.0,6.0,4.0,207.0,384.0,0.07262288558772911,0.07510528703488584,0.25,0.125,6400000.0
2.0,2.0,1.0,2.0,6.0,4.0,207.0,384.0,0.07262288558772911,0.07510528703488584,1.0,1.0,6400000.0
1.0,2.0,1.0,1.0,1.0,1.0,35.0,32.0,-0.0030632107251067353,-0.0017650185808415486,2.0,2048.0,6400000.0
512.0,512.0,1.0,9.0,1165.0,1024.0,37473.0,98304.0,0.41403132337514326,0.43524624875606277,1.0,0.0,6400000.0
1.0,2.0,1.0,1.0,1.0,1.0,35.0,32.0,-0.0030632107251067353,-0.0017650185808415486,0.125,32768.0,6400000.0
1.0,1.0,1.0,2.0,3.0,2.0,108.0,192.0,0.03911015413878083,0.040912063041146696,2.0,0.03125,6400000.0
2.0,2.0,1.0,2.0,6.0,4.0,207.0,384.0,0.07262288558772911,0.07510528703488584,8.0,0.03125,6400000.0
339.0,512.0,1.0,9.0,795.0,678.0,25231.0,65088.0,0.4130662949949677,0.4354640864039262,2.0,0.125,6400000.0
512.0,512.0,1.0,9.0,1160.0,1024.0,37366.0,98304.0,0.4141140113081796,0.43461500789278984,2.0,0.03125,6400000.0
196.0,512.0,1.0,9.0,476.0,392.0,14897.0,37632.0,0.40811222455238605,0.43049871041157617,2.0,0.5,6400000.0
22.0,512.0,1.0,3.0,61.0,44.0,1728.0,4224.0,0.2720957992971804,0.2796722811129766,2.0,8.0,6400000.0
8.0,512.0,1.0,2.0,22.0,16.0,654.0,1536.0,0.184803559555608,0.19082719424152972,2.0,32.0,6400000.0
91.0,512.0,1.0,7.0,224.0,182.0,6964.0,17472.0,0.3676108246808856,0.3853196254538115,2.0,2.0,6400000.0
2.0,2.0,1.0,2.0,6.0,4.0,207.0,384.0,0.07262288558772911,0.07510528703488584,4.0,0.015625,6400000.0
1.0,512.0,1.0,1.0,1.0,1.0,35.0,32.0,-0.0030632107251067353,-0.0017650185808415486,2.0,128.0,6400000.0
347.0,512.0,1.0,9.0,808.0,694.0,25710.0,66624.0,0.41352983946307376,0.43569229912959617,1.0,0.125,6400000.0
1.0,512.0,1.0,1.0,1.0,1.0,35.0,32.0,-0.0030632107251067353,-0.0017650185808415486,2.0,2048.0,6400000.0
1.0,512.0,1.0,1.0,1.0,1.0,35.0,32.0,-0.0030632107251067353,-0.0017650185808415486,2.0,512.0,6400000.0
206.0,512.0,1.0,9.0,492.0,412.0,15561.0,39552.0,0.40781194248224306,0.4302431598945601,1.0,0.5,6400000.0
512.0,512.0,1.0,9.0,1162.0,1024.0,37436.0,98304.0,0.4139221008470113,0.43527453992165044,1.0,0.0078125,6400000.0
1.0,512.0,1.0,1.0,1.0,1.0,35.0,32.0,-0.0030632107251067353,-0.0017650185808415486,2.0,8192.0,6400000.0
2.0,2.0,1.0,2.0,6.0,4.0,207.0,384.0,0.07262288558772911,0.07510528703488584,0.125,64.0,6400000.0
1.0,2.0,1.0,1.0,1.0,1.0,35.0,32.0,-0.0030632107251067353,-0.0017650185808415486,1.0,1024.0,6400000.0
512.0,512.0,1.0,9.0,1164.0,1024.0,37473.0,98304.0,0.41407825745019455,0.4353306441476448,1.0,0.00195312,6400000.0
2.0,2.0,1.0,2.0,6.0,4.0,207.0,384.0,0.07262288558772911,0.07510528703488584,0.5,0.5,6400000.0
512.0,512.0,1.0,9.0,1158.0,1024.0,37313.0,98304.0,0.41374161817034194,0.43487651428819085,1.0,0.03125,6400000.0
2.0,2.0,1.0,2.0,6.0,4.0,207.0,384.0,0.07262288558772911,0.07510528703488584,1.0,0.00195312,6400000.0
2.0,2.0,1.0,2.0,6.0,4.0,207.0,384.0,0.07262288558772911,0.07510528703488584,8.0,32.0,6400000.0
103.0,512.0,1.0,9.0,256.0,206.0,7949.0,19776.0,0.38035362553060204,0.3988111961254668,1.0,2.0,6400000.0
8.0,512.0,1.0,2.0,22.0,16.0,654.0,1536.0,0.184803559555608,0.19082719424152972,1.0,32.0,6400000.0
2.0,2.0,1.0,2.0,6.0,4.0,207.0,384.0,0.07262288558772911,0.07510528703488584,2.0,4.0,6400000.0
1.0,2.0,1.0,1.0,1.0,1.0,35.0,32.0,-0.0030632107251067353,-0.0017650185808415486,4.0,8192.0,6400000.0
22.0,512.0,1.0,3.0,61.0,44.0,1728.0,4224.0,0.27209781390772547,0.2796723898647334,1.0,8.0,6400000.0
1.0,512.0,1.0,1.0,1.0,1.0,35.0,32.0,-0.0030632107251067353,-0.0017650185808415486,1.0,128.0,6400000.0
1.0,512.0,1.0,1.0,1.0,1.0,35.0,32.0,-0.0030632107251067353,-0.0017650185808415486,1.0,512.0,6400000.0
1.0,512.0,1.0,1.0,1.0,1.0,35.0,32.0,-0.0030632107251067353,-0.0017650185808415486,2.0,32768.0,6400000.0
512.0,512.0,1.0,7.0,1145.0,1024.0,37269.0,98304.0,0.3904646110200539,0.4131499849746577,4.0,0.000976562,6400000.0
512.0,512.0,1.0,7.0,1143.0,1024.0,37241.0,98304.0,0.3904392147758663,0.4131043922664145,4.0,0.00390625,6400000.0
1.0,2.0,1.0,1.0,1.0,1.0,35.0,32.0,-0.0030632107251067353,-0.0017650185808415486,0.25,128.0,6400000.0
1.0,512.0,1.0,1.0,1.0,1.0,35.0,32.0,-0.0030632107251067353,-0.0017650185808415486,1.0,2048.0,6400000.0
373.0,512.0,1.0,7.0,848.0,746.0,27381.0,71616.0,0.39064236122246543,0.4138609303290268,4.0,0.0625,6400000.0
97.0,512.0,1.0,6.0,248.0,194.0,7686.0,18624.0,0.36886818893375495,0.387855297907309,4.0,1.0,6400000.0
33.0,512.0,1.0,3.0,90.0,66.0,2615.0,6336.0,0.2975518340950938,0.3062163393205386,4.0,4.0,6400000.0
512.0,512.0,1.0,7.0,1138.0,1024.0,37180.0,98304.0,0.3903331869964931,0.41297049101376515,4.0,0.015625,6400000.0
1.0,512.0,1.0,1.0,1.0,1.0,35.0,32.0,-0.0030632107251067353,-0.0017650185808415486,1.0,8192.0,6400000.0
206.0,512.0,1.0,7.0,489.0,412.0,15578.0,39552.0,0.39002626711581545,0.4135442344825899,4.0,0.25,6400000.0
11.0,512.0,1.0,2.0,30.0,22.0,860.0,2112.0,0.211815897449531,0.21820531799146736,4.0,16.0,6400000.0
1.0,512.0,1.0,1.0,1.0,1.0,35.0,32.0,-0.0030632107251067353,-0.0017650185808415486,1.0,32768.0,6400000.0
2.0,2.0,1.0,2.0,6.0,4.0,207.0,384.0,0.07262288558772911,0.07510528703488584,2.0,0.0078125,6400000.0
1.0,1.0,1.0,2.0,3.0,2.0,108.0,192.0,0.03911015413878083,0.040912063041146696,2.0,0.00195312,6400000.0
2.0,2.0,1.0,2.0,6.0,4.0,207.0,384.0,0.07262288558772911,0.07510528703488584,4.0,16.0,6400000.0
1.0,2.0,1.0,1.0,1.0,1.0,35.0,32.0,-0.0030632107251067353,-0.0017650185808415486,0.5,512.0,6400000.0
512.0,512.0,1.0,9.0,1167.0,1024.0,37598.0,98304.0,0.414174286199662,0.4354235292897436,2.0,0.000976562,6400000.0
2.0,2.0,1.0,2.0,6.0,4.0,207.0,384.0,0.07262288558772911,0.07510528703488584,0.5,0.000976562,6400000.0
2.0,2.0,1.0,2.0,6.0,4.0,207.0,384.0,0.07262288558772911,0.07510528703488584,0.25,0.25,6400000.0
3.0,512.0,1.0,2.0,9.0,6.0,279.0,576.0,0.10115259004895938,0.10346957106453547,4.0,64.0,6400000.0
1.0,2.0,1.0,1.0,1.0,1.0,35.0,32.0,-0.0030632107251067353,-0.0017650185808415486,8.0,32768.0,6400000.0
1.0,512.0,1.0,1.0,1.0,1.0,35.0,32.0,-0.0030632107251067353,-0.0017650185808415486,4.0,256.0,6400000.0
2.0,2.0,1.0,2.0,6.0,4.0,207.0,384.0,0.07262288558772911,0.07510528703488584,1.0,2.0,6400000.0
512.0,512.0,1.0,9.0,1166.0,1024.0,37595.0,98304.0,0.4141463853173625,0.4352526295670617,2.0,0.00390625,6400000.0
512.0,512.0,1.0,9.0,1161.0,1024.0,37515.0,98304.0,0.4140641108753301,0.4350979845483147,2.0,0.015625,6400000.0
1.0,2.0,1.0,1.0,1.0,1.0,35.0,32.0,-0.0030632107251067353,-0.0017650185808415486,2.0,4096.0,6400000.0
1.0,1.0,1.0,2.0,3.0,2.0,108.0,192.0,0.03911015413878083,0.040912063041146696,2.0,0.0625,6400000.0
2.0,2.0,1.0,2.0,6.0,4.0,207.0,384.0,0.07262288558772911,0.07510528703488584,0.25,0.0,6400000.0
1.0,512.0,1.0,1.0,1.0,1.0,35.0,32.0,-0.0030632107251067353,-0.0017650185808415486,4.0,1024.0,6400000.0
2.0,2.0,1.0,2.0,6.0,4.0,207.0,384.0,0.07262288558772911,0.07510528703488584,8.0,0.0625,6400000.0
54.0,512.0,1.0,6.0,139.0,108.0,4253.0,10368.0,0.34377893735582843,0.3554020107931547,2.0,4.0,6400000.0
12.0,512.0,1.0,3.0,33.0,24.0,937.0,2304.0,0.22058008498100445,0.22746552742711335,2.0,16.0,6400000.0
128.0,512.0,1.0,9.0,319.0,256.0,9882.0,24576.0,0.3931427141494205,0.41396205209484715,2.0,1.0,6400000.0
3.0,512.0,1.0,2.0,9.0,6.0,279.0,576.0,0.10115259004895938,0.10346957106453547,2.0,64.0,6400000.0
488.0,512.0,1.0,9.0,1106.0,976.0,35606.0,93696.0,0.4141182467806983,0.43482860227256326,2.0,0.0625,6400000.0
248.0,512.0,1.0,9.0,593.0,496.0,18745.0,47616.0,0.4124215183797977,0.4347104025419495,2.0,0.25,6400000.0
1.0,512.0,1.0,1.0,1.0,1.0,35.0,32.0,-0.0030632107251067353,-0.0017650185808415486,2.0,4096.0,6400000.0
1.0,512.0,1.0,1.0,1.0,1.0,35.0,32.0,-0.0030632107251067353,-0.0017650185808415486,2.0,256.0,6400000.0
2.0,2.0,1.0,2.0,6.0,4.0,207.0,384.0,0.07262288558772911,0.07510528703488584,4.0,0.03125,6400000.0
1.0,512.0,1.0,1.0,1.0,1.0,35.0,32.0,-0.0030632107251067353,-0.0017650185808415486,4.0,4096.0,6400000.0
1.0,512.0,1.0,1.0,1.0,1.0,35.0,32.0,-0.0030632107251067353,-0.0017650185808415486,2.0,1024.0,6400000.0
2.0,2.0,1.0,2.0,6.0,4.0,207.0,384.0,0.07262288558772911,0.07510528703488584,1.0,0.00390625,6400000.0
1.0,512.0,1.0,1.0,1.0,1.0,35.0,32.0,-0.0030632107251067353,-0.0017650185808415486,2.0,16384.0,6400000.0
2.0,2.0,1.0,2.0,6.0,4.0,207.0,384.0,0.07262288558772911,0.07510528703488584,0.5,1.0,6400000.0
1.0,2.0,1.0,1.0,1.0,1.0,35.0,32.0,-0.0030632107251067353,-0.0017650185808415486,1.0,2048.0,6400000.0
1.0,512.0,1.0,1.0,1.0,1.0,35.0,32.0,-0.0030632107251067353,-0.0017650185808415486,4.0,16384.0,6400000.0
512.0,512.0,1.0,4.0,1109.0,1024.0,36804.0,98304.0,0.34039024890383796,0.35450217379503446,8.0,0.0,6400000.0
2.0,2.0,1.0,2.0,6.0,4.0,207.0,384.0,0.07262288558772911,0.07510528703488584,8.0,64.0,6400000.0
512.0,512.0,1.0,4.0,1106.0,1024.0,36708.0,98304.0,0.3402993583812418,0.3545738066543057,8.0,0.00195312,6400000.0
305.0,512.0,1.0,4.0,683.0,610.0,22292.0,58560.0,0.342571259328852,0.35491746252109313,8.0,0.03125,6400000.0
512.0,512.0,1.0,4.0,1107.0,1024.0,36740.0,98304.0,0.34043333544268717,0.3545315450774822,8.0,0.0078125,6400000.0
153.0,512.0,1.0,4.0,363.0,306.0,11495.0,29376.0,0.3441376516977931,0.3551404651773702,8.0,0.125,6400000.0
93.0,512.0,1.0,3.0,223.0,186.0,7051.0,17856.0,0.32032633577750613,0.32751658150271046,8.0,0.5,6400000.0
2.0,2.0,1.0,2.0,6.0,4.0,207.0,384.0,0.07262288558772911,0.07510528703488584,2.0,8.0,6400000.0
1.0,2.0,1.0,1.0,1.0,1.0,35.0,32.0,-0.0030632107251067353,-0.0017650185808415486,4.0,16384.0,6400000.0
512.0,512.0,1.0,7.0,1145.0,1024.0,37269.0,98304.0,0.390464500150667,0.4131484346721249,4.0,0.0,6400000.0
2.0,2.0,1.0,2.0,6.0,4.0,207.0,384.0,0.07262288558772911,0.07510528703488584,16.0,0.25,6400000.0
276.0,512.0,1.0,7.0,641.0,552.0,20580.0,52992.0,0.3906182863497474,0.41402550349557854,4.0,0.125,6400000.0
76.0,512.0,1.0,6.0,192.0,152.0,5951.0,14592.0,0.35925098196876004,0.375931486213435,4.0,2.0,6400000.0
1.0,2.0,1.0,1.0,1.0,1.0,35.0,32.0,-0.0030632107251067353,-0.0017650185808415486,0.25,256.0,6400000.0
21.0,512.0,1.0,3.0,59.0,42.0,1661.0,4032.0,0.2683332385867342,0.27570906523530825,4.0,8.0,6400000.0
512.0,512.0,1.0,7.0,1145.0,1024.0,37269.0,98304.0,0.390503702798902,0.4131537655615305,4.0,0.00195312,6400000.0
512.0,512.0,1.0,7.0,1141.0,1024.0,37206.0,98304.0,0.3904739187464765,0.41321490693531315,4.0,0.0078125,6400000.0
42.0,512.0,1.0,3.0,113.0,84.0,3384.0,8064.0,0.30679578504283944,0.31632627311981343,8.0,2.0,6400000.0
21.0,512.0,1.0,3.0,60.0,42.0,1693.0,4032.0,0.26841123900263475,0.2756962486874993,8.0,8.0,6400000.0
144.0,512.0,1.0,6.0,350.0,288.0,11074.0,27648.0,0.37854534555448904,0.39853502197012525,4.0,0.5,6400000.0
1.0,1.0,1.0,2.0,3.0,2.0,108.0,192.0,0.03911015413878083,0.040912063041146696,2.0,0.00390625,6400000.0
8.0,512.0,1.0,2.0,22.0,16.0,654.0,1536.0,0.184803559555608,0.19082719424152972,4.0,32.0,6400000.0
512.0,512.0,1.0,7.0,1136.0,1024.0,37113.0,98304.0,0.39027421601412104,0.4127986280337955,4.0,0.03125,6400000.0
2.0,2.0,1.0,2.0,6.0,4.0,207.0,384.0,0.07262288558772911,0.07510528703488584,4.0,32.0,6400000.0
2.0,2.0,1.0,2.0,6.0,4.0,207.0,384.0,0.07262288558772911,0.07510528703488584,2.0,0.015625,6400000.0
1.0,2.0,1.0,1.0,1.0,1.0,35.0,32.0,-0.0030632107251067353,-0.0017650185808415486,0.5,1024.0,6400000.0
1.0,512.0,1.0,1.0,1.0,1.0,35.0,32.0,-0.0030632107251067353,-0.0017650185808415486,8.0,128.0,6400000.0
8.0,512.0,1.0,2.0,22.0,16.0,654.0,1536.0,0.184803559555608,0.19082719424152972,8.0,32.0,6400000.0
1.0,512.0,1.0,1.0,1.0,1.0,35.0,32.0,-0.0030632107251067353,-0.0017650185808415486,8.0,512.0,6400000.0
2.0,2.0,1.0,2.0,6.0,4.0,207.0,384.0,0.07262288558772911,0.07510528703488584,0.5,0.00195312,6400000.0
2.0,2.0,1.0,2.0,6.0,4.0,207.0,384.0,0.07262288558772911,0.07510528703488584,0.25,0.5,6400000.0
1.0,512.0,1.0,1.0,1.0,1.0,35.0,32.0,-0.0030632107251067353,-0.0017650185808415486,8.0,2048.0,6400000.0
1.0,512.0,1.0,1.0,1.0,1.0,35.0,32.0,-0.0030632107251067353,-0.0017650185808415486,4.0,128.0,6400000.0
2.0,2.0,1.0,2.0,6.0,4.0,207.0,384.0,0.07262288558772911,0.07510528703488584,16.0,0.0,6400000.0
2.0,2.0,1.0,2.0,6.0,4.0,207.0,384.0,0.07262288558772911,0.07510528703488584,1.0,4.0,6400000.0
1.0,2.0,1.0,1.0,1.0,1.0,35.0,32.0,-0.0030632107251067353,-0.0017650185808415486,2.0,8192.0,6400000.0
1.0,512.0,1.0,1.0,1.0,1.0,35.0,32.0,-0.0030632107251067353,-0.0017650185808415486,8.0,32768.0,6400000.0
1.0,512.0,1.0,1.0,1.0,1.0,35.0,32.0,-0.0030632107251067353,-0.0017650185808415486,4.0,512.0,6400000.0
1.0,512.0,1.0,1.0,1.0,1.0,35.0,32.0,-0.0030632107251067353,-0.0017650185808415486,8.0,8192.0,6400000.0
1.0,1.0,1.0,2.0,3.0,2.0,108.0,192.0,0.03911015413878083,0.040912063041146696,2.0,0.125,6400000.0
1.0,512.0,1.0,1.0,1.0,1.0,35.0,32.0,-0.0030632107251067353,-0.0017650185808415486,4.0,2048.0,6400000.0
512.0,512.0,1.0,3.0,1086.0,1024.0,36398.0,98304.0,0.3182684388434508,0.3262549318674898,16.0,0.000976562,6400000.0
2.0,2.0,1.0,2.0,6.0,4.0,207.0,384.0,0.07262288558772911,0.07510528703488584,8.0,0.125,6400000.0
512.0,512.0,1.0,3.0,1086.0,1024.0,36398.0,98304.0,0.31825922646878635,0.3262434458169755,16.0,0.00390625,6400000.0
283.0,512.0,1.0,3.0,622.0,566.0,20434.0,54336.0,0.3190520733688168,0.3275322521923709,16.0,0.015625,6400000.0
2.0,2.0,1.0,2.0,6.0,4.0,207.0,384.0,0.07262288558772911,0.07510528703488584,4.0,0.0625,6400000.0
1.0,2.0,1.0,1.0,1.0,1.0,35.0,32.0,-0.0030632107251067353,-0.0017650185808415486,16.0,256.0,6400000.0
55.0,512.0,1.0,3.0,143.0,110.0,4371.0,10560.0,0.3130626006825695,0.32245199730833507,16.0,1.0,6400000.0
89.0,512.0,1.0,3.0,216.0,178.0,6778.0,17088.0,0.3197109777329641,0.32726936398681383,16.0,0.25,6400000.0
139.0,512.0,1.0,3.0,325.0,278.0,10363.0,26688.0,0.31992771259108566,0.3274050409333906,16.0,0.0625,6400000.0
1.0,512.0,1.0,1.0,1.0,1.0,35.0,32.0,-0.0030632107251067353,-0.0017650185808415486,4.0,8192.0,6400000.0
1.0,2.0,1.0,1.0,1.0,1.0,35.0,32.0,-0.0030632107251067353,-0.0017650185808415486,1.0,4096.0,6400000.0
2.0,2.0,1.0,2.0,6.0,4.0,207.0,384.0,0.07262288558772911,0.07510528703488584,0.5,2.0,6400000.0
25.0,512.0,1.0,2.0,65.0,50.0,1987.0,4800.0,0.2508845036920214,0.2612119600426388,16.0,4.0,6400000.0
2.0,2.0,1.0,2.0,6.0,4.0,207.0,384.0,0.07262288558772911,0.07510528703488584,1.0,0.0078125,6400000.0
11.0,512.0,1.0,2.0,30.0,22.0,860.0,2112.0,0.211815897449531,0.21820531799146736,16.0,16.0,6400000.0
3.0,512.0,1.0,2.0,9.0,6.0,279.0,576.0,0.10115259004895938,0.10346957106453547,16.0,64.0,6400000.0
1.0,512.0,1.0,1.0,1.0,1.0,35.0,32.0,-0.0030632107251067353,-0.0017650185808415486,4.0,32768.0,6400000.0
1.0,2.0,1.0,1.0,1.0,1.0,35.0,32.0,-0.0030632107251067353,-0.0017650185808415486,8.0,128.0,6400000.0
187.0,512.0,1.0,4.0,438.0,374.0,13929.0,35904.0,0.34330408794581,0.3550297565733882,8.0,0.0625,6400000.0
1.0,512.0,1.0,1.0,1.0,1.0,35.0,32.0,-0.0030632107251067353,-0.0017650185808415486,16.0,256.0,6400000.0
96.0,512.0,1.0,3.0,230.0,192.0,7256.0,18432.0,0.3204596799856244,0.32775447012978687,8.0,0.25,6400000.0
512.0,512.0,1.0,4.0,1107.0,1024.0,36740.0,98304.0,0.3403348843539026,0.35453591662708883,8.0,0.000976562,6400000.0
512.0,512.0,1.0,4.0,1107.0,1024.0,36740.0,98304.0,0.34050238847185077,0.35468420462528105,8.0,0.00390625,6400000.0
512.0,512.0,1.0,4.0,1106.0,1024.0,36739.0,98304.0,0.3402115242418541,0.3545469910924717,8.0,0.015625,6400000.0
57.0,512.0,1.0,3.0,147.0,114.0,4507.0,10944.0,0.3142547093293758,0.3232846471687646,8.0,1.0,6400000.0
1.0,2.0,1.0,1.0,1.0,1.0,35.0,32.0,-0.0030632107251067353,-0.0017650185808415486,4.0,32768.0,6400000.0
2.0,2.0,1.0,2.0,6.0,4.0,207.0,384.0,0.07262288558772911,0.07510528703488584,2.0,16.0,6400000.0
2.0,2.0,1.0,2.0,6.0,4.0,207.0,384.0,0.07262288558772911,0.07510528703488584,16.0,0.5,6400000.0
11.0,512.0,1.0,2.0,30.0,22.0,860.0,2112.0,0.211815897449531,0.21820531799146736,8.0,16.0,6400000.0
1.0,2.0,1.0,1.0,1.0,1.0,35.0,32.0,-0.0030632107251067353,-0.0017650185808415486,0.25,512.0,6400000.0
37.0,512.0,1.0,3.0,100.0,74.0,2953.0,7104.0,0.3035279711248666,0.3116177878986417,8.0,4.0,6400000.0
1.0,512.0,1.0,1.0,1.0,1.0,35.0,32.0,-0.0030632107251067353,-0.0017650185808415486,16.0,1024.0,6400000.0
1.0,512.0,1.0,1.0,1.0,1.0,35.0,32.0,-0.0030632107251067353,-0.0017650185808415486,16.0,4096.0,6400000.0
1.0,1.0,1.0,2.0,3.0,2.0,108.0,192.0,0.03911015413878083,0.040912063041146696,2.0,0.0078125,6400000.0
2.0,2.0,1.0,2.0,6.0,4.0,207.0,384.0,0.07262288558772911,0.07510528703488584,2.0,0.03125,6400000.0
1.0,512.0,1.0,1.0,1.0,1.0,35.0,32.0,-0.0030632107251067353,-0.0017650185808415486,16.0,16384.0,6400000.0
2.0,2.0,1.0,2.0,6.0,4.0,207.0,384.0,0.07262288558772911,0.07510528703488584,32.0,0.00195312,6400000.0
1.0,2.0,1.0,1.0,1.0,1.0,35.0,32.0,-0.0030632107251067353,-0.0017650185808415486,0.5,2048.0,6400000.0
2.0,2.0,1.0,2.0,6.0,4.0,207.0,384.0,0.07262288558772911,0.07510528703488584,4.0,64.0,6400000.0
86.0,512.0,1.0,2.0,200.0,172.0,6487.0,16512.0,0.25920215608368513,0.27061844027369064,32.0,0.03125,6400000.0
512.0,512.0,1.0,2.0,1062.0,1024.0,36501.0,98304.0,0.25897293791772114,0.2678381446099324,32.0,0.0,6400000.0
512.0,512.0,1.0,2.0,1062.0,1024.0,36501.0,98304.0,0.25897293791772114,0.2678381446099324,32.0,0.00195312,6400000.0
1.0,512.0,1.0,1.0,1.0,1.0,35.0,32.0,-0.0030632107251067353,-0.0017650185808415486,8.0,1024.0,6400000.0
434.0,512.0,1.0,2.0,904.0,868.0,30977.0,83328.0,0.25896069222865836,0.26816750247123,32.0,0.0078125,6400000.0
1.0,512.0,1.0,1.0,1.0,1.0,35.0,32.0,-0.0030632107251067353,-0.0017650185808415486,8.0,256.0,6400000.0
59.0,512.0,1.0,2.0,142.0,118.0,4556.0,11328.0,0.25881035508149797,0.27079152769404335,32.0,0.125,6400000.0
3.0,512.0,1.0,2.0,9.0,6.0,279.0,576.0,0.10115259004895938,0.10346957106453547,8.0,64.0,6400000.0
1.0,512.0,1.0,1.0,1.0,1.0,35.0,32.0,-0.0030632107251067353,-0.0017650185808415486,8.0,4096.0,6400000.0
2.0,2.0,1.0,2.0,6.0,4.0,207.0,384.0,0.07262288558772911,0.07510528703488584,16.0,0.000976562,6400000.0
2.0,2.0,1.0,2.0,6.0,4.0,207.0,384.0,0.07262288558772911,0.07510528703488584,1.0,8.0,6400000.0
2.0,2.0,1.0,2.0,6.0,4.0,207.0,384.0,0.07262288558772911,0.07510528703488584,0.5,0.00390625,6400000.0
45.0,512.0,1.0,2.0,111.0,90.0,3494.0,8640.0,0.2576096405165842,0.269624389420246,32.0,0.5,6400000.0
1.0,2.0,1.0,1.0,1.0,1.0,35.0,32.0,-0.0030632107251067353,-0.0017650185808415486,2.0,16384.0,6400000.0
26.0,512.0,1.0,2.0,68.0,52.0,2088.0,4992.0,0.25099273326546023,0.26215306003732575,32.0,2.0,6400000.0
512.0,512.0,1.0,3.0,1087.0,1024.0,36685.0,98304.0,0.31825564228946035,0.3262540214488787,16.0,0.0,6400000.0
1.0,512.0,1.0,1.0,1.0,1.0,35.0,32.0,-0.0030632107251067353,-0.0017650185808415486,8.0,16384.0,6400000.0
1.0,1.0,1.0,2.0,3.0,2.0,108.0,192.0,0.03911015413878083,0.040912063041146696,2.0,0.25,6400000.0
16.0,512.0,1.0,2.0,45.0,32.0,1309.0,3072.0,0.23561062474946082,0.24274222107689147,32.0,8.0,6400000.0
2.0,2.0,1.0,2.0,6.0,4.0,207.0,384.0,0.07262288558772911,0.07510528703488584,8.0,0.25,6400000.0
8.0,512.0,1.0,2.0,22.0,16.0,654.0,1536.0,0.184803559555608,0.19082719424152972,32.0,32.0,6400000.0
512.0,512.0,1.0,3.0,1086.0,1024.0,36398.0,98304.0,0.31819585081704327,0.3262582277902464,16.0,0.00195312,6400000.0
1.0,2.0,1.0,1.0,1.0,1.0,35.0,32.0,-0.0030632107251067353,-0.0017650185808415486,16.0,512.0,6400000.0
512.0,512.0,1.0,3.0,1086.0,1024.0,36398.0,98304.0,0.3183081667557234,0.32629666543328806,16.0,0.0078125,6400000.0
107.0,512.0,1.0,3.0,256.0,214.0,8117.0,20544.0,0.32005186553800824,0.3278117739635793,16.0,0.125,6400000.0
16.0,512.0,1.0,2.0,45.0,32.0,1309.0,3072.0,0.23561062474946082,0.24274222107689147,16.0,8.0,6400000.0
177.0,512.0,1.0,3.0,404.0,354.0,13081.0,33984.0,0.32004622116594406,0.32802622698022654,16.0,0.03125,6400000.0
89.0,512.0,1.0,3.0,214.0,178.0,6743.0,17088.0,0.31992019949380013,0.32734723710247726,16.0,0.5,6400000.0
1.0,2.0,1.0,1.0,1.0,1.0,35.0,32.0,-0.0030632107251067353,-0.0017650185808415486,1.0,8192.0,6400000.0
2.0,2.0,1.0,2.0,6.0,4.0,207.0,384.0,0.07262288558772911,0.07510528703488584,0.5,4.0,6400000.0
8.0,512.0,1.0,2.0,22.0,16.0,654.0,1536.0,0.184803559555608,0.19082719424152972,16.0,32.0,6400000.0
43.0,512.0,1.0,3.0,114.0,86.0,3452.0,8256.0,0.3074473766207483,0.3169332924081464,16.0,2.0,6400000.0
2.0,2.0,1.0,2.0,6.0,4.0,207.0,384.0,0.07262288558772911,0.07510528703488584,32.0,2.0,6400000.0
1.0,512.0,1.0,1.0,1.0,1.0,35.0,32.0,-0.0030632107251067353,-0.0017650185808415486,16.0,512.0,6400000.0
2.0,2.0,1.0,2.0,6.0,4.0,207.0,384.0,0.07262288558772911,0.07510528703488584,4.0,0.125,6400000.0
2.0,2.0,1.0,2.0,6.0,4.0,207.0,384.0,0.07262288558772911,0.07510528703488584,1.0,0.015625,6400000.0
1.0,512.0,1.0,1.0,1.0,1.0,35.0,32.0,-0.0030632107251067353,-0.0017650185808415486,16.0,128.0,6400000.0
1.0,2.0,1.0,1.0,1.0,1.0,35.0,32.0,-0.0030632107251067353,-0.0017650185808415486,8.0,256.0,6400000.0
1.0,512.0,1.0,1.0,1.0,1.0,35.0,32.0,-0.0030632107251067353,-0.0017650185808415486,32.0,128.0,6400000.0
1.0,512.0,1.0,1.0,1.0,1.0,35.0,32.0,-0.0030632107251067353,-0.0017650185808415486,32.0,2048.0,6400000.0
1.0,512.0,1.0,1.0,1.0,1.0,35.0,32.0,-0.0030632107251067353,-0.0017650185808415486,32.0,512.0,6400000.0
2.0,2.0,1.0,2.0,6.0,4.0,207.0,384.0,0.07262288558772911,0.07510528703488584,2.0,32.0,6400000.0
1.0,512.0,1.0,1.0,1.0,1.0,35.0,32.0,-0.0030632107251067353,-0.0017650185808415486,32.0,8192.0,6400000.0
2.0,2.0,1.0,2.0,6.0,4.0,207.0,384.0,0.07262288558772911,0.07510528703488584,8.0,0.0,6400000.0
1.0,512.0,1.0,1.0,1.0,1.0,35.0,32.0,-0.0030632107251067353,-0.0017650185808415486,32.0,32768.0,6400000.0
512.0,512.0,1.0,2.0,1062.0,1024.0,36501.0,98304.0,0.25897293791772114,0.2678381446099324,64.0,0.000976562,6400000.0
512.0,512.0,1.0,2.0,1062.0,1024.0,36501.0,98304.0,0.25897293791772114,0.2678381446099324,64.0,0.00390625,6400000.0
2.0,2.0,1.0,2.0,6.0,4.0,207.0,384.0,0.07262288558772911,0.07510528703488584,16.0,1.0,6400000.0
187.0,512.0,1.0,2.0,405.0,374.0,13461.0,35904.0,0.2587492692927087,0.26963907438454093,64.0,0.015625,6400000.0
1.0,512.0,1.0,1.0,1.0,1.0,35.0,32.0,-0.0030632107251067353,-0.0017650185808415486,16.0,2048.0,6400000.0
70.0,512.0,1.0,2.0,165.0,140.0,5318.0,13440.0,0.2591075582209761,0.2707474824455458,64.0,0.0625,6400000.0
1.0,1.0,1.0,2.0,3.0,2.0,108.0,192.0,0.03911015413878083,0.040912063041146696,2.0,0.015625,6400000.0
2.0,2.0,1.0,2.0,6.0,4.0,207.0,384.0,0.07262288558772911,0.07510528703488584,2.0,0.0625,6400000.0
1.0,512.0,1.0,1.0,1.0,1.0,35.0,32.0,-0.0030632107251067353,-0.0017650185808415486,16.0,8192.0,6400000.0
1.0,512.0,1.0,1.0,1.0,1.0,35.0,32.0,-0.0030632107251067353,-0.0017650185808415486,16.0,32768.0,6400000.0
2.0,2.0,1.0,2.0,6.0,4.0,207.0,384.0,0.07262288558772911,0.07510528703488584,32.0,0.00390625,6400000.0
1.0,2.0,1.0,1.0,1.0,1.0,35.0,32.0,-0.0030632107251067353,-0.0017650185808415486,0.5,4096.0,6400000.0
1.0,2.0,1.0,1.0,1.0,1.0,35.0,32.0,-0.0030632107251067353,-0.0017650185808415486,4.0,128.0,6400000.0
187.0,512.0,1.0,2.0,405.0,374.0,13461.0,35904.0,0.2587492692927087,0.26963907438454093,32.0,0.015625,6400000.0
49.0,512.0,1.0,2.0,120.0,98.0,3802.0,9408.0,0.25814803654378304,0.27018509884981423,32.0,0.25,6400000.0
70.0,512.0,1.0,2.0,165.0,140.0,5318.0,13440.0,0.2591075582209761,0.2707474824455458,32.0,0.0625,6400000.0
512.0,512.0,1.0,2.0,1062.0,1024.0,36501.0,98304.0,0.25897293791772114,0.2678381446099324,32.0,0.00390625,6400000.0
49.0,512.0,1.0,2.0,120.0,98.0,3802.0,9408.0,0.25814803654378304,0.27018509884981423,64.0,0.25,6400000.0
2.0,2.0,1.0,2.0,6.0,4.0,207.0,384.0,0.07262288558772911,0.07510528703488584,16.0,0.00195312,6400000.0
1.0,2.0,1.0,1.0,1.0,1.0,35.0,32.0,-0.0030632107251067353,-0.0017650185808415486,32.0,2048.0,6400000.0
512.0,512.0,1.0,2.0,1062.0,1024.0,36501.0,98304.0,0.25897293791772114,0.2678381446099324,32.0,0.000976562,6400000.0
25.0,512.0,1.0,2.0,65.0,50.0,1987.0,4800.0,0.2508845036920214,0.2612119600426388,32.0,4.0,6400000.0
11.0,512.0,1.0,2.0,30.0,22.0,860.0,2112.0,0.211815897449531,0.21820531799146736,64.0,16.0,6400000.0
2.0,2.0,1.0,2.0,6.0,4.0,207.0,384.0,0.07262288558772911,0.07510528703488584,1.0,16.0,6400000.0
25.0,512.0,1.0,2.0,65.0,50.0,1987.0,4800.0,0.2508845036920214,0.2612119600426388,64.0,4.0,6400000.0
1.0,2.0,1.0,1.0,1.0,1.0,35.0,32.0,-0.0030632107251067353,-0.0017650185808415486,2.0,32768.0,6400000.0
32.0,512.0,1.0,2.0,82.0,64.0,2561.0,6144.0,0.25375401307087353,0.2660820235119521,32.0,1.0,6400000.0
32.0,512.0,1.0,2.0,82.0,64.0,2561.0,6144.0,0.25375401307087353,0.2660820235119521,64.0,1.0,6400000.0
1.0,512.0,1.0,1.0,1.0,1.0,35.0,32.0,-0.0030632107251067353,-0.0017650185808415486,64.0,64.0,6400000.0
1.0,512.0,1.0,1.0,1.0,1.0,35.0,32.0,-0.0030632107251067353,-0.0017650185808415486,64.0,256.0,6400000.0
1.0,1.0,1.0,2.0,3.0,2.0,108.0,192.0,0.03911015413878083,0.040912063041146696,2.0,0.5,6400000.0
11.0,512.0,1.0,2.0,30.0,22.0,860.0,2112.0,0.211815897449531,0.21820531799146736,32.0,16.0,6400000.0
1.0,512.0,1.0,1.0,1.0,1.0,35.0,32.0,-0.0030632107251067353,-0.0017650185808415486,64.0,1024.0,6400000.0
3.0,512.0,1.0,2.0,9.0,6.0,279.0,576.0,0.10115259004895938,0.10346957106453547,32.0,64.0,6400000.0
2.0,2.0,1.0,2.0,6.0,4.0,207.0,384.0,0.07262288558772911,0.07510528703488584,8.0,0.5,6400000.0
1.0,2.0,1.0,1.0,1.0,1.0,35.0,32.0,-0.0030632107251067353,-0.0017650185808415486,16.0,1024.0,6400000.0
1.0,2.0,1.0,1.0,1.0,1.0,35.0,32.0,-0.0030632107251067353,-0.0017650185808415486,1.0,16384.0,6400000.0
2.0,2.0,1.0,2.0,6.0,4.0,207.0,384.0,0.07262288558772911,0.07510528703488584,32.0,4.0,6400000.0
1.0,512.0,1.0,1.0,1.0,1.0,35.0,32.0,-0.0030632107251067353,-0.0017650185808415486,128.0,0.0078125,6400000.0
2.0,2.0,1.0,2.0,6.0,4.0,207.0,384.0,0.07262288558772911,0.07510528703488584,64.0,0.015625,6400000.0
1.0,512.0,1.0,1.0,1.0,1.0,35.0,32.0,-0.0030632107251067353,-0.0017650185808415486,64.0,4096.0,6400000.0
1.0,512.0,1.0,1.0,1.0,1.0,35.0,32.0,-0.0030632107251067353,-0.0017650185808415486,128.0,0.0,6400000.0
1.0,512.0,1.0,1.0,1.0,1.0,35.0,32.0,-0.0030632107251067353,-0.0017650185808415486,128.0,2.0,6400000.0
1.0,512.0,1.0,1.0,1.0,1.0,35.0,32.0,-0.0030632107251067353,-0.0017650185808415486,128.0,0.03125,6400000.0
2.0,2.0,1.0,2.0,6.0,4.0,207.0,384.0,0.07262288558772911,0.07510528703488584,4.0,0.25,6400000.0
1.0,512.0,1.0,1.0,1.0,1.0,35.0,32.0,-0.0030632107251067353,-0.0017650185808415486,128.0,0.00195312,6400000.0
1.0,512.0,1.0,1.0,1.0,1.0,35.0,32.0,-0.0030632107251067353,-0.0017650185808415486,128.0,0.125,6400000.0
1.0,512.0,1.0,1.0,1.0,1.0,35.0,32.0,-0.0030632107251067353,-0.0017650185808415486,128.0,0.5,6400000.0
1.0,2.0,1.0,1.0,1.0,1.0,35.0,32.0,-0.0030632107251067353,-0.0017650185808415486,8.0,512.0,6400000.0
2.0,2.0,1.0,2.0,6.0,4.0,207.0,384.0,0.07262288558772911,0.07510528703488584,1.0,0.03125,6400000.0
1.0,512.0,1.0,1.0,1.0,1.0,35.0,32.0,-0.0030632107251067353,-0.0017650185808415486,64.0,16384.0,6400000.0
1.0,512.0,1.0,1.0,1.0,1.0,35.0,32.0,-0.0030632107251067353,-0.0017650185808415486,128.0,8.0,6400000.0
1.0,512.0,1.0,1.0,1.0,1.0,35.0,32.0,-0.0030632107251067353,-0.0017650185808415486,32.0,256.0,6400000.0
1.0,512.0,1.0,1.0,1.0,1.0,35.0,32.0,-0.0030632107251067353,-0.0017650185808415486,32.0,16384.0,6400000.0
2.0,2.0,1.0,2.0,6.0,4.0,207.0,384.0,0.07262288558772911,0.07510528703488584,8.0,0.000976562,6400000.0
2.0,2.0,1.0,2.0,6.0,4.0,207.0,384.0,0.07262288558772911,0.07510528703488584,2.0,64.0,6400000.0
1.0,512.0,1.0,1.0,1.0,1.0,35.0,32.0,-0.0030632107251067353,-0.0017650185808415486,32.0,1024.0,6400000.0
512.0,512.0,1.0,2.0,1062.0,1024.0,36501.0,98304.0,0.25897293791772114,0.2678381446099324,64.0,0.0,6400000.0
1.0,512.0,1.0,1.0,1.0,1.0,35.0,32.0,-0.0030632107251067353,-0.0017650185808415486,32.0,4096.0,6400000.0
512.0,512.0,1.0,2.0,1062.0,1024.0,36501.0,98304.0,0.25897293791772114,0.2678381446099324,64.0,0.00195312,6400000.0
2.0,2.0,1.0,2.0,6.0,4.0,207.0,384.0,0.07262288558772911,0.07510528703488584,16.0,2.0,6400000.0
434.0,512.0,1.0,2.0,904.0,868.0,30977.0,83328.0,0.25896069222865836,0.26816750247123,64.0,0.0078125,6400000.0
2.0,2.0,1.0,2.0,6.0,4.0,207.0,384.0,0.07262288558772911,0.07510528703488584,2.0,0.125,6400000.0
59.0,512.0,1.0,2.0,142.0,118.0,4556.0,11328.0,0.25881035508149797,0.27079152769404335,64.0,0.125,6400000.0
1.0,2.0,1.0,1.0,1.0,1.0,35.0,32.0,-0.0030632107251067353,-0.0017650185808415486,4.0,256.0,6400000.0
86.0,512.0,1.0,2.0,200.0,172.0,6487.0,16512.0,0.25920215608368513,0.27061844027369064,64.0,0.03125,6400000.0
2.0,2.0,1.0,2.0,6.0,4.0,207.0,384.0,0.07262288558772911,0.07510528703488584,32.0,0.0078125,6400000.0
1.0,512.0,1.0,1.0,1.0,1.0,35.0,32.0,-0.0030632107251067353,-0.0017650185808415486,128.0,32.0,6400000.0
2.0,2.0,1.0,2.0,6.0,4.0,207.0,384.0,0.07262288558772911,0.07510528703488584,16.0,0.00390625,6400000.0
1.0,512.0,1.0,1.0,1.0,1.0,35.0,32.0,-0.0030632107251067353,-0.0017650185808415486,128.0,512.0,6400000.0
1.0,512.0,1.0,1.0,1.0,1.0,35.0,32.0,-0.0030632107251067353,-0.0017650185808415486,128.0,8192.0,6400000.0
45.0,512.0,1.0,2.0,111.0,90.0,3494.0,8640.0,0.2576096405165842,0.269624389420246,64.0,0.5,6400000.0
8.0,512.0,1.0,2.0,22.0,16.0,654.0,1536.0,0.184803559555608,0.19082719424152972,64.0,32.0,6400000.0
1.0,512.0,1.0,1.0,1.0,1.0,35.0,32.0,-0.0030632107251067353,-0.0017650185808415486,128.0,128.0,6400000.0
2.0,2.0,1.0,2.0,6.0,4.0,207.0,384.0,0.07262288558772911,0.07510528703488584,1.0,32.0,6400000.0
1.0,512.0,1.0,1.0,1.0,1.0,35.0,32.0,-0.0030632107251067353,-0.0017650185808415486,128.0,2048.0,6400000.0
2.0,2.0,1.0,2.0,6.0,4.0,207.0,384.0,0.07262288558772911,0.07510528703488584,64.0,16.0,6400000.0
1.0,2.0,1.0,1.0,1.0,1.0,35.0,32.0,-0.0030632107251067353,-0.0017650185808415486,32.0,4096.0,6400000.0
1.0,512.0,1.0,1.0,1.0,1.0,35.0,32.0,-0.0030632107251067353,-0.0017650185808415486,256.0,0.00390625,6400000.0
1.0,512.0,1.0,1.0,1.0,1.0,35.0,32.0,-0.0030632107251067353,-0.0017650185808415486,256.0,0.000976562,6400000.0
16.0,512.0,1.0,2.0,45.0,32.0,1309.0,3072.0,0.23561062474946082,0.24274222107689147,64.0,8.0,6400000.0
2.0,2.0,1.0,2.0,6.0,4.0,207.0,384.0,0.07262288558772911,0.07510528703488584,4.0,0.0,6400000.0
1.0,512.0,1.0,1.0,1.0,1.0,35.0,32.0,-0.0030632107251067353,-0.0017650185808415486,64.0,128.0,6400000.0
1.0,512.0,1.0,1.0,1.0,1.0,35.0,32.0,-0.0030632107251067353,-0.0017650185808415486,256.0,0.25,6400000.0
1.0,512.0,1.0,1.0,1.0,1.0,35.0,32.0,-0.0030632107251067353,-0.0017650185808415486,256.0,0.0625,6400000.0
1.0,512.0,1.0,1.0,1.0,1.0,35.0,32.0,-0.0030632107251067353,-0.0017650185808415486,128.0,32768.0,6400000.0
26.0,512.0,1.0,2.0,68.0,52.0,2088.0,4992.0,0.25099273326546023,0.26215306003732575,64.0,2.0,6400000.0
1.0,512.0,1.0,1.0,1.0,1.0,35.0,32.0,-0.0030632107251067353,-0.0017650185808415486,256.0,0.015625,6400000.0
1.0,1.0,1.0,2.0,3.0,2.0,108.0,192.0,0.03911015413878083,0.040912063041146696,2.0,1.0,6400000.0
1.0,512.0,1.0,1.0,1.0,1.0,35.0,32.0,-0.0030632107251067353,-0.0017650185808415486,256.0,1.0,6400000.0
1.0,512.0,1.0,1.0,1.0,1.0,35.0,32.0,-0.0030632107251067353,-0.0017650185808415486,64.0,512.0,6400000.0
1.0,512.0,1.0,1.0,1.0,1.0,35.0,32.0,-0.0030632107251067353,-0.0017650185808415486,64.0,2048.0,6400000.0
2.0,2.0,1.0,2.0,6.0,4.0,207.0,384.0,0.07262288558772911,0.07510528703488584,8.0,1.0,6400000.0
1.0,512.0,1.0,1.0,1.0,1.0,35.0,32.0,-0.0030632107251067353,-0.0017650185808415486,256.0,4.0,6400000.0
1.0,2.0,1.0,1.0,1.0,1.0,35.0,32.0,-0.0030632107251067353,-0.0017650185808415486,16.0,2048.0,6400000.0
1.0,512.0,1.0,1.0,1.0,1.0,35.0,32.0,-0.0030632107251067353,-0.0017650185808415486,128.0,0.015625,6400000.0
1.0,2.0,1.0,1.0,1.0,1.0,35.0,32.0,-0.0030632107251067353,-0.0017650185808415486,1.0,32768.0,6400000.0
1.0,512.0,1.0,1.0,1.0,1.0,35.0,32.0,-0.0030632107251067353,-0.0017650185808415486,64.0,8192.0,6400000.0
2.0,2.0,1.0,2.0,6.0,4.0,207.0,384.0,0.07262288558772911,0.07510528703488584,32.0,8.0,6400000.0
1.0,512.0,1.0,1.0,1.0,1.0,35.0,32.0,-0.0030632107251067353,-0.0017650185808415486,128.0,0.0625,6400000.0
1.0,512.0,1.0,1.0,1.0,1.0,35.0,32.0,-0.0030632107251067353,-0.0017650185808415486,128.0,0.00390625,6400000.0
2.0,2.0,1.0,2.0,6.0,4.0,207.0,384.0,0.07262288558772911,0.07510528703488584,64.0,0.03125,6400000.0
2.0,2.0,1.0,2.0,6.0,4.0,207.0,384.0,0.07262288558772911,0.07510528703488584,4.0,0.5,6400000.0
1.0,512.0,1.0,1.0,1.0,1.0,35.0,32.0,-0.0030632107251067353,-0.0017650185808415486,128.0,4.0,6400000.0
1.0,512.0,1.0,1.0,1.0,1.0,35.0,32.0,-0.0030632107251067353,-0.0017650185808415486,128.0,0.000976562,6400000.0
1.0,512.0,1.0,1.0,1.0,1.0,35.0,32.0,-0.0030632107251067353,-0.0017650185808415486,256.0,16.0,6400000.0
1.0,512.0,1.0,1.0,1.0,1.0,35.0,32.0,-0.0030632107251067353,-0.0017650185808415486,64.0,32768.0,6400000.0
2.0,2.0,1.0,2.0,6.0,4.0,207.0,384.0,0.07262288558772911,0.07510528703488584,8.0,0.00195312,6400000.0
1.0,512.0,1.0,1.0,1.0,1.0,35.0,32.0,-0.0030632107251067353,-0.0017650185808415486,128.0,16.0,6400000.0
1.0,512.0,1.0,1.0,1.0,1.0,35.0,32.0,-0.0030632107251067353,-0.0017650185808415486,128.0,0.25,6400000.0
1.0,2.0,1.0,1.0,1.0,1.0,35.0,32.0,-0.0030632107251067353,-0.0017650185808415486,8.0,1024.0,6400000.0
1.0,512.0,1.0,1.0,1.0,1.0,35.0,32.0,-0.0030632107251067353,-0.0017650185808415486,256.0,64.0,6400000.0
1.0,512.0,1.0,1.0,1.0,1.0,35.0,32.0,-0.0030632107251067353,-0.0017650185808415486,128.0,1.0,6400000.0
1.0,2.0,1.0,1.0,1.0,1.0,35.0,32.0,-0.0030632107251067353,-0.0017650185808415486,64.0,16384.0,6400000.0
2.0,2.0,1.0,2.0,6.0,4.0,207.0,384.0,0.07262288558772911,0.07510528703488584,16.0,4.0,6400000.0
1.0,1.0,1.0,2.0,3.0,2.0,108.0,192.0,0.03911015413878083,0.040912063041146696,2.0,32.0,6400000.0
1.0,2.0,1.0,1.0,1.0,1.0,35.0,32.0,-0.0030632107251067353,-0.0017650185808415486,2.0,128.0,6400000.0
1.0,512.0,1.0,1.0,1.0,1.0,35.0,32.0,-0.0030632107251067353,-0.0017650185808415486,256.0,256.0,6400000.0
1.0,512.0,1.0,1.0,1.0,1.0,35.0,32.0,-0.0030632107251067353,-0.0017650185808415486,256.0,16384.0,6400000.0
1.0,512.0,1.0,1.0,1.0,1.0,35.0,32.0,-0.0030632107251067353,-0.0017650185808415486,256.0,4096.0,6400000.0
1.0,512.0,1.0,1.0,1.0,1.0,35.0,32.0,-0.0030632107251067353,-0.0017650185808415486,256.0,1024.0,6400000.0
1.0,2.0,1.0,1.0,1.0,1.0,35.0,32.0,-0.0030632107251067353,-0.0017650185808415486,4.0,512.0,6400000.0
2.0,2.0,1.0,2.0,6.0,4.0,207.0,384.0,0.07262288558772911,0.07510528703488584,32.0,0.015625,6400000.0
2.0,2.0,1.0,2.0,6.0,4.0,207.0,384.0,0.07262288558772911,0.07510528703488584,2.0,0.25,6400000.0
1.0,512.0,1.0,1.0,1.0,1.0,35.0,32.0,-0.0030632107251067353,-0.0017650185808415486,128.0,64.0,6400000.0
1.0,512.0,1.0,1.0,1.0,1.0,35.0,32.0,-0.0030632107251067353,-0.0017650185808415486,128.0,1024.0,6400000.0
1.0,512.0,1.0,1.0,1.0,1.0,35.0,32.0,-0.0030632107251067353,-0.0017650185808415486,512.0,0.00195312,6400000.0
1.0,512.0,1.0,1.0,1.0,1.0,35.0,32.0,-0.0030632107251067353,-0.0017650185808415486,512.0,0.0,6400000.0
1.0,512.0,1.0,1.0,1.0,1.0,35.0,32.0,-0.0030632107251067353,-0.0017650185808415486,128.0,16384.0,6400000.0
1.0,512.0,1.0,1.0,1.0,1.0,35.0,32.0,-0.0030632107251067353,-0.0017650185808415486,128.0,256.0,6400000.0
1.0,512.0,1.0,1.0,1.0,1.0,35.0,32.0,-0.0030632107251067353,-0.0017650185808415486,256.0,0.00195312,6400000.0
1.0,512.0,1.0,1.0,1.0,1.0,35.0,32.0,-0.0030632107251067353,-0.0017650185808415486,128.0,4096.0,6400000.0
2.0,2.0,1.0,2.0,6.0,4.0,207.0,384.0,0.07262288558772911,0.07510528703488584,64.0,32.0,6400000.0
1.0,2.0,1.0,1.0,1.0,1.0,35.0,32.0,-0.0030632107251067353,-0.0017650185808415486,32.0,8192.0,6400000.0
1.0,512.0,1.0,1.0,1.0,1.0,35.0,32.0,-0.0030632107251067353,-0.0017650185808415486,512.0,0.125,6400000.0
1.0,512.0,1.0,1.0,1.0,1.0,35.0,32.0,-0.0030632107251067353,-0.0017650185808415486,512.0,0.03125,6400000.0
1.0,512.0,1.0,1.0,1.0,1.0,35.0,32.0,-0.0030632107251067353,-0.0017650185808415486,256.0,0.5,6400000.0
1.0,512.0,1.0,1.0,1.0,1.0,35.0,32.0,-0.0030632107251067353,-0.0017650185808415486,256.0,0.0078125,6400000.0
2.0,2.0,1.0,2.0,6.0,4.0,207.0,384.0,0.07262288558772911,0.07510528703488584,16.0,0.0078125,6400000.0
1.0,512.0,1.0,1.0,1.0,1.0,35.0,32.0,-0.0030632107251067353,-0.0017650185808415486,256.0,0.0,6400000.0
1.0,512.0,1.0,1.0,1.0,1.0,35.0,32.0,-0.0030632107251067353,-0.0017650185808415486,512.0,0.0078125,6400000.0
1.0,1.0,1.0,2.0,3.0,2.0,108.0,192.0,0.03911015413878083,0.040912063041146696,2.0,2.0,6400000.0
2.0,2.0,1.0,2.0,6.0,4.0,207.0,384.0,0.07262288558772911,0.07510528703488584,4.0,0.000976562,6400000.0
1.0,512.0,1.0,1.0,1.0,1.0,35.0,32.0,-0.0030632107251067353,-0.0017650185808415486,512.0,0.5,6400000.0
1.0,2.0,1.0,1.0,1.0,1.0,35.0,32.0,-0.0030632107251067353,-0.0017650185808415486,128.0,0.125,6400000.0
1.0,512.0,1.0,1.0,1.0,1.0,35.0,32.0,-0.0030632107251067353,-0.0017650185808415486,256.0,0.125,6400000.0
2.0,2.0,1.0,2.0,6.0,4.0,207.0,384.0,0.07262288558772911,0.07510528703488584,8.0,2.0,6400000.0
1.0,512.0,1.0,1.0,1.0,1.0,35.0,32.0,-0.0030632107251067353,-0.0017650185808415486,256.0,2.0,6400000.0
1.0,512.0,1.0,1.0,1.0,1.0,35.0,32.0,-0.0030632107251067353,-0.0017650185808415486,256.0,0.03125,6400000.0
1.0,512.0,1.0,1.0,1.0,1.0,35.0,32.0,-0.0030632107251067353,-0.0017650185808415486,512.0,2.0,6400000.0
1.0,512.0,1.0,1.0,1.0,1.0,35.0,32.0,-0.0030632107251067353,-0.0017650185808415486,512.0,8.0,6400000.0
1.0,512.0,1.0,1.0,1.0,1.0,35.0,32.0,-0.0030632107251067353,-0.0017650185808415486,512.0,32.0,6400000.0
1.0,512.0,1.0,1.0,1.0,1.0,35.0,32.0,-0.0030632107251067353,-0.0017650185808415486,256.0,8.0,6400000.0
1.0,2.0,1.0,1.0,1.0,1.0,35.0,32.0,-0.0030632107251067353,-0.0017650185808415486,16.0,4096.0,6400000.0
2.0,2.0,1.0,2.0,6.0,4.0,207.0,384.0,0.07262288558772911,0.07510528703488584,32.0,16.0,6400000.0
1.0,512.0,1.0,1.0,1.0,1.0,35.0,32.0,-0.0030632107251067353,-0.0017650185808415486,512.0,128.0,6400000.0
1.0,512.0,1.0,1.0,1.0,1.0,35.0,32.0,-0.0030632107251067353,-0.0017650185808415486,512.0,512.0,6400000.0
2.0,2.0,1.0,2.0,6.0,4.0,207.0,384.0,0.07262288558772911,0.07510528703488584,4.0,1.0,6400000.0
2.0,2.0,1.0,2.0,6.0,4.0,207.0,384.0,0.07262288558772911,0.07510528703488584,64.0,0.0625,6400000.0
1.0,512.0,1.0,1.0,1.0,1.0,35.0,32.0,-0.0030632107251067353,-0.0017650185808415486,512.0,8192.0,6400000.0
1.0,512.0,1.0,1.0,1.0,1.0,35.0,32.0,-0.0030632107251067353,-0.0017650185808415486,256.0,32.0,6400000.0
2.0,2.0,1.0,2.0,6.0,4.0,207.0,384.0,0.07262288558772911,0.07510528703488584,8.0,0.00390625,6400000.0
1.0,512.0,1.0,1.0,1.0,1.0,35.0,32.0,-0.0030632107251067353,-0.0017650185808415486,512.0,32768.0,6400000.0
1.0,512.0,1.0,1.0,1.0,1.0,35.0,32.0,-0.0030632107251067353,-0.0017650185808415486,512.0,2048.0,6400000.0
1.0,512.0,1.0,1.0,1.0,1.0,35.0,32.0,-0.0030632107251067353,-0.0017650185808415486,1024.0,0.000976562,6400000.0
1.0,2.0,1.0,1.0,1.0,1.0,35.0,32.0,-0.0030632107251067353,-0.0017650185808415486,8.0,2048.0,6400000.0
1.0,2.0,1.0,1.0,1.0,1.0,35.0,32.0,-0.0030632107251067353,-0.0017650185808415486,128.0,128.0,6400000.0
1.0,512.0,1.0,1.0,1.0,1.0,35.0,32.0,-0.0030632107251067353,-0.0017650185808415486,1024.0,0.0625,6400000.0
1.0,512.0,1.0,1.0,1.0,1.0,35.0,32.0,-0.0030632107251067353,-0.0017650185808415486,256.0,128.0,6400000.0
1.0,512.0,1.0,1.0,1.0,1.0,35.0,32.0,-0.0030632107251067353,-0.0017650185808415486,1024.0,0.015625,6400000.0
1.0,2.0,1.0,1.0,1.0,1.0,35.0,32.0,-0.0030632107251067353,-0.0017650185808415486,64.0,32768.0,6400000.0
1.0,512.0,1.0,1.0,1.0,1.0,35.0,32.0,-0.0030632107251067353,-0.0017650185808415486,1024.0,0.00390625,6400000.0
2.0,2.0,1.0,2.0,6.0,4.0,207.0,384.0,0.07262288558772911,0.07510528703488584,16.0,8.0,6400000.0
1.0,512.0,1.0,1.0,1.0,1.0,35.0,32.0,-0.0030632107251067353,-0.0017650185808415486,1024.0,0.25,6400000.0
1.0,2.0,1.0,1.0,1.0,1.0,35.0,32.0,-0.0030632107251067353,-0.0017650185808415486,2.0,256.0,6400000.0
1.0,512.0,1.0,1.0,1.0,1.0,35.0,32.0,-0.0030632107251067353,-0.0017650185808415486,256.0,32768.0,6400000.0
1.0,1.0,1.0,2.0,3.0,2.0,108.0,192.0,0.03911015413878083,0.040912063041146696,2.0,64.0,6400000.0
1.0,512.0,1.0,1.0,1.0,1.0,35.0,32.0,-0.0030632107251067353,-0.0017650185808415486,256.0,8192.0,6400000.0
1.0,512.0,1.0,1.0,1.0,1.0,35.0,32.0,-0.0030632107251067353,-0.0017650185808415486,256.0,512.0,6400000.0
1.0,512.0,1.0,1.0,1.0,1.0,35.0,32.0,-0.0030632107251067353,-0.0017650185808415486,256.0,2048.0,6400000.0
2.0,2.0,1.0,2.0,6.0,4.0,207.0,384.0,0.07262288558772911,0.07510528703488584,32.0,0.03125,6400000.0
1.0,2.0,1.0,1.0,1.0,1.0,35.0,32.0,-0.0030632107251067353,-0.0017650185808415486,4.0,1024.0,6400000.0
1.0,512.0,1.0,1.0,1.0,1.0,35.0,32.0,-0.0030632107251067353,-0.0017650185808415486,512.0,0.000976562,6400000.0
1.0,512.0,1.0,1.0,1.0,1.0,35.0,32.0,-0.0030632107251067353,-0.0017650185808415486,512.0,0.00390625,6400000.0
1.0,512.0,1.0,1.0,1.0,1.0,35.0,32.0,-0.0030632107251067353,-0.0017650185808415486,1024.0,1.0,6400000.0
1.0,512.0,1.0,1.0,1.0,1.0,35.0,32.0,-0.0030632107251067353,-0.0017650185808415486,1024.0,64.0,6400000.0
1.0,512.0,1.0,1.0,1.0,1.0,35.0,32.0,-0.0030632107251067353,-0.0017650185808415486,1024.0,16.0,6400000.0
1.0,2.0,1.0,1.0,1.0,1.0,35.0,32.0,-0.0030632107251067353,-0.0017650185808415486,64.0,64.0,6400000.0
1.0,2.0,1.0,1.0,1.0,1.0,35.0,32.0,-0.0030632107251067353,-0.0017650185808415486,32.0,16384.0,6400000.0
1.0,512.0,1.0,1.0,1.0,1.0,35.0,32.0,-0.0030632107251067353,-0.0017650185808415486,1024.0,4.0,6400000.0
1.0,512.0,1.0,1.0,1.0,1.0,35.0,32.0,-0.0030632107251067353,-0.0017650185808415486,1024.0,1024.0,6400000.0
1.0,512.0,1.0,1.0,1.0,1.0,35.0,32.0,-0.0030632107251067353,-0.0017650185808415486,1024.0,256.0,6400000.0
1.0,512.0,1.0,1.0,1.0,1.0,35.0,32.0,-0.0030632107251067353,-0.0017650185808415486,512.0,0.25,6400000.0
1.0,512.0,1.0,1.0,1.0,1.0,35.0,32.0,-0.0030632107251067353,-0.0017650185808415486,512.0,0.0625,6400000.0
1.0,512.0,1.0,1.0,1.0,1.0,35.0,32.0,-0.0030632107251067353,-0.0017650185808415486,1024.0,4096.0,6400000.0
1.0,2.0,1.0,1.0,1.0,1.0,35.0,32.0,-0.0030632107251067353,-0.0017650185808415486,256.0,0.000976562,6400000.0
1.0,1.0,1.0,2.0,3.0,2.0,108.0,192.0,0.03911015413878083,0.040912063041146696,2.0,4.0,6400000.0
2.0,2.0,1.0,2.0,6.0,4.0,207.0,384.0,0.07262288558772911,0.07510528703488584,16.0,0.015625,6400000.0
2.0,2.0,1.0,2.0,6.0,4.0,207.0,384.0,0.07262288558772911,0.07510528703488584,4.0,0.00195312,6400000.0
1.0,2.0,1.0,1.0,1.0,1.0,35.0,32.0,-0.0030632107251067353,-0.0017650185808415486,128.0,0.25,6400000.0
2.0,2.0,1.0,2.0,6.0,4.0,207.0,384.0,0.07262288558772911,0.07510528703488584,8.0,4.0,6400000.0
1.0,512.0,1.0,1.0,1.0,1.0,35.0,32.0,-0.0030632107251067353,-0.0017650185808415486,2048.0,0.0,6400000.0
1.0,512.0,1.0,1.0,1.0,1.0,35.0,32.0,-0.0030632107251067353,-0.0017650185808415486,2048.0,0.03125,6400000.0
1.0,512.0,1.0,1.0,1.0,1.0,35.0,32.0,-0.0030632107251067353,-0.0017650185808415486,512.0,4.0,6400000.0
1.0,512.0,1.0,1.0,1.0,1.0,35.0,32.0,-0.0030632107251067353,-0.0017650185808415486,1024.0,16384.0,6400000.0
1.0,512.0,1.0,1.0,1.0,1.0,35.0,32.0,-0.0030632107251067353,-0.0017650185808415486,512.0,16.0,6400000.0
1.0,512.0,1.0,1.0,1.0,1.0,35.0,32.0,-0.0030632107251067353,-0.0017650185808415486,512.0,1.0,6400000.0
1.0,512.0,1.0,1.0,1.0,1.0,35.0,32.0,-0.0030632107251067353,-0.0017650185808415486,512.0,0.015625,6400000.0
1.0,512.0,1.0,1.0,1.0,1.0,35.0,32.0,-0.0030632107251067353,-0.0017650185808415486,2048.0,0.00195312,6400000.0
1.0,512.0,1.0,1.0,1.0,1.0,35.0,32.0,-0.0030632107251067353,-0.0017650185808415486,2048.0,0.0078125,6400000.0
1.0,512.0,1.0,1.0,1.0,1.0,35.0,32.0,-0.0030632107251067353,-0.0017650185808415486,512.0,64.0,6400000.0
1.0,512.0,1.0,1.0,1.0,1.0,35.0,32.0,-0.0030632107251067353,-0.0017650185808415486,2048.0,0.125,6400000.0
2.0,2.0,1.0,2.0,6.0,4.0,207.0,384.0,0.07262288558772911,0.07510528703488584,32.0,32.0,6400000.0
1.0,2.0,1.0,1.0,1.0,1.0,35.0,32.0,-0.0030632107251067353,-0.0017650185808415486,16.0,8192.0,6400000.0
1.0,512.0,1.0,1.0,1.0,1.0,35.0,32.0,-0.0030632107251067353,-0.0017650185808415486,512.0,256.0,6400000.0
2.0,2.0,1.0,2.0,6.0,4.0,207.0,384.0,0.07262288558772911,0.07510528703488584,4.0,2.0,6400000.0
1.0,512.0,1.0,1.0,1.0,1.0,35.0,32.0,-0.0030632107251067353,-0.0017650185808415486,512.0,1024.0,6400000.0
1.0,512.0,1.0,1.0,1.0,1.0,35.0,32.0,-0.0030632107251067353,-0.0017650185808415486,512.0,16384.0,6400000.0
2.0,2.0,1.0,2.0,6.0,4.0,207.0,384.0,0.07262288558772911,0.07510528703488584,64.0,0.125,6400000.0
1.0,512.0,1.0,1.0,1.0,1.0,35.0,32.0,-0.0030632107251067353,-0.0017650185808415486,1024.0,0.0,6400000.0
2.0,2.0,1.0,2.0,6.0,4.0,207.0,384.0,0.07262288558772911,0.07510528703488584,8.0,0.0078125,6400000.0
1.0,512.0,1.0,1.0,1.0,1.0,35.0,32.0,-0.0030632107251067353,-0.0017650185808415486,512.0,4096.0,6400000.0
1.0,512.0,1.0,1.0,1.0,1.0,35.0,32.0,-0.0030632107251067353,-0.0017650185808415486,1024.0,0.00195312,6400000.0
1.0,512.0,1.0,1.0,1.0,1.0,35.0,32.0,-0.0030632107251067353,-0.0017650185808415486,2048.0,0.5,6400000.0
1.0,2.0,1.0,1.0,1.0,1.0,35.0,32.0,-0.0030632107251067353,-0.0017650185808415486,128.0,256.0,6400000.0
1.0,2.0,1.0,1.0,1.0,1.0,35.0,32.0,-0.0030632107251067353,-0.0017650185808415486,128.0,0.0,6400000.0
1.0,512.0,1.0,1.0,1.0,1.0,35.0,32.0,-0.0030632107251067353,-0.0017650185808415486,1024.0,0.0078125,6400000.0
1.0,2.0,1.0,1.0,1.0,1.0,35.0,32.0,-0.0030632107251067353,-0.0017650185808415486,8.0,4096.0,6400000.0
2.0,2.0,1.0,2.0,6.0,4.0,207.0,384.0,0.07262288558772911,0.07510528703488584,16.0,16.0,6400000.0
1.0,512.0,1.0,1.0,1.0,1.0,35.0,32.0,-0.0030632107251067353,-0.0017650185808415486,1024.0,0.125,6400000.0
1.0,512.0,1.0,1.0,1.0,1.0,35.0,32.0,-0.0030632107251067353,-0.0017650185808415486,1024.0,0.03125,6400000.0
1.0,512.0,1.0,1.0,1.0,1.0,35.0,32.0,-0.0030632107251067353,-0.0017650185808415486,2048.0,8.0,6400000.0
1.0,512.0,1.0,1.0,1.0,1.0,35.0,32.0,-0.0030632107251067353,-0.0017650185808415486,1024.0,0.5,6400000.0
1.0,1.0,1.0,1.0,1.0,1.0,35.0,32.0,-0.0030632107251067353,-0.0017650185808415486,2.0,128.0,6400000.0
1.0,512.0,1.0,1.0,1.0,1.0,35.0,32.0,-0.0030632107251067353,-0.0017650185808415486,2048.0,2.0,6400000.0
1.0,512.0,1.0,1.0,1.0,1.0,35.0,32.0,-0.0030632107251067353,-0.0017650185808415486,2048.0,512.0,6400000.0
1.0,2.0,1.0,1.0,1.0,1.0,35.0,32.0,-0.0030632107251067353,-0.0017650185808415486,256.0,1.0,6400000.0
1.0,512.0,1.0,1.0,1.0,1.0,35.0,32.0,-0.0030632107251067353,-0.0017650185808415486,2048.0,128.0,6400000.0
1.0,512.0,1.0,1.0,1.0,1.0,35.0,32.0,-0.0030632107251067353,-0.0017650185808415486,2048.0,32.0,6400000.0
1.0,2.0,1.0,1.0,1.0,1.0,35.0,32.0,-0.0030632107251067353,-0.0017650185808415486,4.0,2048.0,6400000.0
2.0,2.0,1.0,2.0,6.0,4.0,207.0,384.0,0.07262288558772911,0.07510528703488584,32.0,0.0625,6400000.0
1.0,512.0,1.0,1.0,1.0,1.0,35.0,32.0,-0.0030632107251067353,-0.0017650185808415486,1024.0,2.0,6400000.0
1.0,512.0,1.0,1.0,1.0,1.0,35.0,32.0,-0.0030632107251067353,-0.0017650185808415486,1024.0,128.0,6400000.0
1.0,512.0,1.0,1.0,1.0,1.0,35.0,32.0,-0.0030632107251067353,-0.0017650185808415486,2048.0,8192.0,6400000.0
1.0,512.0,1.0,1.0,1.0,1.0,35.0,32.0,-0.0030632107251067353,-0.0017650185808415486,1024.0,32.0,6400000.0
1.0,512.0,1.0,1.0,1.0,1.0,35.0,32.0,-0.0030632107251067353,-0.0017650185808415486,2048.0,2048.0,6400000.0
1.0,512.0,1.0,1.0,1.0,1.0,35.0,32.0,-0.0030632107251067353,-0.0017650185808415486,1024.0,8.0,6400000.0
1.0,512.0,1.0,1.0,1.0,1.0,35.0,32.0,-0.0030632107251067353,-0.0017650185808415486,1024.0,512.0,6400000.0
1.0,512.0,1.0,1.0,1.0,1.0,35.0,32.0,-0.0030632107251067353,-0.0017650185808415486,1024.0,2048.0,6400000.0
1.0,2.0,1.0,1.0,1.0,1.0,35.0,32.0,-0.0030632107251067353,-0.0017650185808415486,32.0,32768.0,6400000.0
1.0,2.0,1.0,1.0,1.0,1.0,35.0,32.0,-0.0030632107251067353,-0.0017650185808415486,256.0,0.00195312,6400000.0
2.0,2.0,1.0,2.0,6.0,4.0,207.0,384.0,0.07262288558772911,0.07510528703488584,16.0,0.03125,6400000.0
1.0,512.0,1.0,1.0,1.0,1.0,35.0,32.0,-0.0030632107251067353,-0.0017650185808415486,2048.0,32768.0,6400000.0
1.0,2.0,1.0,1.0,1.0,1.0,35.0,32.0,-0.0030632107251067353,-0.0017650185808415486,128.0,0.5,6400000.0
1.0,512.0,1.0,1.0,1.0,1.0,35.0,32.0,-0.0030632107251067353,-0.0017650185808415486,4096.0,0.000976562,6400000.0
1.0,2.0,1.0,1.0,1.0,1.0,35.0,32.0,-0.0030632107251067353,-0.0017650185808415486,64.0,128.0,6400000.0
1.0,1.0,1.0,2.0,3.0,2.0,108.0,192.0,0.03911015413878083,0.040912063041146696,2.0,8.0,6400000.0
1.0,512.0,1.0,1.0,1.0,1.0,35.0,32.0,-0.0030632107251067353,-0.0017650185808415486,1024.0,8192.0,6400000.0
1.0,512.0,1.0,1.0,1.0,1.0,35.0,32.0,-0.0030632107251067353,-0.0017650185808415486,2048.0,0.0625,6400000.0
1.0,512.0,1.0,1.0,1.0,1.0,35.0,32.0,-0.0030632107251067353,-0.0017650185808415486,1024.0,32768.0,6400000.0
2.0,2.0,1.0,2.0,6.0,4.0,207.0,384.0,0.07262288558772911,0.07510528703488584,8.0,8.0,6400000.0
1.0,512.0,1.0,1.0,1.0,1.0,35.0,32.0,-0.0030632107251067353,-0.0017650185808415486,2048.0,0.000976562,6400000.0
1.0,512.0,1.0,1.0,1.0,1.0,35.0,32.0,-0.0030632107251067353,-0.0017650185808415486,4096.0,0.00390625,6400000.0
1.0,512.0,1.0,1.0,1.0,1.0,35.0,32.0,-0.0030632107251067353,-0.0017650185808415486,4096.0,0.015625,6400000.0
1.0,2.0,1.0,1.0,1.0,1.0,35.0,32.0,-0.0030632107251067353,-0.0017650185808415486,256.0,1024.0,6400000.0
1.0,512.0,1.0,1.0,1.0,1.0,35.0,32.0,-0.0030632107251067353,-0.0017650185808415486,2048.0,0.25,6400000.0
1.0,512.0,1.0,1.0,1.0,1.0,35.0,32.0,-0.0030632107251067353,-0.0017650185808415486,2048.0,0.015625,6400000.0
1.0,512.0,1.0,1.0,1.0,1.0,35.0,32.0,-0.0030632107251067353,-0.0017650185808415486,4096.0,0.25,6400000.0
1.0,512.0,1.0,1.0,1.0,1.0,35.0,32.0,-0.0030632107251067353,-0.0017650185808415486,4096.0,0.0625,6400000.0
1.0,512.0,1.0,1.0,1.0,1.0,35.0,32.0,-0.0030632107251067353,-0.0017650185808415486,2048.0,0.00390625,6400000.0
1.0,512.0,1.0,1.0,1.0,1.0,35.0,32.0,-0.0030632107251067353,-0.0017650185808415486,4096.0,1.0,6400000.0
1.0,2.0,1.0,1.0,1.0,1.0,35.0,32.0,-0.0030632107251067353,-0.0017650185808415486,16.0,16384.0,6400000.0
2.0,2.0,1.0,2.0,6.0,4.0,207.0,384.0,0.07262288558772911,0.07510528703488584,32.0,64.0,6400000.0
1.0,512.0,1.0,1.0,1.0,1.0,35.0,32.0,-0.0030632107251067353,-0.0017650185808415486,4096.0,4.0,6400000.0
1.0,512.0,1.0,1.0,1.0,1.0,35.0,32.0,-0.0030632107251067353,-0.0017650185808415486,4096.0,16.0,6400000.0
2.0,2.0,1.0,2.0,6.0,4.0,207.0,384.0,0.07262288558772911,0.07510528703488584,64.0,0.25,6400000.0
1.0,512.0,1.0,1.0,1.0,1.0,35.0,32.0,-0.0030632107251067353,-0.0017650185808415486,4096.0,64.0,6400000.0
2.0,2.0,1.0,2.0,6.0,4.0,207.0,384.0,0.07262288558772911,0.07510528703488584,8.0,0.015625,6400000.0
1.0,2.0,1.0,1.0,1.0,1.0,35.0,32.0,-0.0030632107251067353,-0.0017650185808415486,128.0,512.0,6400000.0
1.0,512.0,1.0,1.0,1.0,1.0,35.0,32.0,-0.0030632107251067353,-0.0017650185808415486,4096.0,256.0,6400000.0
1.0,512.0,1.0,1.0,1.0,1.0,35.0,32.0,-0.0030632107251067353,-0.0017650185808415486,2048.0,1.0,6400000.0
1.0,2.0,1.0,1.0,1.0,1.0,35.0,32.0,-0.0030632107251067353,-0.0017650185808415486,128.0,0.000976562,6400000.0
1.0,2.0,1.0,1.0,1.0,1.0,35.0,32.0,-0.0030632107251067353,-0.0017650185808415486,8.0,8192.0,6400000.0
1.0,512.0,1.0,1.0,1.0,1.0,35.0,32.0,-0.0030632107251067353,-0.0017650185808415486,4096.0,1024.0,6400000.0
1.0,512.0,1.0,1.0,1.0,1.0,35.0,32.0,-0.0030632107251067353,-0.0017650185808415486,4096.0,16384.0,6400000.0
1.0,512.0,1.0,1.0,1.0,1.0,35.0,32.0,-0.0030632107251067353,-0.0017650185808415486,2048.0,16.0,6400000.0
1.0,1.0,1.0,1.0,1.0,1.0,35.0,32.0,-0.0030632107251067353,-0.0017650185808415486,2.0,256.0,6400000.0
2.0,2.0,1.0,2.0,6.0,4.0,207.0,384.0,0.07262288558772911,0.07510528703488584,16.0,32.0,6400000.0
1.0,512.0,1.0,1.0,1.0,1.0,35.0,32.0,-0.0030632107251067353,-0.0017650185808415486,8192.0,0.0,6400000.0
1.0,512.0,1.0,1.0,1.0,1.0,35.0,32.0,-0.0030632107251067353,-0.0017650185808415486,2048.0,4.0,6400000.0
1.0,512.0,1.0,1.0,1.0,1.0,35.0,32.0,-0.0030632107251067353,-0.0017650185808415486,4096.0,4096.0,6400000.0
1.0,512.0,1.0,1.0,1.0,1.0,35.0,32.0,-0.0030632107251067353,-0.0017650185808415486,8192.0,0.0078125,6400000.0
1.0,512.0,1.0,1.0,1.0,1.0,35.0,32.0,-0.0030632107251067353,-0.0017650185808415486,8192.0,0.00195312,6400000.0
1.0,2.0,1.0,1.0,1.0,1.0,35.0,32.0,-0.0030632107251067353,-0.0017650185808415486,512.0,0.0078125,6400000.0
1.0,512.0,1.0,1.0,1.0,1.0,35.0,32.0,-0.0030632107251067353,-0.0017650185808415486,2048.0,1024.0,6400000.0
1.0,2.0,1.0,1.0,1.0,1.0,35.0,32.0,-0.0030632107251067353,-0.0017650185808415486,256.0,2.0,6400000.0
1.0,512.0,1.0,1.0,1.0,1.0,35.0,32.0,-0.0030632107251067353,-0.0017650185808415486,2048.0,256.0,6400000.0
1.0,512.0,1.0,1.0,1.0,1.0,35.0,32.0,-0.0030632107251067353,-0.0017650185808415486,2048.0,64.0,6400000.0
2.0,2.0,1.0,2.0,6.0,4.0,207.0,384.0,0.07262288558772911,0.07510528703488584,32.0,0.125,6400000.0
1.0,512.0,1.0,1.0,1.0,1.0,35.0,32.0,-0.0030632107251067353,-0.0017650185808415486,8192.0,0.03125,6400000.0
1.0,512.0,1.0,1.0,1.0,1.0,35.0,32.0,-0.0030632107251067353,-0.0017650185808415486,8192.0,0.5,6400000.0
1.0,512.0,1.0,1.0,1.0,1.0,35.0,32.0,-0.0030632107251067353,-0.0017650185808415486,2048.0,16384.0,6400000.0
1.0,512.0,1.0,1.0,1.0,1.0,35.0,32.0,-0.0030632107251067353,-0.0017650185808415486,8192.0,0.125,6400000.0
1.0,512.0,1.0,1.0,1.0,1.0,35.0,32.0,-0.0030632107251067353,-0.0017650185808415486,2048.0,4096.0,6400000.0
1.0,512.0,1.0,1.0,1.0,1.0,35.0,32.0,-0.0030632107251067353,-0.0017650185808415486,8192.0,2.0,6400000.0
1.0,512.0,1.0,1.0,1.0,1.0,35.0,32.0,-0.0030632107251067353,-0.0017650185808415486,8192.0,128.0,6400000.0
1.0,512.0,1.0,1.0,1.0,1.0,35.0,32.0,-0.0030632107251067353,-0.0017650185808415486,8192.0,8.0,6400000.0
1.0,1.0,1.0,2.0,3.0,2.0,108.0,192.0,0.03911015413878083,0.040912063041146696,2.0,16.0,6400000.0
2.0,2.0,1.0,2.0,6.0,4.0,207.0,384.0,0.07262288558772911,0.07510528703488584,16.0,0.0625,6400000.0
1.0,512.0,1.0,1.0,1.0,1.0,35.0,32.0,-0.0030632107251067353,-0.0017650185808415486,4096.0,0.00195312,6400000.0
1.0,2.0,1.0,1.0,1.0,1.0,35.0,32.0,-0.0030632107251067353,-0.0017650185808415486,64.0,256.0,6400000.0
1.0,2.0,1.0,1.0,1.0,1.0,35.0,32.0,-0.0030632107251067353,-0.0017650185808415486,256.0,0.00390625,6400000.0
1.0,512.0,1.0,1.0,1.0,1.0,35.0,32.0,-0.0030632107251067353,-0.0017650185808415486,4096.0,0.0,6400000.0
1.0,2.0,1.0,1.0,1.0,1.0,35.0,32.0,-0.0030632107251067353,-0.0017650185808415486,128.0,1.0,6400000.0
2.0,2.0,1.0,2.0,6.0,4.0,207.0,384.0,0.07262288558772911,0.07510528703488584,64.0,0.0,6400000.0
1.0,512.0,1.0,1.0,1.0,1.0,35.0,32.0,-0.0030632107251067353,-0.0017650185808415486,8192.0,32.0,6400000.0
1.0,2.0,1.0,1.0,1.0,1.0,35.0,32.0,-0.0030632107251067353,-0.0017650185808415486,512.0,8.0,6400000.0
1.0,512.0,1.0,1.0,1.0,1.0,35.0,32.0,-0.0030632107251067353,-0.0017650185808415486,4096.0,0.0078125,6400000.0
1.0,512.0,1.0,1.0,1.0,1.0,35.0,32.0,-0.0030632107251067353,-0.0017650185808415486,4096.0,0.03125,6400000.0
1.0,512.0,1.0,1.0,1.0,1.0,35.0,32.0,-0.0030632107251067353,-0.0017650185808415486,8192.0,512.0,6400000.0
1.0,2.0,1.0,1.0,1.0,1.0,35.0,32.0,-0.0030632107251067353,-0.0017650185808415486,256.0,2048.0,6400000.0
1.0,512.0,1.0,1.0,1.0,1.0,35.0,32.0,-0.0030632107251067353,-0.0017650185808415486,8192.0,2048.0,6400000.0
1.0,512.0,1.0,1.0,1.0,1.0,35.0,32.0,-0.0030632107251067353,-0.0017650185808415486,4096.0,0.125,6400000.0
1.0,512.0,1.0,1.0,1.0,1.0,35.0,32.0,-0.0030632107251067353,-0.0017650185808415486,8192.0,32768.0,6400000.0
1.0,512.0,1.0,1.0,1.0,1.0,35.0,32.0,-0.0030632107251067353,-0.0017650185808415486,8192.0,8192.0,6400000.0
2.0,2.0,1.0,2.0,6.0,4.0,207.0,384.0,0.07262288558772911,0.07510528703488584,8.0,16.0,6400000.0
1.0,512.0,1.0,1.0,1.0,1.0,35.0,32.0,-0.0030632107251067353,-0.0017650185808415486,4096.0,0.5,6400000.0
1.0,512.0,1.0,1.0,1.0,1.0,35.0,32.0,-0.0030632107251067353,-0.0017650185808415486,4096.0,2.0,6400000.0
1.0,512.0,1.0,1.0,1.0,1.0,35.0,32.0,-0.0030632107251067353,-0.0017650185808415486,16384.0,0.00390625,6400000.0
1.0,2.0,1.0,1.0,1.0,1.0,35.0,32.0,-0.0030632107251067353,-0.0017650185808415486,16.0,32768.0,6400000.0
1.0,512.0,1.0,1.0,1.0,1.0,35.0,32.0,-0.0030632107251067353,-0.0017650185808415486,16384.0,0.000976562,6400000.0
1.0,512.0,1.0,1.0,1.0,1.0,35.0,32.0,-0.0030632107251067353,-0.0017650185808415486,4096.0,8.0,6400000.0
1.0,2.0,1.0,1.0,1.0,1.0,35.0,32.0,-0.0030632107251067353,-0.0017650185808415486,32.0,128.0,6400000.0
2.0,2.0,1.0,2.0,6.0,4.0,207.0,384.0,0.07262288558772911,0.07510528703488584,64.0,0.5,6400000.0
1.0,512.0,1.0,1.0,1.0,1.0,35.0,32.0,-0.0030632107251067353,-0.0017650185808415486,4096.0,32.0,6400000.0
1.0,512.0,1.0,1.0,1.0,1.0,35.0,32.0,-0.0030632107251067353,-0.0017650185808415486,4096.0,128.0,6400000.0
1.0,512.0,1.0,1.0,1.0,1.0,35.0,32.0,-0.0030632107251067353,-0.0017650185808415486,16384.0,0.015625,6400000.0
1.0,2.0,1.0,1.0,1.0,1.0,35.0,32.0,-0.0030632107251067353,-0.0017650185808415486,8.0,16384.0,6400000.0
1.0,512.0,1.0,1.0,1.0,1.0,35.0,32.0,-0.0030632107251067353,-0.0017650185808415486,4096.0,512.0,6400000.0
1.0,2.0,1.0,1.0,1.0,1.0,35.0,32.0,-0.0030632107251067353,-0.0017650185808415486,128.0,0.00195312,6400000.0
1.0,512.0,1.0,1.0,1.0,1.0,35.0,32.0,-0.0030632107251067353,-0.0017650185808415486,4096.0,32768.0,6400000.0
1.0,512.0,1.0,1.0,1.0,1.0,35.0,32.0,-0.0030632107251067353,-0.0017650185808415486,4096.0,2048.0,6400000.0
1.0,2.0,1.0,1.0,1.0,1.0,35.0,32.0,-0.0030632107251067353,-0.0017650185808415486,128.0,1024.0,6400000.0
1.0,512.0,1.0,1.0,1.0,1.0,35.0,32.0,-0.0030632107251067353,-0.0017650185808415486,4096.0,8192.0,6400000.0
1.0,512.0,1.0,1.0,1.0,1.0,35.0,32.0,-0.0030632107251067353,-0.0017650185808415486,16384.0,0.0625,6400000.0
1.0,1.0,1.0,1.0,1.0,1.0,35.0,32.0,-0.0030632107251067353,-0.0017650185808415486,2.0,512.0,6400000.0
1.0,512.0,1.0,1.0,1.0,1.0,35.0,32.0,-0.0030632107251067353,-0.0017650185808415486,8192.0,0.000976562,6400000.0
2.0,2.0,1.0,2.0,6.0,4.0,207.0,384.0,0.07262288558772911,0.07510528703488584,16.0,64.0,6400000.0
1.0,2.0,1.0,1.0,1.0,1.0,35.0,32.0,-0.0030632107251067353,-0.0017650185808415486,512.0,0.015625,6400000.0
1.0,512.0,1.0,1.0,1.0,1.0,35.0,32.0,-0.0030632107251067353,-0.0017650185808415486,8192.0,0.015625,6400000.0
1.0,512.0,1.0,1.0,1.0,1.0,35.0,32.0,-0.0030632107251067353,-0.0017650185808415486,8192.0,0.00390625,6400000.0
1.0,512.0,1.0,1.0,1.0,1.0,35.0,32.0,-0.0030632107251067353,-0.0017650185808415486,16384.0,0.25,6400000.0
1.0,2.0,1.0,1.0,1.0,1.0,35.0,32.0,-0.0030632107251067353,-0.0017650185808415486,256.0,4.0,6400000.0
1.0,512.0,1.0,1.0,1.0,1.0,35.0,32.0,-0.0030632107251067353,-0.0017650185808415486,16384.0,1.0,6400000.0
1.0,512.0,1.0,1.0,1.0,1.0,35.0,32.0,-0.0030632107251067353,-0.0017650185808415486,16384.0,4.0,6400000.0
1.0,2.0,1.0,1.0,1.0,1.0,35.0,32.0,-0.0030632107251067353,-0.0017650185808415486,512.0,8192.0,6400000.0
2.0,2.0,1.0,2.0,6.0,4.0,207.0,384.0,0.07262288558772911,0.07510528703488584,32.0,0.25,6400000.0
1.0,512.0,1.0,1.0,1.0,1.0,35.0,32.0,-0.0030632107251067353,-0.0017650185808415486,16384.0,16.0,6400000.0
1.0,512.0,1.0,1.0,1.0,1.0,35.0,32.0,-0.0030632107251067353,-0.0017650185808415486,8192.0,0.0625,6400000.0
1.0,512.0,1.0,1.0,1.0,1.0,35.0,32.0,-0.0030632107251067353,-0.0017650185808415486,8192.0,1.0,6400000.0
1.0,512.0,1.0,1.0,1.0,1.0,35.0,32.0,-0.0030632107251067353,-0.0017650185808415486,8192.0,16.0,6400000.0
1.0,512.0,1.0,1.0,1.0,1.0,35.0,32.0,-0.0030632107251067353,-0.0017650185808415486,8192.0,4.0,6400000.0
1.0,512.0,1.0,1.0,1.0,1.0,35.0,32.0,-0.0030632107251067353,-0.0017650185808415486,8192.0,256.0,6400000.0
1.0,2.0,1.0,1.0,1.0,1.0,35.0,32.0,-0.0030632107251067353,-0.0017650185808415486,128.0,2.0,6400000.0
1.0,512.0,1.0,1.0,1.0,1.0,35.0,32.0,-0.0030632107251067353,-0.0017650185808415486,8192.0,0.25,6400000.0
1.0,512.0,1.0,1.0,1.0,1.0,35.0,32.0,-0.0030632107251067353,-0.0017650185808415486,16384.0,64.0,6400000.0
1.0,512.0,1.0,1.0,1.0,1.0,35.0,32.0,-0.0030632107251067353,-0.0017650185808415486,16384.0,256.0,6400000.0
1.0,2.0,1.0,1.0,1.0,1.0,35.0,32.0,-0.0030632107251067353,-0.0017650185808415486,64.0,512.0,6400000.0
2.0,2.0,1.0,2.0,6.0,4.0,207.0,384.0,0.07262288558772911,0.07510528703488584,64.0,0.000976562,6400000.0
1.0,512.0,1.0,1.0,1.0,1.0,35.0,32.0,-0.0030632107251067353,-0.0017650185808415486,16384.0,1024.0,6400000.0
2.0,2.0,1.0,2.0,6.0,4.0,207.0,384.0,0.07262288558772911,0.07510528703488584,16.0,0.125,6400000.0
1.0,2.0,1.0,1.0,1.0,1.0,35.0,32.0,-0.0030632107251067353,-0.0017650185808415486,256.0,0.0078125,6400000.0
1.0,512.0,1.0,1.0,1.0,1.0,35.0,32.0,-0.0030632107251067353,-0.0017650185808415486,8192.0,1024.0,6400000.0
1.0,512.0,1.0,1.0,1.0,1.0,35.0,32.0,-0.0030632107251067353,-0.0017650185808415486,16384.0,4096.0,6400000.0
1.0,512.0,1.0,1.0,1.0,1.0,35.0,32.0,-0.0030632107251067353,-0.0017650185808415486,8192.0,64.0,6400000.0
1.0,2.0,1.0,1.0,1.0,1.0,35.0,32.0,-0.0030632107251067353,-0.0017650185808415486,256.0,4096.0,6400000.0
1.0,2.0,1.0,1.0,1.0,1.0,35.0,32.0,-0.0030632107251067353,-0.0017650185808415486,512.0,16.0,6400000.0
1.0,512.0,1.0,1.0,1.0,1.0,35.0,32.0,-0.0030632107251067353,-0.0017650185808415486,16384.0,16384.0,6400000.0
1.0,512.0,1.0,1.0,1.0,1.0,35.0,32.0,-0.0030632107251067353,-0.0017650185808415486,8192.0,16384.0,6400000.0
1.0,512.0,1.0,1.0,1.0,1.0,35.0,32.0,-0.0030632107251067353,-0.0017650185808415486,32768.0,0.0078125,6400000.0
1.0,512.0,1.0,1.0,1.0,1.0,35.0,32.0,-0.0030632107251067353,-0.0017650185808415486,16384.0,0.0078125,6400000.0
1.0,512.0,1.0,1.0,1.0,1.0,35.0,32.0,-0.0030632107251067353,-0.0017650185808415486,8192.0,4096.0,6400000.0
1.0,512.0,1.0,1.0,1.0,1.0,35.0,32.0,-0.0030632107251067353,-0.0017650185808415486,32768.0,0.00195312,6400000.0
1.0,2.0,1.0,1.0,1.0,1.0,35.0,32.0,-0.0030632107251067353,-0.0017650185808415486,1024.0,0.0625,6400000.0
1.0,512.0,1.0,1.0,1.0,1.0,35.0,32.0,-0.0030632107251067353,-0.0017650185808415486,32768.0,0.0,6400000.0
1.0,512.0,1.0,1.0,1.0,1.0,35.0,32.0,-0.0030632107251067353,-0.0017650185808415486,16384.0,0.0,6400000.0
1.0,512.0,1.0,1.0,1.0,1.0,35.0,32.0,-0.0030632107251067353,-0.0017650185808415486,16384.0,0.00195312,6400000.0
1.0,2.0,1.0,1.0,1.0,1.0,35.0,32.0,-0.0030632107251067353,-0.0017650185808415486,32.0,256.0,6400000.0
2.0,2.0,1.0,2.0,6.0,4.0,207.0,384.0,0.07262288558772911,0.07510528703488584,64.0,1.0,6400000.0
1.0,512.0,1.0,1.0,1.0,1.0,35.0,32.0,-0.0030632107251067353,-0.0017650185808415486,32768.0,0.125,6400000.0
2.0,2.0,1.0,2.0,6.0,4.0,207.0,384.0,0.07262288558772911,0.07510528703488584,32.0,0.0,6400000.0
1.0,512.0,1.0,1.0,1.0,1.0,35.0,32.0,-0.0030632107251067353,-0.0017650185808415486,32768.0,0.03125,6400000.0
1.0,512.0,1.0,1.0,1.0,1.0,35.0,32.0,-0.0030632107251067353,-0.0017650185808415486,32768.0,0.5,6400000.0
1.0,512.0,1.0,1.0,1.0,1.0,35.0,32.0,-0.0030632107251067353,-0.0017650185808415486,32768.0,8.0,6400000.0
1.0,512.0,1.0,1.0,1.0,1.0,35.0,32.0,-0.0030632107251067353,-0.0017650185808415486,32768.0,2.0,6400000.0
1.0,512.0,1.0,1.0,1.0,1.0,35.0,32.0,-0.0030632107251067353,-0.0017650185808415486,16384.0,0.03125,6400000.0
1.0,2.0,1.0,1.0,1.0,1.0,35.0,32.0,-0.0030632107251067353,-0.0017650185808415486,128.0,0.00390625,6400000.0
1.0,1.0,1.0,1.0,1.0,1.0,35.0,32.0,-0.0030632107251067353,-0.0017650185808415486,2.0,1024.0,6400000.0
1.0,512.0,1.0,1.0,1.0,1.0,35.0,32.0,-0.0030632107251067353,-0.0017650185808415486,32768.0,128.0,6400000.0
1.0,512.0,1.0,1.0,1.0,1.0,35.0,32.0,-0.0030632107251067353,-0.0017650185808415486,16384.0,0.125,6400000.0
1.0,512.0,1.0,1.0,1.0,1.0,35.0,32.0,-0.0030632107251067353,-0.0017650185808415486,32768.0,512.0,6400000.0
1.0,2.0,1.0,1.0,1.0,1.0,35.0,32.0,-0.0030632107251067353,-0.0017650185808415486,128.0,2048.0,6400000.0
1.0,512.0,1.0,1.0,1.0,1.0,35.0,32.0,-0.0030632107251067353,-0.0017650185808415486,32768.0,32.0,6400000.0
1.0,2.0,1.0,1.0,1.0,1.0,35.0,32.0,-0.0030632107251067353,-0.0017650185808415486,16.0,128.0,6400000.0
1.0,512.0,1.0,1.0,1.0,1.0,35.0,32.0,-0.0030632107251067353,-0.0017650185808415486,32768.0,8192.0,6400000.0
1.0,512.0,1.0,1.0,1.0,1.0,35.0,32.0,-0.0030632107251067353,-0.0017650185808415486,32768.0,2048.0,6400000.0
1.0,2.0,1.0,1.0,1.0,1.0,35.0,32.0,-0.0030632107251067353,-0.0017650185808415486,512.0,0.03125,6400000.0
1.0,512.0,1.0,1.0,1.0,1.0,35.0,32.0,-0.0030632107251067353,-0.0017650185808415486,32768.0,32768.0,6400000.0
1.0,2.0,1.0,1.0,1.0,1.0,35.0,32.0,-0.0030632107251067353,-0.0017650185808415486,256.0,8.0,6400000.0
2.0,2.0,1.0,2.0,6.0,4.0,207.0,384.0,0.07262288558772911,0.07510528703488584,32.0,0.5,6400000.0
1.0,1.0,1.0,1.0,1.0,1.0,35.0,32.0,-0.0030632107251067353,-0.0017650185808415486,2.0,32768.0,6400000.0
1.0,2.0,1.0,1.0,1.0,1.0,35.0,32.0,-0.0030632107251067353,-0.0017650185808415486,1024.0,64.0,6400000.0
1.0,512.0,1.0,1.0,1.0,1.0,35.0,32.0,-0.0030632107251067353,-0.0017650185808415486,16384.0,2.0,6400000.0
1.0,512.0,1.0,1.0,1.0,1.0,35.0,32.0,-0.0030632107251067353,-0.0017650185808415486,16384.0,8.0,6400000.0
1.0,512.0,1.0,1.0,1.0,1.0,35.0,32.0,-0.0030632107251067353,-0.0017650185808415486,16384.0,32.0,6400000.0
1.0,2.0,1.0,1.0,1.0,1.0,35.0,32.0,-0.0030632107251067353,-0.0017650185808415486,512.0,16384.0,6400000.0
1.0,512.0,1.0,1.0,1.0,1.0,35.0,32.0,-0.0030632107251067353,-0.0017650185808415486,16384.0,0.5,6400000.0
512.0,512.0,2.0,9.0,2496.0,2008.0,81132.0,255744.0,0.5696899739611339,0.5832178899813406,0.0,0.000976562,6400000.0
512.0,512.0,2.0,9.0,2482.0,2008.0,81215.0,255744.0,0.5784775869492613,0.5864891632632767,0.0,0.00390625,6400000.0
1.0,2.0,1.0,1.0,1.0,1.0,35.0,32.0,-0.0030632107251067353,-0.0017650185808415486,128.0,4.0,6400000.0
1.0,2.0,1.0,1.0,1.0,1.0,35.0,32.0,-0.0030632107251067353,-0.0017650185808415486,64.0,1024.0,6400000.0
1.0,512.0,1.0,1.0,1.0,1.0,35.0,32.0,-0.0030632107251067353,-0.0017650185808415486,16384.0,128.0,6400000.0
1.0,512.0,1.0,1.0,1.0,1.0,35.0,32.0,-0.0030632107251067353,-0.0017650185808415486,16384.0,512.0,6400000.0
457.0,512.0,2.0,9.0,2191.0,1786.0,71232.0,227264.0,0.5672217701748825,0.5774930807010575,0.0,0.015625,6400000.0
233.0,512.0,2.0,9.0,1131.0,903.0,35859.0,114656.0,0.5097753395868058,0.5242922065988689,0.0,0.0625,6400000.0
2.0,2.0,1.0,2.0,6.0,4.0,207.0,384.0,0.07262288558772911,0.07510528703488584,64.0,0.00195312,6400000.0
69.0,512.0,2.0,9.0,349.0,264.0,10744.0,33408.0,0.4440109904418591,0.4535133522491208,0.0,1.0,6400000.0
1.0,512.0,1.0,1.0,1.0,1.0,35.0,32.0,-0.0030632107251067353,-0.0017650185808415486,16384.0,2048.0,6400000.0
36.0,512.0,2.0,9.0,160.0,119.0,4865.0,14432.0,0.3910954809696322,0.4025399453147491,0.0,4.0,6400000.0
1.0,2.0,1.0,1.0,1.0,1.0,35.0,32.0,-0.0030632107251067353,-0.0017650185808415486,256.0,0.015625,6400000.0
113.0,512.0,2.0,9.0,581.0,447.0,18011.0,57056.0,0.4913752272939408,0.5015614713458052,0.0,0.25,6400000.0
1.0,2.0,1.0,1.0,1.0,1.0,35.0,32.0,-0.0030632107251067353,-0.0017650185808415486,256.0,8192.0,6400000.0
11.0,512.0,2.0,3.0,35.0,25.0,1015.0,2592.0,0.23714634169335125,0.2431198474760431,0.0,16.0,6400000.0
1.0,512.0,1.0,1.0,1.0,1.0,35.0,32.0,-0.0030632107251067353,-0.0017650185808415486,32768.0,0.015625,6400000.0
1.0,512.0,1.0,1.0,1.0,1.0,35.0,32.0,-0.0030632107251067353,-0.0017650185808415486,16384.0,32768.0,6400000.0
1.0,512.0,1.0,1.0,1.0,1.0,35.0,32.0,-0.0030632107251067353,-0.0017650185808415486,16384.0,8192.0,6400000.0
1.0,512.0,1.0,1.0,1.0,1.0,35.0,32.0,-0.0030632107251067353,-0.0017650185808415486,32768.0,0.00390625,6400000.0
1.0,2.0,1.0,1.0,1.0,1.0,35.0,32.0,-0.0030632107251067353,-0.0017650185808415486,512.0,32.0,6400000.0
3.0,512.0,2.0,2.0,9.0,6.0,287.0,576.0,0.10115259004895938,0.10346957106453547,0.0,64.0,6400000.0
1.0,2.0,1.0,1.0,1.0,1.0,35.0,32.0,-0.0030632107251067353,-0.0017650185808415486,1024.0,0.125,6400000.0
1.0,512.0,1.0,1.0,1.0,1.0,35.0,32.0,-0.0030632107251067353,-0.0017650185808415486,32768.0,0.000976562,6400000.0
1.0,2.0,1.0,1.0,1.0,1.0,35.0,32.0,-0.0030632107251067353,-0.0017650185808415486,2048.0,0.0,6400000.0
1.0,512.0,1.0,1.0,1.0,1.0,35.0,32.0,-0.0030632107251067353,-0.0017650185808415486,32768.0,0.25,6400000.0
1.0,512.0,2.0,1.0,1.0,1.0,39.0,32.0,-0.0030632107251067353,-0.0017650185808415486,0.0,256.0,6400000.0
2.0,2.0,1.0,2.0,6.0,4.0,207.0,384.0,0.07262288558772911,0.07510528703488584,32.0,0.000976562,6400000.0
2.0,2.0,1.0,2.0,6.0,4.0,207.0,384.0,0.07262288558772911,0.07510528703488584,64.0,2.0,6400000.0
1.0,2.0,1.0,1.0,1.0,1.0,35.0,32.0,-0.0030632107251067353,-0.0017650185808415486,32.0,512.0,6400000.0
1.0,512.0,1.0,1.0,1.0,1.0,35.0,32.0,-0.0030632107251067353,-0.0017650185808415486,32768.0,1.0,6400000.0
1.0,512.0,2.0,1.0,1.0,1.0,39.0,32.0,-0.0030632107251067353,-0.0017650185808415486,0.0,1024.0,6400000.0
1.0,512.0,1.0,1.0,1.0,1.0,35.0,32.0,-0.0030632107251067353,-0.0017650185808415486,32768.0,0.0625,6400000.0
1.0,512.0,2.0,1.0,1.0,1.0,39.0,32.0,-0.0030632107251067353,-0.0017650185808415486,0.0,16384.0,6400000.0
1.0,512.0,1.0,1.0,1.0,1.0,35.0,32.0,-0.0030632107251067353,-0.0017650185808415486,32768.0,16.0,6400000.0
1.0,512.0,2.0,1.0,1.0,1.0,39.0,32.0,-0.0030632107251067353,-0.0017650185808415486,0.0,4096.0,6400000.0
1.0,512.0,1.0,1.0,1.0,1.0,35.0,32.0,-0.0030632107251067353,-0.0017650185808415486,32768.0,4.0,6400000.0
512.0,512.0,2.0,9.0,2494.0,2009.0,81220.0,255904.0,0.5691818315683709,0.5829750096313234,0.000976562,0.0,6400000.0
1.0,512.0,1.0,1.0,1.0,1.0,35.0,32.0,-0.0030632107251067353,-0.0017650185808415486,32768.0,256.0,6400000.0
1.0,1.0,1.0,1.0,1.0,1.0,35.0,32.0,-0.0030632107251067353,-0.0017650185808415486,2.0,2048.0,6400000.0
1.0,512.0,1.0,1.0,1.0,1.0,35.0,32.0,-0.0030632107251067353,-0.0017650185808415486,32768.0,1024.0,6400000.0
1.0,2.0,1.0,1.0,1.0,1.0,35.0,32.0,-0.0030632107251067353,-0.0017650185808415486,128.0,0.0078125,6400000.0
1.0,2.0,1.0,1.0,1.0,1.0,35.0,32.0,-0.0030632107251067353,-0.0017650185808415486,128.0,4096.0,6400000.0
1.0,512.0,1.0,1.0,1.0,1.0,35.0,32.0,-0.0030632107251067353,-0.0017650185808415486,32768.0,64.0,6400000.0
512.0,512.0,2.0,9.0,2486.0,2006.0,80811.0,255424.0,0.5722569480940061,0.5842545079965282,0.000976562,0.00195312,6400000.0
1.0,512.0,1.0,1.0,1.0,1.0,35.0,32.0,-0.0030632107251067353,-0.0017650185808415486,32768.0,16384.0,6400000.0
1.0,2.0,1.0,1.0,1.0,1.0,35.0,32.0,-0.0030632107251067353,-0.0017650185808415486,512.0,0.0625,6400000.0
1.0,512.0,1.0,1.0,1.0,1.0,35.0,32.0,-0.0030632107251067353,-0.0017650185808415486,32768.0,4096.0,6400000.0
512.0,512.0,2.0,9.0,2471.0,2009.0,80811.0,255904.0,0.5712270688436502,0.5848272722984025,0.000976562,0.0078125,6400000.0
1.0,1.0,1.0,2.0,3.0,2.0,108.0,192.0,0.03911015413878083,0.040912063041146696,4.0,0.0,6400000.0
512.0,512.0,2.0,9.0,2494.0,2009.0,81220.0,255904.0,0.5691818315683709,0.5829750096313234,0.0,0.0,6400000.0
2.0,2.0,1.0,2.0,6.0,4.0,207.0,384.0,0.07262288558772911,0.07510528703488584,32.0,1.0,6400000.0
1.0,2.0,1.0,1.0,1.0,1.0,35.0,32.0,-0.0030632107251067353,-0.0017650185808415486,1024.0,128.0,6400000.0
1.0,2.0,1.0,1.0,1.0,1.0,35.0,32.0,-0.0030632107251067353,-0.0017650185808415486,256.0,16.0,6400000.0
1.0,2.0,1.0,1.0,1.0,1.0,35.0,32.0,-0.0030632107251067353,-0.0017650185808415486,512.0,32768.0,6400000.0
50.0,512.0,2.0,9.0,251.0,188.0,7690.0,23680.0,0.4286639454025012,0.43882039042213217,0.000976562,2.0,6400000.0
146.0,512.0,2.0,9.0,746.0,579.0,23373.0,73952.0,0.5055239846864175,0.5134041826471122,0.000976562,0.125,6400000.0
292.0,512.0,2.0,9.0,1419.0,1139.0,45466.0,144864.0,0.5259538266754467,0.5406790368428847,0.000976562,0.03125,6400000.0
81.0,512.0,2.0,9.0,422.0,321.0,13003.0,40992.0,0.46424358770316876,0.47568828095180316,0.000976562,0.5,6400000.0
512.0,512.0,2.0,9.0,2486.0,2006.0,80811.0,255424.0,0.5722569480940061,0.5842545079965282,0.0,0.00195312,6400000.0
512.0,512.0,2.0,9.0,2471.0,2009.0,80811.0,255904.0,0.5712270688436502,0.5848272722984025,0.0,0.0078125,6400000.0
1.0,2.0,1.0,1.0,1.0,1.0,35.0,32.0,-0.0030632107251067353,-0.0017650185808415486,128.0,8.0,6400000.0
1.0,2.0,1.0,1.0,1.0,1.0,35.0,32.0,-0.0030632107251067353,-0.0017650185808415486,64.0,2048.0,6400000.0
2.0,2.0,1.0,2.0,6.0,4.0,207.0,384.0,0.07262288558772911,0.07510528703488584,64.0,0.00390625,6400000.0
50.0,512.0,2.0,9.0,251.0,188.0,7690.0,23680.0,0.4286639454025012,0.43882039042213217,0.0,2.0,6400000.0
292.0,512.0,2.0,9.0,1419.0,1139.0,45466.0,144864.0,0.5259538266754467,0.5406790368428847,0.0,0.03125,6400000.0
146.0,512.0,2.0,9.0,746.0,579.0,23373.0,73952.0,0.5055239846864175,0.5134041826471122,0.0,0.125,6400000.0
1.0,2.0,1.0,1.0,1.0,1.0,35.0,32.0,-0.0030632107251067353,-0.0017650185808415486,2048.0,0.5,6400000.0
14.0,512.0,2.0,3.0,58.0,41.0,1695.0,4768.0,0.2755258013558761,0.2825067573238387,0.000976562,8.0,6400000.0
14.0,512.0,2.0,3.0,58.0,41.0,1695.0,4768.0,0.2755258013558761,0.2825067573238387,0.0,8.0,6400000.0
1.0,2.0,1.0,1.0,1.0,1.0,35.0,32.0,-0.0030632107251067353,-0.0017650185808415486,256.0,0.03125,6400000.0
8.0,512.0,2.0,2.0,22.0,16.0,664.0,1536.0,0.184803559555608,0.19082719424152972,0.000976562,32.0,6400000.0
81.0,512.0,2.0,9.0,422.0,321.0,13003.0,40992.0,0.46424358770316876,0.47568828095180316,0.0,0.5,6400000.0
1.0,2.0,1.0,1.0,1.0,1.0,35.0,32.0,-0.0030632107251067353,-0.0017650185808415486,512.0,64.0,6400000.0
8.0,512.0,2.0,2.0,22.0,16.0,664.0,1536.0,0.184803559555608,0.19082719424152972,0.0,32.0,6400000.0
1.0,2.0,1.0,1.0,1.0,1.0,35.0,32.0,-0.0030632107251067353,-0.0017650185808415486,256.0,16384.0,6400000.0
1.0,512.0,2.0,1.0,1.0,1.0,39.0,32.0,-0.0030632107251067353,-0.0017650185808415486,0.000976562,128.0,6400000.0
1.0,512.0,2.0,1.0,1.0,1.0,39.0,32.0,-0.0030632107251067353,-0.0017650185808415486,0.0,128.0,6400000.0
1.0,2.0,1.0,1.0,1.0,1.0,35.0,32.0,-0.0030632107251067353,-0.0017650185808415486,2048.0,0.000976562,6400000.0
1.0,512.0,2.0,1.0,1.0,1.0,39.0,32.0,-0.0030632107251067353,-0.0017650185808415486,0.000976562,2048.0,6400000.0
1.0,2.0,1.0,1.0,1.0,1.0,35.0,32.0,-0.0030632107251067353,-0.0017650185808415486,1024.0,0.25,6400000.0
1.0,512.0,2.0,1.0,1.0,1.0,39.0,32.0,-0.0030632107251067353,-0.0017650185808415486,0.000976562,512.0,6400000.0
1.0,512.0,2.0,1.0,1.0,1.0,39.0,32.0,-0.0030632107251067353,-0.0017650185808415486,0.0,512.0,6400000.0
1.0,512.0,2.0,1.0,1.0,1.0,39.0,32.0,-0.0030632107251067353,-0.0017650185808415486,0.000976562,8192.0,6400000.0
1.0,512.0,2.0,1.0,1.0,1.0,39.0,32.0,-0.0030632107251067353,-0.0017650185808415486,0.000976562,32768.0,6400000.0
1.0,2.0,1.0,1.0,1.0,1.0,35.0,32.0,-0.0030632107251067353,-0.0017650185808415486,32.0,1024.0,6400000.0
1.0,512.0,2.0,1.0,1.0,1.0,39.0,32.0,-0.0030632107251067353,-0.0017650185808415486,0.0,2048.0,6400000.0
512.0,512.0,2.0,9.0,2496.0,2008.0,81132.0,255744.0,0.5696899739611339,0.5832178899813406,0.00195312,0.000976562,6400000.0
2.0,2.0,1.0,2.0,6.0,4.0,207.0,384.0,0.07262288558772911,0.07510528703488584,64.0,4.0,6400000.0
1.0,512.0,2.0,1.0,1.0,1.0,39.0,32.0,-0.0030632107251067353,-0.0017650185808415486,0.0,8192.0,6400000.0
1.0,2.0,1.0,1.0,1.0,1.0,35.0,32.0,-0.0030632107251067353,-0.0017650185808415486,2048.0,512.0,6400000.0
233.0,512.0,2.0,9.0,1131.0,903.0,35859.0,114656.0,0.5097753395868058,0.5242922065988689,0.00195312,0.0625,6400000.0
1.0,512.0,2.0,1.0,1.0,1.0,39.0,32.0,-0.0030632107251067353,-0.0017650185808415486,0.0,32768.0,6400000.0
512.0,512.0,2.0,9.0,2482.0,2008.0,81215.0,255744.0,0.5784775869492613,0.5864891632632767,0.00195312,0.00390625,6400000.0
113.0,512.0,2.0,9.0,581.0,447.0,18011.0,57056.0,0.4913752272939408,0.5015614713458052,0.00195312,0.25,6400000.0
457.0,512.0,2.0,9.0,2191.0,1786.0,71232.0,227264.0,0.5672217701748825,0.5774930807010575,0.00195312,0.015625,6400000.0
512.0,512.0,2.0,9.0,2496.0,2008.0,81132.0,255744.0,0.5696899739611339,0.5832178899813406,0.000976562,0.000976562,6400000.0
1.0,1.0,1.0,1.0,1.0,1.0,35.0,32.0,-0.0030632107251067353,-0.0017650185808415486,2.0,4096.0,6400000.0
1.0,2.0,1.0,1.0,1.0,1.0,35.0,32.0,-0.0030632107251067353,-0.0017650185808415486,128.0,0.015625,6400000.0
1.0,2.0,1.0,1.0,1.0,1.0,35.0,32.0,-0.0030632107251067353,-0.0017650185808415486,128.0,8192.0,6400000.0
36.0,512.0,2.0,9.0,160.0,119.0,4865.0,14432.0,0.3910954809696322,0.4025399453147491,0.00195312,4.0,6400000.0
512.0,512.0,2.0,9.0,2482.0,2008.0,81215.0,255744.0,0.5784775869492613,0.5864891632632767,0.000976562,0.00390625,6400000.0
69.0,512.0,2.0,9.0,349.0,264.0,10744.0,33408.0,0.4440109904418591,0.4535133522491208,0.00195312,1.0,6400000.0
11.0,512.0,2.0,3.0,35.0,25.0,1015.0,2592.0,0.23714634169335125,0.2431198474760431,0.00195312,16.0,6400000.0
1.0,2.0,1.0,1.0,1.0,1.0,35.0,32.0,-0.0030632107251067353,-0.0017650185808415486,512.0,0.125,6400000.0
1.0,1.0,1.0,2.0,3.0,2.0,108.0,192.0,0.03911015413878083,0.040912063041146696,4.0,0.000976562,6400000.0
3.0,512.0,2.0,2.0,9.0,6.0,287.0,576.0,0.10115259004895938,0.10346957106453547,0.00195312,64.0,6400000.0
1.0,2.0,1.0,1.0,1.0,1.0,35.0,32.0,-0.0030632107251067353,-0.0017650185808415486,256.0,32.0,6400000.0
457.0,512.0,2.0,9.0,2191.0,1786.0,71232.0,227264.0,0.5672217701748825,0.5774930807010575,0.000976562,0.015625,6400000.0
1.0,512.0,2.0,1.0,1.0,1.0,39.0,32.0,-0.0030632107251067353,-0.0017650185808415486,0.00195312,256.0,6400000.0
1.0,2.0,1.0,1.0,1.0,1.0,35.0,32.0,-0.0030632107251067353,-0.0017650185808415486,1024.0,256.0,6400000.0
1.0,512.0,2.0,1.0,1.0,1.0,39.0,32.0,-0.0030632107251067353,-0.0017650185808415486,0.00195312,4096.0,6400000.0
69.0,512.0,2.0,9.0,349.0,264.0,10744.0,33408.0,0.4440109904418591,0.4535133522491208,0.000976562,1.0,6400000.0
36.0,512.0,2.0,9.0,160.0,119.0,4865.0,14432.0,0.3910954809696322,0.4025399453147491,0.000976562,4.0,6400000.0
1.0,2.0,1.0,1.0,1.0,1.0,35.0,32.0,-0.0030632107251067353,-0.0017650185808415486,1024.0,0.0,6400000.0
113.0,512.0,2.0,9.0,581.0,447.0,18011.0,57056.0,0.4913752272939408,0.5015614713458052,0.000976562,0.25,6400000.0
1.0,512.0,2.0,1.0,1.0,1.0,39.0,32.0,-0.0030632107251067353,-0.0017650185808415486,0.00195312,1024.0,6400000.0
233.0,512.0,2.0,9.0,1131.0,903.0,35859.0,114656.0,0.5097753395868058,0.5242922065988689,0.000976562,0.0625,6400000.0
1.0,512.0,2.0,1.0,1.0,1.0,39.0,32.0,-0.0030632107251067353,-0.0017650185808415486,0.00195312,16384.0,6400000.0
1.0,2.0,1.0,1.0,1.0,1.0,35.0,32.0,-0.0030632107251067353,-0.0017650185808415486,128.0,16.0,6400000.0
1.0,2.0,1.0,1.0,1.0,1.0,35.0,32.0,-0.0030632107251067353,-0.0017650185808415486,4096.0,0.00390625,6400000.0
2.0,2.0,1.0,2.0,6.0,4.0,207.0,384.0,0.07262288558772911,0.07510528703488584,64.0,0.0078125,6400000.0
1.0,2.0,1.0,1.0,1.0,1.0,35.0,32.0,-0.0030632107251067353,-0.0017650185808415486,64.0,4096.0,6400000.0
1.0,2.0,1.0,1.0,1.0,1.0,35.0,32.0,-0.0030632107251067353,-0.0017650185808415486,2048.0,1.0,6400000.0
11.0,512.0,2.0,3.0,35.0,25.0,1015.0,2592.0,0.23714634169335125,0.2431198474760431,0.000976562,16.0,6400000.0
1.0,2.0,1.0,1.0,1.0,1.0,35.0,32.0,-0.0030632107251067353,-0.0017650185808415486,256.0,0.0625,6400000.0
1.0,2.0,1.0,1.0,1.0,1.0,35.0,32.0,-0.0030632107251067353,-0.0017650185808415486,512.0,128.0,6400000.0
512.0,512.0,2.0,9.0,2471.0,2009.0,80811.0,255904.0,0.5712270688436502,0.5848272722984025,0.00390625,0.0078125,6400000.0
3.0,512.0,2.0,2.0,9.0,6.0,287.0,576.0,0.10115259004895938,0.10346957106453547,0.000976562,64.0,6400000.0
1.0,512.0,2.0,1.0,1.0,1.0,39.0,32.0,-0.0030632107251067353,-0.0017650185808415486,0.000976562,256.0,6400000.0
512.0,512.0,2.0,9.0,2486.0,2006.0,80811.0,255424.0,0.5722569480940061,0.5842545079965282,0.00390625,0.00195312,6400000.0
292.0,512.0,2.0,9.0,1419.0,1139.0,45466.0,144864.0,0.5259538266754467,0.5406790368428847,0.00390625,0.03125,6400000.0
81.0,512.0,2.0,9.0,422.0,321.0,13003.0,40992.0,0.46424358770316876,0.47568828095180316,0.00390625,0.5,6400000.0
1.0,2.0,1.0,1.0,1.0,1.0,35.0,32.0,-0.0030632107251067353,-0.0017650185808415486,1024.0,0.5,6400000.0
512.0,512.0,2.0,9.0,2494.0,2009.0,81220.0,255904.0,0.5691818315683709,0.5829750096313234,0.00390625,0.0,6400000.0
1.0,2.0,1.0,1.0,1.0,1.0,35.0,32.0,-0.0030632107251067353,-0.0017650185808415486,256.0,32768.0,6400000.0
1.0,2.0,1.0,1.0,1.0,1.0,35.0,32.0,-0.0030632107251067353,-0.0017650185808415486,2048.0,0.00195312,6400000.0
1.0,512.0,2.0,1.0,1.0,1.0,39.0,32.0,-0.0030632107251067353,-0.0017650185808415486,0.000976562,4096.0,6400000.0
146.0,512.0,2.0,9.0,746.0,579.0,23373.0,73952.0,0.5055239846864175,0.5134041826471122,0.00390625,0.125,6400000.0
512.0,512.0,2.0,9.0,2494.0,2009.0,81220.0,255904.0,0.5691818315683709,0.5829750096313234,0.00195312,0.0,6400000.0
50.0,512.0,2.0,9.0,251.0,188.0,7690.0,23680.0,0.4286639454025012,0.43882039042213217,0.00390625,2.0,6400000.0
1.0,512.0,2.0,1.0,1.0,1.0,39.0,32.0,-0.0030632107251067353,-0.0017650185808415486,0.000976562,16384.0,6400000.0
1.0,512.0,2.0,1.0,1.0,1.0,39.0,32.0,-0.0030632107251067353,-0.0017650185808415486,0.000976562,1024.0,6400000.0
512.0,512.0,2.0,9.0,2486.0,2006.0,80811.0,255424.0,0.5722569480940061,0.5842545079965282,0.00195312,0.00195312,6400000.0
2.0,2.0,1.0,2.0,6.0,4.0,207.0,384.0,0.07262288558772911,0.07510528703488584,64.0,8.0,6400000.0
14.0,512.0,2.0,3.0,58.0,41.0,1695.0,4768.0,0.2755258013558761,0.2825067573238387,0.00390625,8.0,6400000.0
1.0,512.0,2.0,1.0,1.0,1.0,39.0,32.0,-0.0030632107251067353,-0.0017650185808415486,0.00390625,128.0,6400000.0
8.0,512.0,2.0,2.0,22.0,16.0,664.0,1536.0,0.184803559555608,0.19082719424152972,0.00390625,32.0,6400000.0
1.0,2.0,1.0,1.0,1.0,1.0,35.0,32.0,-0.0030632107251067353,-0.0017650185808415486,4096.0,4.0,6400000.0
146.0,512.0,2.0,9.0,746.0,579.0,23373.0,73952.0,0.5055239846864175,0.5134041826471122,0.00195312,0.125,6400000.0
512.0,512.0,2.0,9.0,2471.0,2009.0,80811.0,255904.0,0.5712270688436502,0.5848272722984025,0.00195312,0.0078125,6400000.0
81.0,512.0,2.0,9.0,422.0,321.0,13003.0,40992.0,0.46424358770316876,0.47568828095180316,0.00195312,0.5,6400000.0
1.0,512.0,2.0,1.0,1.0,1.0,39.0,32.0,-0.0030632107251067353,-0.0017650185808415486,0.00390625,512.0,6400000.0
1.0,2.0,1.0,1.0,1.0,1.0,35.0,32.0,-0.0030632107251067353,-0.0017650185808415486,2048.0,1024.0,6400000.0
292.0,512.0,2.0,9.0,1419.0,1139.0,45466.0,144864.0,0.5259538266754467,0.5406790368428847,0.00195312,0.03125,6400000.0
1.0,1.0,1.0,1.0,1.0,1.0,35.0,32.0,-0.0030632107251067353,-0.0017650185808415486,2.0,8192.0,6400000.0
1.0,2.0,1.0,1.0,1.0,1.0,35.0,32.0,-0.0030632107251067353,-0.0017650185808415486,128.0,16384.0,6400000.0
1.0,2.0,1.0,1.0,1.0,1.0,35.0,32.0,-0.0030632107251067353,-0.0017650185808415486,128.0,0.03125,6400000.0
50.0,512.0,2.0,9.0,251.0,188.0,7690.0,23680.0,0.4286639454025012,0.43882039042213217,0.00195312,2.0,6400000.0
1.0,512.0,2.0,1.0,1.0,1.0,39.0,32.0,-0.0030632107251067353,-0.0017650185808415486,0.00390625,2048.0,6400000.0
8.0,512.0,2.0,2.0,22.0,16.0,664.0,1536.0,0.184803559555608,0.19082719424152972,0.00195312,32.0,6400000.0
14.0,512.0,2.0,3.0,58.0,41.0,1695.0,4768.0,0.2755258013558761,0.2825067573238387,0.00195312,8.0,6400000.0
1.0,512.0,2.0,1.0,1.0,1.0,39.0,32.0,-0.0030632107251067353,-0.0017650185808415486,0.00390625,8192.0,6400000.0
1.0,2.0,1.0,1.0,1.0,1.0,35.0,32.0,-0.0030632107251067353,-0.0017650185808415486,512.0,0.25,6400000.0
1.0,512.0,2.0,1.0,1.0,1.0,39.0,32.0,-0.0030632107251067353,-0.0017650185808415486,0.00195312,512.0,6400000.0
1.0,2.0,1.0,1.0,1.0,1.0,35.0,32.0,-0.0030632107251067353,-0.0017650185808415486,256.0,64.0,6400000.0
1.0,1.0,1.0,2.0,3.0,2.0,108.0,192.0,0.03911015413878083,0.040912063041146696,4.0,0.00195312,6400000.0
1.0,2.0,1.0,1.0,1.0,1.0,35.0,32.0,-0.0030632107251067353,-0.0017650185808415486,1024.0,512.0,6400000.0
1.0,512.0,2.0,1.0,1.0,1.0,39.0,32.0,-0.0030632107251067353,-0.0017650185808415486,0.00195312,128.0,6400000.0
1.0,2.0,1.0,1.0,1.0,1.0,35.0,32.0,-0.0030632107251067353,-0.0017650185808415486,1024.0,0.000976562,6400000.0
1.0,512.0,2.0,1.0,1.0,1.0,39.0,32.0,-0.0030632107251067353,-0.0017650185808415486,0.00390625,32768.0,6400000.0
1.0,512.0,2.0,1.0,1.0,1.0,39.0,32.0,-0.0030632107251067353,-0.0017650185808415486,0.00195312,2048.0,6400000.0
1.0,512.0,2.0,1.0,1.0,1.0,39.0,32.0,-0.0030632107251067353,-0.0017650185808415486,0.00195312,8192.0,6400000.0
512.0,512.0,2.0,9.0,2482.0,2008.0,81215.0,255744.0,0.5784775869492613,0.5864891632632767,0.0078125,0.00390625,6400000.0
457.0,512.0,2.0,9.0,2191.0,1786.0,71232.0,227264.0,0.5672217701748825,0.5774930807010575,0.0078125,0.015625,6400000.0
233.0,512.0,2.0,9.0,1131.0,903.0,35859.0,114656.0,0.5097753395868058,0.5242922065988689,0.0078125,0.0625,6400000.0
512.0,512.0,2.0,9.0,2496.0,2008.0,81132.0,255744.0,0.5696899739611339,0.5832178899813406,0.0078125,0.000976562,6400000.0
1.0,512.0,2.0,1.0,1.0,1.0,39.0,32.0,-0.0030632107251067353,-0.0017650185808415486,0.00195312,32768.0,6400000.0
1.0,2.0,1.0,1.0,1.0,1.0,35.0,32.0,-0.0030632107251067353,-0.0017650185808415486,128.0,32.0,6400000.0
1.0,2.0,1.0,1.0,1.0,1.0,35.0,32.0,-0.0030632107251067353,-0.0017650185808415486,4096.0,0.0078125,6400000.0
1.0,2.0,1.0,1.0,1.0,1.0,35.0,32.0,-0.0030632107251067353,-0.0017650185808415486,64.0,8192.0,6400000.0
1.0,2.0,1.0,1.0,1.0,1.0,35.0,32.0,-0.0030632107251067353,-0.0017650185808415486,2048.0,2.0,6400000.0
113.0,512.0,2.0,9.0,581.0,447.0,18011.0,57056.0,0.4913752272939408,0.5015614713458052,0.0078125,0.25,6400000.0
1.0,2.0,1.0,1.0,1.0,1.0,35.0,32.0,-0.0030632107251067353,-0.0017650185808415486,256.0,0.125,6400000.0
1.0,2.0,1.0,1.0,1.0,1.0,35.0,32.0,-0.0030632107251067353,-0.0017650185808415486,512.0,256.0,6400000.0
69.0,512.0,2.0,9.0,349.0,264.0,10744.0,33408.0,0.4440109904418591,0.4535133522491208,0.0078125,1.0,6400000.0
457.0,512.0,2.0,9.0,2191.0,1786.0,71232.0,227264.0,0.5672217701748825,0.5774930807010575,0.00390625,0.015625,6400000.0
1.0,2.0,1.0,1.0,1.0,1.0,35.0,32.0,-0.0030632107251067353,-0.0017650185808415486,512.0,0.0,6400000.0
36.0,512.0,2.0,9.0,160.0,119.0,4865.0,14432.0,0.3910954809696322,0.4025399453147491,0.0078125,4.0,6400000.0
233.0,512.0,2.0,9.0,1131.0,903.0,35859.0,114656.0,0.5097753395868058,0.5242922065988689,0.00390625,0.0625,6400000.0
1.0,2.0,1.0,1.0,1.0,1.0,35.0,32.0,-0.0030632107251067353,-0.0017650185808415486,2048.0,0.00390625,6400000.0
512.0,512.0,2.0,9.0,2482.0,2008.0,81215.0,255744.0,0.5784775869492613,0.5864891632632767,0.00390625,0.00390625,6400000.0
69.0,512.0,2.0,9.0,349.0,264.0,10744.0,33408.0,0.4440109904418591,0.4535133522491208,0.00390625,1.0,6400000.0
512.0,512.0,2.0,9.0,2496.0,2008.0,81132.0,255744.0,0.5696899739611339,0.5832178899813406,0.00390625,0.000976562,6400000.0
36.0,512.0,2.0,9.0,160.0,119.0,4865.0,14432.0,0.3910954809696322,0.4025399453147491,0.00390625,4.0,6400000.0
1.0,2.0,1.0,1.0,1.0,1.0,35.0,32.0,-0.0030632107251067353,-0.0017650185808415486,1024.0,1.0,6400000.0
1.0,2.0,1.0,1.0,1.0,1.0,35.0,32.0,-0.0030632107251067353,-0.0017650185808415486,4096.0,4096.0,6400000.0
113.0,512.0,2.0,9.0,581.0,447.0,18011.0,57056.0,0.4913752272939408,0.5015614713458052,0.00390625,0.25,6400000.0
1.0,512.0,2.0,1.0,1.0,1.0,39.0,32.0,-0.0030632107251067353,-0.0017650185808415486,0.0078125,256.0,6400000.0
11.0,512.0,2.0,3.0,35.0,25.0,1015.0,2592.0,0.23714634169335125,0.2431198474760431,0.0078125,16.0,6400000.0
11.0,512.0,2.0,3.0,35.0,25.0,1015.0,2592.0,0.23714634169335125,0.2431198474760431,0.00390625,16.0,6400000.0
1.0,512.0,2.0,1.0,1.0,1.0,39.0,32.0,-0.0030632107251067353,-0.0017650185808415486,0.0078125,1024.0,6400000.0
1.0,512.0,2.0,1.0,1.0,1.0,39.0,32.0,-0.0030632107251067353,-0.0017650185808415486,0.0078125,4096.0,6400000.0
3.0,512.0,2.0,2.0,9.0,6.0,287.0,576.0,0.10115259004895938,0.10346957106453547,0.0078125,64.0,6400000.0
1.0,2.0,1.0,1.0,1.0,1.0,35.0,32.0,-0.0030632107251067353,-0.0017650185808415486,4096.0,8.0,6400000.0
1.0,512.0,2.0,1.0,1.0,1.0,39.0,32.0,-0.0030632107251067353,-0.0017650185808415486,0.0078125,16384.0,6400000.0
3.0,512.0,2.0,2.0,9.0,6.0,287.0,576.0,0.10115259004895938,0.10346957106453547,0.00390625,64.0,6400000.0
1.0,512.0,2.0,1.0,1.0,1.0,39.0,32.0,-0.0030632107251067353,-0.0017650185808415486,0.00390625,256.0,6400000.0
1.0,2.0,1.0,1.0,1.0,1.0,35.0,32.0,-0.0030632107251067353,-0.0017650185808415486,2048.0,2048.0,6400000.0
1.0,512.0,2.0,1.0,1.0,1.0,39.0,32.0,-0.0030632107251067353,-0.0017650185808415486,0.00390625,1024.0,6400000.0
1.0,1.0,1.0,1.0,1.0,1.0,35.0,32.0,-0.0030632107251067353,-0.0017650185808415486,2.0,16384.0,6400000.0
512.0,512.0,2.0,9.0,2494.0,2009.0,81220.0,255904.0,0.5691818315683709,0.5829750096313234,0.015625,0.0,6400000.0
1.0,2.0,1.0,1.0,1.0,1.0,35.0,32.0,-0.0030632107251067353,-0.0017650185808415486,128.0,0.0625,6400000.0
1.0,2.0,1.0,1.0,1.0,1.0,35.0,32.0,-0.0030632107251067353,-0.0017650185808415486,8192.0,0.03125,6400000.0
512.0,512.0,2.0,9.0,2486.0,2006.0,80811.0,255424.0,0.5722569480940061,0.5842545079965282,0.015625,0.00195312,6400000.0
512.0,512.0,2.0,9.0,2471.0,2009.0,80811.0,255904.0,0.5712270688436502,0.5848272722984025,0.015625,0.0078125,6400000.0
1.0,2.0,1.0,1.0,1.0,1.0,35.0,32.0,-0.0030632107251067353,-0.0017650185808415486,128.0,32768.0,6400000.0
1.0,512.0,2.0,1.0,1.0,1.0,39.0,32.0,-0.0030632107251067353,-0.0017650185808415486,0.00390625,4096.0,6400000.0
81.0,512.0,2.0,9.0,422.0,321.0,13003.0,40992.0,0.46424358770316876,0.47568828095180316,0.015625,0.5,6400000.0
1.0,2.0,1.0,1.0,1.0,1.0,35.0,32.0,-0.0030632107251067353,-0.0017650185808415486,512.0,0.5,6400000.0
292.0,512.0,2.0,9.0,1419.0,1139.0,45466.0,144864.0,0.5259538266754467,0.5406790368428847,0.015625,0.03125,6400000.0
1.0,512.0,2.0,1.0,1.0,1.0,39.0,32.0,-0.0030632107251067353,-0.0017650185808415486,0.00390625,16384.0,6400000.0
1.0,2.0,1.0,1.0,1.0,1.0,35.0,32.0,-0.0030632107251067353,-0.0017650185808415486,256.0,128.0,6400000.0
1.0,1.0,1.0,2.0,3.0,2.0,108.0,192.0,0.03911015413878083,0.040912063041146696,4.0,0.00390625,6400000.0
146.0,512.0,2.0,9.0,746.0,579.0,23373.0,73952.0,0.5055239846864175,0.5134041826471122,0.015625,0.125,6400000.0
1.0,2.0,1.0,1.0,1.0,1.0,35.0,32.0,-0.0030632107251067353,-0.0017650185808415486,1024.0,0.00195312,6400000.0
1.0,2.0,1.0,1.0,1.0,1.0,35.0,32.0,-0.0030632107251067353,-0.0017650185808415486,1024.0,1024.0,6400000.0
50.0,512.0,2.0,9.0,251.0,188.0,7690.0,23680.0,0.4286639454025012,0.43882039042213217,0.015625,2.0,6400000.0
14.0,512.0,2.0,3.0,58.0,41.0,1695.0,4768.0,0.2755258013558761,0.2825067573238387,0.015625,8.0,6400000.0
512.0,512.0,2.0,9.0,2494.0,2009.0,81220.0,255904.0,0.5691818315683709,0.5829750096313234,0.0078125,0.0,6400000.0
1.0,2.0,1.0,1.0,1.0,1.0,35.0,32.0,-0.0030632107251067353,-0.0017650185808415486,128.0,64.0,6400000.0
1.0,512.0,2.0,1.0,1.0,1.0,39.0,32.0,-0.0030632107251067353,-0.0017650185808415486,0.015625,128.0,6400000.0
8.0,512.0,2.0,2.0,22.0,16.0,664.0,1536.0,0.184803559555608,0.19082719424152972,0.015625,32.0,6400000.0
146.0,512.0,2.0,9.0,746.0,579.0,23373.0,73952.0,0.5055239846864175,0.5134041826471122,0.0078125,0.125,6400000.0
1.0,512.0,2.0,1.0,1.0,1.0,39.0,32.0,-0.0030632107251067353,-0.0017650185808415486,0.015625,512.0,6400000.0
292.0,512.0,2.0,9.0,1419.0,1139.0,45466.0,144864.0,0.5259538266754467,0.5406790368428847,0.0078125,0.03125,6400000.0
512.0,512.0,2.0,9.0,2471.0,2009.0,80811.0,255904.0,0.5712270688436502,0.5848272722984025,0.0078125,0.0078125,6400000.0
512.0,512.0,2.0,9.0,2486.0,2006.0,80811.0,255424.0,0.5722569480940061,0.5842545079965282,0.0078125,0.00195312,6400000.0
1.0,2.0,1.0,1.0,1.0,1.0,35.0,32.0,-0.0030632107251067353,-0.0017650185808415486,4096.0,0.015625,6400000.0
1.0,512.0,2.0,1.0,1.0,1.0,39.0,32.0,-0.0030632107251067353,-0.0017650185808415486,0.015625,2048.0,6400000.0
1.0,2.0,1.0,1.0,1.0,1.0,35.0,32.0,-0.0030632107251067353,-0.0017650185808415486,2048.0,4.0,6400000.0
81.0,512.0,2.0,9.0,422.0,321.0,13003.0,40992.0,0.46424358770316876,0.47568828095180316,0.0078125,0.5,6400000.0
1.0,2.0,1.0,1.0,1.0,1.0,35.0,32.0,-0.0030632107251067353,-0.0017650185808415486,256.0,0.25,6400000.0
1.0,2.0,1.0,1.0,1.0,1.0,35.0,32.0,-0.0030632107251067353,-0.0017650185808415486,512.0,512.0,6400000.0
1.0,2.0,1.0,1.0,1.0,1.0,35.0,32.0,-0.0030632107251067353,-0.0017650185808415486,512.0,0.000976562,6400000.0
14.0,512.0,2.0,3.0,58.0,41.0,1695.0,4768.0,0.2755258013558761,0.2825067573238387,0.0078125,8.0,6400000.0
1.0,2.0,1.0,1.0,1.0,1.0,35.0,32.0,-0.0030632107251067353,-0.0017650185808415486,8192.0,32.0,6400000.0
1.0,512.0,2.0,1.0,1.0,1.0,39.0,32.0,-0.0030632107251067353,-0.0017650185808415486,0.015625,8192.0,6400000.0
1.0,2.0,1.0,1.0,1.0,1.0,35.0,32.0,-0.0030632107251067353,-0.0017650185808415486,2048.0,0.0078125,6400000.0
50.0,512.0,2.0,9.0,251.0,188.0,7690.0,23680.0,0.4286639454025012,0.43882039042213217,0.0078125,2.0,6400000.0
1.0,2.0,1.0,1.0,1.0,1.0,35.0,32.0,-0.0030632107251067353,-0.0017650185808415486,1024.0,2.0,6400000.0
1.0,512.0,2.0,1.0,1.0,1.0,39.0,32.0,-0.0030632107251067353,-0.0017650185808415486,0.015625,32768.0,6400000.0
8.0,512.0,2.0,2.0,22.0,16.0,664.0,1536.0,0.184803559555608,0.19082719424152972,0.0078125,32.0,6400000.0
1.0,512.0,2.0,1.0,1.0,1.0,39.0,32.0,-0.0030632107251067353,-0.0017650185808415486,0.0078125,512.0,6400000.0
1.0,2.0,1.0,1.0,1.0,1.0,35.0,32.0,-0.0030632107251067353,-0.0017650185808415486,4096.0,8192.0,6400000.0
457.0,512.0,2.0,9.0,2191.0,1786.0,71232.0,227264.0,0.5672217701748825,0.5774930807010575,0.03125,0.015625,6400000.0
512.0,512.0,2.0,9.0,2482.0,2008.0,81215.0,255744.0,0.5784775869492613,0.5864891632632767,0.03125,0.00390625,6400000.0
1.0,512.0,2.0,1.0,1.0,1.0,39.0,32.0,-0.0030632107251067353,-0.0017650185808415486,0.0078125,128.0,6400000.0
512.0,512.0,2.0,9.0,2496.0,2008.0,81132.0,255744.0,0.5696899739611339,0.5832178899813406,0.03125,0.000976562,6400000.0
233.0,512.0,2.0,9.0,1131.0,903.0,35859.0,114656.0,0.5097753395868058,0.5242922065988689,0.03125,0.0625,6400000.0
1.0,2.0,1.0,1.0,1.0,1.0,35.0,32.0,-0.0030632107251067353,-0.0017650185808415486,4096.0,16.0,6400000.0
1.0,512.0,2.0,1.0,1.0,1.0,39.0,32.0,-0.0030632107251067353,-0.0017650185808415486,0.0078125,2048.0,6400000.0
1.0,512.0,2.0,1.0,1.0,1.0,39.0,32.0,-0.0030632107251067353,-0.0017650185808415486,0.0078125,8192.0,6400000.0
69.0,512.0,2.0,9.0,349.0,264.0,10744.0,33408.0,0.4440109904418591,0.4535133522491208,0.03125,1.0,6400000.0
1.0,512.0,2.0,1.0,1.0,1.0,39.0,32.0,-0.0030632107251067353,-0.0017650185808415486,0.0078125,32768.0,6400000.0
1.0,2.0,1.0,1.0,1.0,1.0,35.0,32.0,-0.0030632107251067353,-0.0017650185808415486,2048.0,4096.0,6400000.0
107.0,512.0,2.0,9.0,551.0,424.0,17274.0,54144.0,0.4844137870244588,0.4916210328106112,0.03125,0.25,6400000.0
1.0,2.0,1.0,1.0,1.0,1.0,35.0,32.0,-0.0030632107251067353,-0.0017650185808415486,8192.0,0.0625,6400000.0
36.0,512.0,2.0,9.0,160.0,119.0,4865.0,14432.0,0.3910954809696322,0.4025399453147491,0.03125,4.0,6400000.0
11.0,512.0,2.0,3.0,35.0,25.0,1015.0,2592.0,0.23714634169335125,0.2431198474760431,0.03125,16.0,6400000.0
1.0,2.0,1.0,1.0,1.0,1.0,35.0,32.0,-0.0030632107251067353,-0.0017650185808415486,256.0,0.0,6400000.0
457.0,512.0,2.0,9.0,2191.0,1786.0,71232.0,227264.0,0.5672217701748825,0.5774930807010575,0.015625,0.015625,6400000.0
3.0,512.0,2.0,2.0,9.0,6.0,287.0,576.0,0.10115259004895938,0.10346957106453547,0.03125,64.0,6400000.0
1.0,2.0,1.0,1.0,1.0,1.0,35.0,32.0,-0.0030632107251067353,-0.0017650185808415486,8192.0,32768.0,6400000.0
512.0,512.0,2.0,9.0,2496.0,2008.0,81132.0,255744.0,0.5696899739611339,0.5832178899813406,0.015625,0.000976562,6400000.0
1.0,512.0,2.0,1.0,1.0,1.0,39.0,32.0,-0.0030632107251067353,-0.0017650185808415486,0.03125,256.0,6400000.0
512.0,512.0,2.0,9.0,2482.0,2008.0,81215.0,255744.0,0.5784775869492613,0.5864891632632767,0.015625,0.00390625,6400000.0
69.0,512.0,2.0,9.0,349.0,264.0,10744.0,33408.0,0.4440109904418591,0.4535133522491208,0.015625,1.0,6400000.0
1.0,2.0,1.0,1.0,1.0,1.0,35.0,32.0,-0.0030632107251067353,-0.0017650185808415486,1024.0,0.00390625,6400000.0
1.0,1.0,1.0,2.0,3.0,2.0,108.0,192.0,0.03911015413878083,0.040912063041146696,4.0,0.0078125,6400000.0
1.0,2.0,1.0,1.0,1.0,1.0,35.0,32.0,-0.0030632107251067353,-0.0017650185808415486,512.0,1.0,6400000.0
113.0,512.0,2.0,9.0,581.0,447.0,18011.0,57056.0,0.4913752272939408,0.5015614713458052,0.015625,0.25,6400000.0
1.0,2.0,1.0,1.0,1.0,1.0,35.0,32.0,-0.0030632107251067353,-0.0017650185808415486,256.0,256.0,6400000.0
1.0,2.0,1.0,1.0,1.0,1.0,35.0,32.0,-0.0030632107251067353,-0.0017650185808415486,1024.0,2048.0,6400000.0
233.0,512.0,2.0,9.0,1131.0,903.0,35859.0,114656.0,0.5097753395868058,0.5242922065988689,0.015625,0.0625,6400000.0
1.0,512.0,2.0,1.0,1.0,1.0,39.0,32.0,-0.0030632107251067353,-0.0017650185808415486,0.03125,1024.0,6400000.0
36.0,512.0,2.0,9.0,160.0,119.0,4865.0,14432.0,0.3910954809696322,0.4025399453147491,0.015625,4.0,6400000.0
11.0,512.0,2.0,3.0,35.0,25.0,1015.0,2592.0,0.23714634169335125,0.2431198474760431,0.015625,16.0,6400000.0
1.0,512.0,2.0,1.0,1.0,1.0,39.0,32.0,-0.0030632107251067353,-0.0017650185808415486,0.03125,4096.0,6400000.0
3.0,512.0,2.0,2.0,9.0,6.0,287.0,576.0,0.10115259004895938,0.10346957106453547,0.015625,64.0,6400000.0
1.0,512.0,2.0,1.0,1.0,1.0,39.0,32.0,-0.0030632107251067353,-0.0017650185808415486,0.015625,256.0,6400000.0
1.0,512.0,2.0,1.0,1.0,1.0,39.0,32.0,-0.0030632107251067353,-0.0017650185808415486,0.015625,1024.0,6400000.0
1.0,512.0,2.0,1.0,1.0,1.0,39.0,32.0,-0.0030632107251067353,-0.0017650185808415486,0.03125,16384.0,6400000.0
1.0,512.0,2.0,1.0,1.0,1.0,39.0,32.0,-0.0030632107251067353,-0.0017650185808415486,0.015625,4096.0,6400000.0
512.0,512.0,2.0,9.0,2471.0,2009.0,80811.0,255904.0,0.5712270688436502,0.5848272722984025,0.0625,0.0078125,6400000.0
512.0,512.0,2.0,9.0,2494.0,2009.0,81220.0,255904.0,0.5691818315683709,0.5829750096313234,0.0625,0.0,6400000.0
1.0,2.0,1.0,1.0,1.0,1.0,35.0,32.0,-0.0030632107251067353,-0.0017650185808415486,2048.0,8.0,6400000.0
1.0,2.0,1.0,1.0,1.0,1.0,35.0,32.0,-0.0030632107251067353,-0.0017650185808415486,4096.0,0.03125,6400000.0
512.0,512.0,2.0,9.0,2486.0,2006.0,80811.0,255424.0,0.5722569480940061,0.5842545079965282,0.0625,0.00195312,6400000.0
292.0,512.0,2.0,9.0,1419.0,1139.0,45466.0,144864.0,0.5259538266754467,0.5406790368428847,0.0625,0.03125,6400000.0
146.0,512.0,2.0,9.0,746.0,579.0,23373.0,73952.0,0.5055239846864175,0.5134041826471122,0.0625,0.125,6400000.0
1.0,2.0,1.0,1.0,1.0,1.0,35.0,32.0,-0.0030632107251067353,-0.0017650185808415486,512.0,1024.0,6400000.0
1.0,2.0,1.0,1.0,1.0,1.0,35.0,32.0,-0.0030632107251067353,-0.0017650185808415486,512.0,0.00195312,6400000.0
1.0,2.0,1.0,1.0,1.0,1.0,35.0,32.0,-0.0030632107251067353,-0.0017650185808415486,256.0,0.5,6400000.0
1.0,2.0,1.0,1.0,1.0,1.0,35.0,32.0,-0.0030632107251067353,-0.0017650185808415486,8192.0,64.0,6400000.0
1.0,512.0,2.0,1.0,1.0,1.0,39.0,32.0,-0.0030632107251067353,-0.0017650185808415486,0.015625,16384.0,6400000.0
81.0,512.0,2.0,9.0,422.0,321.0,13003.0,40992.0,0.46424358770316876,0.47568828095180316,0.0625,0.5,6400000.0
1.0,2.0,1.0,1.0,1.0,1.0,35.0,32.0,-0.0030632107251067353,-0.0017650185808415486,2048.0,0.015625,6400000.0
1.0,2.0,1.0,1.0,1.0,1.0,35.0,32.0,-0.0030632107251067353,-0.0017650185808415486,1024.0,4.0,6400000.0
512.0,512.0,2.0,9.0,2494.0,2009.0,81220.0,255904.0,0.5691818315683709,0.5829750096313234,0.03125,0.0,6400000.0
1.0,2.0,1.0,1.0,1.0,1.0,35.0,32.0,-0.0030632107251067353,-0.0017650185808415486,16384.0,0.25,6400000.0
1.0,2.0,1.0,1.0,1.0,1.0,35.0,32.0,-0.0030632107251067353,-0.0017650185808415486,4096.0,16384.0,6400000.0
1.0,1.0,1.0,2.0,3.0,2.0,108.0,192.0,0.03911015413878083,0.040912063041146696,4.0,0.25,6400000.0
292.0,512.0,2.0,9.0,1419.0,1139.0,45466.0,144864.0,0.5259538266754467,0.5406790368428847,0.03125,0.03125,6400000.0
1.0,2.0,1.0,1.0,1.0,1.0,35.0,32.0,-0.0030632107251067353,-0.0017650185808415486,2048.0,8192.0,6400000.0
1.0,2.0,1.0,1.0,1.0,1.0,35.0,32.0,-0.0030632107251067353,-0.0017650185808415486,4096.0,32.0,6400000.0
81.0,512.0,2.0,9.0,422.0,321.0,13003.0,40992.0,0.46424358770316876,0.47568828095180316,0.03125,0.5,6400000.0
146.0,512.0,2.0,9.0,746.0,579.0,23373.0,73952.0,0.5055239846864175,0.5134041826471122,0.03125,0.125,6400000.0
50.0,512.0,2.0,9.0,251.0,188.0,7690.0,23680.0,0.4286639454025012,0.43882039042213217,0.0625,2.0,6400000.0
50.0,512.0,2.0,9.0,251.0,188.0,7690.0,23680.0,0.4286639454025012,0.43882039042213217,0.03125,2.0,6400000.0
8.0,512.0,2.0,2.0,22.0,16.0,664.0,1536.0,0.184803559555608,0.19082719424152972,0.0625,32.0,6400000.0
14.0,512.0,2.0,3.0,58.0,41.0,1695.0,4768.0,0.2755258013558761,0.2825067573238387,0.0625,8.0,6400000.0
1.0,2.0,1.0,1.0,1.0,1.0,35.0,32.0,-0.0030632107251067353,-0.0017650185808415486,8192.0,0.125,6400000.0
512.0,512.0,2.0,9.0,2486.0,2006.0,80811.0,255424.0,0.5722569480940061,0.5842545079965282,0.03125,0.00195312,6400000.0
14.0,512.0,2.0,3.0,58.0,41.0,1695.0,4768.0,0.2755258013558761,0.2825067573238387,0.03125,8.0,6400000.0
512.0,512.0,2.0,9.0,2471.0,2009.0,80811.0,255904.0,0.5712270688436502,0.5848272722984025,0.03125,0.0078125,6400000.0
1.0,512.0,2.0,1.0,1.0,1.0,39.0,32.0,-0.0030632107251067353,-0.0017650185808415486,0.0625,128.0,6400000.0
1.0,512.0,2.0,1.0,1.0,1.0,39.0,32.0,-0.0030632107251067353,-0.0017650185808415486,0.0625,512.0,6400000.0
1.0,512.0,2.0,1.0,1.0,1.0,39.0,32.0,-0.0030632107251067353,-0.0017650185808415486,0.03125,128.0,6400000.0
1.0,512.0,2.0,1.0,1.0,1.0,39.0,32.0,-0.0030632107251067353,-0.0017650185808415486,0.03125,512.0,6400000.0
1.0,512.0,2.0,1.0,1.0,1.0,39.0,32.0,-0.0030632107251067353,-0.0017650185808415486,0.0625,2048.0,6400000.0
8.0,512.0,2.0,2.0,22.0,16.0,664.0,1536.0,0.184803559555608,0.19082719424152972,0.03125,32.0,6400000.0
1.0,2.0,1.0,1.0,1.0,1.0,35.0,32.0,-0.0030632107251067353,-0.0017650185808415486,16384.0,0.0,6400000.0
1.0,2.0,1.0,1.0,1.0,1.0,35.0,32.0,-0.0030632107251067353,-0.0017650185808415486,1024.0,0.0078125,6400000.0
1.0,512.0,2.0,1.0,1.0,1.0,39.0,32.0,-0.0030632107251067353,-0.0017650185808415486,0.0625,8192.0,6400000.0
1.0,512.0,2.0,1.0,1.0,1.0,39.0,32.0,-0.0030632107251067353,-0.0017650185808415486,0.0625,32768.0,6400000.0
512.0,512.0,2.0,9.0,2487.0,2007.0,81298.0,255584.0,0.5702664096179169,0.5825930189379367,0.125,0.000976562,6400000.0
1.0,2.0,1.0,1.0,1.0,1.0,35.0,32.0,-0.0030632107251067353,-0.0017650185808415486,512.0,2.0,6400000.0
1.0,1.0,1.0,2.0,3.0,2.0,108.0,192.0,0.03911015413878083,0.040912063041146696,4.0,0.015625,6400000.0
1.0,2.0,1.0,1.0,1.0,1.0,35.0,32.0,-0.0030632107251067353,-0.0017650185808415486,1024.0,4096.0,6400000.0
1.0,2.0,1.0,1.0,1.0,1.0,35.0,32.0,-0.0030632107251067353,-0.0017650185808415486,256.0,512.0,6400000.0
1.0,2.0,1.0,1.0,1.0,1.0,35.0,32.0,-0.0030632107251067353,-0.0017650185808415486,16384.0,256.0,6400000.0
1.0,512.0,2.0,1.0,1.0,1.0,39.0,32.0,-0.0030632107251067353,-0.0017650185808415486,0.03125,2048.0,6400000.0
512.0,512.0,2.0,9.0,2482.0,2008.0,81028.0,255744.0,0.5696223812660022,0.5802147226262784,0.125,0.00390625,6400000.0
467.0,512.0,2.0,9.0,2232.0,1824.0,72610.0,232064.0,0.5678407502666236,0.5780462130726902,0.125,0.015625,6400000.0
233.0,512.0,2.0,9.0,1131.0,903.0,35859.0,114656.0,0.5097753395868058,0.5242922065988689,0.125,0.0625,6400000.0
1.0,512.0,2.0,1.0,1.0,1.0,39.0,32.0,-0.0030632107251067353,-0.0017650185808415486,0.03125,32768.0,6400000.0
107.0,512.0,2.0,9.0,551.0,424.0,17274.0,54144.0,0.4844137870244588,0.4916210328106112,0.125,0.25,6400000.0
1.0,512.0,2.0,1.0,1.0,1.0,39.0,32.0,-0.0030632107251067353,-0.0017650185808415486,0.03125,8192.0,6400000.0
36.0,512.0,2.0,9.0,160.0,119.0,4865.0,14432.0,0.3910954809696322,0.4025399453147491,0.125,4.0,6400000.0
11.0,512.0,2.0,3.0,35.0,25.0,1015.0,2592.0,0.23714634169335125,0.2431198474760431,0.125,16.0,6400000.0
69.0,512.0,2.0,9.0,349.0,264.0,10744.0,33408.0,0.4440109904418591,0.4535133522491208,0.125,1.0,6400000.0
1.0,2.0,1.0,1.0,1.0,1.0,35.0,32.0,-0.0030632107251067353,-0.0017650185808415486,4096.0,0.0625,6400000.0
512.0,512.0,2.0,9.0,2496.0,2008.0,81132.0,255744.0,0.5696899739611339,0.5832178899813406,0.0625,0.000976562,6400000.0
3.0,512.0,2.0,2.0,9.0,6.0,287.0,576.0,0.10115259004895938,0.10346957106453547,0.125,64.0,6400000.0
1.0,2.0,1.0,1.0,1.0,1.0,35.0,32.0,-0.0030632107251067353,-0.0017650185808415486,2048.0,16.0,6400000.0
457.0,512.0,2.0,9.0,2191.0,1786.0,71232.0,227264.0,0.5672217701748825,0.5774930807010575,0.0625,0.015625,6400000.0
233.0,512.0,2.0,9.0,1131.0,903.0,35859.0,114656.0,0.5097753395868058,0.5242922065988689,0.0625,0.0625,6400000.0
1.0,2.0,1.0,1.0,1.0,1.0,35.0,32.0,-0.0030632107251067353,-0.0017650185808415486,512.0,2048.0,6400000.0
512.0,512.0,2.0,9.0,2482.0,2008.0,81215.0,255744.0,0.5784775869492613,0.5864891632632767,0.0625,0.00390625,6400000.0
1.0,2.0,1.0,1.0,1.0,1.0,35.0,32.0,-0.0030632107251067353,-0.0017650185808415486,512.0,0.00390625,6400000.0
107.0,512.0,2.0,9.0,551.0,424.0,17274.0,54144.0,0.4844137870244588,0.4916210328106112,0.0625,0.25,6400000.0
1.0,2.0,1.0,1.0,1.0,1.0,35.0,32.0,-0.0030632107251067353,-0.0017650185808415486,8192.0,128.0,6400000.0
69.0,512.0,2.0,9.0,349.0,264.0,10744.0,33408.0,0.4440109904418591,0.4535133522491208,0.0625,1.0,6400000.0
1.0,512.0,2.0,1.0,1.0,1.0,39.0,32.0,-0.0030632107251067353,-0.0017650185808415486,0.125,1024.0,6400000.0
1.0,512.0,2.0,1.0,1.0,1.0,39.0,32.0,-0.0030632107251067353,-0.0017650185808415486,0.125,256.0,6400000.0
1.0,2.0,1.0,1.0,1.0,1.0,35.0,32.0,-0.0030632107251067353,-0.0017650185808415486,2048.0,0.03125,6400000.0
1.0,2.0,1.0,1.0,1.0,1.0,35.0,32.0,-0.0030632107251067353,-0.0017650185808415486,1024.0,8.0,6400000.0
1.0,1.0,1.0,2.0,3.0,2.0,108.0,192.0,0.03911015413878083,0.040912063041146696,4.0,0.5,6400000.0
1.0,2.0,1.0,1.0,1.0,1.0,35.0,32.0,-0.0030632107251067353,-0.0017650185808415486,4096.0,32768.0,6400000.0
1.0,2.0,1.0,1.0,1.0,1.0,35.0,32.0,-0.0030632107251067353,-0.0017650185808415486,16384.0,0.5,6400000.0
1.0,2.0,1.0,1.0,1.0,1.0,35.0,32.0,-0.0030632107251067353,-0.0017650185808415486,2048.0,16384.0,6400000.0
1.0,512.0,2.0,1.0,1.0,1.0,39.0,32.0,-0.0030632107251067353,-0.0017650185808415486,0.125,4096.0,6400000.0
1.0,2.0,1.0,1.0,1.0,1.0,35.0,32.0,-0.0030632107251067353,-0.0017650185808415486,4096.0,64.0,6400000.0
1.0,2.0,1.0,1.0,1.0,1.0,35.0,32.0,-0.0030632107251067353,-0.0017650185808415486,8192.0,0.25,6400000.0
11.0,512.0,2.0,3.0,35.0,25.0,1015.0,2592.0,0.23714634169335125,0.2431198474760431,0.0625,16.0,6400000.0
1.0,2.0,1.0,1.0,1.0,1.0,35.0,32.0,-0.0030632107251067353,-0.0017650185808415486,32768.0,0.00195312,6400000.0
3.0,512.0,2.0,2.0,9.0,6.0,287.0,576.0,0.10115259004895938,0.10346957106453547,0.0625,64.0,6400000.0
36.0,512.0,2.0,9.0,160.0,119.0,4865.0,14432.0,0.3910954809696322,0.4025399453147491,0.0625,4.0,6400000.0
1.0,512.0,2.0,1.0,1.0,1.0,39.0,32.0,-0.0030632107251067353,-0.0017650185808415486,0.0625,256.0,6400000.0
1.0,512.0,2.0,1.0,1.0,1.0,39.0,32.0,-0.0030632107251067353,-0.0017650185808415486,0.0625,1024.0,6400000.0
1.0,512.0,2.0,1.0,1.0,1.0,39.0,32.0,-0.0030632107251067353,-0.0017650185808415486,0.125,16384.0,6400000.0
512.0,512.0,2.0,9.0,2485.0,2000.0,80871.0,254464.0,0.5678003212522054,0.5799839490546306,0.25,0.00195312,6400000.0
512.0,512.0,2.0,9.0,2464.0,2008.0,80643.0,255744.0,0.5732684563937109,0.5829761715294889,0.25,0.0078125,6400000.0
512.0,512.0,2.0,9.0,2507.0,2010.0,81430.0,256064.0,0.5653666032465912,0.5809600653264321,0.25,0.0,6400000.0
296.0,512.0,2.0,9.0,1431.0,1153.0,45573.0,146592.0,0.5265978514330769,0.5424358296940901,0.25,0.03125,6400000.0
1.0,512.0,2.0,1.0,1.0,1.0,39.0,32.0,-0.0030632107251067353,-0.0017650185808415486,0.0625,4096.0,6400000.0
148.0,512.0,2.0,9.0,764.0,586.0,23739.0,74816.0,0.5085468596448008,0.5146001023688085,0.25,0.125,6400000.0
1.0,512.0,2.0,1.0,1.0,1.0,39.0,32.0,-0.0030632107251067353,-0.0017650185808415486,0.0625,16384.0,6400000.0
50.0,512.0,2.0,9.0,251.0,188.0,7690.0,23680.0,0.4286639454025012,0.43882039042213217,0.25,2.0,6400000.0
1.0,1.0,1.0,2.0,3.0,2.0,108.0,192.0,0.03911015413878083,0.040912063041146696,4.0,0.03125,6400000.0
80.0,512.0,2.0,9.0,419.0,318.0,12953.0,40640.0,0.46555229779486706,0.48118472791442035,0.25,0.5,6400000.0
1.0,2.0,1.0,1.0,1.0,1.0,35.0,32.0,-0.0030632107251067353,-0.0017650185808415486,16384.0,0.000976562,6400000.0
14.0,512.0,2.0,3.0,58.0,41.0,1695.0,4768.0,0.2755258013558761,0.2825067573238387,0.25,8.0,6400000.0
1.0,2.0,1.0,1.0,1.0,1.0,35.0,32.0,-0.0030632107251067353,-0.0017650185808415486,512.0,4.0,6400000.0
1.0,2.0,1.0,1.0,1.0,1.0,35.0,32.0,-0.0030632107251067353,-0.0017650185808415486,1024.0,0.015625,6400000.0
512.0,512.0,2.0,9.0,2487.0,2005.0,81158.0,255264.0,0.5694665874724918,0.58353771549132,0.125,0.0,6400000.0
512.0,512.0,2.0,9.0,2489.0,2005.0,81159.0,255264.0,0.5695724770205266,0.5852591885117038,0.125,0.00195312,6400000.0
1.0,2.0,1.0,1.0,1.0,1.0,35.0,32.0,-0.0030632107251067353,-0.0017650185808415486,1024.0,8192.0,6400000.0
1.0,2.0,1.0,1.0,1.0,1.0,35.0,32.0,-0.0030632107251067353,-0.0017650185808415486,16384.0,512.0,6400000.0
512.0,512.0,2.0,9.0,2464.0,2008.0,80643.0,255744.0,0.5732695552421043,0.5829762490560748,0.125,0.0078125,6400000.0
8.0,512.0,2.0,2.0,22.0,16.0,664.0,1536.0,0.184803559555608,0.19082719424152972,0.25,32.0,6400000.0
292.0,512.0,2.0,9.0,1419.0,1139.0,45466.0,144864.0,0.5259538266754467,0.5406790368428847,0.125,0.03125,6400000.0
1.0,2.0,1.0,1.0,1.0,1.0,35.0,32.0,-0.0030632107251067353,-0.0017650185808415486,32768.0,2.0,6400000.0
165.0,512.0,2.0,9.0,832.0,653.0,26105.0,83360.0,0.5003381080687047,0.5100760199230032,0.125,0.125,6400000.0
81.0,512.0,2.0,9.0,422.0,321.0,13063.0,40992.0,0.4745940033043805,0.47877274014906257,0.125,0.5,6400000.0
14.0,512.0,2.0,3.0,58.0,41.0,1695.0,4768.0,0.2755258013558761,0.2825067573238387,0.125,8.0,6400000.0
1.0,512.0,2.0,1.0,1.0,1.0,39.0,32.0,-0.0030632107251067353,-0.0017650185808415486,0.25,128.0,6400000.0
50.0,512.0,2.0,9.0,251.0,188.0,7690.0,23680.0,0.4286639454025012,0.43882039042213217,0.125,2.0,6400000.0
1.0,512.0,2.0,1.0,1.0,1.0,39.0,32.0,-0.0030632107251067353,-0.0017650185808415486,0.25,512.0,6400000.0
8.0,512.0,2.0,2.0,22.0,16.0,664.0,1536.0,0.184803559555608,0.19082719424152972,0.125,32.0,6400000.0
1.0,2.0,1.0,1.0,1.0,1.0,35.0,32.0,-0.0030632107251067353,-0.0017650185808415486,2048.0,32.0,6400000.0
1.0,512.0,2.0,1.0,1.0,1.0,39.0,32.0,-0.0030632107251067353,-0.0017650185808415486,0.25,2048.0,6400000.0
1.0,512.0,2.0,1.0,1.0,1.0,39.0,32.0,-0.0030632107251067353,-0.0017650185808415486,0.125,128.0,6400000.0
1.0,2.0,1.0,1.0,1.0,1.0,35.0,32.0,-0.0030632107251067353,-0.0017650185808415486,4096.0,0.125,6400000.0
1.0,2.0,1.0,1.0,1.0,1.0,35.0,32.0,-0.0030632107251067353,-0.0017650185808415486,512.0,4096.0,6400000.0
1.0,512.0,2.0,1.0,1.0,1.0,39.0,32.0,-0.0030632107251067353,-0.0017650185808415486,0.25,8192.0,6400000.0
1.0,512.0,2.0,1.0,1.0,1.0,39.0,32.0,-0.0030632107251067353,-0.0017650185808415486,0.25,32768.0,6400000.0
512.0,512.0,2.0,9.0,2497.0,2008.0,81392.0,255744.0,0.569446682735552,0.5839398227995117,0.5,0.000976562,6400000.0
1.0,2.0,1.0,1.0,1.0,1.0,35.0,32.0,-0.0030632107251067353,-0.0017650185808415486,8192.0,256.0,6400000.0
439.0,512.0,2.0,9.0,2107.0,1717.0,68361.0,218528.0,0.5670232939870424,0.5735177281188396,0.5,0.015625,6400000.0
512.0,512.0,2.0,9.0,2478.0,2012.0,80949.0,256384.0,0.5690512535230782,0.5822924926240729,0.5,0.00390625,6400000.0
1.0,512.0,2.0,1.0,1.0,1.0,39.0,32.0,-0.0030632107251067353,-0.0017650185808415486,0.125,2048.0,6400000.0
1.0,2.0,1.0,1.0,1.0,1.0,35.0,32.0,-0.0030632107251067353,-0.0017650185808415486,2048.0,0.0625,6400000.0
1.0,2.0,1.0,1.0,1.0,1.0,35.0,32.0,-0.0030632107251067353,-0.0017650185808415486,1024.0,16.0,6400000.0
1.0,512.0,2.0,1.0,1.0,1.0,39.0,32.0,-0.0030632107251067353,-0.0017650185808415486,0.125,512.0,6400000.0
199.0,512.0,2.0,9.0,989.0,780.0,31203.0,99328.0,0.5024151559726934,0.5152866925275033,0.5,0.0625,6400000.0
1.0,1.0,1.0,2.0,3.0,2.0,108.0,192.0,0.03911015413878083,0.040912063041146696,4.0,1.0,6400000.0
1.0,2.0,1.0,1.0,1.0,1.0,35.0,32.0,-0.0030632107251067353,-0.0017650185808415486,16384.0,1.0,6400000.0
1.0,2.0,1.0,1.0,1.0,1.0,35.0,32.0,-0.0030632107251067353,-0.0017650185808415486,8192.0,0.0,6400000.0
1.0,2.0,1.0,1.0,1.0,1.0,35.0,32.0,-0.0030632107251067353,-0.0017650185808415486,2048.0,32768.0,6400000.0
1.0,512.0,2.0,1.0,1.0,1.0,39.0,32.0,-0.0030632107251067353,-0.0017650185808415486,0.125,8192.0,6400000.0
1.0,2.0,1.0,1.0,1.0,1.0,35.0,32.0,-0.0030632107251067353,-0.0017650185808415486,8192.0,0.5,6400000.0
1.0,2.0,1.0,1.0,1.0,1.0,35.0,32.0,-0.0030632107251067353,-0.0017650185808415486,4096.0,128.0,6400000.0
1.0,2.0,1.0,1.0,1.0,1.0,35.0,32.0,-0.0030632107251067353,-0.0017650185808415486,32768.0,0.00390625,6400000.0
109.0,512.0,2.0,9.0,565.0,434.0,17548.0,55488.0,0.49695678715128233,0.5062857933531084,0.5,0.25,6400000.0
1.0,512.0,2.0,1.0,1.0,1.0,39.0,32.0,-0.0030632107251067353,-0.0017650185808415486,0.125,32768.0,6400000.0
11.0,512.0,2.0,3.0,35.0,25.0,1015.0,2592.0,0.23714634169335125,0.2431198474760431,0.5,16.0,6400000.0
62.0,512.0,2.0,9.0,322.0,238.0,9670.0,30144.0,0.44470060873170547,0.45896323054240307,0.5,1.0,6400000.0
1.0,2.0,1.0,1.0,1.0,1.0,35.0,32.0,-0.0030632107251067353,-0.0017650185808415486,32768.0,2048.0,6400000.0
1.0,2.0,1.0,1.0,1.0,1.0,35.0,32.0,-0.0030632107251067353,-0.0017650185808415486,16384.0,0.00195312,6400000.0
512.0,512.0,2.0,9.0,2482.0,2008.0,81028.0,255744.0,0.5696213368222968,0.5802147244493001,0.25,0.00390625,6400000.0
34.0,512.0,2.0,8.0,154.0,114.0,4701.0,13888.0,0.38259743933417434,0.3960951675074147,0.5,4.0,6400000.0
208.0,512.0,2.0,9.0,1036.0,818.0,32820.0,104256.0,0.5071164529070409,0.5167278959652323,0.25,0.0625,6400000.0
107.0,512.0,2.0,9.0,551.0,424.0,17274.0,54144.0,0.4844137870244588,0.4916210328106112,0.25,0.25,6400000.0
512.0,512.0,2.0,9.0,2496.0,2010.0,81344.0,256064.0,0.5715484810145152,0.585168316050675,0.25,0.000976562,6400000.0
1.0,2.0,1.0,1.0,1.0,1.0,35.0,32.0,-0.0030632107251067353,-0.0017650185808415486,1024.0,16384.0,6400000.0
1.0,1.0,1.0,2.0,3.0,2.0,108.0,192.0,0.03911015413878083,0.040912063041146696,4.0,0.0625,6400000.0
1.0,512.0,2.0,1.0,1.0,1.0,39.0,32.0,-0.0030632107251067353,-0.0017650185808415486,0.5,256.0,6400000.0
3.0,512.0,2.0,2.0,9.0,6.0,287.0,576.0,0.10115259004895938,0.10346957106453547,0.5,64.0,6400000.0
467.0,512.0,2.0,9.0,2232.0,1824.0,72610.0,232064.0,0.567840068969725,0.5780467567928147,0.25,0.015625,6400000.0
64.0,512.0,2.0,9.0,324.0,244.0,9921.0,30848.0,0.4524130157612848,0.4666228888369257,0.25,1.0,6400000.0
32.0,512.0,2.0,9.0,152.0,112.0,4607.0,13824.0,0.379917723460655,0.39532009181376393,0.25,4.0,6400000.0
11.0,512.0,2.0,3.0,35.0,25.0,1015.0,2592.0,0.23714634169335125,0.2431198474760431,0.25,16.0,6400000.0
1.0,2.0,1.0,1.0,1.0,1.0,35.0,32.0,-0.0030632107251067353,-0.0017650185808415486,1024.0,0.03125,6400000.0
1.0,512.0,2.0,1.0,1.0,1.0,39.0,32.0,-0.0030632107251067353,-0.0017650185808415486,0.5,1024.0,6400000.0
1.0,2.0,1.0,1.0,1.0,1.0,35.0,32.0,-0.0030632107251067353,-0.0017650185808415486,16384.0,1024.0,6400000.0
1.0,512.0,2.0,1.0,1.0,1.0,39.0,32.0,-0.0030632107251067353,-0.0017650185808415486,0.5,16384.0,6400000.0
1.0,512.0,2.0,1.0,1.0,1.0,39.0,32.0,-0.0030632107251067353,-0.0017650185808415486,0.5,4096.0,6400000.0
1.0,2.0,1.0,1.0,1.0,1.0,35.0,32.0,-0.0030632107251067353,-0.0017650185808415486,32768.0,4.0,6400000.0
3.0,512.0,2.0,2.0,9.0,6.0,287.0,576.0,0.10115259004895938,0.10346957106453547,0.25,64.0,6400000.0
512.0,512.0,2.0,9.0,2505.0,2012.0,81553.0,256384.0,0.5709027803882403,0.5845156643461302,1.0,0.0,6400000.0
512.0,512.0,2.0,9.0,2464.0,2005.0,80996.0,255264.0,0.5717490769532113,0.5836035168580135,1.0,0.0078125,6400000.0
2.0,2.0,2.0,3.0,14.0,8.0,429.0,1024.0,0.09513138924499842,0.09993826347427859,0.0,0.015625,6400000.0
1.0,512.0,2.0,1.0,1.0,1.0,39.0,32.0,-0.0030632107251067353,-0.0017650185808415486,0.25,1024.0,6400000.0
512.0,512.0,2.0,9.0,2491.0,2010.0,81399.0,256064.0,0.5688295504725522,0.5803854293756078,1.0,0.00195312,6400000.0
1.0,512.0,2.0,1.0,1.0,1.0,39.0,32.0,-0.0030632107251067353,-0.0017650185808415486,0.25,256.0,6400000.0
286.0,512.0,2.0,9.0,1390.0,1111.0,44485.0,141152.0,0.5286798578439458,0.541635262906702,1.0,0.03125,6400000.0
1.0,2.0,1.0,1.0,1.0,1.0,35.0,32.0,-0.0030632107251067353,-0.0017650185808415486,4096.0,0.25,6400000.0
1.0,512.0,2.0,1.0,1.0,1.0,39.0,32.0,-0.0030632107251067353,-0.0017650185808415486,0.25,4096.0,6400000.0
1.0,512.0,2.0,1.0,1.0,1.0,39.0,32.0,-0.0030632107251067353,-0.0017650185808415486,0.25,16384.0,6400000.0
1.0,2.0,1.0,1.0,1.0,1.0,35.0,32.0,-0.0030632107251067353,-0.0017650185808415486,2048.0,64.0,6400000.0
88.0,512.0,2.0,9.0,456.0,349.0,14080.0,44576.0,0.473504628372021,0.48638983203364494,1.0,0.5,6400000.0
45.0,512.0,2.0,9.0,228.0,172.0,6963.0,21760.0,0.40960771696239906,0.4233618974400831,1.0,2.0,6400000.0
148.0,512.0,2.0,9.0,758.0,585.0,23701.0,74656.0,0.5049068803889063,0.5118018980472635,1.0,0.125,6400000.0
14.0,512.0,2.0,3.0,58.0,41.0,1695.0,4768.0,0.2755258013558761,0.2825067573238387,1.0,8.0,6400000.0
512.0,512.0,2.0,9.0,2507.0,2009.0,81645.0,255904.0,0.5683490365321414,0.5834829826697162,0.5,0.0,6400000.0
1.0,2.0,1.0,1.0,1.0,1.0,35.0,32.0,-0.0030632107251067353,-0.0017650185808415486,8192.0,512.0,6400000.0
266.0,512.0,2.0,9.0,1299.0,1031.0,41246.0,130912.0,0.5139692439706626,0.5261565692719907,0.5,0.03125,6400000.0
512.0,512.0,2.0,9.0,2486.0,2012.0,81101.0,256384.0,0.5681730411560089,0.5797755324707625,0.5,0.00195312,6400000.0
512.0,512.0,2.0,9.0,2467.0,2005.0,80779.0,255264.0,0.5733735845815355,0.5820770328321947,0.5,0.0078125,6400000.0
1.0,2.0,1.0,1.0,1.0,1.0,35.0,32.0,-0.0030632107251067353,-0.0017650185808415486,2048.0,0.125,6400000.0
1.0,2.0,1.0,1.0,1.0,1.0,35.0,32.0,-0.0030632107251067353,-0.0017650185808415486,1024.0,32.0,6400000.0
8.0,512.0,2.0,2.0,22.0,16.0,664.0,1536.0,0.184803559555608,0.19082719424152972,1.0,32.0,6400000.0
1.0,1.0,1.0,2.0,3.0,2.0,108.0,192.0,0.03911015413878083,0.040912063041146696,4.0,2.0,6400000.0
142.0,512.0,2.0,9.0,733.0,565.0,22876.0,72224.0,0.49620335828221296,0.5066461171132394,0.5,0.125,6400000.0
1.0,2.0,1.0,1.0,1.0,1.0,35.0,32.0,-0.0030632107251067353,-0.0017650185808415486,8192.0,0.000976562,6400000.0
1.0,2.0,1.0,1.0,1.0,1.0,35.0,32.0,-0.0030632107251067353,-0.0017650185808415486,4096.0,0.0,6400000.0
1.0,2.0,1.0,1.0,1.0,1.0,35.0,32.0,-0.0030632107251067353,-0.0017650185808415486,16384.0,2.0,6400000.0
1.0,512.0,2.0,1.0,1.0,1.0,39.0,32.0,-0.0030632107251067353,-0.0017650185808415486,1.0,128.0,6400000.0
1.0,2.0,1.0,1.0,1.0,1.0,35.0,32.0,-0.0030632107251067353,-0.0017650185808415486,8192.0,1.0,6400000.0
1.0,512.0,2.0,1.0,1.0,1.0,39.0,32.0,-0.0030632107251067353,-0.0017650185808415486,1.0,512.0,6400000.0
1.0,2.0,1.0,1.0,1.0,1.0,35.0,32.0,-0.0030632107251067353,-0.0017650185808415486,32768.0,0.0078125,6400000.0
80.0,512.0,2.0,9.0,423.0,319.0,13003.0,40800.0,0.46704829909847734,0.47249047618796347,0.5,0.5,6400000.0
8.0,512.0,2.0,2.0,22.0,16.0,664.0,1536.0,0.184803559555608,0.19082719424152972,0.5,32.0,6400000.0
1.0,2.0,1.0,1.0,1.0,1.0,35.0,32.0,-0.0030632107251067353,-0.0017650185808415486,4096.0,256.0,6400000.0
46.0,512.0,2.0,9.0,227.0,172.0,6972.0,21632.0,0.4080351142330678,0.4212839842730328,0.5,2.0,6400000.0
1.0,512.0,2.0,1.0,1.0,1.0,39.0,32.0,-0.0030632107251067353,-0.0017650185808415486,1.0,2048.0,6400000.0
1.0,2.0,1.0,1.0,1.0,1.0,35.0,32.0,-0.0030632107251067353,-0.0017650185808415486,32768.0,4096.0,6400000.0
1.0,2.0,1.0,1.0,1.0,1.0,35.0,32.0,-0.0030632107251067353,-0.0017650185808415486,16384.0,0.00390625,6400000.0
1.0,2.0,1.0,1.0,1.0,1.0,35.0,32.0,-0.0030632107251067353,-0.0017650185808415486,1024.0,32768.0,6400000.0
1.0,512.0,2.0,1.0,1.0,1.0,39.0,32.0,-0.0030632107251067353,-0.0017650185808415486,0.5,128.0,6400000.0
1.0,512.0,2.0,1.0,1.0,1.0,39.0,32.0,-0.0030632107251067353,-0.0017650185808415486,0.5,512.0,6400000.0
2.0,2.0,2.0,3.0,10.0,6.0,295.0,704.0,0.09231549576014253,0.09427300599869859,0.0,16.0,6400000.0
14.0,512.0,2.0,3.0,58.0,41.0,1695.0,4768.0,0.2755258013558761,0.2825067573238387,0.5,8.0,6400000.0
1.0,512.0,2.0,1.0,1.0,1.0,39.0,32.0,-0.0030632107251067353,-0.0017650185808415486,1.0,8192.0,6400000.0
1.0,2.0,1.0,1.0,1.0,1.0,35.0,32.0,-0.0030632107251067353,-0.0017650185808415486,16384.0,2048.0,6400000.0
1.0,512.0,2.0,1.0,1.0,1.0,39.0,32.0,-0.0030632107251067353,-0.0017650185808415486,1.0,32768.0,6400000.0
1.0,1.0,1.0,2.0,3.0,2.0,108.0,192.0,0.03911015413878083,0.040912063041146696,4.0,0.125,6400000.0
1.0,2.0,1.0,1.0,1.0,1.0,35.0,32.0,-0.0030632107251067353,-0.0017650185808415486,32768.0,8.0,6400000.0
512.0,512.0,2.0,9.0,2499.0,2011.0,81443.0,256224.0,0.5669359149447876,0.5799737431876477,2.0,0.000976562,6400000.0
1.0,512.0,2.0,1.0,1.0,1.0,39.0,32.0,-0.0030632107251067353,-0.0017650185808415486,0.5,2048.0,6400000.0
1.0,512.0,2.0,1.0,1.0,1.0,39.0,32.0,-0.0030632107251067353,-0.0017650185808415486,0.5,32768.0,6400000.0
109.0,512.0,2.0,9.0,569.0,431.0,17566.0,55008.0,0.48733955413791863,0.4966092330702129,2.0,0.25,6400000.0
512.0,512.0,2.0,9.0,2488.0,2010.0,81386.0,256064.0,0.5706939294791458,0.5812908152122769,2.0,0.00390625,6400000.0
1.0,512.0,2.0,1.0,1.0,1.0,39.0,32.0,-0.0030632107251067353,-0.0017650185808415486,0.5,8192.0,6400000.0
466.0,512.0,2.0,9.0,2243.0,1826.0,73079.0,232512.0,0.5713718102163554,0.5826393618572105,2.0,0.015625,6400000.0
200.0,512.0,2.0,9.0,1008.0,789.0,31608.0,100640.0,0.5123098987719363,0.5233321696023697,2.0,0.0625,6400000.0
512.0,512.0,2.0,9.0,2488.0,2007.0,81253.0,255584.0,0.5695770743321765,0.5808409341003153,1.0,0.000976562,6400000.0
66.0,512.0,2.0,9.0,331.0,250.0,10110.0,31552.0,0.4549772523932427,0.46537093185980427,2.0,1.0,6400000.0
29.0,512.0,2.0,8.0,141.0,103.0,4271.0,12768.0,0.3683335198985188,0.38060345226667425,2.0,4.0,6400000.0
2.0,2.0,2.0,3.0,14.0,8.0,429.0,1024.0,0.09513138924499842,0.09993826347427859,0.0,0.03125,6400000.0
464.0,512.0,2.0,9.0,2231.0,1817.0,72811.0,231328.0,0.5663927452607382,0.5776542457376285,1.0,0.015625,6400000.0
1.0,2.0,1.0,1.0,1.0,1.0,35.0,32.0,-0.0030632107251067353,-0.0017650185808415486,4096.0,0.5,6400000.0
512.0,512.0,2.0,9.0,2493.0,2010.0,81187.0,256064.0,0.5693908764315687,0.5806114280008501,1.0,0.00390625,6400000.0
11.0,512.0,2.0,3.0,35.0,25.0,1015.0,2592.0,0.23714634169335125,0.2431198474760431,2.0,16.0,6400000.0
109.0,512.0,2.0,9.0,563.0,436.0,17642.0,55808.0,0.49572815514990753,0.5004547695107084,1.0,0.25,6400000.0
1.0,2.0,1.0,1.0,1.0,1.0,35.0,32.0,-0.0030632107251067353,-0.0017650185808415486,2048.0,128.0,6400000.0
182.0,512.0,2.0,9.0,928.0,719.0,29095.0,91744.0,0.500606121297263,0.5093061329458055,1.0,0.0625,6400000.0
67.0,512.0,2.0,9.0,347.0,260.0,10589.0,33024.0,0.4487942325911686,0.4628659749662527,1.0,1.0,6400000.0
3.0,512.0,2.0,2.0,9.0,6.0,287.0,576.0,0.10115259004895938,0.10346957106453547,2.0,64.0,6400000.0
1.0,2.0,2.0,1.0,1.0,1.0,39.0,32.0,-0.0030632107251067353,-0.0017650185808415486,0.0,16384.0,6400000.0
11.0,512.0,2.0,3.0,35.0,25.0,1015.0,2592.0,0.23714634169335125,0.2431198474760431,1.0,16.0,6400000.0
1.0,512.0,2.0,1.0,1.0,1.0,39.0,32.0,-0.0030632107251067353,-0.0017650185808415486,2.0,256.0,6400000.0
1.0,2.0,1.0,1.0,1.0,1.0,35.0,32.0,-0.0030632107251067353,-0.0017650185808415486,8192.0,1024.0,6400000.0
27.0,512.0,2.0,8.0,137.0,98.0,4172.0,12224.0,0.3787920682276993,0.38572714882329096,1.0,4.0,6400000.0
1.0,512.0,2.0,1.0,1.0,1.0,39.0,32.0,-0.0030632107251067353,-0.0017650185808415486,2.0,1024.0,6400000.0
1.0,512.0,2.0,1.0,1.0,1.0,39.0,32.0,-0.0030632107251067353,-0.0017650185808415486,2.0,4096.0,6400000.0
1.0,2.0,1.0,1.0,1.0,1.0,35.0,32.0,-0.0030632107251067353,-0.0017650185808415486,2048.0,0.25,6400000.0
1.0,512.0,2.0,1.0,1.0,1.0,39.0,32.0,-0.0030632107251067353,-0.0017650185808415486,2.0,16384.0,6400000.0
512.0,512.0,2.0,9.0,2507.0,2013.0,81570.0,256544.0,0.5711509762573028,0.5818484146054688,4.0,0.0,6400000.0
3.0,512.0,2.0,2.0,9.0,6.0,287.0,576.0,0.10115259004895938,0.10346957106453547,1.0,64.0,6400000.0
512.0,512.0,2.0,9.0,2487.0,2004.0,80769.0,255104.0,0.5625594528147606,0.5760553842912151,4.0,0.00195312,6400000.0
1.0,1.0,1.0,2.0,3.0,2.0,108.0,192.0,0.03911015413878083,0.040912063041146696,4.0,4.0,6400000.0
1.0,2.0,1.0,1.0,1.0,1.0,35.0,32.0,-0.0030632107251067353,-0.0017650185808415486,8192.0,0.00195312,6400000.0
1.0,2.0,1.0,1.0,1.0,1.0,35.0,32.0,-0.0030632107251067353,-0.0017650185808415486,8192.0,2.0,6400000.0
1.0,2.0,1.0,1.0,1.0,1.0,35.0,32.0,-0.0030632107251067353,-0.0017650185808415486,16384.0,4.0,6400000.0
1.0,512.0,2.0,1.0,1.0,1.0,39.0,32.0,-0.0030632107251067353,-0.0017650185808415486,1.0,256.0,6400000.0
1.0,512.0,2.0,1.0,1.0,1.0,39.0,32.0,-0.0030632107251067353,-0.0017650185808415486,1.0,1024.0,6400000.0
1.0,2.0,1.0,1.0,1.0,1.0,35.0,32.0,-0.0030632107251067353,-0.0017650185808415486,4096.0,0.000976562,6400000.0
1.0,2.0,1.0,1.0,1.0,1.0,35.0,32.0,-0.0030632107251067353,-0.0017650185808415486,32768.0,0.015625,6400000.0
512.0,512.0,2.0,9.0,2458.0,1998.0,79978.0,254144.0,0.5745866848640064,0.5819609326963993,4.0,0.0078125,6400000.0
145.0,512.0,2.0,9.0,743.0,573.0,23110.0,73120.0,0.49279044944436323,0.5059734420404218,4.0,0.125,6400000.0
1.0,2.0,1.0,1.0,1.0,1.0,35.0,32.0,-0.0030632107251067353,-0.0017650185808415486,4096.0,512.0,6400000.0
277.0,512.0,2.0,9.0,1345.0,1073.0,42681.0,136224.0,0.5274749167302799,0.5379708813373374,4.0,0.03125,6400000.0
1.0,512.0,2.0,1.0,1.0,1.0,39.0,32.0,-0.0030632107251067353,-0.0017650185808415486,1.0,4096.0,6400000.0
2.0,2.0,2.0,3.0,14.0,8.0,429.0,1024.0,0.09513138924499842,0.09993826347427859,0.000976562,0.125,6400000.0
1.0,2.0,1.0,1.0,1.0,1.0,35.0,32.0,-0.0030632107251067353,-0.0017650185808415486,32768.0,8192.0,6400000.0
2.0,2.0,2.0,2.0,6.0,4.0,214.0,384.0,0.07262288558772911,0.07510528703488584,0.0,32.0,6400000.0
1.0,2.0,1.0,1.0,1.0,1.0,35.0,32.0,-0.0030632107251067353,-0.0017650185808415486,16384.0,4096.0,6400000.0
1.0,512.0,2.0,1.0,1.0,1.0,39.0,32.0,-0.0030632107251067353,-0.0017650185808415486,1.0,16384.0,6400000.0
1.0,2.0,1.0,1.0,1.0,1.0,35.0,32.0,-0.0030632107251067353,-0.0017650185808415486,32768.0,16.0,6400000.0
73.0,512.0,2.0,8.0,391.0,291.0,11988.0,37216.0,0.46085108244566775,0.47276798268577314,4.0,0.5,6400000.0
1.0,2.0,1.0,1.0,1.0,1.0,35.0,32.0,-0.0030632107251067353,-0.0017650185808415486,16384.0,0.0078125,6400000.0
41.0,512.0,2.0,7.0,205.0,153.0,6275.0,19232.0,0.4076953253076021,0.42160670156685387,4.0,2.0,6400000.0
512.0,512.0,2.0,9.0,2510.0,2012.0,81737.0,256384.0,0.5671394925626856,0.5827027000595568,2.0,0.0,6400000.0
14.0,512.0,2.0,3.0,58.0,41.0,1695.0,4768.0,0.2755258013558761,0.2825067573238387,4.0,8.0,6400000.0
8.0,512.0,2.0,2.0,22.0,16.0,664.0,1536.0,0.184803559555608,0.19082719424152972,4.0,32.0,6400000.0
139.0,512.0,2.0,9.0,728.0,552.0,22535.0,70528.0,0.4921744509040096,0.5018766692128402,2.0,0.125,6400000.0
88.0,512.0,2.0,9.0,460.0,350.0,14188.0,44736.0,0.4770611619081968,0.48811726862333815,2.0,0.5,6400000.0
1.0,512.0,2.0,1.0,1.0,1.0,39.0,32.0,-0.0030632107251067353,-0.0017650185808415486,4.0,128.0,6400000.0
512.0,512.0,2.0,9.0,2513.0,2009.0,81879.0,255904.0,0.5730929071878212,0.583400051569551,2.0,0.00195312,6400000.0
1.0,512.0,2.0,1.0,1.0,1.0,39.0,32.0,-0.0030632107251067353,-0.0017650185808415486,4.0,8192.0,6400000.0
1.0,512.0,2.0,1.0,1.0,1.0,39.0,32.0,-0.0030632107251067353,-0.0017650185808415486,4.0,512.0,6400000.0
1.0,512.0,2.0,1.0,1.0,1.0,39.0,32.0,-0.0030632107251067353,-0.0017650185808415486,4.0,2048.0,6400000.0
14.0,512.0,2.0,3.0,58.0,41.0,1695.0,4768.0,0.2755258013558761,0.2825067573238387,2.0,8.0,6400000.0
290.0,512.0,2.0,9.0,1421.0,1132.0,45220.0,144000.0,0.5340752130627573,0.541748121000531,2.0,0.03125,6400000.0
50.0,512.0,2.0,9.0,251.0,185.0,7611.0,23200.0,0.4284915323890307,0.4442750188873391,2.0,2.0,6400000.0
512.0,512.0,2.0,9.0,2479.0,2012.0,81383.0,256384.0,0.5674011422153058,0.5817555667346959,2.0,0.0078125,6400000.0
1.0,512.0,2.0,1.0,1.0,1.0,39.0,32.0,-0.0030632107251067353,-0.0017650185808415486,4.0,32768.0,6400000.0
2.0,2.0,2.0,3.0,14.0,8.0,429.0,1024.0,0.09513138924499842,0.09993826347427859,0.0,0.0625,6400000.0
1.0,2.0,1.0,1.0,1.0,1.0,35.0,32.0,-0.0030632107251067353,-0.0017650185808415486,4096.0,1.0,6400000.0
8.0,512.0,2.0,2.0,22.0,16.0,664.0,1536.0,0.184803559555608,0.19082719424152972,2.0,32.0,6400000.0
1.0,2.0,2.0,1.0,1.0,1.0,39.0,32.0,-0.0030632107251067353,-0.0017650185808415486,0.000976562,128.0,6400000.0
1.0,512.0,2.0,1.0,1.0,1.0,39.0,32.0,-0.0030632107251067353,-0.0017650185808415486,2.0,128.0,6400000.0
512.0,512.0,2.0,7.0,2431.0,2005.0,80594.0,255264.0,0.5439379042235253,0.5401450434567774,8.0,0.000976562,6400000.0
1.0,512.0,2.0,1.0,1.0,1.0,39.0,32.0,-0.0030632107251067353,-0.0017650185808415486,2.0,512.0,6400000.0
1.0,2.0,1.0,1.0,1.0,1.0,35.0,32.0,-0.0030632107251067353,-0.0017650185808415486,8192.0,2048.0,6400000.0
1.0,2.0,2.0,1.0,1.0,1.0,39.0,32.0,-0.0030632107251067353,-0.0017650185808415486,0.0,32768.0,6400000.0
512.0,512.0,2.0,7.0,2405.0,2001.0,80207.0,254624.0,0.5400663381951016,0.5373506869283453,8.0,0.00390625,6400000.0
1.0,2.0,1.0,1.0,1.0,1.0,35.0,32.0,-0.0030632107251067353,-0.0017650185808415486,2048.0,256.0,6400000.0
277.0,512.0,2.0,6.0,1318.0,1076.0,42541.0,136704.0,0.5063954807699335,0.5039734488260423,8.0,0.015625,6400000.0
1.0,512.0,2.0,1.0,1.0,1.0,39.0,32.0,-0.0030632107251067353,-0.0017650185808415486,2.0,8192.0,6400000.0
73.0,512.0,2.0,5.0,375.0,286.0,11668.0,36416.0,0.4087975750703494,0.4027099268379185,8.0,0.25,6400000.0
1.0,512.0,2.0,1.0,1.0,1.0,39.0,32.0,-0.0030632107251067353,-0.0017650185808415486,2.0,2048.0,6400000.0
141.0,512.0,2.0,6.0,707.0,553.0,22360.0,70432.0,0.4808382630197693,0.48032471932096443,8.0,0.0625,6400000.0
34.0,512.0,2.0,3.0,165.0,124.0,5165.0,15488.0,0.325365479106839,0.3313042520547551,8.0,1.0,6400000.0
1.0,512.0,2.0,1.0,1.0,1.0,39.0,32.0,-0.0030632107251067353,-0.0017650185808415486,2.0,32768.0,6400000.0
21.0,512.0,2.0,3.0,95.0,69.0,2884.0,8352.0,0.3091014997011122,0.3173500317973945,8.0,4.0,6400000.0
512.0,512.0,2.0,9.0,2480.0,1997.0,80797.0,253984.0,0.5697939111901786,0.5766065111966353,4.0,0.000976562,6400000.0
1.0,1.0,1.0,2.0,3.0,2.0,108.0,192.0,0.03911015413878083,0.040912063041146696,4.0,8.0,6400000.0
1.0,2.0,1.0,1.0,1.0,1.0,35.0,32.0,-0.0030632107251067353,-0.0017650185808415486,8192.0,4.0,6400000.0
1.0,2.0,1.0,1.0,1.0,1.0,35.0,32.0,-0.0030632107251067353,-0.0017650185808415486,4096.0,0.00195312,6400000.0
1.0,2.0,1.0,1.0,1.0,1.0,35.0,32.0,-0.0030632107251067353,-0.0017650185808415486,8192.0,0.00390625,6400000.0
1.0,2.0,1.0,1.0,1.0,1.0,35.0,32.0,-0.0030632107251067353,-0.0017650185808415486,16384.0,8.0,6400000.0
512.0,512.0,2.0,9.0,2474.0,2001.0,80540.0,254624.0,0.5695213862803845,0.579259546266921,4.0,0.00390625,6400000.0
11.0,512.0,2.0,2.0,30.0,22.0,872.0,2112.0,0.211815897449531,0.21820531799146736,8.0,16.0,6400000.0
3.0,512.0,2.0,2.0,9.0,6.0,287.0,576.0,0.10115259004895938,0.10346957106453547,8.0,64.0,6400000.0
1.0,2.0,1.0,1.0,1.0,1.0,35.0,32.0,-0.0030632107251067353,-0.0017650185808415486,32768.0,0.03125,6400000.0
1.0,512.0,2.0,1.0,1.0,1.0,39.0,32.0,-0.0030632107251067353,-0.0017650185808415486,8.0,256.0,6400000.0
468.0,512.0,2.0,9.0,2250.0,1837.0,73160.0,234016.0,0.5689218104314059,0.5757290853195347,4.0,0.015625,6400000.0
103.0,512.0,2.0,8.0,528.0,409.0,16474.0,52256.0,0.4652302192966672,0.48028456586449264,4.0,0.25,6400000.0
1.0,2.0,1.0,1.0,1.0,1.0,35.0,32.0,-0.0030632107251067353,-0.0017650185808415486,4096.0,1024.0,6400000.0
188.0,512.0,2.0,9.0,944.0,737.0,29529.0,93856.0,0.5036550337872008,0.5173664478959381,4.0,0.0625,6400000.0
2.0,2.0,2.0,2.0,6.0,4.0,214.0,384.0,0.07262288558772911,0.07510528703488584,0.0,64.0,6400000.0
2.0,2.0,2.0,3.0,14.0,8.0,429.0,1024.0,0.09513138924499842,0.09993826347427859,0.000976562,0.25,6400000.0
1.0,2.0,1.0,1.0,1.0,1.0,35.0,32.0,-0.0030632107251067353,-0.0017650185808415486,32768.0,16384.0,6400000.0
1.0,512.0,2.0,1.0,1.0,1.0,39.0,32.0,-0.0030632107251067353,-0.0017650185808415486,8.0,1024.0,6400000.0
1.0,2.0,1.0,1.0,1.0,1.0,35.0,32.0,-0.0030632107251067353,-0.0017650185808415486,16384.0,8192.0,6400000.0
31.0,512.0,2.0,6.0,135.0,101.0,4183.0,12192.0,0.36078748987222076,0.3683997795958679,4.0,4.0,6400000.0
60.0,512.0,2.0,8.0,312.0,235.0,9490.0,29920.0,0.44250722625257677,0.46036586946347924,4.0,1.0,6400000.0
1.0,2.0,1.0,1.0,1.0,1.0,35.0,32.0,-0.0030632107251067353,-0.0017650185808415486,32768.0,32.0,6400000.0
1.0,1.0,1.0,1.0,1.0,1.0,35.0,32.0,-0.0030632107251067353,-0.0017650185808415486,4.0,256.0,6400000.0
2.0,2.0,2.0,3.0,14.0,8.0,429.0,1024.0,0.09513138924499842,0.09993826347427859,0.00195312,0.000976562,6400000.0
11.0,512.0,2.0,3.0,35.0,25.0,1015.0,2592.0,0.23714634169335125,0.2431198474760431,4.0,16.0,6400000.0
1.0,2.0,1.0,1.0,1.0,1.0,35.0,32.0,-0.0030632107251067353,-0.0017650185808415486,16384.0,0.015625,6400000.0
3.0,512.0,2.0,2.0,9.0,6.0,287.0,576.0,0.10115259004895938,0.10346957106453547,4.0,64.0,6400000.0
1.0,512.0,2.0,1.0,1.0,1.0,39.0,32.0,-0.0030632107251067353,-0.0017650185808415486,4.0,4096.0,6400000.0
1.0,512.0,2.0,1.0,1.0,1.0,39.0,32.0,-0.0030632107251067353,-0.0017650185808415486,8.0,16384.0,6400000.0
1.0,512.0,2.0,1.0,1.0,1.0,39.0,32.0,-0.0030632107251067353,-0.0017650185808415486,4.0,1024.0,6400000.0
1.0,512.0,2.0,1.0,1.0,1.0,39.0,32.0,-0.0030632107251067353,-0.0017650185808415486,4.0,256.0,6400000.0
1.0,512.0,2.0,1.0,1.0,1.0,39.0,32.0,-0.0030632107251067353,-0.0017650185808415486,8.0,4096.0,6400000.0
1.0,512.0,2.0,1.0,1.0,1.0,39.0,32.0,-0.0030632107251067353,-0.0017650185808415486,4.0,16384.0,6400000.0
512.0,512.0,2.0,7.0,2429.0,2001.0,80513.0,254624.0,0.5419861660111329,0.5395358588481295,8.0,0.0,6400000.0
2.0,2.0,2.0,3.0,14.0,8.0,429.0,1024.0,0.09513138924499842,0.09993826347427859,0.0,0.125,6400000.0
512.0,512.0,2.0,3.0,2291.0,2023.0,80982.0,258144.0,0.32430735355965445,0.3280926754625798,16.0,0.00195312,6400000.0
163.0,512.0,2.0,3.0,775.0,632.0,25767.0,80256.0,0.330403141311585,0.33574047510461,16.0,0.0078125,6400000.0
512.0,512.0,2.0,3.0,2294.0,2025.0,80284.0,258464.0,0.323644197920931,0.3271332777597292,16.0,0.0,6400000.0
55.0,512.0,2.0,3.0,278.0,213.0,8701.0,27040.0,0.33270699517426827,0.336122771309734,16.0,0.125,6400000.0
105.0,512.0,2.0,3.0,506.0,407.0,16550.0,51680.0,0.33110471486037985,0.3358507655250361,16.0,0.03125,6400000.0
1.0,2.0,1.0,1.0,1.0,1.0,35.0,32.0,-0.0030632107251067353,-0.0017650185808415486,4096.0,2.0,6400000.0
1.0,2.0,2.0,1.0,1.0,1.0,39.0,32.0,-0.0030632107251067353,-0.0017650185808415486,0.000976562,256.0,6400000.0
35.0,512.0,2.0,3.0,185.0,138.0,5750.0,17600.0,0.3290574312030965,0.3342320996375041,16.0,0.5,6400000.0
1.0,2.0,1.0,1.0,1.0,1.0,35.0,32.0,-0.0030632107251067353,-0.0017650185808415486,8192.0,4096.0,6400000.0
512.0,512.0,2.0,7.0,2431.0,2005.0,80551.0,255264.0,0.5429485851532752,0.5405028646329355,8.0,0.00195312,6400000.0
103.0,512.0,2.0,6.0,541.0,409.0,16767.0,52256.0,0.46223042987471763,0.45955334703655715,8.0,0.125,6400000.0
512.0,512.0,2.0,7.0,2398.0,2000.0,80160.0,254464.0,0.5384741792845382,0.5402730000631539,8.0,0.0078125,6400000.0
185.0,512.0,2.0,6.0,905.0,719.0,28826.0,91360.0,0.49232695738570753,0.4924526536678371,8.0,0.03125,6400000.0
26.0,512.0,2.0,3.0,124.0,91.0,3761.0,11232.0,0.31952095011874393,0.32577084868578554,8.0,2.0,6400000.0
38.0,512.0,2.0,3.0,187.0,141.0,5845.0,17696.0,0.3294585575079938,0.3332644597729797,8.0,0.5,6400000.0
8.0,512.0,2.0,2.0,22.0,16.0,664.0,1536.0,0.184803559555608,0.19082719424152972,16.0,32.0,6400000.0
24.0,512.0,2.0,3.0,122.0,88.0,3665.0,11008.0,0.31791595940948225,0.32417768192787355,16.0,2.0,6400000.0
15.0,512.0,2.0,2.0,47.0,34.0,1432.0,3520.0,0.23483331904090687,0.24244665993785774,16.0,8.0,6400000.0
1.0,512.0,2.0,1.0,1.0,1.0,39.0,32.0,-0.0030632107251067353,-0.0017650185808415486,16.0,128.0,6400000.0
2.0,2.0,2.0,3.0,14.0,8.0,429.0,1024.0,0.09513138924499842,0.09993826347427859,0.00195312,1.0,6400000.0
2.0,2.0,2.0,3.0,14.0,8.0,429.0,1024.0,0.09513138924499842,0.09993826347427859,0.000976562,0.0,6400000.0
1.0,512.0,2.0,1.0,1.0,1.0,39.0,32.0,-0.0030632107251067353,-0.0017650185808415486,16.0,512.0,6400000.0
14.0,512.0,2.0,3.0,58.0,41.0,1695.0,4768.0,0.2755258013558761,0.2825067573238387,8.0,8.0,6400000.0
1.0,2.0,1.0,1.0,1.0,1.0,35.0,32.0,-0.0030632107251067353,-0.0017650185808415486,8192.0,8.0,6400000.0
1.0,2.0,1.0,1.0,1.0,1.0,35.0,32.0,-0.0030632107251067353,-0.0017650185808415486,16384.0,16.0,6400000.0
1.0,1.0,1.0,2.0,3.0,2.0,108.0,192.0,0.03911015413878083,0.040912063041146696,4.0,16.0,6400000.0
8.0,512.0,2.0,2.0,22.0,16.0,664.0,1536.0,0.184803559555608,0.19082719424152972,8.0,32.0,6400000.0
1.0,512.0,2.0,1.0,1.0,1.0,39.0,32.0,-0.0030632107251067353,-0.0017650185808415486,16.0,8192.0,6400000.0
1.0,512.0,2.0,1.0,1.0,1.0,39.0,32.0,-0.0030632107251067353,-0.0017650185808415486,16.0,2048.0,6400000.0
1.0,2.0,1.0,1.0,1.0,1.0,35.0,32.0,-0.0030632107251067353,-0.0017650185808415486,8192.0,0.0078125,6400000.0
1.0,512.0,2.0,1.0,1.0,1.0,39.0,32.0,-0.0030632107251067353,-0.0017650185808415486,16.0,32768.0,6400000.0
1.0,512.0,2.0,1.0,1.0,1.0,39.0,32.0,-0.0030632107251067353,-0.0017650185808415486,8.0,128.0,6400000.0
1.0,2.0,1.0,1.0,1.0,1.0,35.0,32.0,-0.0030632107251067353,-0.0017650185808415486,32768.0,0.0625,6400000.0
1.0,512.0,2.0,1.0,1.0,1.0,39.0,32.0,-0.0030632107251067353,-0.0017650185808415486,8.0,512.0,6400000.0
1.0,2.0,1.0,1.0,1.0,1.0,35.0,32.0,-0.0030632107251067353,-0.0017650185808415486,4096.0,2048.0,6400000.0
161.0,512.0,2.0,2.0,718.0,624.0,24817.0,79232.0,0.26221916607441687,0.2662459411712603,32.0,0.00390625,6400000.0
409.0,512.0,2.0,2.0,1792.0,1625.0,64530.0,207648.0,0.255983004902547,0.25952608050257164,32.0,0.000976562,6400000.0
72.0,512.0,2.0,2.0,343.0,283.0,11364.0,36064.0,0.2598232841298568,0.2689191951493547,32.0,0.015625,6400000.0
2.0,2.0,2.0,3.0,14.0,8.0,429.0,1024.0,0.09513138924499842,0.09993826347427859,0.000976562,0.5,6400000.0
1.0,2.0,2.0,1.0,1.0,1.0,39.0,32.0,-0.0030632107251067353,-0.0017650185808415486,0.0,128.0,6400000.0
1.0,512.0,2.0,1.0,1.0,1.0,39.0,32.0,-0.0030632107251067353,-0.0017650185808415486,8.0,2048.0,6400000.0
1.0,2.0,1.0,1.0,1.0,1.0,35.0,32.0,-0.0030632107251067353,-0.0017650185808415486,32768.0,32768.0,6400000.0
2.0,2.0,2.0,3.0,14.0,8.0,429.0,1024.0,0.09513138924499842,0.09993826347427859,0.00195312,0.00195312,6400000.0
1.0,2.0,1.0,1.0,1.0,1.0,35.0,32.0,-0.0030632107251067353,-0.0017650185808415486,16384.0,16384.0,6400000.0
1.0,1.0,1.0,1.0,1.0,1.0,35.0,32.0,-0.0030632107251067353,-0.0017650185808415486,4.0,512.0,6400000.0
1.0,2.0,1.0,1.0,1.0,1.0,35.0,32.0,-0.0030632107251067353,-0.0017650185808415486,32768.0,64.0,6400000.0
1.0,2.0,2.0,1.0,1.0,1.0,39.0,32.0,-0.0030632107251067353,-0.0017650185808415486,0.00195312,1024.0,6400000.0
51.0,512.0,2.0,2.0,234.0,195.0,7842.0,24672.0,0.258364443030106,0.26933584066351557,32.0,0.0625,6400000.0
25.0,512.0,2.0,2.0,98.0,78.0,3165.0,9280.0,0.25458612769279687,0.26652926967123536,32.0,1.0,6400000.0
1.0,512.0,2.0,1.0,1.0,1.0,39.0,32.0,-0.0030632107251067353,-0.0017650185808415486,8.0,8192.0,6400000.0
1.0,2.0,1.0,1.0,1.0,1.0,35.0,32.0,-0.0030632107251067353,-0.0017650185808415486,16384.0,0.03125,6400000.0
39.0,512.0,2.0,2.0,159.0,135.0,5305.0,16608.0,0.2593817969921589,0.27101805589306294,32.0,0.25,6400000.0
1.0,512.0,2.0,1.0,1.0,1.0,39.0,32.0,-0.0030632107251067353,-0.0017650185808415486,8.0,32768.0,6400000.0
1.0,512.0,2.0,1.0,1.0,1.0,39.0,32.0,-0.0030632107251067353,-0.0017650185808415486,32.0,256.0,6400000.0
19.0,512.0,2.0,2.0,74.0,57.0,2380.0,6688.0,0.2512662014893755,0.2606608379591845,32.0,4.0,6400000.0
63.0,512.0,2.0,3.0,325.0,250.0,10436.0,31936.0,0.33097250671227496,0.33609611278708984,16.0,0.0625,6400000.0
11.0,512.0,2.0,2.0,30.0,22.0,872.0,2112.0,0.211815897449531,0.21820531799146736,32.0,16.0,6400000.0
2.0,2.0,2.0,3.0,14.0,8.0,429.0,1024.0,0.09513138924499842,0.09993826347427859,0.0,0.25,6400000.0
136.0,512.0,2.0,3.0,647.0,530.0,21215.0,67392.0,0.3314599283878197,0.3357980202889931,16.0,0.015625,6400000.0
1.0,512.0,2.0,1.0,1.0,1.0,39.0,32.0,-0.0030632107251067353,-0.0017650185808415486,32.0,1024.0,6400000.0
3.0,512.0,2.0,2.0,9.0,6.0,287.0,576.0,0.10115259004895938,0.10346957106453547,32.0,64.0,6400000.0
47.0,512.0,2.0,3.0,238.0,182.0,7451.0,23104.0,0.3332276869680305,0.33633928307445815,16.0,0.25,6400000.0
1.0,512.0,2.0,1.0,1.0,1.0,39.0,32.0,-0.0030632107251067353,-0.0017650185808415486,32.0,4096.0,6400000.0
512.0,512.0,2.0,3.0,2298.0,2023.0,80224.0,258144.0,0.32330650688551266,0.3282122069263359,16.0,0.000976562,6400000.0
311.0,512.0,2.0,3.0,1425.0,1220.0,48473.0,155392.0,0.3273393630807676,0.33199272229185406,16.0,0.00390625,6400000.0
1.0,2.0,2.0,1.0,1.0,1.0,39.0,32.0,-0.0030632107251067353,-0.0017650185808415486,0.000976562,512.0,6400000.0
1.0,2.0,1.0,1.0,1.0,1.0,35.0,32.0,-0.0030632107251067353,-0.0017650185808415486,8192.0,8192.0,6400000.0
32.0,512.0,2.0,3.0,156.0,117.0,4821.0,14624.0,0.32504189162464603,0.33158696229191764,16.0,1.0,6400000.0
21.0,512.0,2.0,3.0,99.0,72.0,2931.0,8832.0,0.3091526342386791,0.3166052038468572,16.0,4.0,6400000.0
1.0,512.0,2.0,1.0,1.0,1.0,39.0,32.0,-0.0030632107251067353,-0.0017650185808415486,32.0,16384.0,6400000.0
2.0,2.0,2.0,3.0,14.0,8.0,429.0,1024.0,0.09513138924499842,0.09993826347427859,0.000976562,0.000976562,6400000.0
11.0,512.0,2.0,2.0,30.0,22.0,872.0,2112.0,0.211815897449531,0.21820531799146736,16.0,16.0,6400000.0
2.0,2.0,2.0,3.0,14.0,8.0,429.0,1024.0,0.09513138924499842,0.09993826347427859,0.00195312,2.0,6400000.0
1.0,512.0,2.0,1.0,1.0,1.0,39.0,32.0,-0.0030632107251067353,-0.0017650185808415486,16.0,1024.0,6400000.0
53.0,512.0,2.0,2.0,257.0,211.0,8600.0,26976.0,0.25946067311471355,0.26961647397729316,64.0,0.03125,6400000.0
1.0,512.0,2.0,1.0,1.0,1.0,39.0,32.0,-0.0030632107251067353,-0.0017650185808415486,16.0,256.0,6400000.0
3.0,512.0,2.0,2.0,9.0,6.0,287.0,576.0,0.10115259004895938,0.10346957106453547,16.0,64.0,6400000.0
2.0,2.0,2.0,3.0,14.0,8.0,429.0,1024.0,0.09513138924499842,0.09993826347427859,0.00390625,0.0078125,6400000.0
129.0,512.0,2.0,2.0,581.0,499.0,19995.0,63328.0,0.261446080277708,0.26695415174517567,64.0,0.0078125,6400000.0
512.0,512.0,2.0,2.0,2219.0,2037.0,80449.0,260384.0,0.2513202671675814,0.25693979734764427,64.0,0.0,6400000.0
264.0,512.0,2.0,2.0,1163.0,1032.0,41376.0,131328.0,0.2613591222935453,0.26299361285105893,64.0,0.00195312,6400000.0
1.0,2.0,1.0,1.0,1.0,1.0,35.0,32.0,-0.0030632107251067353,-0.0017650185808415486,16384.0,32.0,6400000.0
1.0,2.0,1.0,1.0,1.0,1.0,35.0,32.0,-0.0030632107251067353,-0.0017650185808415486,8192.0,16.0,6400000.0
39.0,512.0,2.0,2.0,162.0,137.0,5411.0,16928.0,0.25905992569632974,0.2709832339157031,64.0,0.125,6400000.0
1.0,1.0,1.0,2.0,3.0,2.0,108.0,192.0,0.03911015413878083,0.040912063041146696,4.0,32.0,6400000.0
1.0,512.0,2.0,1.0,1.0,1.0,39.0,32.0,-0.0030632107251067353,-0.0017650185808415486,16.0,16384.0,6400000.0
1.0,512.0,2.0,1.0,1.0,1.0,39.0,32.0,-0.0030632107251067353,-0.0017650185808415486,16.0,4096.0,6400000.0
28.0,512.0,2.0,2.0,130.0,109.0,4298.0,13856.0,0.2589595133955369,0.26969276798452724,64.0,0.5,6400000.0
1.0,2.0,1.0,1.0,1.0,1.0,35.0,32.0,-0.0030632107251067353,-0.0017650185808415486,8192.0,0.015625,6400000.0
1.0,2.0,1.0,1.0,1.0,1.0,35.0,32.0,-0.0030632107251067353,-0.0017650185808415486,32768.0,0.125,6400000.0
512.0,512.0,2.0,2.0,2219.0,2037.0,80449.0,260384.0,0.2513202671675814,0.25693979734764427,32.0,0.0,6400000.0
15.0,512.0,2.0,2.0,47.0,34.0,1432.0,3520.0,0.23483331904090687,0.24244665993785774,64.0,8.0,6400000.0
22.0,512.0,2.0,2.0,87.0,69.0,2845.0,8224.0,0.2533548419140267,0.2641108116508766,64.0,2.0,6400000.0
8.0,512.0,2.0,2.0,22.0,16.0,664.0,1536.0,0.184803559555608,0.19082719424152972,64.0,32.0,6400000.0
129.0,512.0,2.0,2.0,581.0,499.0,19995.0,63328.0,0.261446080277708,0.26695415174517567,32.0,0.0078125,6400000.0
53.0,512.0,2.0,2.0,257.0,211.0,8600.0,26976.0,0.25946067311471355,0.26961647397729316,32.0,0.03125,6400000.0
264.0,512.0,2.0,2.0,1163.0,1032.0,41376.0,131328.0,0.2613591222935453,0.26299361285105893,32.0,0.00195312,6400000.0
2.0,2.0,2.0,3.0,14.0,8.0,429.0,1024.0,0.09513138924499842,0.09993826347427859,0.000976562,1.0,6400000.0
1.0,2.0,2.0,1.0,1.0,1.0,39.0,32.0,-0.0030632107251067353,-0.0017650185808415486,0.0,256.0,6400000.0
2.0,2.0,2.0,3.0,14.0,8.0,429.0,1024.0,0.09513138924499842,0.09993826347427859,0.0,0.0,6400000.0
1.0,2.0,1.0,1.0,1.0,1.0,35.0,32.0,-0.0030632107251067353,-0.0017650185808415486,16384.0,32768.0,6400000.0
1.0,2.0,1.0,1.0,1.0,1.0,35.0,32.0,-0.0030632107251067353,-0.0017650185808415486,32768.0,128.0,6400000.0
2.0,2.0,2.0,3.0,14.0,8.0,429.0,1024.0,0.09513138924499842,0.09993826347427859,0.00195312,0.00390625,6400000.0
1.0,2.0,2.0,1.0,1.0,1.0,39.0,32.0,-0.0030632107251067353,-0.0017650185808415486,0.00195312,2048.0,6400000.0
1.0,512.0,2.0,1.0,1.0,1.0,39.0,32.0,-0.0030632107251067353,-0.0017650185808415486,64.0,128.0,6400000.0
1.0,1.0,1.0,1.0,1.0,1.0,35.0,32.0,-0.0030632107251067353,-0.0017650185808415486,4.0,1024.0,6400000.0
1.0,2.0,1.0,1.0,1.0,1.0,35.0,32.0,-0.0030632107251067353,-0.0017650185808415486,16384.0,0.0625,6400000.0
39.0,512.0,2.0,2.0,162.0,137.0,5411.0,16928.0,0.25905992569632974,0.2709832339157031,32.0,0.125,6400000.0
28.0,512.0,2.0,2.0,130.0,109.0,4298.0,13856.0,0.2589595133955369,0.26969276798452724,32.0,0.5,6400000.0
22.0,512.0,2.0,2.0,87.0,69.0,2845.0,8224.0,0.2533548419140267,0.2641108116508766,32.0,2.0,6400000.0
1.0,512.0,2.0,1.0,1.0,1.0,39.0,32.0,-0.0030632107251067353,-0.0017650185808415486,64.0,512.0,6400000.0
8.0,512.0,2.0,2.0,22.0,16.0,664.0,1536.0,0.184803559555608,0.19082719424152972,32.0,32.0,6400000.0
2.0,2.0,2.0,3.0,12.0,7.0,363.0,864.0,0.09413973999029857,0.09778814733003183,0.00390625,8.0,6400000.0
15.0,512.0,2.0,2.0,47.0,34.0,1432.0,3520.0,0.23483331904090687,0.24244665993785774,32.0,8.0,6400000.0
1.0,512.0,2.0,1.0,1.0,1.0,39.0,32.0,-0.0030632107251067353,-0.0017650185808415486,32.0,512.0,6400000.0
1.0,512.0,2.0,1.0,1.0,1.0,39.0,32.0,-0.0030632107251067353,-0.0017650185808415486,32.0,128.0,6400000.0
1.0,512.0,2.0,1.0,1.0,1.0,39.0,32.0,-0.0030632107251067353,-0.0017650185808415486,32.0,8192.0,6400000.0
2.0,2.0,2.0,3.0,14.0,8.0,429.0,1024.0,0.09513138924499842,0.09993826347427859,0.0,0.5,6400000.0
1.0,512.0,2.0,1.0,1.0,1.0,39.0,32.0,-0.0030632107251067353,-0.0017650185808415486,32.0,2048.0,6400000.0
1.0,512.0,2.0,1.0,1.0,1.0,39.0,32.0,-0.0030632107251067353,-0.0017650185808415486,64.0,2048.0,6400000.0
1.0,512.0,2.0,1.0,1.0,1.0,39.0,32.0,-0.0030632107251067353,-0.0017650185808415486,64.0,8192.0,6400000.0
1.0,512.0,2.0,1.0,1.0,1.0,39.0,32.0,-0.0030632107251067353,-0.0017650185808415486,64.0,32768.0,6400000.0
1.0,512.0,2.0,1.0,1.0,1.0,39.0,32.0,-0.0030632107251067353,-0.0017650185808415486,128.0,0.00390625,6400000.0
1.0,512.0,2.0,1.0,1.0,1.0,39.0,32.0,-0.0030632107251067353,-0.0017650185808415486,128.0,0.000976562,6400000.0
1.0,2.0,2.0,1.0,1.0,1.0,39.0,32.0,-0.0030632107251067353,-0.0017650185808415486,0.000976562,1024.0,6400000.0
1.0,2.0,1.0,1.0,1.0,1.0,35.0,32.0,-0.0030632107251067353,-0.0017650185808415486,8192.0,16384.0,6400000.0
2.0,2.0,2.0,3.0,14.0,8.0,429.0,1024.0,0.09513138924499842,0.09993826347427859,0.000976562,0.00195312,6400000.0
2.0,2.0,2.0,3.0,14.0,8.0,429.0,1024.0,0.09513138924499842,0.09993826347427859,0.00195312,4.0,6400000.0
1.0,512.0,2.0,1.0,1.0,1.0,39.0,32.0,-0.0030632107251067353,-0.0017650185808415486,32.0,32768.0,6400000.0
1.0,512.0,2.0,1.0,1.0,1.0,39.0,32.0,-0.0030632107251067353,-0.0017650185808415486,128.0,0.015625,6400000.0
1.0,512.0,2.0,1.0,1.0,1.0,39.0,32.0,-0.0030632107251067353,-0.0017650185808415486,128.0,0.0625,6400000.0
1.0,2.0,1.0,1.0,1.0,1.0,35.0,32.0,-0.0030632107251067353,-0.0017650185808415486,16384.0,64.0,6400000.0
1.0,512.0,2.0,1.0,1.0,1.0,39.0,32.0,-0.0030632107251067353,-0.0017650185808415486,128.0,16.0,6400000.0
2.0,2.0,2.0,3.0,14.0,8.0,429.0,1024.0,0.09513138924499842,0.09993826347427859,0.00390625,0.015625,6400000.0
72.0,512.0,2.0,2.0,343.0,283.0,11364.0,36064.0,0.2598232841298568,0.2689191951493547,64.0,0.015625,6400000.0
51.0,512.0,2.0,2.0,234.0,195.0,7842.0,24672.0,0.258364443030106,0.26933584066351557,64.0,0.0625,6400000.0
1.0,512.0,2.0,1.0,1.0,1.0,39.0,32.0,-0.0030632107251067353,-0.0017650185808415486,128.0,0.25,6400000.0
409.0,512.0,2.0,2.0,1792.0,1625.0,64530.0,207648.0,0.255983004902547,0.25952608050257164,64.0,0.000976562,6400000.0
161.0,512.0,2.0,2.0,718.0,624.0,24817.0,79232.0,0.26221916607441687,0.2662459411712603,64.0,0.00390625,6400000.0
1.0,1.0,1.0,2.0,3.0,2.0,108.0,192.0,0.03911015413878083,0.040912063041146696,4.0,64.0,6400000.0
1.0,512.0,2.0,1.0,1.0,1.0,39.0,32.0,-0.0030632107251067353,-0.0017650185808415486,128.0,1.0,6400000.0
39.0,512.0,2.0,2.0,159.0,135.0,5305.0,16608.0,0.2593817969921589,0.27101805589306294,64.0,0.25,6400000.0
1.0,512.0,2.0,1.0,1.0,1.0,39.0,32.0,-0.0030632107251067353,-0.0017650185808415486,128.0,4.0,6400000.0
25.0,512.0,2.0,2.0,98.0,78.0,3165.0,9280.0,0.25458612769279687,0.26652926967123536,64.0,1.0,6400000.0
1.0,2.0,2.0,1.0,1.0,1.0,39.0,32.0,-0.0030632107251067353,-0.0017650185808415486,0.00390625,8192.0,6400000.0
1.0,512.0,2.0,1.0,1.0,1.0,39.0,32.0,-0.0030632107251067353,-0.0017650185808415486,128.0,256.0,6400000.0
11.0,512.0,2.0,2.0,30.0,22.0,872.0,2112.0,0.211815897449531,0.21820531799146736,64.0,16.0,6400000.0
1.0,512.0,2.0,1.0,1.0,1.0,39.0,32.0,-0.0030632107251067353,-0.0017650185808415486,128.0,1024.0,6400000.0
1.0,2.0,1.0,1.0,1.0,1.0,35.0,32.0,-0.0030632107251067353,-0.0017650185808415486,32768.0,0.25,6400000.0
1.0,512.0,2.0,1.0,1.0,1.0,39.0,32.0,-0.0030632107251067353,-0.0017650185808415486,128.0,64.0,6400000.0
1.0,512.0,2.0,1.0,1.0,1.0,39.0,32.0,-0.0030632107251067353,-0.0017650185808415486,64.0,64.0,6400000.0
19.0,512.0,2.0,2.0,74.0,57.0,2380.0,6688.0,0.2512662014893755,0.2606608379591845,64.0,4.0,6400000.0
1.0,512.0,2.0,1.0,1.0,1.0,39.0,32.0,-0.0030632107251067353,-0.0017650185808415486,128.0,4096.0,6400000.0
1.0,512.0,2.0,1.0,1.0,1.0,39.0,32.0,-0.0030632107251067353,-0.0017650185808415486,128.0,16384.0,6400000.0
1.0,512.0,2.0,1.0,1.0,1.0,39.0,32.0,-0.0030632107251067353,-0.0017650185808415486,256.0,0.0,6400000.0
2.0,2.0,2.0,3.0,14.0,8.0,429.0,1024.0,0.09513138924499842,0.09993826347427859,0.000976562,2.0,6400000.0
1.0,2.0,2.0,1.0,1.0,1.0,39.0,32.0,-0.0030632107251067353,-0.0017650185808415486,0.0,512.0,6400000.0
1.0,2.0,1.0,1.0,1.0,1.0,35.0,32.0,-0.0030632107251067353,-0.0017650185808415486,32768.0,0.0,6400000.0
1.0,512.0,2.0,1.0,1.0,1.0,39.0,32.0,-0.0030632107251067353,-0.0017650185808415486,256.0,0.00195312,6400000.0
2.0,2.0,2.0,3.0,14.0,8.0,429.0,1024.0,0.09513138924499842,0.09993826347427859,0.00195312,0.0078125,6400000.0
1.0,512.0,2.0,1.0,1.0,1.0,39.0,32.0,-0.0030632107251067353,-0.0017650185808415486,64.0,256.0,6400000.0
1.0,2.0,1.0,1.0,1.0,1.0,35.0,32.0,-0.0030632107251067353,-0.0017650185808415486,32768.0,256.0,6400000.0
1.0,1.0,1.0,1.0,1.0,1.0,35.0,32.0,-0.0030632107251067353,-0.0017650185808415486,4.0,2048.0,6400000.0
2.0,2.0,2.0,3.0,14.0,8.0,429.0,1024.0,0.09513138924499842,0.09993826347427859,0.0,0.000976562,6400000.0
1.0,2.0,2.0,1.0,1.0,1.0,39.0,32.0,-0.0030632107251067353,-0.0017650185808415486,0.00195312,4096.0,6400000.0
1.0,2.0,1.0,1.0,1.0,1.0,35.0,32.0,-0.0030632107251067353,-0.0017650185808415486,16384.0,0.125,6400000.0
1.0,512.0,2.0,1.0,1.0,1.0,39.0,32.0,-0.0030632107251067353,-0.0017650185808415486,256.0,0.0078125,6400000.0
2.0,2.0,2.0,3.0,14.0,8.0,429.0,1024.0,0.09513138924499842,0.09993826347427859,0.0078125,0.0625,6400000.0
1.0,512.0,2.0,1.0,1.0,1.0,39.0,32.0,-0.0030632107251067353,-0.0017650185808415486,64.0,1024.0,6400000.0
1.0,512.0,2.0,1.0,1.0,1.0,39.0,32.0,-0.0030632107251067353,-0.0017650185808415486,256.0,0.03125,6400000.0
1.0,512.0,2.0,1.0,1.0,1.0,39.0,32.0,-0.0030632107251067353,-0.0017650185808415486,256.0,0.125,6400000.0
2.0,2.0,2.0,3.0,10.0,6.0,295.0,704.0,0.09231549576014253,0.09427300599869859,0.00390625,16.0,6400000.0
1.0,512.0,2.0,1.0,1.0,1.0,39.0,32.0,-0.0030632107251067353,-0.0017650185808415486,256.0,0.5,6400000.0
1.0,512.0,2.0,1.0,1.0,1.0,39.0,32.0,-0.0030632107251067353,-0.0017650185808415486,256.0,32.0,6400000.0
1.0,512.0,2.0,1.0,1.0,1.0,39.0,32.0,-0.0030632107251067353,-0.0017650185808415486,64.0,4096.0,6400000.0
1.0,512.0,2.0,1.0,1.0,1.0,39.0,32.0,-0.0030632107251067353,-0.0017650185808415486,256.0,2.0,6400000.0
1.0,512.0,2.0,1.0,1.0,1.0,39.0,32.0,-0.0030632107251067353,-0.0017650185808415486,128.0,0.0,6400000.0
2.0,2.0,2.0,3.0,14.0,8.0,429.0,1024.0,0.09513138924499842,0.09993826347427859,0.0,1.0,6400000.0
1.0,512.0,2.0,1.0,1.0,1.0,39.0,32.0,-0.0030632107251067353,-0.0017650185808415486,128.0,0.00195312,6400000.0
1.0,512.0,2.0,1.0,1.0,1.0,39.0,32.0,-0.0030632107251067353,-0.0017650185808415486,64.0,16384.0,6400000.0
1.0,512.0,2.0,1.0,1.0,1.0,39.0,32.0,-0.0030632107251067353,-0.0017650185808415486,256.0,8.0,6400000.0
1.0,512.0,2.0,1.0,1.0,1.0,39.0,32.0,-0.0030632107251067353,-0.0017650185808415486,256.0,128.0,6400000.0
1.0,512.0,2.0,1.0,1.0,1.0,39.0,32.0,-0.0030632107251067353,-0.0017650185808415486,128.0,0.0078125,6400000.0
1.0,2.0,2.0,1.0,1.0,1.0,39.0,32.0,-0.0030632107251067353,-0.0017650185808415486,0.000976562,2048.0,6400000.0
1.0,512.0,2.0,1.0,1.0,1.0,39.0,32.0,-0.0030632107251067353,-0.0017650185808415486,256.0,512.0,6400000.0
2.0,2.0,2.0,3.0,12.0,7.0,363.0,864.0,0.09413973999029857,0.09778814733003183,0.00195312,8.0,6400000.0
2.0,2.0,2.0,3.0,14.0,8.0,429.0,1024.0,0.09513138924499842,0.09993826347427859,0.000976562,0.00390625,6400000.0
1.0,512.0,2.0,1.0,1.0,1.0,39.0,32.0,-0.0030632107251067353,-0.0017650185808415486,128.0,0.125,6400000.0
1.0,512.0,2.0,1.0,1.0,1.0,39.0,32.0,-0.0030632107251067353,-0.0017650185808415486,128.0,0.03125,6400000.0
2.0,2.0,2.0,3.0,14.0,8.0,429.0,1024.0,0.09513138924499842,0.09993826347427859,0.00390625,0.03125,6400000.0
1.0,512.0,2.0,1.0,1.0,1.0,39.0,32.0,-0.0030632107251067353,-0.0017650185808415486,256.0,2048.0,6400000.0
1.0,2.0,1.0,1.0,1.0,1.0,35.0,32.0,-0.0030632107251067353,-0.0017650185808415486,16384.0,128.0,6400000.0
1.0,512.0,2.0,1.0,1.0,1.0,39.0,32.0,-0.0030632107251067353,-0.0017650185808415486,128.0,0.5,6400000.0
1.0,512.0,2.0,1.0,1.0,1.0,39.0,32.0,-0.0030632107251067353,-0.0017650185808415486,128.0,32.0,6400000.0
1.0,512.0,2.0,1.0,1.0,1.0,39.0,32.0,-0.0030632107251067353,-0.0017650185808415486,128.0,8.0,6400000.0
1.0,1.0,1.0,1.0,1.0,1.0,35.0,32.0,-0.0030632107251067353,-0.0017650185808415486,4.0,128.0,6400000.0
1.0,512.0,2.0,1.0,1.0,1.0,39.0,32.0,-0.0030632107251067353,-0.0017650185808415486,256.0,8192.0,6400000.0
1.0,512.0,2.0,1.0,1.0,1.0,39.0,32.0,-0.0030632107251067353,-0.0017650185808415486,128.0,512.0,6400000.0
1.0,512.0,2.0,1.0,1.0,1.0,39.0,32.0,-0.0030632107251067353,-0.0017650185808415486,128.0,2.0,6400000.0
1.0,2.0,2.0,1.0,1.0,1.0,39.0,32.0,-0.0030632107251067353,-0.0017650185808415486,0.00390625,16384.0,6400000.0
1.0,512.0,2.0,1.0,1.0,1.0,39.0,32.0,-0.0030632107251067353,-0.0017650185808415486,256.0,32768.0,6400000.0
1.0,512.0,2.0,1.0,1.0,1.0,39.0,32.0,-0.0030632107251067353,-0.0017650185808415486,512.0,0.015625,6400000.0
1.0,512.0,2.0,1.0,1.0,1.0,39.0,32.0,-0.0030632107251067353,-0.0017650185808415486,512.0,0.000976562,6400000.0
1.0,2.0,1.0,1.0,1.0,1.0,35.0,32.0,-0.0030632107251067353,-0.0017650185808415486,32768.0,0.5,6400000.0
2.0,2.0,2.0,2.0,6.0,4.0,214.0,384.0,0.07262288558772911,0.07510528703488584,0.0078125,64.0,6400000.0
1.0,512.0,2.0,1.0,1.0,1.0,39.0,32.0,-0.0030632107251067353,-0.0017650185808415486,512.0,0.00390625,6400000.0
1.0,512.0,2.0,1.0,1.0,1.0,39.0,32.0,-0.0030632107251067353,-0.0017650185808415486,128.0,2048.0,6400000.0
1.0,512.0,2.0,1.0,1.0,1.0,39.0,32.0,-0.0030632107251067353,-0.0017650185808415486,512.0,0.0625,6400000.0
1.0,512.0,2.0,1.0,1.0,1.0,39.0,32.0,-0.0030632107251067353,-0.0017650185808415486,128.0,128.0,6400000.0
1.0,512.0,2.0,1.0,1.0,1.0,39.0,32.0,-0.0030632107251067353,-0.0017650185808415486,512.0,0.25,6400000.0
1.0,512.0,2.0,1.0,1.0,1.0,39.0,32.0,-0.0030632107251067353,-0.0017650185808415486,128.0,8192.0,6400000.0
1.0,512.0,2.0,1.0,1.0,1.0,39.0,32.0,-0.0030632107251067353,-0.0017650185808415486,512.0,1.0,6400000.0
2.0,2.0,2.0,3.0,14.0,8.0,429.0,1024.0,0.09513138924499842,0.09993826347427859,0.000976562,4.0,6400000.0
1.0,512.0,2.0,1.0,1.0,1.0,39.0,32.0,-0.0030632107251067353,-0.0017650185808415486,256.0,0.000976562,6400000.0
1.0,512.0,2.0,1.0,1.0,1.0,39.0,32.0,-0.0030632107251067353,-0.0017650185808415486,128.0,32768.0,6400000.0
1.0,2.0,2.0,1.0,1.0,1.0,39.0,32.0,-0.0030632107251067353,-0.0017650185808415486,0.0,1024.0,6400000.0
1.0,512.0,2.0,1.0,1.0,1.0,39.0,32.0,-0.0030632107251067353,-0.0017650185808415486,256.0,0.00390625,6400000.0
1.0,2.0,1.0,1.0,1.0,1.0,35.0,32.0,-0.0030632107251067353,-0.0017650185808415486,32768.0,0.000976562,6400000.0
1.0,1.0,1.0,1.0,1.0,1.0,35.0,32.0,-0.0030632107251067353,-0.0017650185808415486,4.0,4096.0,6400000.0
2.0,2.0,2.0,3.0,14.0,8.0,429.0,1024.0,0.09513138924499842,0.09993826347427859,0.00195312,0.015625,6400000.0
2.0,2.0,2.0,3.0,14.0,8.0,429.0,1024.0,0.09513138924499842,0.09993826347427859,0.0,0.00195312,6400000.0
1.0,2.0,2.0,1.0,1.0,1.0,39.0,32.0,-0.0030632107251067353,-0.0017650185808415486,0.00195312,8192.0,6400000.0
1.0,512.0,2.0,1.0,1.0,1.0,39.0,32.0,-0.0030632107251067353,-0.0017650185808415486,512.0,16.0,6400000.0
1.0,2.0,1.0,1.0,1.0,1.0,35.0,32.0,-0.0030632107251067353,-0.0017650185808415486,32768.0,512.0,6400000.0
1.0,512.0,2.0,1.0,1.0,1.0,39.0,32.0,-0.0030632107251067353,-0.0017650185808415486,256.0,0.015625,6400000.0
1.0,512.0,2.0,1.0,1.0,1.0,39.0,32.0,-0.0030632107251067353,-0.0017650185808415486,512.0,4.0,6400000.0
1.0,512.0,2.0,1.0,1.0,1.0,39.0,32.0,-0.0030632107251067353,-0.0017650185808415486,256.0,0.0625,6400000.0
1.0,512.0,2.0,1.0,1.0,1.0,39.0,32.0,-0.0030632107251067353,-0.0017650185808415486,256.0,0.25,6400000.0
1.0,512.0,2.0,1.0,1.0,1.0,39.0,32.0,-0.0030632107251067353,-0.0017650185808415486,256.0,64.0,6400000.0
2.0,2.0,2.0,3.0,14.0,8.0,429.0,1024.0,0.09513138924499842,0.09993826347427859,0.0078125,0.125,6400000.0
2.0,2.0,2.0,2.0,6.0,4.0,214.0,384.0,0.07262288558772911,0.07510528703488584,0.00390625,32.0,6400000.0
1.0,512.0,2.0,1.0,1.0,1.0,39.0,32.0,-0.0030632107251067353,-0.0017650185808415486,256.0,1.0,6400000.0
2.0,2.0,2.0,3.0,14.0,8.0,429.0,1024.0,0.09513138924499842,0.09993826347427859,0.0,2.0,6400000.0
1.0,512.0,2.0,1.0,1.0,1.0,39.0,32.0,-0.0030632107251067353,-0.0017650185808415486,256.0,16.0,6400000.0
2.0,2.0,2.0,3.0,14.0,8.0,429.0,1024.0,0.09513138924499842,0.09993826347427859,0.015625,0.0,6400000.0
1.0,512.0,2.0,1.0,1.0,1.0,39.0,32.0,-0.0030632107251067353,-0.0017650185808415486,256.0,256.0,6400000.0
1.0,512.0,2.0,1.0,1.0,1.0,39.0,32.0,-0.0030632107251067353,-0.0017650185808415486,512.0,256.0,6400000.0
1.0,512.0,2.0,1.0,1.0,1.0,39.0,32.0,-0.0030632107251067353,-0.0017650185808415486,512.0,64.0,6400000.0
1.0,2.0,2.0,1.0,1.0,1.0,39.0,32.0,-0.0030632107251067353,-0.0017650185808415486,0.000976562,4096.0,6400000.0
1.0,512.0,2.0,1.0,1.0,1.0,39.0,32.0,-0.0030632107251067353,-0.0017650185808415486,512.0,4096.0,6400000.0
1.0,512.0,2.0,1.0,1.0,1.0,39.0,32.0,-0.0030632107251067353,-0.0017650185808415486,512.0,16384.0,6400000.0
1.0,512.0,2.0,1.0,1.0,1.0,39.0,32.0,-0.0030632107251067353,-0.0017650185808415486,256.0,4.0,6400000.0
1.0,512.0,2.0,1.0,1.0,1.0,39.0,32.0,-0.0030632107251067353,-0.0017650185808415486,512.0,1024.0,6400000.0
2.0,2.0,2.0,3.0,10.0,6.0,295.0,704.0,0.09231549576014253,0.09427300599869859,0.00195312,16.0,6400000.0
1.0,512.0,2.0,1.0,1.0,1.0,39.0,32.0,-0.0030632107251067353,-0.0017650185808415486,256.0,1024.0,6400000.0
2.0,2.0,2.0,3.0,14.0,8.0,429.0,1024.0,0.09513138924499842,0.09993826347427859,0.000976562,0.0078125,6400000.0
1.0,512.0,2.0,1.0,1.0,1.0,39.0,32.0,-0.0030632107251067353,-0.0017650185808415486,256.0,4096.0,6400000.0
2.0,2.0,2.0,3.0,14.0,8.0,429.0,1024.0,0.09513138924499842,0.09993826347427859,0.00390625,0.0625,6400000.0
1.0,512.0,2.0,1.0,1.0,1.0,39.0,32.0,-0.0030632107251067353,-0.0017650185808415486,1024.0,0.0,6400000.0
1.0,512.0,2.0,1.0,1.0,1.0,39.0,32.0,-0.0030632107251067353,-0.0017650185808415486,1024.0,0.00195312,6400000.0
1.0,512.0,2.0,1.0,1.0,1.0,39.0,32.0,-0.0030632107251067353,-0.0017650185808415486,1024.0,0.0078125,6400000.0
1.0,512.0,2.0,1.0,1.0,1.0,39.0,32.0,-0.0030632107251067353,-0.0017650185808415486,1024.0,0.03125,6400000.0
1.0,2.0,2.0,1.0,1.0,1.0,39.0,32.0,-0.0030632107251067353,-0.0017650185808415486,0.00390625,32768.0,6400000.0
1.0,512.0,2.0,1.0,1.0,1.0,39.0,32.0,-0.0030632107251067353,-0.0017650185808415486,512.0,0.03125,6400000.0
1.0,512.0,2.0,1.0,1.0,1.0,39.0,32.0,-0.0030632107251067353,-0.0017650185808415486,256.0,16384.0,6400000.0
1.0,512.0,2.0,1.0,1.0,1.0,39.0,32.0,-0.0030632107251067353,-0.0017650185808415486,1024.0,0.125,6400000.0
1.0,512.0,2.0,1.0,1.0,1.0,39.0,32.0,-0.0030632107251067353,-0.0017650185808415486,512.0,0.0,6400000.0
1.0,512.0,2.0,1.0,1.0,1.0,39.0,32.0,-0.0030632107251067353,-0.0017650185808415486,512.0,0.00195312,6400000.0
2.0,2.0,2.0,3.0,14.0,8.0,429.0,1024.0,0.09513138924499842,0.09993826347427859,0.015625,0.5,6400000.0
1.0,512.0,2.0,1.0,1.0,1.0,39.0,32.0,-0.0030632107251067353,-0.0017650185808415486,512.0,0.0078125,6400000.0
1.0,512.0,2.0,1.0,1.0,1.0,39.0,32.0,-0.0030632107251067353,-0.0017650185808415486,1024.0,8.0,6400000.0
1.0,512.0,2.0,1.0,1.0,1.0,39.0,32.0,-0.0030632107251067353,-0.0017650185808415486,1024.0,0.5,6400000.0
1.0,512.0,2.0,1.0,1.0,1.0,39.0,32.0,-0.0030632107251067353,-0.0017650185808415486,512.0,0.125,6400000.0
1.0,512.0,2.0,1.0,1.0,1.0,39.0,32.0,-0.0030632107251067353,-0.0017650185808415486,1024.0,2.0,6400000.0
1.0,2.0,1.0,1.0,1.0,1.0,35.0,32.0,-0.0030632107251067353,-0.0017650185808415486,32768.0,1.0,6400000.0
1.0,2.0,2.0,1.0,1.0,1.0,39.0,32.0,-0.0030632107251067353,-0.0017650185808415486,0.0078125,128.0,6400000.0
1.0,512.0,2.0,1.0,1.0,1.0,39.0,32.0,-0.0030632107251067353,-0.0017650185808415486,512.0,0.5,6400000.0
1.0,512.0,2.0,1.0,1.0,1.0,39.0,32.0,-0.0030632107251067353,-0.0017650185808415486,1024.0,32.0,6400000.0
1.0,512.0,2.0,1.0,1.0,1.0,39.0,32.0,-0.0030632107251067353,-0.0017650185808415486,1024.0,128.0,6400000.0
1.0,512.0,2.0,1.0,1.0,1.0,39.0,32.0,-0.0030632107251067353,-0.0017650185808415486,512.0,2.0,6400000.0
1.0,512.0,2.0,1.0,1.0,1.0,39.0,32.0,-0.0030632107251067353,-0.0017650185808415486,1024.0,512.0,6400000.0
1.0,2.0,2.0,1.0,1.0,1.0,39.0,32.0,-0.0030632107251067353,-0.0017650185808415486,0.0,2048.0,6400000.0
2.0,2.0,2.0,3.0,12.0,7.0,363.0,864.0,0.09413973999029857,0.09778814733003183,0.000976562,8.0,6400000.0
1.0,512.0,2.0,1.0,1.0,1.0,39.0,32.0,-0.0030632107251067353,-0.0017650185808415486,1024.0,2048.0,6400000.0
1.0,512.0,2.0,1.0,1.0,1.0,39.0,32.0,-0.0030632107251067353,-0.0017650185808415486,1024.0,8192.0,6400000.0
1.0,512.0,2.0,1.0,1.0,1.0,39.0,32.0,-0.0030632107251067353,-0.0017650185808415486,1024.0,32768.0,6400000.0
1.0,1.0,1.0,1.0,1.0,1.0,35.0,32.0,-0.0030632107251067353,-0.0017650185808415486,4.0,8192.0,6400000.0
2.0,2.0,2.0,3.0,14.0,8.0,429.0,1024.0,0.09513138924499842,0.09993826347427859,0.0,0.00390625,6400000.0
2.0,2.0,2.0,3.0,14.0,8.0,429.0,1024.0,0.09513138924499842,0.09993826347427859,0.00195312,0.03125,6400000.0
1.0,512.0,2.0,1.0,1.0,1.0,39.0,32.0,-0.0030632107251067353,-0.0017650185808415486,2048.0,0.000976562,6400000.0
1.0,2.0,2.0,1.0,1.0,1.0,39.0,32.0,-0.0030632107251067353,-0.0017650185808415486,0.00195312,16384.0,6400000.0
1.0,2.0,1.0,1.0,1.0,1.0,35.0,32.0,-0.0030632107251067353,-0.0017650185808415486,32768.0,1024.0,6400000.0
1.0,512.0,2.0,1.0,1.0,1.0,39.0,32.0,-0.0030632107251067353,-0.0017650185808415486,512.0,8.0,6400000.0
1.0,512.0,2.0,1.0,1.0,1.0,39.0,32.0,-0.0030632107251067353,-0.0017650185808415486,512.0,32.0,6400000.0
1.0,512.0,2.0,1.0,1.0,1.0,39.0,32.0,-0.0030632107251067353,-0.0017650185808415486,2048.0,0.00390625,6400000.0
2.0,2.0,2.0,2.0,6.0,4.0,214.0,384.0,0.07262288558772911,0.07510528703488584,0.00390625,64.0,6400000.0
2.0,2.0,2.0,3.0,14.0,8.0,429.0,1024.0,0.09513138924499842,0.09993826347427859,0.0078125,0.25,6400000.0
2.0,2.0,2.0,3.0,14.0,8.0,429.0,1024.0,0.09513138924499842,0.09993826347427859,0.0,4.0,6400000.0
1.0,512.0,2.0,1.0,1.0,1.0,39.0,32.0,-0.0030632107251067353,-0.0017650185808415486,2048.0,0.015625,6400000.0
1.0,2.0,2.0,1.0,1.0,1.0,39.0,32.0,-0.0030632107251067353,-0.0017650185808415486,0.015625,512.0,6400000.0
1.0,1.0,1.0,2.0,3.0,2.0,108.0,192.0,0.03911015413878083,0.040912063041146696,8.0,0.00195312,6400000.0
2.0,2.0,2.0,3.0,14.0,8.0,429.0,1024.0,0.09513138924499842,0.09993826347427859,0.015625,0.000976562,6400000.0
1.0,512.0,2.0,1.0,1.0,1.0,39.0,32.0,-0.0030632107251067353,-0.0017650185808415486,2048.0,0.25,6400000.0
1.0,512.0,2.0,1.0,1.0,1.0,39.0,32.0,-0.0030632107251067353,-0.0017650185808415486,512.0,512.0,6400000.0
1.0,512.0,2.0,1.0,1.0,1.0,39.0,32.0,-0.0030632107251067353,-0.0017650185808415486,512.0,128.0,6400000.0
1.0,2.0,2.0,1.0,1.0,1.0,39.0,32.0,-0.0030632107251067353,-0.0017650185808415486,0.000976562,8192.0,6400000.0
1.0,512.0,2.0,1.0,1.0,1.0,39.0,32.0,-0.0030632107251067353,-0.0017650185808415486,2048.0,1.0,6400000.0
1.0,512.0,2.0,1.0,1.0,1.0,39.0,32.0,-0.0030632107251067353,-0.0017650185808415486,512.0,8192.0,6400000.0
1.0,512.0,2.0,1.0,1.0,1.0,39.0,32.0,-0.0030632107251067353,-0.0017650185808415486,2048.0,0.0625,6400000.0
1.0,512.0,2.0,1.0,1.0,1.0,39.0,32.0,-0.0030632107251067353,-0.0017650185808415486,512.0,32768.0,6400000.0
1.0,512.0,2.0,1.0,1.0,1.0,39.0,32.0,-0.0030632107251067353,-0.0017650185808415486,512.0,2048.0,6400000.0
2.0,2.0,2.0,2.0,6.0,4.0,214.0,384.0,0.07262288558772911,0.07510528703488584,0.00195312,32.0,6400000.0
1.0,512.0,2.0,1.0,1.0,1.0,39.0,32.0,-0.0030632107251067353,-0.0017650185808415486,2048.0,4.0,6400000.0
2.0,2.0,2.0,3.0,14.0,8.0,429.0,1024.0,0.09513138924499842,0.09993826347427859,0.000976562,0.015625,6400000.0
2.0,2.0,2.0,3.0,14.0,8.0,429.0,1024.0,0.09513138924499842,0.09993826347427859,0.00390625,0.125,6400000.0
1.0,512.0,2.0,1.0,1.0,1.0,39.0,32.0,-0.0030632107251067353,-0.0017650185808415486,2048.0,16.0,6400000.0
1.0,512.0,2.0,1.0,1.0,1.0,39.0,32.0,-0.0030632107251067353,-0.0017650185808415486,1024.0,0.000976562,6400000.0
1.0,512.0,2.0,1.0,1.0,1.0,39.0,32.0,-0.0030632107251067353,-0.0017650185808415486,2048.0,64.0,6400000.0
2.0,2.0,2.0,3.0,14.0,8.0,429.0,1024.0,0.09513138924499842,0.09993826347427859,0.0078125,0.0,6400000.0
1.0,512.0,2.0,1.0,1.0,1.0,39.0,32.0,-0.0030632107251067353,-0.0017650185808415486,1024.0,0.015625,6400000.0
1.0,512.0,2.0,1.0,1.0,1.0,39.0,32.0,-0.0030632107251067353,-0.0017650185808415486,1024.0,0.00390625,6400000.0
1.0,512.0,2.0,1.0,1.0,1.0,39.0,32.0,-0.0030632107251067353,-0.0017650185808415486,1024.0,0.0625,6400000.0
1.0,512.0,2.0,1.0,1.0,1.0,39.0,32.0,-0.0030632107251067353,-0.0017650185808415486,1024.0,0.25,6400000.0
2.0,2.0,2.0,3.0,14.0,8.0,429.0,1024.0,0.09513138924499842,0.09993826347427859,0.015625,1.0,6400000.0
1.0,2.0,2.0,1.0,1.0,1.0,39.0,32.0,-0.0030632107251067353,-0.0017650185808415486,0.0078125,256.0,6400000.0
1.0,512.0,2.0,1.0,1.0,1.0,39.0,32.0,-0.0030632107251067353,-0.0017650185808415486,2048.0,4096.0,6400000.0
1.0,512.0,2.0,1.0,1.0,1.0,39.0,32.0,-0.0030632107251067353,-0.0017650185808415486,1024.0,16.0,6400000.0
1.0,512.0,2.0,1.0,1.0,1.0,39.0,32.0,-0.0030632107251067353,-0.0017650185808415486,2048.0,16384.0,6400000.0
1.0,512.0,2.0,1.0,1.0,1.0,39.0,32.0,-0.0030632107251067353,-0.0017650185808415486,1024.0,4.0,6400000.0
1.0,512.0,2.0,1.0,1.0,1.0,39.0,32.0,-0.0030632107251067353,-0.0017650185808415486,2048.0,1024.0,6400000.0
1.0,512.0,2.0,1.0,1.0,1.0,39.0,32.0,-0.0030632107251067353,-0.0017650185808415486,1024.0,64.0,6400000.0
1.0,512.0,2.0,1.0,1.0,1.0,39.0,32.0,-0.0030632107251067353,-0.0017650185808415486,2048.0,256.0,6400000.0
1.0,512.0,2.0,1.0,1.0,1.0,39.0,32.0,-0.0030632107251067353,-0.0017650185808415486,4096.0,0.0078125,6400000.0
1.0,512.0,2.0,1.0,1.0,1.0,39.0,32.0,-0.0030632107251067353,-0.0017650185808415486,1024.0,1.0,6400000.0
1.0,512.0,2.0,1.0,1.0,1.0,39.0,32.0,-0.0030632107251067353,-0.0017650185808415486,4096.0,0.00195312,6400000.0
1.0,512.0,2.0,1.0,1.0,1.0,39.0,32.0,-0.0030632107251067353,-0.0017650185808415486,1024.0,256.0,6400000.0
1.0,512.0,2.0,1.0,1.0,1.0,39.0,32.0,-0.0030632107251067353,-0.0017650185808415486,4096.0,0.0,6400000.0
2.0,2.0,2.0,3.0,14.0,8.0,429.0,1024.0,0.09513138924499842,0.09993826347427859,0.03125,0.00390625,6400000.0
1.0,512.0,2.0,1.0,1.0,1.0,39.0,32.0,-0.0030632107251067353,-0.0017650185808415486,1024.0,1024.0,6400000.0
1.0,512.0,2.0,1.0,1.0,1.0,39.0,32.0,-0.0030632107251067353,-0.0017650185808415486,1024.0,4096.0,6400000.0
1.0,2.0,2.0,1.0,1.0,1.0,39.0,32.0,-0.0030632107251067353,-0.0017650185808415486,0.0,4096.0,6400000.0
1.0,512.0,2.0,1.0,1.0,1.0,39.0,32.0,-0.0030632107251067353,-0.0017650185808415486,4096.0,0.03125,6400000.0
1.0,512.0,2.0,1.0,1.0,1.0,39.0,32.0,-0.0030632107251067353,-0.0017650185808415486,1024.0,16384.0,6400000.0
1.0,1.0,1.0,1.0,1.0,1.0,35.0,32.0,-0.0030632107251067353,-0.0017650185808415486,4.0,16384.0,6400000.0
2.0,2.0,2.0,3.0,10.0,6.0,295.0,704.0,0.09231549576014253,0.09427300599869859,0.000976562,16.0,6400000.0
1.0,512.0,2.0,1.0,1.0,1.0,39.0,32.0,-0.0030632107251067353,-0.0017650185808415486,2048.0,0.0,6400000.0
2.0,2.0,2.0,3.0,14.0,8.0,429.0,1024.0,0.09513138924499842,0.09993826347427859,0.00195312,0.0625,6400000.0
2.0,2.0,2.0,3.0,14.0,8.0,429.0,1024.0,0.09513138924499842,0.09993826347427859,0.0,0.0078125,6400000.0
1.0,2.0,2.0,1.0,1.0,1.0,39.0,32.0,-0.0030632107251067353,-0.0017650185808415486,0.00195312,32768.0,6400000.0
1.0,512.0,2.0,1.0,1.0,1.0,39.0,32.0,-0.0030632107251067353,-0.0017650185808415486,2048.0,0.00195312,6400000.0
1.0,512.0,2.0,1.0,1.0,1.0,39.0,32.0,-0.0030632107251067353,-0.0017650185808415486,4096.0,0.5,6400000.0
1.0,512.0,2.0,1.0,1.0,1.0,39.0,32.0,-0.0030632107251067353,-0.0017650185808415486,4096.0,2.0,6400000.0
1.0,512.0,2.0,1.0,1.0,1.0,39.0,32.0,-0.0030632107251067353,-0.0017650185808415486,2048.0,0.0078125,6400000.0
1.0,512.0,2.0,1.0,1.0,1.0,39.0,32.0,-0.0030632107251067353,-0.0017650185808415486,4096.0,0.125,6400000.0
1.0,2.0,2.0,1.0,1.0,1.0,39.0,32.0,-0.0030632107251067353,-0.0017650185808415486,0.00390625,128.0,6400000.0
2.0,2.0,2.0,3.0,14.0,8.0,429.0,1024.0,0.09513138924499842,0.09993826347427859,0.0078125,0.5,6400000.0
2.0,2.0,2.0,3.0,12.0,7.0,363.0,864.0,0.09413973999029857,0.09778814733003183,0.0,8.0,6400000.0
1.0,512.0,2.0,1.0,1.0,1.0,39.0,32.0,-0.0030632107251067353,-0.0017650185808415486,2048.0,0.5,6400000.0
1.0,1.0,1.0,2.0,3.0,2.0,108.0,192.0,0.03911015413878083,0.040912063041146696,8.0,0.00390625,6400000.0
1.0,2.0,2.0,1.0,1.0,1.0,39.0,32.0,-0.0030632107251067353,-0.0017650185808415486,0.015625,1024.0,6400000.0
1.0,512.0,2.0,1.0,1.0,1.0,39.0,32.0,-0.0030632107251067353,-0.0017650185808415486,2048.0,2.0,6400000.0
1.0,512.0,2.0,1.0,1.0,1.0,39.0,32.0,-0.0030632107251067353,-0.0017650185808415486,2048.0,0.03125,6400000.0
1.0,2.0,2.0,1.0,1.0,1.0,39.0,32.0,-0.0030632107251067353,-0.0017650185808415486,0.000976562,16384.0,6400000.0
2.0,2.0,2.0,2.0,6.0,4.0,214.0,384.0,0.07262288558772911,0.07510528703488584,0.00195312,64.0,6400000.0
2.0,2.0,2.0,3.0,14.0,8.0,429.0,1024.0,0.09513138924499842,0.09993826347427859,0.03125,4.0,6400000.0
1.0,512.0,2.0,1.0,1.0,1.0,39.0,32.0,-0.0030632107251067353,-0.0017650185808415486,4096.0,8.0,6400000.0
1.0,512.0,2.0,1.0,1.0,1.0,39.0,32.0,-0.0030632107251067353,-0.0017650185808415486,2048.0,0.125,6400000.0
1.0,512.0,2.0,1.0,1.0,1.0,39.0,32.0,-0.0030632107251067353,-0.0017650185808415486,4096.0,512.0,6400000.0
2.0,2.0,2.0,3.0,14.0,8.0,429.0,1024.0,0.09513138924499842,0.09993826347427859,0.015625,0.00195312,6400000.0
1.0,512.0,2.0,1.0,1.0,1.0,39.0,32.0,-0.0030632107251067353,-0.0017650185808415486,4096.0,32.0,6400000.0
1.0,512.0,2.0,1.0,1.0,1.0,39.0,32.0,-0.0030632107251067353,-0.0017650185808415486,2048.0,8.0,6400000.0
1.0,512.0,2.0,1.0,1.0,1.0,39.0,32.0,-0.0030632107251067353,-0.0017650185808415486,4096.0,128.0,6400000.0
2.0,2.0,2.0,3.0,14.0,8.0,429.0,1024.0,0.09513138924499842,0.09993826347427859,0.000976562,0.03125,6400000.0
2.0,2.0,2.0,3.0,14.0,8.0,429.0,1024.0,0.09513138924499842,0.09993826347427859,0.00390625,0.25,6400000.0
1.0,512.0,2.0,1.0,1.0,1.0,39.0,32.0,-0.0030632107251067353,-0.0017650185808415486,2048.0,32.0,6400000.0
1.0,512.0,2.0,1.0,1.0,1.0,39.0,32.0,-0.0030632107251067353,-0.0017650185808415486,2048.0,128.0,6400000.0
2.0,2.0,2.0,3.0,14.0,8.0,429.0,1024.0,0.09513138924499842,0.09993826347427859,0.0078125,0.000976562,6400000.0
1.0,512.0,2.0,1.0,1.0,1.0,39.0,32.0,-0.0030632107251067353,-0.0017650185808415486,4096.0,2048.0,6400000.0
1.0,512.0,2.0,1.0,1.0,1.0,39.0,32.0,-0.0030632107251067353,-0.0017650185808415486,4096.0,32768.0,6400000.0
2.0,2.0,2.0,3.0,14.0,8.0,429.0,1024.0,0.09513138924499842,0.09993826347427859,0.015625,2.0,6400000.0
1.0,512.0,2.0,1.0,1.0,1.0,39.0,32.0,-0.0030632107251067353,-0.0017650185808415486,8192.0,0.00390625,6400000.0
1.0,2.0,2.0,1.0,1.0,1.0,39.0,32.0,-0.0030632107251067353,-0.0017650185808415486,0.0078125,512.0,6400000.0
1.0,512.0,2.0,1.0,1.0,1.0,39.0,32.0,-0.0030632107251067353,-0.0017650185808415486,4096.0,8192.0,6400000.0
1.0,512.0,2.0,1.0,1.0,1.0,39.0,32.0,-0.0030632107251067353,-0.0017650185808415486,8192.0,0.000976562,6400000.0
1.0,512.0,2.0,1.0,1.0,1.0,39.0,32.0,-0.0030632107251067353,-0.0017650185808415486,4096.0,0.00390625,6400000.0
1.0,512.0,2.0,1.0,1.0,1.0,39.0,32.0,-0.0030632107251067353,-0.0017650185808415486,2048.0,2048.0,6400000.0
1.0,512.0,2.0,1.0,1.0,1.0,39.0,32.0,-0.0030632107251067353,-0.0017650185808415486,4096.0,0.015625,6400000.0
1.0,512.0,2.0,1.0,1.0,1.0,39.0,32.0,-0.0030632107251067353,-0.0017650185808415486,2048.0,32768.0,6400000.0
1.0,512.0,2.0,1.0,1.0,1.0,39.0,32.0,-0.0030632107251067353,-0.0017650185808415486,2048.0,512.0,6400000.0
1.0,512.0,2.0,1.0,1.0,1.0,39.0,32.0,-0.0030632107251067353,-0.0017650185808415486,2048.0,8192.0,6400000.0
1.0,512.0,2.0,1.0,1.0,1.0,39.0,32.0,-0.0030632107251067353,-0.0017650185808415486,8192.0,0.015625,6400000.0
2.0,2.0,2.0,3.0,14.0,8.0,429.0,1024.0,0.09513138924499842,0.09993826347427859,0.03125,0.0078125,6400000.0
1.0,512.0,2.0,1.0,1.0,1.0,39.0,32.0,-0.0030632107251067353,-0.0017650185808415486,8192.0,0.25,6400000.0
1.0,512.0,2.0,1.0,1.0,1.0,39.0,32.0,-0.0030632107251067353,-0.0017650185808415486,4096.0,0.000976562,6400000.0
1.0,512.0,2.0,1.0,1.0,1.0,39.0,32.0,-0.0030632107251067353,-0.0017650185808415486,8192.0,0.0625,6400000.0
1.0,512.0,2.0,1.0,1.0,1.0,39.0,32.0,-0.0030632107251067353,-0.0017650185808415486,8192.0,4.0,6400000.0
1.0,512.0,2.0,1.0,1.0,1.0,39.0,32.0,-0.0030632107251067353,-0.0017650185808415486,8192.0,1.0,6400000.0
1.0,2.0,2.0,1.0,1.0,1.0,39.0,32.0,-0.0030632107251067353,-0.0017650185808415486,0.0,8192.0,6400000.0
1.0,2.0,2.0,1.0,1.0,1.0,39.0,32.0,-0.0030632107251067353,-0.0017650185808415486,0.03125,4096.0,6400000.0
1.0,1.0,1.0,1.0,1.0,1.0,35.0,32.0,-0.0030632107251067353,-0.0017650185808415486,4.0,32768.0,6400000.0
1.0,512.0,2.0,1.0,1.0,1.0,39.0,32.0,-0.0030632107251067353,-0.0017650185808415486,8192.0,16.0,6400000.0
1.0,512.0,2.0,1.0,1.0,1.0,39.0,32.0,-0.0030632107251067353,-0.0017650185808415486,4096.0,0.0625,6400000.0
1.0,512.0,2.0,1.0,1.0,1.0,39.0,32.0,-0.0030632107251067353,-0.0017650185808415486,8192.0,64.0,6400000.0
2.0,2.0,2.0,2.0,6.0,4.0,214.0,384.0,0.07262288558772911,0.07510528703488584,0.000976562,32.0,6400000.0
2.0,2.0,2.0,3.0,14.0,8.0,429.0,1024.0,0.09513138924499842,0.09993826347427859,0.00195312,0.125,6400000.0
2.0,2.0,2.0,3.0,14.0,8.0,429.0,1024.0,0.09513138924499842,0.09993826347427859,0.00390625,0.0,6400000.0
1.0,512.0,2.0,1.0,1.0,1.0,39.0,32.0,-0.0030632107251067353,-0.0017650185808415486,8192.0,4096.0,6400000.0
1.0,512.0,2.0,1.0,1.0,1.0,39.0,32.0,-0.0030632107251067353,-0.0017650185808415486,8192.0,256.0,6400000.0
1.0,512.0,2.0,1.0,1.0,1.0,39.0,32.0,-0.0030632107251067353,-0.0017650185808415486,8192.0,1024.0,6400000.0
1.0,512.0,2.0,1.0,1.0,1.0,39.0,32.0,-0.0030632107251067353,-0.0017650185808415486,4096.0,1.0,6400000.0
1.0,512.0,2.0,1.0,1.0,1.0,39.0,32.0,-0.0030632107251067353,-0.0017650185808415486,4096.0,4.0,6400000.0
1.0,512.0,2.0,1.0,1.0,1.0,39.0,32.0,-0.0030632107251067353,-0.0017650185808415486,4096.0,0.25,6400000.0
1.0,2.0,2.0,1.0,1.0,1.0,39.0,32.0,-0.0030632107251067353,-0.0017650185808415486,0.00390625,256.0,6400000.0
2.0,2.0,2.0,3.0,14.0,8.0,429.0,1024.0,0.09513138924499842,0.09993826347427859,0.0078125,1.0,6400000.0
1.0,1.0,1.0,2.0,3.0,2.0,108.0,192.0,0.03911015413878083,0.040912063041146696,8.0,0.0078125,6400000.0
1.0,512.0,2.0,1.0,1.0,1.0,39.0,32.0,-0.0030632107251067353,-0.0017650185808415486,8192.0,16384.0,6400000.0
1.0,2.0,2.0,1.0,1.0,1.0,39.0,32.0,-0.0030632107251067353,-0.0017650185808415486,0.015625,2048.0,6400000.0
1.0,2.0,2.0,1.0,1.0,1.0,39.0,32.0,-0.0030632107251067353,-0.0017650185808415486,0.000976562,32768.0,6400000.0
1.0,512.0,2.0,1.0,1.0,1.0,39.0,32.0,-0.0030632107251067353,-0.0017650185808415486,16384.0,0.00195312,6400000.0
1.0,2.0,2.0,1.0,1.0,1.0,39.0,32.0,-0.0030632107251067353,-0.0017650185808415486,0.00195312,128.0,6400000.0
1.0,512.0,2.0,1.0,1.0,1.0,39.0,32.0,-0.0030632107251067353,-0.0017650185808415486,16384.0,0.0,6400000.0
1.0,512.0,2.0,1.0,1.0,1.0,39.0,32.0,-0.0030632107251067353,-0.0017650185808415486,4096.0,16.0,6400000.0
1.0,512.0,2.0,1.0,1.0,1.0,39.0,32.0,-0.0030632107251067353,-0.0017650185808415486,4096.0,64.0,6400000.0
1.0,512.0,2.0,1.0,1.0,1.0,39.0,32.0,-0.0030632107251067353,-0.0017650185808415486,4096.0,1024.0,6400000.0
1.0,512.0,2.0,1.0,1.0,1.0,39.0,32.0,-0.0030632107251067353,-0.0017650185808415486,16384.0,0.0078125,6400000.0
2.0,2.0,2.0,3.0,14.0,8.0,429.0,1024.0,0.09513138924499842,0.09993826347427859,0.0625,0.03125,6400000.0
2.0,2.0,2.0,3.0,14.0,8.0,429.0,1024.0,0.09513138924499842,0.09993826347427859,0.015625,0.00390625,6400000.0
2.0,2.0,2.0,3.0,12.0,7.0,363.0,864.0,0.09413973999029857,0.09778814733003183,0.03125,8.0,6400000.0
2.0,2.0,2.0,3.0,14.0,8.0,429.0,1024.0,0.09513138924499842,0.09993826347427859,0.00390625,0.5,6400000.0
1.0,512.0,2.0,1.0,1.0,1.0,39.0,32.0,-0.0030632107251067353,-0.0017650185808415486,16384.0,0.03125,6400000.0
2.0,2.0,2.0,3.0,14.0,8.0,429.0,1024.0,0.09513138924499842,0.09993826347427859,0.000976562,0.0625,6400000.0
1.0,512.0,2.0,1.0,1.0,1.0,39.0,32.0,-0.0030632107251067353,-0.0017650185808415486,16384.0,0.125,6400000.0
1.0,512.0,2.0,1.0,1.0,1.0,39.0,32.0,-0.0030632107251067353,-0.0017650185808415486,4096.0,256.0,6400000.0
1.0,512.0,2.0,1.0,1.0,1.0,39.0,32.0,-0.0030632107251067353,-0.0017650185808415486,16384.0,0.5,6400000.0
1.0,512.0,2.0,1.0,1.0,1.0,39.0,32.0,-0.0030632107251067353,-0.0017650185808415486,16384.0,2.0,6400000.0
1.0,512.0,2.0,1.0,1.0,1.0,39.0,32.0,-0.0030632107251067353,-0.0017650185808415486,4096.0,4096.0,6400000.0
2.0,2.0,2.0,3.0,14.0,8.0,429.0,1024.0,0.09513138924499842,0.09993826347427859,0.0078125,0.00195312,6400000.0
1.0,512.0,2.0,1.0,1.0,1.0,39.0,32.0,-0.0030632107251067353,-0.0017650185808415486,8192.0,0.0,6400000.0
2.0,2.0,2.0,3.0,14.0,8.0,429.0,1024.0,0.09513138924499842,0.09993826347427859,0.015625,4.0,6400000.0
1.0,512.0,2.0,1.0,1.0,1.0,39.0,32.0,-0.0030632107251067353,-0.0017650185808415486,8192.0,0.00195312,6400000.0
1.0,2.0,2.0,1.0,1.0,1.0,39.0,32.0,-0.0030632107251067353,-0.0017650185808415486,0.0078125,1024.0,6400000.0
1.0,512.0,2.0,1.0,1.0,1.0,39.0,32.0,-0.0030632107251067353,-0.0017650185808415486,8192.0,0.0078125,6400000.0
1.0,512.0,2.0,1.0,1.0,1.0,39.0,32.0,-0.0030632107251067353,-0.0017650185808415486,4096.0,16384.0,6400000.0
1.0,512.0,2.0,1.0,1.0,1.0,39.0,32.0,-0.0030632107251067353,-0.0017650185808415486,16384.0,32.0,6400000.0
2.0,2.0,2.0,3.0,14.0,8.0,429.0,1024.0,0.09513138924499842,0.09993826347427859,0.03125,0.015625,6400000.0
1.0,512.0,2.0,1.0,1.0,1.0,39.0,32.0,-0.0030632107251067353,-0.0017650185808415486,8192.0,0.03125,6400000.0
1.0,512.0,2.0,1.0,1.0,1.0,39.0,32.0,-0.0030632107251067353,-0.0017650185808415486,16384.0,128.0,6400000.0
1.0,512.0,2.0,1.0,1.0,1.0,39.0,32.0,-0.0030632107251067353,-0.0017650185808415486,16384.0,8192.0,6400000.0
1.0,512.0,2.0,1.0,1.0,1.0,39.0,32.0,-0.0030632107251067353,-0.0017650185808415486,8192.0,2.0,6400000.0
1.0,512.0,2.0,1.0,1.0,1.0,39.0,32.0,-0.0030632107251067353,-0.0017650185808415486,8192.0,0.5,6400000.0
1.0,512.0,2.0,1.0,1.0,1.0,39.0,32.0,-0.0030632107251067353,-0.0017650185808415486,16384.0,512.0,6400000.0
1.0,512.0,2.0,1.0,1.0,1.0,39.0,32.0,-0.0030632107251067353,-0.0017650185808415486,8192.0,8.0,6400000.0
1.0,512.0,2.0,1.0,1.0,1.0,39.0,32.0,-0.0030632107251067353,-0.0017650185808415486,16384.0,2048.0,6400000.0
1.0,512.0,2.0,1.0,1.0,1.0,39.0,32.0,-0.0030632107251067353,-0.0017650185808415486,8192.0,0.125,6400000.0
1.0,1.0,1.0,2.0,3.0,2.0,108.0,192.0,0.03911015413878083,0.040912063041146696,8.0,0.0,6400000.0
1.0,512.0,2.0,1.0,1.0,1.0,39.0,32.0,-0.0030632107251067353,-0.0017650185808415486,16384.0,8.0,6400000.0
1.0,512.0,2.0,1.0,1.0,1.0,39.0,32.0,-0.0030632107251067353,-0.0017650185808415486,8192.0,32.0,6400000.0
1.0,2.0,2.0,1.0,1.0,1.0,39.0,32.0,-0.0030632107251067353,-0.0017650185808415486,0.03125,8192.0,6400000.0
2.0,2.0,2.0,2.0,6.0,4.0,214.0,384.0,0.07262288558772911,0.07510528703488584,0.0625,32.0,6400000.0
1.0,512.0,2.0,1.0,1.0,1.0,39.0,32.0,-0.0030632107251067353,-0.0017650185808415486,16384.0,32768.0,6400000.0
2.0,2.0,2.0,3.0,14.0,8.0,429.0,1024.0,0.09513138924499842,0.09993826347427859,0.00390625,0.000976562,6400000.0
2.0,2.0,2.0,2.0,6.0,4.0,214.0,384.0,0.07262288558772911,0.07510528703488584,0.000976562,64.0,6400000.0
1.0,512.0,2.0,1.0,1.0,1.0,39.0,32.0,-0.0030632107251067353,-0.0017650185808415486,8192.0,128.0,6400000.0
2.0,2.0,2.0,3.0,14.0,8.0,429.0,1024.0,0.09513138924499842,0.09993826347427859,0.00195312,0.25,6400000.0
1.0,512.0,2.0,1.0,1.0,1.0,39.0,32.0,-0.0030632107251067353,-0.0017650185808415486,32768.0,0.000976562,6400000.0
1.0,512.0,2.0,1.0,1.0,1.0,39.0,32.0,-0.0030632107251067353,-0.0017650185808415486,8192.0,512.0,6400000.0
1.0,512.0,2.0,1.0,1.0,1.0,39.0,32.0,-0.0030632107251067353,-0.0017650185808415486,8192.0,2048.0,6400000.0
1.0,512.0,2.0,1.0,1.0,1.0,39.0,32.0,-0.0030632107251067353,-0.0017650185808415486,8192.0,8192.0,6400000.0
1.0,2.0,2.0,1.0,1.0,1.0,39.0,32.0,-0.0030632107251067353,-0.0017650185808415486,0.00390625,512.0,6400000.0
1.0,512.0,2.0,1.0,1.0,1.0,39.0,32.0,-0.0030632107251067353,-0.0017650185808415486,32768.0,0.00390625,6400000.0
1.0,512.0,2.0,1.0,1.0,1.0,39.0,32.0,-0.0030632107251067353,-0.0017650185808415486,32768.0,0.015625,6400000.0
1.0,512.0,2.0,1.0,1.0,1.0,39.0,32.0,-0.0030632107251067353,-0.0017650185808415486,32768.0,0.0625,6400000.0
1.0,512.0,2.0,1.0,1.0,1.0,39.0,32.0,-0.0030632107251067353,-0.0017650185808415486,8192.0,32768.0,6400000.0
1.0,1.0,1.0,2.0,3.0,2.0,108.0,192.0,0.03911015413878083,0.040912063041146696,8.0,0.015625,6400000.0
2.0,2.0,2.0,3.0,14.0,8.0,429.0,1024.0,0.09513138924499842,0.09993826347427859,0.0078125,2.0,6400000.0
1.0,512.0,2.0,1.0,1.0,1.0,39.0,32.0,-0.0030632107251067353,-0.0017650185808415486,16384.0,0.00390625,6400000.0
2.0,2.0,2.0,3.0,14.0,8.0,429.0,1024.0,0.09513138924499842,0.09993826347427859,0.00195312,0.0,6400000.0
1.0,2.0,2.0,1.0,1.0,1.0,39.0,32.0,-0.0030632107251067353,-0.0017650185808415486,0.015625,4096.0,6400000.0
1.0,512.0,2.0,1.0,1.0,1.0,39.0,32.0,-0.0030632107251067353,-0.0017650185808415486,16384.0,0.000976562,6400000.0
1.0,512.0,2.0,1.0,1.0,1.0,39.0,32.0,-0.0030632107251067353,-0.0017650185808415486,32768.0,4.0,6400000.0
1.0,2.0,2.0,1.0,1.0,1.0,39.0,32.0,-0.0030632107251067353,-0.0017650185808415486,0.00195312,256.0,6400000.0
1.0,512.0,2.0,1.0,1.0,1.0,39.0,32.0,-0.0030632107251067353,-0.0017650185808415486,16384.0,0.015625,6400000.0
2.0,2.0,2.0,3.0,10.0,6.0,295.0,704.0,0.09231549576014253,0.09427300599869859,0.03125,16.0,6400000.0
1.0,512.0,2.0,1.0,1.0,1.0,39.0,32.0,-0.0030632107251067353,-0.0017650185808415486,32768.0,0.25,6400000.0
2.0,2.0,2.0,3.0,14.0,8.0,429.0,1024.0,0.09513138924499842,0.09993826347427859,0.015625,0.0078125,6400000.0
2.0,2.0,2.0,3.0,14.0,8.0,429.0,1024.0,0.09513138924499842,0.09993826347427859,0.0625,0.0625,6400000.0
1.0,512.0,2.0,1.0,1.0,1.0,39.0,32.0,-0.0030632107251067353,-0.0017650185808415486,16384.0,0.0625,6400000.0
1.0,512.0,2.0,1.0,1.0,1.0,39.0,32.0,-0.0030632107251067353,-0.0017650185808415486,32768.0,16.0,6400000.0
1.0,512.0,2.0,1.0,1.0,1.0,39.0,32.0,-0.0030632107251067353,-0.0017650185808415486,32768.0,1.0,6400000.0
2.0,2.0,2.0,3.0,14.0,8.0,429.0,1024.0,0.09513138924499842,0.09993826347427859,0.00390625,1.0,6400000.0
1.0,512.0,2.0,1.0,1.0,1.0,39.0,32.0,-0.0030632107251067353,-0.0017650185808415486,16384.0,0.25,6400000.0
1.0,512.0,2.0,1.0,1.0,1.0,39.0,32.0,-0.0030632107251067353,-0.0017650185808415486,16384.0,1.0,6400000.0
1.0,512.0,2.0,1.0,1.0,1.0,39.0,32.0,-0.0030632107251067353,-0.0017650185808415486,32768.0,64.0,6400000.0
1.0,512.0,2.0,1.0,1.0,1.0,39.0,32.0,-0.0030632107251067353,-0.0017650185808415486,16384.0,4.0,6400000.0
2.0,2.0,2.0,3.0,14.0,8.0,429.0,1024.0,0.09513138924499842,0.09993826347427859,0.0078125,0.00390625,6400000.0
2.0,2.0,2.0,3.0,12.0,7.0,363.0,864.0,0.09413973999029857,0.09778814733003183,0.015625,8.0,6400000.0
1.0,512.0,2.0,1.0,1.0,1.0,39.0,32.0,-0.0030632107251067353,-0.0017650185808415486,32768.0,256.0,6400000.0
1.0,2.0,2.0,1.0,1.0,1.0,39.0,32.0,-0.0030632107251067353,-0.0017650185808415486,0.0625,32768.0,6400000.0
2.0,2.0,2.0,3.0,14.0,8.0,429.0,1024.0,0.09513138924499842,0.09993826347427859,0.03125,0.03125,6400000.0
1.0,512.0,2.0,1.0,1.0,1.0,39.0,32.0,-0.0030632107251067353,-0.0017650185808415486,32768.0,4096.0,6400000.0
1.0,512.0,2.0,1.0,1.0,1.0,39.0,32.0,-0.0030632107251067353,-0.0017650185808415486,32768.0,1024.0,6400000.0
1.0,2.0,2.0,1.0,1.0,1.0,39.0,32.0,-0.0030632107251067353,-0.0017650185808415486,0.0078125,2048.0,6400000.0
1.0,512.0,2.0,1.0,1.0,1.0,39.0,32.0,-0.0030632107251067353,-0.0017650185808415486,16384.0,64.0,6400000.0
1.0,512.0,2.0,1.0,1.0,1.0,39.0,32.0,-0.0030632107251067353,-0.0017650185808415486,16384.0,16384.0,6400000.0
1.0,512.0,2.0,1.0,1.0,1.0,39.0,32.0,-0.0030632107251067353,-0.0017650185808415486,32768.0,16384.0,6400000.0
1.0,512.0,2.0,1.0,1.0,1.0,39.0,32.0,-0.0030632107251067353,-0.0017650185808415486,16384.0,256.0,6400000.0
1.0,1.0,1.0,2.0,3.0,2.0,108.0,192.0,0.03911015413878083,0.040912063041146696,8.0,0.000976562,6400000.0
2.0,2.0,2.0,2.0,6.0,4.0,214.0,384.0,0.07262288558772911,0.07510528703488584,0.0625,64.0,6400000.0
1.0,512.0,2.0,1.0,1.0,1.0,39.0,32.0,-0.0030632107251067353,-0.0017650185808415486,16384.0,16.0,6400000.0
1.0,512.0,2.0,1.0,1.0,1.0,39.0,32.0,-0.0030632107251067353,-0.0017650185808415486,16384.0,4096.0,6400000.0
1.0,512.0,2.0,1.0,1.0,1.0,39.0,32.0,-0.0030632107251067353,-0.0017650185808415486,32768.0,0.0,6400000.0
1.0,2.0,2.0,1.0,1.0,1.0,39.0,32.0,-0.0030632107251067353,-0.0017650185808415486,0.03125,16384.0,6400000.0
512.0,512.0,4.0,9.0,8016.0,6424.0,279257.0,962304.0,0.754614795427109,0.746426112664567,0.0,0.0,6400000.0
1.0,512.0,2.0,1.0,1.0,1.0,39.0,32.0,-0.0030632107251067353,-0.0017650185808415486,16384.0,1024.0,6400000.0
47.0,512.0,4.0,9.0,936.0,676.0,29163.0,102144.0,0.579172694871942,0.5785778311096275,0.0,0.5,6400000.0
2.0,2.0,2.0,3.0,14.0,8.0,429.0,1024.0,0.09513138924499842,0.09993826347427859,0.00195312,0.5,6400000.0
2.0,2.0,2.0,3.0,14.0,8.0,429.0,1024.0,0.09513138924499842,0.09993826347427859,0.00390625,0.00195312,6400000.0
133.0,512.0,4.0,9.0,2381.0,1735.0,76622.0,260576.0,0.6299760996475747,0.6303426389124431,0.0,0.03125,6400000.0
327.0,512.0,4.0,9.0,5351.0,4179.0,183696.0,626784.0,0.7263517774653616,0.7304488058931207,0.0,0.0078125,6400000.0
2.0,2.0,2.0,3.0,14.0,8.0,429.0,1024.0,0.09513138924499842,0.09993826347427859,0.125,0.25,6400000.0
1.0,512.0,2.0,1.0,1.0,1.0,39.0,32.0,-0.0030632107251067353,-0.0017650185808415486,32768.0,0.00195312,6400000.0
72.0,512.0,4.0,9.0,1468.0,1045.0,46332.0,157984.0,0.6102186134538007,0.5969789958644,0.0,0.125,6400000.0
16.0,512.0,4.0,3.0,67.0,47.0,2020.0,5472.0,0.28428173420704106,0.29213228260301216,0.0,8.0,6400000.0
34.0,512.0,4.0,9.0,405.0,299.0,12531.0,43488.0,0.48047354984414437,0.4995541811062537,0.0,2.0,6400000.0
512.0,512.0,4.0,9.0,7919.0,6403.0,276977.0,958944.0,0.7574203018235899,0.7528479798590654,0.0,0.00195312,6400000.0
1.0,2.0,2.0,1.0,1.0,1.0,39.0,32.0,-0.0030632107251067353,-0.0017650185808415486,0.00390625,1024.0,6400000.0
8.0,512.0,4.0,2.0,22.0,16.0,724.0,1536.0,0.184803559555608,0.19082719424152972,0.0,32.0,6400000.0
1.0,512.0,2.0,1.0,1.0,1.0,39.0,32.0,-0.0030632107251067353,-0.0017650185808415486,32768.0,0.0078125,6400000.0
1.0,512.0,4.0,1.0,1.0,1.0,63.0,32.0,-0.0030632107251067353,-0.0017650185808415486,0.0,128.0,6400000.0
1.0,512.0,2.0,1.0,1.0,1.0,39.0,32.0,-0.0030632107251067353,-0.0017650185808415486,32768.0,0.03125,6400000.0
1.0,512.0,2.0,1.0,1.0,1.0,39.0,32.0,-0.0030632107251067353,-0.0017650185808415486,32768.0,0.125,6400000.0
1.0,512.0,4.0,1.0,1.0,1.0,63.0,32.0,-0.0030632107251067353,-0.0017650185808415486,0.0,512.0,6400000.0
1.0,2.0,2.0,1.0,1.0,1.0,39.0,32.0,-0.0030632107251067353,-0.0017650185808415486,0.015625,8192.0,6400000.0
2.0,2.0,2.0,3.0,14.0,8.0,429.0,1024.0,0.09513138924499842,0.09993826347427859,0.0078125,4.0,6400000.0
1.0,1.0,1.0,2.0,3.0,2.0,108.0,192.0,0.03911015413878083,0.040912063041146696,8.0,0.03125,6400000.0
1.0,512.0,4.0,1.0,1.0,1.0,63.0,32.0,-0.0030632107251067353,-0.0017650185808415486,0.0,8192.0,6400000.0
1.0,512.0,4.0,1.0,1.0,1.0,63.0,32.0,-0.0030632107251067353,-0.0017650185808415486,0.0,2048.0,6400000.0
2.0,2.0,2.0,2.0,6.0,4.0,214.0,384.0,0.07262288558772911,0.07510528703488584,0.03125,32.0,6400000.0
2.0,2.0,2.0,3.0,14.0,8.0,429.0,1024.0,0.09513138924499842,0.09993826347427859,0.0625,0.125,6400000.0
2.0,2.0,2.0,3.0,14.0,8.0,429.0,1024.0,0.09513138924499842,0.09993826347427859,0.015625,0.015625,6400000.0
1.0,512.0,2.0,1.0,1.0,1.0,39.0,32.0,-0.0030632107251067353,-0.0017650185808415486,32768.0,32.0,6400000.0
1.0,512.0,4.0,1.0,1.0,1.0,63.0,32.0,-0.0030632107251067353,-0.0017650185808415486,0.0,32768.0,6400000.0
1.0,512.0,2.0,1.0,1.0,1.0,39.0,32.0,-0.0030632107251067353,-0.0017650185808415486,32768.0,8.0,6400000.0
1.0,2.0,2.0,1.0,1.0,1.0,39.0,32.0,-0.0030632107251067353,-0.0017650185808415486,0.00195312,512.0,6400000.0
1.0,512.0,2.0,1.0,1.0,1.0,39.0,32.0,-0.0030632107251067353,-0.0017650185808415486,32768.0,0.5,6400000.0
1.0,512.0,2.0,1.0,1.0,1.0,39.0,32.0,-0.0030632107251067353,-0.0017650185808415486,32768.0,2.0,6400000.0
2.0,2.0,2.0,3.0,14.0,8.0,429.0,1024.0,0.09513138924499842,0.09993826347427859,0.00390625,2.0,6400000.0
1.0,2.0,2.0,1.0,1.0,1.0,39.0,32.0,-0.0030632107251067353,-0.0017650185808415486,0.125,256.0,6400000.0
512.0,512.0,4.0,9.0,7901.0,6423.0,276871.0,962144.0,0.7475654613513818,0.7471113361539523,0.000976562,0.00390625,6400000.0
1.0,512.0,2.0,1.0,1.0,1.0,39.0,32.0,-0.0030632107251067353,-0.0017650185808415486,32768.0,128.0,6400000.0
512.0,512.0,4.0,9.0,7993.0,6439.0,278982.0,964704.0,0.7451440466880902,0.7390742790980287,0.000976562,0.000976562,6400000.0
2.0,2.0,2.0,3.0,14.0,8.0,429.0,1024.0,0.09513138924499842,0.09993826347427859,0.0078125,0.0078125,6400000.0
99.0,512.0,4.0,9.0,1919.0,1379.0,61222.0,207968.0,0.6253669652257936,0.6106653100962529,0.000976562,0.0625,6400000.0
2.0,2.0,2.0,3.0,10.0,6.0,295.0,704.0,0.09231549576014253,0.09427300599869859,0.015625,16.0,6400000.0
1.0,512.0,2.0,1.0,1.0,1.0,39.0,32.0,-0.0030632107251067353,-0.0017650185808415486,32768.0,512.0,6400000.0
260.0,512.0,4.0,9.0,4429.0,3396.0,148894.0,510080.0,0.7248179880725566,0.7143925414352856,0.000976562,0.015625,6400000.0
2.0,2.0,2.0,3.0,14.0,8.0,429.0,1024.0,0.09513138924499842,0.09993826347427859,0.125,0.0,6400000.0
1.0,512.0,2.0,1.0,1.0,1.0,39.0,32.0,-0.0030632107251067353,-0.0017650185808415486,32768.0,2048.0,6400000.0
2.0,2.0,2.0,3.0,14.0,8.0,429.0,1024.0,0.09513138924499842,0.09993826347427859,0.03125,0.0625,6400000.0
1.0,2.0,2.0,1.0,1.0,1.0,39.0,32.0,-0.0030632107251067353,-0.0017650185808415486,0.0078125,4096.0,6400000.0
1.0,512.0,2.0,1.0,1.0,1.0,39.0,32.0,-0.0030632107251067353,-0.0017650185808415486,32768.0,8192.0,6400000.0
1.0,512.0,2.0,1.0,1.0,1.0,39.0,32.0,-0.0030632107251067353,-0.0017650185808415486,32768.0,32768.0,6400000.0
53.0,512.0,4.0,9.0,1107.0,782.0,34427.0,118336.0,0.5963520786490591,0.5929239315447865,0.000976562,0.25,6400000.0
1.0,2.0,2.0,1.0,1.0,1.0,39.0,32.0,-0.0030632107251067353,-0.0017650185808415486,0.0625,128.0,6400000.0
1.0,2.0,2.0,1.0,1.0,1.0,39.0,32.0,-0.0030632107251067353,-0.0017650185808415486,0.03125,32768.0,6400000.0
27.0,512.0,4.0,9.0,182.0,137.0,5741.0,18464.0,0.39629112021669155,0.40252478152262305,0.000976562,4.0,6400000.0
35.0,512.0,4.0,9.0,658.0,483.0,20534.0,72800.0,0.5314186599624591,0.5427904047834783,0.000976562,1.0,6400000.0
35.0,512.0,4.0,9.0,658.0,483.0,20534.0,72800.0,0.5314186599624591,0.5427904047834783,0.0,1.0,6400000.0
2.0,2.0,2.0,3.0,14.0,8.0,429.0,1024.0,0.09513138924499842,0.09993826347427859,0.125,0.5,6400000.0
99.0,512.0,4.0,9.0,1919.0,1379.0,61222.0,207968.0,0.6253669652257936,0.6106653100962529,0.0,0.0625,6400000.0
1.0,512.0,4.0,1.0,1.0,1.0,63.0,32.0,-0.0030632107251067353,-0.0017650185808415486,0.000976562,256.0,6400000.0
2.0,2.0,2.0,3.0,14.0,8.0,429.0,1024.0,0.09513138924499842,0.09993826347427859,0.00390625,0.00390625,6400000.0
512.0,512.0,4.0,9.0,7993.0,6439.0,278982.0,964704.0,0.7451440466880902,0.7390742790980287,0.0,0.000976562,6400000.0
260.0,512.0,4.0,9.0,4429.0,3396.0,148894.0,510080.0,0.7248179880725566,0.7143925414352856,0.0,0.015625,6400000.0
3.0,512.0,4.0,2.0,9.0,6.0,335.0,576.0,0.10115259004895938,0.10346957106453547,0.000976562,64.0,6400000.0
11.0,512.0,4.0,3.0,35.0,26.0,1119.0,2752.0,0.23801654357424562,0.2440154241847443,0.000976562,16.0,6400000.0
27.0,512.0,4.0,9.0,182.0,137.0,5741.0,18464.0,0.39629112021669155,0.40252478152262305,0.0,4.0,6400000.0
1.0,512.0,4.0,1.0,1.0,1.0,63.0,32.0,-0.0030632107251067353,-0.0017650185808415486,0.000976562,1024.0,6400000.0
53.0,512.0,4.0,9.0,1107.0,782.0,34427.0,118336.0,0.5963520786490591,0.5929239315447865,0.0,0.25,6400000.0
11.0,512.0,4.0,3.0,35.0,26.0,1119.0,2752.0,0.23801654357424562,0.2440154241847443,0.0,16.0,6400000.0
1.0,2.0,2.0,1.0,1.0,1.0,39.0,32.0,-0.0030632107251067353,-0.0017650185808415486,0.00390625,2048.0,6400000.0
1.0,512.0,4.0,1.0,1.0,1.0,63.0,32.0,-0.0030632107251067353,-0.0017650185808415486,0.000976562,4096.0,6400000.0
2.0,2.0,2.0,3.0,14.0,8.0,429.0,1024.0,0.09513138924499842,0.09993826347427859,0.25,0.00195312,6400000.0
3.0,512.0,4.0,2.0,9.0,6.0,335.0,576.0,0.10115259004895938,0.10346957106453547,0.0,64.0,6400000.0
512.0,512.0,4.0,9.0,7901.0,6423.0,276871.0,962144.0,0.7475654613513818,0.7471113361539523,0.0,0.00390625,6400000.0
1.0,512.0,4.0,1.0,1.0,1.0,63.0,32.0,-0.0030632107251067353,-0.0017650185808415486,0.000976562,16384.0,6400000.0
1.0,512.0,4.0,1.0,1.0,1.0,63.0,32.0,-0.0030632107251067353,-0.0017650185808415486,0.0,256.0,6400000.0
1.0,512.0,4.0,1.0,1.0,1.0,63.0,32.0,-0.0030632107251067353,-0.0017650185808415486,0.0,1024.0,6400000.0
512.0,512.0,4.0,9.0,8016.0,6424.0,279257.0,962304.0,0.754614795427109,0.746426112664567,0.00195312,0.0,6400000.0
327.0,512.0,4.0,9.0,5351.0,4179.0,183696.0,626784.0,0.7263517774653616,0.7304488058931207,0.00195312,0.0078125,6400000.0
512.0,512.0,4.0,9.0,7919.0,6403.0,276977.0,958944.0,0.7574203018235899,0.7528479798590654,0.00195312,0.00195312,6400000.0
2.0,2.0,2.0,3.0,12.0,7.0,363.0,864.0,0.09413973999029857,0.09778814733003183,0.0078125,8.0,6400000.0
1.0,2.0,2.0,1.0,1.0,1.0,39.0,32.0,-0.0030632107251067353,-0.0017650185808415486,0.015625,16384.0,6400000.0
1.0,1.0,1.0,2.0,3.0,2.0,108.0,192.0,0.03911015413878083,0.040912063041146696,8.0,0.0625,6400000.0
1.0,512.0,4.0,1.0,1.0,1.0,63.0,32.0,-0.0030632107251067353,-0.0017650185808415486,0.0,16384.0,6400000.0
1.0,512.0,4.0,1.0,1.0,1.0,63.0,32.0,-0.0030632107251067353,-0.0017650185808415486,0.0,4096.0,6400000.0
2.0,2.0,2.0,3.0,14.0,8.0,429.0,1024.0,0.09513138924499842,0.09993826347427859,0.015625,0.03125,6400000.0
2.0,2.0,2.0,2.0,6.0,4.0,214.0,384.0,0.07262288558772911,0.07510528703488584,0.03125,64.0,6400000.0
2.0,2.0,2.0,3.0,14.0,8.0,429.0,1024.0,0.09513138924499842,0.09993826347427859,0.0625,0.25,6400000.0
2.0,2.0,2.0,3.0,14.0,8.0,429.0,1024.0,0.09513138924499842,0.09993826347427859,0.00390625,4.0,6400000.0
133.0,512.0,4.0,9.0,2381.0,1735.0,76622.0,260576.0,0.6299760996475747,0.6303426389124431,0.00195312,0.03125,6400000.0
512.0,512.0,4.0,9.0,8016.0,6424.0,279257.0,962304.0,0.754614795427109,0.746426112664567,0.000976562,0.0,6400000.0
72.0,512.0,4.0,9.0,1468.0,1045.0,46332.0,157984.0,0.6102186134538007,0.5969789958644,0.00195312,0.125,6400000.0
16.0,512.0,4.0,3.0,67.0,47.0,2020.0,5472.0,0.28428173420704106,0.29213228260301216,0.00195312,8.0,6400000.0
2.0,2.0,2.0,3.0,14.0,8.0,429.0,1024.0,0.09513138924499842,0.09993826347427859,0.0078125,0.015625,6400000.0
34.0,512.0,4.0,9.0,405.0,299.0,12531.0,43488.0,0.48047354984414437,0.4995541811062537,0.00195312,2.0,6400000.0
1.0,2.0,2.0,1.0,1.0,1.0,39.0,32.0,-0.0030632107251067353,-0.0017650185808415486,0.125,512.0,6400000.0
47.0,512.0,4.0,9.0,936.0,676.0,29163.0,102144.0,0.579172694871942,0.5785778311096275,0.00195312,0.5,6400000.0
2.0,2.0,2.0,2.0,6.0,4.0,214.0,384.0,0.07262288558772911,0.07510528703488584,0.015625,32.0,6400000.0
327.0,512.0,4.0,9.0,5351.0,4179.0,183696.0,626784.0,0.7263517774653616,0.7304488058931207,0.000976562,0.0078125,6400000.0
8.0,512.0,4.0,2.0,22.0,16.0,724.0,1536.0,0.184803559555608,0.19082719424152972,0.00195312,32.0,6400000.0
133.0,512.0,4.0,9.0,2381.0,1735.0,76622.0,260576.0,0.6299760996475747,0.6303426389124431,0.000976562,0.03125,6400000.0
2.0,2.0,2.0,3.0,14.0,8.0,429.0,1024.0,0.09513138924499842,0.09993826347427859,0.125,0.000976562,6400000.0
72.0,512.0,4.0,9.0,1468.0,1045.0,46332.0,157984.0,0.6102186134538007,0.5969789958644,0.000976562,0.125,6400000.0
512.0,512.0,4.0,9.0,7919.0,6403.0,276977.0,958944.0,0.7574203018235899,0.7528479798590654,0.000976562,0.00195312,6400000.0
1.0,1.0,1.0,2.0,3.0,2.0,108.0,192.0,0.03911015413878083,0.040912063041146696,8.0,2.0,6400000.0
2.0,2.0,2.0,3.0,14.0,8.0,429.0,1024.0,0.09513138924499842,0.09993826347427859,0.25,2.0,6400000.0
1.0,2.0,2.0,1.0,1.0,1.0,39.0,32.0,-0.0030632107251067353,-0.0017650185808415486,0.0078125,8192.0,6400000.0
2.0,2.0,2.0,3.0,14.0,8.0,429.0,1024.0,0.09513138924499842,0.09993826347427859,0.03125,0.125,6400000.0
1.0,512.0,4.0,1.0,1.0,1.0,63.0,32.0,-0.0030632107251067353,-0.0017650185808415486,0.00195312,128.0,6400000.0
1.0,512.0,4.0,1.0,1.0,1.0,63.0,32.0,-0.0030632107251067353,-0.0017650185808415486,0.00195312,512.0,6400000.0
1.0,2.0,2.0,1.0,1.0,1.0,39.0,32.0,-0.0030632107251067353,-0.0017650185808415486,0.0625,256.0,6400000.0
16.0,512.0,4.0,3.0,67.0,47.0,2020.0,5472.0,0.28428173420704106,0.29213228260301216,0.000976562,8.0,6400000.0
47.0,512.0,4.0,9.0,936.0,676.0,29163.0,102144.0,0.579172694871942,0.5785778311096275,0.000976562,0.5,6400000.0
2.0,2.0,2.0,3.0,14.0,8.0,429.0,1024.0,0.09513138924499842,0.09993826347427859,0.0625,0.0,6400000.0
2.0,2.0,2.0,3.0,14.0,8.0,429.0,1024.0,0.09513138924499842,0.09993826347427859,0.125,1.0,6400000.0
1.0,512.0,4.0,1.0,1.0,1.0,63.0,32.0,-0.0030632107251067353,-0.0017650185808415486,0.000976562,128.0,6400000.0
34.0,512.0,4.0,9.0,405.0,299.0,12531.0,43488.0,0.48047354984414437,0.4995541811062537,0.000976562,2.0,6400000.0
1.0,512.0,4.0,1.0,1.0,1.0,63.0,32.0,-0.0030632107251067353,-0.0017650185808415486,0.00195312,2048.0,6400000.0
8.0,512.0,4.0,2.0,22.0,16.0,724.0,1536.0,0.184803559555608,0.19082719424152972,0.000976562,32.0,6400000.0
1.0,512.0,4.0,1.0,1.0,1.0,63.0,32.0,-0.0030632107251067353,-0.0017650185808415486,0.000976562,2048.0,6400000.0
1.0,512.0,4.0,1.0,1.0,1.0,63.0,32.0,-0.0030632107251067353,-0.0017650185808415486,0.000976562,512.0,6400000.0
2.0,2.0,2.0,3.0,14.0,8.0,429.0,1024.0,0.09513138924499842,0.09993826347427859,0.25,0.00390625,6400000.0
1.0,512.0,4.0,1.0,1.0,1.0,63.0,32.0,-0.0030632107251067353,-0.0017650185808415486,0.00195312,8192.0,6400000.0
1.0,512.0,4.0,1.0,1.0,1.0,63.0,32.0,-0.0030632107251067353,-0.0017650185808415486,0.000976562,32768.0,6400000.0
1.0,2.0,2.0,1.0,1.0,1.0,39.0,32.0,-0.0030632107251067353,-0.0017650185808415486,0.00390625,4096.0,6400000.0
1.0,512.0,4.0,1.0,1.0,1.0,63.0,32.0,-0.0030632107251067353,-0.0017650185808415486,0.000976562,8192.0,6400000.0
99.0,512.0,4.0,9.0,1919.0,1379.0,61222.0,207968.0,0.6253669652257936,0.6106653100962529,0.00390625,0.0625,6400000.0
35.0,512.0,4.0,9.0,658.0,483.0,20534.0,72800.0,0.5314186599624591,0.5427904047834783,0.00390625,1.0,6400000.0
260.0,512.0,4.0,9.0,4429.0,3396.0,148894.0,510080.0,0.7248179880725566,0.7143925414352856,0.00390625,0.015625,6400000.0
1.0,512.0,4.0,1.0,1.0,1.0,63.0,32.0,-0.0030632107251067353,-0.0017650185808415486,0.00195312,32768.0,6400000.0
53.0,512.0,4.0,9.0,1107.0,782.0,34427.0,118336.0,0.5963520786490591,0.5929239315447865,0.00390625,0.25,6400000.0
512.0,512.0,4.0,9.0,7993.0,6439.0,278982.0,964704.0,0.7451440466880902,0.7390742790980287,0.00390625,0.000976562,6400000.0
1.0,2.0,2.0,1.0,1.0,1.0,39.0,32.0,-0.0030632107251067353,-0.0017650185808415486,0.25,2048.0,6400000.0
512.0,512.0,4.0,9.0,7901.0,6423.0,276871.0,962144.0,0.7475654613513818,0.7471113361539523,0.00390625,0.00390625,6400000.0
27.0,512.0,4.0,9.0,182.0,137.0,5741.0,18464.0,0.39629112021669155,0.40252478152262305,0.00390625,4.0,6400000.0
11.0,512.0,4.0,3.0,35.0,26.0,1119.0,2752.0,0.23801654357424562,0.2440154241847443,0.00390625,16.0,6400000.0
512.0,512.0,4.0,9.0,7993.0,6439.0,278982.0,964704.0,0.7451440466880902,0.7390742790980287,0.00195312,0.000976562,6400000.0
512.0,512.0,4.0,9.0,7901.0,6423.0,276871.0,962144.0,0.7475654613513818,0.7471113361539523,0.00195312,0.00390625,6400000.0
2.0,2.0,2.0,3.0,10.0,6.0,295.0,704.0,0.09231549576014253,0.09427300599869859,0.0078125,16.0,6400000.0
260.0,512.0,4.0,9.0,4429.0,3396.0,148894.0,510080.0,0.7248179880725566,0.7143925414352856,0.00195312,0.015625,6400000.0
1.0,2.0,2.0,1.0,1.0,1.0,39.0,32.0,-0.0030632107251067353,-0.0017650185808415486,0.015625,32768.0,6400000.0
1.0,1.0,1.0,2.0,3.0,2.0,108.0,192.0,0.03911015413878083,0.040912063041146696,8.0,0.125,6400000.0
2.0,2.0,2.0,3.0,14.0,8.0,429.0,1024.0,0.09513138924499842,0.09993826347427859,0.015625,0.0625,6400000.0
2.0,2.0,2.0,3.0,14.0,8.0,429.0,1024.0,0.09513138924499842,0.09993826347427859,0.0625,0.5,6400000.0
3.0,512.0,4.0,2.0,9.0,6.0,335.0,576.0,0.10115259004895938,0.10346957106453547,0.00390625,64.0,6400000.0
1.0,512.0,4.0,1.0,1.0,1.0,63.0,32.0,-0.0030632107251067353,-0.0017650185808415486,0.00390625,256.0,6400000.0
1.0,2.0,2.0,1.0,1.0,1.0,39.0,32.0,-0.0030632107251067353,-0.0017650185808415486,0.03125,128.0,6400000.0
1.0,512.0,4.0,1.0,1.0,1.0,63.0,32.0,-0.0030632107251067353,-0.0017650185808415486,0.00390625,1024.0,6400000.0
99.0,512.0,4.0,9.0,1919.0,1379.0,61222.0,207968.0,0.6253669652257936,0.6106653100962529,0.00195312,0.0625,6400000.0
1.0,2.0,2.0,1.0,1.0,1.0,39.0,32.0,-0.0030632107251067353,-0.0017650185808415486,0.125,1024.0,6400000.0
1.0,512.0,4.0,1.0,1.0,1.0,63.0,32.0,-0.0030632107251067353,-0.0017650185808415486,0.00390625,4096.0,6400000.0
53.0,512.0,4.0,9.0,1107.0,782.0,34427.0,118336.0,0.5963520786490591,0.5929239315447865,0.00195312,0.25,6400000.0
35.0,512.0,4.0,9.0,658.0,483.0,20534.0,72800.0,0.5314186599624591,0.5427904047834783,0.00195312,1.0,6400000.0
27.0,512.0,4.0,9.0,182.0,137.0,5741.0,18464.0,0.39629112021669155,0.40252478152262305,0.00195312,4.0,6400000.0
2.0,2.0,2.0,3.0,14.0,8.0,429.0,1024.0,0.09513138924499842,0.09993826347427859,0.0078125,0.03125,6400000.0
11.0,512.0,4.0,3.0,35.0,26.0,1119.0,2752.0,0.23801654357424562,0.2440154241847443,0.00195312,16.0,6400000.0
3.0,512.0,4.0,2.0,9.0,6.0,335.0,576.0,0.10115259004895938,0.10346957106453547,0.00195312,64.0,6400000.0
2.0,2.0,2.0,2.0,6.0,4.0,214.0,384.0,0.07262288558772911,0.07510528703488584,0.015625,64.0,6400000.0
2.0,2.0,2.0,3.0,14.0,8.0,429.0,1024.0,0.09513138924499842,0.09993826347427859,0.125,0.00195312,6400000.0
1.0,512.0,4.0,1.0,1.0,1.0,63.0,32.0,-0.0030632107251067353,-0.0017650185808415486,0.00390625,16384.0,6400000.0
1.0,1.0,1.0,2.0,3.0,2.0,108.0,192.0,0.03911015413878083,0.040912063041146696,8.0,4.0,6400000.0
512.0,512.0,4.0,9.0,8016.0,6424.0,279257.0,962304.0,0.754614795427109,0.746426112664567,0.0078125,0.0,6400000.0
2.0,2.0,2.0,3.0,14.0,8.0,429.0,1024.0,0.09513138924499842,0.09993826347427859,0.25,4.0,6400000.0
1.0,2.0,2.0,1.0,1.0,1.0,39.0,32.0,-0.0030632107251067353,-0.0017650185808415486,0.0078125,16384.0,6400000.0
512.0,512.0,4.0,9.0,7919.0,6403.0,276977.0,958944.0,0.7574203018235899,0.7528479798590654,0.0078125,0.00195312,6400000.0
2.0,2.0,2.0,3.0,14.0,8.0,429.0,1024.0,0.09513138924499842,0.09993826347427859,0.5,0.015625,6400000.0
2.0,2.0,2.0,3.0,14.0,8.0,429.0,1024.0,0.09513138924499842,0.09993826347427859,0.03125,0.25,6400000.0
1.0,512.0,4.0,1.0,1.0,1.0,63.0,32.0,-0.0030632107251067353,-0.0017650185808415486,0.00195312,1024.0,6400000.0
1.0,512.0,4.0,1.0,1.0,1.0,63.0,32.0,-0.0030632107251067353,-0.0017650185808415486,0.00195312,256.0,6400000.0
1.0,2.0,2.0,1.0,1.0,1.0,39.0,32.0,-0.0030632107251067353,-0.0017650185808415486,0.0625,512.0,6400000.0
2.0,2.0,2.0,3.0,14.0,8.0,429.0,1024.0,0.09513138924499842,0.09993826347427859,0.125,2.0,6400000.0
2.0,2.0,2.0,3.0,14.0,8.0,429.0,1024.0,0.09513138924499842,0.09993826347427859,0.0625,0.000976562,6400000.0
1.0,512.0,4.0,1.0,1.0,1.0,63.0,32.0,-0.0030632107251067353,-0.0017650185808415486,0.00195312,4096.0,6400000.0
133.0,512.0,4.0,9.0,2381.0,1735.0,76622.0,260576.0,0.6299760996475747,0.6303426389124431,0.0078125,0.03125,6400000.0
327.0,512.0,4.0,9.0,5351.0,4179.0,183696.0,626784.0,0.7263517774653616,0.7304488058931207,0.0078125,0.0078125,6400000.0
47.0,512.0,4.0,9.0,936.0,676.0,29163.0,102144.0,0.579172694871942,0.5785778311096275,0.0078125,0.5,6400000.0
2.0,2.0,2.0,3.0,14.0,8.0,429.0,1024.0,0.09513138924499842,0.09993826347427859,0.25,0.0078125,6400000.0
1.0,512.0,4.0,1.0,1.0,1.0,63.0,32.0,-0.0030632107251067353,-0.0017650185808415486,0.00195312,16384.0,6400000.0
16.0,512.0,4.0,3.0,67.0,47.0,2020.0,5472.0,0.28428173420704106,0.29213228260301216,0.0078125,8.0,6400000.0
72.0,512.0,4.0,9.0,1468.0,1045.0,46332.0,157984.0,0.6102186134538007,0.5969789958644,0.0078125,0.125,6400000.0
8.0,512.0,4.0,2.0,22.0,16.0,724.0,1536.0,0.184803559555608,0.19082719424152972,0.0078125,32.0,6400000.0
34.0,512.0,4.0,9.0,405.0,299.0,12531.0,43488.0,0.48047354984414437,0.4995541811062537,0.0078125,2.0,6400000.0
133.0,512.0,4.0,9.0,2381.0,1735.0,76622.0,260576.0,0.6299760996475747,0.6303426389124431,0.00390625,0.03125,6400000.0
1.0,2.0,2.0,1.0,1.0,1.0,39.0,32.0,-0.0030632107251067353,-0.0017650185808415486,0.25,4096.0,6400000.0
327.0,512.0,4.0,9.0,5351.0,4179.0,183696.0,626784.0,0.7263517774653616,0.7304488058931207,0.00390625,0.0078125,6400000.0
16.0,512.0,4.0,3.0,67.0,47.0,2020.0,5472.0,0.28428173420704106,0.29213228260301216,0.00390625,8.0,6400000.0
47.0,512.0,4.0,9.0,936.0,676.0,29163.0,102144.0,0.579172694871942,0.5785778311096275,0.00390625,0.5,6400000.0
1.0,512.0,4.0,1.0,1.0,1.0,63.0,32.0,-0.0030632107251067353,-0.0017650185808415486,0.0078125,128.0,6400000.0
34.0,512.0,4.0,9.0,405.0,299.0,12531.0,43488.0,0.48047354984414437,0.4995541811062537,0.00390625,2.0,6400000.0
1.0,512.0,4.0,1.0,1.0,1.0,63.0,32.0,-0.0030632107251067353,-0.0017650185808415486,0.0078125,512.0,6400000.0
72.0,512.0,4.0,9.0,1468.0,1045.0,46332.0,157984.0,0.6102186134538007,0.5969789958644,0.00390625,0.125,6400000.0
8.0,512.0,4.0,2.0,22.0,16.0,724.0,1536.0,0.184803559555608,0.19082719424152972,0.00390625,32.0,6400000.0
2.0,2.0,2.0,2.0,6.0,4.0,214.0,384.0,0.07262288558772911,0.07510528703488584,0.0078125,32.0,6400000.0
1.0,512.0,4.0,1.0,1.0,1.0,63.0,32.0,-0.0030632107251067353,-0.0017650185808415486,0.0078125,2048.0,6400000.0
512.0,512.0,4.0,9.0,7919.0,6403.0,276977.0,958944.0,0.7574203018235899,0.7528479798590654,0.00390625,0.00195312,6400000.0
1.0,1.0,1.0,2.0,3.0,2.0,108.0,192.0,0.03911015413878083,0.040912063041146696,8.0,0.25,6400000.0
512.0,512.0,4.0,9.0,8016.0,6424.0,279257.0,962304.0,0.754614795427109,0.746426112664567,0.00390625,0.0,6400000.0
2.0,2.0,2.0,3.0,10.0,6.0,295.0,704.0,0.09231549576014253,0.09427300599869859,0.5,16.0,6400000.0
2.0,2.0,2.0,3.0,14.0,8.0,429.0,1024.0,0.09513138924499842,0.09993826347427859,0.03125,0.0,6400000.0
1.0,512.0,4.0,1.0,1.0,1.0,63.0,32.0,-0.0030632107251067353,-0.0017650185808415486,0.0078125,32768.0,6400000.0
2.0,2.0,2.0,3.0,14.0,8.0,429.0,1024.0,0.09513138924499842,0.09993826347427859,0.015625,0.125,6400000.0
2.0,2.0,2.0,3.0,14.0,8.0,429.0,1024.0,0.09513138924499842,0.09993826347427859,0.0625,1.0,6400000.0
1.0,512.0,4.0,1.0,1.0,1.0,63.0,32.0,-0.0030632107251067353,-0.0017650185808415486,0.0078125,8192.0,6400000.0
1.0,512.0,4.0,1.0,1.0,1.0,63.0,32.0,-0.0030632107251067353,-0.0017650185808415486,0.00390625,128.0,6400000.0
1.0,2.0,2.0,1.0,1.0,1.0,39.0,32.0,-0.0030632107251067353,-0.0017650185808415486,0.03125,256.0,6400000.0
1.0,512.0,4.0,1.0,1.0,1.0,63.0,32.0,-0.0030632107251067353,-0.0017650185808415486,0.00390625,512.0,6400000.0
1.0,512.0,4.0,1.0,1.0,1.0,63.0,32.0,-0.0030632107251067353,-0.0017650185808415486,0.00390625,2048.0,6400000.0
1.0,512.0,4.0,1.0,1.0,1.0,63.0,32.0,-0.0030632107251067353,-0.0017650185808415486,0.00390625,8192.0,6400000.0
1.0,2.0,2.0,1.0,1.0,1.0,39.0,32.0,-0.0030632107251067353,-0.0017650185808415486,0.125,2048.0,6400000.0
1.0,2.0,2.0,1.0,1.0,1.0,39.0,32.0,-0.0030632107251067353,-0.0017650185808415486,0.015625,128.0,6400000.0
1.0,512.0,4.0,1.0,1.0,1.0,63.0,32.0,-0.0030632107251067353,-0.0017650185808415486,0.00390625,32768.0,6400000.0
1.0,1.0,1.0,2.0,3.0,2.0,108.0,192.0,0.03911015413878083,0.040912063041146696,8.0,8.0,6400000.0
512.0,512.0,4.0,9.0,7993.0,6439.0,278982.0,964704.0,0.7451440466880902,0.7390742790980287,0.015625,0.000976562,6400000.0
260.0,512.0,4.0,9.0,4429.0,3396.0,148894.0,510080.0,0.7248179880725566,0.7143925414352856,0.015625,0.015625,6400000.0
27.0,512.0,4.0,9.0,182.0,137.0,5741.0,18464.0,0.39629112021669155,0.40252478152262305,0.015625,4.0,6400000.0
512.0,512.0,4.0,9.0,7901.0,6423.0,276871.0,962144.0,0.7475654613513818,0.7471113361539523,0.015625,0.00390625,6400000.0
2.0,2.0,2.0,3.0,12.0,7.0,363.0,864.0,0.09413973999029857,0.09778814733003183,0.25,8.0,6400000.0
2.0,2.0,2.0,3.0,14.0,8.0,429.0,1024.0,0.09513138924499842,0.09993826347427859,0.125,0.00390625,6400000.0
2.0,2.0,2.0,3.0,14.0,8.0,429.0,1024.0,0.09513138924499842,0.09993826347427859,0.5,0.03125,6400000.0
53.0,512.0,4.0,9.0,1107.0,782.0,34427.0,118336.0,0.5963520786490591,0.5929239315447865,0.015625,0.25,6400000.0
1.0,2.0,2.0,1.0,1.0,1.0,39.0,32.0,-0.0030632107251067353,-0.0017650185808415486,0.0078125,32768.0,6400000.0
35.0,512.0,4.0,9.0,658.0,483.0,20534.0,72800.0,0.5314186599624591,0.5427904047834783,0.015625,1.0,6400000.0
512.0,512.0,4.0,9.0,7901.0,6423.0,276871.0,962144.0,0.7475654613513818,0.7471113361539523,0.0078125,0.00390625,6400000.0
99.0,512.0,4.0,9.0,1919.0,1379.0,61222.0,207968.0,0.6253669652257936,0.6106653100962529,0.015625,0.0625,6400000.0
512.0,512.0,4.0,9.0,7993.0,6439.0,278982.0,964704.0,0.7451440466880902,0.7390742790980287,0.0078125,0.000976562,6400000.0
2.0,2.0,2.0,3.0,14.0,8.0,429.0,1024.0,0.09513138924499842,0.09993826347427859,0.03125,0.5,6400000.0
1.0,2.0,2.0,1.0,1.0,1.0,39.0,32.0,-0.0030632107251067353,-0.0017650185808415486,0.5,16384.0,6400000.0
1.0,2.0,2.0,1.0,1.0,1.0,39.0,32.0,-0.0030632107251067353,-0.0017650185808415486,0.0625,1024.0,6400000.0
2.0,2.0,2.0,3.0,14.0,8.0,429.0,1024.0,0.09513138924499842,0.09993826347427859,0.0625,0.00195312,6400000.0
11.0,512.0,4.0,3.0,35.0,26.0,1119.0,2752.0,0.23801654357424562,0.2440154241847443,0.015625,16.0,6400000.0
99.0,512.0,4.0,9.0,1919.0,1379.0,61222.0,207968.0,0.6253669652257936,0.6106653100962529,0.0078125,0.0625,6400000.0
2.0,2.0,2.0,3.0,14.0,8.0,429.0,1024.0,0.09513138924499842,0.09993826347427859,0.125,4.0,6400000.0
3.0,512.0,4.0,2.0,9.0,6.0,335.0,576.0,0.10115259004895938,0.10346957106453547,0.015625,64.0,6400000.0
260.0,512.0,4.0,9.0,4429.0,3396.0,148894.0,510080.0,0.7248179880725566,0.7143925414352856,0.0078125,0.015625,6400000.0
2.0,2.0,2.0,3.0,14.0,8.0,429.0,1024.0,0.09513138924499842,0.09993826347427859,0.25,0.015625,6400000.0
35.0,512.0,4.0,9.0,658.0,483.0,20534.0,72800.0,0.5314186599624591,0.5427904047834783,0.0078125,1.0,6400000.0
11.0,512.0,4.0,3.0,35.0,26.0,1119.0,2752.0,0.23801654357424562,0.2440154241847443,0.0078125,16.0,6400000.0
3.0,512.0,4.0,2.0,9.0,6.0,335.0,576.0,0.10115259004895938,0.10346957106453547,0.0078125,64.0,6400000.0
1.0,512.0,4.0,1.0,1.0,1.0,63.0,32.0,-0.0030632107251067353,-0.0017650185808415486,0.015625,256.0,6400000.0
53.0,512.0,4.0,9.0,1107.0,782.0,34427.0,118336.0,0.5963520786490591,0.5929239315447865,0.0078125,0.25,6400000.0
27.0,512.0,4.0,9.0,182.0,137.0,5741.0,18464.0,0.39629112021669155,0.40252478152262305,0.0078125,4.0,6400000.0
1.0,2.0,2.0,1.0,1.0,1.0,39.0,32.0,-0.0030632107251067353,-0.0017650185808415486,0.25,8192.0,6400000.0
1.0,512.0,4.0,1.0,1.0,1.0,63.0,32.0,-0.0030632107251067353,-0.0017650185808415486,0.015625,1024.0,6400000.0
1.0,512.0,4.0,1.0,1.0,1.0,63.0,32.0,-0.0030632107251067353,-0.0017650185808415486,0.015625,4096.0,6400000.0
1.0,512.0,4.0,1.0,1.0,1.0,63.0,32.0,-0.0030632107251067353,-0.0017650185808415486,0.0078125,1024.0,6400000.0
1.0,512.0,4.0,1.0,1.0,1.0,63.0,32.0,-0.0030632107251067353,-0.0017650185808415486,0.0078125,256.0,6400000.0
1.0,512.0,4.0,1.0,1.0,1.0,63.0,32.0,-0.0030632107251067353,-0.0017650185808415486,0.0078125,4096.0,6400000.0
1.0,1.0,1.0,2.0,3.0,2.0,108.0,192.0,0.03911015413878083,0.040912063041146696,8.0,0.5,6400000.0
1.0,512.0,4.0,1.0,1.0,1.0,63.0,32.0,-0.0030632107251067353,-0.0017650185808415486,0.015625,16384.0,6400000.0
2.0,2.0,2.0,2.0,6.0,4.0,214.0,384.0,0.07262288558772911,0.07510528703488584,0.5,32.0,6400000.0
2.0,2.0,2.0,3.0,14.0,8.0,429.0,1024.0,0.09513138924499842,0.09993826347427859,0.03125,0.000976562,6400000.0
2.0,2.0,2.0,3.0,14.0,8.0,429.0,1024.0,0.09513138924499842,0.09993826347427859,1.0,0.125,6400000.0
47.0,512.0,4.0,9.0,936.0,676.0,29163.0,102144.0,0.579172694871942,0.5785778311096275,0.03125,0.5,6400000.0
327.0,512.0,4.0,9.0,5351.0,4179.0,183696.0,626784.0,0.7263517774653616,0.7304488058931207,0.03125,0.0078125,6400000.0
512.0,512.0,4.0,9.0,8016.0,6424.0,279257.0,962304.0,0.754614795427109,0.746426112664567,0.03125,0.0,6400000.0
512.0,512.0,4.0,9.0,7919.0,6403.0,276977.0,958944.0,0.7574203018235899,0.7528479798590654,0.03125,0.00195312,6400000.0
133.0,512.0,4.0,9.0,2381.0,1735.0,76622.0,260576.0,0.6299760996475747,0.6303426389124431,0.03125,0.03125,6400000.0
72.0,512.0,4.0,9.0,1468.0,1045.0,46332.0,157984.0,0.6102186134538007,0.5969789958644,0.03125,0.125,6400000.0
1.0,512.0,4.0,1.0,1.0,1.0,63.0,32.0,-0.0030632107251067353,-0.0017650185808415486,0.0078125,16384.0,6400000.0
2.0,2.0,2.0,3.0,14.0,8.0,429.0,1024.0,0.09513138924499842,0.09993826347427859,0.0625,2.0,6400000.0
2.0,2.0,2.0,3.0,14.0,8.0,429.0,1024.0,0.09513138924499842,0.09993826347427859,0.015625,0.25,6400000.0
16.0,512.0,4.0,3.0,67.0,47.0,2020.0,5472.0,0.28428173420704106,0.29213228260301216,0.03125,8.0,6400000.0
1.0,2.0,2.0,1.0,1.0,1.0,39.0,32.0,-0.0030632107251067353,-0.0017650185808415486,0.03125,512.0,6400000.0
34.0,512.0,4.0,9.0,405.0,299.0,12531.0,43488.0,0.48047354984414437,0.4995541811062537,0.03125,2.0,6400000.0
512.0,512.0,4.0,9.0,8016.0,6424.0,279257.0,962304.0,0.754614795427109,0.746426112664567,0.015625,0.0,6400000.0
8.0,512.0,4.0,2.0,22.0,16.0,724.0,1536.0,0.184803559555608,0.19082719424152972,0.03125,32.0,6400000.0
1.0,2.0,2.0,1.0,1.0,1.0,39.0,32.0,-0.0030632107251067353,-0.0017650185808415486,0.125,4096.0,6400000.0
1.0,512.0,4.0,1.0,1.0,1.0,63.0,32.0,-0.0030632107251067353,-0.0017650185808415486,0.03125,128.0,6400000.0
1.0,1.0,1.0,2.0,3.0,2.0,108.0,192.0,0.03911015413878083,0.040912063041146696,8.0,16.0,6400000.0
2.0,2.0,2.0,3.0,14.0,8.0,429.0,1024.0,0.09513138924499842,0.09993826347427859,0.5,0.0625,6400000.0
133.0,512.0,4.0,9.0,2381.0,1735.0,76622.0,260576.0,0.6299760996475747,0.6303426389124431,0.015625,0.03125,6400000.0
1.0,2.0,2.0,1.0,1.0,1.0,39.0,32.0,-0.0030632107251067353,-0.0017650185808415486,0.015625,256.0,6400000.0
47.0,512.0,4.0,9.0,936.0,676.0,29163.0,102144.0,0.579172694871942,0.5785778311096275,0.015625,0.5,6400000.0
34.0,512.0,4.0,9.0,405.0,299.0,12531.0,43488.0,0.48047354984414437,0.4995541811062537,0.015625,2.0,6400000.0
2.0,2.0,2.0,3.0,10.0,6.0,295.0,704.0,0.09231549576014253,0.09427300599869859,0.25,16.0,6400000.0
512.0,512.0,4.0,9.0,7919.0,6403.0,276977.0,958944.0,0.7574203018235899,0.7528479798590654,0.015625,0.00195312,6400000.0
2.0,2.0,2.0,3.0,14.0,8.0,429.0,1024.0,0.09513138924499842,0.09993826347427859,0.125,0.0078125,6400000.0
1.0,512.0,4.0,1.0,1.0,1.0,63.0,32.0,-0.0030632107251067353,-0.0017650185808415486,0.03125,512.0,6400000.0
16.0,512.0,4.0,3.0,67.0,47.0,2020.0,5472.0,0.28428173420704106,0.29213228260301216,0.015625,8.0,6400000.0
327.0,512.0,4.0,9.0,5351.0,4179.0,183696.0,626784.0,0.7263517774653616,0.7304488058931207,0.015625,0.0078125,6400000.0
1.0,512.0,4.0,1.0,1.0,1.0,63.0,32.0,-0.0030632107251067353,-0.0017650185808415486,0.03125,8192.0,6400000.0
72.0,512.0,4.0,9.0,1468.0,1045.0,46332.0,157984.0,0.6102186134538007,0.5969789958644,0.015625,0.125,6400000.0
1.0,512.0,4.0,1.0,1.0,1.0,63.0,32.0,-0.0030632107251067353,-0.0017650185808415486,0.03125,2048.0,6400000.0
2.0,2.0,2.0,3.0,14.0,8.0,429.0,1024.0,0.09513138924499842,0.09993826347427859,0.03125,1.0,6400000.0
1.0,512.0,4.0,1.0,1.0,1.0,63.0,32.0,-0.0030632107251067353,-0.0017650185808415486,0.03125,32768.0,6400000.0
1.0,2.0,2.0,1.0,1.0,1.0,39.0,32.0,-0.0030632107251067353,-0.0017650185808415486,0.5,32768.0,6400000.0
2.0,2.0,2.0,3.0,12.0,7.0,363.0,864.0,0.09413973999029857,0.09778814733003183,0.125,8.0,6400000.0
2.0,2.0,2.0,3.0,14.0,8.0,429.0,1024.0,0.09513138924499842,0.09993826347427859,0.0625,0.00390625,6400000.0
1.0,2.0,2.0,1.0,1.0,1.0,39.0,32.0,-0.0030632107251067353,-0.0017650185808415486,0.0625,2048.0,6400000.0
8.0,512.0,4.0,2.0,22.0,16.0,724.0,1536.0,0.184803559555608,0.19082719424152972,0.015625,32.0,6400000.0
1.0,512.0,4.0,1.0,1.0,1.0,63.0,32.0,-0.0030632107251067353,-0.0017650185808415486,0.015625,128.0,6400000.0
512.0,512.0,4.0,9.0,7993.0,6439.0,278982.0,964704.0,0.7451440466880902,0.7390742790980287,0.0625,0.000976562,6400000.0
2.0,2.0,2.0,3.0,14.0,8.0,429.0,1024.0,0.09513138924499842,0.09993826347427859,0.25,0.03125,6400000.0
1.0,2.0,2.0,1.0,1.0,1.0,39.0,32.0,-0.0030632107251067353,-0.0017650185808415486,1.0,128.0,6400000.0
512.0,512.0,4.0,9.0,7901.0,6423.0,276871.0,962144.0,0.7475654613513818,0.7471113361539523,0.0625,0.00390625,6400000.0
1.0,512.0,4.0,1.0,1.0,1.0,63.0,32.0,-0.0030632107251067353,-0.0017650185808415486,0.015625,2048.0,6400000.0
1.0,512.0,4.0,1.0,1.0,1.0,63.0,32.0,-0.0030632107251067353,-0.0017650185808415486,0.015625,512.0,6400000.0
260.0,512.0,4.0,9.0,4429.0,3396.0,148894.0,510080.0,0.7248179880725566,0.7143925414352856,0.0625,0.015625,6400000.0
37.0,512.0,4.0,9.0,639.0,465.0,19872.0,69664.0,0.5234863226510582,0.534602946209239,0.0625,1.0,6400000.0
53.0,512.0,4.0,9.0,1107.0,782.0,34427.0,118336.0,0.5963520786490591,0.5929239315447865,0.0625,0.25,6400000.0
1.0,512.0,4.0,1.0,1.0,1.0,63.0,32.0,-0.0030632107251067353,-0.0017650185808415486,0.015625,8192.0,6400000.0
1.0,2.0,2.0,1.0,1.0,1.0,39.0,32.0,-0.0030632107251067353,-0.0017650185808415486,0.25,16384.0,6400000.0
1.0,1.0,1.0,2.0,3.0,2.0,108.0,192.0,0.03911015413878083,0.040912063041146696,8.0,1.0,6400000.0
99.0,512.0,4.0,9.0,1919.0,1379.0,61222.0,207968.0,0.6253669652257936,0.6106653100962529,0.0625,0.0625,6400000.0
2.0,2.0,2.0,2.0,6.0,4.0,214.0,384.0,0.07262288558772911,0.07510528703488584,0.5,64.0,6400000.0
27.0,512.0,4.0,9.0,182.0,137.0,5741.0,18464.0,0.39629112021669155,0.40252478152262305,0.0625,4.0,6400000.0
1.0,512.0,4.0,1.0,1.0,1.0,63.0,32.0,-0.0030632107251067353,-0.0017650185808415486,0.015625,32768.0,6400000.0
2.0,2.0,2.0,3.0,14.0,8.0,429.0,1024.0,0.09513138924499842,0.09993826347427859,1.0,0.25,6400000.0
2.0,2.0,2.0,3.0,14.0,8.0,429.0,1024.0,0.09513138924499842,0.09993826347427859,0.03125,0.00195312,6400000.0
53.0,512.0,4.0,9.0,1107.0,782.0,34427.0,118336.0,0.5963520786490591,0.5929239315447865,0.03125,0.25,6400000.0
37.0,512.0,4.0,9.0,639.0,465.0,19872.0,69664.0,0.5234863226510582,0.534602946209239,0.03125,1.0,6400000.0
11.0,512.0,4.0,3.0,35.0,26.0,1119.0,2752.0,0.23801654357424562,0.2440154241847443,0.0625,16.0,6400000.0
99.0,512.0,4.0,9.0,1919.0,1379.0,61222.0,207968.0,0.6253669652257936,0.6106653100962529,0.03125,0.0625,6400000.0
260.0,512.0,4.0,9.0,4429.0,3396.0,148894.0,510080.0,0.7248179880725566,0.7143925414352856,0.03125,0.015625,6400000.0
3.0,512.0,4.0,2.0,9.0,6.0,335.0,576.0,0.10115259004895938,0.10346957106453547,0.0625,64.0,6400000.0
1.0,2.0,2.0,1.0,1.0,1.0,39.0,32.0,-0.0030632107251067353,-0.0017650185808415486,0.03125,1024.0,6400000.0
11.0,512.0,4.0,3.0,35.0,26.0,1119.0,2752.0,0.23801654357424562,0.2440154241847443,0.03125,16.0,6400000.0
512.0,512.0,4.0,9.0,7993.0,6439.0,278982.0,964704.0,0.7451440466880902,0.7390742790980287,0.03125,0.000976562,6400000.0
1.0,512.0,4.0,1.0,1.0,1.0,63.0,32.0,-0.0030632107251067353,-0.0017650185808415486,0.0625,256.0,6400000.0
512.0,512.0,4.0,9.0,7901.0,6423.0,276871.0,962144.0,0.7475654613513818,0.7471113361539523,0.03125,0.00390625,6400000.0
2.0,2.0,2.0,3.0,14.0,8.0,429.0,1024.0,0.09513138924499842,0.09993826347427859,2.0,0.000976562,6400000.0
2.0,2.0,2.0,3.0,14.0,8.0,429.0,1024.0,0.09513138924499842,0.09993826347427859,0.0625,4.0,6400000.0
27.0,512.0,4.0,9.0,182.0,137.0,5741.0,18464.0,0.39629112021669155,0.40252478152262305,0.03125,4.0,6400000.0
1.0,512.0,4.0,1.0,1.0,1.0,63.0,32.0,-0.0030632107251067353,-0.0017650185808415486,0.0625,1024.0,6400000.0
3.0,512.0,4.0,2.0,9.0,6.0,335.0,576.0,0.10115259004895938,0.10346957106453547,0.03125,64.0,6400000.0
1.0,2.0,2.0,1.0,1.0,1.0,39.0,32.0,-0.0030632107251067353,-0.0017650185808415486,0.125,8192.0,6400000.0
1.0,512.0,4.0,1.0,1.0,1.0,63.0,32.0,-0.0030632107251067353,-0.0017650185808415486,0.03125,256.0,6400000.0
2.0,2.0,2.0,3.0,14.0,8.0,429.0,1024.0,0.09513138924499842,0.09993826347427859,0.5,0.125,6400000.0
1.0,1.0,1.0,2.0,3.0,2.0,108.0,192.0,0.03911015413878083,0.040912063041146696,8.0,32.0,6400000.0
2.0,2.0,2.0,3.0,14.0,8.0,429.0,1024.0,0.09513138924499842,0.09993826347427859,0.125,0.015625,6400000.0
2.0,2.0,2.0,2.0,6.0,4.0,214.0,384.0,0.07262288558772911,0.07510528703488584,0.25,32.0,6400000.0
1.0,512.0,4.0,1.0,1.0,1.0,63.0,32.0,-0.0030632107251067353,-0.0017650185808415486,0.03125,1024.0,6400000.0
1.0,512.0,4.0,1.0,1.0,1.0,63.0,32.0,-0.0030632107251067353,-0.0017650185808415486,0.0625,16384.0,6400000.0
1.0,512.0,4.0,1.0,1.0,1.0,63.0,32.0,-0.0030632107251067353,-0.0017650185808415486,0.03125,16384.0,6400000.0
1.0,512.0,4.0,1.0,1.0,1.0,63.0,32.0,-0.0030632107251067353,-0.0017650185808415486,0.0625,4096.0,6400000.0
2.0,2.0,2.0,3.0,14.0,8.0,429.0,1024.0,0.09513138924499842,0.09993826347427859,0.03125,2.0,6400000.0
44.0,512.0,4.0,9.0,824.0,597.0,25840.0,89888.0,0.5329635992521082,0.5467975483986998,0.125,0.5,6400000.0
1.0,512.0,4.0,1.0,1.0,1.0,63.0,32.0,-0.0030632107251067353,-0.0017650185808415486,0.03125,4096.0,6400000.0
142.0,512.0,4.0,9.0,2567.0,1874.0,82285.0,281664.0,0.6574535712817106,0.6527240239464045,0.125,0.03125,6400000.0
82.0,512.0,4.0,9.0,1635.0,1167.0,51931.0,176224.0,0.6167947012831151,0.6107141826848089,0.125,0.125,6400000.0
512.0,512.0,4.0,9.0,8016.0,6424.0,279257.0,962304.0,0.754614795427109,0.746426112664567,0.0625,0.0,6400000.0
512.0,512.0,4.0,9.0,7791.0,6395.0,274460.0,957664.0,0.7567781110858303,0.7524036155900061,0.125,0.0078125,6400000.0
2.0,2.0,2.0,3.0,14.0,8.0,429.0,1024.0,0.09513138924499842,0.09993826347427859,0.0625,0.0078125,6400000.0
2.0,2.0,2.0,3.0,14.0,8.0,429.0,1024.0,0.09513138924499842,0.09993826347427859,1.0,0.0,6400000.0
2.0,2.0,2.0,3.0,10.0,6.0,295.0,704.0,0.09231549576014253,0.09427300599869859,0.125,16.0,6400000.0
512.0,512.0,4.0,9.0,7937.0,6394.0,276830.0,957504.0,0.752529044411113,0.7434153140109803,0.125,0.00195312,6400000.0
34.0,512.0,4.0,9.0,405.0,299.0,12531.0,43488.0,0.48047354984414437,0.4995541811062537,0.125,2.0,6400000.0
16.0,512.0,4.0,3.0,67.0,47.0,2020.0,5472.0,0.28428173420704106,0.29213228260301216,0.125,8.0,6400000.0
1.0,2.0,2.0,1.0,1.0,1.0,39.0,32.0,-0.0030632107251067353,-0.0017650185808415486,0.0625,4096.0,6400000.0
512.0,512.0,4.0,9.0,7984.0,6389.0,278108.0,956704.0,0.7496767931183325,0.7444871623392231,0.125,0.0,6400000.0
2.0,2.0,2.0,3.0,14.0,8.0,429.0,1024.0,0.09513138924499842,0.09993826347427859,0.25,0.0625,6400000.0
1.0,2.0,2.0,1.0,1.0,1.0,39.0,32.0,-0.0030632107251067353,-0.0017650185808415486,1.0,256.0,6400000.0
512.0,512.0,4.0,9.0,7919.0,6403.0,276977.0,958944.0,0.7574203018235899,0.7528479798590654,0.0625,0.00195312,6400000.0
327.0,512.0,4.0,9.0,5351.0,4179.0,183696.0,626784.0,0.7263517774653616,0.7304488058931207,0.0625,0.0078125,6400000.0
34.0,512.0,4.0,9.0,405.0,299.0,12531.0,43488.0,0.48047354984414437,0.4995541811062537,0.0625,2.0,6400000.0
1.0,2.0,2.0,1.0,1.0,1.0,39.0,32.0,-0.0030632107251067353,-0.0017650185808415486,0.25,32768.0,6400000.0
2.0,2.0,2.0,3.0,14.0,8.0,429.0,1024.0,0.09513138924499842,0.09993826347427859,2.0,1.0,6400000.0
1.0,2.0,2.0,1.0,1.0,1.0,39.0,32.0,-0.0030632107251067353,-0.0017650185808415486,0.5,128.0,6400000.0
133.0,512.0,4.0,9.0,2381.0,1735.0,76622.0,260576.0,0.6299760996475747,0.6303426389124431,0.0625,0.03125,6400000.0
8.0,512.0,4.0,2.0,22.0,16.0,724.0,1536.0,0.184803559555608,0.19082719424152972,0.125,32.0,6400000.0
47.0,512.0,4.0,9.0,936.0,676.0,29163.0,102144.0,0.579172694871942,0.5785778311096275,0.0625,0.5,6400000.0
1.0,512.0,4.0,1.0,1.0,1.0,63.0,32.0,-0.0030632107251067353,-0.0017650185808415486,0.125,128.0,6400000.0
72.0,512.0,4.0,9.0,1468.0,1045.0,46332.0,157984.0,0.6102186134538007,0.5969789958644,0.0625,0.125,6400000.0
16.0,512.0,4.0,3.0,67.0,47.0,2020.0,5472.0,0.28428173420704106,0.29213228260301216,0.0625,8.0,6400000.0
1.0,512.0,4.0,1.0,1.0,1.0,63.0,32.0,-0.0030632107251067353,-0.0017650185808415486,0.125,512.0,6400000.0
1.0,512.0,4.0,1.0,1.0,1.0,63.0,32.0,-0.0030632107251067353,-0.0017650185808415486,0.125,2048.0,6400000.0
2.0,2.0,2.0,3.0,14.0,8.0,429.0,1024.0,0.09513138924499842,0.09993826347427859,1.0,0.5,6400000.0
1.0,512.0,4.0,1.0,1.0,1.0,63.0,32.0,-0.0030632107251067353,-0.0017650185808415486,0.0625,128.0,6400000.0
1.0,2.0,2.0,1.0,1.0,1.0,39.0,32.0,-0.0030632107251067353,-0.0017650185808415486,0.03125,2048.0,6400000.0
8.0,512.0,4.0,2.0,22.0,16.0,724.0,1536.0,0.184803559555608,0.19082719424152972,0.0625,32.0,6400000.0
1.0,512.0,4.0,1.0,1.0,1.0,63.0,32.0,-0.0030632107251067353,-0.0017650185808415486,0.125,8192.0,6400000.0
1.0,512.0,4.0,1.0,1.0,1.0,63.0,32.0,-0.0030632107251067353,-0.0017650185808415486,0.0625,512.0,6400000.0
1.0,512.0,4.0,1.0,1.0,1.0,63.0,32.0,-0.0030632107251067353,-0.0017650185808415486,0.125,32768.0,6400000.0
2.0,2.0,2.0,3.0,12.0,7.0,363.0,864.0,0.09413973999029857,0.09778814733003183,0.0625,8.0,6400000.0
512.0,512.0,4.0,9.0,7981.0,6416.0,278538.0,961024.0,0.7516809097015497,0.7500443073641281,0.25,0.000976562,6400000.0
2.0,2.0,2.0,3.0,14.0,8.0,429.0,1024.0,0.09513138924499842,0.09993826347427859,2.0,0.00195312,6400000.0
242.0,512.0,4.0,9.0,4105.0,3123.0,137435.0,468704.0,0.7280485372541525,0.7160565794820619,0.25,0.015625,6400000.0
1.0,2.0,2.0,1.0,1.0,1.0,39.0,32.0,-0.0030632107251067353,-0.0017650185808415486,0.125,16384.0,6400000.0
1.0,2.0,2.0,1.0,1.0,1.0,39.0,32.0,-0.0030632107251067353,-0.0017650185808415486,2.0,1024.0,6400000.0
1.0,512.0,4.0,1.0,1.0,1.0,63.0,32.0,-0.0030632107251067353,-0.0017650185808415486,0.0625,2048.0,6400000.0
95.0,512.0,4.0,9.0,1853.0,1325.0,58635.0,199840.0,0.6283548200927842,0.6229653352431512,0.25,0.0625,6400000.0
37.0,512.0,4.0,9.0,634.0,459.0,19440.0,68704.0,0.52490193261183,0.5378789660572921,0.25,1.0,6400000.0
21.0,512.0,4.0,8.0,161.0,120.0,5054.0,16512.0,0.37569441219205346,0.3831987737801994,0.25,4.0,6400000.0
57.0,512.0,4.0,9.0,1190.0,853.0,37326.0,129184.0,0.6071108712602789,0.5981259039411835,0.25,0.25,6400000.0
1.0,1.0,1.0,2.0,3.0,2.0,108.0,192.0,0.03911015413878083,0.040912063041146696,8.0,64.0,6400000.0
512.0,512.0,4.0,9.0,7982.0,6492.0,280139.0,973184.0,0.7648597628237479,0.7511442753739983,0.25,0.00390625,6400000.0
2.0,2.0,2.0,3.0,14.0,8.0,429.0,1024.0,0.09513138924499842,0.09993826347427859,0.5,0.25,6400000.0
2.0,2.0,2.0,3.0,14.0,8.0,429.0,1024.0,0.09513138924499842,0.09993826347427859,0.125,0.03125,6400000.0
11.0,512.0,4.0,3.0,35.0,26.0,1119.0,2752.0,0.23801654357424562,0.2440154241847443,0.25,16.0,6400000.0
1.0,512.0,4.0,1.0,1.0,1.0,63.0,32.0,-0.0030632107251067353,-0.0017650185808415486,0.0625,32768.0,6400000.0
2.0,2.0,2.0,2.0,6.0,4.0,214.0,384.0,0.07262288558772911,0.07510528703488584,0.25,64.0,6400000.0
1.0,512.0,4.0,1.0,1.0,1.0,63.0,32.0,-0.0030632107251067353,-0.0017650185808415486,0.0625,8192.0,6400000.0
57.0,512.0,4.0,9.0,1190.0,853.0,37326.0,129184.0,0.6071108712602789,0.5981259039411835,0.125,0.25,6400000.0
1.0,512.0,4.0,1.0,1.0,1.0,63.0,32.0,-0.0030632107251067353,-0.0017650185808415486,0.25,256.0,6400000.0
38.0,512.0,4.0,9.0,691.0,505.0,21460.0,75936.0,0.5505120967095605,0.5588962575632352,0.125,1.0,6400000.0
3.0,512.0,4.0,2.0,9.0,6.0,335.0,576.0,0.10115259004895938,0.10346957106453547,0.25,64.0,6400000.0
1.0,512.0,4.0,1.0,1.0,1.0,63.0,32.0,-0.0030632107251067353,-0.0017650185808415486,0.25,4096.0,6400000.0
2.0,2.0,2.0,3.0,14.0,8.0,429.0,1024.0,0.09513138924499842,0.09993826347427859,0.0625,0.015625,6400000.0
242.0,512.0,4.0,9.0,4105.0,3123.0,137435.0,468704.0,0.7280485372541525,0.7160565794820619,0.125,0.015625,6400000.0
27.0,512.0,4.0,9.0,182.0,137.0,5741.0,18464.0,0.39629112021669155,0.40252478152262305,0.125,4.0,6400000.0
2.0,2.0,2.0,3.0,14.0,8.0,429.0,1024.0,0.09513138924499842,0.09993826347427859,1.0,0.000976562,6400000.0
95.0,512.0,4.0,9.0,1853.0,1325.0,58635.0,199840.0,0.6283548200927842,0.6229653352431512,0.125,0.0625,6400000.0
2.0,2.0,2.0,2.0,6.0,4.0,214.0,384.0,0.07262288558772911,0.07510528703488584,0.125,32.0,6400000.0
11.0,512.0,4.0,3.0,35.0,26.0,1119.0,2752.0,0.23801654357424562,0.2440154241847443,0.125,16.0,6400000.0
1.0,2.0,2.0,1.0,1.0,1.0,39.0,32.0,-0.0030632107251067353,-0.0017650185808415486,0.0625,8192.0,6400000.0
1.0,2.0,2.0,1.0,1.0,1.0,39.0,32.0,-0.0030632107251067353,-0.0017650185808415486,1.0,512.0,6400000.0
1.0,512.0,4.0,1.0,1.0,1.0,63.0,32.0,-0.0030632107251067353,-0.0017650185808415486,0.25,16384.0,6400000.0
1.0,512.0,4.0,1.0,1.0,1.0,63.0,32.0,-0.0030632107251067353,-0.0017650185808415486,0.25,1024.0,6400000.0
2.0,2.0,2.0,3.0,14.0,8.0,429.0,1024.0,0.09513138924499842,0.09993826347427859,0.25,0.125,6400000.0
512.0,512.0,4.0,9.0,7981.0,6416.0,278538.0,961024.0,0.7516809097015497,0.7500443073641281,0.125,0.000976562,6400000.0
512.0,512.0,4.0,9.0,7982.0,6492.0,280139.0,973184.0,0.7648597628237479,0.7511442753739983,0.125,0.00390625,6400000.0
512.0,512.0,4.0,9.0,8051.0,6465.0,280457.0,968864.0,0.7595609919082404,0.7450062479086255,0.5,0.0,6400000.0
1.0,1.0,1.0,2.0,3.0,2.0,108.0,192.0,0.03911015413878083,0.040912063041146696,0.000976562,4.0,6400000.0
2.0,2.0,2.0,3.0,14.0,8.0,429.0,1024.0,0.09513138924499842,0.09993826347427859,0.5,0.0,6400000.0
3.0,512.0,4.0,2.0,9.0,6.0,335.0,576.0,0.10115259004895938,0.10346957106453547,0.125,64.0,6400000.0
1.0,2.0,2.0,1.0,1.0,1.0,39.0,32.0,-0.0030632107251067353,-0.0017650185808415486,0.5,256.0,6400000.0
2.0,2.0,2.0,3.0,14.0,8.0,429.0,1024.0,0.09513138924499842,0.09993826347427859,2.0,2.0,6400000.0
1.0,1.0,1.0,1.0,1.0,1.0,35.0,32.0,-0.0030632107251067353,-0.0017650185808415486,8.0,2048.0,6400000.0
2.0,2.0,2.0,3.0,14.0,8.0,429.0,1024.0,0.09513138924499842,0.09993826347427859,4.0,0.0078125,6400000.0
1.0,512.0,4.0,1.0,1.0,1.0,63.0,32.0,-0.0030632107251067353,-0.0017650185808415486,0.125,256.0,6400000.0
1.0,512.0,4.0,1.0,1.0,1.0,63.0,32.0,-0.0030632107251067353,-0.0017650185808415486,0.125,1024.0,6400000.0
2.0,2.0,2.0,3.0,14.0,8.0,429.0,1024.0,0.09513138924499842,0.09993826347427859,1.0,1.0,6400000.0
125.0,512.0,4.0,9.0,2384.0,1721.0,76267.0,259360.0,0.6483575552424254,0.6419793423183147,0.5,0.03125,6400000.0
1.0,512.0,4.0,1.0,1.0,1.0,63.0,32.0,-0.0030632107251067353,-0.0017650185808415486,0.125,4096.0,6400000.0
415.0,512.0,4.0,9.0,6690.0,5368.0,232371.0,805760.0,0.7560806032451728,0.7441656545066255,0.5,0.0078125,6400000.0
512.0,512.0,4.0,9.0,7975.0,6445.0,278423.0,965664.0,0.7491844923684104,0.7442500193791859,0.5,0.00195312,6400000.0
1.0,512.0,4.0,1.0,1.0,1.0,63.0,32.0,-0.0030632107251067353,-0.0017650185808415486,0.125,16384.0,6400000.0
76.0,512.0,4.0,9.0,1506.0,1068.0,47682.0,161152.0,0.6028093226712261,0.6042290571276414,0.5,0.125,6400000.0
35.0,512.0,4.0,9.0,465.0,346.0,14295.0,50880.0,0.5138615621088017,0.5198496433247503,0.5,2.0,6400000.0
46.0,512.0,4.0,9.0,920.0,660.0,28649.0,99712.0,0.5712109162075185,0.5682519548385925,0.5,0.5,6400000.0
2.0,2.0,2.0,3.0,10.0,6.0,295.0,704.0,0.09231549576014253,0.09427300599869859,0.0625,16.0,6400000.0
142.0,512.0,4.0,9.0,2567.0,1874.0,82285.0,281664.0,0.6574535712817106,0.6527240239464045,0.25,0.03125,6400000.0
16.0,512.0,4.0,3.0,67.0,47.0,2020.0,5472.0,0.28428173420704106,0.29213228260301216,0.5,8.0,6400000.0
512.0,512.0,4.0,9.0,7937.0,6394.0,276830.0,957504.0,0.752529044411113,0.7434153140109803,0.25,0.00195312,6400000.0
1.0,2.0,2.0,1.0,1.0,1.0,39.0,32.0,-0.0030632107251067353,-0.0017650185808415486,0.125,32768.0,6400000.0
1.0,2.0,2.0,1.0,1.0,1.0,39.0,32.0,-0.0030632107251067353,-0.0017650185808415486,2.0,2048.0,6400000.0
2.0,2.0,2.0,3.0,14.0,8.0,429.0,1024.0,0.09513138924499842,0.09993826347427859,2.0,0.00390625,6400000.0
8.0,512.0,4.0,2.0,22.0,16.0,724.0,1536.0,0.184803559555608,0.19082719424152972,0.5,32.0,6400000.0
49.0,512.0,4.0,9.0,965.0,702.0,30250.0,106048.0,0.5916136277291053,0.5886801710477753,0.25,0.5,6400000.0
1.0,1.0,1.0,1.0,1.0,1.0,35.0,32.0,-0.0030632107251067353,-0.0017650185808415486,8.0,128.0,6400000.0
512.0,512.0,4.0,9.0,7984.0,6389.0,278108.0,956704.0,0.7496767931183325,0.7444871623392231,0.25,0.0,6400000.0
29.0,512.0,4.0,9.0,367.0,269.0,11179.0,39328.0,0.46166356012270027,0.47247850340434716,0.25,2.0,6400000.0
16.0,512.0,4.0,3.0,67.0,47.0,2020.0,5472.0,0.28428173420704106,0.29213228260301216,0.25,8.0,6400000.0
82.0,512.0,4.0,9.0,1635.0,1167.0,51931.0,176224.0,0.6167947012831151,0.6107141826848089,0.25,0.125,6400000.0
2.0,2.0,2.0,3.0,14.0,8.0,429.0,1024.0,0.09513138924499842,0.09993826347427859,0.125,0.0625,6400000.0
2.0,2.0,2.0,3.0,14.0,8.0,429.0,1024.0,0.09513138924499842,0.09993826347427859,0.5,0.5,6400000.0
512.0,512.0,4.0,9.0,7791.0,6395.0,274460.0,957664.0,0.7567781110858303,0.7524036155900061,0.25,0.0078125,6400000.0
8.0,512.0,4.0,2.0,22.0,16.0,724.0,1536.0,0.184803559555608,0.19082719424152972,0.25,32.0,6400000.0
1.0,2.0,2.0,1.0,1.0,1.0,39.0,32.0,-0.0030632107251067353,-0.0017650185808415486,0.25,128.0,6400000.0
1.0,512.0,4.0,1.0,1.0,1.0,63.0,32.0,-0.0030632107251067353,-0.0017650185808415486,0.5,128.0,6400000.0
1.0,512.0,4.0,1.0,1.0,1.0,63.0,32.0,-0.0030632107251067353,-0.0017650185808415486,0.5,512.0,6400000.0
1.0,512.0,4.0,1.0,1.0,1.0,63.0,32.0,-0.0030632107251067353,-0.0017650185808415486,0.25,128.0,6400000.0
1.0,512.0,4.0,1.0,1.0,1.0,63.0,32.0,-0.0030632107251067353,-0.0017650185808415486,0.25,512.0,6400000.0
2.0,2.0,2.0,3.0,12.0,7.0,363.0,864.0,0.09413973999029857,0.09778814733003183,4.0,8.0,6400000.0
1.0,512.0,4.0,1.0,1.0,1.0,63.0,32.0,-0.0030632107251067353,-0.0017650185808415486,0.25,8192.0,6400000.0
2.0,2.0,2.0,3.0,14.0,8.0,429.0,1024.0,0.09513138924499842,0.09993826347427859,1.0,0.00195312,6400000.0
1.0,512.0,4.0,1.0,1.0,1.0,63.0,32.0,-0.0030632107251067353,-0.0017650185808415486,0.5,2048.0,6400000.0
2.0,2.0,2.0,2.0,6.0,4.0,214.0,384.0,0.07262288558772911,0.07510528703488584,0.125,64.0,6400000.0
1.0,2.0,2.0,1.0,1.0,1.0,39.0,32.0,-0.0030632107251067353,-0.0017650185808415486,1.0,1024.0,6400000.0
1.0,512.0,4.0,1.0,1.0,1.0,63.0,32.0,-0.0030632107251067353,-0.0017650185808415486,0.25,32768.0,6400000.0
1.0,2.0,2.0,1.0,1.0,1.0,39.0,32.0,-0.0030632107251067353,-0.0017650185808415486,0.0625,16384.0,6400000.0
1.0,512.0,4.0,1.0,1.0,1.0,63.0,32.0,-0.0030632107251067353,-0.0017650185808415486,0.5,32768.0,6400000.0
1.0,512.0,4.0,1.0,1.0,1.0,63.0,32.0,-0.0030632107251067353,-0.0017650185808415486,0.5,8192.0,6400000.0
1.0,512.0,4.0,1.0,1.0,1.0,63.0,32.0,-0.0030632107251067353,-0.0017650185808415486,0.25,2048.0,6400000.0
2.0,2.0,2.0,3.0,14.0,8.0,429.0,1024.0,0.09513138924499842,0.09993826347427859,0.25,0.25,6400000.0
102.0,512.0,4.0,9.0,1943.0,1398.0,61959.0,210624.0,0.6316211411319874,0.6255922800648492,1.0,0.0625,6400000.0
291.0,512.0,4.0,9.0,4675.0,3626.0,158515.0,542912.0,0.7217553920269624,0.7247135381730192,1.0,0.015625,6400000.0
512.0,512.0,4.0,9.0,7940.0,6375.0,276278.0,954464.0,0.7507832393220477,0.7408800674388877,1.0,0.000976562,6400000.0
52.0,512.0,4.0,9.0,1083.0,762.0,33911.0,115264.0,0.5814716095751725,0.5817196003704657,1.0,0.25,6400000.0
512.0,512.0,4.0,9.0,7935.0,6426.0,277859.0,962624.0,0.7576855720302884,0.7407932486875246,1.0,0.00390625,6400000.0
512.0,512.0,4.0,9.0,7949.0,6395.0,277253.0,957664.0,0.7568588291528682,0.7464912746492834,0.5,0.000976562,6400000.0
1.0,2.0,2.0,1.0,1.0,1.0,39.0,32.0,-0.0030632107251067353,-0.0017650185808415486,0.5,512.0,6400000.0
1.0,1.0,1.0,2.0,3.0,2.0,108.0,192.0,0.03911015413878083,0.040912063041146696,0.000976562,8.0,6400000.0
2.0,2.0,2.0,3.0,14.0,8.0,429.0,1024.0,0.09513138924499842,0.09993826347427859,4.0,0.015625,6400000.0
2.0,2.0,2.0,3.0,14.0,8.0,429.0,1024.0,0.09513138924499842,0.09993826347427859,2.0,4.0,6400000.0
1.0,1.0,1.0,1.0,1.0,1.0,35.0,32.0,-0.0030632107251067353,-0.0017650185808415486,8.0,4096.0,6400000.0
44.0,512.0,4.0,9.0,738.0,554.0,23173.0,83008.0,0.5400624899190241,0.5430427677680744,1.0,1.0,6400000.0
2.0,2.0,2.0,3.0,14.0,8.0,429.0,1024.0,0.09513138924499842,0.09993826347427859,0.5,0.000976562,6400000.0
2.0,2.0,2.0,3.0,14.0,8.0,429.0,1024.0,0.09513138924499842,0.09993826347427859,1.0,2.0,6400000.0
22.0,512.0,4.0,8.0,162.0,120.0,5106.0,16384.0,0.38525211627519973,0.39030441205093724,1.0,4.0,6400000.0
99.0,512.0,4.0,9.0,1916.0,1390.0,61580.0,209728.0,0.6374477094989366,0.6296075642378051,0.5,0.0625,6400000.0
1.0,2.0,2.0,1.0,1.0,1.0,39.0,32.0,-0.0030632107251067353,-0.0017650185808415486,4.0,8192.0,6400000.0
269.0,512.0,4.0,9.0,4445.0,3417.0,150619.0,512288.0,0.7381682583375284,0.7208753229816445,0.5,0.015625,6400000.0
512.0,512.0,4.0,9.0,7845.0,6382.0,275371.0,955584.0,0.7502051547215025,0.7472045888445196,0.5,0.00390625,6400000.0
23.0,512.0,4.0,8.0,191.0,141.0,6004.0,19616.0,0.40068438400649886,0.4112807495713583,0.5,4.0,6400000.0
11.0,512.0,4.0,3.0,35.0,26.0,1119.0,2752.0,0.23801654357424562,0.2440154241847443,1.0,16.0,6400000.0
51.0,512.0,4.0,9.0,1078.0,760.0,33603.0,115072.0,0.5810490493667828,0.5911583606082336,0.5,0.25,6400000.0
33.0,512.0,4.0,9.0,602.0,436.0,18434.0,65536.0,0.5161450007527962,0.5278003993903042,0.5,1.0,6400000.0
3.0,512.0,4.0,2.0,9.0,6.0,335.0,576.0,0.10115259004895938,0.10346957106453547,1.0,64.0,6400000.0
2.0,2.0,2.0,3.0,14.0,8.0,429.0,1024.0,0.09513138924499842,0.09993826347427859,2.0,0.0078125,6400000.0
11.0,512.0,4.0,3.0,35.0,26.0,1119.0,2752.0,0.23801654357424562,0.2440154241847443,0.5,16.0,6400000.0
1.0,512.0,4.0,1.0,1.0,1.0,63.0,32.0,-0.0030632107251067353,-0.0017650185808415486,1.0,256.0,6400000.0
2.0,2.0,2.0,3.0,14.0,8.0,429.0,1024.0,0.09513138924499842,0.09993826347427859,0.25,0.0,6400000.0
1.0,2.0,2.0,1.0,1.0,1.0,39.0,32.0,-0.0030632107251067353,-0.0017650185808415486,2.0,4096.0,6400000.0
3.0,512.0,4.0,2.0,9.0,6.0,335.0,576.0,0.10115259004895938,0.10346957106453547,0.5,64.0,6400000.0
1.0,512.0,4.0,1.0,1.0,1.0,63.0,32.0,-0.0030632107251067353,-0.0017650185808415486,1.0,4096.0,6400000.0
2.0,2.0,2.0,3.0,14.0,8.0,429.0,1024.0,0.09513138924499842,0.09993826347427859,0.125,0.125,6400000.0
1.0,512.0,4.0,1.0,1.0,1.0,63.0,32.0,-0.0030632107251067353,-0.0017650185808415486,1.0,1024.0,6400000.0
1.0,1.0,1.0,1.0,1.0,1.0,35.0,32.0,-0.0030632107251067353,-0.0017650185808415486,8.0,256.0,6400000.0
2.0,2.0,2.0,3.0,14.0,8.0,429.0,1024.0,0.09513138924499842,0.09993826347427859,0.5,1.0,6400000.0
1.0,512.0,4.0,1.0,1.0,1.0,63.0,32.0,-0.0030632107251067353,-0.0017650185808415486,1.0,16384.0,6400000.0
1.0,2.0,2.0,1.0,1.0,1.0,39.0,32.0,-0.0030632107251067353,-0.0017650185808415486,0.25,256.0,6400000.0
374.0,512.0,4.0,9.0,6022.0,4763.0,207501.0,714208.0,0.7265763047190548,0.7379547189922604,2.0,0.0078125,6400000.0
2.0,2.0,2.0,3.0,14.0,8.0,429.0,1024.0,0.09513138924499842,0.09993826347427859,8.0,0.0625,6400000.0
239.0,512.0,4.0,9.0,3981.0,3094.0,134493.0,464448.0,0.7179376780973675,0.7229940869628553,2.0,0.03125,6400000.0
1.0,512.0,4.0,1.0,1.0,1.0,63.0,32.0,-0.0030632107251067353,-0.0017650185808415486,0.5,256.0,6400000.0
512.0,512.0,4.0,9.0,7904.0,6341.0,275536.0,949024.0,0.7437888542355189,0.7413726993918508,2.0,0.0,6400000.0
512.0,512.0,4.0,9.0,7853.0,6339.0,274198.0,948704.0,0.750398544367769,0.7472669538614528,2.0,0.00195312,6400000.0
81.0,512.0,4.0,9.0,1598.0,1163.0,50988.0,175712.0,0.6079159738379869,0.6080630459882528,2.0,0.125,6400000.0
1.0,512.0,4.0,1.0,1.0,1.0,63.0,32.0,-0.0030632107251067353,-0.0017650185808415486,0.5,1024.0,6400000.0
2.0,2.0,2.0,3.0,10.0,6.0,295.0,704.0,0.09231549576014253,0.09427300599869859,4.0,16.0,6400000.0
1.0,512.0,4.0,1.0,1.0,1.0,63.0,32.0,-0.0030632107251067353,-0.0017650185808415486,0.5,4096.0,6400000.0
1.0,512.0,4.0,1.0,1.0,1.0,63.0,32.0,-0.0030632107251067353,-0.0017650185808415486,0.5,16384.0,6400000.0
1.0,2.0,2.0,1.0,1.0,1.0,39.0,32.0,-0.0030632107251067353,-0.0017650185808415486,1.0,2048.0,6400000.0
1.0,2.0,2.0,1.0,1.0,1.0,39.0,32.0,-0.0030632107251067353,-0.0017650185808415486,0.125,128.0,6400000.0
2.0,2.0,2.0,3.0,14.0,8.0,429.0,1024.0,0.09513138924499842,0.09993826347427859,1.0,0.00390625,6400000.0
45.0,512.0,4.0,9.0,846.0,604.0,26308.0,90880.0,0.5492492775564819,0.5533541393903567,2.0,0.5,6400000.0
16.0,512.0,4.0,3.0,67.0,47.0,2020.0,5472.0,0.28428173420704106,0.29213228260301216,2.0,8.0,6400000.0
37.0,512.0,4.0,9.0,393.0,302.0,12357.0,43584.0,0.48433038515692384,0.49955225833858974,2.0,2.0,6400000.0
2.0,2.0,2.0,3.0,14.0,8.0,429.0,1024.0,0.09513138924499842,0.09993826347427859,0.25,0.5,6400000.0
8.0,512.0,4.0,2.0,22.0,16.0,724.0,1536.0,0.184803559555608,0.19082719424152972,2.0,32.0,6400000.0
1.0,512.0,4.0,1.0,1.0,1.0,63.0,32.0,-0.0030632107251067353,-0.0017650185808415486,2.0,512.0,6400000.0
1.0,512.0,4.0,1.0,1.0,1.0,63.0,32.0,-0.0030632107251067353,-0.0017650185808415486,2.0,128.0,6400000.0
512.0,512.0,4.0,9.0,7990.0,6419.0,278819.0,961504.0,0.7594225989359761,0.7535446036436835,1.0,0.0,6400000.0
165.0,512.0,4.0,9.0,2982.0,2212.0,97733.0,332800.0,0.6824195460995135,0.6841923490111106,1.0,0.03125,6400000.0
42.0,512.0,4.0,9.0,825.0,589.0,25539.0,88864.0,0.5365614202420972,0.5443358123797324,1.0,0.5,6400000.0
512.0,512.0,4.0,9.0,8043.0,6495.0,281123.0,973664.0,0.7554086441030017,0.7453208453908415,1.0,0.00195312,6400000.0
1.0,512.0,4.0,1.0,1.0,1.0,63.0,32.0,-0.0030632107251067353,-0.0017650185808415486,2.0,2048.0,6400000.0
82.0,512.0,4.0,9.0,1600.0,1138.0,50687.0,171584.0,0.6211849008992345,0.6100119901096583,1.0,0.125,6400000.0
375.0,512.0,4.0,9.0,5974.0,4736.0,205727.0,709760.0,0.7478256308596332,0.7359546222799302,1.0,0.0078125,6400000.0
1.0,1.0,1.0,2.0,3.0,2.0,108.0,192.0,0.03911015413878083,0.040912063041146696,0.000976562,16.0,6400000.0
1.0,2.0,2.0,1.0,1.0,1.0,39.0,32.0,-0.0030632107251067353,-0.0017650185808415486,0.5,1024.0,6400000.0
2.0,2.0,2.0,3.0,14.0,8.0,429.0,1024.0,0.09513138924499842,0.09993826347427859,4.0,0.03125,6400000.0
2.0,2.0,2.0,3.0,12.0,7.0,363.0,864.0,0.09413973999029857,0.09778814733003183,2.0,8.0,6400000.0
1.0,1.0,1.0,1.0,1.0,1.0,35.0,32.0,-0.0030632107251067353,-0.0017650185808415486,8.0,8192.0,6400000.0
2.0,2.0,2.0,3.0,14.0,8.0,429.0,1024.0,0.09513138924499842,0.09993826347427859,0.5,0.00195312,6400000.0
16.0,512.0,4.0,3.0,67.0,47.0,2020.0,5472.0,0.28428173420704106,0.29213228260301216,1.0,8.0,6400000.0
2.0,2.0,2.0,3.0,14.0,8.0,429.0,1024.0,0.09513138924499842,0.09993826347427859,1.0,4.0,6400000.0
31.0,512.0,4.0,9.0,343.0,261.0,10826.0,37792.0,0.44784528477901897,0.4652902710227389,1.0,2.0,6400000.0
1.0,2.0,2.0,1.0,1.0,1.0,39.0,32.0,-0.0030632107251067353,-0.0017650185808415486,4.0,16384.0,6400000.0
8.0,512.0,4.0,2.0,22.0,16.0,724.0,1536.0,0.184803559555608,0.19082719424152972,1.0,32.0,6400000.0
1.0,512.0,4.0,1.0,1.0,1.0,63.0,32.0,-0.0030632107251067353,-0.0017650185808415486,2.0,8192.0,6400000.0
2.0,2.0,2.0,3.0,14.0,8.0,429.0,1024.0,0.09513138924499842,0.09993826347427859,2.0,0.015625,6400000.0
2.0,2.0,2.0,2.0,6.0,4.0,214.0,384.0,0.07262288558772911,0.07510528703488584,8.0,64.0,6400000.0
1.0,512.0,4.0,1.0,1.0,1.0,63.0,32.0,-0.0030632107251067353,-0.0017650185808415486,1.0,128.0,6400000.0
2.0,2.0,2.0,3.0,14.0,8.0,429.0,1024.0,0.09513138924499842,0.09993826347427859,0.25,0.000976562,6400000.0
1.0,2.0,2.0,1.0,1.0,1.0,39.0,32.0,-0.0030632107251067353,-0.0017650185808415486,2.0,8192.0,6400000.0
512.0,512.0,4.0,9.0,7753.0,6294.0,271289.0,941504.0,0.7466055839211756,0.738536802588496,4.0,0.00390625,6400000.0
109.0,512.0,4.0,9.0,2063.0,1507.0,65853.0,227168.0,0.6273916040402427,0.6303021688317748,4.0,0.0625,6400000.0
1.0,512.0,4.0,1.0,1.0,1.0,63.0,32.0,-0.0030632107251067353,-0.0017650185808415486,1.0,512.0,6400000.0
1.0,512.0,4.0,1.0,1.0,1.0,63.0,32.0,-0.0030632107251067353,-0.0017650185808415486,2.0,32768.0,6400000.0
512.0,512.0,4.0,9.0,7901.0,6340.0,275401.0,948864.0,0.7546523763057083,0.7475278057536736,4.0,0.000976562,6400000.0
1.0,512.0,4.0,1.0,1.0,1.0,63.0,32.0,-0.0030632107251067353,-0.0017650185808415486,1.0,2048.0,6400000.0
188.0,512.0,4.0,9.0,3289.0,2447.0,108327.0,367456.0,0.6858179781912654,0.6800476055152296,4.0,0.015625,6400000.0
1.0,512.0,4.0,1.0,1.0,1.0,63.0,32.0,-0.0030632107251067353,-0.0017650185808415486,1.0,8192.0,6400000.0
33.0,512.0,4.0,7.0,457.0,337.0,14606.0,49696.0,0.4875399059777278,0.4897545338435073,4.0,1.0,6400000.0
2.0,2.0,2.0,3.0,14.0,8.0,429.0,1024.0,0.09513138924499842,0.09993826347427859,0.5,2.0,6400000.0
1.0,512.0,4.0,1.0,1.0,1.0,63.0,32.0,-0.0030632107251067353,-0.0017650185808415486,1.0,32768.0,6400000.0
55.0,512.0,4.0,8.0,1086.0,794.0,34388.0,120000.0,0.5478858959365513,0.5623914302147286,4.0,0.25,6400000.0
2.0,2.0,2.0,3.0,14.0,8.0,429.0,1024.0,0.09513138924499842,0.09993826347427859,8.0,0.125,6400000.0
1.0,2.0,2.0,1.0,1.0,1.0,39.0,32.0,-0.0030632107251067353,-0.0017650185808415486,0.25,512.0,6400000.0
1.0,1.0,1.0,1.0,1.0,1.0,35.0,32.0,-0.0030632107251067353,-0.0017650185808415486,8.0,512.0,6400000.0
236.0,512.0,4.0,9.0,3968.0,3036.0,133272.0,455552.0,0.6986331138269141,0.7040133283732493,2.0,0.015625,6400000.0
53.0,512.0,4.0,9.0,1123.0,794.0,35154.0,120256.0,0.5438903065738224,0.5611707830113652,2.0,0.25,6400000.0
475.0,512.0,4.0,9.0,7460.0,6027.0,260817.0,903520.0,0.737987649158942,0.743245679323367,2.0,0.00390625,6400000.0
100.0,512.0,4.0,9.0,1898.0,1371.0,60897.0,206560.0,0.6252538645063666,0.6210581904125998,2.0,0.0625,6400000.0
11.0,512.0,4.0,3.0,35.0,26.0,1119.0,2752.0,0.23801654357424562,0.2440154241847443,4.0,16.0,6400000.0
512.0,512.0,4.0,9.0,7872.0,6329.0,274757.0,947104.0,0.7430408330222619,0.7387412705452416,2.0,0.000976562,6400000.0
26.0,512.0,4.0,5.0,148.0,113.0,4842.0,14752.0,0.35290037616472336,0.3578088509707109,4.0,4.0,6400000.0
2.0,2.0,2.0,2.0,6.0,4.0,214.0,384.0,0.07262288558772911,0.07510528703488584,4.0,32.0,6400000.0
2.0,2.0,2.0,3.0,14.0,8.0,429.0,1024.0,0.09513138924499842,0.09993826347427859,1.0,0.0078125,6400000.0
41.0,512.0,4.0,9.0,627.0,458.0,19316.0,68032.0,0.5180074978621946,0.5340513881320648,2.0,1.0,6400000.0
26.0,512.0,4.0,8.0,172.0,129.0,5296.0,17312.0,0.3951267073259065,0.40584305195034975,2.0,4.0,6400000.0
2.0,2.0,2.0,3.0,14.0,8.0,429.0,1024.0,0.09513138924499842,0.09993826347427859,0.25,1.0,6400000.0
11.0,512.0,4.0,3.0,35.0,26.0,1119.0,2752.0,0.23801654357424562,0.2440154241847443,2.0,16.0,6400000.0
1.0,2.0,2.0,1.0,1.0,1.0,39.0,32.0,-0.0030632107251067353,-0.0017650185808415486,1.0,4096.0,6400000.0
1.0,512.0,4.0,1.0,1.0,1.0,63.0,32.0,-0.0030632107251067353,-0.0017650185808415486,4.0,256.0,6400000.0
1.0,512.0,4.0,1.0,1.0,1.0,63.0,32.0,-0.0030632107251067353,-0.0017650185808415486,2.0,256.0,6400000.0
1.0,512.0,4.0,1.0,1.0,1.0,63.0,32.0,-0.0030632107251067353,-0.0017650185808415486,2.0,1024.0,6400000.0
3.0,512.0,4.0,2.0,9.0,6.0,335.0,576.0,0.10115259004895938,0.10346957106453547,4.0,64.0,6400000.0
2.0,2.0,2.0,2.0,14.0,8.0,429.0,1024.0,0.08676859816809712,0.09005205639915703,16.0,0.0,6400000.0
3.0,512.0,4.0,2.0,9.0,6.0,335.0,576.0,0.10115259004895938,0.10346957106453547,2.0,64.0,6400000.0
1.0,512.0,4.0,1.0,1.0,1.0,63.0,32.0,-0.0030632107251067353,-0.0017650185808415486,4.0,1024.0,6400000.0
1.0,512.0,4.0,1.0,1.0,1.0,63.0,32.0,-0.0030632107251067353,-0.0017650185808415486,2.0,4096.0,6400000.0
1.0,512.0,4.0,1.0,1.0,1.0,63.0,32.0,-0.0030632107251067353,-0.0017650185808415486,4.0,4096.0,6400000.0
1.0,512.0,4.0,1.0,1.0,1.0,63.0,32.0,-0.0030632107251067353,-0.0017650185808415486,4.0,16384.0,6400000.0
2.0,2.0,2.0,3.0,14.0,8.0,429.0,1024.0,0.09513138924499842,0.09993826347427859,4.0,0.0625,6400000.0
2.0,2.0,2.0,3.0,10.0,6.0,295.0,704.0,0.09231549576014253,0.09427300599869859,2.0,16.0,6400000.0
1.0,1.0,1.0,2.0,3.0,2.0,108.0,192.0,0.03911015413878083,0.040912063041146696,0.000976562,32.0,6400000.0
1.0,2.0,2.0,1.0,1.0,1.0,39.0,32.0,-0.0030632107251067353,-0.0017650185808415486,0.5,2048.0,6400000.0
512.0,512.0,4.0,7.0,7466.0,6230.0,266058.0,931264.0,0.6641418056671611,0.6526405593844763,8.0,0.00195312,6400000.0
368.0,512.0,4.0,7.0,5570.0,4540.0,195787.0,679296.0,0.6527649645237004,0.651816977070373,8.0,0.0078125,6400000.0
512.0,512.0,4.0,6.0,7183.0,6078.0,257662.0,906944.0,0.628275007774769,0.6230409089724973,8.0,0.0,6400000.0
1.0,1.0,1.0,1.0,1.0,1.0,35.0,32.0,-0.0030632107251067353,-0.0017650185808415486,8.0,16384.0,6400000.0
2.0,2.0,2.0,3.0,12.0,7.0,363.0,864.0,0.09413973999029857,0.09778814733003183,1.0,8.0,6400000.0
2.0,2.0,2.0,3.0,14.0,8.0,429.0,1024.0,0.09513138924499842,0.09993826347427859,0.5,0.00390625,6400000.0
92.0,512.0,4.0,6.0,1693.0,1262.0,55521.0,190144.0,0.590981983365806,0.5937905852077793,8.0,0.03125,6400000.0
1.0,2.0,2.0,1.0,1.0,1.0,39.0,32.0,-0.0030632107251067353,-0.0017650185808415486,4.0,32768.0,6400000.0
62.0,512.0,4.0,6.0,1140.0,856.0,36963.0,129024.0,0.5583387852246339,0.5542342903952606,8.0,0.125,6400000.0
1.0,512.0,4.0,1.0,1.0,1.0,63.0,32.0,-0.0030632107251067353,-0.0017650185808415486,2.0,16384.0,6400000.0
2.0,2.0,2.0,3.0,14.0,8.0,429.0,1024.0,0.09513138924499842,0.09993826347427859,2.0,0.03125,6400000.0
1.0,2.0,2.0,1.0,1.0,1.0,39.0,32.0,-0.0030632107251067353,-0.0017650185808415486,8.0,128.0,6400000.0
22.0,512.0,4.0,3.0,153.0,118.0,4939.0,16064.0,0.31635085591853673,0.3261679097067831,8.0,2.0,6400000.0
95.0,512.0,4.0,9.0,1829.0,1368.0,59348.0,206720.0,0.6328017720340249,0.628058733104753,4.0,0.125,6400000.0
32.0,512.0,4.0,3.0,323.0,259.0,10680.0,37344.0,0.33143742313168967,0.335531340974662,8.0,0.5,6400000.0
2.0,2.0,2.0,2.0,14.0,8.0,429.0,1024.0,0.08676859816809712,0.09005205639915703,16.0,0.5,6400000.0
390.0,512.0,4.0,9.0,6184.0,4920.0,213655.0,737280.0,0.74751924176086,0.7431817678959494,4.0,0.0078125,6400000.0
1.0,2.0,2.0,1.0,1.0,1.0,39.0,32.0,-0.0030632107251067353,-0.0017650185808415486,2.0,16384.0,6400000.0
42.0,512.0,4.0,8.0,368.0,278.0,11314.0,39104.0,0.4847347019423488,0.5053924433155895,4.0,2.0,6400000.0
153.0,512.0,4.0,9.0,2751.0,2030.0,89560.0,305216.0,0.6645974302502855,0.6597951679340248,4.0,0.03125,6400000.0
2.0,2.0,2.0,3.0,14.0,8.0,429.0,1024.0,0.09513138924499842,0.09993826347427859,0.5,4.0,6400000.0
8.0,512.0,4.0,2.0,22.0,16.0,724.0,1536.0,0.184803559555608,0.19082719424152972,8.0,32.0,6400000.0
512.0,512.0,4.0,9.0,7946.0,6391.0,277528.0,957024.0,0.7516541339268212,0.7455622829451205,4.0,0.0,6400000.0
1.0,1.0,1.0,1.0,1.0,1.0,35.0,32.0,-0.0030632107251067353,-0.0017650185808415486,8.0,1024.0,6400000.0
512.0,512.0,4.0,9.0,7958.0,6419.0,278415.0,961504.0,0.7586328515729508,0.7546540743604087,4.0,0.00195312,6400000.0
50.0,512.0,4.0,8.0,906.0,663.0,28607.0,99680.0,0.5660721361727256,0.5623460986723711,4.0,0.5,6400000.0
1.0,512.0,4.0,1.0,1.0,1.0,63.0,32.0,-0.0030632107251067353,-0.0017650185808415486,8.0,128.0,6400000.0
2.0,2.0,2.0,3.0,14.0,8.0,429.0,1024.0,0.09513138924499842,0.09993826347427859,8.0,0.25,6400000.0
1.0,512.0,4.0,1.0,1.0,1.0,63.0,32.0,-0.0030632107251067353,-0.0017650185808415486,8.0,2048.0,6400000.0
1.0,2.0,2.0,1.0,1.0,1.0,39.0,32.0,-0.0030632107251067353,-0.0017650185808415486,0.25,1024.0,6400000.0
1.0,512.0,4.0,1.0,1.0,1.0,63.0,32.0,-0.0030632107251067353,-0.0017650185808415486,8.0,8192.0,6400000.0
16.0,512.0,4.0,3.0,67.0,47.0,2020.0,5472.0,0.28428173420704106,0.29213228260301216,8.0,8.0,6400000.0
16.0,512.0,4.0,3.0,67.0,47.0,2020.0,5472.0,0.28428173420704106,0.29213228260301216,4.0,8.0,6400000.0
1.0,512.0,4.0,1.0,1.0,1.0,63.0,32.0,-0.0030632107251067353,-0.0017650185808415486,8.0,512.0,6400000.0
1.0,512.0,4.0,1.0,1.0,1.0,63.0,32.0,-0.0030632107251067353,-0.0017650185808415486,8.0,32768.0,6400000.0
8.0,512.0,4.0,2.0,22.0,16.0,724.0,1536.0,0.184803559555608,0.19082719424152972,4.0,32.0,6400000.0
2.0,2.0,2.0,2.0,6.0,4.0,214.0,384.0,0.07262288558772911,0.07510528703488584,4.0,64.0,6400000.0
230.0,512.0,4.0,3.0,3043.0,2648.0,110757.0,394240.0,0.3154330763558336,0.31466651008287105,16.0,0.00390625,6400000.0
512.0,512.0,4.0,3.0,6154.0,5675.0,231231.0,842464.0,0.2922820760178464,0.292297605900807,16.0,0.000976562,6400000.0
2.0,2.0,2.0,3.0,14.0,8.0,429.0,1024.0,0.09513138924499842,0.09993826347427859,1.0,0.015625,6400000.0
1.0,2.0,2.0,1.0,1.0,1.0,39.0,32.0,-0.0030632107251067353,-0.0017650185808415486,1.0,8192.0,6400000.0
2.0,2.0,2.0,2.0,14.0,8.0,429.0,1024.0,0.08676859816809712,0.09005205639915703,16.0,0.000976562,6400000.0
1.0,512.0,4.0,1.0,1.0,1.0,63.0,32.0,-0.0030632107251067353,-0.0017650185808415486,4.0,512.0,6400000.0
1.0,512.0,4.0,1.0,1.0,1.0,63.0,32.0,-0.0030632107251067353,-0.0017650185808415486,4.0,128.0,6400000.0
85.0,512.0,4.0,3.0,1310.0,1040.0,45658.0,155520.0,0.32333389187463535,0.3325172899870231,16.0,0.015625,6400000.0
53.0,512.0,4.0,3.0,894.0,717.0,30793.0,107936.0,0.33278522729362936,0.33734298000191787,16.0,0.0625,6400000.0
31.0,512.0,4.0,3.0,397.0,322.0,13395.0,47552.0,0.3337369710410658,0.3373491041944916,16.0,0.25,6400000.0
1.0,512.0,4.0,1.0,1.0,1.0,63.0,32.0,-0.0030632107251067353,-0.0017650185808415486,4.0,2048.0,6400000.0
1.0,2.0,2.0,1.0,1.0,1.0,39.0,32.0,-0.0030632107251067353,-0.0017650185808415486,16.0,512.0,6400000.0
19.0,512.0,4.0,3.0,110.0,83.0,3508.0,10848.0,0.3078232849852275,0.3144164768351574,16.0,4.0,6400000.0
25.0,512.0,4.0,3.0,216.0,172.0,7163.0,24320.0,0.3258598713939125,0.33411787168337415,16.0,1.0,6400000.0
1.0,512.0,4.0,1.0,1.0,1.0,63.0,32.0,-0.0030632107251067353,-0.0017650185808415486,4.0,32768.0,6400000.0
1.0,512.0,4.0,1.0,1.0,1.0,63.0,32.0,-0.0030632107251067353,-0.0017650185808415486,4.0,8192.0,6400000.0
11.0,512.0,4.0,2.0,30.0,22.0,944.0,2112.0,0.211815897449531,0.21820531799146736,16.0,16.0,6400000.0
1.0,1.0,1.0,2.0,3.0,2.0,108.0,192.0,0.03911015413878083,0.040912063041146696,0.000976562,64.0,6400000.0
1.0,2.0,2.0,1.0,1.0,1.0,39.0,32.0,-0.0030632107251067353,-0.0017650185808415486,0.5,4096.0,6400000.0
2.0,2.0,2.0,2.0,6.0,4.0,214.0,384.0,0.07262288558772911,0.07510528703488584,2.0,32.0,6400000.0
2.0,2.0,2.0,3.0,14.0,8.0,429.0,1024.0,0.09513138924499842,0.09993826347427859,4.0,0.125,6400000.0
2.0,2.0,2.0,3.0,10.0,6.0,295.0,704.0,0.09231549576014253,0.09427300599869859,1.0,16.0,6400000.0
3.0,512.0,4.0,2.0,9.0,6.0,335.0,576.0,0.10115259004895938,0.10346957106453547,16.0,64.0,6400000.0
1.0,1.0,1.0,1.0,1.0,1.0,35.0,32.0,-0.0030632107251067353,-0.0017650185808415486,8.0,32768.0,6400000.0
166.0,512.0,4.0,6.0,2702.0,2086.0,91008.0,312512.0,0.6141179485517572,0.6072330290266947,8.0,0.015625,6400000.0
512.0,512.0,4.0,6.0,7217.0,6164.0,260120.0,920704.0,0.6313184554479374,0.6236154071539584,8.0,0.00390625,6400000.0
2.0,2.0,2.0,3.0,14.0,8.0,429.0,1024.0,0.09513138924499842,0.09993826347427859,0.5,0.0078125,6400000.0
512.0,512.0,4.0,7.0,7602.0,6335.0,270506.0,948064.0,0.658683090879492,0.6503538131714254,8.0,0.000976562,6400000.0
85.0,512.0,4.0,6.0,1536.0,1165.0,50337.0,175520.0,0.586776451145686,0.5818706396718694,8.0,0.0625,6400000.0
2.0,2.0,2.0,3.0,14.0,8.0,429.0,1024.0,0.09513138924499842,0.09993826347427859,8.0,0.0,6400000.0
33.0,512.0,4.0,3.0,419.0,338.0,14059.0,49856.0,0.32937799723281747,0.33859565543052184,8.0,0.25,6400000.0
2.0,2.0,2.0,3.0,14.0,8.0,429.0,1024.0,0.09513138924499842,0.09993826347427859,2.0,0.0625,6400000.0
1.0,2.0,2.0,1.0,1.0,1.0,39.0,32.0,-0.0030632107251067353,-0.0017650185808415486,8.0,256.0,6400000.0
1.0,512.0,4.0,1.0,1.0,1.0,63.0,32.0,-0.0030632107251067353,-0.0017650185808415486,16.0,256.0,6400000.0
25.0,512.0,4.0,3.0,212.0,168.0,6953.0,23680.0,0.32214268471966934,0.33085644792714397,8.0,1.0,6400000.0
19.0,512.0,4.0,3.0,112.0,85.0,3645.0,11168.0,0.3078034380468804,0.3159020086450115,8.0,4.0,6400000.0
1.0,2.0,2.0,1.0,1.0,1.0,39.0,32.0,-0.0030632107251067353,-0.0017650185808415486,2.0,32768.0,6400000.0
2.0,2.0,2.0,2.0,14.0,8.0,429.0,1024.0,0.08676859816809712,0.09005205639915703,16.0,1.0,6400000.0
1.0,512.0,4.0,1.0,1.0,1.0,63.0,32.0,-0.0030632107251067353,-0.0017650185808415486,16.0,1024.0,6400000.0
3.0,512.0,4.0,2.0,9.0,6.0,335.0,576.0,0.10115259004895938,0.10346957106453547,8.0,64.0,6400000.0
1.0,512.0,4.0,1.0,1.0,1.0,63.0,32.0,-0.0030632107251067353,-0.0017650185808415486,8.0,4096.0,6400000.0
1.0,512.0,4.0,1.0,1.0,1.0,63.0,32.0,-0.0030632107251067353,-0.0017650185808415486,16.0,4096.0,6400000.0
2.0,2.0,2.0,3.0,14.0,8.0,429.0,1024.0,0.09513138924499842,0.09993826347427859,8.0,0.5,6400000.0
2.0,2.0,2.0,2.0,14.0,8.0,429.0,1024.0,0.08676859816809712,0.09005205639915703,32.0,0.00390625,6400000.0
2.0,2.0,2.0,3.0,12.0,7.0,363.0,864.0,0.09413973999029857,0.09778814733003183,0.5,8.0,6400000.0
1.0,512.0,4.0,1.0,1.0,1.0,63.0,32.0,-0.0030632107251067353,-0.0017650185808415486,8.0,16384.0,6400000.0
11.0,512.0,4.0,2.0,30.0,22.0,944.0,2112.0,0.211815897449531,0.21820531799146736,8.0,16.0,6400000.0
1.0,512.0,4.0,1.0,1.0,1.0,63.0,32.0,-0.0030632107251067353,-0.0017650185808415486,16.0,16384.0,6400000.0
1.0,512.0,4.0,1.0,1.0,1.0,63.0,32.0,-0.0030632107251067353,-0.0017650185808415486,8.0,1024.0,6400000.0
1.0,512.0,4.0,1.0,1.0,1.0,63.0,32.0,-0.0030632107251067353,-0.0017650185808415486,8.0,256.0,6400000.0
169.0,512.0,4.0,2.0,2200.0,1988.0,81810.0,296448.0,0.25027814115943825,0.25736085330231107,32.0,0.00195312,6400000.0
512.0,512.0,4.0,2.0,6087.0,5837.0,233840.0,868384.0,0.24039579933552901,0.244000787414288,32.0,0.0,6400000.0
76.0,512.0,4.0,2.0,1100.0,925.0,39268.0,138272.0,0.2522649800330923,0.26353265368007517,32.0,0.0078125,6400000.0
42.0,512.0,4.0,2.0,602.0,510.0,21349.0,76224.0,0.2500152224000506,0.2658665169608293,32.0,0.03125,6400000.0
1.0,2.0,2.0,1.0,1.0,1.0,39.0,32.0,-0.0030632107251067353,-0.0017650185808415486,4.0,128.0,6400000.0
28.0,512.0,4.0,2.0,169.0,148.0,5884.0,20096.0,0.2583267179155011,0.26924795824128556,32.0,0.5,6400000.0
512.0,512.0,4.0,3.0,6146.0,5659.0,230506.0,839904.0,0.29493158422719334,0.291816515162869,16.0,0.0,6400000.0
23.0,512.0,4.0,2.0,96.0,78.0,3269.0,9536.0,0.25348208415856677,0.264691761708014,32.0,2.0,6400000.0
37.0,512.0,4.0,2.0,302.0,257.0,10505.0,36384.0,0.25504156976916903,0.2701552342249074,32.0,0.125,6400000.0
2.0,2.0,2.0,3.0,14.0,8.0,429.0,1024.0,0.09513138924499842,0.09993826347427859,1.0,0.03125,6400000.0
93.0,512.0,4.0,3.0,1402.0,1124.0,49086.0,167936.0,0.3211478700984106,0.33212273344103904,16.0,0.0078125,6400000.0
491.0,512.0,4.0,3.0,5861.0,5390.0,219805.0,799552.0,0.30206430381069205,0.296238574627669,16.0,0.00195312,6400000.0
2.0,2.0,2.0,2.0,14.0,8.0,429.0,1024.0,0.08676859816809712,0.09005205639915703,16.0,0.00195312,6400000.0
1.0,2.0,2.0,1.0,1.0,1.0,39.0,32.0,-0.0030632107251067353,-0.0017650185808415486,1.0,16384.0,6400000.0
43.0,512.0,4.0,3.0,630.0,507.0,21176.0,75616.0,0.3308593261648918,0.3362290352620677,16.0,0.125,6400000.0
55.0,512.0,4.0,3.0,968.0,762.0,33059.0,114880.0,0.3275601962329824,0.33555017707321966,16.0,0.03125,6400000.0
8.0,512.0,4.0,2.0,22.0,16.0,724.0,1536.0,0.184803559555608,0.19082719424152972,32.0,32.0,6400000.0
34.0,512.0,4.0,3.0,308.0,251.0,9992.0,35808.0,0.3330053059714342,0.33784075783114964,16.0,0.5,6400000.0
15.0,512.0,4.0,2.0,47.0,34.0,1516.0,3520.0,0.23483331904090687,0.24244665993785774,32.0,8.0,6400000.0
15.0,512.0,4.0,2.0,47.0,34.0,1516.0,3520.0,0.23483331904090687,0.24244665993785774,16.0,8.0,6400000.0
23.0,512.0,4.0,3.0,153.0,120.0,4975.0,16256.0,0.319552560784911,0.327150369759344,16.0,2.0,6400000.0
1.0,2.0,2.0,1.0,1.0,1.0,39.0,32.0,-0.0030632107251067353,-0.0017650185808415486,16.0,1024.0,6400000.0
1.0,1.0,1.0,1.0,1.0,1.0,35.0,32.0,-0.0030632107251067353,-0.0017650185808415486,0.000976562,128.0,6400000.0
2.0,2.0,2.0,2.0,6.0,4.0,214.0,384.0,0.07262288558772911,0.07510528703488584,2.0,64.0,6400000.0
8.0,512.0,4.0,2.0,22.0,16.0,724.0,1536.0,0.184803559555608,0.19082719424152972,16.0,32.0,6400000.0
1.0,512.0,4.0,1.0,1.0,1.0,63.0,32.0,-0.0030632107251067353,-0.0017650185808415486,16.0,128.0,6400000.0
1.0,512.0,4.0,1.0,1.0,1.0,63.0,32.0,-0.0030632107251067353,-0.0017650185808415486,32.0,128.0,6400000.0
1.0,2.0,2.0,1.0,1.0,1.0,39.0,32.0,-0.0030632107251067353,-0.0017650185808415486,0.5,8192.0,6400000.0
2.0,2.0,2.0,3.0,14.0,8.0,429.0,1024.0,0.09513138924499842,0.09993826347427859,4.0,0.25,6400000.0
1.0,512.0,4.0,1.0,1.0,1.0,63.0,32.0,-0.0030632107251067353,-0.0017650185808415486,32.0,512.0,6400000.0
2.0,2.0,2.0,2.0,14.0,8.0,429.0,1024.0,0.08676859816809712,0.09005205639915703,32.0,4.0,6400000.0
2.0,2.0,2.0,2.0,6.0,4.0,214.0,384.0,0.07262288558772911,0.07510528703488584,1.0,32.0,6400000.0
1.0,1.0,1.0,2.0,3.0,2.0,108.0,192.0,0.03911015413878083,0.040912063041146696,16.0,0.0,6400000.0
1.0,512.0,4.0,1.0,1.0,1.0,63.0,32.0,-0.0030632107251067353,-0.0017650185808415486,32.0,8192.0,6400000.0
1.0,512.0,4.0,1.0,1.0,1.0,63.0,32.0,-0.0030632107251067353,-0.0017650185808415486,32.0,32768.0,6400000.0
1.0,512.0,4.0,1.0,1.0,1.0,63.0,32.0,-0.0030632107251067353,-0.0017650185808415486,32.0,2048.0,6400000.0
177.0,512.0,4.0,2.0,2317.0,2098.0,86324.0,313024.0,0.24941041236706785,0.2565273616330286,64.0,0.000976562,6400000.0
2.0,2.0,2.0,3.0,14.0,8.0,429.0,1024.0,0.09513138924499842,0.09993826347427859,8.0,0.000976562,6400000.0
182.0,512.0,4.0,2.0,2291.0,2081.0,85378.0,309664.0,0.24928089963296296,0.25637666408944526,64.0,0.00390625,6400000.0
2.0,2.0,2.0,3.0,14.0,8.0,429.0,1024.0,0.09513138924499842,0.09993826347427859,2.0,0.125,6400000.0
1.0,2.0,2.0,1.0,1.0,1.0,39.0,32.0,-0.0030632107251067353,-0.0017650185808415486,8.0,512.0,6400000.0
53.0,512.0,4.0,2.0,806.0,671.0,28694.0,100576.0,0.2522461515267247,0.26507950339935327,64.0,0.015625,6400000.0
1.0,512.0,4.0,1.0,1.0,1.0,63.0,32.0,-0.0030632107251067353,-0.0017650185808415486,16.0,512.0,6400000.0
38.0,512.0,4.0,2.0,472.0,403.0,16778.0,59616.0,0.2508536416878968,0.26606333193727505,64.0,0.0625,6400000.0
1.0,512.0,4.0,1.0,1.0,1.0,63.0,32.0,-0.0030632107251067353,-0.0017650185808415486,16.0,2048.0,6400000.0
2.0,2.0,2.0,3.0,14.0,8.0,429.0,1024.0,0.09513138924499842,0.09993826347427859,4.0,0.0,6400000.0
31.0,512.0,4.0,2.0,228.0,198.0,7852.0,27712.0,0.2571886136123701,0.26977587157356997,64.0,0.25,6400000.0
2.0,2.0,2.0,2.0,14.0,8.0,429.0,1024.0,0.08676859816809712,0.09005205639915703,16.0,2.0,6400000.0
1.0,512.0,4.0,1.0,1.0,1.0,63.0,32.0,-0.0030632107251067353,-0.0017650185808415486,16.0,8192.0,6400000.0
1.0,512.0,4.0,1.0,1.0,1.0,63.0,32.0,-0.0030632107251067353,-0.0017650185808415486,16.0,32768.0,6400000.0
2.0,2.0,2.0,2.0,14.0,8.0,429.0,1024.0,0.08676859816809712,0.09005205639915703,32.0,0.0078125,6400000.0
2.0,2.0,2.0,3.0,14.0,8.0,429.0,1024.0,0.09513138924499842,0.09993826347427859,8.0,1.0,6400000.0
1.0,1.0,1.0,2.0,3.0,2.0,108.0,192.0,0.03911015413878083,0.040912063041146696,16.0,0.015625,6400000.0
1.0,2.0,2.0,1.0,1.0,1.0,39.0,32.0,-0.0030632107251067353,-0.0017650185808415486,32.0,4096.0,6400000.0
25.0,512.0,4.0,2.0,113.0,94.0,3852.0,11840.0,0.25446652674505144,0.26625990280383205,64.0,1.0,6400000.0
1.0,2.0,2.0,1.0,1.0,1.0,39.0,32.0,-0.0030632107251067353,-0.0017650185808415486,4.0,256.0,6400000.0
20.0,512.0,4.0,2.0,81.0,65.0,2694.0,7840.0,0.25194387259795514,0.2611969990570394,64.0,4.0,6400000.0
53.0,512.0,4.0,2.0,806.0,671.0,28694.0,100576.0,0.2522461515267247,0.26507950339935327,32.0,0.015625,6400000.0
182.0,512.0,4.0,2.0,2291.0,2081.0,85378.0,309664.0,0.24928089963296296,0.25637666408944526,32.0,0.00390625,6400000.0
38.0,512.0,4.0,2.0,472.0,403.0,16778.0,59616.0,0.2508536416878968,0.26606333193727505,32.0,0.0625,6400000.0
11.0,512.0,4.0,2.0,30.0,22.0,944.0,2112.0,0.211815897449531,0.21820531799146736,64.0,16.0,6400000.0
177.0,512.0,4.0,2.0,2317.0,2098.0,86324.0,313024.0,0.24941041236706785,0.2565273616330286,32.0,0.000976562,6400000.0
20.0,512.0,4.0,2.0,81.0,65.0,2694.0,7840.0,0.25194387259795514,0.2611969990570394,32.0,4.0,6400000.0
25.0,512.0,4.0,2.0,113.0,94.0,3852.0,11840.0,0.25446652674505144,0.26625990280383205,32.0,1.0,6400000.0
31.0,512.0,4.0,2.0,228.0,198.0,7852.0,27712.0,0.2571886136123701,0.26977587157356997,32.0,0.25,6400000.0
1.0,512.0,4.0,1.0,1.0,1.0,63.0,32.0,-0.0030632107251067353,-0.0017650185808415486,64.0,256.0,6400000.0
2.0,2.0,2.0,3.0,14.0,8.0,429.0,1024.0,0.09513138924499842,0.09993826347427859,1.0,0.0625,6400000.0
1.0,512.0,4.0,1.0,1.0,1.0,63.0,32.0,-0.0030632107251067353,-0.0017650185808415486,64.0,64.0,6400000.0
2.0,2.0,2.0,2.0,14.0,8.0,429.0,1024.0,0.08676859816809712,0.09005205639915703,16.0,0.00390625,6400000.0
1.0,512.0,4.0,1.0,1.0,1.0,63.0,32.0,-0.0030632107251067353,-0.0017650185808415486,64.0,1024.0,6400000.0
1.0,512.0,4.0,1.0,1.0,1.0,63.0,32.0,-0.0030632107251067353,-0.0017650185808415486,64.0,4096.0,6400000.0
1.0,2.0,2.0,1.0,1.0,1.0,39.0,32.0,-0.0030632107251067353,-0.0017650185808415486,1.0,32768.0,6400000.0
1.0,512.0,4.0,1.0,1.0,1.0,63.0,32.0,-0.0030632107251067353,-0.0017650185808415486,64.0,16384.0,6400000.0
3.0,512.0,4.0,2.0,9.0,6.0,335.0,576.0,0.10115259004895938,0.10346957106453547,32.0,64.0,6400000.0
1.0,1.0,1.0,1.0,1.0,1.0,35.0,32.0,-0.0030632107251067353,-0.0017650185808415486,0.000976562,256.0,6400000.0
11.0,512.0,4.0,2.0,30.0,22.0,944.0,2112.0,0.211815897449531,0.21820531799146736,32.0,16.0,6400000.0
1.0,2.0,2.0,1.0,1.0,1.0,39.0,32.0,-0.0030632107251067353,-0.0017650185808415486,16.0,2048.0,6400000.0
1.0,512.0,4.0,1.0,1.0,1.0,63.0,32.0,-0.0030632107251067353,-0.0017650185808415486,128.0,0.0078125,6400000.0
1.0,512.0,4.0,1.0,1.0,1.0,63.0,32.0,-0.0030632107251067353,-0.0017650185808415486,32.0,256.0,6400000.0
1.0,512.0,4.0,1.0,1.0,1.0,63.0,32.0,-0.0030632107251067353,-0.0017650185808415486,128.0,0.0,6400000.0
1.0,512.0,4.0,1.0,1.0,1.0,63.0,32.0,-0.0030632107251067353,-0.0017650185808415486,32.0,1024.0,6400000.0
1.0,512.0,4.0,1.0,1.0,1.0,63.0,32.0,-0.0030632107251067353,-0.0017650185808415486,128.0,0.125,6400000.0
1.0,2.0,2.0,1.0,1.0,1.0,39.0,32.0,-0.0030632107251067353,-0.0017650185808415486,2.0,128.0,6400000.0
1.0,512.0,4.0,1.0,1.0,1.0,63.0,32.0,-0.0030632107251067353,-0.0017650185808415486,128.0,0.03125,6400000.0
2.0,2.0,2.0,3.0,14.0,8.0,429.0,1024.0,0.09513138924499842,0.09993826347427859,4.0,0.5,6400000.0
2.0,2.0,2.0,2.0,14.0,8.0,429.0,1024.0,0.08676859816809712,0.09005205639915703,64.0,0.03125,6400000.0
1.0,512.0,4.0,1.0,1.0,1.0,63.0,32.0,-0.0030632107251067353,-0.0017650185808415486,128.0,0.00195312,6400000.0
1.0,512.0,4.0,1.0,1.0,1.0,63.0,32.0,-0.0030632107251067353,-0.0017650185808415486,128.0,0.5,6400000.0
2.0,2.0,2.0,2.0,10.0,6.0,290.0,704.0,0.08373057448791543,0.08530390601495486,32.0,8.0,6400000.0
1.0,1.0,1.0,2.0,3.0,2.0,108.0,192.0,0.03911015413878083,0.040912063041146696,16.0,0.000976562,6400000.0
1.0,512.0,4.0,1.0,1.0,1.0,63.0,32.0,-0.0030632107251067353,-0.0017650185808415486,32.0,16384.0,6400000.0
2.0,2.0,2.0,2.0,6.0,4.0,214.0,384.0,0.07262288558772911,0.07510528703488584,1.0,64.0,6400000.0
1.0,512.0,4.0,1.0,1.0,1.0,63.0,32.0,-0.0030632107251067353,-0.0017650185808415486,128.0,2.0,6400000.0
512.0,512.0,4.0,2.0,6087.0,5837.0,233840.0,868384.0,0.24039579933552901,0.244000787414288,64.0,0.0,6400000.0
2.0,2.0,2.0,3.0,14.0,8.0,429.0,1024.0,0.09513138924499842,0.09993826347427859,8.0,0.00195312,6400000.0
76.0,512.0,4.0,2.0,1100.0,925.0,39268.0,138272.0,0.2522649800330923,0.26353265368007517,64.0,0.0078125,6400000.0
1.0,512.0,4.0,1.0,1.0,1.0,63.0,32.0,-0.0030632107251067353,-0.0017650185808415486,32.0,4096.0,6400000.0
169.0,512.0,4.0,2.0,2200.0,1988.0,81810.0,296448.0,0.25027814115943825,0.25736085330231107,64.0,0.00195312,6400000.0
1.0,2.0,2.0,1.0,1.0,1.0,39.0,32.0,-0.0030632107251067353,-0.0017650185808415486,8.0,1024.0,6400000.0
2.0,2.0,2.0,3.0,14.0,8.0,429.0,1024.0,0.09513138924499842,0.09993826347427859,2.0,0.25,6400000.0
42.0,512.0,4.0,2.0,602.0,510.0,21349.0,76224.0,0.2500152224000506,0.2658665169608293,64.0,0.03125,6400000.0
1.0,512.0,4.0,1.0,1.0,1.0,63.0,32.0,-0.0030632107251067353,-0.0017650185808415486,128.0,8.0,6400000.0
37.0,512.0,4.0,2.0,302.0,257.0,10505.0,36384.0,0.25504156976916903,0.2701552342249074,64.0,0.125,6400000.0
2.0,2.0,2.0,3.0,14.0,8.0,429.0,1024.0,0.09513138924499842,0.09993826347427859,4.0,0.000976562,6400000.0
28.0,512.0,4.0,2.0,169.0,148.0,5884.0,20096.0,0.2583267179155011,0.26924795824128556,64.0,0.5,6400000.0
2.0,2.0,2.0,2.0,14.0,8.0,429.0,1024.0,0.08676859816809712,0.09005205639915703,16.0,4.0,6400000.0
1.0,512.0,4.0,1.0,1.0,1.0,63.0,32.0,-0.0030632107251067353,-0.0017650185808415486,128.0,32.0,6400000.0
1.0,512.0,4.0,1.0,1.0,1.0,63.0,32.0,-0.0030632107251067353,-0.0017650185808415486,128.0,512.0,6400000.0
1.0,512.0,4.0,1.0,1.0,1.0,63.0,32.0,-0.0030632107251067353,-0.0017650185808415486,128.0,128.0,6400000.0
2.0,2.0,2.0,3.0,14.0,8.0,429.0,1024.0,0.09513138924499842,0.09993826347427859,8.0,2.0,6400000.0
2.0,2.0,2.0,2.0,14.0,8.0,429.0,1024.0,0.08676859816809712,0.09005205639915703,32.0,0.015625,6400000.0
15.0,512.0,4.0,2.0,47.0,34.0,1516.0,3520.0,0.23483331904090687,0.24244665993785774,64.0,8.0,6400000.0
1.0,1.0,1.0,2.0,3.0,2.0,108.0,192.0,0.03911015413878083,0.040912063041146696,16.0,0.03125,6400000.0
8.0,512.0,4.0,2.0,22.0,16.0,724.0,1536.0,0.184803559555608,0.19082719424152972,64.0,32.0,6400000.0
23.0,512.0,4.0,2.0,96.0,78.0,3269.0,9536.0,0.25348208415856677,0.264691761708014,64.0,2.0,6400000.0
1.0,2.0,2.0,1.0,1.0,1.0,39.0,32.0,-0.0030632107251067353,-0.0017650185808415486,32.0,8192.0,6400000.0
1.0,2.0,2.0,1.0,1.0,1.0,39.0,32.0,-0.0030632107251067353,-0.0017650185808415486,4.0,512.0,6400000.0
1.0,512.0,4.0,1.0,1.0,1.0,63.0,32.0,-0.0030632107251067353,-0.0017650185808415486,128.0,2048.0,6400000.0
1.0,512.0,4.0,1.0,1.0,1.0,63.0,32.0,-0.0030632107251067353,-0.0017650185808415486,64.0,512.0,6400000.0
1.0,512.0,4.0,1.0,1.0,1.0,63.0,32.0,-0.0030632107251067353,-0.0017650185808415486,64.0,128.0,6400000.0
2.0,2.0,2.0,2.0,14.0,8.0,429.0,1024.0,0.08676859816809712,0.09005205639915703,16.0,0.0078125,6400000.0
1.0,512.0,4.0,1.0,1.0,1.0,63.0,32.0,-0.0030632107251067353,-0.0017650185808415486,256.0,0.000976562,6400000.0
2.0,2.0,2.0,2.0,6.0,4.0,214.0,384.0,0.07262288558772911,0.07510528703488584,64.0,32.0,6400000.0
1.0,512.0,4.0,1.0,1.0,1.0,63.0,32.0,-0.0030632107251067353,-0.0017650185808415486,256.0,0.00390625,6400000.0
1.0,512.0,4.0,1.0,1.0,1.0,63.0,32.0,-0.0030632107251067353,-0.0017650185808415486,128.0,8192.0,6400000.0
2.0,2.0,2.0,3.0,14.0,8.0,429.0,1024.0,0.09513138924499842,0.09993826347427859,2.0,0.0,6400000.0
1.0,512.0,4.0,1.0,1.0,1.0,63.0,32.0,-0.0030632107251067353,-0.0017650185808415486,64.0,2048.0,6400000.0
1.0,512.0,4.0,1.0,1.0,1.0,63.0,32.0,-0.0030632107251067353,-0.0017650185808415486,64.0,8192.0,6400000.0
1.0,512.0,4.0,1.0,1.0,1.0,63.0,32.0,-0.0030632107251067353,-0.0017650185808415486,256.0,0.0625,6400000.0
1.0,512.0,4.0,1.0,1.0,1.0,63.0,32.0,-0.0030632107251067353,-0.0017650185808415486,256.0,0.015625,6400000.0
1.0,512.0,4.0,1.0,1.0,1.0,63.0,32.0,-0.0030632107251067353,-0.0017650185808415486,128.0,32768.0,6400000.0
1.0,512.0,4.0,1.0,1.0,1.0,63.0,32.0,-0.0030632107251067353,-0.0017650185808415486,64.0,32768.0,6400000.0
1.0,2.0,2.0,1.0,1.0,1.0,39.0,32.0,-0.0030632107251067353,-0.0017650185808415486,16.0,4096.0,6400000.0
1.0,1.0,1.0,1.0,1.0,1.0,35.0,32.0,-0.0030632107251067353,-0.0017650185808415486,0.000976562,512.0,6400000.0
1.0,512.0,4.0,1.0,1.0,1.0,63.0,32.0,-0.0030632107251067353,-0.0017650185808415486,128.0,0.015625,6400000.0
1.0,512.0,4.0,1.0,1.0,1.0,63.0,32.0,-0.0030632107251067353,-0.0017650185808415486,256.0,1.0,6400000.0
1.0,512.0,4.0,1.0,1.0,1.0,63.0,32.0,-0.0030632107251067353,-0.0017650185808415486,128.0,0.000976562,6400000.0
1.0,512.0,4.0,1.0,1.0,1.0,63.0,32.0,-0.0030632107251067353,-0.0017650185808415486,256.0,4.0,6400000.0
1.0,512.0,4.0,1.0,1.0,1.0,63.0,32.0,-0.0030632107251067353,-0.0017650185808415486,128.0,0.00390625,6400000.0
1.0,2.0,2.0,1.0,1.0,1.0,39.0,32.0,-0.0030632107251067353,-0.0017650185808415486,2.0,256.0,6400000.0
1.0,512.0,4.0,1.0,1.0,1.0,63.0,32.0,-0.0030632107251067353,-0.0017650185808415486,256.0,0.25,6400000.0
1.0,512.0,4.0,1.0,1.0,1.0,63.0,32.0,-0.0030632107251067353,-0.0017650185808415486,128.0,0.25,6400000.0
1.0,512.0,4.0,1.0,1.0,1.0,63.0,32.0,-0.0030632107251067353,-0.0017650185808415486,128.0,1.0,6400000.0
2.0,2.0,2.0,3.0,14.0,8.0,429.0,1024.0,0.09513138924499842,0.09993826347427859,4.0,1.0,6400000.0
1.0,512.0,4.0,1.0,1.0,1.0,63.0,32.0,-0.0030632107251067353,-0.0017650185808415486,128.0,0.0625,6400000.0
2.0,2.0,2.0,2.0,6.0,4.0,214.0,384.0,0.07262288558772911,0.07510528703488584,32.0,16.0,6400000.0
1.0,512.0,4.0,1.0,1.0,1.0,63.0,32.0,-0.0030632107251067353,-0.0017650185808415486,256.0,16.0,6400000.0
2.0,2.0,2.0,2.0,14.0,8.0,429.0,1024.0,0.08676859816809712,0.09005205639915703,64.0,0.0625,6400000.0
1.0,1.0,1.0,2.0,3.0,2.0,108.0,192.0,0.03911015413878083,0.040912063041146696,16.0,0.00195312,6400000.0
1.0,512.0,4.0,1.0,1.0,1.0,63.0,32.0,-0.0030632107251067353,-0.0017650185808415486,128.0,4.0,6400000.0
1.0,512.0,4.0,1.0,1.0,1.0,63.0,32.0,-0.0030632107251067353,-0.0017650185808415486,256.0,64.0,6400000.0
1.0,2.0,2.0,1.0,1.0,1.0,39.0,32.0,-0.0030632107251067353,-0.0017650185808415486,64.0,32768.0,6400000.0
2.0,2.0,2.0,3.0,14.0,8.0,429.0,1024.0,0.09513138924499842,0.09993826347427859,8.0,0.00390625,6400000.0
1.0,512.0,4.0,1.0,1.0,1.0,63.0,32.0,-0.0030632107251067353,-0.0017650185808415486,256.0,256.0,6400000.0
2.0,2.0,2.0,3.0,14.0,8.0,429.0,1024.0,0.09513138924499842,0.09993826347427859,2.0,0.5,6400000.0
1.0,2.0,2.0,1.0,1.0,1.0,39.0,32.0,-0.0030632107251067353,-0.0017650185808415486,8.0,2048.0,6400000.0
1.0,512.0,4.0,1.0,1.0,1.0,63.0,32.0,-0.0030632107251067353,-0.0017650185808415486,256.0,4096.0,6400000.0
1.0,512.0,4.0,1.0,1.0,1.0,63.0,32.0,-0.0030632107251067353,-0.0017650185808415486,128.0,16.0,6400000.0
1.0,512.0,4.0,1.0,1.0,1.0,63.0,32.0,-0.0030632107251067353,-0.0017650185808415486,256.0,16384.0,6400000.0
1.0,512.0,4.0,1.0,1.0,1.0,63.0,32.0,-0.0030632107251067353,-0.0017650185808415486,512.0,0.00195312,6400000.0
1.0,512.0,4.0,1.0,1.0,1.0,63.0,32.0,-0.0030632107251067353,-0.0017650185808415486,256.0,1024.0,6400000.0
1.0,512.0,4.0,1.0,1.0,1.0,63.0,32.0,-0.0030632107251067353,-0.0017650185808415486,512.0,0.0,6400000.0
2.0,2.0,2.0,3.0,14.0,8.0,429.0,1024.0,0.09513138924499842,0.09993826347427859,4.0,0.00195312,6400000.0
2.0,2.0,2.0,2.0,10.0,6.0,290.0,704.0,0.08373057448791543,0.08530390601495486,16.0,8.0,6400000.0
1.0,512.0,4.0,1.0,1.0,1.0,63.0,32.0,-0.0030632107251067353,-0.0017650185808415486,512.0,0.0078125,6400000.0
1.0,512.0,4.0,1.0,1.0,1.0,63.0,32.0,-0.0030632107251067353,-0.0017650185808415486,128.0,64.0,6400000.0
1.0,512.0,4.0,1.0,1.0,1.0,63.0,32.0,-0.0030632107251067353,-0.0017650185808415486,128.0,1024.0,6400000.0
1.0,512.0,4.0,1.0,1.0,1.0,63.0,32.0,-0.0030632107251067353,-0.0017650185808415486,128.0,256.0,6400000.0
2.0,2.0,2.0,3.0,14.0,8.0,429.0,1024.0,0.09513138924499842,0.09993826347427859,8.0,4.0,6400000.0
2.0,2.0,2.0,2.0,14.0,8.0,429.0,1024.0,0.08676859816809712,0.09005205639915703,32.0,0.03125,6400000.0
1.0,2.0,2.0,1.0,1.0,1.0,39.0,32.0,-0.0030632107251067353,-0.0017650185808415486,32.0,16384.0,6400000.0
1.0,1.0,1.0,2.0,3.0,2.0,108.0,192.0,0.03911015413878083,0.040912063041146696,16.0,0.0625,6400000.0
1.0,512.0,4.0,1.0,1.0,1.0,63.0,32.0,-0.0030632107251067353,-0.0017650185808415486,128.0,4096.0,6400000.0
1.0,512.0,4.0,1.0,1.0,1.0,63.0,32.0,-0.0030632107251067353,-0.0017650185808415486,512.0,0.03125,6400000.0
1.0,2.0,2.0,1.0,1.0,1.0,39.0,32.0,-0.0030632107251067353,-0.0017650185808415486,4.0,1024.0,6400000.0
2.0,2.0,2.0,2.0,14.0,8.0,429.0,1024.0,0.08676859816809712,0.09005205639915703,16.0,0.015625,6400000.0
1.0,512.0,4.0,1.0,1.0,1.0,63.0,32.0,-0.0030632107251067353,-0.0017650185808415486,256.0,0.00195312,6400000.0
1.0,512.0,4.0,1.0,1.0,1.0,63.0,32.0,-0.0030632107251067353,-0.0017650185808415486,128.0,16384.0,6400000.0
1.0,512.0,4.0,1.0,1.0,1.0,63.0,32.0,-0.0030632107251067353,-0.0017650185808415486,256.0,0.0078125,6400000.0
1.0,512.0,4.0,1.0,1.0,1.0,63.0,32.0,-0.0030632107251067353,-0.0017650185808415486,512.0,2.0,6400000.0
1.0,2.0,2.0,1.0,1.0,1.0,39.0,32.0,-0.0030632107251067353,-0.0017650185808415486,128.0,0.25,6400000.0
1.0,512.0,4.0,1.0,1.0,1.0,63.0,32.0,-0.0030632107251067353,-0.0017650185808415486,512.0,0.5,6400000.0
1.0,512.0,4.0,1.0,1.0,1.0,63.0,32.0,-0.0030632107251067353,-0.0017650185808415486,512.0,8.0,6400000.0
1.0,512.0,4.0,1.0,1.0,1.0,63.0,32.0,-0.0030632107251067353,-0.0017650185808415486,256.0,0.0,6400000.0
1.0,2.0,2.0,1.0,1.0,1.0,39.0,32.0,-0.0030632107251067353,-0.0017650185808415486,64.0,64.0,6400000.0
1.0,512.0,4.0,1.0,1.0,1.0,63.0,32.0,-0.0030632107251067353,-0.0017650185808415486,256.0,0.03125,6400000.0
1.0,512.0,4.0,1.0,1.0,1.0,63.0,32.0,-0.0030632107251067353,-0.0017650185808415486,256.0,0.125,6400000.0
1.0,512.0,4.0,1.0,1.0,1.0,63.0,32.0,-0.0030632107251067353,-0.0017650185808415486,512.0,32.0,6400000.0
1.0,512.0,4.0,1.0,1.0,1.0,63.0,32.0,-0.0030632107251067353,-0.0017650185808415486,512.0,0.125,6400000.0
1.0,512.0,4.0,1.0,1.0,1.0,63.0,32.0,-0.0030632107251067353,-0.0017650185808415486,512.0,128.0,6400000.0
1.0,512.0,4.0,1.0,1.0,1.0,63.0,32.0,-0.0030632107251067353,-0.0017650185808415486,512.0,512.0,6400000.0
1.0,2.0,2.0,1.0,1.0,1.0,39.0,32.0,-0.0030632107251067353,-0.0017650185808415486,16.0,8192.0,6400000.0
1.0,512.0,4.0,1.0,1.0,1.0,63.0,32.0,-0.0030632107251067353,-0.0017650185808415486,256.0,2.0,6400000.0
1.0,1.0,1.0,1.0,1.0,1.0,35.0,32.0,-0.0030632107251067353,-0.0017650185808415486,0.000976562,1024.0,6400000.0
1.0,512.0,4.0,1.0,1.0,1.0,63.0,32.0,-0.0030632107251067353,-0.0017650185808415486,512.0,2048.0,6400000.0
1.0,2.0,2.0,1.0,1.0,1.0,39.0,32.0,-0.0030632107251067353,-0.0017650185808415486,2.0,512.0,6400000.0
2.0,2.0,2.0,3.0,14.0,8.0,429.0,1024.0,0.09513138924499842,0.09993826347427859,4.0,2.0,6400000.0
1.0,512.0,4.0,1.0,1.0,1.0,63.0,32.0,-0.0030632107251067353,-0.0017650185808415486,256.0,8.0,6400000.0
1.0,512.0,4.0,1.0,1.0,1.0,63.0,32.0,-0.0030632107251067353,-0.0017650185808415486,256.0,0.5,6400000.0
2.0,2.0,2.0,2.0,6.0,4.0,214.0,384.0,0.07262288558772911,0.07510528703488584,32.0,32.0,6400000.0
1.0,512.0,4.0,1.0,1.0,1.0,63.0,32.0,-0.0030632107251067353,-0.0017650185808415486,256.0,32.0,6400000.0
1.0,512.0,4.0,1.0,1.0,1.0,63.0,32.0,-0.0030632107251067353,-0.0017650185808415486,512.0,32768.0,6400000.0
1.0,1.0,1.0,2.0,3.0,2.0,108.0,192.0,0.03911015413878083,0.040912063041146696,16.0,0.00390625,6400000.0
2.0,2.0,2.0,2.0,14.0,8.0,429.0,1024.0,0.08676859816809712,0.09005205639915703,64.0,0.125,6400000.0
1.0,512.0,4.0,1.0,1.0,1.0,63.0,32.0,-0.0030632107251067353,-0.0017650185808415486,1024.0,0.000976562,6400000.0
1.0,512.0,4.0,1.0,1.0,1.0,63.0,32.0,-0.0030632107251067353,-0.0017650185808415486,1024.0,0.00390625,6400000.0
1.0,512.0,4.0,1.0,1.0,1.0,63.0,32.0,-0.0030632107251067353,-0.0017650185808415486,256.0,128.0,6400000.0
1.0,512.0,4.0,1.0,1.0,1.0,63.0,32.0,-0.0030632107251067353,-0.0017650185808415486,512.0,8192.0,6400000.0
2.0,2.0,2.0,3.0,14.0,8.0,429.0,1024.0,0.09513138924499842,0.09993826347427859,8.0,0.0078125,6400000.0
1.0,2.0,2.0,1.0,1.0,1.0,39.0,32.0,-0.0030632107251067353,-0.0017650185808415486,128.0,0.0,6400000.0
1.0,2.0,2.0,1.0,1.0,1.0,39.0,32.0,-0.0030632107251067353,-0.0017650185808415486,128.0,256.0,6400000.0
1.0,512.0,4.0,1.0,1.0,1.0,63.0,32.0,-0.0030632107251067353,-0.0017650185808415486,1024.0,0.015625,6400000.0
1.0,512.0,4.0,1.0,1.0,1.0,63.0,32.0,-0.0030632107251067353,-0.0017650185808415486,256.0,512.0,6400000.0
1.0,2.0,2.0,1.0,1.0,1.0,39.0,32.0,-0.0030632107251067353,-0.0017650185808415486,8.0,4096.0,6400000.0
1.0,512.0,4.0,1.0,1.0,1.0,63.0,32.0,-0.0030632107251067353,-0.0017650185808415486,1024.0,0.0625,6400000.0
1.0,512.0,4.0,1.0,1.0,1.0,63.0,32.0,-0.0030632107251067353,-0.0017650185808415486,512.0,0.00390625,6400000.0
1.0,512.0,4.0,1.0,1.0,1.0,63.0,32.0,-0.0030632107251067353,-0.0017650185808415486,512.0,0.000976562,6400000.0
1.0,512.0,4.0,1.0,1.0,1.0,63.0,32.0,-0.0030632107251067353,-0.0017650185808415486,256.0,32768.0,6400000.0
1.0,512.0,4.0,1.0,1.0,1.0,63.0,32.0,-0.0030632107251067353,-0.0017650185808415486,256.0,2048.0,6400000.0
1.0,512.0,4.0,1.0,1.0,1.0,63.0,32.0,-0.0030632107251067353,-0.0017650185808415486,1024.0,0.25,6400000.0
1.0,512.0,4.0,1.0,1.0,1.0,63.0,32.0,-0.0030632107251067353,-0.0017650185808415486,256.0,8192.0,6400000.0
2.0,2.0,2.0,3.0,14.0,8.0,429.0,1024.0,0.09513138924499842,0.09993826347427859,4.0,0.00390625,6400000.0
2.0,2.0,2.0,2.0,6.0,4.0,214.0,384.0,0.07262288558772911,0.07510528703488584,16.0,16.0,6400000.0
1.0,512.0,4.0,1.0,1.0,1.0,63.0,32.0,-0.0030632107251067353,-0.0017650185808415486,512.0,0.015625,6400000.0
1.0,512.0,4.0,1.0,1.0,1.0,63.0,32.0,-0.0030632107251067353,-0.0017650185808415486,1024.0,4.0,6400000.0
1.0,512.0,4.0,1.0,1.0,1.0,63.0,32.0,-0.0030632107251067353,-0.0017650185808415486,1024.0,1.0,6400000.0
2.0,2.0,2.0,3.0,12.0,7.0,363.0,864.0,0.09413973999029857,0.09778814733003183,8.0,8.0,6400000.0
1.0,512.0,4.0,1.0,1.0,1.0,63.0,32.0,-0.0030632107251067353,-0.0017650185808415486,1024.0,16.0,6400000.0
2.0,2.0,2.0,2.0,14.0,8.0,429.0,1024.0,0.08676859816809712,0.09005205639915703,32.0,0.0625,6400000.0
1.0,1.0,1.0,2.0,3.0,2.0,108.0,192.0,0.03911015413878083,0.040912063041146696,16.0,0.125,6400000.0
2.0,2.0,2.0,2.0,14.0,8.0,429.0,1024.0,0.08676859816809712,0.09005205639915703,16.0,0.03125,6400000.0
1.0,2.0,2.0,1.0,1.0,1.0,39.0,32.0,-0.0030632107251067353,-0.0017650185808415486,4.0,2048.0,6400000.0
1.0,2.0,2.0,1.0,1.0,1.0,39.0,32.0,-0.0030632107251067353,-0.0017650185808415486,32.0,32768.0,6400000.0
1.0,512.0,4.0,1.0,1.0,1.0,63.0,32.0,-0.0030632107251067353,-0.0017650185808415486,512.0,0.0625,6400000.0
1.0,2.0,2.0,1.0,1.0,1.0,39.0,32.0,-0.0030632107251067353,-0.0017650185808415486,128.0,0.5,6400000.0
1.0,512.0,4.0,1.0,1.0,1.0,63.0,32.0,-0.0030632107251067353,-0.0017650185808415486,512.0,1.0,6400000.0
1.0,512.0,4.0,1.0,1.0,1.0,63.0,32.0,-0.0030632107251067353,-0.0017650185808415486,512.0,16.0,6400000.0
1.0,512.0,4.0,1.0,1.0,1.0,63.0,32.0,-0.0030632107251067353,-0.0017650185808415486,1024.0,256.0,6400000.0
1.0,512.0,4.0,1.0,1.0,1.0,63.0,32.0,-0.0030632107251067353,-0.0017650185808415486,1024.0,64.0,6400000.0
1.0,512.0,4.0,1.0,1.0,1.0,63.0,32.0,-0.0030632107251067353,-0.0017650185808415486,512.0,4.0,6400000.0
1.0,512.0,4.0,1.0,1.0,1.0,63.0,32.0,-0.0030632107251067353,-0.0017650185808415486,512.0,256.0,6400000.0
1.0,512.0,4.0,1.0,1.0,1.0,63.0,32.0,-0.0030632107251067353,-0.0017650185808415486,1024.0,1024.0,6400000.0
1.0,512.0,4.0,1.0,1.0,1.0,63.0,32.0,-0.0030632107251067353,-0.0017650185808415486,512.0,64.0,6400000.0
1.0,2.0,2.0,1.0,1.0,1.0,39.0,32.0,-0.0030632107251067353,-0.0017650185808415486,64.0,128.0,6400000.0
1.0,2.0,2.0,1.0,1.0,1.0,39.0,32.0,-0.0030632107251067353,-0.0017650185808415486,256.0,0.00195312,6400000.0
1.0,512.0,4.0,1.0,1.0,1.0,63.0,32.0,-0.0030632107251067353,-0.0017650185808415486,1024.0,4096.0,6400000.0
1.0,512.0,4.0,1.0,1.0,1.0,63.0,32.0,-0.0030632107251067353,-0.0017650185808415486,512.0,1024.0,6400000.0
1.0,512.0,4.0,1.0,1.0,1.0,63.0,32.0,-0.0030632107251067353,-0.0017650185808415486,512.0,0.25,6400000.0
1.0,512.0,4.0,1.0,1.0,1.0,63.0,32.0,-0.0030632107251067353,-0.0017650185808415486,2048.0,0.0,6400000.0
1.0,1.0,1.0,1.0,1.0,1.0,35.0,32.0,-0.0030632107251067353,-0.0017650185808415486,0.000976562,2048.0,6400000.0
1.0,512.0,4.0,1.0,1.0,1.0,63.0,32.0,-0.0030632107251067353,-0.0017650185808415486,512.0,4096.0,6400000.0
1.0,512.0,4.0,1.0,1.0,1.0,63.0,32.0,-0.0030632107251067353,-0.0017650185808415486,1024.0,16384.0,6400000.0
1.0,2.0,2.0,1.0,1.0,1.0,39.0,32.0,-0.0030632107251067353,-0.0017650185808415486,16.0,16384.0,6400000.0
1.0,512.0,4.0,1.0,1.0,1.0,63.0,32.0,-0.0030632107251067353,-0.0017650185808415486,2048.0,0.00195312,6400000.0
2.0,2.0,2.0,2.0,6.0,4.0,214.0,384.0,0.07262288558772911,0.07510528703488584,32.0,64.0,6400000.0
1.0,512.0,4.0,1.0,1.0,1.0,63.0,32.0,-0.0030632107251067353,-0.0017650185808415486,1024.0,0.0,6400000.0
2.0,2.0,2.0,3.0,14.0,8.0,429.0,1024.0,0.09513138924499842,0.09993826347427859,4.0,4.0,6400000.0
1.0,512.0,4.0,1.0,1.0,1.0,63.0,32.0,-0.0030632107251067353,-0.0017650185808415486,2048.0,0.03125,6400000.0
1.0,512.0,4.0,1.0,1.0,1.0,63.0,32.0,-0.0030632107251067353,-0.0017650185808415486,2048.0,0.0078125,6400000.0
1.0,512.0,4.0,1.0,1.0,1.0,63.0,32.0,-0.0030632107251067353,-0.0017650185808415486,1024.0,0.00195312,6400000.0
1.0,512.0,4.0,1.0,1.0,1.0,63.0,32.0,-0.0030632107251067353,-0.0017650185808415486,1024.0,0.0078125,6400000.0
1.0,1.0,1.0,2.0,3.0,2.0,108.0,192.0,0.03911015413878083,0.040912063041146696,16.0,0.0078125,6400000.0
1.0,512.0,4.0,1.0,1.0,1.0,63.0,32.0,-0.0030632107251067353,-0.0017650185808415486,2048.0,0.125,6400000.0
1.0,512.0,4.0,1.0,1.0,1.0,63.0,32.0,-0.0030632107251067353,-0.0017650185808415486,2048.0,0.5,6400000.0
2.0,2.0,2.0,3.0,14.0,8.0,429.0,1024.0,0.09513138924499842,0.09993826347427859,8.0,0.015625,6400000.0
1.0,512.0,4.0,1.0,1.0,1.0,63.0,32.0,-0.0030632107251067353,-0.0017650185808415486,2048.0,2.0,6400000.0
1.0,2.0,2.0,1.0,1.0,1.0,39.0,32.0,-0.0030632107251067353,-0.0017650185808415486,128.0,512.0,6400000.0
1.0,512.0,4.0,1.0,1.0,1.0,63.0,32.0,-0.0030632107251067353,-0.0017650185808415486,512.0,16384.0,6400000.0
1.0,512.0,4.0,1.0,1.0,1.0,63.0,32.0,-0.0030632107251067353,-0.0017650185808415486,1024.0,0.03125,6400000.0
2.0,2.0,2.0,2.0,14.0,8.0,429.0,1024.0,0.08676859816809712,0.09005205639915703,64.0,0.25,6400000.0
1.0,2.0,2.0,1.0,1.0,1.0,39.0,32.0,-0.0030632107251067353,-0.0017650185808415486,128.0,0.000976562,6400000.0
1.0,2.0,2.0,1.0,1.0,1.0,39.0,32.0,-0.0030632107251067353,-0.0017650185808415486,8.0,8192.0,6400000.0
1.0,512.0,4.0,1.0,1.0,1.0,63.0,32.0,-0.0030632107251067353,-0.0017650185808415486,1024.0,0.125,6400000.0
1.0,512.0,4.0,1.0,1.0,1.0,63.0,32.0,-0.0030632107251067353,-0.0017650185808415486,2048.0,8.0,6400000.0
1.0,512.0,4.0,1.0,1.0,1.0,63.0,32.0,-0.0030632107251067353,-0.0017650185808415486,1024.0,0.5,6400000.0
1.0,2.0,2.0,1.0,1.0,1.0,39.0,32.0,-0.0030632107251067353,-0.0017650185808415486,256.0,2.0,6400000.0
2.0,2.0,2.0,2.0,6.0,4.0,214.0,384.0,0.07262288558772911,0.07510528703488584,16.0,32.0,6400000.0
1.0,512.0,4.0,1.0,1.0,1.0,63.0,32.0,-0.0030632107251067353,-0.0017650185808415486,2048.0,32.0,6400000.0
1.0,512.0,4.0,1.0,1.0,1.0,63.0,32.0,-0.0030632107251067353,-0.0017650185808415486,2048.0,128.0,6400000.0
1.0,512.0,4.0,1.0,1.0,1.0,63.0,32.0,-0.0030632107251067353,-0.0017650185808415486,2048.0,8192.0,6400000.0
1.0,512.0,4.0,1.0,1.0,1.0,63.0,32.0,-0.0030632107251067353,-0.0017650185808415486,2048.0,2048.0,6400000.0
1.0,512.0,4.0,1.0,1.0,1.0,63.0,32.0,-0.0030632107251067353,-0.0017650185808415486,2048.0,512.0,6400000.0
1.0,512.0,4.0,1.0,1.0,1.0,63.0,32.0,-0.0030632107251067353,-0.0017650185808415486,1024.0,8.0,6400000.0
1.0,512.0,4.0,1.0,1.0,1.0,63.0,32.0,-0.0030632107251067353,-0.0017650185808415486,2048.0,32768.0,6400000.0
1.0,512.0,4.0,1.0,1.0,1.0,63.0,32.0,-0.0030632107251067353,-0.0017650185808415486,1024.0,2.0,6400000.0
2.0,2.0,2.0,2.0,6.0,4.0,214.0,384.0,0.07262288558772911,0.07510528703488584,8.0,16.0,6400000.0
1.0,512.0,4.0,1.0,1.0,1.0,63.0,32.0,-0.0030632107251067353,-0.0017650185808415486,1024.0,32.0,6400000.0
2.0,2.0,2.0,2.0,14.0,8.0,429.0,1024.0,0.08676859816809712,0.09005205639915703,32.0,0.125,6400000.0
1.0,1.0,1.0,2.0,3.0,2.0,108.0,192.0,0.03911015413878083,0.040912063041146696,16.0,0.25,6400000.0
2.0,2.0,2.0,2.0,14.0,8.0,429.0,1024.0,0.08676859816809712,0.09005205639915703,64.0,0.0,6400000.0
1.0,2.0,2.0,1.0,1.0,1.0,39.0,32.0,-0.0030632107251067353,-0.0017650185808415486,4.0,4096.0,6400000.0
1.0,2.0,2.0,1.0,1.0,1.0,39.0,32.0,-0.0030632107251067353,-0.0017650185808415486,128.0,1.0,6400000.0
1.0,512.0,4.0,1.0,1.0,1.0,63.0,32.0,-0.0030632107251067353,-0.0017650185808415486,1024.0,128.0,6400000.0
1.0,512.0,4.0,1.0,1.0,1.0,63.0,32.0,-0.0030632107251067353,-0.0017650185808415486,4096.0,0.000976562,6400000.0
2.0,2.0,2.0,2.0,14.0,8.0,429.0,1024.0,0.08676859816809712,0.09005205639915703,16.0,0.0625,6400000.0
1.0,512.0,4.0,1.0,1.0,1.0,63.0,32.0,-0.0030632107251067353,-0.0017650185808415486,1024.0,512.0,6400000.0
1.0,512.0,4.0,1.0,1.0,1.0,63.0,32.0,-0.0030632107251067353,-0.0017650185808415486,1024.0,2048.0,6400000.0
1.0,512.0,4.0,1.0,1.0,1.0,63.0,32.0,-0.0030632107251067353,-0.0017650185808415486,4096.0,0.015625,6400000.0
1.0,2.0,2.0,1.0,1.0,1.0,39.0,32.0,-0.0030632107251067353,-0.0017650185808415486,64.0,256.0,6400000.0
1.0,512.0,4.0,1.0,1.0,1.0,63.0,32.0,-0.0030632107251067353,-0.0017650185808415486,4096.0,0.0625,6400000.0
1.0,512.0,4.0,1.0,1.0,1.0,63.0,32.0,-0.0030632107251067353,-0.0017650185808415486,2048.0,0.000976562,6400000.0
1.0,2.0,2.0,1.0,1.0,1.0,39.0,32.0,-0.0030632107251067353,-0.0017650185808415486,256.0,0.00390625,6400000.0
1.0,512.0,4.0,1.0,1.0,1.0,63.0,32.0,-0.0030632107251067353,-0.0017650185808415486,4096.0,0.00390625,6400000.0
1.0,512.0,4.0,1.0,1.0,1.0,63.0,32.0,-0.0030632107251067353,-0.0017650185808415486,1024.0,8192.0,6400000.0
1.0,512.0,4.0,1.0,1.0,1.0,63.0,32.0,-0.0030632107251067353,-0.0017650185808415486,4096.0,0.25,6400000.0
1.0,2.0,2.0,1.0,1.0,1.0,39.0,32.0,-0.0030632107251067353,-0.0017650185808415486,256.0,2048.0,6400000.0
1.0,512.0,4.0,1.0,1.0,1.0,63.0,32.0,-0.0030632107251067353,-0.0017650185808415486,4096.0,1.0,6400000.0
1.0,512.0,4.0,1.0,1.0,1.0,63.0,32.0,-0.0030632107251067353,-0.0017650185808415486,4096.0,64.0,6400000.0
1.0,512.0,4.0,1.0,1.0,1.0,63.0,32.0,-0.0030632107251067353,-0.0017650185808415486,4096.0,4.0,6400000.0
1.0,512.0,4.0,1.0,1.0,1.0,63.0,32.0,-0.0030632107251067353,-0.0017650185808415486,1024.0,32768.0,6400000.0
1.0,2.0,2.0,1.0,1.0,1.0,39.0,32.0,-0.0030632107251067353,-0.0017650185808415486,16.0,32768.0,6400000.0
1.0,512.0,4.0,1.0,1.0,1.0,63.0,32.0,-0.0030632107251067353,-0.0017650185808415486,4096.0,16.0,6400000.0
1.0,512.0,4.0,1.0,1.0,1.0,63.0,32.0,-0.0030632107251067353,-0.0017650185808415486,2048.0,0.00390625,6400000.0
1.0,2.0,2.0,1.0,1.0,1.0,39.0,32.0,-0.0030632107251067353,-0.0017650185808415486,32.0,128.0,6400000.0
1.0,512.0,4.0,1.0,1.0,1.0,63.0,32.0,-0.0030632107251067353,-0.0017650185808415486,2048.0,0.25,6400000.0
1.0,512.0,4.0,1.0,1.0,1.0,63.0,32.0,-0.0030632107251067353,-0.0017650185808415486,4096.0,1024.0,6400000.0
1.0,512.0,4.0,1.0,1.0,1.0,63.0,32.0,-0.0030632107251067353,-0.0017650185808415486,2048.0,0.0625,6400000.0
1.0,512.0,4.0,1.0,1.0,1.0,63.0,32.0,-0.0030632107251067353,-0.0017650185808415486,4096.0,256.0,6400000.0
1.0,512.0,4.0,1.0,1.0,1.0,63.0,32.0,-0.0030632107251067353,-0.0017650185808415486,2048.0,0.015625,6400000.0
1.0,512.0,4.0,1.0,1.0,1.0,63.0,32.0,-0.0030632107251067353,-0.0017650185808415486,8192.0,0.0,6400000.0
1.0,512.0,4.0,1.0,1.0,1.0,63.0,32.0,-0.0030632107251067353,-0.0017650185808415486,2048.0,1.0,6400000.0
1.0,512.0,4.0,1.0,1.0,1.0,63.0,32.0,-0.0030632107251067353,-0.0017650185808415486,2048.0,4.0,6400000.0
1.0,512.0,4.0,1.0,1.0,1.0,63.0,32.0,-0.0030632107251067353,-0.0017650185808415486,4096.0,4096.0,6400000.0
1.0,2.0,2.0,1.0,1.0,1.0,39.0,32.0,-0.0030632107251067353,-0.0017650185808415486,128.0,1024.0,6400000.0
1.0,512.0,4.0,1.0,1.0,1.0,63.0,32.0,-0.0030632107251067353,-0.0017650185808415486,4096.0,16384.0,6400000.0
1.0,2.0,2.0,1.0,1.0,1.0,39.0,32.0,-0.0030632107251067353,-0.0017650185808415486,128.0,0.00195312,6400000.0
2.0,2.0,2.0,2.0,14.0,8.0,429.0,1024.0,0.08676859816809712,0.09005205639915703,64.0,0.5,6400000.0
1.0,2.0,2.0,1.0,1.0,1.0,39.0,32.0,-0.0030632107251067353,-0.0017650185808415486,8.0,16384.0,6400000.0
1.0,512.0,4.0,1.0,1.0,1.0,63.0,32.0,-0.0030632107251067353,-0.0017650185808415486,2048.0,16.0,6400000.0
2.0,2.0,2.0,3.0,14.0,8.0,429.0,1024.0,0.09513138924499842,0.09993826347427859,8.0,0.03125,6400000.0
1.0,2.0,2.0,1.0,1.0,1.0,39.0,32.0,-0.0030632107251067353,-0.0017650185808415486,512.0,0.015625,6400000.0
1.0,512.0,4.0,1.0,1.0,1.0,63.0,32.0,-0.0030632107251067353,-0.0017650185808415486,8192.0,0.00195312,6400000.0
1.0,2.0,2.0,1.0,1.0,1.0,39.0,32.0,-0.0030632107251067353,-0.0017650185808415486,256.0,4.0,6400000.0
1.0,512.0,4.0,1.0,1.0,1.0,63.0,32.0,-0.0030632107251067353,-0.0017650185808415486,8192.0,0.0078125,6400000.0
1.0,512.0,4.0,1.0,1.0,1.0,63.0,32.0,-0.0030632107251067353,-0.0017650185808415486,2048.0,64.0,6400000.0
2.0,2.0,2.0,2.0,6.0,4.0,214.0,384.0,0.07262288558772911,0.07510528703488584,16.0,64.0,6400000.0
1.0,512.0,4.0,1.0,1.0,1.0,63.0,32.0,-0.0030632107251067353,-0.0017650185808415486,8192.0,0.03125,6400000.0
1.0,512.0,4.0,1.0,1.0,1.0,63.0,32.0,-0.0030632107251067353,-0.0017650185808415486,2048.0,16384.0,6400000.0
1.0,512.0,4.0,1.0,1.0,1.0,63.0,32.0,-0.0030632107251067353,-0.0017650185808415486,4096.0,0.0,6400000.0
1.0,512.0,4.0,1.0,1.0,1.0,63.0,32.0,-0.0030632107251067353,-0.0017650185808415486,2048.0,256.0,6400000.0
1.0,512.0,4.0,1.0,1.0,1.0,63.0,32.0,-0.0030632107251067353,-0.0017650185808415486,2048.0,4096.0,6400000.0
1.0,512.0,4.0,1.0,1.0,1.0,63.0,32.0,-0.0030632107251067353,-0.0017650185808415486,2048.0,1024.0,6400000.0
2.0,2.0,2.0,2.0,6.0,4.0,214.0,384.0,0.07262288558772911,0.07510528703488584,8.0,32.0,6400000.0
1.0,512.0,4.0,1.0,1.0,1.0,63.0,32.0,-0.0030632107251067353,-0.0017650185808415486,8192.0,0.125,6400000.0
2.0,2.0,2.0,2.0,14.0,8.0,429.0,1024.0,0.08676859816809712,0.09005205639915703,32.0,0.25,6400000.0
1.0,512.0,4.0,1.0,1.0,1.0,63.0,32.0,-0.0030632107251067353,-0.0017650185808415486,8192.0,0.5,6400000.0
1.0,1.0,1.0,2.0,3.0,2.0,108.0,192.0,0.03911015413878083,0.040912063041146696,16.0,0.5,6400000.0
2.0,2.0,2.0,2.0,14.0,8.0,429.0,1024.0,0.08676859816809712,0.09005205639915703,64.0,0.000976562,6400000.0
1.0,512.0,4.0,1.0,1.0,1.0,63.0,32.0,-0.0030632107251067353,-0.0017650185808415486,8192.0,2.0,6400000.0
1.0,2.0,2.0,1.0,1.0,1.0,39.0,32.0,-0.0030632107251067353,-0.0017650185808415486,128.0,2.0,6400000.0
1.0,512.0,4.0,1.0,1.0,1.0,63.0,32.0,-0.0030632107251067353,-0.0017650185808415486,8192.0,8.0,6400000.0
1.0,512.0,4.0,1.0,1.0,1.0,63.0,32.0,-0.0030632107251067353,-0.0017650185808415486,4096.0,0.00195312,6400000.0
2.0,2.0,2.0,2.0,14.0,8.0,429.0,1024.0,0.08676859816809712,0.09005205639915703,16.0,0.125,6400000.0
1.0,512.0,4.0,1.0,1.0,1.0,63.0,32.0,-0.0030632107251067353,-0.0017650185808415486,8192.0,32.0,6400000.0
1.0,512.0,4.0,1.0,1.0,1.0,63.0,32.0,-0.0030632107251067353,-0.0017650185808415486,8192.0,128.0,6400000.0
1.0,2.0,2.0,1.0,1.0,1.0,39.0,32.0,-0.0030632107251067353,-0.0017650185808415486,64.0,512.0,6400000.0
1.0,512.0,4.0,1.0,1.0,1.0,63.0,32.0,-0.0030632107251067353,-0.0017650185808415486,4096.0,0.03125,6400000.0
1.0,2.0,2.0,1.0,1.0,1.0,39.0,32.0,-0.0030632107251067353,-0.0017650185808415486,256.0,0.0078125,6400000.0
1.0,512.0,4.0,1.0,1.0,1.0,63.0,32.0,-0.0030632107251067353,-0.0017650185808415486,4096.0,0.5,6400000.0
1.0,2.0,2.0,1.0,1.0,1.0,39.0,32.0,-0.0030632107251067353,-0.0017650185808415486,256.0,4096.0,6400000.0
1.0,512.0,4.0,1.0,1.0,1.0,63.0,32.0,-0.0030632107251067353,-0.0017650185808415486,4096.0,0.0078125,6400000.0
1.0,512.0,4.0,1.0,1.0,1.0,63.0,32.0,-0.0030632107251067353,-0.0017650185808415486,4096.0,0.125,6400000.0
1.0,512.0,4.0,1.0,1.0,1.0,63.0,32.0,-0.0030632107251067353,-0.0017650185808415486,8192.0,512.0,6400000.0
1.0,512.0,4.0,1.0,1.0,1.0,63.0,32.0,-0.0030632107251067353,-0.0017650185808415486,4096.0,8.0,6400000.0
2.0,2.0,2.0,2.0,14.0,8.0,429.0,1024.0,0.08676859816809712,0.09005205639915703,32.0,0.0,6400000.0
1.0,512.0,4.0,1.0,1.0,1.0,63.0,32.0,-0.0030632107251067353,-0.0017650185808415486,4096.0,128.0,6400000.0
1.0,512.0,4.0,1.0,1.0,1.0,63.0,32.0,-0.0030632107251067353,-0.0017650185808415486,4096.0,2.0,6400000.0
1.0,2.0,2.0,1.0,1.0,1.0,39.0,32.0,-0.0030632107251067353,-0.0017650185808415486,512.0,16.0,6400000.0
1.0,512.0,4.0,1.0,1.0,1.0,63.0,32.0,-0.0030632107251067353,-0.0017650185808415486,8192.0,2048.0,6400000.0
1.0,1.0,1.0,2.0,3.0,2.0,108.0,192.0,0.03911015413878083,0.040912063041146696,16.0,16.0,6400000.0
1.0,512.0,4.0,1.0,1.0,1.0,63.0,32.0,-0.0030632107251067353,-0.0017650185808415486,8192.0,8192.0,6400000.0
1.0,512.0,4.0,1.0,1.0,1.0,63.0,32.0,-0.0030632107251067353,-0.0017650185808415486,4096.0,32.0,6400000.0
1.0,2.0,2.0,1.0,1.0,1.0,39.0,32.0,-0.0030632107251067353,-0.0017650185808415486,32.0,256.0,6400000.0
1.0,512.0,4.0,1.0,1.0,1.0,63.0,32.0,-0.0030632107251067353,-0.0017650185808415486,8192.0,32768.0,6400000.0
1.0,512.0,4.0,1.0,1.0,1.0,63.0,32.0,-0.0030632107251067353,-0.0017650185808415486,4096.0,512.0,6400000.0
1.0,512.0,4.0,1.0,1.0,1.0,63.0,32.0,-0.0030632107251067353,-0.0017650185808415486,16384.0,0.000976562,6400000.0
1.0,512.0,4.0,1.0,1.0,1.0,63.0,32.0,-0.0030632107251067353,-0.0017650185808415486,4096.0,2048.0,6400000.0
1.0,2.0,2.0,1.0,1.0,1.0,39.0,32.0,-0.0030632107251067353,-0.0017650185808415486,128.0,2048.0,6400000.0
1.0,512.0,4.0,1.0,1.0,1.0,63.0,32.0,-0.0030632107251067353,-0.0017650185808415486,8192.0,0.000976562,6400000.0
1.0,512.0,4.0,1.0,1.0,1.0,63.0,32.0,-0.0030632107251067353,-0.0017650185808415486,4096.0,8192.0,6400000.0
1.0,2.0,2.0,1.0,1.0,1.0,39.0,32.0,-0.0030632107251067353,-0.0017650185808415486,128.0,0.00390625,6400000.0
2.0,2.0,2.0,2.0,14.0,8.0,429.0,1024.0,0.08676859816809712,0.09005205639915703,64.0,1.0,6400000.0
1.0,512.0,4.0,1.0,1.0,1.0,63.0,32.0,-0.0030632107251067353,-0.0017650185808415486,16384.0,0.00390625,6400000.0
1.0,512.0,4.0,1.0,1.0,1.0,63.0,32.0,-0.0030632107251067353,-0.0017650185808415486,4096.0,32768.0,6400000.0
1.0,512.0,4.0,1.0,1.0,1.0,63.0,32.0,-0.0030632107251067353,-0.0017650185808415486,16384.0,0.015625,6400000.0
1.0,512.0,4.0,1.0,1.0,1.0,63.0,32.0,-0.0030632107251067353,-0.0017650185808415486,16384.0,0.25,6400000.0
1.0,512.0,4.0,1.0,1.0,1.0,63.0,32.0,-0.0030632107251067353,-0.0017650185808415486,16384.0,0.0625,6400000.0
1.0,2.0,2.0,1.0,1.0,1.0,39.0,32.0,-0.0030632107251067353,-0.0017650185808415486,256.0,8.0,6400000.0
1.0,2.0,2.0,1.0,1.0,1.0,39.0,32.0,-0.0030632107251067353,-0.0017650185808415486,8.0,32768.0,6400000.0
1.0,512.0,4.0,1.0,1.0,1.0,63.0,32.0,-0.0030632107251067353,-0.0017650185808415486,16384.0,1.0,6400000.0
1.0,512.0,4.0,1.0,1.0,1.0,63.0,32.0,-0.0030632107251067353,-0.0017650185808415486,8192.0,0.00390625,6400000.0
1.0,2.0,2.0,1.0,1.0,1.0,39.0,32.0,-0.0030632107251067353,-0.0017650185808415486,512.0,0.03125,6400000.0
1.0,512.0,4.0,1.0,1.0,1.0,63.0,32.0,-0.0030632107251067353,-0.0017650185808415486,8192.0,0.015625,6400000.0
1.0,512.0,4.0,1.0,1.0,1.0,63.0,32.0,-0.0030632107251067353,-0.0017650185808415486,8192.0,0.0625,6400000.0
1.0,2.0,2.0,1.0,1.0,1.0,39.0,32.0,-0.0030632107251067353,-0.0017650185808415486,16.0,128.0,6400000.0
1.0,512.0,4.0,1.0,1.0,1.0,63.0,32.0,-0.0030632107251067353,-0.0017650185808415486,16384.0,4.0,6400000.0
1.0,2.0,2.0,1.0,1.0,1.0,39.0,32.0,-0.0030632107251067353,-0.0017650185808415486,512.0,16384.0,6400000.0
1.0,512.0,4.0,1.0,1.0,1.0,63.0,32.0,-0.0030632107251067353,-0.0017650185808415486,16384.0,64.0,6400000.0
1.0,512.0,4.0,1.0,1.0,1.0,63.0,32.0,-0.0030632107251067353,-0.0017650185808415486,16384.0,16.0,6400000.0
1.0,512.0,4.0,1.0,1.0,1.0,63.0,32.0,-0.0030632107251067353,-0.0017650185808415486,16384.0,1024.0,6400000.0
1.0,512.0,4.0,1.0,1.0,1.0,63.0,32.0,-0.0030632107251067353,-0.0017650185808415486,16384.0,256.0,6400000.0
1.0,512.0,4.0,1.0,1.0,1.0,63.0,32.0,-0.0030632107251067353,-0.0017650185808415486,8192.0,0.25,6400000.0
1.0,512.0,4.0,1.0,1.0,1.0,63.0,32.0,-0.0030632107251067353,-0.0017650185808415486,16384.0,4096.0,6400000.0
1.0,512.0,4.0,1.0,1.0,1.0,63.0,32.0,-0.0030632107251067353,-0.0017650185808415486,8192.0,1.0,6400000.0
2.0,2.0,2.0,2.0,14.0,8.0,429.0,1024.0,0.08676859816809712,0.09005205639915703,32.0,0.5,6400000.0
2.0,2.0,2.0,2.0,14.0,8.0,429.0,1024.0,0.08676859816809712,0.09005205639915703,64.0,0.00195312,6400000.0
1.0,1.0,1.0,2.0,3.0,2.0,108.0,192.0,0.03911015413878083,0.040912063041146696,16.0,1.0,6400000.0
1.0,512.0,4.0,1.0,1.0,1.0,63.0,32.0,-0.0030632107251067353,-0.0017650185808415486,8192.0,4.0,6400000.0
1.0,2.0,2.0,1.0,1.0,1.0,39.0,32.0,-0.0030632107251067353,-0.0017650185808415486,128.0,4.0,6400000.0
1.0,512.0,4.0,1.0,1.0,1.0,63.0,32.0,-0.0030632107251067353,-0.0017650185808415486,8192.0,16.0,6400000.0
2.0,2.0,2.0,2.0,14.0,8.0,429.0,1024.0,0.08676859816809712,0.09005205639915703,16.0,0.25,6400000.0
1.0,512.0,4.0,1.0,1.0,1.0,63.0,32.0,-0.0030632107251067353,-0.0017650185808415486,8192.0,256.0,6400000.0
1.0,512.0,4.0,1.0,1.0,1.0,63.0,32.0,-0.0030632107251067353,-0.0017650185808415486,16384.0,16384.0,6400000.0
1.0,512.0,4.0,1.0,1.0,1.0,63.0,32.0,-0.0030632107251067353,-0.0017650185808415486,8192.0,64.0,6400000.0
1.0,2.0,2.0,1.0,1.0,1.0,39.0,32.0,-0.0030632107251067353,-0.0017650185808415486,64.0,1024.0,6400000.0
1.0,2.0,2.0,1.0,1.0,1.0,39.0,32.0,-0.0030632107251067353,-0.0017650185808415486,256.0,0.015625,6400000.0
2.0,2.0,2.0,2.0,14.0,8.0,429.0,1024.0,0.08676859816809712,0.09005205639915703,32.0,0.000976562,6400000.0
1.0,2.0,2.0,1.0,1.0,1.0,39.0,32.0,-0.0030632107251067353,-0.0017650185808415486,256.0,8192.0,6400000.0
1.0,512.0,4.0,1.0,1.0,1.0,63.0,32.0,-0.0030632107251067353,-0.0017650185808415486,32768.0,0.0,6400000.0
1.0,512.0,4.0,1.0,1.0,1.0,63.0,32.0,-0.0030632107251067353,-0.0017650185808415486,8192.0,1024.0,6400000.0
1.0,512.0,4.0,1.0,1.0,1.0,63.0,32.0,-0.0030632107251067353,-0.0017650185808415486,32768.0,0.00195312,6400000.0
1.0,512.0,4.0,1.0,1.0,1.0,63.0,32.0,-0.0030632107251067353,-0.0017650185808415486,8192.0,4096.0,6400000.0
1.0,2.0,2.0,1.0,1.0,1.0,39.0,32.0,-0.0030632107251067353,-0.0017650185808415486,512.0,32.0,6400000.0
1.0,2.0,2.0,1.0,1.0,1.0,39.0,32.0,-0.0030632107251067353,-0.0017650185808415486,1024.0,0.125,6400000.0
1.0,1.0,1.0,2.0,3.0,2.0,108.0,192.0,0.03911015413878083,0.040912063041146696,16.0,32.0,6400000.0
1.0,512.0,4.0,1.0,1.0,1.0,63.0,32.0,-0.0030632107251067353,-0.0017650185808415486,32768.0,0.0078125,6400000.0
1.0,512.0,4.0,1.0,1.0,1.0,63.0,32.0,-0.0030632107251067353,-0.0017650185808415486,32768.0,0.125,6400000.0
1.0,512.0,4.0,1.0,1.0,1.0,63.0,32.0,-0.0030632107251067353,-0.0017650185808415486,8192.0,16384.0,6400000.0
1.0,512.0,4.0,1.0,1.0,1.0,63.0,32.0,-0.0030632107251067353,-0.0017650185808415486,32768.0,0.03125,6400000.0
1.0,512.0,4.0,1.0,1.0,1.0,63.0,32.0,-0.0030632107251067353,-0.0017650185808415486,32768.0,0.5,6400000.0
1.0,2.0,2.0,1.0,1.0,1.0,39.0,32.0,-0.0030632107251067353,-0.0017650185808415486,32.0,512.0,6400000.0
1.0,512.0,4.0,1.0,1.0,1.0,63.0,32.0,-0.0030632107251067353,-0.0017650185808415486,16384.0,0.0,6400000.0
1.0,512.0,4.0,1.0,1.0,1.0,63.0,32.0,-0.0030632107251067353,-0.0017650185808415486,32768.0,2.0,6400000.0
1.0,512.0,4.0,1.0,1.0,1.0,63.0,32.0,-0.0030632107251067353,-0.0017650185808415486,16384.0,0.00195312,6400000.0
1.0,512.0,4.0,1.0,1.0,1.0,63.0,32.0,-0.0030632107251067353,-0.0017650185808415486,32768.0,8.0,6400000.0
2.0,2.0,2.0,2.0,14.0,8.0,429.0,1024.0,0.08676859816809712,0.09005205639915703,64.0,2.0,6400000.0
1.0,2.0,2.0,1.0,1.0,1.0,39.0,32.0,-0.0030632107251067353,-0.0017650185808415486,128.0,4096.0,6400000.0
1.0,512.0,4.0,1.0,1.0,1.0,63.0,32.0,-0.0030632107251067353,-0.0017650185808415486,16384.0,0.03125,6400000.0
1.0,512.0,4.0,1.0,1.0,1.0,63.0,32.0,-0.0030632107251067353,-0.0017650185808415486,16384.0,0.0078125,6400000.0
1.0,2.0,2.0,1.0,1.0,1.0,39.0,32.0,-0.0030632107251067353,-0.0017650185808415486,128.0,0.0078125,6400000.0
1.0,512.0,4.0,1.0,1.0,1.0,63.0,32.0,-0.0030632107251067353,-0.0017650185808415486,32768.0,32.0,6400000.0
1.0,512.0,4.0,1.0,1.0,1.0,63.0,32.0,-0.0030632107251067353,-0.0017650185808415486,16384.0,0.5,6400000.0
1.0,512.0,4.0,1.0,1.0,1.0,63.0,32.0,-0.0030632107251067353,-0.0017650185808415486,32768.0,128.0,6400000.0
1.0,512.0,4.0,1.0,1.0,1.0,63.0,32.0,-0.0030632107251067353,-0.0017650185808415486,16384.0,0.125,6400000.0
1.0,512.0,4.0,1.0,1.0,1.0,63.0,32.0,-0.0030632107251067353,-0.0017650185808415486,32768.0,512.0,6400000.0
1.0,512.0,4.0,1.0,1.0,1.0,63.0,32.0,-0.0030632107251067353,-0.0017650185808415486,16384.0,2.0,6400000.0
1.0,2.0,2.0,1.0,1.0,1.0,39.0,32.0,-0.0030632107251067353,-0.0017650185808415486,256.0,16.0,6400000.0
1.0,512.0,4.0,1.0,1.0,1.0,63.0,32.0,-0.0030632107251067353,-0.0017650185808415486,32768.0,2048.0,6400000.0
1.0,2.0,2.0,1.0,1.0,1.0,39.0,32.0,-0.0030632107251067353,-0.0017650185808415486,512.0,0.0625,6400000.0
1.0,512.0,4.0,1.0,1.0,1.0,63.0,32.0,-0.0030632107251067353,-0.0017650185808415486,32768.0,8192.0,6400000.0
1.0,2.0,2.0,1.0,1.0,1.0,39.0,32.0,-0.0030632107251067353,-0.0017650185808415486,512.0,32768.0,6400000.0
1.0,512.0,4.0,1.0,1.0,1.0,63.0,32.0,-0.0030632107251067353,-0.0017650185808415486,16384.0,8.0,6400000.0
1.0,512.0,4.0,1.0,1.0,1.0,63.0,32.0,-0.0030632107251067353,-0.0017650185808415486,32768.0,32768.0,6400000.0
1.0,2.0,2.0,1.0,1.0,1.0,39.0,32.0,-0.0030632107251067353,-0.0017650185808415486,16.0,256.0,6400000.0
1.0,512.0,4.0,1.0,1.0,1.0,63.0,32.0,-0.0030632107251067353,-0.0017650185808415486,16384.0,2048.0,6400000.0
1.0,2.0,2.0,1.0,1.0,1.0,39.0,32.0,-0.0030632107251067353,-0.0017650185808415486,1024.0,128.0,6400000.0
1.0,512.0,4.0,1.0,1.0,1.0,63.0,32.0,-0.0030632107251067353,-0.0017650185808415486,16384.0,32.0,6400000.0
1.0,512.0,4.0,1.0,1.0,1.0,63.0,32.0,-0.0030632107251067353,-0.0017650185808415486,16384.0,128.0,6400000.0
1.0,512.0,4.0,1.0,1.0,1.0,63.0,32.0,-0.0030632107251067353,-0.0017650185808415486,16384.0,512.0,6400000.0
2.0,2.0,2.0,2.0,14.0,8.0,429.0,1024.0,0.08676859816809712,0.09005205639915703,32.0,1.0,6400000.0
512.0,512.0,8.0,9.0,17358.0,15409.0,649062.0,2399904.0,0.8249023607695983,0.8327602953741712,0.0,0.000976562,6400000.0
1.0,512.0,4.0,1.0,1.0,1.0,63.0,32.0,-0.0030632107251067353,-0.0017650185808415486,16384.0,8192.0,6400000.0
1.0,1.0,1.0,2.0,3.0,2.0,108.0,192.0,0.03911015413878083,0.040912063041146696,16.0,2.0,6400000.0
2.0,2.0,2.0,2.0,14.0,8.0,429.0,1024.0,0.08676859816809712,0.09005205639915703,64.0,0.00390625,6400000.0
159.0,512.0,8.0,9.0,6200.0,4880.0,218457.0,760448.0,0.7961735777729269,0.8024859189845178,0.0,0.015625,6400000.0
1.0,2.0,2.0,1.0,1.0,1.0,39.0,32.0,-0.0030632107251067353,-0.0017650185808415486,128.0,8.0,6400000.0
308.0,512.0,8.0,9.0,11003.0,9259.0,400831.0,1442016.0,0.8165148724514086,0.8203119750723863,0.0,0.00390625,6400000.0
65.0,512.0,8.0,9.0,2747.0,1989.0,92896.0,309920.0,0.737781128329591,0.7386522182513137,0.0,0.0625,6400000.0
43.0,512.0,8.0,9.0,1820.0,1333.0,62019.0,207776.0,0.6850279349113759,0.6951658200982608,0.0,0.25,6400000.0
35.0,512.0,8.0,9.0,1170.0,940.0,41902.0,145920.0,0.6093046697253826,0.6125519678384939,0.0,1.0,6400000.0
29.0,512.0,8.0,9.0,205.0,156.0,9076.0,21248.0,0.40735776232514465,0.41510468520174093,0.0,4.0,6400000.0
1.0,512.0,4.0,1.0,1.0,1.0,63.0,32.0,-0.0030632107251067353,-0.0017650185808415486,16384.0,32768.0,6400000.0
1.0,2.0,2.0,1.0,1.0,1.0,39.0,32.0,-0.0030632107251067353,-0.0017650185808415486,64.0,2048.0,6400000.0
1.0,2.0,2.0,1.0,1.0,1.0,39.0,32.0,-0.0030632107251067353,-0.0017650185808415486,256.0,0.03125,6400000.0
11.0,512.0,8.0,3.0,35.0,26.0,2559.0,2752.0,0.23801654357424562,0.2440154241847443,0.0,16.0,6400000.0
2.0,2.0,2.0,2.0,14.0,8.0,429.0,1024.0,0.08676859816809712,0.09005205639915703,32.0,0.00195312,6400000.0
1.0,2.0,2.0,1.0,1.0,1.0,39.0,32.0,-0.0030632107251067353,-0.0017650185808415486,256.0,16384.0,6400000.0
1.0,512.0,4.0,1.0,1.0,1.0,63.0,32.0,-0.0030632107251067353,-0.0017650185808415486,32768.0,0.000976562,6400000.0
3.0,512.0,8.0,2.0,9.0,6.0,1295.0,576.0,0.10115259004895938,0.10346957106453547,0.0,64.0,6400000.0
1.0,2.0,2.0,1.0,1.0,1.0,39.0,32.0,-0.0030632107251067353,-0.0017650185808415486,512.0,64.0,6400000.0
1.0,2.0,2.0,1.0,1.0,1.0,39.0,32.0,-0.0030632107251067353,-0.0017650185808415486,1024.0,0.25,6400000.0
1.0,1.0,1.0,2.0,3.0,2.0,108.0,192.0,0.03911015413878083,0.040912063041146696,16.0,64.0,6400000.0
1.0,512.0,4.0,1.0,1.0,1.0,63.0,32.0,-0.0030632107251067353,-0.0017650185808415486,32768.0,0.0625,6400000.0
1.0,512.0,4.0,1.0,1.0,1.0,63.0,32.0,-0.0030632107251067353,-0.0017650185808415486,32768.0,0.00390625,6400000.0
1.0,2.0,2.0,1.0,1.0,1.0,39.0,32.0,-0.0030632107251067353,-0.0017650185808415486,32.0,1024.0,6400000.0
1.0,512.0,4.0,1.0,1.0,1.0,63.0,32.0,-0.0030632107251067353,-0.0017650185808415486,32768.0,0.015625,6400000.0
1.0,512.0,4.0,1.0,1.0,1.0,63.0,32.0,-0.0030632107251067353,-0.0017650185808415486,32768.0,0.25,6400000.0
1.0,512.0,4.0,1.0,1.0,1.0,63.0,32.0,-0.0030632107251067353,-0.0017650185808415486,32768.0,1.0,6400000.0
1.0,512.0,8.0,1.0,1.0,1.0,543.0,32.0,-0.0030632107251067353,-0.0017650185808415486,0.0,256.0,6400000.0
1.0,512.0,4.0,1.0,1.0,1.0,63.0,32.0,-0.0030632107251067353,-0.0017650185808415486,32768.0,4.0,6400000.0
1.0,512.0,8.0,1.0,1.0,1.0,543.0,32.0,-0.0030632107251067353,-0.0017650185808415486,0.0,1024.0,6400000.0
1.0,512.0,4.0,1.0,1.0,1.0,63.0,32.0,-0.0030632107251067353,-0.0017650185808415486,32768.0,16.0,6400000.0
1.0,2.0,2.0,1.0,1.0,1.0,39.0,32.0,-0.0030632107251067353,-0.0017650185808415486,2048.0,0.000976562,6400000.0
1.0,512.0,8.0,1.0,1.0,1.0,543.0,32.0,-0.0030632107251067353,-0.0017650185808415486,0.0,4096.0,6400000.0
2.0,2.0,2.0,2.0,14.0,8.0,429.0,1024.0,0.08676859816809712,0.09005205639915703,64.0,4.0,6400000.0
1.0,512.0,4.0,1.0,1.0,1.0,63.0,32.0,-0.0030632107251067353,-0.0017650185808415486,32768.0,256.0,6400000.0
1.0,2.0,2.0,1.0,1.0,1.0,39.0,32.0,-0.0030632107251067353,-0.0017650185808415486,128.0,8192.0,6400000.0
1.0,512.0,8.0,1.0,1.0,1.0,543.0,32.0,-0.0030632107251067353,-0.0017650185808415486,0.0,16384.0,6400000.0
1.0,512.0,4.0,1.0,1.0,1.0,63.0,32.0,-0.0030632107251067353,-0.0017650185808415486,32768.0,64.0,6400000.0
1.0,2.0,2.0,1.0,1.0,1.0,39.0,32.0,-0.0030632107251067353,-0.0017650185808415486,128.0,0.015625,6400000.0
1.0,2.0,2.0,1.0,1.0,1.0,39.0,32.0,-0.0030632107251067353,-0.0017650185808415486,256.0,32.0,6400000.0
1.0,512.0,4.0,1.0,1.0,1.0,63.0,32.0,-0.0030632107251067353,-0.0017650185808415486,32768.0,1024.0,6400000.0
512.0,512.0,8.0,9.0,17304.0,15310.0,645798.0,2384064.0,0.8274560207668661,0.8305644203328042,0.000976562,0.0,6400000.0
197.0,512.0,8.0,9.0,7498.0,6009.0,266682.0,936224.0,0.8084815392321167,0.8088025088929355,0.000976562,0.0078125,6400000.0
1.0,2.0,2.0,1.0,1.0,1.0,39.0,32.0,-0.0030632107251067353,-0.0017650185808415486,1024.0,0.0,6400000.0
1.0,512.0,4.0,1.0,1.0,1.0,63.0,32.0,-0.0030632107251067353,-0.0017650185808415486,32768.0,16384.0,6400000.0
1.0,2.0,2.0,1.0,1.0,1.0,39.0,32.0,-0.0030632107251067353,-0.0017650185808415486,1024.0,256.0,6400000.0
1.0,512.0,4.0,1.0,1.0,1.0,63.0,32.0,-0.0030632107251067353,-0.0017650185808415486,32768.0,4096.0,6400000.0
1.0,2.0,2.0,1.0,1.0,1.0,39.0,32.0,-0.0030632107251067353,-0.0017650185808415486,512.0,0.125,6400000.0
51.0,512.0,8.0,9.0,2146.0,1523.0,71364.0,237152.0,0.7042908721591019,0.7061535339286464,0.000976562,0.125,6400000.0
512.0,512.0,8.0,9.0,17266.0,15368.0,646286.0,2393344.0,0.8252332666763611,0.8299769762066708,0.000976562,0.00195312,6400000.0
100.0,512.0,8.0,9.0,4007.0,3014.0,138599.0,469440.0,0.7529797050839018,0.7583606436081898,0.000976562,0.03125,6400000.0
16.0,512.0,8.0,3.0,67.0,47.0,3700.0,5472.0,0.28428173420704106,0.29213228260301216,0.000976562,8.0,6400000.0
512.0,512.0,8.0,9.0,17304.0,15310.0,645798.0,2384064.0,0.8274560207668661,0.8305644203328042,0.0,0.0,6400000.0
27.0,512.0,8.0,9.0,476.0,366.0,18145.0,55104.0,0.4777812127552883,0.48718538312254733,0.000976562,2.0,6400000.0
8.0,512.0,8.0,2.0,22.0,16.0,1924.0,1536.0,0.184803559555608,0.19082719424152972,0.000976562,32.0,6400000.0
1.0,2.0,2.0,1.0,1.0,1.0,39.0,32.0,-0.0030632107251067353,-0.0017650185808415486,2048.0,1.0,6400000.0
41.0,512.0,8.0,9.0,1564.0,1204.0,54829.0,187392.0,0.675685504144018,0.6677501451569227,0.000976562,0.5,6400000.0
1.0,1.0,1.0,2.0,3.0,2.0,108.0,192.0,0.03911015413878083,0.040912063041146696,16.0,4.0,6400000.0
1.0,512.0,8.0,1.0,1.0,1.0,543.0,32.0,-0.0030632107251067353,-0.0017650185808415486,0.000976562,128.0,6400000.0
1.0,2.0,2.0,1.0,1.0,1.0,39.0,32.0,-0.0030632107251067353,-0.0017650185808415486,128.0,16.0,6400000.0
100.0,512.0,8.0,9.0,4007.0,3014.0,138599.0,469440.0,0.7529797050839018,0.7583606436081898,0.0,0.03125,6400000.0
2.0,2.0,2.0,2.0,14.0,8.0,429.0,1024.0,0.08676859816809712,0.09005205639915703,32.0,2.0,6400000.0
2.0,2.0,2.0,2.0,14.0,8.0,429.0,1024.0,0.08676859816809712,0.09005205639915703,64.0,0.0078125,6400000.0
41.0,512.0,8.0,9.0,1564.0,1204.0,54829.0,187392.0,0.675685504144018,0.6677501451569227,0.0,0.5,6400000.0
512.0,512.0,8.0,9.0,17266.0,15368.0,646286.0,2393344.0,0.8252332666763611,0.8299769762066708,0.0,0.00195312,6400000.0
197.0,512.0,8.0,9.0,7498.0,6009.0,266682.0,936224.0,0.8084815392321167,0.8088025088929355,0.0,0.0078125,6400000.0
27.0,512.0,8.0,9.0,476.0,366.0,18145.0,55104.0,0.4777812127552883,0.48718538312254733,0.0,2.0,6400000.0
51.0,512.0,8.0,9.0,2146.0,1523.0,71364.0,237152.0,0.7042908721591019,0.7061535339286464,0.0,0.125,6400000.0
16.0,512.0,8.0,3.0,67.0,47.0,3700.0,5472.0,0.28428173420704106,0.29213228260301216,0.0,8.0,6400000.0
1.0,512.0,8.0,1.0,1.0,1.0,543.0,32.0,-0.0030632107251067353,-0.0017650185808415486,0.000976562,512.0,6400000.0
1.0,2.0,2.0,1.0,1.0,1.0,39.0,32.0,-0.0030632107251067353,-0.0017650185808415486,256.0,0.0625,6400000.0
1.0,2.0,2.0,1.0,1.0,1.0,39.0,32.0,-0.0030632107251067353,-0.0017650185808415486,256.0,32768.0,6400000.0
8.0,512.0,8.0,2.0,22.0,16.0,1924.0,1536.0,0.184803559555608,0.19082719424152972,0.0,32.0,6400000.0
1.0,512.0,8.0,1.0,1.0,1.0,543.0,32.0,-0.0030632107251067353,-0.0017650185808415486,0.000976562,2048.0,6400000.0
1.0,1.0,1.0,1.0,1.0,1.0,35.0,32.0,-0.0030632107251067353,-0.0017650185808415486,16.0,128.0,6400000.0
1.0,2.0,2.0,1.0,1.0,1.0,39.0,32.0,-0.0030632107251067353,-0.0017650185808415486,512.0,128.0,6400000.0
1.0,512.0,8.0,1.0,1.0,1.0,543.0,32.0,-0.0030632107251067353,-0.0017650185808415486,0.0,128.0,6400000.0
1.0,2.0,2.0,1.0,1.0,1.0,39.0,32.0,-0.0030632107251067353,-0.0017650185808415486,1024.0,0.5,6400000.0
1.0,512.0,8.0,1.0,1.0,1.0,543.0,32.0,-0.0030632107251067353,-0.0017650185808415486,0.000976562,8192.0,6400000.0
1.0,2.0,2.0,1.0,1.0,1.0,39.0,32.0,-0.0030632107251067353,-0.0017650185808415486,32.0,2048.0,6400000.0
1.0,2.0,2.0,1.0,1.0,1.0,39.0,32.0,-0.0030632107251067353,-0.0017650185808415486,64.0,4096.0,6400000.0
1.0,512.0,8.0,1.0,1.0,1.0,543.0,32.0,-0.0030632107251067353,-0.0017650185808415486,0.0,512.0,6400000.0
1.0,512.0,8.0,1.0,1.0,1.0,543.0,32.0,-0.0030632107251067353,-0.0017650185808415486,0.0,2048.0,6400000.0
1.0,2.0,2.0,1.0,1.0,1.0,39.0,32.0,-0.0030632107251067353,-0.0017650185808415486,2048.0,0.00195312,6400000.0
159.0,512.0,8.0,9.0,6200.0,4880.0,218457.0,760448.0,0.7961735777729269,0.8024859189845178,0.00195312,0.015625,6400000.0
308.0,512.0,8.0,9.0,11003.0,9259.0,400831.0,1442016.0,0.8165148724514086,0.8203119750723863,0.00195312,0.00390625,6400000.0
1.0,2.0,2.0,1.0,1.0,1.0,39.0,32.0,-0.0030632107251067353,-0.0017650185808415486,2048.0,1024.0,6400000.0
1.0,512.0,8.0,1.0,1.0,1.0,543.0,32.0,-0.0030632107251067353,-0.0017650185808415486,0.000976562,32768.0,6400000.0
2.0,2.0,2.0,2.0,10.0,6.0,290.0,704.0,0.08373057448791543,0.08530390601495486,64.0,8.0,6400000.0
512.0,512.0,8.0,9.0,17358.0,15409.0,649062.0,2399904.0,0.8249023607695983,0.8327602953741712,0.00195312,0.000976562,6400000.0
1.0,512.0,8.0,1.0,1.0,1.0,543.0,32.0,-0.0030632107251067353,-0.0017650185808415486,0.0,8192.0,6400000.0
1.0,2.0,2.0,1.0,1.0,1.0,39.0,32.0,-0.0030632107251067353,-0.0017650185808415486,128.0,16384.0,6400000.0
43.0,512.0,8.0,9.0,1820.0,1333.0,62019.0,207776.0,0.6850279349113759,0.6951658200982608,0.00195312,0.25,6400000.0
35.0,512.0,8.0,9.0,1170.0,940.0,41902.0,145920.0,0.6093046697253826,0.6125519678384939,0.00195312,1.0,6400000.0
1.0,512.0,8.0,1.0,1.0,1.0,543.0,32.0,-0.0030632107251067353,-0.0017650185808415486,0.0,32768.0,6400000.0
1.0,2.0,2.0,1.0,1.0,1.0,39.0,32.0,-0.0030632107251067353,-0.0017650185808415486,256.0,64.0,6400000.0
1.0,2.0,2.0,1.0,1.0,1.0,39.0,32.0,-0.0030632107251067353,-0.0017650185808415486,128.0,0.03125,6400000.0
65.0,512.0,8.0,9.0,2747.0,1989.0,92896.0,309920.0,0.737781128329591,0.7386522182513137,0.00195312,0.0625,6400000.0
29.0,512.0,8.0,9.0,205.0,156.0,9076.0,21248.0,0.40735776232514465,0.41510468520174093,0.00195312,4.0,6400000.0
11.0,512.0,8.0,3.0,35.0,26.0,2559.0,2752.0,0.23801654357424562,0.2440154241847443,0.00195312,16.0,6400000.0
159.0,512.0,8.0,9.0,6200.0,4880.0,218457.0,760448.0,0.7961735777729269,0.8024859189845178,0.000976562,0.015625,6400000.0
1.0,2.0,2.0,1.0,1.0,1.0,39.0,32.0,-0.0030632107251067353,-0.0017650185808415486,1024.0,512.0,6400000.0
1.0,2.0,2.0,1.0,1.0,1.0,39.0,32.0,-0.0030632107251067353,-0.0017650185808415486,512.0,0.25,6400000.0
1.0,2.0,2.0,1.0,1.0,1.0,39.0,32.0,-0.0030632107251067353,-0.0017650185808415486,1024.0,0.000976562,6400000.0
43.0,512.0,8.0,9.0,1820.0,1333.0,62019.0,207776.0,0.6850279349113759,0.6951658200982608,0.000976562,0.25,6400000.0
29.0,512.0,8.0,9.0,205.0,156.0,9076.0,21248.0,0.40735776232514465,0.41510468520174093,0.000976562,4.0,6400000.0
3.0,512.0,8.0,2.0,9.0,6.0,1295.0,576.0,0.10115259004895938,0.10346957106453547,0.00195312,64.0,6400000.0
3.0,512.0,8.0,2.0,9.0,6.0,1295.0,576.0,0.10115259004895938,0.10346957106453547,0.000976562,64.0,6400000.0
512.0,512.0,8.0,9.0,17358.0,15409.0,649062.0,2399904.0,0.8249023607695983,0.8327602953741712,0.000976562,0.000976562,6400000.0
1.0,2.0,2.0,1.0,1.0,1.0,39.0,32.0,-0.0030632107251067353,-0.0017650185808415486,2048.0,2.0,6400000.0
65.0,512.0,8.0,9.0,2747.0,1989.0,92896.0,309920.0,0.737781128329591,0.7386522182513137,0.000976562,0.0625,6400000.0
35.0,512.0,8.0,9.0,1170.0,940.0,41902.0,145920.0,0.6093046697253826,0.6125519678384939,0.000976562,1.0,6400000.0
1.0,1.0,1.0,2.0,3.0,2.0,108.0,192.0,0.03911015413878083,0.040912063041146696,16.0,8.0,6400000.0
1.0,512.0,8.0,1.0,1.0,1.0,543.0,32.0,-0.0030632107251067353,-0.0017650185808415486,0.00195312,1024.0,6400000.0
11.0,512.0,8.0,3.0,35.0,26.0,2559.0,2752.0,0.23801654357424562,0.2440154241847443,0.000976562,16.0,6400000.0
1.0,512.0,8.0,1.0,1.0,1.0,543.0,32.0,-0.0030632107251067353,-0.0017650185808415486,0.00195312,256.0,6400000.0
1.0,2.0,2.0,1.0,1.0,1.0,39.0,32.0,-0.0030632107251067353,-0.0017650185808415486,128.0,32.0,6400000.0
308.0,512.0,8.0,9.0,11003.0,9259.0,400831.0,1442016.0,0.8165148724514086,0.8203119750723863,0.000976562,0.00390625,6400000.0
1.0,512.0,8.0,1.0,1.0,1.0,543.0,32.0,-0.0030632107251067353,-0.0017650185808415486,0.000976562,256.0,6400000.0
2.0,2.0,2.0,2.0,14.0,8.0,429.0,1024.0,0.08676859816809712,0.09005205639915703,64.0,0.015625,6400000.0
1.0,512.0,8.0,1.0,1.0,1.0,543.0,32.0,-0.0030632107251067353,-0.0017650185808415486,0.00195312,4096.0,6400000.0
1.0,512.0,8.0,1.0,1.0,1.0,543.0,32.0,-0.0030632107251067353,-0.0017650185808415486,0.00195312,16384.0,6400000.0
197.0,512.0,8.0,9.0,7498.0,6009.0,266682.0,936224.0,0.8084815392321167,0.8088025088929355,0.00390625,0.0078125,6400000.0
1.0,2.0,2.0,1.0,1.0,1.0,39.0,32.0,-0.0030632107251067353,-0.0017650185808415486,4096.0,0.0078125,6400000.0
1.0,512.0,8.0,1.0,1.0,1.0,543.0,32.0,-0.0030632107251067353,-0.0017650185808415486,0.000976562,1024.0,6400000.0
512.0,512.0,8.0,9.0,17304.0,15310.0,645798.0,2384064.0,0.8274560207668661,0.8305644203328042,0.00390625,0.0,6400000.0
51.0,512.0,8.0,9.0,2146.0,1523.0,71364.0,237152.0,0.7042908721591019,0.7061535339286464,0.00390625,0.125,6400000.0
1.0,2.0,2.0,1.0,1.0,1.0,39.0,32.0,-0.0030632107251067353,-0.0017650185808415486,256.0,0.125,6400000.0
100.0,512.0,8.0,9.0,4007.0,3014.0,138599.0,469440.0,0.7529797050839018,0.7583606436081898,0.00390625,0.03125,6400000.0
512.0,512.0,8.0,9.0,17266.0,15368.0,646286.0,2393344.0,0.8252332666763611,0.8299769762066708,0.00390625,0.00195312,6400000.0
1.0,2.0,2.0,1.0,1.0,1.0,39.0,32.0,-0.0030632107251067353,-0.0017650185808415486,512.0,0.0,6400000.0
41.0,512.0,8.0,9.0,1564.0,1204.0,54829.0,187392.0,0.675685504144018,0.6677501451569227,0.00390625,0.5,6400000.0
1.0,512.0,8.0,1.0,1.0,1.0,543.0,32.0,-0.0030632107251067353,-0.0017650185808415486,0.000976562,16384.0,6400000.0
1.0,2.0,2.0,1.0,1.0,1.0,39.0,32.0,-0.0030632107251067353,-0.0017650185808415486,512.0,256.0,6400000.0
1.0,2.0,2.0,1.0,1.0,1.0,39.0,32.0,-0.0030632107251067353,-0.0017650185808415486,1024.0,1.0,6400000.0
1.0,2.0,2.0,1.0,1.0,1.0,39.0,32.0,-0.0030632107251067353,-0.0017650185808415486,64.0,8192.0,6400000.0
1.0,1.0,1.0,1.0,1.0,1.0,35.0,32.0,-0.0030632107251067353,-0.0017650185808415486,16.0,256.0,6400000.0
1.0,512.0,8.0,1.0,1.0,1.0,543.0,32.0,-0.0030632107251067353,-0.0017650185808415486,0.000976562,4096.0,6400000.0
27.0,512.0,8.0,9.0,476.0,366.0,18145.0,55104.0,0.4777812127552883,0.48718538312254733,0.00390625,2.0,6400000.0
16.0,512.0,8.0,3.0,67.0,47.0,3700.0,5472.0,0.28428173420704106,0.29213228260301216,0.00390625,8.0,6400000.0
1.0,2.0,2.0,1.0,1.0,1.0,39.0,32.0,-0.0030632107251067353,-0.0017650185808415486,2048.0,0.00390625,6400000.0
8.0,512.0,8.0,2.0,22.0,16.0,1924.0,1536.0,0.184803559555608,0.19082719424152972,0.00390625,32.0,6400000.0
1.0,2.0,2.0,1.0,1.0,1.0,39.0,32.0,-0.0030632107251067353,-0.0017650185808415486,2048.0,2048.0,6400000.0
100.0,512.0,8.0,9.0,4007.0,3014.0,138599.0,469440.0,0.7529797050839018,0.7583606436081898,0.00195312,0.03125,6400000.0
1.0,2.0,2.0,1.0,1.0,1.0,39.0,32.0,-0.0030632107251067353,-0.0017650185808415486,128.0,32768.0,6400000.0
2.0,2.0,2.0,2.0,6.0,4.0,214.0,384.0,0.07262288558772911,0.07510528703488584,64.0,16.0,6400000.0
1.0,512.0,8.0,1.0,1.0,1.0,543.0,32.0,-0.0030632107251067353,-0.0017650185808415486,0.00390625,128.0,6400000.0
512.0,512.0,8.0,9.0,17304.0,15310.0,645798.0,2384064.0,0.8274560207668661,0.8305644203328042,0.00195312,0.0,6400000.0
27.0,512.0,8.0,9.0,476.0,366.0,18145.0,55104.0,0.4777812127552883,0.48718538312254733,0.00195312,2.0,6400000.0
197.0,512.0,8.0,9.0,7498.0,6009.0,266682.0,936224.0,0.8084815392321167,0.8088025088929355,0.00195312,0.0078125,6400000.0
41.0,512.0,8.0,9.0,1564.0,1204.0,54829.0,187392.0,0.675685504144018,0.6677501451569227,0.00195312,0.5,6400000.0
1.0,2.0,2.0,1.0,1.0,1.0,39.0,32.0,-0.0030632107251067353,-0.0017650185808415486,256.0,128.0,6400000.0
1.0,512.0,8.0,1.0,1.0,1.0,543.0,32.0,-0.0030632107251067353,-0.0017650185808415486,0.00390625,512.0,6400000.0
512.0,512.0,8.0,9.0,17266.0,15368.0,646286.0,2393344.0,0.8252332666763611,0.8299769762066708,0.00195312,0.00195312,6400000.0
51.0,512.0,8.0,9.0,2146.0,1523.0,71364.0,237152.0,0.7042908721591019,0.7061535339286464,0.00195312,0.125,6400000.0
1.0,2.0,2.0,1.0,1.0,1.0,39.0,32.0,-0.0030632107251067353,-0.0017650185808415486,4096.0,8.0,6400000.0
1.0,2.0,2.0,1.0,1.0,1.0,39.0,32.0,-0.0030632107251067353,-0.0017650185808415486,128.0,0.0625,6400000.0
1.0,2.0,2.0,1.0,1.0,1.0,39.0,32.0,-0.0030632107251067353,-0.0017650185808415486,1024.0,1024.0,6400000.0
16.0,512.0,8.0,3.0,67.0,47.0,3700.0,5472.0,0.28428173420704106,0.29213228260301216,0.00195312,8.0,6400000.0
1.0,2.0,2.0,1.0,1.0,1.0,39.0,32.0,-0.0030632107251067353,-0.0017650185808415486,1024.0,0.00195312,6400000.0
8.0,512.0,8.0,2.0,22.0,16.0,1924.0,1536.0,0.184803559555608,0.19082719424152972,0.00195312,32.0,6400000.0
1.0,2.0,2.0,1.0,1.0,1.0,39.0,32.0,-0.0030632107251067353,-0.0017650185808415486,512.0,0.5,6400000.0
1.0,512.0,8.0,1.0,1.0,1.0,543.0,32.0,-0.0030632107251067353,-0.0017650185808415486,0.00390625,2048.0,6400000.0
1.0,512.0,8.0,1.0,1.0,1.0,543.0,32.0,-0.0030632107251067353,-0.0017650185808415486,0.00195312,128.0,6400000.0
1.0,512.0,8.0,1.0,1.0,1.0,543.0,32.0,-0.0030632107251067353,-0.0017650185808415486,0.00390625,8192.0,6400000.0
1.0,512.0,8.0,1.0,1.0,1.0,543.0,32.0,-0.0030632107251067353,-0.0017650185808415486,0.00390625,32768.0,6400000.0
1.0,2.0,2.0,1.0,1.0,1.0,39.0,32.0,-0.0030632107251067353,-0.0017650185808415486,2048.0,4.0,6400000.0
1.0,2.0,2.0,1.0,1.0,1.0,39.0,32.0,-0.0030632107251067353,-0.0017650185808415486,128.0,64.0,6400000.0
1.0,512.0,8.0,1.0,1.0,1.0,543.0,32.0,-0.0030632107251067353,-0.0017650185808415486,0.00195312,512.0,6400000.0
1.0,512.0,8.0,1.0,1.0,1.0,543.0,32.0,-0.0030632107251067353,-0.0017650185808415486,0.00195312,2048.0,6400000.0
308.0,512.0,8.0,9.0,11003.0,9259.0,400831.0,1442016.0,0.8165148724514086,0.8203119750723863,0.0078125,0.00390625,6400000.0
1.0,512.0,8.0,1.0,1.0,1.0,543.0,32.0,-0.0030632107251067353,-0.0017650185808415486,0.00195312,8192.0,6400000.0
159.0,512.0,8.0,9.0,6200.0,4880.0,218457.0,760448.0,0.7961735777729269,0.8024859189845178,0.0078125,0.015625,6400000.0
35.0,512.0,8.0,9.0,1170.0,940.0,41902.0,145920.0,0.6093046697253826,0.6125519678384939,0.0078125,1.0,6400000.0
1.0,2.0,2.0,1.0,1.0,1.0,39.0,32.0,-0.0030632107251067353,-0.0017650185808415486,4096.0,8192.0,6400000.0
43.0,512.0,8.0,9.0,1820.0,1333.0,62019.0,207776.0,0.6850279349113759,0.6951658200982608,0.0078125,0.25,6400000.0
29.0,512.0,8.0,9.0,205.0,156.0,9076.0,21248.0,0.40735776232514465,0.41510468520174093,0.0078125,4.0,6400000.0
65.0,512.0,8.0,9.0,2747.0,1989.0,92896.0,309920.0,0.737781128329591,0.7386522182513137,0.0078125,0.0625,6400000.0
1.0,512.0,8.0,1.0,1.0,1.0,543.0,32.0,-0.0030632107251067353,-0.0017650185808415486,0.00195312,32768.0,6400000.0
11.0,512.0,8.0,3.0,35.0,26.0,2559.0,2752.0,0.23801654357424562,0.2440154241847443,0.0078125,16.0,6400000.0
512.0,512.0,8.0,9.0,17358.0,15409.0,649062.0,2399904.0,0.8249023607695983,0.8327602953741712,0.0078125,0.000976562,6400000.0
1.0,2.0,2.0,1.0,1.0,1.0,39.0,32.0,-0.0030632107251067353,-0.0017650185808415486,4096.0,0.015625,6400000.0
159.0,512.0,8.0,9.0,6200.0,4880.0,218457.0,760448.0,0.7961735777729269,0.8024859189845178,0.00390625,0.015625,6400000.0
43.0,512.0,8.0,9.0,1820.0,1333.0,62019.0,207776.0,0.6850279349113759,0.6951658200982608,0.00390625,0.25,6400000.0
1.0,2.0,2.0,1.0,1.0,1.0,39.0,32.0,-0.0030632107251067353,-0.0017650185808415486,256.0,0.25,6400000.0
1.0,2.0,2.0,1.0,1.0,1.0,39.0,32.0,-0.0030632107251067353,-0.0017650185808415486,512.0,0.000976562,6400000.0
65.0,512.0,8.0,9.0,2747.0,1989.0,92896.0,309920.0,0.737781128329591,0.7386522182513137,0.00390625,0.0625,6400000.0
308.0,512.0,8.0,9.0,11003.0,9259.0,400831.0,1442016.0,0.8165148724514086,0.8203119750723863,0.00390625,0.00390625,6400000.0
512.0,512.0,8.0,9.0,17358.0,15409.0,649062.0,2399904.0,0.8249023607695983,0.8327602953741712,0.00390625,0.000976562,6400000.0
3.0,512.0,8.0,2.0,9.0,6.0,1295.0,576.0,0.10115259004895938,0.10346957106453547,0.0078125,64.0,6400000.0
35.0,512.0,8.0,9.0,1170.0,940.0,41902.0,145920.0,0.6093046697253826,0.6125519678384939,0.00390625,1.0,6400000.0
1.0,2.0,2.0,1.0,1.0,1.0,39.0,32.0,-0.0030632107251067353,-0.0017650185808415486,1024.0,2.0,6400000.0
1.0,2.0,2.0,1.0,1.0,1.0,39.0,32.0,-0.0030632107251067353,-0.0017650185808415486,64.0,16384.0,6400000.0
1.0,2.0,2.0,1.0,1.0,1.0,39.0,32.0,-0.0030632107251067353,-0.0017650185808415486,512.0,512.0,6400000.0
1.0,1.0,1.0,1.0,1.0,1.0,35.0,32.0,-0.0030632107251067353,-0.0017650185808415486,16.0,512.0,6400000.0
1.0,512.0,8.0,1.0,1.0,1.0,543.0,32.0,-0.0030632107251067353,-0.0017650185808415486,0.0078125,1024.0,6400000.0
29.0,512.0,8.0,9.0,205.0,156.0,9076.0,21248.0,0.40735776232514465,0.41510468520174093,0.00390625,4.0,6400000.0
11.0,512.0,8.0,3.0,35.0,26.0,2559.0,2752.0,0.23801654357424562,0.2440154241847443,0.00390625,16.0,6400000.0
3.0,512.0,8.0,2.0,9.0,6.0,1295.0,576.0,0.10115259004895938,0.10346957106453547,0.00390625,64.0,6400000.0
1.0,512.0,8.0,1.0,1.0,1.0,543.0,32.0,-0.0030632107251067353,-0.0017650185808415486,0.0078125,256.0,6400000.0
1.0,2.0,2.0,1.0,1.0,1.0,39.0,32.0,-0.0030632107251067353,-0.0017650185808415486,2048.0,0.0078125,6400000.0
1.0,2.0,2.0,1.0,1.0,1.0,39.0,32.0,-0.0030632107251067353,-0.0017650185808415486,256.0,0.0,6400000.0
1.0,2.0,2.0,1.0,1.0,1.0,39.0,32.0,-0.0030632107251067353,-0.0017650185808415486,2048.0,4096.0,6400000.0
1.0,512.0,8.0,1.0,1.0,1.0,543.0,32.0,-0.0030632107251067353,-0.0017650185808415486,0.00390625,256.0,6400000.0
1.0,512.0,8.0,1.0,1.0,1.0,543.0,32.0,-0.0030632107251067353,-0.0017650185808415486,0.0078125,16384.0,6400000.0
1.0,512.0,8.0,1.0,1.0,1.0,543.0,32.0,-0.0030632107251067353,-0.0017650185808415486,0.00390625,1024.0,6400000.0
1.0,2.0,2.0,1.0,1.0,1.0,39.0,32.0,-0.0030632107251067353,-0.0017650185808415486,256.0,256.0,6400000.0
1.0,512.0,8.0,1.0,1.0,1.0,543.0,32.0,-0.0030632107251067353,-0.0017650185808415486,0.0078125,4096.0,6400000.0
100.0,512.0,8.0,9.0,4007.0,3014.0,138599.0,469440.0,0.7529797050839018,0.7583606436081898,0.015625,0.03125,6400000.0
1.0,2.0,2.0,1.0,1.0,1.0,39.0,32.0,-0.0030632107251067353,-0.0017650185808415486,4096.0,16.0,6400000.0
1.0,2.0,2.0,1.0,1.0,1.0,39.0,32.0,-0.0030632107251067353,-0.0017650185808415486,8192.0,0.0625,6400000.0
1.0,1.0,1.0,1.0,1.0,1.0,35.0,32.0,-0.0030632107251067353,-0.0017650185808415486,16.0,16384.0,6400000.0
1.0,2.0,2.0,1.0,1.0,1.0,39.0,32.0,-0.0030632107251067353,-0.0017650185808415486,128.0,0.125,6400000.0
197.0,512.0,8.0,9.0,7498.0,6009.0,266682.0,936224.0,0.8084815392321167,0.8088025088929355,0.015625,0.0078125,6400000.0
1.0,2.0,2.0,1.0,1.0,1.0,39.0,32.0,-0.0030632107251067353,-0.0017650185808415486,1024.0,2048.0,6400000.0
512.0,512.0,8.0,9.0,17304.0,15310.0,645798.0,2384064.0,0.8274560207668661,0.8305644203328042,0.015625,0.0,6400000.0
1.0,2.0,2.0,1.0,1.0,1.0,39.0,32.0,-0.0030632107251067353,-0.0017650185808415486,1024.0,0.00390625,6400000.0
512.0,512.0,8.0,9.0,17266.0,15368.0,646286.0,2393344.0,0.8252332666763611,0.8299769762066708,0.015625,0.00195312,6400000.0
51.0,512.0,8.0,9.0,2146.0,1523.0,71364.0,237152.0,0.7042908721591019,0.7061535339286464,0.015625,0.125,6400000.0
41.0,512.0,8.0,9.0,1564.0,1204.0,54829.0,187392.0,0.675685504144018,0.6677501451569227,0.015625,0.5,6400000.0
1.0,2.0,2.0,1.0,1.0,1.0,39.0,32.0,-0.0030632107251067353,-0.0017650185808415486,512.0,1.0,6400000.0
34.0,512.0,8.0,9.0,461.0,362.0,17539.0,53568.0,0.4871949573852562,0.49102114603945524,0.015625,2.0,6400000.0
1.0,512.0,8.0,1.0,1.0,1.0,543.0,32.0,-0.0030632107251067353,-0.0017650185808415486,0.00390625,4096.0,6400000.0
1.0,2.0,2.0,1.0,1.0,1.0,39.0,32.0,-0.0030632107251067353,-0.0017650185808415486,128.0,128.0,6400000.0
1.0,512.0,8.0,1.0,1.0,1.0,543.0,32.0,-0.0030632107251067353,-0.0017650185808415486,0.00390625,16384.0,6400000.0
1.0,2.0,2.0,1.0,1.0,1.0,39.0,32.0,-0.0030632107251067353,-0.0017650185808415486,2048.0,8.0,6400000.0
512.0,512.0,8.0,9.0,17304.0,15310.0,645798.0,2384064.0,0.8274560207668661,0.8305644203328042,0.0078125,0.0,6400000.0
197.0,512.0,8.0,9.0,7498.0,6009.0,266682.0,936224.0,0.8084815392321167,0.8088025088929355,0.0078125,0.0078125,6400000.0
100.0,512.0,8.0,9.0,4007.0,3014.0,138599.0,469440.0,0.7529797050839018,0.7583606436081898,0.0078125,0.03125,6400000.0
16.0,512.0,8.0,3.0,67.0,47.0,3700.0,5472.0,0.28428173420704106,0.29213228260301216,0.0078125,8.0,6400000.0
16.0,512.0,8.0,3.0,67.0,47.0,3700.0,5472.0,0.28428173420704106,0.29213228260301216,0.015625,8.0,6400000.0
8.0,512.0,8.0,2.0,22.0,16.0,1924.0,1536.0,0.184803559555608,0.19082719424152972,0.015625,32.0,6400000.0
34.0,512.0,8.0,9.0,461.0,362.0,17539.0,53568.0,0.4871949573852562,0.49102114603945524,0.0078125,2.0,6400000.0
51.0,512.0,8.0,9.0,2146.0,1523.0,71364.0,237152.0,0.7042908721591019,0.7061535339286464,0.0078125,0.125,6400000.0
1.0,512.0,8.0,1.0,1.0,1.0,543.0,32.0,-0.0030632107251067353,-0.0017650185808415486,0.015625,128.0,6400000.0
41.0,512.0,8.0,9.0,1564.0,1204.0,54829.0,187392.0,0.675685504144018,0.6677501451569227,0.0078125,0.5,6400000.0
1.0,2.0,2.0,1.0,1.0,1.0,39.0,32.0,-0.0030632107251067353,-0.0017650185808415486,4096.0,16384.0,6400000.0
8.0,512.0,8.0,2.0,22.0,16.0,1924.0,1536.0,0.184803559555608,0.19082719424152972,0.0078125,32.0,6400000.0
1.0,512.0,8.0,1.0,1.0,1.0,543.0,32.0,-0.0030632107251067353,-0.0017650185808415486,0.015625,512.0,6400000.0
1.0,2.0,2.0,1.0,1.0,1.0,39.0,32.0,-0.0030632107251067353,-0.0017650185808415486,4096.0,0.03125,6400000.0
1.0,2.0,2.0,1.0,1.0,1.0,39.0,32.0,-0.0030632107251067353,-0.0017650185808415486,512.0,0.00195312,6400000.0
1.0,2.0,2.0,1.0,1.0,1.0,39.0,32.0,-0.0030632107251067353,-0.0017650185808415486,256.0,0.5,6400000.0
1.0,512.0,8.0,1.0,1.0,1.0,543.0,32.0,-0.0030632107251067353,-0.0017650185808415486,0.015625,32768.0,6400000.0
1.0,512.0,8.0,1.0,1.0,1.0,543.0,32.0,-0.0030632107251067353,-0.0017650185808415486,0.015625,8192.0,6400000.0
1.0,512.0,8.0,1.0,1.0,1.0,543.0,32.0,-0.0030632107251067353,-0.0017650185808415486,0.015625,2048.0,6400000.0
1.0,512.0,8.0,1.0,1.0,1.0,543.0,32.0,-0.0030632107251067353,-0.0017650185808415486,0.0078125,128.0,6400000.0
512.0,512.0,8.0,9.0,17266.0,15368.0,646286.0,2393344.0,0.8252332666763611,0.8299769762066708,0.0078125,0.00195312,6400000.0
1.0,2.0,2.0,1.0,1.0,1.0,39.0,32.0,-0.0030632107251067353,-0.0017650185808415486,8192.0,64.0,6400000.0
1.0,2.0,2.0,1.0,1.0,1.0,39.0,32.0,-0.0030632107251067353,-0.0017650185808415486,1024.0,4.0,6400000.0
1.0,2.0,2.0,1.0,1.0,1.0,39.0,32.0,-0.0030632107251067353,-0.0017650185808415486,512.0,1024.0,6400000.0
1.0,512.0,8.0,1.0,1.0,1.0,543.0,32.0,-0.0030632107251067353,-0.0017650185808415486,0.0078125,2048.0,6400000.0
1.0,1.0,1.0,1.0,1.0,1.0,35.0,32.0,-0.0030632107251067353,-0.0017650185808415486,16.0,1024.0,6400000.0
512.0,512.0,8.0,9.0,17358.0,15409.0,649062.0,2399904.0,0.8249023607695983,0.8327602953741712,0.03125,0.000976562,6400000.0
159.0,512.0,8.0,9.0,6200.0,4880.0,218457.0,760448.0,0.7961735777729269,0.8024859189845178,0.03125,0.015625,6400000.0
65.0,512.0,8.0,9.0,2747.0,1989.0,92896.0,309920.0,0.737781128329591,0.7386522182513137,0.03125,0.0625,6400000.0
308.0,512.0,8.0,9.0,11003.0,9259.0,400831.0,1442016.0,0.8165148724514086,0.8203119750723863,0.03125,0.00390625,6400000.0
1.0,512.0,8.0,1.0,1.0,1.0,543.0,32.0,-0.0030632107251067353,-0.0017650185808415486,0.0078125,512.0,6400000.0
43.0,512.0,8.0,9.0,1820.0,1333.0,62019.0,207776.0,0.6850279349113759,0.6951658200982608,0.03125,0.25,6400000.0
1.0,2.0,2.0,1.0,1.0,1.0,39.0,32.0,-0.0030632107251067353,-0.0017650185808415486,256.0,0.000976562,6400000.0
30.0,512.0,8.0,9.0,1041.0,826.0,37179.0,128320.0,0.5615679503947415,0.5680515837886942,0.03125,1.0,6400000.0
1.0,2.0,2.0,1.0,1.0,1.0,39.0,32.0,-0.0030632107251067353,-0.0017650185808415486,2048.0,0.015625,6400000.0
1.0,2.0,2.0,1.0,1.0,1.0,39.0,32.0,-0.0030632107251067353,-0.0017650185808415486,2048.0,8192.0,6400000.0
1.0,2.0,2.0,1.0,1.0,1.0,39.0,32.0,-0.0030632107251067353,-0.0017650185808415486,256.0,512.0,6400000.0
1.0,512.0,8.0,1.0,1.0,1.0,543.0,32.0,-0.0030632107251067353,-0.0017650185808415486,0.0078125,32768.0,6400000.0
65.0,512.0,8.0,9.0,2747.0,1989.0,92896.0,309920.0,0.737781128329591,0.7386522182513137,0.015625,0.0625,6400000.0
1.0,512.0,8.0,1.0,1.0,1.0,543.0,32.0,-0.0030632107251067353,-0.0017650185808415486,0.0078125,8192.0,6400000.0
1.0,2.0,2.0,1.0,1.0,1.0,39.0,32.0,-0.0030632107251067353,-0.0017650185808415486,8192.0,0.125,6400000.0
29.0,512.0,8.0,9.0,205.0,156.0,9076.0,21248.0,0.40735776232514465,0.41510468520174093,0.03125,4.0,6400000.0
1.0,2.0,2.0,1.0,1.0,1.0,39.0,32.0,-0.0030632107251067353,-0.0017650185808415486,1024.0,0.0078125,6400000.0
1.0,2.0,2.0,1.0,1.0,1.0,39.0,32.0,-0.0030632107251067353,-0.0017650185808415486,4096.0,32.0,6400000.0
11.0,512.0,8.0,3.0,35.0,26.0,2559.0,2752.0,0.23801654357424562,0.2440154241847443,0.03125,16.0,6400000.0
1.0,1.0,1.0,1.0,1.0,1.0,35.0,32.0,-0.0030632107251067353,-0.0017650185808415486,16.0,32768.0,6400000.0
159.0,512.0,8.0,9.0,6200.0,4880.0,218457.0,760448.0,0.7961735777729269,0.8024859189845178,0.015625,0.015625,6400000.0
1.0,2.0,2.0,1.0,1.0,1.0,39.0,32.0,-0.0030632107251067353,-0.0017650185808415486,1024.0,4096.0,6400000.0
35.0,512.0,8.0,9.0,1170.0,940.0,41902.0,145920.0,0.6093046697253826,0.6125519678384939,0.015625,1.0,6400000.0
3.0,512.0,8.0,2.0,9.0,6.0,1295.0,576.0,0.10115259004895938,0.10346957106453547,0.03125,64.0,6400000.0
512.0,512.0,8.0,9.0,17358.0,15409.0,649062.0,2399904.0,0.8249023607695983,0.8327602953741712,0.015625,0.000976562,6400000.0
308.0,512.0,8.0,9.0,11003.0,9259.0,400831.0,1442016.0,0.8165148724514086,0.8203119750723863,0.015625,0.00390625,6400000.0
43.0,512.0,8.0,9.0,1820.0,1333.0,62019.0,207776.0,0.6850279349113759,0.6951658200982608,0.015625,0.25,6400000.0
1.0,2.0,2.0,1.0,1.0,1.0,39.0,32.0,-0.0030632107251067353,-0.0017650185808415486,512.0,2.0,6400000.0
29.0,512.0,8.0,9.0,205.0,156.0,9076.0,21248.0,0.40735776232514465,0.41510468520174093,0.015625,4.0,6400000.0
1.0,2.0,2.0,1.0,1.0,1.0,39.0,32.0,-0.0030632107251067353,-0.0017650185808415486,16384.0,0.0,6400000.0
1.0,2.0,2.0,1.0,1.0,1.0,39.0,32.0,-0.0030632107251067353,-0.0017650185808415486,2048.0,16.0,6400000.0
1.0,512.0,8.0,1.0,1.0,1.0,543.0,32.0,-0.0030632107251067353,-0.0017650185808415486,0.03125,256.0,6400000.0
1.0,512.0,8.0,1.0,1.0,1.0,543.0,32.0,-0.0030632107251067353,-0.0017650185808415486,0.03125,4096.0,6400000.0
1.0,512.0,8.0,1.0,1.0,1.0,543.0,32.0,-0.0030632107251067353,-0.0017650185808415486,0.03125,1024.0,6400000.0
11.0,512.0,8.0,3.0,35.0,26.0,2559.0,2752.0,0.23801654357424562,0.2440154241847443,0.015625,16.0,6400000.0
3.0,512.0,8.0,2.0,9.0,6.0,1295.0,576.0,0.10115259004895938,0.10346957106453547,0.015625,64.0,6400000.0
1.0,512.0,8.0,1.0,1.0,1.0,543.0,32.0,-0.0030632107251067353,-0.0017650185808415486,0.03125,16384.0,6400000.0
1.0,2.0,2.0,1.0,1.0,1.0,39.0,32.0,-0.0030632107251067353,-0.0017650185808415486,4096.0,32768.0,6400000.0
1.0,512.0,8.0,1.0,1.0,1.0,543.0,32.0,-0.0030632107251067353,-0.0017650185808415486,0.015625,256.0,6400000.0
1.0,512.0,8.0,1.0,1.0,1.0,543.0,32.0,-0.0030632107251067353,-0.0017650185808415486,0.015625,1024.0,6400000.0
100.0,512.0,8.0,9.0,4007.0,3014.0,138599.0,469440.0,0.7529797050839018,0.7583606436081898,0.0625,0.03125,6400000.0
197.0,512.0,8.0,9.0,7498.0,6009.0,266682.0,936224.0,0.8084815392321167,0.8088025088929355,0.0625,0.0078125,6400000.0
1.0,2.0,2.0,1.0,1.0,1.0,39.0,32.0,-0.0030632107251067353,-0.0017650185808415486,4096.0,0.0625,6400000.0
41.0,512.0,8.0,9.0,1564.0,1204.0,54829.0,187392.0,0.675685504144018,0.6677501451569227,0.0625,0.5,6400000.0
51.0,512.0,8.0,9.0,2146.0,1523.0,71364.0,237152.0,0.7042908721591019,0.7061535339286464,0.0625,0.125,6400000.0
1.0,2.0,2.0,1.0,1.0,1.0,39.0,32.0,-0.0030632107251067353,-0.0017650185808415486,512.0,0.00390625,6400000.0
512.0,512.0,8.0,9.0,17304.0,15310.0,645798.0,2384064.0,0.8274560207668661,0.8305644203328042,0.0625,0.0,6400000.0
512.0,512.0,8.0,9.0,17266.0,15368.0,646286.0,2393344.0,0.8252332666763611,0.8299769762066708,0.0625,0.00195312,6400000.0
1.0,2.0,2.0,1.0,1.0,1.0,39.0,32.0,-0.0030632107251067353,-0.0017650185808415486,256.0,1.0,6400000.0
1.0,512.0,8.0,1.0,1.0,1.0,543.0,32.0,-0.0030632107251067353,-0.0017650185808415486,0.015625,16384.0,6400000.0
1.0,2.0,2.0,1.0,1.0,1.0,39.0,32.0,-0.0030632107251067353,-0.0017650185808415486,1024.0,8.0,6400000.0
1.0,2.0,2.0,1.0,1.0,1.0,39.0,32.0,-0.0030632107251067353,-0.0017650185808415486,8192.0,128.0,6400000.0
1.0,512.0,8.0,1.0,1.0,1.0,543.0,32.0,-0.0030632107251067353,-0.0017650185808415486,0.015625,4096.0,6400000.0
512.0,512.0,8.0,9.0,17304.0,15310.0,645798.0,2384064.0,0.8274560207668661,0.8305644203328042,0.03125,0.0,6400000.0
34.0,512.0,8.0,9.0,461.0,362.0,17539.0,53568.0,0.4871949573852562,0.49102114603945524,0.0625,2.0,6400000.0
1.0,2.0,2.0,1.0,1.0,1.0,39.0,32.0,-0.0030632107251067353,-0.0017650185808415486,16384.0,0.5,6400000.0
1.0,2.0,2.0,1.0,1.0,1.0,39.0,32.0,-0.0030632107251067353,-0.0017650185808415486,512.0,2048.0,6400000.0
16.0,512.0,8.0,3.0,67.0,47.0,3700.0,5472.0,0.28428173420704106,0.29213228260301216,0.0625,8.0,6400000.0
1.0,1.0,1.0,1.0,1.0,1.0,35.0,32.0,-0.0030632107251067353,-0.0017650185808415486,16.0,2048.0,6400000.0
51.0,512.0,8.0,9.0,2146.0,1523.0,71364.0,237152.0,0.7042908721591019,0.7061535339286464,0.03125,0.125,6400000.0
34.0,512.0,8.0,9.0,461.0,362.0,17539.0,53568.0,0.4871949573852562,0.49102114603945524,0.03125,2.0,6400000.0
100.0,512.0,8.0,9.0,4007.0,3014.0,138599.0,469440.0,0.7529797050839018,0.7583606436081898,0.03125,0.03125,6400000.0
1.0,2.0,2.0,1.0,1.0,1.0,39.0,32.0,-0.0030632107251067353,-0.0017650185808415486,2048.0,0.03125,6400000.0
512.0,512.0,8.0,9.0,17266.0,15368.0,646286.0,2393344.0,0.8252332666763611,0.8299769762066708,0.03125,0.00195312,6400000.0
197.0,512.0,8.0,9.0,7498.0,6009.0,266682.0,936224.0,0.8084815392321167,0.8088025088929355,0.03125,0.0078125,6400000.0
41.0,512.0,8.0,9.0,1564.0,1204.0,54829.0,187392.0,0.675685504144018,0.6677501451569227,0.03125,0.5,6400000.0
1.0,512.0,8.0,1.0,1.0,1.0,543.0,32.0,-0.0030632107251067353,-0.0017650185808415486,0.0625,128.0,6400000.0
1.0,2.0,2.0,1.0,1.0,1.0,39.0,32.0,-0.0030632107251067353,-0.0017650185808415486,2048.0,16384.0,6400000.0
8.0,512.0,8.0,2.0,22.0,16.0,1924.0,1536.0,0.184803559555608,0.19082719424152972,0.0625,32.0,6400000.0
1.0,2.0,2.0,1.0,1.0,1.0,39.0,32.0,-0.0030632107251067353,-0.0017650185808415486,8192.0,0.25,6400000.0
1.0,2.0,2.0,1.0,1.0,1.0,39.0,32.0,-0.0030632107251067353,-0.0017650185808415486,256.0,1024.0,6400000.0
1.0,512.0,8.0,1.0,1.0,1.0,543.0,32.0,-0.0030632107251067353,-0.0017650185808415486,0.0625,512.0,6400000.0
1.0,2.0,2.0,1.0,1.0,1.0,39.0,32.0,-0.0030632107251067353,-0.0017650185808415486,1024.0,0.015625,6400000.0
1.0,512.0,8.0,1.0,1.0,1.0,543.0,32.0,-0.0030632107251067353,-0.0017650185808415486,0.0625,8192.0,6400000.0
1.0,512.0,8.0,1.0,1.0,1.0,543.0,32.0,-0.0030632107251067353,-0.0017650185808415486,0.0625,2048.0,6400000.0
1.0,2.0,2.0,1.0,1.0,1.0,39.0,32.0,-0.0030632107251067353,-0.0017650185808415486,1024.0,8192.0,6400000.0
8.0,512.0,8.0,2.0,22.0,16.0,1924.0,1536.0,0.184803559555608,0.19082719424152972,0.03125,32.0,6400000.0
1.0,1.0,1.0,2.0,3.0,2.0,108.0,192.0,0.03911015413878083,0.040912063041146696,32.0,0.0,6400000.0
16.0,512.0,8.0,3.0,67.0,47.0,3700.0,5472.0,0.28428173420704106,0.29213228260301216,0.03125,8.0,6400000.0
1.0,2.0,2.0,1.0,1.0,1.0,39.0,32.0,-0.0030632107251067353,-0.0017650185808415486,4096.0,64.0,6400000.0
1.0,512.0,8.0,1.0,1.0,1.0,543.0,32.0,-0.0030632107251067353,-0.0017650185808415486,0.03125,128.0,6400000.0
1.0,512.0,8.0,1.0,1.0,1.0,543.0,32.0,-0.0030632107251067353,-0.0017650185808415486,0.0625,32768.0,6400000.0
1.0,2.0,2.0,1.0,1.0,1.0,39.0,32.0,-0.0030632107251067353,-0.0017650185808415486,16384.0,512.0,6400000.0
1.0,2.0,2.0,1.0,1.0,1.0,39.0,32.0,-0.0030632107251067353,-0.0017650185808415486,512.0,4.0,6400000.0
1.0,512.0,8.0,1.0,1.0,1.0,543.0,32.0,-0.0030632107251067353,-0.0017650185808415486,0.03125,8192.0,6400000.0
177.0,512.0,8.0,9.0,6696.0,5379.0,238495.0,837984.0,0.7975097701860764,0.800709382282929,0.125,0.015625,6400000.0
512.0,512.0,8.0,9.0,17386.0,15430.0,649754.0,2403264.0,0.8259307535160229,0.8266001175588187,0.125,0.000976562,6400000.0
295.0,512.0,8.0,9.0,10659.0,8958.0,388139.0,1395520.0,0.8208563369528121,0.8191595796035255,0.125,0.00390625,6400000.0
1.0,2.0,2.0,1.0,1.0,1.0,39.0,32.0,-0.0030632107251067353,-0.0017650185808415486,2048.0,32.0,6400000.0
1.0,512.0,8.0,1.0,1.0,1.0,543.0,32.0,-0.0030632107251067353,-0.0017650185808415486,0.03125,512.0,6400000.0
1.0,512.0,8.0,1.0,1.0,1.0,543.0,32.0,-0.0030632107251067353,-0.0017650185808415486,0.03125,2048.0,6400000.0
1.0,2.0,2.0,1.0,1.0,1.0,39.0,32.0,-0.0030632107251067353,-0.0017650185808415486,16384.0,0.000976562,6400000.0
72.0,512.0,8.0,9.0,2943.0,2166.0,100239.0,337344.0,0.7427629906807984,0.7448814976915925,0.125,0.0625,6400000.0
43.0,512.0,8.0,9.0,1804.0,1333.0,61559.0,207776.0,0.6898004507178896,0.6900562968219308,0.125,0.25,6400000.0
1.0,512.0,8.0,1.0,1.0,1.0,543.0,32.0,-0.0030632107251067353,-0.0017650185808415486,0.03125,32768.0,6400000.0
30.0,512.0,8.0,9.0,1041.0,826.0,37179.0,128320.0,0.5615679503947415,0.5680515837886942,0.125,1.0,6400000.0
1.0,2.0,2.0,1.0,1.0,1.0,39.0,32.0,-0.0030632107251067353,-0.0017650185808415486,512.0,0.0078125,6400000.0
1.0,2.0,2.0,1.0,1.0,1.0,39.0,32.0,-0.0030632107251067353,-0.0017650185808415486,8192.0,0.0,6400000.0
1.0,2.0,2.0,1.0,1.0,1.0,39.0,32.0,-0.0030632107251067353,-0.0017650185808415486,4096.0,0.125,6400000.0
29.0,512.0,8.0,9.0,205.0,156.0,9076.0,21248.0,0.40735776232514465,0.41510468520174093,0.125,4.0,6400000.0
43.0,512.0,8.0,9.0,1820.0,1333.0,62019.0,207776.0,0.6850279349113759,0.6951658200982608,0.0625,0.25,6400000.0
65.0,512.0,8.0,9.0,2747.0,1989.0,92896.0,309920.0,0.737781128329591,0.7386522182513137,0.0625,0.0625,6400000.0
30.0,512.0,8.0,9.0,1041.0,826.0,37179.0,128320.0,0.5615679503947415,0.5680515837886942,0.0625,1.0,6400000.0
11.0,512.0,8.0,3.0,35.0,26.0,2559.0,2752.0,0.23801654357424562,0.2440154241847443,0.125,16.0,6400000.0
159.0,512.0,8.0,9.0,6200.0,4880.0,218457.0,760448.0,0.7961735777729269,0.8024859189845178,0.0625,0.015625,6400000.0
308.0,512.0,8.0,9.0,11003.0,9259.0,400831.0,1442016.0,0.8165148724514086,0.8203119750723863,0.0625,0.00390625,6400000.0
1.0,2.0,2.0,1.0,1.0,1.0,39.0,32.0,-0.0030632107251067353,-0.0017650185808415486,1024.0,16.0,6400000.0
1.0,512.0,8.0,1.0,1.0,1.0,543.0,32.0,-0.0030632107251067353,-0.0017650185808415486,0.125,256.0,6400000.0
3.0,512.0,8.0,2.0,9.0,6.0,1295.0,576.0,0.10115259004895938,0.10346957106453547,0.125,64.0,6400000.0
29.0,512.0,8.0,9.0,205.0,156.0,9076.0,21248.0,0.40735776232514465,0.41510468520174093,0.0625,4.0,6400000.0
1.0,512.0,8.0,1.0,1.0,1.0,543.0,32.0,-0.0030632107251067353,-0.0017650185808415486,0.125,1024.0,6400000.0
1.0,2.0,2.0,1.0,1.0,1.0,39.0,32.0,-0.0030632107251067353,-0.0017650185808415486,16384.0,1.0,6400000.0
1.0,2.0,2.0,1.0,1.0,1.0,39.0,32.0,-0.0030632107251067353,-0.0017650185808415486,8192.0,256.0,6400000.0
512.0,512.0,8.0,9.0,17358.0,15409.0,649062.0,2399904.0,0.8249023607695983,0.8327602953741712,0.0625,0.000976562,6400000.0
1.0,2.0,2.0,1.0,1.0,1.0,39.0,32.0,-0.0030632107251067353,-0.0017650185808415486,512.0,4096.0,6400000.0
1.0,1.0,1.0,1.0,1.0,1.0,35.0,32.0,-0.0030632107251067353,-0.0017650185808415486,16.0,4096.0,6400000.0
11.0,512.0,8.0,3.0,35.0,26.0,2559.0,2752.0,0.23801654357424562,0.2440154241847443,0.0625,16.0,6400000.0
1.0,512.0,8.0,1.0,1.0,1.0,543.0,32.0,-0.0030632107251067353,-0.0017650185808415486,0.125,4096.0,6400000.0
1.0,2.0,2.0,1.0,1.0,1.0,39.0,32.0,-0.0030632107251067353,-0.0017650185808415486,2048.0,0.0625,6400000.0
1.0,512.0,8.0,1.0,1.0,1.0,543.0,32.0,-0.0030632107251067353,-0.0017650185808415486,0.0625,256.0,6400000.0
1.0,512.0,8.0,1.0,1.0,1.0,543.0,32.0,-0.0030632107251067353,-0.0017650185808415486,0.125,16384.0,6400000.0
1.0,2.0,2.0,1.0,1.0,1.0,39.0,32.0,-0.0030632107251067353,-0.0017650185808415486,2048.0,32768.0,6400000.0
1.0,2.0,2.0,1.0,1.0,1.0,39.0,32.0,-0.0030632107251067353,-0.0017650185808415486,32768.0,0.00390625,6400000.0
166.0,512.0,8.0,9.0,6457.0,5027.0,226368.0,783072.0,0.7950779410687009,0.7931225301039775,0.25,0.0078125,6400000.0
3.0,512.0,8.0,2.0,9.0,6.0,1295.0,576.0,0.10115259004895938,0.10346957106453547,0.0625,64.0,6400000.0
512.0,512.0,8.0,9.0,17284.0,15374.0,646631.0,2394304.0,0.8248136736363352,0.8262436073745997,0.25,0.00195312,6400000.0
1.0,512.0,8.0,1.0,1.0,1.0,543.0,32.0,-0.0030632107251067353,-0.0017650185808415486,0.0625,16384.0,6400000.0
512.0,512.0,8.0,9.0,17306.0,15316.0,645848.0,2385024.0,0.8256918714879931,0.8246819698807442,0.25,0.0,6400000.0
1.0,512.0,8.0,1.0,1.0,1.0,543.0,32.0,-0.0030632107251067353,-0.0017650185808415486,0.0625,1024.0,6400000.0
1.0,2.0,2.0,1.0,1.0,1.0,39.0,32.0,-0.0030632107251067353,-0.0017650185808415486,8192.0,0.5,6400000.0
1.0,2.0,2.0,1.0,1.0,1.0,39.0,32.0,-0.0030632107251067353,-0.0017650185808415486,1024.0,0.03125,6400000.0
61.0,512.0,8.0,9.0,2460.0,1832.0,84123.0,285312.0,0.7151762692251282,0.7220700658776642,0.25,0.125,6400000.0
106.0,512.0,8.0,9.0,4139.0,3123.0,143026.0,486112.0,0.7686952849652512,0.7706918130792335,0.25,0.03125,6400000.0
1.0,2.0,2.0,1.0,1.0,1.0,39.0,32.0,-0.0030632107251067353,-0.0017650185808415486,1024.0,16384.0,6400000.0
1.0,512.0,8.0,1.0,1.0,1.0,543.0,32.0,-0.0030632107251067353,-0.0017650185808415486,0.0625,4096.0,6400000.0
1.0,2.0,2.0,1.0,1.0,1.0,39.0,32.0,-0.0030632107251067353,-0.0017650185808415486,4096.0,128.0,6400000.0
1.0,1.0,1.0,2.0,3.0,2.0,108.0,192.0,0.03911015413878083,0.040912063041146696,32.0,0.000976562,6400000.0
33.0,512.0,8.0,9.0,477.0,373.0,18022.0,55456.0,0.48648237678754125,0.4966086889837822,0.25,2.0,6400000.0
36.0,512.0,8.0,9.0,1401.0,1071.0,48791.0,166752.0,0.6178131966842346,0.6287000451115454,0.25,0.5,6400000.0
16.0,512.0,8.0,3.0,67.0,47.0,3700.0,5472.0,0.28428173420704106,0.29213228260301216,0.25,8.0,6400000.0
1.0,2.0,2.0,1.0,1.0,1.0,39.0,32.0,-0.0030632107251067353,-0.0017650185808415486,16384.0,1024.0,6400000.0
512.0,512.0,8.0,9.0,17306.0,15316.0,645848.0,2385024.0,0.8256918714879931,0.8246819698807442,0.125,0.0,6400000.0
1.0,2.0,2.0,1.0,1.0,1.0,39.0,32.0,-0.0030632107251067353,-0.0017650185808415486,2048.0,64.0,6400000.0
1.0,2.0,2.0,1.0,1.0,1.0,39.0,32.0,-0.0030632107251067353,-0.0017650185808415486,512.0,8.0,6400000.0
106.0,512.0,8.0,9.0,4139.0,3123.0,143026.0,486112.0,0.7686952849652512,0.7706918130792335,0.125,0.03125,6400000.0
8.0,512.0,8.0,2.0,22.0,16.0,1924.0,1536.0,0.184803559555608,0.19082719424152972,0.25,32.0,6400000.0
166.0,512.0,8.0,9.0,6457.0,5027.0,226368.0,783072.0,0.7950779410687009,0.7931225301039775,0.125,0.0078125,6400000.0
61.0,512.0,8.0,9.0,2460.0,1832.0,84123.0,285312.0,0.7151762692251282,0.7220700658776642,0.125,0.125,6400000.0
1.0,2.0,2.0,1.0,1.0,1.0,39.0,32.0,-0.0030632107251067353,-0.0017650185808415486,32768.0,4.0,6400000.0
1.0,2.0,2.0,1.0,1.0,1.0,39.0,32.0,-0.0030632107251067353,-0.0017650185808415486,16384.0,0.00195312,6400000.0
512.0,512.0,8.0,9.0,17284.0,15374.0,646631.0,2394304.0,0.8248136736363352,0.8262436073745997,0.125,0.00195312,6400000.0
1.0,512.0,8.0,1.0,1.0,1.0,543.0,32.0,-0.0030632107251067353,-0.0017650185808415486,0.25,128.0,6400000.0
36.0,512.0,8.0,9.0,1401.0,1071.0,48791.0,166752.0,0.6178131966842346,0.6287000451115454,0.125,0.5,6400000.0
27.0,512.0,8.0,9.0,487.0,378.0,18378.0,57024.0,0.48755456345803316,0.5011776158323638,0.125,2.0,6400000.0
1.0,2.0,2.0,1.0,1.0,1.0,39.0,32.0,-0.0030632107251067353,-0.0017650185808415486,4096.0,0.25,6400000.0
1.0,2.0,2.0,1.0,1.0,1.0,39.0,32.0,-0.0030632107251067353,-0.0017650185808415486,8192.0,0.000976562,6400000.0
1.0,512.0,8.0,1.0,1.0,1.0,543.0,32.0,-0.0030632107251067353,-0.0017650185808415486,0.25,2048.0,6400000.0
16.0,512.0,8.0,3.0,67.0,47.0,3700.0,5472.0,0.28428173420704106,0.29213228260301216,0.125,8.0,6400000.0
1.0,512.0,8.0,1.0,1.0,1.0,543.0,32.0,-0.0030632107251067353,-0.0017650185808415486,0.25,512.0,6400000.0
8.0,512.0,8.0,2.0,22.0,16.0,1924.0,1536.0,0.184803559555608,0.19082719424152972,0.125,32.0,6400000.0
1.0,512.0,8.0,1.0,1.0,1.0,543.0,32.0,-0.0030632107251067353,-0.0017650185808415486,0.25,32768.0,6400000.0
1.0,512.0,8.0,1.0,1.0,1.0,543.0,32.0,-0.0030632107251067353,-0.0017650185808415486,0.25,8192.0,6400000.0
1.0,512.0,8.0,1.0,1.0,1.0,543.0,32.0,-0.0030632107251067353,-0.0017650185808415486,0.125,512.0,6400000.0
1.0,2.0,2.0,1.0,1.0,1.0,39.0,32.0,-0.0030632107251067353,-0.0017650185808415486,1024.0,32.0,6400000.0
1.0,512.0,8.0,1.0,1.0,1.0,543.0,32.0,-0.0030632107251067353,-0.0017650185808415486,0.125,128.0,6400000.0
1.0,2.0,2.0,1.0,1.0,1.0,39.0,32.0,-0.0030632107251067353,-0.0017650185808415486,16384.0,2.0,6400000.0
1.0,512.0,8.0,1.0,1.0,1.0,543.0,32.0,-0.0030632107251067353,-0.0017650185808415486,0.125,2048.0,6400000.0
109.0,512.0,8.0,9.0,4491.0,3325.0,153792.0,518048.0,0.7797570705074406,0.7751239590897081,0.5,0.015625,6400000.0
1.0,2.0,2.0,1.0,1.0,1.0,39.0,32.0,-0.0030632107251067353,-0.0017650185808415486,512.0,8192.0,6400000.0
1.0,2.0,2.0,1.0,1.0,1.0,39.0,32.0,-0.0030632107251067353,-0.0017650185808415486,8192.0,512.0,6400000.0
72.0,512.0,8.0,9.0,3021.0,2232.0,103430.0,347904.0,0.7296264032107889,0.7388396337248551,0.5,0.0625,6400000.0
512.0,512.0,8.0,9.0,17370.0,15427.0,649559.0,2402784.0,0.8219407584296805,0.827970024519584,0.5,0.000976562,6400000.0
44.0,512.0,8.0,9.0,1841.0,1364.0,62785.0,212608.0,0.6969840787353565,0.6984176777343636,0.5,0.25,6400000.0
1.0,1.0,1.0,1.0,1.0,1.0,35.0,32.0,-0.0030632107251067353,-0.0017650185808415486,16.0,8192.0,6400000.0
457.0,512.0,8.0,9.0,15706.0,13911.0,586917.0,2167264.0,0.8238894281776702,0.8299067067526469,0.5,0.00390625,6400000.0
1.0,2.0,2.0,1.0,1.0,1.0,39.0,32.0,-0.0030632107251067353,-0.0017650185808415486,2048.0,0.125,6400000.0
1.0,512.0,8.0,1.0,1.0,1.0,543.0,32.0,-0.0030632107251067353,-0.0017650185808415486,0.125,8192.0,6400000.0
36.0,512.0,8.0,9.0,1134.0,912.0,40303.0,141312.0,0.5929709476756271,0.5972258269288702,0.5,1.0,6400000.0
1.0,2.0,2.0,1.0,1.0,1.0,39.0,32.0,-0.0030632107251067353,-0.0017650185808415486,4096.0,0.0,6400000.0
1.0,512.0,8.0,1.0,1.0,1.0,543.0,32.0,-0.0030632107251067353,-0.0017650185808415486,0.125,32768.0,6400000.0
1.0,2.0,2.0,1.0,1.0,1.0,39.0,32.0,-0.0030632107251067353,-0.0017650185808415486,32768.0,4096.0,6400000.0
1.0,2.0,2.0,1.0,1.0,1.0,39.0,32.0,-0.0030632107251067353,-0.0017650185808415486,32768.0,0.0078125,6400000.0
1.0,2.0,2.0,1.0,1.0,1.0,39.0,32.0,-0.0030632107251067353,-0.0017650185808415486,8192.0,1.0,6400000.0
1.0,2.0,2.0,1.0,1.0,1.0,39.0,32.0,-0.0030632107251067353,-0.0017650185808415486,1024.0,0.0625,6400000.0
177.0,512.0,8.0,9.0,6696.0,5379.0,238495.0,837984.0,0.7975097701860764,0.800709382282929,0.25,0.015625,6400000.0
72.0,512.0,8.0,9.0,2943.0,2166.0,100239.0,337344.0,0.7427629906807984,0.7448814976915925,0.25,0.0625,6400000.0
295.0,512.0,8.0,9.0,10659.0,8958.0,388139.0,1395520.0,0.8208563369528121,0.8191595796035255,0.25,0.00390625,6400000.0
22.0,512.0,8.0,8.0,190.0,139.0,8605.0,19424.0,0.3963758318179941,0.40794272548017085,0.5,4.0,6400000.0
3.0,512.0,8.0,2.0,9.0,6.0,1295.0,576.0,0.10115259004895938,0.10346957106453547,0.5,64.0,6400000.0
43.0,512.0,8.0,9.0,1804.0,1333.0,61559.0,207776.0,0.6898004507178896,0.6900562968219308,0.25,0.25,6400000.0
11.0,512.0,8.0,3.0,35.0,26.0,2559.0,2752.0,0.23801654357424562,0.2440154241847443,0.5,16.0,6400000.0
512.0,512.0,8.0,9.0,17386.0,15430.0,649754.0,2403264.0,0.8259307535160229,0.8266001175588187,0.25,0.000976562,6400000.0
1.0,2.0,2.0,1.0,1.0,1.0,39.0,32.0,-0.0030632107251067353,-0.0017650185808415486,1024.0,32768.0,6400000.0
1.0,2.0,2.0,1.0,1.0,1.0,39.0,32.0,-0.0030632107251067353,-0.0017650185808415486,4096.0,256.0,6400000.0
24.0,512.0,8.0,8.0,185.0,143.0,8565.0,19808.0,0.39665636436782115,0.40128732661303834,0.25,4.0,6400000.0
1.0,1.0,1.0,2.0,3.0,2.0,108.0,192.0,0.03911015413878083,0.040912063041146696,32.0,0.00195312,6400000.0
30.0,512.0,8.0,9.0,1041.0,826.0,37179.0,128320.0,0.5615679503947415,0.5680515837886942,0.25,1.0,6400000.0
11.0,512.0,8.0,3.0,35.0,26.0,2559.0,2752.0,0.23801654357424562,0.2440154241847443,0.25,16.0,6400000.0
1.0,512.0,8.0,1.0,1.0,1.0,543.0,32.0,-0.0030632107251067353,-0.0017650185808415486,0.5,256.0,6400000.0
1.0,2.0,2.0,1.0,1.0,1.0,39.0,32.0,-0.0030632107251067353,-0.0017650185808415486,2048.0,128.0,6400000.0
1.0,2.0,2.0,1.0,1.0,1.0,39.0,32.0,-0.0030632107251067353,-0.0017650185808415486,16384.0,2048.0,6400000.0
3.0,512.0,8.0,2.0,9.0,6.0,1295.0,576.0,0.10115259004895938,0.10346957106453547,0.25,64.0,6400000.0
1.0,512.0,8.0,1.0,1.0,1.0,543.0,32.0,-0.0030632107251067353,-0.0017650185808415486,0.5,1024.0,6400000.0
1.0,512.0,8.0,1.0,1.0,1.0,543.0,32.0,-0.0030632107251067353,-0.0017650185808415486,0.5,4096.0,6400000.0
1.0,2.0,2.0,1.0,1.0,1.0,39.0,32.0,-0.0030632107251067353,-0.0017650185808415486,32768.0,8.0,6400000.0
1.0,2.0,2.0,1.0,1.0,1.0,39.0,32.0,-0.0030632107251067353,-0.0017650185808415486,16384.0,0.00390625,6400000.0
1.0,512.0,8.0,1.0,1.0,1.0,543.0,32.0,-0.0030632107251067353,-0.0017650185808415486,0.25,256.0,6400000.0
1.0,512.0,8.0,1.0,1.0,1.0,543.0,32.0,-0.0030632107251067353,-0.0017650185808415486,0.5,16384.0,6400000.0
2.0,2.0,4.0,8.0,59.0,32.0,1721.0,4864.0,0.11744780524159382,0.12535179503925165,0.0,0.03125,6400000.0
1.0,2.0,2.0,1.0,1.0,1.0,39.0,32.0,-0.0030632107251067353,-0.0017650185808415486,8192.0,0.00195312,6400000.0
512.0,512.0,8.0,9.0,17351.0,15360.0,647702.0,2392064.0,0.8231168106950328,0.8296323979460155,1.0,0.0,6400000.0
1.0,512.0,8.0,1.0,1.0,1.0,543.0,32.0,-0.0030632107251067353,-0.0017650185808415486,0.25,4096.0,6400000.0
384.0,512.0,8.0,9.0,13442.0,11587.0,495345.0,1804768.0,0.8214414277294189,0.8204248233782397,1.0,0.00195312,6400000.0
85.0,512.0,8.0,9.0,3590.0,2635.0,122693.0,410720.0,0.762286956464753,0.7663409114599194,1.0,0.03125,6400000.0
1.0,2.0,2.0,1.0,1.0,1.0,39.0,32.0,-0.0030632107251067353,-0.0017650185808415486,4096.0,0.5,6400000.0
343.0,512.0,8.0,9.0,11869.0,10265.0,438388.0,1598496.0,0.8250739111856501,0.8274752647188347,1.0,0.0078125,6400000.0
1.0,512.0,8.0,1.0,1.0,1.0,543.0,32.0,-0.0030632107251067353,-0.0017650185808415486,0.25,1024.0,6400000.0
60.0,512.0,8.0,9.0,2310.0,1704.0,78529.0,264960.0,0.7138667131608694,0.7145507879439446,1.0,0.125,6400000.0
1.0,2.0,2.0,1.0,1.0,1.0,39.0,32.0,-0.0030632107251067353,-0.0017650185808415486,1024.0,64.0,6400000.0
46.0,512.0,8.0,9.0,1652.0,1315.0,58657.0,204512.0,0.66277415214737,0.6694111032566277,1.0,0.5,6400000.0
1.0,512.0,8.0,1.0,1.0,1.0,543.0,32.0,-0.0030632107251067353,-0.0017650185808415486,0.25,16384.0,6400000.0
1.0,2.0,2.0,1.0,1.0,1.0,39.0,32.0,-0.0030632107251067353,-0.0017650185808415486,16384.0,4.0,6400000.0
35.0,512.0,8.0,9.0,443.0,339.0,16816.0,49760.0,0.47730715717397076,0.4865154780906841,1.0,2.0,6400000.0
512.0,512.0,8.0,9.0,17226.0,15241.0,642843.0,2373024.0,0.8298628950205864,0.8275616863619704,0.5,0.0,6400000.0
1.0,2.0,2.0,1.0,1.0,1.0,39.0,32.0,-0.0030632107251067353,-0.0017650185808415486,8192.0,1024.0,6400000.0
8.0,512.0,8.0,2.0,22.0,16.0,1924.0,1536.0,0.184803559555608,0.19082719424152972,1.0,32.0,6400000.0
16.0,512.0,8.0,3.0,67.0,47.0,3700.0,5472.0,0.28428173420704106,0.29213228260301216,1.0,8.0,6400000.0
50.0,512.0,8.0,9.0,2168.0,1550.0,73000.0,241600.0,0.7167983161434046,0.7167055568415222,0.5,0.125,6400000.0
112.0,512.0,8.0,9.0,4250.0,3223.0,147262.0,501344.0,0.7776414982403866,0.7731663963467956,0.5,0.03125,6400000.0
41.0,512.0,8.0,9.0,1644.0,1271.0,57427.0,198112.0,0.6806914690129744,0.6809367601432539,0.5,0.5,6400000.0
1.0,512.0,8.0,1.0,1.0,1.0,543.0,32.0,-0.0030632107251067353,-0.0017650185808415486,1.0,128.0,6400000.0
1.0,512.0,8.0,1.0,1.0,1.0,543.0,32.0,-0.0030632107251067353,-0.0017650185808415486,1.0,512.0,6400000.0
494.0,512.0,8.0,9.0,16716.0,14811.0,624281.0,2306528.0,0.8201830447261822,0.8233239581097298,0.5,0.00195312,6400000.0
174.0,512.0,8.0,9.0,6811.0,5364.0,240590.0,835968.0,0.7901987302383371,0.7948666737391141,0.5,0.0078125,6400000.0
34.0,512.0,8.0,9.0,506.0,394.0,19100.0,58688.0,0.4888828787126642,0.4970038281883299,0.5,2.0,6400000.0
1.0,2.0,2.0,1.0,1.0,1.0,39.0,32.0,-0.0030632107251067353,-0.0017650185808415486,2048.0,0.25,6400000.0
1.0,512.0,8.0,1.0,1.0,1.0,543.0,32.0,-0.0030632107251067353,-0.0017650185808415486,1.0,2048.0,6400000.0
1.0,2.0,2.0,1.0,1.0,1.0,39.0,32.0,-0.0030632107251067353,-0.0017650185808415486,32768.0,8192.0,6400000.0
1.0,2.0,2.0,1.0,1.0,1.0,39.0,32.0,-0.0030632107251067353,-0.0017650185808415486,4096.0,0.000976562,6400000.0
1.0,2.0,2.0,1.0,1.0,1.0,39.0,32.0,-0.0030632107251067353,-0.0017650185808415486,8192.0,2.0,6400000.0
1.0,2.0,2.0,1.0,1.0,1.0,39.0,32.0,-0.0030632107251067353,-0.0017650185808415486,32768.0,0.015625,6400000.0
1.0,512.0,8.0,1.0,1.0,1.0,543.0,32.0,-0.0030632107251067353,-0.0017650185808415486,1.0,8192.0,6400000.0
1.0,512.0,8.0,1.0,1.0,1.0,543.0,32.0,-0.0030632107251067353,-0.0017650185808415486,0.5,128.0,6400000.0
2.0,2.0,4.0,2.0,6.0,4.0,250.0,384.0,0.07262288558772911,0.07510528703488584,0.0,32.0,6400000.0
16.0,512.0,8.0,3.0,67.0,47.0,3700.0,5472.0,0.28428173420704106,0.29213228260301216,0.5,8.0,6400000.0
1.0,512.0,8.0,1.0,1.0,1.0,543.0,32.0,-0.0030632107251067353,-0.0017650185808415486,1.0,32768.0,6400000.0
8.0,512.0,8.0,2.0,22.0,16.0,1924.0,1536.0,0.184803559555608,0.19082719424152972,0.5,32.0,6400000.0
1.0,2.0,2.0,1.0,1.0,1.0,39.0,32.0,-0.0030632107251067353,-0.0017650185808415486,4096.0,512.0,6400000.0
1.0,1.0,1.0,2.0,3.0,2.0,108.0,192.0,0.03911015413878083,0.040912063041146696,32.0,0.00390625,6400000.0
1.0,2.0,2.0,1.0,1.0,1.0,39.0,32.0,-0.0030632107251067353,-0.0017650185808415486,2048.0,0.0,6400000.0
73.0,512.0,8.0,9.0,3078.0,2253.0,105238.0,351136.0,0.7347232622318485,0.7380099716352316,2.0,0.0625,6400000.0
1.0,512.0,8.0,1.0,1.0,1.0,543.0,32.0,-0.0030632107251067353,-0.0017650185808415486,0.5,512.0,6400000.0
512.0,512.0,8.0,9.0,17206.0,15253.0,642733.0,2374944.0,0.8302697089010584,0.8245512631469334,2.0,0.000976562,6400000.0
49.0,512.0,8.0,9.0,1982.0,1502.0,68774.0,234048.0,0.7021553743181248,0.6971228010856587,2.0,0.25,6400000.0
37.0,512.0,8.0,9.0,1096.0,866.0,38861.0,133824.0,0.6012697614093943,0.6023594362402525,2.0,1.0,6400000.0
26.0,512.0,8.0,8.0,176.0,132.0,8080.0,17792.0,0.39720646641485025,0.407163168521929,2.0,4.0,6400000.0
462.0,512.0,8.0,9.0,15658.0,13844.0,584278.0,2155904.0,0.8225250071821173,0.8142469859529347,2.0,0.00390625,6400000.0
1.0,2.0,2.0,1.0,1.0,1.0,39.0,32.0,-0.0030632107251067353,-0.0017650185808415486,2048.0,256.0,6400000.0
149.0,512.0,8.0,9.0,5809.0,4544.0,204783.0,707968.0,0.7849749113540564,0.7923586793075097,2.0,0.015625,6400000.0
1.0,2.0,2.0,1.0,1.0,1.0,39.0,32.0,-0.0030632107251067353,-0.0017650185808415486,16384.0,4096.0,6400000.0
1.0,512.0,8.0,1.0,1.0,1.0,543.0,32.0,-0.0030632107251067353,-0.0017650185808415486,0.5,2048.0,6400000.0
1.0,2.0,2.0,1.0,1.0,1.0,39.0,32.0,-0.0030632107251067353,-0.0017650185808415486,16384.0,0.0078125,6400000.0
11.0,512.0,8.0,3.0,35.0,26.0,2559.0,2752.0,0.23801654357424562,0.2440154241847443,2.0,16.0,6400000.0
1.0,512.0,8.0,1.0,1.0,1.0,543.0,32.0,-0.0030632107251067353,-0.0017650185808415486,0.5,8192.0,6400000.0
1.0,2.0,2.0,1.0,1.0,1.0,39.0,32.0,-0.0030632107251067353,-0.0017650185808415486,32768.0,16.0,6400000.0
2.0,2.0,4.0,8.0,59.0,32.0,1721.0,4864.0,0.11744780524159382,0.12535179503925165,0.0,0.0625,6400000.0
1.0,512.0,8.0,1.0,1.0,1.0,543.0,32.0,-0.0030632107251067353,-0.0017650185808415486,0.5,32768.0,6400000.0
3.0,512.0,8.0,2.0,9.0,6.0,1295.0,576.0,0.10115259004895938,0.10346957106453547,2.0,64.0,6400000.0
1.0,2.0,2.0,1.0,1.0,1.0,39.0,32.0,-0.0030632107251067353,-0.0017650185808415486,8192.0,0.00390625,6400000.0
1.0,1.0,1.0,2.0,3.0,2.0,108.0,192.0,0.03911015413878083,0.040912063041146696,32.0,0.125,6400000.0
1.0,2.0,2.0,1.0,1.0,1.0,39.0,32.0,-0.0030632107251067353,-0.0017650185808415486,4096.0,1.0,6400000.0
67.0,512.0,8.0,9.0,2791.0,2048.0,95122.0,319104.0,0.7357470579161088,0.7357477125258471,1.0,0.0625,6400000.0
512.0,512.0,8.0,9.0,17362.0,15409.0,649159.0,2399904.0,0.8173391799476342,0.824523748812511,1.0,0.000976562,6400000.0
412.0,512.0,8.0,9.0,14298.0,12497.0,530506.0,1946784.0,0.8231272115915604,0.8274490275917421,1.0,0.00390625,6400000.0
1.0,2.0,4.0,1.0,1.0,1.0,63.0,32.0,-0.0030632107251067353,-0.0017650185808415486,0.0,32768.0,6400000.0
43.0,512.0,8.0,9.0,1822.0,1333.0,62039.0,207776.0,0.6848788547899918,0.6843147043787022,1.0,0.25,6400000.0
1.0,512.0,8.0,1.0,1.0,1.0,543.0,32.0,-0.0030632107251067353,-0.0017650185808415486,2.0,256.0,6400000.0
107.0,512.0,8.0,9.0,4427.0,3297.0,152657.0,513824.0,0.7762367722206894,0.7858745707835144,1.0,0.015625,6400000.0
22.0,512.0,8.0,8.0,171.0,127.0,7754.0,17504.0,0.3898532962522989,0.39380126212786304,1.0,4.0,6400000.0
1.0,2.0,2.0,1.0,1.0,1.0,39.0,32.0,-0.0030632107251067353,-0.0017650185808415486,8192.0,2048.0,6400000.0
1.0,512.0,8.0,1.0,1.0,1.0,543.0,32.0,-0.0030632107251067353,-0.0017650185808415486,2.0,1024.0,6400000.0
37.0,512.0,8.0,9.0,1110.0,901.0,40044.0,139424.0,0.5730843357607888,0.5794118372760027,1.0,1.0,6400000.0
1.0,2.0,2.0,1.0,1.0,1.0,39.0,32.0,-0.0030632107251067353,-0.0017650185808415486,16384.0,8.0,6400000.0
1.0,512.0,8.0,1.0,1.0,1.0,543.0,32.0,-0.0030632107251067353,-0.0017650185808415486,1.0,256.0,6400000.0
11.0,512.0,8.0,3.0,35.0,26.0,2559.0,2752.0,0.23801654357424562,0.2440154241847443,1.0,16.0,6400000.0
3.0,512.0,8.0,2.0,9.0,6.0,1295.0,576.0,0.10115259004895938,0.10346957106453547,1.0,64.0,6400000.0
1.0,512.0,8.0,1.0,1.0,1.0,543.0,32.0,-0.0030632107251067353,-0.0017650185808415486,2.0,4096.0,6400000.0
1.0,512.0,8.0,1.0,1.0,1.0,543.0,32.0,-0.0030632107251067353,-0.0017650185808415486,1.0,1024.0,6400000.0
1.0,512.0,8.0,1.0,1.0,1.0,543.0,32.0,-0.0030632107251067353,-0.0017650185808415486,2.0,16384.0,6400000.0
1.0,2.0,2.0,1.0,1.0,1.0,39.0,32.0,-0.0030632107251067353,-0.0017650185808415486,2048.0,0.5,6400000.0
81.0,512.0,8.0,8.0,3273.0,2427.0,113059.0,377952.0,0.6747674901429328,0.6636296941884107,4.0,0.03125,6400000.0
1.0,512.0,8.0,1.0,1.0,1.0,543.0,32.0,-0.0030632107251067353,-0.0017650185808415486,1.0,4096.0,6400000.0
512.0,512.0,8.0,8.0,16639.0,14904.0,625068.0,2319104.0,0.6862496936090989,0.6785552451139225,4.0,0.00195312,6400000.0
512.0,512.0,8.0,8.0,16680.0,14926.0,626432.0,2322624.0,0.6919894808327269,0.6799504584438353,4.0,0.0,6400000.0
55.0,512.0,8.0,8.0,2251.0,1667.0,77420.0,259680.0,0.6477385579711674,0.6460036959657441,4.0,0.125,6400000.0
1.0,2.0,2.0,1.0,1.0,1.0,39.0,32.0,-0.0030632107251067353,-0.0017650185808415486,32768.0,16384.0,6400000.0
392.0,512.0,8.0,8.0,13126.0,11541.0,489405.0,1796384.0,0.6969325554424595,0.6827313703975869,4.0,0.0078125,6400000.0
1.0,2.0,2.0,1.0,1.0,1.0,39.0,32.0,-0.0030632107251067353,-0.0017650185808415486,4096.0,0.00195312,6400000.0
1.0,2.0,2.0,1.0,1.0,1.0,39.0,32.0,-0.0030632107251067353,-0.0017650185808415486,8192.0,4.0,6400000.0
1.0,2.0,2.0,1.0,1.0,1.0,39.0,32.0,-0.0030632107251067353,-0.0017650185808415486,32768.0,0.03125,6400000.0
1.0,512.0,8.0,1.0,1.0,1.0,543.0,32.0,-0.0030632107251067353,-0.0017650185808415486,1.0,16384.0,6400000.0
2.0,2.0,4.0,2.0,6.0,4.0,250.0,384.0,0.07262288558772911,0.07510528703488584,0.0,64.0,6400000.0
39.0,512.0,8.0,8.0,1322.0,1021.0,46302.0,158368.0,0.610879012260807,0.6073632667824658,4.0,0.5,6400000.0
1.0,2.0,2.0,1.0,1.0,1.0,39.0,32.0,-0.0030632107251067353,-0.0017650185808415486,4096.0,1024.0,6400000.0
2.0,2.0,4.0,8.0,58.0,32.0,1689.0,4864.0,0.11758196525825881,0.1250787314522387,0.000976562,0.25,6400000.0
512.0,512.0,8.0,9.0,17268.0,15274.0,644265.0,2378304.0,0.8308466096173519,0.8231106430514843,2.0,0.0,6400000.0
1.0,1.0,1.0,2.0,3.0,2.0,108.0,192.0,0.03911015413878083,0.040912063041146696,32.0,0.0078125,6400000.0
1.0,2.0,2.0,1.0,1.0,1.0,39.0,32.0,-0.0030632107251067353,-0.0017650185808415486,2048.0,512.0,6400000.0
16.0,512.0,8.0,3.0,67.0,47.0,3700.0,5472.0,0.28428173420704106,0.29213228260301216,4.0,8.0,6400000.0
26.0,512.0,8.0,8.0,413.0,314.0,16015.0,46912.0,0.4887672487728575,0.4936813378771219,2.0,2.0,6400000.0
38.0,512.0,8.0,8.0,406.0,318.0,15819.0,46016.0,0.47576234244592086,0.49153770398285,4.0,2.0,6400000.0
85.0,512.0,8.0,9.0,3551.0,2614.0,121388.0,407360.0,0.7546630222955727,0.7592172944098072,2.0,0.03125,6400000.0
48.0,512.0,8.0,9.0,2069.0,1488.0,69860.0,231936.0,0.6954372530477593,0.6901746121722393,2.0,0.125,6400000.0
43.0,512.0,8.0,9.0,1636.0,1276.0,57649.0,198656.0,0.6712591447910993,0.6622161201497598,2.0,0.5,6400000.0
16.0,512.0,8.0,3.0,67.0,47.0,3700.0,5472.0,0.28428173420704106,0.29213228260301216,2.0,8.0,6400000.0
1.0,2.0,2.0,1.0,1.0,1.0,39.0,32.0,-0.0030632107251067353,-0.0017650185808415486,16384.0,8192.0,6400000.0
1.0,2.0,2.0,1.0,1.0,1.0,39.0,32.0,-0.0030632107251067353,-0.0017650185808415486,16384.0,0.015625,6400000.0
269.0,512.0,8.0,9.0,9820.0,8230.0,357876.0,1282368.0,0.8216455104347314,0.820628443643413,2.0,0.0078125,6400000.0
8.0,512.0,8.0,2.0,22.0,16.0,1924.0,1536.0,0.184803559555608,0.19082719424152972,2.0,32.0,6400000.0
8.0,512.0,8.0,2.0,22.0,16.0,1924.0,1536.0,0.184803559555608,0.19082719424152972,4.0,32.0,6400000.0
498.0,512.0,8.0,9.0,16879.0,14977.0,631072.0,2332576.0,0.8289337162208389,0.8287013407861143,2.0,0.00195312,6400000.0
1.0,512.0,8.0,1.0,1.0,1.0,543.0,32.0,-0.0030632107251067353,-0.0017650185808415486,4.0,128.0,6400000.0
1.0,2.0,2.0,1.0,1.0,1.0,39.0,32.0,-0.0030632107251067353,-0.0017650185808415486,32768.0,32.0,6400000.0
1.0,512.0,8.0,1.0,1.0,1.0,543.0,32.0,-0.0030632107251067353,-0.0017650185808415486,4.0,512.0,6400000.0
2.0,2.0,4.0,8.0,58.0,32.0,1689.0,4864.0,0.11758196525825881,0.1250787314522387,0.0,0.125,6400000.0
1.0,2.0,2.0,1.0,1.0,1.0,39.0,32.0,-0.0030632107251067353,-0.0017650185808415486,8192.0,0.0078125,6400000.0
1.0,512.0,8.0,1.0,1.0,1.0,543.0,32.0,-0.0030632107251067353,-0.0017650185808415486,4.0,2048.0,6400000.0
1.0,512.0,8.0,1.0,1.0,1.0,543.0,32.0,-0.0030632107251067353,-0.0017650185808415486,2.0,128.0,6400000.0
1.0,1.0,1.0,2.0,3.0,2.0,108.0,192.0,0.03911015413878083,0.040912063041146696,32.0,0.25,6400000.0
1.0,512.0,8.0,1.0,1.0,1.0,543.0,32.0,-0.0030632107251067353,-0.0017650185808415486,4.0,32768.0,6400000.0
2.0,2.0,4.0,8.0,59.0,32.0,1721.0,4864.0,0.11744780524159382,0.12535179503925165,0.000976562,0.0,6400000.0
1.0,2.0,2.0,1.0,1.0,1.0,39.0,32.0,-0.0030632107251067353,-0.0017650185808415486,4096.0,2.0,6400000.0
1.0,512.0,8.0,1.0,1.0,1.0,543.0,32.0,-0.0030632107251067353,-0.0017650185808415486,4.0,8192.0,6400000.0
1.0,512.0,8.0,1.0,1.0,1.0,543.0,32.0,-0.0030632107251067353,-0.0017650185808415486,2.0,512.0,6400000.0
119.0,512.0,8.0,3.0,3728.0,3262.0,140605.0,506688.0,0.30075090205855326,0.29982527178819507,8.0,0.00390625,6400000.0
1.0,512.0,8.0,1.0,1.0,1.0,543.0,32.0,-0.0030632107251067353,-0.0017650185808415486,2.0,2048.0,6400000.0
1.0,2.0,2.0,1.0,1.0,1.0,39.0,32.0,-0.0030632107251067353,-0.0017650185808415486,16384.0,16.0,6400000.0
45.0,512.0,8.0,3.0,1505.0,1241.0,56130.0,192800.0,0.31823448662706766,0.32871968207178914,8.0,0.0625,6400000.0
81.0,512.0,8.0,3.0,2733.0,2320.0,102246.0,360832.0,0.30248925094372847,0.30936647771784054,8.0,0.015625,6400000.0
1.0,2.0,2.0,1.0,1.0,1.0,39.0,32.0,-0.0030632107251067353,-0.0017650185808415486,8192.0,4096.0,6400000.0
512.0,512.0,8.0,3.0,14417.0,13911.0,564655.0,2160224.0,0.24813692343763916,0.22613775310826778,8.0,0.000976562,6400000.0
34.0,512.0,8.0,3.0,679.0,569.0,25857.0,86688.0,0.32889219929449165,0.3373438448045518,8.0,0.25,6400000.0
27.0,512.0,8.0,3.0,223.0,177.0,9469.0,24864.0,0.3226189820098575,0.33226569260685335,8.0,1.0,6400000.0
1.0,2.0,4.0,1.0,1.0,1.0,63.0,32.0,-0.0030632107251067353,-0.0017650185808415486,0.000976562,256.0,6400000.0
19.0,512.0,8.0,3.0,112.0,85.0,5565.0,11168.0,0.3078034380468804,0.3159020086450115,8.0,4.0,6400000.0
1.0,512.0,8.0,1.0,1.0,1.0,543.0,32.0,-0.0030632107251067353,-0.0017650185808415486,2.0,8192.0,6400000.0
1.0,512.0,8.0,1.0,1.0,1.0,543.0,32.0,-0.0030632107251067353,-0.0017650185808415486,2.0,32768.0,6400000.0
11.0,512.0,8.0,2.0,30.0,22.0,2384.0,2112.0,0.211815897449531,0.21820531799146736,8.0,16.0,6400000.0
3.0,512.0,8.0,2.0,9.0,6.0,1295.0,576.0,0.10115259004895938,0.10346957106453547,8.0,64.0,6400000.0
1.0,2.0,2.0,1.0,1.0,1.0,39.0,32.0,-0.0030632107251067353,-0.0017650185808415486,4096.0,0.00390625,6400000.0
49.0,512.0,8.0,8.0,1932.0,1492.0,67617.0,232448.0,0.6546200980428775,0.6381220675305668,4.0,0.25,6400000.0
78.0,512.0,8.0,8.0,3116.0,2372.0,108280.0,369536.0,0.682438497183283,0.6698490379108393,4.0,0.0625,6400000.0
1.0,512.0,8.0,1.0,1.0,1.0,543.0,32.0,-0.0030632107251067353,-0.0017650185808415486,8.0,256.0,6400000.0
92.0,512.0,8.0,8.0,3813.0,2828.0,131543.0,440704.0,0.6870534565248951,0.6715972112287135,4.0,0.015625,6400000.0
1.0,2.0,2.0,1.0,1.0,1.0,39.0,32.0,-0.0030632107251067353,-0.0017650185808415486,32768.0,32768.0,6400000.0
512.0,512.0,8.0,8.0,16871.0,15129.0,634354.0,2355104.0,0.6894248560189702,0.6766679874215685,4.0,0.000976562,6400000.0
1.0,2.0,2.0,1.0,1.0,1.0,39.0,32.0,-0.0030632107251067353,-0.0017650185808415486,32768.0,0.0625,6400000.0
1.0,2.0,2.0,1.0,1.0,1.0,39.0,32.0,-0.0030632107251067353,-0.0017650185808415486,8192.0,8.0,6400000.0
512.0,512.0,8.0,8.0,16888.0,15182.0,635973.0,2363584.0,0.6845211257031774,0.6834792712499822,4.0,0.00390625,6400000.0
1.0,2.0,4.0,1.0,1.0,1.0,63.0,32.0,-0.0030632107251067353,-0.0017650185808415486,0.0,128.0,6400000.0
40.0,512.0,8.0,8.0,787.0,622.0,28519.0,94400.0,0.5578868547750927,0.556378315567797,4.0,1.0,6400000.0
1.0,512.0,8.0,1.0,1.0,1.0,543.0,32.0,-0.0030632107251067353,-0.0017650185808415486,8.0,1024.0,6400000.0
1.0,2.0,2.0,1.0,1.0,1.0,39.0,32.0,-0.0030632107251067353,-0.0017650185808415486,4096.0,2048.0,6400000.0
2.0,2.0,4.0,8.0,59.0,32.0,1689.0,4864.0,0.11811219150348784,0.1261993787144161,0.000976562,0.5,6400000.0
1.0,2.0,2.0,1.0,1.0,1.0,39.0,32.0,-0.0030632107251067353,-0.0017650185808415486,16384.0,16384.0,6400000.0
26.0,512.0,8.0,5.0,149.0,114.0,7039.0,14912.0,0.352960107957759,0.3577042326919795,4.0,4.0,6400000.0
11.0,512.0,8.0,3.0,35.0,26.0,2559.0,2752.0,0.23801654357424562,0.2440154241847443,4.0,16.0,6400000.0
1.0,512.0,8.0,1.0,1.0,1.0,543.0,32.0,-0.0030632107251067353,-0.0017650185808415486,8.0,4096.0,6400000.0
2.0,2.0,4.0,8.0,59.0,32.0,1721.0,4864.0,0.11744780524159382,0.12535179503925165,0.00195312,0.00195312,6400000.0
1.0,512.0,8.0,1.0,1.0,1.0,543.0,32.0,-0.0030632107251067353,-0.0017650185808415486,8.0,16384.0,6400000.0
1.0,1.0,1.0,2.0,3.0,2.0,108.0,192.0,0.03911015413878083,0.040912063041146696,32.0,0.015625,6400000.0
1.0,512.0,8.0,1.0,1.0,1.0,543.0,32.0,-0.0030632107251067353,-0.0017650185808415486,4.0,256.0,6400000.0
3.0,512.0,8.0,2.0,9.0,6.0,1295.0,576.0,0.10115259004895938,0.10346957106453547,4.0,64.0,6400000.0
1.0,2.0,2.0,1.0,1.0,1.0,39.0,32.0,-0.0030632107251067353,-0.0017650185808415486,32768.0,64.0,6400000.0
110.0,512.0,8.0,3.0,3260.0,2859.0,123376.0,443360.0,0.2927067018492395,0.30618059345138315,16.0,0.03125,6400000.0
1.0,2.0,2.0,1.0,1.0,1.0,39.0,32.0,-0.0030632107251067353,-0.0017650185808415486,16384.0,0.03125,6400000.0
1.0,512.0,8.0,1.0,1.0,1.0,543.0,32.0,-0.0030632107251067353,-0.0017650185808415486,4.0,1024.0,6400000.0
2.0,2.0,4.0,8.0,58.0,32.0,1689.0,4864.0,0.11758196525825881,0.1250787314522387,0.0,0.25,6400000.0
103.0,512.0,8.0,3.0,3365.0,2904.0,126346.0,451456.0,0.29546971142931555,0.3031813200843919,16.0,0.0078125,6400000.0
36.0,512.0,8.0,3.0,1105.0,919.0,41439.0,142432.0,0.32477217990220264,0.33093988995308277,16.0,0.125,6400000.0
512.0,512.0,8.0,3.0,14082.0,13576.0,551255.0,2106624.0,0.2448929451389693,0.23470849762757762,16.0,0.00195312,6400000.0
1.0,2.0,2.0,1.0,1.0,1.0,39.0,32.0,-0.0030632107251067353,-0.0017650185808415486,8192.0,0.015625,6400000.0
24.0,512.0,8.0,3.0,160.0,127.0,7112.0,17248.0,0.3204285445846151,0.3289017834788842,16.0,2.0,6400000.0
1.0,512.0,8.0,1.0,1.0,1.0,543.0,32.0,-0.0030632107251067353,-0.0017650185808415486,4.0,4096.0,6400000.0
32.0,512.0,8.0,3.0,346.0,289.0,14076.0,42144.0,0.33082847083562705,0.33835359326862824,16.0,0.5,6400000.0
512.0,512.0,8.0,3.0,14264.0,13758.0,558535.0,2135744.0,0.24223151190442604,0.22545770716000635,16.0,0.0,6400000.0
1.0,1.0,1.0,2.0,3.0,2.0,108.0,192.0,0.03911015413878083,0.040912063041146696,32.0,0.5,6400000.0
1.0,2.0,2.0,1.0,1.0,1.0,39.0,32.0,-0.0030632107251067353,-0.0017650185808415486,4096.0,4.0,6400000.0
2.0,2.0,4.0,8.0,59.0,32.0,1721.0,4864.0,0.11744780524159382,0.12535179503925165,0.000976562,0.000976562,6400000.0
15.0,512.0,8.0,2.0,47.0,34.0,3196.0,3520.0,0.23483331904090687,0.24244665993785774,16.0,8.0,6400000.0
1.0,512.0,8.0,1.0,1.0,1.0,543.0,32.0,-0.0030632107251067353,-0.0017650185808415486,4.0,16384.0,6400000.0
512.0,512.0,8.0,3.0,14097.0,13591.0,551855.0,2109024.0,0.24708063012598058,0.22543452055972735,8.0,0.0,6400000.0
112.0,512.0,8.0,3.0,3574.0,3121.0,134760.0,485024.0,0.3060223571394254,0.29748613157490034,8.0,0.0078125,6400000.0
36.0,512.0,8.0,3.0,1102.0,920.0,41226.0,142592.0,0.32308558791093367,0.3273446300342435,8.0,0.125,6400000.0
1.0,2.0,2.0,1.0,1.0,1.0,39.0,32.0,-0.0030632107251067353,-0.0017650185808415486,8192.0,8192.0,6400000.0
29.0,512.0,8.0,3.0,333.0,275.0,13322.0,40288.0,0.3296030113505296,0.3361411362526636,8.0,0.5,6400000.0
67.0,512.0,8.0,3.0,2215.0,1859.0,82861.0,288864.0,0.31168404775709957,0.3181703007035882,8.0,0.03125,6400000.0
8.0,512.0,8.0,2.0,22.0,16.0,1924.0,1536.0,0.184803559555608,0.19082719424152972,16.0,32.0,6400000.0
1.0,2.0,2.0,1.0,1.0,1.0,39.0,32.0,-0.0030632107251067353,-0.0017650185808415486,16384.0,32.0,6400000.0
2.0,2.0,4.0,7.0,48.0,27.0,1340.0,4064.0,0.11530801186121509,0.1236167818989673,0.00195312,2.0,6400000.0
1.0,2.0,4.0,1.0,1.0,1.0,63.0,32.0,-0.0030632107251067353,-0.0017650185808415486,0.000976562,512.0,6400000.0
8.0,512.0,8.0,2.0,22.0,16.0,1924.0,1536.0,0.184803559555608,0.19082719424152972,8.0,32.0,6400000.0
22.0,512.0,8.0,3.0,168.0,129.0,7618.0,17824.0,0.316439177099364,0.32663957108145203,8.0,2.0,6400000.0
16.0,512.0,8.0,3.0,67.0,47.0,3700.0,5472.0,0.28428173420704106,0.29213228260301216,8.0,8.0,6400000.0
1.0,512.0,8.0,1.0,1.0,1.0,543.0,32.0,-0.0030632107251067353,-0.0017650185808415486,8.0,128.0,6400000.0
1.0,512.0,8.0,1.0,1.0,1.0,543.0,32.0,-0.0030632107251067353,-0.0017650185808415486,16.0,512.0,6400000.0
512.0,512.0,8.0,3.0,14274.0,13768.0,558935.0,2137344.0,0.23974252888518388,0.2258498732969385,8.0,0.00195312,6400000.0
1.0,512.0,8.0,1.0,1.0,1.0,543.0,32.0,-0.0030632107251067353,-0.0017650185808415486,16.0,128.0,6400000.0
1.0,512.0,8.0,1.0,1.0,1.0,543.0,32.0,-0.0030632107251067353,-0.0017650185808415486,8.0,512.0,6400000.0
1.0,512.0,8.0,1.0,1.0,1.0,543.0,32.0,-0.0030632107251067353,-0.0017650185808415486,16.0,2048.0,6400000.0
2.0,2.0,4.0,8.0,59.0,32.0,1721.0,4864.0,0.11744780524159382,0.12535179503925165,0.0,0.0,6400000.0
1.0,512.0,8.0,1.0,1.0,1.0,543.0,32.0,-0.0030632107251067353,-0.0017650185808415486,16.0,32768.0,6400000.0
1.0,2.0,2.0,1.0,1.0,1.0,39.0,32.0,-0.0030632107251067353,-0.0017650185808415486,8192.0,16.0,6400000.0
1.0,2.0,2.0,1.0,1.0,1.0,39.0,32.0,-0.0030632107251067353,-0.0017650185808415486,32768.0,0.125,6400000.0
1.0,512.0,8.0,1.0,1.0,1.0,543.0,32.0,-0.0030632107251067353,-0.0017650185808415486,16.0,8192.0,6400000.0
237.0,512.0,8.0,2.0,5977.0,5743.0,235252.0,888544.0,0.23943837555391068,0.24234505351874436,32.0,0.000976562,6400000.0
45.0,512.0,8.0,2.0,1321.0,1159.0,51449.0,179680.0,0.24935693130970082,0.2580753510772601,32.0,0.015625,6400000.0
99.0,512.0,8.0,2.0,2755.0,2539.0,107581.0,393568.0,0.24479944744320392,0.250648548212702,32.0,0.00390625,6400000.0
1.0,512.0,8.0,1.0,1.0,1.0,543.0,32.0,-0.0030632107251067353,-0.0017650185808415486,8.0,2048.0,6400000.0
1.0,2.0,4.0,1.0,1.0,1.0,63.0,32.0,-0.0030632107251067353,-0.0017650185808415486,0.0,256.0,6400000.0
43.0,512.0,8.0,2.0,726.0,634.0,28741.0,95936.0,0.24980045055688938,0.26173040333517594,32.0,0.0625,6400000.0
1.0,2.0,2.0,1.0,1.0,1.0,39.0,32.0,-0.0030632107251067353,-0.0017650185808415486,4096.0,4096.0,6400000.0
1.0,2.0,2.0,1.0,1.0,1.0,39.0,32.0,-0.0030632107251067353,-0.0017650185808415486,16384.0,32768.0,6400000.0
30.0,512.0,8.0,2.0,240.0,210.0,10461.0,29760.0,0.25645278315202447,0.2688286878277909,32.0,0.25,6400000.0
1.0,512.0,8.0,1.0,1.0,1.0,543.0,32.0,-0.0030632107251067353,-0.0017650185808415486,8.0,8192.0,6400000.0
2.0,2.0,4.0,8.0,56.0,31.0,1621.0,4704.0,0.11779677262506982,0.1252309168241601,0.000976562,1.0,6400000.0
2.0,2.0,4.0,8.0,59.0,32.0,1721.0,4864.0,0.11744780524159382,0.12535179503925165,0.00195312,0.00390625,6400000.0
1.0,2.0,2.0,1.0,1.0,1.0,39.0,32.0,-0.0030632107251067353,-0.0017650185808415486,32768.0,128.0,6400000.0
1.0,1.0,1.0,2.0,3.0,2.0,108.0,192.0,0.03911015413878083,0.040912063041146696,32.0,0.03125,6400000.0
1.0,2.0,2.0,1.0,1.0,1.0,39.0,32.0,-0.0030632107251067353,-0.0017650185808415486,16384.0,0.0625,6400000.0
1.0,512.0,8.0,1.0,1.0,1.0,543.0,32.0,-0.0030632107251067353,-0.0017650185808415486,8.0,32768.0,6400000.0
20.0,512.0,8.0,2.0,81.0,65.0,4614.0,7840.0,0.25194387259795514,0.2611969990570394,32.0,4.0,6400000.0
11.0,512.0,8.0,2.0,30.0,22.0,2384.0,2112.0,0.211815897449531,0.21820531799146736,32.0,16.0,6400000.0
2.0,2.0,4.0,8.0,59.0,32.0,1689.0,4864.0,0.11811219150348784,0.1261993787144161,0.0,0.5,6400000.0
46.0,512.0,8.0,3.0,1645.0,1370.0,62024.0,213312.0,0.3145738050321958,0.3183655730348809,16.0,0.0625,6400000.0
34.0,512.0,8.0,3.0,614.0,514.0,23726.0,77888.0,0.3258564075379592,0.332834297270022,16.0,0.25,6400000.0
25.0,512.0,8.0,2.0,113.0,94.0,5772.0,11840.0,0.25446652674505144,0.26625990280383205,32.0,1.0,6400000.0
90.0,512.0,8.0,3.0,2885.0,2476.0,108255.0,384640.0,0.2973978305559202,0.3109882654113394,16.0,0.015625,6400000.0
1.0,2.0,2.0,1.0,1.0,1.0,39.0,32.0,-0.0030632107251067353,-0.0017650185808415486,8192.0,0.03125,6400000.0
1.0,2.0,4.0,1.0,1.0,1.0,63.0,32.0,-0.0030632107251067353,-0.0017650185808415486,0.00195312,2048.0,6400000.0
512.0,512.0,8.0,3.0,14088.0,13582.0,551495.0,2107584.0,0.2465873768064062,0.22940932956121174,16.0,0.00390625,6400000.0
19.0,512.0,8.0,3.0,110.0,83.0,5428.0,10848.0,0.3078232849852275,0.3144164768351574,16.0,4.0,6400000.0
3.0,512.0,8.0,2.0,9.0,6.0,1295.0,576.0,0.10115259004895938,0.10346957106453547,32.0,64.0,6400000.0
25.0,512.0,8.0,3.0,226.0,182.0,9662.0,25920.0,0.32579409067695186,0.33377329909326503,16.0,1.0,6400000.0
512.0,512.0,8.0,3.0,14022.0,13517.0,548863.0,2097184.0,0.24175666582867805,0.22561758448597613,16.0,0.000976562,6400000.0
11.0,512.0,8.0,2.0,30.0,22.0,2384.0,2112.0,0.211815897449531,0.21820531799146736,16.0,16.0,6400000.0
2.0,2.0,4.0,8.0,59.0,32.0,1721.0,4864.0,0.11744780524159382,0.12535179503925165,0.000976562,0.00195312,6400000.0
1.0,1.0,1.0,2.0,3.0,2.0,108.0,192.0,0.03911015413878083,0.040912063041146696,32.0,1.0,6400000.0
1.0,512.0,8.0,1.0,1.0,1.0,543.0,32.0,-0.0030632107251067353,-0.0017650185808415486,32.0,256.0,6400000.0
1.0,512.0,8.0,1.0,1.0,1.0,543.0,32.0,-0.0030632107251067353,-0.0017650185808415486,32.0,1024.0,6400000.0
1.0,2.0,2.0,1.0,1.0,1.0,39.0,32.0,-0.0030632107251067353,-0.0017650185808415486,8192.0,16384.0,6400000.0
3.0,512.0,8.0,2.0,9.0,6.0,1295.0,576.0,0.10115259004895938,0.10346957106453547,16.0,64.0,6400000.0
1.0,512.0,8.0,1.0,1.0,1.0,543.0,32.0,-0.0030632107251067353,-0.0017650185808415486,32.0,4096.0,6400000.0
1.0,2.0,4.0,1.0,1.0,1.0,63.0,32.0,-0.0030632107251067353,-0.0017650185808415486,0.000976562,1024.0,6400000.0
1.0,512.0,8.0,1.0,1.0,1.0,543.0,32.0,-0.0030632107251067353,-0.0017650185808415486,32.0,16384.0,6400000.0
1.0,2.0,2.0,1.0,1.0,1.0,39.0,32.0,-0.0030632107251067353,-0.0017650185808415486,16384.0,64.0,6400000.0
2.0,2.0,4.0,4.0,21.0,12.0,665.0,1664.0,0.1039403757181403,0.10873228349871567,0.00195312,4.0,6400000.0
77.0,512.0,8.0,2.0,2312.0,2093.0,90013.0,325024.0,0.24716040929160277,0.25284904346328285,64.0,0.00195312,6400000.0
1.0,512.0,8.0,1.0,1.0,1.0,543.0,32.0,-0.0030632107251067353,-0.0017650185808415486,16.0,1024.0,6400000.0
2.0,2.0,4.0,8.0,59.0,32.0,1721.0,4864.0,0.11744780524159382,0.12535179503925165,0.00390625,0.015625,6400000.0
28.0,512.0,8.0,2.0,169.0,148.0,8044.0,20096.0,0.2583267179155011,0.26924795824128556,64.0,0.5,6400000.0
43.0,512.0,8.0,2.0,956.0,831.0,36891.0,127456.0,0.2495036172878049,0.2599850696109003,64.0,0.03125,6400000.0
34.0,512.0,8.0,2.0,382.0,332.0,15840.0,48768.0,0.2525339229655874,0.2678891556422792,64.0,0.125,6400000.0
98.0,512.0,8.0,2.0,2534.0,2327.0,98883.0,359776.0,0.24553442550057292,0.25173319932655247,64.0,0.0078125,6400000.0
1.0,512.0,8.0,1.0,1.0,1.0,543.0,32.0,-0.0030632107251067353,-0.0017650185808415486,16.0,256.0,6400000.0
512.0,512.0,8.0,2.0,12983.0,12730.0,513241.0,1971264.0,0.23720694073328819,0.23911219493970026,64.0,0.0,6400000.0
1.0,512.0,8.0,1.0,1.0,1.0,543.0,32.0,-0.0030632107251067353,-0.0017650185808415486,16.0,4096.0,6400000.0
2.0,2.0,4.0,8.0,59.0,32.0,1721.0,4864.0,0.11744780524159382,0.12535179503925165,0.0,0.000976562,6400000.0
1.0,2.0,2.0,1.0,1.0,1.0,39.0,32.0,-0.0030632107251067353,-0.0017650185808415486,8192.0,32.0,6400000.0
15.0,512.0,8.0,2.0,47.0,34.0,3196.0,3520.0,0.23483331904090687,0.24244665993785774,64.0,8.0,6400000.0
1.0,512.0,8.0,1.0,1.0,1.0,543.0,32.0,-0.0030632107251067353,-0.0017650185808415486,16.0,16384.0,6400000.0
1.0,2.0,2.0,1.0,1.0,1.0,39.0,32.0,-0.0030632107251067353,-0.0017650185808415486,32768.0,0.25,6400000.0
23.0,512.0,8.0,2.0,96.0,78.0,5189.0,9536.0,0.25348208415856677,0.264691761708014,64.0,2.0,6400000.0
98.0,512.0,8.0,2.0,2534.0,2327.0,98883.0,359776.0,0.24553442550057292,0.25173319932655247,32.0,0.0078125,6400000.0
77.0,512.0,8.0,2.0,2312.0,2093.0,90013.0,325024.0,0.24716040929160277,0.25284904346328285,32.0,0.00195312,6400000.0
43.0,512.0,8.0,2.0,956.0,831.0,36891.0,127456.0,0.2495036172878049,0.2599850696109003,32.0,0.03125,6400000.0
512.0,512.0,8.0,2.0,12983.0,12730.0,513241.0,1971264.0,0.23720694073328819,0.23911219493970026,32.0,0.0,6400000.0
1.0,2.0,4.0,1.0,1.0,1.0,63.0,32.0,-0.0030632107251067353,-0.0017650185808415486,0.0,512.0,6400000.0
34.0,512.0,8.0,2.0,382.0,332.0,15840.0,48768.0,0.2525339229655874,0.2678891556422792,32.0,0.125,6400000.0
1.0,2.0,2.0,1.0,1.0,1.0,39.0,32.0,-0.0030632107251067353,-0.0017650185808415486,32768.0,0.0,6400000.0
8.0,512.0,8.0,2.0,22.0,16.0,1924.0,1536.0,0.184803559555608,0.19082719424152972,64.0,32.0,6400000.0
28.0,512.0,8.0,2.0,169.0,148.0,8044.0,20096.0,0.2583267179155011,0.26924795824128556,32.0,0.5,6400000.0
2.0,2.0,4.0,7.0,48.0,27.0,1340.0,4064.0,0.11530801186121509,0.1236167818989673,0.000976562,2.0,6400000.0
1.0,512.0,8.0,1.0,1.0,1.0,543.0,32.0,-0.0030632107251067353,-0.0017650185808415486,64.0,512.0,6400000.0
1.0,2.0,2.0,1.0,1.0,1.0,39.0,32.0,-0.0030632107251067353,-0.0017650185808415486,32768.0,256.0,6400000.0
2.0,2.0,4.0,8.0,59.0,32.0,1721.0,4864.0,0.11744780524159382,0.12535179503925165,0.00195312,0.0078125,6400000.0
1.0,512.0,8.0,1.0,1.0,1.0,543.0,32.0,-0.0030632107251067353,-0.0017650185808415486,64.0,128.0,6400000.0
1.0,2.0,2.0,1.0,1.0,1.0,39.0,32.0,-0.0030632107251067353,-0.0017650185808415486,16384.0,0.125,6400000.0
1.0,1.0,1.0,2.0,3.0,2.0,108.0,192.0,0.03911015413878083,0.040912063041146696,32.0,0.0625,6400000.0
8.0,512.0,8.0,2.0,22.0,16.0,1924.0,1536.0,0.184803559555608,0.19082719424152972,32.0,32.0,6400000.0
15.0,512.0,8.0,2.0,47.0,34.0,3196.0,3520.0,0.23483331904090687,0.24244665993785774,32.0,8.0,6400000.0
1.0,512.0,8.0,1.0,1.0,1.0,543.0,32.0,-0.0030632107251067353,-0.0017650185808415486,64.0,2048.0,6400000.0
2.0,2.0,4.0,8.0,56.0,31.0,1621.0,4704.0,0.11779677262506982,0.1252309168241601,0.0,1.0,6400000.0
1.0,512.0,8.0,1.0,1.0,1.0,543.0,32.0,-0.0030632107251067353,-0.0017650185808415486,32.0,128.0,6400000.0
23.0,512.0,8.0,2.0,96.0,78.0,5189.0,9536.0,0.25348208415856677,0.264691761708014,32.0,2.0,6400000.0
2.0,2.0,4.0,3.0,10.0,6.0,343.0,704.0,0.09231549576014253,0.09427300599869859,0.00390625,16.0,6400000.0
1.0,512.0,8.0,1.0,1.0,1.0,543.0,32.0,-0.0030632107251067353,-0.0017650185808415486,64.0,32768.0,6400000.0
1.0,512.0,8.0,1.0,1.0,1.0,543.0,32.0,-0.0030632107251067353,-0.0017650185808415486,64.0,8192.0,6400000.0
1.0,2.0,4.0,1.0,1.0,1.0,63.0,32.0,-0.0030632107251067353,-0.0017650185808415486,0.00195312,4096.0,6400000.0
1.0,512.0,8.0,1.0,1.0,1.0,543.0,32.0,-0.0030632107251067353,-0.0017650185808415486,128.0,0.00390625,6400000.0
1.0,512.0,8.0,1.0,1.0,1.0,543.0,32.0,-0.0030632107251067353,-0.0017650185808415486,128.0,0.000976562,6400000.0
1.0,512.0,8.0,1.0,1.0,1.0,543.0,32.0,-0.0030632107251067353,-0.0017650185808415486,128.0,0.0625,6400000.0
1.0,512.0,8.0,1.0,1.0,1.0,543.0,32.0,-0.0030632107251067353,-0.0017650185808415486,128.0,0.015625,6400000.0
2.0,2.0,4.0,8.0,59.0,32.0,1721.0,4864.0,0.11744780524159382,0.12535179503925165,0.000976562,0.00390625,6400000.0
1.0,1.0,1.0,2.0,3.0,2.0,108.0,192.0,0.03911015413878083,0.040912063041146696,32.0,2.0,6400000.0
1.0,512.0,8.0,1.0,1.0,1.0,543.0,32.0,-0.0030632107251067353,-0.0017650185808415486,128.0,0.25,6400000.0
1.0,512.0,8.0,1.0,1.0,1.0,543.0,32.0,-0.0030632107251067353,-0.0017650185808415486,128.0,1.0,6400000.0
1.0,512.0,8.0,1.0,1.0,1.0,543.0,32.0,-0.0030632107251067353,-0.0017650185808415486,32.0,512.0,6400000.0
1.0,512.0,8.0,1.0,1.0,1.0,543.0,32.0,-0.0030632107251067353,-0.0017650185808415486,32.0,2048.0,6400000.0
1.0,2.0,2.0,1.0,1.0,1.0,39.0,32.0,-0.0030632107251067353,-0.0017650185808415486,8192.0,32768.0,6400000.0
1.0,512.0,8.0,1.0,1.0,1.0,543.0,32.0,-0.0030632107251067353,-0.0017650185808415486,32.0,32768.0,6400000.0
1.0,2.0,4.0,1.0,1.0,1.0,63.0,32.0,-0.0030632107251067353,-0.0017650185808415486,0.000976562,2048.0,6400000.0
1.0,512.0,8.0,1.0,1.0,1.0,543.0,32.0,-0.0030632107251067353,-0.0017650185808415486,128.0,4.0,6400000.0
1.0,512.0,8.0,1.0,1.0,1.0,543.0,32.0,-0.0030632107251067353,-0.0017650185808415486,32.0,8192.0,6400000.0
99.0,512.0,8.0,2.0,2755.0,2539.0,107581.0,393568.0,0.24479944744320392,0.250648548212702,64.0,0.00390625,6400000.0
1.0,2.0,2.0,1.0,1.0,1.0,39.0,32.0,-0.0030632107251067353,-0.0017650185808415486,16384.0,128.0,6400000.0
2.0,2.0,4.0,3.0,12.0,7.0,411.0,864.0,0.09413973999029857,0.09778814733003183,0.00195312,8.0,6400000.0
2.0,2.0,4.0,8.0,59.0,32.0,1721.0,4864.0,0.11744780524159382,0.12535179503925165,0.00390625,0.03125,6400000.0
1.0,512.0,8.0,1.0,1.0,1.0,543.0,32.0,-0.0030632107251067353,-0.0017650185808415486,128.0,16.0,6400000.0
43.0,512.0,8.0,2.0,726.0,634.0,28741.0,95936.0,0.24980045055688938,0.26173040333517594,64.0,0.0625,6400000.0
45.0,512.0,8.0,2.0,1321.0,1159.0,51449.0,179680.0,0.24935693130970082,0.2580753510772601,64.0,0.015625,6400000.0
25.0,512.0,8.0,2.0,113.0,94.0,5772.0,11840.0,0.25446652674505144,0.26625990280383205,64.0,1.0,6400000.0
30.0,512.0,8.0,2.0,240.0,210.0,10461.0,29760.0,0.25645278315202447,0.2688286878277909,64.0,0.25,6400000.0
237.0,512.0,8.0,2.0,5977.0,5743.0,235252.0,888544.0,0.23943837555391068,0.24234505351874436,64.0,0.000976562,6400000.0
2.0,2.0,4.0,8.0,59.0,32.0,1721.0,4864.0,0.11744780524159382,0.12535179503925165,0.0,0.00195312,6400000.0
1.0,2.0,4.0,1.0,1.0,1.0,63.0,32.0,-0.0030632107251067353,-0.0017650185808415486,0.00390625,16384.0,6400000.0
1.0,512.0,8.0,1.0,1.0,1.0,543.0,32.0,-0.0030632107251067353,-0.0017650185808415486,128.0,64.0,6400000.0
11.0,512.0,8.0,2.0,30.0,22.0,2384.0,2112.0,0.211815897449531,0.21820531799146736,64.0,16.0,6400000.0
20.0,512.0,8.0,2.0,81.0,65.0,4614.0,7840.0,0.25194387259795514,0.2611969990570394,64.0,4.0,6400000.0
1.0,2.0,2.0,1.0,1.0,1.0,39.0,32.0,-0.0030632107251067353,-0.0017650185808415486,32768.0,0.5,6400000.0
1.0,512.0,8.0,1.0,1.0,1.0,543.0,32.0,-0.0030632107251067353,-0.0017650185808415486,128.0,256.0,6400000.0
1.0,512.0,8.0,1.0,1.0,1.0,543.0,32.0,-0.0030632107251067353,-0.0017650185808415486,128.0,1024.0,6400000.0
1.0,512.0,8.0,1.0,1.0,1.0,543.0,32.0,-0.0030632107251067353,-0.0017650185808415486,256.0,0.0,6400000.0
1.0,2.0,4.0,1.0,1.0,1.0,63.0,32.0,-0.0030632107251067353,-0.0017650185808415486,0.0,1024.0,6400000.0
1.0,512.0,8.0,1.0,1.0,1.0,543.0,32.0,-0.0030632107251067353,-0.0017650185808415486,128.0,4096.0,6400000.0
1.0,512.0,8.0,1.0,1.0,1.0,543.0,32.0,-0.0030632107251067353,-0.0017650185808415486,128.0,16384.0,6400000.0
1.0,2.0,2.0,1.0,1.0,1.0,39.0,32.0,-0.0030632107251067353,-0.0017650185808415486,32768.0,0.000976562,6400000.0
1.0,512.0,8.0,1.0,1.0,1.0,543.0,32.0,-0.0030632107251067353,-0.0017650185808415486,256.0,0.0078125,6400000.0
1.0,512.0,8.0,1.0,1.0,1.0,543.0,32.0,-0.0030632107251067353,-0.0017650185808415486,256.0,0.00195312,6400000.0
1.0,512.0,8.0,1.0,1.0,1.0,543.0,32.0,-0.0030632107251067353,-0.0017650185808415486,64.0,1024.0,6400000.0
1.0,512.0,8.0,1.0,1.0,1.0,543.0,32.0,-0.0030632107251067353,-0.0017650185808415486,64.0,64.0,6400000.0
2.0,2.0,4.0,4.0,21.0,12.0,665.0,1664.0,0.1039403757181403,0.10873228349871567,0.000976562,4.0,6400000.0
1.0,512.0,8.0,1.0,1.0,1.0,543.0,32.0,-0.0030632107251067353,-0.0017650185808415486,256.0,0.03125,6400000.0
1.0,2.0,2.0,1.0,1.0,1.0,39.0,32.0,-0.0030632107251067353,-0.0017650185808415486,32768.0,512.0,6400000.0
1.0,512.0,8.0,1.0,1.0,1.0,543.0,32.0,-0.0030632107251067353,-0.0017650185808415486,64.0,256.0,6400000.0
1.0,2.0,2.0,1.0,1.0,1.0,39.0,32.0,-0.0030632107251067353,-0.0017650185808415486,16384.0,0.25,6400000.0
2.0,2.0,4.0,8.0,59.0,32.0,1721.0,4864.0,0.11744780524159382,0.12535179503925165,0.00195312,0.015625,6400000.0
2.0,2.0,4.0,7.0,48.0,27.0,1340.0,4064.0,0.11530801186121509,0.1236167818989673,0.0,2.0,6400000.0
1.0,512.0,8.0,1.0,1.0,1.0,543.0,32.0,-0.0030632107251067353,-0.0017650185808415486,64.0,4096.0,6400000.0
1.0,512.0,8.0,1.0,1.0,1.0,543.0,32.0,-0.0030632107251067353,-0.0017650185808415486,256.0,0.5,6400000.0
2.0,2.0,4.0,2.0,6.0,4.0,250.0,384.0,0.07262288558772911,0.07510528703488584,0.00390625,32.0,6400000.0
2.0,2.0,4.0,8.0,58.0,32.0,1689.0,4864.0,0.11758196525825881,0.1250787314522387,0.0078125,0.125,6400000.0
1.0,512.0,8.0,1.0,1.0,1.0,543.0,32.0,-0.0030632107251067353,-0.0017650185808415486,256.0,0.125,6400000.0
1.0,2.0,4.0,1.0,1.0,1.0,63.0,32.0,-0.0030632107251067353,-0.0017650185808415486,0.00195312,8192.0,6400000.0
1.0,512.0,8.0,1.0,1.0,1.0,543.0,32.0,-0.0030632107251067353,-0.0017650185808415486,64.0,16384.0,6400000.0
1.0,512.0,8.0,1.0,1.0,1.0,543.0,32.0,-0.0030632107251067353,-0.0017650185808415486,256.0,8.0,6400000.0
1.0,512.0,8.0,1.0,1.0,1.0,543.0,32.0,-0.0030632107251067353,-0.0017650185808415486,128.0,0.0,6400000.0
1.0,512.0,8.0,1.0,1.0,1.0,543.0,32.0,-0.0030632107251067353,-0.0017650185808415486,128.0,0.125,6400000.0
1.0,512.0,8.0,1.0,1.0,1.0,543.0,32.0,-0.0030632107251067353,-0.0017650185808415486,128.0,0.0078125,6400000.0
1.0,512.0,8.0,1.0,1.0,1.0,543.0,32.0,-0.0030632107251067353,-0.0017650185808415486,128.0,0.00195312,6400000.0
1.0,512.0,8.0,1.0,1.0,1.0,543.0,32.0,-0.0030632107251067353,-0.0017650185808415486,256.0,2.0,6400000.0
1.0,1.0,1.0,2.0,3.0,2.0,108.0,192.0,0.03911015413878083,0.040912063041146696,32.0,4.0,6400000.0
1.0,512.0,8.0,1.0,1.0,1.0,543.0,32.0,-0.0030632107251067353,-0.0017650185808415486,128.0,0.03125,6400000.0
2.0,2.0,4.0,8.0,59.0,32.0,1721.0,4864.0,0.11744780524159382,0.12535179503925165,0.000976562,0.0078125,6400000.0
1.0,512.0,8.0,1.0,1.0,1.0,543.0,32.0,-0.0030632107251067353,-0.0017650185808415486,128.0,0.5,6400000.0
1.0,512.0,8.0,1.0,1.0,1.0,543.0,32.0,-0.0030632107251067353,-0.0017650185808415486,128.0,2.0,6400000.0
1.0,512.0,8.0,1.0,1.0,1.0,543.0,32.0,-0.0030632107251067353,-0.0017650185808415486,256.0,32.0,6400000.0
1.0,512.0,8.0,1.0,1.0,1.0,543.0,32.0,-0.0030632107251067353,-0.0017650185808415486,256.0,128.0,6400000.0
1.0,512.0,8.0,1.0,1.0,1.0,543.0,32.0,-0.0030632107251067353,-0.0017650185808415486,256.0,2048.0,6400000.0
1.0,512.0,8.0,1.0,1.0,1.0,543.0,32.0,-0.0030632107251067353,-0.0017650185808415486,256.0,512.0,6400000.0
1.0,512.0,8.0,1.0,1.0,1.0,543.0,32.0,-0.0030632107251067353,-0.0017650185808415486,128.0,8.0,6400000.0
2.0,2.0,4.0,3.0,10.0,6.0,343.0,704.0,0.09231549576014253,0.09427300599869859,0.00195312,16.0,6400000.0
1.0,2.0,2.0,1.0,1.0,1.0,39.0,32.0,-0.0030632107251067353,-0.0017650185808415486,16384.0,256.0,6400000.0
1.0,2.0,4.0,1.0,1.0,1.0,63.0,32.0,-0.0030632107251067353,-0.0017650185808415486,0.000976562,4096.0,6400000.0
1.0,512.0,8.0,1.0,1.0,1.0,543.0,32.0,-0.0030632107251067353,-0.0017650185808415486,256.0,8192.0,6400000.0
1.0,512.0,8.0,1.0,1.0,1.0,543.0,32.0,-0.0030632107251067353,-0.0017650185808415486,256.0,32768.0,6400000.0
2.0,2.0,4.0,8.0,59.0,32.0,1721.0,4864.0,0.11744780524159382,0.12535179503925165,0.00390625,0.0625,6400000.0
1.0,512.0,8.0,1.0,1.0,1.0,543.0,32.0,-0.0030632107251067353,-0.0017650185808415486,128.0,32.0,6400000.0
1.0,2.0,4.0,1.0,1.0,1.0,63.0,32.0,-0.0030632107251067353,-0.0017650185808415486,0.0078125,128.0,6400000.0
1.0,512.0,8.0,1.0,1.0,1.0,543.0,32.0,-0.0030632107251067353,-0.0017650185808415486,512.0,0.000976562,6400000.0
1.0,512.0,8.0,1.0,1.0,1.0,543.0,32.0,-0.0030632107251067353,-0.0017650185808415486,512.0,0.00390625,6400000.0
1.0,1.0,1.0,1.0,1.0,1.0,35.0,32.0,-0.0030632107251067353,-0.0017650185808415486,32.0,128.0,6400000.0
1.0,512.0,8.0,1.0,1.0,1.0,543.0,32.0,-0.0030632107251067353,-0.0017650185808415486,512.0,0.015625,6400000.0
1.0,2.0,4.0,1.0,1.0,1.0,63.0,32.0,-0.0030632107251067353,-0.0017650185808415486,0.00390625,32768.0,6400000.0
1.0,512.0,8.0,1.0,1.0,1.0,543.0,32.0,-0.0030632107251067353,-0.0017650185808415486,128.0,128.0,6400000.0
2.0,2.0,4.0,8.0,59.0,32.0,1721.0,4864.0,0.11744780524159382,0.12535179503925165,0.0,0.00390625,6400000.0
1.0,2.0,2.0,1.0,1.0,1.0,39.0,32.0,-0.0030632107251067353,-0.0017650185808415486,32768.0,1.0,6400000.0
1.0,512.0,8.0,1.0,1.0,1.0,543.0,32.0,-0.0030632107251067353,-0.0017650185808415486,512.0,0.25,6400000.0
1.0,512.0,8.0,1.0,1.0,1.0,543.0,32.0,-0.0030632107251067353,-0.0017650185808415486,128.0,2048.0,6400000.0
1.0,512.0,8.0,1.0,1.0,1.0,543.0,32.0,-0.0030632107251067353,-0.0017650185808415486,512.0,0.0625,6400000.0
1.0,512.0,8.0,1.0,1.0,1.0,543.0,32.0,-0.0030632107251067353,-0.0017650185808415486,128.0,512.0,6400000.0
1.0,512.0,8.0,1.0,1.0,1.0,543.0,32.0,-0.0030632107251067353,-0.0017650185808415486,256.0,0.000976562,6400000.0
1.0,2.0,4.0,1.0,1.0,1.0,63.0,32.0,-0.0030632107251067353,-0.0017650185808415486,0.0,2048.0,6400000.0
1.0,512.0,8.0,1.0,1.0,1.0,543.0,32.0,-0.0030632107251067353,-0.0017650185808415486,128.0,8192.0,6400000.0
1.0,512.0,8.0,1.0,1.0,1.0,543.0,32.0,-0.0030632107251067353,-0.0017650185808415486,128.0,32768.0,6400000.0
1.0,512.0,8.0,1.0,1.0,1.0,543.0,32.0,-0.0030632107251067353,-0.0017650185808415486,256.0,0.015625,6400000.0
1.0,2.0,2.0,1.0,1.0,1.0,39.0,32.0,-0.0030632107251067353,-0.0017650185808415486,32768.0,0.00195312,6400000.0
1.0,512.0,8.0,1.0,1.0,1.0,543.0,32.0,-0.0030632107251067353,-0.0017650185808415486,256.0,0.00390625,6400000.0
1.0,512.0,8.0,1.0,1.0,1.0,543.0,32.0,-0.0030632107251067353,-0.0017650185808415486,512.0,1.0,6400000.0
1.0,512.0,8.0,1.0,1.0,1.0,543.0,32.0,-0.0030632107251067353,-0.0017650185808415486,256.0,0.0625,6400000.0
2.0,2.0,4.0,3.0,12.0,7.0,411.0,864.0,0.09413973999029857,0.09778814733003183,0.000976562,8.0,6400000.0
2.0,2.0,4.0,8.0,59.0,32.0,1721.0,4864.0,0.11744780524159382,0.12535179503925165,0.00195312,0.03125,6400000.0
1.0,512.0,8.0,1.0,1.0,1.0,543.0,32.0,-0.0030632107251067353,-0.0017650185808415486,512.0,16.0,6400000.0
1.0,2.0,2.0,1.0,1.0,1.0,39.0,32.0,-0.0030632107251067353,-0.0017650185808415486,32768.0,1024.0,6400000.0
1.0,512.0,8.0,1.0,1.0,1.0,543.0,32.0,-0.0030632107251067353,-0.0017650185808415486,512.0,4.0,6400000.0
2.0,2.0,4.0,4.0,21.0,12.0,665.0,1664.0,0.1039403757181403,0.10873228349871567,0.0,4.0,6400000.0
1.0,512.0,8.0,1.0,1.0,1.0,543.0,32.0,-0.0030632107251067353,-0.0017650185808415486,256.0,1.0,6400000.0
1.0,2.0,4.0,1.0,1.0,1.0,63.0,32.0,-0.0030632107251067353,-0.0017650185808415486,0.00195312,16384.0,6400000.0
2.0,2.0,4.0,2.0,6.0,4.0,250.0,384.0,0.07262288558772911,0.07510528703488584,0.00390625,64.0,6400000.0
1.0,512.0,8.0,1.0,1.0,1.0,543.0,32.0,-0.0030632107251067353,-0.0017650185808415486,512.0,64.0,6400000.0
1.0,512.0,8.0,1.0,1.0,1.0,543.0,32.0,-0.0030632107251067353,-0.0017650185808415486,256.0,0.25,6400000.0
1.0,512.0,8.0,1.0,1.0,1.0,543.0,32.0,-0.0030632107251067353,-0.0017650185808415486,512.0,256.0,6400000.0
2.0,2.0,4.0,8.0,58.0,32.0,1689.0,4864.0,0.11758196525825881,0.1250787314522387,0.0078125,0.25,6400000.0
1.0,512.0,8.0,1.0,1.0,1.0,543.0,32.0,-0.0030632107251067353,-0.0017650185808415486,256.0,16.0,6400000.0
2.0,2.0,4.0,8.0,59.0,32.0,1721.0,4864.0,0.11744780524159382,0.12535179503925165,0.015625,0.000976562,6400000.0
1.0,1.0,1.0,2.0,3.0,2.0,108.0,192.0,0.03911015413878083,0.040912063041146696,32.0,8.0,6400000.0
1.0,512.0,8.0,1.0,1.0,1.0,543.0,32.0,-0.0030632107251067353,-0.0017650185808415486,256.0,4.0,6400000.0
2.0,2.0,4.0,8.0,59.0,32.0,1721.0,4864.0,0.11744780524159382,0.12535179503925165,0.000976562,0.015625,6400000.0
1.0,512.0,8.0,1.0,1.0,1.0,543.0,32.0,-0.0030632107251067353,-0.0017650185808415486,1024.0,0.00195312,6400000.0
1.0,512.0,8.0,1.0,1.0,1.0,543.0,32.0,-0.0030632107251067353,-0.0017650185808415486,1024.0,0.03125,6400000.0
1.0,512.0,8.0,1.0,1.0,1.0,543.0,32.0,-0.0030632107251067353,-0.0017650185808415486,512.0,16384.0,6400000.0
1.0,512.0,8.0,1.0,1.0,1.0,543.0,32.0,-0.0030632107251067353,-0.0017650185808415486,1024.0,0.0,6400000.0
1.0,512.0,8.0,1.0,1.0,1.0,543.0,32.0,-0.0030632107251067353,-0.0017650185808415486,512.0,1024.0,6400000.0
1.0,512.0,8.0,1.0,1.0,1.0,543.0,32.0,-0.0030632107251067353,-0.0017650185808415486,1024.0,0.0078125,6400000.0
1.0,512.0,8.0,1.0,1.0,1.0,543.0,32.0,-0.0030632107251067353,-0.0017650185808415486,512.0,4096.0,6400000.0
1.0,512.0,8.0,1.0,1.0,1.0,543.0,32.0,-0.0030632107251067353,-0.0017650185808415486,256.0,64.0,6400000.0
1.0,512.0,8.0,1.0,1.0,1.0,543.0,32.0,-0.0030632107251067353,-0.0017650185808415486,256.0,1024.0,6400000.0
1.0,512.0,8.0,1.0,1.0,1.0,543.0,32.0,-0.0030632107251067353,-0.0017650185808415486,256.0,256.0,6400000.0
1.0,512.0,8.0,1.0,1.0,1.0,543.0,32.0,-0.0030632107251067353,-0.0017650185808415486,256.0,4096.0,6400000.0
1.0,512.0,8.0,1.0,1.0,1.0,543.0,32.0,-0.0030632107251067353,-0.0017650185808415486,1024.0,0.125,6400000.0
2.0,2.0,4.0,2.0,6.0,4.0,250.0,384.0,0.07262288558772911,0.07510528703488584,0.00195312,32.0,6400000.0
1.0,512.0,8.0,1.0,1.0,1.0,543.0,32.0,-0.0030632107251067353,-0.0017650185808415486,512.0,0.0,6400000.0
1.0,2.0,4.0,1.0,1.0,1.0,63.0,32.0,-0.0030632107251067353,-0.0017650185808415486,0.000976562,8192.0,6400000.0
1.0,512.0,8.0,1.0,1.0,1.0,543.0,32.0,-0.0030632107251067353,-0.0017650185808415486,256.0,16384.0,6400000.0
1.0,512.0,8.0,1.0,1.0,1.0,543.0,32.0,-0.0030632107251067353,-0.0017650185808415486,1024.0,0.5,6400000.0
2.0,2.0,4.0,8.0,58.0,32.0,1689.0,4864.0,0.11758196525825881,0.1250787314522387,0.00390625,0.125,6400000.0
1.0,512.0,8.0,1.0,1.0,1.0,543.0,32.0,-0.0030632107251067353,-0.0017650185808415486,512.0,0.00195312,6400000.0
1.0,512.0,8.0,1.0,1.0,1.0,543.0,32.0,-0.0030632107251067353,-0.0017650185808415486,1024.0,2.0,6400000.0
1.0,2.0,4.0,1.0,1.0,1.0,63.0,32.0,-0.0030632107251067353,-0.0017650185808415486,0.0078125,256.0,6400000.0
1.0,512.0,8.0,1.0,1.0,1.0,543.0,32.0,-0.0030632107251067353,-0.0017650185808415486,512.0,0.0078125,6400000.0
1.0,1.0,1.0,1.0,1.0,1.0,35.0,32.0,-0.0030632107251067353,-0.0017650185808415486,32.0,256.0,6400000.0
2.0,2.0,4.0,8.0,59.0,32.0,1721.0,4864.0,0.11744780524159382,0.12535179503925165,0.0078125,0.0,6400000.0
1.0,512.0,8.0,1.0,1.0,1.0,543.0,32.0,-0.0030632107251067353,-0.0017650185808415486,512.0,0.03125,6400000.0
2.0,2.0,4.0,8.0,59.0,32.0,1721.0,4864.0,0.11744780524159382,0.12535179503925165,0.0,0.0078125,6400000.0
1.0,512.0,8.0,1.0,1.0,1.0,543.0,32.0,-0.0030632107251067353,-0.0017650185808415486,512.0,0.125,6400000.0
1.0,2.0,2.0,1.0,1.0,1.0,39.0,32.0,-0.0030632107251067353,-0.0017650185808415486,32768.0,2.0,6400000.0
1.0,512.0,8.0,1.0,1.0,1.0,543.0,32.0,-0.0030632107251067353,-0.0017650185808415486,512.0,0.5,6400000.0
1.0,512.0,8.0,1.0,1.0,1.0,543.0,32.0,-0.0030632107251067353,-0.0017650185808415486,1024.0,8.0,6400000.0
1.0,2.0,4.0,1.0,1.0,1.0,63.0,32.0,-0.0030632107251067353,-0.0017650185808415486,0.0,4096.0,6400000.0
2.0,2.0,4.0,8.0,56.0,31.0,1621.0,4704.0,0.11779677262506982,0.1252309168241601,0.015625,1.0,6400000.0
1.0,512.0,8.0,1.0,1.0,1.0,543.0,32.0,-0.0030632107251067353,-0.0017650185808415486,1024.0,32.0,6400000.0
1.0,512.0,8.0,1.0,1.0,1.0,543.0,32.0,-0.0030632107251067353,-0.0017650185808415486,1024.0,128.0,6400000.0
1.0,512.0,8.0,1.0,1.0,1.0,543.0,32.0,-0.0030632107251067353,-0.0017650185808415486,1024.0,512.0,6400000.0
1.0,512.0,8.0,1.0,1.0,1.0,543.0,32.0,-0.0030632107251067353,-0.0017650185808415486,1024.0,2048.0,6400000.0
1.0,512.0,8.0,1.0,1.0,1.0,543.0,32.0,-0.0030632107251067353,-0.0017650185808415486,512.0,2.0,6400000.0
1.0,512.0,8.0,1.0,1.0,1.0,543.0,32.0,-0.0030632107251067353,-0.0017650185808415486,1024.0,32768.0,6400000.0
1.0,512.0,8.0,1.0,1.0,1.0,543.0,32.0,-0.0030632107251067353,-0.0017650185808415486,1024.0,8192.0,6400000.0
1.0,512.0,8.0,1.0,1.0,1.0,543.0,32.0,-0.0030632107251067353,-0.0017650185808415486,2048.0,0.000976562,6400000.0
2.0,2.0,4.0,8.0,59.0,32.0,1721.0,4864.0,0.11744780524159382,0.12535179503925165,0.00195312,0.0625,6400000.0
2.0,2.0,4.0,3.0,10.0,6.0,343.0,704.0,0.09231549576014253,0.09427300599869859,0.000976562,16.0,6400000.0
1.0,512.0,8.0,1.0,1.0,1.0,543.0,32.0,-0.0030632107251067353,-0.0017650185808415486,512.0,32.0,6400000.0
1.0,512.0,8.0,1.0,1.0,1.0,543.0,32.0,-0.0030632107251067353,-0.0017650185808415486,2048.0,0.00390625,6400000.0
2.0,2.0,4.0,3.0,12.0,7.0,411.0,864.0,0.09413973999029857,0.09778814733003183,0.0,8.0,6400000.0
1.0,512.0,8.0,1.0,1.0,1.0,543.0,32.0,-0.0030632107251067353,-0.0017650185808415486,512.0,8.0,6400000.0
1.0,2.0,2.0,1.0,1.0,1.0,39.0,32.0,-0.0030632107251067353,-0.0017650185808415486,32768.0,2048.0,6400000.0
1.0,512.0,8.0,1.0,1.0,1.0,543.0,32.0,-0.0030632107251067353,-0.0017650185808415486,512.0,128.0,6400000.0
1.0,512.0,8.0,1.0,1.0,1.0,543.0,32.0,-0.0030632107251067353,-0.0017650185808415486,512.0,512.0,6400000.0
1.0,2.0,4.0,1.0,1.0,1.0,63.0,32.0,-0.0030632107251067353,-0.0017650185808415486,0.00195312,32768.0,6400000.0
1.0,2.0,4.0,1.0,1.0,1.0,63.0,32.0,-0.0030632107251067353,-0.0017650185808415486,0.00390625,128.0,6400000.0
2.0,2.0,4.0,8.0,59.0,32.0,1689.0,4864.0,0.11811219150348784,0.1261993787144161,0.0078125,0.5,6400000.0
1.0,512.0,8.0,1.0,1.0,1.0,543.0,32.0,-0.0030632107251067353,-0.0017650185808415486,2048.0,0.0625,6400000.0
1.0,512.0,8.0,1.0,1.0,1.0,543.0,32.0,-0.0030632107251067353,-0.0017650185808415486,2048.0,0.015625,6400000.0
1.0,1.0,1.0,2.0,3.0,2.0,108.0,192.0,0.03911015413878083,0.040912063041146696,32.0,16.0,6400000.0
1.0,512.0,8.0,1.0,1.0,1.0,543.0,32.0,-0.0030632107251067353,-0.0017650185808415486,2048.0,0.25,6400000.0
2.0,2.0,4.0,8.0,59.0,32.0,1721.0,4864.0,0.11744780524159382,0.12535179503925165,0.015625,0.00195312,6400000.0
1.0,2.0,4.0,1.0,1.0,1.0,63.0,32.0,-0.0030632107251067353,-0.0017650185808415486,0.015625,1024.0,6400000.0
1.0,512.0,8.0,1.0,1.0,1.0,543.0,32.0,-0.0030632107251067353,-0.0017650185808415486,1024.0,0.00390625,6400000.0
1.0,512.0,8.0,1.0,1.0,1.0,543.0,32.0,-0.0030632107251067353,-0.0017650185808415486,512.0,32768.0,6400000.0
2.0,2.0,4.0,8.0,59.0,32.0,1721.0,4864.0,0.11744780524159382,0.12535179503925165,0.000976562,0.03125,6400000.0
1.0,512.0,8.0,1.0,1.0,1.0,543.0,32.0,-0.0030632107251067353,-0.0017650185808415486,1024.0,0.0625,6400000.0
1.0,512.0,8.0,1.0,1.0,1.0,543.0,32.0,-0.0030632107251067353,-0.0017650185808415486,512.0,8192.0,6400000.0
1.0,512.0,8.0,1.0,1.0,1.0,543.0,32.0,-0.0030632107251067353,-0.0017650185808415486,512.0,2048.0,6400000.0
1.0,512.0,8.0,1.0,1.0,1.0,543.0,32.0,-0.0030632107251067353,-0.0017650185808415486,1024.0,0.000976562,6400000.0
1.0,512.0,8.0,1.0,1.0,1.0,543.0,32.0,-0.0030632107251067353,-0.0017650185808415486,1024.0,0.015625,6400000.0
1.0,512.0,8.0,1.0,1.0,1.0,543.0,32.0,-0.0030632107251067353,-0.0017650185808415486,1024.0,0.25,6400000.0
1.0,512.0,8.0,1.0,1.0,1.0,543.0,32.0,-0.0030632107251067353,-0.0017650185808415486,2048.0,4.0,6400000.0
1.0,512.0,8.0,1.0,1.0,1.0,543.0,32.0,-0.0030632107251067353,-0.0017650185808415486,2048.0,64.0,6400000.0
1.0,512.0,8.0,1.0,1.0,1.0,543.0,32.0,-0.0030632107251067353,-0.0017650185808415486,2048.0,1.0,6400000.0
1.0,512.0,8.0,1.0,1.0,1.0,543.0,32.0,-0.0030632107251067353,-0.0017650185808415486,2048.0,16.0,6400000.0
1.0,2.0,4.0,1.0,1.0,1.0,63.0,32.0,-0.0030632107251067353,-0.0017650185808415486,0.000976562,16384.0,6400000.0
2.0,2.0,4.0,2.0,6.0,4.0,250.0,384.0,0.07262288558772911,0.07510528703488584,0.00195312,64.0,6400000.0
1.0,512.0,8.0,1.0,1.0,1.0,543.0,32.0,-0.0030632107251067353,-0.0017650185808415486,2048.0,256.0,6400000.0
2.0,2.0,4.0,8.0,58.0,32.0,1689.0,4864.0,0.11758196525825881,0.1250787314522387,0.00390625,0.25,6400000.0
1.0,512.0,8.0,1.0,1.0,1.0,543.0,32.0,-0.0030632107251067353,-0.0017650185808415486,1024.0,1.0,6400000.0
1.0,2.0,4.0,1.0,1.0,1.0,63.0,32.0,-0.0030632107251067353,-0.0017650185808415486,0.0078125,512.0,6400000.0
1.0,512.0,8.0,1.0,1.0,1.0,543.0,32.0,-0.0030632107251067353,-0.0017650185808415486,2048.0,4096.0,6400000.0
1.0,512.0,8.0,1.0,1.0,1.0,543.0,32.0,-0.0030632107251067353,-0.0017650185808415486,2048.0,1024.0,6400000.0
1.0,512.0,8.0,1.0,1.0,1.0,543.0,32.0,-0.0030632107251067353,-0.0017650185808415486,1024.0,4.0,6400000.0
1.0,1.0,1.0,1.0,1.0,1.0,35.0,32.0,-0.0030632107251067353,-0.0017650185808415486,32.0,512.0,6400000.0
2.0,2.0,4.0,8.0,59.0,32.0,1721.0,4864.0,0.11744780524159382,0.12535179503925165,0.0078125,0.000976562,6400000.0
1.0,512.0,8.0,1.0,1.0,1.0,543.0,32.0,-0.0030632107251067353,-0.0017650185808415486,4096.0,0.0,6400000.0
2.0,2.0,4.0,8.0,59.0,32.0,1721.0,4864.0,0.11744780524159382,0.12535179503925165,0.0,0.015625,6400000.0
1.0,512.0,8.0,1.0,1.0,1.0,543.0,32.0,-0.0030632107251067353,-0.0017650185808415486,2048.0,16384.0,6400000.0
1.0,512.0,8.0,1.0,1.0,1.0,543.0,32.0,-0.0030632107251067353,-0.0017650185808415486,4096.0,0.0078125,6400000.0
2.0,2.0,4.0,7.0,48.0,27.0,1340.0,4064.0,0.11530801186121509,0.1236167818989673,0.015625,2.0,6400000.0
1.0,512.0,8.0,1.0,1.0,1.0,543.0,32.0,-0.0030632107251067353,-0.0017650185808415486,1024.0,16.0,6400000.0
1.0,512.0,8.0,1.0,1.0,1.0,543.0,32.0,-0.0030632107251067353,-0.0017650185808415486,4096.0,0.00195312,6400000.0
2.0,2.0,4.0,8.0,59.0,32.0,1721.0,4864.0,0.11744780524159382,0.12535179503925165,0.03125,0.0078125,6400000.0
1.0,512.0,8.0,1.0,1.0,1.0,543.0,32.0,-0.0030632107251067353,-0.0017650185808415486,1024.0,256.0,6400000.0
1.0,512.0,8.0,1.0,1.0,1.0,543.0,32.0,-0.0030632107251067353,-0.0017650185808415486,1024.0,4096.0,6400000.0
1.0,512.0,8.0,1.0,1.0,1.0,543.0,32.0,-0.0030632107251067353,-0.0017650185808415486,1024.0,64.0,6400000.0
1.0,2.0,4.0,1.0,1.0,1.0,63.0,32.0,-0.0030632107251067353,-0.0017650185808415486,0.0,8192.0,6400000.0
1.0,512.0,8.0,1.0,1.0,1.0,543.0,32.0,-0.0030632107251067353,-0.0017650185808415486,1024.0,1024.0,6400000.0
1.0,512.0,8.0,1.0,1.0,1.0,543.0,32.0,-0.0030632107251067353,-0.0017650185808415486,2048.0,0.0,6400000.0
1.0,512.0,8.0,1.0,1.0,1.0,543.0,32.0,-0.0030632107251067353,-0.0017650185808415486,1024.0,16384.0,6400000.0
2.0,2.0,4.0,2.0,6.0,4.0,250.0,384.0,0.07262288558772911,0.07510528703488584,0.000976562,32.0,6400000.0
1.0,512.0,8.0,1.0,1.0,1.0,543.0,32.0,-0.0030632107251067353,-0.0017650185808415486,2048.0,0.00195312,6400000.0
2.0,2.0,4.0,8.0,58.0,32.0,1689.0,4864.0,0.11758196525825881,0.1250787314522387,0.00195312,0.125,6400000.0
1.0,512.0,8.0,1.0,1.0,1.0,543.0,32.0,-0.0030632107251067353,-0.0017650185808415486,4096.0,0.03125,6400000.0
1.0,512.0,8.0,1.0,1.0,1.0,543.0,32.0,-0.0030632107251067353,-0.0017650185808415486,4096.0,0.125,6400000.0
1.0,512.0,8.0,1.0,1.0,1.0,543.0,32.0,-0.0030632107251067353,-0.0017650185808415486,2048.0,0.0078125,6400000.0
2.0,2.0,4.0,3.0,10.0,6.0,343.0,704.0,0.09231549576014253,0.09427300599869859,0.0,16.0,6400000.0
2.0,2.0,4.0,8.0,59.0,32.0,1721.0,4864.0,0.11744780524159382,0.12535179503925165,0.00390625,0.0,6400000.0
1.0,512.0,8.0,1.0,1.0,1.0,543.0,32.0,-0.0030632107251067353,-0.0017650185808415486,4096.0,0.5,6400000.0
1.0,2.0,4.0,1.0,1.0,1.0,63.0,32.0,-0.0030632107251067353,-0.0017650185808415486,0.00390625,256.0,6400000.0
1.0,512.0,8.0,1.0,1.0,1.0,543.0,32.0,-0.0030632107251067353,-0.0017650185808415486,4096.0,2.0,6400000.0
1.0,512.0,8.0,1.0,1.0,1.0,543.0,32.0,-0.0030632107251067353,-0.0017650185808415486,4096.0,8.0,6400000.0
1.0,512.0,8.0,1.0,1.0,1.0,543.0,32.0,-0.0030632107251067353,-0.0017650185808415486,2048.0,0.125,6400000.0
1.0,512.0,8.0,1.0,1.0,1.0,543.0,32.0,-0.0030632107251067353,-0.0017650185808415486,4096.0,32.0,6400000.0
1.0,2.0,4.0,1.0,1.0,1.0,63.0,32.0,-0.0030632107251067353,-0.0017650185808415486,0.015625,2048.0,6400000.0
2.0,2.0,4.0,8.0,56.0,31.0,1621.0,4704.0,0.11779677262506982,0.1252309168241601,0.0078125,1.0,6400000.0
1.0,512.0,8.0,1.0,1.0,1.0,543.0,32.0,-0.0030632107251067353,-0.0017650185808415486,2048.0,0.5,6400000.0
1.0,512.0,8.0,1.0,1.0,1.0,543.0,32.0,-0.0030632107251067353,-0.0017650185808415486,2048.0,0.03125,6400000.0
1.0,512.0,8.0,1.0,1.0,1.0,543.0,32.0,-0.0030632107251067353,-0.0017650185808415486,4096.0,128.0,6400000.0
1.0,1.0,1.0,2.0,3.0,2.0,108.0,192.0,0.03911015413878083,0.040912063041146696,32.0,32.0,6400000.0
2.0,2.0,4.0,8.0,59.0,32.0,1721.0,4864.0,0.11744780524159382,0.12535179503925165,0.015625,0.00390625,6400000.0
1.0,512.0,8.0,1.0,1.0,1.0,543.0,32.0,-0.0030632107251067353,-0.0017650185808415486,4096.0,512.0,6400000.0
2.0,2.0,4.0,8.0,59.0,32.0,1721.0,4864.0,0.11744780524159382,0.12535179503925165,0.000976562,0.0625,6400000.0
1.0,512.0,8.0,1.0,1.0,1.0,543.0,32.0,-0.0030632107251067353,-0.0017650185808415486,4096.0,8192.0,6400000.0
2.0,2.0,4.0,3.0,12.0,7.0,411.0,864.0,0.09413973999029857,0.09778814733003183,0.03125,8.0,6400000.0
1.0,512.0,8.0,1.0,1.0,1.0,543.0,32.0,-0.0030632107251067353,-0.0017650185808415486,4096.0,2048.0,6400000.0
1.0,512.0,8.0,1.0,1.0,1.0,543.0,32.0,-0.0030632107251067353,-0.0017650185808415486,8192.0,0.000976562,6400000.0
1.0,512.0,8.0,1.0,1.0,1.0,543.0,32.0,-0.0030632107251067353,-0.0017650185808415486,2048.0,8.0,6400000.0
1.0,512.0,8.0,1.0,1.0,1.0,543.0,32.0,-0.0030632107251067353,-0.0017650185808415486,2048.0,32.0,6400000.0
1.0,512.0,8.0,1.0,1.0,1.0,543.0,32.0,-0.0030632107251067353,-0.0017650185808415486,2048.0,512.0,6400000.0
1.0,512.0,8.0,1.0,1.0,1.0,543.0,32.0,-0.0030632107251067353,-0.0017650185808415486,2048.0,2.0,6400000.0
1.0,512.0,8.0,1.0,1.0,1.0,543.0,32.0,-0.0030632107251067353,-0.0017650185808415486,4096.0,32768.0,6400000.0
1.0,512.0,8.0,1.0,1.0,1.0,543.0,32.0,-0.0030632107251067353,-0.0017650185808415486,8192.0,0.00390625,6400000.0
1.0,2.0,4.0,1.0,1.0,1.0,63.0,32.0,-0.0030632107251067353,-0.0017650185808415486,0.00195312,128.0,6400000.0
1.0,512.0,8.0,1.0,1.0,1.0,543.0,32.0,-0.0030632107251067353,-0.0017650185808415486,2048.0,128.0,6400000.0
1.0,2.0,4.0,1.0,1.0,1.0,63.0,32.0,-0.0030632107251067353,-0.0017650185808415486,0.000976562,32768.0,6400000.0
2.0,2.0,4.0,8.0,59.0,32.0,1689.0,4864.0,0.11811219150348784,0.1261993787144161,0.00390625,0.5,6400000.0
1.0,2.0,4.0,1.0,1.0,1.0,63.0,32.0,-0.0030632107251067353,-0.0017650185808415486,0.0078125,1024.0,6400000.0
1.0,512.0,8.0,1.0,1.0,1.0,543.0,32.0,-0.0030632107251067353,-0.0017650185808415486,2048.0,2048.0,6400000.0
1.0,512.0,8.0,1.0,1.0,1.0,543.0,32.0,-0.0030632107251067353,-0.0017650185808415486,8192.0,0.015625,6400000.0
2.0,2.0,4.0,8.0,59.0,32.0,1721.0,4864.0,0.11744780524159382,0.12535179503925165,0.0078125,0.00195312,6400000.0
1.0,1.0,1.0,1.0,1.0,1.0,35.0,32.0,-0.0030632107251067353,-0.0017650185808415486,32.0,1024.0,6400000.0
1.0,512.0,8.0,1.0,1.0,1.0,543.0,32.0,-0.0030632107251067353,-0.0017650185808415486,8192.0,0.0625,6400000.0
1.0,512.0,8.0,1.0,1.0,1.0,543.0,32.0,-0.0030632107251067353,-0.0017650185808415486,2048.0,8192.0,6400000.0
1.0,512.0,8.0,1.0,1.0,1.0,543.0,32.0,-0.0030632107251067353,-0.0017650185808415486,2048.0,32768.0,6400000.0
1.0,512.0,8.0,1.0,1.0,1.0,543.0,32.0,-0.0030632107251067353,-0.0017650185808415486,4096.0,0.000976562,6400000.0
1.0,512.0,8.0,1.0,1.0,1.0,543.0,32.0,-0.0030632107251067353,-0.0017650185808415486,4096.0,0.00390625,6400000.0
1.0,512.0,8.0,1.0,1.0,1.0,543.0,32.0,-0.0030632107251067353,-0.0017650185808415486,4096.0,0.015625,6400000.0
2.0,2.0,4.0,4.0,21.0,12.0,665.0,1664.0,0.1039403757181403,0.10873228349871567,0.015625,4.0,6400000.0
2.0,2.0,4.0,8.0,59.0,32.0,1721.0,4864.0,0.11744780524159382,0.12535179503925165,0.03125,0.015625,6400000.0
1.0,512.0,8.0,1.0,1.0,1.0,543.0,32.0,-0.0030632107251067353,-0.0017650185808415486,8192.0,4.0,6400000.0
1.0,512.0,8.0,1.0,1.0,1.0,543.0,32.0,-0.0030632107251067353,-0.0017650185808415486,8192.0,1.0,6400000.0
1.0,512.0,8.0,1.0,1.0,1.0,543.0,32.0,-0.0030632107251067353,-0.0017650185808415486,8192.0,64.0,6400000.0
1.0,2.0,4.0,1.0,1.0,1.0,63.0,32.0,-0.0030632107251067353,-0.0017650185808415486,0.0,16384.0,6400000.0
1.0,512.0,8.0,1.0,1.0,1.0,543.0,32.0,-0.0030632107251067353,-0.0017650185808415486,8192.0,0.25,6400000.0
1.0,512.0,8.0,1.0,1.0,1.0,543.0,32.0,-0.0030632107251067353,-0.0017650185808415486,8192.0,16.0,6400000.0
1.0,2.0,4.0,1.0,1.0,1.0,63.0,32.0,-0.0030632107251067353,-0.0017650185808415486,0.03125,8192.0,6400000.0
1.0,512.0,8.0,1.0,1.0,1.0,543.0,32.0,-0.0030632107251067353,-0.0017650185808415486,8192.0,256.0,6400000.0
2.0,2.0,4.0,2.0,6.0,4.0,250.0,384.0,0.07262288558772911,0.07510528703488584,0.000976562,64.0,6400000.0
1.0,512.0,8.0,1.0,1.0,1.0,543.0,32.0,-0.0030632107251067353,-0.0017650185808415486,8192.0,1024.0,6400000.0
2.0,2.0,4.0,8.0,58.0,32.0,1689.0,4864.0,0.11758196525825881,0.1250787314522387,0.00195312,0.25,6400000.0
1.0,512.0,8.0,1.0,1.0,1.0,543.0,32.0,-0.0030632107251067353,-0.0017650185808415486,4096.0,0.0625,6400000.0
1.0,512.0,8.0,1.0,1.0,1.0,543.0,32.0,-0.0030632107251067353,-0.0017650185808415486,8192.0,4096.0,6400000.0
1.0,512.0,8.0,1.0,1.0,1.0,543.0,32.0,-0.0030632107251067353,-0.0017650185808415486,4096.0,0.25,6400000.0
1.0,512.0,8.0,1.0,1.0,1.0,543.0,32.0,-0.0030632107251067353,-0.0017650185808415486,16384.0,0.0,6400000.0
1.0,512.0,8.0,1.0,1.0,1.0,543.0,32.0,-0.0030632107251067353,-0.0017650185808415486,4096.0,1.0,6400000.0
1.0,512.0,8.0,1.0,1.0,1.0,543.0,32.0,-0.0030632107251067353,-0.0017650185808415486,8192.0,16384.0,6400000.0
1.0,512.0,8.0,1.0,1.0,1.0,543.0,32.0,-0.0030632107251067353,-0.0017650185808415486,4096.0,4.0,6400000.0
1.0,2.0,4.0,1.0,1.0,1.0,63.0,32.0,-0.0030632107251067353,-0.0017650185808415486,0.00390625,512.0,6400000.0
1.0,512.0,8.0,1.0,1.0,1.0,543.0,32.0,-0.0030632107251067353,-0.0017650185808415486,4096.0,16.0,6400000.0
1.0,512.0,8.0,1.0,1.0,1.0,543.0,32.0,-0.0030632107251067353,-0.0017650185808415486,4096.0,64.0,6400000.0
2.0,2.0,4.0,8.0,59.0,32.0,1721.0,4864.0,0.11744780524159382,0.12535179503925165,0.00390625,0.000976562,6400000.0
1.0,2.0,4.0,1.0,1.0,1.0,63.0,32.0,-0.0030632107251067353,-0.0017650185808415486,0.015625,4096.0,6400000.0
1.0,512.0,8.0,1.0,1.0,1.0,543.0,32.0,-0.0030632107251067353,-0.0017650185808415486,4096.0,256.0,6400000.0
2.0,2.0,4.0,7.0,48.0,27.0,1340.0,4064.0,0.11530801186121509,0.1236167818989673,0.0078125,2.0,6400000.0
1.0,512.0,8.0,1.0,1.0,1.0,543.0,32.0,-0.0030632107251067353,-0.0017650185808415486,16384.0,0.00195312,6400000.0
2.0,2.0,4.0,8.0,59.0,32.0,1721.0,4864.0,0.11744780524159382,0.12535179503925165,0.015625,0.0078125,6400000.0
2.0,2.0,4.0,8.0,58.0,32.0,1689.0,4864.0,0.11758196525825881,0.1250787314522387,0.000976562,0.125,6400000.0
2.0,2.0,4.0,3.0,10.0,6.0,343.0,704.0,0.09231549576014253,0.09427300599869859,0.03125,16.0,6400000.0
1.0,512.0,8.0,1.0,1.0,1.0,543.0,32.0,-0.0030632107251067353,-0.0017650185808415486,4096.0,16384.0,6400000.0
1.0,512.0,8.0,1.0,1.0,1.0,543.0,32.0,-0.0030632107251067353,-0.0017650185808415486,4096.0,1024.0,6400000.0
1.0,512.0,8.0,1.0,1.0,1.0,543.0,32.0,-0.0030632107251067353,-0.0017650185808415486,4096.0,4096.0,6400000.0
1.0,512.0,8.0,1.0,1.0,1.0,543.0,32.0,-0.0030632107251067353,-0.0017650185808415486,16384.0,0.0078125,6400000.0
1.0,512.0,8.0,1.0,1.0,1.0,543.0,32.0,-0.0030632107251067353,-0.0017650185808415486,16384.0,0.03125,6400000.0
1.0,1.0,1.0,2.0,3.0,2.0,108.0,192.0,0.03911015413878083,0.040912063041146696,32.0,64.0,6400000.0
2.0,2.0,4.0,8.0,59.0,32.0,1721.0,4864.0,0.11744780524159382,0.12535179503925165,0.0625,0.0625,6400000.0
1.0,512.0,8.0,1.0,1.0,1.0,543.0,32.0,-0.0030632107251067353,-0.0017650185808415486,8192.0,0.0,6400000.0
1.0,512.0,8.0,1.0,1.0,1.0,543.0,32.0,-0.0030632107251067353,-0.0017650185808415486,8192.0,0.0078125,6400000.0
1.0,512.0,8.0,1.0,1.0,1.0,543.0,32.0,-0.0030632107251067353,-0.0017650185808415486,16384.0,0.5,6400000.0
1.0,512.0,8.0,1.0,1.0,1.0,543.0,32.0,-0.0030632107251067353,-0.0017650185808415486,8192.0,0.00195312,6400000.0
1.0,512.0,8.0,1.0,1.0,1.0,543.0,32.0,-0.0030632107251067353,-0.0017650185808415486,16384.0,0.125,6400000.0
2.0,2.0,4.0,8.0,59.0,32.0,1721.0,4864.0,0.11744780524159382,0.12535179503925165,0.00195312,0.0,6400000.0
1.0,512.0,8.0,1.0,1.0,1.0,543.0,32.0,-0.0030632107251067353,-0.0017650185808415486,16384.0,2.0,6400000.0
1.0,2.0,4.0,1.0,1.0,1.0,63.0,32.0,-0.0030632107251067353,-0.0017650185808415486,0.00195312,256.0,6400000.0
2.0,2.0,4.0,8.0,56.0,31.0,1621.0,4704.0,0.11779677262506982,0.1252309168241601,0.00390625,1.0,6400000.0
1.0,2.0,4.0,1.0,1.0,1.0,63.0,32.0,-0.0030632107251067353,-0.0017650185808415486,0.0078125,2048.0,6400000.0
1.0,512.0,8.0,1.0,1.0,1.0,543.0,32.0,-0.0030632107251067353,-0.0017650185808415486,16384.0,8.0,6400000.0
1.0,512.0,8.0,1.0,1.0,1.0,543.0,32.0,-0.0030632107251067353,-0.0017650185808415486,8192.0,0.03125,6400000.0
2.0,2.0,4.0,8.0,59.0,32.0,1721.0,4864.0,0.11744780524159382,0.12535179503925165,0.0078125,0.00390625,6400000.0
1.0,1.0,1.0,1.0,1.0,1.0,35.0,32.0,-0.0030632107251067353,-0.0017650185808415486,32.0,2048.0,6400000.0
1.0,512.0,8.0,1.0,1.0,1.0,543.0,32.0,-0.0030632107251067353,-0.0017650185808415486,8192.0,0.125,6400000.0
1.0,512.0,8.0,1.0,1.0,1.0,543.0,32.0,-0.0030632107251067353,-0.0017650185808415486,16384.0,32.0,6400000.0
1.0,512.0,8.0,1.0,1.0,1.0,543.0,32.0,-0.0030632107251067353,-0.0017650185808415486,16384.0,128.0,6400000.0
1.0,512.0,8.0,1.0,1.0,1.0,543.0,32.0,-0.0030632107251067353,-0.0017650185808415486,16384.0,512.0,6400000.0
2.0,2.0,4.0,3.0,12.0,7.0,411.0,864.0,0.09413973999029857,0.09778814733003183,0.015625,8.0,6400000.0
2.0,2.0,4.0,8.0,59.0,32.0,1721.0,4864.0,0.11744780524159382,0.12535179503925165,0.03125,0.03125,6400000.0
1.0,512.0,8.0,1.0,1.0,1.0,543.0,32.0,-0.0030632107251067353,-0.0017650185808415486,8192.0,8.0,6400000.0
1.0,512.0,8.0,1.0,1.0,1.0,543.0,32.0,-0.0030632107251067353,-0.0017650185808415486,16384.0,8192.0,6400000.0
1.0,512.0,8.0,1.0,1.0,1.0,543.0,32.0,-0.0030632107251067353,-0.0017650185808415486,16384.0,2048.0,6400000.0
1.0,512.0,8.0,1.0,1.0,1.0,543.0,32.0,-0.0030632107251067353,-0.0017650185808415486,16384.0,32768.0,6400000.0
1.0,512.0,8.0,1.0,1.0,1.0,543.0,32.0,-0.0030632107251067353,-0.0017650185808415486,8192.0,128.0,6400000.0
1.0,512.0,8.0,1.0,1.0,1.0,543.0,32.0,-0.0030632107251067353,-0.0017650185808415486,8192.0,32.0,6400000.0
1.0,512.0,8.0,1.0,1.0,1.0,543.0,32.0,-0.0030632107251067353,-0.0017650185808415486,8192.0,0.5,6400000.0
1.0,512.0,8.0,1.0,1.0,1.0,543.0,32.0,-0.0030632107251067353,-0.0017650185808415486,8192.0,2.0,6400000.0
2.0,2.0,4.0,2.0,6.0,4.0,250.0,384.0,0.07262288558772911,0.07510528703488584,0.0625,64.0,6400000.0
1.0,2.0,4.0,1.0,1.0,1.0,63.0,32.0,-0.0030632107251067353,-0.0017650185808415486,0.03125,16384.0,6400000.0
2.0,2.0,4.0,8.0,59.0,32.0,1689.0,4864.0,0.11811219150348784,0.1261993787144161,0.00195312,0.5,6400000.0
1.0,512.0,8.0,1.0,1.0,1.0,543.0,32.0,-0.0030632107251067353,-0.0017650185808415486,8192.0,512.0,6400000.0
1.0,2.0,4.0,1.0,1.0,1.0,63.0,32.0,-0.0030632107251067353,-0.0017650185808415486,0.000976562,128.0,6400000.0
1.0,512.0,8.0,1.0,1.0,1.0,543.0,32.0,-0.0030632107251067353,-0.0017650185808415486,8192.0,2048.0,6400000.0
1.0,512.0,8.0,1.0,1.0,1.0,543.0,32.0,-0.0030632107251067353,-0.0017650185808415486,8192.0,8192.0,6400000.0
1.0,512.0,8.0,1.0,1.0,1.0,543.0,32.0,-0.0030632107251067353,-0.0017650185808415486,32768.0,0.000976562,6400000.0
1.0,512.0,8.0,1.0,1.0,1.0,543.0,32.0,-0.0030632107251067353,-0.0017650185808415486,16384.0,0.000976562,6400000.0
1.0,512.0,8.0,1.0,1.0,1.0,543.0,32.0,-0.0030632107251067353,-0.0017650185808415486,32768.0,0.00390625,6400000.0
1.0,512.0,8.0,1.0,1.0,1.0,543.0,32.0,-0.0030632107251067353,-0.0017650185808415486,8192.0,32768.0,6400000.0
1.0,2.0,4.0,1.0,1.0,1.0,63.0,32.0,-0.0030632107251067353,-0.0017650185808415486,0.00390625,1024.0,6400000.0
1.0,512.0,8.0,1.0,1.0,1.0,543.0,32.0,-0.0030632107251067353,-0.0017650185808415486,32768.0,0.015625,6400000.0
1.0,512.0,8.0,1.0,1.0,1.0,543.0,32.0,-0.0030632107251067353,-0.0017650185808415486,32768.0,0.25,6400000.0
1.0,512.0,8.0,1.0,1.0,1.0,543.0,32.0,-0.0030632107251067353,-0.0017650185808415486,32768.0,0.0625,6400000.0
2.0,2.0,4.0,8.0,59.0,32.0,1721.0,4864.0,0.11744780524159382,0.12535179503925165,0.00390625,0.00195312,6400000.0
1.0,2.0,4.0,1.0,1.0,1.0,63.0,32.0,-0.0030632107251067353,-0.0017650185808415486,0.015625,8192.0,6400000.0
2.0,2.0,4.0,4.0,21.0,12.0,665.0,1664.0,0.1039403757181403,0.10873228349871567,0.0078125,4.0,6400000.0
1.0,512.0,8.0,1.0,1.0,1.0,543.0,32.0,-0.0030632107251067353,-0.0017650185808415486,16384.0,0.00390625,6400000.0
1.0,512.0,8.0,1.0,1.0,1.0,543.0,32.0,-0.0030632107251067353,-0.0017650185808415486,32768.0,1.0,6400000.0
1.0,512.0,8.0,1.0,1.0,1.0,543.0,32.0,-0.0030632107251067353,-0.0017650185808415486,32768.0,4.0,6400000.0
2.0,2.0,4.0,8.0,59.0,32.0,1721.0,4864.0,0.11744780524159382,0.12535179503925165,0.015625,0.015625,6400000.0
2.0,2.0,4.0,2.0,6.0,4.0,250.0,384.0,0.07262288558772911,0.07510528703488584,0.03125,32.0,6400000.0
1.0,512.0,8.0,1.0,1.0,1.0,543.0,32.0,-0.0030632107251067353,-0.0017650185808415486,16384.0,0.015625,6400000.0
1.0,512.0,8.0,1.0,1.0,1.0,543.0,32.0,-0.0030632107251067353,-0.0017650185808415486,16384.0,0.0625,6400000.0
1.0,512.0,8.0,1.0,1.0,1.0,543.0,32.0,-0.0030632107251067353,-0.0017650185808415486,32768.0,64.0,6400000.0
1.0,512.0,8.0,1.0,1.0,1.0,543.0,32.0,-0.0030632107251067353,-0.0017650185808415486,32768.0,256.0,6400000.0
2.0,2.0,4.0,8.0,60.0,32.0,1696.0,4864.0,0.11738470288026426,0.12521723614493985,0.125,0.0,6400000.0
2.0,2.0,4.0,8.0,58.0,32.0,1689.0,4864.0,0.11758196525825881,0.1250787314522387,0.0625,0.125,6400000.0
1.0,512.0,8.0,1.0,1.0,1.0,543.0,32.0,-0.0030632107251067353,-0.0017650185808415486,32768.0,16.0,6400000.0
1.0,512.0,8.0,1.0,1.0,1.0,543.0,32.0,-0.0030632107251067353,-0.0017650185808415486,32768.0,1024.0,6400000.0
2.0,2.0,4.0,8.0,59.0,32.0,1721.0,4864.0,0.11744780524159382,0.12535179503925165,0.00195312,0.000976562,6400000.0
1.0,512.0,8.0,1.0,1.0,1.0,543.0,32.0,-0.0030632107251067353,-0.0017650185808415486,16384.0,1.0,6400000.0
2.0,2.0,4.0,7.0,48.0,27.0,1340.0,4064.0,0.11530801186121509,0.1236167818989673,0.00390625,2.0,6400000.0
1.0,2.0,4.0,1.0,1.0,1.0,63.0,32.0,-0.0030632107251067353,-0.0017650185808415486,0.00195312,512.0,6400000.0
1.0,512.0,8.0,1.0,1.0,1.0,543.0,32.0,-0.0030632107251067353,-0.0017650185808415486,16384.0,4.0,6400000.0
1.0,512.0,8.0,1.0,1.0,1.0,543.0,32.0,-0.0030632107251067353,-0.0017650185808415486,16384.0,16.0,6400000.0
1.0,2.0,4.0,1.0,1.0,1.0,63.0,32.0,-0.0030632107251067353,-0.0017650185808415486,0.0078125,4096.0,6400000.0
1.0,512.0,8.0,1.0,1.0,1.0,543.0,32.0,-0.0030632107251067353,-0.0017650185808415486,32768.0,4096.0,6400000.0
1.0,512.0,8.0,1.0,1.0,1.0,543.0,32.0,-0.0030632107251067353,-0.0017650185808415486,16384.0,64.0,6400000.0
2.0,2.0,4.0,8.0,59.0,32.0,1721.0,4864.0,0.11744780524159382,0.12535179503925165,0.0078125,0.0078125,6400000.0
1.0,512.0,8.0,1.0,1.0,1.0,543.0,32.0,-0.0030632107251067353,-0.0017650185808415486,16384.0,0.25,6400000.0
1.0,512.0,8.0,1.0,1.0,1.0,543.0,32.0,-0.0030632107251067353,-0.0017650185808415486,32768.0,16384.0,6400000.0
1.0,1.0,1.0,1.0,1.0,1.0,35.0,32.0,-0.0030632107251067353,-0.0017650185808415486,32.0,4096.0,6400000.0
1024.0,1024.0,1.0,9.0,2223.0,2048.0,73649.0,196608.0,0.4112513431503847,0.4323608754253062,0.0,0.0,6400000.0
1024.0,1024.0,1.0,9.0,2221.0,2048.0,73616.0,196608.0,0.41140370085544264,0.4322275899367001,0.0,0.000976562,6400000.0
1024.0,1024.0,1.0,9.0,2221.0,2048.0,73616.0,196608.0,0.4115973237808854,0.4323616241800211,0.0,0.00195312,6400000.0
2.0,2.0,4.0,3.0,10.0,6.0,343.0,704.0,0.09231549576014253,0.09427300599869859,0.015625,16.0,6400000.0
1.0,512.0,8.0,1.0,1.0,1.0,543.0,32.0,-0.0030632107251067353,-0.0017650185808415486,16384.0,4096.0,6400000.0
2.0,2.0,4.0,8.0,59.0,32.0,1721.0,4864.0,0.11744780524159382,0.12535179503925165,0.03125,0.0625,6400000.0
1.0,512.0,8.0,1.0,1.0,1.0,543.0,32.0,-0.0030632107251067353,-0.0017650185808415486,32768.0,0.0,6400000.0
1.0,512.0,8.0,1.0,1.0,1.0,543.0,32.0,-0.0030632107251067353,-0.0017650185808415486,16384.0,16384.0,6400000.0
1.0,512.0,8.0,1.0,1.0,1.0,543.0,32.0,-0.0030632107251067353,-0.0017650185808415486,16384.0,1024.0,6400000.0
1.0,512.0,8.0,1.0,1.0,1.0,543.0,32.0,-0.0030632107251067353,-0.0017650185808415486,16384.0,256.0,6400000.0
1.0,2.0,4.0,1.0,1.0,1.0,63.0,32.0,-0.0030632107251067353,-0.0017650185808415486,0.0625,128.0,6400000.0
1.0,2.0,4.0,1.0,1.0,1.0,63.0,32.0,-0.0030632107251067353,-0.0017650185808415486,0.03125,32768.0,6400000.0
1.0,1.0,1.0,2.0,3.0,2.0,108.0,192.0,0.03911015413878083,0.040912063041146696,64.0,0.000976562,6400000.0
2.0,2.0,4.0,8.0,56.0,31.0,1621.0,4704.0,0.11779677262506982,0.1252309168241601,0.00195312,1.0,6400000.0
1024.0,1024.0,1.0,9.0,2218.0,2048.0,73551.0,196608.0,0.4114456657447203,0.43224533963684497,0.0,0.00390625,6400000.0
1024.0,1024.0,1.0,9.0,2217.0,2048.0,73581.0,196608.0,0.4112679146553557,0.4322443816923779,0.0,0.0078125,6400000.0
1024.0,1024.0,1.0,9.0,2215.0,2048.0,73548.0,196608.0,0.41123847263881075,0.43219521156485385,0.0,0.015625,6400000.0
735.0,1024.0,1.0,9.0,1613.0,1470.0,52858.0,141120.0,0.41347990360725095,0.4338895444085499,0.0,0.03125,6400000.0
2.0,2.0,4.0,8.0,59.0,32.0,1629.0,4864.0,0.11799792995894409,0.12598805333604168,0.125,0.5,6400000.0
1.0,512.0,8.0,1.0,1.0,1.0,543.0,32.0,-0.0030632107251067353,-0.0017650185808415486,32768.0,0.0078125,6400000.0
338.0,1024.0,1.0,9.0,789.0,676.0,25130.0,64896.0,0.4129525368710255,0.4355023806710252,0.0,0.125,6400000.0
210.0,1024.0,1.0,9.0,502.0,420.0,15863.0,40320.0,0.4090680650472993,0.4309872471608537,0.0,0.5,6400000.0
244.0,1024.0,1.0,9.0,583.0,488.0,18422.0,46848.0,0.41213067270885373,0.4344394492631649,0.0,0.25,6400000.0
1.0,512.0,8.0,1.0,1.0,1.0,543.0,32.0,-0.0030632107251067353,-0.0017650185808415486,32768.0,0.00195312,6400000.0
132.0,1024.0,1.0,9.0,327.0,264.0,10148.0,25344.0,0.3946634054341437,0.4162242104747528,0.0,1.0,6400000.0
1.0,2.0,4.0,1.0,1.0,1.0,63.0,32.0,-0.0030632107251067353,-0.0017650185808415486,0.00390625,2048.0,6400000.0
1.0,512.0,8.0,1.0,1.0,1.0,543.0,32.0,-0.0030632107251067353,-0.0017650185808415486,32768.0,0.03125,6400000.0
496.0,1024.0,1.0,9.0,1123.0,992.0,36193.0,95232.0,0.41374899858877967,0.4351952108543171,0.0,0.0625,6400000.0
1.0,2.0,4.0,1.0,1.0,1.0,63.0,32.0,-0.0030632107251067353,-0.0017650185808415486,0.015625,16384.0,6400000.0
1.0,512.0,8.0,1.0,1.0,1.0,543.0,32.0,-0.0030632107251067353,-0.0017650185808415486,32768.0,0.5,6400000.0
2.0,2.0,4.0,8.0,59.0,32.0,1721.0,4864.0,0.11744780524159382,0.12535179503925165,0.00390625,0.00390625,6400000.0
1.0,512.0,8.0,1.0,1.0,1.0,543.0,32.0,-0.0030632107251067353,-0.0017650185808415486,32768.0,0.125,6400000.0
2.0,2.0,4.0,3.0,12.0,7.0,411.0,864.0,0.09413973999029857,0.09778814733003183,0.0078125,8.0,6400000.0
1.0,512.0,8.0,1.0,1.0,1.0,543.0,32.0,-0.0030632107251067353,-0.0017650185808415486,32768.0,2.0,6400000.0
2.0,2.0,4.0,2.0,6.0,4.0,250.0,384.0,0.07262288558772911,0.07510528703488584,0.03125,64.0,6400000.0
1.0,512.0,8.0,1.0,1.0,1.0,543.0,32.0,-0.0030632107251067353,-0.0017650185808415486,32768.0,8.0,6400000.0
1.0,512.0,8.0,1.0,1.0,1.0,543.0,32.0,-0.0030632107251067353,-0.0017650185808415486,32768.0,128.0,6400000.0
105.0,1024.0,1.0,9.0,260.0,210.0,8087.0,20160.0,0.3803964662176945,0.3998169520179383,0.0,2.0,6400000.0
1.0,512.0,8.0,1.0,1.0,1.0,543.0,32.0,-0.0030632107251067353,-0.0017650185808415486,32768.0,512.0,6400000.0
2.0,2.0,4.0,8.0,59.0,32.0,1721.0,4864.0,0.11744780524159382,0.12535179503925165,0.015625,0.03125,6400000.0
2.0,2.0,4.0,8.0,60.0,32.0,1696.0,4864.0,0.11738470288026426,0.12521723614493985,0.125,0.000976562,6400000.0
1.0,512.0,8.0,1.0,1.0,1.0,543.0,32.0,-0.0030632107251067353,-0.0017650185808415486,32768.0,2048.0,6400000.0
2.0,2.0,4.0,8.0,58.0,32.0,1689.0,4864.0,0.11758196525825881,0.1250787314522387,0.0625,0.25,6400000.0
22.0,1024.0,1.0,3.0,61.0,44.0,1728.0,4224.0,0.27209781390772547,0.2796723898647334,0.0,8.0,6400000.0
1.0,2.0,4.0,1.0,1.0,1.0,63.0,32.0,-0.0030632107251067353,-0.0017650185808415486,0.00195312,1024.0,6400000.0
1.0,512.0,8.0,1.0,1.0,1.0,543.0,32.0,-0.0030632107251067353,-0.0017650185808415486,32768.0,32.0,6400000.0
2.0,2.0,4.0,4.0,21.0,12.0,665.0,1664.0,0.1039403757181403,0.10873228349871567,0.00390625,4.0,6400000.0
52.0,1024.0,1.0,7.0,135.0,104.0,4084.0,9984.0,0.3374920860243603,0.35184392779643947,0.0,4.0,6400000.0
1.0,2.0,4.0,1.0,1.0,1.0,63.0,32.0,-0.0030632107251067353,-0.0017650185808415486,0.0078125,8192.0,6400000.0
1.0,512.0,8.0,1.0,1.0,1.0,543.0,32.0,-0.0030632107251067353,-0.0017650185808415486,32768.0,8192.0,6400000.0
1.0,1.0,1.0,1.0,1.0,1.0,35.0,32.0,-0.0030632107251067353,-0.0017650185808415486,32.0,8192.0,6400000.0
2.0,2.0,4.0,8.0,59.0,32.0,1721.0,4864.0,0.11744780524159382,0.12535179503925165,0.0078125,0.015625,6400000.0
12.0,1024.0,1.0,3.0,33.0,24.0,937.0,2304.0,0.22058073034453196,0.22746378695664926,0.0,16.0,6400000.0
1.0,512.0,8.0,1.0,1.0,1.0,543.0,32.0,-0.0030632107251067353,-0.0017650185808415486,32768.0,32768.0,6400000.0
1.0,2.0,4.0,1.0,1.0,1.0,63.0,32.0,-0.0030632107251067353,-0.0017650185808415486,0.125,512.0,6400000.0
1.0,1024.0,1.0,1.0,1.0,1.0,35.0,32.0,-0.0030632107251067353,-0.0017650185808415486,0.0,128.0,6400000.0
3.0,1024.0,1.0,2.0,9.0,6.0,279.0,576.0,0.10115259004895938,0.10346957106453547,0.0,64.0,6400000.0
8.0,1024.0,1.0,2.0,22.0,16.0,654.0,1536.0,0.184803559555608,0.19082719424152972,0.0,32.0,6400000.0
1.0,1024.0,1.0,1.0,1.0,1.0,35.0,32.0,-0.0030632107251067353,-0.0017650185808415486,0.0,256.0,6400000.0
1.0,1024.0,1.0,1.0,1.0,1.0,35.0,32.0,-0.0030632107251067353,-0.0017650185808415486,0.0,512.0,6400000.0
2.0,2.0,4.0,2.0,6.0,4.0,250.0,384.0,0.07262288558772911,0.07510528703488584,0.015625,32.0,6400000.0
1.0,1024.0,1.0,1.0,1.0,1.0,35.0,32.0,-0.0030632107251067353,-0.0017650185808415486,0.0,1024.0,6400000.0
2.0,2.0,4.0,8.0,58.0,32.0,1689.0,4864.0,0.11758196525825881,0.1250787314522387,0.03125,0.125,6400000.0
1.0,1024.0,1.0,1.0,1.0,1.0,35.0,32.0,-0.0030632107251067353,-0.0017650185808415486,0.0,2048.0,6400000.0
1.0,1024.0,1.0,1.0,1.0,1.0,35.0,32.0,-0.0030632107251067353,-0.0017650185808415486,0.0,4096.0,6400000.0
1.0,1024.0,1.0,1.0,1.0,1.0,35.0,32.0,-0.0030632107251067353,-0.0017650185808415486,0.0,8192.0,6400000.0
1.0,2.0,4.0,1.0,1.0,1.0,63.0,32.0,-0.0030632107251067353,-0.0017650185808415486,0.0625,256.0,6400000.0
1.0,1024.0,1.0,1.0,1.0,1.0,35.0,32.0,-0.0030632107251067353,-0.0017650185808415486,0.0,16384.0,6400000.0
2.0,2.0,4.0,8.0,60.0,32.0,1696.0,4864.0,0.11738470288026426,0.12521723614493985,0.25,0.00390625,6400000.0
1.0,1024.0,1.0,1.0,1.0,1.0,35.0,32.0,-0.0030632107251067353,-0.0017650185808415486,0.0,32768.0,6400000.0
1.0,1.0,1.0,2.0,3.0,2.0,108.0,192.0,0.03911015413878083,0.040912063041146696,64.0,0.00195312,6400000.0
2.0,2.0,4.0,8.0,59.0,32.0,1721.0,4864.0,0.11744780524159382,0.12535179503925165,0.0625,0.0,6400000.0
2.0,2.0,4.0,8.0,54.0,30.0,1556.0,4544.0,0.1172591035691739,0.12491490974817732,0.125,1.0,6400000.0
1024.0,1024.0,1.0,9.0,2221.0,2048.0,73616.0,196608.0,0.41140370085544264,0.4322275899367001,0.000976562,0.000976562,6400000.0
1024.0,1024.0,1.0,9.0,2223.0,2048.0,73649.0,196608.0,0.4112513431503847,0.4323608754253062,0.000976562,0.0,6400000.0
1024.0,1024.0,1.0,9.0,2221.0,2048.0,73616.0,196608.0,0.4115973237808854,0.4323616241800211,0.000976562,0.00195312,6400000.0
1.0,2.0,4.0,1.0,1.0,1.0,63.0,32.0,-0.0030632107251067353,-0.0017650185808415486,0.00390625,4096.0,6400000.0
2.0,2.0,4.0,4.0,21.0,12.0,665.0,1664.0,0.1039403757181403,0.10873228349871567,0.25,4.0,6400000.0
132.0,1024.0,1.0,9.0,327.0,264.0,10148.0,25344.0,0.3946634054341437,0.4162242104747528,0.000976562,1.0,6400000.0
244.0,1024.0,1.0,9.0,583.0,488.0,18422.0,46848.0,0.41213067270885373,0.4344394492631649,0.000976562,0.25,6400000.0
1024.0,1024.0,1.0,9.0,2218.0,2048.0,73551.0,196608.0,0.4114456657447203,0.43224533963684497,0.000976562,0.00390625,6400000.0
496.0,1024.0,1.0,9.0,1123.0,992.0,36193.0,95232.0,0.41374899858877967,0.4351952108543171,0.000976562,0.0625,6400000.0
1024.0,1024.0,1.0,9.0,2217.0,2048.0,73581.0,196608.0,0.4112679146553557,0.4322443816923779,0.000976562,0.0078125,6400000.0
338.0,1024.0,1.0,9.0,789.0,676.0,25130.0,64896.0,0.4129525368710255,0.4355023806710252,0.000976562,0.125,6400000.0
1024.0,1024.0,1.0,9.0,2215.0,2048.0,73548.0,196608.0,0.41123847263881075,0.43219521156485385,0.000976562,0.015625,6400000.0
1.0,2.0,4.0,1.0,1.0,1.0,63.0,32.0,-0.0030632107251067353,-0.0017650185808415486,0.015625,32768.0,6400000.0
2.0,2.0,4.0,8.0,59.0,32.0,1721.0,4864.0,0.11744780524159382,0.12535179503925165,0.00390625,0.0078125,6400000.0
735.0,1024.0,1.0,9.0,1613.0,1470.0,52858.0,141120.0,0.41347990360725095,0.4338895444085499,0.000976562,0.03125,6400000.0
210.0,1024.0,1.0,9.0,502.0,420.0,15863.0,40320.0,0.4090680650472993,0.4309872471608537,0.000976562,0.5,6400000.0
105.0,1024.0,1.0,9.0,260.0,210.0,8087.0,20160.0,0.3803964662176945,0.3998169520179383,0.000976562,2.0,6400000.0
2.0,2.0,4.0,3.0,10.0,6.0,343.0,704.0,0.09231549576014253,0.09427300599869859,0.0078125,16.0,6400000.0
1.0,2.0,4.0,1.0,1.0,1.0,63.0,32.0,-0.0030632107251067353,-0.0017650185808415486,0.03125,128.0,6400000.0
52.0,1024.0,1.0,7.0,135.0,104.0,4084.0,9984.0,0.3374920860243603,0.35184392779643947,0.000976562,4.0,6400000.0
22.0,1024.0,1.0,3.0,61.0,44.0,1728.0,4224.0,0.27209781390772547,0.2796723898647334,0.000976562,8.0,6400000.0
8.0,1024.0,1.0,2.0,22.0,16.0,654.0,1536.0,0.184803559555608,0.19082719424152972,0.000976562,32.0,6400000.0
12.0,1024.0,1.0,3.0,33.0,24.0,937.0,2304.0,0.22058073034453196,0.22746378695664926,0.000976562,16.0,6400000.0
2.0,2.0,4.0,8.0,59.0,32.0,1721.0,4864.0,0.11744780524159382,0.12535179503925165,0.015625,0.0625,6400000.0
3.0,1024.0,1.0,2.0,9.0,6.0,279.0,576.0,0.10115259004895938,0.10346957106453547,0.000976562,64.0,6400000.0
2.0,2.0,4.0,8.0,59.0,32.0,1689.0,4864.0,0.11811219150348784,0.1261993787144161,0.0625,0.5,6400000.0
2.0,2.0,4.0,8.0,60.0,32.0,1696.0,4864.0,0.11738470288026426,0.12521723614493985,0.125,0.00195312,6400000.0
1.0,1024.0,1.0,1.0,1.0,1.0,35.0,32.0,-0.0030632107251067353,-0.0017650185808415486,0.000976562,256.0,6400000.0
1.0,1024.0,1.0,1.0,1.0,1.0,35.0,32.0,-0.0030632107251067353,-0.0017650185808415486,0.000976562,128.0,6400000.0
2.0,2.0,4.0,3.0,12.0,7.0,411.0,864.0,0.09413973999029857,0.09778814733003183,0.00390625,8.0,6400000.0
1.0,1024.0,1.0,1.0,1.0,1.0,35.0,32.0,-0.0030632107251067353,-0.0017650185808415486,0.000976562,1024.0,6400000.0
1.0,2.0,4.0,1.0,1.0,1.0,63.0,32.0,-0.0030632107251067353,-0.0017650185808415486,0.25,4096.0,6400000.0
1.0,2.0,4.0,1.0,1.0,1.0,63.0,32.0,-0.0030632107251067353,-0.0017650185808415486,0.0078125,16384.0,6400000.0
1.0,1024.0,1.0,1.0,1.0,1.0,35.0,32.0,-0.0030632107251067353,-0.0017650185808415486,0.000976562,512.0,6400000.0
1.0,1.0,1.0,1.0,1.0,1.0,35.0,32.0,-0.0030632107251067353,-0.0017650185808415486,32.0,16384.0,6400000.0
1.0,1024.0,1.0,1.0,1.0,1.0,35.0,32.0,-0.0030632107251067353,-0.0017650185808415486,0.000976562,4096.0,6400000.0
1.0,1024.0,1.0,1.0,1.0,1.0,35.0,32.0,-0.0030632107251067353,-0.0017650185808415486,0.000976562,2048.0,6400000.0
2.0,2.0,4.0,8.0,59.0,32.0,1721.0,4864.0,0.11744780524159382,0.12535179503925165,0.0078125,0.03125,6400000.0
1.0,1024.0,1.0,1.0,1.0,1.0,35.0,32.0,-0.0030632107251067353,-0.0017650185808415486,0.000976562,8192.0,6400000.0
1.0,2.0,4.0,1.0,1.0,1.0,63.0,32.0,-0.0030632107251067353,-0.0017650185808415486,0.125,1024.0,6400000.0
1.0,1024.0,1.0,1.0,1.0,1.0,35.0,32.0,-0.0030632107251067353,-0.0017650185808415486,0.000976562,32768.0,6400000.0
1.0,1024.0,1.0,1.0,1.0,1.0,35.0,32.0,-0.0030632107251067353,-0.0017650185808415486,0.000976562,16384.0,6400000.0
2.0,2.0,4.0,2.0,6.0,4.0,250.0,384.0,0.07262288558772911,0.07510528703488584,0.015625,64.0,6400000.0
2.0,2.0,4.0,8.0,59.0,32.0,1695.0,4864.0,0.11707245786703424,0.12504374805801832,0.5,0.03125,6400000.0
1024.0,1024.0,1.0,9.0,2223.0,2048.0,73649.0,196608.0,0.4112513431503847,0.4323608754253062,0.00195312,0.0,6400000.0
1024.0,1024.0,1.0,9.0,2221.0,2048.0,73616.0,196608.0,0.41140370085544264,0.4322275899367001,0.00195312,0.000976562,6400000.0
1024.0,1024.0,1.0,9.0,2221.0,2048.0,73616.0,196608.0,0.4115973237808854,0.4323616241800211,0.00195312,0.00195312,6400000.0
1.0,2.0,4.0,1.0,1.0,1.0,63.0,32.0,-0.0030632107251067353,-0.0017650185808415486,0.0625,512.0,6400000.0
2.0,2.0,4.0,8.0,58.0,32.0,1689.0,4864.0,0.11758196525825881,0.1250787314522387,0.03125,0.25,6400000.0
2.0,2.0,4.0,8.0,60.0,32.0,1696.0,4864.0,0.11738470288026426,0.12521723614493985,0.25,0.0078125,6400000.0
1024.0,1024.0,1.0,9.0,2218.0,2048.0,73551.0,196608.0,0.4114456657447203,0.43224533963684497,0.00195312,0.00390625,6400000.0
1.0,1.0,1.0,2.0,3.0,2.0,108.0,192.0,0.03911015413878083,0.040912063041146696,64.0,0.00390625,6400000.0
1024.0,1024.0,1.0,9.0,2217.0,2048.0,73581.0,196608.0,0.4112679146553557,0.4322443816923779,0.00195312,0.0078125,6400000.0
496.0,1024.0,1.0,9.0,1123.0,992.0,36193.0,95232.0,0.41374899858877967,0.4351952108543171,0.00195312,0.0625,6400000.0
2.0,2.0,4.0,8.0,59.0,32.0,1721.0,4864.0,0.11744780524159382,0.12535179503925165,0.0625,0.000976562,6400000.0
2.0,2.0,4.0,7.0,48.0,27.0,1340.0,4064.0,0.11530801186121509,0.1236167818989673,0.125,2.0,6400000.0
735.0,1024.0,1.0,9.0,1613.0,1470.0,52858.0,141120.0,0.41347990360725095,0.4338895444085499,0.00195312,0.03125,6400000.0
1024.0,1024.0,1.0,9.0,2215.0,2048.0,73548.0,196608.0,0.41123847263881075,0.43219521156485385,0.00195312,0.015625,6400000.0
338.0,1024.0,1.0,9.0,789.0,676.0,25130.0,64896.0,0.4129525368710255,0.4355023806710252,0.00195312,0.125,6400000.0
1.0,2.0,4.0,1.0,1.0,1.0,63.0,32.0,-0.0030632107251067353,-0.0017650185808415486,0.00390625,8192.0,6400000.0
2.0,2.0,4.0,3.0,12.0,7.0,411.0,864.0,0.09413973999029857,0.09778814733003183,0.25,8.0,6400000.0
244.0,1024.0,1.0,9.0,583.0,488.0,18422.0,46848.0,0.41213067270885373,0.4344394492631649,0.00195312,0.25,6400000.0
2.0,2.0,4.0,8.0,59.0,32.0,1721.0,4864.0,0.11744780524159382,0.12535179503925165,0.03125,0.0,6400000.0
12.0,1024.0,1.0,3.0,33.0,24.0,937.0,2304.0,0.22058073034453196,0.22746378695664926,0.00195312,16.0,6400000.0
105.0,1024.0,1.0,9.0,260.0,210.0,8087.0,20160.0,0.3803964662176945,0.3998169520179383,0.00195312,2.0,6400000.0
52.0,1024.0,1.0,7.0,135.0,104.0,4084.0,9984.0,0.3374920860243603,0.35184392779643947,0.00195312,4.0,6400000.0
22.0,1024.0,1.0,3.0,61.0,44.0,1728.0,4224.0,0.27209781390772547,0.2796723898647334,0.00195312,8.0,6400000.0
1.0,1024.0,1.0,1.0,1.0,1.0,35.0,32.0,-0.0030632107251067353,-0.0017650185808415486,0.00195312,128.0,6400000.0
132.0,1024.0,1.0,9.0,327.0,264.0,10148.0,25344.0,0.3946634054341437,0.4162242104747528,0.00195312,1.0,6400000.0
210.0,1024.0,1.0,9.0,502.0,420.0,15863.0,40320.0,0.4090680650472993,0.4309872471608537,0.00195312,0.5,6400000.0
8.0,1024.0,1.0,2.0,22.0,16.0,654.0,1536.0,0.184803559555608,0.19082719424152972,0.00195312,32.0,6400000.0
1.0,1024.0,1.0,1.0,1.0,1.0,35.0,32.0,-0.0030632107251067353,-0.0017650185808415486,0.00195312,256.0,6400000.0
2.0,2.0,4.0,2.0,6.0,4.0,250.0,384.0,0.07262288558772911,0.07510528703488584,0.5,32.0,6400000.0
2.0,2.0,4.0,2.0,6.0,4.0,250.0,384.0,0.07262288558772911,0.07510528703488584,0.0078125,32.0,6400000.0
1.0,1024.0,1.0,1.0,1.0,1.0,35.0,32.0,-0.0030632107251067353,-0.0017650185808415486,0.00195312,512.0,6400000.0
1.0,1024.0,1.0,1.0,1.0,1.0,35.0,32.0,-0.0030632107251067353,-0.0017650185808415486,0.00195312,1024.0,6400000.0
3.0,1024.0,1.0,2.0,9.0,6.0,279.0,576.0,0.10115259004895938,0.10346957106453547,0.00195312,64.0,6400000.0
1.0,2.0,4.0,1.0,1.0,1.0,63.0,32.0,-0.0030632107251067353,-0.0017650185808415486,0.03125,256.0,6400000.0
1.0,1024.0,1.0,1.0,1.0,1.0,35.0,32.0,-0.0030632107251067353,-0.0017650185808415486,0.00195312,2048.0,6400000.0
1.0,1024.0,1.0,1.0,1.0,1.0,35.0,32.0,-0.0030632107251067353,-0.0017650185808415486,0.00195312,4096.0,6400000.0
2.0,2.0,4.0,8.0,60.0,32.0,1696.0,4864.0,0.11738470288026426,0.12521723614493985,0.125,0.00390625,6400000.0
2.0,2.0,4.0,8.0,54.0,30.0,1551.0,4544.0,0.11708970570257471,0.12475978814925337,0.0625,1.0,6400000.0
1.0,1024.0,1.0,1.0,1.0,1.0,35.0,32.0,-0.0030632107251067353,-0.0017650185808415486,0.00195312,16384.0,6400000.0
1.0,1024.0,1.0,1.0,1.0,1.0,35.0,32.0,-0.0030632107251067353,-0.0017650185808415486,0.00195312,8192.0,6400000.0
1.0,2.0,4.0,1.0,1.0,1.0,63.0,32.0,-0.0030632107251067353,-0.0017650185808415486,0.5,32768.0,6400000.0
2.0,2.0,4.0,8.0,58.0,32.0,1689.0,4864.0,0.11758196525825881,0.1250787314522387,0.015625,0.125,6400000.0
1.0,1024.0,1.0,1.0,1.0,1.0,35.0,32.0,-0.0030632107251067353,-0.0017650185808415486,0.00195312,32768.0,6400000.0
1.0,1.0,1.0,1.0,1.0,1.0,35.0,32.0,-0.0030632107251067353,-0.0017650185808415486,32.0,32768.0,6400000.0
1.0,2.0,4.0,1.0,1.0,1.0,63.0,32.0,-0.0030632107251067353,-0.0017650185808415486,0.25,8192.0,6400000.0
2.0,2.0,4.0,8.0,59.0,32.0,1721.0,4864.0,0.11744780524159382,0.12535179503925165,0.0078125,0.0625,6400000.0
1.0,2.0,4.0,1.0,1.0,1.0,63.0,32.0,-0.0030632107251067353,-0.0017650185808415486,0.0078125,32768.0,6400000.0
1024.0,1024.0,1.0,9.0,2223.0,2048.0,73649.0,196608.0,0.4112513431503847,0.4323608754253062,0.00390625,0.0,6400000.0
2.0,2.0,4.0,6.0,58.0,32.0,1658.0,4864.0,0.11664026831290242,0.12436748709241119,1.0,0.25,6400000.0
1.0,2.0,4.0,1.0,1.0,1.0,63.0,32.0,-0.0030632107251067353,-0.0017650185808415486,0.125,2048.0,6400000.0
1024.0,1024.0,1.0,9.0,2221.0,2048.0,73616.0,196608.0,0.41140370085544264,0.4322275899367001,0.00390625,0.000976562,6400000.0
1024.0,1024.0,1.0,9.0,2218.0,2048.0,73551.0,196608.0,0.4114456657447203,0.43224533963684497,0.00390625,0.00390625,6400000.0
2.0,2.0,4.0,8.0,59.0,32.0,1695.0,4864.0,0.11707245786703424,0.12504374805801832,0.5,0.0625,6400000.0
1.0,2.0,4.0,1.0,1.0,1.0,63.0,32.0,-0.0030632107251067353,-0.0017650185808415486,0.015625,128.0,6400000.0
1024.0,1024.0,1.0,9.0,2221.0,2048.0,73616.0,196608.0,0.4115973237808854,0.4323616241800211,0.00390625,0.00195312,6400000.0
1024.0,1024.0,1.0,9.0,2217.0,2048.0,73581.0,196608.0,0.4112679146553557,0.4322443816923779,0.00390625,0.0078125,6400000.0
1024.0,1024.0,1.0,9.0,2215.0,2048.0,73548.0,196608.0,0.41123847263881075,0.43219521156485385,0.00390625,0.015625,6400000.0
735.0,1024.0,1.0,9.0,1613.0,1470.0,52858.0,141120.0,0.41347990360725095,0.4338895444085499,0.00390625,0.03125,6400000.0
496.0,1024.0,1.0,9.0,1123.0,992.0,36193.0,95232.0,0.41374899858877967,0.4351952108543171,0.00390625,0.0625,6400000.0
338.0,1024.0,1.0,9.0,789.0,676.0,25130.0,64896.0,0.4129525368710255,0.4355023806710252,0.00390625,0.125,6400000.0
2.0,2.0,4.0,8.0,59.0,32.0,1689.0,4864.0,0.11811219150348784,0.1261993787144161,0.03125,0.5,6400000.0
1.0,2.0,4.0,1.0,1.0,1.0,63.0,32.0,-0.0030632107251067353,-0.0017650185808415486,0.0625,1024.0,6400000.0
2.0,2.0,4.0,8.0,60.0,32.0,1696.0,4864.0,0.11738470288026426,0.12521723614493985,0.25,0.015625,6400000.0
244.0,1024.0,1.0,9.0,583.0,488.0,18422.0,46848.0,0.41213067270885373,0.4344394492631649,0.00390625,0.25,6400000.0
210.0,1024.0,1.0,9.0,502.0,420.0,15863.0,40320.0,0.4090680650472993,0.4309872471608537,0.00390625,0.5,6400000.0
2.0,2.0,4.0,4.0,21.0,12.0,665.0,1664.0,0.1039403757181403,0.10873228349871567,0.125,4.0,6400000.0
2.0,2.0,4.0,8.0,59.0,32.0,1721.0,4864.0,0.11744780524159382,0.12535179503925165,0.0625,0.00195312,6400000.0
1.0,1.0,1.0,2.0,3.0,2.0,108.0,192.0,0.03911015413878083,0.040912063041146696,64.0,0.0078125,6400000.0
132.0,1024.0,1.0,9.0,327.0,264.0,10148.0,25344.0,0.3946634054341437,0.4162242104747528,0.00390625,1.0,6400000.0
52.0,1024.0,1.0,7.0,135.0,104.0,4084.0,9984.0,0.3374920860243603,0.35184392779643947,0.00390625,4.0,6400000.0
105.0,1024.0,1.0,9.0,260.0,210.0,8087.0,20160.0,0.3803964662176945,0.3998169520179383,0.00390625,2.0,6400000.0
12.0,1024.0,1.0,3.0,33.0,24.0,937.0,2304.0,0.22058073034453196,0.22746378695664926,0.00390625,16.0,6400000.0
22.0,1024.0,1.0,3.0,61.0,44.0,1728.0,4224.0,0.27209781390772547,0.2796723898647334,0.00390625,8.0,6400000.0
1.0,2.0,4.0,1.0,1.0,1.0,63.0,32.0,-0.0030632107251067353,-0.0017650185808415486,1.0,256.0,6400000.0
2.0,2.0,4.0,3.0,10.0,6.0,343.0,704.0,0.09231549576014253,0.09427300599869859,0.25,16.0,6400000.0
8.0,1024.0,1.0,2.0,22.0,16.0,654.0,1536.0,0.184803559555608,0.19082719424152972,0.00390625,32.0,6400000.0
2.0,2.0,4.0,8.0,59.0,32.0,1721.0,4864.0,0.11744780524159382,0.12535179503925165,0.03125,0.000976562,6400000.0
1.0,1024.0,1.0,1.0,1.0,1.0,35.0,32.0,-0.0030632107251067353,-0.0017650185808415486,0.00390625,128.0,6400000.0
1.0,1024.0,1.0,1.0,1.0,1.0,35.0,32.0,-0.0030632107251067353,-0.0017650185808415486,0.00390625,512.0,6400000.0
3.0,1024.0,1.0,2.0,9.0,6.0,279.0,576.0,0.10115259004895938,0.10346957106453547,0.00390625,64.0,6400000.0
2.0,2.0,4.0,2.0,6.0,4.0,250.0,384.0,0.07262288558772911,0.07510528703488584,0.0078125,64.0,6400000.0
2.0,2.0,4.0,2.0,6.0,4.0,250.0,384.0,0.07262288558772911,0.07510528703488584,0.5,64.0,6400000.0
1.0,1024.0,1.0,1.0,1.0,1.0,35.0,32.0,-0.0030632107251067353,-0.0017650185808415486,0.00390625,1024.0,6400000.0
1.0,1024.0,1.0,1.0,1.0,1.0,35.0,32.0,-0.0030632107251067353,-0.0017650185808415486,0.00390625,256.0,6400000.0
1.0,1.0,1.0,2.0,3.0,2.0,108.0,192.0,0.03911015413878083,0.040912063041146696,64.0,1.0,6400000.0
2.0,2.0,4.0,6.0,58.0,32.0,1665.0,4864.0,0.1176416007655322,0.12507569630277582,2.0,0.00195312,6400000.0
1.0,1024.0,1.0,1.0,1.0,1.0,35.0,32.0,-0.0030632107251067353,-0.0017650185808415486,0.00390625,2048.0,6400000.0
1.0,1024.0,1.0,1.0,1.0,1.0,35.0,32.0,-0.0030632107251067353,-0.0017650185808415486,0.00390625,4096.0,6400000.0
1.0,2.0,4.0,1.0,1.0,1.0,63.0,32.0,-0.0030632107251067353,-0.0017650185808415486,0.03125,512.0,6400000.0
1.0,1024.0,1.0,1.0,1.0,1.0,35.0,32.0,-0.0030632107251067353,-0.0017650185808415486,0.00390625,8192.0,6400000.0
1.0,1024.0,1.0,1.0,1.0,1.0,35.0,32.0,-0.0030632107251067353,-0.0017650185808415486,0.00390625,16384.0,6400000.0
1.0,1024.0,1.0,1.0,1.0,1.0,35.0,32.0,-0.0030632107251067353,-0.0017650185808415486,0.00390625,32768.0,6400000.0
2.0,2.0,4.0,8.0,60.0,32.0,1696.0,4864.0,0.11738470288026426,0.12521723614493985,0.125,0.0078125,6400000.0
2.0,2.0,4.0,7.0,48.0,27.0,1340.0,4064.0,0.11530801186121509,0.1236167818989673,0.0625,2.0,6400000.0
2.0,2.0,4.0,8.0,58.0,32.0,1689.0,4864.0,0.11758196525825881,0.1250787314522387,0.015625,0.25,6400000.0
1024.0,1024.0,1.0,9.0,2221.0,2048.0,73616.0,196608.0,0.4114038876530106,0.43222760416684813,0.0078125,0.000976562,6400000.0
2.0,2.0,4.0,6.0,58.0,32.0,1658.0,4864.0,0.11664026831290242,0.12436748709241119,1.0,0.0,6400000.0
1.0,1.0,1.0,2.0,3.0,2.0,108.0,192.0,0.03911015413878083,0.040912063041146696,64.0,0.0,6400000.0
1024.0,1024.0,1.0,9.0,2223.0,2048.0,73649.0,196608.0,0.41125153010541504,0.4323608892022246,0.0078125,0.0,6400000.0
1.0,2.0,4.0,1.0,1.0,1.0,63.0,32.0,-0.0030632107251067353,-0.0017650185808415486,0.25,16384.0,6400000.0
1024.0,1024.0,1.0,9.0,2221.0,2048.0,73616.0,196608.0,0.4115975084752036,0.4323616394648163,0.0078125,0.00195312,6400000.0
1024.0,1024.0,1.0,9.0,2217.0,2048.0,73581.0,196608.0,0.41126810120088875,0.43224439719479835,0.0078125,0.0078125,6400000.0
1024.0,1024.0,1.0,9.0,2218.0,2048.0,73551.0,196608.0,0.41144584676533114,0.43224535237683814,0.0078125,0.00390625,6400000.0
2.0,2.0,4.0,8.0,59.0,32.0,1721.0,4864.0,0.11744780524159382,0.12535179503925165,0.015625,0.0,6400000.0
1024.0,1024.0,1.0,9.0,2215.0,2048.0,73548.0,196608.0,0.41123865411131033,0.43219522431027,0.0078125,0.015625,6400000.0
2.0,2.0,4.0,7.0,56.0,31.0,1588.0,4704.0,0.11734306839800923,0.12526564412512686,1.0,0.5,6400000.0
1.0,2.0,4.0,1.0,1.0,1.0,63.0,32.0,-0.0030632107251067353,-0.0017650185808415486,0.125,4096.0,6400000.0
1.0,2.0,4.0,1.0,1.0,1.0,63.0,32.0,-0.0030632107251067353,-0.0017650185808415486,0.015625,256.0,6400000.0
735.0,1024.0,1.0,9.0,1613.0,1470.0,52858.0,141120.0,0.4134800941325527,0.4338895581600436,0.0078125,0.03125,6400000.0
2.0,2.0,4.0,8.0,58.0,32.0,1660.0,4864.0,0.11720661788369924,0.12477068447100526,0.5,0.125,6400000.0
338.0,1024.0,1.0,9.0,789.0,676.0,25130.0,64896.0,0.4129525368710255,0.4355023806710252,0.0078125,0.125,6400000.0
244.0,1024.0,1.0,9.0,583.0,488.0,18422.0,46848.0,0.41213067270885373,0.4344394492631649,0.0078125,0.25,6400000.0
496.0,1024.0,1.0,9.0,1123.0,992.0,36193.0,95232.0,0.4137491894898767,0.43519522294957325,0.0078125,0.0625,6400000.0
2.0,2.0,4.0,3.0,28.0,16.0,820.0,2304.0,0.1087910630976644,0.11524495953925573,2.0,2.0,6400000.0
2.0,2.0,4.0,8.0,54.0,30.0,1551.0,4544.0,0.11708970570257471,0.12475978814925337,0.03125,1.0,6400000.0
210.0,1024.0,1.0,9.0,502.0,420.0,15863.0,40320.0,0.4090680650472993,0.4309872471608537,0.0078125,0.5,6400000.0
132.0,1024.0,1.0,9.0,327.0,264.0,10148.0,25344.0,0.3946634054341437,0.4162242104747528,0.0078125,1.0,6400000.0
1.0,2.0,4.0,1.0,1.0,1.0,63.0,32.0,-0.0030632107251067353,-0.0017650185808415486,0.0625,2048.0,6400000.0
105.0,1024.0,1.0,9.0,260.0,210.0,8087.0,20160.0,0.3803964662176945,0.3998169520179383,0.0078125,2.0,6400000.0
22.0,1024.0,1.0,3.0,61.0,44.0,1728.0,4224.0,0.27209781390772547,0.2796723898647334,0.0078125,8.0,6400000.0
2.0,2.0,4.0,8.0,60.0,32.0,1696.0,4864.0,0.11738470288026426,0.12521723614493985,0.25,0.03125,6400000.0
52.0,1024.0,1.0,7.0,135.0,104.0,4084.0,9984.0,0.3374920860243603,0.35184392779643947,0.0078125,4.0,6400000.0
2.0,2.0,4.0,3.0,12.0,7.0,411.0,864.0,0.09413973999029857,0.09778814733003183,0.125,8.0,6400000.0
8.0,1024.0,1.0,2.0,22.0,16.0,654.0,1536.0,0.184803559555608,0.19082719424152972,0.0078125,32.0,6400000.0
1.0,1.0,1.0,2.0,3.0,2.0,108.0,192.0,0.03911015413878083,0.040912063041146696,64.0,0.015625,6400000.0
2.0,2.0,4.0,8.0,59.0,32.0,1721.0,4864.0,0.11744780524159382,0.12535179503925165,0.0625,0.00390625,6400000.0
12.0,1024.0,1.0,3.0,33.0,24.0,937.0,2304.0,0.22058073034453196,0.22746378695664926,0.0078125,16.0,6400000.0
3.0,1024.0,1.0,2.0,9.0,6.0,279.0,576.0,0.10115259004895938,0.10346957106453547,0.0078125,64.0,6400000.0
1.0,2.0,4.0,1.0,1.0,1.0,63.0,32.0,-0.0030632107251067353,-0.0017650185808415486,1.0,512.0,6400000.0
1.0,2.0,4.0,1.0,1.0,1.0,63.0,32.0,-0.0030632107251067353,-0.0017650185808415486,2.0,2048.0,6400000.0
1.0,1024.0,1.0,1.0,1.0,1.0,35.0,32.0,-0.0030632107251067353,-0.0017650185808415486,0.0078125,512.0,6400000.0
1.0,1024.0,1.0,1.0,1.0,1.0,35.0,32.0,-0.0030632107251067353,-0.0017650185808415486,0.0078125,128.0,6400000.0
1.0,1024.0,1.0,1.0,1.0,1.0,35.0,32.0,-0.0030632107251067353,-0.0017650185808415486,0.0078125,256.0,6400000.0
2.0,2.0,4.0,2.0,6.0,4.0,250.0,384.0,0.07262288558772911,0.07510528703488584,0.25,32.0,6400000.0
2.0,2.0,4.0,8.0,59.0,32.0,1721.0,4864.0,0.11744780524159382,0.12535179503925165,0.03125,0.00195312,6400000.0
1.0,1024.0,1.0,1.0,1.0,1.0,35.0,32.0,-0.0030632107251067353,-0.0017650185808415486,0.0078125,1024.0,6400000.0
1.0,1.0,1.0,2.0,3.0,2.0,108.0,192.0,0.03911015413878083,0.040912063041146696,64.0,2.0,6400000.0
1.0,1024.0,1.0,1.0,1.0,1.0,35.0,32.0,-0.0030632107251067353,-0.0017650185808415486,0.0078125,2048.0,6400000.0
1.0,2.0,4.0,1.0,1.0,1.0,63.0,32.0,-0.0030632107251067353,-0.0017650185808415486,0.5,128.0,6400000.0
2.0,2.0,4.0,6.0,58.0,32.0,1665.0,4864.0,0.1176416007655322,0.12507569630277582,2.0,0.00390625,6400000.0
1.0,1024.0,1.0,1.0,1.0,1.0,35.0,32.0,-0.0030632107251067353,-0.0017650185808415486,0.0078125,8192.0,6400000.0
1.0,2.0,4.0,1.0,1.0,1.0,63.0,32.0,-0.0030632107251067353,-0.0017650185808415486,0.03125,1024.0,6400000.0
1.0,1024.0,1.0,1.0,1.0,1.0,35.0,32.0,-0.0030632107251067353,-0.0017650185808415486,0.0078125,4096.0,6400000.0
1.0,1024.0,1.0,1.0,1.0,1.0,35.0,32.0,-0.0030632107251067353,-0.0017650185808415486,0.0078125,16384.0,6400000.0
1.0,1024.0,1.0,1.0,1.0,1.0,35.0,32.0,-0.0030632107251067353,-0.0017650185808415486,0.0078125,32768.0,6400000.0
2.0,2.0,4.0,3.0,53.0,32.0,1592.0,4864.0,0.11331233090744863,0.11785316106420984,4.0,0.015625,6400000.0
2.0,2.0,4.0,8.0,59.0,32.0,1689.0,4864.0,0.11811219150348784,0.1261993787144161,0.015625,0.5,6400000.0
2.0,2.0,4.0,6.0,58.0,32.0,1658.0,4864.0,0.11664026831290242,0.12436748709241119,1.0,0.000976562,6400000.0
1024.0,1024.0,1.0,9.0,2221.0,2048.0,73616.0,196608.0,0.4114038876530106,0.43222760416684813,0.015625,0.000976562,6400000.0
2.0,2.0,4.0,8.0,60.0,32.0,1696.0,4864.0,0.11738470288026426,0.12521723614493985,0.125,0.015625,6400000.0
1024.0,1024.0,1.0,9.0,2218.0,2048.0,73551.0,196608.0,0.41144584676533114,0.43224535237683814,0.015625,0.00390625,6400000.0
2.0,2.0,4.0,4.0,21.0,12.0,665.0,1664.0,0.1039403757181403,0.10873228349871567,0.0625,4.0,6400000.0
1024.0,1024.0,1.0,9.0,2223.0,2048.0,73649.0,196608.0,0.41125153010541504,0.4323608892022246,0.015625,0.0,6400000.0
1024.0,1024.0,1.0,9.0,2221.0,2048.0,73616.0,196608.0,0.4115975084752036,0.4323616394648163,0.015625,0.00195312,6400000.0
1.0,2.0,4.0,1.0,1.0,1.0,63.0,32.0,-0.0030632107251067353,-0.0017650185808415486,0.25,32768.0,6400000.0
1024.0,1024.0,1.0,9.0,2217.0,2048.0,73581.0,196608.0,0.41126810120088875,0.43224439719479835,0.015625,0.0078125,6400000.0
496.0,1024.0,1.0,9.0,1123.0,992.0,36193.0,95232.0,0.4137491894898767,0.43519522294957325,0.015625,0.0625,6400000.0
735.0,1024.0,1.0,9.0,1613.0,1470.0,52858.0,141120.0,0.4134800941325527,0.4338895581600436,0.015625,0.03125,6400000.0
1024.0,1024.0,1.0,9.0,2215.0,2048.0,73548.0,196608.0,0.41123865411131033,0.43219522431027,0.015625,0.015625,6400000.0
2.0,2.0,4.0,7.0,54.0,30.0,1547.0,4544.0,0.11700707997580406,0.12510768123144989,1.0,1.0,6400000.0
1.0,2.0,4.0,1.0,1.0,1.0,63.0,32.0,-0.0030632107251067353,-0.0017650185808415486,0.125,8192.0,6400000.0
105.0,1024.0,1.0,9.0,260.0,210.0,8087.0,20160.0,0.3803966208446643,0.39981697905848823,0.015625,2.0,6400000.0
1.0,2.0,4.0,1.0,1.0,1.0,63.0,32.0,-0.0030632107251067353,-0.0017650185808415486,0.015625,512.0,6400000.0
244.0,1024.0,1.0,9.0,583.0,488.0,18422.0,46848.0,0.41213086387387565,0.4344394750348073,0.015625,0.25,6400000.0
338.0,1024.0,1.0,9.0,789.0,676.0,25130.0,64896.0,0.41295274466447307,0.43550239489669806,0.015625,0.125,6400000.0
2.0,2.0,4.0,7.0,57.0,32.0,1649.0,4864.0,0.11714063747837833,0.12425207441652841,0.5,0.25,6400000.0
210.0,1024.0,1.0,9.0,502.0,420.0,15863.0,40320.0,0.40906825915743483,0.43098728455429847,0.015625,0.5,6400000.0
2.0,2.0,4.0,3.0,10.0,6.0,343.0,704.0,0.09231549576014253,0.09427300599869859,4.0,16.0,6400000.0
132.0,1024.0,1.0,9.0,327.0,264.0,10148.0,25344.0,0.39466358102384247,0.4162242329334992,0.015625,1.0,6400000.0
2.0,2.0,4.0,3.0,19.0,11.0,606.0,1504.0,0.10219264113208737,0.10771325588564218,2.0,4.0,6400000.0
2.0,2.0,4.0,7.0,48.0,27.0,1340.0,4064.0,0.11530801186121509,0.1236167818989673,0.03125,2.0,6400000.0
22.0,1024.0,1.0,3.0,61.0,44.0,1728.0,4224.0,0.27209781390772547,0.2796723898647334,0.015625,8.0,6400000.0
52.0,1024.0,1.0,7.0,135.0,104.0,4084.0,9984.0,0.3374922504044793,0.3518439824697871,0.015625,4.0,6400000.0
1.0,2.0,4.0,1.0,1.0,1.0,63.0,32.0,-0.0030632107251067353,-0.0017650185808415486,0.0625,4096.0,6400000.0
12.0,1024.0,1.0,3.0,33.0,24.0,937.0,2304.0,0.22058073034453196,0.22746378695664926,0.015625,16.0,6400000.0
2.0,2.0,4.0,8.0,60.0,32.0,1696.0,4864.0,0.11738470288026426,0.12521723614493985,0.25,0.0625,6400000.0
2.0,2.0,4.0,3.0,10.0,6.0,343.0,704.0,0.09231549576014253,0.09427300599869859,0.125,16.0,6400000.0
1.0,1024.0,1.0,1.0,1.0,1.0,35.0,32.0,-0.0030632107251067353,-0.0017650185808415486,0.015625,128.0,6400000.0
3.0,1024.0,1.0,2.0,9.0,6.0,279.0,576.0,0.10115259004895938,0.10346957106453547,0.015625,64.0,6400000.0
1.0,1024.0,1.0,1.0,1.0,1.0,35.0,32.0,-0.0030632107251067353,-0.0017650185808415486,0.015625,512.0,6400000.0
1.0,1.0,1.0,2.0,3.0,2.0,108.0,192.0,0.03911015413878083,0.040912063041146696,64.0,0.03125,6400000.0
2.0,2.0,4.0,8.0,59.0,32.0,1721.0,4864.0,0.11744780524159382,0.12535179503925165,0.0625,0.0078125,6400000.0
8.0,1024.0,1.0,2.0,22.0,16.0,654.0,1536.0,0.184803559555608,0.19082719424152972,0.015625,32.0,6400000.0
1.0,1024.0,1.0,1.0,1.0,1.0,35.0,32.0,-0.0030632107251067353,-0.0017650185808415486,0.015625,1024.0,6400000.0
1.0,1024.0,1.0,1.0,1.0,1.0,35.0,32.0,-0.0030632107251067353,-0.0017650185808415486,0.015625,256.0,6400000.0
1.0,2.0,4.0,1.0,1.0,1.0,63.0,32.0,-0.0030632107251067353,-0.0017650185808415486,4.0,16384.0,6400000.0
1.0,2.0,4.0,1.0,1.0,1.0,63.0,32.0,-0.0030632107251067353,-0.0017650185808415486,1.0,1024.0,6400000.0
1.0,1024.0,1.0,1.0,1.0,1.0,35.0,32.0,-0.0030632107251067353,-0.0017650185808415486,0.015625,2048.0,6400000.0
1.0,2.0,4.0,1.0,1.0,1.0,63.0,32.0,-0.0030632107251067353,-0.0017650185808415486,2.0,4096.0,6400000.0
1.0,1024.0,1.0,1.0,1.0,1.0,35.0,32.0,-0.0030632107251067353,-0.0017650185808415486,0.015625,4096.0,6400000.0
1.0,1024.0,1.0,1.0,1.0,1.0,35.0,32.0,-0.0030632107251067353,-0.0017650185808415486,0.015625,8192.0,6400000.0
2.0,2.0,4.0,2.0,6.0,4.0,250.0,384.0,0.07262288558772911,0.07510528703488584,0.25,64.0,6400000.0
1.0,1024.0,1.0,1.0,1.0,1.0,35.0,32.0,-0.0030632107251067353,-0.0017650185808415486,0.015625,16384.0,6400000.0
2.0,2.0,4.0,8.0,59.0,32.0,1721.0,4864.0,0.11744780524159382,0.12535179503925165,0.03125,0.00390625,6400000.0
1.0,1.0,1.0,2.0,3.0,2.0,108.0,192.0,0.03911015413878083,0.040912063041146696,64.0,4.0,6400000.0
1.0,2.0,4.0,1.0,1.0,1.0,63.0,32.0,-0.0030632107251067353,-0.0017650185808415486,0.5,256.0,6400000.0
2.0,2.0,4.0,6.0,58.0,32.0,1665.0,4864.0,0.1176416007655322,0.12507569630277582,2.0,0.0078125,6400000.0
1.0,2.0,4.0,1.0,1.0,1.0,63.0,32.0,-0.0030632107251067353,-0.0017650185808415486,0.03125,2048.0,6400000.0
1.0,1024.0,1.0,1.0,1.0,1.0,35.0,32.0,-0.0030632107251067353,-0.0017650185808415486,0.015625,32768.0,6400000.0
2.0,2.0,4.0,3.0,53.0,32.0,1592.0,4864.0,0.11331233090744863,0.11785316106420984,4.0,0.03125,6400000.0
1024.0,1024.0,1.0,9.0,2223.0,2048.0,73649.0,196608.0,0.41125153010541504,0.4323608892022246,0.03125,0.0,6400000.0
2.0,2.0,4.0,8.0,60.0,32.0,1696.0,4864.0,0.11738470288026426,0.12521723614493985,0.125,0.03125,6400000.0
2.0,2.0,4.0,6.0,58.0,32.0,1658.0,4864.0,0.11664026831290242,0.12436748709241119,1.0,0.00195312,6400000.0
2.0,2.0,4.0,3.0,50.0,30.0,1488.0,4544.0,0.11327788289969842,0.11788056322205076,8.0,0.125,6400000.0
1024.0,1024.0,1.0,9.0,2221.0,2048.0,73616.0,196608.0,0.4115975084752036,0.4323616394648163,0.03125,0.00195312,6400000.0
2.0,2.0,4.0,3.0,12.0,7.0,411.0,864.0,0.09413973999029857,0.09778814733003183,0.0625,8.0,6400000.0
1024.0,1024.0,1.0,9.0,2217.0,2048.0,73581.0,196608.0,0.41126810120088875,0.43224439719479835,0.03125,0.0078125,6400000.0
1024.0,1024.0,1.0,9.0,2221.0,2048.0,73616.0,196608.0,0.4114038876530106,0.43222760416684813,0.03125,0.000976562,6400000.0
499.0,1024.0,1.0,9.0,1128.0,998.0,36366.0,95808.0,0.4136850731805176,0.4351471307809758,0.03125,0.0625,6400000.0
1024.0,1024.0,1.0,9.0,2218.0,2048.0,73551.0,196608.0,0.41144584676533114,0.43224535237683814,0.03125,0.00390625,6400000.0
2.0,2.0,4.0,8.0,59.0,32.0,1695.0,4864.0,0.11707245786703424,0.12504374805801832,0.5,0.0,6400000.0
1024.0,1024.0,1.0,9.0,2215.0,2048.0,73548.0,196608.0,0.41123865411131033,0.43219522431027,0.03125,0.015625,6400000.0
244.0,1024.0,1.0,9.0,583.0,488.0,18422.0,46848.0,0.41213086387387565,0.4344394750348073,0.03125,0.25,6400000.0
735.0,1024.0,1.0,9.0,1613.0,1470.0,52858.0,141120.0,0.4134802816415134,0.4338896098842826,0.03125,0.03125,6400000.0
1.0,2.0,4.0,1.0,1.0,1.0,63.0,32.0,-0.0030632107251067353,-0.0017650185808415486,0.125,16384.0,6400000.0
338.0,1024.0,1.0,9.0,789.0,676.0,25130.0,64896.0,0.4129540984154828,0.4355025641736884,0.03125,0.125,6400000.0
2.0,2.0,4.0,4.0,30.0,17.0,859.0,2464.0,0.10928930245294355,0.11586380699806809,1.0,2.0,6400000.0
132.0,1024.0,1.0,9.0,327.0,264.0,10148.0,25344.0,0.39466461976455247,0.41622576303042524,0.03125,1.0,6400000.0
210.0,1024.0,1.0,9.0,502.0,420.0,15863.0,40320.0,0.40906825915743483,0.43098728455429847,0.03125,0.5,6400000.0
2.0,2.0,4.0,7.0,56.0,31.0,1588.0,4704.0,0.11734306839800923,0.12526564412512686,0.5,0.5,6400000.0
52.0,1024.0,1.0,7.0,135.0,104.0,4084.0,9984.0,0.3374922504044793,0.3518439824697871,0.03125,4.0,6400000.0
2.0,2.0,4.0,2.0,6.0,4.0,250.0,384.0,0.07262288558772911,0.07510528703488584,4.0,32.0,6400000.0
105.0,1024.0,1.0,9.0,260.0,210.0,8087.0,20160.0,0.3803966208446643,0.39981697905848823,0.03125,2.0,6400000.0
1.0,2.0,4.0,1.0,1.0,1.0,63.0,32.0,-0.0030632107251067353,-0.0017650185808415486,8.0,128.0,6400000.0
8.0,1024.0,1.0,2.0,22.0,16.0,654.0,1536.0,0.184803559555608,0.19082719424152972,0.03125,32.0,6400000.0
2.0,2.0,4.0,3.0,12.0,7.0,411.0,864.0,0.09413973999029857,0.09778814733003183,2.0,8.0,6400000.0
12.0,1024.0,1.0,3.0,33.0,24.0,937.0,2304.0,0.22058073034453196,0.22746378695664926,0.03125,16.0,6400000.0
2.0,2.0,4.0,4.0,21.0,12.0,665.0,1664.0,0.1039403757181403,0.10873228349871567,0.03125,4.0,6400000.0
1.0,2.0,4.0,1.0,1.0,1.0,63.0,32.0,-0.0030632107251067353,-0.0017650185808415486,0.0625,8192.0,6400000.0
22.0,1024.0,1.0,3.0,61.0,44.0,1728.0,4224.0,0.27209781390772547,0.2796723898647334,0.03125,8.0,6400000.0
1.0,1024.0,1.0,1.0,1.0,1.0,35.0,32.0,-0.0030632107251067353,-0.0017650185808415486,0.03125,256.0,6400000.0
2.0,2.0,4.0,8.0,59.0,32.0,1664.0,4864.0,0.11751886289692925,0.12494417255792678,0.25,0.125,6400000.0
3.0,1024.0,1.0,2.0,9.0,6.0,279.0,576.0,0.10115259004895938,0.10346957106453547,0.03125,64.0,6400000.0
1.0,1024.0,1.0,1.0,1.0,1.0,35.0,32.0,-0.0030632107251067353,-0.0017650185808415486,0.03125,128.0,6400000.0
1.0,1.0,1.0,2.0,3.0,2.0,108.0,192.0,0.03911015413878083,0.040912063041146696,64.0,0.0625,6400000.0
2.0,2.0,4.0,8.0,59.0,32.0,1721.0,4864.0,0.11744780524159382,0.12535179503925165,0.0625,0.015625,6400000.0
1.0,1024.0,1.0,1.0,1.0,1.0,35.0,32.0,-0.0030632107251067353,-0.0017650185808415486,0.03125,4096.0,6400000.0
2.0,2.0,4.0,2.0,6.0,4.0,250.0,384.0,0.07262288558772911,0.07510528703488584,0.125,32.0,6400000.0
1.0,1024.0,1.0,1.0,1.0,1.0,35.0,32.0,-0.0030632107251067353,-0.0017650185808415486,0.03125,512.0,6400000.0
1.0,1024.0,1.0,1.0,1.0,1.0,35.0,32.0,-0.0030632107251067353,-0.0017650185808415486,0.03125,1024.0,6400000.0
1.0,1024.0,1.0,1.0,1.0,1.0,35.0,32.0,-0.0030632107251067353,-0.0017650185808415486,0.03125,2048.0,6400000.0
1.0,1024.0,1.0,1.0,1.0,1.0,35.0,32.0,-0.0030632107251067353,-0.0017650185808415486,0.03125,8192.0,6400000.0
1.0,2.0,4.0,1.0,1.0,1.0,63.0,32.0,-0.0030632107251067353,-0.0017650185808415486,4.0,32768.0,6400000.0
1.0,1024.0,1.0,1.0,1.0,1.0,35.0,32.0,-0.0030632107251067353,-0.0017650185808415486,0.03125,16384.0,6400000.0
2.0,2.0,4.0,2.0,48.0,32.0,1576.0,4864.0,0.08882374451066677,0.0923676566887589,16.0,0.000976562,6400000.0
1.0,2.0,4.0,1.0,1.0,1.0,63.0,32.0,-0.0030632107251067353,-0.0017650185808415486,1.0,2048.0,6400000.0
1.0,2.0,4.0,1.0,1.0,1.0,63.0,32.0,-0.0030632107251067353,-0.0017650185808415486,2.0,8192.0,6400000.0
1.0,1024.0,1.0,1.0,1.0,1.0,35.0,32.0,-0.0030632107251067353,-0.0017650185808415486,0.03125,32768.0,6400000.0
1.0,2.0,4.0,1.0,1.0,1.0,63.0,32.0,-0.0030632107251067353,-0.0017650185808415486,0.25,128.0,6400000.0
1024.0,1024.0,1.0,9.0,2221.0,2048.0,73616.0,196608.0,0.41140369472557314,0.4322284609343602,0.0625,0.000976562,6400000.0
1024.0,1024.0,1.0,9.0,2223.0,2048.0,73649.0,196608.0,0.41119858838342793,0.43230916253057305,0.0625,0.0,6400000.0
1.0,1.0,1.0,2.0,3.0,2.0,108.0,192.0,0.03911015413878083,0.040912063041146696,64.0,8.0,6400000.0
2.0,2.0,4.0,6.0,58.0,32.0,1665.0,4864.0,0.1176416007655322,0.12507569630277582,2.0,0.015625,6400000.0
1.0,2.0,4.0,1.0,1.0,1.0,63.0,32.0,-0.0030632107251067353,-0.0017650185808415486,0.5,512.0,6400000.0
1.0,2.0,4.0,1.0,1.0,1.0,63.0,32.0,-0.0030632107251067353,-0.0017650185808415486,0.03125,4096.0,6400000.0
1024.0,1024.0,1.0,9.0,2219.0,2048.0,73583.0,196608.0,0.4114680820892199,0.4323017825031592,0.0625,0.00390625,6400000.0
1024.0,1024.0,1.0,9.0,2221.0,2048.0,73616.0,196608.0,0.41159776195320863,0.4323620081323548,0.0625,0.00195312,6400000.0
2.0,2.0,4.0,3.0,50.0,30.0,1488.0,4544.0,0.11327788289969842,0.11788056322205076,4.0,0.0625,6400000.0
2.0,2.0,4.0,8.0,60.0,32.0,1696.0,4864.0,0.11738470288026426,0.12521723614493985,0.125,0.0625,6400000.0
2.0,2.0,4.0,6.0,58.0,32.0,1658.0,4864.0,0.11664026831290242,0.12436748709241119,1.0,0.00390625,6400000.0
2.0,2.0,4.0,3.0,49.0,30.0,1456.0,4544.0,0.11335960958735869,0.11776806556276798,8.0,0.25,6400000.0
1024.0,1024.0,1.0,9.0,2217.0,2048.0,73581.0,196608.0,0.4112683716476272,0.4322447263921769,0.0625,0.0078125,6400000.0
2.0,2.0,4.0,3.0,10.0,6.0,343.0,704.0,0.09231549576014253,0.09427300599869859,0.0625,16.0,6400000.0
2.0,2.0,4.0,8.0,59.0,32.0,1695.0,4864.0,0.11707245786703424,0.12504374805801832,0.5,0.000976562,6400000.0
1024.0,1024.0,1.0,9.0,2217.0,2048.0,73550.0,196608.0,0.4113163777679859,0.4322258074900367,0.0625,0.015625,6400000.0
2.0,2.0,4.0,2.0,19.0,12.0,634.0,1664.0,0.08867766830420443,0.09199509897355096,16.0,1.0,6400000.0
499.0,1024.0,1.0,9.0,1128.0,998.0,36366.0,95808.0,0.41368464153806705,0.43514709862047585,0.0625,0.0625,6400000.0
738.0,1024.0,1.0,9.0,1618.0,1476.0,53064.0,141696.0,0.4134887089885585,0.43378040207388846,0.0625,0.03125,6400000.0
338.0,1024.0,1.0,9.0,789.0,676.0,25130.0,64896.0,0.412953598381817,0.4355024069842165,0.0625,0.125,6400000.0
52.0,1024.0,1.0,7.0,135.0,104.0,4084.0,9984.0,0.3374922504044793,0.3518439824697871,0.0625,4.0,6400000.0
244.0,1024.0,1.0,9.0,583.0,488.0,18422.0,46848.0,0.41213528452235826,0.4344372669240253,0.0625,0.25,6400000.0
210.0,1024.0,1.0,9.0,501.0,420.0,15862.0,40320.0,0.4091535978364379,0.4309656512788427,0.0625,0.5,6400000.0
1.0,2.0,4.0,1.0,1.0,1.0,63.0,32.0,-0.0030632107251067353,-0.0017650185808415486,0.125,32768.0,6400000.0
22.0,1024.0,1.0,3.0,61.0,44.0,1728.0,4224.0,0.27209781390772547,0.2796723898647334,0.0625,8.0,6400000.0
103.0,1024.0,1.0,9.0,256.0,206.0,7949.0,19776.0,0.3803517094208687,0.3988139193288691,0.0625,2.0,6400000.0
132.0,1024.0,1.0,9.0,327.0,264.0,10148.0,25344.0,0.39466461976455247,0.41622576303042524,0.0625,1.0,6400000.0
2.0,2.0,4.0,3.0,19.0,11.0,606.0,1504.0,0.10219264113208737,0.10771325588564218,1.0,4.0,6400000.0
12.0,1024.0,1.0,3.0,33.0,24.0,937.0,2304.0,0.22058073034453196,0.22746378695664926,0.0625,16.0,6400000.0
2.0,2.0,4.0,7.0,54.0,30.0,1547.0,4544.0,0.11700707997580406,0.12510768123144989,0.5,1.0,6400000.0
2.0,2.0,4.0,2.0,6.0,4.0,250.0,384.0,0.07262288558772911,0.07510528703488584,4.0,64.0,6400000.0
2.0,2.0,4.0,3.0,10.0,6.0,343.0,704.0,0.09231549576014253,0.09427300599869859,2.0,16.0,6400000.0
8.0,1024.0,1.0,2.0,22.0,16.0,654.0,1536.0,0.184803559555608,0.19082719424152972,0.0625,32.0,6400000.0
1.0,2.0,4.0,1.0,1.0,1.0,63.0,32.0,-0.0030632107251067353,-0.0017650185808415486,8.0,256.0,6400000.0
2.0,2.0,4.0,8.0,59.0,32.0,1664.0,4864.0,0.11751886289692925,0.12494417255792678,0.25,0.25,6400000.0
3.0,1024.0,1.0,2.0,9.0,6.0,279.0,576.0,0.10115259004895938,0.10346957106453547,0.0625,64.0,6400000.0
2.0,2.0,4.0,8.0,59.0,32.0,1721.0,4864.0,0.11744780524159382,0.12535179503925165,0.0625,0.03125,6400000.0
1.0,2.0,4.0,1.0,1.0,1.0,63.0,32.0,-0.0030632107251067353,-0.0017650185808415486,0.0625,16384.0,6400000.0
1.0,1.0,1.0,1.0,1.0,1.0,35.0,32.0,-0.0030632107251067353,-0.0017650185808415486,64.0,1024.0,6400000.0
1.0,1.0,1.0,2.0,3.0,2.0,108.0,192.0,0.03911015413878083,0.040912063041146696,64.0,0.125,6400000.0
1.0,1024.0,1.0,1.0,1.0,1.0,35.0,32.0,-0.0030632107251067353,-0.0017650185808415486,0.0625,128.0,6400000.0
1.0,2.0,4.0,1.0,1.0,1.0,63.0,32.0,-0.0030632107251067353,-0.0017650185808415486,16.0,1024.0,6400000.0
2.0,2.0,4.0,2.0,6.0,4.0,250.0,384.0,0.07262288558772911,0.07510528703488584,0.125,64.0,6400000.0
1.0,1024.0,1.0,1.0,1.0,1.0,35.0,32.0,-0.0030632107251067353,-0.0017650185808415486,0.0625,512.0,6400000.0
1.0,1024.0,1.0,1.0,1.0,1.0,35.0,32.0,-0.0030632107251067353,-0.0017650185808415486,0.0625,1024.0,6400000.0
1.0,1024.0,1.0,1.0,1.0,1.0,35.0,32.0,-0.0030632107251067353,-0.0017650185808415486,0.0625,256.0,6400000.0
1.0,1024.0,1.0,1.0,1.0,1.0,35.0,32.0,-0.0030632107251067353,-0.0017650185808415486,0.0625,8192.0,6400000.0
2.0,2.0,4.0,3.0,53.0,32.0,1592.0,4864.0,0.11331233090744863,0.11785316106420984,8.0,0.0,6400000.0
1.0,1024.0,1.0,1.0,1.0,1.0,35.0,32.0,-0.0030632107251067353,-0.0017650185808415486,0.0625,2048.0,6400000.0
1.0,1024.0,1.0,1.0,1.0,1.0,35.0,32.0,-0.0030632107251067353,-0.0017650185808415486,0.0625,4096.0,6400000.0
1.0,1024.0,1.0,1.0,1.0,1.0,35.0,32.0,-0.0030632107251067353,-0.0017650185808415486,0.0625,16384.0,6400000.0
1.0,1024.0,1.0,1.0,1.0,1.0,35.0,32.0,-0.0030632107251067353,-0.0017650185808415486,0.0625,32768.0,6400000.0
2.0,2.0,4.0,2.0,48.0,32.0,1576.0,4864.0,0.08882374451066677,0.0923676566887589,16.0,0.00195312,6400000.0
1.0,2.0,4.0,1.0,1.0,1.0,63.0,32.0,-0.0030632107251067353,-0.0017650185808415486,1.0,4096.0,6400000.0
1.0,2.0,4.0,1.0,1.0,1.0,63.0,32.0,-0.0030632107251067353,-0.0017650185808415486,2.0,16384.0,6400000.0
2.0,2.0,4.0,2.0,48.0,32.0,1576.0,4864.0,0.08882374451066677,0.0923676566887589,32.0,0.0078125,6400000.0
1024.0,1024.0,1.0,9.0,2222.0,2048.0,73679.0,196608.0,0.4114498362462665,0.4322899005307119,0.125,0.0,6400000.0
1.0,2.0,4.0,1.0,1.0,1.0,63.0,32.0,-0.0030632107251067353,-0.0017650185808415486,0.25,256.0,6400000.0
1024.0,1024.0,1.0,9.0,2220.0,2048.0,73646.0,196608.0,0.41131842007479424,0.43236833547901954,0.125,0.000976562,6400000.0
2.0,2.0,4.0,6.0,58.0,32.0,1665.0,4864.0,0.1176416007655322,0.12507569630277582,2.0,0.03125,6400000.0
1.0,2.0,4.0,1.0,1.0,1.0,63.0,32.0,-0.0030632107251067353,-0.0017650185808415486,0.5,1024.0,6400000.0
1.0,1.0,1.0,2.0,3.0,2.0,108.0,192.0,0.03911015413878083,0.040912063041146696,64.0,16.0,6400000.0
1024.0,1024.0,1.0,9.0,2218.0,2048.0,73551.0,196608.0,0.4114219607581777,0.4322714932169067,0.125,0.00195312,6400000.0
2.0,2.0,4.0,3.0,50.0,30.0,1488.0,4544.0,0.11327788289969842,0.11788056322205076,4.0,0.125,6400000.0
1024.0,1024.0,1.0,9.0,2216.0,2048.0,73549.0,196608.0,0.41158839880051856,0.43244030723851556,0.125,0.00390625,6400000.0
1024.0,1024.0,1.0,9.0,2214.0,2048.0,73485.0,196608.0,0.4111559535835613,0.4321337900028498,0.125,0.0078125,6400000.0
2.0,2.0,4.0,8.0,59.0,32.0,1664.0,4864.0,0.11751886289692925,0.12494417255792678,0.125,0.125,6400000.0
2.0,2.0,4.0,3.0,44.0,27.0,1272.0,4064.0,0.1127415634804354,0.1177494301670865,8.0,0.5,6400000.0
743.0,1024.0,1.0,9.0,1628.0,1486.0,53404.0,142656.0,0.4134310842050557,0.43373156863692464,0.125,0.03125,6400000.0
1024.0,1024.0,1.0,9.0,2216.0,2048.0,73580.0,196608.0,0.4115124972046843,0.43240818752903987,0.125,0.015625,6400000.0
2.0,2.0,4.0,2.0,6.0,4.0,250.0,384.0,0.07262288558772911,0.07510528703488584,0.0625,32.0,6400000.0
2.0,2.0,4.0,6.0,58.0,32.0,1658.0,4864.0,0.11664026831290242,0.12436748709241119,1.0,0.0078125,6400000.0
494.0,1024.0,1.0,9.0,1118.0,988.0,36026.0,94848.0,0.41363673767369147,0.4351050064012554,0.125,0.0625,6400000.0
2.0,2.0,4.0,2.0,14.0,8.0,477.0,1024.0,0.08676859816809712,0.09005205639915703,16.0,2.0,6400000.0
2.0,2.0,4.0,8.0,59.0,32.0,1695.0,4864.0,0.11707245786703424,0.12504374805801832,0.5,0.00195312,6400000.0
348.0,1024.0,1.0,9.0,811.0,696.0,25812.0,66816.0,0.41342409417734816,0.43564632039136053,0.125,0.125,6400000.0
250.0,1024.0,1.0,9.0,596.0,500.0,18830.0,48000.0,0.4131063209875647,0.4347028547700006,0.125,0.25,6400000.0
2.0,2.0,4.0,8.0,60.0,32.0,1696.0,4864.0,0.11738470288026426,0.12521723614493985,0.25,0.0,6400000.0
132.0,1024.0,1.0,9.0,327.0,264.0,10148.0,25344.0,0.3946625145105529,0.41622404615840314,0.125,1.0,6400000.0
2.0,2.0,4.0,3.0,12.0,7.0,411.0,864.0,0.09413973999029857,0.09778814733003183,1.0,8.0,6400000.0
57.0,1024.0,1.0,7.0,146.0,114.0,4460.0,10944.0,0.34698836344449757,0.3603774563118617,0.125,4.0,6400000.0
210.0,1024.0,1.0,9.0,501.0,420.0,15862.0,40320.0,0.40915017200549586,0.43097172120002014,0.125,0.5,6400000.0
22.0,1024.0,1.0,3.0,61.0,44.0,1728.0,4224.0,0.27209781390772547,0.2796723898647334,0.125,8.0,6400000.0
2.0,2.0,4.0,6.0,45.0,25.0,1263.0,3744.0,0.1143647643353779,0.12193875934160314,0.5,2.0,6400000.0
3.0,1024.0,1.0,2.0,9.0,6.0,279.0,576.0,0.10115259004895938,0.10346957106453547,0.125,64.0,6400000.0
103.0,1024.0,1.0,9.0,256.0,206.0,7949.0,19776.0,0.37995277733715227,0.39868370328223646,0.125,2.0,6400000.0
8.0,1024.0,1.0,2.0,22.0,16.0,654.0,1536.0,0.184803559555608,0.19082719424152972,0.125,32.0,6400000.0
2.0,2.0,4.0,2.0,10.0,6.0,339.0,704.0,0.08373057448791543,0.08530390601495486,32.0,8.0,6400000.0
2.0,2.0,4.0,8.0,58.0,32.0,1629.0,4864.0,0.11793194955362307,0.12546944328156484,0.25,0.5,6400000.0
1.0,2.0,4.0,1.0,1.0,1.0,63.0,32.0,-0.0030632107251067353,-0.0017650185808415486,8.0,512.0,6400000.0
2.0,2.0,4.0,2.0,6.0,4.0,250.0,384.0,0.07262288558772911,0.07510528703488584,2.0,32.0,6400000.0
12.0,1024.0,1.0,3.0,33.0,24.0,937.0,2304.0,0.22058073034453196,0.22746378695664926,0.125,16.0,6400000.0
1.0,2.0,4.0,1.0,1.0,1.0,63.0,32.0,-0.0030632107251067353,-0.0017650185808415486,4.0,128.0,6400000.0
1.0,1.0,1.0,1.0,1.0,1.0,35.0,32.0,-0.0030632107251067353,-0.0017650185808415486,64.0,2048.0,6400000.0
1.0,1.0,1.0,2.0,3.0,2.0,108.0,192.0,0.03911015413878083,0.040912063041146696,64.0,0.25,6400000.0
1.0,1024.0,1.0,1.0,1.0,1.0,35.0,32.0,-0.0030632107251067353,-0.0017650185808415486,0.125,256.0,6400000.0
1.0,2.0,4.0,1.0,1.0,1.0,63.0,32.0,-0.0030632107251067353,-0.0017650185808415486,0.0625,32768.0,6400000.0
1.0,1024.0,1.0,1.0,1.0,1.0,35.0,32.0,-0.0030632107251067353,-0.0017650185808415486,0.125,128.0,6400000.0
1.0,2.0,4.0,1.0,1.0,1.0,63.0,32.0,-0.0030632107251067353,-0.0017650185808415486,16.0,2048.0,6400000.0
1.0,2.0,4.0,1.0,1.0,1.0,63.0,32.0,-0.0030632107251067353,-0.0017650185808415486,0.125,128.0,6400000.0
1.0,1024.0,1.0,1.0,1.0,1.0,35.0,32.0,-0.0030632107251067353,-0.0017650185808415486,0.125,512.0,6400000.0
2.0,2.0,4.0,3.0,53.0,32.0,1592.0,4864.0,0.11331233090744863,0.11785316106420984,8.0,0.000976562,6400000.0
1.0,1024.0,1.0,1.0,1.0,1.0,35.0,32.0,-0.0030632107251067353,-0.0017650185808415486,0.125,1024.0,6400000.0
1.0,2.0,4.0,1.0,1.0,1.0,63.0,32.0,-0.0030632107251067353,-0.0017650185808415486,32.0,8192.0,6400000.0
1.0,1024.0,1.0,1.0,1.0,1.0,35.0,32.0,-0.0030632107251067353,-0.0017650185808415486,0.125,2048.0,6400000.0
1.0,1024.0,1.0,1.0,1.0,1.0,35.0,32.0,-0.0030632107251067353,-0.0017650185808415486,0.125,4096.0,6400000.0
1.0,2.0,4.0,1.0,1.0,1.0,63.0,32.0,-0.0030632107251067353,-0.0017650185808415486,1.0,8192.0,6400000.0
1.0,1024.0,1.0,1.0,1.0,1.0,35.0,32.0,-0.0030632107251067353,-0.0017650185808415486,0.125,8192.0,6400000.0
2.0,2.0,4.0,2.0,48.0,32.0,1576.0,4864.0,0.08882374451066677,0.0923676566887589,16.0,0.00390625,6400000.0
2.0,2.0,4.0,2.0,48.0,32.0,1576.0,4864.0,0.08882374451066677,0.0923676566887589,32.0,0.015625,6400000.0
1.0,1024.0,1.0,1.0,1.0,1.0,35.0,32.0,-0.0030632107251067353,-0.0017650185808415486,0.125,16384.0,6400000.0
1.0,1024.0,1.0,1.0,1.0,1.0,35.0,32.0,-0.0030632107251067353,-0.0017650185808415486,0.125,32768.0,6400000.0
1.0,2.0,4.0,1.0,1.0,1.0,63.0,32.0,-0.0030632107251067353,-0.0017650185808415486,2.0,32768.0,6400000.0
1024.0,1024.0,1.0,9.0,2222.0,2048.0,73648.0,196608.0,0.411459626055084,0.432329339035603,0.25,0.0,6400000.0
1024.0,1024.0,1.0,9.0,2220.0,2048.0,73646.0,196608.0,0.4113769713988835,0.4323373633751405,0.25,0.000976562,6400000.0
1024.0,1024.0,1.0,9.0,2218.0,2048.0,73582.0,196608.0,0.4113607182957453,0.4322808382261474,0.25,0.00195312,6400000.0
1.0,2.0,4.0,1.0,1.0,1.0,63.0,32.0,-0.0030632107251067353,-0.0017650185808415486,0.25,512.0,6400000.0
2.0,2.0,4.0,6.0,58.0,32.0,1665.0,4864.0,0.1176416007655322,0.12507569630277582,2.0,0.0625,6400000.0
1.0,2.0,4.0,1.0,1.0,1.0,63.0,32.0,-0.0030632107251067353,-0.0017650185808415486,0.5,2048.0,6400000.0
1.0,1.0,1.0,2.0,3.0,2.0,108.0,192.0,0.03911015413878083,0.040912063041146696,64.0,32.0,6400000.0
1024.0,1024.0,1.0,9.0,2216.0,2048.0,73549.0,196608.0,0.4114908963645245,0.43228773954127986,0.25,0.00390625,6400000.0
2.0,2.0,4.0,8.0,59.0,32.0,1664.0,4864.0,0.11751886289692925,0.12494417255792678,0.125,0.25,6400000.0
2.0,2.0,4.0,3.0,49.0,30.0,1456.0,4544.0,0.11335960958735869,0.11776806556276798,4.0,0.25,6400000.0
2.0,2.0,4.0,2.0,45.0,30.0,1503.0,4544.0,0.08908928160506646,0.09241987637107252,64.0,0.0625,6400000.0
2.0,2.0,4.0,6.0,58.0,32.0,1658.0,4864.0,0.11664026831290242,0.12436748709241119,1.0,0.015625,6400000.0
1024.0,1024.0,1.0,9.0,2215.0,2048.0,73548.0,196608.0,0.4113735065734806,0.4323742380800444,0.25,0.015625,6400000.0
2.0,2.0,4.0,3.0,34.0,20.0,1009.0,2944.0,0.11080585357934869,0.11613888811649109,8.0,1.0,6400000.0
1024.0,1024.0,1.0,9.0,2218.0,2048.0,73582.0,196608.0,0.4112351847114041,0.4322756065546087,0.25,0.0078125,6400000.0
2.0,2.0,4.0,8.0,59.0,32.0,1695.0,4864.0,0.11707245786703424,0.12504374805801832,0.5,0.00390625,6400000.0
2.0,2.0,4.0,2.0,14.0,8.0,477.0,1024.0,0.08676859816809712,0.09005205639915703,16.0,4.0,6400000.0
732.0,1024.0,1.0,9.0,1605.0,1464.0,52626.0,140544.0,0.41352674374789156,0.4339311476507417,0.25,0.03125,6400000.0
348.0,1024.0,1.0,9.0,811.0,696.0,25812.0,66816.0,0.41342409417734816,0.43564632039136053,0.25,0.125,6400000.0
250.0,1024.0,1.0,9.0,596.0,500.0,18830.0,48000.0,0.4131061768736112,0.4347029502114771,0.25,0.25,6400000.0
208.0,1024.0,1.0,9.0,497.0,416.0,15696.0,39936.0,0.4082763571042207,0.43072625629485717,0.25,0.5,6400000.0
493.0,1024.0,1.0,9.0,1116.0,986.0,35958.0,94656.0,0.4136651985424553,0.4351721453781776,0.25,0.0625,6400000.0
2.0,2.0,4.0,8.0,60.0,32.0,1696.0,4864.0,0.11738470288026426,0.12521723614493985,0.25,0.000976562,6400000.0
2.0,2.0,4.0,3.0,10.0,6.0,343.0,704.0,0.09231549576014253,0.09427300599869859,1.0,16.0,6400000.0
103.0,1024.0,1.0,9.0,256.0,206.0,7949.0,19776.0,0.37995490114383734,0.3986845301020693,0.25,2.0,6400000.0
22.0,1024.0,1.0,3.0,61.0,44.0,1728.0,4224.0,0.27209781390772547,0.2796723898647334,0.25,8.0,6400000.0
133.0,1024.0,1.0,9.0,330.0,266.0,10253.0,25536.0,0.39504390647386634,0.4161098639137957,0.25,1.0,6400000.0
2.0,2.0,4.0,3.0,19.0,11.0,606.0,1504.0,0.10219264113208737,0.10771325588564218,0.5,4.0,6400000.0
2.0,2.0,4.0,2.0,6.0,4.0,250.0,384.0,0.07262288558772911,0.07510528703488584,32.0,16.0,6400000.0
2.0,2.0,4.0,2.0,6.0,4.0,250.0,384.0,0.07262288558772911,0.07510528703488584,2.0,64.0,6400000.0
54.0,1024.0,1.0,6.0,139.0,108.0,4253.0,10368.0,0.3437747063874942,0.35542621222424586,0.25,4.0,6400000.0
2.0,2.0,4.0,7.0,54.0,30.0,1547.0,4544.0,0.11700707997580406,0.12510768123144989,0.25,1.0,6400000.0
12.0,1024.0,1.0,3.0,33.0,24.0,937.0,2304.0,0.22058073034453196,0.22746378695664926,0.25,16.0,6400000.0
1.0,2.0,4.0,1.0,1.0,1.0,63.0,32.0,-0.0030632107251067353,-0.0017650185808415486,64.0,64.0,6400000.0
1.0,1.0,1.0,1.0,1.0,1.0,35.0,32.0,-0.0030632107251067353,-0.0017650185808415486,64.0,4096.0,6400000.0
1.0,2.0,4.0,1.0,1.0,1.0,63.0,32.0,-0.0030632107251067353,-0.0017650185808415486,8.0,1024.0,6400000.0
1.0,1024.0,1.0,1.0,1.0,1.0,35.0,32.0,-0.0030632107251067353,-0.0017650185808415486,0.25,128.0,6400000.0
8.0,1024.0,1.0,2.0,22.0,16.0,654.0,1536.0,0.184803559555608,0.19082719424152972,0.25,32.0,6400000.0
1.0,1.0,1.0,2.0,3.0,2.0,108.0,192.0,0.03911015413878083,0.040912063041146696,64.0,0.5,6400000.0
1.0,2.0,4.0,1.0,1.0,1.0,63.0,32.0,-0.0030632107251067353,-0.0017650185808415486,4.0,256.0,6400000.0
1.0,2.0,4.0,1.0,1.0,1.0,63.0,32.0,-0.0030632107251067353,-0.0017650185808415486,16.0,4096.0,6400000.0
1.0,1024.0,1.0,1.0,1.0,1.0,35.0,32.0,-0.0030632107251067353,-0.0017650185808415486,0.25,256.0,6400000.0
1.0,1024.0,1.0,1.0,1.0,1.0,35.0,32.0,-0.0030632107251067353,-0.0017650185808415486,0.25,1024.0,6400000.0
3.0,1024.0,1.0,2.0,9.0,6.0,279.0,576.0,0.10115259004895938,0.10346957106453547,0.25,64.0,6400000.0
1.0,2.0,4.0,1.0,1.0,1.0,63.0,32.0,-0.0030632107251067353,-0.0017650185808415486,0.125,256.0,6400000.0
1.0,1024.0,1.0,1.0,1.0,1.0,35.0,32.0,-0.0030632107251067353,-0.0017650185808415486,0.25,512.0,6400000.0
2.0,2.0,4.0,3.0,53.0,32.0,1592.0,4864.0,0.11331233090744863,0.11785316106420984,8.0,0.00195312,6400000.0
1.0,2.0,4.0,1.0,1.0,1.0,63.0,32.0,-0.0030632107251067353,-0.0017650185808415486,32.0,16384.0,6400000.0
1.0,1024.0,1.0,1.0,1.0,1.0,35.0,32.0,-0.0030632107251067353,-0.0017650185808415486,0.25,2048.0,6400000.0
1.0,1024.0,1.0,1.0,1.0,1.0,35.0,32.0,-0.0030632107251067353,-0.0017650185808415486,0.25,4096.0,6400000.0
2.0,2.0,4.0,2.0,48.0,32.0,1576.0,4864.0,0.08882374451066677,0.0923676566887589,16.0,0.0078125,6400000.0
1.0,2.0,4.0,1.0,1.0,1.0,63.0,32.0,-0.0030632107251067353,-0.0017650185808415486,1.0,16384.0,6400000.0
1.0,2.0,4.0,1.0,1.0,1.0,63.0,32.0,-0.0030632107251067353,-0.0017650185808415486,128.0,0.0,6400000.0
1.0,1024.0,1.0,1.0,1.0,1.0,35.0,32.0,-0.0030632107251067353,-0.0017650185808415486,0.25,8192.0,6400000.0
1.0,1024.0,1.0,1.0,1.0,1.0,35.0,32.0,-0.0030632107251067353,-0.0017650185808415486,0.25,16384.0,6400000.0
2.0,2.0,4.0,3.0,53.0,32.0,1592.0,4864.0,0.11331233090744863,0.11785316106420984,4.0,0.0,6400000.0
2.0,2.0,4.0,2.0,48.0,32.0,1576.0,4864.0,0.08882374451066677,0.0923676566887589,32.0,0.03125,6400000.0
1.0,1024.0,1.0,1.0,1.0,1.0,35.0,32.0,-0.0030632107251067353,-0.0017650185808415486,0.25,32768.0,6400000.0
1.0,2.0,4.0,1.0,1.0,1.0,63.0,32.0,-0.0030632107251067353,-0.0017650185808415486,0.25,1024.0,6400000.0
1.0,2.0,4.0,1.0,1.0,1.0,63.0,32.0,-0.0030632107251067353,-0.0017650185808415486,0.5,4096.0,6400000.0
1024.0,1024.0,1.0,9.0,2221.0,2048.0,73647.0,196608.0,0.4113685504187804,0.43227039343295093,0.5,0.0,6400000.0
2.0,2.0,4.0,6.0,58.0,32.0,1665.0,4864.0,0.1176416007655322,0.12507569630277582,2.0,0.125,6400000.0
1024.0,1024.0,1.0,9.0,2217.0,2048.0,73550.0,196608.0,0.4115063531177844,0.43236295408565606,0.5,0.00195312,6400000.0
1024.0,1024.0,1.0,9.0,2220.0,2048.0,73646.0,196608.0,0.41137825354523927,0.4323376481020277,0.5,0.000976562,6400000.0
1.0,1.0,1.0,1.0,1.0,1.0,35.0,32.0,-0.0030632107251067353,-0.0017650185808415486,64.0,64.0,6400000.0
2.0,2.0,4.0,3.0,44.0,27.0,1272.0,4064.0,0.1127415634804354,0.1177494301670865,4.0,0.5,6400000.0
1024.0,1024.0,1.0,9.0,2216.0,2048.0,73549.0,196608.0,0.4114916245680533,0.4322882193691351,0.5,0.00390625,6400000.0
2.0,2.0,4.0,6.0,58.0,32.0,1658.0,4864.0,0.11664026831290242,0.12436748709241119,1.0,0.03125,6400000.0
2.0,2.0,4.0,2.0,36.0,24.0,1222.0,3584.0,0.08886942881766335,0.09270871249027413,64.0,0.125,6400000.0
1024.0,1024.0,1.0,9.0,2219.0,2048.0,73583.0,196608.0,0.4114028309450912,0.4322489452345454,0.5,0.0078125,6400000.0
2.0,2.0,4.0,3.0,28.0,16.0,820.0,2304.0,0.1087910630976644,0.11524495953925573,8.0,2.0,6400000.0
1.0,2.0,4.0,1.0,1.0,1.0,63.0,32.0,-0.0030632107251067353,-0.0017650185808415486,128.0,0.5,6400000.0
2.0,2.0,4.0,2.0,10.0,6.0,339.0,704.0,0.08373057448791543,0.08530390601495486,16.0,8.0,6400000.0
1024.0,1024.0,1.0,9.0,2215.0,2048.0,73548.0,196608.0,0.41137048955681643,0.4323768157910459,0.5,0.015625,6400000.0
2.0,2.0,4.0,8.0,59.0,32.0,1695.0,4864.0,0.11707245786703424,0.12504374805801832,0.5,0.0078125,6400000.0
747.0,1024.0,1.0,9.0,1636.0,1494.0,53679.0,143424.0,0.4135274587158294,0.4337091204156063,0.5,0.03125,6400000.0
493.0,1024.0,1.0,9.0,1116.0,986.0,35958.0,94656.0,0.4136661800349445,0.4351725853785884,0.5,0.0625,6400000.0
2.0,2.0,4.0,8.0,60.0,32.0,1696.0,4864.0,0.11738470288026426,0.12521723614493985,0.25,0.00195312,6400000.0
349.0,1024.0,1.0,9.0,814.0,698.0,25911.0,67008.0,0.41360707033220245,0.43567495905453624,0.5,0.125,6400000.0
208.0,1024.0,1.0,9.0,497.0,416.0,15696.0,39936.0,0.40827490140990186,0.43072599259640953,0.5,0.5,6400000.0
250.0,1024.0,1.0,9.0,596.0,500.0,18830.0,48000.0,0.41306076463081254,0.43474498077301116,0.5,0.25,6400000.0
131.0,1024.0,1.0,9.0,325.0,262.0,10087.0,25152.0,0.39456247572542424,0.4156144496059735,0.5,1.0,6400000.0
2.0,2.0,4.0,2.0,6.0,4.0,250.0,384.0,0.07262288558772911,0.07510528703488584,1.0,32.0,6400000.0
1.0,2.0,4.0,1.0,1.0,1.0,63.0,32.0,-0.0030632107251067353,-0.0017650185808415486,2.0,128.0,6400000.0
54.0,1024.0,1.0,6.0,139.0,108.0,4253.0,10368.0,0.3437770914346123,0.3554259991436397,0.5,4.0,6400000.0
1.0,2.0,4.0,1.0,1.0,1.0,63.0,32.0,-0.0030632107251067353,-0.0017650185808415486,64.0,128.0,6400000.0
2.0,2.0,4.0,3.0,12.0,7.0,411.0,864.0,0.09413973999029857,0.09778814733003183,0.5,8.0,6400000.0
2.0,2.0,4.0,2.0,6.0,4.0,250.0,384.0,0.07262288558772911,0.07510528703488584,32.0,32.0,6400000.0
1.0,2.0,4.0,1.0,1.0,1.0,63.0,32.0,-0.0030632107251067353,-0.0017650185808415486,8.0,2048.0,6400000.0
103.0,1024.0,1.0,9.0,256.0,206.0,7949.0,19776.0,0.3803538018857049,0.3988111381644802,0.5,2.0,6400000.0
1.0,2.0,4.0,1.0,1.0,1.0,63.0,32.0,-0.0030632107251067353,-0.0017650185808415486,16.0,8192.0,6400000.0
1.0,2.0,4.0,1.0,1.0,1.0,63.0,32.0,-0.0030632107251067353,-0.0017650185808415486,4.0,512.0,6400000.0
1.0,1.0,1.0,1.0,1.0,1.0,35.0,32.0,-0.0030632107251067353,-0.0017650185808415486,64.0,8192.0,6400000.0
22.0,1024.0,1.0,3.0,61.0,44.0,1728.0,4224.0,0.27209781390772547,0.2796723898647334,0.5,8.0,6400000.0
2.0,2.0,4.0,7.0,48.0,27.0,1340.0,4064.0,0.11503663273171183,0.12383552964462063,0.25,2.0,6400000.0
8.0,1024.0,1.0,2.0,22.0,16.0,654.0,1536.0,0.184803559555608,0.19082719424152972,0.5,32.0,6400000.0
1.0,2.0,4.0,1.0,1.0,1.0,63.0,32.0,-0.0030632107251067353,-0.0017650185808415486,128.0,512.0,6400000.0
12.0,1024.0,1.0,3.0,33.0,24.0,937.0,2304.0,0.22058073034453196,0.22746378695664926,0.5,16.0,6400000.0
1.0,2.0,4.0,1.0,1.0,1.0,63.0,32.0,-0.0030632107251067353,-0.0017650185808415486,32.0,32768.0,6400000.0
3.0,1024.0,1.0,2.0,9.0,6.0,279.0,576.0,0.10115259004895938,0.10346957106453547,0.5,64.0,6400000.0
1.0,1024.0,1.0,1.0,1.0,1.0,35.0,32.0,-0.0030632107251067353,-0.0017650185808415486,0.5,128.0,6400000.0
1.0,1024.0,1.0,1.0,1.0,1.0,35.0,32.0,-0.0030632107251067353,-0.0017650185808415486,0.5,512.0,6400000.0
2.0,2.0,4.0,3.0,53.0,32.0,1592.0,4864.0,0.11331233090744863,0.11785316106420984,8.0,0.00390625,6400000.0
1.0,1024.0,1.0,1.0,1.0,1.0,35.0,32.0,-0.0030632107251067353,-0.0017650185808415486,0.5,1024.0,6400000.0
1.0,1024.0,1.0,1.0,1.0,1.0,35.0,32.0,-0.0030632107251067353,-0.0017650185808415486,0.5,256.0,6400000.0
1.0,1024.0,1.0,1.0,1.0,1.0,35.0,32.0,-0.0030632107251067353,-0.0017650185808415486,0.5,2048.0,6400000.0
1.0,1024.0,1.0,1.0,1.0,1.0,35.0,32.0,-0.0030632107251067353,-0.0017650185808415486,0.5,4096.0,6400000.0
1.0,2.0,4.0,1.0,1.0,1.0,63.0,32.0,-0.0030632107251067353,-0.0017650185808415486,128.0,0.000976562,6400000.0
1.0,2.0,4.0,1.0,1.0,1.0,63.0,32.0,-0.0030632107251067353,-0.0017650185808415486,1.0,32768.0,6400000.0
1.0,1024.0,1.0,1.0,1.0,1.0,35.0,32.0,-0.0030632107251067353,-0.0017650185808415486,0.5,16384.0,6400000.0
2.0,2.0,4.0,2.0,48.0,32.0,1576.0,4864.0,0.08882374451066677,0.0923676566887589,16.0,0.015625,6400000.0
1.0,1024.0,1.0,1.0,1.0,1.0,35.0,32.0,-0.0030632107251067353,-0.0017650185808415486,0.5,8192.0,6400000.0
2.0,2.0,4.0,3.0,53.0,32.0,1592.0,4864.0,0.11331233090744863,0.11785316106420984,4.0,0.000976562,6400000.0
1.0,1024.0,1.0,1.0,1.0,1.0,35.0,32.0,-0.0030632107251067353,-0.0017650185808415486,0.5,32768.0,6400000.0
2.0,2.0,4.0,2.0,45.0,30.0,1503.0,4544.0,0.08908928160506646,0.09241987637107252,32.0,0.0625,6400000.0
1.0,2.0,4.0,1.0,1.0,1.0,63.0,32.0,-0.0030632107251067353,-0.0017650185808415486,256.0,0.00390625,6400000.0
1.0,2.0,4.0,1.0,1.0,1.0,63.0,32.0,-0.0030632107251067353,-0.0017650185808415486,0.25,2048.0,6400000.0
2.0,2.0,4.0,6.0,58.0,32.0,1665.0,4864.0,0.1176416007655322,0.12507569630277582,2.0,0.25,6400000.0
1.0,2.0,4.0,1.0,1.0,1.0,63.0,32.0,-0.0030632107251067353,-0.0017650185808415486,0.5,8192.0,6400000.0
1024.0,1024.0,1.0,9.0,2223.0,2048.0,73680.0,196608.0,0.4116225713165307,0.4323526534802725,1.0,0.0,6400000.0
2.0,2.0,4.0,6.0,58.0,32.0,1658.0,4864.0,0.11664026831290242,0.12436748709241119,1.0,0.0625,6400000.0
2.0,2.0,4.0,3.0,34.0,20.0,1009.0,2944.0,0.11080585357934869,0.11613888811649109,4.0,1.0,6400000.0
1024.0,1024.0,1.0,9.0,2220.0,2048.0,73646.0,196608.0,0.41138204481002494,0.4323312000736226,1.0,0.000976562,6400000.0
1.0,1.0,1.0,1.0,1.0,1.0,35.0,32.0,-0.0030632107251067353,-0.0017650185808415486,64.0,128.0,6400000.0
1024.0,1024.0,1.0,9.0,2216.0,2048.0,73549.0,196608.0,0.4114830558515642,0.43222210491464996,1.0,0.00390625,6400000.0
2.0,2.0,4.0,2.0,33.0,22.0,1118.0,3264.0,0.08894255848074717,0.0923264197422149,64.0,0.25,6400000.0
1024.0,1024.0,1.0,9.0,2218.0,2048.0,73582.0,196608.0,0.41143363034031255,0.4322546525985449,1.0,0.00195312,6400000.0
2.0,2.0,4.0,3.0,19.0,11.0,606.0,1504.0,0.10219264113208737,0.10771325588564218,8.0,4.0,6400000.0
1024.0,1024.0,1.0,9.0,2215.0,2048.0,73579.0,196608.0,0.4112153971531026,0.4323538030705433,1.0,0.0078125,6400000.0
2.0,2.0,4.0,2.0,6.0,4.0,250.0,384.0,0.07262288558772911,0.07510528703488584,16.0,16.0,6400000.0
1.0,2.0,4.0,1.0,1.0,1.0,63.0,32.0,-0.0030632107251067353,-0.0017650185808415486,128.0,1.0,6400000.0
1024.0,1024.0,1.0,9.0,2215.0,2048.0,73579.0,196608.0,0.4116296521871383,0.43234726331143136,1.0,0.015625,6400000.0
2.0,2.0,4.0,8.0,59.0,32.0,1695.0,4864.0,0.11707245786703424,0.12504374805801832,0.5,0.015625,6400000.0
746.0,1024.0,1.0,9.0,1634.0,1492.0,53610.0,143232.0,0.41347012034425357,0.43381398370129265,1.0,0.03125,6400000.0
245.0,1024.0,1.0,9.0,586.0,490.0,18490.0,47040.0,0.4125723702361703,0.4345399856821719,1.0,0.25,6400000.0
347.0,1024.0,1.0,9.0,808.0,694.0,25710.0,66624.0,0.41352983946307376,0.43569229912959617,1.0,0.125,6400000.0
1.0,1.0,1.0,1.0,1.0,1.0,35.0,32.0,-0.0030632107251067353,-0.0017650185808415486,128.0,0.0078125,6400000.0
495.0,1024.0,1.0,9.0,1121.0,990.0,36126.0,95040.0,0.4135781819802056,0.43516527262222404,1.0,0.0625,6400000.0
1.0,2.0,4.0,1.0,1.0,1.0,63.0,32.0,-0.0030632107251067353,-0.0017650185808415486,256.0,4.0,6400000.0
206.0,1024.0,1.0,9.0,492.0,412.0,15561.0,39552.0,0.40781194248224306,0.4302431598945601,1.0,0.5,6400000.0
2.0,2.0,4.0,2.0,6.0,4.0,250.0,384.0,0.07262288558772911,0.07510528703488584,1.0,64.0,6400000.0
131.0,1024.0,1.0,9.0,325.0,262.0,10087.0,25152.0,0.39456296972754323,0.4156141228035878,1.0,1.0,6400000.0
1.0,2.0,4.0,1.0,1.0,1.0,63.0,32.0,-0.0030632107251067353,-0.0017650185808415486,2.0,256.0,6400000.0
2.0,2.0,4.0,2.0,6.0,4.0,250.0,384.0,0.07262288558772911,0.07510528703488584,32.0,64.0,6400000.0
1.0,2.0,4.0,1.0,1.0,1.0,63.0,32.0,-0.0030632107251067353,-0.0017650185808415486,64.0,256.0,6400000.0
2.0,2.0,4.0,3.0,10.0,6.0,343.0,704.0,0.09231549576014253,0.09427300599869859,0.5,16.0,6400000.0
1.0,2.0,4.0,1.0,1.0,1.0,63.0,32.0,-0.0030632107251067353,-0.0017650185808415486,8.0,4096.0,6400000.0
54.0,1024.0,1.0,6.0,139.0,108.0,4253.0,10368.0,0.3437752087524123,0.35542497708320786,1.0,4.0,6400000.0
103.0,1024.0,1.0,9.0,256.0,206.0,7949.0,19776.0,0.38035362553060204,0.3988111961254668,1.0,2.0,6400000.0
1.0,1.0,1.0,1.0,1.0,1.0,35.0,32.0,-0.0030632107251067353,-0.0017650185808415486,64.0,16384.0,6400000.0
22.0,1024.0,1.0,3.0,61.0,44.0,1728.0,4224.0,0.27209781390772547,0.2796723898647334,1.0,8.0,6400000.0
1.0,2.0,4.0,1.0,1.0,1.0,63.0,32.0,-0.0030632107251067353,-0.0017650185808415486,4.0,1024.0,6400000.0
1.0,2.0,4.0,1.0,1.0,1.0,63.0,32.0,-0.0030632107251067353,-0.0017650185808415486,16.0,16384.0,6400000.0
2.0,2.0,4.0,3.0,53.0,32.0,1592.0,4864.0,0.11331233090744863,0.11785316106420984,8.0,0.0078125,6400000.0
12.0,1024.0,1.0,3.0,33.0,24.0,937.0,2304.0,0.22058073034453196,0.22746378695664926,1.0,16.0,6400000.0
2.0,2.0,4.0,2.0,48.0,32.0,1576.0,4864.0,0.08882374451066677,0.0923676566887589,64.0,0.0,6400000.0
3.0,1024.0,1.0,2.0,9.0,6.0,279.0,576.0,0.10115259004895938,0.10346957106453547,1.0,64.0,6400000.0
1.0,2.0,4.0,1.0,1.0,1.0,63.0,32.0,-0.0030632107251067353,-0.0017650185808415486,128.0,1024.0,6400000.0
1.0,2.0,4.0,1.0,1.0,1.0,63.0,32.0,-0.0030632107251067353,-0.0017650185808415486,256.0,4096.0,6400000.0
1.0,1024.0,1.0,1.0,1.0,1.0,35.0,32.0,-0.0030632107251067353,-0.0017650185808415486,1.0,512.0,6400000.0
1.0,1024.0,1.0,1.0,1.0,1.0,35.0,32.0,-0.0030632107251067353,-0.0017650185808415486,1.0,1024.0,6400000.0
8.0,1024.0,1.0,2.0,22.0,16.0,654.0,1536.0,0.184803559555608,0.19082719424152972,1.0,32.0,6400000.0
1.0,1024.0,1.0,1.0,1.0,1.0,35.0,32.0,-0.0030632107251067353,-0.0017650185808415486,1.0,256.0,6400000.0
1.0,1024.0,1.0,1.0,1.0,1.0,35.0,32.0,-0.0030632107251067353,-0.0017650185808415486,1.0,128.0,6400000.0
2.0,2.0,4.0,2.0,48.0,32.0,1576.0,4864.0,0.08882374451066677,0.0923676566887589,16.0,0.03125,6400000.0
2.0,2.0,4.0,6.0,58.0,32.0,1665.0,4864.0,0.1176416007655322,0.12507569630277582,2.0,0.0,6400000.0
1.0,2.0,4.0,1.0,1.0,1.0,63.0,32.0,-0.0030632107251067353,-0.0017650185808415486,128.0,0.00195312,6400000.0
2.0,2.0,4.0,3.0,53.0,32.0,1592.0,4864.0,0.11331233090744863,0.11785316106420984,4.0,0.00195312,6400000.0
1.0,1024.0,1.0,1.0,1.0,1.0,35.0,32.0,-0.0030632107251067353,-0.0017650185808415486,1.0,8192.0,6400000.0
1.0,1024.0,1.0,1.0,1.0,1.0,35.0,32.0,-0.0030632107251067353,-0.0017650185808415486,1.0,2048.0,6400000.0
1.0,1024.0,1.0,1.0,1.0,1.0,35.0,32.0,-0.0030632107251067353,-0.0017650185808415486,1.0,4096.0,6400000.0
2.0,2.0,4.0,2.0,36.0,24.0,1222.0,3584.0,0.08886942881766335,0.09270871249027413,32.0,0.125,6400000.0
1.0,1024.0,1.0,1.0,1.0,1.0,35.0,32.0,-0.0030632107251067353,-0.0017650185808415486,1.0,32768.0,6400000.0
1.0,1024.0,1.0,1.0,1.0,1.0,35.0,32.0,-0.0030632107251067353,-0.0017650185808415486,1.0,16384.0,6400000.0
1.0,2.0,4.0,1.0,1.0,1.0,63.0,32.0,-0.0030632107251067353,-0.0017650185808415486,256.0,0.0078125,6400000.0
2.0,2.0,4.0,6.0,54.0,30.0,1515.0,4544.0,0.11734879013698285,0.1250059919433808,2.0,0.5,6400000.0
1.0,2.0,4.0,1.0,1.0,1.0,63.0,32.0,-0.0030632107251067353,-0.0017650185808415486,0.5,16384.0,6400000.0
1024.0,1024.0,1.0,9.0,2227.0,2048.0,73777.0,196608.0,0.41139931851589284,0.4321099687508554,2.0,0.0,6400000.0
1.0,1.0,1.0,1.0,1.0,1.0,35.0,32.0,-0.0030632107251067353,-0.0017650185808415486,64.0,256.0,6400000.0
2.0,2.0,4.0,3.0,28.0,16.0,820.0,2304.0,0.1087910630976644,0.11524495953925573,4.0,2.0,6400000.0
2.0,2.0,4.0,6.0,58.0,32.0,1658.0,4864.0,0.11664026831290242,0.12436748709241119,1.0,0.125,6400000.0
1024.0,1024.0,1.0,9.0,2224.0,2048.0,73681.0,196608.0,0.4117605219317775,0.43236850898327384,2.0,0.000976562,6400000.0
1024.0,1024.0,1.0,9.0,2222.0,2048.0,73648.0,196608.0,0.4118476999094478,0.43249531630369575,2.0,0.00195312,6400000.0
2.0,2.0,4.0,2.0,22.0,15.0,739.0,2144.0,0.08867879494634656,0.09209046733417814,64.0,0.5,6400000.0
1.0,2.0,4.0,1.0,1.0,1.0,63.0,32.0,-0.0030632107251067353,-0.0017650185808415486,512.0,0.03125,6400000.0
2.0,2.0,4.0,3.0,12.0,7.0,411.0,864.0,0.09413973999029857,0.09778814733003183,8.0,8.0,6400000.0
2.0,2.0,4.0,2.0,6.0,4.0,250.0,384.0,0.07262288558772911,0.07510528703488584,16.0,32.0,6400000.0
1.0,2.0,4.0,1.0,1.0,1.0,63.0,32.0,-0.0030632107251067353,-0.0017650185808415486,128.0,2.0,6400000.0
1024.0,1024.0,1.0,9.0,2221.0,2048.0,73616.0,196608.0,0.41163201768671465,0.4324841524910237,2.0,0.00390625,6400000.0
1024.0,1024.0,1.0,9.0,2217.0,2048.0,73550.0,196608.0,0.4116581285090476,0.4323840454569884,2.0,0.0078125,6400000.0
1024.0,1024.0,1.0,9.0,2216.0,2048.0,73549.0,196608.0,0.41134480454843225,0.43230120232731817,2.0,0.015625,6400000.0
488.0,1024.0,1.0,9.0,1106.0,976.0,35606.0,93696.0,0.4141182467806983,0.43482860227256326,2.0,0.0625,6400000.0
736.0,1024.0,1.0,9.0,1616.0,1472.0,52988.0,141312.0,0.41362635394049685,0.43385578029216376,2.0,0.03125,6400000.0
339.0,1024.0,1.0,9.0,795.0,678.0,25231.0,65088.0,0.4130662949949677,0.4354640864039262,2.0,0.125,6400000.0
1.0,1.0,1.0,1.0,1.0,1.0,35.0,32.0,-0.0030632107251067353,-0.0017650185808415486,128.0,0.015625,6400000.0
1.0,2.0,4.0,1.0,1.0,1.0,63.0,32.0,-0.0030632107251067353,-0.0017650185808415486,256.0,8.0,6400000.0
196.0,1024.0,1.0,9.0,476.0,392.0,14897.0,37632.0,0.40811222455238605,0.43049871041157617,2.0,0.5,6400000.0
1.0,2.0,4.0,1.0,1.0,1.0,63.0,32.0,-0.0030632107251067353,-0.0017650185808415486,1.0,128.0,6400000.0
128.0,1024.0,1.0,9.0,319.0,256.0,9882.0,24576.0,0.3931427141494205,0.41396205209484715,2.0,1.0,6400000.0
91.0,1024.0,1.0,7.0,224.0,182.0,6964.0,17472.0,0.3676108246808856,0.3853196254538115,2.0,2.0,6400000.0
248.0,1024.0,1.0,9.0,593.0,496.0,18745.0,47616.0,0.4124215183797977,0.4347104025419495,2.0,0.25,6400000.0
1.0,2.0,4.0,1.0,1.0,1.0,63.0,32.0,-0.0030632107251067353,-0.0017650185808415486,2.0,512.0,6400000.0
1.0,2.0,4.0,1.0,1.0,1.0,63.0,32.0,-0.0030632107251067353,-0.0017650185808415486,64.0,512.0,6400000.0
1.0,2.0,4.0,1.0,1.0,1.0,63.0,32.0,-0.0030632107251067353,-0.0017650185808415486,32.0,128.0,6400000.0
1.0,2.0,4.0,1.0,1.0,1.0,63.0,32.0,-0.0030632107251067353,-0.0017650185808415486,4.0,2048.0,6400000.0
1.0,1.0,1.0,1.0,1.0,1.0,35.0,32.0,-0.0030632107251067353,-0.0017650185808415486,64.0,32768.0,6400000.0
1.0,2.0,4.0,1.0,1.0,1.0,63.0,32.0,-0.0030632107251067353,-0.0017650185808415486,8.0,8192.0,6400000.0
1.0,2.0,4.0,1.0,1.0,1.0,63.0,32.0,-0.0030632107251067353,-0.0017650185808415486,16.0,32768.0,6400000.0
1.0,2.0,4.0,1.0,1.0,1.0,63.0,32.0,-0.0030632107251067353,-0.0017650185808415486,512.0,32.0,6400000.0
54.0,1024.0,1.0,6.0,139.0,108.0,4253.0,10368.0,0.34377893735582843,0.3554020107931547,2.0,4.0,6400000.0
2.0,2.0,4.0,3.0,53.0,32.0,1592.0,4864.0,0.11331233090744863,0.11785316106420984,8.0,0.015625,6400000.0
22.0,1024.0,1.0,3.0,61.0,44.0,1728.0,4224.0,0.2720957992971804,0.2796722811129766,2.0,8.0,6400000.0
1.0,2.0,4.0,1.0,1.0,1.0,63.0,32.0,-0.0030632107251067353,-0.0017650185808415486,128.0,2048.0,6400000.0
2.0,2.0,4.0,2.0,48.0,32.0,1576.0,4864.0,0.08882374451066677,0.0923676566887589,64.0,0.000976562,6400000.0
1.0,2.0,4.0,1.0,1.0,1.0,63.0,32.0,-0.0030632107251067353,-0.0017650185808415486,256.0,8192.0,6400000.0
12.0,1024.0,1.0,3.0,33.0,24.0,937.0,2304.0,0.22058008498100445,0.22746552742711335,2.0,16.0,6400000.0
8.0,1024.0,1.0,2.0,22.0,16.0,654.0,1536.0,0.184803559555608,0.19082719424152972,2.0,32.0,6400000.0
3.0,1024.0,1.0,2.0,9.0,6.0,279.0,576.0,0.10115259004895938,0.10346957106453547,2.0,64.0,6400000.0
1.0,2.0,4.0,1.0,1.0,1.0,63.0,32.0,-0.0030632107251067353,-0.0017650185808415486,128.0,0.00390625,6400000.0
2.0,2.0,4.0,6.0,58.0,32.0,1665.0,4864.0,0.1176416007655322,0.12507569630277582,2.0,0.000976562,6400000.0
1.0,1024.0,1.0,1.0,1.0,1.0,35.0,32.0,-0.0030632107251067353,-0.0017650185808415486,2.0,128.0,6400000.0
1.0,1024.0,1.0,1.0,1.0,1.0,35.0,32.0,-0.0030632107251067353,-0.0017650185808415486,2.0,1024.0,6400000.0
1.0,1024.0,1.0,1.0,1.0,1.0,35.0,32.0,-0.0030632107251067353,-0.0017650185808415486,2.0,256.0,6400000.0
2.0,2.0,4.0,3.0,53.0,32.0,1592.0,4864.0,0.11331233090744863,0.11785316106420984,4.0,0.00390625,6400000.0
2.0,2.0,4.0,2.0,45.0,30.0,1503.0,4544.0,0.08908928160506646,0.09241987637107252,16.0,0.0625,6400000.0
2.0,2.0,4.0,4.0,36.0,21.0,1068.0,3104.0,0.11127016819278823,0.11697579404105896,2.0,1.0,6400000.0
1.0,1024.0,1.0,1.0,1.0,1.0,35.0,32.0,-0.0030632107251067353,-0.0017650185808415486,2.0,2048.0,6400000.0
1.0,1024.0,1.0,1.0,1.0,1.0,35.0,32.0,-0.0030632107251067353,-0.0017650185808415486,2.0,4096.0,6400000.0
2.0,2.0,4.0,2.0,33.0,22.0,1118.0,3264.0,0.08894255848074717,0.0923264197422149,32.0,0.25,6400000.0
1.0,1024.0,1.0,1.0,1.0,1.0,35.0,32.0,-0.0030632107251067353,-0.0017650185808415486,2.0,512.0,6400000.0
1.0,1024.0,1.0,1.0,1.0,1.0,35.0,32.0,-0.0030632107251067353,-0.0017650185808415486,2.0,32768.0,6400000.0
1.0,2.0,4.0,1.0,1.0,1.0,63.0,32.0,-0.0030632107251067353,-0.0017650185808415486,256.0,0.015625,6400000.0
1.0,1024.0,1.0,1.0,1.0,1.0,35.0,32.0,-0.0030632107251067353,-0.0017650185808415486,2.0,16384.0,6400000.0
1.0,1024.0,1.0,1.0,1.0,1.0,35.0,32.0,-0.0030632107251067353,-0.0017650185808415486,2.0,8192.0,6400000.0
1.0,2.0,4.0,1.0,1.0,1.0,63.0,32.0,-0.0030632107251067353,-0.0017650185808415486,512.0,32768.0,6400000.0
1.0,1.0,1.0,1.0,1.0,1.0,35.0,32.0,-0.0030632107251067353,-0.0017650185808415486,64.0,512.0,6400000.0
1024.0,1024.0,1.0,7.0,2195.0,2048.0,73524.0,196608.0,0.38673929009756614,0.41097667965928997,4.0,0.0,6400000.0
2.0,2.0,4.0,3.0,19.0,11.0,606.0,1504.0,0.10219264113208737,0.10771325588564218,4.0,4.0,6400000.0
1024.0,1024.0,1.0,7.0,2193.0,2048.0,73460.0,196608.0,0.38687541966142736,0.41102978787388034,4.0,0.000976562,6400000.0
2.0,2.0,4.0,2.0,6.0,4.0,250.0,384.0,0.07262288558772911,0.07510528703488584,16.0,64.0,6400000.0
2.0,2.0,4.0,2.0,19.0,12.0,634.0,1664.0,0.08867766830420443,0.09199509897355096,64.0,1.0,6400000.0
1.0,2.0,4.0,1.0,1.0,1.0,63.0,32.0,-0.0030632107251067353,-0.0017650185808415486,512.0,0.0625,6400000.0
2.0,2.0,4.0,2.0,6.0,4.0,250.0,384.0,0.07262288558772911,0.07510528703488584,8.0,16.0,6400000.0
1024.0,1024.0,1.0,7.0,2193.0,2048.0,73464.0,196608.0,0.387034667803151,0.4110659669974701,4.0,0.00195312,6400000.0
1024.0,1024.0,1.0,7.0,2190.0,2048.0,73393.0,196608.0,0.3867873895564915,0.41098420533851554,4.0,0.00390625,6400000.0
1024.0,1024.0,1.0,7.0,2190.0,2048.0,73399.0,196608.0,0.3868616095750086,0.41104138253981537,4.0,0.0078125,6400000.0
1.0,2.0,4.0,1.0,1.0,1.0,63.0,32.0,-0.0030632107251067353,-0.0017650185808415486,128.0,4.0,6400000.0
1.0,2.0,4.0,1.0,1.0,1.0,63.0,32.0,-0.0030632107251067353,-0.0017650185808415486,1024.0,0.25,6400000.0
936.0,1024.0,1.0,7.0,2008.0,1872.0,67049.0,179712.0,0.38765816968516964,0.4114424022267842,4.0,0.015625,6400000.0
1.0,1.0,1.0,1.0,1.0,1.0,35.0,32.0,-0.0030632107251067353,-0.0017650185808415486,128.0,0.03125,6400000.0
1.0,2.0,4.0,1.0,1.0,1.0,63.0,32.0,-0.0030632107251067353,-0.0017650185808415486,256.0,16.0,6400000.0
276.0,1024.0,1.0,7.0,641.0,552.0,20580.0,52992.0,0.3906182863497474,0.41402550349557854,4.0,0.125,6400000.0
97.0,1024.0,1.0,6.0,248.0,194.0,7686.0,18624.0,0.36886818893375495,0.387855297907309,4.0,1.0,6400000.0
584.0,1024.0,1.0,7.0,1285.0,1168.0,42172.0,112128.0,0.3904149326753654,0.41248869164717195,4.0,0.03125,6400000.0
1.0,2.0,4.0,1.0,1.0,1.0,63.0,32.0,-0.0030632107251067353,-0.0017650185808415486,64.0,1024.0,6400000.0
373.0,1024.0,1.0,7.0,848.0,746.0,27381.0,71616.0,0.39064236122246543,0.4138609303290268,4.0,0.0625,6400000.0
1.0,2.0,4.0,1.0,1.0,1.0,63.0,32.0,-0.0030632107251067353,-0.0017650185808415486,32.0,256.0,6400000.0
76.0,1024.0,1.0,6.0,192.0,152.0,5951.0,14592.0,0.35925098196876004,0.375931486213435,4.0,2.0,6400000.0
144.0,1024.0,1.0,6.0,350.0,288.0,11074.0,27648.0,0.37854534555448904,0.39853502197012525,4.0,0.5,6400000.0
21.0,1024.0,1.0,3.0,59.0,42.0,1661.0,4032.0,0.2683332385867342,0.27570906523530825,4.0,8.0,6400000.0
1.0,2.0,4.0,1.0,1.0,1.0,63.0,32.0,-0.0030632107251067353,-0.0017650185808415486,2.0,1024.0,6400000.0
206.0,1024.0,1.0,7.0,489.0,412.0,15578.0,39552.0,0.39002626711581545,0.4135442344825899,4.0,0.25,6400000.0
33.0,1024.0,1.0,3.0,90.0,66.0,2615.0,6336.0,0.2975518340950938,0.3062163393205386,4.0,4.0,6400000.0
2.0,2.0,4.0,2.0,48.0,32.0,1576.0,4864.0,0.08882374451066677,0.0923676566887589,32.0,0.0,6400000.0
1.0,2.0,4.0,1.0,1.0,1.0,63.0,32.0,-0.0030632107251067353,-0.0017650185808415486,4.0,4096.0,6400000.0
1.0,2.0,4.0,1.0,1.0,1.0,63.0,32.0,-0.0030632107251067353,-0.0017650185808415486,8.0,16384.0,6400000.0
1.0,1.0,1.0,1.0,1.0,1.0,35.0,32.0,-0.0030632107251067353,-0.0017650185808415486,128.0,0.0,6400000.0
1.0,2.0,4.0,1.0,1.0,1.0,63.0,32.0,-0.0030632107251067353,-0.0017650185808415486,128.0,4096.0,6400000.0
1.0,2.0,4.0,1.0,1.0,1.0,63.0,32.0,-0.0030632107251067353,-0.0017650185808415486,512.0,64.0,6400000.0
2.0,2.0,4.0,3.0,53.0,32.0,1592.0,4864.0,0.11331233090744863,0.11785316106420984,8.0,0.03125,6400000.0
1.0,2.0,4.0,1.0,1.0,1.0,63.0,32.0,-0.0030632107251067353,-0.0017650185808415486,1024.0,256.0,6400000.0
11.0,1024.0,1.0,2.0,30.0,22.0,860.0,2112.0,0.211815897449531,0.21820531799146736,4.0,16.0,6400000.0
1.0,2.0,4.0,1.0,1.0,1.0,63.0,32.0,-0.0030632107251067353,-0.0017650185808415486,256.0,16384.0,6400000.0
2.0,2.0,4.0,2.0,48.0,32.0,1576.0,4864.0,0.08882374451066677,0.0923676566887589,64.0,0.00195312,6400000.0
1.0,2.0,4.0,1.0,1.0,1.0,63.0,32.0,-0.0030632107251067353,-0.0017650185808415486,128.0,0.0078125,6400000.0
8.0,1024.0,1.0,2.0,22.0,16.0,654.0,1536.0,0.184803559555608,0.19082719424152972,4.0,32.0,6400000.0
3.0,1024.0,1.0,2.0,9.0,6.0,279.0,576.0,0.10115259004895938,0.10346957106453547,4.0,64.0,6400000.0
2.0,2.0,4.0,3.0,53.0,32.0,1592.0,4864.0,0.11331233090744863,0.11785316106420984,4.0,0.0078125,6400000.0
2.0,2.0,4.0,2.0,22.0,15.0,739.0,2144.0,0.08867879494634656,0.09209046733417814,32.0,0.5,6400000.0
1.0,1024.0,1.0,1.0,1.0,1.0,35.0,32.0,-0.0030632107251067353,-0.0017650185808415486,4.0,128.0,6400000.0
2.0,2.0,4.0,2.0,36.0,24.0,1222.0,3584.0,0.08886942881766335,0.09270871249027413,16.0,0.125,6400000.0
1.0,1024.0,1.0,1.0,1.0,1.0,35.0,32.0,-0.0030632107251067353,-0.0017650185808415486,4.0,16384.0,6400000.0
1.0,1024.0,1.0,1.0,1.0,1.0,35.0,32.0,-0.0030632107251067353,-0.0017650185808415486,4.0,8192.0,6400000.0
1.0,2.0,4.0,1.0,1.0,1.0,63.0,32.0,-0.0030632107251067353,-0.0017650185808415486,256.0,0.03125,6400000.0
1.0,1024.0,1.0,1.0,1.0,1.0,35.0,32.0,-0.0030632107251067353,-0.0017650185808415486,4.0,512.0,6400000.0
1.0,1024.0,1.0,1.0,1.0,1.0,35.0,32.0,-0.0030632107251067353,-0.0017650185808415486,4.0,256.0,6400000.0
1.0,1024.0,1.0,1.0,1.0,1.0,35.0,32.0,-0.0030632107251067353,-0.0017650185808415486,4.0,2048.0,6400000.0
1.0,1024.0,1.0,1.0,1.0,1.0,35.0,32.0,-0.0030632107251067353,-0.0017650185808415486,4.0,1024.0,6400000.0
1.0,2.0,4.0,1.0,1.0,1.0,63.0,32.0,-0.0030632107251067353,-0.0017650185808415486,1024.0,0.0,6400000.0
1.0,1024.0,1.0,1.0,1.0,1.0,35.0,32.0,-0.0030632107251067353,-0.0017650185808415486,4.0,4096.0,6400000.0
1.0,2.0,4.0,1.0,1.0,1.0,63.0,32.0,-0.0030632107251067353,-0.0017650185808415486,2048.0,0.00195312,6400000.0
1.0,1024.0,1.0,1.0,1.0,1.0,35.0,32.0,-0.0030632107251067353,-0.0017650185808415486,4.0,32768.0,6400000.0
1024.0,1024.0,1.0,4.0,2143.0,2048.0,72520.0,196608.0,0.33724325608893513,0.35325913057678315,8.0,0.0,6400000.0
2.0,2.0,4.0,3.0,12.0,7.0,411.0,864.0,0.09413973999029857,0.09778814733003183,4.0,8.0,6400000.0
1024.0,1024.0,1.0,4.0,2143.0,2048.0,72522.0,196608.0,0.3372843931399647,0.35324771764409746,8.0,0.000976562,6400000.0
1024.0,1024.0,1.0,4.0,2141.0,2048.0,72467.0,196608.0,0.33719467419276783,0.3532655477422626,8.0,0.00195312,6400000.0
1024.0,1024.0,1.0,4.0,2140.0,2048.0,72429.0,196608.0,0.3371752266529441,0.35323556999148453,8.0,0.00390625,6400000.0
2.0,2.0,4.0,2.0,14.0,8.0,477.0,1024.0,0.08676859816809712,0.09005205639915703,64.0,2.0,6400000.0
1024.0,1024.0,1.0,4.0,2141.0,2048.0,72462.0,196608.0,0.3371059558555606,0.35329655899392265,8.0,0.0078125,6400000.0
1.0,2.0,4.0,1.0,1.0,1.0,63.0,32.0,-0.0030632107251067353,-0.0017650185808415486,16.0,128.0,6400000.0
1.0,2.0,4.0,1.0,1.0,1.0,63.0,32.0,-0.0030632107251067353,-0.0017650185808415486,512.0,0.125,6400000.0
2.0,2.0,4.0,2.0,6.0,4.0,250.0,384.0,0.07262288558772911,0.07510528703488584,8.0,32.0,6400000.0
583.0,1024.0,1.0,4.0,1249.0,1166.0,41641.0,111936.0,0.33950375620213546,0.354381100992893,8.0,0.015625,6400000.0
1.0,2.0,4.0,1.0,1.0,1.0,63.0,32.0,-0.0030632107251067353,-0.0017650185808415486,128.0,8.0,6400000.0
305.0,1024.0,1.0,4.0,683.0,610.0,22292.0,58560.0,0.342571259328852,0.35491746252109313,8.0,0.03125,6400000.0
187.0,1024.0,1.0,4.0,438.0,374.0,13929.0,35904.0,0.34330408794581,0.3550297565733882,8.0,0.0625,6400000.0
1.0,2.0,4.0,1.0,1.0,1.0,63.0,32.0,-0.0030632107251067353,-0.0017650185808415486,1024.0,0.5,6400000.0
1.0,1.0,1.0,1.0,1.0,1.0,35.0,32.0,-0.0030632107251067353,-0.0017650185808415486,128.0,0.0625,6400000.0
153.0,1024.0,1.0,4.0,363.0,306.0,11495.0,29376.0,0.3441376516977931,0.3551404651773702,8.0,0.125,6400000.0
1.0,2.0,4.0,1.0,1.0,1.0,63.0,32.0,-0.0030632107251067353,-0.0017650185808415486,32.0,512.0,6400000.0
1.0,2.0,4.0,1.0,1.0,1.0,63.0,32.0,-0.0030632107251067353,-0.0017650185808415486,2048.0,2.0,6400000.0
1.0,2.0,4.0,1.0,1.0,1.0,63.0,32.0,-0.0030632107251067353,-0.0017650185808415486,64.0,2048.0,6400000.0
1.0,2.0,4.0,1.0,1.0,1.0,63.0,32.0,-0.0030632107251067353,-0.0017650185808415486,256.0,32.0,6400000.0
93.0,1024.0,1.0,3.0,223.0,186.0,7051.0,17856.0,0.32032633577750613,0.32751658150271046,8.0,0.5,6400000.0
42.0,1024.0,1.0,3.0,113.0,84.0,3384.0,8064.0,0.30679578504283944,0.31632627311981343,8.0,2.0,6400000.0
1.0,2.0,4.0,1.0,1.0,1.0,63.0,32.0,-0.0030632107251067353,-0.0017650185808415486,4.0,8192.0,6400000.0
57.0,1024.0,1.0,3.0,147.0,114.0,4507.0,10944.0,0.3142547093293758,0.3232846471687646,8.0,1.0,6400000.0
96.0,1024.0,1.0,3.0,230.0,192.0,7256.0,18432.0,0.3204596799856244,0.32775447012978687,8.0,0.25,6400000.0
1.0,1.0,1.0,1.0,1.0,1.0,35.0,32.0,-0.0030632107251067353,-0.0017650185808415486,128.0,0.000976562,6400000.0
37.0,1024.0,1.0,3.0,100.0,74.0,2953.0,7104.0,0.3035279711248666,0.3116177878986417,8.0,4.0,6400000.0
21.0,1024.0,1.0,3.0,60.0,42.0,1693.0,4032.0,0.26841123900263475,0.2756962486874993,8.0,8.0,6400000.0
1.0,2.0,4.0,1.0,1.0,1.0,63.0,32.0,-0.0030632107251067353,-0.0017650185808415486,512.0,128.0,6400000.0
3.0,1024.0,1.0,2.0,9.0,6.0,279.0,576.0,0.10115259004895938,0.10346957106453547,8.0,64.0,6400000.0
2.0,2.0,4.0,2.0,48.0,32.0,1576.0,4864.0,0.08882374451066677,0.0923676566887589,32.0,0.000976562,6400000.0
1.0,2.0,4.0,1.0,1.0,1.0,63.0,32.0,-0.0030632107251067353,-0.0017650185808415486,8.0,32768.0,6400000.0
2.0,2.0,4.0,3.0,50.0,30.0,1488.0,4544.0,0.11327788289969842,0.11788056322205076,8.0,0.0625,6400000.0
1.0,2.0,4.0,1.0,1.0,1.0,63.0,32.0,-0.0030632107251067353,-0.0017650185808415486,128.0,8192.0,6400000.0
8.0,1024.0,1.0,2.0,22.0,16.0,654.0,1536.0,0.184803559555608,0.19082719424152972,8.0,32.0,6400000.0
11.0,1024.0,1.0,2.0,30.0,22.0,860.0,2112.0,0.211815897449531,0.21820531799146736,8.0,16.0,6400000.0
1.0,2.0,4.0,1.0,1.0,1.0,63.0,32.0,-0.0030632107251067353,-0.0017650185808415486,1024.0,512.0,6400000.0
2.0,2.0,4.0,2.0,48.0,32.0,1576.0,4864.0,0.08882374451066677,0.0923676566887589,64.0,0.00390625,6400000.0
1.0,2.0,4.0,1.0,1.0,1.0,63.0,32.0,-0.0030632107251067353,-0.0017650185808415486,256.0,32768.0,6400000.0
1.0,2.0,4.0,1.0,1.0,1.0,63.0,32.0,-0.0030632107251067353,-0.0017650185808415486,128.0,0.015625,6400000.0
2.0,2.0,4.0,2.0,19.0,12.0,634.0,1664.0,0.08867766830420443,0.09199509897355096,32.0,1.0,6400000.0
1.0,1024.0,1.0,1.0,1.0,1.0,35.0,32.0,-0.0030632107251067353,-0.0017650185808415486,8.0,128.0,6400000.0
1.0,2.0,4.0,1.0,1.0,1.0,63.0,32.0,-0.0030632107251067353,-0.0017650185808415486,2048.0,2048.0,6400000.0
2.0,2.0,4.0,2.0,33.0,22.0,1118.0,3264.0,0.08894255848074717,0.0923264197422149,16.0,0.25,6400000.0
1.0,1024.0,1.0,1.0,1.0,1.0,35.0,32.0,-0.0030632107251067353,-0.0017650185808415486,8.0,256.0,6400000.0
1.0,1024.0,1.0,1.0,1.0,1.0,35.0,32.0,-0.0030632107251067353,-0.0017650185808415486,8.0,512.0,6400000.0
1.0,1024.0,1.0,1.0,1.0,1.0,35.0,32.0,-0.0030632107251067353,-0.0017650185808415486,8.0,1024.0,6400000.0
1.0,2.0,4.0,1.0,1.0,1.0,63.0,32.0,-0.0030632107251067353,-0.0017650185808415486,256.0,0.0625,6400000.0
1.0,1024.0,1.0,1.0,1.0,1.0,35.0,32.0,-0.0030632107251067353,-0.0017650185808415486,8.0,2048.0,6400000.0
1.0,1024.0,1.0,1.0,1.0,1.0,35.0,32.0,-0.0030632107251067353,-0.0017650185808415486,8.0,4096.0,6400000.0
1.0,2.0,4.0,1.0,1.0,1.0,63.0,32.0,-0.0030632107251067353,-0.0017650185808415486,1024.0,0.000976562,6400000.0
1.0,2.0,4.0,1.0,1.0,1.0,63.0,32.0,-0.0030632107251067353,-0.0017650185808415486,2048.0,0.00390625,6400000.0
1.0,1024.0,1.0,1.0,1.0,1.0,35.0,32.0,-0.0030632107251067353,-0.0017650185808415486,8.0,8192.0,6400000.0
1.0,1024.0,1.0,1.0,1.0,1.0,35.0,32.0,-0.0030632107251067353,-0.0017650185808415486,8.0,32768.0,6400000.0
1.0,1024.0,1.0,1.0,1.0,1.0,35.0,32.0,-0.0030632107251067353,-0.0017650185808415486,8.0,16384.0,6400000.0
1.0,1.0,1.0,1.0,1.0,1.0,35.0,32.0,-0.0030632107251067353,-0.0017650185808415486,0.000976562,4096.0,6400000.0
1024.0,1024.0,1.0,3.0,2117.0,2048.0,72821.0,196608.0,0.31753335251760595,0.3251876414263467,16.0,0.000976562,6400000.0
1.0,2.0,4.0,1.0,1.0,1.0,63.0,32.0,-0.0030632107251067353,-0.0017650185808415486,4096.0,0.015625,6400000.0
1024.0,1024.0,1.0,3.0,2117.0,2048.0,72821.0,196608.0,0.3175555241137247,0.3251748236667332,16.0,0.0,6400000.0
716.0,1024.0,1.0,3.0,1495.0,1432.0,50813.0,137472.0,0.3179621439122158,0.3259560333363365,16.0,0.0078125,6400000.0
1.0,1.0,1.0,1.0,1.0,1.0,35.0,32.0,-0.0030632107251067353,-0.0017650185808415486,128.0,8.0,6400000.0
1.0,2.0,4.0,1.0,1.0,1.0,63.0,32.0,-0.0030632107251067353,-0.0017650185808415486,512.0,0.25,6400000.0
2.0,2.0,4.0,2.0,14.0,8.0,477.0,1024.0,0.08676859816809712,0.09005205639915703,64.0,4.0,6400000.0
1024.0,1024.0,1.0,3.0,2117.0,2048.0,72821.0,196608.0,0.3174820369198962,0.32520175171013377,16.0,0.00195312,6400000.0
2.0,2.0,4.0,2.0,6.0,4.0,250.0,384.0,0.07262288558772911,0.07510528703488584,8.0,64.0,6400000.0
1024.0,1024.0,1.0,3.0,2117.0,2048.0,72821.0,196608.0,0.3174477545222093,0.3251815888620436,16.0,0.00390625,6400000.0
1.0,2.0,4.0,1.0,1.0,1.0,63.0,32.0,-0.0030632107251067353,-0.0017650185808415486,16.0,256.0,6400000.0
283.0,1024.0,1.0,3.0,622.0,566.0,20434.0,54336.0,0.3190520733688168,0.3275322521923709,16.0,0.015625,6400000.0
1.0,2.0,4.0,1.0,1.0,1.0,63.0,32.0,-0.0030632107251067353,-0.0017650185808415486,128.0,16.0,6400000.0
177.0,1024.0,1.0,3.0,404.0,354.0,13081.0,33984.0,0.32004622116594406,0.32802622698022654,16.0,0.03125,6400000.0
139.0,1024.0,1.0,3.0,325.0,278.0,10363.0,26688.0,0.31992771259108566,0.3274050409333906,16.0,0.0625,6400000.0
1.0,2.0,4.0,1.0,1.0,1.0,63.0,32.0,-0.0030632107251067353,-0.0017650185808415486,1024.0,1.0,6400000.0
107.0,1024.0,1.0,3.0,256.0,214.0,8117.0,20544.0,0.32005186553800824,0.3278117739635793,16.0,0.125,6400000.0
89.0,1024.0,1.0,3.0,216.0,178.0,6778.0,17088.0,0.3197109777329641,0.32726936398681383,16.0,0.25,6400000.0
1.0,2.0,4.0,1.0,1.0,1.0,63.0,32.0,-0.0030632107251067353,-0.0017650185808415486,2048.0,4.0,6400000.0
1.0,1.0,1.0,1.0,1.0,1.0,35.0,32.0,-0.0030632107251067353,-0.0017650185808415486,128.0,0.125,6400000.0
1.0,2.0,4.0,1.0,1.0,1.0,63.0,32.0,-0.0030632107251067353,-0.0017650185808415486,256.0,64.0,6400000.0
1.0,2.0,4.0,1.0,1.0,1.0,63.0,32.0,-0.0030632107251067353,-0.0017650185808415486,32.0,1024.0,6400000.0
1.0,2.0,4.0,1.0,1.0,1.0,63.0,32.0,-0.0030632107251067353,-0.0017650185808415486,64.0,4096.0,6400000.0
89.0,1024.0,1.0,3.0,214.0,178.0,6743.0,17088.0,0.31992019949380013,0.32734723710247726,16.0,0.5,6400000.0
2.0,2.0,4.0,2.0,48.0,32.0,1576.0,4864.0,0.08882374451066677,0.0923676566887589,32.0,0.00195312,6400000.0
1.0,1.0,1.0,1.0,1.0,1.0,35.0,32.0,-0.0030632107251067353,-0.0017650185808415486,128.0,0.00195312,6400000.0
55.0,1024.0,1.0,3.0,143.0,110.0,4371.0,10560.0,0.3130626006825695,0.32245199730833507,16.0,1.0,6400000.0
1.0,2.0,4.0,1.0,1.0,1.0,63.0,32.0,-0.0030632107251067353,-0.0017650185808415486,4096.0,16.0,6400000.0
1.0,2.0,4.0,1.0,1.0,1.0,63.0,32.0,-0.0030632107251067353,-0.0017650185808415486,512.0,256.0,6400000.0
1.0,2.0,4.0,1.0,1.0,1.0,63.0,32.0,-0.0030632107251067353,-0.0017650185808415486,128.0,16384.0,6400000.0
43.0,1024.0,1.0,3.0,114.0,86.0,3452.0,8256.0,0.3074473766207483,0.3169332924081464,16.0,2.0,6400000.0
16.0,1024.0,1.0,2.0,45.0,32.0,1309.0,3072.0,0.23561062474946082,0.24274222107689147,16.0,8.0,6400000.0
1.0,2.0,4.0,1.0,1.0,1.0,63.0,32.0,-0.0030632107251067353,-0.0017650185808415486,1024.0,1024.0,6400000.0
11.0,1024.0,1.0,2.0,30.0,22.0,860.0,2112.0,0.211815897449531,0.21820531799146736,16.0,16.0,6400000.0
25.0,1024.0,1.0,2.0,65.0,50.0,1987.0,4800.0,0.2508845036920214,0.2612119600426388,16.0,4.0,6400000.0
8.0,1024.0,1.0,2.0,22.0,16.0,654.0,1536.0,0.184803559555608,0.19082719424152972,16.0,32.0,6400000.0
2.0,2.0,4.0,2.0,48.0,32.0,1576.0,4864.0,0.08882374451066677,0.0923676566887589,16.0,0.0,6400000.0
1.0,1024.0,1.0,1.0,1.0,1.0,35.0,32.0,-0.0030632107251067353,-0.0017650185808415486,16.0,128.0,6400000.0
1.0,2.0,4.0,1.0,1.0,1.0,63.0,32.0,-0.0030632107251067353,-0.0017650185808415486,512.0,0.0,6400000.0
1.0,1024.0,1.0,1.0,1.0,1.0,35.0,32.0,-0.0030632107251067353,-0.0017650185808415486,16.0,256.0,6400000.0
1.0,2.0,4.0,1.0,1.0,1.0,63.0,32.0,-0.0030632107251067353,-0.0017650185808415486,128.0,0.03125,6400000.0
3.0,1024.0,1.0,2.0,9.0,6.0,279.0,576.0,0.10115259004895938,0.10346957106453547,16.0,64.0,6400000.0
2.0,2.0,4.0,2.0,48.0,32.0,1576.0,4864.0,0.08882374451066677,0.0923676566887589,64.0,0.0078125,6400000.0
1.0,2.0,4.0,1.0,1.0,1.0,63.0,32.0,-0.0030632107251067353,-0.0017650185808415486,2048.0,4096.0,6400000.0
2.0,2.0,4.0,2.0,14.0,8.0,477.0,1024.0,0.08676859816809712,0.09005205639915703,32.0,2.0,6400000.0
2.0,2.0,4.0,2.0,22.0,15.0,739.0,2144.0,0.08867879494634656,0.09209046733417814,16.0,0.5,6400000.0
1.0,1024.0,1.0,1.0,1.0,1.0,35.0,32.0,-0.0030632107251067353,-0.0017650185808415486,16.0,1024.0,6400000.0
1.0,2.0,4.0,1.0,1.0,1.0,63.0,32.0,-0.0030632107251067353,-0.0017650185808415486,256.0,0.125,6400000.0
1.0,2.0,4.0,1.0,1.0,1.0,63.0,32.0,-0.0030632107251067353,-0.0017650185808415486,2048.0,0.0078125,6400000.0
1.0,1024.0,1.0,1.0,1.0,1.0,35.0,32.0,-0.0030632107251067353,-0.0017650185808415486,16.0,512.0,6400000.0
1.0,1.0,1.0,1.0,1.0,1.0,35.0,32.0,-0.0030632107251067353,-0.0017650185808415486,0.000976562,8192.0,6400000.0
1.0,2.0,4.0,1.0,1.0,1.0,63.0,32.0,-0.0030632107251067353,-0.0017650185808415486,1024.0,0.00195312,6400000.0
1.0,1024.0,1.0,1.0,1.0,1.0,35.0,32.0,-0.0030632107251067353,-0.0017650185808415486,16.0,4096.0,6400000.0
1.0,2.0,4.0,1.0,1.0,1.0,63.0,32.0,-0.0030632107251067353,-0.0017650185808415486,4096.0,16384.0,6400000.0
1.0,1024.0,1.0,1.0,1.0,1.0,35.0,32.0,-0.0030632107251067353,-0.0017650185808415486,16.0,2048.0,6400000.0
1.0,2.0,4.0,1.0,1.0,1.0,63.0,32.0,-0.0030632107251067353,-0.0017650185808415486,4096.0,0.03125,6400000.0
1.0,1024.0,1.0,1.0,1.0,1.0,35.0,32.0,-0.0030632107251067353,-0.0017650185808415486,16.0,8192.0,6400000.0
1024.0,1024.0,1.0,2.0,2096.0,2048.0,72446.0,196608.0,0.25952987746924183,0.26733174205181864,32.0,0.0,6400000.0
1.0,1024.0,1.0,1.0,1.0,1.0,35.0,32.0,-0.0030632107251067353,-0.0017650185808415486,16.0,32768.0,6400000.0
1.0,1024.0,1.0,1.0,1.0,1.0,35.0,32.0,-0.0030632107251067353,-0.0017650185808415486,16.0,16384.0,6400000.0
1.0,2.0,4.0,1.0,1.0,1.0,63.0,32.0,-0.0030632107251067353,-0.0017650185808415486,512.0,0.5,6400000.0
1.0,1.0,1.0,1.0,1.0,1.0,35.0,32.0,-0.0030632107251067353,-0.0017650185808415486,128.0,16.0,6400000.0
2.0,2.0,4.0,2.0,10.0,6.0,339.0,704.0,0.08373057448791543,0.08530390601495486,64.0,8.0,6400000.0
1024.0,1024.0,1.0,2.0,2096.0,2048.0,72446.0,196608.0,0.25952987746924183,0.26733174205181864,32.0,0.00195312,6400000.0
1024.0,1024.0,1.0,2.0,2096.0,2048.0,72446.0,196608.0,0.25952987746924183,0.26733174205181864,32.0,0.000976562,6400000.0
1.0,2.0,4.0,1.0,1.0,1.0,63.0,32.0,-0.0030632107251067353,-0.0017650185808415486,16.0,512.0,6400000.0
187.0,1024.0,1.0,2.0,405.0,374.0,13461.0,35904.0,0.2587492692927087,0.26963907438454093,32.0,0.015625,6400000.0
86.0,1024.0,1.0,2.0,200.0,172.0,6487.0,16512.0,0.25920215608368513,0.27061844027369064,32.0,0.03125,6400000.0
797.0,1024.0,1.0,2.0,1638.0,1594.0,56490.0,153024.0,0.259195059314309,0.26736292752639346,32.0,0.00390625,6400000.0
1.0,2.0,4.0,1.0,1.0,1.0,63.0,32.0,-0.0030632107251067353,-0.0017650185808415486,8192.0,0.125,6400000.0
1.0,2.0,4.0,1.0,1.0,1.0,63.0,32.0,-0.0030632107251067353,-0.0017650185808415486,128.0,32.0,6400000.0
434.0,1024.0,1.0,2.0,904.0,868.0,30977.0,83328.0,0.25896069222865836,0.26816750247123,32.0,0.0078125,6400000.0
1.0,2.0,4.0,1.0,1.0,1.0,63.0,32.0,-0.0030632107251067353,-0.0017650185808415486,1024.0,2.0,6400000.0
1.0,2.0,4.0,1.0,1.0,1.0,63.0,32.0,-0.0030632107251067353,-0.0017650185808415486,2048.0,8.0,6400000.0
70.0,1024.0,1.0,2.0,165.0,140.0,5318.0,13440.0,0.2591075582209761,0.2707474824455458,32.0,0.0625,6400000.0
1.0,1.0,1.0,1.0,1.0,1.0,35.0,32.0,-0.0030632107251067353,-0.0017650185808415486,128.0,0.25,6400000.0
49.0,1024.0,1.0,2.0,120.0,98.0,3802.0,9408.0,0.25814803654378304,0.27018509884981423,32.0,0.25,6400000.0
45.0,1024.0,1.0,2.0,111.0,90.0,3494.0,8640.0,0.2576096405165842,0.269624389420246,32.0,0.5,6400000.0
1.0,2.0,4.0,1.0,1.0,1.0,63.0,32.0,-0.0030632107251067353,-0.0017650185808415486,32.0,2048.0,6400000.0
59.0,1024.0,1.0,2.0,142.0,118.0,4556.0,11328.0,0.25881035508149797,0.27079152769404335,32.0,0.125,6400000.0
1.0,2.0,4.0,1.0,1.0,1.0,63.0,32.0,-0.0030632107251067353,-0.0017650185808415486,64.0,8192.0,6400000.0
1.0,2.0,4.0,1.0,1.0,1.0,63.0,32.0,-0.0030632107251067353,-0.0017650185808415486,256.0,128.0,6400000.0
1.0,2.0,4.0,1.0,1.0,1.0,63.0,32.0,-0.0030632107251067353,-0.0017650185808415486,4096.0,32.0,6400000.0
2.0,2.0,4.0,2.0,48.0,32.0,1576.0,4864.0,0.08882374451066677,0.0923676566887589,32.0,0.00390625,6400000.0
32.0,1024.0,1.0,2.0,82.0,64.0,2561.0,6144.0,0.25375401307087353,0.2660820235119521,32.0,1.0,6400000.0
1.0,1.0,1.0,1.0,1.0,1.0,35.0,32.0,-0.0030632107251067353,-0.0017650185808415486,128.0,0.00390625,6400000.0
1.0,2.0,4.0,1.0,1.0,1.0,63.0,32.0,-0.0030632107251067353,-0.0017650185808415486,512.0,512.0,6400000.0
26.0,1024.0,1.0,2.0,68.0,52.0,2088.0,4992.0,0.25099273326546023,0.26215306003732575,32.0,2.0,6400000.0
16.0,1024.0,1.0,2.0,45.0,32.0,1309.0,3072.0,0.23561062474946082,0.24274222107689147,32.0,8.0,6400000.0
1.0,2.0,4.0,1.0,1.0,1.0,63.0,32.0,-0.0030632107251067353,-0.0017650185808415486,128.0,32768.0,6400000.0
1.0,2.0,4.0,1.0,1.0,1.0,63.0,32.0,-0.0030632107251067353,-0.0017650185808415486,1024.0,2048.0,6400000.0
25.0,1024.0,1.0,2.0,65.0,50.0,1987.0,4800.0,0.2508845036920214,0.2612119600426388,32.0,4.0,6400000.0
3.0,1024.0,1.0,2.0,9.0,6.0,279.0,576.0,0.10115259004895938,0.10346957106453547,32.0,64.0,6400000.0
1.0,1024.0,1.0,1.0,1.0,1.0,35.0,32.0,-0.0030632107251067353,-0.0017650185808415486,32.0,128.0,6400000.0
11.0,1024.0,1.0,2.0,30.0,22.0,860.0,2112.0,0.211815897449531,0.21820531799146736,32.0,16.0,6400000.0
1.0,2.0,4.0,1.0,1.0,1.0,63.0,32.0,-0.0030632107251067353,-0.0017650185808415486,8192.0,128.0,6400000.0
2.0,2.0,4.0,2.0,48.0,32.0,1576.0,4864.0,0.08882374451066677,0.0923676566887589,64.0,0.015625,6400000.0
1.0,1024.0,1.0,1.0,1.0,1.0,35.0,32.0,-0.0030632107251067353,-0.0017650185808415486,32.0,256.0,6400000.0
8.0,1024.0,1.0,2.0,22.0,16.0,654.0,1536.0,0.184803559555608,0.19082719424152972,32.0,32.0,6400000.0
2.0,2.0,4.0,2.0,14.0,8.0,477.0,1024.0,0.08676859816809712,0.09005205639915703,32.0,4.0,6400000.0
1.0,2.0,4.0,1.0,1.0,1.0,63.0,32.0,-0.0030632107251067353,-0.0017650185808415486,128.0,0.0625,6400000.0
1.0,2.0,4.0,1.0,1.0,1.0,63.0,32.0,-0.0030632107251067353,-0.0017650185808415486,512.0,0.000976562,6400000.0
1.0,1024.0,1.0,1.0,1.0,1.0,35.0,32.0,-0.0030632107251067353,-0.0017650185808415486,32.0,512.0,6400000.0
1.0,2.0,4.0,1.0,1.0,1.0,63.0,32.0,-0.0030632107251067353,-0.0017650185808415486,2048.0,8192.0,6400000.0
1.0,1024.0,1.0,1.0,1.0,1.0,35.0,32.0,-0.0030632107251067353,-0.0017650185808415486,32.0,1024.0,6400000.0
1.0,2.0,4.0,1.0,1.0,1.0,63.0,32.0,-0.0030632107251067353,-0.0017650185808415486,1024.0,0.00390625,6400000.0
1.0,2.0,4.0,1.0,1.0,1.0,63.0,32.0,-0.0030632107251067353,-0.0017650185808415486,256.0,0.25,6400000.0
1.0,1024.0,1.0,1.0,1.0,1.0,35.0,32.0,-0.0030632107251067353,-0.0017650185808415486,32.0,4096.0,6400000.0
1.0,1.0,1.0,1.0,1.0,1.0,35.0,32.0,-0.0030632107251067353,-0.0017650185808415486,0.000976562,16384.0,6400000.0
1.0,1024.0,1.0,1.0,1.0,1.0,35.0,32.0,-0.0030632107251067353,-0.0017650185808415486,32.0,2048.0,6400000.0
1.0,2.0,4.0,1.0,1.0,1.0,63.0,32.0,-0.0030632107251067353,-0.0017650185808415486,2048.0,0.015625,6400000.0
1.0,2.0,4.0,1.0,1.0,1.0,63.0,32.0,-0.0030632107251067353,-0.0017650185808415486,16384.0,0.000976562,6400000.0
1.0,2.0,4.0,1.0,1.0,1.0,63.0,32.0,-0.0030632107251067353,-0.0017650185808415486,4096.0,32768.0,6400000.0
1.0,1024.0,1.0,1.0,1.0,1.0,35.0,32.0,-0.0030632107251067353,-0.0017650185808415486,32.0,8192.0,6400000.0
1.0,1024.0,1.0,1.0,1.0,1.0,35.0,32.0,-0.0030632107251067353,-0.0017650185808415486,32.0,32768.0,6400000.0
1.0,2.0,4.0,1.0,1.0,1.0,63.0,32.0,-0.0030632107251067353,-0.0017650185808415486,4096.0,0.0625,6400000.0
1.0,1024.0,1.0,1.0,1.0,1.0,35.0,32.0,-0.0030632107251067353,-0.0017650185808415486,32.0,16384.0,6400000.0
1.0,1.0,1.0,1.0,1.0,1.0,35.0,32.0,-0.0030632107251067353,-0.0017650185808415486,128.0,32.0,6400000.0
1.0,2.0,4.0,1.0,1.0,1.0,63.0,32.0,-0.0030632107251067353,-0.0017650185808415486,512.0,1.0,6400000.0
2.0,2.0,4.0,2.0,6.0,4.0,250.0,384.0,0.07262288558772911,0.07510528703488584,64.0,16.0,6400000.0
1024.0,1024.0,1.0,2.0,2096.0,2048.0,72446.0,196608.0,0.25952987746924183,0.26733174205181864,64.0,0.000976562,6400000.0
1024.0,1024.0,1.0,2.0,2096.0,2048.0,72446.0,196608.0,0.25952987746924183,0.26733174205181864,64.0,0.0,6400000.0
1.0,2.0,4.0,1.0,1.0,1.0,63.0,32.0,-0.0030632107251067353,-0.0017650185808415486,8192.0,0.25,6400000.0
187.0,1024.0,1.0,2.0,405.0,374.0,13461.0,35904.0,0.2587492692927087,0.26963907438454093,64.0,0.015625,6400000.0
797.0,1024.0,1.0,2.0,1638.0,1594.0,56490.0,153024.0,0.259195059314309,0.26736292752639346,64.0,0.00390625,6400000.0
1024.0,1024.0,1.0,2.0,2096.0,2048.0,72446.0,196608.0,0.25952987746924183,0.26733174205181864,64.0,0.00195312,6400000.0
1.0,2.0,4.0,1.0,1.0,1.0,63.0,32.0,-0.0030632107251067353,-0.0017650185808415486,128.0,64.0,6400000.0
434.0,1024.0,1.0,2.0,904.0,868.0,30977.0,83328.0,0.25896069222865836,0.26816750247123,64.0,0.0078125,6400000.0
70.0,1024.0,1.0,2.0,165.0,140.0,5318.0,13440.0,0.2591075582209761,0.2707474824455458,64.0,0.0625,6400000.0
86.0,1024.0,1.0,2.0,200.0,172.0,6487.0,16512.0,0.25920215608368513,0.27061844027369064,64.0,0.03125,6400000.0
1.0,2.0,4.0,1.0,1.0,1.0,63.0,32.0,-0.0030632107251067353,-0.0017650185808415486,16384.0,1.0,6400000.0
1.0,1.0,1.0,1.0,1.0,1.0,35.0,32.0,-0.0030632107251067353,-0.0017650185808415486,128.0,0.5,6400000.0
1.0,2.0,4.0,1.0,1.0,1.0,63.0,32.0,-0.0030632107251067353,-0.0017650185808415486,1024.0,4.0,6400000.0
1.0,2.0,4.0,1.0,1.0,1.0,63.0,32.0,-0.0030632107251067353,-0.0017650185808415486,2048.0,16.0,6400000.0
1.0,2.0,4.0,1.0,1.0,1.0,63.0,32.0,-0.0030632107251067353,-0.0017650185808415486,32.0,4096.0,6400000.0
49.0,1024.0,1.0,2.0,120.0,98.0,3802.0,9408.0,0.25814803654378304,0.27018509884981423,64.0,0.25,6400000.0
1.0,2.0,4.0,1.0,1.0,1.0,63.0,32.0,-0.0030632107251067353,-0.0017650185808415486,64.0,16384.0,6400000.0
1.0,2.0,4.0,1.0,1.0,1.0,63.0,32.0,-0.0030632107251067353,-0.0017650185808415486,256.0,256.0,6400000.0
45.0,1024.0,1.0,2.0,111.0,90.0,3494.0,8640.0,0.2576096405165842,0.269624389420246,64.0,0.5,6400000.0
59.0,1024.0,1.0,2.0,142.0,118.0,4556.0,11328.0,0.25881035508149797,0.27079152769404335,64.0,0.125,6400000.0
32.0,1024.0,1.0,2.0,82.0,64.0,2561.0,6144.0,0.25375401307087353,0.2660820235119521,64.0,1.0,6400000.0
1.0,2.0,4.0,1.0,1.0,1.0,63.0,32.0,-0.0030632107251067353,-0.0017650185808415486,4096.0,64.0,6400000.0
1.0,2.0,4.0,1.0,1.0,1.0,63.0,32.0,-0.0030632107251067353,-0.0017650185808415486,1024.0,4096.0,6400000.0
25.0,1024.0,1.0,2.0,65.0,50.0,1987.0,4800.0,0.2508845036920214,0.2612119600426388,64.0,4.0,6400000.0
1.0,2.0,4.0,1.0,1.0,1.0,63.0,32.0,-0.0030632107251067353,-0.0017650185808415486,512.0,1024.0,6400000.0
26.0,1024.0,1.0,2.0,68.0,52.0,2088.0,4992.0,0.25099273326546023,0.26215306003732575,64.0,2.0,6400000.0
16.0,1024.0,1.0,2.0,45.0,32.0,1309.0,3072.0,0.23561062474946082,0.24274222107689147,64.0,8.0,6400000.0
1.0,2.0,4.0,1.0,1.0,1.0,63.0,32.0,-0.0030632107251067353,-0.0017650185808415486,256.0,0.0,6400000.0
1.0,2.0,4.0,1.0,1.0,1.0,63.0,32.0,-0.0030632107251067353,-0.0017650185808415486,8192.0,256.0,6400000.0
11.0,1024.0,1.0,2.0,30.0,22.0,860.0,2112.0,0.211815897449531,0.21820531799146736,64.0,16.0,6400000.0
1.0,2.0,4.0,1.0,1.0,1.0,63.0,32.0,-0.0030632107251067353,-0.0017650185808415486,128.0,0.125,6400000.0
2.0,2.0,4.0,2.0,48.0,32.0,1576.0,4864.0,0.08882374451066677,0.0923676566887589,64.0,0.03125,6400000.0
1.0,1024.0,1.0,1.0,1.0,1.0,35.0,32.0,-0.0030632107251067353,-0.0017650185808415486,64.0,256.0,6400000.0
8.0,1024.0,1.0,2.0,22.0,16.0,654.0,1536.0,0.184803559555608,0.19082719424152972,64.0,32.0,6400000.0
1.0,2.0,4.0,1.0,1.0,1.0,63.0,32.0,-0.0030632107251067353,-0.0017650185808415486,16384.0,1024.0,6400000.0
1.0,1024.0,1.0,1.0,1.0,1.0,35.0,32.0,-0.0030632107251067353,-0.0017650185808415486,64.0,64.0,6400000.0
1.0,1024.0,1.0,1.0,1.0,1.0,35.0,32.0,-0.0030632107251067353,-0.0017650185808415486,64.0,1024.0,6400000.0
1.0,2.0,4.0,1.0,1.0,1.0,63.0,32.0,-0.0030632107251067353,-0.0017650185808415486,512.0,0.00195312,6400000.0
1.0,1024.0,1.0,1.0,1.0,1.0,35.0,32.0,-0.0030632107251067353,-0.0017650185808415486,64.0,2048.0,6400000.0
1.0,1024.0,1.0,1.0,1.0,1.0,35.0,32.0,-0.0030632107251067353,-0.0017650185808415486,64.0,4096.0,6400000.0
1.0,1024.0,1.0,1.0,1.0,1.0,35.0,32.0,-0.0030632107251067353,-0.0017650185808415486,64.0,128.0,6400000.0
1.0,1024.0,1.0,1.0,1.0,1.0,35.0,32.0,-0.0030632107251067353,-0.0017650185808415486,64.0,512.0,6400000.0
1.0,2.0,4.0,1.0,1.0,1.0,63.0,32.0,-0.0030632107251067353,-0.0017650185808415486,2048.0,16384.0,6400000.0
1.0,1024.0,1.0,1.0,1.0,1.0,35.0,32.0,-0.0030632107251067353,-0.0017650185808415486,64.0,8192.0,6400000.0
1.0,2.0,4.0,1.0,1.0,1.0,63.0,32.0,-0.0030632107251067353,-0.0017650185808415486,256.0,0.5,6400000.0
1.0,1.0,1.0,1.0,1.0,1.0,35.0,32.0,-0.0030632107251067353,-0.0017650185808415486,0.000976562,32768.0,6400000.0
1.0,2.0,4.0,1.0,1.0,1.0,63.0,32.0,-0.0030632107251067353,-0.0017650185808415486,1024.0,0.0078125,6400000.0
1.0,2.0,4.0,1.0,1.0,1.0,63.0,32.0,-0.0030632107251067353,-0.0017650185808415486,2048.0,0.03125,6400000.0
1.0,2.0,4.0,1.0,1.0,1.0,63.0,32.0,-0.0030632107251067353,-0.0017650185808415486,16384.0,0.00195312,6400000.0
1.0,2.0,4.0,1.0,1.0,1.0,63.0,32.0,-0.0030632107251067353,-0.0017650185808415486,8192.0,0.0,6400000.0
1.0,1024.0,1.0,1.0,1.0,1.0,35.0,32.0,-0.0030632107251067353,-0.0017650185808415486,64.0,16384.0,6400000.0
1.0,1024.0,1.0,1.0,1.0,1.0,35.0,32.0,-0.0030632107251067353,-0.0017650185808415486,64.0,32768.0,6400000.0
1.0,2.0,4.0,1.0,1.0,1.0,63.0,32.0,-0.0030632107251067353,-0.0017650185808415486,4096.0,0.125,6400000.0
1.0,2.0,4.0,1.0,1.0,1.0,63.0,32.0,-0.0030632107251067353,-0.0017650185808415486,512.0,2.0,6400000.0
1.0,1.0,1.0,1.0,1.0,1.0,35.0,32.0,-0.0030632107251067353,-0.0017650185808415486,128.0,64.0,6400000.0
2.0,2.0,4.0,2.0,6.0,4.0,250.0,384.0,0.07262288558772911,0.07510528703488584,64.0,32.0,6400000.0
1.0,1024.0,1.0,1.0,1.0,1.0,35.0,32.0,-0.0030632107251067353,-0.0017650185808415486,128.0,0.0,6400000.0
1.0,2.0,4.0,1.0,1.0,1.0,63.0,32.0,-0.0030632107251067353,-0.0017650185808415486,32768.0,0.0078125,6400000.0
1.0,1024.0,1.0,1.0,1.0,1.0,35.0,32.0,-0.0030632107251067353,-0.0017650185808415486,128.0,0.000976562,6400000.0
1.0,1024.0,1.0,1.0,1.0,1.0,35.0,32.0,-0.0030632107251067353,-0.0017650185808415486,128.0,0.00390625,6400000.0
1.0,1024.0,1.0,1.0,1.0,1.0,35.0,32.0,-0.0030632107251067353,-0.0017650185808415486,128.0,0.00195312,6400000.0
1.0,2.0,4.0,1.0,1.0,1.0,63.0,32.0,-0.0030632107251067353,-0.0017650185808415486,128.0,128.0,6400000.0
1.0,2.0,4.0,1.0,1.0,1.0,63.0,32.0,-0.0030632107251067353,-0.0017650185808415486,8192.0,0.5,6400000.0
1.0,1024.0,1.0,1.0,1.0,1.0,35.0,32.0,-0.0030632107251067353,-0.0017650185808415486,128.0,0.0078125,6400000.0
1.0,1024.0,1.0,1.0,1.0,1.0,35.0,32.0,-0.0030632107251067353,-0.0017650185808415486,128.0,0.03125,6400000.0
1.0,1024.0,1.0,1.0,1.0,1.0,35.0,32.0,-0.0030632107251067353,-0.0017650185808415486,128.0,0.015625,6400000.0
1.0,2.0,4.0,1.0,1.0,1.0,63.0,32.0,-0.0030632107251067353,-0.0017650185808415486,16384.0,2.0,6400000.0
1.0,1024.0,1.0,1.0,1.0,1.0,35.0,32.0,-0.0030632107251067353,-0.0017650185808415486,128.0,0.25,6400000.0
1.0,1024.0,1.0,1.0,1.0,1.0,35.0,32.0,-0.0030632107251067353,-0.0017650185808415486,128.0,0.0625,6400000.0
1.0,1024.0,1.0,1.0,1.0,1.0,35.0,32.0,-0.0030632107251067353,-0.0017650185808415486,128.0,0.125,6400000.0
1.0,1.0,1.0,1.0,1.0,1.0,35.0,32.0,-0.0030632107251067353,-0.0017650185808415486,128.0,1.0,6400000.0
1.0,2.0,4.0,1.0,1.0,1.0,63.0,32.0,-0.0030632107251067353,-0.0017650185808415486,1024.0,8.0,6400000.0
1.0,2.0,4.0,1.0,1.0,1.0,63.0,32.0,-0.0030632107251067353,-0.0017650185808415486,64.0,32768.0,6400000.0
1.0,2.0,4.0,1.0,1.0,1.0,63.0,32.0,-0.0030632107251067353,-0.0017650185808415486,2048.0,32.0,6400000.0
1.0,2.0,4.0,1.0,1.0,1.0,63.0,32.0,-0.0030632107251067353,-0.0017650185808415486,32768.0,8.0,6400000.0
1.0,1024.0,1.0,1.0,1.0,1.0,35.0,32.0,-0.0030632107251067353,-0.0017650185808415486,128.0,0.5,6400000.0
1.0,2.0,4.0,1.0,1.0,1.0,63.0,32.0,-0.0030632107251067353,-0.0017650185808415486,256.0,512.0,6400000.0
1.0,1024.0,1.0,1.0,1.0,1.0,35.0,32.0,-0.0030632107251067353,-0.0017650185808415486,128.0,1.0,6400000.0
1.0,1024.0,1.0,1.0,1.0,1.0,35.0,32.0,-0.0030632107251067353,-0.0017650185808415486,128.0,4.0,6400000.0
1.0,2.0,4.0,1.0,1.0,1.0,63.0,32.0,-0.0030632107251067353,-0.0017650185808415486,512.0,2048.0,6400000.0
1.0,2.0,4.0,1.0,1.0,1.0,63.0,32.0,-0.0030632107251067353,-0.0017650185808415486,4096.0,128.0,6400000.0
1.0,1024.0,1.0,1.0,1.0,1.0,35.0,32.0,-0.0030632107251067353,-0.0017650185808415486,128.0,8.0,6400000.0
1.0,1024.0,1.0,1.0,1.0,1.0,35.0,32.0,-0.0030632107251067353,-0.0017650185808415486,128.0,32.0,6400000.0
1.0,2.0,4.0,1.0,1.0,1.0,63.0,32.0,-0.0030632107251067353,-0.0017650185808415486,1024.0,8192.0,6400000.0
1.0,1024.0,1.0,1.0,1.0,1.0,35.0,32.0,-0.0030632107251067353,-0.0017650185808415486,128.0,2.0,6400000.0
1.0,2.0,4.0,1.0,1.0,1.0,63.0,32.0,-0.0030632107251067353,-0.0017650185808415486,256.0,0.000976562,6400000.0
1.0,1024.0,1.0,1.0,1.0,1.0,35.0,32.0,-0.0030632107251067353,-0.0017650185808415486,128.0,16.0,6400000.0
1.0,2.0,4.0,1.0,1.0,1.0,63.0,32.0,-0.0030632107251067353,-0.0017650185808415486,128.0,0.25,6400000.0
1.0,2.0,4.0,1.0,1.0,1.0,63.0,32.0,-0.0030632107251067353,-0.0017650185808415486,8192.0,512.0,6400000.0
1.0,1024.0,1.0,1.0,1.0,1.0,35.0,32.0,-0.0030632107251067353,-0.0017650185808415486,128.0,64.0,6400000.0
1.0,1024.0,1.0,1.0,1.0,1.0,35.0,32.0,-0.0030632107251067353,-0.0017650185808415486,128.0,256.0,6400000.0
1.0,1024.0,1.0,1.0,1.0,1.0,35.0,32.0,-0.0030632107251067353,-0.0017650185808415486,128.0,128.0,6400000.0
1.0,2.0,4.0,1.0,1.0,1.0,63.0,32.0,-0.0030632107251067353,-0.0017650185808415486,16384.0,2048.0,6400000.0
1.0,1024.0,1.0,1.0,1.0,1.0,35.0,32.0,-0.0030632107251067353,-0.0017650185808415486,128.0,512.0,6400000.0
1.0,2.0,4.0,1.0,1.0,1.0,63.0,32.0,-0.0030632107251067353,-0.0017650185808415486,512.0,0.00390625,6400000.0
1.0,1024.0,1.0,1.0,1.0,1.0,35.0,32.0,-0.0030632107251067353,-0.0017650185808415486,128.0,1024.0,6400000.0
1.0,1024.0,1.0,1.0,1.0,1.0,35.0,32.0,-0.0030632107251067353,-0.0017650185808415486,128.0,2048.0,6400000.0
1.0,2.0,4.0,1.0,1.0,1.0,63.0,32.0,-0.0030632107251067353,-0.0017650185808415486,32768.0,8192.0,6400000.0
1.0,1024.0,1.0,1.0,1.0,1.0,35.0,32.0,-0.0030632107251067353,-0.0017650185808415486,128.0,4096.0,6400000.0
1.0,2.0,4.0,1.0,1.0,1.0,63.0,32.0,-0.0030632107251067353,-0.0017650185808415486,256.0,1.0,6400000.0
1.0,1.0,1.0,1.0,1.0,1.0,35.0,32.0,-0.0030632107251067353,-0.0017650185808415486,128.0,8192.0,6400000.0
1.0,1024.0,1.0,1.0,1.0,1.0,35.0,32.0,-0.0030632107251067353,-0.0017650185808415486,128.0,8192.0,6400000.0
1.0,2.0,4.0,1.0,1.0,1.0,63.0,32.0,-0.0030632107251067353,-0.0017650185808415486,1024.0,0.015625,6400000.0
1.0,1.0,1.0,2.0,3.0,2.0,108.0,192.0,0.03911015413878083,0.040912063041146696,0.00195312,0.0,6400000.0
1.0,2.0,4.0,1.0,1.0,1.0,63.0,32.0,-0.0030632107251067353,-0.0017650185808415486,2048.0,32768.0,6400000.0
1.0,2.0,4.0,1.0,1.0,1.0,63.0,32.0,-0.0030632107251067353,-0.0017650185808415486,8192.0,0.000976562,6400000.0
1.0,2.0,4.0,1.0,1.0,1.0,63.0,32.0,-0.0030632107251067353,-0.0017650185808415486,16384.0,0.00390625,6400000.0
1.0,1024.0,1.0,1.0,1.0,1.0,35.0,32.0,-0.0030632107251067353,-0.0017650185808415486,128.0,16384.0,6400000.0
1.0,2.0,4.0,1.0,1.0,1.0,63.0,32.0,-0.0030632107251067353,-0.0017650185808415486,2048.0,0.0625,6400000.0
1.0,1024.0,1.0,1.0,1.0,1.0,35.0,32.0,-0.0030632107251067353,-0.0017650185808415486,128.0,32768.0,6400000.0
1.0,2.0,4.0,1.0,1.0,1.0,63.0,32.0,-0.0030632107251067353,-0.0017650185808415486,512.0,4.0,6400000.0
1.0,2.0,4.0,1.0,1.0,1.0,63.0,32.0,-0.0030632107251067353,-0.0017650185808415486,4096.0,0.25,6400000.0
1.0,2.0,4.0,1.0,1.0,1.0,63.0,32.0,-0.0030632107251067353,-0.0017650185808415486,32768.0,0.015625,6400000.0
1.0,1024.0,1.0,1.0,1.0,1.0,35.0,32.0,-0.0030632107251067353,-0.0017650185808415486,256.0,0.0,6400000.0
1.0,1.0,1.0,1.0,1.0,1.0,35.0,32.0,-0.0030632107251067353,-0.0017650185808415486,128.0,128.0,6400000.0
1.0,2.0,4.0,1.0,1.0,1.0,63.0,32.0,-0.0030632107251067353,-0.0017650185808415486,128.0,256.0,6400000.0
1.0,1024.0,1.0,1.0,1.0,1.0,35.0,32.0,-0.0030632107251067353,-0.0017650185808415486,256.0,0.00195312,6400000.0
1.0,2.0,4.0,1.0,1.0,1.0,63.0,32.0,-0.0030632107251067353,-0.0017650185808415486,8192.0,1.0,6400000.0
1.0,1024.0,1.0,1.0,1.0,1.0,35.0,32.0,-0.0030632107251067353,-0.0017650185808415486,256.0,0.00390625,6400000.0
1.0,1024.0,1.0,1.0,1.0,1.0,35.0,32.0,-0.0030632107251067353,-0.0017650185808415486,256.0,0.000976562,6400000.0
2.0,2.0,8.0,9.0,117.0,62.0,5338.0,9664.0,0.13956169342733993,0.14677346154664073,0.0,0.0625,6400000.0
1.0,1024.0,1.0,1.0,1.0,1.0,35.0,32.0,-0.0030632107251067353,-0.0017650185808415486,256.0,0.0078125,6400000.0
1.0,2.0,4.0,1.0,1.0,1.0,63.0,32.0,-0.0030632107251067353,-0.0017650185808415486,16384.0,4.0,6400000.0
1.0,1024.0,1.0,1.0,1.0,1.0,35.0,32.0,-0.0030632107251067353,-0.0017650185808415486,256.0,0.03125,6400000.0
1.0,1024.0,1.0,1.0,1.0,1.0,35.0,32.0,-0.0030632107251067353,-0.0017650185808415486,256.0,0.125,6400000.0
1.0,1024.0,1.0,1.0,1.0,1.0,35.0,32.0,-0.0030632107251067353,-0.0017650185808415486,256.0,0.0625,6400000.0
1.0,1.0,1.0,1.0,1.0,1.0,35.0,32.0,-0.0030632107251067353,-0.0017650185808415486,128.0,2.0,6400000.0
1.0,1024.0,1.0,1.0,1.0,1.0,35.0,32.0,-0.0030632107251067353,-0.0017650185808415486,256.0,0.015625,6400000.0
1.0,2.0,4.0,1.0,1.0,1.0,63.0,32.0,-0.0030632107251067353,-0.0017650185808415486,1024.0,16.0,6400000.0
1.0,1024.0,1.0,1.0,1.0,1.0,35.0,32.0,-0.0030632107251067353,-0.0017650185808415486,256.0,0.25,6400000.0
1.0,1024.0,1.0,1.0,1.0,1.0,35.0,32.0,-0.0030632107251067353,-0.0017650185808415486,256.0,0.5,6400000.0
1.0,2.0,4.0,1.0,1.0,1.0,63.0,32.0,-0.0030632107251067353,-0.0017650185808415486,2048.0,64.0,6400000.0
1.0,2.0,4.0,1.0,1.0,1.0,63.0,32.0,-0.0030632107251067353,-0.0017650185808415486,32768.0,16.0,6400000.0
1.0,2.0,4.0,1.0,1.0,1.0,63.0,32.0,-0.0030632107251067353,-0.0017650185808415486,256.0,1024.0,6400000.0
1.0,1024.0,1.0,1.0,1.0,1.0,35.0,32.0,-0.0030632107251067353,-0.0017650185808415486,256.0,1.0,6400000.0
1.0,1024.0,1.0,1.0,1.0,1.0,35.0,32.0,-0.0030632107251067353,-0.0017650185808415486,256.0,2.0,6400000.0
1.0,2.0,4.0,1.0,1.0,1.0,63.0,32.0,-0.0030632107251067353,-0.0017650185808415486,512.0,4096.0,6400000.0
1.0,1024.0,1.0,1.0,1.0,1.0,35.0,32.0,-0.0030632107251067353,-0.0017650185808415486,256.0,4.0,6400000.0
1.0,2.0,4.0,1.0,1.0,1.0,63.0,32.0,-0.0030632107251067353,-0.0017650185808415486,4096.0,256.0,6400000.0
2.0,2.0,8.0,2.0,6.0,4.0,970.0,384.0,0.07262288558772911,0.07510528703488584,0.0,64.0,6400000.0
1.0,2.0,4.0,1.0,1.0,1.0,63.0,32.0,-0.0030632107251067353,-0.0017650185808415486,1024.0,16384.0,6400000.0
1.0,2.0,4.0,1.0,1.0,1.0,63.0,32.0,-0.0030632107251067353,-0.0017650185808415486,256.0,0.00195312,6400000.0
1.0,1024.0,1.0,1.0,1.0,1.0,35.0,32.0,-0.0030632107251067353,-0.0017650185808415486,256.0,16.0,6400000.0
1.0,2.0,4.0,1.0,1.0,1.0,63.0,32.0,-0.0030632107251067353,-0.0017650185808415486,8192.0,1024.0,6400000.0
1.0,1024.0,1.0,1.0,1.0,1.0,35.0,32.0,-0.0030632107251067353,-0.0017650185808415486,256.0,8.0,6400000.0
1.0,1024.0,1.0,1.0,1.0,1.0,35.0,32.0,-0.0030632107251067353,-0.0017650185808415486,256.0,64.0,6400000.0
1.0,2.0,4.0,1.0,1.0,1.0,63.0,32.0,-0.0030632107251067353,-0.0017650185808415486,16384.0,4096.0,6400000.0
1.0,1024.0,1.0,1.0,1.0,1.0,35.0,32.0,-0.0030632107251067353,-0.0017650185808415486,256.0,256.0,6400000.0
1.0,1024.0,1.0,1.0,1.0,1.0,35.0,32.0,-0.0030632107251067353,-0.0017650185808415486,256.0,32.0,6400000.0
1.0,2.0,4.0,1.0,1.0,1.0,63.0,32.0,-0.0030632107251067353,-0.0017650185808415486,512.0,0.0078125,6400000.0
1.0,1024.0,1.0,1.0,1.0,1.0,35.0,32.0,-0.0030632107251067353,-0.0017650185808415486,256.0,512.0,6400000.0
1.0,1024.0,1.0,1.0,1.0,1.0,35.0,32.0,-0.0030632107251067353,-0.0017650185808415486,256.0,1024.0,6400000.0
1.0,1024.0,1.0,1.0,1.0,1.0,35.0,32.0,-0.0030632107251067353,-0.0017650185808415486,256.0,2048.0,6400000.0
1.0,1024.0,1.0,1.0,1.0,1.0,35.0,32.0,-0.0030632107251067353,-0.0017650185808415486,256.0,128.0,6400000.0
1.0,1.0,1.0,1.0,1.0,1.0,35.0,32.0,-0.0030632107251067353,-0.0017650185808415486,128.0,16384.0,6400000.0
1.0,2.0,4.0,1.0,1.0,1.0,63.0,32.0,-0.0030632107251067353,-0.0017650185808415486,256.0,2.0,6400000.0
2.0,2.0,8.0,9.0,118.0,62.0,5371.0,9664.0,0.1396753552389094,0.14685277398321384,0.000976562,0.0,6400000.0
1.0,2.0,4.0,1.0,1.0,1.0,63.0,32.0,-0.0030632107251067353,-0.0017650185808415486,32768.0,16384.0,6400000.0
1.0,2.0,4.0,1.0,1.0,1.0,63.0,32.0,-0.0030632107251067353,-0.0017650185808415486,1024.0,0.03125,6400000.0
1.0,1.0,1.0,2.0,3.0,2.0,108.0,192.0,0.03911015413878083,0.040912063041146696,0.00195312,0.000976562,6400000.0
1.0,2.0,4.0,1.0,1.0,1.0,63.0,32.0,-0.0030632107251067353,-0.0017650185808415486,8192.0,0.00195312,6400000.0
1.0,2.0,4.0,1.0,1.0,1.0,63.0,32.0,-0.0030632107251067353,-0.0017650185808415486,2048.0,0.125,6400000.0
1.0,1024.0,1.0,1.0,1.0,1.0,35.0,32.0,-0.0030632107251067353,-0.0017650185808415486,256.0,4096.0,6400000.0
1.0,2.0,4.0,1.0,1.0,1.0,63.0,32.0,-0.0030632107251067353,-0.0017650185808415486,4096.0,0.0,6400000.0
1.0,1024.0,1.0,1.0,1.0,1.0,35.0,32.0,-0.0030632107251067353,-0.0017650185808415486,256.0,8192.0,6400000.0
1.0,2.0,4.0,1.0,1.0,1.0,63.0,32.0,-0.0030632107251067353,-0.0017650185808415486,16384.0,0.0078125,6400000.0
1.0,1024.0,1.0,1.0,1.0,1.0,35.0,32.0,-0.0030632107251067353,-0.0017650185808415486,256.0,32768.0,6400000.0
1.0,1024.0,1.0,1.0,1.0,1.0,35.0,32.0,-0.0030632107251067353,-0.0017650185808415486,256.0,16384.0,6400000.0
1.0,2.0,4.0,1.0,1.0,1.0,63.0,32.0,-0.0030632107251067353,-0.0017650185808415486,512.0,8.0,6400000.0
1.0,1.0,1.0,1.0,1.0,1.0,35.0,32.0,-0.0030632107251067353,-0.0017650185808415486,128.0,256.0,6400000.0
1.0,1024.0,1.0,1.0,1.0,1.0,35.0,32.0,-0.0030632107251067353,-0.0017650185808415486,512.0,0.0,6400000.0
1.0,2.0,4.0,1.0,1.0,1.0,63.0,32.0,-0.0030632107251067353,-0.0017650185808415486,32768.0,0.03125,6400000.0
1.0,2.0,4.0,1.0,1.0,1.0,63.0,32.0,-0.0030632107251067353,-0.0017650185808415486,4096.0,0.5,6400000.0
1.0,1024.0,1.0,1.0,1.0,1.0,35.0,32.0,-0.0030632107251067353,-0.0017650185808415486,512.0,0.000976562,6400000.0
1.0,2.0,4.0,1.0,1.0,1.0,63.0,32.0,-0.0030632107251067353,-0.0017650185808415486,8192.0,2.0,6400000.0
1.0,1024.0,1.0,1.0,1.0,1.0,35.0,32.0,-0.0030632107251067353,-0.0017650185808415486,512.0,0.00195312,6400000.0
1.0,1024.0,1.0,1.0,1.0,1.0,35.0,32.0,-0.0030632107251067353,-0.0017650185808415486,512.0,0.00390625,6400000.0
2.0,2.0,8.0,9.0,116.0,62.0,5338.0,9664.0,0.13961970621910436,0.14644977292511618,0.0,0.125,6400000.0
1.0,1024.0,1.0,1.0,1.0,1.0,35.0,32.0,-0.0030632107251067353,-0.0017650185808415486,512.0,0.015625,6400000.0
1.0,2.0,4.0,1.0,1.0,1.0,63.0,32.0,-0.0030632107251067353,-0.0017650185808415486,16384.0,8.0,6400000.0
1.0,1024.0,1.0,1.0,1.0,1.0,35.0,32.0,-0.0030632107251067353,-0.0017650185808415486,512.0,0.0078125,6400000.0
2.0,2.0,8.0,9.0,115.0,62.0,5332.0,9664.0,0.13982391202023692,0.14690396898120006,0.000976562,0.5,6400000.0
1.0,1.0,1.0,1.0,1.0,1.0,35.0,32.0,-0.0030632107251067353,-0.0017650185808415486,128.0,4.0,6400000.0
1.0,1024.0,1.0,1.0,1.0,1.0,35.0,32.0,-0.0030632107251067353,-0.0017650185808415486,512.0,0.03125,6400000.0
1.0,2.0,4.0,1.0,1.0,1.0,63.0,32.0,-0.0030632107251067353,-0.0017650185808415486,1024.0,32.0,6400000.0
1.0,1024.0,1.0,1.0,1.0,1.0,35.0,32.0,-0.0030632107251067353,-0.0017650185808415486,512.0,0.0625,6400000.0
1.0,1024.0,1.0,1.0,1.0,1.0,35.0,32.0,-0.0030632107251067353,-0.0017650185808415486,512.0,0.125,6400000.0
1.0,1024.0,1.0,1.0,1.0,1.0,35.0,32.0,-0.0030632107251067353,-0.0017650185808415486,512.0,0.25,6400000.0
1.0,2.0,4.0,1.0,1.0,1.0,63.0,32.0,-0.0030632107251067353,-0.0017650185808415486,2048.0,128.0,6400000.0
1.0,1024.0,1.0,1.0,1.0,1.0,35.0,32.0,-0.0030632107251067353,-0.0017650185808415486,512.0,0.5,6400000.0
1.0,2.0,4.0,1.0,1.0,1.0,63.0,32.0,-0.0030632107251067353,-0.0017650185808415486,32768.0,32.0,6400000.0
1.0,1024.0,1.0,1.0,1.0,1.0,35.0,32.0,-0.0030632107251067353,-0.0017650185808415486,512.0,1.0,6400000.0
1.0,1024.0,1.0,1.0,1.0,1.0,35.0,32.0,-0.0030632107251067353,-0.0017650185808415486,512.0,2.0,6400000.0
1.0,1024.0,1.0,1.0,1.0,1.0,35.0,32.0,-0.0030632107251067353,-0.0017650185808415486,512.0,4.0,6400000.0
1.0,2.0,4.0,1.0,1.0,1.0,63.0,32.0,-0.0030632107251067353,-0.0017650185808415486,256.0,2048.0,6400000.0
1.0,2.0,8.0,1.0,1.0,1.0,543.0,32.0,-0.0030632107251067353,-0.0017650185808415486,0.0,128.0,6400000.0
1.0,2.0,4.0,1.0,1.0,1.0,63.0,32.0,-0.0030632107251067353,-0.0017650185808415486,512.0,8192.0,6400000.0
1.0,2.0,4.0,1.0,1.0,1.0,63.0,32.0,-0.0030632107251067353,-0.0017650185808415486,4096.0,512.0,6400000.0
1.0,2.0,4.0,1.0,1.0,1.0,63.0,32.0,-0.0030632107251067353,-0.0017650185808415486,1024.0,32768.0,6400000.0
1.0,1024.0,1.0,1.0,1.0,1.0,35.0,32.0,-0.0030632107251067353,-0.0017650185808415486,512.0,16.0,6400000.0
1.0,1024.0,1.0,1.0,1.0,1.0,35.0,32.0,-0.0030632107251067353,-0.0017650185808415486,512.0,8.0,6400000.0
1.0,1024.0,1.0,1.0,1.0,1.0,35.0,32.0,-0.0030632107251067353,-0.0017650185808415486,512.0,32.0,6400000.0
1.0,2.0,4.0,1.0,1.0,1.0,63.0,32.0,-0.0030632107251067353,-0.0017650185808415486,16384.0,8192.0,6400000.0
1.0,2.0,4.0,1.0,1.0,1.0,63.0,32.0,-0.0030632107251067353,-0.0017650185808415486,8192.0,2048.0,6400000.0
1.0,2.0,4.0,1.0,1.0,1.0,63.0,32.0,-0.0030632107251067353,-0.0017650185808415486,512.0,0.015625,6400000.0
1.0,2.0,8.0,1.0,1.0,1.0,543.0,32.0,-0.0030632107251067353,-0.0017650185808415486,0.000976562,512.0,6400000.0
1.0,1024.0,1.0,1.0,1.0,1.0,35.0,32.0,-0.0030632107251067353,-0.0017650185808415486,512.0,256.0,6400000.0
1.0,1.0,1.0,1.0,1.0,1.0,35.0,32.0,-0.0030632107251067353,-0.0017650185808415486,128.0,32768.0,6400000.0
1.0,1024.0,1.0,1.0,1.0,1.0,35.0,32.0,-0.0030632107251067353,-0.0017650185808415486,512.0,512.0,6400000.0
1.0,1024.0,1.0,1.0,1.0,1.0,35.0,32.0,-0.0030632107251067353,-0.0017650185808415486,512.0,1024.0,6400000.0
1.0,1024.0,1.0,1.0,1.0,1.0,35.0,32.0,-0.0030632107251067353,-0.0017650185808415486,512.0,2048.0,6400000.0
1.0,1024.0,1.0,1.0,1.0,1.0,35.0,32.0,-0.0030632107251067353,-0.0017650185808415486,512.0,64.0,6400000.0
1.0,2.0,4.0,1.0,1.0,1.0,63.0,32.0,-0.0030632107251067353,-0.0017650185808415486,32768.0,32768.0,6400000.0
2.0,2.0,8.0,9.0,118.0,62.0,5371.0,9664.0,0.1396753552389094,0.14685277398321384,0.000976562,0.000976562,6400000.0
1.0,2.0,4.0,1.0,1.0,1.0,63.0,32.0,-0.0030632107251067353,-0.0017650185808415486,16384.0,0.015625,6400000.0
1.0,1024.0,1.0,1.0,1.0,1.0,35.0,32.0,-0.0030632107251067353,-0.0017650185808415486,512.0,128.0,6400000.0
1.0,2.0,4.0,1.0,1.0,1.0,63.0,32.0,-0.0030632107251067353,-0.0017650185808415486,1024.0,0.0625,6400000.0
1.0,2.0,4.0,1.0,1.0,1.0,63.0,32.0,-0.0030632107251067353,-0.0017650185808415486,2048.0,0.25,6400000.0
1.0,1024.0,1.0,1.0,1.0,1.0,35.0,32.0,-0.0030632107251067353,-0.0017650185808415486,512.0,4096.0,6400000.0
1.0,1.0,1.0,2.0,3.0,2.0,108.0,192.0,0.03911015413878083,0.040912063041146696,0.00195312,0.00195312,6400000.0
1.0,2.0,4.0,1.0,1.0,1.0,63.0,32.0,-0.0030632107251067353,-0.0017650185808415486,8192.0,0.00390625,6400000.0
1.0,1024.0,1.0,1.0,1.0,1.0,35.0,32.0,-0.0030632107251067353,-0.0017650185808415486,512.0,16384.0,6400000.0
1.0,1024.0,1.0,1.0,1.0,1.0,35.0,32.0,-0.0030632107251067353,-0.0017650185808415486,512.0,8192.0,6400000.0
1.0,2.0,4.0,1.0,1.0,1.0,63.0,32.0,-0.0030632107251067353,-0.0017650185808415486,4096.0,0.000976562,6400000.0
1.0,1024.0,1.0,1.0,1.0,1.0,35.0,32.0,-0.0030632107251067353,-0.0017650185808415486,512.0,32768.0,6400000.0
1.0,2.0,4.0,1.0,1.0,1.0,63.0,32.0,-0.0030632107251067353,-0.0017650185808415486,512.0,16.0,6400000.0
1.0,2.0,4.0,1.0,1.0,1.0,63.0,32.0,-0.0030632107251067353,-0.0017650185808415486,32768.0,0.0625,6400000.0
2.0,2.0,8.0,9.0,118.0,62.0,5371.0,9664.0,0.1396753552389094,0.14685277398321384,0.00195312,0.00390625,6400000.0
1.0,1024.0,1.0,1.0,1.0,1.0,35.0,32.0,-0.0030632107251067353,-0.0017650185808415486,1024.0,0.0,6400000.0
1.0,1.0,1.0,1.0,1.0,1.0,35.0,32.0,-0.0030632107251067353,-0.0017650185808415486,128.0,512.0,6400000.0
1.0,2.0,4.0,1.0,1.0,1.0,63.0,32.0,-0.0030632107251067353,-0.0017650185808415486,4096.0,1.0,6400000.0
1.0,1024.0,1.0,1.0,1.0,1.0,35.0,32.0,-0.0030632107251067353,-0.0017650185808415486,1024.0,0.00195312,6400000.0
1.0,1024.0,1.0,1.0,1.0,1.0,35.0,32.0,-0.0030632107251067353,-0.0017650185808415486,1024.0,0.000976562,6400000.0
1.0,2.0,4.0,1.0,1.0,1.0,63.0,32.0,-0.0030632107251067353,-0.0017650185808415486,8192.0,4.0,6400000.0
2.0,2.0,8.0,9.0,116.0,62.0,5338.0,9664.0,0.13961970621910436,0.14644977292511618,0.0,0.25,6400000.0
1.0,1024.0,1.0,1.0,1.0,1.0,35.0,32.0,-0.0030632107251067353,-0.0017650185808415486,1024.0,0.00390625,6400000.0
1.0,2.0,4.0,1.0,1.0,1.0,63.0,32.0,-0.0030632107251067353,-0.0017650185808415486,16384.0,16.0,6400000.0
1.0,1024.0,1.0,1.0,1.0,1.0,35.0,32.0,-0.0030632107251067353,-0.0017650185808415486,1024.0,0.0078125,6400000.0
1.0,1024.0,1.0,1.0,1.0,1.0,35.0,32.0,-0.0030632107251067353,-0.0017650185808415486,1024.0,0.03125,6400000.0
1.0,1024.0,1.0,1.0,1.0,1.0,35.0,32.0,-0.0030632107251067353,-0.0017650185808415486,1024.0,0.015625,6400000.0
2.0,2.0,8.0,9.0,110.0,62.0,5286.0,9664.0,0.13765718609295474,0.1445307488315285,0.000976562,1.0,6400000.0
1.0,1024.0,1.0,1.0,1.0,1.0,35.0,32.0,-0.0030632107251067353,-0.0017650185808415486,1024.0,0.25,6400000.0
1.0,2.0,4.0,1.0,1.0,1.0,63.0,32.0,-0.0030632107251067353,-0.0017650185808415486,2048.0,256.0,6400000.0
1.0,2.0,4.0,1.0,1.0,1.0,63.0,32.0,-0.0030632107251067353,-0.0017650185808415486,1024.0,64.0,6400000.0
1.0,1024.0,1.0,1.0,1.0,1.0,35.0,32.0,-0.0030632107251067353,-0.0017650185808415486,1024.0,0.0625,6400000.0
1.0,1024.0,1.0,1.0,1.0,1.0,35.0,32.0,-0.0030632107251067353,-0.0017650185808415486,1024.0,0.125,6400000.0
1.0,2.0,4.0,1.0,1.0,1.0,63.0,32.0,-0.0030632107251067353,-0.0017650185808415486,32768.0,64.0,6400000.0
1.0,1024.0,1.0,1.0,1.0,1.0,35.0,32.0,-0.0030632107251067353,-0.0017650185808415486,1024.0,0.5,6400000.0
2.0,2.0,8.0,4.0,21.0,12.0,2105.0,1664.0,0.1039403757181403,0.10873228349871567,0.00195312,4.0,6400000.0
1.0,1024.0,1.0,1.0,1.0,1.0,35.0,32.0,-0.0030632107251067353,-0.0017650185808415486,1024.0,1.0,6400000.0
1.0,1024.0,1.0,1.0,1.0,1.0,35.0,32.0,-0.0030632107251067353,-0.0017650185808415486,1024.0,2.0,6400000.0
1.0,1024.0,1.0,1.0,1.0,1.0,35.0,32.0,-0.0030632107251067353,-0.0017650185808415486,1024.0,4.0,6400000.0
1.0,1024.0,1.0,1.0,1.0,1.0,35.0,32.0,-0.0030632107251067353,-0.0017650185808415486,1024.0,8.0,6400000.0
1.0,1024.0,1.0,1.0,1.0,1.0,35.0,32.0,-0.0030632107251067353,-0.0017650185808415486,1024.0,16.0,6400000.0
1.0,2.0,8.0,1.0,1.0,1.0,543.0,32.0,-0.0030632107251067353,-0.0017650185808415486,0.0,256.0,6400000.0
1.0,2.0,4.0,1.0,1.0,1.0,63.0,32.0,-0.0030632107251067353,-0.0017650185808415486,512.0,16384.0,6400000.0
1.0,2.0,4.0,1.0,1.0,1.0,63.0,32.0,-0.0030632107251067353,-0.0017650185808415486,2048.0,0.0,6400000.0
1.0,2.0,4.0,1.0,1.0,1.0,63.0,32.0,-0.0030632107251067353,-0.0017650185808415486,4096.0,1024.0,6400000.0
1.0,1024.0,1.0,1.0,1.0,1.0,35.0,32.0,-0.0030632107251067353,-0.0017650185808415486,1024.0,32.0,6400000.0
1.0,1024.0,1.0,1.0,1.0,1.0,35.0,32.0,-0.0030632107251067353,-0.0017650185808415486,1024.0,64.0,6400000.0
1.0,2.0,4.0,1.0,1.0,1.0,63.0,32.0,-0.0030632107251067353,-0.0017650185808415486,16384.0,16384.0,6400000.0
1.0,2.0,8.0,1.0,1.0,1.0,543.0,32.0,-0.0030632107251067353,-0.0017650185808415486,0.000976562,1024.0,6400000.0
1.0,1024.0,1.0,1.0,1.0,1.0,35.0,32.0,-0.0030632107251067353,-0.0017650185808415486,1024.0,128.0,6400000.0
1.0,1024.0,1.0,1.0,1.0,1.0,35.0,32.0,-0.0030632107251067353,-0.0017650185808415486,1024.0,256.0,6400000.0
1.0,2.0,4.0,1.0,1.0,1.0,63.0,32.0,-0.0030632107251067353,-0.0017650185808415486,8192.0,4096.0,6400000.0
1.0,2.0,4.0,1.0,1.0,1.0,63.0,32.0,-0.0030632107251067353,-0.0017650185808415486,2048.0,0.5,6400000.0
1.0,2.0,8.0,1.0,1.0,1.0,543.0,32.0,-0.0030632107251067353,-0.0017650185808415486,0.00195312,4096.0,6400000.0
1.0,2.0,4.0,1.0,1.0,1.0,63.0,32.0,-0.0030632107251067353,-0.0017650185808415486,1024.0,0.125,6400000.0
2.0,2.0,8.0,9.0,118.0,62.0,5371.0,9664.0,0.1396753552389094,0.14685277398321384,0.000976562,0.00195312,6400000.0
2.0,2.0,8.0,9.0,118.0,62.0,5371.0,9664.0,0.1396753552389094,0.14685277398321384,0.0,0.0,6400000.0
1.0,1.0,1.0,1.0,1.0,1.0,35.0,32.0,-0.0030632107251067353,-0.0017650185808415486,256.0,0.0,6400000.0
1.0,2.0,4.0,1.0,1.0,1.0,63.0,32.0,-0.0030632107251067353,-0.0017650185808415486,16384.0,0.03125,6400000.0
1.0,2.0,4.0,1.0,1.0,1.0,63.0,32.0,-0.0030632107251067353,-0.0017650185808415486,8192.0,0.0078125,6400000.0
1.0,1024.0,1.0,1.0,1.0,1.0,35.0,32.0,-0.0030632107251067353,-0.0017650185808415486,1024.0,4096.0,6400000.0
1.0,1024.0,1.0,1.0,1.0,1.0,35.0,32.0,-0.0030632107251067353,-0.0017650185808415486,1024.0,512.0,6400000.0
1.0,1024.0,1.0,1.0,1.0,1.0,35.0,32.0,-0.0030632107251067353,-0.0017650185808415486,1024.0,16384.0,6400000.0
1.0,1024.0,1.0,1.0,1.0,1.0,35.0,32.0,-0.0030632107251067353,-0.0017650185808415486,1024.0,1024.0,6400000.0
1.0,1.0,1.0,2.0,3.0,2.0,108.0,192.0,0.03911015413878083,0.040912063041146696,0.00195312,0.00390625,6400000.0
1.0,1024.0,1.0,1.0,1.0,1.0,35.0,32.0,-0.0030632107251067353,-0.0017650185808415486,1024.0,2048.0,6400000.0
1.0,2.0,4.0,1.0,1.0,1.0,63.0,32.0,-0.0030632107251067353,-0.0017650185808415486,4096.0,0.00195312,6400000.0
1.0,1.0,1.0,1.0,1.0,1.0,35.0,32.0,-0.0030632107251067353,-0.0017650185808415486,128.0,1024.0,6400000.0
1.0,2.0,4.0,1.0,1.0,1.0,63.0,32.0,-0.0030632107251067353,-0.0017650185808415486,32768.0,0.125,6400000.0
1.0,1024.0,1.0,1.0,1.0,1.0,35.0,32.0,-0.0030632107251067353,-0.0017650185808415486,1024.0,32768.0,6400000.0
1.0,1024.0,1.0,1.0,1.0,1.0,35.0,32.0,-0.0030632107251067353,-0.0017650185808415486,2048.0,0.0,6400000.0
1.0,1024.0,1.0,1.0,1.0,1.0,35.0,32.0,-0.0030632107251067353,-0.0017650185808415486,1024.0,8192.0,6400000.0
2.0,2.0,8.0,9.0,118.0,62.0,5371.0,9664.0,0.1396753552389094,0.14685277398321384,0.00195312,0.0078125,6400000.0
1.0,1024.0,1.0,1.0,1.0,1.0,35.0,32.0,-0.0030632107251067353,-0.0017650185808415486,2048.0,0.000976562,6400000.0
1.0,1024.0,1.0,1.0,1.0,1.0,35.0,32.0,-0.0030632107251067353,-0.0017650185808415486,2048.0,0.00195312,6400000.0
1.0,2.0,4.0,1.0,1.0,1.0,63.0,32.0,-0.0030632107251067353,-0.0017650185808415486,4096.0,2.0,6400000.0
2.0,2.0,8.0,9.0,115.0,62.0,5332.0,9664.0,0.13982391202023692,0.14690396898120006,0.0,0.5,6400000.0
1.0,2.0,4.0,1.0,1.0,1.0,63.0,32.0,-0.0030632107251067353,-0.0017650185808415486,8192.0,8.0,6400000.0
2.0,2.0,8.0,9.0,117.0,62.0,5338.0,9664.0,0.13956169342733993,0.14677346154664073,0.00390625,0.03125,6400000.0
1.0,1024.0,1.0,1.0,1.0,1.0,35.0,32.0,-0.0030632107251067353,-0.0017650185808415486,2048.0,0.0078125,6400000.0
1.0,1024.0,1.0,1.0,1.0,1.0,35.0,32.0,-0.0030632107251067353,-0.0017650185808415486,2048.0,0.00390625,6400000.0
1.0,1024.0,1.0,1.0,1.0,1.0,35.0,32.0,-0.0030632107251067353,-0.0017650185808415486,2048.0,0.015625,6400000.0
1.0,2.0,4.0,1.0,1.0,1.0,63.0,32.0,-0.0030632107251067353,-0.0017650185808415486,16384.0,32.0,6400000.0
2.0,2.0,8.0,7.0,63.0,36.0,3963.0,5504.0,0.1256394981106188,0.1352191812138528,0.000976562,2.0,6400000.0
1.0,2.0,4.0,1.0,1.0,1.0,63.0,32.0,-0.0030632107251067353,-0.0017650185808415486,2048.0,512.0,6400000.0
1.0,1024.0,1.0,1.0,1.0,1.0,35.0,32.0,-0.0030632107251067353,-0.0017650185808415486,2048.0,0.03125,6400000.0
1.0,2.0,4.0,1.0,1.0,1.0,63.0,32.0,-0.0030632107251067353,-0.0017650185808415486,1024.0,128.0,6400000.0
1.0,1024.0,1.0,1.0,1.0,1.0,35.0,32.0,-0.0030632107251067353,-0.0017650185808415486,2048.0,0.125,6400000.0
1.0,1024.0,1.0,1.0,1.0,1.0,35.0,32.0,-0.0030632107251067353,-0.0017650185808415486,2048.0,0.0625,6400000.0
1.0,1024.0,1.0,1.0,1.0,1.0,35.0,32.0,-0.0030632107251067353,-0.0017650185808415486,2048.0,0.5,6400000.0
1.0,2.0,4.0,1.0,1.0,1.0,63.0,32.0,-0.0030632107251067353,-0.0017650185808415486,32768.0,128.0,6400000.0
2.0,2.0,8.0,3.0,12.0,7.0,1371.0,864.0,0.09413973999029857,0.09778814733003183,0.00195312,8.0,6400000.0
1.0,1024.0,1.0,1.0,1.0,1.0,35.0,32.0,-0.0030632107251067353,-0.0017650185808415486,2048.0,0.25,6400000.0
1.0,1024.0,1.0,1.0,1.0,1.0,35.0,32.0,-0.0030632107251067353,-0.0017650185808415486,2048.0,1.0,6400000.0
2.0,2.0,8.0,2.0,6.0,4.0,970.0,384.0,0.07262288558772911,0.07510528703488584,0.00390625,32.0,6400000.0
1.0,1.0,1.0,1.0,1.0,1.0,35.0,32.0,-0.0030632107251067353,-0.0017650185808415486,256.0,0.0625,6400000.0
1.0,1024.0,1.0,1.0,1.0,1.0,35.0,32.0,-0.0030632107251067353,-0.0017650185808415486,2048.0,2.0,6400000.0
1.0,1024.0,1.0,1.0,1.0,1.0,35.0,32.0,-0.0030632107251067353,-0.0017650185808415486,2048.0,8.0,6400000.0
1.0,1024.0,1.0,1.0,1.0,1.0,35.0,32.0,-0.0030632107251067353,-0.0017650185808415486,2048.0,4.0,6400000.0
1.0,2.0,4.0,1.0,1.0,1.0,63.0,32.0,-0.0030632107251067353,-0.0017650185808415486,4096.0,2048.0,6400000.0
1.0,2.0,8.0,1.0,1.0,1.0,543.0,32.0,-0.0030632107251067353,-0.0017650185808415486,0.0,512.0,6400000.0
1.0,2.0,4.0,1.0,1.0,1.0,63.0,32.0,-0.0030632107251067353,-0.0017650185808415486,2048.0,0.000976562,6400000.0
1.0,1024.0,1.0,1.0,1.0,1.0,35.0,32.0,-0.0030632107251067353,-0.0017650185808415486,2048.0,16.0,6400000.0
1.0,1024.0,1.0,1.0,1.0,1.0,35.0,32.0,-0.0030632107251067353,-0.0017650185808415486,2048.0,32.0,6400000.0
1.0,2.0,4.0,1.0,1.0,1.0,63.0,32.0,-0.0030632107251067353,-0.0017650185808415486,16384.0,32768.0,6400000.0
1.0,1024.0,1.0,1.0,1.0,1.0,35.0,32.0,-0.0030632107251067353,-0.0017650185808415486,2048.0,64.0,6400000.0
1.0,2.0,4.0,1.0,1.0,1.0,63.0,32.0,-0.0030632107251067353,-0.0017650185808415486,8192.0,8192.0,6400000.0
1.0,1024.0,1.0,1.0,1.0,1.0,35.0,32.0,-0.0030632107251067353,-0.0017650185808415486,2048.0,128.0,6400000.0
1.0,2.0,8.0,1.0,1.0,1.0,543.0,32.0,-0.0030632107251067353,-0.0017650185808415486,0.000976562,2048.0,6400000.0
1.0,2.0,8.0,1.0,1.0,1.0,543.0,32.0,-0.0030632107251067353,-0.0017650185808415486,0.00195312,8192.0,6400000.0
1.0,2.0,4.0,1.0,1.0,1.0,63.0,32.0,-0.0030632107251067353,-0.0017650185808415486,2048.0,1.0,6400000.0
1.0,1024.0,1.0,1.0,1.0,1.0,35.0,32.0,-0.0030632107251067353,-0.0017650185808415486,2048.0,256.0,6400000.0
1.0,1024.0,1.0,1.0,1.0,1.0,35.0,32.0,-0.0030632107251067353,-0.0017650185808415486,2048.0,512.0,6400000.0
1.0,1024.0,1.0,1.0,1.0,1.0,35.0,32.0,-0.0030632107251067353,-0.0017650185808415486,2048.0,1024.0,6400000.0
2.0,2.0,8.0,9.0,118.0,62.0,5371.0,9664.0,0.1396753552389094,0.14685277398321384,0.0,0.000976562,6400000.0
2.0,2.0,8.0,9.0,118.0,62.0,5371.0,9664.0,0.1396753552389094,0.14685277398321384,0.000976562,0.00390625,6400000.0
1.0,2.0,4.0,1.0,1.0,1.0,63.0,32.0,-0.0030632107251067353,-0.0017650185808415486,8192.0,0.015625,6400000.0
1.0,1.0,1.0,1.0,1.0,1.0,35.0,32.0,-0.0030632107251067353,-0.0017650185808415486,128.0,2048.0,6400000.0
1.0,1.0,1.0,1.0,1.0,1.0,35.0,32.0,-0.0030632107251067353,-0.0017650185808415486,256.0,0.000976562,6400000.0
1.0,2.0,4.0,1.0,1.0,1.0,63.0,32.0,-0.0030632107251067353,-0.0017650185808415486,16384.0,0.0625,6400000.0
1.0,2.0,4.0,1.0,1.0,1.0,63.0,32.0,-0.0030632107251067353,-0.0017650185808415486,4096.0,0.00390625,6400000.0
1.0,2.0,4.0,1.0,1.0,1.0,63.0,32.0,-0.0030632107251067353,-0.0017650185808415486,32768.0,0.25,6400000.0
1.0,1024.0,1.0,1.0,1.0,1.0,35.0,32.0,-0.0030632107251067353,-0.0017650185808415486,2048.0,2048.0,6400000.0
1.0,1024.0,1.0,1.0,1.0,1.0,35.0,32.0,-0.0030632107251067353,-0.0017650185808415486,2048.0,8192.0,6400000.0
1.0,1.0,1.0,2.0,3.0,2.0,108.0,192.0,0.03911015413878083,0.040912063041146696,0.00195312,0.0078125,6400000.0
1.0,2.0,4.0,1.0,1.0,1.0,63.0,32.0,-0.0030632107251067353,-0.0017650185808415486,4096.0,4.0,6400000.0
2.0,2.0,8.0,9.0,117.0,62.0,5338.0,9664.0,0.13956169342733993,0.14677346154664073,0.00195312,0.015625,6400000.0
1.0,1024.0,1.0,1.0,1.0,1.0,35.0,32.0,-0.0030632107251067353,-0.0017650185808415486,2048.0,16384.0,6400000.0
1.0,1024.0,1.0,1.0,1.0,1.0,35.0,32.0,-0.0030632107251067353,-0.0017650185808415486,2048.0,32768.0,6400000.0
1.0,2.0,4.0,1.0,1.0,1.0,63.0,32.0,-0.0030632107251067353,-0.0017650185808415486,8192.0,16.0,6400000.0
1.0,1024.0,1.0,1.0,1.0,1.0,35.0,32.0,-0.0030632107251067353,-0.0017650185808415486,2048.0,4096.0,6400000.0
2.0,2.0,8.0,9.0,110.0,62.0,5286.0,9664.0,0.13765718609295474,0.1445307488315285,0.0,1.0,6400000.0
1.0,1024.0,1.0,1.0,1.0,1.0,35.0,32.0,-0.0030632107251067353,-0.0017650185808415486,4096.0,0.0,6400000.0
1.0,2.0,8.0,1.0,1.0,1.0,543.0,32.0,-0.0030632107251067353,-0.0017650185808415486,0.00390625,32768.0,6400000.0
1.0,1024.0,1.0,1.0,1.0,1.0,35.0,32.0,-0.0030632107251067353,-0.0017650185808415486,4096.0,0.000976562,6400000.0
2.0,2.0,8.0,9.0,117.0,62.0,5338.0,9664.0,0.13956169342733993,0.14677346154664073,0.00390625,0.0625,6400000.0
1.0,1024.0,1.0,1.0,1.0,1.0,35.0,32.0,-0.0030632107251067353,-0.0017650185808415486,4096.0,0.00390625,6400000.0
1.0,2.0,4.0,1.0,1.0,1.0,63.0,32.0,-0.0030632107251067353,-0.0017650185808415486,16384.0,64.0,6400000.0
1.0,1024.0,1.0,1.0,1.0,1.0,35.0,32.0,-0.0030632107251067353,-0.0017650185808415486,4096.0,0.00195312,6400000.0
1.0,1024.0,1.0,1.0,1.0,1.0,35.0,32.0,-0.0030632107251067353,-0.0017650185808415486,4096.0,0.015625,6400000.0
1.0,1024.0,1.0,1.0,1.0,1.0,35.0,32.0,-0.0030632107251067353,-0.0017650185808415486,4096.0,0.0078125,6400000.0
2.0,2.0,8.0,9.0,116.0,62.0,5338.0,9664.0,0.13961970621910436,0.14644977292511618,0.0078125,0.25,6400000.0
2.0,2.0,8.0,4.0,21.0,12.0,2105.0,1664.0,0.1039403757181403,0.10873228349871567,0.000976562,4.0,6400000.0
1.0,2.0,4.0,1.0,1.0,1.0,63.0,32.0,-0.0030632107251067353,-0.0017650185808415486,2048.0,1024.0,6400000.0
1.0,2.0,4.0,1.0,1.0,1.0,63.0,32.0,-0.0030632107251067353,-0.0017650185808415486,32768.0,256.0,6400000.0
1.0,1024.0,1.0,1.0,1.0,1.0,35.0,32.0,-0.0030632107251067353,-0.0017650185808415486,4096.0,0.0625,6400000.0
2.0,2.0,8.0,2.0,6.0,4.0,970.0,384.0,0.07262288558772911,0.07510528703488584,0.00390625,64.0,6400000.0
2.0,2.0,8.0,3.0,10.0,6.0,1303.0,704.0,0.09231549576014253,0.09427300599869859,0.00195312,16.0,6400000.0
1.0,1024.0,1.0,1.0,1.0,1.0,35.0,32.0,-0.0030632107251067353,-0.0017650185808415486,4096.0,0.125,6400000.0
1.0,1024.0,1.0,1.0,1.0,1.0,35.0,32.0,-0.0030632107251067353,-0.0017650185808415486,4096.0,0.03125,6400000.0
1.0,1024.0,1.0,1.0,1.0,1.0,35.0,32.0,-0.0030632107251067353,-0.0017650185808415486,4096.0,0.25,6400000.0
1.0,1024.0,1.0,1.0,1.0,1.0,35.0,32.0,-0.0030632107251067353,-0.0017650185808415486,4096.0,0.5,6400000.0
1.0,1.0,1.0,1.0,1.0,1.0,35.0,32.0,-0.0030632107251067353,-0.0017650185808415486,256.0,0.125,6400000.0
1.0,1024.0,1.0,1.0,1.0,1.0,35.0,32.0,-0.0030632107251067353,-0.0017650185808415486,4096.0,1.0,6400000.0
1.0,1024.0,1.0,1.0,1.0,1.0,35.0,32.0,-0.0030632107251067353,-0.0017650185808415486,4096.0,16.0,6400000.0
1.0,1024.0,1.0,1.0,1.0,1.0,35.0,32.0,-0.0030632107251067353,-0.0017650185808415486,4096.0,2.0,6400000.0
1.0,2.0,4.0,1.0,1.0,1.0,63.0,32.0,-0.0030632107251067353,-0.0017650185808415486,4096.0,4096.0,6400000.0
1.0,1024.0,1.0,1.0,1.0,1.0,35.0,32.0,-0.0030632107251067353,-0.0017650185808415486,4096.0,8.0,6400000.0
1.0,1024.0,1.0,1.0,1.0,1.0,35.0,32.0,-0.0030632107251067353,-0.0017650185808415486,4096.0,4.0,6400000.0
1.0,2.0,8.0,1.0,1.0,1.0,543.0,32.0,-0.0030632107251067353,-0.0017650185808415486,0.0078125,256.0,6400000.0
1.0,1024.0,1.0,1.0,1.0,1.0,35.0,32.0,-0.0030632107251067353,-0.0017650185808415486,4096.0,32.0,6400000.0
1.0,1024.0,1.0,1.0,1.0,1.0,35.0,32.0,-0.0030632107251067353,-0.0017650185808415486,4096.0,64.0,6400000.0
1.0,2.0,8.0,1.0,1.0,1.0,543.0,32.0,-0.0030632107251067353,-0.0017650185808415486,0.0,1024.0,6400000.0
1.0,2.0,4.0,1.0,1.0,1.0,63.0,32.0,-0.0030632107251067353,-0.0017650185808415486,32768.0,0.0,6400000.0
1.0,2.0,4.0,1.0,1.0,1.0,63.0,32.0,-0.0030632107251067353,-0.0017650185808415486,8192.0,16384.0,6400000.0
1.0,2.0,8.0,1.0,1.0,1.0,543.0,32.0,-0.0030632107251067353,-0.0017650185808415486,0.000976562,4096.0,6400000.0
1.0,1024.0,1.0,1.0,1.0,1.0,35.0,32.0,-0.0030632107251067353,-0.0017650185808415486,4096.0,128.0,6400000.0
1.0,2.0,8.0,1.0,1.0,1.0,543.0,32.0,-0.0030632107251067353,-0.0017650185808415486,0.00195312,16384.0,6400000.0
1.0,1024.0,1.0,1.0,1.0,1.0,35.0,32.0,-0.0030632107251067353,-0.0017650185808415486,4096.0,256.0,6400000.0
1.0,1024.0,1.0,1.0,1.0,1.0,35.0,32.0,-0.0030632107251067353,-0.0017650185808415486,4096.0,512.0,6400000.0
2.0,2.0,8.0,9.0,118.0,62.0,5371.0,9664.0,0.1396753552389094,0.14685277398321384,0.0,0.00195312,6400000.0
2.0,2.0,8.0,9.0,118.0,62.0,5371.0,9664.0,0.1396753552389094,0.14685277398321384,0.000976562,0.0078125,6400000.0
1.0,1024.0,1.0,1.0,1.0,1.0,35.0,32.0,-0.0030632107251067353,-0.0017650185808415486,4096.0,1024.0,6400000.0
1.0,1024.0,1.0,1.0,1.0,1.0,35.0,32.0,-0.0030632107251067353,-0.0017650185808415486,4096.0,4096.0,6400000.0
1.0,1024.0,1.0,1.0,1.0,1.0,35.0,32.0,-0.0030632107251067353,-0.0017650185808415486,4096.0,2048.0,6400000.0
1.0,2.0,4.0,1.0,1.0,1.0,63.0,32.0,-0.0030632107251067353,-0.0017650185808415486,4096.0,0.0078125,6400000.0
1.0,1.0,1.0,1.0,1.0,1.0,35.0,32.0,-0.0030632107251067353,-0.0017650185808415486,128.0,4096.0,6400000.0
1.0,2.0,4.0,1.0,1.0,1.0,63.0,32.0,-0.0030632107251067353,-0.0017650185808415486,16384.0,0.125,6400000.0
1.0,2.0,4.0,1.0,1.0,1.0,63.0,32.0,-0.0030632107251067353,-0.0017650185808415486,32768.0,0.5,6400000.0
1.0,2.0,4.0,1.0,1.0,1.0,63.0,32.0,-0.0030632107251067353,-0.0017650185808415486,8192.0,0.03125,6400000.0
1.0,1.0,1.0,1.0,1.0,1.0,35.0,32.0,-0.0030632107251067353,-0.0017650185808415486,256.0,0.00195312,6400000.0
1.0,2.0,4.0,1.0,1.0,1.0,63.0,32.0,-0.0030632107251067353,-0.0017650185808415486,4096.0,8.0,6400000.0
1.0,1.0,1.0,2.0,3.0,2.0,108.0,192.0,0.03911015413878083,0.040912063041146696,0.00195312,0.015625,6400000.0
2.0,2.0,8.0,9.0,117.0,62.0,5338.0,9664.0,0.13956169342733993,0.14677346154664073,0.00195312,0.03125,6400000.0
2.0,2.0,8.0,7.0,63.0,36.0,3963.0,5504.0,0.1256394981106188,0.1352191812138528,0.0,2.0,6400000.0
1.0,2.0,4.0,1.0,1.0,1.0,63.0,32.0,-0.0030632107251067353,-0.0017650185808415486,8192.0,32.0,6400000.0
1.0,1024.0,1.0,1.0,1.0,1.0,35.0,32.0,-0.0030632107251067353,-0.0017650185808415486,4096.0,8192.0,6400000.0
2.0,2.0,8.0,9.0,118.0,62.0,5371.0,9664.0,0.1396753552389094,0.14685277398321384,0.0078125,0.0,6400000.0
2.0,2.0,8.0,9.0,116.0,62.0,5338.0,9664.0,0.13961970621910436,0.14644977292511618,0.00390625,0.125,6400000.0
1.0,1024.0,1.0,1.0,1.0,1.0,35.0,32.0,-0.0030632107251067353,-0.0017650185808415486,4096.0,32768.0,6400000.0
1.0,1024.0,1.0,1.0,1.0,1.0,35.0,32.0,-0.0030632107251067353,-0.0017650185808415486,8192.0,0.0,6400000.0
1.0,2.0,4.0,1.0,1.0,1.0,63.0,32.0,-0.0030632107251067353,-0.0017650185808415486,16384.0,128.0,6400000.0
1.0,1024.0,1.0,1.0,1.0,1.0,35.0,32.0,-0.0030632107251067353,-0.0017650185808415486,4096.0,16384.0,6400000.0
1.0,1024.0,1.0,1.0,1.0,1.0,35.0,32.0,-0.0030632107251067353,-0.0017650185808415486,8192.0,0.000976562,6400000.0
2.0,2.0,8.0,9.0,118.0,62.0,5371.0,9664.0,0.1396753552389094,0.14685277398321384,0.015625,0.00195312,6400000.0
1.0,1024.0,1.0,1.0,1.0,1.0,35.0,32.0,-0.0030632107251067353,-0.0017650185808415486,8192.0,0.00390625,6400000.0
1.0,1024.0,1.0,1.0,1.0,1.0,35.0,32.0,-0.0030632107251067353,-0.0017650185808415486,8192.0,0.00195312,6400000.0
1.0,1024.0,1.0,1.0,1.0,1.0,35.0,32.0,-0.0030632107251067353,-0.0017650185808415486,8192.0,0.0078125,6400000.0
2.0,2.0,8.0,9.0,115.0,62.0,5332.0,9664.0,0.13982391202023692,0.14690396898120006,0.0078125,0.5,6400000.0
1.0,1024.0,1.0,1.0,1.0,1.0,35.0,32.0,-0.0030632107251067353,-0.0017650185808415486,8192.0,0.03125,6400000.0
1.0,1024.0,1.0,1.0,1.0,1.0,35.0,32.0,-0.0030632107251067353,-0.0017650185808415486,8192.0,0.015625,6400000.0
2.0,2.0,8.0,3.0,12.0,7.0,1371.0,864.0,0.09413973999029857,0.09778814733003183,0.000976562,8.0,6400000.0
1.0,2.0,4.0,1.0,1.0,1.0,63.0,32.0,-0.0030632107251067353,-0.0017650185808415486,32768.0,512.0,6400000.0
1.0,1024.0,1.0,1.0,1.0,1.0,35.0,32.0,-0.0030632107251067353,-0.0017650185808415486,8192.0,0.0625,6400000.0
2.0,2.0,8.0,2.0,6.0,4.0,970.0,384.0,0.07262288558772911,0.07510528703488584,0.00195312,32.0,6400000.0
1.0,2.0,8.0,1.0,1.0,1.0,543.0,32.0,-0.0030632107251067353,-0.0017650185808415486,0.00390625,128.0,6400000.0
1.0,1024.0,1.0,1.0,1.0,1.0,35.0,32.0,-0.0030632107251067353,-0.0017650185808415486,8192.0,0.125,6400000.0
1.0,1024.0,1.0,1.0,1.0,1.0,35.0,32.0,-0.0030632107251067353,-0.0017650185808415486,8192.0,0.25,6400000.0
1.0,1024.0,1.0,1.0,1.0,1.0,35.0,32.0,-0.0030632107251067353,-0.0017650185808415486,8192.0,0.5,6400000.0
2.0,2.0,8.0,8.0,62.0,35.0,3940.0,5344.0,0.12464085753719512,0.13548671018061365,0.015625,2.0,6400000.0
1.0,2.0,4.0,1.0,1.0,1.0,63.0,32.0,-0.0030632107251067353,-0.0017650185808415486,4096.0,8192.0,6400000.0
1.0,1.0,1.0,1.0,1.0,1.0,35.0,32.0,-0.0030632107251067353,-0.0017650185808415486,256.0,0.25,6400000.0
1.0,1024.0,1.0,1.0,1.0,1.0,35.0,32.0,-0.0030632107251067353,-0.0017650185808415486,8192.0,1.0,6400000.0
1.0,1024.0,1.0,1.0,1.0,1.0,35.0,32.0,-0.0030632107251067353,-0.0017650185808415486,8192.0,2.0,6400000.0
1.0,1024.0,1.0,1.0,1.0,1.0,35.0,32.0,-0.0030632107251067353,-0.0017650185808415486,8192.0,8.0,6400000.0
1.0,2.0,8.0,1.0,1.0,1.0,543.0,32.0,-0.0030632107251067353,-0.0017650185808415486,0.0,2048.0,6400000.0
1.0,1024.0,1.0,1.0,1.0,1.0,35.0,32.0,-0.0030632107251067353,-0.0017650185808415486,8192.0,16.0,6400000.0
1.0,1024.0,1.0,1.0,1.0,1.0,35.0,32.0,-0.0030632107251067353,-0.0017650185808415486,8192.0,64.0,6400000.0
1.0,1024.0,1.0,1.0,1.0,1.0,35.0,32.0,-0.0030632107251067353,-0.0017650185808415486,8192.0,32.0,6400000.0
1.0,2.0,8.0,1.0,1.0,1.0,543.0,32.0,-0.0030632107251067353,-0.0017650185808415486,0.0078125,512.0,6400000.0
1.0,1024.0,1.0,1.0,1.0,1.0,35.0,32.0,-0.0030632107251067353,-0.0017650185808415486,8192.0,128.0,6400000.0
1.0,1024.0,1.0,1.0,1.0,1.0,35.0,32.0,-0.0030632107251067353,-0.0017650185808415486,8192.0,4.0,6400000.0
1.0,2.0,4.0,1.0,1.0,1.0,63.0,32.0,-0.0030632107251067353,-0.0017650185808415486,8192.0,32768.0,6400000.0
1.0,2.0,4.0,1.0,1.0,1.0,63.0,32.0,-0.0030632107251067353,-0.0017650185808415486,32768.0,0.000976562,6400000.0
1.0,2.0,8.0,1.0,1.0,1.0,543.0,32.0,-0.0030632107251067353,-0.0017650185808415486,0.00195312,32768.0,6400000.0
1.0,2.0,8.0,1.0,1.0,1.0,543.0,32.0,-0.0030632107251067353,-0.0017650185808415486,0.000976562,8192.0,6400000.0
1.0,2.0,8.0,1.0,1.0,1.0,543.0,32.0,-0.0030632107251067353,-0.0017650185808415486,0.015625,2048.0,6400000.0
2.0,2.0,8.0,9.0,118.0,62.0,5371.0,9664.0,0.1396753552389094,0.14685277398321384,0.0,0.00390625,6400000.0
1.0,1024.0,1.0,1.0,1.0,1.0,35.0,32.0,-0.0030632107251067353,-0.0017650185808415486,8192.0,256.0,6400000.0
1.0,1024.0,1.0,1.0,1.0,1.0,35.0,32.0,-0.0030632107251067353,-0.0017650185808415486,8192.0,512.0,6400000.0
2.0,2.0,8.0,9.0,117.0,62.0,5338.0,9664.0,0.13956169342733993,0.14677346154664073,0.000976562,0.015625,6400000.0
1.0,1024.0,1.0,1.0,1.0,1.0,35.0,32.0,-0.0030632107251067353,-0.0017650185808415486,8192.0,1024.0,6400000.0
1.0,1024.0,1.0,1.0,1.0,1.0,35.0,32.0,-0.0030632107251067353,-0.0017650185808415486,8192.0,2048.0,6400000.0
1.0,1.0,1.0,1.0,1.0,1.0,35.0,32.0,-0.0030632107251067353,-0.0017650185808415486,256.0,0.00390625,6400000.0
1.0,2.0,4.0,1.0,1.0,1.0,63.0,32.0,-0.0030632107251067353,-0.0017650185808415486,16384.0,0.25,6400000.0
1.0,1024.0,1.0,1.0,1.0,1.0,35.0,32.0,-0.0030632107251067353,-0.0017650185808415486,8192.0,8192.0,6400000.0
1.0,1024.0,1.0,1.0,1.0,1.0,35.0,32.0,-0.0030632107251067353,-0.0017650185808415486,8192.0,4096.0,6400000.0
1.0,1024.0,1.0,1.0,1.0,1.0,35.0,32.0,-0.0030632107251067353,-0.0017650185808415486,8192.0,16384.0,6400000.0
1.0,2.0,4.0,1.0,1.0,1.0,63.0,32.0,-0.0030632107251067353,-0.0017650185808415486,8192.0,0.0625,6400000.0
1.0,2.0,4.0,1.0,1.0,1.0,63.0,32.0,-0.0030632107251067353,-0.0017650185808415486,32768.0,1.0,6400000.0
2.0,2.0,8.0,9.0,117.0,62.0,5338.0,9664.0,0.13956169342733993,0.14677346154664073,0.00195312,0.0625,6400000.0
1.0,2.0,4.0,1.0,1.0,1.0,63.0,32.0,-0.0030632107251067353,-0.0017650185808415486,8192.0,64.0,6400000.0
2.0,2.0,8.0,4.0,21.0,12.0,2105.0,1664.0,0.1039403757181403,0.10873228349871567,0.0,4.0,6400000.0
1.0,1024.0,1.0,1.0,1.0,1.0,35.0,32.0,-0.0030632107251067353,-0.0017650185808415486,16384.0,0.0,6400000.0
1.0,1024.0,1.0,1.0,1.0,1.0,35.0,32.0,-0.0030632107251067353,-0.0017650185808415486,8192.0,32768.0,6400000.0
2.0,2.0,8.0,9.0,116.0,62.0,5338.0,9664.0,0.13961970621910436,0.14644977292511618,0.00390625,0.25,6400000.0
2.0,2.0,8.0,9.0,118.0,62.0,5371.0,9664.0,0.1396753552389094,0.14685277398321384,0.0078125,0.000976562,6400000.0
2.0,2.0,8.0,9.0,118.0,62.0,5371.0,9664.0,0.1396753552389094,0.14685277398321384,0.015625,0.00390625,6400000.0
1.0,2.0,4.0,1.0,1.0,1.0,63.0,32.0,-0.0030632107251067353,-0.0017650185808415486,16384.0,256.0,6400000.0
1.0,1024.0,1.0,1.0,1.0,1.0,35.0,32.0,-0.0030632107251067353,-0.0017650185808415486,16384.0,0.000976562,6400000.0
1.0,1024.0,1.0,1.0,1.0,1.0,35.0,32.0,-0.0030632107251067353,-0.0017650185808415486,16384.0,0.00195312,6400000.0
2.0,2.0,8.0,9.0,110.0,62.0,5286.0,9664.0,0.13765718609295474,0.1445307488315285,0.0078125,1.0,6400000.0
2.0,2.0,8.0,9.0,117.0,62.0,5338.0,9664.0,0.13956169342733993,0.14677346154664073,0.03125,0.015625,6400000.0
1.0,1024.0,1.0,1.0,1.0,1.0,35.0,32.0,-0.0030632107251067353,-0.0017650185808415486,16384.0,0.03125,6400000.0
1.0,1024.0,1.0,1.0,1.0,1.0,35.0,32.0,-0.0030632107251067353,-0.0017650185808415486,16384.0,0.015625,6400000.0
1.0,1024.0,1.0,1.0,1.0,1.0,35.0,32.0,-0.0030632107251067353,-0.0017650185808415486,16384.0,0.0078125,6400000.0
2.0,2.0,8.0,3.0,10.0,6.0,1303.0,704.0,0.09231549576014253,0.09427300599869859,0.000976562,16.0,6400000.0
1.0,1024.0,1.0,1.0,1.0,1.0,35.0,32.0,-0.0030632107251067353,-0.0017650185808415486,16384.0,0.00390625,6400000.0
1.0,1024.0,1.0,1.0,1.0,1.0,35.0,32.0,-0.0030632107251067353,-0.0017650185808415486,16384.0,0.0625,6400000.0
1.0,1024.0,1.0,1.0,1.0,1.0,35.0,32.0,-0.0030632107251067353,-0.0017650185808415486,16384.0,0.125,6400000.0
1.0,1024.0,1.0,1.0,1.0,1.0,35.0,32.0,-0.0030632107251067353,-0.0017650185808415486,16384.0,0.25,6400000.0
1.0,2.0,4.0,1.0,1.0,1.0,63.0,32.0,-0.0030632107251067353,-0.0017650185808415486,32768.0,1024.0,6400000.0
2.0,2.0,8.0,2.0,6.0,4.0,970.0,384.0,0.07262288558772911,0.07510528703488584,0.00195312,64.0,6400000.0
1.0,2.0,8.0,1.0,1.0,1.0,543.0,32.0,-0.0030632107251067353,-0.0017650185808415486,0.00390625,256.0,6400000.0
1.0,1024.0,1.0,1.0,1.0,1.0,35.0,32.0,-0.0030632107251067353,-0.0017650185808415486,16384.0,0.5,6400000.0
1.0,1024.0,1.0,1.0,1.0,1.0,35.0,32.0,-0.0030632107251067353,-0.0017650185808415486,16384.0,1.0,6400000.0
2.0,2.0,8.0,4.0,21.0,12.0,2105.0,1664.0,0.1039403757181403,0.10873228349871567,0.015625,4.0,6400000.0
1.0,1.0,1.0,1.0,1.0,1.0,35.0,32.0,-0.0030632107251067353,-0.0017650185808415486,256.0,0.5,6400000.0
2.0,2.0,8.0,3.0,10.0,6.0,1303.0,704.0,0.09231549576014253,0.09427300599869859,0.03125,16.0,6400000.0
1.0,1024.0,1.0,1.0,1.0,1.0,35.0,32.0,-0.0030632107251067353,-0.0017650185808415486,16384.0,2.0,6400000.0
1.0,1024.0,1.0,1.0,1.0,1.0,35.0,32.0,-0.0030632107251067353,-0.0017650185808415486,16384.0,8.0,6400000.0
1.0,1024.0,1.0,1.0,1.0,1.0,35.0,32.0,-0.0030632107251067353,-0.0017650185808415486,16384.0,4.0,6400000.0
1.0,1024.0,1.0,1.0,1.0,1.0,35.0,32.0,-0.0030632107251067353,-0.0017650185808415486,16384.0,32.0,6400000.0
1.0,2.0,8.0,1.0,1.0,1.0,543.0,32.0,-0.0030632107251067353,-0.0017650185808415486,0.0,4096.0,6400000.0
1.0,2.0,8.0,1.0,1.0,1.0,543.0,32.0,-0.0030632107251067353,-0.0017650185808415486,0.0078125,1024.0,6400000.0
1.0,1024.0,1.0,1.0,1.0,1.0,35.0,32.0,-0.0030632107251067353,-0.0017650185808415486,16384.0,16.0,6400000.0
1.0,2.0,4.0,1.0,1.0,1.0,63.0,32.0,-0.0030632107251067353,-0.0017650185808415486,16384.0,0.0,6400000.0
1.0,1024.0,1.0,1.0,1.0,1.0,35.0,32.0,-0.0030632107251067353,-0.0017650185808415486,16384.0,128.0,6400000.0
1.0,1024.0,1.0,1.0,1.0,1.0,35.0,32.0,-0.0030632107251067353,-0.0017650185808415486,16384.0,512.0,6400000.0
1.0,2.0,4.0,1.0,1.0,1.0,63.0,32.0,-0.0030632107251067353,-0.0017650185808415486,32768.0,0.00195312,6400000.0
1.0,1024.0,1.0,1.0,1.0,1.0,35.0,32.0,-0.0030632107251067353,-0.0017650185808415486,16384.0,256.0,6400000.0
1.0,1024.0,1.0,1.0,1.0,1.0,35.0,32.0,-0.0030632107251067353,-0.0017650185808415486,16384.0,1024.0,6400000.0
1.0,1024.0,1.0,1.0,1.0,1.0,35.0,32.0,-0.0030632107251067353,-0.0017650185808415486,16384.0,64.0,6400000.0
2.0,2.0,8.0,9.0,118.0,62.0,5371.0,9664.0,0.1396753552389094,0.14685277398321384,0.00390625,0.0,6400000.0
1.0,2.0,8.0,1.0,1.0,1.0,543.0,32.0,-0.0030632107251067353,-0.0017650185808415486,0.015625,4096.0,6400000.0
1.0,2.0,8.0,1.0,1.0,1.0,543.0,32.0,-0.0030632107251067353,-0.0017650185808415486,0.000976562,16384.0,6400000.0
2.0,2.0,8.0,9.0,118.0,62.0,5371.0,9664.0,0.1396753552389094,0.14685277398321384,0.0,0.0078125,6400000.0
2.0,2.0,8.0,9.0,117.0,62.0,5338.0,9664.0,0.13956169342733993,0.14677346154664073,0.000976562,0.03125,6400000.0
1.0,1024.0,1.0,1.0,1.0,1.0,35.0,32.0,-0.0030632107251067353,-0.0017650185808415486,16384.0,4096.0,6400000.0
1.0,2.0,8.0,1.0,1.0,1.0,543.0,32.0,-0.0030632107251067353,-0.0017650185808415486,0.03125,16384.0,6400000.0
1.0,1024.0,1.0,1.0,1.0,1.0,35.0,32.0,-0.0030632107251067353,-0.0017650185808415486,16384.0,2048.0,6400000.0
1.0,2.0,4.0,1.0,1.0,1.0,63.0,32.0,-0.0030632107251067353,-0.0017650185808415486,16384.0,0.5,6400000.0
1.0,1.0,1.0,1.0,1.0,1.0,35.0,32.0,-0.0030632107251067353,-0.0017650185808415486,256.0,0.0078125,6400000.0
1.0,1024.0,1.0,1.0,1.0,1.0,35.0,32.0,-0.0030632107251067353,-0.0017650185808415486,16384.0,8192.0,6400000.0
1.0,1024.0,1.0,1.0,1.0,1.0,35.0,32.0,-0.0030632107251067353,-0.0017650185808415486,16384.0,16384.0,6400000.0
1.0,1024.0,1.0,1.0,1.0,1.0,35.0,32.0,-0.0030632107251067353,-0.0017650185808415486,32768.0,0.000976562,6400000.0
2.0,2.0,8.0,9.0,116.0,62.0,5338.0,9664.0,0.13961970621910436,0.14644977292511618,0.00195312,0.125,6400000.0
1.0,1024.0,1.0,1.0,1.0,1.0,35.0,32.0,-0.0030632107251067353,-0.0017650185808415486,32768.0,0.0,6400000.0
1.0,2.0,4.0,1.0,1.0,1.0,63.0,32.0,-0.0030632107251067353,-0.0017650185808415486,32768.0,2.0,6400000.0
2.0,2.0,8.0,3.0,12.0,7.0,1371.0,864.0,0.09413973999029857,0.09778814733003183,0.0,8.0,6400000.0
1.0,1024.0,1.0,1.0,1.0,1.0,35.0,32.0,-0.0030632107251067353,-0.0017650185808415486,32768.0,0.00195312,6400000.0
1.0,1024.0,1.0,1.0,1.0,1.0,35.0,32.0,-0.0030632107251067353,-0.0017650185808415486,16384.0,32768.0,6400000.0
2.0,2.0,8.0,9.0,118.0,62.0,5371.0,9664.0,0.1396753552389094,0.14685277398321384,0.0078125,0.00195312,6400000.0
2.0,2.0,8.0,9.0,115.0,62.0,5332.0,9664.0,0.13982391202023692,0.14690396898120006,0.00390625,0.5,6400000.0
2.0,2.0,8.0,9.0,117.0,62.0,5338.0,9664.0,0.13956169342733993,0.14677346154664073,0.03125,0.03125,6400000.0
2.0,2.0,8.0,8.0,62.0,35.0,3940.0,5344.0,0.12464085753719512,0.13548671018061365,0.0078125,2.0,6400000.0
2.0,2.0,8.0,9.0,118.0,62.0,5371.0,9664.0,0.1396753552389094,0.14685277398321384,0.015625,0.0078125,6400000.0
1.0,2.0,4.0,1.0,1.0,1.0,63.0,32.0,-0.0030632107251067353,-0.0017650185808415486,16384.0,512.0,6400000.0
1.0,1024.0,1.0,1.0,1.0,1.0,35.0,32.0,-0.0030632107251067353,-0.0017650185808415486,32768.0,0.0078125,6400000.0
1.0,1024.0,1.0,1.0,1.0,1.0,35.0,32.0,-0.0030632107251067353,-0.0017650185808415486,32768.0,0.00390625,6400000.0
2.0,2.0,8.0,2.0,6.0,4.0,970.0,384.0,0.07262288558772911,0.07510528703488584,0.000976562,32.0,6400000.0
1.0,1024.0,1.0,1.0,1.0,1.0,35.0,32.0,-0.0030632107251067353,-0.0017650185808415486,32768.0,0.0625,6400000.0
1.0,1.0,1.0,1.0,1.0,1.0,35.0,32.0,-0.0030632107251067353,-0.0017650185808415486,256.0,64.0,6400000.0
2.0,2.0,8.0,9.0,116.0,62.0,5338.0,9664.0,0.13961970621910436,0.14644977292511618,0.0625,0.125,6400000.0
1.0,1024.0,1.0,1.0,1.0,1.0,35.0,32.0,-0.0030632107251067353,-0.0017650185808415486,32768.0,0.03125,6400000.0
1.0,1024.0,1.0,1.0,1.0,1.0,35.0,32.0,-0.0030632107251067353,-0.0017650185808415486,32768.0,0.125,6400000.0
1.0,1024.0,1.0,1.0,1.0,1.0,35.0,32.0,-0.0030632107251067353,-0.0017650185808415486,32768.0,0.25,6400000.0
1.0,2.0,4.0,1.0,1.0,1.0,63.0,32.0,-0.0030632107251067353,-0.0017650185808415486,32768.0,2048.0,6400000.0
1.0,1024.0,1.0,1.0,1.0,1.0,35.0,32.0,-0.0030632107251067353,-0.0017650185808415486,32768.0,0.015625,6400000.0
1.0,2.0,8.0,1.0,1.0,1.0,543.0,32.0,-0.0030632107251067353,-0.0017650185808415486,0.00195312,128.0,6400000.0
1.0,1024.0,1.0,1.0,1.0,1.0,35.0,32.0,-0.0030632107251067353,-0.0017650185808415486,32768.0,0.5,6400000.0
1.0,1024.0,1.0,1.0,1.0,1.0,35.0,32.0,-0.0030632107251067353,-0.0017650185808415486,32768.0,1.0,6400000.0
1.0,2.0,8.0,1.0,1.0,1.0,543.0,32.0,-0.0030632107251067353,-0.0017650185808415486,0.00390625,512.0,6400000.0
1.0,1024.0,1.0,1.0,1.0,1.0,35.0,32.0,-0.0030632107251067353,-0.0017650185808415486,32768.0,2.0,6400000.0
2.0,2.0,8.0,2.0,6.0,4.0,970.0,384.0,0.07262288558772911,0.07510528703488584,0.03125,32.0,6400000.0
2.0,2.0,8.0,3.0,12.0,7.0,1371.0,864.0,0.09413973999029857,0.09778814733003183,0.015625,8.0,6400000.0
1.0,1024.0,1.0,1.0,1.0,1.0,35.0,32.0,-0.0030632107251067353,-0.0017650185808415486,32768.0,4.0,6400000.0
1.0,1.0,1.0,1.0,1.0,1.0,35.0,32.0,-0.0030632107251067353,-0.0017650185808415486,256.0,1.0,6400000.0
1.0,1024.0,1.0,1.0,1.0,1.0,35.0,32.0,-0.0030632107251067353,-0.0017650185808415486,32768.0,32.0,6400000.0
1.0,1024.0,1.0,1.0,1.0,1.0,35.0,32.0,-0.0030632107251067353,-0.0017650185808415486,32768.0,8.0,6400000.0
1.0,2.0,8.0,1.0,1.0,1.0,543.0,32.0,-0.0030632107251067353,-0.0017650185808415486,0.0,8192.0,6400000.0
1.0,2.0,8.0,1.0,1.0,1.0,543.0,32.0,-0.0030632107251067353,-0.0017650185808415486,0.0625,128.0,6400000.0
1.0,2.0,8.0,1.0,1.0,1.0,543.0,32.0,-0.0030632107251067353,-0.0017650185808415486,0.0078125,2048.0,6400000.0
1.0,1024.0,1.0,1.0,1.0,1.0,35.0,32.0,-0.0030632107251067353,-0.0017650185808415486,32768.0,16.0,6400000.0
1.0,1024.0,1.0,1.0,1.0,1.0,35.0,32.0,-0.0030632107251067353,-0.0017650185808415486,32768.0,128.0,6400000.0
1.0,1024.0,1.0,1.0,1.0,1.0,35.0,32.0,-0.0030632107251067353,-0.0017650185808415486,32768.0,64.0,6400000.0
1.0,1024.0,1.0,1.0,1.0,1.0,35.0,32.0,-0.0030632107251067353,-0.0017650185808415486,32768.0,256.0,6400000.0
1.0,2.0,4.0,1.0,1.0,1.0,63.0,32.0,-0.0030632107251067353,-0.0017650185808415486,32768.0,0.00390625,6400000.0
2.0,2.0,8.0,9.0,118.0,62.0,5371.0,9664.0,0.1396753552389094,0.14685277398321384,0.00390625,0.000976562,6400000.0
1.0,1024.0,1.0,1.0,1.0,1.0,35.0,32.0,-0.0030632107251067353,-0.0017650185808415486,32768.0,512.0,6400000.0
1.0,1024.0,1.0,1.0,1.0,1.0,35.0,32.0,-0.0030632107251067353,-0.0017650185808415486,32768.0,1024.0,6400000.0
1.0,2.0,8.0,1.0,1.0,1.0,543.0,32.0,-0.0030632107251067353,-0.0017650185808415486,0.000976562,32768.0,6400000.0
1.0,2.0,8.0,1.0,1.0,1.0,543.0,32.0,-0.0030632107251067353,-0.0017650185808415486,0.015625,8192.0,6400000.0
1.0,1024.0,1.0,1.0,1.0,1.0,35.0,32.0,-0.0030632107251067353,-0.0017650185808415486,32768.0,2048.0,6400000.0
1.0,1024.0,1.0,1.0,1.0,1.0,35.0,32.0,-0.0030632107251067353,-0.0017650185808415486,32768.0,4096.0,6400000.0
2.0,2.0,8.0,9.0,117.0,62.0,5338.0,9664.0,0.13956169342733993,0.14677346154664073,0.000976562,0.0625,6400000.0
2.0,2.0,8.0,9.0,117.0,62.0,5338.0,9664.0,0.13956169342733993,0.14677346154664073,0.0,0.015625,6400000.0
1.0,2.0,8.0,1.0,1.0,1.0,543.0,32.0,-0.0030632107251067353,-0.0017650185808415486,0.03125,32768.0,6400000.0
1.0,1024.0,1.0,1.0,1.0,1.0,35.0,32.0,-0.0030632107251067353,-0.0017650185808415486,32768.0,8192.0,6400000.0
1.0,1.0,1.0,1.0,1.0,1.0,35.0,32.0,-0.0030632107251067353,-0.0017650185808415486,256.0,0.015625,6400000.0
2.0,2.0,8.0,9.0,118.0,62.0,5349.0,9664.0,0.13993917351664753,0.14651346924995257,0.125,0.000976562,6400000.0
1.0,1024.0,1.0,1.0,1.0,1.0,35.0,32.0,-0.0030632107251067353,-0.0017650185808415486,32768.0,16384.0,6400000.0
2.0,2.0,8.0,9.0,116.0,62.0,5338.0,9664.0,0.13961970621910436,0.14644977292511618,0.00195312,0.25,6400000.0
2.0,2.0,8.0,9.0,118.0,62.0,5371.0,9664.0,0.1396753552389094,0.14685277398321384,0.0078125,0.00390625,6400000.0
2.0,2.0,8.0,3.0,10.0,6.0,1303.0,704.0,0.09231549576014253,0.09427300599869859,0.0,16.0,6400000.0
1.0,2.0,4.0,1.0,1.0,1.0,63.0,32.0,-0.0030632107251067353,-0.0017650185808415486,32768.0,4.0,6400000.0
1.0,1024.0,1.0,1.0,1.0,1.0,35.0,32.0,-0.0030632107251067353,-0.0017650185808415486,32768.0,32768.0,6400000.0
2.0,2.0,8.0,9.0,117.0,62.0,5338.0,9664.0,0.13956169342733993,0.14677346154664073,0.015625,0.015625,6400000.0
2.0,2.0,8.0,9.0,117.0,62.0,5338.0,9664.0,0.13956169342733993,0.14677346154664073,0.03125,0.0625,6400000.0
2.0,2.0,8.0,9.0,110.0,62.0,5286.0,9664.0,0.13765718609295474,0.1445307488315285,0.00390625,1.0,6400000.0
2.0,2.0,8.0,4.0,21.0,12.0,2105.0,1664.0,0.1039403757181403,0.10873228349871567,0.0078125,4.0,6400000.0
1024.0,1024.0,2.0,9.0,4787.0,4037.0,161951.0,514848.0,0.5876929628050351,0.6001375001111813,0.0,0.0,6400000.0
1024.0,1024.0,2.0,9.0,4799.0,4037.0,162366.0,514848.0,0.5904860471203833,0.602630091791927,0.0,0.000976562,6400000.0
2.0,2.0,8.0,2.0,6.0,4.0,970.0,384.0,0.07262288558772911,0.07510528703488584,0.000976562,64.0,6400000.0
292.0,1024.0,2.0,9.0,1419.0,1139.0,45466.0,144864.0,0.5259538266754467,0.5406790368428847,0.0,0.03125,6400000.0
1024.0,1024.0,2.0,9.0,4741.0,4027.0,160780.0,513248.0,0.5938064811722235,0.6013265437350228,0.0,0.00390625,6400000.0
1.0,1.0,1.0,1.0,1.0,1.0,35.0,32.0,-0.0030632107251067353,-0.0017650185808415486,256.0,128.0,6400000.0
233.0,1024.0,2.0,9.0,1131.0,903.0,35859.0,114656.0,0.5097753395868058,0.5242922065988689,0.0,0.0625,6400000.0
1024.0,1024.0,2.0,9.0,4748.0,4031.0,160816.0,513888.0,0.5883549923741818,0.6006924381978709,0.0,0.00195312,6400000.0
908.0,1024.0,2.0,9.0,4211.0,3572.0,142911.0,455296.0,0.5839683764707543,0.5986791381458597,0.0,0.0078125,6400000.0
457.0,1024.0,2.0,9.0,2191.0,1786.0,71232.0,227264.0,0.5672217701748825,0.5774930807010575,0.0,0.015625,6400000.0
2.0,2.0,8.0,9.0,116.0,62.0,5338.0,9664.0,0.13961970621910436,0.14644977292511618,0.0625,0.25,6400000.0
2.0,2.0,8.0,9.0,108.0,61.0,5215.0,9504.0,0.13711901178310137,0.14422483046495815,0.125,1.0,6400000.0
1.0,2.0,8.0,1.0,1.0,1.0,543.0,32.0,-0.0030632107251067353,-0.0017650185808415486,0.00195312,256.0,6400000.0
146.0,1024.0,2.0,9.0,746.0,579.0,23373.0,73952.0,0.5055239846864175,0.5134041826471122,0.0,0.125,6400000.0
1.0,2.0,8.0,1.0,1.0,1.0,543.0,32.0,-0.0030632107251067353,-0.0017650185808415486,0.00390625,1024.0,6400000.0
1.0,2.0,4.0,1.0,1.0,1.0,63.0,32.0,-0.0030632107251067353,-0.0017650185808415486,32768.0,4096.0,6400000.0
113.0,1024.0,2.0,9.0,581.0,447.0,18011.0,57056.0,0.4913752272939408,0.5015614713458052,0.0,0.25,6400000.0
81.0,1024.0,2.0,9.0,422.0,321.0,13003.0,40992.0,0.46424358770316876,0.47568828095180316,0.0,0.5,6400000.0
69.0,1024.0,2.0,9.0,349.0,264.0,10744.0,33408.0,0.4440109904418591,0.4535133522491208,0.0,1.0,6400000.0
14.0,1024.0,2.0,3.0,58.0,41.0,1695.0,4768.0,0.2755258013558761,0.2825067573238387,0.0,8.0,6400000.0
50.0,1024.0,2.0,9.0,251.0,188.0,7690.0,23680.0,0.4286639454025012,0.43882039042213217,0.0,2.0,6400000.0
36.0,1024.0,2.0,9.0,160.0,119.0,4865.0,14432.0,0.3910954809696322,0.4025399453147491,0.0,4.0,6400000.0
2.0,2.0,8.0,2.0,6.0,4.0,970.0,384.0,0.07262288558772911,0.07510528703488584,0.03125,64.0,6400000.0
2.0,2.0,8.0,3.0,10.0,6.0,1303.0,704.0,0.09231549576014253,0.09427300599869859,0.015625,16.0,6400000.0
1.0,1.0,1.0,1.0,1.0,1.0,35.0,32.0,-0.0030632107251067353,-0.0017650185808415486,256.0,2.0,6400000.0
11.0,1024.0,2.0,3.0,35.0,25.0,1015.0,2592.0,0.23714634169335125,0.2431198474760431,0.0,16.0,6400000.0
1.0,2.0,8.0,1.0,1.0,1.0,543.0,32.0,-0.0030632107251067353,-0.0017650185808415486,0.0,16384.0,6400000.0
1.0,2.0,8.0,1.0,1.0,1.0,543.0,32.0,-0.0030632107251067353,-0.0017650185808415486,0.0625,256.0,6400000.0
3.0,1024.0,2.0,2.0,9.0,6.0,287.0,576.0,0.10115259004895938,0.10346957106453547,0.0,64.0,6400000.0
8.0,1024.0,2.0,2.0,22.0,16.0,664.0,1536.0,0.184803559555608,0.19082719424152972,0.0,32.0,6400000.0
1.0,2.0,8.0,1.0,1.0,1.0,543.0,32.0,-0.0030632107251067353,-0.0017650185808415486,0.0078125,4096.0,6400000.0
1.0,1024.0,2.0,1.0,1.0,1.0,39.0,32.0,-0.0030632107251067353,-0.0017650185808415486,0.0,128.0,6400000.0
1.0,1024.0,2.0,1.0,1.0,1.0,39.0,32.0,-0.0030632107251067353,-0.0017650185808415486,0.0,256.0,6400000.0
1.0,2.0,8.0,1.0,1.0,1.0,543.0,32.0,-0.0030632107251067353,-0.0017650185808415486,0.125,1024.0,6400000.0
2.0,2.0,8.0,9.0,118.0,62.0,5371.0,9664.0,0.1396753552389094,0.14685277398321384,0.00390625,0.00195312,6400000.0
1.0,1024.0,2.0,1.0,1.0,1.0,39.0,32.0,-0.0030632107251067353,-0.0017650185808415486,0.0,512.0,6400000.0
1.0,1024.0,2.0,1.0,1.0,1.0,39.0,32.0,-0.0030632107251067353,-0.0017650185808415486,0.0,1024.0,6400000.0
1.0,1024.0,2.0,1.0,1.0,1.0,39.0,32.0,-0.0030632107251067353,-0.0017650185808415486,0.0,2048.0,6400000.0
2.0,2.0,8.0,9.0,118.0,62.0,5371.0,9664.0,0.1396753552389094,0.14685277398321384,0.00195312,0.0,6400000.0
1.0,1024.0,2.0,1.0,1.0,1.0,39.0,32.0,-0.0030632107251067353,-0.0017650185808415486,0.0,4096.0,6400000.0
2.0,2.0,8.0,9.0,117.0,62.0,5338.0,9664.0,0.13956169342733993,0.14677346154664073,0.0,0.03125,6400000.0
1.0,2.0,8.0,1.0,1.0,1.0,543.0,32.0,-0.0030632107251067353,-0.0017650185808415486,0.015625,16384.0,6400000.0
2.0,2.0,8.0,9.0,116.0,62.0,5338.0,9664.0,0.13961970621910436,0.14644977292511618,0.000976562,0.125,6400000.0
1.0,1024.0,2.0,1.0,1.0,1.0,39.0,32.0,-0.0030632107251067353,-0.0017650185808415486,0.0,8192.0,6400000.0
1.0,1024.0,2.0,1.0,1.0,1.0,39.0,32.0,-0.0030632107251067353,-0.0017650185808415486,0.0,16384.0,6400000.0
2.0,2.0,8.0,9.0,118.0,62.0,5371.0,9664.0,0.1396753552389094,0.14685277398321384,0.0625,0.0,6400000.0
1.0,1.0,1.0,1.0,1.0,1.0,35.0,32.0,-0.0030632107251067353,-0.0017650185808415486,256.0,0.03125,6400000.0
2.0,2.0,8.0,9.0,118.0,62.0,5349.0,9664.0,0.13993917351664753,0.14651346924995257,0.125,0.00195312,6400000.0
1.0,1024.0,2.0,1.0,1.0,1.0,39.0,32.0,-0.0030632107251067353,-0.0017650185808415486,0.0,32768.0,6400000.0
2.0,2.0,8.0,9.0,115.0,62.0,5332.0,9664.0,0.13982391202023692,0.14690396898120006,0.00195312,0.5,6400000.0
2.0,2.0,8.0,9.0,118.0,62.0,5371.0,9664.0,0.1396753552389094,0.14685277398321384,0.0078125,0.0078125,6400000.0
2.0,2.0,8.0,2.0,6.0,4.0,970.0,384.0,0.07262288558772911,0.07510528703488584,0.0,32.0,6400000.0
2.0,2.0,8.0,9.0,117.0,62.0,5338.0,9664.0,0.13956169342733993,0.14677346154664073,0.015625,0.03125,6400000.0
1024.0,1024.0,2.0,9.0,4787.0,4037.0,161951.0,514848.0,0.5876929628050351,0.6001375001111813,0.000976562,0.0,6400000.0
2.0,2.0,8.0,9.0,118.0,62.0,5349.0,9664.0,0.13993917351664753,0.14651346924995257,0.25,0.0078125,6400000.0
2.0,2.0,8.0,7.0,63.0,36.0,3963.0,5504.0,0.1256394981106188,0.1352191812138528,0.00390625,2.0,6400000.0
2.0,2.0,8.0,9.0,116.0,62.0,5338.0,9664.0,0.13961970621910436,0.14644977292511618,0.03125,0.125,6400000.0
2.0,2.0,8.0,3.0,12.0,7.0,1371.0,864.0,0.09413973999029857,0.09778814733003183,0.0078125,8.0,6400000.0
1.0,2.0,8.0,1.0,1.0,1.0,543.0,32.0,-0.0030632107251067353,-0.0017650185808415486,0.000976562,128.0,6400000.0
1.0,1.0,1.0,1.0,1.0,1.0,35.0,32.0,-0.0030632107251067353,-0.0017650185808415486,256.0,256.0,6400000.0
2.0,2.0,8.0,9.0,115.0,62.0,5332.0,9664.0,0.13982391202023692,0.14690396898120006,0.0625,0.5,6400000.0
1024.0,1024.0,2.0,9.0,4799.0,4037.0,162366.0,514848.0,0.5904860471203833,0.602630091791927,0.000976562,0.000976562,6400000.0
457.0,1024.0,2.0,9.0,2191.0,1786.0,71232.0,227264.0,0.5672217701748825,0.5774930807010575,0.000976562,0.015625,6400000.0
1024.0,1024.0,2.0,9.0,4741.0,4027.0,160780.0,513248.0,0.5938064811722235,0.6013265437350228,0.000976562,0.00390625,6400000.0
292.0,1024.0,2.0,9.0,1419.0,1139.0,45466.0,144864.0,0.5259538266754467,0.5406790368428847,0.000976562,0.03125,6400000.0
113.0,1024.0,2.0,9.0,581.0,447.0,18011.0,57056.0,0.4913752272939408,0.5015614713458052,0.000976562,0.25,6400000.0
233.0,1024.0,2.0,9.0,1131.0,903.0,35859.0,114656.0,0.5097753395868058,0.5242922065988689,0.000976562,0.0625,6400000.0
1.0,2.0,8.0,1.0,1.0,1.0,543.0,32.0,-0.0030632107251067353,-0.0017650185808415486,0.00195312,512.0,6400000.0
1024.0,1024.0,2.0,9.0,4748.0,4031.0,160816.0,513888.0,0.5883549923741818,0.6006924381978709,0.000976562,0.00195312,6400000.0
2.0,2.0,8.0,7.0,60.0,34.0,3896.0,5184.0,0.12446227253901021,0.1344623327234964,0.125,2.0,6400000.0
908.0,1024.0,2.0,9.0,4211.0,3572.0,142911.0,455296.0,0.5839683764707543,0.5986791381458597,0.000976562,0.0078125,6400000.0
81.0,1024.0,2.0,9.0,422.0,321.0,13003.0,40992.0,0.46424358770316876,0.47568828095180316,0.000976562,0.5,6400000.0
146.0,1024.0,2.0,9.0,746.0,579.0,23373.0,73952.0,0.5055239846864175,0.5134041826471122,0.000976562,0.125,6400000.0
1.0,2.0,8.0,1.0,1.0,1.0,543.0,32.0,-0.0030632107251067353,-0.0017650185808415486,0.00390625,2048.0,6400000.0
36.0,1024.0,2.0,9.0,160.0,119.0,4865.0,14432.0,0.3910954809696322,0.4025399453147491,0.000976562,4.0,6400000.0
50.0,1024.0,2.0,9.0,251.0,188.0,7690.0,23680.0,0.4286639454025012,0.43882039042213217,0.000976562,2.0,6400000.0
14.0,1024.0,2.0,3.0,58.0,41.0,1695.0,4768.0,0.2755258013558761,0.2825067573238387,0.000976562,8.0,6400000.0
1.0,2.0,8.0,1.0,1.0,1.0,543.0,32.0,-0.0030632107251067353,-0.0017650185808415486,0.03125,128.0,6400000.0
1.0,1.0,1.0,1.0,1.0,1.0,35.0,32.0,-0.0030632107251067353,-0.0017650185808415486,256.0,4.0,6400000.0
2.0,2.0,8.0,3.0,12.0,7.0,1371.0,864.0,0.09413973999029857,0.09778814733003183,0.25,8.0,6400000.0
11.0,1024.0,2.0,3.0,35.0,25.0,1015.0,2592.0,0.23714634169335125,0.2431198474760431,0.000976562,16.0,6400000.0
69.0,1024.0,2.0,9.0,349.0,264.0,10744.0,33408.0,0.4440109904418591,0.4535133522491208,0.000976562,1.0,6400000.0
8.0,1024.0,2.0,2.0,22.0,16.0,664.0,1536.0,0.184803559555608,0.19082719424152972,0.000976562,32.0,6400000.0
1.0,2.0,8.0,1.0,1.0,1.0,543.0,32.0,-0.0030632107251067353,-0.0017650185808415486,0.0,32768.0,6400000.0
2.0,2.0,8.0,2.0,6.0,4.0,970.0,384.0,0.07262288558772911,0.07510528703488584,0.015625,32.0,6400000.0
3.0,1024.0,2.0,2.0,9.0,6.0,287.0,576.0,0.10115259004895938,0.10346957106453547,0.000976562,64.0,6400000.0
1.0,2.0,8.0,1.0,1.0,1.0,543.0,32.0,-0.0030632107251067353,-0.0017650185808415486,0.0625,512.0,6400000.0
1.0,2.0,8.0,1.0,1.0,1.0,543.0,32.0,-0.0030632107251067353,-0.0017650185808415486,0.0078125,8192.0,6400000.0
1.0,1024.0,2.0,1.0,1.0,1.0,39.0,32.0,-0.0030632107251067353,-0.0017650185808415486,0.000976562,128.0,6400000.0
1.0,1024.0,2.0,1.0,1.0,1.0,39.0,32.0,-0.0030632107251067353,-0.0017650185808415486,0.000976562,256.0,6400000.0
1.0,2.0,8.0,1.0,1.0,1.0,543.0,32.0,-0.0030632107251067353,-0.0017650185808415486,0.125,2048.0,6400000.0
2.0,2.0,8.0,9.0,118.0,62.0,5371.0,9664.0,0.1396753552389094,0.14685277398321384,0.00390625,0.00390625,6400000.0
1.0,1024.0,2.0,1.0,1.0,1.0,39.0,32.0,-0.0030632107251067353,-0.0017650185808415486,0.000976562,1024.0,6400000.0
2.0,2.0,8.0,9.0,118.0,62.0,5371.0,9664.0,0.1396753552389094,0.14685277398321384,0.00195312,0.000976562,6400000.0
1.0,2.0,8.0,1.0,1.0,1.0,543.0,32.0,-0.0030632107251067353,-0.0017650185808415486,0.25,8192.0,6400000.0
2.0,2.0,8.0,9.0,116.0,62.0,5338.0,9664.0,0.13961970621910436,0.14644977292511618,0.000976562,0.25,6400000.0
1.0,1024.0,2.0,1.0,1.0,1.0,39.0,32.0,-0.0030632107251067353,-0.0017650185808415486,0.000976562,2048.0,6400000.0
1.0,1024.0,2.0,1.0,1.0,1.0,39.0,32.0,-0.0030632107251067353,-0.0017650185808415486,0.000976562,512.0,6400000.0
1.0,1024.0,2.0,1.0,1.0,1.0,39.0,32.0,-0.0030632107251067353,-0.0017650185808415486,0.000976562,16384.0,6400000.0
1.0,2.0,8.0,1.0,1.0,1.0,543.0,32.0,-0.0030632107251067353,-0.0017650185808415486,0.015625,32768.0,6400000.0
1.0,1024.0,2.0,1.0,1.0,1.0,39.0,32.0,-0.0030632107251067353,-0.0017650185808415486,0.000976562,4096.0,6400000.0
1.0,1024.0,2.0,1.0,1.0,1.0,39.0,32.0,-0.0030632107251067353,-0.0017650185808415486,0.000976562,8192.0,6400000.0
2.0,2.0,8.0,9.0,118.0,62.0,5371.0,9664.0,0.1396753552389094,0.14685277398321384,0.0625,0.000976562,6400000.0
2.0,2.0,8.0,9.0,118.0,62.0,5349.0,9664.0,0.13993917351664753,0.14651346924995257,0.125,0.00390625,6400000.0
1.0,1024.0,2.0,1.0,1.0,1.0,39.0,32.0,-0.0030632107251067353,-0.0017650185808415486,0.000976562,32768.0,6400000.0
2.0,2.0,8.0,9.0,110.0,62.0,5286.0,9664.0,0.13765718609295474,0.1445307488315285,0.00195312,1.0,6400000.0
1024.0,1024.0,2.0,9.0,4787.0,4037.0,161951.0,514848.0,0.5876929628050351,0.6001375001111813,0.00195312,0.0,6400000.0
2.0,2.0,8.0,9.0,117.0,62.0,5338.0,9664.0,0.13956169342733993,0.14677346154664073,0.0078125,0.015625,6400000.0
1024.0,1024.0,2.0,9.0,4799.0,4037.0,162366.0,514848.0,0.5904860471203833,0.602630091791927,0.00195312,0.000976562,6400000.0
2.0,2.0,8.0,9.0,118.0,62.0,5349.0,9664.0,0.13993917351664753,0.14651346924995257,0.25,0.015625,6400000.0
1024.0,1024.0,2.0,9.0,4748.0,4031.0,160816.0,513888.0,0.5883549923741818,0.6006924381978709,0.00195312,0.00195312,6400000.0
2.0,2.0,8.0,4.0,21.0,12.0,2105.0,1664.0,0.1039403757181403,0.10873228349871567,0.00390625,4.0,6400000.0
2.0,2.0,8.0,9.0,117.0,62.0,5338.0,9664.0,0.13956169342733993,0.14677346154664073,0.015625,0.0625,6400000.0
2.0,2.0,8.0,3.0,10.0,6.0,1303.0,704.0,0.09231549576014253,0.09427300599869859,0.0078125,16.0,6400000.0
2.0,2.0,8.0,9.0,116.0,62.0,5338.0,9664.0,0.13961970621910436,0.14644977292511618,0.03125,0.25,6400000.0
1024.0,1024.0,2.0,9.0,4741.0,4027.0,160780.0,513248.0,0.5938064811722235,0.6013265437350228,0.00195312,0.00390625,6400000.0
2.0,2.0,8.0,9.0,119.0,62.0,5353.0,9664.0,0.14013239704437674,0.14772622153464698,0.5,0.0625,6400000.0
1.0,2.0,8.0,1.0,1.0,1.0,543.0,32.0,-0.0030632107251067353,-0.0017650185808415486,0.000976562,256.0,6400000.0
1.0,1.0,1.0,1.0,1.0,1.0,35.0,32.0,-0.0030632107251067353,-0.0017650185808415486,256.0,512.0,6400000.0
2.0,2.0,8.0,9.0,108.0,61.0,5215.0,9504.0,0.13711901178310137,0.14422483046495815,0.0625,1.0,6400000.0
1.0,2.0,8.0,1.0,1.0,1.0,543.0,32.0,-0.0030632107251067353,-0.0017650185808415486,0.00195312,1024.0,6400000.0
457.0,1024.0,2.0,9.0,2191.0,1786.0,71232.0,227264.0,0.5672217701748825,0.5774930807010575,0.00195312,0.015625,6400000.0
2.0,2.0,8.0,4.0,21.0,12.0,2105.0,1664.0,0.1039403757181403,0.10873228349871567,0.125,4.0,6400000.0
292.0,1024.0,2.0,9.0,1419.0,1139.0,45466.0,144864.0,0.5259538266754467,0.5406790368428847,0.00195312,0.03125,6400000.0
1.0,2.0,8.0,1.0,1.0,1.0,543.0,32.0,-0.0030632107251067353,-0.0017650185808415486,0.00390625,4096.0,6400000.0
146.0,1024.0,2.0,9.0,746.0,579.0,23373.0,73952.0,0.5055239846864175,0.5134041826471122,0.00195312,0.125,6400000.0
113.0,1024.0,2.0,9.0,581.0,447.0,18011.0,57056.0,0.4913752272939408,0.5015614713458052,0.00195312,0.25,6400000.0
1.0,2.0,8.0,1.0,1.0,1.0,543.0,32.0,-0.0030632107251067353,-0.0017650185808415486,0.03125,256.0,6400000.0
81.0,1024.0,2.0,9.0,422.0,321.0,13003.0,40992.0,0.46424358770316876,0.47568828095180316,0.00195312,0.5,6400000.0
1.0,1.0,1.0,1.0,1.0,1.0,35.0,32.0,-0.0030632107251067353,-0.0017650185808415486,256.0,8.0,6400000.0
69.0,1024.0,2.0,9.0,349.0,264.0,10744.0,33408.0,0.4440109904418591,0.4535133522491208,0.00195312,1.0,6400000.0
2.0,2.0,8.0,3.0,10.0,6.0,1303.0,704.0,0.09231549576014253,0.09427300599869859,0.25,16.0,6400000.0
233.0,1024.0,2.0,9.0,1131.0,903.0,35859.0,114656.0,0.5097753395868058,0.5242922065988689,0.00195312,0.0625,6400000.0
908.0,1024.0,2.0,9.0,4211.0,3572.0,142911.0,455296.0,0.5839683764707543,0.5986791381458597,0.00195312,0.0078125,6400000.0
50.0,1024.0,2.0,9.0,251.0,188.0,7690.0,23680.0,0.4286639454025012,0.43882039042213217,0.00195312,2.0,6400000.0
14.0,1024.0,2.0,3.0,58.0,41.0,1695.0,4768.0,0.2755258013558761,0.2825067573238387,0.00195312,8.0,6400000.0
36.0,1024.0,2.0,9.0,160.0,119.0,4865.0,14432.0,0.3910954809696322,0.4025399453147491,0.00195312,4.0,6400000.0
2.0,2.0,8.0,2.0,6.0,4.0,970.0,384.0,0.07262288558772911,0.07510528703488584,0.015625,64.0,6400000.0
2.0,2.0,8.0,2.0,6.0,4.0,970.0,384.0,0.07262288558772911,0.07510528703488584,0.5,64.0,6400000.0
1.0,1024.0,2.0,1.0,1.0,1.0,39.0,32.0,-0.0030632107251067353,-0.0017650185808415486,0.00195312,128.0,6400000.0
1.0,1024.0,2.0,1.0,1.0,1.0,39.0,32.0,-0.0030632107251067353,-0.0017650185808415486,0.00195312,256.0,6400000.0
1.0,2.0,8.0,1.0,1.0,1.0,543.0,32.0,-0.0030632107251067353,-0.0017650185808415486,0.0078125,16384.0,6400000.0
3.0,1024.0,2.0,2.0,9.0,6.0,287.0,576.0,0.10115259004895938,0.10346957106453547,0.00195312,64.0,6400000.0
1.0,2.0,8.0,1.0,1.0,1.0,543.0,32.0,-0.0030632107251067353,-0.0017650185808415486,0.0625,1024.0,6400000.0
8.0,1024.0,2.0,2.0,22.0,16.0,664.0,1536.0,0.184803559555608,0.19082719424152972,0.00195312,32.0,6400000.0
11.0,1024.0,2.0,3.0,35.0,25.0,1015.0,2592.0,0.23714634169335125,0.2431198474760431,0.00195312,16.0,6400000.0
1.0,1024.0,2.0,1.0,1.0,1.0,39.0,32.0,-0.0030632107251067353,-0.0017650185808415486,0.00195312,512.0,6400000.0
1.0,2.0,8.0,1.0,1.0,1.0,543.0,32.0,-0.0030632107251067353,-0.0017650185808415486,0.125,4096.0,6400000.0
1.0,1024.0,2.0,1.0,1.0,1.0,39.0,32.0,-0.0030632107251067353,-0.0017650185808415486,0.00195312,2048.0,6400000.0
2.0,2.0,8.0,9.0,118.0,62.0,5371.0,9664.0,0.1396753552389094,0.14685277398321384,0.00390625,0.0078125,6400000.0
1.0,1024.0,2.0,1.0,1.0,1.0,39.0,32.0,-0.0030632107251067353,-0.0017650185808415486,0.00195312,1024.0,6400000.0
2.0,2.0,8.0,9.0,118.0,62.0,5371.0,9664.0,0.1396753552389094,0.14685277398321384,0.00195312,0.00195312,6400000.0
1.0,2.0,8.0,1.0,1.0,1.0,543.0,32.0,-0.0030632107251067353,-0.0017650185808415486,0.25,16384.0,6400000.0
1.0,1024.0,2.0,1.0,1.0,1.0,39.0,32.0,-0.0030632107251067353,-0.0017650185808415486,0.00195312,4096.0,6400000.0
2.0,2.0,8.0,9.0,118.0,62.0,5371.0,9664.0,0.1396753552389094,0.14685277398321384,0.03125,0.0,6400000.0
1.0,1.0,1.0,1.0,1.0,1.0,35.0,32.0,-0.0030632107251067353,-0.0017650185808415486,512.0,0.0,6400000.0
2.0,2.0,8.0,9.0,118.0,62.0,5371.0,9664.0,0.1396753552389094,0.14685277398321384,0.0625,0.00195312,6400000.0
2.0,2.0,8.0,8.0,119.0,62.0,5324.0,9664.0,0.1391431023152374,0.14833829530364284,1.0,0.0,6400000.0
1.0,1024.0,2.0,1.0,1.0,1.0,39.0,32.0,-0.0030632107251067353,-0.0017650185808415486,0.00195312,16384.0,6400000.0
2.0,2.0,8.0,9.0,118.0,62.0,5349.0,9664.0,0.13993917351664753,0.14651346924995257,0.125,0.0078125,6400000.0
1.0,1024.0,2.0,1.0,1.0,1.0,39.0,32.0,-0.0030632107251067353,-0.0017650185808415486,0.00195312,8192.0,6400000.0
1.0,1024.0,2.0,1.0,1.0,1.0,39.0,32.0,-0.0030632107251067353,-0.0017650185808415486,0.00195312,32768.0,6400000.0
2.0,2.0,8.0,7.0,63.0,36.0,3963.0,5504.0,0.1256394981106188,0.1352191812138528,0.00195312,2.0,6400000.0
1024.0,1024.0,2.0,9.0,4787.0,4037.0,161951.0,514848.0,0.5876929628050351,0.6001375001111813,0.00390625,0.0,6400000.0
2.0,2.0,8.0,9.0,117.0,62.0,5338.0,9664.0,0.13956169342733993,0.14677346154664073,0.0078125,0.03125,6400000.0
2.0,2.0,8.0,3.0,12.0,7.0,1371.0,864.0,0.09413973999029857,0.09778814733003183,0.00390625,8.0,6400000.0
1024.0,1024.0,2.0,9.0,4799.0,4037.0,162366.0,514848.0,0.5904860471203833,0.602630091791927,0.00390625,0.000976562,6400000.0
2.0,2.0,8.0,9.0,118.0,62.0,5349.0,9664.0,0.13993917351664753,0.14651346924995257,0.25,0.03125,6400000.0
1024.0,1024.0,2.0,9.0,4748.0,4031.0,160816.0,513888.0,0.5883549923741818,0.6006924381978709,0.00390625,0.00195312,6400000.0
2.0,2.0,8.0,2.0,6.0,4.0,970.0,384.0,0.07262288558772911,0.07510528703488584,0.0078125,32.0,6400000.0
2.0,2.0,8.0,9.0,116.0,62.0,5338.0,9664.0,0.13961970621910436,0.14644977292511618,0.015625,0.125,6400000.0
2.0,2.0,8.0,9.0,115.0,62.0,5332.0,9664.0,0.13982391202023692,0.14690396898120006,0.03125,0.5,6400000.0
1.0,1.0,1.0,1.0,1.0,1.0,35.0,32.0,-0.0030632107251067353,-0.0017650185808415486,256.0,1024.0,6400000.0
292.0,1024.0,2.0,9.0,1419.0,1139.0,45466.0,144864.0,0.5259538266754467,0.5406790368428847,0.00390625,0.03125,6400000.0
2.0,2.0,8.0,9.0,118.0,62.0,5318.0,9664.0,0.14031616438761074,0.1476795248996179,0.5,0.125,6400000.0
457.0,1024.0,2.0,9.0,2191.0,1786.0,71232.0,227264.0,0.5672217701748825,0.5774930807010575,0.00390625,0.015625,6400000.0
908.0,1024.0,2.0,9.0,4211.0,3572.0,142911.0,455296.0,0.5839683764707543,0.5986791381458597,0.00390625,0.0078125,6400000.0
1024.0,1024.0,2.0,9.0,4741.0,4027.0,160780.0,513248.0,0.5938064811722235,0.6013265437350228,0.00390625,0.00390625,6400000.0
1.0,2.0,8.0,1.0,1.0,1.0,543.0,32.0,-0.0030632107251067353,-0.0017650185808415486,0.00195312,2048.0,6400000.0
2.0,2.0,8.0,8.0,62.0,35.0,3940.0,5344.0,0.12464085753719512,0.13548671018061365,0.0625,2.0,6400000.0
1.0,2.0,8.0,1.0,1.0,1.0,543.0,32.0,-0.0030632107251067353,-0.0017650185808415486,0.03125,512.0,6400000.0
1.0,2.0,8.0,1.0,1.0,1.0,543.0,32.0,-0.0030632107251067353,-0.0017650185808415486,0.00390625,8192.0,6400000.0
1.0,1.0,1.0,1.0,1.0,1.0,35.0,32.0,-0.0030632107251067353,-0.0017650185808415486,256.0,16.0,6400000.0
2.0,2.0,8.0,3.0,12.0,7.0,1371.0,864.0,0.09413973999029857,0.09778814733003183,0.125,8.0,6400000.0
2.0,2.0,8.0,2.0,6.0,4.0,970.0,384.0,0.07262288558772911,0.07510528703488584,0.25,32.0,6400000.0
233.0,1024.0,2.0,9.0,1131.0,903.0,35859.0,114656.0,0.5097753395868058,0.5242922065988689,0.00390625,0.0625,6400000.0
113.0,1024.0,2.0,9.0,581.0,447.0,18011.0,57056.0,0.4913752272939408,0.5015614713458052,0.00390625,0.25,6400000.0
1.0,2.0,8.0,1.0,1.0,1.0,543.0,32.0,-0.0030632107251067353,-0.0017650185808415486,0.0078125,32768.0,6400000.0
146.0,1024.0,2.0,9.0,746.0,579.0,23373.0,73952.0,0.5055239846864175,0.5134041826471122,0.00390625,0.125,6400000.0
1.0,2.0,8.0,1.0,1.0,1.0,543.0,32.0,-0.0030632107251067353,-0.0017650185808415486,0.5,128.0,6400000.0
81.0,1024.0,2.0,9.0,422.0,321.0,13003.0,40992.0,0.46424358770316876,0.47568828095180316,0.00390625,0.5,6400000.0
2.0,2.0,8.0,8.0,114.0,62.0,5342.0,9664.0,0.13744187817956033,0.14631889263651288,1.0,0.5,6400000.0
1.0,2.0,8.0,1.0,1.0,1.0,543.0,32.0,-0.0030632107251067353,-0.0017650185808415486,0.015625,128.0,6400000.0
1.0,1024.0,2.0,1.0,1.0,1.0,39.0,32.0,-0.0030632107251067353,-0.0017650185808415486,0.00390625,128.0,6400000.0
36.0,1024.0,2.0,9.0,160.0,119.0,4865.0,14432.0,0.3910954809696322,0.4025399453147491,0.00390625,4.0,6400000.0
50.0,1024.0,2.0,9.0,251.0,188.0,7690.0,23680.0,0.4286639454025012,0.43882039042213217,0.00390625,2.0,6400000.0
1.0,2.0,8.0,1.0,1.0,1.0,543.0,32.0,-0.0030632107251067353,-0.0017650185808415486,0.0625,2048.0,6400000.0
1.0,2.0,8.0,1.0,1.0,1.0,543.0,32.0,-0.0030632107251067353,-0.0017650185808415486,1.0,512.0,6400000.0
1.0,2.0,8.0,1.0,1.0,1.0,543.0,32.0,-0.0030632107251067353,-0.0017650185808415486,0.125,8192.0,6400000.0
11.0,1024.0,2.0,3.0,35.0,25.0,1015.0,2592.0,0.23714634169335125,0.2431198474760431,0.00390625,16.0,6400000.0
8.0,1024.0,2.0,2.0,22.0,16.0,664.0,1536.0,0.184803559555608,0.19082719424152972,0.00390625,32.0,6400000.0
3.0,1024.0,2.0,2.0,9.0,6.0,287.0,576.0,0.10115259004895938,0.10346957106453547,0.00390625,64.0,6400000.0
69.0,1024.0,2.0,9.0,349.0,264.0,10744.0,33408.0,0.4440109904418591,0.4535133522491208,0.00390625,1.0,6400000.0
1.0,1024.0,2.0,1.0,1.0,1.0,39.0,32.0,-0.0030632107251067353,-0.0017650185808415486,0.00390625,256.0,6400000.0
1.0,1024.0,2.0,1.0,1.0,1.0,39.0,32.0,-0.0030632107251067353,-0.0017650185808415486,0.00390625,512.0,6400000.0
14.0,1024.0,2.0,3.0,58.0,41.0,1695.0,4768.0,0.2755258013558761,0.2825067573238387,0.00390625,8.0,6400000.0
1.0,1024.0,2.0,1.0,1.0,1.0,39.0,32.0,-0.0030632107251067353,-0.0017650185808415486,0.00390625,1024.0,6400000.0
2.0,2.0,8.0,9.0,117.0,62.0,5338.0,9664.0,0.13956169342733993,0.14677346154664073,0.00390625,0.015625,6400000.0
1.0,1024.0,2.0,1.0,1.0,1.0,39.0,32.0,-0.0030632107251067353,-0.0017650185808415486,0.00390625,2048.0,6400000.0
1.0,2.0,8.0,1.0,1.0,1.0,543.0,32.0,-0.0030632107251067353,-0.0017650185808415486,0.25,32768.0,6400000.0
1.0,1024.0,2.0,1.0,1.0,1.0,39.0,32.0,-0.0030632107251067353,-0.0017650185808415486,0.00390625,4096.0,6400000.0
2.0,2.0,8.0,9.0,118.0,62.0,5371.0,9664.0,0.1396753552389094,0.14685277398321384,0.03125,0.000976562,6400000.0
1.0,1024.0,2.0,1.0,1.0,1.0,39.0,32.0,-0.0030632107251067353,-0.0017650185808415486,0.00390625,8192.0,6400000.0
2.0,2.0,8.0,9.0,118.0,62.0,5371.0,9664.0,0.1396753552389094,0.14685277398321384,0.0625,0.00390625,6400000.0
1.0,1024.0,2.0,1.0,1.0,1.0,39.0,32.0,-0.0030632107251067353,-0.0017650185808415486,0.00390625,16384.0,6400000.0
2.0,2.0,8.0,8.0,119.0,62.0,5324.0,9664.0,0.1391431023152374,0.14833829530364284,1.0,0.000976562,6400000.0
1.0,1.0,1.0,1.0,1.0,1.0,35.0,32.0,-0.0030632107251067353,-0.0017650185808415486,512.0,0.000976562,6400000.0
2.0,2.0,8.0,9.0,118.0,62.0,5349.0,9664.0,0.13993917351664753,0.14651346924995257,0.125,0.015625,6400000.0
1.0,1024.0,2.0,1.0,1.0,1.0,39.0,32.0,-0.0030632107251067353,-0.0017650185808415486,0.00390625,32768.0,6400000.0
2.0,2.0,8.0,7.0,118.0,62.0,5401.0,9664.0,0.14046001081632709,0.14522738528735535,2.0,0.00390625,6400000.0
2.0,2.0,8.0,9.0,117.0,62.0,5338.0,9664.0,0.13956169342733993,0.14677346154664073,0.0078125,0.0625,6400000.0
1024.0,1024.0,2.0,9.0,4787.0,4037.0,161951.0,514848.0,0.5876929628050351,0.6001375001111813,0.0078125,0.0,6400000.0
2.0,2.0,8.0,3.0,10.0,6.0,1303.0,704.0,0.09231549576014253,0.09427300599869859,0.00390625,16.0,6400000.0
1024.0,1024.0,2.0,9.0,4748.0,4031.0,160816.0,513888.0,0.5883549923741818,0.6006924381978709,0.0078125,0.00195312,6400000.0
1024.0,1024.0,2.0,9.0,4799.0,4037.0,162366.0,514848.0,0.5904860471203833,0.602630091791927,0.0078125,0.000976562,6400000.0
2.0,2.0,8.0,9.0,118.0,62.0,5349.0,9664.0,0.13993917351664753,0.14651346924995257,0.25,0.0625,6400000.0
1.0,1.0,1.0,1.0,1.0,1.0,35.0,32.0,-0.0030632107251067353,-0.0017650185808415486,256.0,2048.0,6400000.0
2.0,2.0,8.0,2.0,6.0,4.0,970.0,384.0,0.07262288558772911,0.07510528703488584,0.0078125,64.0,6400000.0
2.0,2.0,8.0,9.0,108.0,61.0,5215.0,9504.0,0.13711901178310137,0.14422483046495815,0.03125,1.0,6400000.0
2.0,2.0,8.0,9.0,116.0,62.0,5338.0,9664.0,0.13961970621910436,0.14644977292511618,0.015625,0.25,6400000.0
2.0,2.0,8.0,9.0,118.0,62.0,5318.0,9664.0,0.14031616438761074,0.1476795248996179,0.5,0.25,6400000.0
908.0,1024.0,2.0,9.0,4211.0,3572.0,142911.0,455296.0,0.5839683764707543,0.5986791381458597,0.0078125,0.0078125,6400000.0
1024.0,1024.0,2.0,9.0,4741.0,4027.0,160780.0,513248.0,0.5938064811722235,0.6013265437350228,0.0078125,0.00390625,6400000.0
233.0,1024.0,2.0,9.0,1131.0,903.0,35859.0,114656.0,0.5097753395868058,0.5242922065988689,0.0078125,0.0625,6400000.0
2.0,2.0,8.0,4.0,21.0,12.0,2105.0,1664.0,0.1039403757181403,0.10873228349871567,0.0625,4.0,6400000.0
146.0,1024.0,2.0,9.0,746.0,579.0,23373.0,73952.0,0.5055239846864175,0.5134041826471122,0.0078125,0.125,6400000.0
457.0,1024.0,2.0,9.0,2191.0,1786.0,71232.0,227264.0,0.5672217701748825,0.5774930807010575,0.0078125,0.015625,6400000.0
292.0,1024.0,2.0,9.0,1419.0,1139.0,45466.0,144864.0,0.5259538266754467,0.5406790368428847,0.0078125,0.03125,6400000.0
1.0,2.0,8.0,1.0,1.0,1.0,543.0,32.0,-0.0030632107251067353,-0.0017650185808415486,0.03125,1024.0,6400000.0
113.0,1024.0,2.0,9.0,581.0,447.0,18011.0,57056.0,0.4913752272939408,0.5015614713458052,0.0078125,0.25,6400000.0
2.0,2.0,8.0,3.0,10.0,6.0,1303.0,704.0,0.09231549576014253,0.09427300599869859,0.125,16.0,6400000.0
1.0,2.0,8.0,1.0,1.0,1.0,543.0,32.0,-0.0030632107251067353,-0.0017650185808415486,0.00390625,16384.0,6400000.0
2.0,2.0,8.0,2.0,6.0,4.0,970.0,384.0,0.07262288558772911,0.07510528703488584,0.25,64.0,6400000.0
1.0,1.0,1.0,1.0,1.0,1.0,35.0,32.0,-0.0030632107251067353,-0.0017650185808415486,256.0,32.0,6400000.0
2.0,2.0,8.0,3.0,19.0,11.0,1806.0,1504.0,0.10219264113208737,0.10771325588564218,2.0,4.0,6400000.0
1.0,2.0,8.0,1.0,1.0,1.0,543.0,32.0,-0.0030632107251067353,-0.0017650185808415486,0.015625,256.0,6400000.0
1.0,2.0,8.0,1.0,1.0,1.0,543.0,32.0,-0.0030632107251067353,-0.0017650185808415486,0.5,256.0,6400000.0
2.0,2.0,8.0,9.0,118.0,62.0,5371.0,9664.0,0.1396753552389094,0.14685277398321384,0.015625,0.0,6400000.0
81.0,1024.0,2.0,9.0,422.0,321.0,13003.0,40992.0,0.46424358770316876,0.47568828095180316,0.0078125,0.5,6400000.0
1.0,2.0,8.0,1.0,1.0,1.0,543.0,32.0,-0.0030632107251067353,-0.0017650185808415486,1.0,1024.0,6400000.0
2.0,2.0,8.0,8.0,112.0,62.0,5307.0,9664.0,0.13777039202774766,0.1454539079421312,1.0,1.0,6400000.0
69.0,1024.0,2.0,9.0,349.0,264.0,10744.0,33408.0,0.4440109904418591,0.4535133522491208,0.0078125,1.0,6400000.0
50.0,1024.0,2.0,9.0,251.0,188.0,7690.0,23680.0,0.4286639454025012,0.43882039042213217,0.0078125,2.0,6400000.0
1.0,2.0,8.0,1.0,1.0,1.0,543.0,32.0,-0.0030632107251067353,-0.0017650185808415486,0.0625,4096.0,6400000.0
36.0,1024.0,2.0,9.0,160.0,119.0,4865.0,14432.0,0.3910954809696322,0.4025399453147491,0.0078125,4.0,6400000.0
1.0,2.0,8.0,1.0,1.0,1.0,543.0,32.0,-0.0030632107251067353,-0.0017650185808415486,0.125,16384.0,6400000.0
8.0,1024.0,2.0,2.0,22.0,16.0,664.0,1536.0,0.184803559555608,0.19082719424152972,0.0078125,32.0,6400000.0
11.0,1024.0,2.0,3.0,35.0,25.0,1015.0,2592.0,0.23714634169335125,0.2431198474760431,0.0078125,16.0,6400000.0
14.0,1024.0,2.0,3.0,58.0,41.0,1695.0,4768.0,0.2755258013558761,0.2825067573238387,0.0078125,8.0,6400000.0
3.0,1024.0,2.0,2.0,9.0,6.0,287.0,576.0,0.10115259004895938,0.10346957106453547,0.0078125,64.0,6400000.0
1.0,1024.0,2.0,1.0,1.0,1.0,39.0,32.0,-0.0030632107251067353,-0.0017650185808415486,0.0078125,128.0,6400000.0
2.0,2.0,8.0,9.0,119.0,62.0,5353.0,9664.0,0.14013239704437674,0.14772622153464698,0.5,0.0,6400000.0
1.0,2.0,8.0,1.0,1.0,1.0,543.0,32.0,-0.0030632107251067353,-0.0017650185808415486,2.0,4096.0,6400000.0
1.0,1024.0,2.0,1.0,1.0,1.0,39.0,32.0,-0.0030632107251067353,-0.0017650185808415486,0.0078125,256.0,6400000.0
1.0,1024.0,2.0,1.0,1.0,1.0,39.0,32.0,-0.0030632107251067353,-0.0017650185808415486,0.0078125,512.0,6400000.0
1.0,1024.0,2.0,1.0,1.0,1.0,39.0,32.0,-0.0030632107251067353,-0.0017650185808415486,0.0078125,2048.0,6400000.0
1.0,1024.0,2.0,1.0,1.0,1.0,39.0,32.0,-0.0030632107251067353,-0.0017650185808415486,0.0078125,4096.0,6400000.0
1.0,1024.0,2.0,1.0,1.0,1.0,39.0,32.0,-0.0030632107251067353,-0.0017650185808415486,0.0078125,1024.0,6400000.0
1.0,1024.0,2.0,1.0,1.0,1.0,39.0,32.0,-0.0030632107251067353,-0.0017650185808415486,0.0078125,8192.0,6400000.0
2.0,2.0,8.0,9.0,118.0,62.0,5371.0,9664.0,0.1396753552389094,0.14685277398321384,0.03125,0.00195312,6400000.0
1.0,1024.0,2.0,1.0,1.0,1.0,39.0,32.0,-0.0030632107251067353,-0.0017650185808415486,0.0078125,16384.0,6400000.0
1.0,1024.0,2.0,1.0,1.0,1.0,39.0,32.0,-0.0030632107251067353,-0.0017650185808415486,0.0078125,32768.0,6400000.0
1.0,1.0,1.0,1.0,1.0,1.0,35.0,32.0,-0.0030632107251067353,-0.0017650185808415486,512.0,0.00195312,6400000.0
2.0,2.0,8.0,9.0,118.0,62.0,5371.0,9664.0,0.1396753552389094,0.14685277398321384,0.0625,0.0078125,6400000.0
2.0,2.0,8.0,9.0,118.0,62.0,5349.0,9664.0,0.13993917351664753,0.14651346924995257,0.125,0.03125,6400000.0
2.0,2.0,8.0,8.0,119.0,62.0,5324.0,9664.0,0.1391431023152374,0.14833829530364284,1.0,0.00195312,6400000.0
2.0,2.0,8.0,7.0,118.0,62.0,5401.0,9664.0,0.14046001081632709,0.14522738528735535,2.0,0.0078125,6400000.0
2.0,2.0,8.0,9.0,116.0,62.0,5338.0,9664.0,0.13961970621910436,0.14644977292511618,0.0078125,0.125,6400000.0
1024.0,1024.0,2.0,9.0,4787.0,4037.0,161951.0,514848.0,0.5876929628050351,0.6001375001111813,0.015625,0.0,6400000.0
2.0,2.0,8.0,9.0,116.0,62.0,5312.0,9664.0,0.14006238753871558,0.14625922228023192,0.25,0.125,6400000.0
2.0,2.0,8.0,3.0,105.0,62.0,4669.0,9664.0,0.11814192731515338,0.1203888340788547,4.0,0.03125,6400000.0
1024.0,1024.0,2.0,9.0,4799.0,4037.0,162366.0,514848.0,0.5904860471203833,0.602630091791927,0.015625,0.000976562,6400000.0
1.0,2.0,8.0,1.0,1.0,1.0,543.0,32.0,-0.0030632107251067353,-0.0017650185808415486,0.0078125,128.0,6400000.0
1.0,1.0,1.0,1.0,1.0,1.0,35.0,32.0,-0.0030632107251067353,-0.0017650185808415486,256.0,4096.0,6400000.0
2.0,2.0,8.0,8.0,62.0,35.0,3940.0,5344.0,0.12464085753719512,0.13548671018061365,0.03125,2.0,6400000.0
2.0,2.0,8.0,9.0,115.0,62.0,5347.0,9664.0,0.13849991982593024,0.1473369375769138,0.5,0.5,6400000.0
2.0,2.0,8.0,9.0,115.0,62.0,5332.0,9664.0,0.13982391202023692,0.14690396898120006,0.015625,0.5,6400000.0
1024.0,1024.0,2.0,9.0,4748.0,4031.0,160816.0,513888.0,0.5883549923741818,0.6006924381978709,0.015625,0.00195312,6400000.0
1024.0,1024.0,2.0,9.0,4741.0,4027.0,160780.0,513248.0,0.5938064811722235,0.6013265437350228,0.015625,0.00390625,6400000.0
908.0,1024.0,2.0,9.0,4211.0,3572.0,142911.0,455296.0,0.5839683764707543,0.5986791381458597,0.015625,0.0078125,6400000.0
1.0,2.0,8.0,1.0,1.0,1.0,543.0,32.0,-0.0030632107251067353,-0.0017650185808415486,0.03125,2048.0,6400000.0
457.0,1024.0,2.0,9.0,2191.0,1786.0,71232.0,227264.0,0.5672217701748825,0.5774930807010575,0.015625,0.015625,6400000.0
2.0,2.0,8.0,2.0,6.0,4.0,970.0,384.0,0.07262288558772911,0.07510528703488584,0.125,32.0,6400000.0
2.0,2.0,8.0,3.0,12.0,7.0,1371.0,864.0,0.09413973999029857,0.09778814733003183,0.0625,8.0,6400000.0
81.0,1024.0,2.0,9.0,422.0,321.0,13003.0,40992.0,0.46424358770316876,0.47568828095180316,0.015625,0.5,6400000.0
146.0,1024.0,2.0,9.0,746.0,579.0,23373.0,73952.0,0.5055239846864175,0.5134041826471122,0.015625,0.125,6400000.0
292.0,1024.0,2.0,9.0,1419.0,1139.0,45466.0,144864.0,0.5259538266754467,0.5406790368428847,0.015625,0.03125,6400000.0
233.0,1024.0,2.0,9.0,1131.0,903.0,35859.0,114656.0,0.5097753395868058,0.5242922065988689,0.015625,0.0625,6400000.0
113.0,1024.0,2.0,9.0,581.0,447.0,18011.0,57056.0,0.4913752272939408,0.5015614713458052,0.015625,0.25,6400000.0
1.0,2.0,8.0,1.0,1.0,1.0,543.0,32.0,-0.0030632107251067353,-0.0017650185808415486,0.25,128.0,6400000.0
50.0,1024.0,2.0,9.0,251.0,188.0,7690.0,23680.0,0.4286639454025012,0.43882039042213217,0.015625,2.0,6400000.0
69.0,1024.0,2.0,9.0,349.0,264.0,10744.0,33408.0,0.4440109904418591,0.4535133522491208,0.015625,1.0,6400000.0
2.0,2.0,8.0,2.0,6.0,4.0,970.0,384.0,0.07262288558772911,0.07510528703488584,4.0,32.0,6400000.0
2.0,2.0,8.0,3.0,12.0,7.0,1371.0,864.0,0.09413973999029857,0.09778814733003183,2.0,8.0,6400000.0
1.0,2.0,8.0,1.0,1.0,1.0,543.0,32.0,-0.0030632107251067353,-0.0017650185808415486,0.015625,512.0,6400000.0
1.0,2.0,8.0,1.0,1.0,1.0,543.0,32.0,-0.0030632107251067353,-0.0017650185808415486,0.0625,8192.0,6400000.0
1.0,2.0,8.0,1.0,1.0,1.0,543.0,32.0,-0.0030632107251067353,-0.0017650185808415486,0.5,512.0,6400000.0
1.0,2.0,8.0,1.0,1.0,1.0,543.0,32.0,-0.0030632107251067353,-0.0017650185808415486,1.0,2048.0,6400000.0
2.0,2.0,8.0,4.0,31.0,18.0,2573.0,2624.0,0.10946811421192171,0.11595705988581717,1.0,2.0,6400000.0
2.0,2.0,8.0,9.0,118.0,62.0,5371.0,9664.0,0.1396753552389094,0.14685277398321384,0.015625,0.000976562,6400000.0
1.0,2.0,8.0,1.0,1.0,1.0,543.0,32.0,-0.0030632107251067353,-0.0017650185808415486,0.125,32768.0,6400000.0
14.0,1024.0,2.0,3.0,58.0,41.0,1695.0,4768.0,0.2755258013558761,0.2825067573238387,0.015625,8.0,6400000.0
36.0,1024.0,2.0,9.0,160.0,119.0,4865.0,14432.0,0.3910954809696322,0.4025399453147491,0.015625,4.0,6400000.0
2.0,2.0,8.0,9.0,119.0,62.0,5353.0,9664.0,0.14013239704437674,0.14772622153464698,0.5,0.000976562,6400000.0
3.0,1024.0,2.0,2.0,9.0,6.0,287.0,576.0,0.10115259004895938,0.10346957106453547,0.015625,64.0,6400000.0
1.0,2.0,8.0,1.0,1.0,1.0,543.0,32.0,-0.0030632107251067353,-0.0017650185808415486,2.0,8192.0,6400000.0
1.0,1024.0,2.0,1.0,1.0,1.0,39.0,32.0,-0.0030632107251067353,-0.0017650185808415486,0.015625,256.0,6400000.0
1.0,1024.0,2.0,1.0,1.0,1.0,39.0,32.0,-0.0030632107251067353,-0.0017650185808415486,0.015625,2048.0,6400000.0
8.0,1024.0,2.0,2.0,22.0,16.0,664.0,1536.0,0.184803559555608,0.19082719424152972,0.015625,32.0,6400000.0
1.0,1024.0,2.0,1.0,1.0,1.0,39.0,32.0,-0.0030632107251067353,-0.0017650185808415486,0.015625,1024.0,6400000.0
1.0,1024.0,2.0,1.0,1.0,1.0,39.0,32.0,-0.0030632107251067353,-0.0017650185808415486,0.015625,128.0,6400000.0
11.0,1024.0,2.0,3.0,35.0,25.0,1015.0,2592.0,0.23714634169335125,0.2431198474760431,0.015625,16.0,6400000.0
1.0,1024.0,2.0,1.0,1.0,1.0,39.0,32.0,-0.0030632107251067353,-0.0017650185808415486,0.015625,4096.0,6400000.0
1.0,1024.0,2.0,1.0,1.0,1.0,39.0,32.0,-0.0030632107251067353,-0.0017650185808415486,0.015625,32768.0,6400000.0
1.0,1024.0,2.0,1.0,1.0,1.0,39.0,32.0,-0.0030632107251067353,-0.0017650185808415486,0.015625,8192.0,6400000.0
2.0,2.0,8.0,9.0,118.0,62.0,5371.0,9664.0,0.1396753552389094,0.14685277398321384,0.03125,0.00390625,6400000.0
1.0,1024.0,2.0,1.0,1.0,1.0,39.0,32.0,-0.0030632107251067353,-0.0017650185808415486,0.015625,512.0,6400000.0
1.0,2.0,8.0,1.0,1.0,1.0,543.0,32.0,-0.0030632107251067353,-0.0017650185808415486,4.0,32768.0,6400000.0
1.0,1024.0,2.0,1.0,1.0,1.0,39.0,32.0,-0.0030632107251067353,-0.0017650185808415486,0.015625,16384.0,6400000.0
2.0,2.0,8.0,8.0,119.0,62.0,5324.0,9664.0,0.1391431023152374,0.14833829530364284,1.0,0.00390625,6400000.0
2.0,2.0,8.0,9.0,118.0,62.0,5349.0,9664.0,0.13993917351664753,0.14651346924995257,0.125,0.0625,6400000.0
2.0,2.0,8.0,9.0,117.0,62.0,5338.0,9664.0,0.13956169342733993,0.14677346154664073,0.0625,0.015625,6400000.0
1024.0,1024.0,2.0,9.0,4787.0,4037.0,161951.0,514848.0,0.5876929628050351,0.6001375001111813,0.03125,0.0,6400000.0
1.0,1.0,1.0,1.0,1.0,1.0,35.0,32.0,-0.0030632107251067353,-0.0017650185808415486,512.0,0.00390625,6400000.0
2.0,2.0,8.0,7.0,118.0,62.0,5401.0,9664.0,0.14046001081632709,0.14522738528735535,2.0,0.015625,6400000.0
2.0,2.0,8.0,9.0,116.0,62.0,5312.0,9664.0,0.14006238753871558,0.14625922228023192,0.25,0.25,6400000.0
1024.0,1024.0,2.0,9.0,4799.0,4037.0,162366.0,514848.0,0.5904860471203833,0.602630091791927,0.03125,0.000976562,6400000.0
2.0,2.0,8.0,3.0,103.0,62.0,4605.0,9664.0,0.11902690702786434,0.12058735448663616,4.0,0.0625,6400000.0
1.0,1.0,1.0,1.0,1.0,1.0,35.0,32.0,-0.0030632107251067353,-0.0017650185808415486,256.0,8192.0,6400000.0
2.0,2.0,8.0,9.0,110.0,62.0,5286.0,9664.0,0.13765718609295474,0.1445307488315285,0.015625,1.0,6400000.0
2.0,2.0,8.0,4.0,21.0,12.0,2105.0,1664.0,0.1039403757181403,0.10873228349871567,0.03125,4.0,6400000.0
1024.0,1024.0,2.0,9.0,4748.0,4031.0,160816.0,513888.0,0.5883549923741818,0.6006924381978709,0.03125,0.00195312,6400000.0
1024.0,1024.0,2.0,9.0,4741.0,4027.0,160780.0,513248.0,0.5938064811722235,0.6013265437350228,0.03125,0.00390625,6400000.0
2.0,2.0,8.0,8.0,113.0,62.0,5304.0,9664.0,0.1383303107869306,0.14761853818179882,0.5,1.0,6400000.0
2.0,2.0,8.0,3.0,92.0,59.0,4369.0,9184.0,0.11870910669725843,0.12022553863085961,8.0,0.25,6400000.0
908.0,1024.0,2.0,9.0,4211.0,3572.0,142911.0,455296.0,0.5839683764707543,0.5986791381458597,0.03125,0.0078125,6400000.0
457.0,1024.0,2.0,9.0,2191.0,1786.0,71232.0,227264.0,0.5672217701748825,0.5774930807010575,0.03125,0.015625,6400000.0
292.0,1024.0,2.0,9.0,1419.0,1139.0,45466.0,144864.0,0.5259538266754467,0.5406790368428847,0.03125,0.03125,6400000.0
1.0,2.0,8.0,1.0,1.0,1.0,543.0,32.0,-0.0030632107251067353,-0.0017650185808415486,0.03125,4096.0,6400000.0
2.0,2.0,8.0,2.0,6.0,4.0,970.0,384.0,0.07262288558772911,0.07510528703488584,0.125,64.0,6400000.0
233.0,1024.0,2.0,9.0,1131.0,903.0,35859.0,114656.0,0.5097753395868058,0.5242922065988689,0.03125,0.0625,6400000.0
146.0,1024.0,2.0,9.0,746.0,579.0,23373.0,73952.0,0.5055239846864175,0.5134041826471122,0.03125,0.125,6400000.0
2.0,2.0,8.0,3.0,10.0,6.0,1303.0,704.0,0.09231549576014253,0.09427300599869859,0.0625,16.0,6400000.0
1.0,2.0,8.0,1.0,1.0,1.0,543.0,32.0,-0.0030632107251067353,-0.0017650185808415486,0.25,256.0,6400000.0
2.0,2.0,8.0,2.0,6.0,4.0,970.0,384.0,0.07262288558772911,0.07510528703488584,4.0,64.0,6400000.0
69.0,1024.0,2.0,9.0,349.0,264.0,10744.0,33408.0,0.4440109904418591,0.4535133522491208,0.03125,1.0,6400000.0
50.0,1024.0,2.0,9.0,251.0,188.0,7690.0,23680.0,0.4286639454025012,0.43882039042213217,0.03125,2.0,6400000.0
36.0,1024.0,2.0,9.0,160.0,119.0,4865.0,14432.0,0.3910954809696322,0.4025399453147491,0.03125,4.0,6400000.0
81.0,1024.0,2.0,9.0,422.0,321.0,13003.0,40992.0,0.46424358770316876,0.47568828095180316,0.03125,0.5,6400000.0
14.0,1024.0,2.0,3.0,58.0,41.0,1695.0,4768.0,0.2755258013558761,0.2825067573238387,0.03125,8.0,6400000.0
107.0,1024.0,2.0,9.0,551.0,424.0,17274.0,54144.0,0.4844137870244588,0.4916210328106112,0.03125,0.25,6400000.0
11.0,1024.0,2.0,3.0,35.0,25.0,1015.0,2592.0,0.23714634169335125,0.2431198474760431,0.03125,16.0,6400000.0
2.0,2.0,8.0,3.0,10.0,6.0,1303.0,704.0,0.09231549576014253,0.09427300599869859,2.0,16.0,6400000.0
1.0,2.0,8.0,1.0,1.0,1.0,543.0,32.0,-0.0030632107251067353,-0.0017650185808415486,0.5,1024.0,6400000.0
1.0,2.0,8.0,1.0,1.0,1.0,543.0,32.0,-0.0030632107251067353,-0.0017650185808415486,0.015625,1024.0,6400000.0
1.0,2.0,8.0,1.0,1.0,1.0,543.0,32.0,-0.0030632107251067353,-0.0017650185808415486,1.0,4096.0,6400000.0
2.0,2.0,8.0,3.0,19.0,11.0,1806.0,1504.0,0.10219264113208737,0.10771325588564218,1.0,4.0,6400000.0
2.0,2.0,8.0,9.0,119.0,62.0,5353.0,9664.0,0.14013239704437674,0.14772622153464698,0.5,0.00195312,6400000.0
1.0,2.0,8.0,1.0,1.0,1.0,543.0,32.0,-0.0030632107251067353,-0.0017650185808415486,0.0625,16384.0,6400000.0
1.0,1.0,1.0,1.0,1.0,1.0,35.0,32.0,-0.0030632107251067353,-0.0017650185808415486,512.0,0.5,6400000.0
2.0,2.0,8.0,9.0,118.0,62.0,5349.0,9664.0,0.13993917351664753,0.14651346924995257,0.25,0.0,6400000.0
1.0,2.0,8.0,1.0,1.0,1.0,543.0,32.0,-0.0030632107251067353,-0.0017650185808415486,8.0,256.0,6400000.0
8.0,1024.0,2.0,2.0,22.0,16.0,664.0,1536.0,0.184803559555608,0.19082719424152972,0.03125,32.0,6400000.0
3.0,1024.0,2.0,2.0,9.0,6.0,287.0,576.0,0.10115259004895938,0.10346957106453547,0.03125,64.0,6400000.0
1.0,2.0,8.0,1.0,1.0,1.0,543.0,32.0,-0.0030632107251067353,-0.0017650185808415486,2.0,16384.0,6400000.0
1.0,1024.0,2.0,1.0,1.0,1.0,39.0,32.0,-0.0030632107251067353,-0.0017650185808415486,0.03125,128.0,6400000.0
1.0,1024.0,2.0,1.0,1.0,1.0,39.0,32.0,-0.0030632107251067353,-0.0017650185808415486,0.03125,4096.0,6400000.0
1.0,1024.0,2.0,1.0,1.0,1.0,39.0,32.0,-0.0030632107251067353,-0.0017650185808415486,0.03125,2048.0,6400000.0
1.0,1024.0,2.0,1.0,1.0,1.0,39.0,32.0,-0.0030632107251067353,-0.0017650185808415486,0.03125,256.0,6400000.0
2.0,2.0,8.0,9.0,118.0,62.0,5371.0,9664.0,0.1396753552389094,0.14685277398321384,0.03125,0.0078125,6400000.0
1.0,1024.0,2.0,1.0,1.0,1.0,39.0,32.0,-0.0030632107251067353,-0.0017650185808415486,0.03125,1024.0,6400000.0
2.0,2.0,8.0,3.0,108.0,62.0,4765.0,9664.0,0.11856860910198919,0.12038615523891016,8.0,0.0,6400000.0
2.0,2.0,8.0,2.0,100.0,62.0,4713.0,9664.0,0.08922534554279815,0.09191677367761864,16.0,0.00195312,6400000.0
1.0,1024.0,2.0,1.0,1.0,1.0,39.0,32.0,-0.0030632107251067353,-0.0017650185808415486,0.03125,16384.0,6400000.0
1.0,1024.0,2.0,1.0,1.0,1.0,39.0,32.0,-0.0030632107251067353,-0.0017650185808415486,0.03125,512.0,6400000.0
1.0,1024.0,2.0,1.0,1.0,1.0,39.0,32.0,-0.0030632107251067353,-0.0017650185808415486,0.03125,8192.0,6400000.0
2.0,2.0,8.0,8.0,118.0,62.0,5323.0,9664.0,0.1397826028739938,0.14724205312256533,1.0,0.0078125,6400000.0
1.0,1024.0,2.0,1.0,1.0,1.0,39.0,32.0,-0.0030632107251067353,-0.0017650185808415486,0.03125,32768.0,6400000.0
2.0,2.0,8.0,9.0,116.0,62.0,5312.0,9664.0,0.14006238753871558,0.14625922228023192,0.125,0.125,6400000.0
1.0,1.0,1.0,1.0,1.0,1.0,35.0,32.0,-0.0030632107251067353,-0.0017650185808415486,512.0,0.0078125,6400000.0
2.0,2.0,8.0,9.0,117.0,62.0,5338.0,9664.0,0.13956169342733993,0.14677346154664073,0.0625,0.03125,6400000.0
2.0,2.0,8.0,7.0,118.0,62.0,5401.0,9664.0,0.14046001081632709,0.14522738528735535,2.0,0.03125,6400000.0
1024.0,1024.0,2.0,9.0,4787.0,4037.0,161951.0,514848.0,0.5876929628050351,0.6001375001111813,0.0625,0.0,6400000.0
2.0,2.0,8.0,3.0,100.0,62.0,4602.0,9664.0,0.11832630991271043,0.12043645493735433,4.0,0.125,6400000.0
1024.0,1024.0,2.0,9.0,4799.0,4037.0,162366.0,514848.0,0.5904860471203833,0.602630091791927,0.0625,0.000976562,6400000.0
2.0,2.0,8.0,9.0,115.0,62.0,5306.0,9664.0,0.14026659333984826,0.1467134183363159,0.25,0.5,6400000.0
2.0,2.0,8.0,3.0,12.0,7.0,1371.0,864.0,0.09413973999029857,0.09778814733003183,0.03125,8.0,6400000.0
1.0,1.0,1.0,1.0,1.0,1.0,35.0,32.0,-0.0030632107251067353,-0.0017650185808415486,256.0,16384.0,6400000.0
2.0,2.0,8.0,3.0,54.0,35.0,3270.0,5344.0,0.11562678990246156,0.11902102041719986,8.0,0.5,6400000.0
1024.0,1024.0,2.0,9.0,4748.0,4031.0,160816.0,513888.0,0.5883549923741818,0.6006924381978709,0.0625,0.00195312,6400000.0
2.0,2.0,8.0,6.0,51.0,28.0,3395.0,4224.0,0.12036091892534906,0.12818868855798893,0.5,2.0,6400000.0
908.0,1024.0,2.0,9.0,4211.0,3572.0,142911.0,455296.0,0.5839683764707543,0.5986791381458597,0.0625,0.0078125,6400000.0
457.0,1024.0,2.0,9.0,2191.0,1786.0,71232.0,227264.0,0.5672217701748825,0.5774930807010575,0.0625,0.015625,6400000.0
1024.0,1024.0,2.0,9.0,4741.0,4027.0,160780.0,513248.0,0.5938064811722235,0.6013265437350228,0.0625,0.00390625,6400000.0
292.0,1024.0,2.0,9.0,1419.0,1139.0,45466.0,144864.0,0.5259538266754467,0.5406790368428847,0.0625,0.03125,6400000.0
233.0,1024.0,2.0,9.0,1131.0,903.0,35859.0,114656.0,0.5097753395868058,0.5242922065988689,0.0625,0.0625,6400000.0
1.0,2.0,8.0,1.0,1.0,1.0,543.0,32.0,-0.0030632107251067353,-0.0017650185808415486,0.03125,8192.0,6400000.0
2.0,2.0,8.0,2.0,6.0,4.0,970.0,384.0,0.07262288558772911,0.07510528703488584,0.0625,32.0,6400000.0
146.0,1024.0,2.0,9.0,746.0,579.0,23373.0,73952.0,0.5055239846864175,0.5134041826471122,0.0625,0.125,6400000.0
1.0,2.0,8.0,1.0,1.0,1.0,543.0,32.0,-0.0030632107251067353,-0.0017650185808415486,0.125,128.0,6400000.0
2.0,2.0,8.0,2.0,14.0,8.0,1437.0,1024.0,0.08676859816809712,0.09005205639915703,16.0,2.0,6400000.0
107.0,1024.0,2.0,9.0,551.0,424.0,17274.0,54144.0,0.4844137870244588,0.4916210328106112,0.0625,0.25,6400000.0
81.0,1024.0,2.0,9.0,422.0,321.0,13003.0,40992.0,0.46424358770316876,0.47568828095180316,0.0625,0.5,6400000.0
36.0,1024.0,2.0,9.0,160.0,119.0,4865.0,14432.0,0.3910954809696322,0.4025399453147491,0.0625,4.0,6400000.0
1.0,2.0,8.0,1.0,1.0,1.0,543.0,32.0,-0.0030632107251067353,-0.0017650185808415486,4.0,128.0,6400000.0
1.0,2.0,8.0,1.0,1.0,1.0,543.0,32.0,-0.0030632107251067353,-0.0017650185808415486,0.25,512.0,6400000.0
2.0,2.0,8.0,2.0,6.0,4.0,970.0,384.0,0.07262288558772911,0.07510528703488584,2.0,32.0,6400000.0
50.0,1024.0,2.0,9.0,251.0,188.0,7690.0,23680.0,0.4286639454025012,0.43882039042213217,0.0625,2.0,6400000.0
69.0,1024.0,2.0,9.0,349.0,264.0,10744.0,33408.0,0.4440109904418591,0.4535133522491208,0.0625,1.0,6400000.0
2.0,2.0,8.0,3.0,12.0,7.0,1371.0,864.0,0.09413973999029857,0.09778814733003183,1.0,8.0,6400000.0
1.0,1.0,1.0,1.0,1.0,1.0,35.0,32.0,-0.0030632107251067353,-0.0017650185808415486,512.0,1.0,6400000.0
1.0,2.0,8.0,1.0,1.0,1.0,543.0,32.0,-0.0030632107251067353,-0.0017650185808415486,0.0625,32768.0,6400000.0
1.0,2.0,8.0,1.0,1.0,1.0,543.0,32.0,-0.0030632107251067353,-0.0017650185808415486,1.0,8192.0,6400000.0
1.0,2.0,8.0,1.0,1.0,1.0,543.0,32.0,-0.0030632107251067353,-0.0017650185808415486,0.5,2048.0,6400000.0
14.0,1024.0,2.0,3.0,58.0,41.0,1695.0,4768.0,0.2755258013558761,0.2825067573238387,0.0625,8.0,6400000.0
3.0,1024.0,2.0,2.0,9.0,6.0,287.0,576.0,0.10115259004895938,0.10346957106453547,0.0625,64.0,6400000.0
11.0,1024.0,2.0,3.0,35.0,25.0,1015.0,2592.0,0.23714634169335125,0.2431198474760431,0.0625,16.0,6400000.0
2.0,2.0,8.0,9.0,118.0,62.0,5349.0,9664.0,0.13993917351664753,0.14651346924995257,0.25,0.000976562,6400000.0
2.0,2.0,8.0,9.0,119.0,62.0,5353.0,9664.0,0.14013239704437674,0.14772622153464698,0.5,0.00390625,6400000.0
8.0,1024.0,2.0,2.0,22.0,16.0,664.0,1536.0,0.184803559555608,0.19082719424152972,0.0625,32.0,6400000.0
1.0,2.0,8.0,1.0,1.0,1.0,543.0,32.0,-0.0030632107251067353,-0.0017650185808415486,8.0,512.0,6400000.0
1.0,1024.0,2.0,1.0,1.0,1.0,39.0,32.0,-0.0030632107251067353,-0.0017650185808415486,0.0625,128.0,6400000.0
1.0,2.0,8.0,1.0,1.0,1.0,543.0,32.0,-0.0030632107251067353,-0.0017650185808415486,2.0,32768.0,6400000.0
2.0,2.0,8.0,3.0,108.0,62.0,4765.0,9664.0,0.11856860910198919,0.12038615523891016,8.0,0.000976562,6400000.0
1.0,2.0,8.0,1.0,1.0,1.0,543.0,32.0,-0.0030632107251067353,-0.0017650185808415486,16.0,2048.0,6400000.0
1.0,1024.0,2.0,1.0,1.0,1.0,39.0,32.0,-0.0030632107251067353,-0.0017650185808415486,0.0625,256.0,6400000.0
2.0,2.0,8.0,2.0,100.0,62.0,4713.0,9664.0,0.08922534554279815,0.09191677367761864,16.0,0.00390625,6400000.0
1.0,1024.0,2.0,1.0,1.0,1.0,39.0,32.0,-0.0030632107251067353,-0.0017650185808415486,0.0625,512.0,6400000.0
2.0,2.0,8.0,9.0,116.0,62.0,5312.0,9664.0,0.14006238753871558,0.14625922228023192,0.125,0.25,6400000.0
2.0,2.0,8.0,8.0,118.0,62.0,5323.0,9664.0,0.1397826028739938,0.14724205312256533,1.0,0.015625,6400000.0
2.0,2.0,8.0,7.0,118.0,62.0,5401.0,9664.0,0.14046001081632709,0.14522738528735535,2.0,0.0625,6400000.0
1.0,1024.0,2.0,1.0,1.0,1.0,39.0,32.0,-0.0030632107251067353,-0.0017650185808415486,0.0625,2048.0,6400000.0
1.0,1024.0,2.0,1.0,1.0,1.0,39.0,32.0,-0.0030632107251067353,-0.0017650185808415486,0.0625,16384.0,6400000.0
1.0,1.0,1.0,1.0,1.0,1.0,35.0,32.0,-0.0030632107251067353,-0.0017650185808415486,512.0,0.015625,6400000.0
2.0,2.0,8.0,9.0,117.0,62.0,5338.0,9664.0,0.13956169342733993,0.14677346154664073,0.0625,0.0625,6400000.0
1.0,1024.0,2.0,1.0,1.0,1.0,39.0,32.0,-0.0030632107251067353,-0.0017650185808415486,0.0625,32768.0,6400000.0
1.0,1024.0,2.0,1.0,1.0,1.0,39.0,32.0,-0.0030632107251067353,-0.0017650185808415486,0.0625,1024.0,6400000.0
1.0,1024.0,2.0,1.0,1.0,1.0,39.0,32.0,-0.0030632107251067353,-0.0017650185808415486,0.0625,8192.0,6400000.0
1.0,1024.0,2.0,1.0,1.0,1.0,39.0,32.0,-0.0030632107251067353,-0.0017650185808415486,0.0625,4096.0,6400000.0
1024.0,1024.0,2.0,9.0,4778.0,4030.0,161769.0,513728.0,0.5865004768442567,0.600827684731563,0.125,0.0,6400000.0
1.0,1.0,1.0,1.0,1.0,1.0,35.0,32.0,-0.0030632107251067353,-0.0017650185808415486,256.0,32768.0,6400000.0
1024.0,1024.0,2.0,9.0,4766.0,4035.0,161978.0,514528.0,0.5894444321932335,0.6022050172684046,0.125,0.000976562,6400000.0
2.0,2.0,8.0,3.0,92.0,59.0,4369.0,9184.0,0.11870910669725843,0.12022553863085961,4.0,0.25,6400000.0
2.0,2.0,8.0,2.0,99.0,62.0,4712.0,9664.0,0.08960721285023265,0.09204312567837447,32.0,0.015625,6400000.0
2.0,2.0,8.0,9.0,108.0,61.0,5215.0,9504.0,0.13711901178310137,0.14422483046495815,0.25,1.0,6400000.0
1024.0,1024.0,2.0,9.0,4750.0,4034.0,161304.0,514368.0,0.588914443017954,0.6004758944080348,0.125,0.00195312,6400000.0
2.0,2.0,8.0,3.0,19.0,11.0,1806.0,1504.0,0.10219264113208737,0.10771325588564218,0.5,4.0,6400000.0
2.0,2.0,8.0,3.0,34.0,20.0,2449.0,2944.0,0.11080585357934869,0.11613888811649109,8.0,1.0,6400000.0
1024.0,1024.0,2.0,9.0,4748.0,4036.0,160973.0,514688.0,0.5910338248360019,0.6020050409870672,0.125,0.00390625,6400000.0
774.0,1024.0,2.0,9.0,3623.0,3038.0,121319.0,387008.0,0.5842582076687268,0.5976044041264359,0.125,0.0078125,6400000.0
233.0,1024.0,2.0,9.0,1131.0,903.0,35859.0,114656.0,0.5097753395868058,0.5242922065988689,0.125,0.0625,6400000.0
292.0,1024.0,2.0,9.0,1419.0,1139.0,45466.0,144864.0,0.5259538266754467,0.5406790368428847,0.125,0.03125,6400000.0
467.0,1024.0,2.0,9.0,2232.0,1824.0,72610.0,232064.0,0.5678407502666236,0.5780462130726902,0.125,0.015625,6400000.0
107.0,1024.0,2.0,9.0,551.0,424.0,17274.0,54144.0,0.4844137870244588,0.4916210328106112,0.125,0.25,6400000.0
2.0,2.0,8.0,2.0,6.0,4.0,970.0,384.0,0.07262288558772911,0.07510528703488584,0.0625,64.0,6400000.0
81.0,1024.0,2.0,9.0,422.0,321.0,13063.0,40992.0,0.4745940033043805,0.47877274014906257,0.125,0.5,6400000.0
1.0,2.0,8.0,1.0,1.0,1.0,543.0,32.0,-0.0030632107251067353,-0.0017650185808415486,0.125,256.0,6400000.0
165.0,1024.0,2.0,9.0,832.0,653.0,26105.0,83360.0,0.5003381080687047,0.5100760199230032,0.125,0.125,6400000.0
69.0,1024.0,2.0,9.0,349.0,264.0,10744.0,33408.0,0.4440109904418591,0.4535133522491208,0.125,1.0,6400000.0
2.0,2.0,8.0,2.0,14.0,8.0,1437.0,1024.0,0.08676859816809712,0.09005205639915703,16.0,4.0,6400000.0
2.0,2.0,8.0,2.0,6.0,4.0,970.0,384.0,0.07262288558772911,0.07510528703488584,2.0,64.0,6400000.0
50.0,1024.0,2.0,9.0,251.0,188.0,7690.0,23680.0,0.4286639454025012,0.43882039042213217,0.125,2.0,6400000.0
1.0,2.0,8.0,1.0,1.0,1.0,543.0,32.0,-0.0030632107251067353,-0.0017650185808415486,0.25,1024.0,6400000.0
1.0,2.0,8.0,1.0,1.0,1.0,543.0,32.0,-0.0030632107251067353,-0.0017650185808415486,4.0,256.0,6400000.0
36.0,1024.0,2.0,9.0,160.0,119.0,4865.0,14432.0,0.3910954809696322,0.4025399453147491,0.125,4.0,6400000.0
2.0,2.0,8.0,2.0,6.0,4.0,970.0,384.0,0.07262288558772911,0.07510528703488584,32.0,16.0,6400000.0
1.0,2.0,8.0,1.0,1.0,1.0,543.0,32.0,-0.0030632107251067353,-0.0017650185808415486,0.5,4096.0,6400000.0
2.0,2.0,8.0,3.0,10.0,6.0,1303.0,704.0,0.09231549576014253,0.09427300599869859,1.0,16.0,6400000.0
14.0,1024.0,2.0,3.0,58.0,41.0,1695.0,4768.0,0.2755258013558761,0.2825067573238387,0.125,8.0,6400000.0
11.0,1024.0,2.0,3.0,35.0,25.0,1015.0,2592.0,0.23714634169335125,0.2431198474760431,0.125,16.0,6400000.0
1.0,1.0,1.0,1.0,1.0,1.0,35.0,32.0,-0.0030632107251067353,-0.0017650185808415486,512.0,2.0,6400000.0
2.0,2.0,8.0,9.0,118.0,62.0,5349.0,9664.0,0.13993917351664753,0.14651346924995257,0.125,0.0,6400000.0
1.0,2.0,8.0,1.0,1.0,1.0,543.0,32.0,-0.0030632107251067353,-0.0017650185808415486,1.0,16384.0,6400000.0
2.0,2.0,8.0,9.0,118.0,62.0,5349.0,9664.0,0.13993917351664753,0.14651346924995257,0.25,0.00195312,6400000.0
2.0,2.0,8.0,9.0,119.0,62.0,5353.0,9664.0,0.14013239704437674,0.14772622153464698,0.5,0.0078125,6400000.0
3.0,1024.0,2.0,2.0,9.0,6.0,287.0,576.0,0.10115259004895938,0.10346957106453547,0.125,64.0,6400000.0
8.0,1024.0,2.0,2.0,22.0,16.0,664.0,1536.0,0.184803559555608,0.19082719424152972,0.125,32.0,6400000.0
1.0,2.0,8.0,1.0,1.0,1.0,543.0,32.0,-0.0030632107251067353,-0.0017650185808415486,8.0,1024.0,6400000.0
1.0,1024.0,2.0,1.0,1.0,1.0,39.0,32.0,-0.0030632107251067353,-0.0017650185808415486,0.125,128.0,6400000.0
1.0,1024.0,2.0,1.0,1.0,1.0,39.0,32.0,-0.0030632107251067353,-0.0017650185808415486,0.125,256.0,6400000.0
2.0,2.0,8.0,3.0,108.0,62.0,4765.0,9664.0,0.11856860910198919,0.12038615523891016,4.0,0.0,6400000.0
2.0,2.0,8.0,3.0,108.0,62.0,4765.0,9664.0,0.11856860910198919,0.12038615523891016,8.0,0.00195312,6400000.0
1.0,1024.0,2.0,1.0,1.0,1.0,39.0,32.0,-0.0030632107251067353,-0.0017650185808415486,0.125,1024.0,6400000.0
1.0,1024.0,2.0,1.0,1.0,1.0,39.0,32.0,-0.0030632107251067353,-0.0017650185808415486,0.125,512.0,6400000.0
1.0,2.0,8.0,1.0,1.0,1.0,543.0,32.0,-0.0030632107251067353,-0.0017650185808415486,16.0,4096.0,6400000.0
2.0,2.0,8.0,2.0,99.0,62.0,4712.0,9664.0,0.08960721285023265,0.09204312567837447,16.0,0.0078125,6400000.0
2.0,2.0,8.0,9.0,115.0,62.0,5306.0,9664.0,0.14026659333984826,0.1467134183363159,0.125,0.5,6400000.0
2.0,2.0,8.0,7.0,117.0,62.0,5399.0,9664.0,0.1409768240613417,0.14482574554837047,2.0,0.125,6400000.0
2.0,2.0,8.0,8.0,118.0,62.0,5323.0,9664.0,0.1397826028739938,0.14724205312256533,1.0,0.03125,6400000.0
1.0,2.0,8.0,1.0,1.0,1.0,543.0,32.0,-0.0030632107251067353,-0.0017650185808415486,32.0,16384.0,6400000.0
1.0,1.0,1.0,1.0,1.0,1.0,35.0,32.0,-0.0030632107251067353,-0.0017650185808415486,512.0,0.03125,6400000.0
1.0,1024.0,2.0,1.0,1.0,1.0,39.0,32.0,-0.0030632107251067353,-0.0017650185808415486,0.125,4096.0,6400000.0
1.0,1024.0,2.0,1.0,1.0,1.0,39.0,32.0,-0.0030632107251067353,-0.0017650185808415486,0.125,8192.0,6400000.0
1.0,1024.0,2.0,1.0,1.0,1.0,39.0,32.0,-0.0030632107251067353,-0.0017650185808415486,0.125,16384.0,6400000.0
1.0,1024.0,2.0,1.0,1.0,1.0,39.0,32.0,-0.0030632107251067353,-0.0017650185808415486,0.125,2048.0,6400000.0
1.0,1024.0,2.0,1.0,1.0,1.0,39.0,32.0,-0.0030632107251067353,-0.0017650185808415486,0.125,32768.0,6400000.0
2.0,2.0,8.0,2.0,99.0,62.0,4712.0,9664.0,0.08960721285023265,0.09204312567837447,32.0,0.03125,6400000.0
2.0,2.0,8.0,3.0,54.0,35.0,3270.0,5344.0,0.11562678990246156,0.11902102041719986,4.0,0.5,6400000.0
1024.0,1024.0,2.0,9.0,4792.0,4037.0,161761.0,514848.0,0.5859525953000699,0.5995218393817016,0.25,0.0,6400000.0
1024.0,1024.0,2.0,9.0,4779.0,4039.0,161957.0,515168.0,0.5917847068410049,0.6035330361379554,0.25,0.000976562,6400000.0
774.0,1024.0,2.0,9.0,3623.0,3038.0,121319.0,387008.0,0.5842569364645734,0.5976045685257986,0.25,0.0078125,6400000.0
1024.0,1024.0,2.0,9.0,4752.0,4025.0,161186.0,512928.0,0.5907497219056551,0.601618410938503,0.25,0.00195312,6400000.0
1024.0,1024.0,2.0,9.0,4748.0,4036.0,160973.0,514688.0,0.5910325008494521,0.6020051118060069,0.25,0.00390625,6400000.0
2.0,2.0,8.0,7.0,60.0,34.0,3896.0,5184.0,0.1241909500183982,0.13468230914251111,0.25,2.0,6400000.0
2.0,2.0,8.0,3.0,12.0,7.0,1371.0,864.0,0.09413973999029857,0.09778814733003183,0.5,8.0,6400000.0
2.0,2.0,8.0,2.0,47.0,31.0,2981.0,4704.0,0.08874204241467365,0.09213238365818666,64.0,0.125,6400000.0
2.0,2.0,8.0,3.0,28.0,16.0,2020.0,2304.0,0.1087910630976644,0.11524495953925573,8.0,2.0,6400000.0
467.0,1024.0,2.0,9.0,2232.0,1824.0,72610.0,232064.0,0.567840068969725,0.5780467567928147,0.25,0.015625,6400000.0
208.0,1024.0,2.0,9.0,1036.0,818.0,32820.0,104256.0,0.5071164529070409,0.5167278959652323,0.25,0.0625,6400000.0
107.0,1024.0,2.0,9.0,551.0,424.0,17274.0,54144.0,0.4844137870244588,0.4916210328106112,0.25,0.25,6400000.0
296.0,1024.0,2.0,9.0,1431.0,1153.0,45573.0,146592.0,0.5265978514330769,0.5424358296940901,0.25,0.03125,6400000.0
148.0,1024.0,2.0,9.0,764.0,586.0,23739.0,74816.0,0.5085468596448008,0.5146001023688085,0.25,0.125,6400000.0
80.0,1024.0,2.0,9.0,419.0,318.0,12953.0,40640.0,0.46555229779486706,0.48118472791442035,0.25,0.5,6400000.0
1.0,2.0,8.0,1.0,1.0,1.0,543.0,32.0,-0.0030632107251067353,-0.0017650185808415486,0.125,512.0,6400000.0
14.0,1024.0,2.0,3.0,58.0,41.0,1695.0,4768.0,0.2755258013558761,0.2825067573238387,0.25,8.0,6400000.0
64.0,1024.0,2.0,9.0,324.0,244.0,9921.0,30848.0,0.4524130157612848,0.4666228888369257,0.25,1.0,6400000.0
50.0,1024.0,2.0,9.0,251.0,188.0,7690.0,23680.0,0.4286639454025012,0.43882039042213217,0.25,2.0,6400000.0
32.0,1024.0,2.0,9.0,152.0,112.0,4607.0,13824.0,0.379917723460655,0.39532009181376393,0.25,4.0,6400000.0
1.0,2.0,8.0,1.0,1.0,1.0,543.0,32.0,-0.0030632107251067353,-0.0017650185808415486,4.0,512.0,6400000.0
2.0,2.0,8.0,2.0,6.0,4.0,970.0,384.0,0.07262288558772911,0.07510528703488584,32.0,32.0,6400000.0
1.0,2.0,8.0,1.0,1.0,1.0,543.0,32.0,-0.0030632107251067353,-0.0017650185808415486,2.0,128.0,6400000.0
2.0,2.0,8.0,2.0,10.0,6.0,1299.0,704.0,0.08373057448791543,0.08530390601495486,16.0,8.0,6400000.0
1.0,1.0,1.0,1.0,1.0,1.0,35.0,32.0,-0.0030632107251067353,-0.0017650185808415486,512.0,4.0,6400000.0
1.0,2.0,8.0,1.0,1.0,1.0,543.0,32.0,-0.0030632107251067353,-0.0017650185808415486,0.25,2048.0,6400000.0
1.0,2.0,8.0,1.0,1.0,1.0,543.0,32.0,-0.0030632107251067353,-0.0017650185808415486,0.5,8192.0,6400000.0
11.0,1024.0,2.0,3.0,35.0,25.0,1015.0,2592.0,0.23714634169335125,0.2431198474760431,0.25,16.0,6400000.0
2.0,2.0,8.0,2.0,6.0,4.0,970.0,384.0,0.07262288558772911,0.07510528703488584,1.0,32.0,6400000.0
1.0,2.0,8.0,1.0,1.0,1.0,543.0,32.0,-0.0030632107251067353,-0.0017650185808415486,64.0,128.0,6400000.0
8.0,1024.0,2.0,2.0,22.0,16.0,664.0,1536.0,0.184803559555608,0.19082719424152972,0.25,32.0,6400000.0
2.0,2.0,8.0,9.0,118.0,62.0,5349.0,9664.0,0.13993917351664753,0.14651346924995257,0.25,0.00390625,6400000.0
2.0,2.0,8.0,9.0,119.0,62.0,5353.0,9664.0,0.14013239704437674,0.14772622153464698,0.5,0.015625,6400000.0
1.0,2.0,8.0,1.0,1.0,1.0,543.0,32.0,-0.0030632107251067353,-0.0017650185808415486,1.0,32768.0,6400000.0
1.0,2.0,8.0,1.0,1.0,1.0,543.0,32.0,-0.0030632107251067353,-0.0017650185808415486,8.0,2048.0,6400000.0
1.0,1024.0,2.0,1.0,1.0,1.0,39.0,32.0,-0.0030632107251067353,-0.0017650185808415486,0.25,128.0,6400000.0
3.0,1024.0,2.0,2.0,9.0,6.0,287.0,576.0,0.10115259004895938,0.10346957106453547,0.25,64.0,6400000.0
1.0,1024.0,2.0,1.0,1.0,1.0,39.0,32.0,-0.0030632107251067353,-0.0017650185808415486,0.25,512.0,6400000.0
2.0,2.0,8.0,3.0,108.0,62.0,4765.0,9664.0,0.11856860910198919,0.12038615523891016,4.0,0.000976562,6400000.0
1.0,1024.0,2.0,1.0,1.0,1.0,39.0,32.0,-0.0030632107251067353,-0.0017650185808415486,0.25,256.0,6400000.0
1.0,1024.0,2.0,1.0,1.0,1.0,39.0,32.0,-0.0030632107251067353,-0.0017650185808415486,0.25,1024.0,6400000.0
1.0,1024.0,2.0,1.0,1.0,1.0,39.0,32.0,-0.0030632107251067353,-0.0017650185808415486,0.25,2048.0,6400000.0
1.0,1024.0,2.0,1.0,1.0,1.0,39.0,32.0,-0.0030632107251067353,-0.0017650185808415486,0.25,4096.0,6400000.0
1.0,1024.0,2.0,1.0,1.0,1.0,39.0,32.0,-0.0030632107251067353,-0.0017650185808415486,0.25,8192.0,6400000.0
1.0,2.0,8.0,1.0,1.0,1.0,543.0,32.0,-0.0030632107251067353,-0.0017650185808415486,16.0,8192.0,6400000.0
2.0,2.0,8.0,3.0,107.0,62.0,4733.0,9664.0,0.11874881317870833,0.12030444720702993,8.0,0.00390625,6400000.0
2.0,2.0,8.0,7.0,115.0,62.0,5396.0,9664.0,0.14077482354171755,0.14540061348549793,2.0,0.25,6400000.0
1.0,1.0,1.0,1.0,1.0,1.0,35.0,32.0,-0.0030632107251067353,-0.0017650185808415486,512.0,0.0625,6400000.0
2.0,2.0,8.0,2.0,99.0,62.0,4712.0,9664.0,0.08960721285023265,0.09204312567837447,16.0,0.015625,6400000.0
2.0,2.0,8.0,8.0,118.0,62.0,5323.0,9664.0,0.1397826028739938,0.14724205312256533,1.0,0.0625,6400000.0
1.0,2.0,8.0,1.0,1.0,1.0,543.0,32.0,-0.0030632107251067353,-0.0017650185808415486,32.0,32768.0,6400000.0
1.0,2.0,8.0,1.0,1.0,1.0,543.0,32.0,-0.0030632107251067353,-0.0017650185808415486,128.0,0.000976562,6400000.0
2.0,2.0,8.0,2.0,98.0,62.0,4711.0,9664.0,0.0900323968918344,0.09193670104813867,32.0,0.0625,6400000.0
2.0,2.0,8.0,3.0,34.0,20.0,2449.0,2944.0,0.11080585357934869,0.11613888811649109,4.0,1.0,6400000.0
1.0,1024.0,2.0,1.0,1.0,1.0,39.0,32.0,-0.0030632107251067353,-0.0017650185808415486,0.25,16384.0,6400000.0
1.0,1024.0,2.0,1.0,1.0,1.0,39.0,32.0,-0.0030632107251067353,-0.0017650185808415486,0.25,32768.0,6400000.0
1024.0,1024.0,2.0,9.0,4758.0,4040.0,161131.0,515328.0,0.5877433627738287,0.5995404543225604,0.5,0.00195312,6400000.0
1024.0,1024.0,2.0,9.0,4794.0,4034.0,161813.0,514368.0,0.5862092852358286,0.601842428670333,0.5,0.0,6400000.0
1024.0,1024.0,2.0,9.0,4752.0,4034.0,160784.0,514368.0,0.5883947642280125,0.6011867053416613,0.5,0.000976562,6400000.0
2.0,2.0,8.0,4.0,21.0,12.0,2105.0,1664.0,0.1039403757181403,0.10873228349871567,0.25,4.0,6400000.0
266.0,1024.0,2.0,9.0,1299.0,1031.0,41246.0,130912.0,0.5139692439706626,0.5261565692719907,0.5,0.03125,6400000.0
1024.0,1024.0,2.0,9.0,4743.0,4032.0,160637.0,514048.0,0.5875026567628241,0.5998752533740501,0.5,0.00390625,6400000.0
2.0,2.0,8.0,2.0,39.0,26.0,2704.0,3904.0,0.08880085600126353,0.0916952527749515,64.0,0.25,6400000.0
794.0,1024.0,2.0,9.0,3707.0,3123.0,124212.0,398048.0,0.5827928401397489,0.594562874759074,0.5,0.0078125,6400000.0
199.0,1024.0,2.0,9.0,989.0,780.0,31203.0,99328.0,0.5024151559726934,0.5152866925275033,0.5,0.0625,6400000.0
2.0,2.0,8.0,3.0,10.0,6.0,1303.0,704.0,0.09231549576014253,0.09427300599869859,0.5,16.0,6400000.0
2.0,2.0,8.0,3.0,19.0,11.0,1806.0,1504.0,0.10219264113208737,0.10771325588564218,8.0,4.0,6400000.0
439.0,1024.0,2.0,9.0,2107.0,1717.0,68361.0,218528.0,0.5670232939870424,0.5735177281188396,0.5,0.015625,6400000.0
1.0,1.0,1.0,1.0,1.0,1.0,35.0,32.0,-0.0030632107251067353,-0.0017650185808415486,512.0,512.0,6400000.0
1.0,2.0,8.0,1.0,1.0,1.0,543.0,32.0,-0.0030632107251067353,-0.0017650185808415486,128.0,1.0,6400000.0
142.0,1024.0,2.0,9.0,733.0,565.0,22876.0,72224.0,0.49620335828221296,0.5066461171132394,0.5,0.125,6400000.0
109.0,1024.0,2.0,9.0,565.0,434.0,17548.0,55488.0,0.49695678715128233,0.5062857933531084,0.5,0.25,6400000.0
2.0,2.0,8.0,2.0,6.0,4.0,970.0,384.0,0.07262288558772911,0.07510528703488584,16.0,16.0,6400000.0
1.0,2.0,8.0,1.0,1.0,1.0,543.0,32.0,-0.0030632107251067353,-0.0017650185808415486,2.0,256.0,6400000.0
46.0,1024.0,2.0,9.0,227.0,172.0,6972.0,21632.0,0.4080351142330678,0.4212839842730328,0.5,2.0,6400000.0
2.0,2.0,8.0,2.0,6.0,4.0,970.0,384.0,0.07262288558772911,0.07510528703488584,32.0,64.0,6400000.0
34.0,1024.0,2.0,8.0,154.0,114.0,4701.0,13888.0,0.38259743933417434,0.3960951675074147,0.5,4.0,6400000.0
80.0,1024.0,2.0,9.0,423.0,319.0,13003.0,40800.0,0.46704829909847734,0.47249047618796347,0.5,0.5,6400000.0
8.0,1024.0,2.0,2.0,22.0,16.0,664.0,1536.0,0.184803559555608,0.19082719424152972,0.5,32.0,6400000.0
1.0,2.0,8.0,1.0,1.0,1.0,543.0,32.0,-0.0030632107251067353,-0.0017650185808415486,4.0,1024.0,6400000.0
1.0,2.0,8.0,1.0,1.0,1.0,543.0,32.0,-0.0030632107251067353,-0.0017650185808415486,0.25,4096.0,6400000.0
1.0,1.0,1.0,1.0,1.0,1.0,35.0,32.0,-0.0030632107251067353,-0.0017650185808415486,512.0,8.0,6400000.0
62.0,1024.0,2.0,9.0,322.0,238.0,9670.0,30144.0,0.44470060873170547,0.45896323054240307,0.5,1.0,6400000.0
2.0,2.0,8.0,2.0,6.0,4.0,970.0,384.0,0.07262288558772911,0.07510528703488584,1.0,64.0,6400000.0
14.0,1024.0,2.0,3.0,58.0,41.0,1695.0,4768.0,0.2755258013558761,0.2825067573238387,0.5,8.0,6400000.0
11.0,1024.0,2.0,3.0,35.0,25.0,1015.0,2592.0,0.23714634169335125,0.2431198474760431,0.5,16.0,6400000.0
1.0,2.0,8.0,1.0,1.0,1.0,543.0,32.0,-0.0030632107251067353,-0.0017650185808415486,0.5,16384.0,6400000.0
1.0,2.0,8.0,1.0,1.0,1.0,543.0,32.0,-0.0030632107251067353,-0.0017650185808415486,64.0,256.0,6400000.0
1.0,1024.0,2.0,1.0,1.0,1.0,39.0,32.0,-0.0030632107251067353,-0.0017650185808415486,0.5,128.0,6400000.0
2.0,2.0,8.0,7.0,118.0,62.0,5401.0,9664.0,0.14046001081632709,0.14522738528735535,2.0,0.0,6400000.0
2.0,2.0,8.0,9.0,119.0,62.0,5353.0,9664.0,0.14013239704437674,0.14772622153464698,0.5,0.03125,6400000.0
3.0,1024.0,2.0,2.0,9.0,6.0,287.0,576.0,0.10115259004895938,0.10346957106453547,0.5,64.0,6400000.0
1.0,2.0,8.0,1.0,1.0,1.0,543.0,32.0,-0.0030632107251067353,-0.0017650185808415486,128.0,1024.0,6400000.0
1.0,2.0,8.0,1.0,1.0,1.0,543.0,32.0,-0.0030632107251067353,-0.0017650185808415486,8.0,4096.0,6400000.0
1.0,1024.0,2.0,1.0,1.0,1.0,39.0,32.0,-0.0030632107251067353,-0.0017650185808415486,0.5,256.0,6400000.0
1.0,1024.0,2.0,1.0,1.0,1.0,39.0,32.0,-0.0030632107251067353,-0.0017650185808415486,0.5,512.0,6400000.0
1.0,1024.0,2.0,1.0,1.0,1.0,39.0,32.0,-0.0030632107251067353,-0.0017650185808415486,0.5,1024.0,6400000.0
1.0,1024.0,2.0,1.0,1.0,1.0,39.0,32.0,-0.0030632107251067353,-0.0017650185808415486,0.5,2048.0,6400000.0
2.0,2.0,8.0,3.0,108.0,62.0,4765.0,9664.0,0.11856860910198919,0.12038615523891016,4.0,0.00195312,6400000.0
1.0,1024.0,2.0,1.0,1.0,1.0,39.0,32.0,-0.0030632107251067353,-0.0017650185808415486,0.5,4096.0,6400000.0
1.0,2.0,8.0,1.0,1.0,1.0,543.0,32.0,-0.0030632107251067353,-0.0017650185808415486,16.0,16384.0,6400000.0
2.0,2.0,8.0,3.0,107.0,62.0,4733.0,9664.0,0.11874881317870833,0.12030444720702993,8.0,0.0078125,6400000.0
2.0,2.0,8.0,2.0,99.0,62.0,4712.0,9664.0,0.08960721285023265,0.09204312567837447,16.0,0.03125,6400000.0
1.0,1024.0,2.0,1.0,1.0,1.0,39.0,32.0,-0.0030632107251067353,-0.0017650185808415486,0.5,8192.0,6400000.0
1.0,1.0,1.0,1.0,1.0,1.0,35.0,32.0,-0.0030632107251067353,-0.0017650185808415486,512.0,0.125,6400000.0
1.0,2.0,8.0,1.0,1.0,1.0,543.0,32.0,-0.0030632107251067353,-0.0017650185808415486,128.0,0.00195312,6400000.0
2.0,2.0,8.0,7.0,111.0,62.0,5329.0,9664.0,0.13995638825042456,0.14470633808223377,2.0,0.5,6400000.0
1.0,1024.0,2.0,1.0,1.0,1.0,39.0,32.0,-0.0030632107251067353,-0.0017650185808415486,0.5,32768.0,6400000.0
2.0,2.0,8.0,8.0,117.0,62.0,5281.0,9664.0,0.14013264256717683,0.14692518285974088,1.0,0.125,6400000.0
2.0,2.0,8.0,2.0,102.0,62.0,4746.0,9664.0,0.08860683523667112,0.09168536842396491,64.0,0.0,6400000.0
2.0,2.0,8.0,2.0,47.0,31.0,2981.0,4704.0,0.08874204241467365,0.09213238365818666,32.0,0.125,6400000.0
1.0,1024.0,2.0,1.0,1.0,1.0,39.0,32.0,-0.0030632107251067353,-0.0017650185808415486,0.5,16384.0,6400000.0
2.0,2.0,8.0,3.0,28.0,16.0,2020.0,2304.0,0.1087910630976644,0.11524495953925573,4.0,2.0,6400000.0
1024.0,1024.0,2.0,9.0,4814.0,4043.0,162578.0,515808.0,0.5860660854460793,0.5995276404901819,1.0,0.0,6400000.0
1.0,2.0,8.0,1.0,1.0,1.0,543.0,32.0,-0.0030632107251067353,-0.0017650185808415486,256.0,0.0078125,6400000.0
2.0,2.0,8.0,2.0,6.0,4.0,970.0,384.0,0.07262288558772911,0.07510528703488584,0.5,32.0,6400000.0
2.0,2.0,8.0,3.0,12.0,7.0,1371.0,864.0,0.09413973999029857,0.09778814733003183,8.0,8.0,6400000.0
2.0,2.0,8.0,2.0,22.0,15.0,1939.0,2144.0,0.08867879494634656,0.09209046733417814,64.0,0.5,6400000.0
792.0,1024.0,2.0,9.0,3711.0,3112.0,124392.0,396544.0,0.5837677104369419,0.5938134195302163,1.0,0.0078125,6400000.0
286.0,1024.0,2.0,9.0,1390.0,1111.0,44485.0,141152.0,0.5286798578439458,0.541635262906702,1.0,0.03125,6400000.0
464.0,1024.0,2.0,9.0,2231.0,1817.0,72811.0,231328.0,0.5663927452607382,0.5776542457376285,1.0,0.015625,6400000.0
1024.0,1024.0,2.0,9.0,4779.0,4032.0,161691.0,514048.0,0.5873502285214208,0.6005731735678891,1.0,0.000976562,6400000.0
182.0,1024.0,2.0,9.0,928.0,719.0,29095.0,91744.0,0.500606121297263,0.5093061329458055,1.0,0.0625,6400000.0
1024.0,1024.0,2.0,9.0,4743.0,4031.0,161214.0,513888.0,0.5877092580130628,0.6005071342653616,1.0,0.00390625,6400000.0
1024.0,1024.0,2.0,9.0,4762.0,4038.0,161468.0,515008.0,0.5867272378111944,0.5961841070588896,1.0,0.00195312,6400000.0
109.0,1024.0,2.0,9.0,563.0,436.0,17642.0,55808.0,0.49572815514990753,0.5004547695107084,1.0,0.25,6400000.0
148.0,1024.0,2.0,9.0,758.0,585.0,23701.0,74656.0,0.5049068803889063,0.5118018980472635,1.0,0.125,6400000.0
1.0,1.0,1.0,1.0,1.0,1.0,35.0,32.0,-0.0030632107251067353,-0.0017650185808415486,512.0,1024.0,6400000.0
1.0,2.0,8.0,1.0,1.0,1.0,543.0,32.0,-0.0030632107251067353,-0.0017650185808415486,128.0,2.0,6400000.0
1.0,2.0,8.0,1.0,1.0,1.0,543.0,32.0,-0.0030632107251067353,-0.0017650185808415486,32.0,128.0,6400000.0
1.0,1.0,1.0,1.0,1.0,1.0,35.0,32.0,-0.0030632107251067353,-0.0017650185808415486,512.0,16.0,6400000.0
2.0,2.0,8.0,2.0,6.0,4.0,970.0,384.0,0.07262288558772911,0.07510528703488584,16.0,32.0,6400000.0
1.0,2.0,8.0,1.0,1.0,1.0,543.0,32.0,-0.0030632107251067353,-0.0017650185808415486,1.0,128.0,6400000.0
1.0,2.0,8.0,1.0,1.0,1.0,543.0,32.0,-0.0030632107251067353,-0.0017650185808415486,4.0,2048.0,6400000.0
1.0,2.0,8.0,1.0,1.0,1.0,543.0,32.0,-0.0030632107251067353,-0.0017650185808415486,2.0,512.0,6400000.0
1.0,2.0,8.0,1.0,1.0,1.0,543.0,32.0,-0.0030632107251067353,-0.0017650185808415486,256.0,8.0,6400000.0
11.0,1024.0,2.0,3.0,35.0,25.0,1015.0,2592.0,0.23714634169335125,0.2431198474760431,1.0,16.0,6400000.0
67.0,1024.0,2.0,9.0,347.0,260.0,10589.0,33024.0,0.4487942325911686,0.4628659749662527,1.0,1.0,6400000.0
45.0,1024.0,2.0,9.0,228.0,172.0,6963.0,21760.0,0.40960771696239906,0.4233618974400831,1.0,2.0,6400000.0
8.0,1024.0,2.0,2.0,22.0,16.0,664.0,1536.0,0.184803559555608,0.19082719424152972,1.0,32.0,6400000.0
1.0,2.0,8.0,1.0,1.0,1.0,543.0,32.0,-0.0030632107251067353,-0.0017650185808415486,0.5,32768.0,6400000.0
14.0,1024.0,2.0,3.0,58.0,41.0,1695.0,4768.0,0.2755258013558761,0.2825067573238387,1.0,8.0,6400000.0
27.0,1024.0,2.0,8.0,137.0,98.0,4172.0,12224.0,0.3787920682276993,0.38572714882329096,1.0,4.0,6400000.0
1.0,2.0,8.0,1.0,1.0,1.0,543.0,32.0,-0.0030632107251067353,-0.0017650185808415486,8.0,8192.0,6400000.0
2.0,2.0,8.0,7.0,118.0,62.0,5401.0,9664.0,0.14046001081632709,0.14522738528735535,2.0,0.000976562,6400000.0
1.0,2.0,8.0,1.0,1.0,1.0,543.0,32.0,-0.0030632107251067353,-0.0017650185808415486,64.0,512.0,6400000.0
88.0,1024.0,2.0,9.0,456.0,349.0,14080.0,44576.0,0.473504628372021,0.48638983203364494,1.0,0.5,6400000.0
1.0,2.0,8.0,1.0,1.0,1.0,543.0,32.0,-0.0030632107251067353,-0.0017650185808415486,256.0,8192.0,6400000.0
1.0,2.0,8.0,1.0,1.0,1.0,543.0,32.0,-0.0030632107251067353,-0.0017650185808415486,128.0,2048.0,6400000.0
1.0,1024.0,2.0,1.0,1.0,1.0,39.0,32.0,-0.0030632107251067353,-0.0017650185808415486,1.0,256.0,6400000.0
1.0,1024.0,2.0,1.0,1.0,1.0,39.0,32.0,-0.0030632107251067353,-0.0017650185808415486,1.0,128.0,6400000.0
1.0,1024.0,2.0,1.0,1.0,1.0,39.0,32.0,-0.0030632107251067353,-0.0017650185808415486,1.0,512.0,6400000.0
3.0,1024.0,2.0,2.0,9.0,6.0,287.0,576.0,0.10115259004895938,0.10346957106453547,1.0,64.0,6400000.0
1.0,1024.0,2.0,1.0,1.0,1.0,39.0,32.0,-0.0030632107251067353,-0.0017650185808415486,1.0,1024.0,6400000.0
1.0,1024.0,2.0,1.0,1.0,1.0,39.0,32.0,-0.0030632107251067353,-0.0017650185808415486,1.0,2048.0,6400000.0
2.0,2.0,8.0,3.0,107.0,62.0,4733.0,9664.0,0.11874881317870833,0.12030444720702993,4.0,0.00390625,6400000.0
2.0,2.0,8.0,2.0,98.0,62.0,4711.0,9664.0,0.0900323968918344,0.09193670104813867,16.0,0.0625,6400000.0
2.0,2.0,8.0,3.0,106.0,62.0,4701.0,9664.0,0.1185333000172284,0.12055081916894883,8.0,0.015625,6400000.0
1.0,1024.0,2.0,1.0,1.0,1.0,39.0,32.0,-0.0030632107251067353,-0.0017650185808415486,1.0,4096.0,6400000.0
1.0,1.0,1.0,1.0,1.0,1.0,35.0,32.0,-0.0030632107251067353,-0.0017650185808415486,512.0,0.25,6400000.0
1.0,1024.0,2.0,1.0,1.0,1.0,39.0,32.0,-0.0030632107251067353,-0.0017650185808415486,1.0,16384.0,6400000.0
1.0,2.0,8.0,1.0,1.0,1.0,543.0,32.0,-0.0030632107251067353,-0.0017650185808415486,16.0,32768.0,6400000.0
1.0,1024.0,2.0,1.0,1.0,1.0,39.0,32.0,-0.0030632107251067353,-0.0017650185808415486,1.0,8192.0,6400000.0
1.0,1024.0,2.0,1.0,1.0,1.0,39.0,32.0,-0.0030632107251067353,-0.0017650185808415486,1.0,32768.0,6400000.0
2.0,2.0,8.0,4.0,36.0,21.0,2748.0,3104.0,0.11127016819278823,0.11697579404105896,2.0,1.0,6400000.0
2.0,2.0,8.0,2.0,101.0,62.0,4714.0,9664.0,0.08879606452221289,0.09180475381756015,64.0,0.000976562,6400000.0
1.0,2.0,8.0,1.0,1.0,1.0,543.0,32.0,-0.0030632107251067353,-0.0017650185808415486,128.0,0.00390625,6400000.0
2.0,2.0,8.0,8.0,117.0,62.0,5281.0,9664.0,0.14013264256717683,0.14692518285974088,1.0,0.25,6400000.0
2.0,2.0,8.0,2.0,39.0,26.0,2704.0,3904.0,0.08880085600126353,0.0916952527749515,32.0,0.25,6400000.0
2.0,2.0,8.0,3.0,19.0,11.0,1806.0,1504.0,0.10219264113208737,0.10771325588564218,4.0,4.0,6400000.0
1024.0,1024.0,2.0,9.0,4804.0,4041.0,162306.0,515488.0,0.5860393857289874,0.6026315626617638,2.0,0.0,6400000.0
1024.0,1024.0,2.0,9.0,4794.0,4040.0,162046.0,515328.0,0.5928624506705815,0.6028462156830998,2.0,0.000976562,6400000.0
1.0,2.0,8.0,1.0,1.0,1.0,543.0,32.0,-0.0030632107251067353,-0.0017650185808415486,256.0,0.015625,6400000.0
2.0,2.0,8.0,2.0,6.0,4.0,970.0,384.0,0.07262288558772911,0.07510528703488584,8.0,16.0,6400000.0
1024.0,1024.0,2.0,9.0,4784.0,4037.0,161886.0,514848.0,0.5927750371847362,0.6011638659014227,2.0,0.00195312,6400000.0
2.0,2.0,8.0,2.0,19.0,12.0,1834.0,1664.0,0.08867766830420443,0.09199509897355096,64.0,1.0,6400000.0
1.0,2.0,8.0,1.0,1.0,1.0,543.0,32.0,-0.0030632107251067353,-0.0017650185808415486,512.0,0.0625,6400000.0
1024.0,1024.0,2.0,9.0,4731.0,4033.0,160418.0,514208.0,0.5934522156675701,0.5990243659834021,2.0,0.00390625,6400000.0
109.0,1024.0,2.0,9.0,569.0,431.0,17566.0,55008.0,0.48733955413791863,0.4966092330702129,2.0,0.25,6400000.0
1.0,1.0,1.0,1.0,1.0,1.0,35.0,32.0,-0.0030632107251067353,-0.0017650185808415486,512.0,2048.0,6400000.0
88.0,1024.0,2.0,9.0,460.0,350.0,14188.0,44736.0,0.4770611619081968,0.48811726862333815,2.0,0.5,6400000.0
466.0,1024.0,2.0,9.0,2243.0,1826.0,73079.0,232512.0,0.5713718102163554,0.5826393618572105,2.0,0.015625,6400000.0
290.0,1024.0,2.0,9.0,1421.0,1132.0,45220.0,144000.0,0.5340752130627573,0.541748121000531,2.0,0.03125,6400000.0
66.0,1024.0,2.0,9.0,331.0,250.0,10110.0,31552.0,0.4549772523932427,0.46537093185980427,2.0,1.0,6400000.0
1.0,2.0,8.0,1.0,1.0,1.0,543.0,32.0,-0.0030632107251067353,-0.0017650185808415486,128.0,4.0,6400000.0
800.0,1024.0,2.0,9.0,3753.0,3155.0,125964.0,402400.0,0.5851732397940539,0.5983923481482216,2.0,0.0078125,6400000.0
139.0,1024.0,2.0,9.0,728.0,552.0,22535.0,70528.0,0.4921744509040096,0.5018766692128402,2.0,0.125,6400000.0
200.0,1024.0,2.0,9.0,1008.0,789.0,31608.0,100640.0,0.5123098987719363,0.5233321696023697,2.0,0.0625,6400000.0
1.0,2.0,8.0,1.0,1.0,1.0,543.0,32.0,-0.0030632107251067353,-0.0017650185808415486,2.0,1024.0,6400000.0
1.0,2.0,8.0,1.0,1.0,1.0,543.0,32.0,-0.0030632107251067353,-0.0017650185808415486,32.0,256.0,6400000.0
1.0,1.0,1.0,1.0,1.0,1.0,35.0,32.0,-0.0030632107251067353,-0.0017650185808415486,512.0,32.0,6400000.0
1.0,2.0,8.0,1.0,1.0,1.0,543.0,32.0,-0.0030632107251067353,-0.0017650185808415486,4.0,4096.0,6400000.0
2.0,2.0,8.0,2.0,6.0,4.0,970.0,384.0,0.07262288558772911,0.07510528703488584,16.0,64.0,6400000.0
1.0,2.0,8.0,1.0,1.0,1.0,543.0,32.0,-0.0030632107251067353,-0.0017650185808415486,256.0,16.0,6400000.0
1.0,2.0,8.0,1.0,1.0,1.0,543.0,32.0,-0.0030632107251067353,-0.0017650185808415486,1.0,256.0,6400000.0
50.0,1024.0,2.0,9.0,251.0,185.0,7611.0,23200.0,0.4284915323890307,0.4442750188873391,2.0,2.0,6400000.0
1.0,2.0,8.0,1.0,1.0,1.0,543.0,32.0,-0.0030632107251067353,-0.0017650185808415486,8.0,16384.0,6400000.0
1.0,2.0,8.0,1.0,1.0,1.0,543.0,32.0,-0.0030632107251067353,-0.0017650185808415486,512.0,64.0,6400000.0
14.0,1024.0,2.0,3.0,58.0,41.0,1695.0,4768.0,0.2755258013558761,0.2825067573238387,2.0,8.0,6400000.0
1.0,2.0,8.0,1.0,1.0,1.0,543.0,32.0,-0.0030632107251067353,-0.0017650185808415486,64.0,1024.0,6400000.0
1.0,2.0,8.0,1.0,1.0,1.0,543.0,32.0,-0.0030632107251067353,-0.0017650185808415486,256.0,16384.0,6400000.0
8.0,1024.0,2.0,2.0,22.0,16.0,664.0,1536.0,0.184803559555608,0.19082719424152972,2.0,32.0,6400000.0
2.0,2.0,8.0,7.0,118.0,62.0,5401.0,9664.0,0.14046001081632709,0.14522738528735535,2.0,0.00195312,6400000.0
11.0,1024.0,2.0,3.0,35.0,25.0,1015.0,2592.0,0.23714634169335125,0.2431198474760431,2.0,16.0,6400000.0
29.0,1024.0,2.0,8.0,141.0,103.0,4271.0,12768.0,0.3683335198985188,0.38060345226667425,2.0,4.0,6400000.0
1.0,1024.0,2.0,1.0,1.0,1.0,39.0,32.0,-0.0030632107251067353,-0.0017650185808415486,2.0,512.0,6400000.0
3.0,1024.0,2.0,2.0,9.0,6.0,287.0,576.0,0.10115259004895938,0.10346957106453547,2.0,64.0,6400000.0
1.0,1024.0,2.0,1.0,1.0,1.0,39.0,32.0,-0.0030632107251067353,-0.0017650185808415486,2.0,128.0,6400000.0
1.0,1024.0,2.0,1.0,1.0,1.0,39.0,32.0,-0.0030632107251067353,-0.0017650185808415486,2.0,256.0,6400000.0
2.0,2.0,8.0,3.0,107.0,62.0,4733.0,9664.0,0.11874881317870833,0.12030444720702993,4.0,0.0078125,6400000.0
1.0,1024.0,2.0,1.0,1.0,1.0,39.0,32.0,-0.0030632107251067353,-0.0017650185808415486,2.0,4096.0,6400000.0
1.0,1024.0,2.0,1.0,1.0,1.0,39.0,32.0,-0.0030632107251067353,-0.0017650185808415486,2.0,1024.0,6400000.0
1.0,2.0,8.0,1.0,1.0,1.0,543.0,32.0,-0.0030632107251067353,-0.0017650185808415486,128.0,4096.0,6400000.0
1.0,2.0,8.0,1.0,1.0,1.0,543.0,32.0,-0.0030632107251067353,-0.0017650185808415486,1024.0,0.0,6400000.0
2.0,2.0,8.0,2.0,47.0,31.0,2981.0,4704.0,0.08874204241467365,0.09213238365818666,16.0,0.125,6400000.0
2.0,2.0,8.0,3.0,105.0,62.0,4669.0,9664.0,0.11814192731515338,0.1203888340788547,8.0,0.03125,6400000.0
1.0,1024.0,2.0,1.0,1.0,1.0,39.0,32.0,-0.0030632107251067353,-0.0017650185808415486,2.0,2048.0,6400000.0
2.0,2.0,8.0,2.0,102.0,62.0,4746.0,9664.0,0.08860683523667112,0.09168536842396491,32.0,0.0,6400000.0
1.0,1024.0,2.0,1.0,1.0,1.0,39.0,32.0,-0.0030632107251067353,-0.0017650185808415486,2.0,32768.0,6400000.0
1.0,1024.0,2.0,1.0,1.0,1.0,39.0,32.0,-0.0030632107251067353,-0.0017650185808415486,2.0,16384.0,6400000.0
1.0,1024.0,2.0,1.0,1.0,1.0,39.0,32.0,-0.0030632107251067353,-0.0017650185808415486,2.0,8192.0,6400000.0
2.0,2.0,8.0,3.0,28.0,16.0,2020.0,2304.0,0.1087910630976644,0.11524495953925573,2.0,2.0,6400000.0
2.0,2.0,8.0,2.0,22.0,15.0,1939.0,2144.0,0.08867879494634656,0.09209046733417814,32.0,0.5,6400000.0
2.0,2.0,8.0,2.0,100.0,62.0,4713.0,9664.0,0.08922534554279815,0.09191677367761864,64.0,0.00195312,6400000.0
1.0,2.0,8.0,1.0,1.0,1.0,543.0,32.0,-0.0030632107251067353,-0.0017650185808415486,128.0,0.0078125,6400000.0
2.0,2.0,8.0,3.0,12.0,7.0,1371.0,864.0,0.09413973999029857,0.09778814733003183,4.0,8.0,6400000.0
1024.0,1024.0,2.0,9.0,4795.0,4045.0,162026.0,516128.0,0.5914303180911343,0.5997145541511475,4.0,0.0,6400000.0
1024.0,1024.0,2.0,9.0,4774.0,4033.0,161768.0,514208.0,0.5916651571965605,0.5989261930049579,4.0,0.000976562,6400000.0
1024.0,1024.0,2.0,9.0,4764.0,4038.0,161271.0,515008.0,0.5874257389452544,0.5968163468025892,4.0,0.00195312,6400000.0
1.0,2.0,8.0,1.0,1.0,1.0,543.0,32.0,-0.0030632107251067353,-0.0017650185808415486,256.0,0.03125,6400000.0
751.0,1024.0,2.0,9.0,3519.0,2940.0,117326.0,374272.0,0.5887522525190523,0.5965882485350955,4.0,0.0078125,6400000.0
2.0,2.0,8.0,2.0,6.0,4.0,970.0,384.0,0.07262288558772911,0.07510528703488584,8.0,32.0,6400000.0
1024.0,1024.0,2.0,9.0,4734.0,4026.0,160662.0,513088.0,0.5934115602863486,0.5995878194147756,4.0,0.00390625,6400000.0
2.0,2.0,8.0,2.0,14.0,8.0,1437.0,1024.0,0.08676859816809712,0.09005205639915703,64.0,2.0,6400000.0
1.0,2.0,8.0,1.0,1.0,1.0,543.0,32.0,-0.0030632107251067353,-0.0017650185808415486,512.0,0.125,6400000.0
1.0,1.0,1.0,1.0,1.0,1.0,35.0,32.0,-0.0030632107251067353,-0.0017650185808415486,512.0,4096.0,6400000.0
468.0,1024.0,2.0,9.0,2250.0,1837.0,73160.0,234016.0,0.5689218104314059,0.5757290853195347,4.0,0.015625,6400000.0
1.0,2.0,8.0,1.0,1.0,1.0,543.0,32.0,-0.0030632107251067353,-0.0017650185808415486,1024.0,0.5,6400000.0
1.0,2.0,8.0,1.0,1.0,1.0,543.0,32.0,-0.0030632107251067353,-0.0017650185808415486,128.0,8.0,6400000.0
277.0,1024.0,2.0,9.0,1345.0,1073.0,42681.0,136224.0,0.5274749167302799,0.5379708813373374,4.0,0.03125,6400000.0
103.0,1024.0,2.0,8.0,528.0,409.0,16474.0,52256.0,0.4652302192966672,0.48028456586449264,4.0,0.25,6400000.0
60.0,1024.0,2.0,8.0,312.0,235.0,9490.0,29920.0,0.44250722625257677,0.46036586946347924,4.0,1.0,6400000.0
41.0,1024.0,2.0,7.0,205.0,153.0,6275.0,19232.0,0.4076953253076021,0.42160670156685387,4.0,2.0,6400000.0
188.0,1024.0,2.0,9.0,944.0,737.0,29529.0,93856.0,0.5036550337872008,0.5173664478959381,4.0,0.0625,6400000.0
31.0,1024.0,2.0,6.0,135.0,101.0,4183.0,12192.0,0.36078748987222076,0.3683997795958679,4.0,4.0,6400000.0
145.0,1024.0,2.0,9.0,743.0,573.0,23110.0,73120.0,0.49279044944436323,0.5059734420404218,4.0,0.125,6400000.0
73.0,1024.0,2.0,8.0,391.0,291.0,11988.0,37216.0,0.46085108244566775,0.47276798268577314,4.0,0.5,6400000.0
1.0,1.0,1.0,1.0,1.0,1.0,35.0,32.0,-0.0030632107251067353,-0.0017650185808415486,512.0,64.0,6400000.0
1.0,2.0,8.0,1.0,1.0,1.0,543.0,32.0,-0.0030632107251067353,-0.0017650185808415486,32.0,512.0,6400000.0
1.0,2.0,8.0,1.0,1.0,1.0,543.0,32.0,-0.0030632107251067353,-0.0017650185808415486,2.0,2048.0,6400000.0
1.0,2.0,8.0,1.0,1.0,1.0,543.0,32.0,-0.0030632107251067353,-0.0017650185808415486,256.0,32.0,6400000.0
1.0,2.0,8.0,1.0,1.0,1.0,543.0,32.0,-0.0030632107251067353,-0.0017650185808415486,4.0,8192.0,6400000.0
1.0,2.0,8.0,1.0,1.0,1.0,543.0,32.0,-0.0030632107251067353,-0.0017650185808415486,16.0,128.0,6400000.0
1.0,2.0,8.0,1.0,1.0,1.0,543.0,32.0,-0.0030632107251067353,-0.0017650185808415486,8.0,32768.0,6400000.0
1.0,2.0,8.0,1.0,1.0,1.0,543.0,32.0,-0.0030632107251067353,-0.0017650185808415486,512.0,128.0,6400000.0
14.0,1024.0,2.0,3.0,58.0,41.0,1695.0,4768.0,0.2755258013558761,0.2825067573238387,4.0,8.0,6400000.0
11.0,1024.0,2.0,3.0,35.0,25.0,1015.0,2592.0,0.23714634169335125,0.2431198474760431,4.0,16.0,6400000.0
1.0,2.0,8.0,1.0,1.0,1.0,543.0,32.0,-0.0030632107251067353,-0.0017650185808415486,64.0,2048.0,6400000.0
1.0,2.0,8.0,1.0,1.0,1.0,543.0,32.0,-0.0030632107251067353,-0.0017650185808415486,256.0,32768.0,6400000.0
8.0,1024.0,2.0,2.0,22.0,16.0,664.0,1536.0,0.184803559555608,0.19082719424152972,4.0,32.0,6400000.0
1.0,2.0,8.0,1.0,1.0,1.0,543.0,32.0,-0.0030632107251067353,-0.0017650185808415486,1024.0,512.0,6400000.0
3.0,1024.0,2.0,2.0,9.0,6.0,287.0,576.0,0.10115259004895938,0.10346957106453547,4.0,64.0,6400000.0
1.0,1024.0,2.0,1.0,1.0,1.0,39.0,32.0,-0.0030632107251067353,-0.0017650185808415486,4.0,256.0,6400000.0
2.0,2.0,8.0,3.0,106.0,62.0,4701.0,9664.0,0.1185333000172284,0.12055081916894883,4.0,0.015625,6400000.0
1.0,1024.0,2.0,1.0,1.0,1.0,39.0,32.0,-0.0030632107251067353,-0.0017650185808415486,4.0,1024.0,6400000.0
1.0,2.0,8.0,1.0,1.0,1.0,543.0,32.0,-0.0030632107251067353,-0.0017650185808415486,128.0,8192.0,6400000.0
1.0,1024.0,2.0,1.0,1.0,1.0,39.0,32.0,-0.0030632107251067353,-0.0017650185808415486,4.0,512.0,6400000.0
1.0,1024.0,2.0,1.0,1.0,1.0,39.0,32.0,-0.0030632107251067353,-0.0017650185808415486,4.0,128.0,6400000.0
2.0,2.0,8.0,2.0,39.0,26.0,2704.0,3904.0,0.08880085600126353,0.0916952527749515,16.0,0.25,6400000.0
2.0,2.0,8.0,3.0,103.0,62.0,4605.0,9664.0,0.11902690702786434,0.12058735448663616,8.0,0.0625,6400000.0
1.0,2.0,8.0,1.0,1.0,1.0,543.0,32.0,-0.0030632107251067353,-0.0017650185808415486,1024.0,0.000976562,6400000.0
1.0,1024.0,2.0,1.0,1.0,1.0,39.0,32.0,-0.0030632107251067353,-0.0017650185808415486,4.0,4096.0,6400000.0
2.0,2.0,8.0,2.0,19.0,12.0,1834.0,1664.0,0.08867766830420443,0.09199509897355096,32.0,1.0,6400000.0
1.0,1024.0,2.0,1.0,1.0,1.0,39.0,32.0,-0.0030632107251067353,-0.0017650185808415486,4.0,2048.0,6400000.0
1.0,1024.0,2.0,1.0,1.0,1.0,39.0,32.0,-0.0030632107251067353,-0.0017650185808415486,4.0,16384.0,6400000.0
2.0,2.0,8.0,2.0,101.0,62.0,4714.0,9664.0,0.08879606452221289,0.09180475381756015,32.0,0.000976562,6400000.0
1.0,1024.0,2.0,1.0,1.0,1.0,39.0,32.0,-0.0030632107251067353,-0.0017650185808415486,4.0,8192.0,6400000.0
1.0,1024.0,2.0,1.0,1.0,1.0,39.0,32.0,-0.0030632107251067353,-0.0017650185808415486,4.0,32768.0,6400000.0
1.0,1.0,1.0,1.0,1.0,1.0,35.0,32.0,-0.0030632107251067353,-0.0017650185808415486,1024.0,0.00390625,6400000.0
1.0,2.0,8.0,1.0,1.0,1.0,543.0,32.0,-0.0030632107251067353,-0.0017650185808415486,128.0,0.015625,6400000.0
2.0,2.0,8.0,2.0,100.0,62.0,4713.0,9664.0,0.08922534554279815,0.09191677367761864,64.0,0.00390625,6400000.0
2.0,2.0,8.0,3.0,10.0,6.0,1303.0,704.0,0.09231549576014253,0.09427300599869859,4.0,16.0,6400000.0
1.0,2.0,8.0,1.0,1.0,1.0,543.0,32.0,-0.0030632107251067353,-0.0017650185808415486,2048.0,0.00390625,6400000.0
1024.0,1024.0,2.0,7.0,4679.0,4021.0,160029.0,512288.0,0.5480507811785292,0.540413583266102,8.0,0.000976562,6400000.0
1.0,2.0,8.0,1.0,1.0,1.0,543.0,32.0,-0.0030632107251067353,-0.0017650185808415486,256.0,0.0625,6400000.0
1024.0,1024.0,2.0,7.0,4688.0,4025.0,160252.0,512928.0,0.5467358715357551,0.5412081532740829,8.0,0.0,6400000.0
1024.0,1024.0,2.0,7.0,4678.0,4032.0,160012.0,514048.0,0.5527014181605879,0.5419098615213085,8.0,0.00195312,6400000.0
714.0,1024.0,2.0,7.0,3300.0,2798.0,111588.0,356288.0,0.5477801312214212,0.5433717784259673,8.0,0.0078125,6400000.0
1024.0,1024.0,2.0,7.0,4656.0,4022.0,159548.0,512448.0,0.5493329881518487,0.5397921663844789,8.0,0.00390625,6400000.0
2.0,2.0,8.0,2.0,14.0,8.0,1437.0,1024.0,0.08676859816809712,0.09005205639915703,64.0,4.0,6400000.0
1.0,2.0,8.0,1.0,1.0,1.0,543.0,32.0,-0.0030632107251067353,-0.0017650185808415486,512.0,0.25,6400000.0
2.0,2.0,8.0,2.0,6.0,4.0,970.0,384.0,0.07262288558772911,0.07510528703488584,8.0,64.0,6400000.0
277.0,1024.0,2.0,6.0,1318.0,1076.0,42541.0,136704.0,0.5063954807699335,0.5039734488260423,8.0,0.015625,6400000.0
185.0,1024.0,2.0,6.0,905.0,719.0,28826.0,91360.0,0.49232695738570753,0.4924526536678371,8.0,0.03125,6400000.0
1.0,1.0,1.0,1.0,1.0,1.0,35.0,32.0,-0.0030632107251067353,-0.0017650185808415486,512.0,8192.0,6400000.0
1.0,2.0,8.0,1.0,1.0,1.0,543.0,32.0,-0.0030632107251067353,-0.0017650185808415486,1024.0,1.0,6400000.0
1.0,2.0,8.0,1.0,1.0,1.0,543.0,32.0,-0.0030632107251067353,-0.0017650185808415486,128.0,16.0,6400000.0
141.0,1024.0,2.0,6.0,707.0,553.0,22360.0,70432.0,0.4808382630197693,0.48032471932096443,8.0,0.0625,6400000.0
1.0,2.0,8.0,1.0,1.0,1.0,543.0,32.0,-0.0030632107251067353,-0.0017650185808415486,2048.0,4.0,6400000.0
34.0,1024.0,2.0,3.0,165.0,124.0,5165.0,15488.0,0.325365479106839,0.3313042520547551,8.0,1.0,6400000.0
103.0,1024.0,2.0,6.0,541.0,409.0,16767.0,52256.0,0.46223042987471763,0.45955334703655715,8.0,0.125,6400000.0
38.0,1024.0,2.0,3.0,187.0,141.0,5845.0,17696.0,0.3294585575079938,0.3332644597729797,8.0,0.5,6400000.0
26.0,1024.0,2.0,3.0,124.0,91.0,3761.0,11232.0,0.31952095011874393,0.32577084868578554,8.0,2.0,6400000.0
21.0,1024.0,2.0,3.0,95.0,69.0,2884.0,8352.0,0.3091014997011122,0.3173500317973945,8.0,4.0,6400000.0
14.0,1024.0,2.0,3.0,58.0,41.0,1695.0,4768.0,0.2755258013558761,0.2825067573238387,8.0,8.0,6400000.0
1.0,1.0,1.0,1.0,1.0,1.0,35.0,32.0,-0.0030632107251067353,-0.0017650185808415486,512.0,128.0,6400000.0
73.0,1024.0,2.0,5.0,375.0,286.0,11668.0,36416.0,0.4087975750703494,0.4027099268379185,8.0,0.25,6400000.0
1.0,2.0,8.0,1.0,1.0,1.0,543.0,32.0,-0.0030632107251067353,-0.0017650185808415486,32.0,1024.0,6400000.0
1.0,2.0,8.0,1.0,1.0,1.0,543.0,32.0,-0.0030632107251067353,-0.0017650185808415486,4.0,16384.0,6400000.0
1.0,2.0,8.0,1.0,1.0,1.0,543.0,32.0,-0.0030632107251067353,-0.0017650185808415486,16.0,256.0,6400000.0
1.0,2.0,8.0,1.0,1.0,1.0,543.0,32.0,-0.0030632107251067353,-0.0017650185808415486,256.0,64.0,6400000.0
11.0,1024.0,2.0,2.0,30.0,22.0,872.0,2112.0,0.211815897449531,0.21820531799146736,8.0,16.0,6400000.0
1.0,2.0,8.0,1.0,1.0,1.0,543.0,32.0,-0.0030632107251067353,-0.0017650185808415486,512.0,256.0,6400000.0
2.0,2.0,8.0,2.0,102.0,62.0,4746.0,9664.0,0.08860683523667112,0.09168536842396491,16.0,0.0,6400000.0
1.0,2.0,8.0,1.0,1.0,1.0,543.0,32.0,-0.0030632107251067353,-0.0017650185808415486,64.0,4096.0,6400000.0
1.0,2.0,8.0,1.0,1.0,1.0,543.0,32.0,-0.0030632107251067353,-0.0017650185808415486,512.0,0.0,6400000.0
1.0,2.0,8.0,1.0,1.0,1.0,543.0,32.0,-0.0030632107251067353,-0.0017650185808415486,128.0,16384.0,6400000.0
3.0,1024.0,2.0,2.0,9.0,6.0,287.0,576.0,0.10115259004895938,0.10346957106453547,8.0,64.0,6400000.0
1.0,2.0,8.0,1.0,1.0,1.0,543.0,32.0,-0.0030632107251067353,-0.0017650185808415486,1024.0,1024.0,6400000.0
8.0,1024.0,2.0,2.0,22.0,16.0,664.0,1536.0,0.184803559555608,0.19082719424152972,8.0,32.0,6400000.0
1.0,1024.0,2.0,1.0,1.0,1.0,39.0,32.0,-0.0030632107251067353,-0.0017650185808415486,8.0,128.0,6400000.0
1.0,1024.0,2.0,1.0,1.0,1.0,39.0,32.0,-0.0030632107251067353,-0.0017650185808415486,8.0,256.0,6400000.0
2.0,2.0,8.0,3.0,100.0,62.0,4602.0,9664.0,0.11832630991271043,0.12043645493735433,8.0,0.125,6400000.0
1.0,1024.0,2.0,1.0,1.0,1.0,39.0,32.0,-0.0030632107251067353,-0.0017650185808415486,8.0,512.0,6400000.0
2.0,2.0,8.0,2.0,22.0,15.0,1939.0,2144.0,0.08867879494634656,0.09209046733417814,16.0,0.5,6400000.0
1.0,2.0,8.0,1.0,1.0,1.0,543.0,32.0,-0.0030632107251067353,-0.0017650185808415486,1024.0,0.00195312,6400000.0
1.0,2.0,8.0,1.0,1.0,1.0,543.0,32.0,-0.0030632107251067353,-0.0017650185808415486,2048.0,4096.0,6400000.0
2.0,2.0,8.0,2.0,100.0,62.0,4713.0,9664.0,0.08922534554279815,0.09191677367761864,32.0,0.00195312,6400000.0
1.0,1024.0,2.0,1.0,1.0,1.0,39.0,32.0,-0.0030632107251067353,-0.0017650185808415486,8.0,1024.0,6400000.0
2.0,2.0,8.0,2.0,14.0,8.0,1437.0,1024.0,0.08676859816809712,0.09005205639915703,32.0,2.0,6400000.0
1.0,1024.0,2.0,1.0,1.0,1.0,39.0,32.0,-0.0030632107251067353,-0.0017650185808415486,8.0,2048.0,6400000.0
1.0,1.0,1.0,1.0,1.0,1.0,35.0,32.0,-0.0030632107251067353,-0.0017650185808415486,1024.0,0.0078125,6400000.0
1.0,2.0,8.0,1.0,1.0,1.0,543.0,32.0,-0.0030632107251067353,-0.0017650185808415486,128.0,0.03125,6400000.0
1.0,1024.0,2.0,1.0,1.0,1.0,39.0,32.0,-0.0030632107251067353,-0.0017650185808415486,8.0,4096.0,6400000.0
1.0,1024.0,2.0,1.0,1.0,1.0,39.0,32.0,-0.0030632107251067353,-0.0017650185808415486,8.0,16384.0,6400000.0
2.0,2.0,8.0,2.0,99.0,62.0,4712.0,9664.0,0.08960721285023265,0.09204312567837447,64.0,0.0078125,6400000.0
1.0,1024.0,2.0,1.0,1.0,1.0,39.0,32.0,-0.0030632107251067353,-0.0017650185808415486,8.0,32768.0,6400000.0
1.0,2.0,8.0,1.0,1.0,1.0,543.0,32.0,-0.0030632107251067353,-0.0017650185808415486,2048.0,0.0078125,6400000.0
1.0,1024.0,2.0,1.0,1.0,1.0,39.0,32.0,-0.0030632107251067353,-0.0017650185808415486,8.0,8192.0,6400000.0
1024.0,1024.0,2.0,3.0,4357.0,3999.0,157694.0,508768.0,0.32028128685767976,0.3200868594899873,16.0,0.0,6400000.0
1.0,2.0,8.0,1.0,1.0,1.0,543.0,32.0,-0.0030632107251067353,-0.0017650185808415486,256.0,0.125,6400000.0
311.0,1024.0,2.0,3.0,1425.0,1220.0,48473.0,155392.0,0.3273393630807676,0.33199272229185406,16.0,0.00390625,6400000.0
547.0,1024.0,2.0,3.0,2440.0,2163.0,86408.0,276064.0,0.32406486690800973,0.3277675988113353,16.0,0.00195312,6400000.0
1024.0,1024.0,2.0,3.0,4358.0,4004.0,157735.0,509568.0,0.31875610643055297,0.32045634620494934,16.0,0.000976562,6400000.0
1.0,2.0,8.0,1.0,1.0,1.0,543.0,32.0,-0.0030632107251067353,-0.0017650185808415486,4096.0,0.03125,6400000.0
163.0,1024.0,2.0,3.0,775.0,632.0,25767.0,80256.0,0.330403141311585,0.33574047510461,16.0,0.0078125,6400000.0
1.0,2.0,8.0,1.0,1.0,1.0,543.0,32.0,-0.0030632107251067353,-0.0017650185808415486,8.0,128.0,6400000.0
105.0,1024.0,2.0,3.0,506.0,407.0,16550.0,51680.0,0.33110471486037985,0.3358507655250361,16.0,0.03125,6400000.0
1.0,2.0,8.0,1.0,1.0,1.0,543.0,32.0,-0.0030632107251067353,-0.0017650185808415486,512.0,0.5,6400000.0
136.0,1024.0,2.0,3.0,647.0,530.0,21215.0,67392.0,0.3314599283878197,0.3357980202889931,16.0,0.015625,6400000.0
2.0,2.0,8.0,2.0,10.0,6.0,1299.0,704.0,0.08373057448791543,0.08530390601495486,64.0,8.0,6400000.0
55.0,1024.0,2.0,3.0,278.0,213.0,8701.0,27040.0,0.33270699517426827,0.336122771309734,16.0,0.125,6400000.0
1.0,1.0,1.0,1.0,1.0,1.0,35.0,32.0,-0.0030632107251067353,-0.0017650185808415486,512.0,16384.0,6400000.0
63.0,1024.0,2.0,3.0,325.0,250.0,10436.0,31936.0,0.33097250671227496,0.33609611278708984,16.0,0.0625,6400000.0
1.0,2.0,8.0,1.0,1.0,1.0,543.0,32.0,-0.0030632107251067353,-0.0017650185808415486,1024.0,2.0,6400000.0
1.0,2.0,8.0,1.0,1.0,1.0,543.0,32.0,-0.0030632107251067353,-0.0017650185808415486,128.0,32.0,6400000.0
1.0,2.0,8.0,1.0,1.0,1.0,543.0,32.0,-0.0030632107251067353,-0.0017650185808415486,2048.0,8.0,6400000.0
47.0,1024.0,2.0,3.0,238.0,182.0,7451.0,23104.0,0.3332276869680305,0.33633928307445815,16.0,0.25,6400000.0
35.0,1024.0,2.0,3.0,185.0,138.0,5750.0,17600.0,0.3290574312030965,0.3342320996375041,16.0,0.5,6400000.0
24.0,1024.0,2.0,3.0,122.0,88.0,3665.0,11008.0,0.31791595940948225,0.32417768192787355,16.0,2.0,6400000.0
1.0,1.0,1.0,1.0,1.0,1.0,35.0,32.0,-0.0030632107251067353,-0.0017650185808415486,512.0,256.0,6400000.0
1.0,2.0,8.0,1.0,1.0,1.0,543.0,32.0,-0.0030632107251067353,-0.0017650185808415486,32.0,2048.0,6400000.0
32.0,1024.0,2.0,3.0,156.0,117.0,4821.0,14624.0,0.32504189162464603,0.33158696229191764,16.0,1.0,6400000.0
15.0,1024.0,2.0,2.0,47.0,34.0,1432.0,3520.0,0.23483331904090687,0.24244665993785774,16.0,8.0,6400000.0
1.0,2.0,8.0,1.0,1.0,1.0,543.0,32.0,-0.0030632107251067353,-0.0017650185808415486,256.0,128.0,6400000.0
2.0,2.0,8.0,2.0,101.0,62.0,4714.0,9664.0,0.08879606452221289,0.09180475381756015,16.0,0.000976562,6400000.0
1.0,2.0,8.0,1.0,1.0,1.0,543.0,32.0,-0.0030632107251067353,-0.0017650185808415486,16.0,512.0,6400000.0
1.0,2.0,8.0,1.0,1.0,1.0,543.0,32.0,-0.0030632107251067353,-0.0017650185808415486,512.0,512.0,6400000.0
1.0,2.0,8.0,1.0,1.0,1.0,543.0,32.0,-0.0030632107251067353,-0.0017650185808415486,4096.0,32.0,6400000.0
21.0,1024.0,2.0,3.0,99.0,72.0,2931.0,8832.0,0.3091526342386791,0.3166052038468572,16.0,4.0,6400000.0
11.0,1024.0,2.0,2.0,30.0,22.0,872.0,2112.0,0.211815897449531,0.21820531799146736,16.0,16.0,6400000.0
1.0,2.0,8.0,1.0,1.0,1.0,543.0,32.0,-0.0030632107251067353,-0.0017650185808415486,512.0,0.000976562,6400000.0
3.0,1024.0,2.0,2.0,9.0,6.0,287.0,576.0,0.10115259004895938,0.10346957106453547,16.0,64.0,6400000.0
8.0,1024.0,2.0,2.0,22.0,16.0,664.0,1536.0,0.184803559555608,0.19082719424152972,16.0,32.0,6400000.0
1.0,2.0,8.0,1.0,1.0,1.0,543.0,32.0,-0.0030632107251067353,-0.0017650185808415486,64.0,8192.0,6400000.0
1.0,2.0,8.0,1.0,1.0,1.0,543.0,32.0,-0.0030632107251067353,-0.0017650185808415486,1024.0,2048.0,6400000.0
1.0,2.0,8.0,1.0,1.0,1.0,543.0,32.0,-0.0030632107251067353,-0.0017650185808415486,128.0,32768.0,6400000.0
1.0,1024.0,2.0,1.0,1.0,1.0,39.0,32.0,-0.0030632107251067353,-0.0017650185808415486,16.0,128.0,6400000.0
1.0,1024.0,2.0,1.0,1.0,1.0,39.0,32.0,-0.0030632107251067353,-0.0017650185808415486,16.0,512.0,6400000.0
1.0,1024.0,2.0,1.0,1.0,1.0,39.0,32.0,-0.0030632107251067353,-0.0017650185808415486,16.0,256.0,6400000.0
2.0,2.0,8.0,2.0,100.0,62.0,4713.0,9664.0,0.08922534554279815,0.09191677367761864,32.0,0.00390625,6400000.0
2.0,2.0,8.0,2.0,19.0,12.0,1834.0,1664.0,0.08867766830420443,0.09199509897355096,16.0,1.0,6400000.0
1.0,2.0,8.0,1.0,1.0,1.0,543.0,32.0,-0.0030632107251067353,-0.0017650185808415486,1024.0,0.00390625,6400000.0
1.0,1024.0,2.0,1.0,1.0,1.0,39.0,32.0,-0.0030632107251067353,-0.0017650185808415486,16.0,1024.0,6400000.0
2.0,2.0,8.0,2.0,14.0,8.0,1437.0,1024.0,0.08676859816809712,0.09005205639915703,32.0,4.0,6400000.0
1.0,1024.0,2.0,1.0,1.0,1.0,39.0,32.0,-0.0030632107251067353,-0.0017650185808415486,16.0,2048.0,6400000.0
1.0,2.0,8.0,1.0,1.0,1.0,543.0,32.0,-0.0030632107251067353,-0.0017650185808415486,4096.0,32768.0,6400000.0
1.0,2.0,8.0,1.0,1.0,1.0,543.0,32.0,-0.0030632107251067353,-0.0017650185808415486,128.0,0.0625,6400000.0
1.0,2.0,8.0,1.0,1.0,1.0,543.0,32.0,-0.0030632107251067353,-0.0017650185808415486,2048.0,8192.0,6400000.0
2.0,2.0,8.0,2.0,99.0,62.0,4712.0,9664.0,0.08960721285023265,0.09204312567837447,64.0,0.015625,6400000.0
1.0,1024.0,2.0,1.0,1.0,1.0,39.0,32.0,-0.0030632107251067353,-0.0017650185808415486,16.0,4096.0,6400000.0
1.0,2.0,8.0,1.0,1.0,1.0,543.0,32.0,-0.0030632107251067353,-0.0017650185808415486,2048.0,0.015625,6400000.0
1.0,1.0,1.0,1.0,1.0,1.0,35.0,32.0,-0.0030632107251067353,-0.0017650185808415486,1024.0,0.015625,6400000.0
1.0,1024.0,2.0,1.0,1.0,1.0,39.0,32.0,-0.0030632107251067353,-0.0017650185808415486,16.0,8192.0,6400000.0
1.0,1024.0,2.0,1.0,1.0,1.0,39.0,32.0,-0.0030632107251067353,-0.0017650185808415486,16.0,16384.0,6400000.0
1.0,2.0,8.0,1.0,1.0,1.0,543.0,32.0,-0.0030632107251067353,-0.0017650185808415486,256.0,0.25,6400000.0
1.0,1024.0,2.0,1.0,1.0,1.0,39.0,32.0,-0.0030632107251067353,-0.0017650185808415486,16.0,32768.0,6400000.0
409.0,1024.0,2.0,2.0,1792.0,1625.0,64530.0,207648.0,0.255983004902547,0.25952608050257164,32.0,0.000976562,6400000.0
1.0,2.0,8.0,1.0,1.0,1.0,543.0,32.0,-0.0030632107251067353,-0.0017650185808415486,4096.0,0.0625,6400000.0
264.0,1024.0,2.0,2.0,1163.0,1032.0,41376.0,131328.0,0.2613591222935453,0.26299361285105893,32.0,0.00195312,6400000.0
1024.0,1024.0,2.0,2.0,4304.0,4085.0,158872.0,522528.0,0.24472598375596588,0.24985261187820473,32.0,0.0,6400000.0
161.0,1024.0,2.0,2.0,718.0,624.0,24817.0,79232.0,0.26221916607441687,0.2662459411712603,32.0,0.00390625,6400000.0
129.0,1024.0,2.0,2.0,581.0,499.0,19995.0,63328.0,0.261446080277708,0.26695415174517567,32.0,0.0078125,6400000.0
72.0,1024.0,2.0,2.0,343.0,283.0,11364.0,36064.0,0.2598232841298568,0.2689191951493547,32.0,0.015625,6400000.0
2.0,2.0,8.0,2.0,6.0,4.0,970.0,384.0,0.07262288558772911,0.07510528703488584,64.0,16.0,6400000.0
1.0,2.0,8.0,1.0,1.0,1.0,543.0,32.0,-0.0030632107251067353,-0.0017650185808415486,8192.0,0.25,6400000.0
1.0,2.0,8.0,1.0,1.0,1.0,543.0,32.0,-0.0030632107251067353,-0.0017650185808415486,512.0,1.0,6400000.0
1.0,1.0,1.0,1.0,1.0,1.0,35.0,32.0,-0.0030632107251067353,-0.0017650185808415486,512.0,32768.0,6400000.0
39.0,1024.0,2.0,2.0,162.0,137.0,5411.0,16928.0,0.25905992569632974,0.2709832339157031,32.0,0.125,6400000.0
53.0,1024.0,2.0,2.0,257.0,211.0,8600.0,26976.0,0.25946067311471355,0.26961647397729316,32.0,0.03125,6400000.0
51.0,1024.0,2.0,2.0,234.0,195.0,7842.0,24672.0,0.258364443030106,0.26933584066351557,32.0,0.0625,6400000.0
39.0,1024.0,2.0,2.0,159.0,135.0,5305.0,16608.0,0.2593817969921589,0.27101805589306294,32.0,0.25,6400000.0
1.0,2.0,8.0,1.0,1.0,1.0,543.0,32.0,-0.0030632107251067353,-0.0017650185808415486,128.0,64.0,6400000.0
1.0,2.0,8.0,1.0,1.0,1.0,543.0,32.0,-0.0030632107251067353,-0.0017650185808415486,1024.0,4.0,6400000.0
28.0,1024.0,2.0,2.0,130.0,109.0,4298.0,13856.0,0.2589595133955369,0.26969276798452724,32.0,0.5,6400000.0
1.0,2.0,8.0,1.0,1.0,1.0,543.0,32.0,-0.0030632107251067353,-0.0017650185808415486,2048.0,16.0,6400000.0
25.0,1024.0,2.0,2.0,98.0,78.0,3165.0,9280.0,0.25458612769279687,0.26652926967123536,32.0,1.0,6400000.0
22.0,1024.0,2.0,2.0,87.0,69.0,2845.0,8224.0,0.2533548419140267,0.2641108116508766,32.0,2.0,6400000.0
1.0,2.0,8.0,1.0,1.0,1.0,543.0,32.0,-0.0030632107251067353,-0.0017650185808415486,32.0,4096.0,6400000.0
19.0,1024.0,2.0,2.0,74.0,57.0,2380.0,6688.0,0.2512662014893755,0.2606608379591845,32.0,4.0,6400000.0
1.0,2.0,8.0,1.0,1.0,1.0,543.0,32.0,-0.0030632107251067353,-0.0017650185808415486,256.0,256.0,6400000.0
1.0,2.0,8.0,1.0,1.0,1.0,543.0,32.0,-0.0030632107251067353,-0.0017650185808415486,512.0,1024.0,6400000.0
11.0,1024.0,2.0,2.0,30.0,22.0,872.0,2112.0,0.211815897449531,0.21820531799146736,32.0,16.0,6400000.0
1.0,2.0,8.0,1.0,1.0,1.0,543.0,32.0,-0.0030632107251067353,-0.0017650185808415486,16.0,1024.0,6400000.0
1.0,2.0,8.0,1.0,1.0,1.0,543.0,32.0,-0.0030632107251067353,-0.0017650185808415486,512.0,0.00195312,6400000.0
3.0,1024.0,2.0,2.0,9.0,6.0,287.0,576.0,0.10115259004895938,0.10346957106453547,32.0,64.0,6400000.0
1.0,2.0,8.0,1.0,1.0,1.0,543.0,32.0,-0.0030632107251067353,-0.0017650185808415486,64.0,16384.0,6400000.0
8.0,1024.0,2.0,2.0,22.0,16.0,664.0,1536.0,0.184803559555608,0.19082719424152972,32.0,32.0,6400000.0
1.0,2.0,8.0,1.0,1.0,1.0,543.0,32.0,-0.0030632107251067353,-0.0017650185808415486,4096.0,64.0,6400000.0
1.0,1024.0,2.0,1.0,1.0,1.0,39.0,32.0,-0.0030632107251067353,-0.0017650185808415486,32.0,128.0,6400000.0
15.0,1024.0,2.0,2.0,47.0,34.0,1432.0,3520.0,0.23483331904090687,0.24244665993785774,32.0,8.0,6400000.0
1.0,2.0,8.0,1.0,1.0,1.0,543.0,32.0,-0.0030632107251067353,-0.0017650185808415486,256.0,0.0,6400000.0
1.0,1024.0,2.0,1.0,1.0,1.0,39.0,32.0,-0.0030632107251067353,-0.0017650185808415486,32.0,256.0,6400000.0
1.0,2.0,8.0,1.0,1.0,1.0,543.0,32.0,-0.0030632107251067353,-0.0017650185808415486,1024.0,4096.0,6400000.0
1.0,2.0,8.0,1.0,1.0,1.0,543.0,32.0,-0.0030632107251067353,-0.0017650185808415486,8192.0,256.0,6400000.0
1.0,1024.0,2.0,1.0,1.0,1.0,39.0,32.0,-0.0030632107251067353,-0.0017650185808415486,32.0,512.0,6400000.0
1.0,1024.0,2.0,1.0,1.0,1.0,39.0,32.0,-0.0030632107251067353,-0.0017650185808415486,32.0,2048.0,6400000.0
1.0,1024.0,2.0,1.0,1.0,1.0,39.0,32.0,-0.0030632107251067353,-0.0017650185808415486,32.0,1024.0,6400000.0
1.0,1024.0,2.0,1.0,1.0,1.0,39.0,32.0,-0.0030632107251067353,-0.0017650185808415486,32.0,4096.0,6400000.0
2.0,2.0,8.0,2.0,99.0,62.0,4712.0,9664.0,0.08960721285023265,0.09204312567837447,32.0,0.0078125,6400000.0
1.0,2.0,8.0,1.0,1.0,1.0,543.0,32.0,-0.0030632107251067353,-0.0017650185808415486,1024.0,0.0078125,6400000.0
2.0,2.0,8.0,2.0,10.0,6.0,1299.0,704.0,0.08373057448791543,0.08530390601495486,32.0,8.0,6400000.0
1.0,2.0,8.0,1.0,1.0,1.0,543.0,32.0,-0.0030632107251067353,-0.0017650185808415486,128.0,0.125,6400000.0
1.0,2.0,8.0,1.0,1.0,1.0,543.0,32.0,-0.0030632107251067353,-0.0017650185808415486,16384.0,0.00195312,6400000.0
1.0,2.0,8.0,1.0,1.0,1.0,543.0,32.0,-0.0030632107251067353,-0.0017650185808415486,8192.0,0.0,6400000.0
1.0,1024.0,2.0,1.0,1.0,1.0,39.0,32.0,-0.0030632107251067353,-0.0017650185808415486,32.0,16384.0,6400000.0
1.0,1024.0,2.0,1.0,1.0,1.0,39.0,32.0,-0.0030632107251067353,-0.0017650185808415486,32.0,8192.0,6400000.0
1.0,1024.0,2.0,1.0,1.0,1.0,39.0,32.0,-0.0030632107251067353,-0.0017650185808415486,32.0,32768.0,6400000.0
1.0,2.0,8.0,1.0,1.0,1.0,543.0,32.0,-0.0030632107251067353,-0.0017650185808415486,2048.0,0.03125,6400000.0
1.0,2.0,8.0,1.0,1.0,1.0,543.0,32.0,-0.0030632107251067353,-0.0017650185808415486,256.0,0.5,6400000.0
2.0,2.0,8.0,2.0,99.0,62.0,4712.0,9664.0,0.08960721285023265,0.09204312567837447,64.0,0.03125,6400000.0
1.0,1.0,1.0,1.0,1.0,1.0,35.0,32.0,-0.0030632107251067353,-0.0017650185808415486,1024.0,0.03125,6400000.0
1.0,2.0,8.0,1.0,1.0,1.0,543.0,32.0,-0.0030632107251067353,-0.0017650185808415486,2048.0,16384.0,6400000.0
1.0,2.0,8.0,1.0,1.0,1.0,543.0,32.0,-0.0030632107251067353,-0.0017650185808415486,4096.0,0.125,6400000.0
1024.0,1024.0,2.0,2.0,4304.0,4085.0,158872.0,522528.0,0.24472598375596588,0.24985261187820473,64.0,0.0,6400000.0
409.0,1024.0,2.0,2.0,1792.0,1625.0,64530.0,207648.0,0.255983004902547,0.25952608050257164,64.0,0.000976562,6400000.0
264.0,1024.0,2.0,2.0,1163.0,1032.0,41376.0,131328.0,0.2613591222935453,0.26299361285105893,64.0,0.00195312,6400000.0
161.0,1024.0,2.0,2.0,718.0,624.0,24817.0,79232.0,0.26221916607441687,0.2662459411712603,64.0,0.00390625,6400000.0
129.0,1024.0,2.0,2.0,581.0,499.0,19995.0,63328.0,0.261446080277708,0.26695415174517567,64.0,0.0078125,6400000.0
51.0,1024.0,2.0,2.0,234.0,195.0,7842.0,24672.0,0.258364443030106,0.26933584066351557,64.0,0.0625,6400000.0
72.0,1024.0,2.0,2.0,343.0,283.0,11364.0,36064.0,0.2598232841298568,0.2689191951493547,64.0,0.015625,6400000.0
2.0,2.0,8.0,2.0,6.0,4.0,970.0,384.0,0.07262288558772911,0.07510528703488584,64.0,32.0,6400000.0
1.0,2.0,8.0,1.0,1.0,1.0,543.0,32.0,-0.0030632107251067353,-0.0017650185808415486,8192.0,0.5,6400000.0
1.0,2.0,8.0,1.0,1.0,1.0,543.0,32.0,-0.0030632107251067353,-0.0017650185808415486,512.0,2.0,6400000.0
39.0,1024.0,2.0,2.0,162.0,137.0,5411.0,16928.0,0.25905992569632974,0.2709832339157031,64.0,0.125,6400000.0
1.0,1.0,1.0,1.0,1.0,1.0,35.0,32.0,-0.0030632107251067353,-0.0017650185808415486,1024.0,0.0,6400000.0
1.0,2.0,8.0,1.0,1.0,1.0,543.0,32.0,-0.0030632107251067353,-0.0017650185808415486,16384.0,2.0,6400000.0
53.0,1024.0,2.0,2.0,257.0,211.0,8600.0,26976.0,0.25946067311471355,0.26961647397729316,64.0,0.03125,6400000.0
39.0,1024.0,2.0,2.0,159.0,135.0,5305.0,16608.0,0.2593817969921589,0.27101805589306294,64.0,0.25,6400000.0
1.0,2.0,8.0,1.0,1.0,1.0,543.0,32.0,-0.0030632107251067353,-0.0017650185808415486,128.0,128.0,6400000.0
28.0,1024.0,2.0,2.0,130.0,109.0,4298.0,13856.0,0.2589595133955369,0.26969276798452724,64.0,0.5,6400000.0
1.0,2.0,8.0,1.0,1.0,1.0,543.0,32.0,-0.0030632107251067353,-0.0017650185808415486,1024.0,8.0,6400000.0
1.0,2.0,8.0,1.0,1.0,1.0,543.0,32.0,-0.0030632107251067353,-0.0017650185808415486,2048.0,32.0,6400000.0
25.0,1024.0,2.0,2.0,98.0,78.0,3165.0,9280.0,0.25458612769279687,0.26652926967123536,64.0,1.0,6400000.0
22.0,1024.0,2.0,2.0,87.0,69.0,2845.0,8224.0,0.2533548419140267,0.2641108116508766,64.0,2.0,6400000.0
19.0,1024.0,2.0,2.0,74.0,57.0,2380.0,6688.0,0.2512662014893755,0.2606608379591845,64.0,4.0,6400000.0
1.0,2.0,8.0,1.0,1.0,1.0,543.0,32.0,-0.0030632107251067353,-0.0017650185808415486,256.0,512.0,6400000.0
1.0,2.0,8.0,1.0,1.0,1.0,543.0,32.0,-0.0030632107251067353,-0.0017650185808415486,512.0,0.00390625,6400000.0
1.0,2.0,8.0,1.0,1.0,1.0,543.0,32.0,-0.0030632107251067353,-0.0017650185808415486,512.0,2048.0,6400000.0
11.0,1024.0,2.0,2.0,30.0,22.0,872.0,2112.0,0.211815897449531,0.21820531799146736,64.0,16.0,6400000.0
1.0,2.0,8.0,1.0,1.0,1.0,543.0,32.0,-0.0030632107251067353,-0.0017650185808415486,32.0,8192.0,6400000.0
1.0,2.0,8.0,1.0,1.0,1.0,543.0,32.0,-0.0030632107251067353,-0.0017650185808415486,4096.0,128.0,6400000.0
1.0,2.0,8.0,1.0,1.0,1.0,543.0,32.0,-0.0030632107251067353,-0.0017650185808415486,64.0,32768.0,6400000.0
1.0,1024.0,2.0,1.0,1.0,1.0,39.0,32.0,-0.0030632107251067353,-0.0017650185808415486,64.0,128.0,6400000.0
15.0,1024.0,2.0,2.0,47.0,34.0,1432.0,3520.0,0.23483331904090687,0.24244665993785774,64.0,8.0,6400000.0
1.0,2.0,8.0,1.0,1.0,1.0,543.0,32.0,-0.0030632107251067353,-0.0017650185808415486,256.0,0.000976562,6400000.0
1.0,1024.0,2.0,1.0,1.0,1.0,39.0,32.0,-0.0030632107251067353,-0.0017650185808415486,64.0,64.0,6400000.0
8.0,1024.0,2.0,2.0,22.0,16.0,664.0,1536.0,0.184803559555608,0.19082719424152972,64.0,32.0,6400000.0
1.0,1.0,1.0,1.0,1.0,1.0,35.0,32.0,-0.0030632107251067353,-0.0017650185808415486,1024.0,4.0,6400000.0
1.0,2.0,8.0,1.0,1.0,1.0,543.0,32.0,-0.0030632107251067353,-0.0017650185808415486,16384.0,2048.0,6400000.0
1.0,2.0,8.0,1.0,1.0,1.0,543.0,32.0,-0.0030632107251067353,-0.0017650185808415486,8192.0,512.0,6400000.0
1.0,1024.0,2.0,1.0,1.0,1.0,39.0,32.0,-0.0030632107251067353,-0.0017650185808415486,64.0,256.0,6400000.0
1.0,2.0,8.0,1.0,1.0,1.0,543.0,32.0,-0.0030632107251067353,-0.0017650185808415486,1024.0,8192.0,6400000.0
1.0,1024.0,2.0,1.0,1.0,1.0,39.0,32.0,-0.0030632107251067353,-0.0017650185808415486,64.0,512.0,6400000.0
1.0,1024.0,2.0,1.0,1.0,1.0,39.0,32.0,-0.0030632107251067353,-0.0017650185808415486,64.0,1024.0,6400000.0
1.0,2.0,8.0,1.0,1.0,1.0,543.0,32.0,-0.0030632107251067353,-0.0017650185808415486,1024.0,0.015625,6400000.0
1.0,1024.0,2.0,1.0,1.0,1.0,39.0,32.0,-0.0030632107251067353,-0.0017650185808415486,64.0,2048.0,6400000.0
1.0,1024.0,2.0,1.0,1.0,1.0,39.0,32.0,-0.0030632107251067353,-0.0017650185808415486,64.0,4096.0,6400000.0
1.0,1024.0,2.0,1.0,1.0,1.0,39.0,32.0,-0.0030632107251067353,-0.0017650185808415486,64.0,8192.0,6400000.0
1.0,2.0,8.0,1.0,1.0,1.0,543.0,32.0,-0.0030632107251067353,-0.0017650185808415486,16384.0,0.00390625,6400000.0
1.0,1024.0,2.0,1.0,1.0,1.0,39.0,32.0,-0.0030632107251067353,-0.0017650185808415486,64.0,32768.0,6400000.0
1.0,2.0,8.0,1.0,1.0,1.0,543.0,32.0,-0.0030632107251067353,-0.0017650185808415486,128.0,0.25,6400000.0
1.0,2.0,8.0,1.0,1.0,1.0,543.0,32.0,-0.0030632107251067353,-0.0017650185808415486,8192.0,0.000976562,6400000.0
1.0,1024.0,2.0,1.0,1.0,1.0,39.0,32.0,-0.0030632107251067353,-0.0017650185808415486,128.0,0.0,6400000.0
1.0,2.0,8.0,1.0,1.0,1.0,543.0,32.0,-0.0030632107251067353,-0.0017650185808415486,256.0,1.0,6400000.0
1.0,1024.0,2.0,1.0,1.0,1.0,39.0,32.0,-0.0030632107251067353,-0.0017650185808415486,64.0,16384.0,6400000.0
1.0,2.0,8.0,1.0,1.0,1.0,543.0,32.0,-0.0030632107251067353,-0.0017650185808415486,2048.0,0.0625,6400000.0
1.0,2.0,8.0,1.0,1.0,1.0,543.0,32.0,-0.0030632107251067353,-0.0017650185808415486,4096.0,0.25,6400000.0
2.0,2.0,8.0,2.0,98.0,62.0,4711.0,9664.0,0.0900323968918344,0.09193670104813867,64.0,0.0625,6400000.0
1.0,1.0,1.0,1.0,1.0,1.0,35.0,32.0,-0.0030632107251067353,-0.0017650185808415486,1024.0,0.0625,6400000.0
1.0,2.0,8.0,1.0,1.0,1.0,543.0,32.0,-0.0030632107251067353,-0.0017650185808415486,2048.0,32768.0,6400000.0
1.0,2.0,8.0,1.0,1.0,1.0,543.0,32.0,-0.0030632107251067353,-0.0017650185808415486,32768.0,0.015625,6400000.0
1.0,1024.0,2.0,1.0,1.0,1.0,39.0,32.0,-0.0030632107251067353,-0.0017650185808415486,128.0,0.000976562,6400000.0
1.0,1024.0,2.0,1.0,1.0,1.0,39.0,32.0,-0.0030632107251067353,-0.0017650185808415486,128.0,0.00195312,6400000.0
1.0,1024.0,2.0,1.0,1.0,1.0,39.0,32.0,-0.0030632107251067353,-0.0017650185808415486,128.0,0.00390625,6400000.0
1.0,1024.0,2.0,1.0,1.0,1.0,39.0,32.0,-0.0030632107251067353,-0.0017650185808415486,128.0,0.0078125,6400000.0
1.0,2.0,8.0,1.0,1.0,1.0,543.0,32.0,-0.0030632107251067353,-0.0017650185808415486,8192.0,1.0,6400000.0
1.0,2.0,8.0,1.0,1.0,1.0,543.0,32.0,-0.0030632107251067353,-0.0017650185808415486,512.0,4.0,6400000.0
1.0,1.0,1.0,1.0,1.0,1.0,35.0,32.0,-0.0030632107251067353,-0.0017650185808415486,1024.0,0.000976562,6400000.0
1.0,2.0,8.0,1.0,1.0,1.0,543.0,32.0,-0.0030632107251067353,-0.0017650185808415486,64.0,64.0,6400000.0
1.0,2.0,8.0,1.0,1.0,1.0,543.0,32.0,-0.0030632107251067353,-0.0017650185808415486,16384.0,4.0,6400000.0
1.0,1024.0,2.0,1.0,1.0,1.0,39.0,32.0,-0.0030632107251067353,-0.0017650185808415486,128.0,0.125,6400000.0
1.0,1024.0,2.0,1.0,1.0,1.0,39.0,32.0,-0.0030632107251067353,-0.0017650185808415486,128.0,0.015625,6400000.0
1.0,1024.0,2.0,1.0,1.0,1.0,39.0,32.0,-0.0030632107251067353,-0.0017650185808415486,128.0,0.03125,6400000.0
1.0,1024.0,2.0,1.0,1.0,1.0,39.0,32.0,-0.0030632107251067353,-0.0017650185808415486,128.0,0.25,6400000.0
1.0,1024.0,2.0,1.0,1.0,1.0,39.0,32.0,-0.0030632107251067353,-0.0017650185808415486,128.0,0.0625,6400000.0
1.0,1024.0,2.0,1.0,1.0,1.0,39.0,32.0,-0.0030632107251067353,-0.0017650185808415486,128.0,0.5,6400000.0
1.0,2.0,8.0,1.0,1.0,1.0,543.0,32.0,-0.0030632107251067353,-0.0017650185808415486,128.0,256.0,6400000.0
1.0,2.0,8.0,1.0,1.0,1.0,543.0,32.0,-0.0030632107251067353,-0.0017650185808415486,2048.0,64.0,6400000.0
1.0,1024.0,2.0,1.0,1.0,1.0,39.0,32.0,-0.0030632107251067353,-0.0017650185808415486,128.0,1.0,6400000.0
1.0,2.0,8.0,1.0,1.0,1.0,543.0,32.0,-0.0030632107251067353,-0.0017650185808415486,1024.0,16.0,6400000.0
1.0,2.0,8.0,1.0,1.0,1.0,543.0,32.0,-0.0030632107251067353,-0.0017650185808415486,32768.0,16.0,6400000.0
1.0,1024.0,2.0,1.0,1.0,1.0,39.0,32.0,-0.0030632107251067353,-0.0017650185808415486,128.0,2.0,6400000.0
1.0,1024.0,2.0,1.0,1.0,1.0,39.0,32.0,-0.0030632107251067353,-0.0017650185808415486,128.0,8.0,6400000.0
1.0,1024.0,2.0,1.0,1.0,1.0,39.0,32.0,-0.0030632107251067353,-0.0017650185808415486,128.0,4.0,6400000.0
1.0,2.0,8.0,1.0,1.0,1.0,543.0,32.0,-0.0030632107251067353,-0.0017650185808415486,256.0,1024.0,6400000.0
1.0,2.0,8.0,1.0,1.0,1.0,543.0,32.0,-0.0030632107251067353,-0.0017650185808415486,512.0,0.0078125,6400000.0
1.0,2.0,8.0,1.0,1.0,1.0,543.0,32.0,-0.0030632107251067353,-0.0017650185808415486,512.0,4096.0,6400000.0
1.0,1.0,1.0,1.0,1.0,1.0,35.0,32.0,-0.0030632107251067353,-0.0017650185808415486,1024.0,8.0,6400000.0
1.0,1024.0,2.0,1.0,1.0,1.0,39.0,32.0,-0.0030632107251067353,-0.0017650185808415486,128.0,16.0,6400000.0
1.0,1024.0,2.0,1.0,1.0,1.0,39.0,32.0,-0.0030632107251067353,-0.0017650185808415486,128.0,128.0,6400000.0
1.0,1024.0,2.0,1.0,1.0,1.0,39.0,32.0,-0.0030632107251067353,-0.0017650185808415486,128.0,32.0,6400000.0
1.0,2.0,8.0,1.0,1.0,1.0,543.0,32.0,-0.0030632107251067353,-0.0017650185808415486,4096.0,256.0,6400000.0
1.0,2.0,8.0,1.0,1.0,1.0,543.0,32.0,-0.0030632107251067353,-0.0017650185808415486,256.0,0.00195312,6400000.0
1.0,1024.0,2.0,1.0,1.0,1.0,39.0,32.0,-0.0030632107251067353,-0.0017650185808415486,128.0,64.0,6400000.0
1.0,1024.0,2.0,1.0,1.0,1.0,39.0,32.0,-0.0030632107251067353,-0.0017650185808415486,128.0,512.0,6400000.0
1.0,2.0,8.0,1.0,1.0,1.0,543.0,32.0,-0.0030632107251067353,-0.0017650185808415486,8192.0,1024.0,6400000.0
1.0,2.0,8.0,1.0,1.0,1.0,543.0,32.0,-0.0030632107251067353,-0.0017650185808415486,16384.0,4096.0,6400000.0
1.0,1024.0,2.0,1.0,1.0,1.0,39.0,32.0,-0.0030632107251067353,-0.0017650185808415486,128.0,256.0,6400000.0
1.0,1024.0,2.0,1.0,1.0,1.0,39.0,32.0,-0.0030632107251067353,-0.0017650185808415486,128.0,1024.0,6400000.0
1.0,2.0,8.0,1.0,1.0,1.0,543.0,32.0,-0.0030632107251067353,-0.0017650185808415486,128.0,0.0,6400000.0
1.0,2.0,8.0,1.0,1.0,1.0,543.0,32.0,-0.0030632107251067353,-0.0017650185808415486,1024.0,0.03125,6400000.0
1.0,2.0,8.0,1.0,1.0,1.0,543.0,32.0,-0.0030632107251067353,-0.0017650185808415486,1024.0,16384.0,6400000.0
1.0,1024.0,2.0,1.0,1.0,1.0,39.0,32.0,-0.0030632107251067353,-0.0017650185808415486,128.0,2048.0,6400000.0
1.0,2.0,8.0,1.0,1.0,1.0,543.0,32.0,-0.0030632107251067353,-0.0017650185808415486,32768.0,16384.0,6400000.0
1.0,1024.0,2.0,1.0,1.0,1.0,39.0,32.0,-0.0030632107251067353,-0.0017650185808415486,128.0,32768.0,6400000.0
1.0,2.0,8.0,1.0,1.0,1.0,543.0,32.0,-0.0030632107251067353,-0.0017650185808415486,128.0,0.5,6400000.0
1.0,2.0,8.0,1.0,1.0,1.0,543.0,32.0,-0.0030632107251067353,-0.0017650185808415486,8192.0,0.00195312,6400000.0
1.0,2.0,8.0,1.0,1.0,1.0,543.0,32.0,-0.0030632107251067353,-0.0017650185808415486,16384.0,0.0078125,6400000.0
1.0,1024.0,2.0,1.0,1.0,1.0,39.0,32.0,-0.0030632107251067353,-0.0017650185808415486,128.0,16384.0,6400000.0
1.0,1024.0,2.0,1.0,1.0,1.0,39.0,32.0,-0.0030632107251067353,-0.0017650185808415486,128.0,8192.0,6400000.0
1.0,2.0,8.0,1.0,1.0,1.0,543.0,32.0,-0.0030632107251067353,-0.0017650185808415486,256.0,2.0,6400000.0
1.0,1024.0,2.0,1.0,1.0,1.0,39.0,32.0,-0.0030632107251067353,-0.0017650185808415486,128.0,4096.0,6400000.0
1.0,1.0,1.0,1.0,1.0,1.0,35.0,32.0,-0.0030632107251067353,-0.0017650185808415486,1024.0,0.125,6400000.0
1.0,2.0,8.0,1.0,1.0,1.0,543.0,32.0,-0.0030632107251067353,-0.0017650185808415486,4096.0,0.0,6400000.0
1.0,1024.0,2.0,1.0,1.0,1.0,39.0,32.0,-0.0030632107251067353,-0.0017650185808415486,256.0,0.000976562,6400000.0
1.0,2.0,8.0,1.0,1.0,1.0,543.0,32.0,-0.0030632107251067353,-0.0017650185808415486,4096.0,0.5,6400000.0
1.0,2.0,8.0,1.0,1.0,1.0,543.0,32.0,-0.0030632107251067353,-0.0017650185808415486,32768.0,0.03125,6400000.0
1.0,2.0,8.0,1.0,1.0,1.0,543.0,32.0,-0.0030632107251067353,-0.0017650185808415486,2048.0,0.125,6400000.0
1.0,1024.0,2.0,1.0,1.0,1.0,39.0,32.0,-0.0030632107251067353,-0.0017650185808415486,256.0,0.0,6400000.0
1.0,1024.0,2.0,1.0,1.0,1.0,39.0,32.0,-0.0030632107251067353,-0.0017650185808415486,256.0,0.00195312,6400000.0
1.0,1024.0,2.0,1.0,1.0,1.0,39.0,32.0,-0.0030632107251067353,-0.0017650185808415486,256.0,0.00390625,6400000.0
4.0,4.0,1.0,2.0,12.0,8.0,377.0,768.0,0.12309422409684001,0.12713646261942835,0.0,0.125,6400000.0
1.0,1024.0,2.0,1.0,1.0,1.0,39.0,32.0,-0.0030632107251067353,-0.0017650185808415486,256.0,0.0078125,6400000.0
1.0,2.0,8.0,1.0,1.0,1.0,543.0,32.0,-0.0030632107251067353,-0.0017650185808415486,8192.0,2.0,6400000.0
1.0,2.0,8.0,1.0,1.0,1.0,543.0,32.0,-0.0030632107251067353,-0.0017650185808415486,512.0,8.0,6400000.0
1.0,1024.0,2.0,1.0,1.0,1.0,39.0,32.0,-0.0030632107251067353,-0.0017650185808415486,256.0,0.015625,6400000.0
1.0,1.0,1.0,1.0,1.0,1.0,35.0,32.0,-0.0030632107251067353,-0.0017650185808415486,1024.0,0.00195312,6400000.0
1.0,2.0,8.0,1.0,1.0,1.0,543.0,32.0,-0.0030632107251067353,-0.0017650185808415486,16384.0,8.0,6400000.0
1.0,1024.0,2.0,1.0,1.0,1.0,39.0,32.0,-0.0030632107251067353,-0.0017650185808415486,256.0,0.03125,6400000.0
1.0,1024.0,2.0,1.0,1.0,1.0,39.0,32.0,-0.0030632107251067353,-0.0017650185808415486,256.0,0.25,6400000.0
1.0,1024.0,2.0,1.0,1.0,1.0,39.0,32.0,-0.0030632107251067353,-0.0017650185808415486,256.0,0.0625,6400000.0
1.0,2.0,8.0,1.0,1.0,1.0,543.0,32.0,-0.0030632107251067353,-0.0017650185808415486,128.0,512.0,6400000.0
1.0,1024.0,2.0,1.0,1.0,1.0,39.0,32.0,-0.0030632107251067353,-0.0017650185808415486,256.0,2.0,6400000.0
1.0,2.0,8.0,1.0,1.0,1.0,543.0,32.0,-0.0030632107251067353,-0.0017650185808415486,2048.0,128.0,6400000.0
1.0,1024.0,2.0,1.0,1.0,1.0,39.0,32.0,-0.0030632107251067353,-0.0017650185808415486,256.0,0.125,6400000.0
1.0,1024.0,2.0,1.0,1.0,1.0,39.0,32.0,-0.0030632107251067353,-0.0017650185808415486,256.0,0.5,6400000.0
1.0,1024.0,2.0,1.0,1.0,1.0,39.0,32.0,-0.0030632107251067353,-0.0017650185808415486,256.0,4.0,6400000.0
1.0,1024.0,2.0,1.0,1.0,1.0,39.0,32.0,-0.0030632107251067353,-0.0017650185808415486,256.0,1.0,6400000.0
1.0,2.0,8.0,1.0,1.0,1.0,543.0,32.0,-0.0030632107251067353,-0.0017650185808415486,32768.0,32.0,6400000.0
1.0,2.0,8.0,1.0,1.0,1.0,543.0,32.0,-0.0030632107251067353,-0.0017650185808415486,1024.0,32.0,6400000.0
1.0,1024.0,2.0,1.0,1.0,1.0,39.0,32.0,-0.0030632107251067353,-0.0017650185808415486,256.0,8.0,6400000.0
1.0,1024.0,2.0,1.0,1.0,1.0,39.0,32.0,-0.0030632107251067353,-0.0017650185808415486,256.0,16.0,6400000.0
1.0,2.0,8.0,1.0,1.0,1.0,543.0,32.0,-0.0030632107251067353,-0.0017650185808415486,256.0,2048.0,6400000.0
1.0,4.0,1.0,1.0,1.0,1.0,35.0,32.0,-0.0030632107251067353,-0.0017650185808415486,0.0,128.0,6400000.0
1.0,1.0,1.0,1.0,1.0,1.0,35.0,32.0,-0.0030632107251067353,-0.0017650185808415486,1024.0,16.0,6400000.0
1.0,2.0,8.0,1.0,1.0,1.0,543.0,32.0,-0.0030632107251067353,-0.0017650185808415486,512.0,0.015625,6400000.0
1.0,2.0,8.0,1.0,1.0,1.0,543.0,32.0,-0.0030632107251067353,-0.0017650185808415486,4096.0,512.0,6400000.0
1.0,2.0,8.0,1.0,1.0,1.0,543.0,32.0,-0.0030632107251067353,-0.0017650185808415486,512.0,8192.0,6400000.0
1.0,2.0,8.0,1.0,1.0,1.0,543.0,32.0,-0.0030632107251067353,-0.0017650185808415486,256.0,0.00390625,6400000.0
1.0,2.0,8.0,1.0,1.0,1.0,543.0,32.0,-0.0030632107251067353,-0.0017650185808415486,8192.0,2048.0,6400000.0
1.0,1024.0,2.0,1.0,1.0,1.0,39.0,32.0,-0.0030632107251067353,-0.0017650185808415486,256.0,32.0,6400000.0
1.0,1024.0,2.0,1.0,1.0,1.0,39.0,32.0,-0.0030632107251067353,-0.0017650185808415486,256.0,64.0,6400000.0
1.0,1024.0,2.0,1.0,1.0,1.0,39.0,32.0,-0.0030632107251067353,-0.0017650185808415486,256.0,128.0,6400000.0
1.0,2.0,8.0,1.0,1.0,1.0,543.0,32.0,-0.0030632107251067353,-0.0017650185808415486,16384.0,8192.0,6400000.0
1.0,1024.0,2.0,1.0,1.0,1.0,39.0,32.0,-0.0030632107251067353,-0.0017650185808415486,256.0,4096.0,6400000.0
1.0,1024.0,2.0,1.0,1.0,1.0,39.0,32.0,-0.0030632107251067353,-0.0017650185808415486,256.0,1024.0,6400000.0
1.0,2.0,8.0,1.0,1.0,1.0,543.0,32.0,-0.0030632107251067353,-0.0017650185808415486,1024.0,0.0625,6400000.0
1.0,1024.0,2.0,1.0,1.0,1.0,39.0,32.0,-0.0030632107251067353,-0.0017650185808415486,256.0,512.0,6400000.0
1.0,1024.0,2.0,1.0,1.0,1.0,39.0,32.0,-0.0030632107251067353,-0.0017650185808415486,256.0,256.0,6400000.0
1.0,2.0,8.0,1.0,1.0,1.0,543.0,32.0,-0.0030632107251067353,-0.0017650185808415486,1024.0,32768.0,6400000.0
1.0,2.0,8.0,1.0,1.0,1.0,543.0,32.0,-0.0030632107251067353,-0.0017650185808415486,16384.0,0.015625,6400000.0
1.0,2.0,8.0,1.0,1.0,1.0,543.0,32.0,-0.0030632107251067353,-0.0017650185808415486,32768.0,32768.0,6400000.0
1.0,2.0,8.0,1.0,1.0,1.0,543.0,32.0,-0.0030632107251067353,-0.0017650185808415486,8192.0,0.00390625,6400000.0
1.0,1024.0,2.0,1.0,1.0,1.0,39.0,32.0,-0.0030632107251067353,-0.0017650185808415486,256.0,2048.0,6400000.0
1.0,1024.0,2.0,1.0,1.0,1.0,39.0,32.0,-0.0030632107251067353,-0.0017650185808415486,256.0,8192.0,6400000.0
4.0,4.0,1.0,2.0,12.0,8.0,377.0,768.0,0.12309422409684001,0.12713646261942835,0.000976562,0.000976562,6400000.0
1.0,1024.0,2.0,1.0,1.0,1.0,39.0,32.0,-0.0030632107251067353,-0.0017650185808415486,256.0,16384.0,6400000.0
1.0,1024.0,2.0,1.0,1.0,1.0,39.0,32.0,-0.0030632107251067353,-0.0017650185808415486,512.0,0.0,6400000.0
1.0,2.0,8.0,1.0,1.0,1.0,543.0,32.0,-0.0030632107251067353,-0.0017650185808415486,256.0,4.0,6400000.0
1.0,2.0,8.0,1.0,1.0,1.0,543.0,32.0,-0.0030632107251067353,-0.0017650185808415486,4096.0,1.0,6400000.0
1.0,2.0,8.0,1.0,1.0,1.0,543.0,32.0,-0.0030632107251067353,-0.0017650185808415486,32768.0,0.0625,6400000.0
1.0,1024.0,2.0,1.0,1.0,1.0,39.0,32.0,-0.0030632107251067353,-0.0017650185808415486,256.0,32768.0,6400000.0
1.0,2.0,8.0,1.0,1.0,1.0,543.0,32.0,-0.0030632107251067353,-0.0017650185808415486,2048.0,0.25,6400000.0
1.0,2.0,8.0,1.0,1.0,1.0,543.0,32.0,-0.0030632107251067353,-0.0017650185808415486,4096.0,0.000976562,6400000.0
1.0,1.0,1.0,1.0,1.0,1.0,35.0,32.0,-0.0030632107251067353,-0.0017650185808415486,1024.0,0.25,6400000.0
1.0,1024.0,2.0,1.0,1.0,1.0,39.0,32.0,-0.0030632107251067353,-0.0017650185808415486,512.0,0.000976562,6400000.0
1.0,1024.0,2.0,1.0,1.0,1.0,39.0,32.0,-0.0030632107251067353,-0.0017650185808415486,512.0,0.00195312,6400000.0
1.0,1024.0,2.0,1.0,1.0,1.0,39.0,32.0,-0.0030632107251067353,-0.0017650185808415486,512.0,0.00390625,6400000.0
4.0,4.0,1.0,2.0,12.0,8.0,377.0,768.0,0.12309422409684001,0.12713646261942835,0.0,0.25,6400000.0
1.0,1024.0,2.0,1.0,1.0,1.0,39.0,32.0,-0.0030632107251067353,-0.0017650185808415486,512.0,0.0078125,6400000.0
1.0,1024.0,2.0,1.0,1.0,1.0,39.0,32.0,-0.0030632107251067353,-0.0017650185808415486,512.0,0.015625,6400000.0
1.0,2.0,8.0,1.0,1.0,1.0,543.0,32.0,-0.0030632107251067353,-0.0017650185808415486,8192.0,4.0,6400000.0
1.0,2.0,8.0,1.0,1.0,1.0,543.0,32.0,-0.0030632107251067353,-0.0017650185808415486,512.0,16.0,6400000.0
1.0,2.0,8.0,1.0,1.0,1.0,543.0,32.0,-0.0030632107251067353,-0.0017650185808415486,16384.0,16.0,6400000.0
1.0,1024.0,2.0,1.0,1.0,1.0,39.0,32.0,-0.0030632107251067353,-0.0017650185808415486,512.0,0.0625,6400000.0
4.0,4.0,1.0,2.0,12.0,8.0,377.0,768.0,0.12309422409684001,0.12713646261942835,0.000976562,1.0,6400000.0
1.0,1024.0,2.0,1.0,1.0,1.0,39.0,32.0,-0.0030632107251067353,-0.0017650185808415486,512.0,0.03125,6400000.0
1.0,1024.0,2.0,1.0,1.0,1.0,39.0,32.0,-0.0030632107251067353,-0.0017650185808415486,512.0,0.125,6400000.0
1.0,1024.0,2.0,1.0,1.0,1.0,39.0,32.0,-0.0030632107251067353,-0.0017650185808415486,512.0,0.25,6400000.0
1.0,2.0,8.0,1.0,1.0,1.0,543.0,32.0,-0.0030632107251067353,-0.0017650185808415486,2048.0,256.0,6400000.0
1.0,1024.0,2.0,1.0,1.0,1.0,39.0,32.0,-0.0030632107251067353,-0.0017650185808415486,512.0,0.5,6400000.0
1.0,1024.0,2.0,1.0,1.0,1.0,39.0,32.0,-0.0030632107251067353,-0.0017650185808415486,512.0,1.0,6400000.0
1.0,1024.0,2.0,1.0,1.0,1.0,39.0,32.0,-0.0030632107251067353,-0.0017650185808415486,512.0,16.0,6400000.0
1.0,2.0,8.0,1.0,1.0,1.0,543.0,32.0,-0.0030632107251067353,-0.0017650185808415486,32768.0,64.0,6400000.0
1.0,1024.0,2.0,1.0,1.0,1.0,39.0,32.0,-0.0030632107251067353,-0.0017650185808415486,512.0,4.0,6400000.0
1.0,2.0,8.0,1.0,1.0,1.0,543.0,32.0,-0.0030632107251067353,-0.0017650185808415486,1024.0,64.0,6400000.0
1.0,1024.0,2.0,1.0,1.0,1.0,39.0,32.0,-0.0030632107251067353,-0.0017650185808415486,512.0,2.0,6400000.0
1.0,1024.0,2.0,1.0,1.0,1.0,39.0,32.0,-0.0030632107251067353,-0.0017650185808415486,512.0,32.0,6400000.0
1.0,1024.0,2.0,1.0,1.0,1.0,39.0,32.0,-0.0030632107251067353,-0.0017650185808415486,512.0,8.0,6400000.0
1.0,1024.0,2.0,1.0,1.0,1.0,39.0,32.0,-0.0030632107251067353,-0.0017650185808415486,512.0,64.0,6400000.0
1.0,4.0,1.0,1.0,1.0,1.0,35.0,32.0,-0.0030632107251067353,-0.0017650185808415486,0.000976562,1024.0,6400000.0
1.0,4.0,1.0,1.0,1.0,1.0,35.0,32.0,-0.0030632107251067353,-0.0017650185808415486,0.0,256.0,6400000.0
1.0,2.0,8.0,1.0,1.0,1.0,543.0,32.0,-0.0030632107251067353,-0.0017650185808415486,256.0,4096.0,6400000.0
1.0,2.0,8.0,1.0,1.0,1.0,543.0,32.0,-0.0030632107251067353,-0.0017650185808415486,512.0,16384.0,6400000.0
1.0,1.0,1.0,1.0,1.0,1.0,35.0,32.0,-0.0030632107251067353,-0.0017650185808415486,1024.0,32.0,6400000.0
1.0,2.0,8.0,1.0,1.0,1.0,543.0,32.0,-0.0030632107251067353,-0.0017650185808415486,512.0,0.03125,6400000.0
1.0,2.0,8.0,1.0,1.0,1.0,543.0,32.0,-0.0030632107251067353,-0.0017650185808415486,4096.0,1024.0,6400000.0
1.0,2.0,8.0,1.0,1.0,1.0,543.0,32.0,-0.0030632107251067353,-0.0017650185808415486,8192.0,4096.0,6400000.0
1.0,1024.0,2.0,1.0,1.0,1.0,39.0,32.0,-0.0030632107251067353,-0.0017650185808415486,512.0,256.0,6400000.0
1.0,1024.0,2.0,1.0,1.0,1.0,39.0,32.0,-0.0030632107251067353,-0.0017650185808415486,512.0,512.0,6400000.0
1.0,1024.0,2.0,1.0,1.0,1.0,39.0,32.0,-0.0030632107251067353,-0.0017650185808415486,512.0,128.0,6400000.0
4.0,4.0,1.0,2.0,12.0,8.0,377.0,768.0,0.12309422409684001,0.12713646261942835,0.0,0.0,6400000.0
1.0,2.0,8.0,1.0,1.0,1.0,543.0,32.0,-0.0030632107251067353,-0.0017650185808415486,16384.0,16384.0,6400000.0
1.0,2.0,8.0,1.0,1.0,1.0,543.0,32.0,-0.0030632107251067353,-0.0017650185808415486,1024.0,0.125,6400000.0
1.0,2.0,8.0,1.0,1.0,1.0,543.0,32.0,-0.0030632107251067353,-0.0017650185808415486,2048.0,0.0,6400000.0
1.0,2.0,8.0,1.0,1.0,1.0,543.0,32.0,-0.0030632107251067353,-0.0017650185808415486,8192.0,0.0078125,6400000.0
1.0,2.0,8.0,1.0,1.0,1.0,543.0,32.0,-0.0030632107251067353,-0.0017650185808415486,16384.0,0.03125,6400000.0
1.0,1024.0,2.0,1.0,1.0,1.0,39.0,32.0,-0.0030632107251067353,-0.0017650185808415486,512.0,8192.0,6400000.0
1.0,1024.0,2.0,1.0,1.0,1.0,39.0,32.0,-0.0030632107251067353,-0.0017650185808415486,512.0,4096.0,6400000.0
1.0,1024.0,2.0,1.0,1.0,1.0,39.0,32.0,-0.0030632107251067353,-0.0017650185808415486,512.0,2048.0,6400000.0
1.0,1024.0,2.0,1.0,1.0,1.0,39.0,32.0,-0.0030632107251067353,-0.0017650185808415486,512.0,1024.0,6400000.0
4.0,4.0,1.0,2.0,12.0,8.0,377.0,768.0,0.12309422409684001,0.12713646261942835,0.000976562,0.00195312,6400000.0
1.0,1024.0,2.0,1.0,1.0,1.0,39.0,32.0,-0.0030632107251067353,-0.0017650185808415486,512.0,16384.0,6400000.0
1.0,1024.0,2.0,1.0,1.0,1.0,39.0,32.0,-0.0030632107251067353,-0.0017650185808415486,512.0,32768.0,6400000.0
4.0,4.0,1.0,2.0,12.0,8.0,377.0,768.0,0.12309422409684001,0.12713646261942835,0.00195312,0.0078125,6400000.0
1.0,2.0,8.0,1.0,1.0,1.0,543.0,32.0,-0.0030632107251067353,-0.0017650185808415486,4096.0,2.0,6400000.0
1.0,2.0,8.0,1.0,1.0,1.0,543.0,32.0,-0.0030632107251067353,-0.0017650185808415486,32768.0,0.125,6400000.0
1.0,1024.0,2.0,1.0,1.0,1.0,39.0,32.0,-0.0030632107251067353,-0.0017650185808415486,1024.0,0.0,6400000.0
1.0,1024.0,2.0,1.0,1.0,1.0,39.0,32.0,-0.0030632107251067353,-0.0017650185808415486,1024.0,0.000976562,6400000.0
1.0,1024.0,2.0,1.0,1.0,1.0,39.0,32.0,-0.0030632107251067353,-0.0017650185808415486,1024.0,0.00195312,6400000.0
1.0,1024.0,2.0,1.0,1.0,1.0,39.0,32.0,-0.0030632107251067353,-0.0017650185808415486,1024.0,0.00390625,6400000.0
1.0,1.0,1.0,1.0,1.0,1.0,35.0,32.0,-0.0030632107251067353,-0.0017650185808415486,1024.0,0.5,6400000.0
1.0,2.0,8.0,1.0,1.0,1.0,543.0,32.0,-0.0030632107251067353,-0.0017650185808415486,4096.0,0.00195312,6400000.0
4.0,4.0,1.0,2.0,12.0,8.0,377.0,768.0,0.12309422409684001,0.12713646261942835,0.0,0.5,6400000.0
1.0,2.0,8.0,1.0,1.0,1.0,543.0,32.0,-0.0030632107251067353,-0.0017650185808415486,2048.0,0.5,6400000.0
1.0,1024.0,2.0,1.0,1.0,1.0,39.0,32.0,-0.0030632107251067353,-0.0017650185808415486,1024.0,0.0625,6400000.0
1.0,1024.0,2.0,1.0,1.0,1.0,39.0,32.0,-0.0030632107251067353,-0.0017650185808415486,1024.0,0.0078125,6400000.0
1.0,1024.0,2.0,1.0,1.0,1.0,39.0,32.0,-0.0030632107251067353,-0.0017650185808415486,1024.0,0.015625,6400000.0
1.0,1024.0,2.0,1.0,1.0,1.0,39.0,32.0,-0.0030632107251067353,-0.0017650185808415486,1024.0,0.03125,6400000.0
1.0,2.0,8.0,1.0,1.0,1.0,543.0,32.0,-0.0030632107251067353,-0.0017650185808415486,16384.0,32.0,6400000.0
1.0,1024.0,2.0,1.0,1.0,1.0,39.0,32.0,-0.0030632107251067353,-0.0017650185808415486,1024.0,0.125,6400000.0
1.0,2.0,8.0,1.0,1.0,1.0,543.0,32.0,-0.0030632107251067353,-0.0017650185808415486,8192.0,8.0,6400000.0
1.0,2.0,8.0,1.0,1.0,1.0,543.0,32.0,-0.0030632107251067353,-0.0017650185808415486,512.0,32.0,6400000.0
4.0,4.0,1.0,2.0,12.0,8.0,377.0,768.0,0.12309422409684001,0.12713646261942835,0.000976562,2.0,6400000.0
1.0,1024.0,2.0,1.0,1.0,1.0,39.0,32.0,-0.0030632107251067353,-0.0017650185808415486,1024.0,0.25,6400000.0
1.0,2.0,8.0,1.0,1.0,1.0,543.0,32.0,-0.0030632107251067353,-0.0017650185808415486,2048.0,512.0,6400000.0
1.0,1024.0,2.0,1.0,1.0,1.0,39.0,32.0,-0.0030632107251067353,-0.0017650185808415486,1024.0,0.5,6400000.0
4.0,4.0,1.0,2.0,12.0,8.0,377.0,768.0,0.12309422409684001,0.12713646261942835,0.00195312,8.0,6400000.0
1.0,1024.0,2.0,1.0,1.0,1.0,39.0,32.0,-0.0030632107251067353,-0.0017650185808415486,1024.0,1.0,6400000.0
1.0,2.0,8.0,1.0,1.0,1.0,543.0,32.0,-0.0030632107251067353,-0.0017650185808415486,32768.0,128.0,6400000.0
1.0,1024.0,2.0,1.0,1.0,1.0,39.0,32.0,-0.0030632107251067353,-0.0017650185808415486,1024.0,4.0,6400000.0
1.0,1.0,1.0,1.0,1.0,1.0,35.0,32.0,-0.0030632107251067353,-0.0017650185808415486,1024.0,4096.0,6400000.0
1.0,2.0,8.0,1.0,1.0,1.0,543.0,32.0,-0.0030632107251067353,-0.0017650185808415486,1024.0,128.0,6400000.0
1.0,1024.0,2.0,1.0,1.0,1.0,39.0,32.0,-0.0030632107251067353,-0.0017650185808415486,1024.0,64.0,6400000.0
1.0,1024.0,2.0,1.0,1.0,1.0,39.0,32.0,-0.0030632107251067353,-0.0017650185808415486,1024.0,2.0,6400000.0
1.0,1024.0,2.0,1.0,1.0,1.0,39.0,32.0,-0.0030632107251067353,-0.0017650185808415486,1024.0,32.0,6400000.0
1.0,1024.0,2.0,1.0,1.0,1.0,39.0,32.0,-0.0030632107251067353,-0.0017650185808415486,1024.0,16.0,6400000.0
1.0,1024.0,2.0,1.0,1.0,1.0,39.0,32.0,-0.0030632107251067353,-0.0017650185808415486,1024.0,8.0,6400000.0
1.0,4.0,1.0,1.0,1.0,1.0,35.0,32.0,-0.0030632107251067353,-0.0017650185808415486,0.000976562,2048.0,6400000.0
1.0,1024.0,2.0,1.0,1.0,1.0,39.0,32.0,-0.0030632107251067353,-0.0017650185808415486,1024.0,128.0,6400000.0
1.0,4.0,1.0,1.0,1.0,1.0,35.0,32.0,-0.0030632107251067353,-0.0017650185808415486,0.0,512.0,6400000.0
1.0,2.0,8.0,1.0,1.0,1.0,543.0,32.0,-0.0030632107251067353,-0.0017650185808415486,512.0,32768.0,6400000.0
1.0,1024.0,2.0,1.0,1.0,1.0,39.0,32.0,-0.0030632107251067353,-0.0017650185808415486,1024.0,256.0,6400000.0
1.0,2.0,8.0,1.0,1.0,1.0,543.0,32.0,-0.0030632107251067353,-0.0017650185808415486,4096.0,2048.0,6400000.0
1.0,2.0,8.0,1.0,1.0,1.0,543.0,32.0,-0.0030632107251067353,-0.0017650185808415486,8192.0,8192.0,6400000.0
1.0,1.0,1.0,1.0,1.0,1.0,35.0,32.0,-0.0030632107251067353,-0.0017650185808415486,1024.0,64.0,6400000.0
1.0,1024.0,2.0,1.0,1.0,1.0,39.0,32.0,-0.0030632107251067353,-0.0017650185808415486,1024.0,512.0,6400000.0
1.0,1024.0,2.0,1.0,1.0,1.0,39.0,32.0,-0.0030632107251067353,-0.0017650185808415486,1024.0,2048.0,6400000.0
1.0,1024.0,2.0,1.0,1.0,1.0,39.0,32.0,-0.0030632107251067353,-0.0017650185808415486,1024.0,1024.0,6400000.0
1.0,2.0,8.0,1.0,1.0,1.0,543.0,32.0,-0.0030632107251067353,-0.0017650185808415486,8192.0,0.015625,6400000.0
4.0,4.0,1.0,2.0,12.0,8.0,377.0,768.0,0.12309422409684001,0.12713646261942835,0.0,0.000976562,6400000.0
1.0,2.0,8.0,1.0,1.0,1.0,543.0,32.0,-0.0030632107251067353,-0.0017650185808415486,1024.0,0.25,6400000.0
1.0,4.0,1.0,1.0,1.0,1.0,35.0,32.0,-0.0030632107251067353,-0.0017650185808415486,0.00195312,8192.0,6400000.0
4.0,4.0,1.0,2.0,12.0,8.0,377.0,768.0,0.12309422409684001,0.12713646261942835,0.000976562,0.00390625,6400000.0
1.0,2.0,8.0,1.0,1.0,1.0,543.0,32.0,-0.0030632107251067353,-0.0017650185808415486,16384.0,32768.0,6400000.0
1.0,2.0,8.0,1.0,1.0,1.0,543.0,32.0,-0.0030632107251067353,-0.0017650185808415486,16384.0,0.0625,6400000.0
1.0,2.0,8.0,1.0,1.0,1.0,543.0,32.0,-0.0030632107251067353,-0.0017650185808415486,2048.0,0.000976562,6400000.0
1.0,2.0,8.0,1.0,1.0,1.0,543.0,32.0,-0.0030632107251067353,-0.0017650185808415486,4096.0,4.0,6400000.0
4.0,4.0,1.0,2.0,12.0,8.0,377.0,768.0,0.12309422409684001,0.12713646261942835,0.00195312,0.015625,6400000.0
1.0,1024.0,2.0,1.0,1.0,1.0,39.0,32.0,-0.0030632107251067353,-0.0017650185808415486,1024.0,8192.0,6400000.0
1.0,1024.0,2.0,1.0,1.0,1.0,39.0,32.0,-0.0030632107251067353,-0.0017650185808415486,1024.0,4096.0,6400000.0
1.0,1024.0,2.0,1.0,1.0,1.0,39.0,32.0,-0.0030632107251067353,-0.0017650185808415486,2048.0,0.0,6400000.0
1.0,1024.0,2.0,1.0,1.0,1.0,39.0,32.0,-0.0030632107251067353,-0.0017650185808415486,1024.0,32768.0,6400000.0
1.0,1024.0,2.0,1.0,1.0,1.0,39.0,32.0,-0.0030632107251067353,-0.0017650185808415486,2048.0,0.000976562,6400000.0
1.0,1.0,1.0,1.0,1.0,1.0,35.0,32.0,-0.0030632107251067353,-0.0017650185808415486,1024.0,1.0,6400000.0
1.0,1024.0,2.0,1.0,1.0,1.0,39.0,32.0,-0.0030632107251067353,-0.0017650185808415486,2048.0,0.00195312,6400000.0
4.0,4.0,1.0,2.0,12.0,8.0,377.0,768.0,0.12309422409684001,0.12713646261942835,0.0,1.0,6400000.0
1.0,2.0,8.0,1.0,1.0,1.0,543.0,32.0,-0.0030632107251067353,-0.0017650185808415486,4096.0,0.00390625,6400000.0
1.0,1024.0,2.0,1.0,1.0,1.0,39.0,32.0,-0.0030632107251067353,-0.0017650185808415486,1024.0,16384.0,6400000.0
1.0,1024.0,2.0,1.0,1.0,1.0,39.0,32.0,-0.0030632107251067353,-0.0017650185808415486,2048.0,0.00390625,6400000.0
1.0,2.0,8.0,1.0,1.0,1.0,543.0,32.0,-0.0030632107251067353,-0.0017650185808415486,32768.0,0.25,6400000.0
1.0,2.0,8.0,1.0,1.0,1.0,543.0,32.0,-0.0030632107251067353,-0.0017650185808415486,2048.0,1.0,6400000.0
4.0,4.0,1.0,2.0,12.0,8.0,377.0,768.0,0.12309422409684001,0.12713646261942835,0.00390625,0.0625,6400000.0
1.0,1024.0,2.0,1.0,1.0,1.0,39.0,32.0,-0.0030632107251067353,-0.0017650185808415486,2048.0,0.0078125,6400000.0
1.0,2.0,8.0,1.0,1.0,1.0,543.0,32.0,-0.0030632107251067353,-0.0017650185808415486,16384.0,64.0,6400000.0
1.0,2.0,8.0,1.0,1.0,1.0,543.0,32.0,-0.0030632107251067353,-0.0017650185808415486,8192.0,16.0,6400000.0
1.0,1024.0,2.0,1.0,1.0,1.0,39.0,32.0,-0.0030632107251067353,-0.0017650185808415486,2048.0,0.0625,6400000.0
1.0,1024.0,2.0,1.0,1.0,1.0,39.0,32.0,-0.0030632107251067353,-0.0017650185808415486,2048.0,0.015625,6400000.0
1.0,1024.0,2.0,1.0,1.0,1.0,39.0,32.0,-0.0030632107251067353,-0.0017650185808415486,2048.0,0.03125,6400000.0
1.0,1024.0,2.0,1.0,1.0,1.0,39.0,32.0,-0.0030632107251067353,-0.0017650185808415486,2048.0,0.25,6400000.0
1.0,1024.0,2.0,1.0,1.0,1.0,39.0,32.0,-0.0030632107251067353,-0.0017650185808415486,2048.0,0.125,6400000.0
1.0,1024.0,2.0,1.0,1.0,1.0,39.0,32.0,-0.0030632107251067353,-0.0017650185808415486,2048.0,0.5,6400000.0
1.0,2.0,8.0,1.0,1.0,1.0,543.0,32.0,-0.0030632107251067353,-0.0017650185808415486,2048.0,1024.0,6400000.0
4.0,4.0,1.0,2.0,12.0,8.0,377.0,768.0,0.12309422409684001,0.12713646261942835,0.000976562,4.0,6400000.0
1.0,1.0,1.0,1.0,1.0,1.0,35.0,32.0,-0.0030632107251067353,-0.0017650185808415486,1024.0,8192.0,6400000.0
1.0,2.0,8.0,1.0,1.0,1.0,543.0,32.0,-0.0030632107251067353,-0.0017650185808415486,32768.0,256.0,6400000.0
1.0,1024.0,2.0,1.0,1.0,1.0,39.0,32.0,-0.0030632107251067353,-0.0017650185808415486,2048.0,2.0,6400000.0
4.0,4.0,1.0,2.0,12.0,8.0,377.0,768.0,0.12309422409684001,0.12713646261942835,0.00195312,16.0,6400000.0
1.0,1024.0,2.0,1.0,1.0,1.0,39.0,32.0,-0.0030632107251067353,-0.0017650185808415486,2048.0,1.0,6400000.0
1.0,1024.0,2.0,1.0,1.0,1.0,39.0,32.0,-0.0030632107251067353,-0.0017650185808415486,2048.0,4.0,6400000.0
1.0,2.0,8.0,1.0,1.0,1.0,543.0,32.0,-0.0030632107251067353,-0.0017650185808415486,1024.0,256.0,6400000.0
1.0,4.0,1.0,1.0,1.0,1.0,35.0,32.0,-0.0030632107251067353,-0.0017650185808415486,0.0,1024.0,6400000.0
1.0,1024.0,2.0,1.0,1.0,1.0,39.0,32.0,-0.0030632107251067353,-0.0017650185808415486,2048.0,16.0,6400000.0
1.0,1024.0,2.0,1.0,1.0,1.0,39.0,32.0,-0.0030632107251067353,-0.0017650185808415486,2048.0,8.0,6400000.0
3.0,4.0,1.0,2.0,9.0,6.0,279.0,576.0,0.10115259004895938,0.10346957106453547,0.00390625,64.0,6400000.0
1.0,1024.0,2.0,1.0,1.0,1.0,39.0,32.0,-0.0030632107251067353,-0.0017650185808415486,2048.0,64.0,6400000.0
1.0,1024.0,2.0,1.0,1.0,1.0,39.0,32.0,-0.0030632107251067353,-0.0017650185808415486,2048.0,128.0,6400000.0
1.0,4.0,1.0,1.0,1.0,1.0,35.0,32.0,-0.0030632107251067353,-0.0017650185808415486,0.000976562,4096.0,6400000.0
1.0,1024.0,2.0,1.0,1.0,1.0,39.0,32.0,-0.0030632107251067353,-0.0017650185808415486,2048.0,32.0,6400000.0
1.0,1024.0,2.0,1.0,1.0,1.0,39.0,32.0,-0.0030632107251067353,-0.0017650185808415486,2048.0,256.0,6400000.0
1.0,1.0,1.0,1.0,1.0,1.0,35.0,32.0,-0.0030632107251067353,-0.0017650185808415486,1024.0,128.0,6400000.0
1.0,2.0,8.0,1.0,1.0,1.0,543.0,32.0,-0.0030632107251067353,-0.0017650185808415486,8192.0,16384.0,6400000.0
1.0,1024.0,2.0,1.0,1.0,1.0,39.0,32.0,-0.0030632107251067353,-0.0017650185808415486,2048.0,512.0,6400000.0
1.0,2.0,8.0,1.0,1.0,1.0,543.0,32.0,-0.0030632107251067353,-0.0017650185808415486,4096.0,4096.0,6400000.0
1.0,1024.0,2.0,1.0,1.0,1.0,39.0,32.0,-0.0030632107251067353,-0.0017650185808415486,2048.0,1024.0,6400000.0
1.0,1024.0,2.0,1.0,1.0,1.0,39.0,32.0,-0.0030632107251067353,-0.0017650185808415486,2048.0,2048.0,6400000.0
4.0,4.0,1.0,2.0,12.0,8.0,377.0,768.0,0.12309422409684001,0.12713646261942835,0.0,0.00195312,6400000.0
1.0,2.0,8.0,1.0,1.0,1.0,543.0,32.0,-0.0030632107251067353,-0.0017650185808415486,8192.0,0.03125,6400000.0
1.0,4.0,1.0,1.0,1.0,1.0,35.0,32.0,-0.0030632107251067353,-0.0017650185808415486,0.00195312,16384.0,6400000.0
1.0,2.0,8.0,1.0,1.0,1.0,543.0,32.0,-0.0030632107251067353,-0.0017650185808415486,32768.0,0.0,6400000.0
1.0,1024.0,2.0,1.0,1.0,1.0,39.0,32.0,-0.0030632107251067353,-0.0017650185808415486,2048.0,4096.0,6400000.0
1.0,1024.0,2.0,1.0,1.0,1.0,39.0,32.0,-0.0030632107251067353,-0.0017650185808415486,2048.0,8192.0,6400000.0
4.0,4.0,1.0,2.0,12.0,8.0,377.0,768.0,0.12309422409684001,0.12713646261942835,0.0078125,0.0,6400000.0
1.0,2.0,8.0,1.0,1.0,1.0,543.0,32.0,-0.0030632107251067353,-0.0017650185808415486,16384.0,0.125,6400000.0
1.0,2.0,8.0,1.0,1.0,1.0,543.0,32.0,-0.0030632107251067353,-0.0017650185808415486,4096.0,8.0,6400000.0
1.0,2.0,8.0,1.0,1.0,1.0,543.0,32.0,-0.0030632107251067353,-0.0017650185808415486,2048.0,0.00195312,6400000.0
4.0,4.0,1.0,2.0,12.0,8.0,377.0,768.0,0.12309422409684001,0.12713646261942835,0.000976562,0.0078125,6400000.0
4.0,4.0,1.0,2.0,12.0,8.0,377.0,768.0,0.12309422409684001,0.12713646261942835,0.00195312,0.03125,6400000.0
1.0,1024.0,2.0,1.0,1.0,1.0,39.0,32.0,-0.0030632107251067353,-0.0017650185808415486,2048.0,32768.0,6400000.0
1.0,1024.0,2.0,1.0,1.0,1.0,39.0,32.0,-0.0030632107251067353,-0.0017650185808415486,2048.0,16384.0,6400000.0
1.0,1.0,1.0,1.0,1.0,1.0,35.0,32.0,-0.0030632107251067353,-0.0017650185808415486,1024.0,2.0,6400000.0
4.0,4.0,1.0,2.0,12.0,8.0,377.0,768.0,0.12309422409684001,0.12713646261942835,0.0,2.0,6400000.0
1.0,2.0,8.0,1.0,1.0,1.0,543.0,32.0,-0.0030632107251067353,-0.0017650185808415486,2048.0,2.0,6400000.0
1.0,2.0,8.0,1.0,1.0,1.0,543.0,32.0,-0.0030632107251067353,-0.0017650185808415486,4096.0,0.0078125,6400000.0
1.0,1024.0,2.0,1.0,1.0,1.0,39.0,32.0,-0.0030632107251067353,-0.0017650185808415486,4096.0,0.0,6400000.0
1.0,2.0,8.0,1.0,1.0,1.0,543.0,32.0,-0.0030632107251067353,-0.0017650185808415486,32768.0,0.5,6400000.0
1.0,1024.0,2.0,1.0,1.0,1.0,39.0,32.0,-0.0030632107251067353,-0.0017650185808415486,4096.0,0.00195312,6400000.0
1.0,1024.0,2.0,1.0,1.0,1.0,39.0,32.0,-0.0030632107251067353,-0.0017650185808415486,4096.0,0.00390625,6400000.0
1.0,2.0,8.0,1.0,1.0,1.0,543.0,32.0,-0.0030632107251067353,-0.0017650185808415486,8192.0,32.0,6400000.0
4.0,4.0,1.0,2.0,12.0,8.0,377.0,768.0,0.12309422409684001,0.12713646261942835,0.00390625,0.125,6400000.0
1.0,2.0,8.0,1.0,1.0,1.0,543.0,32.0,-0.0030632107251067353,-0.0017650185808415486,16384.0,128.0,6400000.0
1.0,1024.0,2.0,1.0,1.0,1.0,39.0,32.0,-0.0030632107251067353,-0.0017650185808415486,4096.0,0.0078125,6400000.0
1.0,1024.0,2.0,1.0,1.0,1.0,39.0,32.0,-0.0030632107251067353,-0.0017650185808415486,4096.0,0.000976562,6400000.0
4.0,4.0,1.0,2.0,12.0,8.0,377.0,768.0,0.12309422409684001,0.12713646261942835,0.0078125,0.5,6400000.0
1.0,1024.0,2.0,1.0,1.0,1.0,39.0,32.0,-0.0030632107251067353,-0.0017650185808415486,4096.0,0.03125,6400000.0
1.0,1024.0,2.0,1.0,1.0,1.0,39.0,32.0,-0.0030632107251067353,-0.0017650185808415486,4096.0,0.015625,6400000.0
1.0,1024.0,2.0,1.0,1.0,1.0,39.0,32.0,-0.0030632107251067353,-0.0017650185808415486,4096.0,0.0625,6400000.0
1.0,1024.0,2.0,1.0,1.0,1.0,39.0,32.0,-0.0030632107251067353,-0.0017650185808415486,4096.0,0.125,6400000.0
1.0,2.0,8.0,1.0,1.0,1.0,543.0,32.0,-0.0030632107251067353,-0.0017650185808415486,2048.0,2048.0,6400000.0
4.0,4.0,1.0,2.0,12.0,8.0,377.0,768.0,0.12309422409684001,0.12713646261942835,0.000976562,8.0,6400000.0
1.0,1.0,1.0,1.0,1.0,1.0,35.0,32.0,-0.0030632107251067353,-0.0017650185808415486,1024.0,16384.0,6400000.0
1.0,1024.0,2.0,1.0,1.0,1.0,39.0,32.0,-0.0030632107251067353,-0.0017650185808415486,4096.0,0.25,6400000.0
1.0,1024.0,2.0,1.0,1.0,1.0,39.0,32.0,-0.0030632107251067353,-0.0017650185808415486,4096.0,0.5,6400000.0
4.0,4.0,1.0,2.0,12.0,8.0,377.0,768.0,0.12309422409684001,0.12713646261942835,0.00195312,32.0,6400000.0
1.0,1024.0,2.0,1.0,1.0,1.0,39.0,32.0,-0.0030632107251067353,-0.0017650185808415486,4096.0,1.0,6400000.0
1.0,2.0,8.0,1.0,1.0,1.0,543.0,32.0,-0.0030632107251067353,-0.0017650185808415486,32768.0,512.0,6400000.0
1.0,1024.0,2.0,1.0,1.0,1.0,39.0,32.0,-0.0030632107251067353,-0.0017650185808415486,4096.0,2.0,6400000.0
1.0,1024.0,2.0,1.0,1.0,1.0,39.0,32.0,-0.0030632107251067353,-0.0017650185808415486,4096.0,4.0,6400000.0
1.0,1024.0,2.0,1.0,1.0,1.0,39.0,32.0,-0.0030632107251067353,-0.0017650185808415486,4096.0,8.0,6400000.0
1.0,1024.0,2.0,1.0,1.0,1.0,39.0,32.0,-0.0030632107251067353,-0.0017650185808415486,4096.0,16.0,6400000.0
1.0,4.0,1.0,1.0,1.0,1.0,35.0,32.0,-0.0030632107251067353,-0.0017650185808415486,0.00390625,128.0,6400000.0
1.0,4.0,1.0,1.0,1.0,1.0,35.0,32.0,-0.0030632107251067353,-0.0017650185808415486,0.000976562,8192.0,6400000.0
1.0,1024.0,2.0,1.0,1.0,1.0,39.0,32.0,-0.0030632107251067353,-0.0017650185808415486,4096.0,32.0,6400000.0
1.0,4.0,1.0,1.0,1.0,1.0,35.0,32.0,-0.0030632107251067353,-0.0017650185808415486,0.0,2048.0,6400000.0
1.0,1024.0,2.0,1.0,1.0,1.0,39.0,32.0,-0.0030632107251067353,-0.0017650185808415486,4096.0,64.0,6400000.0
1.0,4.0,1.0,1.0,1.0,1.0,35.0,32.0,-0.0030632107251067353,-0.0017650185808415486,0.0078125,512.0,6400000.0
1.0,1024.0,2.0,1.0,1.0,1.0,39.0,32.0,-0.0030632107251067353,-0.0017650185808415486,4096.0,512.0,6400000.0
1.0,1024.0,2.0,1.0,1.0,1.0,39.0,32.0,-0.0030632107251067353,-0.0017650185808415486,4096.0,128.0,6400000.0
1.0,2.0,8.0,1.0,1.0,1.0,543.0,32.0,-0.0030632107251067353,-0.0017650185808415486,8192.0,32768.0,6400000.0
1.0,1024.0,2.0,1.0,1.0,1.0,39.0,32.0,-0.0030632107251067353,-0.0017650185808415486,4096.0,256.0,6400000.0
1.0,2.0,8.0,1.0,1.0,1.0,543.0,32.0,-0.0030632107251067353,-0.0017650185808415486,4096.0,8192.0,6400000.0
1.0,1024.0,2.0,1.0,1.0,1.0,39.0,32.0,-0.0030632107251067353,-0.0017650185808415486,4096.0,1024.0,6400000.0
1.0,1.0,1.0,1.0,1.0,1.0,35.0,32.0,-0.0030632107251067353,-0.0017650185808415486,1024.0,256.0,6400000.0
4.0,4.0,1.0,2.0,12.0,8.0,377.0,768.0,0.12309422409684001,0.12713646261942835,0.0,0.00390625,6400000.0
1.0,1024.0,2.0,1.0,1.0,1.0,39.0,32.0,-0.0030632107251067353,-0.0017650185808415486,4096.0,2048.0,6400000.0
1.0,4.0,1.0,1.0,1.0,1.0,35.0,32.0,-0.0030632107251067353,-0.0017650185808415486,0.00195312,32768.0,6400000.0
1.0,1024.0,2.0,1.0,1.0,1.0,39.0,32.0,-0.0030632107251067353,-0.0017650185808415486,4096.0,4096.0,6400000.0
1.0,2.0,8.0,1.0,1.0,1.0,543.0,32.0,-0.0030632107251067353,-0.0017650185808415486,8192.0,0.0625,6400000.0
1.0,2.0,8.0,1.0,1.0,1.0,543.0,32.0,-0.0030632107251067353,-0.0017650185808415486,32768.0,0.000976562,6400000.0
1.0,2.0,8.0,1.0,1.0,1.0,543.0,32.0,-0.0030632107251067353,-0.0017650185808415486,16384.0,0.25,6400000.0
1.0,2.0,8.0,1.0,1.0,1.0,543.0,32.0,-0.0030632107251067353,-0.0017650185808415486,4096.0,16.0,6400000.0
4.0,4.0,1.0,2.0,12.0,8.0,377.0,768.0,0.12309422409684001,0.12713646261942835,0.0078125,0.000976562,6400000.0
1.0,1024.0,2.0,1.0,1.0,1.0,39.0,32.0,-0.0030632107251067353,-0.0017650185808415486,4096.0,32768.0,6400000.0
4.0,4.0,1.0,2.0,12.0,8.0,377.0,768.0,0.12309422409684001,0.12713646261942835,0.000976562,0.015625,6400000.0
1.0,1024.0,2.0,1.0,1.0,1.0,39.0,32.0,-0.0030632107251067353,-0.0017650185808415486,4096.0,8192.0,6400000.0
1.0,1024.0,2.0,1.0,1.0,1.0,39.0,32.0,-0.0030632107251067353,-0.0017650185808415486,4096.0,16384.0,6400000.0
4.0,4.0,1.0,2.0,12.0,8.0,377.0,768.0,0.12309422409684001,0.12713646261942835,0.00195312,0.0625,6400000.0
1.0,2.0,8.0,1.0,1.0,1.0,543.0,32.0,-0.0030632107251067353,-0.0017650185808415486,8192.0,64.0,6400000.0
4.0,4.0,1.0,2.0,12.0,8.0,377.0,768.0,0.12309422409684001,0.12713646261942835,0.0,4.0,6400000.0
1.0,1024.0,2.0,1.0,1.0,1.0,39.0,32.0,-0.0030632107251067353,-0.0017650185808415486,8192.0,0.0,6400000.0
1.0,2.0,8.0,1.0,1.0,1.0,543.0,32.0,-0.0030632107251067353,-0.0017650185808415486,4096.0,0.015625,6400000.0
4.0,4.0,1.0,2.0,12.0,8.0,377.0,768.0,0.12309422409684001,0.12713646261942835,0.015625,0.00390625,6400000.0
1.0,2.0,8.0,1.0,1.0,1.0,543.0,32.0,-0.0030632107251067353,-0.0017650185808415486,32768.0,1.0,6400000.0
4.0,4.0,1.0,2.0,12.0,8.0,377.0,768.0,0.12309422409684001,0.12713646261942835,0.00390625,0.25,6400000.0
1.0,1024.0,2.0,1.0,1.0,1.0,39.0,32.0,-0.0030632107251067353,-0.0017650185808415486,8192.0,0.000976562,6400000.0
1.0,1024.0,2.0,1.0,1.0,1.0,39.0,32.0,-0.0030632107251067353,-0.0017650185808415486,8192.0,0.00195312,6400000.0
1.0,1024.0,2.0,1.0,1.0,1.0,39.0,32.0,-0.0030632107251067353,-0.0017650185808415486,8192.0,0.015625,6400000.0
1.0,2.0,8.0,1.0,1.0,1.0,543.0,32.0,-0.0030632107251067353,-0.0017650185808415486,16384.0,256.0,6400000.0
4.0,4.0,1.0,2.0,12.0,8.0,377.0,768.0,0.12309422409684001,0.12713646261942835,0.0078125,1.0,6400000.0
1.0,1024.0,2.0,1.0,1.0,1.0,39.0,32.0,-0.0030632107251067353,-0.0017650185808415486,8192.0,0.00390625,6400000.0
1.0,1024.0,2.0,1.0,1.0,1.0,39.0,32.0,-0.0030632107251067353,-0.0017650185808415486,8192.0,0.0078125,6400000.0
1.0,1024.0,2.0,1.0,1.0,1.0,39.0,32.0,-0.0030632107251067353,-0.0017650185808415486,8192.0,0.0625,6400000.0
1.0,1024.0,2.0,1.0,1.0,1.0,39.0,32.0,-0.0030632107251067353,-0.0017650185808415486,8192.0,0.125,6400000.0
1.0,1024.0,2.0,1.0,1.0,1.0,39.0,32.0,-0.0030632107251067353,-0.0017650185808415486,8192.0,0.25,6400000.0
1.0,1024.0,2.0,1.0,1.0,1.0,39.0,32.0,-0.0030632107251067353,-0.0017650185808415486,8192.0,0.03125,6400000.0
3.0,4.0,1.0,2.0,9.0,6.0,279.0,576.0,0.10115259004895938,0.10346957106453547,0.00195312,64.0,6400000.0
4.0,4.0,1.0,2.0,12.0,8.0,377.0,768.0,0.12309422409684001,0.12713646261942835,0.000976562,16.0,6400000.0
1.0,1.0,1.0,1.0,1.0,1.0,35.0,32.0,-0.0030632107251067353,-0.0017650185808415486,1024.0,32768.0,6400000.0
1.0,2.0,8.0,1.0,1.0,1.0,543.0,32.0,-0.0030632107251067353,-0.0017650185808415486,32768.0,1024.0,6400000.0
1.0,1024.0,2.0,1.0,1.0,1.0,39.0,32.0,-0.0030632107251067353,-0.0017650185808415486,8192.0,1.0,6400000.0
1.0,1024.0,2.0,1.0,1.0,1.0,39.0,32.0,-0.0030632107251067353,-0.0017650185808415486,8192.0,2.0,6400000.0
1.0,1024.0,2.0,1.0,1.0,1.0,39.0,32.0,-0.0030632107251067353,-0.0017650185808415486,8192.0,8.0,6400000.0
1.0,1024.0,2.0,1.0,1.0,1.0,39.0,32.0,-0.0030632107251067353,-0.0017650185808415486,8192.0,0.5,6400000.0
1.0,1024.0,2.0,1.0,1.0,1.0,39.0,32.0,-0.0030632107251067353,-0.0017650185808415486,8192.0,4.0,6400000.0
4.0,4.0,1.0,2.0,12.0,8.0,377.0,768.0,0.12309422409684001,0.12713646261942835,0.015625,4.0,6400000.0
1.0,1024.0,2.0,1.0,1.0,1.0,39.0,32.0,-0.0030632107251067353,-0.0017650185808415486,8192.0,16.0,6400000.0
1.0,1024.0,2.0,1.0,1.0,1.0,39.0,32.0,-0.0030632107251067353,-0.0017650185808415486,8192.0,32.0,6400000.0
1.0,4.0,1.0,1.0,1.0,1.0,35.0,32.0,-0.0030632107251067353,-0.0017650185808415486,0.000976562,16384.0,6400000.0
1.0,4.0,1.0,1.0,1.0,1.0,35.0,32.0,-0.0030632107251067353,-0.0017650185808415486,0.0,4096.0,6400000.0
1.0,4.0,1.0,1.0,1.0,1.0,35.0,32.0,-0.0030632107251067353,-0.0017650185808415486,0.00390625,256.0,6400000.0
1.0,1024.0,2.0,1.0,1.0,1.0,39.0,32.0,-0.0030632107251067353,-0.0017650185808415486,8192.0,128.0,6400000.0
1.0,1024.0,2.0,1.0,1.0,1.0,39.0,32.0,-0.0030632107251067353,-0.0017650185808415486,8192.0,64.0,6400000.0
1.0,4.0,1.0,1.0,1.0,1.0,35.0,32.0,-0.0030632107251067353,-0.0017650185808415486,0.0078125,1024.0,6400000.0
1.0,1024.0,2.0,1.0,1.0,1.0,39.0,32.0,-0.0030632107251067353,-0.0017650185808415486,8192.0,256.0,6400000.0
1.0,1024.0,2.0,1.0,1.0,1.0,39.0,32.0,-0.0030632107251067353,-0.0017650185808415486,8192.0,512.0,6400000.0
1.0,2.0,8.0,1.0,1.0,1.0,543.0,32.0,-0.0030632107251067353,-0.0017650185808415486,4096.0,16384.0,6400000.0
1.0,1.0,1.0,1.0,1.0,1.0,35.0,32.0,-0.0030632107251067353,-0.0017650185808415486,1024.0,512.0,6400000.0
1.0,4.0,1.0,1.0,1.0,1.0,35.0,32.0,-0.0030632107251067353,-0.0017650185808415486,0.015625,4096.0,6400000.0
1.0,1024.0,2.0,1.0,1.0,1.0,39.0,32.0,-0.0030632107251067353,-0.0017650185808415486,8192.0,2048.0,6400000.0
1.0,2.0,8.0,1.0,1.0,1.0,543.0,32.0,-0.0030632107251067353,-0.0017650185808415486,16384.0,0.0,6400000.0
1.0,1024.0,2.0,1.0,1.0,1.0,39.0,32.0,-0.0030632107251067353,-0.0017650185808415486,8192.0,1024.0,6400000.0
1.0,1024.0,2.0,1.0,1.0,1.0,39.0,32.0,-0.0030632107251067353,-0.0017650185808415486,8192.0,4096.0,6400000.0
1.0,1024.0,2.0,1.0,1.0,1.0,39.0,32.0,-0.0030632107251067353,-0.0017650185808415486,8192.0,8192.0,6400000.0
4.0,4.0,1.0,2.0,12.0,8.0,377.0,768.0,0.12309422409684001,0.12713646261942835,0.00390625,0.0,6400000.0
4.0,4.0,1.0,2.0,12.0,8.0,377.0,768.0,0.12309422409684001,0.12713646261942835,0.0,0.0078125,6400000.0
1.0,2.0,8.0,1.0,1.0,1.0,543.0,32.0,-0.0030632107251067353,-0.0017650185808415486,32768.0,0.00195312,6400000.0
1.0,2.0,8.0,1.0,1.0,1.0,543.0,32.0,-0.0030632107251067353,-0.0017650185808415486,8192.0,0.125,6400000.0
1.0,1024.0,2.0,1.0,1.0,1.0,39.0,32.0,-0.0030632107251067353,-0.0017650185808415486,8192.0,16384.0,6400000.0
1.0,2.0,8.0,1.0,1.0,1.0,543.0,32.0,-0.0030632107251067353,-0.0017650185808415486,16384.0,0.5,6400000.0
4.0,4.0,1.0,2.0,12.0,8.0,377.0,768.0,0.12309422409684001,0.12713646261942835,0.0078125,0.00195312,6400000.0
4.0,4.0,1.0,2.0,12.0,8.0,377.0,768.0,0.12309422409684001,0.12713646261942835,0.000976562,0.03125,6400000.0
1.0,1024.0,2.0,1.0,1.0,1.0,39.0,32.0,-0.0030632107251067353,-0.0017650185808415486,8192.0,32768.0,6400000.0
4.0,4.0,1.0,2.0,12.0,8.0,377.0,768.0,0.12309422409684001,0.12713646261942835,0.00195312,0.125,6400000.0
1.0,1024.0,2.0,1.0,1.0,1.0,39.0,32.0,-0.0030632107251067353,-0.0017650185808415486,16384.0,0.000976562,6400000.0
1.0,1024.0,2.0,1.0,1.0,1.0,39.0,32.0,-0.0030632107251067353,-0.0017650185808415486,16384.0,0.0,6400000.0
1.0,2.0,8.0,1.0,1.0,1.0,543.0,32.0,-0.0030632107251067353,-0.0017650185808415486,32768.0,2.0,6400000.0
1.0,2.0,8.0,1.0,1.0,1.0,543.0,32.0,-0.0030632107251067353,-0.0017650185808415486,8192.0,128.0,6400000.0
4.0,4.0,1.0,2.0,12.0,8.0,377.0,768.0,0.12309422409684001,0.12713646261942835,0.0,8.0,6400000.0
1.0,1024.0,2.0,1.0,1.0,1.0,39.0,32.0,-0.0030632107251067353,-0.0017650185808415486,16384.0,0.00195312,6400000.0
4.0,4.0,1.0,2.0,12.0,8.0,377.0,768.0,0.12309422409684001,0.12713646261942835,0.0078125,2.0,6400000.0
4.0,4.0,1.0,2.0,12.0,8.0,377.0,768.0,0.12309422409684001,0.12713646261942835,0.00390625,0.5,6400000.0
4.0,4.0,1.0,2.0,12.0,8.0,377.0,768.0,0.12309422409684001,0.12713646261942835,0.03125,0.03125,6400000.0
1.0,1.0,1.0,1.0,1.0,1.0,35.0,32.0,-0.0030632107251067353,-0.0017650185808415486,2048.0,0.03125,6400000.0
1.0,1.0,1.0,2.0,3.0,2.0,108.0,192.0,0.03911015413878083,0.040912063041146696,0.00195312,0.03125,6400000.0
1.0,2.0,8.0,1.0,1.0,1.0,543.0,32.0,-0.0030632107251067353,-0.0017650185808415486,16384.0,512.0,6400000.0
1.0,1024.0,2.0,1.0,1.0,1.0,39.0,32.0,-0.0030632107251067353,-0.0017650185808415486,16384.0,0.0078125,6400000.0
4.0,4.0,1.0,2.0,12.0,8.0,377.0,768.0,0.12309422409684001,0.12713646261942835,0.015625,0.0078125,6400000.0
1.0,1024.0,2.0,1.0,1.0,1.0,39.0,32.0,-0.0030632107251067353,-0.0017650185808415486,16384.0,0.00390625,6400000.0
1.0,1024.0,2.0,1.0,1.0,1.0,39.0,32.0,-0.0030632107251067353,-0.0017650185808415486,16384.0,0.0625,6400000.0
1.0,1024.0,2.0,1.0,1.0,1.0,39.0,32.0,-0.0030632107251067353,-0.0017650185808415486,16384.0,0.125,6400000.0
1.0,1024.0,2.0,1.0,1.0,1.0,39.0,32.0,-0.0030632107251067353,-0.0017650185808415486,16384.0,0.015625,6400000.0
4.0,4.0,1.0,2.0,12.0,8.0,377.0,768.0,0.12309422409684001,0.12713646261942835,0.000976562,32.0,6400000.0
1.0,1024.0,2.0,1.0,1.0,1.0,39.0,32.0,-0.0030632107251067353,-0.0017650185808415486,16384.0,0.03125,6400000.0
1.0,4.0,1.0,1.0,1.0,1.0,35.0,32.0,-0.0030632107251067353,-0.0017650185808415486,0.00195312,128.0,6400000.0
1.0,1.0,1.0,1.0,1.0,1.0,35.0,32.0,-0.0030632107251067353,-0.0017650185808415486,2048.0,0.0,6400000.0
1.0,2.0,8.0,1.0,1.0,1.0,543.0,32.0,-0.0030632107251067353,-0.0017650185808415486,32768.0,2048.0,6400000.0
4.0,4.0,1.0,2.0,12.0,8.0,377.0,768.0,0.12309422409684001,0.12713646261942835,0.015625,8.0,6400000.0
1.0,1024.0,2.0,1.0,1.0,1.0,39.0,32.0,-0.0030632107251067353,-0.0017650185808415486,16384.0,0.25,6400000.0
1.0,1024.0,2.0,1.0,1.0,1.0,39.0,32.0,-0.0030632107251067353,-0.0017650185808415486,16384.0,8.0,6400000.0
1.0,1024.0,2.0,1.0,1.0,1.0,39.0,32.0,-0.0030632107251067353,-0.0017650185808415486,16384.0,0.5,6400000.0
1.0,1024.0,2.0,1.0,1.0,1.0,39.0,32.0,-0.0030632107251067353,-0.0017650185808415486,16384.0,1.0,6400000.0
1.0,1024.0,2.0,1.0,1.0,1.0,39.0,32.0,-0.0030632107251067353,-0.0017650185808415486,16384.0,2.0,6400000.0
4.0,4.0,1.0,2.0,12.0,8.0,377.0,768.0,0.12309422409684001,0.12713646261942835,0.03125,32.0,6400000.0
1.0,1024.0,2.0,1.0,1.0,1.0,39.0,32.0,-0.0030632107251067353,-0.0017650185808415486,16384.0,4.0,6400000.0
1.0,1024.0,2.0,1.0,1.0,1.0,39.0,32.0,-0.0030632107251067353,-0.0017650185808415486,16384.0,16.0,6400000.0
1.0,4.0,1.0,1.0,1.0,1.0,35.0,32.0,-0.0030632107251067353,-0.0017650185808415486,0.000976562,32768.0,6400000.0
1.0,4.0,1.0,1.0,1.0,1.0,35.0,32.0,-0.0030632107251067353,-0.0017650185808415486,0.0,8192.0,6400000.0
1.0,4.0,1.0,1.0,1.0,1.0,35.0,32.0,-0.0030632107251067353,-0.0017650185808415486,0.00390625,512.0,6400000.0
1.0,1024.0,2.0,1.0,1.0,1.0,39.0,32.0,-0.0030632107251067353,-0.0017650185808415486,16384.0,32.0,6400000.0
1.0,1024.0,2.0,1.0,1.0,1.0,39.0,32.0,-0.0030632107251067353,-0.0017650185808415486,16384.0,128.0,6400000.0
1.0,1024.0,2.0,1.0,1.0,1.0,39.0,32.0,-0.0030632107251067353,-0.0017650185808415486,16384.0,64.0,6400000.0
1.0,4.0,1.0,1.0,1.0,1.0,35.0,32.0,-0.0030632107251067353,-0.0017650185808415486,0.0078125,2048.0,6400000.0
1.0,1.0,1.0,1.0,1.0,1.0,35.0,32.0,-0.0030632107251067353,-0.0017650185808415486,1024.0,1024.0,6400000.0
1.0,1024.0,2.0,1.0,1.0,1.0,39.0,32.0,-0.0030632107251067353,-0.0017650185808415486,16384.0,256.0,6400000.0
1.0,2.0,8.0,1.0,1.0,1.0,543.0,32.0,-0.0030632107251067353,-0.0017650185808415486,16384.0,0.000976562,6400000.0
1.0,1024.0,2.0,1.0,1.0,1.0,39.0,32.0,-0.0030632107251067353,-0.0017650185808415486,16384.0,512.0,6400000.0
1.0,1024.0,2.0,1.0,1.0,1.0,39.0,32.0,-0.0030632107251067353,-0.0017650185808415486,16384.0,1024.0,6400000.0
1.0,1024.0,2.0,1.0,1.0,1.0,39.0,32.0,-0.0030632107251067353,-0.0017650185808415486,16384.0,2048.0,6400000.0
1.0,4.0,1.0,1.0,1.0,1.0,35.0,32.0,-0.0030632107251067353,-0.0017650185808415486,0.015625,8192.0,6400000.0
1.0,1024.0,2.0,1.0,1.0,1.0,39.0,32.0,-0.0030632107251067353,-0.0017650185808415486,16384.0,4096.0,6400000.0
1.0,1024.0,2.0,1.0,1.0,1.0,39.0,32.0,-0.0030632107251067353,-0.0017650185808415486,16384.0,8192.0,6400000.0
1.0,4.0,1.0,1.0,1.0,1.0,35.0,32.0,-0.0030632107251067353,-0.0017650185808415486,0.03125,32768.0,6400000.0
4.0,4.0,1.0,2.0,12.0,8.0,377.0,768.0,0.12309422409684001,0.12713646261942835,0.0,0.015625,6400000.0
4.0,4.0,1.0,2.0,12.0,8.0,377.0,768.0,0.12309422409684001,0.12713646261942835,0.00390625,0.000976562,6400000.0
4.0,4.0,1.0,2.0,12.0,8.0,377.0,768.0,0.12309422409684001,0.12713646261942835,0.0078125,0.00390625,6400000.0
1.0,2.0,8.0,1.0,1.0,1.0,543.0,32.0,-0.0030632107251067353,-0.0017650185808415486,32768.0,0.00390625,6400000.0
1.0,2.0,8.0,1.0,1.0,1.0,543.0,32.0,-0.0030632107251067353,-0.0017650185808415486,16384.0,1.0,6400000.0
4.0,4.0,1.0,2.0,12.0,8.0,377.0,768.0,0.12309422409684001,0.12713646261942835,0.000976562,0.0625,6400000.0
1.0,1024.0,2.0,1.0,1.0,1.0,39.0,32.0,-0.0030632107251067353,-0.0017650185808415486,16384.0,16384.0,6400000.0
1.0,1024.0,2.0,1.0,1.0,1.0,39.0,32.0,-0.0030632107251067353,-0.0017650185808415486,16384.0,32768.0,6400000.0
4.0,4.0,1.0,2.0,12.0,8.0,377.0,768.0,0.12309422409684001,0.12713646261942835,0.00195312,0.25,6400000.0
1.0,2.0,8.0,1.0,1.0,1.0,543.0,32.0,-0.0030632107251067353,-0.0017650185808415486,32768.0,4.0,6400000.0
1.0,1024.0,2.0,1.0,1.0,1.0,39.0,32.0,-0.0030632107251067353,-0.0017650185808415486,32768.0,0.0,6400000.0
4.0,4.0,1.0,2.0,12.0,8.0,377.0,768.0,0.12309422409684001,0.12713646261942835,0.0,16.0,6400000.0
1.0,1024.0,2.0,1.0,1.0,1.0,39.0,32.0,-0.0030632107251067353,-0.0017650185808415486,32768.0,0.000976562,6400000.0
4.0,4.0,1.0,2.0,12.0,8.0,377.0,768.0,0.12309422409684001,0.12713646261942835,0.0078125,4.0,6400000.0
1.0,1024.0,2.0,1.0,1.0,1.0,39.0,32.0,-0.0030632107251067353,-0.0017650185808415486,32768.0,0.00195312,6400000.0
4.0,4.0,1.0,2.0,12.0,8.0,377.0,768.0,0.12309422409684001,0.12713646261942835,0.00390625,1.0,6400000.0
1.0,1.0,1.0,1.0,1.0,1.0,35.0,32.0,-0.0030632107251067353,-0.0017650185808415486,2048.0,0.0625,6400000.0
4.0,4.0,1.0,2.0,12.0,8.0,377.0,768.0,0.12309422409684001,0.12713646261942835,0.03125,0.0625,6400000.0
1.0,1024.0,2.0,1.0,1.0,1.0,39.0,32.0,-0.0030632107251067353,-0.0017650185808415486,32768.0,0.0078125,6400000.0
1.0,1.0,1.0,2.0,3.0,2.0,108.0,192.0,0.03911015413878083,0.040912063041146696,0.00195312,0.0625,6400000.0
4.0,4.0,1.0,2.0,12.0,8.0,377.0,768.0,0.12309422409684001,0.12713646261942835,0.015625,0.015625,6400000.0
4.0,4.0,1.0,2.0,12.0,8.0,377.0,768.0,0.12309422409684001,0.12713646261942835,0.0625,0.25,6400000.0
1.0,1024.0,2.0,1.0,1.0,1.0,39.0,32.0,-0.0030632107251067353,-0.0017650185808415486,32768.0,0.015625,6400000.0
1.0,1024.0,2.0,1.0,1.0,1.0,39.0,32.0,-0.0030632107251067353,-0.0017650185808415486,32768.0,0.00390625,6400000.0
1.0,2.0,8.0,1.0,1.0,1.0,543.0,32.0,-0.0030632107251067353,-0.0017650185808415486,16384.0,1024.0,6400000.0
3.0,4.0,1.0,2.0,9.0,6.0,279.0,576.0,0.10115259004895938,0.10346957106453547,0.000976562,64.0,6400000.0
1.0,4.0,1.0,1.0,1.0,1.0,35.0,32.0,-0.0030632107251067353,-0.0017650185808415486,0.00195312,256.0,6400000.0
1.0,1024.0,2.0,1.0,1.0,1.0,39.0,32.0,-0.0030632107251067353,-0.0017650185808415486,32768.0,0.03125,6400000.0
1.0,1024.0,2.0,1.0,1.0,1.0,39.0,32.0,-0.0030632107251067353,-0.0017650185808415486,32768.0,0.0625,6400000.0
1.0,1.0,1.0,1.0,1.0,1.0,35.0,32.0,-0.0030632107251067353,-0.0017650185808415486,2048.0,0.000976562,6400000.0
4.0,4.0,1.0,2.0,12.0,8.0,377.0,768.0,0.12309422409684001,0.12713646261942835,0.015625,16.0,6400000.0
1.0,1024.0,2.0,1.0,1.0,1.0,39.0,32.0,-0.0030632107251067353,-0.0017650185808415486,32768.0,0.25,6400000.0
3.0,4.0,1.0,2.0,9.0,6.0,279.0,576.0,0.10115259004895938,0.10346957106453547,0.03125,64.0,6400000.0
1.0,1024.0,2.0,1.0,1.0,1.0,39.0,32.0,-0.0030632107251067353,-0.0017650185808415486,32768.0,0.5,6400000.0
1.0,1024.0,2.0,1.0,1.0,1.0,39.0,32.0,-0.0030632107251067353,-0.0017650185808415486,32768.0,0.125,6400000.0
1.0,2.0,8.0,1.0,1.0,1.0,543.0,32.0,-0.0030632107251067353,-0.0017650185808415486,32768.0,4096.0,6400000.0
1.0,1024.0,2.0,1.0,1.0,1.0,39.0,32.0,-0.0030632107251067353,-0.0017650185808415486,32768.0,8.0,6400000.0
1.0,1024.0,2.0,1.0,1.0,1.0,39.0,32.0,-0.0030632107251067353,-0.0017650185808415486,32768.0,1.0,6400000.0
1.0,1024.0,2.0,1.0,1.0,1.0,39.0,32.0,-0.0030632107251067353,-0.0017650185808415486,32768.0,2.0,6400000.0
1.0,1024.0,2.0,1.0,1.0,1.0,39.0,32.0,-0.0030632107251067353,-0.0017650185808415486,32768.0,4.0,6400000.0
1.0,4.0,1.0,1.0,1.0,1.0,35.0,32.0,-0.0030632107251067353,-0.0017650185808415486,0.0,16384.0,6400000.0
4.0,4.0,1.0,2.0,12.0,8.0,377.0,768.0,0.12309422409684001,0.12713646261942835,0.00195312,0.0,6400000.0
1.0,4.0,1.0,1.0,1.0,1.0,35.0,32.0,-0.0030632107251067353,-0.0017650185808415486,0.00390625,1024.0,6400000.0
1.0,1024.0,2.0,1.0,1.0,1.0,39.0,32.0,-0.0030632107251067353,-0.0017650185808415486,32768.0,32.0,6400000.0
1.0,1024.0,2.0,1.0,1.0,1.0,39.0,32.0,-0.0030632107251067353,-0.0017650185808415486,32768.0,16.0,6400000.0
1.0,4.0,1.0,1.0,1.0,1.0,35.0,32.0,-0.0030632107251067353,-0.0017650185808415486,0.0078125,4096.0,6400000.0
1.0,4.0,1.0,1.0,1.0,1.0,35.0,32.0,-0.0030632107251067353,-0.0017650185808415486,0.0625,256.0,6400000.0
1.0,1024.0,2.0,1.0,1.0,1.0,39.0,32.0,-0.0030632107251067353,-0.0017650185808415486,32768.0,64.0,6400000.0
1.0,1024.0,2.0,1.0,1.0,1.0,39.0,32.0,-0.0030632107251067353,-0.0017650185808415486,32768.0,128.0,6400000.0
1.0,1.0,1.0,1.0,1.0,1.0,35.0,32.0,-0.0030632107251067353,-0.0017650185808415486,1024.0,2048.0,6400000.0
1.0,4.0,1.0,1.0,1.0,1.0,35.0,32.0,-0.0030632107251067353,-0.0017650185808415486,0.015625,16384.0,6400000.0
1.0,1024.0,2.0,1.0,1.0,1.0,39.0,32.0,-0.0030632107251067353,-0.0017650185808415486,32768.0,256.0,6400000.0
1.0,1024.0,2.0,1.0,1.0,1.0,39.0,32.0,-0.0030632107251067353,-0.0017650185808415486,32768.0,512.0,6400000.0
1.0,1024.0,2.0,1.0,1.0,1.0,39.0,32.0,-0.0030632107251067353,-0.0017650185808415486,32768.0,1024.0,6400000.0
1.0,1024.0,2.0,1.0,1.0,1.0,39.0,32.0,-0.0030632107251067353,-0.0017650185808415486,32768.0,2048.0,6400000.0
4.0,4.0,1.0,2.0,12.0,8.0,377.0,768.0,0.12309422409684001,0.12713646261942835,0.00390625,0.00195312,6400000.0
1.0,1024.0,2.0,1.0,1.0,1.0,39.0,32.0,-0.0030632107251067353,-0.0017650185808415486,32768.0,8192.0,6400000.0
4.0,4.0,1.0,2.0,12.0,8.0,377.0,768.0,0.12309422409684001,0.12713646261942835,0.0,0.03125,6400000.0
4.0,4.0,1.0,2.0,12.0,8.0,377.0,768.0,0.12309422409684001,0.12713646261942835,0.0625,0.0,6400000.0
1.0,2.0,8.0,1.0,1.0,1.0,543.0,32.0,-0.0030632107251067353,-0.0017650185808415486,32768.0,0.0078125,6400000.0
1.0,1024.0,2.0,1.0,1.0,1.0,39.0,32.0,-0.0030632107251067353,-0.0017650185808415486,32768.0,4096.0,6400000.0
1.0,1024.0,2.0,1.0,1.0,1.0,39.0,32.0,-0.0030632107251067353,-0.0017650185808415486,32768.0,16384.0,6400000.0
4.0,4.0,1.0,2.0,12.0,8.0,377.0,768.0,0.12309422409684001,0.12713646261942835,0.125,0.00195312,6400000.0
4.0,4.0,1.0,2.0,12.0,8.0,377.0,768.0,0.12309422409684001,0.12713646261942835,0.0078125,0.0078125,6400000.0
4.0,4.0,1.0,2.0,12.0,8.0,377.0,768.0,0.12309422409684001,0.12713646261942835,0.000976562,0.125,6400000.0
1.0,1024.0,2.0,1.0,1.0,1.0,39.0,32.0,-0.0030632107251067353,-0.0017650185808415486,32768.0,32768.0,6400000.0
4.0,4.0,1.0,2.0,12.0,8.0,377.0,768.0,0.12309422409684001,0.12713646261942835,0.00195312,0.5,6400000.0
4.0,4.0,1.0,2.0,12.0,8.0,377.0,768.0,0.12309422409684001,0.12713646261942835,0.0,32.0,6400000.0
1.0,2.0,8.0,1.0,1.0,1.0,543.0,32.0,-0.0030632107251067353,-0.0017650185808415486,32768.0,8.0,6400000.0
4.0,4.0,1.0,2.0,12.0,8.0,377.0,768.0,0.12309422409684001,0.12713646261942835,0.0078125,8.0,6400000.0
1024.0,1024.0,4.0,9.0,14352.0,12463.0,521932.0,1863008.0,0.7690863406519357,0.7649509945756321,0.0,0.0,6400000.0
1.0,1.0,1.0,1.0,1.0,1.0,35.0,32.0,-0.0030632107251067353,-0.0017650185808415486,2048.0,0.125,6400000.0
4.0,4.0,1.0,2.0,12.0,8.0,377.0,768.0,0.12309422409684001,0.12713646261942835,0.015625,0.03125,6400000.0
4.0,4.0,1.0,2.0,12.0,8.0,377.0,768.0,0.12309422409684001,0.12713646261942835,0.0625,0.5,6400000.0
1.0,1.0,1.0,2.0,3.0,2.0,108.0,192.0,0.03911015413878083,0.040912063041146696,0.00195312,0.125,6400000.0
4.0,4.0,1.0,2.0,12.0,8.0,377.0,768.0,0.12309422409684001,0.12713646261942835,0.00390625,2.0,6400000.0
4.0,4.0,1.0,2.0,12.0,8.0,377.0,768.0,0.12309422409684001,0.12713646261942835,0.03125,0.125,6400000.0
327.0,1024.0,4.0,9.0,5351.0,4179.0,183696.0,626784.0,0.7263517774653616,0.7304488058931207,0.0,0.0078125,6400000.0
1024.0,1024.0,4.0,9.0,14254.0,12444.0,519729.0,1859968.0,0.772629582824006,0.7679947951374992,0.0,0.00195312,6400000.0
1.0,4.0,1.0,1.0,1.0,1.0,35.0,32.0,-0.0030632107251067353,-0.0017650185808415486,0.00195312,512.0,6400000.0
99.0,1024.0,4.0,9.0,1919.0,1379.0,61222.0,207968.0,0.6253669652257936,0.6106653100962529,0.0,0.0625,6400000.0
1024.0,1024.0,4.0,9.0,14408.0,12545.0,524659.0,1876128.0,0.7714677748492771,0.7680386183395963,0.0,0.000976562,6400000.0
260.0,1024.0,4.0,9.0,4429.0,3396.0,148894.0,510080.0,0.7248179880725566,0.7143925414352856,0.0,0.015625,6400000.0
133.0,1024.0,4.0,9.0,2381.0,1735.0,76622.0,260576.0,0.6299760996475747,0.6303426389124431,0.0,0.03125,6400000.0
1.0,4.0,1.0,1.0,1.0,1.0,35.0,32.0,-0.0030632107251067353,-0.0017650185808415486,0.000976562,128.0,6400000.0
1.0,1.0,1.0,1.0,1.0,1.0,35.0,32.0,-0.0030632107251067353,-0.0017650185808415486,2048.0,0.00195312,6400000.0
4.0,4.0,1.0,2.0,12.0,8.0,377.0,768.0,0.12309422409684001,0.12713646261942835,0.125,2.0,6400000.0
975.0,1024.0,4.0,9.0,13632.0,11918.0,497063.0,1782080.0,0.7650519877046597,0.7670185525412525,0.0,0.00390625,6400000.0
1.0,4.0,1.0,1.0,1.0,1.0,35.0,32.0,-0.0030632107251067353,-0.0017650185808415486,0.03125,128.0,6400000.0
4.0,4.0,1.0,2.0,12.0,8.0,377.0,768.0,0.12309422409684001,0.12713646261942835,0.015625,32.0,6400000.0
72.0,1024.0,4.0,9.0,1468.0,1045.0,46332.0,157984.0,0.6102186134538007,0.5969789958644,0.0,0.125,6400000.0
53.0,1024.0,4.0,9.0,1107.0,782.0,34427.0,118336.0,0.5963520786490591,0.5929239315447865,0.0,0.25,6400000.0
47.0,1024.0,4.0,9.0,936.0,676.0,29163.0,102144.0,0.579172694871942,0.5785778311096275,0.0,0.5,6400000.0
1.0,2.0,8.0,1.0,1.0,1.0,543.0,32.0,-0.0030632107251067353,-0.0017650185808415486,32768.0,8192.0,6400000.0
34.0,1024.0,4.0,9.0,405.0,299.0,12531.0,43488.0,0.48047354984414437,0.4995541811062537,0.0,2.0,6400000.0
27.0,1024.0,4.0,9.0,182.0,137.0,5741.0,18464.0,0.39629112021669155,0.40252478152262305,0.0,4.0,6400000.0
16.0,1024.0,4.0,3.0,67.0,47.0,2020.0,5472.0,0.28428173420704106,0.29213228260301216,0.0,8.0,6400000.0
1.0,4.0,1.0,1.0,1.0,1.0,35.0,32.0,-0.0030632107251067353,-0.0017650185808415486,0.00390625,2048.0,6400000.0
1.0,4.0,1.0,1.0,1.0,1.0,35.0,32.0,-0.0030632107251067353,-0.0017650185808415486,0.0,32768.0,6400000.0
11.0,1024.0,4.0,3.0,35.0,26.0,1119.0,2752.0,0.23801654357424562,0.2440154241847443,0.0,16.0,6400000.0
35.0,1024.0,4.0,9.0,658.0,483.0,20534.0,72800.0,0.5314186599624591,0.5427904047834783,0.0,1.0,6400000.0
4.0,4.0,1.0,2.0,12.0,8.0,377.0,768.0,0.12309422409684001,0.12713646261942835,0.00195312,0.000976562,6400000.0
3.0,1024.0,4.0,2.0,9.0,6.0,335.0,576.0,0.10115259004895938,0.10346957106453547,0.0,64.0,6400000.0
1.0,1024.0,4.0,1.0,1.0,1.0,63.0,32.0,-0.0030632107251067353,-0.0017650185808415486,0.0,128.0,6400000.0
8.0,1024.0,4.0,2.0,22.0,16.0,724.0,1536.0,0.184803559555608,0.19082719424152972,0.0,32.0,6400000.0
1.0,4.0,1.0,1.0,1.0,1.0,35.0,32.0,-0.0030632107251067353,-0.0017650185808415486,0.0625,512.0,6400000.0
1.0,4.0,1.0,1.0,1.0,1.0,35.0,32.0,-0.0030632107251067353,-0.0017650185808415486,0.0078125,8192.0,6400000.0
1.0,4.0,1.0,1.0,1.0,1.0,35.0,32.0,-0.0030632107251067353,-0.0017650185808415486,0.015625,32768.0,6400000.0
1.0,1024.0,4.0,1.0,1.0,1.0,63.0,32.0,-0.0030632107251067353,-0.0017650185808415486,0.0,256.0,6400000.0
1.0,4.0,1.0,1.0,1.0,1.0,35.0,32.0,-0.0030632107251067353,-0.0017650185808415486,0.125,2048.0,6400000.0
4.0,4.0,1.0,2.0,12.0,8.0,377.0,768.0,0.12309422409684001,0.12713646261942835,0.00390625,0.00390625,6400000.0
1.0,1024.0,4.0,1.0,1.0,1.0,63.0,32.0,-0.0030632107251067353,-0.0017650185808415486,0.0,1024.0,6400000.0
1.0,1024.0,4.0,1.0,1.0,1.0,63.0,32.0,-0.0030632107251067353,-0.0017650185808415486,0.0,512.0,6400000.0
4.0,4.0,1.0,2.0,12.0,8.0,377.0,768.0,0.12309422409684001,0.12713646261942835,0.0625,0.000976562,6400000.0
4.0,4.0,1.0,2.0,12.0,8.0,377.0,768.0,0.12309422409684001,0.12713646261942835,0.0,0.0625,6400000.0
1.0,1024.0,4.0,1.0,1.0,1.0,63.0,32.0,-0.0030632107251067353,-0.0017650185808415486,0.0,8192.0,6400000.0
1.0,1024.0,4.0,1.0,1.0,1.0,63.0,32.0,-0.0030632107251067353,-0.0017650185808415486,0.0,4096.0,6400000.0
1.0,1024.0,4.0,1.0,1.0,1.0,63.0,32.0,-0.0030632107251067353,-0.0017650185808415486,0.0,2048.0,6400000.0
1.0,1024.0,4.0,1.0,1.0,1.0,63.0,32.0,-0.0030632107251067353,-0.0017650185808415486,0.0,32768.0,6400000.0
1.0,1024.0,4.0,1.0,1.0,1.0,63.0,32.0,-0.0030632107251067353,-0.0017650185808415486,0.0,16384.0,6400000.0
4.0,4.0,1.0,2.0,12.0,8.0,377.0,768.0,0.12309422409684001,0.12713646261942835,0.125,0.00390625,6400000.0
4.0,4.0,1.0,2.0,12.0,8.0,377.0,768.0,0.12309422409684001,0.12713646261942835,0.000976562,0.25,6400000.0
4.0,4.0,1.0,2.0,12.0,8.0,377.0,768.0,0.12309422409684001,0.12713646261942835,0.0078125,0.015625,6400000.0
4.0,4.0,1.0,2.0,12.0,8.0,377.0,768.0,0.12309422409684001,0.12713646261942835,0.00195312,1.0,6400000.0
3.0,4.0,1.0,2.0,9.0,6.0,279.0,576.0,0.10115259004895938,0.10346957106453547,0.0,64.0,6400000.0
1024.0,1024.0,4.0,9.0,14352.0,12463.0,521932.0,1863008.0,0.7690863406519357,0.7649509945756321,0.000976562,0.0,6400000.0
4.0,4.0,1.0,2.0,12.0,8.0,377.0,768.0,0.12309422409684001,0.12713646261942835,0.25,0.015625,6400000.0
4.0,4.0,1.0,2.0,12.0,8.0,377.0,768.0,0.12309422409684001,0.12713646261942835,0.0078125,16.0,6400000.0
1024.0,1024.0,4.0,9.0,14408.0,12545.0,524659.0,1876128.0,0.7714677748492771,0.7680386183395963,0.000976562,0.000976562,6400000.0
4.0,4.0,1.0,2.0,12.0,8.0,377.0,768.0,0.12309422409684001,0.12713646261942835,0.0625,1.0,6400000.0
4.0,4.0,1.0,2.0,12.0,8.0,377.0,768.0,0.12309422409684001,0.12713646261942835,0.03125,0.25,6400000.0
1.0,1.0,1.0,1.0,1.0,1.0,35.0,32.0,-0.0030632107251067353,-0.0017650185808415486,2048.0,0.25,6400000.0
4.0,4.0,1.0,2.0,12.0,8.0,377.0,768.0,0.12309422409684001,0.12713646261942835,0.015625,0.0625,6400000.0
4.0,4.0,1.0,2.0,12.0,8.0,377.0,768.0,0.12309422409684001,0.12713646261942835,0.00390625,4.0,6400000.0
1.0,1.0,1.0,2.0,3.0,2.0,108.0,192.0,0.03911015413878083,0.040912063041146696,0.00195312,0.25,6400000.0
1.0,4.0,1.0,1.0,1.0,1.0,35.0,32.0,-0.0030632107251067353,-0.0017650185808415486,0.000976562,256.0,6400000.0
1.0,4.0,1.0,1.0,1.0,1.0,35.0,32.0,-0.0030632107251067353,-0.0017650185808415486,0.00195312,1024.0,6400000.0
1024.0,1024.0,4.0,9.0,14254.0,12444.0,519729.0,1859968.0,0.772629582824006,0.7679947951374992,0.000976562,0.00195312,6400000.0
1.0,1.0,1.0,1.0,1.0,1.0,35.0,32.0,-0.0030632107251067353,-0.0017650185808415486,2048.0,0.00390625,6400000.0
1.0,4.0,1.0,1.0,1.0,1.0,35.0,32.0,-0.0030632107251067353,-0.0017650185808415486,0.03125,256.0,6400000.0
72.0,1024.0,4.0,9.0,1468.0,1045.0,46332.0,157984.0,0.6102186134538007,0.5969789958644,0.000976562,0.125,6400000.0
133.0,1024.0,4.0,9.0,2381.0,1735.0,76622.0,260576.0,0.6299760996475747,0.6303426389124431,0.000976562,0.03125,6400000.0
3.0,4.0,1.0,2.0,9.0,6.0,279.0,576.0,0.10115259004895938,0.10346957106453547,0.015625,64.0,6400000.0
260.0,1024.0,4.0,9.0,4429.0,3396.0,148894.0,510080.0,0.7248179880725566,0.7143925414352856,0.000976562,0.015625,6400000.0
327.0,1024.0,4.0,9.0,5351.0,4179.0,183696.0,626784.0,0.7263517774653616,0.7304488058931207,0.000976562,0.0078125,6400000.0
4.0,4.0,1.0,2.0,12.0,8.0,377.0,768.0,0.12309422409684001,0.12713646261942835,0.125,4.0,6400000.0
99.0,1024.0,4.0,9.0,1919.0,1379.0,61222.0,207968.0,0.6253669652257936,0.6106653100962529,0.000976562,0.0625,6400000.0
47.0,1024.0,4.0,9.0,936.0,676.0,29163.0,102144.0,0.579172694871942,0.5785778311096275,0.000976562,0.5,6400000.0
35.0,1024.0,4.0,9.0,658.0,483.0,20534.0,72800.0,0.5314186599624591,0.5427904047834783,0.000976562,1.0,6400000.0
975.0,1024.0,4.0,9.0,13632.0,11918.0,497063.0,1782080.0,0.7650519877046597,0.7670185525412525,0.000976562,0.00390625,6400000.0
53.0,1024.0,4.0,9.0,1107.0,782.0,34427.0,118336.0,0.5963520786490591,0.5929239315447865,0.000976562,0.25,6400000.0
4.0,4.0,1.0,2.0,12.0,8.0,377.0,768.0,0.12309422409684001,0.12713646261942835,0.000976562,0.0,6400000.0
4.0,4.0,1.0,2.0,12.0,8.0,377.0,768.0,0.12309422409684001,0.12713646261942835,0.25,16.0,6400000.0
34.0,1024.0,4.0,9.0,405.0,299.0,12531.0,43488.0,0.48047354984414437,0.4995541811062537,0.000976562,2.0,6400000.0
27.0,1024.0,4.0,9.0,182.0,137.0,5741.0,18464.0,0.39629112021669155,0.40252478152262305,0.000976562,4.0,6400000.0
4.0,4.0,1.0,2.0,12.0,8.0,377.0,768.0,0.12309422409684001,0.12713646261942835,0.00195312,0.00195312,6400000.0
11.0,1024.0,4.0,3.0,35.0,26.0,1119.0,2752.0,0.23801654357424562,0.2440154241847443,0.000976562,16.0,6400000.0
8.0,1024.0,4.0,2.0,22.0,16.0,724.0,1536.0,0.184803559555608,0.19082719424152972,0.000976562,32.0,6400000.0
16.0,1024.0,4.0,3.0,67.0,47.0,2020.0,5472.0,0.28428173420704106,0.29213228260301216,0.000976562,8.0,6400000.0
1.0,4.0,1.0,1.0,1.0,1.0,35.0,32.0,-0.0030632107251067353,-0.0017650185808415486,0.00390625,4096.0,6400000.0
3.0,1024.0,4.0,2.0,9.0,6.0,335.0,576.0,0.10115259004895938,0.10346957106453547,0.000976562,64.0,6400000.0
1.0,4.0,1.0,1.0,1.0,1.0,35.0,32.0,-0.0030632107251067353,-0.0017650185808415486,0.0078125,16384.0,6400000.0
1.0,4.0,1.0,1.0,1.0,1.0,35.0,32.0,-0.0030632107251067353,-0.0017650185808415486,0.0625,1024.0,6400000.0
1.0,4.0,1.0,1.0,1.0,1.0,35.0,32.0,-0.0030632107251067353,-0.0017650185808415486,0.125,4096.0,6400000.0
1.0,1024.0,4.0,1.0,1.0,1.0,63.0,32.0,-0.0030632107251067353,-0.0017650185808415486,0.000976562,128.0,6400000.0
1.0,1024.0,4.0,1.0,1.0,1.0,63.0,32.0,-0.0030632107251067353,-0.0017650185808415486,0.000976562,256.0,6400000.0
4.0,4.0,1.0,2.0,12.0,8.0,377.0,768.0,0.12309422409684001,0.12713646261942835,0.03125,0.0,6400000.0
1.0,1024.0,4.0,1.0,1.0,1.0,63.0,32.0,-0.0030632107251067353,-0.0017650185808415486,0.000976562,512.0,6400000.0
1.0,1024.0,4.0,1.0,1.0,1.0,63.0,32.0,-0.0030632107251067353,-0.0017650185808415486,0.000976562,1024.0,6400000.0
4.0,4.0,1.0,2.0,12.0,8.0,377.0,768.0,0.12309422409684001,0.12713646261942835,0.00390625,0.0078125,6400000.0
1.0,4.0,1.0,1.0,1.0,1.0,35.0,32.0,-0.0030632107251067353,-0.0017650185808415486,0.25,16384.0,6400000.0
4.0,4.0,1.0,2.0,12.0,8.0,377.0,768.0,0.12309422409684001,0.12713646261942835,0.0625,0.00195312,6400000.0
1.0,1.0,1.0,1.0,1.0,1.0,35.0,32.0,-0.0030632107251067353,-0.0017650185808415486,2048.0,32.0,6400000.0
1.0,1024.0,4.0,1.0,1.0,1.0,63.0,32.0,-0.0030632107251067353,-0.0017650185808415486,0.000976562,4096.0,6400000.0
1.0,1024.0,4.0,1.0,1.0,1.0,63.0,32.0,-0.0030632107251067353,-0.0017650185808415486,0.000976562,2048.0,6400000.0
1.0,1024.0,4.0,1.0,1.0,1.0,63.0,32.0,-0.0030632107251067353,-0.0017650185808415486,0.000976562,32768.0,6400000.0
4.0,4.0,1.0,2.0,12.0,8.0,377.0,768.0,0.12309422409684001,0.12713646261942835,0.0078125,0.03125,6400000.0
4.0,4.0,1.0,2.0,12.0,8.0,377.0,768.0,0.12309422409684001,0.12713646261942835,0.000976562,0.5,6400000.0
4.0,4.0,1.0,2.0,12.0,8.0,377.0,768.0,0.12309422409684001,0.12713646261942835,0.125,0.0078125,6400000.0
1.0,1024.0,4.0,1.0,1.0,1.0,63.0,32.0,-0.0030632107251067353,-0.0017650185808415486,0.000976562,8192.0,6400000.0
1.0,1024.0,4.0,1.0,1.0,1.0,63.0,32.0,-0.0030632107251067353,-0.0017650185808415486,0.000976562,16384.0,6400000.0
4.0,4.0,1.0,2.0,12.0,8.0,377.0,768.0,0.12309422409684001,0.12713646261942835,0.00195312,2.0,6400000.0
4.0,4.0,1.0,2.0,12.0,8.0,377.0,768.0,0.12309422409684001,0.12713646261942835,0.0078125,32.0,6400000.0
4.0,4.0,1.0,2.0,12.0,8.0,377.0,768.0,0.12309422409684001,0.12713646261942835,0.25,0.03125,6400000.0
1024.0,1024.0,4.0,9.0,14352.0,12463.0,521932.0,1863008.0,0.7690863406519357,0.7649509945756321,0.00195312,0.0,6400000.0
1.0,1.0,1.0,1.0,1.0,1.0,35.0,32.0,-0.0030632107251067353,-0.0017650185808415486,2048.0,0.5,6400000.0
4.0,4.0,1.0,2.0,12.0,8.0,377.0,768.0,0.12309422409684001,0.12713646261942835,0.0625,2.0,6400000.0
4.0,4.0,1.0,2.0,12.0,8.0,377.0,768.0,0.12309422409684001,0.12713646261942835,0.03125,0.5,6400000.0
1024.0,1024.0,4.0,9.0,14408.0,12545.0,524659.0,1876128.0,0.7714677748492771,0.7680386183395963,0.00195312,0.000976562,6400000.0
4.0,4.0,1.0,2.0,12.0,8.0,377.0,768.0,0.12309422409684001,0.12713646261942835,0.015625,0.125,6400000.0
1.0,1.0,1.0,2.0,3.0,2.0,108.0,192.0,0.03911015413878083,0.040912063041146696,0.00195312,0.5,6400000.0
1.0,4.0,1.0,1.0,1.0,1.0,35.0,32.0,-0.0030632107251067353,-0.0017650185808415486,0.00195312,2048.0,6400000.0
4.0,4.0,1.0,2.0,12.0,8.0,377.0,768.0,0.12309422409684001,0.12713646261942835,0.00390625,8.0,6400000.0
1.0,4.0,1.0,1.0,1.0,1.0,35.0,32.0,-0.0030632107251067353,-0.0017650185808415486,0.000976562,512.0,6400000.0
1024.0,1024.0,4.0,9.0,14254.0,12444.0,519729.0,1859968.0,0.772629582824006,0.7679947951374992,0.00195312,0.00195312,6400000.0
1.0,1.0,1.0,1.0,1.0,1.0,35.0,32.0,-0.0030632107251067353,-0.0017650185808415486,2048.0,0.0078125,6400000.0
975.0,1024.0,4.0,9.0,13632.0,11918.0,497063.0,1782080.0,0.7650519877046597,0.7670185525412525,0.00195312,0.00390625,6400000.0
1.0,4.0,1.0,1.0,1.0,1.0,35.0,32.0,-0.0030632107251067353,-0.0017650185808415486,0.03125,512.0,6400000.0
1.0,4.0,1.0,1.0,1.0,1.0,35.0,32.0,-0.0030632107251067353,-0.0017650185808415486,0.015625,128.0,6400000.0
4.0,4.0,1.0,2.0,12.0,8.0,377.0,768.0,0.12309422409684001,0.12713646261942835,0.5,0.125,6400000.0
327.0,1024.0,4.0,9.0,5351.0,4179.0,183696.0,626784.0,0.7263517774653616,0.7304488058931207,0.00195312,0.0078125,6400000.0
4.0,4.0,1.0,2.0,12.0,8.0,377.0,768.0,0.12309422409684001,0.12713646261942835,0.125,8.0,6400000.0
99.0,1024.0,4.0,9.0,1919.0,1379.0,61222.0,207968.0,0.6253669652257936,0.6106653100962529,0.00195312,0.0625,6400000.0
133.0,1024.0,4.0,9.0,2381.0,1735.0,76622.0,260576.0,0.6299760996475747,0.6303426389124431,0.00195312,0.03125,6400000.0
260.0,1024.0,4.0,9.0,4429.0,3396.0,148894.0,510080.0,0.7248179880725566,0.7143925414352856,0.00195312,0.015625,6400000.0
35.0,1024.0,4.0,9.0,658.0,483.0,20534.0,72800.0,0.5314186599624591,0.5427904047834783,0.00195312,1.0,6400000.0
1.0,4.0,1.0,1.0,1.0,1.0,35.0,32.0,-0.0030632107251067353,-0.0017650185808415486,0.00390625,8192.0,6400000.0
47.0,1024.0,4.0,9.0,936.0,676.0,29163.0,102144.0,0.579172694871942,0.5785778311096275,0.00195312,0.5,6400000.0
4.0,4.0,1.0,2.0,12.0,8.0,377.0,768.0,0.12309422409684001,0.12713646261942835,0.00195312,0.00390625,6400000.0
34.0,1024.0,4.0,9.0,405.0,299.0,12531.0,43488.0,0.48047354984414437,0.4995541811062537,0.00195312,2.0,6400000.0
53.0,1024.0,4.0,9.0,1107.0,782.0,34427.0,118336.0,0.5963520786490591,0.5929239315447865,0.00195312,0.25,6400000.0
4.0,4.0,1.0,2.0,12.0,8.0,377.0,768.0,0.12309422409684001,0.12713646261942835,0.25,32.0,6400000.0
27.0,1024.0,4.0,9.0,182.0,137.0,5741.0,18464.0,0.39629112021669155,0.40252478152262305,0.00195312,4.0,6400000.0
72.0,1024.0,4.0,9.0,1468.0,1045.0,46332.0,157984.0,0.6102186134538007,0.5969789958644,0.00195312,0.125,6400000.0
16.0,1024.0,4.0,3.0,67.0,47.0,2020.0,5472.0,0.28428173420704106,0.29213228260301216,0.00195312,8.0,6400000.0
1.0,4.0,1.0,1.0,1.0,1.0,35.0,32.0,-0.0030632107251067353,-0.0017650185808415486,0.0078125,32768.0,6400000.0
3.0,1024.0,4.0,2.0,9.0,6.0,335.0,576.0,0.10115259004895938,0.10346957106453547,0.00195312,64.0,6400000.0
1.0,1024.0,4.0,1.0,1.0,1.0,63.0,32.0,-0.0030632107251067353,-0.0017650185808415486,0.00195312,128.0,6400000.0
1.0,4.0,1.0,1.0,1.0,1.0,35.0,32.0,-0.0030632107251067353,-0.0017650185808415486,0.0625,2048.0,6400000.0
11.0,1024.0,4.0,3.0,35.0,26.0,1119.0,2752.0,0.23801654357424562,0.2440154241847443,0.00195312,16.0,6400000.0
8.0,1024.0,4.0,2.0,22.0,16.0,724.0,1536.0,0.184803559555608,0.19082719424152972,0.00195312,32.0,6400000.0
1.0,4.0,1.0,1.0,1.0,1.0,35.0,32.0,-0.0030632107251067353,-0.0017650185808415486,0.5,128.0,6400000.0
1.0,4.0,1.0,1.0,1.0,1.0,35.0,32.0,-0.0030632107251067353,-0.0017650185808415486,0.125,8192.0,6400000.0
4.0,4.0,1.0,2.0,12.0,8.0,377.0,768.0,0.12309422409684001,0.12713646261942835,0.00390625,0.015625,6400000.0
4.0,4.0,1.0,2.0,12.0,8.0,377.0,768.0,0.12309422409684001,0.12713646261942835,0.03125,0.000976562,6400000.0
1.0,1024.0,4.0,1.0,1.0,1.0,63.0,32.0,-0.0030632107251067353,-0.0017650185808415486,0.00195312,1024.0,6400000.0
1.0,1024.0,4.0,1.0,1.0,1.0,63.0,32.0,-0.0030632107251067353,-0.0017650185808415486,0.00195312,512.0,6400000.0
1.0,1024.0,4.0,1.0,1.0,1.0,63.0,32.0,-0.0030632107251067353,-0.0017650185808415486,0.00195312,256.0,6400000.0
4.0,4.0,1.0,2.0,12.0,8.0,377.0,768.0,0.12309422409684001,0.12713646261942835,0.0625,0.00390625,6400000.0
1.0,1024.0,4.0,1.0,1.0,1.0,63.0,32.0,-0.0030632107251067353,-0.0017650185808415486,0.00195312,2048.0,6400000.0
1.0,4.0,1.0,1.0,1.0,1.0,35.0,32.0,-0.0030632107251067353,-0.0017650185808415486,0.25,32768.0,6400000.0
1.0,1.0,1.0,1.0,1.0,1.0,35.0,32.0,-0.0030632107251067353,-0.0017650185808415486,2048.0,64.0,6400000.0
1.0,1024.0,4.0,1.0,1.0,1.0,63.0,32.0,-0.0030632107251067353,-0.0017650185808415486,0.00195312,4096.0,6400000.0
1.0,1024.0,4.0,1.0,1.0,1.0,63.0,32.0,-0.0030632107251067353,-0.0017650185808415486,0.00195312,8192.0,6400000.0
4.0,4.0,1.0,2.0,12.0,8.0,377.0,768.0,0.12309422409684001,0.12713646261942835,0.125,0.015625,6400000.0
4.0,4.0,1.0,2.0,12.0,8.0,377.0,768.0,0.12309422409684001,0.12713646261942835,0.0078125,0.0625,6400000.0
4.0,4.0,1.0,2.0,12.0,8.0,377.0,768.0,0.12309422409684001,0.12713646261942835,0.00195312,4.0,6400000.0
1.0,1024.0,4.0,1.0,1.0,1.0,63.0,32.0,-0.0030632107251067353,-0.0017650185808415486,0.00195312,16384.0,6400000.0
4.0,4.0,1.0,2.0,12.0,8.0,377.0,768.0,0.12309422409684001,0.12713646261942835,1.0,0.000976562,6400000.0
1.0,1024.0,4.0,1.0,1.0,1.0,63.0,32.0,-0.0030632107251067353,-0.0017650185808415486,0.00195312,32768.0,6400000.0
4.0,4.0,1.0,2.0,12.0,8.0,377.0,768.0,0.12309422409684001,0.12713646261942835,0.25,0.0625,6400000.0
4.0,4.0,1.0,2.0,12.0,8.0,377.0,768.0,0.12309422409684001,0.12713646261942835,0.0625,4.0,6400000.0
1.0,1.0,1.0,1.0,1.0,1.0,35.0,32.0,-0.0030632107251067353,-0.0017650185808415486,2048.0,1.0,6400000.0
1024.0,1024.0,4.0,9.0,14352.0,12463.0,521932.0,1863008.0,0.7690863406519357,0.7649509945756321,0.00390625,0.0,6400000.0
3.0,4.0,1.0,2.0,9.0,6.0,279.0,576.0,0.10115259004895938,0.10346957106453547,0.0078125,64.0,6400000.0
4.0,4.0,1.0,2.0,12.0,8.0,377.0,768.0,0.12309422409684001,0.12713646261942835,0.03125,1.0,6400000.0
1.0,1.0,1.0,2.0,3.0,2.0,108.0,192.0,0.03911015413878083,0.040912063041146696,0.00195312,1.0,6400000.0
4.0,4.0,1.0,2.0,12.0,8.0,377.0,768.0,0.12309422409684001,0.12713646261942835,0.015625,0.25,6400000.0
4.0,4.0,1.0,2.0,12.0,8.0,377.0,768.0,0.12309422409684001,0.12713646261942835,0.00390625,16.0,6400000.0
1.0,4.0,1.0,1.0,1.0,1.0,35.0,32.0,-0.0030632107251067353,-0.0017650185808415486,0.03125,1024.0,6400000.0
1.0,4.0,1.0,1.0,1.0,1.0,35.0,32.0,-0.0030632107251067353,-0.0017650185808415486,0.00195312,4096.0,6400000.0
1024.0,1024.0,4.0,9.0,14408.0,12545.0,524659.0,1876128.0,0.7714677748492771,0.7680386183395963,0.00390625,0.000976562,6400000.0
1.0,4.0,1.0,1.0,1.0,1.0,35.0,32.0,-0.0030632107251067353,-0.0017650185808415486,0.015625,256.0,6400000.0
1024.0,1024.0,4.0,9.0,14254.0,12444.0,519729.0,1859968.0,0.772629582824006,0.7679947951374992,0.00390625,0.00195312,6400000.0
4.0,4.0,1.0,2.0,12.0,8.0,377.0,768.0,0.12309422409684001,0.12713646261942835,0.5,0.25,6400000.0
4.0,4.0,1.0,2.0,12.0,8.0,377.0,768.0,0.12309422409684001,0.12713646261942835,0.125,16.0,6400000.0
327.0,1024.0,4.0,9.0,5351.0,4179.0,183696.0,626784.0,0.7263517774653616,0.7304488058931207,0.00390625,0.0078125,6400000.0
1.0,1.0,1.0,1.0,1.0,1.0,35.0,32.0,-0.0030632107251067353,-0.0017650185808415486,2048.0,0.015625,6400000.0
260.0,1024.0,4.0,9.0,4429.0,3396.0,148894.0,510080.0,0.7248179880725566,0.7143925414352856,0.00390625,0.015625,6400000.0
975.0,1024.0,4.0,9.0,13632.0,11918.0,497063.0,1782080.0,0.7650519877046597,0.7670185525412525,0.00390625,0.00390625,6400000.0
133.0,1024.0,4.0,9.0,2381.0,1735.0,76622.0,260576.0,0.6299760996475747,0.6303426389124431,0.00390625,0.03125,6400000.0
1.0,4.0,1.0,1.0,1.0,1.0,35.0,32.0,-0.0030632107251067353,-0.0017650185808415486,0.00390625,16384.0,6400000.0
99.0,1024.0,4.0,9.0,1919.0,1379.0,61222.0,207968.0,0.6253669652257936,0.6106653100962529,0.00390625,0.0625,6400000.0
4.0,4.0,1.0,2.0,12.0,8.0,377.0,768.0,0.12309422409684001,0.12713646261942835,1.0,1.0,6400000.0
72.0,1024.0,4.0,9.0,1468.0,1045.0,46332.0,157984.0,0.6102186134538007,0.5969789958644,0.00390625,0.125,6400000.0
53.0,1024.0,4.0,9.0,1107.0,782.0,34427.0,118336.0,0.5963520786490591,0.5929239315447865,0.00390625,0.25,6400000.0
3.0,4.0,1.0,2.0,9.0,6.0,279.0,576.0,0.10115259004895938,0.10346957106453547,0.25,64.0,6400000.0
35.0,1024.0,4.0,9.0,658.0,483.0,20534.0,72800.0,0.5314186599624591,0.5427904047834783,0.00390625,1.0,6400000.0
34.0,1024.0,4.0,9.0,405.0,299.0,12531.0,43488.0,0.48047354984414437,0.4995541811062537,0.00390625,2.0,6400000.0
47.0,1024.0,4.0,9.0,936.0,676.0,29163.0,102144.0,0.579172694871942,0.5785778311096275,0.00390625,0.5,6400000.0
27.0,1024.0,4.0,9.0,182.0,137.0,5741.0,18464.0,0.39629112021669155,0.40252478152262305,0.00390625,4.0,6400000.0
8.0,1024.0,4.0,2.0,22.0,16.0,724.0,1536.0,0.184803559555608,0.19082719424152972,0.00390625,32.0,6400000.0
11.0,1024.0,4.0,3.0,35.0,26.0,1119.0,2752.0,0.23801654357424562,0.2440154241847443,0.00390625,16.0,6400000.0
4.0,4.0,1.0,2.0,12.0,8.0,377.0,768.0,0.12309422409684001,0.12713646261942835,0.015625,0.0,6400000.0
1.0,4.0,1.0,1.0,1.0,1.0,35.0,32.0,-0.0030632107251067353,-0.0017650185808415486,0.125,16384.0,6400000.0
16.0,1024.0,4.0,3.0,67.0,47.0,2020.0,5472.0,0.28428173420704106,0.29213228260301216,0.00390625,8.0,6400000.0
1.0,4.0,1.0,1.0,1.0,1.0,35.0,32.0,-0.0030632107251067353,-0.0017650185808415486,0.5,256.0,6400000.0
4.0,4.0,1.0,2.0,12.0,8.0,377.0,768.0,0.12309422409684001,0.12713646261942835,0.03125,0.00195312,6400000.0
1.0,1024.0,4.0,1.0,1.0,1.0,63.0,32.0,-0.0030632107251067353,-0.0017650185808415486,0.00390625,256.0,6400000.0
4.0,4.0,1.0,2.0,12.0,8.0,377.0,768.0,0.12309422409684001,0.12713646261942835,0.00390625,0.03125,6400000.0
1.0,1024.0,4.0,1.0,1.0,1.0,63.0,32.0,-0.0030632107251067353,-0.0017650185808415486,0.00390625,128.0,6400000.0
1.0,4.0,1.0,1.0,1.0,1.0,35.0,32.0,-0.0030632107251067353,-0.0017650185808415486,0.0625,4096.0,6400000.0
1.0,4.0,1.0,1.0,1.0,1.0,35.0,32.0,-0.0030632107251067353,-0.0017650185808415486,1.0,1024.0,6400000.0
3.0,1024.0,4.0,2.0,9.0,6.0,335.0,576.0,0.10115259004895938,0.10346957106453547,0.00390625,64.0,6400000.0
4.0,4.0,1.0,2.0,12.0,8.0,377.0,768.0,0.12309422409684001,0.12713646261942835,0.5,0.0,6400000.0
4.0,4.0,1.0,2.0,12.0,8.0,377.0,768.0,0.12309422409684001,0.12713646261942835,0.0625,0.0078125,6400000.0
1.0,1024.0,4.0,1.0,1.0,1.0,63.0,32.0,-0.0030632107251067353,-0.0017650185808415486,0.00390625,2048.0,6400000.0
1.0,1024.0,4.0,1.0,1.0,1.0,63.0,32.0,-0.0030632107251067353,-0.0017650185808415486,0.00390625,1024.0,6400000.0
1.0,1.0,1.0,1.0,1.0,1.0,35.0,32.0,-0.0030632107251067353,-0.0017650185808415486,2048.0,128.0,6400000.0
1.0,1024.0,4.0,1.0,1.0,1.0,63.0,32.0,-0.0030632107251067353,-0.0017650185808415486,0.00390625,512.0,6400000.0
1.0,1024.0,4.0,1.0,1.0,1.0,63.0,32.0,-0.0030632107251067353,-0.0017650185808415486,0.00390625,4096.0,6400000.0
4.0,4.0,1.0,2.0,12.0,8.0,377.0,768.0,0.12309422409684001,0.12713646261942835,0.125,0.03125,6400000.0
1.0,1024.0,4.0,1.0,1.0,1.0,63.0,32.0,-0.0030632107251067353,-0.0017650185808415486,0.00390625,16384.0,6400000.0
1.0,1024.0,4.0,1.0,1.0,1.0,63.0,32.0,-0.0030632107251067353,-0.0017650185808415486,0.00390625,8192.0,6400000.0
4.0,4.0,1.0,2.0,12.0,8.0,377.0,768.0,0.12309422409684001,0.12713646261942835,0.0078125,0.125,6400000.0
4.0,4.0,1.0,2.0,12.0,8.0,377.0,768.0,0.12309422409684001,0.12713646261942835,1.0,0.00195312,6400000.0
1.0,1024.0,4.0,1.0,1.0,1.0,63.0,32.0,-0.0030632107251067353,-0.0017650185808415486,0.00390625,32768.0,6400000.0
4.0,4.0,1.0,2.0,12.0,8.0,377.0,768.0,0.12309422409684001,0.12713646261942835,2.0,0.0078125,6400000.0
4.0,4.0,1.0,2.0,12.0,8.0,377.0,768.0,0.12309422409684001,0.12713646261942835,0.25,0.125,6400000.0
1.0,4.0,1.0,1.0,1.0,1.0,35.0,32.0,-0.0030632107251067353,-0.0017650185808415486,0.0078125,128.0,6400000.0
4.0,4.0,1.0,2.0,12.0,8.0,377.0,768.0,0.12309422409684001,0.12713646261942835,0.0625,8.0,6400000.0
1.0,1.0,1.0,1.0,1.0,1.0,35.0,32.0,-0.0030632107251067353,-0.0017650185808415486,2048.0,2.0,6400000.0
4.0,4.0,1.0,2.0,12.0,8.0,377.0,768.0,0.12309422409684001,0.12713646261942835,0.03125,2.0,6400000.0
1024.0,1024.0,4.0,9.0,14352.0,12463.0,521932.0,1863008.0,0.7690863406519357,0.7649509945756321,0.0078125,0.0,6400000.0
4.0,4.0,1.0,2.0,12.0,8.0,377.0,768.0,0.12309422409684001,0.12713646261942835,0.015625,0.5,6400000.0
1.0,1.0,1.0,2.0,3.0,2.0,108.0,192.0,0.03911015413878083,0.040912063041146696,0.00195312,2.0,6400000.0
4.0,4.0,1.0,2.0,12.0,8.0,377.0,768.0,0.12309422409684001,0.12713646261942835,0.00390625,32.0,6400000.0
1024.0,1024.0,4.0,9.0,14408.0,12545.0,524659.0,1876128.0,0.7714677748492771,0.7680386183395963,0.0078125,0.000976562,6400000.0
1.0,4.0,1.0,1.0,1.0,1.0,35.0,32.0,-0.0030632107251067353,-0.0017650185808415486,0.03125,2048.0,6400000.0
1.0,4.0,1.0,1.0,1.0,1.0,35.0,32.0,-0.0030632107251067353,-0.0017650185808415486,0.015625,512.0,6400000.0
4.0,4.0,1.0,2.0,12.0,8.0,377.0,768.0,0.12309422409684001,0.12713646261942835,0.125,32.0,6400000.0
4.0,4.0,1.0,2.0,12.0,8.0,377.0,768.0,0.12309422409684001,0.12713646261942835,0.5,0.5,6400000.0
975.0,1024.0,4.0,9.0,13632.0,11918.0,497063.0,1782080.0,0.7650519877046597,0.7670185525412525,0.0078125,0.00390625,6400000.0
260.0,1024.0,4.0,9.0,4429.0,3396.0,148894.0,510080.0,0.7248179880725566,0.7143925414352856,0.0078125,0.015625,6400000.0
1024.0,1024.0,4.0,9.0,14254.0,12444.0,519729.0,1859968.0,0.772629582824006,0.7679947951374992,0.0078125,0.00195312,6400000.0
99.0,1024.0,4.0,9.0,1919.0,1379.0,61222.0,207968.0,0.6253669652257936,0.6106653100962529,0.0078125,0.0625,6400000.0
327.0,1024.0,4.0,9.0,5351.0,4179.0,183696.0,626784.0,0.7263517774653616,0.7304488058931207,0.0078125,0.0078125,6400000.0
72.0,1024.0,4.0,9.0,1468.0,1045.0,46332.0,157984.0,0.6102186134538007,0.5969789958644,0.0078125,0.125,6400000.0
133.0,1024.0,4.0,9.0,2381.0,1735.0,76622.0,260576.0,0.6299760996475747,0.6303426389124431,0.0078125,0.03125,6400000.0
4.0,4.0,1.0,2.0,12.0,8.0,377.0,768.0,0.12309422409684001,0.12713646261942835,1.0,2.0,6400000.0
1.0,4.0,1.0,1.0,1.0,1.0,35.0,32.0,-0.0030632107251067353,-0.0017650185808415486,0.00390625,32768.0,6400000.0
53.0,1024.0,4.0,9.0,1107.0,782.0,34427.0,118336.0,0.5963520786490591,0.5929239315447865,0.0078125,0.25,6400000.0
1.0,4.0,1.0,1.0,1.0,1.0,35.0,32.0,-0.0030632107251067353,-0.0017650185808415486,0.25,128.0,6400000.0
47.0,1024.0,4.0,9.0,936.0,676.0,29163.0,102144.0,0.579172694871942,0.5785778311096275,0.0078125,0.5,6400000.0
4.0,4.0,1.0,2.0,12.0,8.0,377.0,768.0,0.12309422409684001,0.12713646261942835,2.0,8.0,6400000.0
35.0,1024.0,4.0,9.0,658.0,483.0,20534.0,72800.0,0.5314186599624591,0.5427904047834783,0.0078125,1.0,6400000.0
1.0,4.0,1.0,1.0,1.0,1.0,35.0,32.0,-0.0030632107251067353,-0.0017650185808415486,0.125,32768.0,6400000.0
16.0,1024.0,4.0,3.0,67.0,47.0,2020.0,5472.0,0.28428173420704106,0.29213228260301216,0.0078125,8.0,6400000.0
4.0,4.0,1.0,2.0,12.0,8.0,377.0,768.0,0.12309422409684001,0.12713646261942835,0.03125,0.00390625,6400000.0
34.0,1024.0,4.0,9.0,405.0,299.0,12531.0,43488.0,0.48047354984414437,0.4995541811062537,0.0078125,2.0,6400000.0
1.0,4.0,1.0,1.0,1.0,1.0,35.0,32.0,-0.0030632107251067353,-0.0017650185808415486,0.5,512.0,6400000.0
3.0,1024.0,4.0,2.0,9.0,6.0,335.0,576.0,0.10115259004895938,0.10346957106453547,0.0078125,64.0,6400000.0
4.0,4.0,1.0,2.0,12.0,8.0,377.0,768.0,0.12309422409684001,0.12713646261942835,0.015625,0.000976562,6400000.0
8.0,1024.0,4.0,2.0,22.0,16.0,724.0,1536.0,0.184803559555608,0.19082719424152972,0.0078125,32.0,6400000.0
1.0,4.0,1.0,1.0,1.0,1.0,35.0,32.0,-0.0030632107251067353,-0.0017650185808415486,0.0625,8192.0,6400000.0
27.0,1024.0,4.0,9.0,182.0,137.0,5741.0,18464.0,0.39629112021669155,0.40252478152262305,0.0078125,4.0,6400000.0
11.0,1024.0,4.0,3.0,35.0,26.0,1119.0,2752.0,0.23801654357424562,0.2440154241847443,0.0078125,16.0,6400000.0
1.0,1024.0,4.0,1.0,1.0,1.0,63.0,32.0,-0.0030632107251067353,-0.0017650185808415486,0.0078125,128.0,6400000.0
1.0,1024.0,4.0,1.0,1.0,1.0,63.0,32.0,-0.0030632107251067353,-0.0017650185808415486,0.0078125,256.0,6400000.0
1.0,4.0,1.0,1.0,1.0,1.0,35.0,32.0,-0.0030632107251067353,-0.0017650185808415486,1.0,2048.0,6400000.0
4.0,4.0,1.0,2.0,12.0,8.0,377.0,768.0,0.12309422409684001,0.12713646261942835,0.0625,0.015625,6400000.0
1.0,1024.0,4.0,1.0,1.0,1.0,63.0,32.0,-0.0030632107251067353,-0.0017650185808415486,0.0078125,512.0,6400000.0
4.0,4.0,1.0,2.0,12.0,8.0,377.0,768.0,0.12309422409684001,0.12713646261942835,0.5,0.000976562,6400000.0
1.0,4.0,1.0,1.0,1.0,1.0,35.0,32.0,-0.0030632107251067353,-0.0017650185808415486,2.0,8192.0,6400000.0
1.0,1024.0,4.0,1.0,1.0,1.0,63.0,32.0,-0.0030632107251067353,-0.0017650185808415486,0.0078125,1024.0,6400000.0
1.0,1.0,1.0,1.0,1.0,1.0,35.0,32.0,-0.0030632107251067353,-0.0017650185808415486,2048.0,256.0,6400000.0
1.0,1024.0,4.0,1.0,1.0,1.0,63.0,32.0,-0.0030632107251067353,-0.0017650185808415486,0.0078125,16384.0,6400000.0
1.0,1024.0,4.0,1.0,1.0,1.0,63.0,32.0,-0.0030632107251067353,-0.0017650185808415486,0.0078125,8192.0,6400000.0
4.0,4.0,1.0,2.0,12.0,8.0,377.0,768.0,0.12309422409684001,0.12713646261942835,0.125,0.0625,6400000.0
1.0,1024.0,4.0,1.0,1.0,1.0,63.0,32.0,-0.0030632107251067353,-0.0017650185808415486,0.0078125,2048.0,6400000.0
1.0,1024.0,4.0,1.0,1.0,1.0,63.0,32.0,-0.0030632107251067353,-0.0017650185808415486,0.0078125,4096.0,6400000.0
4.0,4.0,1.0,2.0,12.0,8.0,377.0,768.0,0.12309422409684001,0.12713646261942835,0.0078125,0.25,6400000.0
1.0,1024.0,4.0,1.0,1.0,1.0,63.0,32.0,-0.0030632107251067353,-0.0017650185808415486,0.0078125,32768.0,6400000.0
4.0,4.0,1.0,2.0,12.0,8.0,377.0,768.0,0.12309422409684001,0.12713646261942835,1.0,0.00390625,6400000.0
4.0,4.0,1.0,2.0,12.0,8.0,377.0,768.0,0.12309422409684001,0.12713646261942835,2.0,0.015625,6400000.0
1024.0,1024.0,4.0,9.0,14352.0,12463.0,521932.0,1863008.0,0.7690863406519357,0.7649509945756321,0.015625,0.0,6400000.0
1.0,4.0,1.0,1.0,1.0,1.0,35.0,32.0,-0.0030632107251067353,-0.0017650185808415486,0.0078125,256.0,6400000.0
4.0,4.0,1.0,2.0,12.0,8.0,377.0,768.0,0.12309422409684001,0.12713646261942835,0.0625,16.0,6400000.0
4.0,4.0,1.0,2.0,12.0,8.0,377.0,768.0,0.12309422409684001,0.12713646261942835,0.25,0.25,6400000.0
4.0,4.0,1.0,2.0,12.0,8.0,377.0,768.0,0.12309422409684001,0.12713646261942835,0.03125,4.0,6400000.0
1.0,1.0,1.0,1.0,1.0,1.0,35.0,32.0,-0.0030632107251067353,-0.0017650185808415486,2048.0,4.0,6400000.0
4.0,4.0,1.0,2.0,12.0,8.0,377.0,768.0,0.12309422409684001,0.12713646261942835,0.015625,1.0,6400000.0
1.0,1.0,1.0,2.0,3.0,2.0,108.0,192.0,0.03911015413878083,0.040912063041146696,0.00195312,4.0,6400000.0
1024.0,1024.0,4.0,9.0,14408.0,12545.0,524659.0,1876128.0,0.7714677748492771,0.7680386183395963,0.015625,0.000976562,6400000.0
1.0,4.0,1.0,1.0,1.0,1.0,35.0,32.0,-0.0030632107251067353,-0.0017650185808415486,0.015625,1024.0,6400000.0
1.0,4.0,1.0,1.0,1.0,1.0,35.0,32.0,-0.0030632107251067353,-0.0017650185808415486,0.03125,4096.0,6400000.0
4.0,4.0,1.0,2.0,12.0,8.0,377.0,768.0,0.12309422409684001,0.12713646261942835,4.0,0.0625,6400000.0
3.0,4.0,1.0,2.0,9.0,6.0,279.0,576.0,0.10115259004895938,0.10346957106453547,0.125,64.0,6400000.0
975.0,1024.0,4.0,9.0,13632.0,11918.0,497063.0,1782080.0,0.7650519877046597,0.7670185525412525,0.015625,0.00390625,6400000.0
4.0,4.0,1.0,2.0,12.0,8.0,377.0,768.0,0.12309422409684001,0.12713646261942835,0.5,1.0,6400000.0
1024.0,1024.0,4.0,9.0,14254.0,12444.0,519729.0,1859968.0,0.772629582824006,0.7679947951374992,0.015625,0.00195312,6400000.0
72.0,1024.0,4.0,9.0,1468.0,1045.0,46332.0,157984.0,0.6102186134538007,0.5969789958644,0.015625,0.125,6400000.0
99.0,1024.0,4.0,9.0,1919.0,1379.0,61222.0,207968.0,0.6253669652257936,0.6106653100962529,0.015625,0.0625,6400000.0
53.0,1024.0,4.0,9.0,1107.0,782.0,34427.0,118336.0,0.5963520786490591,0.5929239315447865,0.015625,0.25,6400000.0
133.0,1024.0,4.0,9.0,2381.0,1735.0,76622.0,260576.0,0.6299760996475747,0.6303426389124431,0.015625,0.03125,6400000.0
4.0,4.0,1.0,2.0,12.0,8.0,377.0,768.0,0.12309422409684001,0.12713646261942835,1.0,4.0,6400000.0
327.0,1024.0,4.0,9.0,5351.0,4179.0,183696.0,626784.0,0.7263517774653616,0.7304488058931207,0.015625,0.0078125,6400000.0
260.0,1024.0,4.0,9.0,4429.0,3396.0,148894.0,510080.0,0.7248179880725566,0.7143925414352856,0.015625,0.015625,6400000.0
47.0,1024.0,4.0,9.0,936.0,676.0,29163.0,102144.0,0.579172694871942,0.5785778311096275,0.015625,0.5,6400000.0
1.0,4.0,1.0,1.0,1.0,1.0,35.0,32.0,-0.0030632107251067353,-0.0017650185808415486,0.25,256.0,6400000.0
35.0,1024.0,4.0,9.0,658.0,483.0,20534.0,72800.0,0.5314186599624591,0.5427904047834783,0.015625,1.0,6400000.0
4.0,4.0,1.0,2.0,12.0,8.0,377.0,768.0,0.12309422409684001,0.12713646261942835,2.0,16.0,6400000.0
34.0,1024.0,4.0,9.0,405.0,299.0,12531.0,43488.0,0.48047354984414437,0.4995541811062537,0.015625,2.0,6400000.0
4.0,4.0,1.0,2.0,12.0,8.0,377.0,768.0,0.12309422409684001,0.12713646261942835,0.25,0.0,6400000.0
1.0,1.0,1.0,1.0,1.0,1.0,35.0,32.0,-0.0030632107251067353,-0.0017650185808415486,2048.0,32768.0,6400000.0
4.0,4.0,1.0,2.0,12.0,8.0,377.0,768.0,0.12309422409684001,0.12713646261942835,0.03125,0.0078125,6400000.0
27.0,1024.0,4.0,9.0,182.0,137.0,5741.0,18464.0,0.39629112021669155,0.40252478152262305,0.015625,4.0,6400000.0
1.0,4.0,1.0,1.0,1.0,1.0,35.0,32.0,-0.0030632107251067353,-0.0017650185808415486,0.5,1024.0,6400000.0
4.0,4.0,1.0,2.0,12.0,8.0,377.0,768.0,0.12309422409684001,0.12713646261942835,0.015625,0.00195312,6400000.0
1.0,4.0,1.0,1.0,1.0,1.0,35.0,32.0,-0.0030632107251067353,-0.0017650185808415486,0.0625,16384.0,6400000.0
4.0,4.0,1.0,2.0,12.0,8.0,377.0,768.0,0.12309422409684001,0.12713646261942835,0.0625,0.03125,6400000.0
1.0,4.0,1.0,1.0,1.0,1.0,35.0,32.0,-0.0030632107251067353,-0.0017650185808415486,1.0,4096.0,6400000.0
1.0,4.0,1.0,1.0,1.0,1.0,35.0,32.0,-0.0030632107251067353,-0.0017650185808415486,2.0,16384.0,6400000.0
4.0,4.0,1.0,2.0,12.0,8.0,377.0,768.0,0.12309422409684001,0.12713646261942835,0.5,0.00195312,6400000.0
8.0,1024.0,4.0,2.0,22.0,16.0,724.0,1536.0,0.184803559555608,0.19082719424152972,0.015625,32.0,6400000.0
16.0,1024.0,4.0,3.0,67.0,47.0,2020.0,5472.0,0.28428173420704106,0.29213228260301216,0.015625,8.0,6400000.0
11.0,1024.0,4.0,3.0,35.0,26.0,1119.0,2752.0,0.23801654357424562,0.2440154241847443,0.015625,16.0,6400000.0
1.0,1024.0,4.0,1.0,1.0,1.0,63.0,32.0,-0.0030632107251067353,-0.0017650185808415486,0.015625,128.0,6400000.0
1.0,1024.0,4.0,1.0,1.0,1.0,63.0,32.0,-0.0030632107251067353,-0.0017650185808415486,0.015625,512.0,6400000.0
3.0,1024.0,4.0,2.0,9.0,6.0,335.0,576.0,0.10115259004895938,0.10346957106453547,0.015625,64.0,6400000.0
3.0,4.0,1.0,2.0,9.0,6.0,279.0,576.0,0.10115259004895938,0.10346957106453547,4.0,64.0,6400000.0
1.0,1.0,1.0,1.0,1.0,1.0,35.0,32.0,-0.0030632107251067353,-0.0017650185808415486,2048.0,512.0,6400000.0
1.0,1024.0,4.0,1.0,1.0,1.0,63.0,32.0,-0.0030632107251067353,-0.0017650185808415486,0.015625,1024.0,6400000.0
1.0,1024.0,4.0,1.0,1.0,1.0,63.0,32.0,-0.0030632107251067353,-0.0017650185808415486,0.015625,256.0,6400000.0
1.0,1024.0,4.0,1.0,1.0,1.0,63.0,32.0,-0.0030632107251067353,-0.0017650185808415486,0.015625,2048.0,6400000.0
1.0,1024.0,4.0,1.0,1.0,1.0,63.0,32.0,-0.0030632107251067353,-0.0017650185808415486,0.015625,4096.0,6400000.0
4.0,4.0,1.0,2.0,12.0,8.0,377.0,768.0,0.12309422409684001,0.12713646261942835,0.125,0.125,6400000.0
4.0,4.0,1.0,2.0,12.0,8.0,377.0,768.0,0.12309422409684001,0.12713646261942835,8.0,0.0,6400000.0
1.0,1024.0,4.0,1.0,1.0,1.0,63.0,32.0,-0.0030632107251067353,-0.0017650185808415486,0.015625,8192.0,6400000.0
1.0,1024.0,4.0,1.0,1.0,1.0,63.0,32.0,-0.0030632107251067353,-0.0017650185808415486,0.015625,16384.0,6400000.0
4.0,4.0,1.0,2.0,12.0,8.0,377.0,768.0,0.12309422409684001,0.12713646261942835,1.0,0.0078125,6400000.0
1.0,1024.0,4.0,1.0,1.0,1.0,63.0,32.0,-0.0030632107251067353,-0.0017650185808415486,0.015625,32768.0,6400000.0
4.0,4.0,1.0,2.0,12.0,8.0,377.0,768.0,0.12309422409684001,0.12713646261942835,2.0,0.03125,6400000.0
4.0,4.0,1.0,2.0,12.0,8.0,377.0,768.0,0.12309422409684001,0.12713646261942835,0.0625,32.0,6400000.0
4.0,4.0,1.0,2.0,12.0,8.0,377.0,768.0,0.12309422409684001,0.12713646261942835,0.25,0.5,6400000.0
1024.0,1024.0,4.0,9.0,14352.0,12463.0,521932.0,1863008.0,0.7690863406519357,0.7649509945756321,0.03125,0.0,6400000.0
1.0,1.0,1.0,2.0,3.0,2.0,108.0,192.0,0.03911015413878083,0.040912063041146696,0.00195312,8.0,6400000.0
4.0,4.0,1.0,2.0,12.0,8.0,377.0,768.0,0.12309422409684001,0.12713646261942835,0.03125,8.0,6400000.0
4.0,4.0,1.0,2.0,12.0,8.0,377.0,768.0,0.12309422409684001,0.12713646261942835,0.015625,2.0,6400000.0
1.0,1.0,1.0,1.0,1.0,1.0,35.0,32.0,-0.0030632107251067353,-0.0017650185808415486,2048.0,8.0,6400000.0
1024.0,1024.0,4.0,9.0,14254.0,12444.0,519729.0,1859968.0,0.772629582824006,0.7679947951374992,0.03125,0.00195312,6400000.0
1.0,4.0,1.0,1.0,1.0,1.0,35.0,32.0,-0.0030632107251067353,-0.0017650185808415486,0.125,128.0,6400000.0
4.0,4.0,1.0,2.0,12.0,8.0,377.0,768.0,0.12309422409684001,0.12713646261942835,4.0,0.125,6400000.0
1.0,4.0,1.0,1.0,1.0,1.0,35.0,32.0,-0.0030632107251067353,-0.0017650185808415486,0.015625,2048.0,6400000.0
1024.0,1024.0,4.0,9.0,14408.0,12545.0,524659.0,1876128.0,0.7714677748492771,0.7680386183395963,0.03125,0.000976562,6400000.0
1.0,4.0,1.0,1.0,1.0,1.0,35.0,32.0,-0.0030632107251067353,-0.0017650185808415486,0.03125,8192.0,6400000.0
975.0,1024.0,4.0,9.0,13632.0,11918.0,497063.0,1782080.0,0.7650519877046597,0.7670185525412525,0.03125,0.00390625,6400000.0
327.0,1024.0,4.0,9.0,5351.0,4179.0,183696.0,626784.0,0.7263517774653616,0.7304488058931207,0.03125,0.0078125,6400000.0
4.0,4.0,1.0,2.0,12.0,8.0,377.0,768.0,0.12309422409684001,0.12713646261942835,0.5,2.0,6400000.0
260.0,1024.0,4.0,9.0,4429.0,3396.0,148894.0,510080.0,0.7248179880725566,0.7143925414352856,0.03125,0.015625,6400000.0
4.0,4.0,1.0,2.0,12.0,8.0,377.0,768.0,0.12309422409684001,0.12713646261942835,1.0,8.0,6400000.0
133.0,1024.0,4.0,9.0,2381.0,1735.0,76622.0,260576.0,0.6299760996475747,0.6303426389124431,0.03125,0.03125,6400000.0
72.0,1024.0,4.0,9.0,1468.0,1045.0,46332.0,157984.0,0.6102186134538007,0.5969789958644,0.03125,0.125,6400000.0
4.0,4.0,1.0,2.0,12.0,8.0,377.0,768.0,0.12309422409684001,0.12713646261942835,2.0,32.0,6400000.0
53.0,1024.0,4.0,9.0,1107.0,782.0,34427.0,118336.0,0.5963520786490591,0.5929239315447865,0.03125,0.25,6400000.0
34.0,1024.0,4.0,9.0,405.0,299.0,12531.0,43488.0,0.48047354984414437,0.4995541811062537,0.03125,2.0,6400000.0
37.0,1024.0,4.0,9.0,639.0,465.0,19872.0,69664.0,0.5234863226510582,0.534602946209239,0.03125,1.0,6400000.0
4.0,4.0,1.0,2.0,12.0,8.0,377.0,768.0,0.12309422409684001,0.12713646261942835,8.0,0.5,6400000.0
4.0,4.0,1.0,2.0,12.0,8.0,377.0,768.0,0.12309422409684001,0.12713646261942835,0.25,0.000976562,6400000.0
47.0,1024.0,4.0,9.0,936.0,676.0,29163.0,102144.0,0.579172694871942,0.5785778311096275,0.03125,0.5,6400000.0
1.0,4.0,1.0,1.0,1.0,1.0,35.0,32.0,-0.0030632107251067353,-0.0017650185808415486,0.25,512.0,6400000.0
99.0,1024.0,4.0,9.0,1919.0,1379.0,61222.0,207968.0,0.6253669652257936,0.6106653100962529,0.03125,0.0625,6400000.0
1.0,1.0,1.0,1.0,1.0,1.0,35.0,32.0,-0.0030632107251067353,-0.0017650185808415486,4096.0,0.0,6400000.0
1.0,4.0,1.0,1.0,1.0,1.0,35.0,32.0,-0.0030632107251067353,-0.0017650185808415486,0.5,2048.0,6400000.0
27.0,1024.0,4.0,9.0,182.0,137.0,5741.0,18464.0,0.39629112021669155,0.40252478152262305,0.03125,4.0,6400000.0
4.0,4.0,1.0,2.0,12.0,8.0,377.0,768.0,0.12309422409684001,0.12713646261942835,0.03125,0.015625,6400000.0
1.0,4.0,1.0,1.0,1.0,1.0,35.0,32.0,-0.0030632107251067353,-0.0017650185808415486,1.0,8192.0,6400000.0
16.0,1024.0,4.0,3.0,67.0,47.0,2020.0,5472.0,0.28428173420704106,0.29213228260301216,0.03125,8.0,6400000.0
1.0,4.0,1.0,1.0,1.0,1.0,35.0,32.0,-0.0030632107251067353,-0.0017650185808415486,0.0625,32768.0,6400000.0
11.0,1024.0,4.0,3.0,35.0,26.0,1119.0,2752.0,0.23801654357424562,0.2440154241847443,0.03125,16.0,6400000.0
1.0,4.0,1.0,1.0,1.0,1.0,35.0,32.0,-0.0030632107251067353,-0.0017650185808415486,2.0,32768.0,6400000.0
4.0,4.0,1.0,2.0,12.0,8.0,377.0,768.0,0.12309422409684001,0.12713646261942835,0.5,0.00390625,6400000.0
4.0,4.0,1.0,2.0,12.0,8.0,377.0,768.0,0.12309422409684001,0.12713646261942835,0.0625,0.0625,6400000.0
1.0,4.0,1.0,1.0,1.0,1.0,35.0,32.0,-0.0030632107251067353,-0.0017650185808415486,4.0,128.0,6400000.0
1.0,1.0,1.0,1.0,1.0,1.0,35.0,32.0,-0.0030632107251067353,-0.0017650185808415486,2048.0,1024.0,6400000.0
1.0,1024.0,4.0,1.0,1.0,1.0,63.0,32.0,-0.0030632107251067353,-0.0017650185808415486,0.03125,128.0,6400000.0
8.0,1024.0,4.0,2.0,22.0,16.0,724.0,1536.0,0.184803559555608,0.19082719424152972,0.03125,32.0,6400000.0
1.0,1024.0,4.0,1.0,1.0,1.0,63.0,32.0,-0.0030632107251067353,-0.0017650185808415486,0.03125,256.0,6400000.0
1.0,4.0,1.0,1.0,1.0,1.0,35.0,32.0,-0.0030632107251067353,-0.0017650185808415486,8.0,512.0,6400000.0
3.0,1024.0,4.0,2.0,9.0,6.0,335.0,576.0,0.10115259004895938,0.10346957106453547,0.03125,64.0,6400000.0
1.0,1024.0,4.0,1.0,1.0,1.0,63.0,32.0,-0.0030632107251067353,-0.0017650185808415486,0.03125,512.0,6400000.0
1.0,1024.0,4.0,1.0,1.0,1.0,63.0,32.0,-0.0030632107251067353,-0.0017650185808415486,0.03125,2048.0,6400000.0
4.0,4.0,1.0,2.0,12.0,8.0,377.0,768.0,0.12309422409684001,0.12713646261942835,0.125,0.25,6400000.0
1.0,1024.0,4.0,1.0,1.0,1.0,63.0,32.0,-0.0030632107251067353,-0.0017650185808415486,0.03125,8192.0,6400000.0
4.0,4.0,1.0,2.0,12.0,8.0,377.0,768.0,0.12309422409684001,0.12713646261942835,8.0,0.000976562,6400000.0
1.0,1024.0,4.0,1.0,1.0,1.0,63.0,32.0,-0.0030632107251067353,-0.0017650185808415486,0.03125,4096.0,6400000.0
1.0,1024.0,4.0,1.0,1.0,1.0,63.0,32.0,-0.0030632107251067353,-0.0017650185808415486,0.03125,1024.0,6400000.0
4.0,4.0,1.0,2.0,12.0,8.0,377.0,768.0,0.12309422409684001,0.12713646261942835,1.0,0.015625,6400000.0
1.0,1024.0,4.0,1.0,1.0,1.0,63.0,32.0,-0.0030632107251067353,-0.0017650185808415486,0.03125,16384.0,6400000.0
4.0,4.0,1.0,2.0,12.0,8.0,377.0,768.0,0.12309422409684001,0.12713646261942835,2.0,0.0625,6400000.0
1.0,1024.0,4.0,1.0,1.0,1.0,63.0,32.0,-0.0030632107251067353,-0.0017650185808415486,0.03125,32768.0,6400000.0
3.0,4.0,1.0,2.0,9.0,6.0,279.0,576.0,0.10115259004895938,0.10346957106453547,0.0625,64.0,6400000.0
4.0,4.0,1.0,2.0,12.0,8.0,377.0,768.0,0.12309422409684001,0.12713646261942835,0.25,1.0,6400000.0
4.0,4.0,1.0,2.0,12.0,8.0,377.0,768.0,0.12309422409684001,0.12713646261942835,16.0,0.00390625,6400000.0
1.0,1.0,1.0,2.0,3.0,2.0,108.0,192.0,0.03911015413878083,0.040912063041146696,0.00195312,16.0,6400000.0
4.0,4.0,1.0,2.0,12.0,8.0,377.0,768.0,0.12309422409684001,0.12713646261942835,0.03125,16.0,6400000.0
1.0,4.0,1.0,1.0,1.0,1.0,35.0,32.0,-0.0030632107251067353,-0.0017650185808415486,0.125,256.0,6400000.0
1.0,1.0,1.0,1.0,1.0,1.0,35.0,32.0,-0.0030632107251067353,-0.0017650185808415486,2048.0,16.0,6400000.0
4.0,4.0,1.0,2.0,12.0,8.0,377.0,768.0,0.12309422409684001,0.12713646261942835,4.0,0.25,6400000.0
1.0,4.0,1.0,1.0,1.0,1.0,35.0,32.0,-0.0030632107251067353,-0.0017650185808415486,0.03125,16384.0,6400000.0
1024.0,1024.0,4.0,9.0,14352.0,12463.0,521932.0,1863008.0,0.7690863406519357,0.7649509945756321,0.0625,0.0,6400000.0
1024.0,1024.0,4.0,9.0,14408.0,12545.0,524659.0,1876128.0,0.7714677748492771,0.7680386183395963,0.0625,0.000976562,6400000.0
327.0,1024.0,4.0,9.0,5351.0,4179.0,183696.0,626784.0,0.7263517774653616,0.7304488058931207,0.0625,0.0078125,6400000.0
1024.0,1024.0,4.0,9.0,14254.0,12444.0,519729.0,1859968.0,0.772629582824006,0.7679947951374992,0.0625,0.00195312,6400000.0
975.0,1024.0,4.0,9.0,13632.0,11918.0,497063.0,1782080.0,0.7650519877046597,0.7670185525412525,0.0625,0.00390625,6400000.0
133.0,1024.0,4.0,9.0,2381.0,1735.0,76622.0,260576.0,0.6299760996475747,0.6303426389124431,0.0625,0.03125,6400000.0
260.0,1024.0,4.0,9.0,4429.0,3396.0,148894.0,510080.0,0.7248179880725566,0.7143925414352856,0.0625,0.015625,6400000.0
4.0,4.0,1.0,2.0,12.0,8.0,377.0,768.0,0.12309422409684001,0.12713646261942835,0.5,4.0,6400000.0
4.0,4.0,1.0,2.0,12.0,8.0,377.0,768.0,0.12309422409684001,0.12713646261942835,1.0,16.0,6400000.0
99.0,1024.0,4.0,9.0,1919.0,1379.0,61222.0,207968.0,0.6253669652257936,0.6106653100962529,0.0625,0.0625,6400000.0
4.0,4.0,1.0,2.0,12.0,8.0,377.0,768.0,0.12309422409684001,0.12713646261942835,0.25,0.00195312,6400000.0
3.0,4.0,1.0,2.0,9.0,6.0,279.0,576.0,0.10115259004895938,0.10346957106453547,2.0,64.0,6400000.0
53.0,1024.0,4.0,9.0,1107.0,782.0,34427.0,118336.0,0.5963520786490591,0.5929239315447865,0.0625,0.25,6400000.0
1.0,4.0,1.0,1.0,1.0,1.0,35.0,32.0,-0.0030632107251067353,-0.0017650185808415486,0.25,1024.0,6400000.0
72.0,1024.0,4.0,9.0,1468.0,1045.0,46332.0,157984.0,0.6102186134538007,0.5969789958644,0.0625,0.125,6400000.0
1.0,1.0,1.0,1.0,1.0,1.0,35.0,32.0,-0.0030632107251067353,-0.0017650185808415486,4096.0,0.000976562,6400000.0
4.0,4.0,1.0,2.0,12.0,8.0,377.0,768.0,0.12309422409684001,0.12713646261942835,16.0,4.0,6400000.0
47.0,1024.0,4.0,9.0,936.0,676.0,29163.0,102144.0,0.579172694871942,0.5785778311096275,0.0625,0.5,6400000.0
4.0,4.0,1.0,2.0,12.0,8.0,377.0,768.0,0.12309422409684001,0.12713646261942835,8.0,1.0,6400000.0
27.0,1024.0,4.0,9.0,182.0,137.0,5741.0,18464.0,0.39629112021669155,0.40252478152262305,0.0625,4.0,6400000.0
37.0,1024.0,4.0,9.0,639.0,465.0,19872.0,69664.0,0.5234863226510582,0.534602946209239,0.0625,1.0,6400000.0
1.0,4.0,1.0,1.0,1.0,1.0,35.0,32.0,-0.0030632107251067353,-0.0017650185808415486,1.0,16384.0,6400000.0
34.0,1024.0,4.0,9.0,405.0,299.0,12531.0,43488.0,0.48047354984414437,0.4995541811062537,0.0625,2.0,6400000.0
4.0,4.0,1.0,2.0,12.0,8.0,377.0,768.0,0.12309422409684001,0.12713646261942835,0.125,0.0,6400000.0
1.0,4.0,1.0,1.0,1.0,1.0,35.0,32.0,-0.0030632107251067353,-0.0017650185808415486,0.5,4096.0,6400000.0
4.0,4.0,1.0,2.0,12.0,8.0,377.0,768.0,0.12309422409684001,0.12713646261942835,4.0,0.0,6400000.0
16.0,1024.0,4.0,3.0,67.0,47.0,2020.0,5472.0,0.28428173420704106,0.29213228260301216,0.0625,8.0,6400000.0
4.0,4.0,1.0,2.0,12.0,8.0,377.0,768.0,0.12309422409684001,0.12713646261942835,0.0625,0.125,6400000.0
11.0,1024.0,4.0,3.0,35.0,26.0,1119.0,2752.0,0.23801654357424562,0.2440154241847443,0.0625,16.0,6400000.0
8.0,1024.0,4.0,2.0,22.0,16.0,724.0,1536.0,0.184803559555608,0.19082719424152972,0.0625,32.0,6400000.0
4.0,4.0,1.0,2.0,12.0,8.0,377.0,768.0,0.12309422409684001,0.12713646261942835,0.5,0.0078125,6400000.0
1.0,1.0,1.0,1.0,1.0,1.0,35.0,32.0,-0.0030632107251067353,-0.0017650185808415486,2048.0,2048.0,6400000.0
1.0,4.0,1.0,1.0,1.0,1.0,35.0,32.0,-0.0030632107251067353,-0.0017650185808415486,4.0,256.0,6400000.0
1.0,4.0,1.0,1.0,1.0,1.0,35.0,32.0,-0.0030632107251067353,-0.0017650185808415486,8.0,1024.0,6400000.0
3.0,1024.0,4.0,2.0,9.0,6.0,335.0,576.0,0.10115259004895938,0.10346957106453547,0.0625,64.0,6400000.0
4.0,4.0,1.0,2.0,12.0,8.0,377.0,768.0,0.12309422409684001,0.12713646261942835,8.0,0.00195312,6400000.0
1.0,4.0,1.0,1.0,1.0,1.0,35.0,32.0,-0.0030632107251067353,-0.0017650185808415486,16.0,4096.0,6400000.0
4.0,4.0,1.0,2.0,12.0,8.0,377.0,768.0,0.12309422409684001,0.12713646261942835,0.125,0.5,6400000.0
1.0,1024.0,4.0,1.0,1.0,1.0,63.0,32.0,-0.0030632107251067353,-0.0017650185808415486,0.0625,2048.0,6400000.0
1.0,1024.0,4.0,1.0,1.0,1.0,63.0,32.0,-0.0030632107251067353,-0.0017650185808415486,0.0625,1024.0,6400000.0
1.0,1024.0,4.0,1.0,1.0,1.0,63.0,32.0,-0.0030632107251067353,-0.0017650185808415486,0.0625,256.0,6400000.0
1.0,1024.0,4.0,1.0,1.0,1.0,63.0,32.0,-0.0030632107251067353,-0.0017650185808415486,0.0625,128.0,6400000.0
4.0,4.0,1.0,2.0,12.0,8.0,377.0,768.0,0.12309422409684001,0.12713646261942835,1.0,0.03125,6400000.0
1.0,1024.0,4.0,1.0,1.0,1.0,63.0,32.0,-0.0030632107251067353,-0.0017650185808415486,0.0625,8192.0,6400000.0
1.0,1024.0,4.0,1.0,1.0,1.0,63.0,32.0,-0.0030632107251067353,-0.0017650185808415486,0.0625,512.0,6400000.0
1.0,1024.0,4.0,1.0,1.0,1.0,63.0,32.0,-0.0030632107251067353,-0.0017650185808415486,0.0625,16384.0,6400000.0
4.0,4.0,1.0,2.0,12.0,8.0,377.0,768.0,0.12309422409684001,0.12713646261942835,2.0,0.125,6400000.0
1.0,1024.0,4.0,1.0,1.0,1.0,63.0,32.0,-0.0030632107251067353,-0.0017650185808415486,0.0625,4096.0,6400000.0
1.0,1024.0,4.0,1.0,1.0,1.0,63.0,32.0,-0.0030632107251067353,-0.0017650185808415486,0.0625,32768.0,6400000.0
1.0,4.0,1.0,1.0,1.0,1.0,35.0,32.0,-0.0030632107251067353,-0.0017650185808415486,0.0625,128.0,6400000.0
4.0,4.0,1.0,2.0,12.0,8.0,377.0,768.0,0.12309422409684001,0.12713646261942835,0.25,2.0,6400000.0
4.0,4.0,1.0,2.0,12.0,8.0,377.0,768.0,0.12309422409684001,0.12713646261942835,16.0,0.0078125,6400000.0
1024.0,1024.0,4.0,9.0,14352.0,12450.0,521642.0,1860928.0,0.7704670828924628,0.7672996949376335,0.125,0.0,6400000.0
1.0,4.0,1.0,1.0,1.0,1.0,35.0,32.0,-0.0030632107251067353,-0.0017650185808415486,0.125,512.0,6400000.0
4.0,4.0,1.0,2.0,12.0,8.0,377.0,768.0,0.12309422409684001,0.12713646261942835,4.0,0.5,6400000.0
4.0,4.0,1.0,2.0,12.0,8.0,377.0,768.0,0.12309422409684001,0.12713646261942835,32.0,0.03125,6400000.0
1024.0,1024.0,4.0,9.0,14456.0,12610.0,526870.0,1886528.0,0.7677540497144095,0.767534675291041,0.125,0.000976562,6400000.0
545.0,1024.0,4.0,9.0,8183.0,6770.0,289430.0,1013440.0,0.7589514984482781,0.754858661234683,0.125,0.0078125,6400000.0
1024.0,1024.0,4.0,9.0,14306.0,12467.0,520802.0,1863648.0,0.7691114255779816,0.7597817477849682,0.125,0.00195312,6400000.0
673.0,1024.0,4.0,9.0,10088.0,8474.0,360038.0,1269696.0,0.7727036139829732,0.7568554711442499,0.125,0.00390625,6400000.0
242.0,1024.0,4.0,9.0,4105.0,3123.0,137435.0,468704.0,0.7280485372541525,0.7160565794820619,0.125,0.015625,6400000.0
4.0,4.0,1.0,2.0,12.0,8.0,377.0,768.0,0.12309422409684001,0.12713646261942835,1.0,32.0,6400000.0
4.0,4.0,1.0,2.0,12.0,8.0,377.0,768.0,0.12309422409684001,0.12713646261942835,0.5,8.0,6400000.0
142.0,1024.0,4.0,9.0,2567.0,1874.0,82285.0,281664.0,0.6574535712817106,0.6527240239464045,0.125,0.03125,6400000.0
82.0,1024.0,4.0,9.0,1635.0,1167.0,51931.0,176224.0,0.6167947012831151,0.6107141826848089,0.125,0.125,6400000.0
95.0,1024.0,4.0,9.0,1853.0,1325.0,58635.0,199840.0,0.6283548200927842,0.6229653352431512,0.125,0.0625,6400000.0
57.0,1024.0,4.0,9.0,1190.0,853.0,37326.0,129184.0,0.6071108712602789,0.5981259039411835,0.125,0.25,6400000.0
44.0,1024.0,4.0,9.0,824.0,597.0,25840.0,89888.0,0.5329635992521082,0.5467975483986998,0.125,0.5,6400000.0
4.0,4.0,1.0,2.0,12.0,8.0,377.0,768.0,0.12309422409684001,0.12713646261942835,0.25,0.00390625,6400000.0
38.0,1024.0,4.0,9.0,691.0,505.0,21460.0,75936.0,0.5505120967095605,0.5588962575632352,0.125,1.0,6400000.0
1.0,4.0,1.0,1.0,1.0,1.0,35.0,32.0,-0.0030632107251067353,-0.0017650185808415486,0.25,2048.0,6400000.0
1.0,4.0,1.0,1.0,1.0,1.0,35.0,32.0,-0.0030632107251067353,-0.0017650185808415486,2.0,128.0,6400000.0
1.0,1.0,1.0,1.0,1.0,1.0,35.0,32.0,-0.0030632107251067353,-0.0017650185808415486,4096.0,0.00195312,6400000.0
4.0,4.0,1.0,2.0,12.0,8.0,377.0,768.0,0.12309422409684001,0.12713646261942835,16.0,8.0,6400000.0
4.0,4.0,1.0,2.0,12.0,8.0,377.0,768.0,0.12309422409684001,0.12713646261942835,8.0,2.0,6400000.0
1.0,4.0,1.0,1.0,1.0,1.0,35.0,32.0,-0.0030632107251067353,-0.0017650185808415486,1.0,32768.0,6400000.0
4.0,4.0,1.0,2.0,12.0,8.0,377.0,768.0,0.12309422409684001,0.12713646261942835,0.125,0.000976562,6400000.0
1.0,4.0,1.0,1.0,1.0,1.0,35.0,32.0,-0.0030632107251067353,-0.0017650185808415486,0.5,8192.0,6400000.0
4.0,4.0,1.0,2.0,12.0,8.0,377.0,768.0,0.12309422409684001,0.12713646261942835,4.0,0.000976562,6400000.0
34.0,1024.0,4.0,9.0,405.0,299.0,12531.0,43488.0,0.48047354984414437,0.4995541811062537,0.125,2.0,6400000.0
11.0,1024.0,4.0,3.0,35.0,26.0,1119.0,2752.0,0.23801654357424562,0.2440154241847443,0.125,16.0,6400000.0
4.0,4.0,1.0,2.0,12.0,8.0,377.0,768.0,0.12309422409684001,0.12713646261942835,32.0,32.0,6400000.0
4.0,4.0,1.0,2.0,12.0,8.0,377.0,768.0,0.12309422409684001,0.12713646261942835,0.5,0.015625,6400000.0
27.0,1024.0,4.0,9.0,182.0,137.0,5741.0,18464.0,0.39629112021669155,0.40252478152262305,0.125,4.0,6400000.0
8.0,1024.0,4.0,2.0,22.0,16.0,724.0,1536.0,0.184803559555608,0.19082719424152972,0.125,32.0,6400000.0
1.0,4.0,1.0,1.0,1.0,1.0,35.0,32.0,-0.0030632107251067353,-0.0017650185808415486,4.0,512.0,6400000.0
3.0,1024.0,4.0,2.0,9.0,6.0,335.0,576.0,0.10115259004895938,0.10346957106453547,0.125,64.0,6400000.0
1.0,1024.0,4.0,1.0,1.0,1.0,63.0,32.0,-0.0030632107251067353,-0.0017650185808415486,0.125,256.0,6400000.0
1.0,4.0,1.0,1.0,1.0,1.0,35.0,32.0,-0.0030632107251067353,-0.0017650185808415486,8.0,2048.0,6400000.0
16.0,1024.0,4.0,3.0,67.0,47.0,2020.0,5472.0,0.28428173420704106,0.29213228260301216,0.125,8.0,6400000.0
1.0,1024.0,4.0,1.0,1.0,1.0,63.0,32.0,-0.0030632107251067353,-0.0017650185808415486,0.125,128.0,6400000.0
4.0,4.0,1.0,2.0,12.0,8.0,377.0,768.0,0.12309422409684001,0.12713646261942835,0.125,1.0,6400000.0
1.0,1.0,1.0,1.0,1.0,1.0,35.0,32.0,-0.0030632107251067353,-0.0017650185808415486,2048.0,4096.0,6400000.0
1.0,1024.0,4.0,1.0,1.0,1.0,63.0,32.0,-0.0030632107251067353,-0.0017650185808415486,0.125,512.0,6400000.0
4.0,4.0,1.0,2.0,12.0,8.0,377.0,768.0,0.12309422409684001,0.12713646261942835,8.0,0.00390625,6400000.0
1.0,4.0,1.0,1.0,1.0,1.0,35.0,32.0,-0.0030632107251067353,-0.0017650185808415486,16.0,8192.0,6400000.0
4.0,4.0,1.0,2.0,12.0,8.0,377.0,768.0,0.12309422409684001,0.12713646261942835,1.0,0.0625,6400000.0
1.0,1024.0,4.0,1.0,1.0,1.0,63.0,32.0,-0.0030632107251067353,-0.0017650185808415486,0.125,1024.0,6400000.0
4.0,4.0,1.0,2.0,12.0,8.0,377.0,768.0,0.12309422409684001,0.12713646261942835,2.0,0.25,6400000.0
1.0,1024.0,4.0,1.0,1.0,1.0,63.0,32.0,-0.0030632107251067353,-0.0017650185808415486,0.125,16384.0,6400000.0
1.0,4.0,1.0,1.0,1.0,1.0,35.0,32.0,-0.0030632107251067353,-0.0017650185808415486,32.0,32768.0,6400000.0
1.0,1024.0,4.0,1.0,1.0,1.0,63.0,32.0,-0.0030632107251067353,-0.0017650185808415486,0.125,2048.0,6400000.0
4.0,4.0,1.0,2.0,12.0,8.0,377.0,768.0,0.12309422409684001,0.12713646261942835,0.25,4.0,6400000.0
1.0,1024.0,4.0,1.0,1.0,1.0,63.0,32.0,-0.0030632107251067353,-0.0017650185808415486,0.125,32768.0,6400000.0
1.0,1024.0,4.0,1.0,1.0,1.0,63.0,32.0,-0.0030632107251067353,-0.0017650185808415486,0.125,4096.0,6400000.0
1.0,1024.0,4.0,1.0,1.0,1.0,63.0,32.0,-0.0030632107251067353,-0.0017650185808415486,0.125,8192.0,6400000.0
4.0,4.0,1.0,2.0,12.0,8.0,377.0,768.0,0.12309422409684001,0.12713646261942835,16.0,0.015625,6400000.0
1.0,4.0,1.0,1.0,1.0,1.0,35.0,32.0,-0.0030632107251067353,-0.0017650185808415486,0.125,1024.0,6400000.0
673.0,1024.0,4.0,9.0,10088.0,8474.0,360038.0,1269696.0,0.7727036139829732,0.7568554711442499,0.25,0.00390625,6400000.0
1024.0,1024.0,4.0,9.0,14352.0,12450.0,521642.0,1860928.0,0.7704670828924628,0.7672996949376335,0.25,0.0,6400000.0
4.0,4.0,1.0,2.0,12.0,8.0,377.0,768.0,0.12309422409684001,0.12713646261942835,4.0,1.0,6400000.0
1024.0,1024.0,4.0,9.0,14456.0,12610.0,526870.0,1886528.0,0.7677540497144095,0.767534675291041,0.25,0.000976562,6400000.0
1024.0,1024.0,4.0,9.0,14306.0,12467.0,520802.0,1863648.0,0.7691114255779816,0.7597817477849682,0.25,0.00195312,6400000.0
545.0,1024.0,4.0,9.0,8183.0,6770.0,289430.0,1013440.0,0.7589514984482781,0.754858661234683,0.25,0.0078125,6400000.0
4.0,4.0,1.0,2.0,12.0,8.0,377.0,768.0,0.12309422409684001,0.12713646261942835,32.0,0.0625,6400000.0
1.0,1.0,1.0,1.0,1.0,1.0,35.0,32.0,-0.0030632107251067353,-0.0017650185808415486,4096.0,0.25,6400000.0
242.0,1024.0,4.0,9.0,4105.0,3123.0,137435.0,468704.0,0.7280485372541525,0.7160565794820619,0.25,0.015625,6400000.0
3.0,4.0,1.0,2.0,9.0,6.0,279.0,576.0,0.10115259004895938,0.10346957106453547,1.0,64.0,6400000.0
4.0,4.0,1.0,2.0,12.0,8.0,377.0,768.0,0.12309422409684001,0.12713646261942835,64.0,0.25,6400000.0
142.0,1024.0,4.0,9.0,2567.0,1874.0,82285.0,281664.0,0.6574535712817106,0.6527240239464045,0.25,0.03125,6400000.0
95.0,1024.0,4.0,9.0,1853.0,1325.0,58635.0,199840.0,0.6283548200927842,0.6229653352431512,0.25,0.0625,6400000.0
4.0,4.0,1.0,2.0,12.0,8.0,377.0,768.0,0.12309422409684001,0.12713646261942835,0.5,16.0,6400000.0
57.0,1024.0,4.0,9.0,1190.0,853.0,37326.0,129184.0,0.6071108712602789,0.5981259039411835,0.25,0.25,6400000.0
4.0,4.0,1.0,2.0,12.0,8.0,377.0,768.0,0.12309422409684001,0.12713646261942835,0.25,0.0078125,6400000.0
49.0,1024.0,4.0,9.0,965.0,702.0,30250.0,106048.0,0.5916136277291053,0.5886801710477753,0.25,0.5,6400000.0
29.0,1024.0,4.0,9.0,367.0,269.0,11179.0,39328.0,0.46166356012270027,0.47247850340434716,0.25,2.0,6400000.0
1.0,1.0,1.0,1.0,1.0,1.0,35.0,32.0,-0.0030632107251067353,-0.0017650185808415486,4096.0,0.00390625,6400000.0
82.0,1024.0,4.0,9.0,1635.0,1167.0,51931.0,176224.0,0.6167947012831151,0.6107141826848089,0.25,0.125,6400000.0
37.0,1024.0,4.0,9.0,634.0,459.0,19440.0,68704.0,0.52490193261183,0.5378789660572921,0.25,1.0,6400000.0
21.0,1024.0,4.0,8.0,161.0,120.0,5054.0,16512.0,0.37569441219205346,0.3831987737801994,0.25,4.0,6400000.0
1.0,4.0,1.0,1.0,1.0,1.0,35.0,32.0,-0.0030632107251067353,-0.0017650185808415486,0.25,4096.0,6400000.0
1.0,4.0,1.0,1.0,1.0,1.0,35.0,32.0,-0.0030632107251067353,-0.0017650185808415486,2.0,256.0,6400000.0
4.0,4.0,1.0,2.0,12.0,8.0,377.0,768.0,0.12309422409684001,0.12713646261942835,16.0,16.0,6400000.0
4.0,4.0,1.0,2.0,12.0,8.0,377.0,768.0,0.12309422409684001,0.12713646261942835,8.0,4.0,6400000.0
1.0,4.0,1.0,1.0,1.0,1.0,35.0,32.0,-0.0030632107251067353,-0.0017650185808415486,0.5,16384.0,6400000.0
4.0,4.0,1.0,2.0,12.0,8.0,377.0,768.0,0.12309422409684001,0.12713646261942835,4.0,0.00195312,6400000.0
4.0,4.0,1.0,2.0,12.0,8.0,377.0,768.0,0.12309422409684001,0.12713646261942835,2.0,0.0,6400000.0
1.0,4.0,1.0,1.0,1.0,1.0,35.0,32.0,-0.0030632107251067353,-0.0017650185808415486,4.0,1024.0,6400000.0
4.0,4.0,1.0,2.0,12.0,8.0,377.0,768.0,0.12309422409684001,0.12713646261942835,0.5,0.03125,6400000.0
3.0,4.0,1.0,2.0,9.0,6.0,279.0,576.0,0.10115259004895938,0.10346957106453547,32.0,64.0,6400000.0
1.0,4.0,1.0,1.0,1.0,1.0,35.0,32.0,-0.0030632107251067353,-0.0017650185808415486,8.0,4096.0,6400000.0
16.0,1024.0,4.0,3.0,67.0,47.0,2020.0,5472.0,0.28428173420704106,0.29213228260301216,0.25,8.0,6400000.0
1.0,4.0,1.0,1.0,1.0,1.0,35.0,32.0,-0.0030632107251067353,-0.0017650185808415486,64.0,256.0,6400000.0
11.0,1024.0,4.0,3.0,35.0,26.0,1119.0,2752.0,0.23801654357424562,0.2440154241847443,0.25,16.0,6400000.0
8.0,1024.0,4.0,2.0,22.0,16.0,724.0,1536.0,0.184803559555608,0.19082719424152972,0.25,32.0,6400000.0
1.0,1024.0,4.0,1.0,1.0,1.0,63.0,32.0,-0.0030632107251067353,-0.0017650185808415486,0.25,128.0,6400000.0
1.0,1024.0,4.0,1.0,1.0,1.0,63.0,32.0,-0.0030632107251067353,-0.0017650185808415486,0.25,512.0,6400000.0
1.0,1.0,1.0,1.0,1.0,1.0,35.0,32.0,-0.0030632107251067353,-0.0017650185808415486,2048.0,8192.0,6400000.0
1.0,4.0,1.0,1.0,1.0,1.0,35.0,32.0,-0.0030632107251067353,-0.0017650185808415486,16.0,16384.0,6400000.0
3.0,1024.0,4.0,2.0,9.0,6.0,335.0,576.0,0.10115259004895938,0.10346957106453547,0.25,64.0,6400000.0
1.0,1024.0,4.0,1.0,1.0,1.0,63.0,32.0,-0.0030632107251067353,-0.0017650185808415486,0.25,4096.0,6400000.0
4.0,4.0,1.0,2.0,12.0,8.0,377.0,768.0,0.12309422409684001,0.12713646261942835,8.0,0.0078125,6400000.0
1.0,1024.0,4.0,1.0,1.0,1.0,63.0,32.0,-0.0030632107251067353,-0.0017650185808415486,0.25,2048.0,6400000.0
1.0,1024.0,4.0,1.0,1.0,1.0,63.0,32.0,-0.0030632107251067353,-0.0017650185808415486,0.25,256.0,6400000.0
4.0,4.0,1.0,2.0,12.0,8.0,377.0,768.0,0.12309422409684001,0.12713646261942835,1.0,0.125,6400000.0
1.0,1024.0,4.0,1.0,1.0,1.0,63.0,32.0,-0.0030632107251067353,-0.0017650185808415486,0.25,1024.0,6400000.0
4.0,4.0,1.0,2.0,12.0,8.0,377.0,768.0,0.12309422409684001,0.12713646261942835,2.0,0.5,6400000.0
4.0,4.0,1.0,2.0,12.0,8.0,377.0,768.0,0.12309422409684001,0.12713646261942835,64.0,0.0,6400000.0
1.0,1024.0,4.0,1.0,1.0,1.0,63.0,32.0,-0.0030632107251067353,-0.0017650185808415486,0.25,8192.0,6400000.0
4.0,4.0,1.0,2.0,12.0,8.0,377.0,768.0,0.12309422409684001,0.12713646261942835,0.25,8.0,6400000.0
1.0,1024.0,4.0,1.0,1.0,1.0,63.0,32.0,-0.0030632107251067353,-0.0017650185808415486,0.25,32768.0,6400000.0
1.0,4.0,1.0,1.0,1.0,1.0,35.0,32.0,-0.0030632107251067353,-0.0017650185808415486,128.0,0.00195312,6400000.0
4.0,4.0,1.0,2.0,12.0,8.0,377.0,768.0,0.12309422409684001,0.12713646261942835,16.0,0.03125,6400000.0
1.0,1024.0,4.0,1.0,1.0,1.0,63.0,32.0,-0.0030632107251067353,-0.0017650185808415486,0.25,16384.0,6400000.0
4.0,4.0,1.0,2.0,12.0,8.0,377.0,768.0,0.12309422409684001,0.12713646261942835,4.0,2.0,6400000.0
1024.0,1024.0,4.0,9.0,14202.0,12369.0,517093.0,1847968.0,0.773274188325057,0.7593852284030298,0.5,0.000976562,6400000.0
4.0,4.0,1.0,2.0,12.0,8.0,377.0,768.0,0.12309422409684001,0.12713646261942835,32.0,0.125,6400000.0
1024.0,1024.0,4.0,9.0,14395.0,12499.0,523348.0,1868768.0,0.7753747370734744,0.7614012927798814,0.5,0.0,6400000.0
1024.0,1024.0,4.0,9.0,14134.0,12340.0,515212.0,1843328.0,0.7687636237709838,0.7610856370512906,0.5,0.00195312,6400000.0
99.0,1024.0,4.0,9.0,1916.0,1390.0,61580.0,209728.0,0.6374477094989366,0.6296075642378051,0.5,0.0625,6400000.0
415.0,1024.0,4.0,9.0,6690.0,5368.0,232371.0,805760.0,0.7560806032451728,0.7441656545066255,0.5,0.0078125,6400000.0
269.0,1024.0,4.0,9.0,4445.0,3417.0,150619.0,512288.0,0.7381682583375284,0.7208753229816445,0.5,0.015625,6400000.0
1024.0,1024.0,4.0,9.0,14412.0,12663.0,527033.0,1895008.0,0.7705349702367843,0.7659172093057836,0.5,0.00390625,6400000.0
1.0,1.0,1.0,1.0,1.0,1.0,35.0,32.0,-0.0030632107251067353,-0.0017650185808415486,4096.0,0.5,6400000.0
125.0,1024.0,4.0,9.0,2384.0,1721.0,76267.0,259360.0,0.6483575552424254,0.6419793423183147,0.5,0.03125,6400000.0
1.0,4.0,1.0,1.0,1.0,1.0,35.0,32.0,-0.0030632107251067353,-0.0017650185808415486,1.0,128.0,6400000.0
76.0,1024.0,4.0,9.0,1506.0,1068.0,47682.0,161152.0,0.6028093226712261,0.6042290571276414,0.5,0.125,6400000.0
4.0,4.0,1.0,2.0,12.0,8.0,377.0,768.0,0.12309422409684001,0.12713646261942835,64.0,0.5,6400000.0
4.0,4.0,1.0,2.0,12.0,8.0,377.0,768.0,0.12309422409684001,0.12713646261942835,0.5,32.0,6400000.0
46.0,1024.0,4.0,9.0,920.0,660.0,28649.0,99712.0,0.5712109162075185,0.5682519548385925,0.5,0.5,6400000.0
1.0,4.0,1.0,1.0,1.0,1.0,35.0,32.0,-0.0030632107251067353,-0.0017650185808415486,0.25,8192.0,6400000.0
1.0,1.0,1.0,1.0,1.0,1.0,35.0,32.0,-0.0030632107251067353,-0.0017650185808415486,4096.0,0.0078125,6400000.0
35.0,1024.0,4.0,9.0,465.0,346.0,14295.0,50880.0,0.5138615621088017,0.5198496433247503,0.5,2.0,6400000.0
51.0,1024.0,4.0,9.0,1078.0,760.0,33603.0,115072.0,0.5810490493667828,0.5911583606082336,0.5,0.25,6400000.0
1.0,4.0,1.0,1.0,1.0,1.0,35.0,32.0,-0.0030632107251067353,-0.0017650185808415486,2.0,512.0,6400000.0
16.0,1024.0,4.0,3.0,67.0,47.0,2020.0,5472.0,0.28428173420704106,0.29213228260301216,0.5,8.0,6400000.0
33.0,1024.0,4.0,9.0,602.0,436.0,18434.0,65536.0,0.5161450007527962,0.5278003993903042,0.5,1.0,6400000.0
23.0,1024.0,4.0,8.0,191.0,141.0,6004.0,19616.0,0.40068438400649886,0.4112807495713583,0.5,4.0,6400000.0
4.0,4.0,1.0,2.0,12.0,8.0,377.0,768.0,0.12309422409684001,0.12713646261942835,8.0,8.0,6400000.0
8.0,1024.0,4.0,2.0,22.0,16.0,724.0,1536.0,0.184803559555608,0.19082719424152972,0.5,32.0,6400000.0
4.0,4.0,1.0,2.0,12.0,8.0,377.0,768.0,0.12309422409684001,0.12713646261942835,16.0,32.0,6400000.0
1.0,4.0,1.0,1.0,1.0,1.0,35.0,32.0,-0.0030632107251067353,-0.0017650185808415486,128.0,2.0,6400000.0
11.0,1024.0,4.0,3.0,35.0,26.0,1119.0,2752.0,0.23801654357424562,0.2440154241847443,0.5,16.0,6400000.0
1.0,4.0,1.0,1.0,1.0,1.0,35.0,32.0,-0.0030632107251067353,-0.0017650185808415486,0.5,32768.0,6400000.0
4.0,4.0,1.0,2.0,12.0,8.0,377.0,768.0,0.12309422409684001,0.12713646261942835,4.0,0.00390625,6400000.0
4.0,4.0,1.0,2.0,12.0,8.0,377.0,768.0,0.12309422409684001,0.12713646261942835,0.5,0.0625,6400000.0
4.0,4.0,1.0,2.0,12.0,8.0,377.0,768.0,0.12309422409684001,0.12713646261942835,2.0,0.000976562,6400000.0
1.0,4.0,1.0,1.0,1.0,1.0,35.0,32.0,-0.0030632107251067353,-0.0017650185808415486,4.0,2048.0,6400000.0
1.0,4.0,1.0,1.0,1.0,1.0,35.0,32.0,-0.0030632107251067353,-0.0017650185808415486,8.0,8192.0,6400000.0
3.0,1024.0,4.0,2.0,9.0,6.0,335.0,576.0,0.10115259004895938,0.10346957106453547,0.5,64.0,6400000.0
1.0,4.0,1.0,1.0,1.0,1.0,35.0,32.0,-0.0030632107251067353,-0.0017650185808415486,64.0,512.0,6400000.0
1.0,4.0,1.0,1.0,1.0,1.0,35.0,32.0,-0.0030632107251067353,-0.0017650185808415486,16.0,32768.0,6400000.0
1.0,4.0,1.0,1.0,1.0,1.0,35.0,32.0,-0.0030632107251067353,-0.0017650185808415486,32.0,128.0,6400000.0
1.0,1.0,1.0,1.0,1.0,1.0,35.0,32.0,-0.0030632107251067353,-0.0017650185808415486,2048.0,16384.0,6400000.0
4.0,4.0,1.0,2.0,12.0,8.0,377.0,768.0,0.12309422409684001,0.12713646261942835,8.0,0.015625,6400000.0
1.0,1024.0,4.0,1.0,1.0,1.0,63.0,32.0,-0.0030632107251067353,-0.0017650185808415486,0.5,128.0,6400000.0
1.0,1024.0,4.0,1.0,1.0,1.0,63.0,32.0,-0.0030632107251067353,-0.0017650185808415486,0.5,2048.0,6400000.0
1.0,1024.0,4.0,1.0,1.0,1.0,63.0,32.0,-0.0030632107251067353,-0.0017650185808415486,0.5,512.0,6400000.0
4.0,4.0,1.0,2.0,12.0,8.0,377.0,768.0,0.12309422409684001,0.12713646261942835,2.0,1.0,6400000.0
4.0,4.0,1.0,2.0,12.0,8.0,377.0,768.0,0.12309422409684001,0.12713646261942835,64.0,0.000976562,6400000.0
1.0,4.0,1.0,1.0,1.0,1.0,35.0,32.0,-0.0030632107251067353,-0.0017650185808415486,128.0,2048.0,6400000.0
1.0,1024.0,4.0,1.0,1.0,1.0,63.0,32.0,-0.0030632107251067353,-0.0017650185808415486,0.5,1024.0,6400000.0
1.0,1024.0,4.0,1.0,1.0,1.0,63.0,32.0,-0.0030632107251067353,-0.0017650185808415486,0.5,256.0,6400000.0
4.0,4.0,1.0,2.0,12.0,8.0,377.0,768.0,0.12309422409684001,0.12713646261942835,1.0,0.25,6400000.0
1.0,1024.0,4.0,1.0,1.0,1.0,63.0,32.0,-0.0030632107251067353,-0.0017650185808415486,0.5,4096.0,6400000.0
4.0,4.0,1.0,2.0,12.0,8.0,377.0,768.0,0.12309422409684001,0.12713646261942835,16.0,0.0625,6400000.0
1.0,1024.0,4.0,1.0,1.0,1.0,63.0,32.0,-0.0030632107251067353,-0.0017650185808415486,0.5,32768.0,6400000.0
1.0,1024.0,4.0,1.0,1.0,1.0,63.0,32.0,-0.0030632107251067353,-0.0017650185808415486,0.5,16384.0,6400000.0
1.0,1024.0,4.0,1.0,1.0,1.0,63.0,32.0,-0.0030632107251067353,-0.0017650185808415486,0.5,8192.0,6400000.0
1.0,4.0,1.0,1.0,1.0,1.0,35.0,32.0,-0.0030632107251067353,-0.0017650185808415486,128.0,0.00390625,6400000.0
1.0,4.0,1.0,1.0,1.0,1.0,35.0,32.0,-0.0030632107251067353,-0.0017650185808415486,256.0,0.015625,6400000.0
4.0,4.0,1.0,2.0,12.0,8.0,377.0,768.0,0.12309422409684001,0.12713646261942835,4.0,4.0,6400000.0
4.0,4.0,1.0,2.0,12.0,8.0,377.0,768.0,0.12309422409684001,0.12713646261942835,32.0,0.25,6400000.0
1024.0,1024.0,4.0,9.0,14349.0,12462.0,521766.0,1862848.0,0.7771499036830158,0.7711619988846334,1.0,0.0,6400000.0
1024.0,1024.0,4.0,9.0,14163.0,12313.0,515335.0,1839008.0,0.7690495244688142,0.760371415060955,1.0,0.000976562,6400000.0
102.0,1024.0,4.0,9.0,1943.0,1398.0,61959.0,210624.0,0.6316211411319874,0.6255922800648492,1.0,0.0625,6400000.0
1.0,1.0,1.0,1.0,1.0,1.0,35.0,32.0,-0.0030632107251067353,-0.0017650185808415486,4096.0,1.0,6400000.0
165.0,1024.0,4.0,9.0,2982.0,2212.0,97733.0,332800.0,0.6824195460995135,0.6841923490111106,1.0,0.03125,6400000.0
52.0,1024.0,4.0,9.0,1083.0,762.0,33911.0,115264.0,0.5814716095751725,0.5817196003704657,1.0,0.25,6400000.0
291.0,1024.0,4.0,9.0,4675.0,3626.0,158515.0,542912.0,0.7217553920269624,0.7247135381730192,1.0,0.015625,6400000.0
1024.0,1024.0,4.0,9.0,14206.0,12415.0,518116.0,1855328.0,0.7776546557165074,0.7634987263753336,1.0,0.00195312,6400000.0
375.0,1024.0,4.0,9.0,5974.0,4736.0,205727.0,709760.0,0.7478256308596332,0.7359546222799302,1.0,0.0078125,6400000.0
1.0,4.0,1.0,1.0,1.0,1.0,35.0,32.0,-0.0030632107251067353,-0.0017650185808415486,1.0,256.0,6400000.0
82.0,1024.0,4.0,9.0,1600.0,1138.0,50687.0,171584.0,0.6211849008992345,0.6100119901096583,1.0,0.125,6400000.0
975.0,1024.0,4.0,9.0,13659.0,11914.0,497988.0,1781440.0,0.7744600760387989,0.7574827607382589,1.0,0.00390625,6400000.0
4.0,4.0,1.0,2.0,12.0,8.0,377.0,768.0,0.12309422409684001,0.12713646261942835,64.0,1.0,6400000.0
42.0,1024.0,4.0,9.0,825.0,589.0,25539.0,88864.0,0.5365614202420972,0.5443358123797324,1.0,0.5,6400000.0
3.0,4.0,1.0,2.0,9.0,6.0,279.0,576.0,0.10115259004895938,0.10346957106453547,0.5,64.0,6400000.0
1.0,1.0,1.0,1.0,1.0,1.0,35.0,32.0,-0.0030632107251067353,-0.0017650185808415486,4096.0,0.015625,6400000.0
44.0,1024.0,4.0,9.0,738.0,554.0,23173.0,83008.0,0.5400624899190241,0.5430427677680744,1.0,1.0,6400000.0
4.0,4.0,1.0,2.0,12.0,8.0,377.0,768.0,0.12309422409684001,0.12713646261942835,8.0,16.0,6400000.0
22.0,1024.0,4.0,8.0,162.0,120.0,5106.0,16384.0,0.38525211627519973,0.39030441205093724,1.0,4.0,6400000.0
1.0,4.0,1.0,1.0,1.0,1.0,35.0,32.0,-0.0030632107251067353,-0.0017650185808415486,256.0,16.0,6400000.0
3.0,4.0,1.0,2.0,9.0,6.0,279.0,576.0,0.10115259004895938,0.10346957106453547,16.0,64.0,6400000.0
31.0,1024.0,4.0,9.0,343.0,261.0,10826.0,37792.0,0.44784528477901897,0.4652902710227389,1.0,2.0,6400000.0
11.0,1024.0,4.0,3.0,35.0,26.0,1119.0,2752.0,0.23801654357424562,0.2440154241847443,1.0,16.0,6400000.0
1.0,4.0,1.0,1.0,1.0,1.0,35.0,32.0,-0.0030632107251067353,-0.0017650185808415486,2.0,1024.0,6400000.0
1.0,4.0,1.0,1.0,1.0,1.0,35.0,32.0,-0.0030632107251067353,-0.0017650185808415486,128.0,4.0,6400000.0
8.0,1024.0,4.0,2.0,22.0,16.0,724.0,1536.0,0.184803559555608,0.19082719424152972,1.0,32.0,6400000.0
3.0,1024.0,4.0,2.0,9.0,6.0,335.0,576.0,0.10115259004895938,0.10346957106453547,1.0,64.0,6400000.0
4.0,4.0,1.0,2.0,12.0,8.0,377.0,768.0,0.12309422409684001,0.12713646261942835,1.0,0.0,6400000.0
16.0,1024.0,4.0,3.0,67.0,47.0,2020.0,5472.0,0.28428173420704106,0.29213228260301216,1.0,8.0,6400000.0
4.0,4.0,1.0,2.0,12.0,8.0,377.0,768.0,0.12309422409684001,0.12713646261942835,4.0,0.0078125,6400000.0
1.0,4.0,1.0,1.0,1.0,1.0,35.0,32.0,-0.0030632107251067353,-0.0017650185808415486,4.0,4096.0,6400000.0
4.0,4.0,1.0,2.0,12.0,8.0,377.0,768.0,0.12309422409684001,0.12713646261942835,2.0,0.00195312,6400000.0
1.0,1024.0,4.0,1.0,1.0,1.0,63.0,32.0,-0.0030632107251067353,-0.0017650185808415486,1.0,256.0,6400000.0
1.0,1024.0,4.0,1.0,1.0,1.0,63.0,32.0,-0.0030632107251067353,-0.0017650185808415486,1.0,128.0,6400000.0
1.0,4.0,1.0,1.0,1.0,1.0,35.0,32.0,-0.0030632107251067353,-0.0017650185808415486,8.0,16384.0,6400000.0
4.0,4.0,1.0,2.0,12.0,8.0,377.0,768.0,0.12309422409684001,0.12713646261942835,32.0,0.0,6400000.0
1.0,4.0,1.0,1.0,1.0,1.0,35.0,32.0,-0.0030632107251067353,-0.0017650185808415486,64.0,1024.0,6400000.0
1.0,4.0,1.0,1.0,1.0,1.0,35.0,32.0,-0.0030632107251067353,-0.0017650185808415486,32.0,256.0,6400000.0
1.0,1024.0,4.0,1.0,1.0,1.0,63.0,32.0,-0.0030632107251067353,-0.0017650185808415486,1.0,512.0,6400000.0
4.0,4.0,1.0,2.0,12.0,8.0,377.0,768.0,0.12309422409684001,0.12713646261942835,8.0,0.03125,6400000.0
4.0,4.0,1.0,2.0,12.0,8.0,377.0,768.0,0.12309422409684001,0.12713646261942835,64.0,0.00195312,6400000.0
1.0,1024.0,4.0,1.0,1.0,1.0,63.0,32.0,-0.0030632107251067353,-0.0017650185808415486,1.0,1024.0,6400000.0
4.0,4.0,1.0,2.0,12.0,8.0,377.0,768.0,0.12309422409684001,0.12713646261942835,2.0,2.0,6400000.0
1.0,4.0,1.0,1.0,1.0,1.0,35.0,32.0,-0.0030632107251067353,-0.0017650185808415486,128.0,4096.0,6400000.0
1.0,1024.0,4.0,1.0,1.0,1.0,63.0,32.0,-0.0030632107251067353,-0.0017650185808415486,1.0,2048.0,6400000.0
1.0,4.0,1.0,1.0,1.0,1.0,35.0,32.0,-0.0030632107251067353,-0.0017650185808415486,256.0,16384.0,6400000.0
4.0,4.0,1.0,2.0,12.0,8.0,377.0,768.0,0.12309422409684001,0.12713646261942835,1.0,0.5,6400000.0
1.0,4.0,1.0,1.0,1.0,1.0,35.0,32.0,-0.0030632107251067353,-0.0017650185808415486,128.0,0.0078125,6400000.0
4.0,4.0,1.0,2.0,12.0,8.0,377.0,768.0,0.12309422409684001,0.12713646261942835,16.0,0.125,6400000.0
1.0,1024.0,4.0,1.0,1.0,1.0,63.0,32.0,-0.0030632107251067353,-0.0017650185808415486,1.0,4096.0,6400000.0
1.0,1024.0,4.0,1.0,1.0,1.0,63.0,32.0,-0.0030632107251067353,-0.0017650185808415486,1.0,32768.0,6400000.0
1.0,1024.0,4.0,1.0,1.0,1.0,63.0,32.0,-0.0030632107251067353,-0.0017650185808415486,1.0,8192.0,6400000.0
1.0,1024.0,4.0,1.0,1.0,1.0,63.0,32.0,-0.0030632107251067353,-0.0017650185808415486,1.0,16384.0,6400000.0
1.0,4.0,1.0,1.0,1.0,1.0,35.0,32.0,-0.0030632107251067353,-0.0017650185808415486,256.0,0.03125,6400000.0
4.0,4.0,1.0,2.0,12.0,8.0,377.0,768.0,0.12309422409684001,0.12713646261942835,4.0,8.0,6400000.0
4.0,4.0,1.0,2.0,12.0,8.0,377.0,768.0,0.12309422409684001,0.12713646261942835,32.0,0.5,6400000.0
1024.0,1024.0,4.0,9.0,14228.0,12393.0,518334.0,1851808.0,0.7632958495080256,0.7619265459345925,2.0,0.000976562,6400000.0
1024.0,1024.0,4.0,9.0,14336.0,12460.0,521551.0,1862528.0,0.7623766031051548,0.762323714363929,2.0,0.0,6400000.0
1024.0,1024.0,4.0,9.0,14264.0,12456.0,519866.0,1861888.0,0.7712520649552927,0.7682885859756114,2.0,0.00195312,6400000.0
475.0,1024.0,4.0,9.0,7460.0,6027.0,260817.0,903520.0,0.737987649158942,0.743245679323367,2.0,0.00390625,6400000.0
374.0,1024.0,4.0,9.0,6022.0,4763.0,207501.0,714208.0,0.7265763047190548,0.7379547189922604,2.0,0.0078125,6400000.0
1.0,1.0,1.0,1.0,1.0,1.0,35.0,32.0,-0.0030632107251067353,-0.0017650185808415486,4096.0,2.0,6400000.0
1.0,4.0,1.0,1.0,1.0,1.0,35.0,32.0,-0.0030632107251067353,-0.0017650185808415486,512.0,0.125,6400000.0
1.0,4.0,1.0,1.0,1.0,1.0,35.0,32.0,-0.0030632107251067353,-0.0017650185808415486,1.0,512.0,6400000.0
239.0,1024.0,4.0,9.0,3981.0,3094.0,134493.0,464448.0,0.7179376780973675,0.7229940869628553,2.0,0.03125,6400000.0
236.0,1024.0,4.0,9.0,3968.0,3036.0,133272.0,455552.0,0.6986331138269141,0.7040133283732493,2.0,0.015625,6400000.0
4.0,4.0,1.0,2.0,12.0,8.0,377.0,768.0,0.12309422409684001,0.12713646261942835,64.0,2.0,6400000.0
53.0,1024.0,4.0,9.0,1123.0,794.0,35154.0,120256.0,0.5438903065738224,0.5611707830113652,2.0,0.25,6400000.0
81.0,1024.0,4.0,9.0,1598.0,1163.0,50988.0,175712.0,0.6079159738379869,0.6080630459882528,2.0,0.125,6400000.0
45.0,1024.0,4.0,9.0,846.0,604.0,26308.0,90880.0,0.5492492775564819,0.5533541393903567,2.0,0.5,6400000.0
41.0,1024.0,4.0,9.0,627.0,458.0,19316.0,68032.0,0.5180074978621946,0.5340513881320648,2.0,1.0,6400000.0
100.0,1024.0,4.0,9.0,1898.0,1371.0,60897.0,206560.0,0.6252538645063666,0.6210581904125998,2.0,0.0625,6400000.0
26.0,1024.0,4.0,8.0,172.0,129.0,5296.0,17312.0,0.3951267073259065,0.40584305195034975,2.0,4.0,6400000.0
37.0,1024.0,4.0,9.0,393.0,302.0,12357.0,43584.0,0.48433038515692384,0.49955225833858974,2.0,2.0,6400000.0
1.0,4.0,1.0,1.0,1.0,1.0,35.0,32.0,-0.0030632107251067353,-0.0017650185808415486,2.0,2048.0,6400000.0
1.0,4.0,1.0,1.0,1.0,1.0,35.0,32.0,-0.0030632107251067353,-0.0017650185808415486,16.0,128.0,6400000.0
4.0,4.0,1.0,2.0,12.0,8.0,377.0,768.0,0.12309422409684001,0.12713646261942835,8.0,32.0,6400000.0
1.0,1.0,1.0,1.0,1.0,1.0,35.0,32.0,-0.0030632107251067353,-0.0017650185808415486,4096.0,0.03125,6400000.0
1.0,4.0,1.0,1.0,1.0,1.0,35.0,32.0,-0.0030632107251067353,-0.0017650185808415486,256.0,32.0,6400000.0
3.0,1024.0,4.0,2.0,9.0,6.0,335.0,576.0,0.10115259004895938,0.10346957106453547,2.0,64.0,6400000.0
11.0,1024.0,4.0,3.0,35.0,26.0,1119.0,2752.0,0.23801654357424562,0.2440154241847443,2.0,16.0,6400000.0
16.0,1024.0,4.0,3.0,67.0,47.0,2020.0,5472.0,0.28428173420704106,0.29213228260301216,2.0,8.0,6400000.0
1.0,4.0,1.0,1.0,1.0,1.0,35.0,32.0,-0.0030632107251067353,-0.0017650185808415486,128.0,8.0,6400000.0
1.0,1024.0,4.0,1.0,1.0,1.0,63.0,32.0,-0.0030632107251067353,-0.0017650185808415486,2.0,256.0,6400000.0
4.0,4.0,1.0,2.0,12.0,8.0,377.0,768.0,0.12309422409684001,0.12713646261942835,2.0,0.00390625,6400000.0
1.0,1024.0,4.0,1.0,1.0,1.0,63.0,32.0,-0.0030632107251067353,-0.0017650185808415486,2.0,128.0,6400000.0
1.0,4.0,1.0,1.0,1.0,1.0,35.0,32.0,-0.0030632107251067353,-0.0017650185808415486,512.0,128.0,6400000.0
4.0,4.0,1.0,2.0,12.0,8.0,377.0,768.0,0.12309422409684001,0.12713646261942835,4.0,0.015625,6400000.0
1.0,1024.0,4.0,1.0,1.0,1.0,63.0,32.0,-0.0030632107251067353,-0.0017650185808415486,2.0,512.0,6400000.0
1.0,4.0,1.0,1.0,1.0,1.0,35.0,32.0,-0.0030632107251067353,-0.0017650185808415486,4.0,8192.0,6400000.0
8.0,1024.0,4.0,2.0,22.0,16.0,724.0,1536.0,0.184803559555608,0.19082719424152972,2.0,32.0,6400000.0
1.0,1024.0,4.0,1.0,1.0,1.0,63.0,32.0,-0.0030632107251067353,-0.0017650185808415486,2.0,2048.0,6400000.0
1.0,4.0,1.0,1.0,1.0,1.0,35.0,32.0,-0.0030632107251067353,-0.0017650185808415486,8.0,32768.0,6400000.0
1.0,1024.0,4.0,1.0,1.0,1.0,63.0,32.0,-0.0030632107251067353,-0.0017650185808415486,2.0,1024.0,6400000.0
4.0,4.0,1.0,2.0,12.0,8.0,377.0,768.0,0.12309422409684001,0.12713646261942835,32.0,0.000976562,6400000.0
1.0,4.0,1.0,1.0,1.0,1.0,35.0,32.0,-0.0030632107251067353,-0.0017650185808415486,64.0,2048.0,6400000.0
1.0,1024.0,4.0,1.0,1.0,1.0,63.0,32.0,-0.0030632107251067353,-0.0017650185808415486,2.0,4096.0,6400000.0
4.0,4.0,1.0,2.0,12.0,8.0,377.0,768.0,0.12309422409684001,0.12713646261942835,2.0,4.0,6400000.0
4.0,4.0,1.0,2.0,12.0,8.0,377.0,768.0,0.12309422409684001,0.12713646261942835,8.0,0.0625,6400000.0
1.0,4.0,1.0,1.0,1.0,1.0,35.0,32.0,-0.0030632107251067353,-0.0017650185808415486,128.0,0.015625,6400000.0
1.0,4.0,1.0,1.0,1.0,1.0,35.0,32.0,-0.0030632107251067353,-0.0017650185808415486,128.0,8192.0,6400000.0
4.0,4.0,1.0,2.0,12.0,8.0,377.0,768.0,0.12309422409684001,0.12713646261942835,64.0,0.00390625,6400000.0
1.0,4.0,1.0,1.0,1.0,1.0,35.0,32.0,-0.0030632107251067353,-0.0017650185808415486,256.0,32768.0,6400000.0
1.0,1024.0,4.0,1.0,1.0,1.0,63.0,32.0,-0.0030632107251067353,-0.0017650185808415486,2.0,8192.0,6400000.0
1.0,4.0,1.0,1.0,1.0,1.0,35.0,32.0,-0.0030632107251067353,-0.0017650185808415486,32.0,512.0,6400000.0
1.0,4.0,1.0,1.0,1.0,1.0,35.0,32.0,-0.0030632107251067353,-0.0017650185808415486,1024.0,0.000976562,6400000.0
1.0,1.0,1.0,1.0,1.0,1.0,35.0,32.0,-0.0030632107251067353,-0.0017650185808415486,4096.0,256.0,6400000.0
1.0,4.0,1.0,1.0,1.0,1.0,35.0,32.0,-0.0030632107251067353,-0.0017650185808415486,256.0,0.0625,6400000.0
1.0,1024.0,4.0,1.0,1.0,1.0,63.0,32.0,-0.0030632107251067353,-0.0017650185808415486,2.0,16384.0,6400000.0
4.0,4.0,1.0,2.0,12.0,8.0,377.0,768.0,0.12309422409684001,0.12713646261942835,16.0,0.25,6400000.0
1.0,1024.0,4.0,1.0,1.0,1.0,63.0,32.0,-0.0030632107251067353,-0.0017650185808415486,2.0,32768.0,6400000.0
4.0,4.0,1.0,2.0,12.0,8.0,377.0,768.0,0.12309422409684001,0.12713646261942835,4.0,16.0,6400000.0
4.0,4.0,1.0,2.0,12.0,8.0,377.0,768.0,0.12309422409684001,0.12713646261942835,32.0,1.0,6400000.0
1024.0,1024.0,4.0,9.0,14326.0,12438.0,521241.0,1859008.0,0.7731510015381873,0.7630810379617116,4.0,0.0,6400000.0
390.0,1024.0,4.0,9.0,6184.0,4920.0,213655.0,737280.0,0.74751924176086,0.7431817678959494,4.0,0.0078125,6400000.0
1024.0,1024.0,4.0,9.0,14132.0,12289.0,514182.0,1835168.0,0.7678671177981625,0.7642367474728042,4.0,0.000976562,6400000.0
188.0,1024.0,4.0,9.0,3289.0,2447.0,108327.0,367456.0,0.6858179781912654,0.6800476055152296,4.0,0.015625,6400000.0
153.0,1024.0,4.0,9.0,2751.0,2030.0,89560.0,305216.0,0.6645974302502855,0.6597951679340248,4.0,0.03125,6400000.0
1.0,1.0,1.0,1.0,1.0,1.0,35.0,32.0,-0.0030632107251067353,-0.0017650185808415486,4096.0,4.0,6400000.0
915.0,1024.0,4.0,9.0,12714.0,10999.0,460629.0,1642720.0,0.7694949653105807,0.7623592293170652,4.0,0.00390625,6400000.0
1.0,4.0,1.0,1.0,1.0,1.0,35.0,32.0,-0.0030632107251067353,-0.0017650185808415486,512.0,0.25,6400000.0
1024.0,1024.0,4.0,9.0,14233.0,12432.0,519240.0,1858048.0,0.777605941432125,0.7736141669993908,4.0,0.00195312,6400000.0
1.0,4.0,1.0,1.0,1.0,1.0,35.0,32.0,-0.0030632107251067353,-0.0017650185808415486,1024.0,1.0,6400000.0
4.0,4.0,1.0,2.0,12.0,8.0,377.0,768.0,0.12309422409684001,0.12713646261942835,64.0,4.0,6400000.0
95.0,1024.0,4.0,9.0,1829.0,1368.0,59348.0,206720.0,0.6328017720340249,0.628058733104753,4.0,0.125,6400000.0
109.0,1024.0,4.0,9.0,2063.0,1507.0,65853.0,227168.0,0.6273916040402427,0.6303021688317748,4.0,0.0625,6400000.0
42.0,1024.0,4.0,8.0,368.0,278.0,11314.0,39104.0,0.4847347019423488,0.5053924433155895,4.0,2.0,6400000.0
33.0,1024.0,4.0,7.0,457.0,337.0,14606.0,49696.0,0.4875399059777278,0.4897545338435073,4.0,1.0,6400000.0
26.0,1024.0,4.0,5.0,148.0,113.0,4842.0,14752.0,0.35290037616472336,0.3578088509707109,4.0,4.0,6400000.0
50.0,1024.0,4.0,8.0,906.0,663.0,28607.0,99680.0,0.5660721361727256,0.5623460986723711,4.0,0.5,6400000.0
55.0,1024.0,4.0,8.0,1086.0,794.0,34388.0,120000.0,0.5478858959365513,0.5623914302147286,4.0,0.25,6400000.0
1.0,4.0,1.0,1.0,1.0,1.0,35.0,32.0,-0.0030632107251067353,-0.0017650185808415486,2.0,4096.0,6400000.0
1.0,4.0,1.0,1.0,1.0,1.0,35.0,32.0,-0.0030632107251067353,-0.0017650185808415486,16.0,256.0,6400000.0
1.0,4.0,1.0,1.0,1.0,1.0,35.0,32.0,-0.0030632107251067353,-0.0017650185808415486,256.0,64.0,6400000.0
3.0,4.0,1.0,2.0,9.0,6.0,279.0,576.0,0.10115259004895938,0.10346957106453547,8.0,64.0,6400000.0
1.0,1.0,1.0,1.0,1.0,1.0,35.0,32.0,-0.0030632107251067353,-0.0017650185808415486,4096.0,0.0625,6400000.0
16.0,1024.0,4.0,3.0,67.0,47.0,2020.0,5472.0,0.28428173420704106,0.29213228260301216,4.0,8.0,6400000.0
11.0,1024.0,4.0,3.0,35.0,26.0,1119.0,2752.0,0.23801654357424562,0.2440154241847443,4.0,16.0,6400000.0
1.0,4.0,1.0,1.0,1.0,1.0,35.0,32.0,-0.0030632107251067353,-0.0017650185808415486,128.0,16.0,6400000.0
1.0,4.0,1.0,1.0,1.0,1.0,35.0,32.0,-0.0030632107251067353,-0.0017650185808415486,1024.0,1024.0,6400000.0
1.0,4.0,1.0,1.0,1.0,1.0,35.0,32.0,-0.0030632107251067353,-0.0017650185808415486,512.0,256.0,6400000.0
1.0,1024.0,4.0,1.0,1.0,1.0,63.0,32.0,-0.0030632107251067353,-0.0017650185808415486,4.0,128.0,6400000.0
4.0,4.0,1.0,2.0,12.0,8.0,377.0,768.0,0.12309422409684001,0.12713646261942835,4.0,0.03125,6400000.0
1.0,4.0,1.0,1.0,1.0,1.0,35.0,32.0,-0.0030632107251067353,-0.0017650185808415486,4.0,16384.0,6400000.0
8.0,1024.0,4.0,2.0,22.0,16.0,724.0,1536.0,0.184803559555608,0.19082719424152972,4.0,32.0,6400000.0
1.0,1024.0,4.0,1.0,1.0,1.0,63.0,32.0,-0.0030632107251067353,-0.0017650185808415486,4.0,512.0,6400000.0
1.0,1024.0,4.0,1.0,1.0,1.0,63.0,32.0,-0.0030632107251067353,-0.0017650185808415486,4.0,256.0,6400000.0
1.0,1024.0,4.0,1.0,1.0,1.0,63.0,32.0,-0.0030632107251067353,-0.0017650185808415486,4.0,2048.0,6400000.0
1.0,1024.0,4.0,1.0,1.0,1.0,63.0,32.0,-0.0030632107251067353,-0.0017650185808415486,4.0,4096.0,6400000.0
3.0,1024.0,4.0,2.0,9.0,6.0,335.0,576.0,0.10115259004895938,0.10346957106453547,4.0,64.0,6400000.0
4.0,4.0,1.0,2.0,12.0,8.0,377.0,768.0,0.12309422409684001,0.12713646261942835,16.0,0.0,6400000.0
4.0,4.0,1.0,2.0,12.0,8.0,377.0,768.0,0.12309422409684001,0.12713646261942835,32.0,0.00195312,6400000.0
1.0,1024.0,4.0,1.0,1.0,1.0,63.0,32.0,-0.0030632107251067353,-0.0017650185808415486,4.0,1024.0,6400000.0
1.0,4.0,1.0,1.0,1.0,1.0,35.0,32.0,-0.0030632107251067353,-0.0017650185808415486,64.0,4096.0,6400000.0
1.0,1024.0,4.0,1.0,1.0,1.0,63.0,32.0,-0.0030632107251067353,-0.0017650185808415486,4.0,8192.0,6400000.0
1.0,1024.0,4.0,1.0,1.0,1.0,63.0,32.0,-0.0030632107251067353,-0.0017650185808415486,4.0,16384.0,6400000.0
1.0,4.0,1.0,1.0,1.0,1.0,35.0,32.0,-0.0030632107251067353,-0.0017650185808415486,512.0,0.0,6400000.0
1.0,4.0,1.0,1.0,1.0,1.0,35.0,32.0,-0.0030632107251067353,-0.0017650185808415486,32.0,1024.0,6400000.0
1.0,4.0,1.0,1.0,1.0,1.0,35.0,32.0,-0.0030632107251067353,-0.0017650185808415486,128.0,0.03125,6400000.0
4.0,4.0,1.0,2.0,12.0,8.0,377.0,768.0,0.12309422409684001,0.12713646261942835,64.0,0.0078125,6400000.0
4.0,4.0,1.0,2.0,12.0,8.0,377.0,768.0,0.12309422409684001,0.12713646261942835,8.0,0.125,6400000.0
1.0,4.0,1.0,1.0,1.0,1.0,35.0,32.0,-0.0030632107251067353,-0.0017650185808415486,128.0,16384.0,6400000.0
1.0,1024.0,4.0,1.0,1.0,1.0,63.0,32.0,-0.0030632107251067353,-0.0017650185808415486,4.0,32768.0,6400000.0
1.0,4.0,1.0,1.0,1.0,1.0,35.0,32.0,-0.0030632107251067353,-0.0017650185808415486,1024.0,0.00195312,6400000.0
1.0,4.0,1.0,1.0,1.0,1.0,35.0,32.0,-0.0030632107251067353,-0.0017650185808415486,256.0,0.125,6400000.0
4.0,4.0,1.0,2.0,12.0,8.0,377.0,768.0,0.12309422409684001,0.12713646261942835,16.0,0.5,6400000.0
1.0,1.0,1.0,1.0,1.0,1.0,35.0,32.0,-0.0030632107251067353,-0.0017650185808415486,4096.0,512.0,6400000.0
1.0,4.0,1.0,1.0,1.0,1.0,35.0,32.0,-0.0030632107251067353,-0.0017650185808415486,2048.0,0.0078125,6400000.0
4.0,4.0,1.0,2.0,12.0,8.0,377.0,768.0,0.12309422409684001,0.12713646261942835,4.0,32.0,6400000.0
1024.0,1024.0,4.0,6.0,13351.0,12107.0,496989.0,1806048.0,0.6161470901471127,0.6148430517720703,8.0,0.0,6400000.0
4.0,4.0,1.0,2.0,12.0,8.0,377.0,768.0,0.12309422409684001,0.12713646261942835,32.0,2.0,6400000.0
1.0,1.0,1.0,1.0,1.0,1.0,35.0,32.0,-0.0030632107251067353,-0.0017650185808415486,4096.0,8.0,6400000.0
1024.0,1024.0,4.0,7.0,13728.0,12279.0,507251.0,1833568.0,0.6492295972016848,0.6420440688480141,8.0,0.000976562,6400000.0
85.0,1024.0,4.0,6.0,1536.0,1165.0,50337.0,175520.0,0.586776451145686,0.5818706396718694,8.0,0.0625,6400000.0
166.0,1024.0,4.0,6.0,2702.0,2086.0,91008.0,312512.0,0.6141179485517572,0.6072330290266947,8.0,0.015625,6400000.0
1.0,4.0,1.0,1.0,1.0,1.0,35.0,32.0,-0.0030632107251067353,-0.0017650185808415486,512.0,0.5,6400000.0
92.0,1024.0,4.0,6.0,1693.0,1262.0,55521.0,190144.0,0.590981983365806,0.5937905852077793,8.0,0.03125,6400000.0
62.0,1024.0,4.0,6.0,1140.0,856.0,36963.0,129024.0,0.5583387852246339,0.5542342903952606,8.0,0.125,6400000.0
1.0,4.0,1.0,1.0,1.0,1.0,35.0,32.0,-0.0030632107251067353,-0.0017650185808415486,1024.0,2.0,6400000.0
368.0,1024.0,4.0,7.0,5570.0,4540.0,195787.0,679296.0,0.6527649645237004,0.651816977070373,8.0,0.0078125,6400000.0
1024.0,1024.0,4.0,7.0,13610.0,12177.0,502845.0,1817248.0,0.6554635411641359,0.6468722388768682,8.0,0.00195312,6400000.0
4.0,4.0,1.0,2.0,12.0,8.0,377.0,768.0,0.12309422409684001,0.12713646261942835,64.0,8.0,6400000.0
1024.0,1024.0,4.0,6.0,13192.0,12002.0,491805.0,1789248.0,0.616348341424978,0.6138006470157968,8.0,0.00390625,6400000.0
33.0,1024.0,4.0,3.0,419.0,338.0,14059.0,49856.0,0.32937799723281747,0.33859565543052184,8.0,0.25,6400000.0
1.0,4.0,1.0,1.0,1.0,1.0,35.0,32.0,-0.0030632107251067353,-0.0017650185808415486,16.0,512.0,6400000.0
19.0,1024.0,4.0,3.0,112.0,85.0,3645.0,11168.0,0.3078034380468804,0.3159020086450115,8.0,4.0,6400000.0
32.0,1024.0,4.0,3.0,323.0,259.0,10680.0,37344.0,0.33143742313168967,0.335531340974662,8.0,0.5,6400000.0
22.0,1024.0,4.0,3.0,153.0,118.0,4939.0,16064.0,0.31635085591853673,0.3261679097067831,8.0,2.0,6400000.0
1.0,4.0,1.0,1.0,1.0,1.0,35.0,32.0,-0.0030632107251067353,-0.0017650185808415486,256.0,128.0,6400000.0
1.0,1.0,1.0,1.0,1.0,1.0,35.0,32.0,-0.0030632107251067353,-0.0017650185808415486,4096.0,0.125,6400000.0
1.0,4.0,1.0,1.0,1.0,1.0,35.0,32.0,-0.0030632107251067353,-0.0017650185808415486,2048.0,8.0,6400000.0
1.0,4.0,1.0,1.0,1.0,1.0,35.0,32.0,-0.0030632107251067353,-0.0017650185808415486,8.0,128.0,6400000.0
25.0,1024.0,4.0,3.0,212.0,168.0,6953.0,23680.0,0.32214268471966934,0.33085644792714397,8.0,1.0,6400000.0
16.0,1024.0,4.0,3.0,67.0,47.0,2020.0,5472.0,0.28428173420704106,0.29213228260301216,8.0,8.0,6400000.0
11.0,1024.0,4.0,2.0,30.0,22.0,944.0,2112.0,0.211815897449531,0.21820531799146736,8.0,16.0,6400000.0
8.0,1024.0,4.0,2.0,22.0,16.0,724.0,1536.0,0.184803559555608,0.19082719424152972,8.0,32.0,6400000.0
1.0,4.0,1.0,1.0,1.0,1.0,35.0,32.0,-0.0030632107251067353,-0.0017650185808415486,512.0,512.0,6400000.0
3.0,1024.0,4.0,2.0,9.0,6.0,335.0,576.0,0.10115259004895938,0.10346957106453547,8.0,64.0,6400000.0
1.0,4.0,1.0,1.0,1.0,1.0,35.0,32.0,-0.0030632107251067353,-0.0017650185808415486,128.0,32.0,6400000.0
1.0,4.0,1.0,1.0,1.0,1.0,35.0,32.0,-0.0030632107251067353,-0.0017650185808415486,1024.0,2048.0,6400000.0
1.0,1024.0,4.0,1.0,1.0,1.0,63.0,32.0,-0.0030632107251067353,-0.0017650185808415486,8.0,128.0,6400000.0
1.0,4.0,1.0,1.0,1.0,1.0,35.0,32.0,-0.0030632107251067353,-0.0017650185808415486,4.0,32768.0,6400000.0
1.0,1024.0,4.0,1.0,1.0,1.0,63.0,32.0,-0.0030632107251067353,-0.0017650185808415486,8.0,256.0,6400000.0
4.0,4.0,1.0,2.0,12.0,8.0,377.0,768.0,0.12309422409684001,0.12713646261942835,16.0,0.000976562,6400000.0
1.0,1024.0,4.0,1.0,1.0,1.0,63.0,32.0,-0.0030632107251067353,-0.0017650185808415486,8.0,2048.0,6400000.0
1.0,4.0,1.0,1.0,1.0,1.0,35.0,32.0,-0.0030632107251067353,-0.0017650185808415486,2048.0,8192.0,6400000.0
1.0,1024.0,4.0,1.0,1.0,1.0,63.0,32.0,-0.0030632107251067353,-0.0017650185808415486,8.0,1024.0,6400000.0
1.0,1024.0,4.0,1.0,1.0,1.0,63.0,32.0,-0.0030632107251067353,-0.0017650185808415486,8.0,512.0,6400000.0
4.0,4.0,1.0,2.0,12.0,8.0,377.0,768.0,0.12309422409684001,0.12713646261942835,32.0,0.00390625,6400000.0
1.0,1024.0,4.0,1.0,1.0,1.0,63.0,32.0,-0.0030632107251067353,-0.0017650185808415486,8.0,4096.0,6400000.0
1.0,1024.0,4.0,1.0,1.0,1.0,63.0,32.0,-0.0030632107251067353,-0.0017650185808415486,8.0,8192.0,6400000.0
1.0,4.0,1.0,1.0,1.0,1.0,35.0,32.0,-0.0030632107251067353,-0.0017650185808415486,64.0,8192.0,6400000.0
1.0,1024.0,4.0,1.0,1.0,1.0,63.0,32.0,-0.0030632107251067353,-0.0017650185808415486,8.0,16384.0,6400000.0
4.0,4.0,1.0,2.0,12.0,8.0,377.0,768.0,0.12309422409684001,0.12713646261942835,64.0,0.015625,6400000.0
1.0,1024.0,4.0,1.0,1.0,1.0,63.0,32.0,-0.0030632107251067353,-0.0017650185808415486,8.0,32768.0,6400000.0
1.0,4.0,1.0,1.0,1.0,1.0,35.0,32.0,-0.0030632107251067353,-0.0017650185808415486,512.0,0.000976562,6400000.0
1.0,4.0,1.0,1.0,1.0,1.0,35.0,32.0,-0.0030632107251067353,-0.0017650185808415486,128.0,0.0625,6400000.0
1.0,4.0,1.0,1.0,1.0,1.0,35.0,32.0,-0.0030632107251067353,-0.0017650185808415486,1024.0,0.00390625,6400000.0
1.0,4.0,1.0,1.0,1.0,1.0,35.0,32.0,-0.0030632107251067353,-0.0017650185808415486,32.0,2048.0,6400000.0
4.0,4.0,1.0,2.0,12.0,8.0,377.0,768.0,0.12309422409684001,0.12713646261942835,8.0,0.25,6400000.0
1.0,4.0,1.0,1.0,1.0,1.0,35.0,32.0,-0.0030632107251067353,-0.0017650185808415486,128.0,32768.0,6400000.0
1.0,4.0,1.0,1.0,1.0,1.0,35.0,32.0,-0.0030632107251067353,-0.0017650185808415486,256.0,0.25,6400000.0
1.0,4.0,1.0,1.0,1.0,1.0,35.0,32.0,-0.0030632107251067353,-0.0017650185808415486,2048.0,0.015625,6400000.0
4.0,4.0,1.0,2.0,12.0,8.0,377.0,768.0,0.12309422409684001,0.12713646261942835,16.0,1.0,6400000.0
1024.0,1024.0,4.0,3.0,11544.0,11043.0,442141.0,1635808.0,0.27202315940308186,0.26013264962282723,16.0,0.0,6400000.0
1.0,1.0,1.0,1.0,1.0,1.0,35.0,32.0,-0.0030632107251067353,-0.0017650185808415486,4096.0,1024.0,6400000.0
4.0,4.0,1.0,2.0,12.0,8.0,377.0,768.0,0.12309422409684001,0.12713646261942835,32.0,4.0,6400000.0
1024.0,1024.0,4.0,3.0,11587.0,11083.0,443806.0,1642208.0,0.2634331955599837,0.25839666367255343,16.0,0.000976562,6400000.0
1.0,1.0,1.0,1.0,1.0,1.0,35.0,32.0,-0.0030632107251067353,-0.0017650185808415486,4096.0,16.0,6400000.0
230.0,1024.0,4.0,3.0,3043.0,2648.0,110757.0,394240.0,0.3154330763558336,0.31466651008287105,16.0,0.00390625,6400000.0
491.0,1024.0,4.0,3.0,5861.0,5390.0,219805.0,799552.0,0.30206430381069205,0.296238574627669,16.0,0.00195312,6400000.0
1.0,4.0,1.0,1.0,1.0,1.0,35.0,32.0,-0.0030632107251067353,-0.0017650185808415486,4096.0,0.0625,6400000.0
1.0,4.0,1.0,1.0,1.0,1.0,35.0,32.0,-0.0030632107251067353,-0.0017650185808415486,512.0,1.0,6400000.0
93.0,1024.0,4.0,3.0,1402.0,1124.0,49086.0,167936.0,0.3211478700984106,0.33212273344103904,16.0,0.0078125,6400000.0
85.0,1024.0,4.0,3.0,1310.0,1040.0,45658.0,155520.0,0.32333389187463535,0.3325172899870231,16.0,0.015625,6400000.0
55.0,1024.0,4.0,3.0,968.0,762.0,33059.0,114880.0,0.3275601962329824,0.33555017707321966,16.0,0.03125,6400000.0
4.0,4.0,1.0,2.0,12.0,8.0,377.0,768.0,0.12309422409684001,0.12713646261942835,64.0,16.0,6400000.0
1.0,4.0,1.0,1.0,1.0,1.0,35.0,32.0,-0.0030632107251067353,-0.0017650185808415486,1024.0,4.0,6400000.0
43.0,1024.0,4.0,3.0,630.0,507.0,21176.0,75616.0,0.3308593261648918,0.3362290352620677,16.0,0.125,6400000.0
53.0,1024.0,4.0,3.0,894.0,717.0,30793.0,107936.0,0.33278522729362936,0.33734298000191787,16.0,0.0625,6400000.0
34.0,1024.0,4.0,3.0,308.0,251.0,9992.0,35808.0,0.3330053059714342,0.33784075783114964,16.0,0.5,6400000.0
31.0,1024.0,4.0,3.0,397.0,322.0,13395.0,47552.0,0.3337369710410658,0.3373491041944916,16.0,0.25,6400000.0
1.0,4.0,1.0,1.0,1.0,1.0,35.0,32.0,-0.0030632107251067353,-0.0017650185808415486,16.0,1024.0,6400000.0
1.0,4.0,1.0,1.0,1.0,1.0,35.0,32.0,-0.0030632107251067353,-0.0017650185808415486,256.0,256.0,6400000.0
23.0,1024.0,4.0,3.0,153.0,120.0,4975.0,16256.0,0.319552560784911,0.327150369759344,16.0,2.0,6400000.0
25.0,1024.0,4.0,3.0,216.0,172.0,7163.0,24320.0,0.3258598713939125,0.33411787168337415,16.0,1.0,6400000.0
1.0,4.0,1.0,1.0,1.0,1.0,35.0,32.0,-0.0030632107251067353,-0.0017650185808415486,8.0,256.0,6400000.0
1.0,4.0,1.0,1.0,1.0,1.0,35.0,32.0,-0.0030632107251067353,-0.0017650185808415486,2048.0,16.0,6400000.0
15.0,1024.0,4.0,2.0,47.0,34.0,1516.0,3520.0,0.23483331904090687,0.24244665993785774,16.0,8.0,6400000.0
19.0,1024.0,4.0,3.0,110.0,83.0,3508.0,10848.0,0.3078232849852275,0.3144164768351574,16.0,4.0,6400000.0
1.0,4.0,1.0,1.0,1.0,1.0,35.0,32.0,-0.0030632107251067353,-0.0017650185808415486,128.0,64.0,6400000.0
11.0,1024.0,4.0,2.0,30.0,22.0,944.0,2112.0,0.211815897449531,0.21820531799146736,16.0,16.0,6400000.0
1.0,4.0,1.0,1.0,1.0,1.0,35.0,32.0,-0.0030632107251067353,-0.0017650185808415486,4096.0,64.0,6400000.0
1.0,1024.0,4.0,1.0,1.0,1.0,63.0,32.0,-0.0030632107251067353,-0.0017650185808415486,16.0,128.0,6400000.0
8.0,1024.0,4.0,2.0,22.0,16.0,724.0,1536.0,0.184803559555608,0.19082719424152972,16.0,32.0,6400000.0
1.0,4.0,1.0,1.0,1.0,1.0,35.0,32.0,-0.0030632107251067353,-0.0017650185808415486,1024.0,4096.0,6400000.0
3.0,1024.0,4.0,2.0,9.0,6.0,335.0,576.0,0.10115259004895938,0.10346957106453547,16.0,64.0,6400000.0
1.0,4.0,1.0,1.0,1.0,1.0,35.0,32.0,-0.0030632107251067353,-0.0017650185808415486,512.0,1024.0,6400000.0
1.0,1024.0,4.0,1.0,1.0,1.0,63.0,32.0,-0.0030632107251067353,-0.0017650185808415486,16.0,256.0,6400000.0
1.0,1024.0,4.0,1.0,1.0,1.0,63.0,32.0,-0.0030632107251067353,-0.0017650185808415486,16.0,1024.0,6400000.0
1.0,1024.0,4.0,1.0,1.0,1.0,63.0,32.0,-0.0030632107251067353,-0.0017650185808415486,16.0,512.0,6400000.0
1.0,4.0,1.0,1.0,1.0,1.0,35.0,32.0,-0.0030632107251067353,-0.0017650185808415486,2048.0,16384.0,6400000.0
4.0,4.0,1.0,2.0,12.0,8.0,377.0,768.0,0.12309422409684001,0.12713646261942835,16.0,0.00195312,6400000.0
4.0,4.0,1.0,2.0,12.0,8.0,377.0,768.0,0.12309422409684001,0.12713646261942835,32.0,0.0078125,6400000.0
1.0,1024.0,4.0,1.0,1.0,1.0,63.0,32.0,-0.0030632107251067353,-0.0017650185808415486,16.0,2048.0,6400000.0
1.0,4.0,1.0,1.0,1.0,1.0,35.0,32.0,-0.0030632107251067353,-0.0017650185808415486,8192.0,0.0,6400000.0
1.0,1024.0,4.0,1.0,1.0,1.0,63.0,32.0,-0.0030632107251067353,-0.0017650185808415486,16.0,4096.0,6400000.0
1.0,4.0,1.0,1.0,1.0,1.0,35.0,32.0,-0.0030632107251067353,-0.0017650185808415486,512.0,0.00195312,6400000.0
1.0,1024.0,4.0,1.0,1.0,1.0,63.0,32.0,-0.0030632107251067353,-0.0017650185808415486,16.0,16384.0,6400000.0
1.0,4.0,1.0,1.0,1.0,1.0,35.0,32.0,-0.0030632107251067353,-0.0017650185808415486,64.0,16384.0,6400000.0
1.0,1024.0,4.0,1.0,1.0,1.0,63.0,32.0,-0.0030632107251067353,-0.0017650185808415486,16.0,32768.0,6400000.0
1.0,4.0,1.0,1.0,1.0,1.0,35.0,32.0,-0.0030632107251067353,-0.0017650185808415486,128.0,0.125,6400000.0
4.0,4.0,1.0,2.0,12.0,8.0,377.0,768.0,0.12309422409684001,0.12713646261942835,64.0,0.03125,6400000.0
177.0,1024.0,4.0,2.0,2317.0,2098.0,86324.0,313024.0,0.24941041236706785,0.2565273616330286,32.0,0.000976562,6400000.0
1.0,1024.0,4.0,1.0,1.0,1.0,63.0,32.0,-0.0030632107251067353,-0.0017650185808415486,16.0,8192.0,6400000.0
1.0,4.0,1.0,1.0,1.0,1.0,35.0,32.0,-0.0030632107251067353,-0.0017650185808415486,32.0,4096.0,6400000.0
1.0,4.0,1.0,1.0,1.0,1.0,35.0,32.0,-0.0030632107251067353,-0.0017650185808415486,1024.0,0.0078125,6400000.0
1.0,4.0,1.0,1.0,1.0,1.0,35.0,32.0,-0.0030632107251067353,-0.0017650185808415486,256.0,0.0,6400000.0
1.0,4.0,1.0,1.0,1.0,1.0,35.0,32.0,-0.0030632107251067353,-0.0017650185808415486,256.0,0.5,6400000.0
4.0,4.0,1.0,2.0,12.0,8.0,377.0,768.0,0.12309422409684001,0.12713646261942835,16.0,2.0,6400000.0
1.0,1.0,1.0,1.0,1.0,1.0,35.0,32.0,-0.0030632107251067353,-0.0017650185808415486,4096.0,2048.0,6400000.0
169.0,1024.0,4.0,2.0,2200.0,1988.0,81810.0,296448.0,0.25027814115943825,0.25736085330231107,32.0,0.00195312,6400000.0
1.0,4.0,1.0,1.0,1.0,1.0,35.0,32.0,-0.0030632107251067353,-0.0017650185808415486,2048.0,0.03125,6400000.0
1024.0,1024.0,4.0,2.0,11430.0,11177.0,443425.0,1657248.0,0.23745074922782694,0.2395268684568138,32.0,0.0,6400000.0
182.0,1024.0,4.0,2.0,2291.0,2081.0,85378.0,309664.0,0.24928089963296296,0.25637666408944526,32.0,0.00390625,6400000.0
4.0,4.0,1.0,2.0,12.0,8.0,377.0,768.0,0.12309422409684001,0.12713646261942835,32.0,8.0,6400000.0
76.0,1024.0,4.0,2.0,1100.0,925.0,39268.0,138272.0,0.2522649800330923,0.26353265368007517,32.0,0.0078125,6400000.0
1.0,1.0,1.0,1.0,1.0,1.0,35.0,32.0,-0.0030632107251067353,-0.0017650185808415486,4096.0,32.0,6400000.0
42.0,1024.0,4.0,2.0,602.0,510.0,21349.0,76224.0,0.2500152224000506,0.2658665169608293,32.0,0.03125,6400000.0
1.0,4.0,1.0,1.0,1.0,1.0,35.0,32.0,-0.0030632107251067353,-0.0017650185808415486,4096.0,0.125,6400000.0
53.0,1024.0,4.0,2.0,806.0,671.0,28694.0,100576.0,0.2522461515267247,0.26507950339935327,32.0,0.015625,6400000.0
1.0,4.0,1.0,1.0,1.0,1.0,35.0,32.0,-0.0030632107251067353,-0.0017650185808415486,512.0,2.0,6400000.0
1.0,4.0,1.0,1.0,1.0,1.0,35.0,32.0,-0.0030632107251067353,-0.0017650185808415486,8192.0,0.5,6400000.0
1.0,4.0,1.0,1.0,1.0,1.0,35.0,32.0,-0.0030632107251067353,-0.0017650185808415486,1024.0,8.0,6400000.0
4.0,4.0,1.0,2.0,12.0,8.0,377.0,768.0,0.12309422409684001,0.12713646261942835,64.0,32.0,6400000.0
38.0,1024.0,4.0,2.0,472.0,403.0,16778.0,59616.0,0.2508536416878968,0.26606333193727505,32.0,0.0625,6400000.0
31.0,1024.0,4.0,2.0,228.0,198.0,7852.0,27712.0,0.2571886136123701,0.26977587157356997,32.0,0.25,6400000.0
1.0,4.0,1.0,1.0,1.0,1.0,35.0,32.0,-0.0030632107251067353,-0.0017650185808415486,256.0,512.0,6400000.0
28.0,1024.0,4.0,2.0,169.0,148.0,5884.0,20096.0,0.2583267179155011,0.26924795824128556,32.0,0.5,6400000.0
1.0,4.0,1.0,1.0,1.0,1.0,35.0,32.0,-0.0030632107251067353,-0.0017650185808415486,16.0,2048.0,6400000.0
1.0,4.0,1.0,1.0,1.0,1.0,35.0,32.0,-0.0030632107251067353,-0.0017650185808415486,2048.0,32.0,6400000.0
37.0,1024.0,4.0,2.0,302.0,257.0,10505.0,36384.0,0.25504156976916903,0.2701552342249074,32.0,0.125,6400000.0
25.0,1024.0,4.0,2.0,113.0,94.0,3852.0,11840.0,0.25446652674505144,0.26625990280383205,32.0,1.0,6400000.0
23.0,1024.0,4.0,2.0,96.0,78.0,3269.0,9536.0,0.25348208415856677,0.264691761708014,32.0,2.0,6400000.0
1.0,4.0,1.0,1.0,1.0,1.0,35.0,32.0,-0.0030632107251067353,-0.0017650185808415486,128.0,128.0,6400000.0
1.0,4.0,1.0,1.0,1.0,1.0,35.0,32.0,-0.0030632107251067353,-0.0017650185808415486,4096.0,128.0,6400000.0
20.0,1024.0,4.0,2.0,81.0,65.0,2694.0,7840.0,0.25194387259795514,0.2611969990570394,32.0,4.0,6400000.0
15.0,1024.0,4.0,2.0,47.0,34.0,1516.0,3520.0,0.23483331904090687,0.24244665993785774,32.0,8.0,6400000.0
11.0,1024.0,4.0,2.0,30.0,22.0,944.0,2112.0,0.211815897449531,0.21820531799146736,32.0,16.0,6400000.0
3.0,1024.0,4.0,2.0,9.0,6.0,335.0,576.0,0.10115259004895938,0.10346957106453547,32.0,64.0,6400000.0
1.0,1.0,1.0,1.0,1.0,1.0,35.0,32.0,-0.0030632107251067353,-0.0017650185808415486,8192.0,0.00195312,6400000.0
1.0,4.0,1.0,1.0,1.0,1.0,35.0,32.0,-0.0030632107251067353,-0.0017650185808415486,512.0,2048.0,6400000.0
1.0,4.0,1.0,1.0,1.0,1.0,35.0,32.0,-0.0030632107251067353,-0.0017650185808415486,1024.0,8192.0,6400000.0
8.0,1024.0,4.0,2.0,22.0,16.0,724.0,1536.0,0.184803559555608,0.19082719424152972,32.0,32.0,6400000.0
1.0,1024.0,4.0,1.0,1.0,1.0,63.0,32.0,-0.0030632107251067353,-0.0017650185808415486,32.0,128.0,6400000.0
1.0,4.0,1.0,1.0,1.0,1.0,35.0,32.0,-0.0030632107251067353,-0.0017650185808415486,2048.0,32768.0,6400000.0
1.0,1024.0,4.0,1.0,1.0,1.0,63.0,32.0,-0.0030632107251067353,-0.0017650185808415486,32.0,256.0,6400000.0
1.0,4.0,1.0,1.0,1.0,1.0,35.0,32.0,-0.0030632107251067353,-0.0017650185808415486,8192.0,512.0,6400000.0
1.0,1024.0,4.0,1.0,1.0,1.0,63.0,32.0,-0.0030632107251067353,-0.0017650185808415486,32.0,512.0,6400000.0
1.0,1024.0,4.0,1.0,1.0,1.0,63.0,32.0,-0.0030632107251067353,-0.0017650185808415486,32.0,1024.0,6400000.0
1.0,1024.0,4.0,1.0,1.0,1.0,63.0,32.0,-0.0030632107251067353,-0.0017650185808415486,32.0,4096.0,6400000.0
4.0,4.0,1.0,2.0,12.0,8.0,377.0,768.0,0.12309422409684001,0.12713646261942835,32.0,0.015625,6400000.0
1.0,1024.0,4.0,1.0,1.0,1.0,63.0,32.0,-0.0030632107251067353,-0.0017650185808415486,32.0,2048.0,6400000.0
1.0,4.0,1.0,1.0,1.0,1.0,35.0,32.0,-0.0030632107251067353,-0.0017650185808415486,512.0,0.00390625,6400000.0
1.0,1024.0,4.0,1.0,1.0,1.0,63.0,32.0,-0.0030632107251067353,-0.0017650185808415486,32.0,8192.0,6400000.0
1.0,4.0,1.0,1.0,1.0,1.0,35.0,32.0,-0.0030632107251067353,-0.0017650185808415486,8192.0,0.000976562,6400000.0
1.0,4.0,1.0,1.0,1.0,1.0,35.0,32.0,-0.0030632107251067353,-0.0017650185808415486,64.0,32768.0,6400000.0
1.0,4.0,1.0,1.0,1.0,1.0,35.0,32.0,-0.0030632107251067353,-0.0017650185808415486,128.0,0.25,6400000.0
1.0,1024.0,4.0,1.0,1.0,1.0,63.0,32.0,-0.0030632107251067353,-0.0017650185808415486,32.0,16384.0,6400000.0
1.0,4.0,1.0,1.0,1.0,1.0,35.0,32.0,-0.0030632107251067353,-0.0017650185808415486,1024.0,0.015625,6400000.0
1.0,1024.0,4.0,1.0,1.0,1.0,63.0,32.0,-0.0030632107251067353,-0.0017650185808415486,32.0,32768.0,6400000.0
4.0,4.0,1.0,2.0,12.0,8.0,377.0,768.0,0.12309422409684001,0.12713646261942835,64.0,0.0625,6400000.0
1.0,4.0,1.0,1.0,1.0,1.0,35.0,32.0,-0.0030632107251067353,-0.0017650185808415486,256.0,0.000976562,6400000.0
1.0,4.0,1.0,1.0,1.0,1.0,35.0,32.0,-0.0030632107251067353,-0.0017650185808415486,256.0,1.0,6400000.0
1.0,4.0,1.0,1.0,1.0,1.0,35.0,32.0,-0.0030632107251067353,-0.0017650185808415486,16384.0,0.00390625,6400000.0
177.0,1024.0,4.0,2.0,2317.0,2098.0,86324.0,313024.0,0.24941041236706785,0.2565273616330286,64.0,0.000976562,6400000.0
1.0,4.0,1.0,1.0,1.0,1.0,35.0,32.0,-0.0030632107251067353,-0.0017650185808415486,32.0,8192.0,6400000.0
1.0,1.0,1.0,1.0,1.0,1.0,35.0,32.0,-0.0030632107251067353,-0.0017650185808415486,4096.0,4096.0,6400000.0
1.0,4.0,1.0,1.0,1.0,1.0,35.0,32.0,-0.0030632107251067353,-0.0017650185808415486,2048.0,0.0625,6400000.0
169.0,1024.0,4.0,2.0,2200.0,1988.0,81810.0,296448.0,0.25027814115943825,0.25736085330231107,64.0,0.00195312,6400000.0
182.0,1024.0,4.0,2.0,2291.0,2081.0,85378.0,309664.0,0.24928089963296296,0.25637666408944526,64.0,0.00390625,6400000.0
76.0,1024.0,4.0,2.0,1100.0,925.0,39268.0,138272.0,0.2522649800330923,0.26353265368007517,64.0,0.0078125,6400000.0
1024.0,1024.0,4.0,2.0,11430.0,11177.0,443425.0,1657248.0,0.23745074922782694,0.2395268684568138,64.0,0.0,6400000.0
4.0,4.0,1.0,2.0,12.0,8.0,377.0,768.0,0.12309422409684001,0.12713646261942835,32.0,16.0,6400000.0
53.0,1024.0,4.0,2.0,806.0,671.0,28694.0,100576.0,0.2522461515267247,0.26507950339935327,64.0,0.015625,6400000.0
1.0,1.0,1.0,1.0,1.0,1.0,35.0,32.0,-0.0030632107251067353,-0.0017650185808415486,4096.0,64.0,6400000.0
1.0,4.0,1.0,1.0,1.0,1.0,35.0,32.0,-0.0030632107251067353,-0.0017650185808415486,4096.0,0.25,6400000.0
42.0,1024.0,4.0,2.0,602.0,510.0,21349.0,76224.0,0.2500152224000506,0.2658665169608293,64.0,0.03125,6400000.0
37.0,1024.0,4.0,2.0,302.0,257.0,10505.0,36384.0,0.25504156976916903,0.2701552342249074,64.0,0.125,6400000.0
1.0,4.0,1.0,1.0,1.0,1.0,35.0,32.0,-0.0030632107251067353,-0.0017650185808415486,512.0,4.0,6400000.0
1.0,4.0,1.0,1.0,1.0,1.0,35.0,32.0,-0.0030632107251067353,-0.0017650185808415486,8192.0,1.0,6400000.0
38.0,1024.0,4.0,2.0,472.0,403.0,16778.0,59616.0,0.2508536416878968,0.26606333193727505,64.0,0.0625,6400000.0
1.0,4.0,1.0,1.0,1.0,1.0,35.0,32.0,-0.0030632107251067353,-0.0017650185808415486,1024.0,16.0,6400000.0
1.0,4.0,1.0,1.0,1.0,1.0,35.0,32.0,-0.0030632107251067353,-0.0017650185808415486,64.0,64.0,6400000.0
1.0,4.0,1.0,1.0,1.0,1.0,35.0,32.0,-0.0030632107251067353,-0.0017650185808415486,2048.0,64.0,6400000.0
1.0,4.0,1.0,1.0,1.0,1.0,35.0,32.0,-0.0030632107251067353,-0.0017650185808415486,256.0,1024.0,6400000.0
1.0,4.0,1.0,1.0,1.0,1.0,35.0,32.0,-0.0030632107251067353,-0.0017650185808415486,16384.0,4.0,6400000.0
31.0,1024.0,4.0,2.0,228.0,198.0,7852.0,27712.0,0.2571886136123701,0.26977587157356997,64.0,0.25,6400000.0
25.0,1024.0,4.0,2.0,113.0,94.0,3852.0,11840.0,0.25446652674505144,0.26625990280383205,64.0,1.0,6400000.0
28.0,1024.0,4.0,2.0,169.0,148.0,5884.0,20096.0,0.2583267179155011,0.26924795824128556,64.0,0.5,6400000.0
20.0,1024.0,4.0,2.0,81.0,65.0,2694.0,7840.0,0.25194387259795514,0.2611969990570394,64.0,4.0,6400000.0
1.0,4.0,1.0,1.0,1.0,1.0,35.0,32.0,-0.0030632107251067353,-0.0017650185808415486,4096.0,256.0,6400000.0
15.0,1024.0,4.0,2.0,47.0,34.0,1516.0,3520.0,0.23483331904090687,0.24244665993785774,64.0,8.0,6400000.0
23.0,1024.0,4.0,2.0,96.0,78.0,3269.0,9536.0,0.25348208415856677,0.264691761708014,64.0,2.0,6400000.0
1.0,4.0,1.0,1.0,1.0,1.0,35.0,32.0,-0.0030632107251067353,-0.0017650185808415486,128.0,256.0,6400000.0
1.0,1.0,1.0,1.0,1.0,1.0,35.0,32.0,-0.0030632107251067353,-0.0017650185808415486,8192.0,0.00390625,6400000.0
8.0,1024.0,4.0,2.0,22.0,16.0,724.0,1536.0,0.184803559555608,0.19082719424152972,64.0,32.0,6400000.0
1.0,4.0,1.0,1.0,1.0,1.0,35.0,32.0,-0.0030632107251067353,-0.0017650185808415486,512.0,4096.0,6400000.0
1.0,4.0,1.0,1.0,1.0,1.0,35.0,32.0,-0.0030632107251067353,-0.0017650185808415486,8192.0,1024.0,6400000.0
1.0,1024.0,4.0,1.0,1.0,1.0,63.0,32.0,-0.0030632107251067353,-0.0017650185808415486,64.0,128.0,6400000.0
1.0,4.0,1.0,1.0,1.0,1.0,35.0,32.0,-0.0030632107251067353,-0.0017650185808415486,1024.0,16384.0,6400000.0
1.0,1024.0,4.0,1.0,1.0,1.0,63.0,32.0,-0.0030632107251067353,-0.0017650185808415486,64.0,64.0,6400000.0
11.0,1024.0,4.0,2.0,30.0,22.0,944.0,2112.0,0.211815897449531,0.21820531799146736,64.0,16.0,6400000.0
1.0,1024.0,4.0,1.0,1.0,1.0,63.0,32.0,-0.0030632107251067353,-0.0017650185808415486,64.0,256.0,6400000.0
1.0,1024.0,4.0,1.0,1.0,1.0,63.0,32.0,-0.0030632107251067353,-0.0017650185808415486,64.0,512.0,6400000.0
1.0,4.0,1.0,1.0,1.0,1.0,35.0,32.0,-0.0030632107251067353,-0.0017650185808415486,16384.0,4096.0,6400000.0
1.0,4.0,1.0,1.0,1.0,1.0,35.0,32.0,-0.0030632107251067353,-0.0017650185808415486,4096.0,0.0,6400000.0
1.0,1024.0,4.0,1.0,1.0,1.0,63.0,32.0,-0.0030632107251067353,-0.0017650185808415486,64.0,8192.0,6400000.0
1.0,1024.0,4.0,1.0,1.0,1.0,63.0,32.0,-0.0030632107251067353,-0.0017650185808415486,64.0,16384.0,6400000.0
1.0,1024.0,4.0,1.0,1.0,1.0,63.0,32.0,-0.0030632107251067353,-0.0017650185808415486,64.0,4096.0,6400000.0
1.0,1024.0,4.0,1.0,1.0,1.0,63.0,32.0,-0.0030632107251067353,-0.0017650185808415486,64.0,1024.0,6400000.0
1.0,1024.0,4.0,1.0,1.0,1.0,63.0,32.0,-0.0030632107251067353,-0.0017650185808415486,64.0,2048.0,6400000.0
1.0,4.0,1.0,1.0,1.0,1.0,35.0,32.0,-0.0030632107251067353,-0.0017650185808415486,128.0,0.0,6400000.0
1.0,4.0,1.0,1.0,1.0,1.0,35.0,32.0,-0.0030632107251067353,-0.0017650185808415486,128.0,0.5,6400000.0
1.0,1024.0,4.0,1.0,1.0,1.0,63.0,32.0,-0.0030632107251067353,-0.0017650185808415486,128.0,0.0,6400000.0
1.0,4.0,1.0,1.0,1.0,1.0,35.0,32.0,-0.0030632107251067353,-0.0017650185808415486,8192.0,0.00195312,6400000.0
1.0,4.0,1.0,1.0,1.0,1.0,35.0,32.0,-0.0030632107251067353,-0.0017650185808415486,512.0,0.0078125,6400000.0
1.0,1024.0,4.0,1.0,1.0,1.0,63.0,32.0,-0.0030632107251067353,-0.0017650185808415486,64.0,32768.0,6400000.0
1.0,4.0,1.0,1.0,1.0,1.0,35.0,32.0,-0.0030632107251067353,-0.0017650185808415486,256.0,0.00195312,6400000.0
1.0,4.0,1.0,1.0,1.0,1.0,35.0,32.0,-0.0030632107251067353,-0.0017650185808415486,256.0,2.0,6400000.0
1.0,1024.0,4.0,1.0,1.0,1.0,63.0,32.0,-0.0030632107251067353,-0.0017650185808415486,128.0,0.000976562,6400000.0
4.0,4.0,1.0,2.0,12.0,8.0,377.0,768.0,0.12309422409684001,0.12713646261942835,64.0,0.125,6400000.0
1.0,4.0,1.0,1.0,1.0,1.0,35.0,32.0,-0.0030632107251067353,-0.0017650185808415486,32.0,16384.0,6400000.0
1.0,4.0,1.0,1.0,1.0,1.0,35.0,32.0,-0.0030632107251067353,-0.0017650185808415486,16384.0,0.0078125,6400000.0
1.0,4.0,1.0,1.0,1.0,1.0,35.0,32.0,-0.0030632107251067353,-0.0017650185808415486,1024.0,0.03125,6400000.0
1.0,1024.0,4.0,1.0,1.0,1.0,63.0,32.0,-0.0030632107251067353,-0.0017650185808415486,128.0,0.00195312,6400000.0
1.0,4.0,1.0,1.0,1.0,1.0,35.0,32.0,-0.0030632107251067353,-0.0017650185808415486,2048.0,0.125,6400000.0
1.0,1.0,1.0,1.0,1.0,1.0,35.0,32.0,-0.0030632107251067353,-0.0017650185808415486,4096.0,8192.0,6400000.0
1.0,1024.0,4.0,1.0,1.0,1.0,63.0,32.0,-0.0030632107251067353,-0.0017650185808415486,128.0,0.00390625,6400000.0
1.0,4.0,1.0,1.0,1.0,1.0,35.0,32.0,-0.0030632107251067353,-0.0017650185808415486,32768.0,0.03125,6400000.0
1.0,1024.0,4.0,1.0,1.0,1.0,63.0,32.0,-0.0030632107251067353,-0.0017650185808415486,128.0,0.0078125,6400000.0
1.0,1024.0,4.0,1.0,1.0,1.0,63.0,32.0,-0.0030632107251067353,-0.0017650185808415486,128.0,0.015625,6400000.0
1.0,1024.0,4.0,1.0,1.0,1.0,63.0,32.0,-0.0030632107251067353,-0.0017650185808415486,128.0,0.03125,6400000.0
1.0,4.0,1.0,1.0,1.0,1.0,35.0,32.0,-0.0030632107251067353,-0.0017650185808415486,4096.0,0.5,6400000.0
1.0,1024.0,4.0,1.0,1.0,1.0,63.0,32.0,-0.0030632107251067353,-0.0017650185808415486,128.0,0.0625,6400000.0
1.0,1.0,1.0,1.0,1.0,1.0,35.0,32.0,-0.0030632107251067353,-0.0017650185808415486,4096.0,128.0,6400000.0
1.0,1024.0,4.0,1.0,1.0,1.0,63.0,32.0,-0.0030632107251067353,-0.0017650185808415486,128.0,0.125,6400000.0
1.0,4.0,1.0,1.0,1.0,1.0,35.0,32.0,-0.0030632107251067353,-0.0017650185808415486,1024.0,32.0,6400000.0
1.0,4.0,1.0,1.0,1.0,1.0,35.0,32.0,-0.0030632107251067353,-0.0017650185808415486,512.0,8.0,6400000.0
1.0,4.0,1.0,1.0,1.0,1.0,35.0,32.0,-0.0030632107251067353,-0.0017650185808415486,8192.0,2.0,6400000.0
1.0,1024.0,4.0,1.0,1.0,1.0,63.0,32.0,-0.0030632107251067353,-0.0017650185808415486,128.0,0.25,6400000.0
1.0,4.0,1.0,1.0,1.0,1.0,35.0,32.0,-0.0030632107251067353,-0.0017650185808415486,64.0,128.0,6400000.0
1.0,1024.0,4.0,1.0,1.0,1.0,63.0,32.0,-0.0030632107251067353,-0.0017650185808415486,128.0,0.5,6400000.0
1.0,4.0,1.0,1.0,1.0,1.0,35.0,32.0,-0.0030632107251067353,-0.0017650185808415486,2048.0,128.0,6400000.0
1.0,4.0,1.0,1.0,1.0,1.0,35.0,32.0,-0.0030632107251067353,-0.0017650185808415486,16384.0,8.0,6400000.0
1.0,4.0,1.0,1.0,1.0,1.0,35.0,32.0,-0.0030632107251067353,-0.0017650185808415486,256.0,2048.0,6400000.0
1.0,1024.0,4.0,1.0,1.0,1.0,63.0,32.0,-0.0030632107251067353,-0.0017650185808415486,128.0,4.0,6400000.0
1.0,1024.0,4.0,1.0,1.0,1.0,63.0,32.0,-0.0030632107251067353,-0.0017650185808415486,128.0,2.0,6400000.0
1.0,1.0,1.0,1.0,1.0,1.0,35.0,32.0,-0.0030632107251067353,-0.0017650185808415486,8192.0,0.0078125,6400000.0
1.0,4.0,1.0,1.0,1.0,1.0,35.0,32.0,-0.0030632107251067353,-0.0017650185808415486,128.0,512.0,6400000.0
1.0,1024.0,4.0,1.0,1.0,1.0,63.0,32.0,-0.0030632107251067353,-0.0017650185808415486,128.0,1.0,6400000.0
1.0,4.0,1.0,1.0,1.0,1.0,35.0,32.0,-0.0030632107251067353,-0.0017650185808415486,4096.0,512.0,6400000.0
1.0,4.0,1.0,1.0,1.0,1.0,35.0,32.0,-0.0030632107251067353,-0.0017650185808415486,1024.0,32768.0,6400000.0
1.0,1024.0,4.0,1.0,1.0,1.0,63.0,32.0,-0.0030632107251067353,-0.0017650185808415486,128.0,8.0,6400000.0
1.0,1024.0,4.0,1.0,1.0,1.0,63.0,32.0,-0.0030632107251067353,-0.0017650185808415486,128.0,16.0,6400000.0
1.0,4.0,1.0,1.0,1.0,1.0,35.0,32.0,-0.0030632107251067353,-0.0017650185808415486,32768.0,32.0,6400000.0
1.0,4.0,1.0,1.0,1.0,1.0,35.0,32.0,-0.0030632107251067353,-0.0017650185808415486,512.0,8192.0,6400000.0
1.0,1024.0,4.0,1.0,1.0,1.0,63.0,32.0,-0.0030632107251067353,-0.0017650185808415486,128.0,32.0,6400000.0
1.0,4.0,1.0,1.0,1.0,1.0,35.0,32.0,-0.0030632107251067353,-0.0017650185808415486,8192.0,2048.0,6400000.0
1.0,1024.0,4.0,1.0,1.0,1.0,63.0,32.0,-0.0030632107251067353,-0.0017650185808415486,128.0,64.0,6400000.0
1.0,1024.0,4.0,1.0,1.0,1.0,63.0,32.0,-0.0030632107251067353,-0.0017650185808415486,128.0,128.0,6400000.0
1.0,4.0,1.0,1.0,1.0,1.0,35.0,32.0,-0.0030632107251067353,-0.0017650185808415486,4096.0,0.000976562,6400000.0
1.0,1024.0,4.0,1.0,1.0,1.0,63.0,32.0,-0.0030632107251067353,-0.0017650185808415486,128.0,256.0,6400000.0
1.0,4.0,1.0,1.0,1.0,1.0,35.0,32.0,-0.0030632107251067353,-0.0017650185808415486,128.0,0.000976562,6400000.0
1.0,1024.0,4.0,1.0,1.0,1.0,63.0,32.0,-0.0030632107251067353,-0.0017650185808415486,128.0,1024.0,6400000.0
1.0,4.0,1.0,1.0,1.0,1.0,35.0,32.0,-0.0030632107251067353,-0.0017650185808415486,16384.0,8192.0,6400000.0
1.0,1024.0,4.0,1.0,1.0,1.0,63.0,32.0,-0.0030632107251067353,-0.0017650185808415486,128.0,2048.0,6400000.0
1.0,1024.0,4.0,1.0,1.0,1.0,63.0,32.0,-0.0030632107251067353,-0.0017650185808415486,128.0,8192.0,6400000.0
1.0,4.0,1.0,1.0,1.0,1.0,35.0,32.0,-0.0030632107251067353,-0.0017650185808415486,32768.0,32768.0,6400000.0
1.0,4.0,1.0,1.0,1.0,1.0,35.0,32.0,-0.0030632107251067353,-0.0017650185808415486,8192.0,0.00390625,6400000.0
1.0,4.0,1.0,1.0,1.0,1.0,35.0,32.0,-0.0030632107251067353,-0.0017650185808415486,128.0,1.0,6400000.0
1.0,1024.0,4.0,1.0,1.0,1.0,63.0,32.0,-0.0030632107251067353,-0.0017650185808415486,128.0,4096.0,6400000.0
1.0,1024.0,4.0,1.0,1.0,1.0,63.0,32.0,-0.0030632107251067353,-0.0017650185808415486,128.0,512.0,6400000.0
1.0,1024.0,4.0,1.0,1.0,1.0,63.0,32.0,-0.0030632107251067353,-0.0017650185808415486,128.0,16384.0,6400000.0
1.0,4.0,1.0,1.0,1.0,1.0,35.0,32.0,-0.0030632107251067353,-0.0017650185808415486,256.0,0.00390625,6400000.0
1.0,1024.0,4.0,1.0,1.0,1.0,63.0,32.0,-0.0030632107251067353,-0.0017650185808415486,128.0,32768.0,6400000.0
1.0,4.0,1.0,1.0,1.0,1.0,35.0,32.0,-0.0030632107251067353,-0.0017650185808415486,1024.0,0.0625,6400000.0
1.0,4.0,1.0,1.0,1.0,1.0,35.0,32.0,-0.0030632107251067353,-0.0017650185808415486,2048.0,0.25,6400000.0
1.0,1024.0,4.0,1.0,1.0,1.0,63.0,32.0,-0.0030632107251067353,-0.0017650185808415486,256.0,0.00195312,6400000.0
1.0,4.0,1.0,1.0,1.0,1.0,35.0,32.0,-0.0030632107251067353,-0.0017650185808415486,512.0,0.015625,6400000.0
1.0,4.0,1.0,1.0,1.0,1.0,35.0,32.0,-0.0030632107251067353,-0.0017650185808415486,16384.0,0.015625,6400000.0
1.0,4.0,1.0,1.0,1.0,1.0,35.0,32.0,-0.0030632107251067353,-0.0017650185808415486,256.0,4.0,6400000.0
1.0,1024.0,4.0,1.0,1.0,1.0,63.0,32.0,-0.0030632107251067353,-0.0017650185808415486,256.0,0.00390625,6400000.0
1.0,1024.0,4.0,1.0,1.0,1.0,63.0,32.0,-0.0030632107251067353,-0.0017650185808415486,256.0,0.0,6400000.0
1.0,1.0,1.0,1.0,1.0,1.0,35.0,32.0,-0.0030632107251067353,-0.0017650185808415486,4096.0,16384.0,6400000.0
1.0,1024.0,4.0,1.0,1.0,1.0,63.0,32.0,-0.0030632107251067353,-0.0017650185808415486,256.0,0.000976562,6400000.0
1.0,1024.0,4.0,1.0,1.0,1.0,63.0,32.0,-0.0030632107251067353,-0.0017650185808415486,256.0,0.015625,6400000.0
1.0,1024.0,4.0,1.0,1.0,1.0,63.0,32.0,-0.0030632107251067353,-0.0017650185808415486,256.0,0.0078125,6400000.0
1.0,4.0,1.0,1.0,1.0,1.0,35.0,32.0,-0.0030632107251067353,-0.0017650185808415486,32768.0,0.0625,6400000.0
1.0,4.0,1.0,1.0,1.0,1.0,35.0,32.0,-0.0030632107251067353,-0.0017650185808415486,4096.0,1.0,6400000.0
1.0,1024.0,4.0,1.0,1.0,1.0,63.0,32.0,-0.0030632107251067353,-0.0017650185808415486,256.0,0.03125,6400000.0
1.0,1024.0,4.0,1.0,1.0,1.0,63.0,32.0,-0.0030632107251067353,-0.0017650185808415486,256.0,0.0625,6400000.0
4.0,4.0,2.0,3.0,25.0,16.0,716.0,2048.0,0.16352554119419205,0.1694831032109293,0.0,0.25,6400000.0
1.0,1024.0,4.0,1.0,1.0,1.0,63.0,32.0,-0.0030632107251067353,-0.0017650185808415486,256.0,0.25,6400000.0
1.0,1024.0,4.0,1.0,1.0,1.0,63.0,32.0,-0.0030632107251067353,-0.0017650185808415486,256.0,0.125,6400000.0
1.0,4.0,1.0,1.0,1.0,1.0,35.0,32.0,-0.0030632107251067353,-0.0017650185808415486,512.0,16.0,6400000.0
1.0,4.0,1.0,1.0,1.0,1.0,35.0,32.0,-0.0030632107251067353,-0.0017650185808415486,1024.0,64.0,6400000.0
1.0,1024.0,4.0,1.0,1.0,1.0,63.0,32.0,-0.0030632107251067353,-0.0017650185808415486,256.0,0.5,6400000.0
1.0,4.0,1.0,1.0,1.0,1.0,35.0,32.0,-0.0030632107251067353,-0.0017650185808415486,8192.0,4.0,6400000.0
1.0,1024.0,4.0,1.0,1.0,1.0,63.0,32.0,-0.0030632107251067353,-0.0017650185808415486,256.0,2.0,6400000.0
1.0,1024.0,4.0,1.0,1.0,1.0,63.0,32.0,-0.0030632107251067353,-0.0017650185808415486,256.0,1.0,6400000.0
1.0,4.0,1.0,1.0,1.0,1.0,35.0,32.0,-0.0030632107251067353,-0.0017650185808415486,256.0,4096.0,6400000.0
1.0,1024.0,4.0,1.0,1.0,1.0,63.0,32.0,-0.0030632107251067353,-0.0017650185808415486,256.0,4.0,6400000.0
1.0,4.0,1.0,1.0,1.0,1.0,35.0,32.0,-0.0030632107251067353,-0.0017650185808415486,2048.0,256.0,6400000.0
1.0,4.0,1.0,1.0,1.0,1.0,35.0,32.0,-0.0030632107251067353,-0.0017650185808415486,16384.0,16.0,6400000.0
1.0,1024.0,4.0,1.0,1.0,1.0,63.0,32.0,-0.0030632107251067353,-0.0017650185808415486,256.0,8.0,6400000.0
1.0,1.0,1.0,1.0,1.0,1.0,35.0,32.0,-0.0030632107251067353,-0.0017650185808415486,8192.0,0.015625,6400000.0
1.0,4.0,1.0,1.0,1.0,1.0,35.0,32.0,-0.0030632107251067353,-0.0017650185808415486,128.0,1024.0,6400000.0
1.0,4.0,1.0,1.0,1.0,1.0,35.0,32.0,-0.0030632107251067353,-0.0017650185808415486,512.0,16384.0,6400000.0
1.0,4.0,1.0,1.0,1.0,1.0,35.0,32.0,-0.0030632107251067353,-0.0017650185808415486,32768.0,64.0,6400000.0
1.0,4.0,1.0,1.0,1.0,1.0,35.0,32.0,-0.0030632107251067353,-0.0017650185808415486,4096.0,1024.0,6400000.0
1.0,4.0,2.0,1.0,1.0,1.0,39.0,32.0,-0.0030632107251067353,-0.0017650185808415486,0.0,256.0,6400000.0
1.0,4.0,1.0,1.0,1.0,1.0,35.0,32.0,-0.0030632107251067353,-0.0017650185808415486,2048.0,0.0,6400000.0
1.0,1024.0,4.0,1.0,1.0,1.0,63.0,32.0,-0.0030632107251067353,-0.0017650185808415486,256.0,16.0,6400000.0
1.0,4.0,1.0,1.0,1.0,1.0,35.0,32.0,-0.0030632107251067353,-0.0017650185808415486,8192.0,4096.0,6400000.0
1.0,4.0,1.0,1.0,1.0,1.0,35.0,32.0,-0.0030632107251067353,-0.0017650185808415486,4096.0,0.00195312,6400000.0
1.0,1024.0,4.0,1.0,1.0,1.0,63.0,32.0,-0.0030632107251067353,-0.0017650185808415486,256.0,32.0,6400000.0
1.0,1024.0,4.0,1.0,1.0,1.0,63.0,32.0,-0.0030632107251067353,-0.0017650185808415486,256.0,512.0,6400000.0
1.0,1024.0,4.0,1.0,1.0,1.0,63.0,32.0,-0.0030632107251067353,-0.0017650185808415486,256.0,256.0,6400000.0
1.0,1024.0,4.0,1.0,1.0,1.0,63.0,32.0,-0.0030632107251067353,-0.0017650185808415486,256.0,64.0,6400000.0
1.0,1024.0,4.0,1.0,1.0,1.0,63.0,32.0,-0.0030632107251067353,-0.0017650185808415486,256.0,128.0,6400000.0
1.0,4.0,1.0,1.0,1.0,1.0,35.0,32.0,-0.0030632107251067353,-0.0017650185808415486,8192.0,0.0078125,6400000.0
4.0,4.0,2.0,3.0,25.0,16.0,716.0,2048.0,0.16352554119419205,0.1694831032109293,0.0,0.0,6400000.0
1.0,1024.0,4.0,1.0,1.0,1.0,63.0,32.0,-0.0030632107251067353,-0.0017650185808415486,256.0,1024.0,6400000.0
1.0,4.0,1.0,1.0,1.0,1.0,35.0,32.0,-0.0030632107251067353,-0.0017650185808415486,16384.0,16384.0,6400000.0
1.0,1024.0,4.0,1.0,1.0,1.0,63.0,32.0,-0.0030632107251067353,-0.0017650185808415486,256.0,2048.0,6400000.0
1.0,4.0,1.0,1.0,1.0,1.0,35.0,32.0,-0.0030632107251067353,-0.0017650185808415486,256.0,0.0078125,6400000.0
1.0,1024.0,4.0,1.0,1.0,1.0,63.0,32.0,-0.0030632107251067353,-0.0017650185808415486,256.0,4096.0,6400000.0
1.0,1024.0,4.0,1.0,1.0,1.0,63.0,32.0,-0.0030632107251067353,-0.0017650185808415486,256.0,16384.0,6400000.0
1.0,4.0,1.0,1.0,1.0,1.0,35.0,32.0,-0.0030632107251067353,-0.0017650185808415486,1024.0,0.125,6400000.0
1.0,1024.0,4.0,1.0,1.0,1.0,63.0,32.0,-0.0030632107251067353,-0.0017650185808415486,256.0,32768.0,6400000.0
1.0,4.0,1.0,1.0,1.0,1.0,35.0,32.0,-0.0030632107251067353,-0.0017650185808415486,16384.0,0.03125,6400000.0
1.0,4.0,1.0,1.0,1.0,1.0,35.0,32.0,-0.0030632107251067353,-0.0017650185808415486,512.0,0.03125,6400000.0
1.0,1024.0,4.0,1.0,1.0,1.0,63.0,32.0,-0.0030632107251067353,-0.0017650185808415486,512.0,0.000976562,6400000.0
1.0,1024.0,4.0,1.0,1.0,1.0,63.0,32.0,-0.0030632107251067353,-0.0017650185808415486,512.0,0.0,6400000.0
1.0,4.0,1.0,1.0,1.0,1.0,35.0,32.0,-0.0030632107251067353,-0.0017650185808415486,256.0,8.0,6400000.0
1.0,1024.0,4.0,1.0,1.0,1.0,63.0,32.0,-0.0030632107251067353,-0.0017650185808415486,256.0,8192.0,6400000.0
4.0,4.0,2.0,3.0,25.0,16.0,716.0,2048.0,0.16352554119419205,0.1694831032109293,0.000976562,0.00195312,6400000.0
1.0,4.0,1.0,1.0,1.0,1.0,35.0,32.0,-0.0030632107251067353,-0.0017650185808415486,2048.0,0.5,6400000.0
1.0,1024.0,4.0,1.0,1.0,1.0,63.0,32.0,-0.0030632107251067353,-0.0017650185808415486,512.0,0.0078125,6400000.0
1.0,1024.0,4.0,1.0,1.0,1.0,63.0,32.0,-0.0030632107251067353,-0.0017650185808415486,512.0,0.015625,6400000.0
1.0,1.0,1.0,1.0,1.0,1.0,35.0,32.0,-0.0030632107251067353,-0.0017650185808415486,4096.0,32768.0,6400000.0
1.0,1024.0,4.0,1.0,1.0,1.0,63.0,32.0,-0.0030632107251067353,-0.0017650185808415486,512.0,0.00390625,6400000.0
1.0,1024.0,4.0,1.0,1.0,1.0,63.0,32.0,-0.0030632107251067353,-0.0017650185808415486,512.0,0.00195312,6400000.0
1.0,4.0,1.0,1.0,1.0,1.0,35.0,32.0,-0.0030632107251067353,-0.0017650185808415486,32768.0,0.125,6400000.0
1.0,1024.0,4.0,1.0,1.0,1.0,63.0,32.0,-0.0030632107251067353,-0.0017650185808415486,512.0,0.03125,6400000.0
1.0,1024.0,4.0,1.0,1.0,1.0,63.0,32.0,-0.0030632107251067353,-0.0017650185808415486,512.0,0.0625,6400000.0
1.0,1024.0,4.0,1.0,1.0,1.0,63.0,32.0,-0.0030632107251067353,-0.0017650185808415486,512.0,0.125,6400000.0
1.0,4.0,1.0,1.0,1.0,1.0,35.0,32.0,-0.0030632107251067353,-0.0017650185808415486,4096.0,2.0,6400000.0
1.0,1.0,1.0,1.0,1.0,1.0,35.0,32.0,-0.0030632107251067353,-0.0017650185808415486,8192.0,2.0,6400000.0
4.0,4.0,2.0,3.0,25.0,16.0,716.0,2048.0,0.16352554119419205,0.1694831032109293,0.0,0.5,6400000.0
4.0,4.0,2.0,3.0,25.0,16.0,716.0,2048.0,0.16352554119419205,0.1694831032109293,0.000976562,2.0,6400000.0
1.0,4.0,1.0,1.0,1.0,1.0,35.0,32.0,-0.0030632107251067353,-0.0017650185808415486,512.0,32.0,6400000.0
1.0,1024.0,4.0,1.0,1.0,1.0,63.0,32.0,-0.0030632107251067353,-0.0017650185808415486,512.0,0.5,6400000.0
1.0,4.0,1.0,1.0,1.0,1.0,35.0,32.0,-0.0030632107251067353,-0.0017650185808415486,1024.0,128.0,6400000.0
1.0,1024.0,4.0,1.0,1.0,1.0,63.0,32.0,-0.0030632107251067353,-0.0017650185808415486,512.0,0.25,6400000.0
1.0,4.0,1.0,1.0,1.0,1.0,35.0,32.0,-0.0030632107251067353,-0.0017650185808415486,8192.0,8.0,6400000.0
1.0,1024.0,4.0,1.0,1.0,1.0,63.0,32.0,-0.0030632107251067353,-0.0017650185808415486,512.0,1.0,6400000.0
1.0,4.0,1.0,1.0,1.0,1.0,35.0,32.0,-0.0030632107251067353,-0.0017650185808415486,2048.0,512.0,6400000.0
1.0,4.0,1.0,1.0,1.0,1.0,35.0,32.0,-0.0030632107251067353,-0.0017650185808415486,256.0,8192.0,6400000.0
1.0,1024.0,4.0,1.0,1.0,1.0,63.0,32.0,-0.0030632107251067353,-0.0017650185808415486,512.0,2.0,6400000.0
1.0,4.0,1.0,1.0,1.0,1.0,35.0,32.0,-0.0030632107251067353,-0.0017650185808415486,16384.0,32.0,6400000.0
1.0,1024.0,4.0,1.0,1.0,1.0,63.0,32.0,-0.0030632107251067353,-0.0017650185808415486,512.0,4.0,6400000.0
1.0,1024.0,4.0,1.0,1.0,1.0,63.0,32.0,-0.0030632107251067353,-0.0017650185808415486,512.0,8.0,6400000.0
1.0,1024.0,4.0,1.0,1.0,1.0,63.0,32.0,-0.0030632107251067353,-0.0017650185808415486,512.0,16.0,6400000.0
1.0,1.0,1.0,1.0,1.0,1.0,35.0,32.0,-0.0030632107251067353,-0.0017650185808415486,8192.0,0.03125,6400000.0
1.0,4.0,1.0,1.0,1.0,1.0,35.0,32.0,-0.0030632107251067353,-0.0017650185808415486,32768.0,128.0,6400000.0
1.0,4.0,1.0,1.0,1.0,1.0,35.0,32.0,-0.0030632107251067353,-0.0017650185808415486,512.0,32768.0,6400000.0
1.0,1024.0,4.0,1.0,1.0,1.0,63.0,32.0,-0.0030632107251067353,-0.0017650185808415486,512.0,32.0,6400000.0
1.0,4.0,1.0,1.0,1.0,1.0,35.0,32.0,-0.0030632107251067353,-0.0017650185808415486,4096.0,2048.0,6400000.0
1.0,4.0,1.0,1.0,1.0,1.0,35.0,32.0,-0.0030632107251067353,-0.0017650185808415486,2048.0,0.000976562,6400000.0
1.0,4.0,2.0,1.0,1.0,1.0,39.0,32.0,-0.0030632107251067353,-0.0017650185808415486,0.0,512.0,6400000.0
1.0,4.0,1.0,1.0,1.0,1.0,35.0,32.0,-0.0030632107251067353,-0.0017650185808415486,8192.0,8192.0,6400000.0
1.0,1024.0,4.0,1.0,1.0,1.0,63.0,32.0,-0.0030632107251067353,-0.0017650185808415486,512.0,64.0,6400000.0
4.0,4.0,2.0,3.0,25.0,16.0,716.0,2048.0,0.16352554119419205,0.1694831032109293,0.0,0.000976562,6400000.0
1.0,4.0,1.0,1.0,1.0,1.0,35.0,32.0,-0.0030632107251067353,-0.0017650185808415486,4096.0,0.00390625,6400000.0
1.0,4.0,2.0,1.0,1.0,1.0,39.0,32.0,-0.0030632107251067353,-0.0017650185808415486,0.000976562,2048.0,6400000.0
1.0,1024.0,4.0,1.0,1.0,1.0,63.0,32.0,-0.0030632107251067353,-0.0017650185808415486,512.0,128.0,6400000.0
1.0,4.0,1.0,1.0,1.0,1.0,35.0,32.0,-0.0030632107251067353,-0.0017650185808415486,8192.0,0.015625,6400000.0
1.0,1024.0,4.0,1.0,1.0,1.0,63.0,32.0,-0.0030632107251067353,-0.0017650185808415486,512.0,256.0,6400000.0
1.0,1024.0,4.0,1.0,1.0,1.0,63.0,32.0,-0.0030632107251067353,-0.0017650185808415486,512.0,1024.0,6400000.0
1.0,1024.0,4.0,1.0,1.0,1.0,63.0,32.0,-0.0030632107251067353,-0.0017650185808415486,512.0,512.0,6400000.0
1.0,1024.0,4.0,1.0,1.0,1.0,63.0,32.0,-0.0030632107251067353,-0.0017650185808415486,512.0,2048.0,6400000.0
1.0,4.0,1.0,1.0,1.0,1.0,35.0,32.0,-0.0030632107251067353,-0.0017650185808415486,16384.0,32768.0,6400000.0
1.0,4.0,1.0,1.0,1.0,1.0,35.0,32.0,-0.0030632107251067353,-0.0017650185808415486,1024.0,0.25,6400000.0
1.0,4.0,1.0,1.0,1.0,1.0,35.0,32.0,-0.0030632107251067353,-0.0017650185808415486,2048.0,1.0,6400000.0
1.0,4.0,1.0,1.0,1.0,1.0,35.0,32.0,-0.0030632107251067353,-0.0017650185808415486,512.0,0.0625,6400000.0
1.0,4.0,1.0,1.0,1.0,1.0,35.0,32.0,-0.0030632107251067353,-0.0017650185808415486,16384.0,0.0625,6400000.0
4.0,4.0,2.0,3.0,25.0,16.0,716.0,2048.0,0.16352554119419205,0.1694831032109293,0.000976562,0.00390625,6400000.0
1.0,1024.0,4.0,1.0,1.0,1.0,63.0,32.0,-0.0030632107251067353,-0.0017650185808415486,512.0,4096.0,6400000.0
1.0,4.0,1.0,1.0,1.0,1.0,35.0,32.0,-0.0030632107251067353,-0.0017650185808415486,32768.0,0.25,6400000.0
1.0,1024.0,4.0,1.0,1.0,1.0,63.0,32.0,-0.0030632107251067353,-0.0017650185808415486,512.0,8192.0,6400000.0
1.0,1024.0,4.0,1.0,1.0,1.0,63.0,32.0,-0.0030632107251067353,-0.0017650185808415486,1024.0,0.0,6400000.0
1.0,1024.0,4.0,1.0,1.0,1.0,63.0,32.0,-0.0030632107251067353,-0.0017650185808415486,512.0,16384.0,6400000.0
1.0,1024.0,4.0,1.0,1.0,1.0,63.0,32.0,-0.0030632107251067353,-0.0017650185808415486,1024.0,0.000976562,6400000.0
1.0,1024.0,4.0,1.0,1.0,1.0,63.0,32.0,-0.0030632107251067353,-0.0017650185808415486,512.0,32768.0,6400000.0
1.0,1024.0,4.0,1.0,1.0,1.0,63.0,32.0,-0.0030632107251067353,-0.0017650185808415486,1024.0,0.00390625,6400000.0
1.0,1024.0,4.0,1.0,1.0,1.0,63.0,32.0,-0.0030632107251067353,-0.0017650185808415486,1024.0,0.00195312,6400000.0
1.0,1024.0,4.0,1.0,1.0,1.0,63.0,32.0,-0.0030632107251067353,-0.0017650185808415486,1024.0,0.03125,6400000.0
1.0,1.0,1.0,1.0,1.0,1.0,35.0,32.0,-0.0030632107251067353,-0.0017650185808415486,8192.0,0.0,6400000.0
1.0,1024.0,4.0,1.0,1.0,1.0,63.0,32.0,-0.0030632107251067353,-0.0017650185808415486,1024.0,0.015625,6400000.0
4.0,4.0,2.0,3.0,25.0,16.0,716.0,2048.0,0.16352554119419205,0.1694831032109293,0.00195312,0.015625,6400000.0
1.0,1.0,1.0,1.0,1.0,1.0,35.0,32.0,-0.0030632107251067353,-0.0017650185808415486,8192.0,4.0,6400000.0
1.0,1024.0,4.0,1.0,1.0,1.0,63.0,32.0,-0.0030632107251067353,-0.0017650185808415486,1024.0,0.125,6400000.0
1.0,1024.0,4.0,1.0,1.0,1.0,63.0,32.0,-0.0030632107251067353,-0.0017650185808415486,1024.0,0.0625,6400000.0
1.0,1024.0,4.0,1.0,1.0,1.0,63.0,32.0,-0.0030632107251067353,-0.0017650185808415486,1024.0,0.25,6400000.0
1.0,1024.0,4.0,1.0,1.0,1.0,63.0,32.0,-0.0030632107251067353,-0.0017650185808415486,1024.0,0.0078125,6400000.0
1.0,4.0,1.0,1.0,1.0,1.0,35.0,32.0,-0.0030632107251067353,-0.0017650185808415486,4096.0,4.0,6400000.0
4.0,4.0,2.0,3.0,25.0,16.0,716.0,2048.0,0.16352554119419205,0.1694831032109293,0.0,1.0,6400000.0
1.0,1024.0,4.0,1.0,1.0,1.0,63.0,32.0,-0.0030632107251067353,-0.0017650185808415486,1024.0,0.5,6400000.0
4.0,4.0,2.0,3.0,25.0,16.0,716.0,2048.0,0.16352554119419205,0.1694831032109293,0.000976562,4.0,6400000.0
1.0,4.0,1.0,1.0,1.0,1.0,35.0,32.0,-0.0030632107251067353,-0.0017650185808415486,512.0,64.0,6400000.0
1.0,4.0,1.0,1.0,1.0,1.0,35.0,32.0,-0.0030632107251067353,-0.0017650185808415486,1024.0,256.0,6400000.0
1.0,1024.0,4.0,1.0,1.0,1.0,63.0,32.0,-0.0030632107251067353,-0.0017650185808415486,1024.0,1.0,6400000.0
1.0,4.0,1.0,1.0,1.0,1.0,35.0,32.0,-0.0030632107251067353,-0.0017650185808415486,8192.0,16.0,6400000.0
1.0,4.0,1.0,1.0,1.0,1.0,35.0,32.0,-0.0030632107251067353,-0.0017650185808415486,2048.0,1024.0,6400000.0
1.0,1024.0,4.0,1.0,1.0,1.0,63.0,32.0,-0.0030632107251067353,-0.0017650185808415486,1024.0,2.0,6400000.0
4.0,4.0,2.0,3.0,16.0,10.0,468.0,1088.0,0.14347181393305986,0.14672870433145024,0.00195312,16.0,6400000.0
1.0,4.0,1.0,1.0,1.0,1.0,35.0,32.0,-0.0030632107251067353,-0.0017650185808415486,16384.0,64.0,6400000.0
1.0,1024.0,4.0,1.0,1.0,1.0,63.0,32.0,-0.0030632107251067353,-0.0017650185808415486,1024.0,4.0,6400000.0
1.0,1024.0,4.0,1.0,1.0,1.0,63.0,32.0,-0.0030632107251067353,-0.0017650185808415486,1024.0,16.0,6400000.0
1.0,1024.0,4.0,1.0,1.0,1.0,63.0,32.0,-0.0030632107251067353,-0.0017650185808415486,1024.0,8.0,6400000.0
1.0,1.0,1.0,1.0,1.0,1.0,35.0,32.0,-0.0030632107251067353,-0.0017650185808415486,8192.0,0.0625,6400000.0
1.0,1024.0,4.0,1.0,1.0,1.0,63.0,32.0,-0.0030632107251067353,-0.0017650185808415486,1024.0,32.0,6400000.0
1.0,4.0,1.0,1.0,1.0,1.0,35.0,32.0,-0.0030632107251067353,-0.0017650185808415486,32768.0,256.0,6400000.0
1.0,4.0,1.0,1.0,1.0,1.0,35.0,32.0,-0.0030632107251067353,-0.0017650185808415486,1024.0,0.0,6400000.0
1.0,4.0,1.0,1.0,1.0,1.0,35.0,32.0,-0.0030632107251067353,-0.0017650185808415486,4096.0,4096.0,6400000.0
1.0,1024.0,4.0,1.0,1.0,1.0,63.0,32.0,-0.0030632107251067353,-0.0017650185808415486,1024.0,64.0,6400000.0
1.0,4.0,2.0,1.0,1.0,1.0,39.0,32.0,-0.0030632107251067353,-0.0017650185808415486,0.0,1024.0,6400000.0
1.0,4.0,1.0,1.0,1.0,1.0,35.0,32.0,-0.0030632107251067353,-0.0017650185808415486,2048.0,0.00195312,6400000.0
1.0,1024.0,4.0,1.0,1.0,1.0,63.0,32.0,-0.0030632107251067353,-0.0017650185808415486,1024.0,128.0,6400000.0
1.0,4.0,1.0,1.0,1.0,1.0,35.0,32.0,-0.0030632107251067353,-0.0017650185808415486,8192.0,16384.0,6400000.0
1.0,4.0,2.0,1.0,1.0,1.0,39.0,32.0,-0.0030632107251067353,-0.0017650185808415486,0.000976562,4096.0,6400000.0
4.0,4.0,2.0,3.0,25.0,16.0,716.0,2048.0,0.16352554119419205,0.1694831032109293,0.0,0.00195312,6400000.0
1.0,1024.0,4.0,1.0,1.0,1.0,63.0,32.0,-0.0030632107251067353,-0.0017650185808415486,1024.0,256.0,6400000.0
1.0,4.0,1.0,1.0,1.0,1.0,35.0,32.0,-0.0030632107251067353,-0.0017650185808415486,8192.0,0.03125,6400000.0
1.0,4.0,1.0,1.0,1.0,1.0,35.0,32.0,-0.0030632107251067353,-0.0017650185808415486,4096.0,0.0078125,6400000.0
1.0,1024.0,4.0,1.0,1.0,1.0,63.0,32.0,-0.0030632107251067353,-0.0017650185808415486,1024.0,512.0,6400000.0
1.0,4.0,1.0,1.0,1.0,1.0,35.0,32.0,-0.0030632107251067353,-0.0017650185808415486,32768.0,0.0,6400000.0
1.0,1024.0,4.0,1.0,1.0,1.0,63.0,32.0,-0.0030632107251067353,-0.0017650185808415486,1024.0,1024.0,6400000.0
1.0,1024.0,4.0,1.0,1.0,1.0,63.0,32.0,-0.0030632107251067353,-0.0017650185808415486,1024.0,4096.0,6400000.0
1.0,4.0,2.0,1.0,1.0,1.0,39.0,32.0,-0.0030632107251067353,-0.0017650185808415486,0.00195312,16384.0,6400000.0
1.0,4.0,1.0,1.0,1.0,1.0,35.0,32.0,-0.0030632107251067353,-0.0017650185808415486,1024.0,0.5,6400000.0
1.0,1024.0,4.0,1.0,1.0,1.0,63.0,32.0,-0.0030632107251067353,-0.0017650185808415486,1024.0,2048.0,6400000.0
1.0,4.0,1.0,1.0,1.0,1.0,35.0,32.0,-0.0030632107251067353,-0.0017650185808415486,16384.0,0.125,6400000.0
4.0,4.0,2.0,3.0,25.0,16.0,716.0,2048.0,0.16352554119419205,0.1694831032109293,0.000976562,0.0078125,6400000.0
1.0,4.0,1.0,1.0,1.0,1.0,35.0,32.0,-0.0030632107251067353,-0.0017650185808415486,2048.0,2.0,6400000.0
1.0,4.0,1.0,1.0,1.0,1.0,35.0,32.0,-0.0030632107251067353,-0.0017650185808415486,32768.0,0.5,6400000.0
1.0,1024.0,4.0,1.0,1.0,1.0,63.0,32.0,-0.0030632107251067353,-0.0017650185808415486,1024.0,8192.0,6400000.0
1.0,1.0,1.0,1.0,1.0,1.0,35.0,32.0,-0.0030632107251067353,-0.0017650185808415486,8192.0,0.000976562,6400000.0
1.0,1024.0,4.0,1.0,1.0,1.0,63.0,32.0,-0.0030632107251067353,-0.0017650185808415486,1024.0,16384.0,6400000.0
1.0,1.0,1.0,1.0,1.0,1.0,35.0,32.0,-0.0030632107251067353,-0.0017650185808415486,8192.0,8.0,6400000.0
1.0,1024.0,4.0,1.0,1.0,1.0,63.0,32.0,-0.0030632107251067353,-0.0017650185808415486,2048.0,0.0078125,6400000.0
1.0,1024.0,4.0,1.0,1.0,1.0,63.0,32.0,-0.0030632107251067353,-0.0017650185808415486,2048.0,0.000976562,6400000.0
4.0,4.0,2.0,3.0,25.0,16.0,716.0,2048.0,0.16352554119419205,0.1694831032109293,0.00195312,0.03125,6400000.0
1.0,1024.0,4.0,1.0,1.0,1.0,63.0,32.0,-0.0030632107251067353,-0.0017650185808415486,2048.0,0.0,6400000.0
1.0,1024.0,4.0,1.0,1.0,1.0,63.0,32.0,-0.0030632107251067353,-0.0017650185808415486,2048.0,0.00390625,6400000.0
1.0,1024.0,4.0,1.0,1.0,1.0,63.0,32.0,-0.0030632107251067353,-0.0017650185808415486,1024.0,32768.0,6400000.0
1.0,1024.0,4.0,1.0,1.0,1.0,63.0,32.0,-0.0030632107251067353,-0.0017650185808415486,2048.0,0.00195312,6400000.0
4.0,4.0,2.0,3.0,24.0,15.0,681.0,1888.0,0.16336860696584554,0.16830274621810715,0.000976562,8.0,6400000.0
1.0,1024.0,4.0,1.0,1.0,1.0,63.0,32.0,-0.0030632107251067353,-0.0017650185808415486,2048.0,0.0625,6400000.0
1.0,1024.0,4.0,1.0,1.0,1.0,63.0,32.0,-0.0030632107251067353,-0.0017650185808415486,2048.0,0.015625,6400000.0
1.0,4.0,1.0,1.0,1.0,1.0,35.0,32.0,-0.0030632107251067353,-0.0017650185808415486,4096.0,8.0,6400000.0
4.0,4.0,2.0,3.0,25.0,16.0,716.0,2048.0,0.16352554119419205,0.1694831032109293,0.00390625,0.125,6400000.0
4.0,4.0,2.0,3.0,25.0,16.0,716.0,2048.0,0.16352554119419205,0.1694831032109293,0.0,2.0,6400000.0
1.0,1024.0,4.0,1.0,1.0,1.0,63.0,32.0,-0.0030632107251067353,-0.0017650185808415486,2048.0,0.125,6400000.0
1.0,1024.0,4.0,1.0,1.0,1.0,63.0,32.0,-0.0030632107251067353,-0.0017650185808415486,2048.0,2.0,6400000.0
1.0,1024.0,4.0,1.0,1.0,1.0,63.0,32.0,-0.0030632107251067353,-0.0017650185808415486,2048.0,0.03125,6400000.0
1.0,4.0,1.0,1.0,1.0,1.0,35.0,32.0,-0.0030632107251067353,-0.0017650185808415486,1024.0,512.0,6400000.0
1.0,1024.0,4.0,1.0,1.0,1.0,63.0,32.0,-0.0030632107251067353,-0.0017650185808415486,2048.0,1.0,6400000.0
1.0,1024.0,4.0,1.0,1.0,1.0,63.0,32.0,-0.0030632107251067353,-0.0017650185808415486,2048.0,0.25,6400000.0
1.0,1024.0,4.0,1.0,1.0,1.0,63.0,32.0,-0.0030632107251067353,-0.0017650185808415486,2048.0,0.5,6400000.0
1.0,1024.0,4.0,1.0,1.0,1.0,63.0,32.0,-0.0030632107251067353,-0.0017650185808415486,2048.0,4.0,6400000.0
1.0,4.0,1.0,1.0,1.0,1.0,35.0,32.0,-0.0030632107251067353,-0.0017650185808415486,8192.0,32.0,6400000.0
1.0,4.0,1.0,1.0,1.0,1.0,35.0,32.0,-0.0030632107251067353,-0.0017650185808415486,2048.0,2048.0,6400000.0
4.0,4.0,2.0,2.0,12.0,8.0,386.0,768.0,0.12309422409684001,0.12713646261942835,0.00195312,32.0,6400000.0
1.0,1024.0,4.0,1.0,1.0,1.0,63.0,32.0,-0.0030632107251067353,-0.0017650185808415486,2048.0,8.0,6400000.0
1.0,4.0,1.0,1.0,1.0,1.0,35.0,32.0,-0.0030632107251067353,-0.0017650185808415486,16384.0,128.0,6400000.0
1.0,1.0,1.0,1.0,1.0,1.0,35.0,32.0,-0.0030632107251067353,-0.0017650185808415486,8192.0,0.125,6400000.0
1.0,1024.0,4.0,1.0,1.0,1.0,63.0,32.0,-0.0030632107251067353,-0.0017650185808415486,2048.0,16.0,6400000.0
1.0,4.0,2.0,1.0,1.0,1.0,39.0,32.0,-0.0030632107251067353,-0.0017650185808415486,0.00390625,128.0,6400000.0
1.0,4.0,1.0,1.0,1.0,1.0,35.0,32.0,-0.0030632107251067353,-0.0017650185808415486,32768.0,512.0,6400000.0
1.0,1024.0,4.0,1.0,1.0,1.0,63.0,32.0,-0.0030632107251067353,-0.0017650185808415486,2048.0,32.0,6400000.0
1.0,1024.0,4.0,1.0,1.0,1.0,63.0,32.0,-0.0030632107251067353,-0.0017650185808415486,2048.0,128.0,6400000.0
1.0,1024.0,4.0,1.0,1.0,1.0,63.0,32.0,-0.0030632107251067353,-0.0017650185808415486,2048.0,64.0,6400000.0
1.0,4.0,2.0,1.0,1.0,1.0,39.0,32.0,-0.0030632107251067353,-0.0017650185808415486,0.0,2048.0,6400000.0
1.0,4.0,1.0,1.0,1.0,1.0,35.0,32.0,-0.0030632107251067353,-0.0017650185808415486,2048.0,0.00390625,6400000.0
1.0,4.0,1.0,1.0,1.0,1.0,35.0,32.0,-0.0030632107251067353,-0.0017650185808415486,8192.0,32768.0,6400000.0
1.0,1024.0,4.0,1.0,1.0,1.0,63.0,32.0,-0.0030632107251067353,-0.0017650185808415486,2048.0,256.0,6400000.0
1.0,1024.0,4.0,1.0,1.0,1.0,63.0,32.0,-0.0030632107251067353,-0.0017650185808415486,2048.0,512.0,6400000.0
1.0,4.0,1.0,1.0,1.0,1.0,35.0,32.0,-0.0030632107251067353,-0.0017650185808415486,4096.0,8192.0,6400000.0
1.0,4.0,2.0,1.0,1.0,1.0,39.0,32.0,-0.0030632107251067353,-0.0017650185808415486,0.000976562,8192.0,6400000.0
4.0,4.0,2.0,3.0,25.0,16.0,716.0,2048.0,0.16352554119419205,0.1694831032109293,0.0,0.00390625,6400000.0
1.0,4.0,1.0,1.0,1.0,1.0,35.0,32.0,-0.0030632107251067353,-0.0017650185808415486,8192.0,0.0625,6400000.0
1.0,4.0,1.0,1.0,1.0,1.0,35.0,32.0,-0.0030632107251067353,-0.0017650185808415486,4096.0,0.015625,6400000.0
1.0,1024.0,4.0,1.0,1.0,1.0,63.0,32.0,-0.0030632107251067353,-0.0017650185808415486,2048.0,1024.0,6400000.0
1.0,4.0,1.0,1.0,1.0,1.0,35.0,32.0,-0.0030632107251067353,-0.0017650185808415486,32768.0,0.000976562,6400000.0
1.0,4.0,1.0,1.0,1.0,1.0,35.0,32.0,-0.0030632107251067353,-0.0017650185808415486,16384.0,0.25,6400000.0
1.0,1024.0,4.0,1.0,1.0,1.0,63.0,32.0,-0.0030632107251067353,-0.0017650185808415486,2048.0,2048.0,6400000.0
1.0,1024.0,4.0,1.0,1.0,1.0,63.0,32.0,-0.0030632107251067353,-0.0017650185808415486,2048.0,4096.0,6400000.0
1.0,4.0,2.0,1.0,1.0,1.0,39.0,32.0,-0.0030632107251067353,-0.0017650185808415486,0.00195312,32768.0,6400000.0
4.0,4.0,2.0,3.0,25.0,16.0,716.0,2048.0,0.16352554119419205,0.1694831032109293,0.0078125,0.000976562,6400000.0
1.0,1024.0,4.0,1.0,1.0,1.0,63.0,32.0,-0.0030632107251067353,-0.0017650185808415486,2048.0,8192.0,6400000.0
4.0,4.0,2.0,3.0,25.0,16.0,716.0,2048.0,0.16352554119419205,0.1694831032109293,0.000976562,0.015625,6400000.0
1.0,4.0,1.0,1.0,1.0,1.0,35.0,32.0,-0.0030632107251067353,-0.0017650185808415486,32768.0,1.0,6400000.0
1.0,4.0,1.0,1.0,1.0,1.0,35.0,32.0,-0.0030632107251067353,-0.0017650185808415486,2048.0,4.0,6400000.0
1.0,1024.0,4.0,1.0,1.0,1.0,63.0,32.0,-0.0030632107251067353,-0.0017650185808415486,2048.0,16384.0,6400000.0
1.0,1024.0,4.0,1.0,1.0,1.0,63.0,32.0,-0.0030632107251067353,-0.0017650185808415486,2048.0,32768.0,6400000.0
1.0,1024.0,4.0,1.0,1.0,1.0,63.0,32.0,-0.0030632107251067353,-0.0017650185808415486,4096.0,0.0,6400000.0
4.0,4.0,2.0,3.0,25.0,16.0,716.0,2048.0,0.16352554119419205,0.1694831032109293,0.00195312,0.0625,6400000.0
1.0,1024.0,4.0,1.0,1.0,1.0,63.0,32.0,-0.0030632107251067353,-0.0017650185808415486,4096.0,0.00390625,6400000.0
1.0,1024.0,4.0,1.0,1.0,1.0,63.0,32.0,-0.0030632107251067353,-0.0017650185808415486,4096.0,0.000976562,6400000.0
1.0,1024.0,4.0,1.0,1.0,1.0,63.0,32.0,-0.0030632107251067353,-0.0017650185808415486,4096.0,0.00195312,6400000.0
1.0,1.0,1.0,1.0,1.0,1.0,35.0,32.0,-0.0030632107251067353,-0.0017650185808415486,8192.0,16.0,6400000.0
4.0,4.0,2.0,3.0,16.0,10.0,468.0,1088.0,0.14347181393305986,0.14672870433145024,0.000976562,16.0,6400000.0
1.0,1024.0,4.0,1.0,1.0,1.0,63.0,32.0,-0.0030632107251067353,-0.0017650185808415486,4096.0,0.015625,6400000.0
1.0,4.0,1.0,1.0,1.0,1.0,35.0,32.0,-0.0030632107251067353,-0.0017650185808415486,4096.0,16.0,6400000.0
4.0,4.0,2.0,3.0,25.0,16.0,716.0,2048.0,0.16352554119419205,0.1694831032109293,0.0,4.0,6400000.0
4.0,4.0,2.0,3.0,25.0,16.0,716.0,2048.0,0.16352554119419205,0.1694831032109293,0.00390625,0.25,6400000.0
4.0,4.0,2.0,3.0,25.0,16.0,716.0,2048.0,0.16352554119419205,0.1694831032109293,0.0078125,1.0,6400000.0
1.0,1024.0,4.0,1.0,1.0,1.0,63.0,32.0,-0.0030632107251067353,-0.0017650185808415486,4096.0,0.0078125,6400000.0
1.0,1024.0,4.0,1.0,1.0,1.0,63.0,32.0,-0.0030632107251067353,-0.0017650185808415486,4096.0,0.0625,6400000.0
1.0,1024.0,4.0,1.0,1.0,1.0,63.0,32.0,-0.0030632107251067353,-0.0017650185808415486,4096.0,0.03125,6400000.0
1.0,1024.0,4.0,1.0,1.0,1.0,63.0,32.0,-0.0030632107251067353,-0.0017650185808415486,4096.0,0.125,6400000.0
1.0,1024.0,4.0,1.0,1.0,1.0,63.0,32.0,-0.0030632107251067353,-0.0017650185808415486,4096.0,1.0,6400000.0
1.0,1024.0,4.0,1.0,1.0,1.0,63.0,32.0,-0.0030632107251067353,-0.0017650185808415486,4096.0,4.0,6400000.0
1.0,1024.0,4.0,1.0,1.0,1.0,63.0,32.0,-0.0030632107251067353,-0.0017650185808415486,4096.0,0.5,6400000.0
1.0,1024.0,4.0,1.0,1.0,1.0,63.0,32.0,-0.0030632107251067353,-0.0017650185808415486,4096.0,16.0,6400000.0
3.0,4.0,2.0,2.0,9.0,6.0,287.0,576.0,0.10115259004895938,0.10346957106453547,0.00195312,64.0,6400000.0
1.0,4.0,1.0,1.0,1.0,1.0,35.0,32.0,-0.0030632107251067353,-0.0017650185808415486,8192.0,64.0,6400000.0
1.0,4.0,1.0,1.0,1.0,1.0,35.0,32.0,-0.0030632107251067353,-0.0017650185808415486,2048.0,4096.0,6400000.0
1.0,1024.0,4.0,1.0,1.0,1.0,63.0,32.0,-0.0030632107251067353,-0.0017650185808415486,4096.0,0.25,6400000.0
1.0,1024.0,4.0,1.0,1.0,1.0,63.0,32.0,-0.0030632107251067353,-0.0017650185808415486,4096.0,2.0,6400000.0
1.0,1024.0,4.0,1.0,1.0,1.0,63.0,32.0,-0.0030632107251067353,-0.0017650185808415486,4096.0,32.0,6400000.0
1.0,1024.0,4.0,1.0,1.0,1.0,63.0,32.0,-0.0030632107251067353,-0.0017650185808415486,4096.0,8.0,6400000.0
1.0,4.0,1.0,1.0,1.0,1.0,35.0,32.0,-0.0030632107251067353,-0.0017650185808415486,16384.0,256.0,6400000.0
1.0,1024.0,4.0,1.0,1.0,1.0,63.0,32.0,-0.0030632107251067353,-0.0017650185808415486,4096.0,64.0,6400000.0
1.0,1.0,1.0,1.0,1.0,1.0,35.0,32.0,-0.0030632107251067353,-0.0017650185808415486,8192.0,0.25,6400000.0
1.0,4.0,2.0,1.0,1.0,1.0,39.0,32.0,-0.0030632107251067353,-0.0017650185808415486,0.00390625,256.0,6400000.0
1.0,4.0,2.0,1.0,1.0,1.0,39.0,32.0,-0.0030632107251067353,-0.0017650185808415486,0.0078125,1024.0,6400000.0
1.0,1024.0,4.0,1.0,1.0,1.0,63.0,32.0,-0.0030632107251067353,-0.0017650185808415486,4096.0,256.0,6400000.0
1.0,1024.0,4.0,1.0,1.0,1.0,63.0,32.0,-0.0030632107251067353,-0.0017650185808415486,4096.0,128.0,6400000.0
1.0,4.0,2.0,1.0,1.0,1.0,39.0,32.0,-0.0030632107251067353,-0.0017650185808415486,0.0,4096.0,6400000.0
1.0,4.0,1.0,1.0,1.0,1.0,35.0,32.0,-0.0030632107251067353,-0.0017650185808415486,32768.0,1024.0,6400000.0
1.0,4.0,1.0,1.0,1.0,1.0,35.0,32.0,-0.0030632107251067353,-0.0017650185808415486,16384.0,0.0,6400000.0
1.0,1024.0,4.0,1.0,1.0,1.0,63.0,32.0,-0.0030632107251067353,-0.0017650185808415486,4096.0,512.0,6400000.0
1.0,4.0,1.0,1.0,1.0,1.0,35.0,32.0,-0.0030632107251067353,-0.0017650185808415486,4096.0,16384.0,6400000.0
1.0,1024.0,4.0,1.0,1.0,1.0,63.0,32.0,-0.0030632107251067353,-0.0017650185808415486,4096.0,2048.0,6400000.0
1.0,1024.0,4.0,1.0,1.0,1.0,63.0,32.0,-0.0030632107251067353,-0.0017650185808415486,4096.0,4096.0,6400000.0
1.0,1024.0,4.0,1.0,1.0,1.0,63.0,32.0,-0.0030632107251067353,-0.0017650185808415486,4096.0,1024.0,6400000.0
1.0,4.0,1.0,1.0,1.0,1.0,35.0,32.0,-0.0030632107251067353,-0.0017650185808415486,8192.0,0.125,6400000.0
4.0,4.0,2.0,3.0,25.0,16.0,716.0,2048.0,0.16352554119419205,0.1694831032109293,0.0,0.0078125,6400000.0
1.0,4.0,2.0,1.0,1.0,1.0,39.0,32.0,-0.0030632107251067353,-0.0017650185808415486,0.000976562,16384.0,6400000.0
1.0,4.0,1.0,1.0,1.0,1.0,35.0,32.0,-0.0030632107251067353,-0.0017650185808415486,4096.0,0.03125,6400000.0
1.0,1024.0,4.0,1.0,1.0,1.0,63.0,32.0,-0.0030632107251067353,-0.0017650185808415486,4096.0,8192.0,6400000.0
1.0,4.0,1.0,1.0,1.0,1.0,35.0,32.0,-0.0030632107251067353,-0.0017650185808415486,16384.0,0.5,6400000.0
1.0,4.0,1.0,1.0,1.0,1.0,35.0,32.0,-0.0030632107251067353,-0.0017650185808415486,32768.0,0.00195312,6400000.0
1.0,1024.0,4.0,1.0,1.0,1.0,63.0,32.0,-0.0030632107251067353,-0.0017650185808415486,4096.0,16384.0,6400000.0
1.0,1024.0,4.0,1.0,1.0,1.0,63.0,32.0,-0.0030632107251067353,-0.0017650185808415486,4096.0,32768.0,6400000.0
4.0,4.0,2.0,3.0,25.0,16.0,716.0,2048.0,0.16352554119419205,0.1694831032109293,0.00390625,0.0,6400000.0
4.0,4.0,2.0,3.0,25.0,16.0,716.0,2048.0,0.16352554119419205,0.1694831032109293,0.0078125,0.00195312,6400000.0
1.0,1024.0,4.0,1.0,1.0,1.0,63.0,32.0,-0.0030632107251067353,-0.0017650185808415486,8192.0,0.0,6400000.0
4.0,4.0,2.0,3.0,25.0,16.0,716.0,2048.0,0.16352554119419205,0.1694831032109293,0.000976562,0.03125,6400000.0
1.0,4.0,1.0,1.0,1.0,1.0,35.0,32.0,-0.0030632107251067353,-0.0017650185808415486,32768.0,2.0,6400000.0
1.0,1024.0,4.0,1.0,1.0,1.0,63.0,32.0,-0.0030632107251067353,-0.0017650185808415486,8192.0,0.000976562,6400000.0
1.0,1.0,1.0,1.0,1.0,1.0,35.0,32.0,-0.0030632107251067353,-0.0017650185808415486,8192.0,2048.0,6400000.0
4.0,4.0,2.0,3.0,25.0,16.0,716.0,2048.0,0.16352554119419205,0.1694831032109293,0.015625,0.0078125,6400000.0
1.0,1024.0,4.0,1.0,1.0,1.0,63.0,32.0,-0.0030632107251067353,-0.0017650185808415486,8192.0,0.00390625,6400000.0
4.0,4.0,2.0,3.0,25.0,16.0,716.0,2048.0,0.16352554119419205,0.1694831032109293,0.00195312,0.125,6400000.0
1.0,1.0,1.0,1.0,1.0,1.0,35.0,32.0,-0.0030632107251067353,-0.0017650185808415486,8192.0,32.0,6400000.0
1.0,1024.0,4.0,1.0,1.0,1.0,63.0,32.0,-0.0030632107251067353,-0.0017650185808415486,8192.0,0.00195312,6400000.0
1.0,4.0,1.0,1.0,1.0,1.0,35.0,32.0,-0.0030632107251067353,-0.0017650185808415486,4096.0,32.0,6400000.0
4.0,4.0,2.0,3.0,25.0,16.0,716.0,2048.0,0.16352554119419205,0.1694831032109293,0.00390625,0.5,6400000.0
4.0,4.0,2.0,2.0,12.0,8.0,386.0,768.0,0.12309422409684001,0.12713646261942835,0.000976562,32.0,6400000.0
4.0,4.0,2.0,3.0,24.0,15.0,681.0,1888.0,0.16336860696584554,0.16830274621810715,0.0,8.0,6400000.0
4.0,4.0,2.0,3.0,25.0,16.0,716.0,2048.0,0.16352554119419205,0.1694831032109293,0.0078125,2.0,6400000.0
1.0,1024.0,4.0,1.0,1.0,1.0,63.0,32.0,-0.0030632107251067353,-0.0017650185808415486,8192.0,0.015625,6400000.0
1.0,4.0,1.0,1.0,1.0,1.0,35.0,32.0,-0.0030632107251067353,-0.0017650185808415486,8192.0,128.0,6400000.0
1.0,1024.0,4.0,1.0,1.0,1.0,63.0,32.0,-0.0030632107251067353,-0.0017650185808415486,8192.0,0.25,6400000.0
1.0,1024.0,4.0,1.0,1.0,1.0,63.0,32.0,-0.0030632107251067353,-0.0017650185808415486,8192.0,0.03125,6400000.0
1.0,1024.0,4.0,1.0,1.0,1.0,63.0,32.0,-0.0030632107251067353,-0.0017650185808415486,8192.0,0.0078125,6400000.0
1.0,1024.0,4.0,1.0,1.0,1.0,63.0,32.0,-0.0030632107251067353,-0.0017650185808415486,8192.0,0.5,6400000.0
1.0,4.0,2.0,1.0,1.0,1.0,39.0,32.0,-0.0030632107251067353,-0.0017650185808415486,0.00195312,128.0,6400000.0
1.0,1024.0,4.0,1.0,1.0,1.0,63.0,32.0,-0.0030632107251067353,-0.0017650185808415486,8192.0,1.0,6400000.0
1.0,1024.0,4.0,1.0,1.0,1.0,63.0,32.0,-0.0030632107251067353,-0.0017650185808415486,8192.0,0.0625,6400000.0
4.0,4.0,2.0,3.0,24.0,15.0,681.0,1888.0,0.16336860696584554,0.16830274621810715,0.015625,8.0,6400000.0
1.0,1024.0,4.0,1.0,1.0,1.0,63.0,32.0,-0.0030632107251067353,-0.0017650185808415486,8192.0,0.125,6400000.0
1.0,1024.0,4.0,1.0,1.0,1.0,63.0,32.0,-0.0030632107251067353,-0.0017650185808415486,8192.0,2.0,6400000.0
1.0,1024.0,4.0,1.0,1.0,1.0,63.0,32.0,-0.0030632107251067353,-0.0017650185808415486,8192.0,4.0,6400000.0
1.0,1024.0,4.0,1.0,1.0,1.0,63.0,32.0,-0.0030632107251067353,-0.0017650185808415486,8192.0,32.0,6400000.0
1.0,4.0,1.0,1.0,1.0,1.0,35.0,32.0,-0.0030632107251067353,-0.0017650185808415486,16384.0,512.0,6400000.0
1.0,1024.0,4.0,1.0,1.0,1.0,63.0,32.0,-0.0030632107251067353,-0.0017650185808415486,8192.0,8.0,6400000.0
1.0,1024.0,4.0,1.0,1.0,1.0,63.0,32.0,-0.0030632107251067353,-0.0017650185808415486,8192.0,128.0,6400000.0
1.0,1.0,1.0,1.0,1.0,1.0,35.0,32.0,-0.0030632107251067353,-0.0017650185808415486,8192.0,0.5,6400000.0
1.0,1024.0,4.0,1.0,1.0,1.0,63.0,32.0,-0.0030632107251067353,-0.0017650185808415486,8192.0,16.0,6400000.0
1.0,1024.0,4.0,1.0,1.0,1.0,63.0,32.0,-0.0030632107251067353,-0.0017650185808415486,8192.0,64.0,6400000.0
1.0,4.0,2.0,1.0,1.0,1.0,39.0,32.0,-0.0030632107251067353,-0.0017650185808415486,0.00390625,512.0,6400000.0
1.0,1024.0,4.0,1.0,1.0,1.0,63.0,32.0,-0.0030632107251067353,-0.0017650185808415486,8192.0,256.0,6400000.0
1.0,4.0,2.0,1.0,1.0,1.0,39.0,32.0,-0.0030632107251067353,-0.0017650185808415486,0.0078125,2048.0,6400000.0
1.0,4.0,2.0,1.0,1.0,1.0,39.0,32.0,-0.0030632107251067353,-0.0017650185808415486,0.0,8192.0,6400000.0
1.0,4.0,1.0,1.0,1.0,1.0,35.0,32.0,-0.0030632107251067353,-0.0017650185808415486,32768.0,2048.0,6400000.0
1.0,1024.0,4.0,1.0,1.0,1.0,63.0,32.0,-0.0030632107251067353,-0.0017650185808415486,8192.0,512.0,6400000.0
1.0,4.0,2.0,1.0,1.0,1.0,39.0,32.0,-0.0030632107251067353,-0.0017650185808415486,0.015625,8192.0,6400000.0
4.0,4.0,2.0,3.0,25.0,16.0,716.0,2048.0,0.16352554119419205,0.1694831032109293,0.0,0.015625,6400000.0
1.0,4.0,1.0,1.0,1.0,1.0,35.0,32.0,-0.0030632107251067353,-0.0017650185808415486,16384.0,0.000976562,6400000.0
1.0,4.0,1.0,1.0,1.0,1.0,35.0,32.0,-0.0030632107251067353,-0.0017650185808415486,4096.0,32768.0,6400000.0
1.0,1024.0,4.0,1.0,1.0,1.0,63.0,32.0,-0.0030632107251067353,-0.0017650185808415486,8192.0,1024.0,6400000.0
1.0,4.0,1.0,1.0,1.0,1.0,35.0,32.0,-0.0030632107251067353,-0.0017650185808415486,8192.0,0.25,6400000.0
1.0,4.0,2.0,1.0,1.0,1.0,39.0,32.0,-0.0030632107251067353,-0.0017650185808415486,0.000976562,32768.0,6400000.0
1.0,1024.0,4.0,1.0,1.0,1.0,63.0,32.0,-0.0030632107251067353,-0.0017650185808415486,8192.0,16384.0,6400000.0
1.0,1024.0,4.0,1.0,1.0,1.0,63.0,32.0,-0.0030632107251067353,-0.0017650185808415486,8192.0,8192.0,6400000.0
1.0,1024.0,4.0,1.0,1.0,1.0,63.0,32.0,-0.0030632107251067353,-0.0017650185808415486,8192.0,2048.0,6400000.0
1.0,1024.0,4.0,1.0,1.0,1.0,63.0,32.0,-0.0030632107251067353,-0.0017650185808415486,8192.0,4096.0,6400000.0
4.0,4.0,2.0,3.0,25.0,16.0,716.0,2048.0,0.16352554119419205,0.1694831032109293,0.00390625,0.000976562,6400000.0
4.0,4.0,2.0,3.0,25.0,16.0,716.0,2048.0,0.16352554119419205,0.1694831032109293,0.0078125,0.00390625,6400000.0
1.0,1024.0,4.0,1.0,1.0,1.0,63.0,32.0,-0.0030632107251067353,-0.0017650185808415486,8192.0,32768.0,6400000.0
1.0,4.0,1.0,1.0,1.0,1.0,35.0,32.0,-0.0030632107251067353,-0.0017650185808415486,16384.0,1.0,6400000.0
1.0,4.0,1.0,1.0,1.0,1.0,35.0,32.0,-0.0030632107251067353,-0.0017650185808415486,32768.0,0.00390625,6400000.0
1.0,1024.0,4.0,1.0,1.0,1.0,63.0,32.0,-0.0030632107251067353,-0.0017650185808415486,16384.0,0.000976562,6400000.0
4.0,4.0,2.0,3.0,25.0,16.0,716.0,2048.0,0.16352554119419205,0.1694831032109293,0.000976562,0.0625,6400000.0
1.0,1024.0,4.0,1.0,1.0,1.0,63.0,32.0,-0.0030632107251067353,-0.0017650185808415486,16384.0,0.0,6400000.0
1.0,4.0,1.0,1.0,1.0,1.0,35.0,32.0,-0.0030632107251067353,-0.0017650185808415486,32768.0,4.0,6400000.0
1.0,1024.0,4.0,1.0,1.0,1.0,63.0,32.0,-0.0030632107251067353,-0.0017650185808415486,16384.0,0.00195312,6400000.0
1.0,1024.0,4.0,1.0,1.0,1.0,63.0,32.0,-0.0030632107251067353,-0.0017650185808415486,16384.0,0.00390625,6400000.0
4.0,4.0,2.0,3.0,25.0,16.0,716.0,2048.0,0.16352554119419205,0.1694831032109293,0.015625,0.015625,6400000.0
1.0,1.0,1.0,1.0,1.0,1.0,35.0,32.0,-0.0030632107251067353,-0.0017650185808415486,8192.0,4096.0,6400000.0
1.0,1.0,1.0,1.0,1.0,1.0,35.0,32.0,-0.0030632107251067353,-0.0017650185808415486,8192.0,64.0,6400000.0
4.0,4.0,2.0,3.0,25.0,16.0,716.0,2048.0,0.16352554119419205,0.1694831032109293,0.0078125,4.0,6400000.0
4.0,4.0,2.0,3.0,25.0,16.0,716.0,2048.0,0.16352554119419205,0.1694831032109293,0.00195312,0.25,6400000.0
3.0,4.0,2.0,2.0,9.0,6.0,287.0,576.0,0.10115259004895938,0.10346957106453547,0.000976562,64.0,6400000.0
4.0,4.0,2.0,3.0,25.0,16.0,716.0,2048.0,0.16352554119419205,0.1694831032109293,0.03125,0.0625,6400000.0
4.0,4.0,2.0,3.0,25.0,16.0,716.0,2048.0,0.16352554119419205,0.1694831032109293,0.00390625,1.0,6400000.0
4.0,4.0,2.0,3.0,16.0,10.0,468.0,1088.0,0.14347181393305986,0.14672870433145024,0.0,16.0,6400000.0
4.0,4.0,2.0,3.0,16.0,10.0,468.0,1088.0,0.14347181393305986,0.14672870433145024,0.015625,16.0,6400000.0
1.0,1024.0,4.0,1.0,1.0,1.0,63.0,32.0,-0.0030632107251067353,-0.0017650185808415486,16384.0,0.015625,6400000.0
1.0,1024.0,4.0,1.0,1.0,1.0,63.0,32.0,-0.0030632107251067353,-0.0017650185808415486,16384.0,0.0625,6400000.0
1.0,4.0,2.0,1.0,1.0,1.0,39.0,32.0,-0.0030632107251067353,-0.0017650185808415486,0.00195312,256.0,6400000.0
1.0,1024.0,4.0,1.0,1.0,1.0,63.0,32.0,-0.0030632107251067353,-0.0017650185808415486,16384.0,0.25,6400000.0
1.0,1024.0,4.0,1.0,1.0,1.0,63.0,32.0,-0.0030632107251067353,-0.0017650185808415486,16384.0,0.0078125,6400000.0
1.0,1024.0,4.0,1.0,1.0,1.0,63.0,32.0,-0.0030632107251067353,-0.0017650185808415486,16384.0,0.03125,6400000.0
1.0,1024.0,4.0,1.0,1.0,1.0,63.0,32.0,-0.0030632107251067353,-0.0017650185808415486,16384.0,1.0,6400000.0
1.0,1024.0,4.0,1.0,1.0,1.0,63.0,32.0,-0.0030632107251067353,-0.0017650185808415486,16384.0,0.5,6400000.0
1.0,1024.0,4.0,1.0,1.0,1.0,63.0,32.0,-0.0030632107251067353,-0.0017650185808415486,16384.0,4.0,6400000.0
1.0,4.0,1.0,1.0,1.0,1.0,35.0,32.0,-0.0030632107251067353,-0.0017650185808415486,16384.0,1024.0,6400000.0
1.0,1024.0,4.0,1.0,1.0,1.0,63.0,32.0,-0.0030632107251067353,-0.0017650185808415486,16384.0,0.125,6400000.0
1.0,4.0,1.0,1.0,1.0,1.0,35.0,32.0,-0.0030632107251067353,-0.0017650185808415486,8192.0,256.0,6400000.0
1.0,1.0,1.0,1.0,1.0,1.0,35.0,32.0,-0.0030632107251067353,-0.0017650185808415486,8192.0,1.0,6400000.0
1.0,1024.0,4.0,1.0,1.0,1.0,63.0,32.0,-0.0030632107251067353,-0.0017650185808415486,16384.0,2.0,6400000.0
1.0,1024.0,4.0,1.0,1.0,1.0,63.0,32.0,-0.0030632107251067353,-0.0017650185808415486,16384.0,8.0,6400000.0
1.0,1024.0,4.0,1.0,1.0,1.0,63.0,32.0,-0.0030632107251067353,-0.0017650185808415486,16384.0,32.0,6400000.0
1.0,1024.0,4.0,1.0,1.0,1.0,63.0,32.0,-0.0030632107251067353,-0.0017650185808415486,16384.0,64.0,6400000.0
1.0,1024.0,4.0,1.0,1.0,1.0,63.0,32.0,-0.0030632107251067353,-0.0017650185808415486,16384.0,16.0,6400000.0
3.0,4.0,2.0,2.0,9.0,6.0,287.0,576.0,0.10115259004895938,0.10346957106453547,0.03125,64.0,6400000.0
1.0,4.0,2.0,1.0,1.0,1.0,39.0,32.0,-0.0030632107251067353,-0.0017650185808415486,0.00390625,1024.0,6400000.0
1.0,1024.0,4.0,1.0,1.0,1.0,63.0,32.0,-0.0030632107251067353,-0.0017650185808415486,16384.0,128.0,6400000.0
1.0,1024.0,4.0,1.0,1.0,1.0,63.0,32.0,-0.0030632107251067353,-0.0017650185808415486,16384.0,256.0,6400000.0
1.0,4.0,2.0,1.0,1.0,1.0,39.0,32.0,-0.0030632107251067353,-0.0017650185808415486,0.0078125,4096.0,6400000.0
1.0,1024.0,4.0,1.0,1.0,1.0,63.0,32.0,-0.0030632107251067353,-0.0017650185808415486,16384.0,512.0,6400000.0
1.0,4.0,2.0,1.0,1.0,1.0,39.0,32.0,-0.0030632107251067353,-0.0017650185808415486,0.0,16384.0,6400000.0
1.0,4.0,1.0,1.0,1.0,1.0,35.0,32.0,-0.0030632107251067353,-0.0017650185808415486,32768.0,4096.0,6400000.0
1.0,4.0,2.0,1.0,1.0,1.0,39.0,32.0,-0.0030632107251067353,-0.0017650185808415486,0.015625,16384.0,6400000.0
4.0,4.0,2.0,3.0,25.0,16.0,716.0,2048.0,0.16352554119419205,0.1694831032109293,0.0,0.03125,6400000.0
1.0,4.0,1.0,1.0,1.0,1.0,35.0,32.0,-0.0030632107251067353,-0.0017650185808415486,16384.0,0.00195312,6400000.0
4.0,4.0,2.0,3.0,25.0,16.0,716.0,2048.0,0.16352554119419205,0.1694831032109293,0.00195312,0.0,6400000.0
1.0,1024.0,4.0,1.0,1.0,1.0,63.0,32.0,-0.0030632107251067353,-0.0017650185808415486,16384.0,1024.0,6400000.0
4.0,4.0,2.0,3.0,25.0,16.0,716.0,2048.0,0.16352554119419205,0.1694831032109293,0.0625,0.0,6400000.0
1.0,1024.0,4.0,1.0,1.0,1.0,63.0,32.0,-0.0030632107251067353,-0.0017650185808415486,16384.0,8192.0,6400000.0
1.0,1024.0,4.0,1.0,1.0,1.0,63.0,32.0,-0.0030632107251067353,-0.0017650185808415486,16384.0,32768.0,6400000.0
1.0,1024.0,4.0,1.0,1.0,1.0,63.0,32.0,-0.0030632107251067353,-0.0017650185808415486,16384.0,4096.0,6400000.0
1.0,1024.0,4.0,1.0,1.0,1.0,63.0,32.0,-0.0030632107251067353,-0.0017650185808415486,16384.0,2048.0,6400000.0
1.0,1024.0,4.0,1.0,1.0,1.0,63.0,32.0,-0.0030632107251067353,-0.0017650185808415486,16384.0,16384.0,6400000.0
4.0,4.0,2.0,3.0,25.0,16.0,716.0,2048.0,0.16352554119419205,0.1694831032109293,0.00390625,0.00195312,6400000.0
1.0,1024.0,4.0,1.0,1.0,1.0,63.0,32.0,-0.0030632107251067353,-0.0017650185808415486,32768.0,0.0,6400000.0
1.0,4.0,1.0,1.0,1.0,1.0,35.0,32.0,-0.0030632107251067353,-0.0017650185808415486,16384.0,2.0,6400000.0
4.0,4.0,2.0,3.0,25.0,16.0,716.0,2048.0,0.16352554119419205,0.1694831032109293,0.0078125,0.0078125,6400000.0
4.0,4.0,2.0,3.0,25.0,16.0,716.0,2048.0,0.16352554119419205,0.1694831032109293,0.000976562,0.125,6400000.0
1.0,4.0,1.0,1.0,1.0,1.0,35.0,32.0,-0.0030632107251067353,-0.0017650185808415486,32768.0,0.0078125,6400000.0
1.0,4.0,1.0,1.0,1.0,1.0,35.0,32.0,-0.0030632107251067353,-0.0017650185808415486,32768.0,8.0,6400000.0
1.0,1024.0,4.0,1.0,1.0,1.0,63.0,32.0,-0.0030632107251067353,-0.0017650185808415486,32768.0,0.00390625,6400000.0
1.0,1024.0,4.0,1.0,1.0,1.0,63.0,32.0,-0.0030632107251067353,-0.0017650185808415486,32768.0,0.000976562,6400000.0
1.0,1024.0,4.0,1.0,1.0,1.0,63.0,32.0,-0.0030632107251067353,-0.0017650185808415486,32768.0,0.00195312,6400000.0
4.0,4.0,2.0,3.0,25.0,16.0,716.0,2048.0,0.16352554119419205,0.1694831032109293,0.015625,0.03125,6400000.0
1.0,1024.0,4.0,1.0,1.0,1.0,63.0,32.0,-0.0030632107251067353,-0.0017650185808415486,32768.0,0.0078125,6400000.0
1.0,1024.0,4.0,1.0,1.0,1.0,63.0,32.0,-0.0030632107251067353,-0.0017650185808415486,32768.0,0.015625,6400000.0
1.0,1.0,1.0,1.0,1.0,1.0,35.0,32.0,-0.0030632107251067353,-0.0017650185808415486,8192.0,8192.0,6400000.0
4.0,4.0,2.0,3.0,25.0,16.0,716.0,2048.0,0.16352554119419205,0.1694831032109293,0.00195312,0.5,6400000.0
4.0,4.0,2.0,3.0,24.0,15.0,681.0,1888.0,0.16336860696584554,0.16830274621810715,0.0078125,8.0,6400000.0
1.0,4.0,2.0,1.0,1.0,1.0,39.0,32.0,-0.0030632107251067353,-0.0017650185808415486,0.000976562,128.0,6400000.0
1.0,1.0,1.0,1.0,1.0,1.0,35.0,32.0,-0.0030632107251067353,-0.0017650185808415486,8192.0,128.0,6400000.0
4.0,4.0,2.0,2.0,12.0,8.0,386.0,768.0,0.12309422409684001,0.12713646261942835,0.0,32.0,6400000.0
4.0,4.0,2.0,3.0,25.0,16.0,716.0,2048.0,0.16352554119419205,0.1694831032109293,0.03125,0.125,6400000.0
4.0,4.0,2.0,3.0,25.0,16.0,716.0,2048.0,0.16352554119419205,0.1694831032109293,0.00390625,2.0,6400000.0
4.0,4.0,2.0,2.0,12.0,8.0,386.0,768.0,0.12309422409684001,0.12713646261942835,0.015625,32.0,6400000.0
1.0,1024.0,4.0,1.0,1.0,1.0,63.0,32.0,-0.0030632107251067353,-0.0017650185808415486,32768.0,0.03125,6400000.0
1.0,4.0,2.0,1.0,1.0,1.0,39.0,32.0,-0.0030632107251067353,-0.0017650185808415486,0.00195312,512.0,6400000.0
1.0,4.0,1.0,1.0,1.0,1.0,35.0,32.0,-0.0030632107251067353,-0.0017650185808415486,16384.0,2048.0,6400000.0
1.0,1024.0,4.0,1.0,1.0,1.0,63.0,32.0,-0.0030632107251067353,-0.0017650185808415486,32768.0,0.125,6400000.0
4.0,4.0,2.0,3.0,25.0,16.0,716.0,2048.0,0.16352554119419205,0.1694831032109293,0.0625,0.5,6400000.0
1.0,1024.0,4.0,1.0,1.0,1.0,63.0,32.0,-0.0030632107251067353,-0.0017650185808415486,32768.0,1.0,6400000.0
1.0,1024.0,4.0,1.0,1.0,1.0,63.0,32.0,-0.0030632107251067353,-0.0017650185808415486,32768.0,2.0,6400000.0
1.0,1024.0,4.0,1.0,1.0,1.0,63.0,32.0,-0.0030632107251067353,-0.0017650185808415486,32768.0,0.25,6400000.0
1.0,1024.0,4.0,1.0,1.0,1.0,63.0,32.0,-0.0030632107251067353,-0.0017650185808415486,32768.0,0.0625,6400000.0
1.0,1024.0,4.0,1.0,1.0,1.0,63.0,32.0,-0.0030632107251067353,-0.0017650185808415486,32768.0,4.0,6400000.0
1.0,1024.0,4.0,1.0,1.0,1.0,63.0,32.0,-0.0030632107251067353,-0.0017650185808415486,32768.0,32.0,6400000.0
1.0,1024.0,4.0,1.0,1.0,1.0,63.0,32.0,-0.0030632107251067353,-0.0017650185808415486,32768.0,128.0,6400000.0
1.0,4.0,2.0,1.0,1.0,1.0,39.0,32.0,-0.0030632107251067353,-0.0017650185808415486,0.0625,512.0,6400000.0
1.0,1024.0,4.0,1.0,1.0,1.0,63.0,32.0,-0.0030632107251067353,-0.0017650185808415486,32768.0,0.5,6400000.0
1.0,4.0,2.0,1.0,1.0,1.0,39.0,32.0,-0.0030632107251067353,-0.0017650185808415486,0.00390625,2048.0,6400000.0
1.0,4.0,2.0,1.0,1.0,1.0,39.0,32.0,-0.0030632107251067353,-0.0017650185808415486,0.03125,128.0,6400000.0
1.0,1024.0,4.0,1.0,1.0,1.0,63.0,32.0,-0.0030632107251067353,-0.0017650185808415486,32768.0,64.0,6400000.0
1.0,4.0,2.0,1.0,1.0,1.0,39.0,32.0,-0.0030632107251067353,-0.0017650185808415486,0.0078125,8192.0,6400000.0
1.0,1024.0,4.0,1.0,1.0,1.0,63.0,32.0,-0.0030632107251067353,-0.0017650185808415486,32768.0,16.0,6400000.0
1.0,4.0,2.0,1.0,1.0,1.0,39.0,32.0,-0.0030632107251067353,-0.0017650185808415486,0.0,32768.0,6400000.0
1.0,1024.0,4.0,1.0,1.0,1.0,63.0,32.0,-0.0030632107251067353,-0.0017650185808415486,32768.0,8.0,6400000.0
1.0,1024.0,4.0,1.0,1.0,1.0,63.0,32.0,-0.0030632107251067353,-0.0017650185808415486,32768.0,1024.0,6400000.0
1.0,1024.0,4.0,1.0,1.0,1.0,63.0,32.0,-0.0030632107251067353,-0.0017650185808415486,32768.0,512.0,6400000.0
1.0,4.0,1.0,1.0,1.0,1.0,35.0,32.0,-0.0030632107251067353,-0.0017650185808415486,32768.0,8192.0,6400000.0
1.0,1024.0,4.0,1.0,1.0,1.0,63.0,32.0,-0.0030632107251067353,-0.0017650185808415486,32768.0,256.0,6400000.0
1.0,1024.0,4.0,1.0,1.0,1.0,63.0,32.0,-0.0030632107251067353,-0.0017650185808415486,32768.0,2048.0,6400000.0
4.0,4.0,2.0,3.0,25.0,16.0,716.0,2048.0,0.16352554119419205,0.1694831032109293,0.00195312,0.000976562,6400000.0
1.0,4.0,2.0,1.0,1.0,1.0,39.0,32.0,-0.0030632107251067353,-0.0017650185808415486,0.015625,32768.0,6400000.0
4.0,4.0,2.0,3.0,25.0,16.0,716.0,2048.0,0.16352554119419205,0.1694831032109293,0.0,0.0625,6400000.0
1.0,1024.0,4.0,1.0,1.0,1.0,63.0,32.0,-0.0030632107251067353,-0.0017650185808415486,32768.0,4096.0,6400000.0
1.0,1024.0,4.0,1.0,1.0,1.0,63.0,32.0,-0.0030632107251067353,-0.0017650185808415486,32768.0,8192.0,6400000.0
4.0,4.0,2.0,3.0,25.0,16.0,716.0,2048.0,0.16352554119419205,0.1694831032109293,0.00390625,0.00390625,6400000.0
1.0,1024.0,4.0,1.0,1.0,1.0,63.0,32.0,-0.0030632107251067353,-0.0017650185808415486,32768.0,32768.0,6400000.0
4.0,4.0,2.0,3.0,25.0,16.0,716.0,2048.0,0.16352554119419205,0.1694831032109293,0.125,0.00390625,6400000.0
4.0,4.0,2.0,3.0,25.0,16.0,716.0,2048.0,0.16352554119419205,0.1694831032109293,0.0078125,0.015625,6400000.0
1.0,1024.0,4.0,1.0,1.0,1.0,63.0,32.0,-0.0030632107251067353,-0.0017650185808415486,32768.0,16384.0,6400000.0
4.0,4.0,2.0,3.0,25.0,16.0,716.0,2048.0,0.16352554119419205,0.1694831032109293,0.000976562,0.25,6400000.0
1.0,4.0,1.0,1.0,1.0,1.0,35.0,32.0,-0.0030632107251067353,-0.0017650185808415486,32768.0,16.0,6400000.0
1.0,4.0,1.0,1.0,1.0,1.0,35.0,32.0,-0.0030632107251067353,-0.0017650185808415486,32768.0,0.015625,6400000.0
4.0,4.0,2.0,3.0,25.0,16.0,716.0,2048.0,0.16352554119419205,0.1694831032109293,0.0625,0.000976562,6400000.0
541.0,1024.0,8.0,9.0,18123.0,16220.0,680170.0,2525952.0,0.8264330591831552,0.830700021163523,0.0,0.00195312,6400000.0
4.0,4.0,2.0,3.0,25.0,16.0,716.0,2048.0,0.16352554119419205,0.1694831032109293,0.015625,0.0625,6400000.0
159.0,1024.0,8.0,9.0,6200.0,4880.0,218457.0,760448.0,0.7961735777729269,0.8024859189845178,0.0,0.015625,6400000.0
100.0,1024.0,8.0,9.0,4007.0,3014.0,138599.0,469440.0,0.7529797050839018,0.7583606436081898,0.0,0.03125,6400000.0
1.0,1.0,1.0,1.0,1.0,1.0,35.0,32.0,-0.0030632107251067353,-0.0017650185808415486,8192.0,16384.0,6400000.0
197.0,1024.0,8.0,9.0,7498.0,6009.0,266682.0,936224.0,0.8084815392321167,0.8088025088929355,0.0,0.0078125,6400000.0
1024.0,1024.0,8.0,9.0,32603.0,30581.0,1253260.0,4761888.0,0.8325707755550112,0.8358218513315995,0.0,0.0,6400000.0
1024.0,1024.0,8.0,9.0,32826.0,30845.0,1263221.0,4804128.0,0.8293203748282341,0.8376860270238163,0.0,0.000976562,6400000.0
308.0,1024.0,8.0,9.0,11003.0,9259.0,400831.0,1442016.0,0.8165148724514086,0.8203119750723863,0.0,0.00390625,6400000.0
65.0,1024.0,8.0,9.0,2747.0,1989.0,92896.0,309920.0,0.737781128329591,0.7386522182513137,0.0,0.0625,6400000.0
4.0,4.0,2.0,3.0,25.0,16.0,716.0,2048.0,0.16352554119419205,0.1694831032109293,0.00195312,1.0,6400000.0
1.0,4.0,2.0,1.0,1.0,1.0,39.0,32.0,-0.0030632107251067353,-0.0017650185808415486,0.000976562,256.0,6400000.0
51.0,1024.0,8.0,9.0,2146.0,1523.0,71364.0,237152.0,0.7042908721591019,0.7061535339286464,0.0,0.125,6400000.0
4.0,4.0,2.0,3.0,16.0,10.0,468.0,1088.0,0.14347181393305986,0.14672870433145024,0.0078125,16.0,6400000.0
1.0,1.0,1.0,1.0,1.0,1.0,35.0,32.0,-0.0030632107251067353,-0.0017650185808415486,8192.0,256.0,6400000.0
4.0,4.0,2.0,3.0,25.0,16.0,716.0,2048.0,0.16352554119419205,0.1694831032109293,0.03125,0.25,6400000.0
4.0,4.0,2.0,3.0,25.0,16.0,716.0,2048.0,0.16352554119419205,0.1694831032109293,0.00390625,4.0,6400000.0
3.0,4.0,2.0,2.0,9.0,6.0,287.0,576.0,0.10115259004895938,0.10346957106453547,0.015625,64.0,6400000.0
3.0,4.0,2.0,2.0,9.0,6.0,287.0,576.0,0.10115259004895938,0.10346957106453547,0.0,64.0,6400000.0
4.0,4.0,2.0,3.0,25.0,16.0,716.0,2048.0,0.16352554119419205,0.1694831032109293,0.0625,1.0,6400000.0
43.0,1024.0,8.0,9.0,1820.0,1333.0,62019.0,207776.0,0.6850279349113759,0.6951658200982608,0.0,0.25,6400000.0
1.0,4.0,2.0,1.0,1.0,1.0,39.0,32.0,-0.0030632107251067353,-0.0017650185808415486,0.00195312,1024.0,6400000.0
4.0,4.0,2.0,3.0,25.0,16.0,716.0,2048.0,0.16352554119419205,0.1694831032109293,0.125,4.0,6400000.0
41.0,1024.0,8.0,9.0,1564.0,1204.0,54829.0,187392.0,0.675685504144018,0.6677501451569227,0.0,0.5,6400000.0
1.0,4.0,2.0,1.0,1.0,1.0,39.0,32.0,-0.0030632107251067353,-0.0017650185808415486,0.03125,256.0,6400000.0
1.0,4.0,2.0,1.0,1.0,1.0,39.0,32.0,-0.0030632107251067353,-0.0017650185808415486,0.0625,1024.0,6400000.0
35.0,1024.0,8.0,9.0,1170.0,940.0,41902.0,145920.0,0.6093046697253826,0.6125519678384939,0.0,1.0,6400000.0
1.0,4.0,2.0,1.0,1.0,1.0,39.0,32.0,-0.0030632107251067353,-0.0017650185808415486,0.00390625,4096.0,6400000.0
1.0,4.0,2.0,1.0,1.0,1.0,39.0,32.0,-0.0030632107251067353,-0.0017650185808415486,0.0078125,16384.0,6400000.0
4.0,4.0,2.0,3.0,25.0,16.0,716.0,2048.0,0.16352554119419205,0.1694831032109293,0.000976562,0.0,6400000.0
27.0,1024.0,8.0,9.0,476.0,366.0,18145.0,55104.0,0.4777812127552883,0.48718538312254733,0.0,2.0,6400000.0
8.0,1024.0,8.0,2.0,22.0,16.0,1924.0,1536.0,0.184803559555608,0.19082719424152972,0.0,32.0,6400000.0
1.0,1024.0,8.0,1.0,1.0,1.0,543.0,32.0,-0.0030632107251067353,-0.0017650185808415486,0.0,128.0,6400000.0
3.0,1024.0,8.0,2.0,9.0,6.0,1295.0,576.0,0.10115259004895938,0.10346957106453547,0.0,64.0,6400000.0
1.0,4.0,1.0,1.0,1.0,1.0,35.0,32.0,-0.0030632107251067353,-0.0017650185808415486,32768.0,16384.0,6400000.0
29.0,1024.0,8.0,9.0,205.0,156.0,9076.0,21248.0,0.40735776232514465,0.41510468520174093,0.0,4.0,6400000.0
1.0,1024.0,8.0,1.0,1.0,1.0,543.0,32.0,-0.0030632107251067353,-0.0017650185808415486,0.0,512.0,6400000.0
4.0,4.0,2.0,3.0,25.0,16.0,716.0,2048.0,0.16352554119419205,0.1694831032109293,0.03125,0.0,6400000.0
16.0,1024.0,8.0,3.0,67.0,47.0,3700.0,5472.0,0.28428173420704106,0.29213228260301216,0.0,8.0,6400000.0
11.0,1024.0,8.0,3.0,35.0,26.0,2559.0,2752.0,0.23801654357424562,0.2440154241847443,0.0,16.0,6400000.0
1.0,1024.0,8.0,1.0,1.0,1.0,543.0,32.0,-0.0030632107251067353,-0.0017650185808415486,0.0,256.0,6400000.0
1.0,1024.0,8.0,1.0,1.0,1.0,543.0,32.0,-0.0030632107251067353,-0.0017650185808415486,0.0,1024.0,6400000.0
4.0,4.0,2.0,3.0,25.0,16.0,716.0,2048.0,0.16352554119419205,0.1694831032109293,0.00195312,0.00195312,6400000.0
4.0,4.0,2.0,3.0,25.0,16.0,716.0,2048.0,0.16352554119419205,0.1694831032109293,0.0,0.125,6400000.0
1.0,1.0,1.0,1.0,1.0,1.0,35.0,32.0,-0.0030632107251067353,-0.0017650185808415486,16384.0,0.015625,6400000.0
1.0,4.0,2.0,1.0,1.0,1.0,39.0,32.0,-0.0030632107251067353,-0.0017650185808415486,0.125,4096.0,6400000.0
1.0,1024.0,8.0,1.0,1.0,1.0,543.0,32.0,-0.0030632107251067353,-0.0017650185808415486,0.0,4096.0,6400000.0
1.0,1024.0,8.0,1.0,1.0,1.0,543.0,32.0,-0.0030632107251067353,-0.0017650185808415486,0.0,2048.0,6400000.0
1.0,1024.0,8.0,1.0,1.0,1.0,543.0,32.0,-0.0030632107251067353,-0.0017650185808415486,0.0,8192.0,6400000.0
4.0,4.0,2.0,3.0,25.0,16.0,716.0,2048.0,0.16352554119419205,0.1694831032109293,0.00390625,0.0078125,6400000.0
1.0,1024.0,8.0,1.0,1.0,1.0,543.0,32.0,-0.0030632107251067353,-0.0017650185808415486,0.0,16384.0,6400000.0
4.0,4.0,2.0,3.0,25.0,16.0,716.0,2048.0,0.16352554119419205,0.1694831032109293,0.125,0.0078125,6400000.0
4.0,4.0,2.0,3.0,25.0,16.0,716.0,2048.0,0.16352554119419205,0.1694831032109293,0.0078125,0.03125,6400000.0
1.0,1024.0,8.0,1.0,1.0,1.0,543.0,32.0,-0.0030632107251067353,-0.0017650185808415486,0.0,32768.0,6400000.0
4.0,4.0,2.0,3.0,25.0,16.0,716.0,2048.0,0.16352554119419205,0.1694831032109293,0.000976562,0.5,6400000.0
4.0,4.0,2.0,3.0,25.0,16.0,716.0,2048.0,0.16352554119419205,0.1694831032109293,0.0625,0.00195312,6400000.0
4.0,4.0,2.0,3.0,25.0,16.0,716.0,2048.0,0.16352554119419205,0.1694831032109293,0.25,0.03125,6400000.0
4.0,4.0,2.0,3.0,25.0,16.0,716.0,2048.0,0.16352554119419205,0.1694831032109293,0.015625,0.125,6400000.0
541.0,1024.0,8.0,9.0,18123.0,16220.0,680170.0,2525952.0,0.8264330591831552,0.830700021163523,0.000976562,0.00195312,6400000.0
1.0,1.0,1.0,1.0,1.0,1.0,35.0,32.0,-0.0030632107251067353,-0.0017650185808415486,8192.0,32768.0,6400000.0
1024.0,1024.0,8.0,9.0,32603.0,30581.0,1253260.0,4761888.0,0.8325707755550112,0.8358218513315995,0.000976562,0.0,6400000.0
100.0,1024.0,8.0,9.0,4007.0,3014.0,138599.0,469440.0,0.7529797050839018,0.7583606436081898,0.000976562,0.03125,6400000.0
1.0,1.0,1.0,1.0,1.0,1.0,35.0,32.0,-0.0030632107251067353,-0.0017650185808415486,8192.0,512.0,6400000.0
308.0,1024.0,8.0,9.0,11003.0,9259.0,400831.0,1442016.0,0.8165148724514086,0.8203119750723863,0.000976562,0.00390625,6400000.0
4.0,4.0,2.0,2.0,12.0,8.0,386.0,768.0,0.12309422409684001,0.12713646261942835,0.0078125,32.0,6400000.0
1.0,4.0,2.0,1.0,1.0,1.0,39.0,32.0,-0.0030632107251067353,-0.0017650185808415486,0.000976562,512.0,6400000.0
4.0,4.0,2.0,3.0,25.0,16.0,716.0,2048.0,0.16352554119419205,0.1694831032109293,0.00195312,2.0,6400000.0
159.0,1024.0,8.0,9.0,6200.0,4880.0,218457.0,760448.0,0.7961735777729269,0.8024859189845178,0.000976562,0.015625,6400000.0
197.0,1024.0,8.0,9.0,7498.0,6009.0,266682.0,936224.0,0.8084815392321167,0.8088025088929355,0.000976562,0.0078125,6400000.0
65.0,1024.0,8.0,9.0,2747.0,1989.0,92896.0,309920.0,0.737781128329591,0.7386522182513137,0.000976562,0.0625,6400000.0
1024.0,1024.0,8.0,9.0,32826.0,30845.0,1263221.0,4804128.0,0.8293203748282341,0.8376860270238163,0.000976562,0.000976562,6400000.0
1.0,4.0,2.0,1.0,1.0,1.0,39.0,32.0,-0.0030632107251067353,-0.0017650185808415486,0.0,128.0,6400000.0
41.0,1024.0,8.0,9.0,1564.0,1204.0,54829.0,187392.0,0.675685504144018,0.6677501451569227,0.000976562,0.5,6400000.0
43.0,1024.0,8.0,9.0,1820.0,1333.0,62019.0,207776.0,0.6850279349113759,0.6951658200982608,0.000976562,0.25,6400000.0
51.0,1024.0,8.0,9.0,2146.0,1523.0,71364.0,237152.0,0.7042908721591019,0.7061535339286464,0.000976562,0.125,6400000.0
1.0,4.0,2.0,1.0,1.0,1.0,39.0,32.0,-0.0030632107251067353,-0.0017650185808415486,0.015625,128.0,6400000.0
4.0,4.0,2.0,3.0,24.0,15.0,681.0,1888.0,0.16336860696584554,0.16830274621810715,0.00390625,8.0,6400000.0
4.0,4.0,2.0,3.0,25.0,16.0,716.0,2048.0,0.16352554119419205,0.1694831032109293,0.03125,0.5,6400000.0
4.0,4.0,2.0,3.0,25.0,16.0,716.0,2048.0,0.16352554119419205,0.1694831032109293,0.0625,2.0,6400000.0
1.0,4.0,2.0,1.0,1.0,1.0,39.0,32.0,-0.0030632107251067353,-0.0017650185808415486,0.00195312,2048.0,6400000.0
4.0,4.0,2.0,3.0,24.0,15.0,681.0,1888.0,0.16336860696584554,0.16830274621810715,0.125,8.0,6400000.0
35.0,1024.0,8.0,9.0,1170.0,940.0,41902.0,145920.0,0.6093046697253826,0.6125519678384939,0.000976562,1.0,6400000.0
27.0,1024.0,8.0,9.0,476.0,366.0,18145.0,55104.0,0.4777812127552883,0.48718538312254733,0.000976562,2.0,6400000.0
4.0,4.0,2.0,3.0,25.0,16.0,716.0,2048.0,0.16352554119419205,0.1694831032109293,0.000976562,0.000976562,6400000.0
1.0,4.0,2.0,1.0,1.0,1.0,39.0,32.0,-0.0030632107251067353,-0.0017650185808415486,0.03125,512.0,6400000.0
1.0,4.0,2.0,1.0,1.0,1.0,39.0,32.0,-0.0030632107251067353,-0.0017650185808415486,0.0625,2048.0,6400000.0
1.0,4.0,2.0,1.0,1.0,1.0,39.0,32.0,-0.0030632107251067353,-0.0017650185808415486,0.00390625,8192.0,6400000.0
4.0,4.0,2.0,2.0,12.0,8.0,386.0,768.0,0.12309422409684001,0.12713646261942835,0.25,32.0,6400000.0
1.0,4.0,2.0,1.0,1.0,1.0,39.0,32.0,-0.0030632107251067353,-0.0017650185808415486,0.0078125,32768.0,6400000.0
29.0,1024.0,8.0,9.0,205.0,156.0,9076.0,21248.0,0.40735776232514465,0.41510468520174093,0.000976562,4.0,6400000.0
16.0,1024.0,8.0,3.0,67.0,47.0,3700.0,5472.0,0.28428173420704106,0.29213228260301216,0.000976562,8.0,6400000.0
4.0,4.0,2.0,3.0,25.0,16.0,716.0,2048.0,0.16352554119419205,0.1694831032109293,0.00195312,0.00390625,6400000.0
1.0,4.0,2.0,1.0,1.0,1.0,39.0,32.0,-0.0030632107251067353,-0.0017650185808415486,0.125,8192.0,6400000.0
4.0,4.0,2.0,3.0,25.0,16.0,716.0,2048.0,0.16352554119419205,0.1694831032109293,0.03125,0.000976562,6400000.0
1.0,1024.0,8.0,1.0,1.0,1.0,543.0,32.0,-0.0030632107251067353,-0.0017650185808415486,0.000976562,1024.0,6400000.0
8.0,1024.0,8.0,2.0,22.0,16.0,1924.0,1536.0,0.184803559555608,0.19082719424152972,0.000976562,32.0,6400000.0
3.0,1024.0,8.0,2.0,9.0,6.0,1295.0,576.0,0.10115259004895938,0.10346957106453547,0.000976562,64.0,6400000.0
1.0,1024.0,8.0,1.0,1.0,1.0,543.0,32.0,-0.0030632107251067353,-0.0017650185808415486,0.000976562,512.0,6400000.0
11.0,1024.0,8.0,3.0,35.0,26.0,2559.0,2752.0,0.23801654357424562,0.2440154241847443,0.000976562,16.0,6400000.0
1.0,1024.0,8.0,1.0,1.0,1.0,543.0,32.0,-0.0030632107251067353,-0.0017650185808415486,0.000976562,128.0,6400000.0
1.0,1024.0,8.0,1.0,1.0,1.0,543.0,32.0,-0.0030632107251067353,-0.0017650185808415486,0.000976562,2048.0,6400000.0
1.0,1.0,1.0,1.0,1.0,1.0,35.0,32.0,-0.0030632107251067353,-0.0017650185808415486,16384.0,0.03125,6400000.0
1.0,4.0,2.0,1.0,1.0,1.0,39.0,32.0,-0.0030632107251067353,-0.0017650185808415486,0.25,32768.0,6400000.0
1.0,1024.0,8.0,1.0,1.0,1.0,543.0,32.0,-0.0030632107251067353,-0.0017650185808415486,0.000976562,256.0,6400000.0
1.0,1024.0,8.0,1.0,1.0,1.0,543.0,32.0,-0.0030632107251067353,-0.0017650185808415486,0.000976562,16384.0,6400000.0
1.0,1024.0,8.0,1.0,1.0,1.0,543.0,32.0,-0.0030632107251067353,-0.0017650185808415486,0.000976562,4096.0,6400000.0
1.0,1024.0,8.0,1.0,1.0,1.0,543.0,32.0,-0.0030632107251067353,-0.0017650185808415486,0.000976562,8192.0,6400000.0
4.0,4.0,2.0,3.0,25.0,16.0,716.0,2048.0,0.16352554119419205,0.1694831032109293,0.00390625,0.015625,6400000.0
4.0,4.0,2.0,3.0,25.0,16.0,716.0,2048.0,0.16352554119419205,0.1694831032109293,0.125,0.015625,6400000.0
4.0,4.0,2.0,3.0,25.0,16.0,716.0,2048.0,0.16352554119419205,0.1694831032109293,0.0078125,0.0625,6400000.0
1.0,1024.0,8.0,1.0,1.0,1.0,543.0,32.0,-0.0030632107251067353,-0.0017650185808415486,0.000976562,32768.0,6400000.0
4.0,4.0,2.0,3.0,25.0,16.0,716.0,2048.0,0.16352554119419205,0.1694831032109293,0.000976562,1.0,6400000.0
4.0,4.0,2.0,3.0,25.0,16.0,716.0,2048.0,0.16352554119419205,0.1694831032109293,0.0625,0.00390625,6400000.0
4.0,4.0,2.0,3.0,25.0,16.0,716.0,2048.0,0.16352554119419205,0.1694831032109293,0.25,0.0625,6400000.0
4.0,4.0,2.0,3.0,25.0,16.0,716.0,2048.0,0.16352554119419205,0.1694831032109293,0.015625,0.25,6400000.0
1024.0,1024.0,8.0,9.0,32603.0,30581.0,1253260.0,4761888.0,0.8325707755550112,0.8358218513315995,0.00195312,0.0,6400000.0
1.0,1.0,1.0,1.0,1.0,1.0,35.0,32.0,-0.0030632107251067353,-0.0017650185808415486,16384.0,0.0,6400000.0
1.0,1.0,1.0,1.0,1.0,1.0,35.0,32.0,-0.0030632107251067353,-0.0017650185808415486,8192.0,1024.0,6400000.0
1024.0,1024.0,8.0,9.0,32826.0,30845.0,1263221.0,4804128.0,0.8293203748282341,0.8376860270238163,0.00195312,0.000976562,6400000.0
4.0,4.0,2.0,3.0,25.0,16.0,716.0,2048.0,0.16352554119419205,0.1694831032109293,0.00195312,4.0,6400000.0
1.0,4.0,2.0,1.0,1.0,1.0,39.0,32.0,-0.0030632107251067353,-0.0017650185808415486,0.000976562,1024.0,6400000.0
3.0,4.0,2.0,2.0,9.0,6.0,287.0,576.0,0.10115259004895938,0.10346957106453547,0.0078125,64.0,6400000.0
197.0,1024.0,8.0,9.0,7498.0,6009.0,266682.0,936224.0,0.8084815392321167,0.8088025088929355,0.00195312,0.0078125,6400000.0
1.0,4.0,2.0,1.0,1.0,1.0,39.0,32.0,-0.0030632107251067353,-0.0017650185808415486,0.015625,256.0,6400000.0
159.0,1024.0,8.0,9.0,6200.0,4880.0,218457.0,760448.0,0.7961735777729269,0.8024859189845178,0.00195312,0.015625,6400000.0
541.0,1024.0,8.0,9.0,18123.0,16220.0,680170.0,2525952.0,0.8264330591831552,0.830700021163523,0.00195312,0.00195312,6400000.0
4.0,4.0,2.0,3.0,25.0,16.0,716.0,2048.0,0.16352554119419205,0.1694831032109293,0.03125,1.0,6400000.0
4.0,4.0,2.0,3.0,25.0,16.0,716.0,2048.0,0.16352554119419205,0.1694831032109293,0.5,0.25,6400000.0
65.0,1024.0,8.0,9.0,2747.0,1989.0,92896.0,309920.0,0.737781128329591,0.7386522182513137,0.00195312,0.0625,6400000.0
43.0,1024.0,8.0,9.0,1820.0,1333.0,62019.0,207776.0,0.6850279349113759,0.6951658200982608,0.00195312,0.25,6400000.0
51.0,1024.0,8.0,9.0,2146.0,1523.0,71364.0,237152.0,0.7042908721591019,0.7061535339286464,0.00195312,0.125,6400000.0
100.0,1024.0,8.0,9.0,4007.0,3014.0,138599.0,469440.0,0.7529797050839018,0.7583606436081898,0.00195312,0.03125,6400000.0
41.0,1024.0,8.0,9.0,1564.0,1204.0,54829.0,187392.0,0.675685504144018,0.6677501451569227,0.00195312,0.5,6400000.0
27.0,1024.0,8.0,9.0,476.0,366.0,18145.0,55104.0,0.4777812127552883,0.48718538312254733,0.00195312,2.0,6400000.0
35.0,1024.0,8.0,9.0,1170.0,940.0,41902.0,145920.0,0.6093046697253826,0.6125519678384939,0.00195312,1.0,6400000.0
308.0,1024.0,8.0,9.0,11003.0,9259.0,400831.0,1442016.0,0.8165148724514086,0.8203119750723863,0.00195312,0.00390625,6400000.0
4.0,4.0,2.0,3.0,16.0,10.0,468.0,1088.0,0.14347181393305986,0.14672870433145024,0.00390625,16.0,6400000.0
4.0,4.0,2.0,3.0,25.0,16.0,716.0,2048.0,0.16352554119419205,0.1694831032109293,0.0625,4.0,6400000.0
4.0,4.0,2.0,3.0,16.0,10.0,468.0,1088.0,0.14347181393305986,0.14672870433145024,0.125,16.0,6400000.0
1.0,4.0,2.0,1.0,1.0,1.0,39.0,32.0,-0.0030632107251067353,-0.0017650185808415486,0.00195312,4096.0,6400000.0
1.0,4.0,2.0,1.0,1.0,1.0,39.0,32.0,-0.0030632107251067353,-0.0017650185808415486,0.00390625,16384.0,6400000.0
29.0,1024.0,8.0,9.0,205.0,156.0,9076.0,21248.0,0.40735776232514465,0.41510468520174093,0.00195312,4.0,6400000.0
1.0,4.0,2.0,1.0,1.0,1.0,39.0,32.0,-0.0030632107251067353,-0.0017650185808415486,0.0625,4096.0,6400000.0
1.0,4.0,2.0,1.0,1.0,1.0,39.0,32.0,-0.0030632107251067353,-0.0017650185808415486,0.03125,1024.0,6400000.0
3.0,4.0,2.0,2.0,9.0,6.0,287.0,576.0,0.10115259004895938,0.10346957106453547,0.25,64.0,6400000.0
11.0,1024.0,8.0,3.0,35.0,26.0,2559.0,2752.0,0.23801654357424562,0.2440154241847443,0.00195312,16.0,6400000.0
16.0,1024.0,8.0,3.0,67.0,47.0,3700.0,5472.0,0.28428173420704106,0.29213228260301216,0.00195312,8.0,6400000.0
1.0,4.0,2.0,1.0,1.0,1.0,39.0,32.0,-0.0030632107251067353,-0.0017650185808415486,0.125,16384.0,6400000.0
4.0,4.0,2.0,3.0,25.0,16.0,716.0,2048.0,0.16352554119419205,0.1694831032109293,0.015625,0.0,6400000.0
4.0,4.0,2.0,3.0,25.0,16.0,716.0,2048.0,0.16352554119419205,0.1694831032109293,0.00195312,0.0078125,6400000.0
8.0,1024.0,8.0,2.0,22.0,16.0,1924.0,1536.0,0.184803559555608,0.19082719424152972,0.00195312,32.0,6400000.0
1.0,4.0,2.0,1.0,1.0,1.0,39.0,32.0,-0.0030632107251067353,-0.0017650185808415486,0.5,256.0,6400000.0
4.0,4.0,2.0,3.0,25.0,16.0,716.0,2048.0,0.16352554119419205,0.1694831032109293,0.03125,0.00195312,6400000.0
4.0,4.0,2.0,3.0,25.0,16.0,716.0,2048.0,0.16352554119419205,0.1694831032109293,0.5,0.0,6400000.0
3.0,1024.0,8.0,2.0,9.0,6.0,1295.0,576.0,0.10115259004895938,0.10346957106453547,0.00195312,64.0,6400000.0
4.0,4.0,2.0,3.0,25.0,16.0,716.0,2048.0,0.16352554119419205,0.1694831032109293,0.125,0.03125,6400000.0
4.0,4.0,2.0,3.0,25.0,16.0,716.0,2048.0,0.16352554119419205,0.1694831032109293,0.00390625,0.03125,6400000.0
1.0,1024.0,8.0,1.0,1.0,1.0,543.0,32.0,-0.0030632107251067353,-0.0017650185808415486,0.00195312,4096.0,6400000.0
4.0,4.0,2.0,3.0,25.0,16.0,716.0,2048.0,0.16352554119419205,0.1694831032109293,0.0078125,0.125,6400000.0
1.0,1024.0,8.0,1.0,1.0,1.0,543.0,32.0,-0.0030632107251067353,-0.0017650185808415486,0.00195312,256.0,6400000.0
1.0,1024.0,8.0,1.0,1.0,1.0,543.0,32.0,-0.0030632107251067353,-0.0017650185808415486,0.00195312,2048.0,6400000.0
1.0,1024.0,8.0,1.0,1.0,1.0,543.0,32.0,-0.0030632107251067353,-0.0017650185808415486,0.00195312,1024.0,6400000.0
1.0,1024.0,8.0,1.0,1.0,1.0,543.0,32.0,-0.0030632107251067353,-0.0017650185808415486,0.00195312,16384.0,6400000.0
1.0,1.0,1.0,1.0,1.0,1.0,35.0,32.0,-0.0030632107251067353,-0.0017650185808415486,16384.0,0.0625,6400000.0
1.0,1024.0,8.0,1.0,1.0,1.0,543.0,32.0,-0.0030632107251067353,-0.0017650185808415486,0.00195312,32768.0,6400000.0
1.0,1024.0,8.0,1.0,1.0,1.0,543.0,32.0,-0.0030632107251067353,-0.0017650185808415486,0.00195312,128.0,6400000.0
1.0,1024.0,8.0,1.0,1.0,1.0,543.0,32.0,-0.0030632107251067353,-0.0017650185808415486,0.00195312,512.0,6400000.0
1.0,1024.0,8.0,1.0,1.0,1.0,543.0,32.0,-0.0030632107251067353,-0.0017650185808415486,0.00195312,8192.0,6400000.0
4.0,4.0,2.0,3.0,25.0,16.0,716.0,2048.0,0.16352554119419205,0.1694831032109293,1.0,0.00195312,6400000.0
4.0,4.0,2.0,3.0,25.0,16.0,716.0,2048.0,0.16352554119419205,0.1694831032109293,0.25,0.125,6400000.0
4.0,4.0,2.0,3.0,25.0,16.0,716.0,2048.0,0.16352554119419205,0.1694831032109293,0.0625,0.0078125,6400000.0
4.0,4.0,2.0,3.0,25.0,16.0,716.0,2048.0,0.16352554119419205,0.1694831032109293,0.015625,0.5,6400000.0
1024.0,1024.0,8.0,9.0,32603.0,30581.0,1253260.0,4761888.0,0.8325707755550112,0.8358218513315995,0.00390625,0.0,6400000.0
1.0,1.0,1.0,1.0,1.0,1.0,35.0,32.0,-0.0030632107251067353,-0.0017650185808415486,16384.0,0.000976562,6400000.0
1024.0,1024.0,8.0,9.0,32826.0,30845.0,1263221.0,4804128.0,0.8293203748282341,0.8376860270238163,0.00390625,0.000976562,6400000.0
1.0,4.0,2.0,1.0,1.0,1.0,39.0,32.0,-0.0030632107251067353,-0.0017650185808415486,0.0078125,128.0,6400000.0
541.0,1024.0,8.0,9.0,18123.0,16220.0,680170.0,2525952.0,0.8264330591831552,0.830700021163523,0.00390625,0.00195312,6400000.0
4.0,4.0,2.0,3.0,24.0,15.0,681.0,1888.0,0.16336860696584554,0.16830274621810715,0.00195312,8.0,6400000.0
1.0,4.0,2.0,1.0,1.0,1.0,39.0,32.0,-0.0030632107251067353,-0.0017650185808415486,0.015625,512.0,6400000.0
197.0,1024.0,8.0,9.0,7498.0,6009.0,266682.0,936224.0,0.8084815392321167,0.8088025088929355,0.00390625,0.0078125,6400000.0
308.0,1024.0,8.0,9.0,11003.0,9259.0,400831.0,1442016.0,0.8165148724514086,0.8203119750723863,0.00390625,0.00390625,6400000.0
159.0,1024.0,8.0,9.0,6200.0,4880.0,218457.0,760448.0,0.7961735777729269,0.8024859189845178,0.00390625,0.015625,6400000.0
4.0,4.0,2.0,3.0,25.0,16.0,716.0,2048.0,0.16352554119419205,0.1694831032109293,0.5,0.5,6400000.0
4.0,4.0,2.0,3.0,25.0,16.0,716.0,2048.0,0.16352554119419205,0.1694831032109293,0.03125,2.0,6400000.0
4.0,4.0,2.0,2.0,12.0,8.0,386.0,768.0,0.12309422409684001,0.12713646261942835,0.00390625,32.0,6400000.0
65.0,1024.0,8.0,9.0,2747.0,1989.0,92896.0,309920.0,0.737781128329591,0.7386522182513137,0.00390625,0.0625,6400000.0
41.0,1024.0,8.0,9.0,1564.0,1204.0,54829.0,187392.0,0.675685504144018,0.6677501451569227,0.00390625,0.5,6400000.0
100.0,1024.0,8.0,9.0,4007.0,3014.0,138599.0,469440.0,0.7529797050839018,0.7583606436081898,0.00390625,0.03125,6400000.0
4.0,4.0,2.0,3.0,25.0,16.0,716.0,2048.0,0.16352554119419205,0.1694831032109293,1.0,2.0,6400000.0
51.0,1024.0,8.0,9.0,2146.0,1523.0,71364.0,237152.0,0.7042908721591019,0.7061535339286464,0.00390625,0.125,6400000.0
4.0,4.0,2.0,3.0,24.0,15.0,681.0,1888.0,0.16336860696584554,0.16830274621810715,0.0625,8.0,6400000.0
29.0,1024.0,8.0,9.0,205.0,156.0,9076.0,21248.0,0.40735776232514465,0.41510468520174093,0.00390625,4.0,6400000.0
27.0,1024.0,8.0,9.0,476.0,366.0,18145.0,55104.0,0.4777812127552883,0.48718538312254733,0.00390625,2.0,6400000.0
43.0,1024.0,8.0,9.0,1820.0,1333.0,62019.0,207776.0,0.6850279349113759,0.6951658200982608,0.00390625,0.25,6400000.0
35.0,1024.0,8.0,9.0,1170.0,940.0,41902.0,145920.0,0.6093046697253826,0.6125519678384939,0.00390625,1.0,6400000.0
4.0,4.0,2.0,2.0,12.0,8.0,386.0,768.0,0.12309422409684001,0.12713646261942835,0.125,32.0,6400000.0
11.0,1024.0,8.0,3.0,35.0,26.0,2559.0,2752.0,0.23801654357424562,0.2440154241847443,0.00390625,16.0,6400000.0
16.0,1024.0,8.0,3.0,67.0,47.0,3700.0,5472.0,0.28428173420704106,0.29213228260301216,0.00390625,8.0,6400000.0
1.0,4.0,2.0,1.0,1.0,1.0,39.0,32.0,-0.0030632107251067353,-0.0017650185808415486,0.00195312,8192.0,6400000.0
1.0,4.0,2.0,1.0,1.0,1.0,39.0,32.0,-0.0030632107251067353,-0.0017650185808415486,0.00390625,32768.0,6400000.0
1.0,4.0,2.0,1.0,1.0,1.0,39.0,32.0,-0.0030632107251067353,-0.0017650185808415486,0.03125,2048.0,6400000.0
1.0,4.0,2.0,1.0,1.0,1.0,39.0,32.0,-0.0030632107251067353,-0.0017650185808415486,0.0625,8192.0,6400000.0
8.0,1024.0,8.0,2.0,22.0,16.0,1924.0,1536.0,0.184803559555608,0.19082719424152972,0.00390625,32.0,6400000.0
1.0,4.0,2.0,1.0,1.0,1.0,39.0,32.0,-0.0030632107251067353,-0.0017650185808415486,0.25,128.0,6400000.0
4.0,4.0,2.0,3.0,25.0,16.0,716.0,2048.0,0.16352554119419205,0.1694831032109293,0.015625,0.000976562,6400000.0
1.0,1024.0,8.0,1.0,1.0,1.0,543.0,32.0,-0.0030632107251067353,-0.0017650185808415486,0.00390625,128.0,6400000.0
1.0,4.0,2.0,1.0,1.0,1.0,39.0,32.0,-0.0030632107251067353,-0.0017650185808415486,0.125,32768.0,6400000.0
3.0,1024.0,8.0,2.0,9.0,6.0,1295.0,576.0,0.10115259004895938,0.10346957106453547,0.00390625,64.0,6400000.0
1.0,4.0,2.0,1.0,1.0,1.0,39.0,32.0,-0.0030632107251067353,-0.0017650185808415486,1.0,2048.0,6400000.0
1.0,1024.0,8.0,1.0,1.0,1.0,543.0,32.0,-0.0030632107251067353,-0.0017650185808415486,0.00390625,256.0,6400000.0
4.0,4.0,2.0,3.0,25.0,16.0,716.0,2048.0,0.16352554119419205,0.1694831032109293,0.03125,0.00390625,6400000.0
1.0,4.0,2.0,1.0,1.0,1.0,39.0,32.0,-0.0030632107251067353,-0.0017650185808415486,0.5,512.0,6400000.0
4.0,4.0,2.0,3.0,25.0,16.0,716.0,2048.0,0.16352554119419205,0.1694831032109293,0.5,0.000976562,6400000.0
4.0,4.0,2.0,3.0,25.0,16.0,716.0,2048.0,0.16352554119419205,0.1694831032109293,0.0078125,0.25,6400000.0
1.0,1.0,1.0,1.0,1.0,1.0,35.0,32.0,-0.0030632107251067353,-0.0017650185808415486,16384.0,0.125,6400000.0
4.0,4.0,2.0,3.0,25.0,16.0,716.0,2048.0,0.16352554119419205,0.1694831032109293,0.125,0.0625,6400000.0
4.0,4.0,2.0,3.0,25.0,16.0,716.0,2048.0,0.16352554119419205,0.1694831032109293,0.00390625,0.0625,6400000.0
4.0,4.0,2.0,3.0,25.0,16.0,716.0,2048.0,0.16352554119419205,0.1694831032109293,1.0,0.00390625,6400000.0
1.0,1024.0,8.0,1.0,1.0,1.0,543.0,32.0,-0.0030632107251067353,-0.0017650185808415486,0.00390625,1024.0,6400000.0
1.0,1024.0,8.0,1.0,1.0,1.0,543.0,32.0,-0.0030632107251067353,-0.0017650185808415486,0.00390625,16384.0,6400000.0
1.0,1024.0,8.0,1.0,1.0,1.0,543.0,32.0,-0.0030632107251067353,-0.0017650185808415486,0.00390625,512.0,6400000.0
1.0,1024.0,8.0,1.0,1.0,1.0,543.0,32.0,-0.0030632107251067353,-0.0017650185808415486,0.00390625,2048.0,6400000.0
4.0,4.0,2.0,3.0,25.0,16.0,716.0,2048.0,0.16352554119419205,0.1694831032109293,2.0,0.015625,6400000.0
4.0,4.0,2.0,3.0,25.0,16.0,716.0,2048.0,0.16352554119419205,0.1694831032109293,0.25,0.25,6400000.0
1.0,1024.0,8.0,1.0,1.0,1.0,543.0,32.0,-0.0030632107251067353,-0.0017650185808415486,0.00390625,4096.0,6400000.0
1.0,1024.0,8.0,1.0,1.0,1.0,543.0,32.0,-0.0030632107251067353,-0.0017650185808415486,0.00390625,8192.0,6400000.0
1.0,1024.0,8.0,1.0,1.0,1.0,543.0,32.0,-0.0030632107251067353,-0.0017650185808415486,0.00390625,32768.0,6400000.0
4.0,4.0,2.0,3.0,25.0,16.0,716.0,2048.0,0.16352554119419205,0.1694831032109293,0.0625,0.015625,6400000.0
4.0,4.0,2.0,3.0,25.0,16.0,716.0,2048.0,0.16352554119419205,0.1694831032109293,0.015625,1.0,6400000.0
1.0,1.0,1.0,1.0,1.0,1.0,35.0,32.0,-0.0030632107251067353,-0.0017650185808415486,16384.0,0.00195312,6400000.0
1024.0,1024.0,8.0,9.0,32603.0,30581.0,1253260.0,4761888.0,0.8325707755550112,0.8358218513315995,0.0078125,0.0,6400000.0
1024.0,1024.0,8.0,9.0,32826.0,30845.0,1263221.0,4804128.0,0.8293203748282341,0.8376860270238163,0.0078125,0.000976562,6400000.0
1.0,4.0,2.0,1.0,1.0,1.0,39.0,32.0,-0.0030632107251067353,-0.0017650185808415486,0.0078125,256.0,6400000.0
541.0,1024.0,8.0,9.0,18123.0,16220.0,680170.0,2525952.0,0.8264330591831552,0.830700021163523,0.0078125,0.00195312,6400000.0
1.0,4.0,2.0,1.0,1.0,1.0,39.0,32.0,-0.0030632107251067353,-0.0017650185808415486,0.015625,1024.0,6400000.0
308.0,1024.0,8.0,9.0,11003.0,9259.0,400831.0,1442016.0,0.8165148724514086,0.8203119750723863,0.0078125,0.00390625,6400000.0
4.0,4.0,2.0,3.0,25.0,16.0,716.0,2048.0,0.16352554119419205,0.1694831032109293,0.5,1.0,6400000.0
4.0,4.0,2.0,3.0,25.0,16.0,716.0,2048.0,0.16352554119419205,0.1694831032109293,0.03125,4.0,6400000.0
3.0,4.0,2.0,2.0,9.0,6.0,287.0,576.0,0.10115259004895938,0.10346957106453547,0.00390625,64.0,6400000.0
197.0,1024.0,8.0,9.0,7498.0,6009.0,266682.0,936224.0,0.8084815392321167,0.8088025088929355,0.0078125,0.0078125,6400000.0
65.0,1024.0,8.0,9.0,2747.0,1989.0,92896.0,309920.0,0.737781128329591,0.7386522182513137,0.0078125,0.0625,6400000.0
4.0,4.0,2.0,3.0,25.0,16.0,716.0,2048.0,0.16352554119419205,0.1694831032109293,1.0,4.0,6400000.0
100.0,1024.0,8.0,9.0,4007.0,3014.0,138599.0,469440.0,0.7529797050839018,0.7583606436081898,0.0078125,0.03125,6400000.0
159.0,1024.0,8.0,9.0,6200.0,4880.0,218457.0,760448.0,0.7961735777729269,0.8024859189845178,0.0078125,0.015625,6400000.0
4.0,4.0,2.0,3.0,16.0,10.0,468.0,1088.0,0.14347181393305986,0.14672870433145024,0.0625,16.0,6400000.0
51.0,1024.0,8.0,9.0,2146.0,1523.0,71364.0,237152.0,0.7042908721591019,0.7061535339286464,0.0078125,0.125,6400000.0
43.0,1024.0,8.0,9.0,1820.0,1333.0,62019.0,207776.0,0.6850279349113759,0.6951658200982608,0.0078125,0.25,6400000.0
35.0,1024.0,8.0,9.0,1170.0,940.0,41902.0,145920.0,0.6093046697253826,0.6125519678384939,0.0078125,1.0,6400000.0
4.0,4.0,2.0,3.0,25.0,16.0,716.0,2048.0,0.16352554119419205,0.1694831032109293,0.0078125,0.0,6400000.0
4.0,4.0,2.0,3.0,16.0,10.0,468.0,1088.0,0.14347181393305986,0.14672870433145024,2.0,16.0,6400000.0
3.0,4.0,2.0,2.0,9.0,6.0,287.0,576.0,0.10115259004895938,0.10346957106453547,0.125,64.0,6400000.0
34.0,1024.0,8.0,9.0,461.0,362.0,17539.0,53568.0,0.4871949573852562,0.49102114603945524,0.0078125,2.0,6400000.0
1.0,1.0,1.0,1.0,1.0,1.0,35.0,32.0,-0.0030632107251067353,-0.0017650185808415486,16384.0,16.0,6400000.0
8.0,1024.0,8.0,2.0,22.0,16.0,1924.0,1536.0,0.184803559555608,0.19082719424152972,0.0078125,32.0,6400000.0
16.0,1024.0,8.0,3.0,67.0,47.0,3700.0,5472.0,0.28428173420704106,0.29213228260301216,0.0078125,8.0,6400000.0
1.0,4.0,2.0,1.0,1.0,1.0,39.0,32.0,-0.0030632107251067353,-0.0017650185808415486,0.03125,4096.0,6400000.0
41.0,1024.0,8.0,9.0,1564.0,1204.0,54829.0,187392.0,0.675685504144018,0.6677501451569227,0.0078125,0.5,6400000.0
29.0,1024.0,8.0,9.0,205.0,156.0,9076.0,21248.0,0.40735776232514465,0.41510468520174093,0.0078125,4.0,6400000.0
1.0,4.0,2.0,1.0,1.0,1.0,39.0,32.0,-0.0030632107251067353,-0.0017650185808415486,0.0625,16384.0,6400000.0
11.0,1024.0,8.0,3.0,35.0,26.0,2559.0,2752.0,0.23801654357424562,0.2440154241847443,0.0078125,16.0,6400000.0
3.0,1024.0,8.0,2.0,9.0,6.0,1295.0,576.0,0.10115259004895938,0.10346957106453547,0.0078125,64.0,6400000.0
1.0,4.0,2.0,1.0,1.0,1.0,39.0,32.0,-0.0030632107251067353,-0.0017650185808415486,0.25,256.0,6400000.0
1.0,1024.0,8.0,1.0,1.0,1.0,543.0,32.0,-0.0030632107251067353,-0.0017650185808415486,0.0078125,128.0,6400000.0
4.0,4.0,2.0,3.0,25.0,16.0,716.0,2048.0,0.16352554119419205,0.1694831032109293,0.015625,0.00195312,6400000.0
4.0,4.0,2.0,3.0,25.0,16.0,716.0,2048.0,0.16352554119419205,0.1694831032109293,0.25,0.0,6400000.0
1.0,4.0,2.0,1.0,1.0,1.0,39.0,32.0,-0.0030632107251067353,-0.0017650185808415486,1.0,4096.0,6400000.0
1.0,1024.0,8.0,1.0,1.0,1.0,543.0,32.0,-0.0030632107251067353,-0.0017650185808415486,0.0078125,256.0,6400000.0
4.0,4.0,2.0,3.0,25.0,16.0,716.0,2048.0,0.16352554119419205,0.1694831032109293,0.03125,0.0078125,6400000.0
4.0,4.0,2.0,3.0,25.0,16.0,716.0,2048.0,0.16352554119419205,0.1694831032109293,0.5,0.00195312,6400000.0
1.0,4.0,2.0,1.0,1.0,1.0,39.0,32.0,-0.0030632107251067353,-0.0017650185808415486,0.5,1024.0,6400000.0
1.0,1024.0,8.0,1.0,1.0,1.0,543.0,32.0,-0.0030632107251067353,-0.0017650185808415486,0.0078125,512.0,6400000.0
1.0,1.0,1.0,1.0,1.0,1.0,35.0,32.0,-0.0030632107251067353,-0.0017650185808415486,16384.0,0.25,6400000.0
1.0,1024.0,8.0,1.0,1.0,1.0,543.0,32.0,-0.0030632107251067353,-0.0017650185808415486,0.0078125,1024.0,6400000.0
4.0,4.0,2.0,3.0,25.0,16.0,716.0,2048.0,0.16352554119419205,0.1694831032109293,0.0078125,0.5,6400000.0
1.0,4.0,2.0,1.0,1.0,1.0,39.0,32.0,-0.0030632107251067353,-0.0017650185808415486,2.0,16384.0,6400000.0
4.0,4.0,2.0,3.0,25.0,16.0,716.0,2048.0,0.16352554119419205,0.1694831032109293,0.125,0.125,6400000.0
4.0,4.0,2.0,3.0,25.0,16.0,716.0,2048.0,0.16352554119419205,0.1694831032109293,1.0,0.0078125,6400000.0
4.0,4.0,2.0,3.0,25.0,16.0,716.0,2048.0,0.16352554119419205,0.1694831032109293,0.0625,0.03125,6400000.0
4.0,4.0,2.0,3.0,25.0,16.0,716.0,2048.0,0.16352554119419205,0.1694831032109293,2.0,0.03125,6400000.0
4.0,4.0,2.0,3.0,25.0,16.0,716.0,2048.0,0.16352554119419205,0.1694831032109293,0.25,0.5,6400000.0
1.0,1024.0,8.0,1.0,1.0,1.0,543.0,32.0,-0.0030632107251067353,-0.0017650185808415486,0.0078125,4096.0,6400000.0
4.0,4.0,2.0,3.0,25.0,16.0,716.0,2048.0,0.16352554119419205,0.1694831032109293,0.015625,2.0,6400000.0
1.0,1024.0,8.0,1.0,1.0,1.0,543.0,32.0,-0.0030632107251067353,-0.0017650185808415486,0.0078125,16384.0,6400000.0
1.0,1024.0,8.0,1.0,1.0,1.0,543.0,32.0,-0.0030632107251067353,-0.0017650185808415486,0.0078125,8192.0,6400000.0
1.0,1024.0,8.0,1.0,1.0,1.0,543.0,32.0,-0.0030632107251067353,-0.0017650185808415486,0.0078125,2048.0,6400000.0
1.0,1024.0,8.0,1.0,1.0,1.0,543.0,32.0,-0.0030632107251067353,-0.0017650185808415486,0.0078125,32768.0,6400000.0
1.0,1.0,1.0,1.0,1.0,1.0,35.0,32.0,-0.0030632107251067353,-0.0017650185808415486,16384.0,0.00390625,6400000.0
1.0,4.0,2.0,1.0,1.0,1.0,39.0,32.0,-0.0030632107251067353,-0.0017650185808415486,0.0078125,512.0,6400000.0
1024.0,1024.0,8.0,9.0,32603.0,30581.0,1253260.0,4761888.0,0.8325707755550112,0.8358218513315995,0.015625,0.0,6400000.0
308.0,1024.0,8.0,9.0,11003.0,9259.0,400831.0,1442016.0,0.8165148724514086,0.8203119750723863,0.015625,0.00390625,6400000.0
4.0,4.0,2.0,3.0,24.0,15.0,681.0,1888.0,0.16336860696584554,0.16830274621810715,0.03125,8.0,6400000.0
1.0,4.0,2.0,1.0,1.0,1.0,39.0,32.0,-0.0030632107251067353,-0.0017650185808415486,0.015625,2048.0,6400000.0
1024.0,1024.0,8.0,9.0,32826.0,30845.0,1263221.0,4804128.0,0.8293203748282341,0.8376860270238163,0.015625,0.000976562,6400000.0
197.0,1024.0,8.0,9.0,7498.0,6009.0,266682.0,936224.0,0.8084815392321167,0.8088025088929355,0.015625,0.0078125,6400000.0
541.0,1024.0,8.0,9.0,18123.0,16220.0,680170.0,2525952.0,0.8264330591831552,0.830700021163523,0.015625,0.00195312,6400000.0
4.0,4.0,2.0,3.0,25.0,16.0,716.0,2048.0,0.16352554119419205,0.1694831032109293,4.0,0.125,6400000.0
4.0,4.0,2.0,3.0,24.0,15.0,681.0,1888.0,0.16336860696584554,0.16830274621810715,1.0,8.0,6400000.0
159.0,1024.0,8.0,9.0,6200.0,4880.0,218457.0,760448.0,0.7961735777729269,0.8024859189845178,0.015625,0.015625,6400000.0
4.0,4.0,2.0,3.0,25.0,16.0,716.0,2048.0,0.16352554119419205,0.1694831032109293,0.5,2.0,6400000.0
1.0,4.0,2.0,1.0,1.0,1.0,39.0,32.0,-0.0030632107251067353,-0.0017650185808415486,0.125,128.0,6400000.0
43.0,1024.0,8.0,9.0,1820.0,1333.0,62019.0,207776.0,0.6850279349113759,0.6951658200982608,0.015625,0.25,6400000.0
4.0,4.0,2.0,2.0,12.0,8.0,386.0,768.0,0.12309422409684001,0.12713646261942835,2.0,32.0,6400000.0
4.0,4.0,2.0,2.0,12.0,8.0,386.0,768.0,0.12309422409684001,0.12713646261942835,0.0625,32.0,6400000.0
100.0,1024.0,8.0,9.0,4007.0,3014.0,138599.0,469440.0,0.7529797050839018,0.7583606436081898,0.015625,0.03125,6400000.0
65.0,1024.0,8.0,9.0,2747.0,1989.0,92896.0,309920.0,0.737781128329591,0.7386522182513137,0.015625,0.0625,6400000.0
1.0,1.0,1.0,1.0,1.0,1.0,35.0,32.0,-0.0030632107251067353,-0.0017650185808415486,16384.0,32.0,6400000.0
51.0,1024.0,8.0,9.0,2146.0,1523.0,71364.0,237152.0,0.7042908721591019,0.7061535339286464,0.015625,0.125,6400000.0
29.0,1024.0,8.0,9.0,205.0,156.0,9076.0,21248.0,0.40735776232514465,0.41510468520174093,0.015625,4.0,6400000.0
35.0,1024.0,8.0,9.0,1170.0,940.0,41902.0,145920.0,0.6093046697253826,0.6125519678384939,0.015625,1.0,6400000.0
41.0,1024.0,8.0,9.0,1564.0,1204.0,54829.0,187392.0,0.675685504144018,0.6677501451569227,0.015625,0.5,6400000.0
1.0,4.0,2.0,1.0,1.0,1.0,39.0,32.0,-0.0030632107251067353,-0.0017650185808415486,0.03125,8192.0,6400000.0
16.0,1024.0,8.0,3.0,67.0,47.0,3700.0,5472.0,0.28428173420704106,0.29213228260301216,0.015625,8.0,6400000.0
34.0,1024.0,8.0,9.0,461.0,362.0,17539.0,53568.0,0.4871949573852562,0.49102114603945524,0.015625,2.0,6400000.0
1.0,4.0,2.0,1.0,1.0,1.0,39.0,32.0,-0.0030632107251067353,-0.0017650185808415486,0.0625,32768.0,6400000.0
1.0,4.0,2.0,1.0,1.0,1.0,39.0,32.0,-0.0030632107251067353,-0.0017650185808415486,4.0,128.0,6400000.0
11.0,1024.0,8.0,3.0,35.0,26.0,2559.0,2752.0,0.23801654357424562,0.2440154241847443,0.015625,16.0,6400000.0
1.0,1024.0,8.0,1.0,1.0,1.0,543.0,32.0,-0.0030632107251067353,-0.0017650185808415486,0.015625,128.0,6400000.0
1.0,4.0,2.0,1.0,1.0,1.0,39.0,32.0,-0.0030632107251067353,-0.0017650185808415486,0.25,512.0,6400000.0
1.0,1024.0,8.0,1.0,1.0,1.0,543.0,32.0,-0.0030632107251067353,-0.0017650185808415486,0.015625,256.0,6400000.0
8.0,1024.0,8.0,2.0,22.0,16.0,1924.0,1536.0,0.184803559555608,0.19082719424152972,0.015625,32.0,6400000.0
3.0,1024.0,8.0,2.0,9.0,6.0,1295.0,576.0,0.10115259004895938,0.10346957106453547,0.015625,64.0,6400000.0
4.0,4.0,2.0,3.0,25.0,16.0,716.0,2048.0,0.16352554119419205,0.1694831032109293,0.015625,0.00390625,6400000.0
4.0,4.0,2.0,3.0,25.0,16.0,716.0,2048.0,0.16352554119419205,0.1694831032109293,0.5,0.00390625,6400000.0
4.0,4.0,2.0,3.0,25.0,16.0,716.0,2048.0,0.16352554119419205,0.1694831032109293,0.25,0.000976562,6400000.0
4.0,4.0,2.0,3.0,25.0,16.0,716.0,2048.0,0.16352554119419205,0.1694831032109293,0.03125,0.015625,6400000.0
1.0,4.0,2.0,1.0,1.0,1.0,39.0,32.0,-0.0030632107251067353,-0.0017650185808415486,1.0,8192.0,6400000.0
1.0,1.0,1.0,1.0,1.0,1.0,35.0,32.0,-0.0030632107251067353,-0.0017650185808415486,16384.0,0.5,6400000.0
1.0,1024.0,8.0,1.0,1.0,1.0,543.0,32.0,-0.0030632107251067353,-0.0017650185808415486,0.015625,512.0,6400000.0
1.0,1024.0,8.0,1.0,1.0,1.0,543.0,32.0,-0.0030632107251067353,-0.0017650185808415486,0.015625,1024.0,6400000.0
1.0,4.0,2.0,1.0,1.0,1.0,39.0,32.0,-0.0030632107251067353,-0.0017650185808415486,0.5,2048.0,6400000.0
4.0,4.0,2.0,3.0,25.0,16.0,716.0,2048.0,0.16352554119419205,0.1694831032109293,1.0,0.015625,6400000.0
1.0,1024.0,8.0,1.0,1.0,1.0,543.0,32.0,-0.0030632107251067353,-0.0017650185808415486,0.015625,8192.0,6400000.0
4.0,4.0,2.0,3.0,25.0,16.0,716.0,2048.0,0.16352554119419205,0.1694831032109293,0.125,0.25,6400000.0
1.0,1024.0,8.0,1.0,1.0,1.0,543.0,32.0,-0.0030632107251067353,-0.0017650185808415486,0.015625,2048.0,6400000.0
1.0,1024.0,8.0,1.0,1.0,1.0,543.0,32.0,-0.0030632107251067353,-0.0017650185808415486,0.015625,4096.0,6400000.0
4.0,4.0,2.0,3.0,25.0,16.0,716.0,2048.0,0.16352554119419205,0.1694831032109293,0.0625,0.0625,6400000.0
1.0,4.0,2.0,1.0,1.0,1.0,39.0,32.0,-0.0030632107251067353,-0.0017650185808415486,2.0,32768.0,6400000.0
4.0,4.0,2.0,3.0,25.0,16.0,716.0,2048.0,0.16352554119419205,0.1694831032109293,2.0,0.0625,6400000.0
4.0,4.0,2.0,3.0,25.0,16.0,716.0,2048.0,0.16352554119419205,0.1694831032109293,0.25,1.0,6400000.0
4.0,4.0,2.0,3.0,25.0,16.0,716.0,2048.0,0.16352554119419205,0.1694831032109293,0.015625,4.0,6400000.0
4.0,4.0,2.0,3.0,25.0,16.0,716.0,2048.0,0.16352554119419205,0.1694831032109293,8.0,0.000976562,6400000.0
1.0,1024.0,8.0,1.0,1.0,1.0,543.0,32.0,-0.0030632107251067353,-0.0017650185808415486,0.015625,32768.0,6400000.0
1.0,1.0,1.0,1.0,1.0,1.0,35.0,32.0,-0.0030632107251067353,-0.0017650185808415486,16384.0,0.0078125,6400000.0
1.0,1024.0,8.0,1.0,1.0,1.0,543.0,32.0,-0.0030632107251067353,-0.0017650185808415486,0.015625,16384.0,6400000.0
1.0,4.0,2.0,1.0,1.0,1.0,39.0,32.0,-0.0030632107251067353,-0.0017650185808415486,0.015625,4096.0,6400000.0
4.0,4.0,2.0,3.0,16.0,10.0,468.0,1088.0,0.14347181393305986,0.14672870433145024,0.03125,16.0,6400000.0
1024.0,1024.0,8.0,9.0,32603.0,30581.0,1253260.0,4761888.0,0.8325707755550112,0.8358218513315995,0.03125,0.0,6400000.0
1024.0,1024.0,8.0,9.0,32826.0,30845.0,1263221.0,4804128.0,0.8293203748282341,0.8376860270238163,0.03125,0.000976562,6400000.0
197.0,1024.0,8.0,9.0,7498.0,6009.0,266682.0,936224.0,0.8084815392321167,0.8088025088929355,0.03125,0.0078125,6400000.0
159.0,1024.0,8.0,9.0,6200.0,4880.0,218457.0,760448.0,0.7961735777729269,0.8024859189845178,0.03125,0.015625,6400000.0
4.0,4.0,2.0,3.0,16.0,10.0,468.0,1088.0,0.14347181393305986,0.14672870433145024,1.0,16.0,6400000.0
4.0,4.0,2.0,3.0,25.0,16.0,716.0,2048.0,0.16352554119419205,0.1694831032109293,0.5,4.0,6400000.0
4.0,4.0,2.0,3.0,25.0,16.0,716.0,2048.0,0.16352554119419205,0.1694831032109293,4.0,0.25,6400000.0
541.0,1024.0,8.0,9.0,18123.0,16220.0,680170.0,2525952.0,0.8264330591831552,0.830700021163523,0.03125,0.00195312,6400000.0
308.0,1024.0,8.0,9.0,11003.0,9259.0,400831.0,1442016.0,0.8165148724514086,0.8203119750723863,0.03125,0.00390625,6400000.0
65.0,1024.0,8.0,9.0,2747.0,1989.0,92896.0,309920.0,0.737781128329591,0.7386522182513137,0.03125,0.0625,6400000.0
100.0,1024.0,8.0,9.0,4007.0,3014.0,138599.0,469440.0,0.7529797050839018,0.7583606436081898,0.03125,0.03125,6400000.0
3.0,4.0,2.0,2.0,9.0,6.0,287.0,576.0,0.10115259004895938,0.10346957106453547,0.0625,64.0,6400000.0
4.0,4.0,2.0,3.0,25.0,16.0,716.0,2048.0,0.16352554119419205,0.1694831032109293,8.0,1.0,6400000.0
3.0,4.0,2.0,2.0,9.0,6.0,287.0,576.0,0.10115259004895938,0.10346957106453547,2.0,64.0,6400000.0
1.0,4.0,2.0,1.0,1.0,1.0,39.0,32.0,-0.0030632107251067353,-0.0017650185808415486,0.125,256.0,6400000.0
43.0,1024.0,8.0,9.0,1820.0,1333.0,62019.0,207776.0,0.6850279349113759,0.6951658200982608,0.03125,0.25,6400000.0
1.0,1.0,1.0,1.0,1.0,1.0,35.0,32.0,-0.0030632107251067353,-0.0017650185808415486,16384.0,64.0,6400000.0
41.0,1024.0,8.0,9.0,1564.0,1204.0,54829.0,187392.0,0.675685504144018,0.6677501451569227,0.03125,0.5,6400000.0
1.0,4.0,2.0,1.0,1.0,1.0,39.0,32.0,-0.0030632107251067353,-0.0017650185808415486,0.03125,16384.0,6400000.0
1.0,4.0,2.0,1.0,1.0,1.0,39.0,32.0,-0.0030632107251067353,-0.0017650185808415486,4.0,256.0,6400000.0
51.0,1024.0,8.0,9.0,2146.0,1523.0,71364.0,237152.0,0.7042908721591019,0.7061535339286464,0.03125,0.125,6400000.0
34.0,1024.0,8.0,9.0,461.0,362.0,17539.0,53568.0,0.4871949573852562,0.49102114603945524,0.03125,2.0,6400000.0
4.0,4.0,2.0,3.0,25.0,16.0,716.0,2048.0,0.16352554119419205,0.1694831032109293,0.125,0.0,6400000.0
16.0,1024.0,8.0,3.0,67.0,47.0,3700.0,5472.0,0.28428173420704106,0.29213228260301216,0.03125,8.0,6400000.0
1.0,4.0,2.0,1.0,1.0,1.0,39.0,32.0,-0.0030632107251067353,-0.0017650185808415486,0.25,1024.0,6400000.0
3.0,1024.0,8.0,2.0,9.0,6.0,1295.0,576.0,0.10115259004895938,0.10346957106453547,0.03125,64.0,6400000.0
29.0,1024.0,8.0,9.0,205.0,156.0,9076.0,21248.0,0.40735776232514465,0.41510468520174093,0.03125,4.0,6400000.0
30.0,1024.0,8.0,9.0,1041.0,826.0,37179.0,128320.0,0.5615679503947415,0.5680515837886942,0.03125,1.0,6400000.0
1.0,4.0,2.0,1.0,1.0,1.0,39.0,32.0,-0.0030632107251067353,-0.0017650185808415486,8.0,1024.0,6400000.0
11.0,1024.0,8.0,3.0,35.0,26.0,2559.0,2752.0,0.23801654357424562,0.2440154241847443,0.03125,16.0,6400000.0
1.0,1024.0,8.0,1.0,1.0,1.0,543.0,32.0,-0.0030632107251067353,-0.0017650185808415486,0.03125,256.0,6400000.0
8.0,1024.0,8.0,2.0,22.0,16.0,1924.0,1536.0,0.184803559555608,0.19082719424152972,0.03125,32.0,6400000.0
1.0,1024.0,8.0,1.0,1.0,1.0,543.0,32.0,-0.0030632107251067353,-0.0017650185808415486,0.03125,512.0,6400000.0
1.0,1024.0,8.0,1.0,1.0,1.0,543.0,32.0,-0.0030632107251067353,-0.0017650185808415486,0.03125,128.0,6400000.0
4.0,4.0,2.0,3.0,25.0,16.0,716.0,2048.0,0.16352554119419205,0.1694831032109293,0.25,0.00195312,6400000.0
1.0,1.0,1.0,1.0,1.0,1.0,35.0,32.0,-0.0030632107251067353,-0.0017650185808415486,16384.0,1.0,6400000.0
1.0,4.0,2.0,1.0,1.0,1.0,39.0,32.0,-0.0030632107251067353,-0.0017650185808415486,1.0,16384.0,6400000.0
4.0,4.0,2.0,3.0,25.0,16.0,716.0,2048.0,0.16352554119419205,0.1694831032109293,0.5,0.0078125,6400000.0
4.0,4.0,2.0,3.0,25.0,16.0,716.0,2048.0,0.16352554119419205,0.1694831032109293,0.03125,0.03125,6400000.0
4.0,4.0,2.0,3.0,25.0,16.0,716.0,2048.0,0.16352554119419205,0.1694831032109293,0.125,0.5,6400000.0
1.0,4.0,2.0,1.0,1.0,1.0,39.0,32.0,-0.0030632107251067353,-0.0017650185808415486,0.5,4096.0,6400000.0
1.0,1024.0,8.0,1.0,1.0,1.0,543.0,32.0,-0.0030632107251067353,-0.0017650185808415486,0.03125,1024.0,6400000.0
1.0,1024.0,8.0,1.0,1.0,1.0,543.0,32.0,-0.0030632107251067353,-0.0017650185808415486,0.03125,16384.0,6400000.0
4.0,4.0,2.0,3.0,25.0,16.0,716.0,2048.0,0.16352554119419205,0.1694831032109293,1.0,0.03125,6400000.0
4.0,4.0,2.0,3.0,25.0,16.0,716.0,2048.0,0.16352554119419205,0.1694831032109293,4.0,0.0,6400000.0
1.0,1024.0,8.0,1.0,1.0,1.0,543.0,32.0,-0.0030632107251067353,-0.0017650185808415486,0.03125,2048.0,6400000.0
4.0,4.0,2.0,3.0,25.0,16.0,716.0,2048.0,0.16352554119419205,0.1694831032109293,2.0,0.125,6400000.0
1.0,1024.0,8.0,1.0,1.0,1.0,543.0,32.0,-0.0030632107251067353,-0.0017650185808415486,0.03125,4096.0,6400000.0
4.0,4.0,2.0,3.0,25.0,16.0,716.0,2048.0,0.16352554119419205,0.1694831032109293,0.25,2.0,6400000.0
4.0,4.0,2.0,3.0,25.0,16.0,716.0,2048.0,0.16352554119419205,0.1694831032109293,0.0625,0.125,6400000.0
1.0,1024.0,8.0,1.0,1.0,1.0,543.0,32.0,-0.0030632107251067353,-0.0017650185808415486,0.03125,32768.0,6400000.0
1.0,1024.0,8.0,1.0,1.0,1.0,543.0,32.0,-0.0030632107251067353,-0.0017650185808415486,0.03125,8192.0,6400000.0
4.0,4.0,2.0,3.0,25.0,16.0,716.0,2048.0,0.16352554119419205,0.1694831032109293,8.0,0.00195312,6400000.0
4.0,4.0,2.0,3.0,26.0,16.0,794.0,2048.0,0.15332061730329605,0.1577990094914603,16.0,0.0078125,6400000.0
1024.0,1024.0,8.0,9.0,32603.0,30581.0,1253260.0,4761888.0,0.8325707755550112,0.8358218513315995,0.0625,0.0,6400000.0
541.0,1024.0,8.0,9.0,18123.0,16220.0,680170.0,2525952.0,0.8264330591831552,0.830700021163523,0.0625,0.00195312,6400000.0
4.0,4.0,2.0,2.0,12.0,8.0,386.0,768.0,0.12309422409684001,0.12713646261942835,0.03125,32.0,6400000.0
4.0,4.0,2.0,3.0,24.0,15.0,681.0,1888.0,0.16336860696584554,0.16830274621810715,0.5,8.0,6400000.0
1024.0,1024.0,8.0,9.0,32826.0,30845.0,1263221.0,4804128.0,0.8293203748282341,0.8376860270238163,0.0625,0.000976562,6400000.0
197.0,1024.0,8.0,9.0,7498.0,6009.0,266682.0,936224.0,0.8084815392321167,0.8088025088929355,0.0625,0.0078125,6400000.0
308.0,1024.0,8.0,9.0,11003.0,9259.0,400831.0,1442016.0,0.8165148724514086,0.8203119750723863,0.0625,0.00390625,6400000.0
4.0,4.0,2.0,3.0,25.0,16.0,716.0,2048.0,0.16352554119419205,0.1694831032109293,4.0,0.5,6400000.0
4.0,4.0,2.0,2.0,12.0,8.0,386.0,768.0,0.12309422409684001,0.12713646261942835,1.0,32.0,6400000.0
1.0,4.0,2.0,1.0,1.0,1.0,39.0,32.0,-0.0030632107251067353,-0.0017650185808415486,0.0625,128.0,6400000.0
65.0,1024.0,8.0,9.0,2747.0,1989.0,92896.0,309920.0,0.737781128329591,0.7386522182513137,0.0625,0.0625,6400000.0
159.0,1024.0,8.0,9.0,6200.0,4880.0,218457.0,760448.0,0.7961735777729269,0.8024859189845178,0.0625,0.015625,6400000.0
51.0,1024.0,8.0,9.0,2146.0,1523.0,71364.0,237152.0,0.7042908721591019,0.7061535339286464,0.0625,0.125,6400000.0
100.0,1024.0,8.0,9.0,4007.0,3014.0,138599.0,469440.0,0.7529797050839018,0.7583606436081898,0.0625,0.03125,6400000.0
1.0,1.0,1.0,1.0,1.0,1.0,35.0,32.0,-0.0030632107251067353,-0.0017650185808415486,16384.0,128.0,6400000.0
41.0,1024.0,8.0,9.0,1564.0,1204.0,54829.0,187392.0,0.675685504144018,0.6677501451569227,0.0625,0.5,6400000.0
4.0,4.0,2.0,2.0,19.0,12.0,537.0,1408.0,0.14196947312511288,0.1453711613961719,16.0,8.0,6400000.0
43.0,1024.0,8.0,9.0,1820.0,1333.0,62019.0,207776.0,0.6850279349113759,0.6951658200982608,0.0625,0.25,6400000.0
1.0,4.0,2.0,1.0,1.0,1.0,39.0,32.0,-0.0030632107251067353,-0.0017650185808415486,2.0,128.0,6400000.0
1.0,4.0,2.0,1.0,1.0,1.0,39.0,32.0,-0.0030632107251067353,-0.0017650185808415486,0.125,512.0,6400000.0
4.0,4.0,2.0,3.0,25.0,16.0,716.0,2048.0,0.16352554119419205,0.1694831032109293,8.0,2.0,6400000.0
4.0,4.0,2.0,3.0,25.0,16.0,716.0,2048.0,0.16352554119419205,0.1694831032109293,0.125,0.000976562,6400000.0
1.0,4.0,2.0,1.0,1.0,1.0,39.0,32.0,-0.0030632107251067353,-0.0017650185808415486,0.03125,32768.0,6400000.0
30.0,1024.0,8.0,9.0,1041.0,826.0,37179.0,128320.0,0.5615679503947415,0.5680515837886942,0.0625,1.0,6400000.0
1.0,4.0,2.0,1.0,1.0,1.0,39.0,32.0,-0.0030632107251067353,-0.0017650185808415486,0.25,2048.0,6400000.0
34.0,1024.0,8.0,9.0,461.0,362.0,17539.0,53568.0,0.4871949573852562,0.49102114603945524,0.0625,2.0,6400000.0
29.0,1024.0,8.0,9.0,205.0,156.0,9076.0,21248.0,0.40735776232514465,0.41510468520174093,0.0625,4.0,6400000.0
1.0,4.0,2.0,1.0,1.0,1.0,39.0,32.0,-0.0030632107251067353,-0.0017650185808415486,8.0,2048.0,6400000.0
16.0,1024.0,8.0,3.0,67.0,47.0,3700.0,5472.0,0.28428173420704106,0.29213228260301216,0.0625,8.0,6400000.0
1.0,4.0,2.0,1.0,1.0,1.0,39.0,32.0,-0.0030632107251067353,-0.0017650185808415486,4.0,512.0,6400000.0
1.0,1024.0,8.0,1.0,1.0,1.0,543.0,32.0,-0.0030632107251067353,-0.0017650185808415486,0.0625,256.0,6400000.0
8.0,1024.0,8.0,2.0,22.0,16.0,1924.0,1536.0,0.184803559555608,0.19082719424152972,0.0625,32.0,6400000.0
1.0,1024.0,8.0,1.0,1.0,1.0,543.0,32.0,-0.0030632107251067353,-0.0017650185808415486,0.0625,1024.0,6400000.0
11.0,1024.0,8.0,3.0,35.0,26.0,2559.0,2752.0,0.23801654357424562,0.2440154241847443,0.0625,16.0,6400000.0
3.0,1024.0,8.0,2.0,9.0,6.0,1295.0,576.0,0.10115259004895938,0.10346957106453547,0.0625,64.0,6400000.0
1.0,1024.0,8.0,1.0,1.0,1.0,543.0,32.0,-0.0030632107251067353,-0.0017650185808415486,0.0625,512.0,6400000.0
1.0,1.0,1.0,1.0,1.0,1.0,35.0,32.0,-0.0030632107251067353,-0.0017650185808415486,16384.0,2.0,6400000.0
4.0,4.0,2.0,3.0,25.0,16.0,716.0,2048.0,0.16352554119419205,0.1694831032109293,0.25,0.00390625,6400000.0
1.0,1024.0,8.0,1.0,1.0,1.0,543.0,32.0,-0.0030632107251067353,-0.0017650185808415486,0.0625,128.0,6400000.0
1.0,1024.0,8.0,1.0,1.0,1.0,543.0,32.0,-0.0030632107251067353,-0.0017650185808415486,0.0625,2048.0,6400000.0
1.0,4.0,2.0,1.0,1.0,1.0,39.0,32.0,-0.0030632107251067353,-0.0017650185808415486,16.0,8192.0,6400000.0
4.0,4.0,2.0,3.0,25.0,16.0,716.0,2048.0,0.16352554119419205,0.1694831032109293,0.5,0.015625,6400000.0
1.0,4.0,2.0,1.0,1.0,1.0,39.0,32.0,-0.0030632107251067353,-0.0017650185808415486,0.5,8192.0,6400000.0
1.0,4.0,2.0,1.0,1.0,1.0,39.0,32.0,-0.0030632107251067353,-0.0017650185808415486,1.0,32768.0,6400000.0
4.0,4.0,2.0,3.0,25.0,16.0,716.0,2048.0,0.16352554119419205,0.1694831032109293,0.125,1.0,6400000.0
4.0,4.0,2.0,3.0,25.0,16.0,716.0,2048.0,0.16352554119419205,0.1694831032109293,4.0,0.000976562,6400000.0
4.0,4.0,2.0,3.0,25.0,16.0,716.0,2048.0,0.16352554119419205,0.1694831032109293,1.0,0.0625,6400000.0
4.0,4.0,2.0,3.0,25.0,16.0,716.0,2048.0,0.16352554119419205,0.1694831032109293,2.0,0.25,6400000.0
1.0,1024.0,8.0,1.0,1.0,1.0,543.0,32.0,-0.0030632107251067353,-0.0017650185808415486,0.0625,4096.0,6400000.0
4.0,4.0,2.0,3.0,25.0,16.0,716.0,2048.0,0.16352554119419205,0.1694831032109293,0.25,4.0,6400000.0
1.0,1024.0,8.0,1.0,1.0,1.0,543.0,32.0,-0.0030632107251067353,-0.0017650185808415486,0.0625,32768.0,6400000.0
1.0,1024.0,8.0,1.0,1.0,1.0,543.0,32.0,-0.0030632107251067353,-0.0017650185808415486,0.0625,16384.0,6400000.0
1.0,1024.0,8.0,1.0,1.0,1.0,543.0,32.0,-0.0030632107251067353,-0.0017650185808415486,0.0625,8192.0,6400000.0
4.0,4.0,2.0,3.0,25.0,16.0,716.0,2048.0,0.16352554119419205,0.1694831032109293,0.0625,0.25,6400000.0
4.0,4.0,2.0,3.0,25.0,16.0,716.0,2048.0,0.16352554119419205,0.1694831032109293,8.0,0.00390625,6400000.0
4.0,4.0,2.0,3.0,26.0,16.0,794.0,2048.0,0.15332061730329605,0.1577990094914603,16.0,0.015625,6400000.0
1024.0,1024.0,8.0,9.0,32607.0,30585.0,1253389.0,4762528.0,0.8319359840054754,0.8311381250356076,0.125,0.0,6400000.0
876.0,1024.0,8.0,9.0,28303.0,26371.0,1084249.0,4107232.0,0.8301809945969414,0.8321573287609172,0.125,0.00195312,6400000.0
1024.0,1024.0,8.0,9.0,32715.0,30733.0,1258494.0,4786208.0,0.8302170622223063,0.8314805530024353,0.125,0.000976562,6400000.0
1.0,1.0,1.0,2.0,3.0,2.0,108.0,192.0,0.03911015413878083,0.040912063041146696,0.00195312,32.0,6400000.0
295.0,1024.0,8.0,9.0,10659.0,8958.0,388139.0,1395520.0,0.8208563369528121,0.8191595796035255,0.125,0.00390625,6400000.0
1.0,1.0,1.0,1.0,1.0,1.0,35.0,32.0,-0.0030632107251067353,-0.0017650185808415486,16384.0,16384.0,6400000.0
3.0,4.0,2.0,2.0,9.0,6.0,287.0,576.0,0.10115259004895938,0.10346957106453547,1.0,64.0,6400000.0
4.0,4.0,2.0,3.0,16.0,10.0,468.0,1088.0,0.14347181393305986,0.14672870433145024,0.5,16.0,6400000.0
4.0,4.0,2.0,3.0,25.0,16.0,716.0,2048.0,0.16352554119419205,0.1694831032109293,4.0,1.0,6400000.0
1.0,1.0,1.0,1.0,1.0,1.0,35.0,32.0,-0.0030632107251067353,-0.0017650185808415486,16384.0,256.0,6400000.0
1.0,4.0,2.0,1.0,1.0,1.0,39.0,32.0,-0.0030632107251067353,-0.0017650185808415486,0.0625,256.0,6400000.0
4.0,4.0,2.0,2.0,26.0,16.0,786.0,2048.0,0.14616338393281836,0.1501171985359251,32.0,0.0625,6400000.0
1.0,4.0,2.0,1.0,1.0,1.0,39.0,32.0,-0.0030632107251067353,-0.0017650185808415486,0.125,1024.0,6400000.0
4.0,4.0,2.0,2.0,12.0,8.0,386.0,768.0,0.12309422409684001,0.12713646261942835,16.0,16.0,6400000.0
106.0,1024.0,8.0,9.0,4139.0,3123.0,143026.0,486112.0,0.7686952849652512,0.7706918130792335,0.125,0.03125,6400000.0
166.0,1024.0,8.0,9.0,6457.0,5027.0,226368.0,783072.0,0.7950779410687009,0.7931225301039775,0.125,0.0078125,6400000.0
61.0,1024.0,8.0,9.0,2460.0,1832.0,84123.0,285312.0,0.7151762692251282,0.7220700658776642,0.125,0.125,6400000.0
4.0,4.0,2.0,3.0,25.0,16.0,716.0,2048.0,0.16352554119419205,0.1694831032109293,8.0,4.0,6400000.0
36.0,1024.0,8.0,9.0,1401.0,1071.0,48791.0,166752.0,0.6178131966842346,0.6287000451115454,0.125,0.5,6400000.0
1.0,4.0,2.0,1.0,1.0,1.0,39.0,32.0,-0.0030632107251067353,-0.0017650185808415486,2.0,256.0,6400000.0
177.0,1024.0,8.0,9.0,6696.0,5379.0,238495.0,837984.0,0.7975097701860764,0.800709382282929,0.125,0.015625,6400000.0
1.0,4.0,2.0,1.0,1.0,1.0,39.0,32.0,-0.0030632107251067353,-0.0017650185808415486,0.25,4096.0,6400000.0
72.0,1024.0,8.0,9.0,2943.0,2166.0,100239.0,337344.0,0.7427629906807984,0.7448814976915925,0.125,0.0625,6400000.0
43.0,1024.0,8.0,9.0,1804.0,1333.0,61559.0,207776.0,0.6898004507178896,0.6900562968219308,0.125,0.25,6400000.0
4.0,4.0,2.0,3.0,25.0,16.0,716.0,2048.0,0.16352554119419205,0.1694831032109293,0.125,0.00195312,6400000.0
30.0,1024.0,8.0,9.0,1041.0,826.0,37179.0,128320.0,0.5615679503947415,0.5680515837886942,0.125,1.0,6400000.0
27.0,1024.0,8.0,9.0,487.0,378.0,18378.0,57024.0,0.48755456345803316,0.5011776158323638,0.125,2.0,6400000.0
1.0,4.0,2.0,1.0,1.0,1.0,39.0,32.0,-0.0030632107251067353,-0.0017650185808415486,4.0,1024.0,6400000.0
29.0,1024.0,8.0,9.0,205.0,156.0,9076.0,21248.0,0.40735776232514465,0.41510468520174093,0.125,4.0,6400000.0
1.0,4.0,2.0,1.0,1.0,1.0,39.0,32.0,-0.0030632107251067353,-0.0017650185808415486,8.0,4096.0,6400000.0
16.0,1024.0,8.0,3.0,67.0,47.0,3700.0,5472.0,0.28428173420704106,0.29213228260301216,0.125,8.0,6400000.0
8.0,1024.0,8.0,2.0,22.0,16.0,1924.0,1536.0,0.184803559555608,0.19082719424152972,0.125,32.0,6400000.0
3.0,4.0,2.0,2.0,9.0,6.0,287.0,576.0,0.10115259004895938,0.10346957106453547,32.0,64.0,6400000.0
4.0,4.0,2.0,3.0,25.0,16.0,716.0,2048.0,0.16352554119419205,0.1694831032109293,0.5,0.03125,6400000.0
11.0,1024.0,8.0,3.0,35.0,26.0,2559.0,2752.0,0.23801654357424562,0.2440154241847443,0.125,16.0,6400000.0
1.0,1024.0,8.0,1.0,1.0,1.0,543.0,32.0,-0.0030632107251067353,-0.0017650185808415486,0.125,128.0,6400000.0
3.0,1024.0,8.0,2.0,9.0,6.0,1295.0,576.0,0.10115259004895938,0.10346957106453547,0.125,64.0,6400000.0
1.0,4.0,2.0,1.0,1.0,1.0,39.0,32.0,-0.0030632107251067353,-0.0017650185808415486,0.5,16384.0,6400000.0
1.0,1.0,1.0,1.0,1.0,1.0,35.0,32.0,-0.0030632107251067353,-0.0017650185808415486,16384.0,4.0,6400000.0
4.0,4.0,2.0,3.0,25.0,16.0,716.0,2048.0,0.16352554119419205,0.1694831032109293,0.25,0.0078125,6400000.0
1.0,1024.0,8.0,1.0,1.0,1.0,543.0,32.0,-0.0030632107251067353,-0.0017650185808415486,0.125,256.0,6400000.0
1.0,1024.0,8.0,1.0,1.0,1.0,543.0,32.0,-0.0030632107251067353,-0.0017650185808415486,0.125,1024.0,6400000.0
1.0,4.0,2.0,1.0,1.0,1.0,39.0,32.0,-0.0030632107251067353,-0.0017650185808415486,16.0,16384.0,6400000.0
4.0,4.0,2.0,3.0,25.0,16.0,716.0,2048.0,0.16352554119419205,0.1694831032109293,0.125,2.0,6400000.0
1.0,1024.0,8.0,1.0,1.0,1.0,543.0,32.0,-0.0030632107251067353,-0.0017650185808415486,0.125,4096.0,6400000.0
1.0,1024.0,8.0,1.0,1.0,1.0,543.0,32.0,-0.0030632107251067353,-0.0017650185808415486,0.125,2048.0,6400000.0
4.0,4.0,2.0,3.0,24.0,15.0,681.0,1888.0,0.16336860696584554,0.16830274621810715,0.25,8.0,6400000.0
4.0,4.0,2.0,3.0,25.0,16.0,716.0,2048.0,0.16352554119419205,0.1694831032109293,4.0,0.00195312,6400000.0
1.0,1024.0,8.0,1.0,1.0,1.0,543.0,32.0,-0.0030632107251067353,-0.0017650185808415486,0.125,512.0,6400000.0
4.0,4.0,2.0,3.0,25.0,16.0,716.0,2048.0,0.16352554119419205,0.1694831032109293,2.0,0.0,6400000.0
4.0,4.0,2.0,3.0,25.0,16.0,716.0,2048.0,0.16352554119419205,0.1694831032109293,2.0,0.5,6400000.0
4.0,4.0,2.0,3.0,25.0,16.0,716.0,2048.0,0.16352554119419205,0.1694831032109293,1.0,0.125,6400000.0
4.0,4.0,2.0,2.0,26.0,16.0,786.0,2048.0,0.14616338393281836,0.1501171985359251,64.0,0.0,6400000.0
1.0,1024.0,8.0,1.0,1.0,1.0,543.0,32.0,-0.0030632107251067353,-0.0017650185808415486,0.125,8192.0,6400000.0
1.0,1024.0,8.0,1.0,1.0,1.0,543.0,32.0,-0.0030632107251067353,-0.0017650185808415486,0.125,32768.0,6400000.0
1.0,1024.0,8.0,1.0,1.0,1.0,543.0,32.0,-0.0030632107251067353,-0.0017650185808415486,0.125,16384.0,6400000.0
4.0,4.0,2.0,3.0,25.0,16.0,716.0,2048.0,0.16352554119419205,0.1694831032109293,8.0,0.0078125,6400000.0
4.0,4.0,2.0,3.0,26.0,16.0,794.0,2048.0,0.15332061730329605,0.1577990094914603,16.0,0.03125,6400000.0
1024.0,1024.0,8.0,9.0,32607.0,30585.0,1253389.0,4762528.0,0.8319359840054754,0.8311381250356076,0.25,0.0,6400000.0
1.0,1.0,1.0,2.0,3.0,2.0,108.0,192.0,0.03911015413878083,0.040912063041146696,0.00195312,64.0,6400000.0
295.0,1024.0,8.0,9.0,10659.0,8958.0,388139.0,1395520.0,0.8208563369528121,0.8191595796035255,0.25,0.00390625,6400000.0
166.0,1024.0,8.0,9.0,6457.0,5027.0,226368.0,783072.0,0.7950779410687009,0.7931225301039775,0.25,0.0078125,6400000.0
1.0,1.0,1.0,1.0,1.0,1.0,35.0,32.0,-0.0030632107251067353,-0.0017650185808415486,16384.0,32768.0,6400000.0
1024.0,1024.0,8.0,9.0,32715.0,30733.0,1258494.0,4786208.0,0.8302170622223063,0.8314805530024353,0.25,0.000976562,6400000.0
4.0,4.0,2.0,2.0,12.0,8.0,386.0,768.0,0.12309422409684001,0.12713646261942835,0.5,32.0,6400000.0
876.0,1024.0,8.0,9.0,28303.0,26371.0,1084249.0,4107232.0,0.8301809945969414,0.8321573287609172,0.25,0.00195312,6400000.0
4.0,4.0,2.0,3.0,25.0,16.0,716.0,2048.0,0.16352554119419205,0.1694831032109293,4.0,2.0,6400000.0
1.0,4.0,2.0,1.0,1.0,1.0,39.0,32.0,-0.0030632107251067353,-0.0017650185808415486,1.0,128.0,6400000.0
1.0,1.0,1.0,1.0,1.0,1.0,35.0,32.0,-0.0030632107251067353,-0.0017650185808415486,16384.0,512.0,6400000.0
4.0,4.0,2.0,2.0,26.0,16.0,786.0,2048.0,0.14616338393281836,0.1501171985359251,32.0,0.125,6400000.0
4.0,4.0,2.0,2.0,12.0,8.0,386.0,768.0,0.12309422409684001,0.12713646261942835,16.0,32.0,6400000.0
1.0,4.0,2.0,1.0,1.0,1.0,39.0,32.0,-0.0030632107251067353,-0.0017650185808415486,0.125,2048.0,6400000.0
4.0,4.0,2.0,3.0,24.0,15.0,681.0,1888.0,0.16336860696584554,0.16830274621810715,8.0,8.0,6400000.0
177.0,1024.0,8.0,9.0,6696.0,5379.0,238495.0,837984.0,0.7975097701860764,0.800709382282929,0.25,0.015625,6400000.0
1.0,4.0,2.0,1.0,1.0,1.0,39.0,32.0,-0.0030632107251067353,-0.0017650185808415486,2.0,512.0,6400000.0
106.0,1024.0,8.0,9.0,4139.0,3123.0,143026.0,486112.0,0.7686952849652512,0.7706918130792335,0.25,0.03125,6400000.0
1.0,4.0,2.0,1.0,1.0,1.0,39.0,32.0,-0.0030632107251067353,-0.0017650185808415486,0.25,8192.0,6400000.0
72.0,1024.0,8.0,9.0,2943.0,2166.0,100239.0,337344.0,0.7427629906807984,0.7448814976915925,0.25,0.0625,6400000.0
43.0,1024.0,8.0,9.0,1804.0,1333.0,61559.0,207776.0,0.6898004507178896,0.6900562968219308,0.25,0.25,6400000.0
4.0,4.0,2.0,2.0,26.0,16.0,786.0,2048.0,0.14616338393281836,0.1501171985359251,64.0,0.5,6400000.0
1.0,4.0,2.0,1.0,1.0,1.0,39.0,32.0,-0.0030632107251067353,-0.0017650185808415486,4.0,2048.0,6400000.0
1.0,4.0,2.0,1.0,1.0,1.0,39.0,32.0,-0.0030632107251067353,-0.0017650185808415486,8.0,8192.0,6400000.0
61.0,1024.0,8.0,9.0,2460.0,1832.0,84123.0,285312.0,0.7151762692251282,0.7220700658776642,0.25,0.125,6400000.0
4.0,4.0,2.0,3.0,25.0,16.0,716.0,2048.0,0.16352554119419205,0.1694831032109293,0.5,0.0625,6400000.0
33.0,1024.0,8.0,9.0,477.0,373.0,18022.0,55456.0,0.48648237678754125,0.4966086889837822,0.25,2.0,6400000.0
36.0,1024.0,8.0,9.0,1401.0,1071.0,48791.0,166752.0,0.6178131966842346,0.6287000451115454,0.25,0.5,6400000.0
30.0,1024.0,8.0,9.0,1041.0,826.0,37179.0,128320.0,0.5615679503947415,0.5680515837886942,0.25,1.0,6400000.0
24.0,1024.0,8.0,8.0,185.0,143.0,8565.0,19808.0,0.39665636436782115,0.40128732661303834,0.25,4.0,6400000.0
16.0,1024.0,8.0,3.0,67.0,47.0,3700.0,5472.0,0.28428173420704106,0.29213228260301216,0.25,8.0,6400000.0
1.0,4.0,2.0,1.0,1.0,1.0,39.0,32.0,-0.0030632107251067353,-0.0017650185808415486,32.0,128.0,6400000.0
8.0,1024.0,8.0,2.0,22.0,16.0,1924.0,1536.0,0.184803559555608,0.19082719424152972,0.25,32.0,6400000.0
11.0,1024.0,8.0,3.0,35.0,26.0,2559.0,2752.0,0.23801654357424562,0.2440154241847443,0.25,16.0,6400000.0
1.0,1.0,1.0,1.0,1.0,1.0,35.0,32.0,-0.0030632107251067353,-0.0017650185808415486,16384.0,8.0,6400000.0
4.0,4.0,2.0,3.0,25.0,16.0,716.0,2048.0,0.16352554119419205,0.1694831032109293,2.0,1.0,6400000.0
1.0,4.0,2.0,1.0,1.0,1.0,39.0,32.0,-0.0030632107251067353,-0.0017650185808415486,0.5,32768.0,6400000.0
1.0,4.0,2.0,1.0,1.0,1.0,39.0,32.0,-0.0030632107251067353,-0.0017650185808415486,16.0,32768.0,6400000.0
4.0,4.0,2.0,3.0,25.0,16.0,716.0,2048.0,0.16352554119419205,0.1694831032109293,0.25,0.015625,6400000.0
4.0,4.0,2.0,3.0,25.0,16.0,716.0,2048.0,0.16352554119419205,0.1694831032109293,2.0,0.000976562,6400000.0
3.0,1024.0,8.0,2.0,9.0,6.0,1295.0,576.0,0.10115259004895938,0.10346957106453547,0.25,64.0,6400000.0
1.0,1024.0,8.0,1.0,1.0,1.0,543.0,32.0,-0.0030632107251067353,-0.0017650185808415486,0.25,256.0,6400000.0
1.0,4.0,2.0,1.0,1.0,1.0,39.0,32.0,-0.0030632107251067353,-0.0017650185808415486,64.0,512.0,6400000.0
4.0,4.0,2.0,3.0,25.0,16.0,716.0,2048.0,0.16352554119419205,0.1694831032109293,4.0,0.00390625,6400000.0
1.0,1024.0,8.0,1.0,1.0,1.0,543.0,32.0,-0.0030632107251067353,-0.0017650185808415486,0.25,128.0,6400000.0
1.0,1024.0,8.0,1.0,1.0,1.0,543.0,32.0,-0.0030632107251067353,-0.0017650185808415486,0.25,1024.0,6400000.0
1.0,1024.0,8.0,1.0,1.0,1.0,543.0,32.0,-0.0030632107251067353,-0.0017650185808415486,0.25,2048.0,6400000.0
4.0,4.0,2.0,3.0,16.0,10.0,468.0,1088.0,0.14347181393305986,0.14672870433145024,0.25,16.0,6400000.0
4.0,4.0,2.0,3.0,25.0,16.0,716.0,2048.0,0.16352554119419205,0.1694831032109293,1.0,0.25,6400000.0
1.0,1024.0,8.0,1.0,1.0,1.0,543.0,32.0,-0.0030632107251067353,-0.0017650185808415486,0.25,8192.0,6400000.0
1.0,1024.0,8.0,1.0,1.0,1.0,543.0,32.0,-0.0030632107251067353,-0.0017650185808415486,0.25,512.0,6400000.0
1.0,1024.0,8.0,1.0,1.0,1.0,543.0,32.0,-0.0030632107251067353,-0.0017650185808415486,0.25,4096.0,6400000.0
1.0,1024.0,8.0,1.0,1.0,1.0,543.0,32.0,-0.0030632107251067353,-0.0017650185808415486,0.25,16384.0,6400000.0
4.0,4.0,2.0,2.0,26.0,16.0,786.0,2048.0,0.14616338393281836,0.1501171985359251,64.0,0.000976562,6400000.0
4.0,4.0,2.0,3.0,25.0,16.0,716.0,2048.0,0.16352554119419205,0.1694831032109293,8.0,0.015625,6400000.0
4.0,4.0,2.0,3.0,26.0,16.0,794.0,2048.0,0.15332061730329605,0.1577990094914603,16.0,0.0625,6400000.0
1.0,1024.0,8.0,1.0,1.0,1.0,543.0,32.0,-0.0030632107251067353,-0.0017650185808415486,0.25,32768.0,6400000.0
1.0,4.0,2.0,1.0,1.0,1.0,39.0,32.0,-0.0030632107251067353,-0.0017650185808415486,128.0,0.00390625,6400000.0
1.0,1.0,1.0,1.0,1.0,1.0,35.0,32.0,-0.0030632107251067353,-0.0017650185808415486,0.00195312,128.0,6400000.0
1024.0,1024.0,8.0,9.0,32637.0,30614.0,1254612.0,4767168.0,0.8331557169068089,0.8326365026695436,0.5,0.0,6400000.0
1.0,1.0,1.0,1.0,1.0,1.0,35.0,32.0,-0.0030632107251067353,-0.0017650185808415486,32768.0,0.0,6400000.0
4.0,4.0,2.0,3.0,25.0,16.0,716.0,2048.0,0.16352554119419205,0.1694831032109293,4.0,4.0,6400000.0
174.0,1024.0,8.0,9.0,6811.0,5364.0,240590.0,835968.0,0.7901987302383371,0.7948666737391141,0.5,0.0078125,6400000.0
3.0,4.0,2.0,2.0,9.0,6.0,287.0,576.0,0.10115259004895938,0.10346957106453547,0.5,64.0,6400000.0
1.0,4.0,2.0,1.0,1.0,1.0,39.0,32.0,-0.0030632107251067353,-0.0017650185808415486,1.0,256.0,6400000.0
1.0,1.0,1.0,1.0,1.0,1.0,35.0,32.0,-0.0030632107251067353,-0.0017650185808415486,16384.0,1024.0,6400000.0
457.0,1024.0,8.0,9.0,15706.0,13911.0,586917.0,2167264.0,0.8238894281776702,0.8299067067526469,0.5,0.00390625,6400000.0
4.0,4.0,2.0,2.0,26.0,16.0,786.0,2048.0,0.14616338393281836,0.1501171985359251,32.0,0.25,6400000.0
3.0,4.0,2.0,2.0,9.0,6.0,287.0,576.0,0.10115259004895938,0.10346957106453547,16.0,64.0,6400000.0
109.0,1024.0,8.0,9.0,4491.0,3325.0,153792.0,518048.0,0.7797570705074406,0.7751239590897081,0.5,0.015625,6400000.0
1024.0,1024.0,8.0,9.0,32737.0,30757.0,1259483.0,4790048.0,0.8276915304543075,0.8341146664315806,0.5,0.000976562,6400000.0
494.0,1024.0,8.0,9.0,16716.0,14811.0,624281.0,2306528.0,0.8201830447261822,0.8233239581097298,0.5,0.00195312,6400000.0
4.0,4.0,2.0,2.0,12.0,8.0,386.0,768.0,0.12309422409684001,0.12713646261942835,8.0,16.0,6400000.0
1.0,4.0,2.0,1.0,1.0,1.0,39.0,32.0,-0.0030632107251067353,-0.0017650185808415486,2.0,1024.0,6400000.0
50.0,1024.0,8.0,9.0,2168.0,1550.0,73000.0,241600.0,0.7167983161434046,0.7167055568415222,0.5,0.125,6400000.0
44.0,1024.0,8.0,9.0,1841.0,1364.0,62785.0,212608.0,0.6969840787353565,0.6984176777343636,0.5,0.25,6400000.0
1.0,4.0,2.0,1.0,1.0,1.0,39.0,32.0,-0.0030632107251067353,-0.0017650185808415486,0.25,16384.0,6400000.0
72.0,1024.0,8.0,9.0,3021.0,2232.0,103430.0,347904.0,0.7296264032107889,0.7388396337248551,0.5,0.0625,6400000.0
112.0,1024.0,8.0,9.0,4250.0,3223.0,147262.0,501344.0,0.7776414982403866,0.7731663963467956,0.5,0.03125,6400000.0
4.0,4.0,2.0,2.0,26.0,16.0,786.0,2048.0,0.14616338393281836,0.1501171985359251,64.0,1.0,6400000.0
1.0,4.0,2.0,1.0,1.0,1.0,39.0,32.0,-0.0030632107251067353,-0.0017650185808415486,4.0,4096.0,6400000.0
1.0,4.0,2.0,1.0,1.0,1.0,39.0,32.0,-0.0030632107251067353,-0.0017650185808415486,128.0,4.0,6400000.0
4.0,4.0,2.0,3.0,25.0,16.0,716.0,2048.0,0.16352554119419205,0.1694831032109293,0.5,0.125,6400000.0
1.0,4.0,2.0,1.0,1.0,1.0,39.0,32.0,-0.0030632107251067353,-0.0017650185808415486,8.0,16384.0,6400000.0
41.0,1024.0,8.0,9.0,1644.0,1271.0,57427.0,198112.0,0.6806914690129744,0.6809367601432539,0.5,0.5,6400000.0
36.0,1024.0,8.0,9.0,1134.0,912.0,40303.0,141312.0,0.5929709476756271,0.5972258269288702,0.5,1.0,6400000.0
1.0,4.0,2.0,1.0,1.0,1.0,39.0,32.0,-0.0030632107251067353,-0.0017650185808415486,32.0,256.0,6400000.0
4.0,4.0,2.0,3.0,25.0,16.0,716.0,2048.0,0.16352554119419205,0.1694831032109293,1.0,0.0,6400000.0
4.0,4.0,2.0,2.0,26.0,16.0,786.0,2048.0,0.14616338393281836,0.1501171985359251,32.0,0.0,6400000.0
22.0,1024.0,8.0,8.0,190.0,139.0,8605.0,19424.0,0.3963758318179941,0.40794272548017085,0.5,4.0,6400000.0
34.0,1024.0,8.0,9.0,506.0,394.0,19100.0,58688.0,0.4888828787126642,0.4970038281883299,0.5,2.0,6400000.0
4.0,4.0,2.0,3.0,25.0,16.0,716.0,2048.0,0.16352554119419205,0.1694831032109293,2.0,0.00195312,6400000.0
16.0,1024.0,8.0,3.0,67.0,47.0,3700.0,5472.0,0.28428173420704106,0.29213228260301216,0.5,8.0,6400000.0
3.0,1024.0,8.0,2.0,9.0,6.0,1295.0,576.0,0.10115259004895938,0.10346957106453547,0.5,64.0,6400000.0
4.0,4.0,2.0,3.0,25.0,16.0,716.0,2048.0,0.16352554119419205,0.1694831032109293,2.0,2.0,6400000.0
1.0,4.0,2.0,1.0,1.0,1.0,39.0,32.0,-0.0030632107251067353,-0.0017650185808415486,64.0,1024.0,6400000.0
1.0,1024.0,8.0,1.0,1.0,1.0,543.0,32.0,-0.0030632107251067353,-0.0017650185808415486,0.5,128.0,6400000.0
1.0,1024.0,8.0,1.0,1.0,1.0,543.0,32.0,-0.0030632107251067353,-0.0017650185808415486,0.5,256.0,6400000.0
4.0,4.0,2.0,3.0,25.0,16.0,716.0,2048.0,0.16352554119419205,0.1694831032109293,1.0,0.5,6400000.0
4.0,4.0,2.0,2.0,26.0,16.0,786.0,2048.0,0.14616338393281836,0.1501171985359251,64.0,0.00195312,6400000.0
1.0,1024.0,8.0,1.0,1.0,1.0,543.0,32.0,-0.0030632107251067353,-0.0017650185808415486,0.5,32768.0,6400000.0
11.0,1024.0,8.0,3.0,35.0,26.0,2559.0,2752.0,0.23801654357424562,0.2440154241847443,0.5,16.0,6400000.0
1.0,4.0,2.0,1.0,1.0,1.0,39.0,32.0,-0.0030632107251067353,-0.0017650185808415486,128.0,4096.0,6400000.0
8.0,1024.0,8.0,2.0,22.0,16.0,1924.0,1536.0,0.184803559555608,0.19082719424152972,0.5,32.0,6400000.0
1.0,1024.0,8.0,1.0,1.0,1.0,543.0,32.0,-0.0030632107251067353,-0.0017650185808415486,0.5,8192.0,6400000.0
1.0,1024.0,8.0,1.0,1.0,1.0,543.0,32.0,-0.0030632107251067353,-0.0017650185808415486,0.5,2048.0,6400000.0
4.0,4.0,2.0,3.0,25.0,16.0,716.0,2048.0,0.16352554119419205,0.1694831032109293,4.0,0.0078125,6400000.0
1.0,1024.0,8.0,1.0,1.0,1.0,543.0,32.0,-0.0030632107251067353,-0.0017650185808415486,0.5,16384.0,6400000.0
1.0,1024.0,8.0,1.0,1.0,1.0,543.0,32.0,-0.0030632107251067353,-0.0017650185808415486,0.5,1024.0,6400000.0
1.0,1024.0,8.0,1.0,1.0,1.0,543.0,32.0,-0.0030632107251067353,-0.0017650185808415486,0.5,4096.0,6400000.0
4.0,4.0,2.0,3.0,26.0,16.0,794.0,2048.0,0.15332061730329605,0.1577990094914603,16.0,0.125,6400000.0
1.0,1024.0,8.0,1.0,1.0,1.0,543.0,32.0,-0.0030632107251067353,-0.0017650185808415486,0.5,512.0,6400000.0
4.0,4.0,2.0,3.0,25.0,16.0,716.0,2048.0,0.16352554119419205,0.1694831032109293,8.0,0.03125,6400000.0
1.0,4.0,2.0,1.0,1.0,1.0,39.0,32.0,-0.0030632107251067353,-0.0017650185808415486,128.0,0.0078125,6400000.0
384.0,1024.0,8.0,9.0,13442.0,11587.0,495345.0,1804768.0,0.8214414277294189,0.8204248233782397,1.0,0.00195312,6400000.0
1024.0,1024.0,8.0,9.0,32635.0,30615.0,1254556.0,4767328.0,0.8269106112648852,0.8344519146912989,1.0,0.0,6400000.0
1024.0,1024.0,8.0,9.0,32712.0,30729.0,1258614.0,4785568.0,0.8224123113688312,0.830650753254678,1.0,0.000976562,6400000.0
1.0,1.0,1.0,1.0,1.0,1.0,35.0,32.0,-0.0030632107251067353,-0.0017650185808415486,0.00195312,256.0,6400000.0
1.0,1.0,1.0,1.0,1.0,1.0,35.0,32.0,-0.0030632107251067353,-0.0017650185808415486,32768.0,0.000976562,6400000.0
4.0,4.0,2.0,3.0,24.0,15.0,681.0,1888.0,0.16336860696584554,0.16830274621810715,4.0,8.0,6400000.0
1.0,4.0,2.0,1.0,1.0,1.0,39.0,32.0,-0.0030632107251067353,-0.0017650185808415486,0.5,128.0,6400000.0
1.0,1.0,1.0,1.0,1.0,1.0,35.0,32.0,-0.0030632107251067353,-0.0017650185808415486,16384.0,2048.0,6400000.0
1.0,4.0,2.0,1.0,1.0,1.0,39.0,32.0,-0.0030632107251067353,-0.0017650185808415486,256.0,0.03125,6400000.0
4.0,4.0,2.0,2.0,26.0,16.0,786.0,2048.0,0.14616338393281836,0.1501171985359251,32.0,0.5,6400000.0
1.0,4.0,2.0,1.0,1.0,1.0,39.0,32.0,-0.0030632107251067353,-0.0017650185808415486,16.0,128.0,6400000.0
1.0,4.0,2.0,1.0,1.0,1.0,39.0,32.0,-0.0030632107251067353,-0.0017650185808415486,1.0,512.0,6400000.0
412.0,1024.0,8.0,9.0,14298.0,12497.0,530506.0,1946784.0,0.8231272115915604,0.8274490275917421,1.0,0.00390625,6400000.0
4.0,4.0,2.0,2.0,12.0,8.0,386.0,768.0,0.12309422409684001,0.12713646261942835,8.0,32.0,6400000.0
85.0,1024.0,8.0,9.0,3590.0,2635.0,122693.0,410720.0,0.762286956464753,0.7663409114599194,1.0,0.03125,6400000.0
343.0,1024.0,8.0,9.0,11869.0,10265.0,438388.0,1598496.0,0.8250739111856501,0.8274752647188347,1.0,0.0078125,6400000.0
67.0,1024.0,8.0,9.0,2791.0,2048.0,95122.0,319104.0,0.7357470579161088,0.7357477125258471,1.0,0.0625,6400000.0
1.0,4.0,2.0,1.0,1.0,1.0,39.0,32.0,-0.0030632107251067353,-0.0017650185808415486,2.0,2048.0,6400000.0
107.0,1024.0,8.0,9.0,4427.0,3297.0,152657.0,513824.0,0.7762367722206894,0.7858745707835144,1.0,0.015625,6400000.0
4.0,4.0,2.0,2.0,26.0,16.0,786.0,2048.0,0.14616338393281836,0.1501171985359251,64.0,2.0,6400000.0
1.0,4.0,2.0,1.0,1.0,1.0,39.0,32.0,-0.0030632107251067353,-0.0017650185808415486,4.0,8192.0,6400000.0
43.0,1024.0,8.0,9.0,1822.0,1333.0,62039.0,207776.0,0.6848788547899918,0.6843147043787022,1.0,0.25,6400000.0
1.0,4.0,2.0,1.0,1.0,1.0,39.0,32.0,-0.0030632107251067353,-0.0017650185808415486,128.0,8.0,6400000.0
60.0,1024.0,8.0,9.0,2310.0,1704.0,78529.0,264960.0,0.7138667131608694,0.7145507879439446,1.0,0.125,6400000.0
1.0,4.0,2.0,1.0,1.0,1.0,39.0,32.0,-0.0030632107251067353,-0.0017650185808415486,8.0,32768.0,6400000.0
22.0,1024.0,8.0,8.0,171.0,127.0,7754.0,17504.0,0.3898532962522989,0.39380126212786304,1.0,4.0,6400000.0
37.0,1024.0,8.0,9.0,1110.0,901.0,40044.0,139424.0,0.5730843357607888,0.5794118372760027,1.0,1.0,6400000.0
35.0,1024.0,8.0,9.0,443.0,339.0,16816.0,49760.0,0.47730715717397076,0.4865154780906841,1.0,2.0,6400000.0
1.0,4.0,2.0,1.0,1.0,1.0,39.0,32.0,-0.0030632107251067353,-0.0017650185808415486,256.0,32.0,6400000.0
46.0,1024.0,8.0,9.0,1652.0,1315.0,58657.0,204512.0,0.66277415214737,0.6694111032566277,1.0,0.5,6400000.0
4.0,4.0,2.0,2.0,26.0,16.0,786.0,2048.0,0.14616338393281836,0.1501171985359251,32.0,0.000976562,6400000.0
1.0,4.0,2.0,1.0,1.0,1.0,39.0,32.0,-0.0030632107251067353,-0.0017650185808415486,32.0,512.0,6400000.0
4.0,4.0,2.0,3.0,25.0,16.0,716.0,2048.0,0.16352554119419205,0.1694831032109293,1.0,0.000976562,6400000.0
4.0,4.0,2.0,3.0,25.0,16.0,716.0,2048.0,0.16352554119419205,0.1694831032109293,2.0,0.00390625,6400000.0
4.0,4.0,2.0,3.0,25.0,16.0,716.0,2048.0,0.16352554119419205,0.1694831032109293,1.0,1.0,6400000.0
4.0,4.0,2.0,3.0,25.0,16.0,716.0,2048.0,0.16352554119419205,0.1694831032109293,2.0,4.0,6400000.0
8.0,1024.0,8.0,2.0,22.0,16.0,1924.0,1536.0,0.184803559555608,0.19082719424152972,1.0,32.0,6400000.0
16.0,1024.0,8.0,3.0,67.0,47.0,3700.0,5472.0,0.28428173420704106,0.29213228260301216,1.0,8.0,6400000.0
4.0,4.0,2.0,2.0,26.0,16.0,786.0,2048.0,0.14616338393281836,0.1501171985359251,64.0,0.00390625,6400000.0
1.0,4.0,2.0,1.0,1.0,1.0,39.0,32.0,-0.0030632107251067353,-0.0017650185808415486,64.0,2048.0,6400000.0
1.0,4.0,2.0,1.0,1.0,1.0,39.0,32.0,-0.0030632107251067353,-0.0017650185808415486,128.0,8192.0,6400000.0
11.0,1024.0,8.0,3.0,35.0,26.0,2559.0,2752.0,0.23801654357424562,0.2440154241847443,1.0,16.0,6400000.0
1.0,1024.0,8.0,1.0,1.0,1.0,543.0,32.0,-0.0030632107251067353,-0.0017650185808415486,1.0,128.0,6400000.0
3.0,1024.0,8.0,2.0,9.0,6.0,1295.0,576.0,0.10115259004895938,0.10346957106453547,1.0,64.0,6400000.0
1.0,1024.0,8.0,1.0,1.0,1.0,543.0,32.0,-0.0030632107251067353,-0.0017650185808415486,1.0,512.0,6400000.0
4.0,4.0,2.0,3.0,25.0,16.0,716.0,2048.0,0.16352554119419205,0.1694831032109293,4.0,0.015625,6400000.0
1.0,1024.0,8.0,1.0,1.0,1.0,543.0,32.0,-0.0030632107251067353,-0.0017650185808415486,1.0,1024.0,6400000.0
1.0,1.0,1.0,1.0,1.0,1.0,35.0,32.0,-0.0030632107251067353,-0.0017650185808415486,32768.0,0.125,6400000.0
1.0,4.0,2.0,1.0,1.0,1.0,39.0,32.0,-0.0030632107251067353,-0.0017650185808415486,256.0,32768.0,6400000.0
1.0,1024.0,8.0,1.0,1.0,1.0,543.0,32.0,-0.0030632107251067353,-0.0017650185808415486,1.0,2048.0,6400000.0
1.0,1024.0,8.0,1.0,1.0,1.0,543.0,32.0,-0.0030632107251067353,-0.0017650185808415486,1.0,32768.0,6400000.0
1.0,1024.0,8.0,1.0,1.0,1.0,543.0,32.0,-0.0030632107251067353,-0.0017650185808415486,1.0,256.0,6400000.0
4.0,4.0,2.0,3.0,26.0,16.0,794.0,2048.0,0.15332061730329605,0.1577990094914603,16.0,0.25,6400000.0
1.0,1024.0,8.0,1.0,1.0,1.0,543.0,32.0,-0.0030632107251067353,-0.0017650185808415486,1.0,16384.0,6400000.0
1.0,4.0,2.0,1.0,1.0,1.0,39.0,32.0,-0.0030632107251067353,-0.0017650185808415486,128.0,0.015625,6400000.0
1.0,1024.0,8.0,1.0,1.0,1.0,543.0,32.0,-0.0030632107251067353,-0.0017650185808415486,1.0,8192.0,6400000.0
1.0,1024.0,8.0,1.0,1.0,1.0,543.0,32.0,-0.0030632107251067353,-0.0017650185808415486,1.0,4096.0,6400000.0
4.0,4.0,2.0,3.0,25.0,16.0,716.0,2048.0,0.16352554119419205,0.1694831032109293,8.0,0.0625,6400000.0
1.0,1.0,1.0,1.0,1.0,1.0,35.0,32.0,-0.0030632107251067353,-0.0017650185808415486,0.00195312,512.0,6400000.0
1024.0,1024.0,8.0,9.0,32741.0,30719.0,1258749.0,4783968.0,0.8349131681814216,0.8273715998343559,2.0,0.0,6400000.0
1.0,1.0,1.0,1.0,1.0,1.0,35.0,32.0,-0.0030632107251067353,-0.0017650185808415486,32768.0,0.00195312,6400000.0
1024.0,1024.0,8.0,9.0,32577.0,30602.0,1253247.0,4765248.0,0.835743721418867,0.8309051422606648,2.0,0.000976562,6400000.0
1.0,1.0,1.0,1.0,1.0,1.0,35.0,32.0,-0.0030632107251067353,-0.0017650185808415486,16384.0,4096.0,6400000.0
4.0,4.0,2.0,3.0,16.0,10.0,468.0,1088.0,0.14347181393305986,0.14672870433145024,4.0,16.0,6400000.0
462.0,1024.0,8.0,9.0,15658.0,13844.0,584278.0,2155904.0,0.8225250071821173,0.8142469859529347,2.0,0.00390625,6400000.0
1.0,4.0,2.0,1.0,1.0,1.0,39.0,32.0,-0.0030632107251067353,-0.0017650185808415486,256.0,0.0625,6400000.0
498.0,1024.0,8.0,9.0,16879.0,14977.0,631072.0,2332576.0,0.8289337162208389,0.8287013407861143,2.0,0.00195312,6400000.0
4.0,4.0,2.0,2.0,26.0,16.0,786.0,2048.0,0.14616338393281836,0.1501171985359251,32.0,1.0,6400000.0
1.0,4.0,2.0,1.0,1.0,1.0,39.0,32.0,-0.0030632107251067353,-0.0017650185808415486,16.0,256.0,6400000.0
1.0,4.0,2.0,1.0,1.0,1.0,39.0,32.0,-0.0030632107251067353,-0.0017650185808415486,1.0,1024.0,6400000.0
269.0,1024.0,8.0,9.0,9820.0,8230.0,357876.0,1282368.0,0.8216455104347314,0.820628443643413,2.0,0.0078125,6400000.0
3.0,4.0,2.0,2.0,9.0,6.0,287.0,576.0,0.10115259004895938,0.10346957106453547,8.0,64.0,6400000.0
149.0,1024.0,8.0,9.0,5809.0,4544.0,204783.0,707968.0,0.7849749113540564,0.7923586793075097,2.0,0.015625,6400000.0
1.0,4.0,2.0,1.0,1.0,1.0,39.0,32.0,-0.0030632107251067353,-0.0017650185808415486,2.0,4096.0,6400000.0
4.0,4.0,2.0,2.0,26.0,16.0,786.0,2048.0,0.14616338393281836,0.1501171985359251,64.0,4.0,6400000.0
1.0,4.0,2.0,1.0,1.0,1.0,39.0,32.0,-0.0030632107251067353,-0.0017650185808415486,512.0,0.25,6400000.0
73.0,1024.0,8.0,9.0,3078.0,2253.0,105238.0,351136.0,0.7347232622318485,0.7380099716352316,2.0,0.0625,6400000.0
85.0,1024.0,8.0,9.0,3551.0,2614.0,121388.0,407360.0,0.7546630222955727,0.7592172944098072,2.0,0.03125,6400000.0
1.0,4.0,2.0,1.0,1.0,1.0,39.0,32.0,-0.0030632107251067353,-0.0017650185808415486,128.0,16.0,6400000.0
48.0,1024.0,8.0,9.0,2069.0,1488.0,69860.0,231936.0,0.6954372530477593,0.6901746121722393,2.0,0.125,6400000.0
1.0,4.0,2.0,1.0,1.0,1.0,39.0,32.0,-0.0030632107251067353,-0.0017650185808415486,4.0,16384.0,6400000.0
4.0,4.0,2.0,3.0,26.0,16.0,794.0,2048.0,0.15332061730329605,0.1577990094914603,16.0,0.0,6400000.0
1.0,4.0,2.0,1.0,1.0,1.0,39.0,32.0,-0.0030632107251067353,-0.0017650185808415486,256.0,64.0,6400000.0
4.0,4.0,2.0,2.0,26.0,16.0,786.0,2048.0,0.14616338393281836,0.1501171985359251,32.0,0.00195312,6400000.0
26.0,1024.0,8.0,8.0,176.0,132.0,8080.0,17792.0,0.39720646641485025,0.407163168521929,2.0,4.0,6400000.0
49.0,1024.0,8.0,9.0,1982.0,1502.0,68774.0,234048.0,0.7021553743181248,0.6971228010856587,2.0,0.25,6400000.0
37.0,1024.0,8.0,9.0,1096.0,866.0,38861.0,133824.0,0.6012697614093943,0.6023594362402525,2.0,1.0,6400000.0
43.0,1024.0,8.0,9.0,1636.0,1276.0,57649.0,198656.0,0.6712591447910993,0.6622161201497598,2.0,0.5,6400000.0
1.0,4.0,2.0,1.0,1.0,1.0,39.0,32.0,-0.0030632107251067353,-0.0017650185808415486,32.0,1024.0,6400000.0
26.0,1024.0,8.0,8.0,413.0,314.0,16015.0,46912.0,0.4887672487728575,0.4936813378771219,2.0,2.0,6400000.0
4.0,4.0,2.0,3.0,25.0,16.0,716.0,2048.0,0.16352554119419205,0.1694831032109293,2.0,0.0078125,6400000.0
16.0,1024.0,8.0,3.0,67.0,47.0,3700.0,5472.0,0.28428173420704106,0.29213228260301216,2.0,8.0,6400000.0
4.0,4.0,2.0,3.0,24.0,15.0,681.0,1888.0,0.16336860696584554,0.16830274621810715,2.0,8.0,6400000.0
1.0,4.0,2.0,1.0,1.0,1.0,39.0,32.0,-0.0030632107251067353,-0.0017650185808415486,512.0,256.0,6400000.0
4.0,4.0,2.0,3.0,25.0,16.0,716.0,2048.0,0.16352554119419205,0.1694831032109293,4.0,0.03125,6400000.0
11.0,1024.0,8.0,3.0,35.0,26.0,2559.0,2752.0,0.23801654357424562,0.2440154241847443,2.0,16.0,6400000.0
4.0,4.0,2.0,2.0,26.0,16.0,786.0,2048.0,0.14616338393281836,0.1501171985359251,64.0,0.0078125,6400000.0
3.0,1024.0,8.0,2.0,9.0,6.0,1295.0,576.0,0.10115259004895938,0.10346957106453547,2.0,64.0,6400000.0
8.0,1024.0,8.0,2.0,22.0,16.0,1924.0,1536.0,0.184803559555608,0.19082719424152972,2.0,32.0,6400000.0
1.0,1024.0,8.0,1.0,1.0,1.0,543.0,32.0,-0.0030632107251067353,-0.0017650185808415486,2.0,256.0,6400000.0
1.0,4.0,2.0,1.0,1.0,1.0,39.0,32.0,-0.0030632107251067353,-0.0017650185808415486,128.0,16384.0,6400000.0
1.0,4.0,2.0,1.0,1.0,1.0,39.0,32.0,-0.0030632107251067353,-0.0017650185808415486,64.0,4096.0,6400000.0
1.0,1.0,1.0,1.0,1.0,1.0,35.0,32.0,-0.0030632107251067353,-0.0017650185808415486,32768.0,0.25,6400000.0
4.0,4.0,2.0,3.0,26.0,16.0,794.0,2048.0,0.15332061730329605,0.1577990094914603,16.0,0.5,6400000.0
1.0,4.0,2.0,1.0,1.0,1.0,39.0,32.0,-0.0030632107251067353,-0.0017650185808415486,128.0,0.03125,6400000.0
1.0,4.0,2.0,1.0,1.0,1.0,39.0,32.0,-0.0030632107251067353,-0.0017650185808415486,512.0,0.0,6400000.0
1.0,1024.0,8.0,1.0,1.0,1.0,543.0,32.0,-0.0030632107251067353,-0.0017650185808415486,2.0,1024.0,6400000.0
1.0,1024.0,8.0,1.0,1.0,1.0,543.0,32.0,-0.0030632107251067353,-0.0017650185808415486,2.0,16384.0,6400000.0
1.0,1024.0,8.0,1.0,1.0,1.0,543.0,32.0,-0.0030632107251067353,-0.0017650185808415486,2.0,2048.0,6400000.0
1.0,1024.0,8.0,1.0,1.0,1.0,543.0,32.0,-0.0030632107251067353,-0.0017650185808415486,2.0,128.0,6400000.0
1.0,1024.0,8.0,1.0,1.0,1.0,543.0,32.0,-0.0030632107251067353,-0.0017650185808415486,2.0,8192.0,6400000.0
1.0,1024.0,8.0,1.0,1.0,1.0,543.0,32.0,-0.0030632107251067353,-0.0017650185808415486,2.0,4096.0,6400000.0
1.0,4.0,2.0,1.0,1.0,1.0,39.0,32.0,-0.0030632107251067353,-0.0017650185808415486,1024.0,0.00195312,6400000.0
4.0,4.0,2.0,3.0,25.0,16.0,716.0,2048.0,0.16352554119419205,0.1694831032109293,8.0,0.125,6400000.0
1.0,1024.0,8.0,1.0,1.0,1.0,543.0,32.0,-0.0030632107251067353,-0.0017650185808415486,2.0,32768.0,6400000.0
1.0,1024.0,8.0,1.0,1.0,1.0,543.0,32.0,-0.0030632107251067353,-0.0017650185808415486,2.0,512.0,6400000.0
1.0,1.0,1.0,1.0,1.0,1.0,35.0,32.0,-0.0030632107251067353,-0.0017650185808415486,0.00195312,1024.0,6400000.0
1.0,1.0,1.0,1.0,1.0,1.0,35.0,32.0,-0.0030632107251067353,-0.0017650185808415486,16384.0,8192.0,6400000.0
1.0,1.0,1.0,1.0,1.0,1.0,35.0,32.0,-0.0030632107251067353,-0.0017650185808415486,32768.0,0.00390625,6400000.0
1024.0,1024.0,8.0,8.0,31923.0,30154.0,1232006.0,4693568.0,0.6799610749741702,0.6694730041532699,4.0,0.0,6400000.0
4.0,4.0,2.0,2.0,12.0,8.0,386.0,768.0,0.12309422409684001,0.12713646261942835,4.0,32.0,6400000.0
1.0,4.0,2.0,1.0,1.0,1.0,39.0,32.0,-0.0030632107251067353,-0.0017650185808415486,256.0,0.125,6400000.0
4.0,4.0,2.0,2.0,26.0,16.0,786.0,2048.0,0.14616338393281836,0.1501171985359251,32.0,2.0,6400000.0
1.0,4.0,2.0,1.0,1.0,1.0,39.0,32.0,-0.0030632107251067353,-0.0017650185808415486,16.0,512.0,6400000.0
92.0,1024.0,8.0,8.0,3813.0,2828.0,131543.0,440704.0,0.6870534565248951,0.6715972112287135,4.0,0.015625,6400000.0
81.0,1024.0,8.0,8.0,3273.0,2427.0,113059.0,377952.0,0.6747674901429328,0.6636296941884107,4.0,0.03125,6400000.0
1.0,4.0,2.0,1.0,1.0,1.0,39.0,32.0,-0.0030632107251067353,-0.0017650185808415486,8.0,128.0,6400000.0
392.0,1024.0,8.0,8.0,13126.0,11541.0,489405.0,1796384.0,0.6969325554424595,0.6827313703975869,4.0,0.0078125,6400000.0
1024.0,1024.0,8.0,8.0,32138.0,30375.0,1240685.0,4728928.0,0.6767664308801339,0.6686129982982217,4.0,0.000976562,6400000.0
1024.0,1024.0,8.0,8.0,31980.0,30222.0,1234467.0,4704448.0,0.6750303573040932,0.6684979328005762,4.0,0.00195312,6400000.0
1.0,4.0,2.0,1.0,1.0,1.0,39.0,32.0,-0.0030632107251067353,-0.0017650185808415486,2.0,8192.0,6400000.0
1024.0,1024.0,8.0,8.0,32176.0,30449.0,1243175.0,4740768.0,0.6757950111769551,0.6717110033955884,4.0,0.00390625,6400000.0
4.0,4.0,2.0,2.0,19.0,12.0,537.0,1408.0,0.14196947312511288,0.1453711613961719,64.0,8.0,6400000.0
78.0,1024.0,8.0,8.0,3116.0,2372.0,108280.0,369536.0,0.682438497183283,0.6698490379108393,4.0,0.0625,6400000.0
1.0,4.0,2.0,1.0,1.0,1.0,39.0,32.0,-0.0030632107251067353,-0.0017650185808415486,512.0,0.5,6400000.0
55.0,1024.0,8.0,8.0,2251.0,1667.0,77420.0,259680.0,0.6477385579711674,0.6460036959657441,4.0,0.125,6400000.0
1.0,4.0,2.0,1.0,1.0,1.0,39.0,32.0,-0.0030632107251067353,-0.0017650185808415486,128.0,32.0,6400000.0
1.0,4.0,2.0,1.0,1.0,1.0,39.0,32.0,-0.0030632107251067353,-0.0017650185808415486,4.0,32768.0,6400000.0
4.0,4.0,2.0,3.0,26.0,16.0,794.0,2048.0,0.15332061730329605,0.1577990094914603,16.0,0.000976562,6400000.0
4.0,4.0,2.0,2.0,26.0,16.0,786.0,2048.0,0.14616338393281836,0.1501171985359251,32.0,0.00390625,6400000.0
1.0,4.0,2.0,1.0,1.0,1.0,39.0,32.0,-0.0030632107251067353,-0.0017650185808415486,1024.0,2.0,6400000.0
49.0,1024.0,8.0,8.0,1932.0,1492.0,67617.0,232448.0,0.6546200980428775,0.6381220675305668,4.0,0.25,6400000.0
39.0,1024.0,8.0,8.0,1322.0,1021.0,46302.0,158368.0,0.610879012260807,0.6073632667824658,4.0,0.5,6400000.0
38.0,1024.0,8.0,8.0,406.0,318.0,15819.0,46016.0,0.47576234244592086,0.49153770398285,4.0,2.0,6400000.0
40.0,1024.0,8.0,8.0,787.0,622.0,28519.0,94400.0,0.5578868547750927,0.556378315567797,4.0,1.0,6400000.0
1.0,4.0,2.0,1.0,1.0,1.0,39.0,32.0,-0.0030632107251067353,-0.0017650185808415486,256.0,128.0,6400000.0
1.0,4.0,2.0,1.0,1.0,1.0,39.0,32.0,-0.0030632107251067353,-0.0017650185808415486,32.0,2048.0,6400000.0
26.0,1024.0,8.0,5.0,149.0,114.0,7039.0,14912.0,0.352960107957759,0.3577042326919795,4.0,4.0,6400000.0
4.0,4.0,2.0,2.0,26.0,16.0,786.0,2048.0,0.14616338393281836,0.1501171985359251,64.0,0.015625,6400000.0
11.0,1024.0,8.0,3.0,35.0,26.0,2559.0,2752.0,0.23801654357424562,0.2440154241847443,4.0,16.0,6400000.0
3.0,1024.0,8.0,2.0,9.0,6.0,1295.0,576.0,0.10115259004895938,0.10346957106453547,4.0,64.0,6400000.0
8.0,1024.0,8.0,2.0,22.0,16.0,1924.0,1536.0,0.184803559555608,0.19082719424152972,4.0,32.0,6400000.0
1.0,4.0,2.0,1.0,1.0,1.0,39.0,32.0,-0.0030632107251067353,-0.0017650185808415486,512.0,512.0,6400000.0
16.0,1024.0,8.0,3.0,67.0,47.0,3700.0,5472.0,0.28428173420704106,0.29213228260301216,4.0,8.0,6400000.0
4.0,4.0,2.0,3.0,25.0,16.0,716.0,2048.0,0.16352554119419205,0.1694831032109293,4.0,0.0625,6400000.0
1.0,1024.0,8.0,1.0,1.0,1.0,543.0,32.0,-0.0030632107251067353,-0.0017650185808415486,4.0,128.0,6400000.0
1.0,4.0,2.0,1.0,1.0,1.0,39.0,32.0,-0.0030632107251067353,-0.0017650185808415486,128.0,32768.0,6400000.0
1.0,1024.0,8.0,1.0,1.0,1.0,543.0,32.0,-0.0030632107251067353,-0.0017650185808415486,4.0,256.0,6400000.0
1.0,4.0,2.0,1.0,1.0,1.0,39.0,32.0,-0.0030632107251067353,-0.0017650185808415486,1024.0,2048.0,6400000.0
1.0,1.0,1.0,1.0,1.0,1.0,35.0,32.0,-0.0030632107251067353,-0.0017650185808415486,32768.0,0.5,6400000.0
1.0,4.0,2.0,1.0,1.0,1.0,39.0,32.0,-0.0030632107251067353,-0.0017650185808415486,512.0,0.000976562,6400000.0
1.0,4.0,2.0,1.0,1.0,1.0,39.0,32.0,-0.0030632107251067353,-0.0017650185808415486,64.0,8192.0,6400000.0
4.0,4.0,2.0,3.0,26.0,16.0,794.0,2048.0,0.15332061730329605,0.1577990094914603,16.0,1.0,6400000.0
1.0,1024.0,8.0,1.0,1.0,1.0,543.0,32.0,-0.0030632107251067353,-0.0017650185808415486,4.0,512.0,6400000.0
1.0,4.0,2.0,1.0,1.0,1.0,39.0,32.0,-0.0030632107251067353,-0.0017650185808415486,128.0,0.0625,6400000.0
1.0,1024.0,8.0,1.0,1.0,1.0,543.0,32.0,-0.0030632107251067353,-0.0017650185808415486,4.0,8192.0,6400000.0
1.0,4.0,2.0,1.0,1.0,1.0,39.0,32.0,-0.0030632107251067353,-0.0017650185808415486,1024.0,0.00390625,6400000.0
4.0,4.0,2.0,3.0,25.0,16.0,716.0,2048.0,0.16352554119419205,0.1694831032109293,8.0,0.25,6400000.0
1.0,1024.0,8.0,1.0,1.0,1.0,543.0,32.0,-0.0030632107251067353,-0.0017650185808415486,4.0,4096.0,6400000.0
1.0,1024.0,8.0,1.0,1.0,1.0,543.0,32.0,-0.0030632107251067353,-0.0017650185808415486,4.0,2048.0,6400000.0
1.0,1024.0,8.0,1.0,1.0,1.0,543.0,32.0,-0.0030632107251067353,-0.0017650185808415486,4.0,1024.0,6400000.0
1.0,1024.0,8.0,1.0,1.0,1.0,543.0,32.0,-0.0030632107251067353,-0.0017650185808415486,4.0,16384.0,6400000.0
1.0,1024.0,8.0,1.0,1.0,1.0,543.0,32.0,-0.0030632107251067353,-0.0017650185808415486,4.0,32768.0,6400000.0
1.0,1.0,1.0,1.0,1.0,1.0,35.0,32.0,-0.0030632107251067353,-0.0017650185808415486,0.00195312,2048.0,6400000.0
1.0,1.0,1.0,1.0,1.0,1.0,35.0,32.0,-0.0030632107251067353,-0.0017650185808415486,32768.0,0.0078125,6400000.0
1.0,4.0,2.0,1.0,1.0,1.0,39.0,32.0,-0.0030632107251067353,-0.0017650185808415486,256.0,0.25,6400000.0
1024.0,1024.0,8.0,3.0,27761.0,27255.0,1094575.0,4229728.0,0.19795337851220474,0.17527037446847082,8.0,0.0,6400000.0
3.0,4.0,2.0,2.0,9.0,6.0,287.0,576.0,0.10115259004895938,0.10346957106453547,4.0,64.0,6400000.0
1.0,4.0,2.0,1.0,1.0,1.0,39.0,32.0,-0.0030632107251067353,-0.0017650185808415486,16.0,1024.0,6400000.0
1024.0,1024.0,8.0,3.0,28334.0,27828.0,1117495.0,4321408.0,0.19813278425222902,0.17513193340916322,8.0,0.000976562,6400000.0
1.0,4.0,2.0,1.0,1.0,1.0,39.0,32.0,-0.0030632107251067353,-0.0017650185808415486,2048.0,0.015625,6400000.0
4.0,4.0,2.0,2.0,26.0,16.0,786.0,2048.0,0.14616338393281836,0.1501171985359251,32.0,4.0,6400000.0
119.0,1024.0,8.0,3.0,3728.0,3262.0,140605.0,506688.0,0.30075090205855326,0.29982527178819507,8.0,0.00390625,6400000.0
112.0,1024.0,8.0,3.0,3574.0,3121.0,134760.0,485024.0,0.3060223571394254,0.29748613157490034,8.0,0.0078125,6400000.0
1.0,4.0,2.0,1.0,1.0,1.0,39.0,32.0,-0.0030632107251067353,-0.0017650185808415486,8.0,256.0,6400000.0
45.0,1024.0,8.0,3.0,1505.0,1241.0,56130.0,192800.0,0.31823448662706766,0.32871968207178914,8.0,0.0625,6400000.0
67.0,1024.0,8.0,3.0,2215.0,1859.0,82861.0,288864.0,0.31168404775709957,0.3181703007035882,8.0,0.03125,6400000.0
81.0,1024.0,8.0,3.0,2733.0,2320.0,102246.0,360832.0,0.30248925094372847,0.30936647771784054,8.0,0.015625,6400000.0
1024.0,1024.0,8.0,3.0,27533.0,27027.0,1085455.0,4193248.0,0.19559073330409638,0.1780115955890439,8.0,0.00195312,6400000.0
1.0,4.0,2.0,1.0,1.0,1.0,39.0,32.0,-0.0030632107251067353,-0.0017650185808415486,512.0,1.0,6400000.0
1.0,4.0,2.0,1.0,1.0,1.0,39.0,32.0,-0.0030632107251067353,-0.0017650185808415486,128.0,64.0,6400000.0
4.0,4.0,2.0,3.0,25.0,16.0,716.0,2048.0,0.16352554119419205,0.1694831032109293,8.0,0.0,6400000.0
36.0,1024.0,8.0,3.0,1102.0,920.0,41226.0,142592.0,0.32308558791093367,0.3273446300342435,8.0,0.125,6400000.0
29.0,1024.0,8.0,3.0,333.0,275.0,13322.0,40288.0,0.3296030113505296,0.3361411362526636,8.0,0.5,6400000.0
34.0,1024.0,8.0,3.0,679.0,569.0,25857.0,86688.0,0.32889219929449165,0.3373438448045518,8.0,0.25,6400000.0
4.0,4.0,2.0,2.0,12.0,8.0,386.0,768.0,0.12309422409684001,0.12713646261942835,64.0,16.0,6400000.0
27.0,1024.0,8.0,3.0,223.0,177.0,9469.0,24864.0,0.3226189820098575,0.33226569260685335,8.0,1.0,6400000.0
4.0,4.0,2.0,3.0,26.0,16.0,794.0,2048.0,0.15332061730329605,0.1577990094914603,16.0,0.00195312,6400000.0
4.0,4.0,2.0,2.0,26.0,16.0,786.0,2048.0,0.14616338393281836,0.1501171985359251,32.0,0.0078125,6400000.0
1.0,4.0,2.0,1.0,1.0,1.0,39.0,32.0,-0.0030632107251067353,-0.0017650185808415486,1024.0,4.0,6400000.0
1.0,4.0,2.0,1.0,1.0,1.0,39.0,32.0,-0.0030632107251067353,-0.0017650185808415486,2048.0,16.0,6400000.0
1.0,4.0,2.0,1.0,1.0,1.0,39.0,32.0,-0.0030632107251067353,-0.0017650185808415486,256.0,256.0,6400000.0
1.0,4.0,2.0,1.0,1.0,1.0,39.0,32.0,-0.0030632107251067353,-0.0017650185808415486,32.0,4096.0,6400000.0
22.0,1024.0,8.0,3.0,168.0,129.0,7618.0,17824.0,0.316439177099364,0.32663957108145203,8.0,2.0,6400000.0
4.0,4.0,2.0,2.0,26.0,16.0,786.0,2048.0,0.14616338393281836,0.1501171985359251,64.0,0.03125,6400000.0
8.0,1024.0,8.0,2.0,22.0,16.0,1924.0,1536.0,0.184803559555608,0.19082719424152972,8.0,32.0,6400000.0
19.0,1024.0,8.0,3.0,112.0,85.0,5565.0,11168.0,0.3078034380468804,0.3159020086450115,8.0,4.0,6400000.0
16.0,1024.0,8.0,3.0,67.0,47.0,3700.0,5472.0,0.28428173420704106,0.29213228260301216,8.0,8.0,6400000.0
11.0,1024.0,8.0,2.0,30.0,22.0,2384.0,2112.0,0.211815897449531,0.21820531799146736,8.0,16.0,6400000.0
1.0,4.0,2.0,1.0,1.0,1.0,39.0,32.0,-0.0030632107251067353,-0.0017650185808415486,512.0,1024.0,6400000.0
3.0,1024.0,8.0,2.0,9.0,6.0,1295.0,576.0,0.10115259004895938,0.10346957106453547,8.0,64.0,6400000.0
1.0,1.0,1.0,1.0,1.0,1.0,35.0,32.0,-0.0030632107251067353,-0.0017650185808415486,32768.0,1.0,6400000.0
1.0,1024.0,8.0,1.0,1.0,1.0,543.0,32.0,-0.0030632107251067353,-0.0017650185808415486,8.0,128.0,6400000.0
1.0,4.0,2.0,1.0,1.0,1.0,39.0,32.0,-0.0030632107251067353,-0.0017650185808415486,512.0,0.00195312,6400000.0
1.0,4.0,2.0,1.0,1.0,1.0,39.0,32.0,-0.0030632107251067353,-0.0017650185808415486,1024.0,4096.0,6400000.0
1.0,1024.0,8.0,1.0,1.0,1.0,543.0,32.0,-0.0030632107251067353,-0.0017650185808415486,8.0,1024.0,6400000.0
1.0,1024.0,8.0,1.0,1.0,1.0,543.0,32.0,-0.0030632107251067353,-0.0017650185808415486,8.0,256.0,6400000.0
1.0,4.0,2.0,1.0,1.0,1.0,39.0,32.0,-0.0030632107251067353,-0.0017650185808415486,2048.0,16384.0,6400000.0
1.0,4.0,2.0,1.0,1.0,1.0,39.0,32.0,-0.0030632107251067353,-0.0017650185808415486,256.0,0.0,6400000.0
1.0,1024.0,8.0,1.0,1.0,1.0,543.0,32.0,-0.0030632107251067353,-0.0017650185808415486,8.0,2048.0,6400000.0
1.0,4.0,2.0,1.0,1.0,1.0,39.0,32.0,-0.0030632107251067353,-0.0017650185808415486,64.0,16384.0,6400000.0
1.0,4.0,2.0,1.0,1.0,1.0,39.0,32.0,-0.0030632107251067353,-0.0017650185808415486,128.0,0.125,6400000.0
1.0,1024.0,8.0,1.0,1.0,1.0,543.0,32.0,-0.0030632107251067353,-0.0017650185808415486,8.0,512.0,6400000.0
4.0,4.0,2.0,3.0,26.0,16.0,794.0,2048.0,0.15332061730329605,0.1577990094914603,16.0,2.0,6400000.0
1.0,4.0,2.0,1.0,1.0,1.0,39.0,32.0,-0.0030632107251067353,-0.0017650185808415486,1024.0,0.0078125,6400000.0
4.0,4.0,2.0,3.0,25.0,16.0,716.0,2048.0,0.16352554119419205,0.1694831032109293,8.0,0.5,6400000.0
1.0,1024.0,8.0,1.0,1.0,1.0,543.0,32.0,-0.0030632107251067353,-0.0017650185808415486,8.0,16384.0,6400000.0
1.0,1024.0,8.0,1.0,1.0,1.0,543.0,32.0,-0.0030632107251067353,-0.0017650185808415486,8.0,4096.0,6400000.0
1.0,1024.0,8.0,1.0,1.0,1.0,543.0,32.0,-0.0030632107251067353,-0.0017650185808415486,8.0,8192.0,6400000.0
1.0,1024.0,8.0,1.0,1.0,1.0,543.0,32.0,-0.0030632107251067353,-0.0017650185808415486,8.0,32768.0,6400000.0
1.0,1.0,1.0,1.0,1.0,1.0,35.0,32.0,-0.0030632107251067353,-0.0017650185808415486,0.00195312,4096.0,6400000.0
1.0,1.0,1.0,1.0,1.0,1.0,35.0,32.0,-0.0030632107251067353,-0.0017650185808415486,32768.0,0.015625,6400000.0
1.0,4.0,2.0,1.0,1.0,1.0,39.0,32.0,-0.0030632107251067353,-0.0017650185808415486,256.0,0.5,6400000.0
1.0,4.0,2.0,1.0,1.0,1.0,39.0,32.0,-0.0030632107251067353,-0.0017650185808415486,16.0,2048.0,6400000.0
1.0,4.0,2.0,1.0,1.0,1.0,39.0,32.0,-0.0030632107251067353,-0.0017650185808415486,2048.0,0.03125,6400000.0
1024.0,1024.0,8.0,3.0,27828.0,27322.0,1097255.0,4240448.0,0.1951410292776704,0.17638988424735602,16.0,0.000976562,6400000.0
1024.0,1024.0,8.0,3.0,28054.0,27548.0,1106295.0,4276608.0,0.18996035650890009,0.1761216539672602,16.0,0.0,6400000.0
103.0,1024.0,8.0,3.0,3365.0,2904.0,126346.0,451456.0,0.29546971142931555,0.3031813200843919,16.0,0.0078125,6400000.0
4.0,4.0,2.0,2.0,19.0,12.0,537.0,1408.0,0.14196947312511288,0.1453711613961719,32.0,8.0,6400000.0
1.0,4.0,2.0,1.0,1.0,1.0,39.0,32.0,-0.0030632107251067353,-0.0017650185808415486,4096.0,0.125,6400000.0
1.0,4.0,2.0,1.0,1.0,1.0,39.0,32.0,-0.0030632107251067353,-0.0017650185808415486,8.0,512.0,6400000.0
90.0,1024.0,8.0,3.0,2885.0,2476.0,108255.0,384640.0,0.2973978305559202,0.3109882654113394,16.0,0.015625,6400000.0
1.0,4.0,2.0,1.0,1.0,1.0,39.0,32.0,-0.0030632107251067353,-0.0017650185808415486,128.0,128.0,6400000.0
1.0,4.0,2.0,1.0,1.0,1.0,39.0,32.0,-0.0030632107251067353,-0.0017650185808415486,512.0,2.0,6400000.0
1024.0,1024.0,8.0,3.0,27884.0,27378.0,1099495.0,4249408.0,0.18922607407989578,0.18366516537232447,16.0,0.00195312,6400000.0
34.0,1024.0,8.0,3.0,614.0,514.0,23726.0,77888.0,0.3258564075379592,0.332834297270022,16.0,0.25,6400000.0
110.0,1024.0,8.0,3.0,3260.0,2859.0,123376.0,443360.0,0.2927067018492395,0.30618059345138315,16.0,0.03125,6400000.0
4.0,4.0,2.0,3.0,26.0,16.0,794.0,2048.0,0.15332061730329605,0.1577990094914603,16.0,0.00390625,6400000.0
1024.0,1024.0,8.0,3.0,27805.0,27299.0,1096335.0,4236768.0,0.1957972321299718,0.1781166496918225,16.0,0.00390625,6400000.0
4.0,4.0,2.0,2.0,12.0,8.0,386.0,768.0,0.12309422409684001,0.12713646261942835,64.0,32.0,6400000.0
46.0,1024.0,8.0,3.0,1645.0,1370.0,62024.0,213312.0,0.3145738050321958,0.3183655730348809,16.0,0.0625,6400000.0
19.0,1024.0,8.0,3.0,110.0,83.0,5428.0,10848.0,0.3078232849852275,0.3144164768351574,16.0,4.0,6400000.0
4.0,4.0,2.0,2.0,26.0,16.0,786.0,2048.0,0.14616338393281836,0.1501171985359251,32.0,0.015625,6400000.0
36.0,1024.0,8.0,3.0,1105.0,919.0,41439.0,142432.0,0.32477217990220264,0.33093988995308277,16.0,0.125,6400000.0
1.0,4.0,2.0,1.0,1.0,1.0,39.0,32.0,-0.0030632107251067353,-0.0017650185808415486,1024.0,8.0,6400000.0
25.0,1024.0,8.0,3.0,226.0,182.0,9662.0,25920.0,0.32579409067695186,0.33377329909326503,16.0,1.0,6400000.0
15.0,1024.0,8.0,2.0,47.0,34.0,3196.0,3520.0,0.23483331904090687,0.24244665993785774,16.0,8.0,6400000.0
1.0,4.0,2.0,1.0,1.0,1.0,39.0,32.0,-0.0030632107251067353,-0.0017650185808415486,256.0,512.0,6400000.0
32.0,1024.0,8.0,3.0,346.0,289.0,14076.0,42144.0,0.33082847083562705,0.33835359326862824,16.0,0.5,6400000.0
24.0,1024.0,8.0,3.0,160.0,127.0,7112.0,17248.0,0.3204285445846151,0.3289017834788842,16.0,2.0,6400000.0
1.0,4.0,2.0,1.0,1.0,1.0,39.0,32.0,-0.0030632107251067353,-0.0017650185808415486,2048.0,32.0,6400000.0
1.0,4.0,2.0,1.0,1.0,1.0,39.0,32.0,-0.0030632107251067353,-0.0017650185808415486,32.0,8192.0,6400000.0
1.0,1.0,1.0,1.0,1.0,1.0,35.0,32.0,-0.0030632107251067353,-0.0017650185808415486,32768.0,128.0,6400000.0
8.0,1024.0,8.0,2.0,22.0,16.0,1924.0,1536.0,0.184803559555608,0.19082719424152972,16.0,32.0,6400000.0
4.0,4.0,2.0,2.0,26.0,16.0,786.0,2048.0,0.14616338393281836,0.1501171985359251,64.0,0.0625,6400000.0
3.0,1024.0,8.0,2.0,9.0,6.0,1295.0,576.0,0.10115259004895938,0.10346957106453547,16.0,64.0,6400000.0
1.0,4.0,2.0,1.0,1.0,1.0,39.0,32.0,-0.0030632107251067353,-0.0017650185808415486,512.0,2048.0,6400000.0
1.0,4.0,2.0,1.0,1.0,1.0,39.0,32.0,-0.0030632107251067353,-0.0017650185808415486,1024.0,8192.0,6400000.0
1.0,4.0,2.0,1.0,1.0,1.0,39.0,32.0,-0.0030632107251067353,-0.0017650185808415486,64.0,32768.0,6400000.0
1.0,1024.0,8.0,1.0,1.0,1.0,543.0,32.0,-0.0030632107251067353,-0.0017650185808415486,16.0,128.0,6400000.0
11.0,1024.0,8.0,2.0,30.0,22.0,2384.0,2112.0,0.211815897449531,0.21820531799146736,16.0,16.0,6400000.0
1.0,4.0,2.0,1.0,1.0,1.0,39.0,32.0,-0.0030632107251067353,-0.0017650185808415486,2048.0,32768.0,6400000.0
1.0,4.0,2.0,1.0,1.0,1.0,39.0,32.0,-0.0030632107251067353,-0.0017650185808415486,256.0,0.000976562,6400000.0
1.0,1024.0,8.0,1.0,1.0,1.0,543.0,32.0,-0.0030632107251067353,-0.0017650185808415486,16.0,256.0,6400000.0
1.0,4.0,2.0,1.0,1.0,1.0,39.0,32.0,-0.0030632107251067353,-0.0017650185808415486,4096.0,128.0,6400000.0
1.0,1024.0,8.0,1.0,1.0,1.0,543.0,32.0,-0.0030632107251067353,-0.0017650185808415486,16.0,512.0,6400000.0
1.0,1024.0,8.0,1.0,1.0,1.0,543.0,32.0,-0.0030632107251067353,-0.0017650185808415486,16.0,1024.0,6400000.0
1.0,1.0,1.0,1.0,1.0,1.0,35.0,32.0,-0.0030632107251067353,-0.0017650185808415486,32768.0,2.0,6400000.0
1.0,4.0,2.0,1.0,1.0,1.0,39.0,32.0,-0.0030632107251067353,-0.0017650185808415486,1024.0,0.015625,6400000.0
1.0,1024.0,8.0,1.0,1.0,1.0,543.0,32.0,-0.0030632107251067353,-0.0017650185808415486,16.0,2048.0,6400000.0
4.0,4.0,2.0,3.0,26.0,16.0,794.0,2048.0,0.15332061730329605,0.1577990094914603,16.0,4.0,6400000.0
1.0,4.0,2.0,1.0,1.0,1.0,39.0,32.0,-0.0030632107251067353,-0.0017650185808415486,128.0,0.25,6400000.0
1.0,4.0,2.0,1.0,1.0,1.0,39.0,32.0,-0.0030632107251067353,-0.0017650185808415486,512.0,0.00390625,6400000.0
1.0,1024.0,8.0,1.0,1.0,1.0,543.0,32.0,-0.0030632107251067353,-0.0017650185808415486,16.0,8192.0,6400000.0
1.0,1024.0,8.0,1.0,1.0,1.0,543.0,32.0,-0.0030632107251067353,-0.0017650185808415486,16.0,4096.0,6400000.0
1.0,1024.0,8.0,1.0,1.0,1.0,543.0,32.0,-0.0030632107251067353,-0.0017650185808415486,16.0,16384.0,6400000.0
1.0,4.0,2.0,1.0,1.0,1.0,39.0,32.0,-0.0030632107251067353,-0.0017650185808415486,8192.0,0.000976562,6400000.0
1.0,1024.0,8.0,1.0,1.0,1.0,543.0,32.0,-0.0030632107251067353,-0.0017650185808415486,16.0,32768.0,6400000.0
1.0,1.0,1.0,1.0,1.0,1.0,35.0,32.0,-0.0030632107251067353,-0.0017650185808415486,0.00195312,8192.0,6400000.0
1.0,1.0,1.0,1.0,1.0,1.0,35.0,32.0,-0.0030632107251067353,-0.0017650185808415486,32768.0,0.03125,6400000.0
1.0,4.0,2.0,1.0,1.0,1.0,39.0,32.0,-0.0030632107251067353,-0.0017650185808415486,256.0,1.0,6400000.0
1.0,4.0,2.0,1.0,1.0,1.0,39.0,32.0,-0.0030632107251067353,-0.0017650185808415486,2048.0,0.0625,6400000.0
1.0,4.0,2.0,1.0,1.0,1.0,39.0,32.0,-0.0030632107251067353,-0.0017650185808415486,16.0,4096.0,6400000.0
4.0,4.0,2.0,2.0,12.0,8.0,386.0,768.0,0.12309422409684001,0.12713646261942835,32.0,16.0,6400000.0
237.0,1024.0,8.0,2.0,5977.0,5743.0,235252.0,888544.0,0.23943837555391068,0.24234505351874436,32.0,0.000976562,6400000.0
1024.0,1024.0,8.0,2.0,24562.0,24331.0,972737.0,3761888.0,0.23704838471763257,0.2388735793964607,32.0,0.0,6400000.0
99.0,1024.0,8.0,2.0,2755.0,2539.0,107581.0,393568.0,0.24479944744320392,0.250648548212702,32.0,0.00390625,6400000.0
1.0,4.0,2.0,1.0,1.0,1.0,39.0,32.0,-0.0030632107251067353,-0.0017650185808415486,4096.0,0.25,6400000.0
77.0,1024.0,8.0,2.0,2312.0,2093.0,90013.0,325024.0,0.24716040929160277,0.25284904346328285,32.0,0.00195312,6400000.0
45.0,1024.0,8.0,2.0,1321.0,1159.0,51449.0,179680.0,0.24935693130970082,0.2580753510772601,32.0,0.015625,6400000.0
98.0,1024.0,8.0,2.0,2534.0,2327.0,98883.0,359776.0,0.24553442550057292,0.25173319932655247,32.0,0.0078125,6400000.0
1.0,4.0,2.0,1.0,1.0,1.0,39.0,32.0,-0.0030632107251067353,-0.0017650185808415486,512.0,4.0,6400000.0
1.0,4.0,2.0,1.0,1.0,1.0,39.0,32.0,-0.0030632107251067353,-0.0017650185808415486,64.0,64.0,6400000.0
1.0,4.0,2.0,1.0,1.0,1.0,39.0,32.0,-0.0030632107251067353,-0.0017650185808415486,128.0,256.0,6400000.0
4.0,4.0,2.0,2.0,26.0,16.0,786.0,2048.0,0.14616338393281836,0.1501171985359251,32.0,0.03125,6400000.0
34.0,1024.0,8.0,2.0,382.0,332.0,15840.0,48768.0,0.2525339229655874,0.2678891556422792,32.0,0.125,6400000.0
28.0,1024.0,8.0,2.0,169.0,148.0,8044.0,20096.0,0.2583267179155011,0.26924795824128556,32.0,0.5,6400000.0
43.0,1024.0,8.0,2.0,726.0,634.0,28741.0,95936.0,0.24980045055688938,0.26173040333517594,32.0,0.0625,6400000.0
1.0,4.0,2.0,1.0,1.0,1.0,39.0,32.0,-0.0030632107251067353,-0.0017650185808415486,8192.0,1.0,6400000.0
1.0,4.0,2.0,1.0,1.0,1.0,39.0,32.0,-0.0030632107251067353,-0.0017650185808415486,256.0,1024.0,6400000.0
30.0,1024.0,8.0,2.0,240.0,210.0,10461.0,29760.0,0.25645278315202447,0.2688286878277909,32.0,0.25,6400000.0
1.0,4.0,2.0,1.0,1.0,1.0,39.0,32.0,-0.0030632107251067353,-0.0017650185808415486,1024.0,16.0,6400000.0
43.0,1024.0,8.0,2.0,956.0,831.0,36891.0,127456.0,0.2495036172878049,0.2599850696109003,32.0,0.03125,6400000.0
23.0,1024.0,8.0,2.0,96.0,78.0,5189.0,9536.0,0.25348208415856677,0.264691761708014,32.0,2.0,6400000.0
15.0,1024.0,8.0,2.0,47.0,34.0,3196.0,3520.0,0.23483331904090687,0.24244665993785774,32.0,8.0,6400000.0
25.0,1024.0,8.0,2.0,113.0,94.0,5772.0,11840.0,0.25446652674505144,0.26625990280383205,32.0,1.0,6400000.0
20.0,1024.0,8.0,2.0,81.0,65.0,4614.0,7840.0,0.25194387259795514,0.2611969990570394,32.0,4.0,6400000.0
1.0,4.0,2.0,1.0,1.0,1.0,39.0,32.0,-0.0030632107251067353,-0.0017650185808415486,2048.0,64.0,6400000.0
1.0,4.0,2.0,1.0,1.0,1.0,39.0,32.0,-0.0030632107251067353,-0.0017650185808415486,32.0,16384.0,6400000.0
1.0,1.0,1.0,1.0,1.0,1.0,35.0,32.0,-0.0030632107251067353,-0.0017650185808415486,32768.0,256.0,6400000.0
11.0,1024.0,8.0,2.0,30.0,22.0,2384.0,2112.0,0.211815897449531,0.21820531799146736,32.0,16.0,6400000.0
4.0,4.0,2.0,2.0,26.0,16.0,786.0,2048.0,0.14616338393281836,0.1501171985359251,64.0,0.125,6400000.0
8.0,1024.0,8.0,2.0,22.0,16.0,1924.0,1536.0,0.184803559555608,0.19082719424152972,32.0,32.0,6400000.0
1.0,4.0,2.0,1.0,1.0,1.0,39.0,32.0,-0.0030632107251067353,-0.0017650185808415486,512.0,4096.0,6400000.0
3.0,1024.0,8.0,2.0,9.0,6.0,1295.0,576.0,0.10115259004895938,0.10346957106453547,32.0,64.0,6400000.0
1.0,4.0,2.0,1.0,1.0,1.0,39.0,32.0,-0.0030632107251067353,-0.0017650185808415486,1024.0,16384.0,6400000.0
1.0,4.0,2.0,1.0,1.0,1.0,39.0,32.0,-0.0030632107251067353,-0.0017650185808415486,8192.0,1024.0,6400000.0
1.0,4.0,2.0,1.0,1.0,1.0,39.0,32.0,-0.0030632107251067353,-0.0017650185808415486,4096.0,0.0,6400000.0
1.0,4.0,2.0,1.0,1.0,1.0,39.0,32.0,-0.0030632107251067353,-0.0017650185808415486,128.0,0.0,6400000.0
1.0,4.0,2.0,1.0,1.0,1.0,39.0,32.0,-0.0030632107251067353,-0.0017650185808415486,256.0,0.00195312,6400000.0
1.0,1024.0,8.0,1.0,1.0,1.0,543.0,32.0,-0.0030632107251067353,-0.0017650185808415486,32.0,128.0,6400000.0
1.0,1024.0,8.0,1.0,1.0,1.0,543.0,32.0,-0.0030632107251067353,-0.0017650185808415486,32.0,256.0,6400000.0
1.0,4.0,2.0,1.0,1.0,1.0,39.0,32.0,-0.0030632107251067353,-0.0017650185808415486,512.0,0.0078125,6400000.0
1.0,4.0,2.0,1.0,1.0,1.0,39.0,32.0,-0.0030632107251067353,-0.0017650185808415486,1024.0,0.03125,6400000.0
1.0,1.0,1.0,1.0,1.0,1.0,35.0,32.0,-0.0030632107251067353,-0.0017650185808415486,32768.0,4.0,6400000.0
1.0,1024.0,8.0,1.0,1.0,1.0,543.0,32.0,-0.0030632107251067353,-0.0017650185808415486,32.0,512.0,6400000.0
1.0,4.0,2.0,1.0,1.0,1.0,39.0,32.0,-0.0030632107251067353,-0.0017650185808415486,4096.0,256.0,6400000.0
1.0,1024.0,8.0,1.0,1.0,1.0,543.0,32.0,-0.0030632107251067353,-0.0017650185808415486,32.0,4096.0,6400000.0
1.0,4.0,2.0,1.0,1.0,1.0,39.0,32.0,-0.0030632107251067353,-0.0017650185808415486,128.0,0.5,6400000.0
1.0,1024.0,8.0,1.0,1.0,1.0,543.0,32.0,-0.0030632107251067353,-0.0017650185808415486,32.0,2048.0,6400000.0
1.0,1024.0,8.0,1.0,1.0,1.0,543.0,32.0,-0.0030632107251067353,-0.0017650185808415486,32.0,1024.0,6400000.0
1.0,1024.0,8.0,1.0,1.0,1.0,543.0,32.0,-0.0030632107251067353,-0.0017650185808415486,32.0,8192.0,6400000.0
1.0,1024.0,8.0,1.0,1.0,1.0,543.0,32.0,-0.0030632107251067353,-0.0017650185808415486,32.0,32768.0,6400000.0
1.0,1024.0,8.0,1.0,1.0,1.0,543.0,32.0,-0.0030632107251067353,-0.0017650185808415486,32.0,16384.0,6400000.0
1.0,4.0,2.0,1.0,1.0,1.0,39.0,32.0,-0.0030632107251067353,-0.0017650185808415486,8192.0,0.00195312,6400000.0
1.0,4.0,2.0,1.0,1.0,1.0,39.0,32.0,-0.0030632107251067353,-0.0017650185808415486,256.0,2.0,6400000.0
1.0,1.0,1.0,1.0,1.0,1.0,35.0,32.0,-0.0030632107251067353,-0.0017650185808415486,32768.0,0.0625,6400000.0
1.0,4.0,2.0,1.0,1.0,1.0,39.0,32.0,-0.0030632107251067353,-0.0017650185808415486,16384.0,0.0078125,6400000.0
1.0,1.0,1.0,1.0,1.0,1.0,35.0,32.0,-0.0030632107251067353,-0.0017650185808415486,0.00195312,16384.0,6400000.0
1.0,4.0,2.0,1.0,1.0,1.0,39.0,32.0,-0.0030632107251067353,-0.0017650185808415486,2048.0,0.125,6400000.0
1024.0,1024.0,8.0,2.0,24562.0,24331.0,972737.0,3761888.0,0.23704838471763257,0.2388735793964607,64.0,0.0,6400000.0
4.0,4.0,2.0,2.0,12.0,8.0,386.0,768.0,0.12309422409684001,0.12713646261942835,32.0,32.0,6400000.0
99.0,1024.0,8.0,2.0,2755.0,2539.0,107581.0,393568.0,0.24479944744320392,0.250648548212702,64.0,0.00390625,6400000.0
237.0,1024.0,8.0,2.0,5977.0,5743.0,235252.0,888544.0,0.23943837555391068,0.24234505351874436,64.0,0.000976562,6400000.0
98.0,1024.0,8.0,2.0,2534.0,2327.0,98883.0,359776.0,0.24553442550057292,0.25173319932655247,64.0,0.0078125,6400000.0
77.0,1024.0,8.0,2.0,2312.0,2093.0,90013.0,325024.0,0.24716040929160277,0.25284904346328285,64.0,0.00195312,6400000.0
1.0,4.0,2.0,1.0,1.0,1.0,39.0,32.0,-0.0030632107251067353,-0.0017650185808415486,4096.0,0.5,6400000.0
45.0,1024.0,8.0,2.0,1321.0,1159.0,51449.0,179680.0,0.24935693130970082,0.2580753510772601,64.0,0.015625,6400000.0
43.0,1024.0,8.0,2.0,726.0,634.0,28741.0,95936.0,0.24980045055688938,0.26173040333517594,64.0,0.0625,6400000.0
43.0,1024.0,8.0,2.0,956.0,831.0,36891.0,127456.0,0.2495036172878049,0.2599850696109003,64.0,0.03125,6400000.0
1.0,4.0,2.0,1.0,1.0,1.0,39.0,32.0,-0.0030632107251067353,-0.0017650185808415486,64.0,128.0,6400000.0
1.0,4.0,2.0,1.0,1.0,1.0,39.0,32.0,-0.0030632107251067353,-0.0017650185808415486,128.0,512.0,6400000.0
1.0,4.0,2.0,1.0,1.0,1.0,39.0,32.0,-0.0030632107251067353,-0.0017650185808415486,512.0,8.0,6400000.0
1.0,4.0,2.0,1.0,1.0,1.0,39.0,32.0,-0.0030632107251067353,-0.0017650185808415486,1024.0,32.0,6400000.0
30.0,1024.0,8.0,2.0,240.0,210.0,10461.0,29760.0,0.25645278315202447,0.2688286878277909,64.0,0.25,6400000.0
34.0,1024.0,8.0,2.0,382.0,332.0,15840.0,48768.0,0.2525339229655874,0.2678891556422792,64.0,0.125,6400000.0
1.0,4.0,2.0,1.0,1.0,1.0,39.0,32.0,-0.0030632107251067353,-0.0017650185808415486,32.0,32768.0,6400000.0
28.0,1024.0,8.0,2.0,169.0,148.0,8044.0,20096.0,0.2583267179155011,0.26924795824128556,64.0,0.5,6400000.0
1.0,1.0,1.0,1.0,1.0,1.0,35.0,32.0,-0.0030632107251067353,-0.0017650185808415486,32768.0,512.0,6400000.0
1.0,4.0,2.0,1.0,1.0,1.0,39.0,32.0,-0.0030632107251067353,-0.0017650185808415486,256.0,2048.0,6400000.0
20.0,1024.0,8.0,2.0,81.0,65.0,4614.0,7840.0,0.25194387259795514,0.2611969990570394,64.0,4.0,6400000.0
1.0,4.0,2.0,1.0,1.0,1.0,39.0,32.0,-0.0030632107251067353,-0.0017650185808415486,8192.0,2.0,6400000.0
25.0,1024.0,8.0,2.0,113.0,94.0,5772.0,11840.0,0.25446652674505144,0.26625990280383205,64.0,1.0,6400000.0
23.0,1024.0,8.0,2.0,96.0,78.0,5189.0,9536.0,0.25348208415856677,0.264691761708014,64.0,2.0,6400000.0
11.0,1024.0,8.0,2.0,30.0,22.0,2384.0,2112.0,0.211815897449531,0.21820531799146736,64.0,16.0,6400000.0
1.0,4.0,2.0,1.0,1.0,1.0,39.0,32.0,-0.0030632107251067353,-0.0017650185808415486,16384.0,8.0,6400000.0
4.0,4.0,2.0,2.0,26.0,16.0,786.0,2048.0,0.14616338393281836,0.1501171985359251,64.0,0.25,6400000.0
1.0,1024.0,8.0,1.0,1.0,1.0,543.0,32.0,-0.0030632107251067353,-0.0017650185808415486,64.0,64.0,6400000.0
15.0,1024.0,8.0,2.0,47.0,34.0,3196.0,3520.0,0.23483331904090687,0.24244665993785774,64.0,8.0,6400000.0
1.0,4.0,2.0,1.0,1.0,1.0,39.0,32.0,-0.0030632107251067353,-0.0017650185808415486,2048.0,128.0,6400000.0
8.0,1024.0,8.0,2.0,22.0,16.0,1924.0,1536.0,0.184803559555608,0.19082719424152972,64.0,32.0,6400000.0
1.0,4.0,2.0,1.0,1.0,1.0,39.0,32.0,-0.0030632107251067353,-0.0017650185808415486,512.0,8192.0,6400000.0
1.0,1024.0,8.0,1.0,1.0,1.0,543.0,32.0,-0.0030632107251067353,-0.0017650185808415486,64.0,128.0,6400000.0
1.0,1024.0,8.0,1.0,1.0,1.0,543.0,32.0,-0.0030632107251067353,-0.0017650185808415486,64.0,256.0,6400000.0
1.0,4.0,2.0,1.0,1.0,1.0,39.0,32.0,-0.0030632107251067353,-0.0017650185808415486,1024.0,32768.0,6400000.0
1.0,4.0,2.0,1.0,1.0,1.0,39.0,32.0,-0.0030632107251067353,-0.0017650185808415486,4096.0,0.000976562,6400000.0
1.0,4.0,2.0,1.0,1.0,1.0,39.0,32.0,-0.0030632107251067353,-0.0017650185808415486,8192.0,2048.0,6400000.0
1.0,4.0,2.0,1.0,1.0,1.0,39.0,32.0,-0.0030632107251067353,-0.0017650185808415486,1024.0,0.0625,6400000.0
1.0,4.0,2.0,1.0,1.0,1.0,39.0,32.0,-0.0030632107251067353,-0.0017650185808415486,256.0,0.00390625,6400000.0
1.0,4.0,2.0,1.0,1.0,1.0,39.0,32.0,-0.0030632107251067353,-0.0017650185808415486,128.0,0.000976562,6400000.0
1.0,1.0,1.0,1.0,1.0,1.0,35.0,32.0,-0.0030632107251067353,-0.0017650185808415486,32768.0,8.0,6400000.0
1.0,4.0,2.0,1.0,1.0,1.0,39.0,32.0,-0.0030632107251067353,-0.0017650185808415486,512.0,0.015625,6400000.0
1.0,4.0,2.0,1.0,1.0,1.0,39.0,32.0,-0.0030632107251067353,-0.0017650185808415486,4096.0,512.0,6400000.0
1.0,4.0,2.0,1.0,1.0,1.0,39.0,32.0,-0.0030632107251067353,-0.0017650185808415486,128.0,1.0,6400000.0
1.0,4.0,2.0,1.0,1.0,1.0,39.0,32.0,-0.0030632107251067353,-0.0017650185808415486,16384.0,8192.0,6400000.0
1.0,1024.0,8.0,1.0,1.0,1.0,543.0,32.0,-0.0030632107251067353,-0.0017650185808415486,64.0,512.0,6400000.0
1.0,1024.0,8.0,1.0,1.0,1.0,543.0,32.0,-0.0030632107251067353,-0.0017650185808415486,64.0,1024.0,6400000.0
1.0,1024.0,8.0,1.0,1.0,1.0,543.0,32.0,-0.0030632107251067353,-0.0017650185808415486,64.0,8192.0,6400000.0
1.0,1024.0,8.0,1.0,1.0,1.0,543.0,32.0,-0.0030632107251067353,-0.0017650185808415486,64.0,32768.0,6400000.0
1.0,1024.0,8.0,1.0,1.0,1.0,543.0,32.0,-0.0030632107251067353,-0.0017650185808415486,64.0,4096.0,6400000.0
1.0,1024.0,8.0,1.0,1.0,1.0,543.0,32.0,-0.0030632107251067353,-0.0017650185808415486,64.0,16384.0,6400000.0
1.0,1024.0,8.0,1.0,1.0,1.0,543.0,32.0,-0.0030632107251067353,-0.0017650185808415486,64.0,2048.0,6400000.0
1.0,4.0,2.0,1.0,1.0,1.0,39.0,32.0,-0.0030632107251067353,-0.0017650185808415486,16384.0,0.015625,6400000.0
1.0,4.0,2.0,1.0,1.0,1.0,39.0,32.0,-0.0030632107251067353,-0.0017650185808415486,256.0,4.0,6400000.0
1.0,1024.0,8.0,1.0,1.0,1.0,543.0,32.0,-0.0030632107251067353,-0.0017650185808415486,128.0,0.0,6400000.0
1.0,4.0,2.0,1.0,1.0,1.0,39.0,32.0,-0.0030632107251067353,-0.0017650185808415486,8192.0,0.00390625,6400000.0
1.0,1024.0,8.0,1.0,1.0,1.0,543.0,32.0,-0.0030632107251067353,-0.0017650185808415486,128.0,0.000976562,6400000.0
1.0,4.0,2.0,1.0,1.0,1.0,39.0,32.0,-0.0030632107251067353,-0.0017650185808415486,2048.0,0.25,6400000.0
1.0,1024.0,8.0,1.0,1.0,1.0,543.0,32.0,-0.0030632107251067353,-0.0017650185808415486,128.0,0.00195312,6400000.0
1.0,1024.0,8.0,1.0,1.0,1.0,543.0,32.0,-0.0030632107251067353,-0.0017650185808415486,128.0,0.00390625,6400000.0
1.0,4.0,2.0,1.0,1.0,1.0,39.0,32.0,-0.0030632107251067353,-0.0017650185808415486,32768.0,0.0625,6400000.0
1.0,1024.0,8.0,1.0,1.0,1.0,543.0,32.0,-0.0030632107251067353,-0.0017650185808415486,128.0,0.0078125,6400000.0
1.0,4.0,2.0,1.0,1.0,1.0,39.0,32.0,-0.0030632107251067353,-0.0017650185808415486,4096.0,1.0,6400000.0
1.0,1024.0,8.0,1.0,1.0,1.0,543.0,32.0,-0.0030632107251067353,-0.0017650185808415486,128.0,0.03125,6400000.0
1.0,1024.0,8.0,1.0,1.0,1.0,543.0,32.0,-0.0030632107251067353,-0.0017650185808415486,128.0,0.0625,6400000.0
1.0,1024.0,8.0,1.0,1.0,1.0,543.0,32.0,-0.0030632107251067353,-0.0017650185808415486,128.0,0.015625,6400000.0
1.0,4.0,2.0,1.0,1.0,1.0,39.0,32.0,-0.0030632107251067353,-0.0017650185808415486,64.0,256.0,6400000.0
1.0,1024.0,8.0,1.0,1.0,1.0,543.0,32.0,-0.0030632107251067353,-0.0017650185808415486,128.0,0.25,6400000.0
1.0,1024.0,8.0,1.0,1.0,1.0,543.0,32.0,-0.0030632107251067353,-0.0017650185808415486,128.0,0.125,6400000.0
1.0,4.0,2.0,1.0,1.0,1.0,39.0,32.0,-0.0030632107251067353,-0.0017650185808415486,128.0,1024.0,6400000.0
1.0,4.0,2.0,1.0,1.0,1.0,39.0,32.0,-0.0030632107251067353,-0.0017650185808415486,512.0,16.0,6400000.0
1.0,1024.0,8.0,1.0,1.0,1.0,543.0,32.0,-0.0030632107251067353,-0.0017650185808415486,128.0,0.5,6400000.0
1.0,4.0,2.0,1.0,1.0,1.0,39.0,32.0,-0.0030632107251067353,-0.0017650185808415486,1024.0,64.0,6400000.0
1.0,1.0,1.0,1.0,1.0,1.0,35.0,32.0,-0.0030632107251067353,-0.0017650185808415486,32768.0,1024.0,6400000.0
1.0,1024.0,8.0,1.0,1.0,1.0,543.0,32.0,-0.0030632107251067353,-0.0017650185808415486,128.0,1.0,6400000.0
1.0,4.0,2.0,1.0,1.0,1.0,39.0,32.0,-0.0030632107251067353,-0.0017650185808415486,256.0,4096.0,6400000.0
1.0,1024.0,8.0,1.0,1.0,1.0,543.0,32.0,-0.0030632107251067353,-0.0017650185808415486,128.0,4.0,6400000.0
1.0,4.0,2.0,1.0,1.0,1.0,39.0,32.0,-0.0030632107251067353,-0.0017650185808415486,32768.0,64.0,6400000.0
1.0,1024.0,8.0,1.0,1.0,1.0,543.0,32.0,-0.0030632107251067353,-0.0017650185808415486,128.0,2.0,6400000.0
1.0,4.0,2.0,1.0,1.0,1.0,39.0,32.0,-0.0030632107251067353,-0.0017650185808415486,16384.0,16.0,6400000.0
1.0,4.0,2.0,1.0,1.0,1.0,39.0,32.0,-0.0030632107251067353,-0.0017650185808415486,8192.0,4.0,6400000.0
1.0,4.0,2.0,1.0,1.0,1.0,39.0,32.0,-0.0030632107251067353,-0.0017650185808415486,2048.0,256.0,6400000.0
1.0,1024.0,8.0,1.0,1.0,1.0,543.0,32.0,-0.0030632107251067353,-0.0017650185808415486,128.0,8.0,6400000.0
1.0,1024.0,8.0,1.0,1.0,1.0,543.0,32.0,-0.0030632107251067353,-0.0017650185808415486,128.0,16.0,6400000.0
1.0,1024.0,8.0,1.0,1.0,1.0,543.0,32.0,-0.0030632107251067353,-0.0017650185808415486,128.0,2048.0,6400000.0
1.0,1024.0,8.0,1.0,1.0,1.0,543.0,32.0,-0.0030632107251067353,-0.0017650185808415486,128.0,32.0,6400000.0
1.0,1024.0,8.0,1.0,1.0,1.0,543.0,32.0,-0.0030632107251067353,-0.0017650185808415486,128.0,128.0,6400000.0
1.0,1024.0,8.0,1.0,1.0,1.0,543.0,32.0,-0.0030632107251067353,-0.0017650185808415486,128.0,256.0,6400000.0
1.0,4.0,2.0,1.0,1.0,1.0,39.0,32.0,-0.0030632107251067353,-0.0017650185808415486,512.0,16384.0,6400000.0
1.0,1024.0,8.0,1.0,1.0,1.0,543.0,32.0,-0.0030632107251067353,-0.0017650185808415486,128.0,64.0,6400000.0
1.0,1024.0,8.0,1.0,1.0,1.0,543.0,32.0,-0.0030632107251067353,-0.0017650185808415486,128.0,1024.0,6400000.0
1.0,4.0,2.0,1.0,1.0,1.0,39.0,32.0,-0.0030632107251067353,-0.0017650185808415486,1024.0,0.125,6400000.0
1.0,4.0,2.0,1.0,1.0,1.0,39.0,32.0,-0.0030632107251067353,-0.0017650185808415486,8192.0,4096.0,6400000.0
1.0,4.0,2.0,1.0,1.0,1.0,39.0,32.0,-0.0030632107251067353,-0.0017650185808415486,2048.0,0.0,6400000.0
1.0,1024.0,8.0,1.0,1.0,1.0,543.0,32.0,-0.0030632107251067353,-0.0017650185808415486,128.0,4096.0,6400000.0
1.0,4.0,2.0,1.0,1.0,1.0,39.0,32.0,-0.0030632107251067353,-0.0017650185808415486,4096.0,0.00195312,6400000.0
1.0,1024.0,8.0,1.0,1.0,1.0,543.0,32.0,-0.0030632107251067353,-0.0017650185808415486,128.0,512.0,6400000.0
1.0,4.0,2.0,1.0,1.0,1.0,39.0,32.0,-0.0030632107251067353,-0.0017650185808415486,128.0,0.00195312,6400000.0
1.0,1.0,1.0,1.0,1.0,1.0,35.0,32.0,-0.0030632107251067353,-0.0017650185808415486,32768.0,16.0,6400000.0
1.0,4.0,2.0,1.0,1.0,1.0,39.0,32.0,-0.0030632107251067353,-0.0017650185808415486,256.0,0.0078125,6400000.0
1.0,4.0,2.0,1.0,1.0,1.0,39.0,32.0,-0.0030632107251067353,-0.0017650185808415486,512.0,0.03125,6400000.0
1.0,4.0,2.0,1.0,1.0,1.0,39.0,32.0,-0.0030632107251067353,-0.0017650185808415486,4096.0,1024.0,6400000.0
1.0,4.0,2.0,1.0,1.0,1.0,39.0,32.0,-0.0030632107251067353,-0.0017650185808415486,128.0,2.0,6400000.0
1.0,4.0,2.0,1.0,1.0,1.0,39.0,32.0,-0.0030632107251067353,-0.0017650185808415486,16384.0,16384.0,6400000.0
1.0,1024.0,8.0,1.0,1.0,1.0,543.0,32.0,-0.0030632107251067353,-0.0017650185808415486,256.0,0.0,6400000.0
4.0,4.0,4.0,9.0,114.0,64.0,3358.0,9728.0,0.19974094027474,0.2097781883368779,0.0,0.0,6400000.0
1.0,4.0,2.0,1.0,1.0,1.0,39.0,32.0,-0.0030632107251067353,-0.0017650185808415486,8192.0,0.0078125,6400000.0
1.0,4.0,2.0,1.0,1.0,1.0,39.0,32.0,-0.0030632107251067353,-0.0017650185808415486,16384.0,0.03125,6400000.0
1.0,1024.0,8.0,1.0,1.0,1.0,543.0,32.0,-0.0030632107251067353,-0.0017650185808415486,256.0,0.00390625,6400000.0
1.0,1024.0,8.0,1.0,1.0,1.0,543.0,32.0,-0.0030632107251067353,-0.0017650185808415486,128.0,32768.0,6400000.0
1.0,1024.0,8.0,1.0,1.0,1.0,543.0,32.0,-0.0030632107251067353,-0.0017650185808415486,256.0,0.000976562,6400000.0
1.0,4.0,2.0,1.0,1.0,1.0,39.0,32.0,-0.0030632107251067353,-0.0017650185808415486,256.0,8.0,6400000.0
1.0,1024.0,8.0,1.0,1.0,1.0,543.0,32.0,-0.0030632107251067353,-0.0017650185808415486,128.0,8192.0,6400000.0
1.0,1024.0,8.0,1.0,1.0,1.0,543.0,32.0,-0.0030632107251067353,-0.0017650185808415486,256.0,0.00195312,6400000.0
1.0,4.0,2.0,1.0,1.0,1.0,39.0,32.0,-0.0030632107251067353,-0.0017650185808415486,2048.0,0.5,6400000.0
1.0,1024.0,8.0,1.0,1.0,1.0,543.0,32.0,-0.0030632107251067353,-0.0017650185808415486,128.0,16384.0,6400000.0
1.0,1024.0,8.0,1.0,1.0,1.0,543.0,32.0,-0.0030632107251067353,-0.0017650185808415486,256.0,0.015625,6400000.0
1.0,1024.0,8.0,1.0,1.0,1.0,543.0,32.0,-0.0030632107251067353,-0.0017650185808415486,256.0,0.0078125,6400000.0
1.0,4.0,2.0,1.0,1.0,1.0,39.0,32.0,-0.0030632107251067353,-0.0017650185808415486,32768.0,0.125,6400000.0
1.0,1024.0,8.0,1.0,1.0,1.0,543.0,32.0,-0.0030632107251067353,-0.0017650185808415486,256.0,0.03125,6400000.0
1.0,4.0,2.0,1.0,1.0,1.0,39.0,32.0,-0.0030632107251067353,-0.0017650185808415486,4096.0,2.0,6400000.0
4.0,4.0,4.0,9.0,106.0,64.0,3191.0,9728.0,0.1994660276578024,0.2107930455857414,0.0,0.5,6400000.0
1.0,1.0,2.0,3.0,7.0,4.0,223.0,512.0,0.049777517915640224,0.05405121197129903,0.0,0.000976562,6400000.0
1.0,1024.0,8.0,1.0,1.0,1.0,543.0,32.0,-0.0030632107251067353,-0.0017650185808415486,256.0,0.125,6400000.0
1.0,1024.0,8.0,1.0,1.0,1.0,543.0,32.0,-0.0030632107251067353,-0.0017650185808415486,256.0,0.0625,6400000.0
1.0,4.0,2.0,1.0,1.0,1.0,39.0,32.0,-0.0030632107251067353,-0.0017650185808415486,128.0,2048.0,6400000.0
1.0,4.0,2.0,1.0,1.0,1.0,39.0,32.0,-0.0030632107251067353,-0.0017650185808415486,512.0,32.0,6400000.0
1.0,1024.0,8.0,1.0,1.0,1.0,543.0,32.0,-0.0030632107251067353,-0.0017650185808415486,256.0,0.25,6400000.0
1.0,1024.0,8.0,1.0,1.0,1.0,543.0,32.0,-0.0030632107251067353,-0.0017650185808415486,256.0,0.5,6400000.0
1.0,1024.0,8.0,1.0,1.0,1.0,543.0,32.0,-0.0030632107251067353,-0.0017650185808415486,256.0,1.0,6400000.0
1.0,4.0,2.0,1.0,1.0,1.0,39.0,32.0,-0.0030632107251067353,-0.0017650185808415486,256.0,8192.0,6400000.0
1.0,4.0,2.0,1.0,1.0,1.0,39.0,32.0,-0.0030632107251067353,-0.0017650185808415486,1024.0,128.0,6400000.0
1.0,1024.0,8.0,1.0,1.0,1.0,543.0,32.0,-0.0030632107251067353,-0.0017650185808415486,256.0,2.0,6400000.0
1.0,1.0,1.0,1.0,1.0,1.0,35.0,32.0,-0.0030632107251067353,-0.0017650185808415486,32768.0,2048.0,6400000.0
1.0,1024.0,8.0,1.0,1.0,1.0,543.0,32.0,-0.0030632107251067353,-0.0017650185808415486,256.0,4.0,6400000.0
1.0,4.0,2.0,1.0,1.0,1.0,39.0,32.0,-0.0030632107251067353,-0.0017650185808415486,32768.0,128.0,6400000.0
1.0,4.0,2.0,1.0,1.0,1.0,39.0,32.0,-0.0030632107251067353,-0.0017650185808415486,16384.0,32.0,6400000.0
1.0,4.0,2.0,1.0,1.0,1.0,39.0,32.0,-0.0030632107251067353,-0.0017650185808415486,8192.0,8.0,6400000.0
1.0,1024.0,8.0,1.0,1.0,1.0,543.0,32.0,-0.0030632107251067353,-0.0017650185808415486,256.0,16.0,6400000.0
1.0,1024.0,8.0,1.0,1.0,1.0,543.0,32.0,-0.0030632107251067353,-0.0017650185808415486,256.0,8.0,6400000.0
1.0,4.0,2.0,1.0,1.0,1.0,39.0,32.0,-0.0030632107251067353,-0.0017650185808415486,2048.0,512.0,6400000.0
1.0,4.0,2.0,1.0,1.0,1.0,39.0,32.0,-0.0030632107251067353,-0.0017650185808415486,512.0,32768.0,6400000.0
1.0,4.0,2.0,1.0,1.0,1.0,39.0,32.0,-0.0030632107251067353,-0.0017650185808415486,1024.0,0.25,6400000.0
1.0,4.0,4.0,1.0,1.0,1.0,63.0,32.0,-0.0030632107251067353,-0.0017650185808415486,0.0,512.0,6400000.0
1.0,1024.0,8.0,1.0,1.0,1.0,543.0,32.0,-0.0030632107251067353,-0.0017650185808415486,256.0,128.0,6400000.0
1.0,1024.0,8.0,1.0,1.0,1.0,543.0,32.0,-0.0030632107251067353,-0.0017650185808415486,256.0,32.0,6400000.0
1.0,1024.0,8.0,1.0,1.0,1.0,543.0,32.0,-0.0030632107251067353,-0.0017650185808415486,256.0,256.0,6400000.0
1.0,1024.0,8.0,1.0,1.0,1.0,543.0,32.0,-0.0030632107251067353,-0.0017650185808415486,256.0,64.0,6400000.0
1.0,1024.0,8.0,1.0,1.0,1.0,543.0,32.0,-0.0030632107251067353,-0.0017650185808415486,256.0,512.0,6400000.0
1.0,1024.0,8.0,1.0,1.0,1.0,543.0,32.0,-0.0030632107251067353,-0.0017650185808415486,256.0,1024.0,6400000.0
1.0,4.0,2.0,1.0,1.0,1.0,39.0,32.0,-0.0030632107251067353,-0.0017650185808415486,4096.0,0.00390625,6400000.0
1.0,4.0,2.0,1.0,1.0,1.0,39.0,32.0,-0.0030632107251067353,-0.0017650185808415486,8192.0,8192.0,6400000.0
1.0,1.0,1.0,1.0,1.0,1.0,35.0,32.0,-0.0030632107251067353,-0.0017650185808415486,32768.0,32.0,6400000.0
1.0,4.0,2.0,1.0,1.0,1.0,39.0,32.0,-0.0030632107251067353,-0.0017650185808415486,256.0,0.015625,6400000.0
1.0,1024.0,8.0,1.0,1.0,1.0,543.0,32.0,-0.0030632107251067353,-0.0017650185808415486,256.0,2048.0,6400000.0
1.0,1024.0,8.0,1.0,1.0,1.0,543.0,32.0,-0.0030632107251067353,-0.0017650185808415486,256.0,8192.0,6400000.0
1.0,1024.0,8.0,1.0,1.0,1.0,543.0,32.0,-0.0030632107251067353,-0.0017650185808415486,256.0,16384.0,6400000.0
1.0,4.0,2.0,1.0,1.0,1.0,39.0,32.0,-0.0030632107251067353,-0.0017650185808415486,512.0,0.0625,6400000.0
1.0,4.0,2.0,1.0,1.0,1.0,39.0,32.0,-0.0030632107251067353,-0.0017650185808415486,2048.0,0.000976562,6400000.0
1.0,4.0,2.0,1.0,1.0,1.0,39.0,32.0,-0.0030632107251067353,-0.0017650185808415486,16384.0,32768.0,6400000.0
1.0,1024.0,8.0,1.0,1.0,1.0,543.0,32.0,-0.0030632107251067353,-0.0017650185808415486,256.0,4096.0,6400000.0
1.0,4.0,2.0,1.0,1.0,1.0,39.0,32.0,-0.0030632107251067353,-0.0017650185808415486,4096.0,2048.0,6400000.0
1.0,1024.0,8.0,1.0,1.0,1.0,543.0,32.0,-0.0030632107251067353,-0.0017650185808415486,256.0,32768.0,6400000.0
1.0,4.0,2.0,1.0,1.0,1.0,39.0,32.0,-0.0030632107251067353,-0.0017650185808415486,8192.0,0.015625,6400000.0
4.0,4.0,4.0,9.0,114.0,64.0,3358.0,9728.0,0.19974094027474,0.2097781883368779,0.0,0.000976562,6400000.0
1.0,4.0,2.0,1.0,1.0,1.0,39.0,32.0,-0.0030632107251067353,-0.0017650185808415486,16384.0,0.0625,6400000.0
4.0,4.0,4.0,9.0,114.0,64.0,3358.0,9728.0,0.19974094027474,0.2097781883368779,0.000976562,0.00390625,6400000.0
1.0,1024.0,8.0,1.0,1.0,1.0,543.0,32.0,-0.0030632107251067353,-0.0017650185808415486,512.0,0.000976562,6400000.0
1.0,4.0,2.0,1.0,1.0,1.0,39.0,32.0,-0.0030632107251067353,-0.0017650185808415486,256.0,16.0,6400000.0
1.0,4.0,2.0,1.0,1.0,1.0,39.0,32.0,-0.0030632107251067353,-0.0017650185808415486,2048.0,1.0,6400000.0
1.0,1024.0,8.0,1.0,1.0,1.0,543.0,32.0,-0.0030632107251067353,-0.0017650185808415486,512.0,0.0,6400000.0
1.0,1024.0,8.0,1.0,1.0,1.0,543.0,32.0,-0.0030632107251067353,-0.0017650185808415486,512.0,0.00390625,6400000.0
1.0,1024.0,8.0,1.0,1.0,1.0,543.0,32.0,-0.0030632107251067353,-0.0017650185808415486,512.0,0.0078125,6400000.0
1.0,1024.0,8.0,1.0,1.0,1.0,543.0,32.0,-0.0030632107251067353,-0.0017650185808415486,512.0,0.00195312,6400000.0
1.0,1024.0,8.0,1.0,1.0,1.0,543.0,32.0,-0.0030632107251067353,-0.0017650185808415486,512.0,0.015625,6400000.0
1.0,4.0,2.0,1.0,1.0,1.0,39.0,32.0,-0.0030632107251067353,-0.0017650185808415486,32768.0,0.25,6400000.0
1.0,1024.0,8.0,1.0,1.0,1.0,543.0,32.0,-0.0030632107251067353,-0.0017650185808415486,512.0,0.0625,6400000.0
1.0,4.0,2.0,1.0,1.0,1.0,39.0,32.0,-0.0030632107251067353,-0.0017650185808415486,4096.0,4.0,6400000.0
1.0,1024.0,8.0,1.0,1.0,1.0,543.0,32.0,-0.0030632107251067353,-0.0017650185808415486,512.0,0.03125,6400000.0
1.0,1024.0,8.0,1.0,1.0,1.0,543.0,32.0,-0.0030632107251067353,-0.0017650185808415486,512.0,0.125,6400000.0
4.0,4.0,4.0,8.0,99.0,61.0,3003.0,9248.0,0.19781631070529904,0.21031451215210617,0.0,1.0,6400000.0
1.0,1024.0,8.0,1.0,1.0,1.0,543.0,32.0,-0.0030632107251067353,-0.0017650185808415486,512.0,0.25,6400000.0
1.0,4.0,2.0,1.0,1.0,1.0,39.0,32.0,-0.0030632107251067353,-0.0017650185808415486,512.0,64.0,6400000.0
1.0,4.0,2.0,1.0,1.0,1.0,39.0,32.0,-0.0030632107251067353,-0.0017650185808415486,256.0,16384.0,6400000.0
1.0,1.0,2.0,3.0,7.0,4.0,223.0,512.0,0.049777517915640224,0.05405121197129903,0.0,0.00195312,6400000.0
4.0,4.0,4.0,6.0,40.0,26.0,1294.0,3648.0,0.17737222872154912,0.1856126339917734,0.000976562,4.0,6400000.0
1.0,1024.0,8.0,1.0,1.0,1.0,543.0,32.0,-0.0030632107251067353,-0.0017650185808415486,512.0,2.0,6400000.0
1.0,1024.0,8.0,1.0,1.0,1.0,543.0,32.0,-0.0030632107251067353,-0.0017650185808415486,512.0,4.0,6400000.0
1.0,4.0,2.0,1.0,1.0,1.0,39.0,32.0,-0.0030632107251067353,-0.0017650185808415486,1024.0,256.0,6400000.0
1.0,1.0,1.0,1.0,1.0,1.0,35.0,32.0,-0.0030632107251067353,-0.0017650185808415486,32768.0,4096.0,6400000.0
1.0,4.0,2.0,1.0,1.0,1.0,39.0,32.0,-0.0030632107251067353,-0.0017650185808415486,32768.0,256.0,6400000.0
1.0,1024.0,8.0,1.0,1.0,1.0,543.0,32.0,-0.0030632107251067353,-0.0017650185808415486,512.0,1.0,6400000.0
1.0,4.0,2.0,1.0,1.0,1.0,39.0,32.0,-0.0030632107251067353,-0.0017650185808415486,16384.0,64.0,6400000.0
1.0,4.0,2.0,1.0,1.0,1.0,39.0,32.0,-0.0030632107251067353,-0.0017650185808415486,8192.0,16.0,6400000.0
1.0,1024.0,8.0,1.0,1.0,1.0,543.0,32.0,-0.0030632107251067353,-0.0017650185808415486,512.0,0.5,6400000.0
1.0,1024.0,8.0,1.0,1.0,1.0,543.0,32.0,-0.0030632107251067353,-0.0017650185808415486,512.0,8.0,6400000.0
1.0,1024.0,8.0,1.0,1.0,1.0,543.0,32.0,-0.0030632107251067353,-0.0017650185808415486,512.0,16.0,6400000.0
1.0,1024.0,8.0,1.0,1.0,1.0,543.0,32.0,-0.0030632107251067353,-0.0017650185808415486,512.0,32.0,6400000.0
1.0,4.0,2.0,1.0,1.0,1.0,39.0,32.0,-0.0030632107251067353,-0.0017650185808415486,2048.0,1024.0,6400000.0
1.0,1024.0,8.0,1.0,1.0,1.0,543.0,32.0,-0.0030632107251067353,-0.0017650185808415486,512.0,64.0,6400000.0
1.0,4.0,4.0,1.0,1.0,1.0,63.0,32.0,-0.0030632107251067353,-0.0017650185808415486,0.0,1024.0,6400000.0
1.0,4.0,2.0,1.0,1.0,1.0,39.0,32.0,-0.0030632107251067353,-0.0017650185808415486,1024.0,0.5,6400000.0
1.0,4.0,2.0,1.0,1.0,1.0,39.0,32.0,-0.0030632107251067353,-0.0017650185808415486,1024.0,0.0,6400000.0
1.0,1024.0,8.0,1.0,1.0,1.0,543.0,32.0,-0.0030632107251067353,-0.0017650185808415486,512.0,128.0,6400000.0
1.0,1.0,1.0,1.0,1.0,1.0,35.0,32.0,-0.0030632107251067353,-0.0017650185808415486,32768.0,64.0,6400000.0
1.0,4.0,2.0,1.0,1.0,1.0,39.0,32.0,-0.0030632107251067353,-0.0017650185808415486,8192.0,16384.0,6400000.0
1.0,4.0,4.0,1.0,1.0,1.0,63.0,32.0,-0.0030632107251067353,-0.0017650185808415486,0.000976562,4096.0,6400000.0
1.0,4.0,2.0,1.0,1.0,1.0,39.0,32.0,-0.0030632107251067353,-0.0017650185808415486,512.0,0.125,6400000.0
1.0,1024.0,8.0,1.0,1.0,1.0,543.0,32.0,-0.0030632107251067353,-0.0017650185808415486,512.0,1024.0,6400000.0
1.0,4.0,2.0,1.0,1.0,1.0,39.0,32.0,-0.0030632107251067353,-0.0017650185808415486,2048.0,0.00195312,6400000.0
1.0,4.0,2.0,1.0,1.0,1.0,39.0,32.0,-0.0030632107251067353,-0.0017650185808415486,4096.0,0.0078125,6400000.0
1.0,1024.0,8.0,1.0,1.0,1.0,543.0,32.0,-0.0030632107251067353,-0.0017650185808415486,512.0,256.0,6400000.0
1.0,1024.0,8.0,1.0,1.0,1.0,543.0,32.0,-0.0030632107251067353,-0.0017650185808415486,512.0,8192.0,6400000.0
1.0,1024.0,8.0,1.0,1.0,1.0,543.0,32.0,-0.0030632107251067353,-0.0017650185808415486,512.0,16384.0,6400000.0
1.0,1024.0,8.0,1.0,1.0,1.0,543.0,32.0,-0.0030632107251067353,-0.0017650185808415486,512.0,512.0,6400000.0
1.0,1024.0,8.0,1.0,1.0,1.0,543.0,32.0,-0.0030632107251067353,-0.0017650185808415486,512.0,4096.0,6400000.0
1.0,1024.0,8.0,1.0,1.0,1.0,543.0,32.0,-0.0030632107251067353,-0.0017650185808415486,512.0,2048.0,6400000.0
1.0,1024.0,8.0,1.0,1.0,1.0,543.0,32.0,-0.0030632107251067353,-0.0017650185808415486,512.0,32768.0,6400000.0
1.0,4.0,2.0,1.0,1.0,1.0,39.0,32.0,-0.0030632107251067353,-0.0017650185808415486,32768.0,0.0,6400000.0
1.0,4.0,2.0,1.0,1.0,1.0,39.0,32.0,-0.0030632107251067353,-0.0017650185808415486,4096.0,4096.0,6400000.0
1.0,1024.0,8.0,1.0,1.0,1.0,543.0,32.0,-0.0030632107251067353,-0.0017650185808415486,1024.0,0.000976562,6400000.0
1.0,4.0,2.0,1.0,1.0,1.0,39.0,32.0,-0.0030632107251067353,-0.0017650185808415486,16384.0,0.125,6400000.0
1.0,1024.0,8.0,1.0,1.0,1.0,543.0,32.0,-0.0030632107251067353,-0.0017650185808415486,1024.0,0.0,6400000.0
1.0,4.0,2.0,1.0,1.0,1.0,39.0,32.0,-0.0030632107251067353,-0.0017650185808415486,8192.0,0.03125,6400000.0
4.0,4.0,4.0,9.0,114.0,64.0,3358.0,9728.0,0.19974094027474,0.2097781883368779,0.000976562,0.0078125,6400000.0
4.0,4.0,4.0,9.0,114.0,64.0,3358.0,9728.0,0.19974094027474,0.2097781883368779,0.0,0.00195312,6400000.0
1.0,4.0,2.0,1.0,1.0,1.0,39.0,32.0,-0.0030632107251067353,-0.0017650185808415486,2048.0,2.0,6400000.0
4.0,4.0,4.0,9.0,114.0,64.0,3358.0,9728.0,0.19974094027474,0.2097781883368779,0.00195312,0.03125,6400000.0
1.0,1024.0,8.0,1.0,1.0,1.0,543.0,32.0,-0.0030632107251067353,-0.0017650185808415486,1024.0,0.00195312,6400000.0
1.0,4.0,2.0,1.0,1.0,1.0,39.0,32.0,-0.0030632107251067353,-0.0017650185808415486,32768.0,0.5,6400000.0
1.0,4.0,2.0,1.0,1.0,1.0,39.0,32.0,-0.0030632107251067353,-0.0017650185808415486,4096.0,8.0,6400000.0
1.0,1024.0,8.0,1.0,1.0,1.0,543.0,32.0,-0.0030632107251067353,-0.0017650185808415486,1024.0,0.00390625,6400000.0
1.0,1024.0,8.0,1.0,1.0,1.0,543.0,32.0,-0.0030632107251067353,-0.0017650185808415486,1024.0,0.015625,6400000.0
1.0,1024.0,8.0,1.0,1.0,1.0,543.0,32.0,-0.0030632107251067353,-0.0017650185808415486,1024.0,0.0078125,6400000.0
1.0,1024.0,8.0,1.0,1.0,1.0,543.0,32.0,-0.0030632107251067353,-0.0017650185808415486,1024.0,0.03125,6400000.0
1.0,1024.0,8.0,1.0,1.0,1.0,543.0,32.0,-0.0030632107251067353,-0.0017650185808415486,1024.0,0.0625,6400000.0
1.0,1024.0,8.0,1.0,1.0,1.0,543.0,32.0,-0.0030632107251067353,-0.0017650185808415486,1024.0,0.125,6400000.0
1.0,1024.0,8.0,1.0,1.0,1.0,543.0,32.0,-0.0030632107251067353,-0.0017650185808415486,1024.0,0.5,6400000.0
4.0,4.0,4.0,8.0,81.0,50.0,2292.0,7488.0,0.19464141638761168,0.20368002769994586,0.0,2.0,6400000.0
1.0,1024.0,8.0,1.0,1.0,1.0,543.0,32.0,-0.0030632107251067353,-0.0017650185808415486,1024.0,0.25,6400000.0
1.0,1024.0,8.0,1.0,1.0,1.0,543.0,32.0,-0.0030632107251067353,-0.0017650185808415486,1024.0,1.0,6400000.0
1.0,4.0,2.0,1.0,1.0,1.0,39.0,32.0,-0.0030632107251067353,-0.0017650185808415486,512.0,128.0,6400000.0
1.0,1.0,1.0,1.0,1.0,1.0,35.0,32.0,-0.0030632107251067353,-0.0017650185808415486,32768.0,8192.0,6400000.0
1.0,1.0,2.0,3.0,7.0,4.0,223.0,512.0,0.049777517915640224,0.05405121197129903,0.0,0.00390625,6400000.0
4.0,4.0,4.0,3.0,24.0,15.0,741.0,1888.0,0.16336860696584554,0.16830274621810715,0.000976562,8.0,6400000.0
1.0,4.0,2.0,1.0,1.0,1.0,39.0,32.0,-0.0030632107251067353,-0.0017650185808415486,1024.0,512.0,6400000.0
1.0,4.0,2.0,1.0,1.0,1.0,39.0,32.0,-0.0030632107251067353,-0.0017650185808415486,32768.0,512.0,6400000.0
1.0,1024.0,8.0,1.0,1.0,1.0,543.0,32.0,-0.0030632107251067353,-0.0017650185808415486,1024.0,4.0,6400000.0
1.0,4.0,2.0,1.0,1.0,1.0,39.0,32.0,-0.0030632107251067353,-0.0017650185808415486,8192.0,32.0,6400000.0
1.0,4.0,2.0,1.0,1.0,1.0,39.0,32.0,-0.0030632107251067353,-0.0017650185808415486,16384.0,128.0,6400000.0
4.0,4.0,4.0,2.0,12.0,8.0,434.0,768.0,0.12309422409684001,0.12713646261942835,0.00195312,32.0,6400000.0
1.0,1024.0,8.0,1.0,1.0,1.0,543.0,32.0,-0.0030632107251067353,-0.0017650185808415486,1024.0,2.0,6400000.0
1.0,4.0,2.0,1.0,1.0,1.0,39.0,32.0,-0.0030632107251067353,-0.0017650185808415486,2048.0,2048.0,6400000.0
1.0,1024.0,8.0,1.0,1.0,1.0,543.0,32.0,-0.0030632107251067353,-0.0017650185808415486,1024.0,8.0,6400000.0
1.0,1024.0,8.0,1.0,1.0,1.0,543.0,32.0,-0.0030632107251067353,-0.0017650185808415486,1024.0,128.0,6400000.0
1.0,1024.0,8.0,1.0,1.0,1.0,543.0,32.0,-0.0030632107251067353,-0.0017650185808415486,1024.0,16.0,6400000.0
1.0,1024.0,8.0,1.0,1.0,1.0,543.0,32.0,-0.0030632107251067353,-0.0017650185808415486,1024.0,32.0,6400000.0
1.0,1024.0,8.0,1.0,1.0,1.0,543.0,32.0,-0.0030632107251067353,-0.0017650185808415486,1024.0,64.0,6400000.0
1.0,4.0,2.0,1.0,1.0,1.0,39.0,32.0,-0.0030632107251067353,-0.0017650185808415486,1024.0,1.0,6400000.0
1.0,4.0,2.0,1.0,1.0,1.0,39.0,32.0,-0.0030632107251067353,-0.0017650185808415486,1024.0,0.000976562,6400000.0
1.0,4.0,4.0,1.0,1.0,1.0,63.0,32.0,-0.0030632107251067353,-0.0017650185808415486,0.0,2048.0,6400000.0
1.0,1024.0,8.0,1.0,1.0,1.0,543.0,32.0,-0.0030632107251067353,-0.0017650185808415486,1024.0,256.0,6400000.0
1.0,4.0,4.0,1.0,1.0,1.0,63.0,32.0,-0.0030632107251067353,-0.0017650185808415486,0.000976562,8192.0,6400000.0
1.0,1024.0,8.0,1.0,1.0,1.0,543.0,32.0,-0.0030632107251067353,-0.0017650185808415486,1024.0,1024.0,6400000.0
1.0,4.0,2.0,1.0,1.0,1.0,39.0,32.0,-0.0030632107251067353,-0.0017650185808415486,8192.0,32768.0,6400000.0
1.0,1024.0,8.0,1.0,1.0,1.0,543.0,32.0,-0.0030632107251067353,-0.0017650185808415486,1024.0,512.0,6400000.0
1.0,1024.0,8.0,1.0,1.0,1.0,543.0,32.0,-0.0030632107251067353,-0.0017650185808415486,1024.0,2048.0,6400000.0
1.0,4.0,2.0,1.0,1.0,1.0,39.0,32.0,-0.0030632107251067353,-0.0017650185808415486,2048.0,0.00390625,6400000.0
1.0,4.0,2.0,1.0,1.0,1.0,39.0,32.0,-0.0030632107251067353,-0.0017650185808415486,4096.0,8192.0,6400000.0
1.0,4.0,4.0,1.0,1.0,1.0,63.0,32.0,-0.0030632107251067353,-0.0017650185808415486,0.00195312,32768.0,6400000.0
1.0,4.0,2.0,1.0,1.0,1.0,39.0,32.0,-0.0030632107251067353,-0.0017650185808415486,4096.0,0.015625,6400000.0
1.0,1024.0,8.0,1.0,1.0,1.0,543.0,32.0,-0.0030632107251067353,-0.0017650185808415486,1024.0,8192.0,6400000.0
1.0,1024.0,8.0,1.0,1.0,1.0,543.0,32.0,-0.0030632107251067353,-0.0017650185808415486,1024.0,4096.0,6400000.0
1.0,4.0,2.0,1.0,1.0,1.0,39.0,32.0,-0.0030632107251067353,-0.0017650185808415486,16384.0,0.25,6400000.0
1.0,4.0,2.0,1.0,1.0,1.0,39.0,32.0,-0.0030632107251067353,-0.0017650185808415486,32768.0,0.000976562,6400000.0
1.0,1024.0,8.0,1.0,1.0,1.0,543.0,32.0,-0.0030632107251067353,-0.0017650185808415486,1024.0,16384.0,6400000.0
1.0,1024.0,8.0,1.0,1.0,1.0,543.0,32.0,-0.0030632107251067353,-0.0017650185808415486,2048.0,0.0,6400000.0
1.0,1024.0,8.0,1.0,1.0,1.0,543.0,32.0,-0.0030632107251067353,-0.0017650185808415486,2048.0,0.00195312,6400000.0
1.0,1024.0,8.0,1.0,1.0,1.0,543.0,32.0,-0.0030632107251067353,-0.0017650185808415486,2048.0,0.000976562,6400000.0
4.0,4.0,4.0,9.0,114.0,64.0,3358.0,9728.0,0.19974094027474,0.2097781883368779,0.000976562,0.015625,6400000.0
1.0,1024.0,8.0,1.0,1.0,1.0,543.0,32.0,-0.0030632107251067353,-0.0017650185808415486,2048.0,0.00390625,6400000.0
1.0,4.0,2.0,1.0,1.0,1.0,39.0,32.0,-0.0030632107251067353,-0.0017650185808415486,8192.0,0.0625,6400000.0
4.0,4.0,4.0,9.0,114.0,64.0,3358.0,9728.0,0.19974094027474,0.2097781883368779,0.0,0.00390625,6400000.0
1.0,1024.0,8.0,1.0,1.0,1.0,543.0,32.0,-0.0030632107251067353,-0.0017650185808415486,2048.0,0.0078125,6400000.0
1.0,1024.0,8.0,1.0,1.0,1.0,543.0,32.0,-0.0030632107251067353,-0.0017650185808415486,1024.0,32768.0,6400000.0
1.0,4.0,2.0,1.0,1.0,1.0,39.0,32.0,-0.0030632107251067353,-0.0017650185808415486,4096.0,16.0,6400000.0
1.0,4.0,2.0,1.0,1.0,1.0,39.0,32.0,-0.0030632107251067353,-0.0017650185808415486,2048.0,4.0,6400000.0
4.0,4.0,4.0,9.0,113.0,64.0,3358.0,9728.0,0.19989078238325142,0.20956053846549416,0.00195312,0.0625,6400000.0
1.0,4.0,2.0,1.0,1.0,1.0,39.0,32.0,-0.0030632107251067353,-0.0017650185808415486,32768.0,1.0,6400000.0
1.0,1024.0,8.0,1.0,1.0,1.0,543.0,32.0,-0.0030632107251067353,-0.0017650185808415486,2048.0,0.015625,6400000.0
4.0,4.0,4.0,6.0,40.0,26.0,1294.0,3648.0,0.17737222872154912,0.1856126339917734,0.0,4.0,6400000.0
1.0,1024.0,8.0,1.0,1.0,1.0,543.0,32.0,-0.0030632107251067353,-0.0017650185808415486,2048.0,0.03125,6400000.0
4.0,4.0,4.0,9.0,108.0,64.0,3261.0,9728.0,0.1998822532614586,0.20934753749033508,0.00390625,0.25,6400000.0
1.0,1024.0,8.0,1.0,1.0,1.0,543.0,32.0,-0.0030632107251067353,-0.0017650185808415486,2048.0,0.0625,6400000.0
1.0,1024.0,8.0,1.0,1.0,1.0,543.0,32.0,-0.0030632107251067353,-0.0017650185808415486,2048.0,0.125,6400000.0
1.0,1024.0,8.0,1.0,1.0,1.0,543.0,32.0,-0.0030632107251067353,-0.0017650185808415486,2048.0,0.25,6400000.0
1.0,1024.0,8.0,1.0,1.0,1.0,543.0,32.0,-0.0030632107251067353,-0.0017650185808415486,2048.0,0.5,6400000.0
1.0,1024.0,8.0,1.0,1.0,1.0,543.0,32.0,-0.0030632107251067353,-0.0017650185808415486,2048.0,1.0,6400000.0
1.0,1024.0,8.0,1.0,1.0,1.0,543.0,32.0,-0.0030632107251067353,-0.0017650185808415486,2048.0,2.0,6400000.0
1.0,1024.0,8.0,1.0,1.0,1.0,543.0,32.0,-0.0030632107251067353,-0.0017650185808415486,2048.0,8.0,6400000.0
1.0,1024.0,8.0,1.0,1.0,1.0,543.0,32.0,-0.0030632107251067353,-0.0017650185808415486,2048.0,4.0,6400000.0
1.0,4.0,2.0,1.0,1.0,1.0,39.0,32.0,-0.0030632107251067353,-0.0017650185808415486,32768.0,1024.0,6400000.0
1.0,1.0,1.0,1.0,1.0,1.0,35.0,32.0,-0.0030632107251067353,-0.0017650185808415486,32768.0,16384.0,6400000.0
4.0,4.0,4.0,3.0,16.0,10.0,528.0,1088.0,0.14347181393305986,0.14672870433145024,0.000976562,16.0,6400000.0
1.0,1.0,2.0,3.0,7.0,4.0,223.0,512.0,0.049777517915640224,0.05405121197129903,0.0,0.0078125,6400000.0
1.0,4.0,2.0,1.0,1.0,1.0,39.0,32.0,-0.0030632107251067353,-0.0017650185808415486,16384.0,256.0,6400000.0
1.0,4.0,2.0,1.0,1.0,1.0,39.0,32.0,-0.0030632107251067353,-0.0017650185808415486,1024.0,1024.0,6400000.0
1.0,4.0,2.0,1.0,1.0,1.0,39.0,32.0,-0.0030632107251067353,-0.0017650185808415486,8192.0,64.0,6400000.0
3.0,4.0,4.0,2.0,9.0,6.0,335.0,576.0,0.10115259004895938,0.10346957106453547,0.00195312,64.0,6400000.0
1.0,4.0,2.0,1.0,1.0,1.0,39.0,32.0,-0.0030632107251067353,-0.0017650185808415486,2048.0,4096.0,6400000.0
1.0,1024.0,8.0,1.0,1.0,1.0,543.0,32.0,-0.0030632107251067353,-0.0017650185808415486,2048.0,16.0,6400000.0
1.0,4.0,4.0,1.0,1.0,1.0,63.0,32.0,-0.0030632107251067353,-0.0017650185808415486,0.00390625,256.0,6400000.0
1.0,1024.0,8.0,1.0,1.0,1.0,543.0,32.0,-0.0030632107251067353,-0.0017650185808415486,2048.0,32.0,6400000.0
1.0,4.0,4.0,1.0,1.0,1.0,63.0,32.0,-0.0030632107251067353,-0.0017650185808415486,0.0,4096.0,6400000.0
1.0,1024.0,8.0,1.0,1.0,1.0,543.0,32.0,-0.0030632107251067353,-0.0017650185808415486,2048.0,64.0,6400000.0
1.0,1024.0,8.0,1.0,1.0,1.0,543.0,32.0,-0.0030632107251067353,-0.0017650185808415486,2048.0,128.0,6400000.0
1.0,1024.0,8.0,1.0,1.0,1.0,543.0,32.0,-0.0030632107251067353,-0.0017650185808415486,2048.0,256.0,6400000.0
1.0,1024.0,8.0,1.0,1.0,1.0,543.0,32.0,-0.0030632107251067353,-0.0017650185808415486,2048.0,1024.0,6400000.0
1.0,1024.0,8.0,1.0,1.0,1.0,543.0,32.0,-0.0030632107251067353,-0.0017650185808415486,2048.0,512.0,6400000.0
1.0,1024.0,8.0,1.0,1.0,1.0,543.0,32.0,-0.0030632107251067353,-0.0017650185808415486,2048.0,2048.0,6400000.0
1.0,4.0,4.0,1.0,1.0,1.0,63.0,32.0,-0.0030632107251067353,-0.0017650185808415486,0.000976562,16384.0,6400000.0
1.0,1024.0,8.0,1.0,1.0,1.0,543.0,32.0,-0.0030632107251067353,-0.0017650185808415486,2048.0,4096.0,6400000.0
1.0,4.0,2.0,1.0,1.0,1.0,39.0,32.0,-0.0030632107251067353,-0.0017650185808415486,2048.0,0.0078125,6400000.0
1.0,1024.0,8.0,1.0,1.0,1.0,543.0,32.0,-0.0030632107251067353,-0.0017650185808415486,2048.0,8192.0,6400000.0
1.0,4.0,2.0,1.0,1.0,1.0,39.0,32.0,-0.0030632107251067353,-0.0017650185808415486,16384.0,0.0,6400000.0
1.0,4.0,2.0,1.0,1.0,1.0,39.0,32.0,-0.0030632107251067353,-0.0017650185808415486,4096.0,16384.0,6400000.0
1.0,1024.0,8.0,1.0,1.0,1.0,543.0,32.0,-0.0030632107251067353,-0.0017650185808415486,2048.0,16384.0,6400000.0
1.0,4.0,2.0,1.0,1.0,1.0,39.0,32.0,-0.0030632107251067353,-0.0017650185808415486,4096.0,0.03125,6400000.0
4.0,4.0,4.0,9.0,114.0,64.0,3358.0,9728.0,0.19974094027474,0.2097781883368779,0.00390625,0.0,6400000.0
4.0,4.0,4.0,9.0,114.0,64.0,3358.0,9728.0,0.19974094027474,0.2097781883368779,0.0078125,0.00195312,6400000.0
1.0,4.0,2.0,1.0,1.0,1.0,39.0,32.0,-0.0030632107251067353,-0.0017650185808415486,32768.0,0.00195312,6400000.0
1.0,1.0,2.0,3.0,7.0,4.0,223.0,512.0,0.049777517915640224,0.05405121197129903,0.0,1.0,6400000.0
4.0,4.0,4.0,9.0,114.0,64.0,3358.0,9728.0,0.19974094027474,0.2097781883368779,0.000976562,0.03125,6400000.0
1.0,1024.0,8.0,1.0,1.0,1.0,543.0,32.0,-0.0030632107251067353,-0.0017650185808415486,2048.0,32768.0,6400000.0
1.0,4.0,2.0,1.0,1.0,1.0,39.0,32.0,-0.0030632107251067353,-0.0017650185808415486,16384.0,0.5,6400000.0
1.0,1024.0,8.0,1.0,1.0,1.0,543.0,32.0,-0.0030632107251067353,-0.0017650185808415486,4096.0,0.00195312,6400000.0
1.0,4.0,2.0,1.0,1.0,1.0,39.0,32.0,-0.0030632107251067353,-0.0017650185808415486,8192.0,0.125,6400000.0
1.0,1024.0,8.0,1.0,1.0,1.0,543.0,32.0,-0.0030632107251067353,-0.0017650185808415486,4096.0,0.0,6400000.0
1.0,1024.0,8.0,1.0,1.0,1.0,543.0,32.0,-0.0030632107251067353,-0.0017650185808415486,4096.0,0.000976562,6400000.0
1.0,1024.0,8.0,1.0,1.0,1.0,543.0,32.0,-0.0030632107251067353,-0.0017650185808415486,4096.0,0.03125,6400000.0
1.0,1024.0,8.0,1.0,1.0,1.0,543.0,32.0,-0.0030632107251067353,-0.0017650185808415486,4096.0,0.015625,6400000.0
1.0,1024.0,8.0,1.0,1.0,1.0,543.0,32.0,-0.0030632107251067353,-0.0017650185808415486,4096.0,0.00390625,6400000.0
1.0,1024.0,8.0,1.0,1.0,1.0,543.0,32.0,-0.0030632107251067353,-0.0017650185808415486,4096.0,0.0078125,6400000.0
4.0,4.0,4.0,9.0,114.0,64.0,3358.0,9728.0,0.19974094027474,0.2097781883368779,0.0,0.0078125,6400000.0
4.0,4.0,4.0,9.0,110.0,64.0,3264.0,9728.0,0.20074896076186288,0.20916542869846277,0.00195312,0.125,6400000.0
1.0,4.0,2.0,1.0,1.0,1.0,39.0,32.0,-0.0030632107251067353,-0.0017650185808415486,4096.0,32.0,6400000.0
1.0,4.0,2.0,1.0,1.0,1.0,39.0,32.0,-0.0030632107251067353,-0.0017650185808415486,2048.0,8.0,6400000.0
1.0,4.0,2.0,1.0,1.0,1.0,39.0,32.0,-0.0030632107251067353,-0.0017650185808415486,32768.0,2.0,6400000.0
4.0,4.0,4.0,9.0,106.0,64.0,3191.0,9728.0,0.1994660276578024,0.2107930455857414,0.00390625,0.5,6400000.0
4.0,4.0,4.0,3.0,24.0,15.0,741.0,1888.0,0.16336860696584554,0.16830274621810715,0.0,8.0,6400000.0
4.0,4.0,4.0,8.0,81.0,50.0,2292.0,7488.0,0.19464141638761168,0.20368002769994586,0.0078125,2.0,6400000.0
1.0,1024.0,8.0,1.0,1.0,1.0,543.0,32.0,-0.0030632107251067353,-0.0017650185808415486,4096.0,0.0625,6400000.0
1.0,1024.0,8.0,1.0,1.0,1.0,543.0,32.0,-0.0030632107251067353,-0.0017650185808415486,4096.0,0.25,6400000.0
1.0,1024.0,8.0,1.0,1.0,1.0,543.0,32.0,-0.0030632107251067353,-0.0017650185808415486,4096.0,0.125,6400000.0
1.0,1024.0,8.0,1.0,1.0,1.0,543.0,32.0,-0.0030632107251067353,-0.0017650185808415486,4096.0,1.0,6400000.0
1.0,1024.0,8.0,1.0,1.0,1.0,543.0,32.0,-0.0030632107251067353,-0.0017650185808415486,4096.0,0.5,6400000.0
1.0,1024.0,8.0,1.0,1.0,1.0,543.0,32.0,-0.0030632107251067353,-0.0017650185808415486,4096.0,4.0,6400000.0
1.0,1024.0,8.0,1.0,1.0,1.0,543.0,32.0,-0.0030632107251067353,-0.0017650185808415486,4096.0,2.0,6400000.0
4.0,4.0,4.0,2.0,12.0,8.0,434.0,768.0,0.12309422409684001,0.12713646261942835,0.000976562,32.0,6400000.0
1.0,1.0,1.0,1.0,1.0,1.0,35.0,32.0,-0.0030632107251067353,-0.0017650185808415486,32768.0,32768.0,6400000.0
1.0,1024.0,8.0,1.0,1.0,1.0,543.0,32.0,-0.0030632107251067353,-0.0017650185808415486,4096.0,8.0,6400000.0
1.0,4.0,2.0,1.0,1.0,1.0,39.0,32.0,-0.0030632107251067353,-0.0017650185808415486,32768.0,2048.0,6400000.0
1.0,4.0,2.0,1.0,1.0,1.0,39.0,32.0,-0.0030632107251067353,-0.0017650185808415486,16384.0,512.0,6400000.0
1.0,1024.0,8.0,1.0,1.0,1.0,543.0,32.0,-0.0030632107251067353,-0.0017650185808415486,4096.0,16.0,6400000.0
1.0,4.0,2.0,1.0,1.0,1.0,39.0,32.0,-0.0030632107251067353,-0.0017650185808415486,8192.0,128.0,6400000.0
1.0,1.0,2.0,3.0,7.0,4.0,223.0,512.0,0.049777517915640224,0.05405121197129903,0.0,0.015625,6400000.0
1.0,1024.0,8.0,1.0,1.0,1.0,543.0,32.0,-0.0030632107251067353,-0.0017650185808415486,4096.0,32.0,6400000.0
1.0,4.0,2.0,1.0,1.0,1.0,39.0,32.0,-0.0030632107251067353,-0.0017650185808415486,2048.0,8192.0,6400000.0
1.0,4.0,4.0,1.0,1.0,1.0,63.0,32.0,-0.0030632107251067353,-0.0017650185808415486,0.00195312,128.0,6400000.0
1.0,4.0,4.0,1.0,1.0,1.0,63.0,32.0,-0.0030632107251067353,-0.0017650185808415486,0.00390625,512.0,6400000.0
1.0,1024.0,8.0,1.0,1.0,1.0,543.0,32.0,-0.0030632107251067353,-0.0017650185808415486,4096.0,128.0,6400000.0
1.0,1024.0,8.0,1.0,1.0,1.0,543.0,32.0,-0.0030632107251067353,-0.0017650185808415486,4096.0,64.0,6400000.0
1.0,4.0,4.0,1.0,1.0,1.0,63.0,32.0,-0.0030632107251067353,-0.0017650185808415486,0.0,8192.0,6400000.0
1.0,4.0,4.0,1.0,1.0,1.0,63.0,32.0,-0.0030632107251067353,-0.0017650185808415486,0.0078125,2048.0,6400000.0
1.0,1024.0,8.0,1.0,1.0,1.0,543.0,32.0,-0.0030632107251067353,-0.0017650185808415486,4096.0,256.0,6400000.0
1.0,4.0,4.0,1.0,1.0,1.0,63.0,32.0,-0.0030632107251067353,-0.0017650185808415486,0.000976562,32768.0,6400000.0
1.0,1024.0,8.0,1.0,1.0,1.0,543.0,32.0,-0.0030632107251067353,-0.0017650185808415486,4096.0,512.0,6400000.0
1.0,1024.0,8.0,1.0,1.0,1.0,543.0,32.0,-0.0030632107251067353,-0.0017650185808415486,4096.0,1024.0,6400000.0
1.0,1024.0,8.0,1.0,1.0,1.0,543.0,32.0,-0.0030632107251067353,-0.0017650185808415486,4096.0,2048.0,6400000.0
1.0,1024.0,8.0,1.0,1.0,1.0,543.0,32.0,-0.0030632107251067353,-0.0017650185808415486,4096.0,4096.0,6400000.0
1.0,1024.0,8.0,1.0,1.0,1.0,543.0,32.0,-0.0030632107251067353,-0.0017650185808415486,4096.0,8192.0,6400000.0
1.0,4.0,2.0,1.0,1.0,1.0,39.0,32.0,-0.0030632107251067353,-0.0017650185808415486,4096.0,0.0625,6400000.0
1.0,1024.0,8.0,1.0,1.0,1.0,543.0,32.0,-0.0030632107251067353,-0.0017650185808415486,4096.0,32768.0,6400000.0
1.0,4.0,2.0,1.0,1.0,1.0,39.0,32.0,-0.0030632107251067353,-0.0017650185808415486,4096.0,32768.0,6400000.0
1.0,4.0,2.0,1.0,1.0,1.0,39.0,32.0,-0.0030632107251067353,-0.0017650185808415486,16384.0,0.000976562,6400000.0
1.0,4.0,2.0,1.0,1.0,1.0,39.0,32.0,-0.0030632107251067353,-0.0017650185808415486,32768.0,0.00390625,6400000.0
4.0,4.0,4.0,9.0,114.0,64.0,3358.0,9728.0,0.19974094027474,0.2097781883368779,0.00390625,0.000976562,6400000.0
4.0,4.0,4.0,9.0,114.0,64.0,3358.0,9728.0,0.19974094027474,0.2097781883368779,0.0078125,0.00390625,6400000.0
1.0,1024.0,8.0,1.0,1.0,1.0,543.0,32.0,-0.0030632107251067353,-0.0017650185808415486,4096.0,16384.0,6400000.0
1.0,1.0,2.0,3.0,7.0,4.0,223.0,512.0,0.049777517915640224,0.05405121197129903,0.0,2.0,6400000.0
4.0,4.0,4.0,9.0,113.0,64.0,3358.0,9728.0,0.19989078238325142,0.20956053846549416,0.000976562,0.0625,6400000.0
1.0,1024.0,8.0,1.0,1.0,1.0,543.0,32.0,-0.0030632107251067353,-0.0017650185808415486,8192.0,0.0,6400000.0
1.0,4.0,2.0,1.0,1.0,1.0,39.0,32.0,-0.0030632107251067353,-0.0017650185808415486,8192.0,0.25,6400000.0
1.0,4.0,2.0,1.0,1.0,1.0,39.0,32.0,-0.0030632107251067353,-0.0017650185808415486,16384.0,1.0,6400000.0
1.0,1024.0,8.0,1.0,1.0,1.0,543.0,32.0,-0.0030632107251067353,-0.0017650185808415486,8192.0,0.000976562,6400000.0
4.0,4.0,4.0,9.0,108.0,64.0,3261.0,9728.0,0.1998822532614586,0.20934753749033508,0.00195312,0.25,6400000.0
1.0,1024.0,8.0,1.0,1.0,1.0,543.0,32.0,-0.0030632107251067353,-0.0017650185808415486,8192.0,0.00195312,6400000.0
1.0,1024.0,8.0,1.0,1.0,1.0,543.0,32.0,-0.0030632107251067353,-0.0017650185808415486,8192.0,0.0078125,6400000.0
1.0,4.0,2.0,1.0,1.0,1.0,39.0,32.0,-0.0030632107251067353,-0.0017650185808415486,4096.0,64.0,6400000.0
1.0,1024.0,8.0,1.0,1.0,1.0,543.0,32.0,-0.0030632107251067353,-0.0017650185808415486,8192.0,0.00390625,6400000.0
4.0,4.0,4.0,9.0,114.0,64.0,3358.0,9728.0,0.19974094027474,0.2097781883368779,0.0,0.015625,6400000.0
1.0,1024.0,8.0,1.0,1.0,1.0,543.0,32.0,-0.0030632107251067353,-0.0017650185808415486,8192.0,0.0625,6400000.0
4.0,4.0,4.0,8.0,99.0,61.0,3003.0,9248.0,0.19781631070529904,0.21031451215210617,0.00390625,1.0,6400000.0
1.0,1024.0,8.0,1.0,1.0,1.0,543.0,32.0,-0.0030632107251067353,-0.0017650185808415486,8192.0,0.03125,6400000.0
1.0,1024.0,8.0,1.0,1.0,1.0,543.0,32.0,-0.0030632107251067353,-0.0017650185808415486,8192.0,0.015625,6400000.0
4.0,4.0,4.0,9.0,114.0,64.0,3358.0,9728.0,0.19974094027474,0.2097781883368779,0.015625,0.015625,6400000.0
4.0,4.0,4.0,3.0,16.0,10.0,528.0,1088.0,0.14347181393305986,0.14672870433145024,0.0,16.0,6400000.0
1.0,1024.0,8.0,1.0,1.0,1.0,543.0,32.0,-0.0030632107251067353,-0.0017650185808415486,8192.0,0.125,6400000.0
1.0,4.0,2.0,1.0,1.0,1.0,39.0,32.0,-0.0030632107251067353,-0.0017650185808415486,32768.0,4.0,6400000.0
4.0,4.0,4.0,6.0,40.0,26.0,1294.0,3648.0,0.17737222872154912,0.1856126339917734,0.0078125,4.0,6400000.0
1.0,1024.0,8.0,1.0,1.0,1.0,543.0,32.0,-0.0030632107251067353,-0.0017650185808415486,8192.0,0.25,6400000.0
1.0,1024.0,8.0,1.0,1.0,1.0,543.0,32.0,-0.0030632107251067353,-0.0017650185808415486,8192.0,2.0,6400000.0
1.0,1024.0,8.0,1.0,1.0,1.0,543.0,32.0,-0.0030632107251067353,-0.0017650185808415486,8192.0,0.5,6400000.0
1.0,1024.0,8.0,1.0,1.0,1.0,543.0,32.0,-0.0030632107251067353,-0.0017650185808415486,8192.0,1.0,6400000.0
4.0,4.0,4.0,3.0,16.0,10.0,528.0,1088.0,0.14347181393305986,0.14672870433145024,0.015625,16.0,6400000.0
1.0,4.0,2.0,1.0,1.0,1.0,39.0,32.0,-0.0030632107251067353,-0.0017650185808415486,16384.0,1024.0,6400000.0
3.0,4.0,4.0,2.0,9.0,6.0,335.0,576.0,0.10115259004895938,0.10346957106453547,0.000976562,64.0,6400000.0
1.0,1024.0,8.0,1.0,1.0,1.0,543.0,32.0,-0.0030632107251067353,-0.0017650185808415486,8192.0,16.0,6400000.0
1.0,4.0,2.0,1.0,1.0,1.0,39.0,32.0,-0.0030632107251067353,-0.0017650185808415486,32768.0,4096.0,6400000.0
1.0,1024.0,8.0,1.0,1.0,1.0,543.0,32.0,-0.0030632107251067353,-0.0017650185808415486,8192.0,8.0,6400000.0
1.0,1.0,2.0,3.0,7.0,4.0,223.0,512.0,0.049777517915640224,0.05405121197129903,0.0,0.0,6400000.0
1.0,1.0,2.0,3.0,7.0,4.0,223.0,512.0,0.049777517915640224,0.05405121197129903,0.0,0.03125,6400000.0
1.0,1024.0,8.0,1.0,1.0,1.0,543.0,32.0,-0.0030632107251067353,-0.0017650185808415486,8192.0,4.0,6400000.0
1.0,4.0,2.0,1.0,1.0,1.0,39.0,32.0,-0.0030632107251067353,-0.0017650185808415486,8192.0,256.0,6400000.0
1.0,1024.0,8.0,1.0,1.0,1.0,543.0,32.0,-0.0030632107251067353,-0.0017650185808415486,8192.0,32.0,6400000.0
1.0,1024.0,8.0,1.0,1.0,1.0,543.0,32.0,-0.0030632107251067353,-0.0017650185808415486,8192.0,64.0,6400000.0
1.0,4.0,4.0,1.0,1.0,1.0,63.0,32.0,-0.0030632107251067353,-0.0017650185808415486,0.00195312,256.0,6400000.0
1.0,4.0,4.0,1.0,1.0,1.0,63.0,32.0,-0.0030632107251067353,-0.0017650185808415486,0.00390625,1024.0,6400000.0
1.0,1024.0,8.0,1.0,1.0,1.0,543.0,32.0,-0.0030632107251067353,-0.0017650185808415486,8192.0,128.0,6400000.0
1.0,4.0,4.0,1.0,1.0,1.0,63.0,32.0,-0.0030632107251067353,-0.0017650185808415486,0.0,16384.0,6400000.0
1.0,1024.0,8.0,1.0,1.0,1.0,543.0,32.0,-0.0030632107251067353,-0.0017650185808415486,8192.0,512.0,6400000.0
1.0,1024.0,8.0,1.0,1.0,1.0,543.0,32.0,-0.0030632107251067353,-0.0017650185808415486,8192.0,256.0,6400000.0
1.0,4.0,4.0,1.0,1.0,1.0,63.0,32.0,-0.0030632107251067353,-0.0017650185808415486,0.0078125,4096.0,6400000.0
4.0,4.0,4.0,9.0,114.0,64.0,3358.0,9728.0,0.19974094027474,0.2097781883368779,0.00195312,0.0,6400000.0
1.0,1024.0,8.0,1.0,1.0,1.0,543.0,32.0,-0.0030632107251067353,-0.0017650185808415486,8192.0,1024.0,6400000.0
1.0,1024.0,8.0,1.0,1.0,1.0,543.0,32.0,-0.0030632107251067353,-0.0017650185808415486,8192.0,2048.0,6400000.0
1.0,4.0,4.0,1.0,1.0,1.0,63.0,32.0,-0.0030632107251067353,-0.0017650185808415486,0.015625,16384.0,6400000.0
1.0,1024.0,8.0,1.0,1.0,1.0,543.0,32.0,-0.0030632107251067353,-0.0017650185808415486,8192.0,4096.0,6400000.0
1.0,4.0,2.0,1.0,1.0,1.0,39.0,32.0,-0.0030632107251067353,-0.0017650185808415486,8192.0,0.0,6400000.0
1.0,4.0,2.0,1.0,1.0,1.0,39.0,32.0,-0.0030632107251067353,-0.0017650185808415486,16384.0,0.00195312,6400000.0
1.0,1024.0,8.0,1.0,1.0,1.0,543.0,32.0,-0.0030632107251067353,-0.0017650185808415486,8192.0,8192.0,6400000.0
1.0,1024.0,8.0,1.0,1.0,1.0,543.0,32.0,-0.0030632107251067353,-0.0017650185808415486,8192.0,16384.0,6400000.0
1.0,1024.0,8.0,1.0,1.0,1.0,543.0,32.0,-0.0030632107251067353,-0.0017650185808415486,16384.0,0.0,6400000.0
1.0,1024.0,8.0,1.0,1.0,1.0,543.0,32.0,-0.0030632107251067353,-0.0017650185808415486,8192.0,32768.0,6400000.0
1.0,1.0,2.0,3.0,7.0,4.0,223.0,512.0,0.049777517915640224,0.05405121197129903,0.0,4.0,6400000.0
1.0,4.0,2.0,1.0,1.0,1.0,39.0,32.0,-0.0030632107251067353,-0.0017650185808415486,32768.0,0.0078125,6400000.0
4.0,4.0,4.0,9.0,114.0,64.0,3358.0,9728.0,0.19974094027474,0.2097781883368779,0.00390625,0.00195312,6400000.0
4.0,4.0,4.0,9.0,114.0,64.0,3358.0,9728.0,0.19974094027474,0.2097781883368779,0.0078125,0.0078125,6400000.0
4.0,4.0,4.0,9.0,110.0,64.0,3264.0,9728.0,0.20074896076186288,0.20916542869846277,0.000976562,0.125,6400000.0
1.0,1024.0,8.0,1.0,1.0,1.0,543.0,32.0,-0.0030632107251067353,-0.0017650185808415486,16384.0,0.000976562,6400000.0
1.0,4.0,2.0,1.0,1.0,1.0,39.0,32.0,-0.0030632107251067353,-0.0017650185808415486,8192.0,0.5,6400000.0
1.0,4.0,2.0,1.0,1.0,1.0,39.0,32.0,-0.0030632107251067353,-0.0017650185808415486,16384.0,2.0,6400000.0
1.0,1024.0,8.0,1.0,1.0,1.0,543.0,32.0,-0.0030632107251067353,-0.0017650185808415486,16384.0,0.00195312,6400000.0
4.0,4.0,4.0,9.0,114.0,64.0,3358.0,9728.0,0.19974094027474,0.2097781883368779,0.0,0.03125,6400000.0
1.0,1024.0,8.0,1.0,1.0,1.0,543.0,32.0,-0.0030632107251067353,-0.0017650185808415486,16384.0,0.00390625,6400000.0
4.0,4.0,4.0,8.0,81.0,50.0,2292.0,7488.0,0.19464141638761168,0.20368002769994586,0.00390625,2.0,6400000.0
4.0,4.0,4.0,9.0,106.0,64.0,3191.0,9728.0,0.1994660276578024,0.2107930455857414,0.00195312,0.5,6400000.0
1.0,1024.0,8.0,1.0,1.0,1.0,543.0,32.0,-0.0030632107251067353,-0.0017650185808415486,16384.0,0.0078125,6400000.0
4.0,4.0,4.0,2.0,12.0,8.0,434.0,768.0,0.12309422409684001,0.12713646261942835,0.0,32.0,6400000.0
4.0,4.0,4.0,9.0,110.0,64.0,3264.0,9728.0,0.20074896076186288,0.20916542869846277,0.03125,0.125,6400000.0
1.0,1024.0,8.0,1.0,1.0,1.0,543.0,32.0,-0.0030632107251067353,-0.0017650185808415486,16384.0,0.015625,6400000.0
4.0,4.0,4.0,9.0,114.0,64.0,3358.0,9728.0,0.19974094027474,0.2097781883368779,0.015625,0.03125,6400000.0
1.0,1024.0,8.0,1.0,1.0,1.0,543.0,32.0,-0.0030632107251067353,-0.0017650185808415486,16384.0,0.0625,6400000.0
1.0,1024.0,8.0,1.0,1.0,1.0,543.0,32.0,-0.0030632107251067353,-0.0017650185808415486,16384.0,0.03125,6400000.0
1.0,1024.0,8.0,1.0,1.0,1.0,543.0,32.0,-0.0030632107251067353,-0.0017650185808415486,16384.0,0.25,6400000.0
1.0,1024.0,8.0,1.0,1.0,1.0,543.0,32.0,-0.0030632107251067353,-0.0017650185808415486,16384.0,0.125,6400000.0
1.0,4.0,2.0,1.0,1.0,1.0,39.0,32.0,-0.0030632107251067353,-0.0017650185808415486,32768.0,8.0,6400000.0
4.0,4.0,4.0,3.0,24.0,15.0,741.0,1888.0,0.16336860696584554,0.16830274621810715,0.0078125,8.0,6400000.0
1.0,1024.0,8.0,1.0,1.0,1.0,543.0,32.0,-0.0030632107251067353,-0.0017650185808415486,16384.0,0.5,6400000.0
1.0,1024.0,8.0,1.0,1.0,1.0,543.0,32.0,-0.0030632107251067353,-0.0017650185808415486,16384.0,1.0,6400000.0
4.0,4.0,4.0,2.0,12.0,8.0,434.0,768.0,0.12309422409684001,0.12713646261942835,0.015625,32.0,6400000.0
1.0,1.0,2.0,3.0,7.0,4.0,223.0,512.0,0.049777517915640224,0.05405121197129903,0.0,0.0625,6400000.0
1.0,4.0,4.0,1.0,1.0,1.0,63.0,32.0,-0.0030632107251067353,-0.0017650185808415486,0.000976562,128.0,6400000.0
1.0,4.0,2.0,1.0,1.0,1.0,39.0,32.0,-0.0030632107251067353,-0.0017650185808415486,16384.0,2048.0,6400000.0
1.0,1024.0,8.0,1.0,1.0,1.0,543.0,32.0,-0.0030632107251067353,-0.0017650185808415486,16384.0,4.0,6400000.0
1.0,1024.0,8.0,1.0,1.0,1.0,543.0,32.0,-0.0030632107251067353,-0.0017650185808415486,16384.0,2.0,6400000.0
1.0,4.0,2.0,1.0,1.0,1.0,39.0,32.0,-0.0030632107251067353,-0.0017650185808415486,8192.0,512.0,6400000.0
1.0,4.0,2.0,1.0,1.0,1.0,39.0,32.0,-0.0030632107251067353,-0.0017650185808415486,32768.0,8192.0,6400000.0
1.0,1024.0,8.0,1.0,1.0,1.0,543.0,32.0,-0.0030632107251067353,-0.0017650185808415486,16384.0,8.0,6400000.0
1.0,4.0,4.0,1.0,1.0,1.0,63.0,32.0,-0.0030632107251067353,-0.0017650185808415486,0.03125,128.0,6400000.0
1.0,1024.0,8.0,1.0,1.0,1.0,543.0,32.0,-0.0030632107251067353,-0.0017650185808415486,16384.0,16.0,6400000.0
1.0,1024.0,8.0,1.0,1.0,1.0,543.0,32.0,-0.0030632107251067353,-0.0017650185808415486,16384.0,128.0,6400000.0
1.0,1024.0,8.0,1.0,1.0,1.0,543.0,32.0,-0.0030632107251067353,-0.0017650185808415486,16384.0,32.0,6400000.0
1.0,4.0,4.0,1.0,1.0,1.0,63.0,32.0,-0.0030632107251067353,-0.0017650185808415486,0.00195312,512.0,6400000.0
1.0,1024.0,8.0,1.0,1.0,1.0,543.0,32.0,-0.0030632107251067353,-0.0017650185808415486,16384.0,64.0,6400000.0
1.0,1024.0,8.0,1.0,1.0,1.0,543.0,32.0,-0.0030632107251067353,-0.0017650185808415486,16384.0,256.0,6400000.0
1.0,4.0,4.0,1.0,1.0,1.0,63.0,32.0,-0.0030632107251067353,-0.0017650185808415486,0.0078125,8192.0,6400000.0
1.0,4.0,4.0,1.0,1.0,1.0,63.0,32.0,-0.0030632107251067353,-0.0017650185808415486,0.0,32768.0,6400000.0
4.0,4.0,4.0,9.0,114.0,64.0,3358.0,9728.0,0.19974094027474,0.2097781883368779,0.00195312,0.000976562,6400000.0
1.0,1024.0,8.0,1.0,1.0,1.0,543.0,32.0,-0.0030632107251067353,-0.0017650185808415486,16384.0,512.0,6400000.0
1.0,4.0,4.0,1.0,1.0,1.0,63.0,32.0,-0.0030632107251067353,-0.0017650185808415486,0.00390625,2048.0,6400000.0
1.0,1024.0,8.0,1.0,1.0,1.0,543.0,32.0,-0.0030632107251067353,-0.0017650185808415486,16384.0,2048.0,6400000.0
1.0,1024.0,8.0,1.0,1.0,1.0,543.0,32.0,-0.0030632107251067353,-0.0017650185808415486,16384.0,1024.0,6400000.0
1.0,1024.0,8.0,1.0,1.0,1.0,543.0,32.0,-0.0030632107251067353,-0.0017650185808415486,16384.0,4096.0,6400000.0
1.0,4.0,4.0,1.0,1.0,1.0,63.0,32.0,-0.0030632107251067353,-0.0017650185808415486,0.015625,32768.0,6400000.0
1.0,1024.0,8.0,1.0,1.0,1.0,543.0,32.0,-0.0030632107251067353,-0.0017650185808415486,16384.0,8192.0,6400000.0
4.0,4.0,4.0,9.0,114.0,64.0,3358.0,9728.0,0.19974094027474,0.2097781883368779,0.0625,0.000976562,6400000.0
1.0,4.0,2.0,1.0,1.0,1.0,39.0,32.0,-0.0030632107251067353,-0.0017650185808415486,16384.0,0.00390625,6400000.0
1.0,1024.0,8.0,1.0,1.0,1.0,543.0,32.0,-0.0030632107251067353,-0.0017650185808415486,16384.0,16384.0,6400000.0
4.0,4.0,4.0,9.0,108.0,64.0,3261.0,9728.0,0.1998822532614586,0.20934753749033508,0.000976562,0.25,6400000.0
4.0,4.0,4.0,9.0,114.0,64.0,3358.0,9728.0,0.19974094027474,0.2097781883368779,0.00390625,0.00390625,6400000.0
1.0,4.0,2.0,1.0,1.0,1.0,39.0,32.0,-0.0030632107251067353,-0.0017650185808415486,32768.0,0.015625,6400000.0
1.0,1.0,2.0,3.0,5.0,3.0,158.0,352.0,0.048146068319603885,0.051476191507202285,0.0,8.0,6400000.0
4.0,4.0,4.0,9.0,114.0,64.0,3358.0,9728.0,0.19974094027474,0.2097781883368779,0.0078125,0.015625,6400000.0
1.0,1024.0,8.0,1.0,1.0,1.0,543.0,32.0,-0.0030632107251067353,-0.0017650185808415486,32768.0,0.0,6400000.0
1.0,1024.0,8.0,1.0,1.0,1.0,543.0,32.0,-0.0030632107251067353,-0.0017650185808415486,32768.0,0.00195312,6400000.0
1.0,1024.0,8.0,1.0,1.0,1.0,543.0,32.0,-0.0030632107251067353,-0.0017650185808415486,32768.0,0.000976562,6400000.0
1.0,1024.0,8.0,1.0,1.0,1.0,543.0,32.0,-0.0030632107251067353,-0.0017650185808415486,32768.0,0.0078125,6400000.0
1.0,1024.0,8.0,1.0,1.0,1.0,543.0,32.0,-0.0030632107251067353,-0.0017650185808415486,32768.0,0.00390625,6400000.0
1.0,1024.0,8.0,1.0,1.0,1.0,543.0,32.0,-0.0030632107251067353,-0.0017650185808415486,16384.0,32768.0,6400000.0
1.0,4.0,2.0,1.0,1.0,1.0,39.0,32.0,-0.0030632107251067353,-0.0017650185808415486,16384.0,4.0,6400000.0
4.0,4.0,4.0,9.0,113.0,64.0,3358.0,9728.0,0.19989078238325142,0.20956053846549416,0.0,0.0625,6400000.0
4.0,4.0,4.0,6.0,40.0,26.0,1294.0,3648.0,0.17737222872154912,0.1856126339917734,0.00390625,4.0,6400000.0
1.0,1024.0,8.0,1.0,1.0,1.0,543.0,32.0,-0.0030632107251067353,-0.0017650185808415486,32768.0,0.015625,6400000.0
1.0,1024.0,8.0,1.0,1.0,1.0,543.0,32.0,-0.0030632107251067353,-0.0017650185808415486,32768.0,0.03125,6400000.0
4.0,4.0,4.0,9.0,113.0,64.0,3358.0,9728.0,0.19989078238325142,0.20956053846549416,0.015625,0.0625,6400000.0
1.0,4.0,2.0,1.0,1.0,1.0,39.0,32.0,-0.0030632107251067353,-0.0017650185808415486,32768.0,16.0,6400000.0
4.0,4.0,4.0,9.0,108.0,64.0,3261.0,9728.0,0.1998822532614586,0.20934753749033508,0.03125,0.25,6400000.0
4.0,4.0,4.0,8.0,99.0,61.0,3003.0,9248.0,0.19781631070529904,0.21031451215210617,0.00195312,1.0,6400000.0
1.0,1024.0,8.0,1.0,1.0,1.0,543.0,32.0,-0.0030632107251067353,-0.0017650185808415486,32768.0,0.25,6400000.0
3.0,4.0,4.0,2.0,9.0,6.0,335.0,576.0,0.10115259004895938,0.10346957106453547,0.0,64.0,6400000.0
4.0,4.0,4.0,3.0,16.0,10.0,528.0,1088.0,0.14347181393305986,0.14672870433145024,0.0078125,16.0,6400000.0
4.0,4.0,4.0,8.0,96.0,59.0,2894.0,8928.0,0.19673178494998933,0.20950733683759515,0.0625,1.0,6400000.0
1.0,1024.0,8.0,1.0,1.0,1.0,543.0,32.0,-0.0030632107251067353,-0.0017650185808415486,32768.0,1.0,6400000.0
1.0,1024.0,8.0,1.0,1.0,1.0,543.0,32.0,-0.0030632107251067353,-0.0017650185808415486,32768.0,0.125,6400000.0
1.0,1024.0,8.0,1.0,1.0,1.0,543.0,32.0,-0.0030632107251067353,-0.0017650185808415486,32768.0,0.0625,6400000.0
1.0,1024.0,8.0,1.0,1.0,1.0,543.0,32.0,-0.0030632107251067353,-0.0017650185808415486,32768.0,2.0,6400000.0
1.0,1024.0,8.0,1.0,1.0,1.0,543.0,32.0,-0.0030632107251067353,-0.0017650185808415486,32768.0,0.5,6400000.0
1.0,4.0,4.0,1.0,1.0,1.0,63.0,32.0,-0.0030632107251067353,-0.0017650185808415486,0.000976562,256.0,6400000.0
3.0,4.0,4.0,2.0,9.0,6.0,335.0,576.0,0.10115259004895938,0.10346957106453547,0.015625,64.0,6400000.0
1.0,1024.0,8.0,1.0,1.0,1.0,543.0,32.0,-0.0030632107251067353,-0.0017650185808415486,32768.0,4.0,6400000.0
1.0,1.0,2.0,3.0,7.0,4.0,223.0,512.0,0.049777517915640224,0.05405121197129903,0.0,0.125,6400000.0
1.0,4.0,2.0,1.0,1.0,1.0,39.0,32.0,-0.0030632107251067353,-0.0017650185808415486,16384.0,4096.0,6400000.0
1.0,4.0,4.0,1.0,1.0,1.0,63.0,32.0,-0.0030632107251067353,-0.0017650185808415486,0.03125,256.0,6400000.0
1.0,4.0,4.0,1.0,1.0,1.0,63.0,32.0,-0.0030632107251067353,-0.0017650185808415486,0.00195312,1024.0,6400000.0
1.0,4.0,2.0,1.0,1.0,1.0,39.0,32.0,-0.0030632107251067353,-0.0017650185808415486,32768.0,16384.0,6400000.0
1.0,1024.0,8.0,1.0,1.0,1.0,543.0,32.0,-0.0030632107251067353,-0.0017650185808415486,32768.0,16.0,6400000.0
1.0,1024.0,8.0,1.0,1.0,1.0,543.0,32.0,-0.0030632107251067353,-0.0017650185808415486,32768.0,8.0,6400000.0
1.0,1024.0,8.0,1.0,1.0,1.0,543.0,32.0,-0.0030632107251067353,-0.0017650185808415486,32768.0,64.0,6400000.0
1.0,1.0,2.0,1.0,1.0,1.0,39.0,32.0,-0.0030632107251067353,-0.0017650185808415486,0.0,1024.0,6400000.0
4.0,4.0,4.0,9.0,114.0,64.0,3358.0,9728.0,0.19974094027474,0.2097781883368779,0.00195312,0.00195312,6400000.0
1.0,4.0,4.0,1.0,1.0,1.0,63.0,32.0,-0.0030632107251067353,-0.0017650185808415486,0.0078125,16384.0,6400000.0
4.0,4.0,4.0,9.0,114.0,64.0,3358.0,9728.0,0.19974094027474,0.2097781883368779,0.000976562,0.0,6400000.0
1.0,1024.0,8.0,1.0,1.0,1.0,543.0,32.0,-0.0030632107251067353,-0.0017650185808415486,32768.0,256.0,6400000.0
1.0,4.0,4.0,1.0,1.0,1.0,63.0,32.0,-0.0030632107251067353,-0.0017650185808415486,0.0625,1024.0,6400000.0
1.0,1024.0,8.0,1.0,1.0,1.0,543.0,32.0,-0.0030632107251067353,-0.0017650185808415486,32768.0,32.0,6400000.0
1.0,1024.0,8.0,1.0,1.0,1.0,543.0,32.0,-0.0030632107251067353,-0.0017650185808415486,32768.0,128.0,6400000.0
1.0,1024.0,8.0,1.0,1.0,1.0,543.0,32.0,-0.0030632107251067353,-0.0017650185808415486,32768.0,512.0,6400000.0
1.0,4.0,4.0,1.0,1.0,1.0,63.0,32.0,-0.0030632107251067353,-0.0017650185808415486,0.00390625,4096.0,6400000.0
1.0,1024.0,8.0,1.0,1.0,1.0,543.0,32.0,-0.0030632107251067353,-0.0017650185808415486,32768.0,8192.0,6400000.0
1.0,1024.0,8.0,1.0,1.0,1.0,543.0,32.0,-0.0030632107251067353,-0.0017650185808415486,32768.0,1024.0,6400000.0
4.0,4.0,4.0,9.0,114.0,64.0,3358.0,9728.0,0.19974094027474,0.2097781883368779,0.03125,0.0,6400000.0
1.0,1024.0,8.0,1.0,1.0,1.0,543.0,32.0,-0.0030632107251067353,-0.0017650185808415486,32768.0,4096.0,6400000.0
1.0,1024.0,8.0,1.0,1.0,1.0,543.0,32.0,-0.0030632107251067353,-0.0017650185808415486,32768.0,2048.0,6400000.0
1.0,1024.0,8.0,1.0,1.0,1.0,543.0,32.0,-0.0030632107251067353,-0.0017650185808415486,32768.0,16384.0,6400000.0
4.0,4.0,4.0,9.0,114.0,64.0,3358.0,9728.0,0.19974094027474,0.2097781883368779,0.0625,0.00195312,6400000.0
4.0,4.0,4.0,9.0,106.0,64.0,3191.0,9728.0,0.1994660276578024,0.2107930455857414,0.000976562,0.5,6400000.0
1.0,4.0,2.0,1.0,1.0,1.0,39.0,32.0,-0.0030632107251067353,-0.0017650185808415486,32768.0,0.03125,6400000.0
4.0,4.0,4.0,9.0,114.0,64.0,3358.0,9728.0,0.19974094027474,0.2097781883368779,0.0078125,0.03125,6400000.0
1.0,1.0,2.0,3.0,5.0,3.0,158.0,352.0,0.048146068319603885,0.051476191507202285,0.0,16.0,6400000.0
4.0,4.0,4.0,9.0,114.0,64.0,3358.0,9728.0,0.19974094027474,0.2097781883368779,0.00390625,0.0078125,6400000.0
1.0,1024.0,8.0,1.0,1.0,1.0,543.0,32.0,-0.0030632107251067353,-0.0017650185808415486,32768.0,32768.0,6400000.0
4.0,4.0,4.0,9.0,117.0,64.0,3315.0,9728.0,0.2038320764393292,0.20913870517646427,0.125,0.0078125,6400000.0
1.0,4.0,4.0,1.0,1.0,1.0,63.0,32.0,-0.0030632107251067353,-0.0017650185808415486,0.125,8192.0,6400000.0
4.0,4.0,4.0,7.0,104.0,62.0,3002.0,9408.0,0.20371318767654922,0.20933419107096607,0.5,0.5,6400000.0
4.0,4.0,4.0,9.0,115.0,64.0,3333.0,9728.0,0.20037666796821485,0.20760314793549905,0.25,0.0625,6400000.0
4.0,4.0,4.0,8.0,116.0,64.0,3344.0,9728.0,0.2037491437372413,0.2094233022317764,0.5,0.0,6400000.0
1.0,4.0,4.0,1.0,1.0,1.0,63.0,32.0,-0.0030632107251067353,-0.0017650185808415486,0.5,512.0,6400000.0
4.0,4.0,4.0,3.0,24.0,15.0,741.0,1888.0,0.16336860696584554,0.16830274621810715,0.00390625,8.0,6400000.0
3.0,4.0,4.0,2.0,9.0,6.0,335.0,576.0,0.10115259004895938,0.10346957106453547,0.25,64.0,6400000.0
4.0,4.0,4.0,3.0,24.0,15.0,741.0,1888.0,0.16336860696584554,0.16830274621810715,0.125,8.0,6400000.0
4.0,4.0,4.0,9.0,106.0,64.0,3191.0,9728.0,0.1994660276578024,0.2107930455857414,0.03125,0.5,6400000.0
4.0,4.0,4.0,9.0,110.0,64.0,3264.0,9728.0,0.20074896076186288,0.20916542869846277,0.0,0.125,6400000.0
4.0,4.0,4.0,8.0,81.0,50.0,2292.0,7488.0,0.19464141638761168,0.20368002769994586,0.00195312,2.0,6400000.0
1.0,4.0,2.0,1.0,1.0,1.0,39.0,32.0,-0.0030632107251067353,-0.0017650185808415486,32768.0,32.0,6400000.0
4.0,4.0,4.0,9.0,110.0,64.0,3264.0,9728.0,0.20074896076186288,0.20916542869846277,0.015625,0.125,6400000.0
1.0,1.0,2.0,3.0,7.0,4.0,223.0,512.0,0.049777517915640224,0.05405121197129903,0.000976562,0.0078125,6400000.0
1.0,4.0,4.0,1.0,1.0,1.0,63.0,32.0,-0.0030632107251067353,-0.0017650185808415486,0.0,128.0,6400000.0
4.0,4.0,4.0,2.0,12.0,8.0,434.0,768.0,0.12309422409684001,0.12713646261942835,0.0078125,32.0,6400000.0
4.0,4.0,4.0,7.0,113.0,64.0,3215.0,9728.0,0.20078254560233944,0.20833735386382235,1.0,0.00390625,6400000.0
4.0,4.0,4.0,8.0,81.0,50.0,2292.0,7488.0,0.19464141638761168,0.20368002769994586,0.0625,2.0,6400000.0
1.0,4.0,4.0,1.0,1.0,1.0,63.0,32.0,-0.0030632107251067353,-0.0017650185808415486,1.0,4096.0,6400000.0
4.0,4.0,4.0,3.0,37.0,25.0,1160.0,3488.0,0.17340590542924417,0.18066593129000108,1.0,4.0,6400000.0
4.0,4.0,4.0,6.0,108.0,64.0,3235.0,9728.0,0.1984313552822654,0.20975071401360534,2.0,0.03125,6400000.0
4.0,4.0,4.0,3.0,92.0,60.0,2801.0,9088.0,0.1890986357678175,0.19536173844263716,4.0,0.25,6400000.0
1.0,4.0,4.0,1.0,1.0,1.0,63.0,32.0,-0.0030632107251067353,-0.0017650185808415486,0.000976562,512.0,6400000.0
1.0,4.0,4.0,1.0,1.0,1.0,63.0,32.0,-0.0030632107251067353,-0.0017650185808415486,0.015625,128.0,6400000.0
1.0,4.0,4.0,1.0,1.0,1.0,63.0,32.0,-0.0030632107251067353,-0.0017650185808415486,2.0,32768.0,6400000.0
1.0,1.0,2.0,3.0,7.0,4.0,223.0,512.0,0.049777517915640224,0.05405121197129903,0.0,0.25,6400000.0
4.0,4.0,4.0,2.0,12.0,8.0,434.0,768.0,0.12309422409684001,0.12713646261942835,2.0,32.0,6400000.0
1.0,4.0,4.0,1.0,1.0,1.0,63.0,32.0,-0.0030632107251067353,-0.0017650185808415486,0.03125,512.0,6400000.0
1.0,4.0,4.0,1.0,1.0,1.0,63.0,32.0,-0.0030632107251067353,-0.0017650185808415486,0.00195312,2048.0,6400000.0
1.0,4.0,2.0,1.0,1.0,1.0,39.0,32.0,-0.0030632107251067353,-0.0017650185808415486,32768.0,32768.0,6400000.0
4.0,4.0,4.0,3.0,100.0,64.0,3076.0,9728.0,0.18909488023437204,0.19541703203625094,8.0,0.00195312,6400000.0
1.0,4.0,4.0,1.0,1.0,1.0,63.0,32.0,-0.0030632107251067353,-0.0017650185808415486,4.0,256.0,6400000.0
1.0,1.0,2.0,1.0,1.0,1.0,39.0,32.0,-0.0030632107251067353,-0.0017650185808415486,0.0,2048.0,6400000.0
1.0,4.0,4.0,1.0,1.0,1.0,63.0,32.0,-0.0030632107251067353,-0.0017650185808415486,8.0,2048.0,6400000.0
4.0,4.0,4.0,9.0,114.0,64.0,3358.0,9728.0,0.19974094027474,0.2097781883368779,0.00195312,0.00390625,6400000.0
1.0,4.0,4.0,1.0,1.0,1.0,63.0,32.0,-0.0030632107251067353,-0.0017650185808415486,0.0625,2048.0,6400000.0
1.0,4.0,4.0,1.0,1.0,1.0,63.0,32.0,-0.0030632107251067353,-0.0017650185808415486,0.00390625,8192.0,6400000.0
4.0,4.0,4.0,9.0,114.0,64.0,3358.0,9728.0,0.19974094027474,0.2097781883368779,0.000976562,0.000976562,6400000.0
4.0,4.0,4.0,3.0,44.0,30.0,1373.0,4288.0,0.17788879792339474,0.18842020046479802,8.0,2.0,6400000.0
1.0,4.0,4.0,1.0,1.0,1.0,63.0,32.0,-0.0030632107251067353,-0.0017650185808415486,0.0078125,32768.0,6400000.0
1.0,1.0,2.0,3.0,5.0,3.0,158.0,352.0,0.048146068319603885,0.051476191507202285,0.000976562,8.0,6400000.0
4.0,4.0,4.0,2.0,65.0,47.0,2170.0,7008.0,0.1481575398855547,0.1540673640088729,32.0,0.125,6400000.0
1.0,4.0,4.0,1.0,1.0,1.0,63.0,32.0,-0.0030632107251067353,-0.0017650185808415486,16.0,16384.0,6400000.0
4.0,4.0,4.0,2.0,90.0,64.0,2962.0,9728.0,0.14835154605362555,0.15366658452352133,16.0,0.015625,6400000.0
4.0,4.0,4.0,2.0,90.0,64.0,2962.0,9728.0,0.14835154605362555,0.15366658452352133,64.0,0.000976562,6400000.0
4.0,4.0,4.0,2.0,34.0,24.0,1150.0,3328.0,0.1479085099634987,0.15350554704155794,64.0,1.0,6400000.0
4.0,4.0,4.0,9.0,114.0,64.0,3358.0,9728.0,0.19974094027474,0.2097781883368779,0.03125,0.000976562,6400000.0
1.0,4.0,4.0,1.0,1.0,1.0,63.0,32.0,-0.0030632107251067353,-0.0017650185808415486,128.0,0.0078125,6400000.0
4.0,4.0,4.0,2.0,12.0,8.0,434.0,768.0,0.12309422409684001,0.12713646261942835,16.0,16.0,6400000.0
1.0,4.0,4.0,1.0,1.0,1.0,63.0,32.0,-0.0030632107251067353,-0.0017650185808415486,32.0,128.0,6400000.0
1.0,4.0,4.0,1.0,1.0,1.0,63.0,32.0,-0.0030632107251067353,-0.0017650185808415486,64.0,1024.0,6400000.0
4.0,4.0,4.0,9.0,114.0,64.0,3358.0,9728.0,0.19974094027474,0.2097781883368779,0.0625,0.00390625,6400000.0
4.0,4.0,4.0,9.0,113.0,64.0,3358.0,9728.0,0.19989078238325142,0.20956053846549416,0.0078125,0.0625,6400000.0
4.0,4.0,4.0,8.0,99.0,61.0,3003.0,9248.0,0.19781631070529904,0.21031451215210617,0.000976562,1.0,6400000.0
1.0,4.0,4.0,1.0,1.0,1.0,63.0,32.0,-0.0030632107251067353,-0.0017650185808415486,128.0,8.0,6400000.0
1.0,1.0,2.0,2.0,3.0,2.0,112.0,192.0,0.03911015413878083,0.040912063041146696,0.0,32.0,6400000.0
4.0,4.0,4.0,9.0,114.0,64.0,3358.0,9728.0,0.19974094027474,0.2097781883368779,0.00390625,0.015625,6400000.0
1.0,1.0,2.0,1.0,1.0,1.0,39.0,32.0,-0.0030632107251067353,-0.0017650185808415486,0.000976562,8192.0,6400000.0
4.0,4.0,4.0,9.0,117.0,64.0,3315.0,9728.0,0.2038320764393292,0.20913870517646427,0.125,0.015625,6400000.0
1.0,4.0,4.0,1.0,1.0,1.0,63.0,32.0,-0.0030632107251067353,-0.0017650185808415486,0.5,1024.0,6400000.0
1.0,4.0,4.0,1.0,1.0,1.0,63.0,32.0,-0.0030632107251067353,-0.0017650185808415486,0.125,16384.0,6400000.0
1.0,4.0,4.0,1.0,1.0,1.0,63.0,32.0,-0.0030632107251067353,-0.0017650185808415486,0.25,128.0,6400000.0
4.0,4.0,4.0,9.0,112.0,64.0,3239.0,9728.0,0.20122583065714938,0.20719544236176957,0.25,0.125,6400000.0
4.0,4.0,4.0,3.0,16.0,10.0,528.0,1088.0,0.14347181393305986,0.14672870433145024,0.00390625,16.0,6400000.0
4.0,4.0,4.0,8.0,116.0,64.0,3344.0,9728.0,0.2037491437372413,0.2094233022317764,0.5,0.000976562,6400000.0
4.0,4.0,4.0,8.0,93.0,59.0,2840.0,8928.0,0.19804345887982877,0.20809585503947736,0.5,1.0,6400000.0
4.0,4.0,4.0,3.0,16.0,10.0,528.0,1088.0,0.14347181393305986,0.14672870433145024,0.125,16.0,6400000.0
4.0,4.0,4.0,6.0,40.0,26.0,1294.0,3648.0,0.17737222872154912,0.1856126339917734,0.00195312,4.0,6400000.0
4.0,4.0,4.0,8.0,96.0,59.0,2894.0,8928.0,0.19673178494998933,0.20950733683759515,0.03125,1.0,6400000.0
4.0,4.0,4.0,7.0,113.0,64.0,3215.0,9728.0,0.20078254560233944,0.20833735386382235,1.0,0.0078125,6400000.0
4.0,4.0,4.0,9.0,108.0,64.0,3261.0,9728.0,0.1998822532614586,0.20934753749033508,0.0,0.25,6400000.0
4.0,4.0,4.0,9.0,108.0,64.0,3261.0,9728.0,0.1998822532614586,0.20934753749033508,0.015625,0.25,6400000.0
1.0,4.0,4.0,1.0,1.0,1.0,63.0,32.0,-0.0030632107251067353,-0.0017650185808415486,128.0,8192.0,6400000.0
1.0,1.0,2.0,3.0,7.0,4.0,223.0,512.0,0.049777517915640224,0.05405121197129903,0.000976562,0.015625,6400000.0
4.0,4.0,4.0,6.0,40.0,26.0,1294.0,3648.0,0.17737222872154912,0.1856126339917734,0.0625,4.0,6400000.0
4.0,4.0,4.0,3.0,24.0,15.0,741.0,1888.0,0.16336860696584554,0.16830274621810715,1.0,8.0,6400000.0
1.0,4.0,4.0,1.0,1.0,1.0,63.0,32.0,-0.0030632107251067353,-0.0017650185808415486,1.0,8192.0,6400000.0
1.0,4.0,4.0,1.0,1.0,1.0,63.0,32.0,-0.0030632107251067353,-0.0017650185808415486,0.0,256.0,6400000.0
3.0,4.0,4.0,2.0,9.0,6.0,335.0,576.0,0.10115259004895938,0.10346957106453547,0.0078125,64.0,6400000.0
4.0,4.0,4.0,6.0,108.0,64.0,3235.0,9728.0,0.1984313552822654,0.20975071401360534,2.0,0.0625,6400000.0
4.0,4.0,4.0,3.0,83.0,55.0,2525.0,8288.0,0.1876529758957054,0.19504708387635628,4.0,0.5,6400000.0
1.0,4.0,4.0,1.0,1.0,1.0,63.0,32.0,-0.0030632107251067353,-0.0017650185808415486,0.015625,256.0,6400000.0
1.0,1.0,2.0,3.0,7.0,4.0,223.0,512.0,0.049777517915640224,0.05405121197129903,0.0,0.5,6400000.0
1.0,4.0,4.0,1.0,1.0,1.0,63.0,32.0,-0.0030632107251067353,-0.0017650185808415486,0.000976562,1024.0,6400000.0
3.0,4.0,4.0,2.0,9.0,6.0,335.0,576.0,0.10115259004895938,0.10346957106453547,2.0,64.0,6400000.0
4.0,4.0,4.0,3.0,100.0,64.0,3076.0,9728.0,0.18909488023437204,0.19541703203625094,4.0,0.0,6400000.0
1.0,4.0,4.0,1.0,1.0,1.0,63.0,32.0,-0.0030632107251067353,-0.0017650185808415486,0.03125,1024.0,6400000.0
4.0,4.0,4.0,3.0,100.0,64.0,3076.0,9728.0,0.18909488023437204,0.19541703203625094,8.0,0.00390625,6400000.0
1.0,4.0,4.0,1.0,1.0,1.0,63.0,32.0,-0.0030632107251067353,-0.0017650185808415486,0.00195312,4096.0,6400000.0
1.0,1.0,2.0,1.0,1.0,1.0,39.0,32.0,-0.0030632107251067353,-0.0017650185808415486,0.0,4096.0,6400000.0
1.0,4.0,4.0,1.0,1.0,1.0,63.0,32.0,-0.0030632107251067353,-0.0017650185808415486,4.0,512.0,6400000.0
1.0,4.0,4.0,1.0,1.0,1.0,63.0,32.0,-0.0030632107251067353,-0.0017650185808415486,256.0,0.0625,6400000.0
1.0,4.0,4.0,1.0,1.0,1.0,63.0,32.0,-0.0030632107251067353,-0.0017650185808415486,0.0625,4096.0,6400000.0
4.0,4.0,4.0,9.0,114.0,64.0,3358.0,9728.0,0.19974094027474,0.2097781883368779,0.00195312,0.0078125,6400000.0
4.0,4.0,4.0,9.0,114.0,64.0,3358.0,9728.0,0.19974094027474,0.2097781883368779,0.000976562,0.00195312,6400000.0
1.0,1.0,2.0,3.0,5.0,3.0,158.0,352.0,0.048146068319603885,0.051476191507202285,0.000976562,16.0,6400000.0
1.0,4.0,4.0,1.0,1.0,1.0,63.0,32.0,-0.0030632107251067353,-0.0017650185808415486,0.00390625,16384.0,6400000.0
1.0,4.0,4.0,1.0,1.0,1.0,63.0,32.0,-0.0030632107251067353,-0.0017650185808415486,8.0,4096.0,6400000.0
4.0,4.0,4.0,3.0,37.0,25.0,1160.0,3488.0,0.17340590542924417,0.18066593129000108,8.0,4.0,6400000.0
4.0,4.0,4.0,9.0,114.0,64.0,3358.0,9728.0,0.19974094027474,0.2097781883368779,0.015625,0.0,6400000.0
4.0,4.0,4.0,2.0,90.0,64.0,2962.0,9728.0,0.14835154605362555,0.15366658452352133,64.0,0.00195312,6400000.0
1.0,4.0,4.0,1.0,1.0,1.0,63.0,32.0,-0.0030632107251067353,-0.0017650185808415486,16.0,32768.0,6400000.0
4.0,4.0,4.0,2.0,59.0,44.0,1984.0,6528.0,0.14854581406133727,0.15394815139024354,32.0,0.25,6400000.0
4.0,4.0,4.0,9.0,114.0,64.0,3358.0,9728.0,0.19974094027474,0.2097781883368779,0.03125,0.00195312,6400000.0
4.0,4.0,4.0,2.0,90.0,64.0,2962.0,9728.0,0.14835154605362555,0.15366658452352133,16.0,0.03125,6400000.0
4.0,4.0,4.0,2.0,26.0,16.0,846.0,2048.0,0.14616338393281836,0.1501171985359251,64.0,2.0,6400000.0
1.0,4.0,4.0,1.0,1.0,1.0,63.0,32.0,-0.0030632107251067353,-0.0017650185808415486,128.0,0.015625,6400000.0
4.0,4.0,4.0,2.0,12.0,8.0,434.0,768.0,0.12309422409684001,0.12713646261942835,16.0,32.0,6400000.0
1.0,4.0,4.0,1.0,1.0,1.0,63.0,32.0,-0.0030632107251067353,-0.0017650185808415486,32.0,256.0,6400000.0
1.0,4.0,4.0,1.0,1.0,1.0,63.0,32.0,-0.0030632107251067353,-0.0017650185808415486,64.0,2048.0,6400000.0
4.0,4.0,4.0,9.0,114.0,64.0,3358.0,9728.0,0.19974094027474,0.2097781883368779,0.0625,0.0078125,6400000.0
4.0,4.0,4.0,9.0,110.0,64.0,3264.0,9728.0,0.20074896076186288,0.20916542869846277,0.0078125,0.125,6400000.0
4.0,4.0,4.0,8.0,81.0,50.0,2292.0,7488.0,0.19464141638761168,0.20368002769994586,0.000976562,2.0,6400000.0
1.0,1.0,2.0,2.0,3.0,2.0,112.0,192.0,0.03911015413878083,0.040912063041146696,0.0,64.0,6400000.0
1.0,1.0,2.0,1.0,1.0,1.0,39.0,32.0,-0.0030632107251067353,-0.0017650185808415486,0.000976562,16384.0,6400000.0
1.0,4.0,4.0,1.0,1.0,1.0,63.0,32.0,-0.0030632107251067353,-0.0017650185808415486,128.0,16.0,6400000.0
4.0,4.0,4.0,9.0,116.0,64.0,3343.0,9728.0,0.20023575100665336,0.2079136905184772,0.125,0.03125,6400000.0
4.0,4.0,4.0,9.0,114.0,64.0,3358.0,9728.0,0.19974094027474,0.2097781883368779,0.00390625,0.03125,6400000.0
1.0,4.0,4.0,1.0,1.0,1.0,63.0,32.0,-0.0030632107251067353,-0.0017650185808415486,0.5,2048.0,6400000.0
1.0,4.0,4.0,1.0,1.0,1.0,63.0,32.0,-0.0030632107251067353,-0.0017650185808415486,0.125,32768.0,6400000.0
4.0,4.0,4.0,9.0,112.0,64.0,3239.0,9728.0,0.20122583065714938,0.20719544236176957,0.25,0.25,6400000.0
1.0,4.0,4.0,1.0,1.0,1.0,63.0,32.0,-0.0030632107251067353,-0.0017650185808415486,0.25,256.0,6400000.0
4.0,4.0,4.0,2.0,12.0,8.0,434.0,768.0,0.12309422409684001,0.12713646261942835,0.00390625,32.0,6400000.0
4.0,4.0,4.0,7.0,73.0,46.0,2170.0,6848.0,0.18866578039574233,0.2026058793096146,0.5,2.0,6400000.0
4.0,4.0,4.0,8.0,81.0,50.0,2292.0,7488.0,0.19464141638761168,0.20368002769994586,0.03125,2.0,6400000.0
4.0,4.0,4.0,8.0,116.0,64.0,3344.0,9728.0,0.2037491437372413,0.2094233022317764,0.5,0.00195312,6400000.0
4.0,4.0,4.0,3.0,24.0,15.0,741.0,1888.0,0.16336860696584554,0.16830274621810715,0.00195312,8.0,6400000.0
4.0,4.0,4.0,2.0,12.0,8.0,434.0,768.0,0.12309422409684001,0.12713646261942835,0.125,32.0,6400000.0
4.0,4.0,4.0,7.0,113.0,64.0,3215.0,9728.0,0.20078254560233944,0.20833735386382235,1.0,0.015625,6400000.0
4.0,4.0,4.0,9.0,106.0,64.0,3191.0,9728.0,0.1994660276578024,0.2107930455857414,0.015625,0.5,6400000.0
1.0,4.0,4.0,1.0,1.0,1.0,63.0,32.0,-0.0030632107251067353,-0.0017650185808415486,128.0,16384.0,6400000.0
1.0,4.0,4.0,1.0,1.0,1.0,63.0,32.0,-0.0030632107251067353,-0.0017650185808415486,256.0,64.0,6400000.0
4.0,4.0,4.0,3.0,24.0,15.0,741.0,1888.0,0.16336860696584554,0.16830274621810715,0.0625,8.0,6400000.0
4.0,4.0,4.0,3.0,16.0,10.0,528.0,1088.0,0.14347181393305986,0.14672870433145024,1.0,16.0,6400000.0
1.0,1.0,2.0,3.0,7.0,4.0,223.0,512.0,0.049777517915640224,0.05405121197129903,0.000976562,0.03125,6400000.0
4.0,4.0,4.0,6.0,106.0,64.0,3233.0,9728.0,0.19952011029020877,0.2092198421628465,2.0,0.125,6400000.0
1.0,4.0,4.0,1.0,1.0,1.0,63.0,32.0,-0.0030632107251067353,-0.0017650185808415486,1.0,16384.0,6400000.0
1.0,4.0,4.0,1.0,1.0,1.0,63.0,32.0,-0.0030632107251067353,-0.0017650185808415486,0.015625,512.0,6400000.0
1.0,4.0,4.0,1.0,1.0,1.0,63.0,32.0,-0.0030632107251067353,-0.0017650185808415486,0.0078125,128.0,6400000.0
1.0,4.0,4.0,1.0,1.0,1.0,63.0,32.0,-0.0030632107251067353,-0.0017650185808415486,512.0,0.0,6400000.0
4.0,4.0,4.0,3.0,61.0,42.0,1896.0,6208.0,0.1831583173426955,0.19168512359988688,4.0,1.0,6400000.0
4.0,4.0,4.0,3.0,100.0,64.0,3076.0,9728.0,0.18909488023437204,0.19541703203625094,4.0,0.000976562,6400000.0
1.0,4.0,4.0,1.0,1.0,1.0,63.0,32.0,-0.0030632107251067353,-0.0017650185808415486,0.000976562,2048.0,6400000.0
1.0,4.0,4.0,1.0,1.0,1.0,63.0,32.0,-0.0030632107251067353,-0.0017650185808415486,2.0,128.0,6400000.0
1.0,4.0,4.0,1.0,1.0,1.0,63.0,32.0,-0.0030632107251067353,-0.0017650185808415486,0.03125,2048.0,6400000.0
1.0,1.0,2.0,1.0,1.0,1.0,39.0,32.0,-0.0030632107251067353,-0.0017650185808415486,0.0,8192.0,6400000.0
1.0,4.0,4.0,1.0,1.0,1.0,63.0,32.0,-0.0030632107251067353,-0.0017650185808415486,0.00195312,8192.0,6400000.0
1.0,4.0,4.0,1.0,1.0,1.0,63.0,32.0,-0.0030632107251067353,-0.0017650185808415486,256.0,0.125,6400000.0
1.0,4.0,4.0,1.0,1.0,1.0,63.0,32.0,-0.0030632107251067353,-0.0017650185808415486,4.0,1024.0,6400000.0
4.0,4.0,4.0,3.0,100.0,64.0,3076.0,9728.0,0.18909488023437204,0.19541703203625094,8.0,0.0078125,6400000.0
1.0,4.0,4.0,1.0,1.0,1.0,63.0,32.0,-0.0030632107251067353,-0.0017650185808415486,512.0,0.5,6400000.0
4.0,4.0,4.0,9.0,114.0,64.0,3358.0,9728.0,0.19974094027474,0.2097781883368779,0.00195312,0.015625,6400000.0
1.0,4.0,4.0,1.0,1.0,1.0,63.0,32.0,-0.0030632107251067353,-0.0017650185808415486,0.0625,8192.0,6400000.0
1.0,1.0,2.0,2.0,3.0,2.0,112.0,192.0,0.03911015413878083,0.040912063041146696,0.000976562,32.0,6400000.0
1.0,4.0,4.0,1.0,1.0,1.0,63.0,32.0,-0.0030632107251067353,-0.0017650185808415486,0.00390625,32768.0,6400000.0
4.0,4.0,4.0,9.0,114.0,64.0,3358.0,9728.0,0.19974094027474,0.2097781883368779,0.015625,0.000976562,6400000.0
4.0,4.0,4.0,3.0,24.0,15.0,741.0,1888.0,0.16336860696584554,0.16830274621810715,8.0,8.0,6400000.0
1.0,4.0,4.0,1.0,1.0,1.0,63.0,32.0,-0.0030632107251067353,-0.0017650185808415486,128.0,0.03125,6400000.0
1.0,4.0,4.0,1.0,1.0,1.0,63.0,32.0,-0.0030632107251067353,-0.0017650185808415486,8.0,8192.0,6400000.0
4.0,4.0,4.0,2.0,90.0,64.0,2962.0,9728.0,0.14835154605362555,0.15366658452352133,64.0,0.00390625,6400000.0
4.0,4.0,4.0,2.0,90.0,64.0,2962.0,9728.0,0.14835154605362555,0.15366658452352133,32.0,0.0,6400000.0
1.0,4.0,4.0,1.0,1.0,1.0,63.0,32.0,-0.0030632107251067353,-0.0017650185808415486,512.0,512.0,6400000.0
4.0,4.0,4.0,2.0,40.0,29.0,1362.0,4128.0,0.14846306784344399,0.15380461663905265,32.0,0.5,6400000.0
4.0,4.0,4.0,9.0,114.0,64.0,3358.0,9728.0,0.19974094027474,0.2097781883368779,0.03125,0.00390625,6400000.0
4.0,4.0,4.0,2.0,26.0,16.0,846.0,2048.0,0.14616338393281836,0.1501171985359251,64.0,4.0,6400000.0
1.0,4.0,4.0,1.0,1.0,1.0,63.0,32.0,-0.0030632107251067353,-0.0017650185808415486,64.0,4096.0,6400000.0
4.0,4.0,4.0,2.0,79.0,58.0,2673.0,8768.0,0.1488146316033725,0.15385913312228272,16.0,0.0625,6400000.0
1.0,4.0,4.0,1.0,1.0,1.0,63.0,32.0,-0.0030632107251067353,-0.0017650185808415486,32.0,512.0,6400000.0
3.0,4.0,4.0,2.0,9.0,6.0,335.0,576.0,0.10115259004895938,0.10346957106453547,16.0,64.0,6400000.0
4.0,4.0,4.0,9.0,114.0,64.0,3358.0,9728.0,0.19974094027474,0.2097781883368779,0.0625,0.015625,6400000.0
4.0,4.0,4.0,9.0,108.0,64.0,3261.0,9728.0,0.1998822532614586,0.20934753749033508,0.0078125,0.25,6400000.0
1.0,1.0,2.0,1.0,1.0,1.0,39.0,32.0,-0.0030632107251067353,-0.0017650185808415486,0.000976562,32768.0,6400000.0
1.0,1.0,2.0,1.0,1.0,1.0,39.0,32.0,-0.0030632107251067353,-0.0017650185808415486,0.0,128.0,6400000.0
1.0,4.0,4.0,1.0,1.0,1.0,63.0,32.0,-0.0030632107251067353,-0.0017650185808415486,1024.0,0.00390625,6400000.0
1.0,4.0,4.0,1.0,1.0,1.0,63.0,32.0,-0.0030632107251067353,-0.0017650185808415486,128.0,32.0,6400000.0
4.0,4.0,4.0,9.0,113.0,64.0,3358.0,9728.0,0.19989078238325142,0.20956053846549416,0.00390625,0.0625,6400000.0
4.0,4.0,4.0,9.0,117.0,64.0,3315.0,9728.0,0.2038320764393292,0.20913870517646427,0.25,0.0,6400000.0
1.0,4.0,4.0,1.0,1.0,1.0,63.0,32.0,-0.0030632107251067353,-0.0017650185808415486,0.5,4096.0,6400000.0
4.0,4.0,4.0,9.0,115.0,64.0,3333.0,9728.0,0.20037666796821485,0.20760314793549905,0.125,0.0625,6400000.0
1.0,4.0,4.0,1.0,1.0,1.0,63.0,32.0,-0.0030632107251067353,-0.0017650185808415486,0.25,512.0,6400000.0
3.0,4.0,4.0,2.0,9.0,6.0,335.0,576.0,0.10115259004895938,0.10346957106453547,0.00390625,64.0,6400000.0
4.0,4.0,4.0,9.0,108.0,64.0,3095.0,9728.0,0.20085782039151057,0.20807575074834928,0.25,0.5,6400000.0
4.0,4.0,4.0,3.0,37.0,25.0,1160.0,3488.0,0.17340590542924417,0.18066593129000108,0.5,4.0,6400000.0
4.0,4.0,4.0,6.0,40.0,26.0,1294.0,3648.0,0.17737222872154912,0.1856126339917734,0.03125,4.0,6400000.0
4.0,4.0,4.0,7.0,112.0,64.0,3183.0,9728.0,0.2009738818436433,0.20914120259259084,1.0,0.03125,6400000.0
4.0,4.0,4.0,3.0,16.0,10.0,528.0,1088.0,0.14347181393305986,0.14672870433145024,0.00195312,16.0,6400000.0
4.0,4.0,4.0,8.0,116.0,64.0,3344.0,9728.0,0.2037491437372413,0.2094233022317764,0.5,0.00390625,6400000.0
3.0,4.0,4.0,2.0,9.0,6.0,335.0,576.0,0.10115259004895938,0.10346957106453547,0.125,64.0,6400000.0
1.0,4.0,4.0,1.0,1.0,1.0,63.0,32.0,-0.0030632107251067353,-0.0017650185808415486,128.0,32768.0,6400000.0
1.0,4.0,4.0,1.0,1.0,1.0,63.0,32.0,-0.0030632107251067353,-0.0017650185808415486,256.0,128.0,6400000.0
4.0,4.0,4.0,8.0,99.0,61.0,3003.0,9248.0,0.19781631070529904,0.21031451215210617,0.015625,1.0,6400000.0
4.0,4.0,4.0,2.0,12.0,8.0,434.0,768.0,0.12309422409684001,0.12713646261942835,1.0,32.0,6400000.0
1.0,1.0,2.0,3.0,7.0,4.0,223.0,512.0,0.049777517915640224,0.05405121197129903,0.000976562,0.0625,6400000.0
4.0,4.0,4.0,3.0,16.0,10.0,528.0,1088.0,0.14347181393305986,0.14672870433145024,0.0625,16.0,6400000.0
1.0,4.0,4.0,1.0,1.0,1.0,63.0,32.0,-0.0030632107251067353,-0.0017650185808415486,0.015625,1024.0,6400000.0
4.0,4.0,4.0,3.0,44.0,30.0,1373.0,4288.0,0.17788879792339474,0.18842020046479802,4.0,2.0,6400000.0
1.0,4.0,4.0,1.0,1.0,1.0,63.0,32.0,-0.0030632107251067353,-0.0017650185808415486,1.0,32768.0,6400000.0
4.0,4.0,4.0,3.0,100.0,64.0,3076.0,9728.0,0.18909488023437204,0.19541703203625094,4.0,0.00195312,6400000.0
1.0,4.0,4.0,1.0,1.0,1.0,63.0,32.0,-0.0030632107251067353,-0.0017650185808415486,0.0078125,256.0,6400000.0
4.0,4.0,4.0,6.0,104.0,64.0,3119.0,9728.0,0.19650205709831503,0.21154439275481807,2.0,0.25,6400000.0
1.0,4.0,4.0,1.0,1.0,1.0,63.0,32.0,-0.0030632107251067353,-0.0017650185808415486,512.0,0.000976562,6400000.0
1.0,4.0,4.0,1.0,1.0,1.0,63.0,32.0,-0.0030632107251067353,-0.0017650185808415486,2.0,256.0,6400000.0
1.0,4.0,4.0,1.0,1.0,1.0,63.0,32.0,-0.0030632107251067353,-0.0017650185808415486,1024.0,4.0,6400000.0
1.0,4.0,4.0,1.0,1.0,1.0,63.0,32.0,-0.0030632107251067353,-0.0017650185808415486,0.03125,4096.0,6400000.0
1.0,4.0,4.0,1.0,1.0,1.0,63.0,32.0,-0.0030632107251067353,-0.0017650185808415486,256.0,0.25,6400000.0
4.0,4.0,4.0,3.0,100.0,64.0,3076.0,9728.0,0.18909488023437204,0.19541703203625094,8.0,0.015625,6400000.0
1.0,4.0,4.0,1.0,1.0,1.0,63.0,32.0,-0.0030632107251067353,-0.0017650185808415486,4.0,2048.0,6400000.0
1.0,4.0,4.0,1.0,1.0,1.0,63.0,32.0,-0.0030632107251067353,-0.0017650185808415486,0.00195312,16384.0,6400000.0
1.0,4.0,4.0,1.0,1.0,1.0,63.0,32.0,-0.0030632107251067353,-0.0017650185808415486,512.0,1.0,6400000.0
1.0,1.0,2.0,1.0,1.0,1.0,39.0,32.0,-0.0030632107251067353,-0.0017650185808415486,0.0,16384.0,6400000.0
1.0,4.0,4.0,1.0,1.0,1.0,63.0,32.0,-0.0030632107251067353,-0.0017650185808415486,0.0625,16384.0,6400000.0
1.0,4.0,4.0,1.0,1.0,1.0,63.0,32.0,-0.0030632107251067353,-0.0017650185808415486,1024.0,4096.0,6400000.0
4.0,4.0,4.0,9.0,114.0,64.0,3358.0,9728.0,0.19974094027474,0.2097781883368779,0.0078125,0.0,6400000.0
1.0,1.0,2.0,2.0,3.0,2.0,112.0,192.0,0.03911015413878083,0.040912063041146696,0.000976562,64.0,6400000.0
4.0,4.0,4.0,9.0,114.0,64.0,3358.0,9728.0,0.19974094027474,0.2097781883368779,0.015625,0.00195312,6400000.0
4.0,4.0,4.0,2.0,90.0,64.0,2962.0,9728.0,0.14835154605362555,0.15366658452352133,64.0,0.0078125,6400000.0
4.0,4.0,4.0,9.0,114.0,64.0,3358.0,9728.0,0.19974094027474,0.2097781883368779,0.03125,0.0078125,6400000.0
1.0,4.0,4.0,1.0,1.0,1.0,63.0,32.0,-0.0030632107251067353,-0.0017650185808415486,128.0,0.0625,6400000.0
4.0,4.0,4.0,2.0,19.0,12.0,597.0,1408.0,0.14196947312511288,0.1453711613961719,64.0,8.0,6400000.0
4.0,4.0,4.0,2.0,34.0,24.0,1150.0,3328.0,0.1479085099634987,0.15350554704155794,32.0,1.0,6400000.0
4.0,4.0,4.0,2.0,12.0,8.0,434.0,768.0,0.12309422409684001,0.12713646261942835,8.0,16.0,6400000.0
1.0,4.0,4.0,1.0,1.0,1.0,63.0,32.0,-0.0030632107251067353,-0.0017650185808415486,512.0,1024.0,6400000.0
4.0,4.0,4.0,2.0,90.0,64.0,2962.0,9728.0,0.14835154605362555,0.15366658452352133,32.0,0.000976562,6400000.0
1.0,4.0,4.0,1.0,1.0,1.0,63.0,32.0,-0.0030632107251067353,-0.0017650185808415486,8.0,16384.0,6400000.0
1.0,4.0,4.0,1.0,1.0,1.0,63.0,32.0,-0.0030632107251067353,-0.0017650185808415486,64.0,8192.0,6400000.0
1.0,4.0,4.0,1.0,1.0,1.0,63.0,32.0,-0.0030632107251067353,-0.0017650185808415486,32.0,1024.0,6400000.0
4.0,4.0,4.0,2.0,65.0,47.0,2170.0,7008.0,0.1481575398855547,0.1540673640088729,16.0,0.125,6400000.0
4.0,4.0,4.0,9.0,114.0,64.0,3358.0,9728.0,0.19974094027474,0.2097781883368779,0.0625,0.03125,6400000.0
1.0,4.0,4.0,1.0,1.0,1.0,63.0,32.0,-0.0030632107251067353,-0.0017650185808415486,16.0,128.0,6400000.0
4.0,4.0,4.0,9.0,106.0,64.0,3191.0,9728.0,0.1994660276578024,0.2107930455857414,0.0078125,0.5,6400000.0
1.0,1.0,2.0,3.0,7.0,4.0,223.0,512.0,0.049777517915640224,0.05405121197129903,0.00195312,0.0,6400000.0
1.0,4.0,4.0,1.0,1.0,1.0,63.0,32.0,-0.0030632107251067353,-0.0017650185808415486,1024.0,0.0078125,6400000.0
1.0,1.0,2.0,1.0,1.0,1.0,39.0,32.0,-0.0030632107251067353,-0.0017650185808415486,0.0,256.0,6400000.0
4.0,4.0,4.0,9.0,110.0,64.0,3264.0,9728.0,0.20074896076186288,0.20916542869846277,0.00390625,0.125,6400000.0
1.0,4.0,4.0,1.0,1.0,1.0,63.0,32.0,-0.0030632107251067353,-0.0017650185808415486,0.5,8192.0,6400000.0
4.0,4.0,4.0,9.0,117.0,64.0,3315.0,9728.0,0.2038320764393292,0.20913870517646427,0.25,0.000976562,6400000.0
1.0,4.0,4.0,1.0,1.0,1.0,63.0,32.0,-0.0030632107251067353,-0.0017650185808415486,0.25,1024.0,6400000.0
1.0,4.0,4.0,1.0,1.0,1.0,63.0,32.0,-0.0030632107251067353,-0.0017650185808415486,128.0,64.0,6400000.0
1.0,4.0,4.0,1.0,1.0,1.0,63.0,32.0,-0.0030632107251067353,-0.0017650185808415486,0.00390625,128.0,6400000.0
4.0,4.0,4.0,9.0,112.0,64.0,3239.0,9728.0,0.20122583065714938,0.20719544236176957,0.125,0.125,6400000.0
4.0,4.0,4.0,8.0,93.0,59.0,2840.0,8928.0,0.19804345887982877,0.20809585503947736,0.25,1.0,6400000.0
4.0,4.0,4.0,3.0,24.0,15.0,741.0,1888.0,0.16336860696584554,0.16830274621810715,0.5,8.0,6400000.0
4.0,4.0,4.0,3.0,24.0,15.0,741.0,1888.0,0.16336860696584554,0.16830274621810715,0.03125,8.0,6400000.0
4.0,4.0,4.0,7.0,112.0,64.0,3214.0,9728.0,0.20301611666840824,0.21008522340126667,1.0,0.0625,6400000.0
1.0,4.0,4.0,1.0,1.0,1.0,63.0,32.0,-0.0030632107251067353,-0.0017650185808415486,0.125,128.0,6400000.0
1.0,4.0,4.0,1.0,1.0,1.0,63.0,32.0,-0.0030632107251067353,-0.0017650185808415486,256.0,0.0,6400000.0
1.0,4.0,4.0,1.0,1.0,1.0,63.0,32.0,-0.0030632107251067353,-0.0017650185808415486,256.0,256.0,6400000.0
4.0,4.0,4.0,2.0,12.0,8.0,434.0,768.0,0.12309422409684001,0.12713646261942835,0.0625,32.0,6400000.0
4.0,4.0,4.0,8.0,81.0,50.0,2292.0,7488.0,0.19464141638761168,0.20368002769994586,0.015625,2.0,6400000.0
4.0,4.0,4.0,8.0,116.0,64.0,3344.0,9728.0,0.2037491437372413,0.2094233022317764,0.5,0.0078125,6400000.0
1.0,1.0,2.0,3.0,7.0,4.0,223.0,512.0,0.049777517915640224,0.05405121197129903,0.000976562,0.125,6400000.0
1.0,4.0,4.0,1.0,1.0,1.0,63.0,32.0,-0.0030632107251067353,-0.0017650185808415486,2048.0,0.03125,6400000.0
1.0,4.0,4.0,1.0,1.0,1.0,63.0,32.0,-0.0030632107251067353,-0.0017650185808415486,0.015625,2048.0,6400000.0
3.0,4.0,4.0,2.0,9.0,6.0,335.0,576.0,0.10115259004895938,0.10346957106453547,1.0,64.0,6400000.0
1.0,4.0,4.0,1.0,1.0,1.0,63.0,32.0,-0.0030632107251067353,-0.0017650185808415486,0.0078125,512.0,6400000.0
4.0,4.0,4.0,3.0,100.0,64.0,3076.0,9728.0,0.18909488023437204,0.19541703203625094,4.0,0.00390625,6400000.0
4.0,4.0,4.0,3.0,37.0,25.0,1160.0,3488.0,0.17340590542924417,0.18066593129000108,4.0,4.0,6400000.0
4.0,4.0,4.0,6.0,98.0,61.0,2983.0,9248.0,0.19777859146156862,0.21000753179790854,2.0,0.5,6400000.0
4.0,4.0,4.0,6.0,109.0,64.0,3265.0,9728.0,0.19857714746312582,0.20996536394709975,2.0,0.0,6400000.0
1.0,4.0,4.0,1.0,1.0,1.0,63.0,32.0,-0.0030632107251067353,-0.0017650185808415486,0.03125,8192.0,6400000.0
1.0,4.0,4.0,1.0,1.0,1.0,63.0,32.0,-0.0030632107251067353,-0.0017650185808415486,1024.0,8.0,6400000.0
1.0,4.0,4.0,1.0,1.0,1.0,63.0,32.0,-0.0030632107251067353,-0.0017650185808415486,2.0,512.0,6400000.0
1.0,4.0,4.0,1.0,1.0,1.0,63.0,32.0,-0.0030632107251067353,-0.0017650185808415486,4.0,4096.0,6400000.0
1.0,4.0,4.0,1.0,1.0,1.0,63.0,32.0,-0.0030632107251067353,-0.0017650185808415486,512.0,0.00195312,6400000.0
1.0,1.0,2.0,3.0,7.0,4.0,223.0,512.0,0.049777517915640224,0.05405121197129903,0.00195312,0.0625,6400000.0
1.0,4.0,4.0,1.0,1.0,1.0,63.0,32.0,-0.0030632107251067353,-0.0017650185808415486,256.0,0.5,6400000.0
1.0,1.0,2.0,1.0,1.0,1.0,39.0,32.0,-0.0030632107251067353,-0.0017650185808415486,0.0,32768.0,6400000.0
1.0,4.0,4.0,1.0,1.0,1.0,63.0,32.0,-0.0030632107251067353,-0.0017650185808415486,0.0625,32768.0,6400000.0
1.0,4.0,4.0,1.0,1.0,1.0,63.0,32.0,-0.0030632107251067353,-0.0017650185808415486,512.0,2.0,6400000.0
4.0,4.0,4.0,3.0,100.0,64.0,3076.0,9728.0,0.18909488023437204,0.19541703203625094,8.0,0.03125,6400000.0
4.0,4.0,4.0,9.0,114.0,64.0,3358.0,9728.0,0.19974094027474,0.2097781883368779,0.0078125,0.000976562,6400000.0
1.0,4.0,4.0,1.0,1.0,1.0,63.0,32.0,-0.0030632107251067353,-0.0017650185808415486,1024.0,8192.0,6400000.0
4.0,4.0,4.0,9.0,114.0,64.0,3358.0,9728.0,0.19974094027474,0.2097781883368779,0.015625,0.00390625,6400000.0
1.0,4.0,4.0,1.0,1.0,1.0,63.0,32.0,-0.0030632107251067353,-0.0017650185808415486,8.0,32768.0,6400000.0
4.0,4.0,4.0,2.0,90.0,64.0,2962.0,9728.0,0.14835154605362555,0.15366658452352133,64.0,0.015625,6400000.0
4.0,4.0,4.0,9.0,114.0,64.0,3358.0,9728.0,0.19974094027474,0.2097781883368779,0.03125,0.015625,6400000.0
1.0,4.0,4.0,1.0,1.0,1.0,63.0,32.0,-0.0030632107251067353,-0.0017650185808415486,64.0,16384.0,6400000.0
1.0,4.0,4.0,1.0,1.0,1.0,63.0,32.0,-0.0030632107251067353,-0.0017650185808415486,512.0,2048.0,6400000.0
1.0,1.0,2.0,1.0,1.0,1.0,39.0,32.0,-0.0030632107251067353,-0.0017650185808415486,0.000976562,128.0,6400000.0
4.0,4.0,4.0,2.0,26.0,16.0,846.0,2048.0,0.14616338393281836,0.1501171985359251,32.0,2.0,6400000.0
4.0,4.0,4.0,2.0,12.0,8.0,434.0,768.0,0.12309422409684001,0.12713646261942835,64.0,16.0,6400000.0
1.0,4.0,4.0,1.0,1.0,1.0,63.0,32.0,-0.0030632107251067353,-0.0017650185808415486,32.0,2048.0,6400000.0
1.0,4.0,4.0,1.0,1.0,1.0,63.0,32.0,-0.0030632107251067353,-0.0017650185808415486,128.0,0.125,6400000.0
4.0,4.0,4.0,2.0,12.0,8.0,434.0,768.0,0.12309422409684001,0.12713646261942835,8.0,32.0,6400000.0
4.0,4.0,4.0,9.0,113.0,64.0,3358.0,9728.0,0.19989078238325142,0.20956053846549416,0.0625,0.0625,6400000.0
4.0,4.0,4.0,2.0,90.0,64.0,2962.0,9728.0,0.14835154605362555,0.15366658452352133,32.0,0.00195312,6400000.0
4.0,4.0,4.0,2.0,59.0,44.0,1984.0,6528.0,0.14854581406133727,0.15394815139024354,16.0,0.25,6400000.0
1.0,4.0,4.0,1.0,1.0,1.0,63.0,32.0,-0.0030632107251067353,-0.0017650185808415486,16.0,256.0,6400000.0
4.0,4.0,4.0,8.0,99.0,61.0,3003.0,9248.0,0.19781631070529904,0.21031451215210617,0.0078125,1.0,6400000.0
1.0,4.0,4.0,1.0,1.0,1.0,63.0,32.0,-0.0030632107251067353,-0.0017650185808415486,1024.0,0.015625,6400000.0
1.0,1.0,2.0,1.0,1.0,1.0,39.0,32.0,-0.0030632107251067353,-0.0017650185808415486,0.0,512.0,6400000.0
1.0,1.0,2.0,3.0,7.0,4.0,223.0,512.0,0.049777517915640224,0.05405121197129903,0.00195312,0.000976562,6400000.0
1.0,4.0,4.0,1.0,1.0,1.0,63.0,32.0,-0.0030632107251067353,-0.0017650185808415486,0.5,16384.0,6400000.0
1.0,4.0,4.0,1.0,1.0,1.0,63.0,32.0,-0.0030632107251067353,-0.0017650185808415486,0.25,2048.0,6400000.0
1.0,4.0,4.0,1.0,1.0,1.0,63.0,32.0,-0.0030632107251067353,-0.0017650185808415486,2048.0,32.0,6400000.0
4.0,4.0,4.0,9.0,117.0,64.0,3315.0,9728.0,0.2038320764393292,0.20913870517646427,0.25,0.00195312,6400000.0
1.0,4.0,4.0,1.0,1.0,1.0,63.0,32.0,-0.0030632107251067353,-0.0017650185808415486,128.0,128.0,6400000.0
4.0,4.0,4.0,9.0,112.0,64.0,3239.0,9728.0,0.20122583065714938,0.20719544236176957,0.125,0.25,6400000.0
1.0,4.0,4.0,1.0,1.0,1.0,63.0,32.0,-0.0030632107251067353,-0.0017650185808415486,2048.0,32768.0,6400000.0
4.0,4.0,4.0,7.0,79.0,49.0,2288.0,7328.0,0.19427949048381088,0.20497921855207468,0.25,2.0,6400000.0
4.0,4.0,4.0,3.0,16.0,10.0,528.0,1088.0,0.14347181393305986,0.14672870433145024,0.5,16.0,6400000.0
4.0,4.0,4.0,3.0,16.0,10.0,528.0,1088.0,0.14347181393305986,0.14672870433145024,0.03125,16.0,6400000.0
1.0,4.0,4.0,1.0,1.0,1.0,63.0,32.0,-0.0030632107251067353,-0.0017650185808415486,256.0,512.0,6400000.0
4.0,4.0,4.0,7.0,111.0,64.0,3213.0,9728.0,0.20317165336065102,0.20984869125193273,1.0,0.125,6400000.0
1.0,4.0,4.0,1.0,1.0,1.0,63.0,32.0,-0.0030632107251067353,-0.0017650185808415486,256.0,0.000976562,6400000.0
4.0,4.0,4.0,6.0,40.0,26.0,1294.0,3648.0,0.17737222872154912,0.1856126339917734,0.015625,4.0,6400000.0
1.0,4.0,4.0,1.0,1.0,1.0,63.0,32.0,-0.0030632107251067353,-0.0017650185808415486,0.125,256.0,6400000.0
1.0,4.0,4.0,1.0,1.0,1.0,63.0,32.0,-0.0030632107251067353,-0.0017650185808415486,2048.0,0.0625,6400000.0
3.0,4.0,4.0,2.0,9.0,6.0,335.0,576.0,0.10115259004895938,0.10346957106453547,0.0625,64.0,6400000.0
4.0,4.0,4.0,8.0,116.0,64.0,3344.0,9728.0,0.2037491437372413,0.2094233022317764,0.5,0.015625,6400000.0
1.0,4.0,4.0,1.0,1.0,1.0,63.0,32.0,-0.0030632107251067353,-0.0017650185808415486,0.015625,4096.0,6400000.0
1.0,1.0,2.0,3.0,7.0,4.0,223.0,512.0,0.049777517915640224,0.05405121197129903,0.000976562,0.25,6400000.0
1.0,4.0,4.0,1.0,1.0,1.0,63.0,32.0,-0.0030632107251067353,-0.0017650185808415486,0.0078125,1024.0,6400000.0
4.0,4.0,4.0,3.0,24.0,15.0,741.0,1888.0,0.16336860696584554,0.16830274621810715,4.0,8.0,6400000.0
1.0,4.0,4.0,1.0,1.0,1.0,63.0,32.0,-0.0030632107251067353,-0.0017650185808415486,0.03125,16384.0,6400000.0
4.0,4.0,4.0,3.0,100.0,64.0,3076.0,9728.0,0.18909488023437204,0.19541703203625094,4.0,0.0078125,6400000.0
4.0,4.0,4.0,6.0,109.0,64.0,3265.0,9728.0,0.19857714746312582,0.20996536394709975,2.0,0.000976562,6400000.0
1.0,4.0,4.0,1.0,1.0,1.0,63.0,32.0,-0.0030632107251067353,-0.0017650185808415486,1.0,128.0,6400000.0
1.0,4.0,4.0,1.0,1.0,1.0,63.0,32.0,-0.0030632107251067353,-0.0017650185808415486,2.0,1024.0,6400000.0
1.0,4.0,4.0,1.0,1.0,1.0,63.0,32.0,-0.0030632107251067353,-0.0017650185808415486,512.0,0.00390625,6400000.0
4.0,4.0,4.0,4.0,64.0,43.0,1906.0,6368.0,0.18364578506176643,0.19447885849221658,2.0,1.0,6400000.0
1.0,4.0,4.0,1.0,1.0,1.0,63.0,32.0,-0.0030632107251067353,-0.0017650185808415486,4.0,8192.0,6400000.0
1.0,1.0,2.0,3.0,7.0,4.0,223.0,512.0,0.049777517915640224,0.05405121197129903,0.00195312,0.125,6400000.0
1.0,4.0,4.0,1.0,1.0,1.0,63.0,32.0,-0.0030632107251067353,-0.0017650185808415486,1024.0,16.0,6400000.0
1.0,4.0,4.0,1.0,1.0,1.0,63.0,32.0,-0.0030632107251067353,-0.0017650185808415486,256.0,1.0,6400000.0
4.0,4.0,4.0,9.0,117.0,64.0,3315.0,9728.0,0.2038320764393292,0.20913870517646427,0.125,0.0,6400000.0
1.0,1.0,2.0,3.0,7.0,4.0,223.0,512.0,0.049777517915640224,0.05405121197129903,0.000976562,0.0,6400000.0
4.0,4.0,4.0,3.0,96.0,61.0,2937.0,9248.0,0.18874355522829345,0.19561220441677074,8.0,0.0625,6400000.0
1.0,4.0,4.0,1.0,1.0,1.0,63.0,32.0,-0.0030632107251067353,-0.0017650185808415486,512.0,4.0,6400000.0
4.0,4.0,4.0,9.0,114.0,64.0,3358.0,9728.0,0.19974094027474,0.2097781883368779,0.015625,0.0078125,6400000.0
1.0,4.0,4.0,1.0,1.0,1.0,63.0,32.0,-0.0030632107251067353,-0.0017650185808415486,4096.0,0.25,6400000.0
1.0,1.0,2.0,1.0,1.0,1.0,39.0,32.0,-0.0030632107251067353,-0.0017650185808415486,0.000976562,256.0,6400000.0
1.0,4.0,4.0,1.0,1.0,1.0,63.0,32.0,-0.0030632107251067353,-0.0017650185808415486,1024.0,16384.0,6400000.0
4.0,4.0,4.0,9.0,114.0,64.0,3358.0,9728.0,0.19974094027474,0.2097781883368779,0.03125,0.03125,6400000.0
4.0,4.0,4.0,2.0,90.0,64.0,2962.0,9728.0,0.14835154605362555,0.15366658452352133,64.0,0.03125,6400000.0
4.0,4.0,4.0,2.0,90.0,64.0,2962.0,9728.0,0.14835154605362555,0.15366658452352133,16.0,0.0,6400000.0
1.0,4.0,4.0,1.0,1.0,1.0,63.0,32.0,-0.0030632107251067353,-0.0017650185808415486,64.0,32768.0,6400000.0
4.0,4.0,4.0,2.0,26.0,16.0,846.0,2048.0,0.14616338393281836,0.1501171985359251,32.0,4.0,6400000.0
4.0,4.0,4.0,2.0,90.0,64.0,2962.0,9728.0,0.14835154605362555,0.15366658452352133,32.0,0.00390625,6400000.0
3.0,4.0,4.0,2.0,9.0,6.0,335.0,576.0,0.10115259004895938,0.10346957106453547,8.0,64.0,6400000.0
1.0,4.0,4.0,1.0,1.0,1.0,63.0,32.0,-0.0030632107251067353,-0.0017650185808415486,512.0,4096.0,6400000.0
1.0,4.0,4.0,1.0,1.0,1.0,63.0,32.0,-0.0030632107251067353,-0.0017650185808415486,32.0,4096.0,6400000.0
4.0,4.0,4.0,2.0,12.0,8.0,434.0,768.0,0.12309422409684001,0.12713646261942835,64.0,32.0,6400000.0
4.0,4.0,4.0,9.0,110.0,64.0,3264.0,9728.0,0.20074896076186288,0.20916542869846277,0.0625,0.125,6400000.0
4.0,4.0,4.0,2.0,40.0,29.0,1362.0,4128.0,0.14846306784344399,0.15380461663905265,16.0,0.5,6400000.0
1.0,4.0,4.0,1.0,1.0,1.0,63.0,32.0,-0.0030632107251067353,-0.0017650185808415486,128.0,0.25,6400000.0
1.0,4.0,4.0,1.0,1.0,1.0,63.0,32.0,-0.0030632107251067353,-0.0017650185808415486,16.0,512.0,6400000.0
1.0,4.0,4.0,1.0,1.0,1.0,63.0,32.0,-0.0030632107251067353,-0.0017650185808415486,4096.0,256.0,6400000.0
1.0,4.0,4.0,1.0,1.0,1.0,63.0,32.0,-0.0030632107251067353,-0.0017650185808415486,1024.0,0.03125,6400000.0
1.0,4.0,4.0,1.0,1.0,1.0,63.0,32.0,-0.0030632107251067353,-0.0017650185808415486,2048.0,64.0,6400000.0
1.0,4.0,4.0,1.0,1.0,1.0,63.0,32.0,-0.0030632107251067353,-0.0017650185808415486,0.5,32768.0,6400000.0
1.0,4.0,4.0,1.0,1.0,1.0,63.0,32.0,-0.0030632107251067353,-0.0017650185808415486,0.25,4096.0,6400000.0
1.0,1.0,2.0,3.0,7.0,4.0,223.0,512.0,0.049777517915640224,0.05405121197129903,0.00195312,0.00195312,6400000.0
4.0,4.0,4.0,9.0,117.0,64.0,3315.0,9728.0,0.2038320764393292,0.20913870517646427,0.25,0.00390625,6400000.0
4.0,4.0,4.0,9.0,109.0,64.0,3107.0,9728.0,0.20013136141606858,0.20820177898258807,0.125,0.5,6400000.0
1.0,4.0,4.0,1.0,1.0,1.0,63.0,32.0,-0.0030632107251067353,-0.0017650185808415486,8192.0,0.00195312,6400000.0
4.0,4.0,4.0,4.0,37.0,25.0,1167.0,3488.0,0.17437300473716433,0.1811316646821176,0.25,4.0,6400000.0
1.0,4.0,4.0,1.0,1.0,1.0,63.0,32.0,-0.0030632107251067353,-0.0017650185808415486,4096.0,0.0,6400000.0
1.0,4.0,4.0,1.0,1.0,1.0,63.0,32.0,-0.0030632107251067353,-0.0017650185808415486,128.0,256.0,6400000.0
4.0,4.0,4.0,2.0,12.0,8.0,434.0,768.0,0.12309422409684001,0.12713646261942835,0.5,32.0,6400000.0
4.0,4.0,4.0,2.0,12.0,8.0,434.0,768.0,0.12309422409684001,0.12713646261942835,0.03125,32.0,6400000.0
4.0,4.0,4.0,3.0,24.0,15.0,741.0,1888.0,0.16336860696584554,0.16830274621810715,0.015625,8.0,6400000.0
1.0,4.0,4.0,1.0,1.0,1.0,63.0,32.0,-0.0030632107251067353,-0.0017650185808415486,256.0,1024.0,6400000.0
1.0,4.0,4.0,1.0,1.0,1.0,63.0,32.0,-0.0030632107251067353,-0.0017650185808415486,256.0,0.00195312,6400000.0
4.0,4.0,4.0,7.0,111.0,64.0,3213.0,9728.0,0.20317165336065102,0.20984869125193273,1.0,0.25,6400000.0
1.0,4.0,4.0,1.0,1.0,1.0,63.0,32.0,-0.0030632107251067353,-0.0017650185808415486,0.125,512.0,6400000.0
1.0,4.0,4.0,1.0,1.0,1.0,63.0,32.0,-0.0030632107251067353,-0.0017650185808415486,2048.0,0.125,6400000.0
4.0,4.0,4.0,8.0,114.0,64.0,3333.0,9728.0,0.20015282386073452,0.20819829825255276,0.5,0.03125,6400000.0
1.0,4.0,4.0,1.0,1.0,1.0,63.0,32.0,-0.0030632107251067353,-0.0017650185808415486,0.0625,128.0,6400000.0
1.0,1.0,2.0,3.0,7.0,4.0,223.0,512.0,0.049777517915640224,0.05405121197129903,0.000976562,0.5,6400000.0
1.0,4.0,4.0,1.0,1.0,1.0,63.0,32.0,-0.0030632107251067353,-0.0017650185808415486,0.015625,8192.0,6400000.0
4.0,4.0,4.0,3.0,16.0,10.0,528.0,1088.0,0.14347181393305986,0.14672870433145024,4.0,16.0,6400000.0
4.0,4.0,4.0,6.0,109.0,64.0,3265.0,9728.0,0.19857714746312582,0.20996536394709975,2.0,0.00195312,6400000.0
4.0,4.0,4.0,3.0,100.0,64.0,3076.0,9728.0,0.18909488023437204,0.19541703203625094,4.0,0.015625,6400000.0
1.0,4.0,4.0,1.0,1.0,1.0,63.0,32.0,-0.0030632107251067353,-0.0017650185808415486,512.0,0.0078125,6400000.0
1.0,4.0,4.0,1.0,1.0,1.0,63.0,32.0,-0.0030632107251067353,-0.0017650185808415486,8192.0,2.0,6400000.0
4.0,4.0,4.0,4.0,50.0,33.0,1520.0,4768.0,0.18043910585585943,0.1911232920235617,2.0,2.0,6400000.0
1.0,4.0,4.0,1.0,1.0,1.0,63.0,32.0,-0.0030632107251067353,-0.0017650185808415486,2.0,2048.0,6400000.0
1.0,4.0,4.0,1.0,1.0,1.0,63.0,32.0,-0.0030632107251067353,-0.0017650185808415486,0.03125,32768.0,6400000.0
1.0,1.0,2.0,3.0,7.0,4.0,223.0,512.0,0.049777517915640224,0.05405121197129903,0.00195312,0.25,6400000.0
1.0,4.0,4.0,1.0,1.0,1.0,63.0,32.0,-0.0030632107251067353,-0.0017650185808415486,1.0,256.0,6400000.0
1.0,4.0,4.0,1.0,1.0,1.0,63.0,32.0,-0.0030632107251067353,-0.0017650185808415486,256.0,2.0,6400000.0
1.0,4.0,4.0,1.0,1.0,1.0,63.0,32.0,-0.0030632107251067353,-0.0017650185808415486,1024.0,32.0,6400000.0
1.0,4.0,4.0,1.0,1.0,1.0,63.0,32.0,-0.0030632107251067353,-0.0017650185808415486,4.0,16384.0,6400000.0
4.0,4.0,4.0,9.0,117.0,64.0,3315.0,9728.0,0.2038320764393292,0.20913870517646427,0.125,0.000976562,6400000.0
1.0,4.0,4.0,1.0,1.0,1.0,63.0,32.0,-0.0030632107251067353,-0.0017650185808415486,512.0,8.0,6400000.0
1.0,1.0,2.0,3.0,7.0,4.0,223.0,512.0,0.049777517915640224,0.05405121197129903,0.000976562,0.000976562,6400000.0
4.0,4.0,4.0,3.0,95.0,61.0,2903.0,9248.0,0.1889890753996647,0.19552313109514252,8.0,0.125,6400000.0
1.0,4.0,4.0,1.0,1.0,1.0,63.0,32.0,-0.0030632107251067353,-0.0017650185808415486,8192.0,2048.0,6400000.0
1.0,4.0,4.0,1.0,1.0,1.0,63.0,32.0,-0.0030632107251067353,-0.0017650185808415486,4096.0,0.5,6400000.0
1.0,1.0,2.0,1.0,1.0,1.0,39.0,32.0,-0.0030632107251067353,-0.0017650185808415486,0.000976562,512.0,6400000.0
1.0,4.0,4.0,1.0,1.0,1.0,63.0,32.0,-0.0030632107251067353,-0.0017650185808415486,1024.0,32768.0,6400000.0
4.0,4.0,4.0,9.0,113.0,64.0,3358.0,9728.0,0.19989078238325142,0.20956053846549416,0.03125,0.0625,6400000.0
4.0,4.0,4.0,2.0,90.0,64.0,2962.0,9728.0,0.14835154605362555,0.15366658452352133,16.0,0.000976562,6400000.0
4.0,4.0,4.0,2.0,79.0,58.0,2673.0,8768.0,0.1488146316033725,0.15385913312228272,64.0,0.0625,6400000.0
4.0,4.0,4.0,2.0,19.0,12.0,597.0,1408.0,0.14196947312511288,0.1453711613961719,32.0,8.0,6400000.0
1.0,4.0,4.0,1.0,1.0,1.0,63.0,32.0,-0.0030632107251067353,-0.0017650185808415486,128.0,0.0,6400000.0
1.0,4.0,4.0,1.0,1.0,1.0,63.0,32.0,-0.0030632107251067353,-0.0017650185808415486,64.0,64.0,6400000.0
1.0,4.0,4.0,1.0,1.0,1.0,63.0,32.0,-0.0030632107251067353,-0.0017650185808415486,32.0,8192.0,6400000.0
1.0,4.0,4.0,1.0,1.0,1.0,63.0,32.0,-0.0030632107251067353,-0.0017650185808415486,8.0,128.0,6400000.0
4.0,4.0,4.0,2.0,90.0,64.0,2962.0,9728.0,0.14835154605362555,0.15366658452352133,32.0,0.0078125,6400000.0
1.0,4.0,4.0,1.0,1.0,1.0,63.0,32.0,-0.0030632107251067353,-0.0017650185808415486,512.0,8192.0,6400000.0
4.0,4.0,4.0,9.0,108.0,64.0,3261.0,9728.0,0.1998822532614586,0.20934753749033508,0.0625,0.25,6400000.0
1.0,4.0,4.0,1.0,1.0,1.0,63.0,32.0,-0.0030632107251067353,-0.0017650185808415486,16.0,1024.0,6400000.0
4.0,4.0,4.0,2.0,34.0,24.0,1150.0,3328.0,0.1479085099634987,0.15350554704155794,16.0,1.0,6400000.0
1.0,4.0,4.0,1.0,1.0,1.0,63.0,32.0,-0.0030632107251067353,-0.0017650185808415486,128.0,0.5,6400000.0
1.0,4.0,4.0,1.0,1.0,1.0,63.0,32.0,-0.0030632107251067353,-0.0017650185808415486,4096.0,512.0,6400000.0
1.0,4.0,4.0,1.0,1.0,1.0,63.0,32.0,-0.0030632107251067353,-0.0017650185808415486,1024.0,0.0625,6400000.0
4.0,4.0,4.0,7.0,113.0,64.0,3215.0,9728.0,0.20078254560233944,0.20833735386382235,1.0,0.0,6400000.0
1.0,4.0,4.0,1.0,1.0,1.0,63.0,32.0,-0.0030632107251067353,-0.0017650185808415486,2048.0,128.0,6400000.0
1.0,1.0,2.0,3.0,7.0,4.0,223.0,512.0,0.049777517915640224,0.05405121197129903,0.00195312,0.00390625,6400000.0
1.0,4.0,4.0,1.0,1.0,1.0,63.0,32.0,-0.0030632107251067353,-0.0017650185808415486,8192.0,0.00390625,6400000.0
4.0,4.0,4.0,9.0,117.0,64.0,3315.0,9728.0,0.2038320764393292,0.20913870517646427,0.25,0.0078125,6400000.0
1.0,4.0,4.0,1.0,1.0,1.0,63.0,32.0,-0.0030632107251067353,-0.0017650185808415486,128.0,512.0,6400000.0
1.0,4.0,4.0,1.0,1.0,1.0,63.0,32.0,-0.0030632107251067353,-0.0017650185808415486,0.25,8192.0,6400000.0
4.0,4.0,4.0,8.0,99.0,61.0,3003.0,9248.0,0.1978150740802591,0.21031438023331073,0.125,1.0,6400000.0
3.0,4.0,4.0,2.0,9.0,6.0,335.0,576.0,0.10115259004895938,0.10346957106453547,0.5,64.0,6400000.0
4.0,4.0,4.0,3.0,24.0,15.0,741.0,1888.0,0.16336860696584554,0.16830274621810715,0.25,8.0,6400000.0
1.0,4.0,4.0,1.0,1.0,1.0,63.0,32.0,-0.0030632107251067353,-0.0017650185808415486,4096.0,0.000976562,6400000.0
1.0,4.0,4.0,1.0,1.0,1.0,63.0,32.0,-0.0030632107251067353,-0.0017650185808415486,256.0,2048.0,6400000.0
3.0,4.0,4.0,2.0,9.0,6.0,335.0,576.0,0.10115259004895938,0.10346957106453547,0.03125,64.0,6400000.0
4.0,4.0,4.0,7.0,104.0,62.0,3002.0,9408.0,0.20371318767654922,0.20933419107096607,1.0,0.5,6400000.0
1.0,4.0,4.0,1.0,1.0,1.0,63.0,32.0,-0.0030632107251067353,-0.0017650185808415486,0.125,1024.0,6400000.0
1.0,4.0,4.0,1.0,1.0,1.0,63.0,32.0,-0.0030632107251067353,-0.0017650185808415486,0.0625,256.0,6400000.0
1.0,4.0,4.0,1.0,1.0,1.0,63.0,32.0,-0.0030632107251067353,-0.0017650185808415486,256.0,0.00390625,6400000.0
4.0,4.0,4.0,8.0,113.0,64.0,3323.0,9728.0,0.20029861059324072,0.20797852481123813,0.5,0.0625,6400000.0
1.0,4.0,4.0,1.0,1.0,1.0,63.0,32.0,-0.0030632107251067353,-0.0017650185808415486,16384.0,0.015625,6400000.0
1.0,1.0,2.0,3.0,7.0,4.0,223.0,512.0,0.049777517915640224,0.05405121197129903,0.000976562,1.0,6400000.0
1.0,4.0,4.0,1.0,1.0,1.0,63.0,32.0,-0.0030632107251067353,-0.0017650185808415486,2048.0,0.25,6400000.0
4.0,4.0,4.0,2.0,12.0,8.0,434.0,768.0,0.12309422409684001,0.12713646261942835,4.0,32.0,6400000.0
1.0,4.0,4.0,1.0,1.0,1.0,63.0,32.0,-0.0030632107251067353,-0.0017650185808415486,8192.0,4.0,6400000.0
1.0,4.0,4.0,1.0,1.0,1.0,63.0,32.0,-0.0030632107251067353,-0.0017650185808415486,512.0,0.015625,6400000.0
1.0,4.0,4.0,1.0,1.0,1.0,63.0,32.0,-0.0030632107251067353,-0.0017650185808415486,16384.0,16.0,6400000.0
4.0,4.0,4.0,3.0,37.0,25.0,1160.0,3488.0,0.17340590542924417,0.18066593129000108,2.0,4.0,6400000.0
4.0,4.0,4.0,6.0,109.0,64.0,3265.0,9728.0,0.19857714746312582,0.20996536394709975,2.0,0.00390625,6400000.0
1.0,4.0,4.0,1.0,1.0,1.0,63.0,32.0,-0.0030632107251067353,-0.0017650185808415486,2.0,4096.0,6400000.0
1.0,4.0,4.0,1.0,1.0,1.0,63.0,32.0,-0.0030632107251067353,-0.0017650185808415486,1.0,512.0,6400000.0
4.0,4.0,4.0,3.0,100.0,64.0,3076.0,9728.0,0.18909488023437204,0.19541703203625094,4.0,0.03125,6400000.0
1.0,4.0,4.0,1.0,1.0,1.0,63.0,32.0,-0.0030632107251067353,-0.0017650185808415486,256.0,4.0,6400000.0
1.0,1.0,2.0,3.0,7.0,4.0,223.0,512.0,0.049777517915640224,0.05405121197129903,0.00195312,0.5,6400000.0
1.0,4.0,4.0,1.0,1.0,1.0,63.0,32.0,-0.0030632107251067353,-0.0017650185808415486,4.0,32768.0,6400000.0
4.0,4.0,4.0,9.0,114.0,64.0,3358.0,9728.0,0.19974094027474,0.2097781883368779,0.0625,0.0,6400000.0
1.0,4.0,4.0,1.0,1.0,1.0,63.0,32.0,-0.0030632107251067353,-0.0017650185808415486,512.0,16.0,6400000.0
1.0,4.0,4.0,1.0,1.0,1.0,63.0,32.0,-0.0030632107251067353,-0.0017650185808415486,1024.0,64.0,6400000.0
4.0,4.0,4.0,9.0,117.0,64.0,3315.0,9728.0,0.2038320764393292,0.20913870517646427,0.125,0.00195312,6400000.0
4.0,4.0,4.0,3.0,92.0,60.0,2801.0,9088.0,0.1890986357678175,0.19536173844263716,8.0,0.25,6400000.0
1.0,1.0,2.0,3.0,7.0,4.0,223.0,512.0,0.049777517915640224,0.05405121197129903,0.000976562,0.00195312,6400000.0
1.0,4.0,4.0,1.0,1.0,1.0,63.0,32.0,-0.0030632107251067353,-0.0017650185808415486,8192.0,4096.0,6400000.0
1.0,4.0,4.0,1.0,1.0,1.0,63.0,32.0,-0.0030632107251067353,-0.0017650185808415486,4096.0,1.0,6400000.0
4.0,4.0,4.0,2.0,65.0,47.0,2170.0,7008.0,0.1481575398855547,0.1540673640088729,64.0,0.125,6400000.0
4.0,4.0,4.0,2.0,90.0,64.0,2962.0,9728.0,0.14835154605362555,0.15366658452352133,16.0,0.00195312,6400000.0
1.0,1.0,2.0,1.0,1.0,1.0,39.0,32.0,-0.0030632107251067353,-0.0017650185808415486,0.000976562,1024.0,6400000.0
1.0,4.0,4.0,1.0,1.0,1.0,63.0,32.0,-0.0030632107251067353,-0.0017650185808415486,2048.0,0.0,6400000.0
4.0,4.0,4.0,2.0,12.0,8.0,434.0,768.0,0.12309422409684001,0.12713646261942835,32.0,16.0,6400000.0
1.0,4.0,4.0,1.0,1.0,1.0,63.0,32.0,-0.0030632107251067353,-0.0017650185808415486,32.0,16384.0,6400000.0
1.0,4.0,4.0,1.0,1.0,1.0,63.0,32.0,-0.0030632107251067353,-0.0017650185808415486,64.0,128.0,6400000.0
1.0,4.0,4.0,1.0,1.0,1.0,63.0,32.0,-0.0030632107251067353,-0.0017650185808415486,8.0,256.0,6400000.0
1.0,4.0,4.0,1.0,1.0,1.0,63.0,32.0,-0.0030632107251067353,-0.0017650185808415486,16.0,2048.0,6400000.0
1.0,4.0,4.0,1.0,1.0,1.0,63.0,32.0,-0.0030632107251067353,-0.0017650185808415486,16384.0,16384.0,6400000.0
4.0,4.0,4.0,2.0,90.0,64.0,2962.0,9728.0,0.14835154605362555,0.15366658452352133,32.0,0.015625,6400000.0
1.0,4.0,4.0,1.0,1.0,1.0,63.0,32.0,-0.0030632107251067353,-0.0017650185808415486,512.0,16384.0,6400000.0
1.0,4.0,4.0,1.0,1.0,1.0,63.0,32.0,-0.0030632107251067353,-0.0017650185808415486,128.0,0.000976562,6400000.0
1.0,4.0,4.0,1.0,1.0,1.0,63.0,32.0,-0.0030632107251067353,-0.0017650185808415486,128.0,1.0,6400000.0
4.0,4.0,4.0,9.0,106.0,64.0,3191.0,9728.0,0.1994660276578024,0.2107930455857414,0.0625,0.5,6400000.0
4.0,4.0,4.0,3.0,31.0,19.0,1008.0,2528.0,0.15711579509675444,0.16131026941180215,16.0,2.0,6400000.0
1.0,4.0,4.0,1.0,1.0,1.0,63.0,32.0,-0.0030632107251067353,-0.0017650185808415486,4096.0,1024.0,6400000.0
1.0,4.0,4.0,1.0,1.0,1.0,63.0,32.0,-0.0030632107251067353,-0.0017650185808415486,1024.0,0.125,6400000.0
4.0,4.0,4.0,7.0,113.0,64.0,3215.0,9728.0,0.20078254560233944,0.20833735386382235,1.0,0.000976562,6400000.0
4.0,4.0,4.0,9.0,117.0,64.0,3315.0,9728.0,0.2038320764393292,0.20913870517646427,0.25,0.015625,6400000.0
1.0,4.0,4.0,1.0,1.0,1.0,63.0,32.0,-0.0030632107251067353,-0.0017650185808415486,8192.0,0.0078125,6400000.0
1.0,4.0,4.0,1.0,1.0,1.0,63.0,32.0,-0.0030632107251067353,-0.0017650185808415486,128.0,1024.0,6400000.0
4.0,4.0,4.0,8.0,81.0,50.0,2292.0,7488.0,0.19464141638761168,0.20368002769994586,0.125,2.0,6400000.0
1.0,1.0,2.0,3.0,7.0,4.0,223.0,512.0,0.049777517915640224,0.05405121197129903,0.00195312,0.0078125,6400000.0
1.0,4.0,4.0,1.0,1.0,1.0,63.0,32.0,-0.0030632107251067353,-0.0017650185808415486,2048.0,256.0,6400000.0
1.0,4.0,4.0,1.0,1.0,1.0,63.0,32.0,-0.0030632107251067353,-0.0017650185808415486,0.25,16384.0,6400000.0
4.0,4.0,4.0,3.0,16.0,10.0,528.0,1088.0,0.14347181393305986,0.14672870433145024,0.25,16.0,6400000.0
1.0,4.0,4.0,1.0,1.0,1.0,63.0,32.0,-0.0030632107251067353,-0.0017650185808415486,0.5,128.0,6400000.0
1.0,4.0,4.0,1.0,1.0,1.0,63.0,32.0,-0.0030632107251067353,-0.0017650185808415486,256.0,4096.0,6400000.0
1.0,4.0,4.0,1.0,1.0,1.0,63.0,32.0,-0.0030632107251067353,-0.0017650185808415486,4096.0,0.00195312,6400000.0
4.0,4.0,4.0,7.0,93.0,59.0,2831.0,8928.0,0.1981419714508943,0.20800335554099658,1.0,1.0,6400000.0
1.0,4.0,4.0,1.0,1.0,1.0,63.0,32.0,-0.0030632107251067353,-0.0017650185808415486,0.0625,512.0,6400000.0
1.0,1.0,1.0,1.0,1.0,1.0,35.0,32.0,-0.0030632107251067353,-0.0017650185808415486,0.00195312,32768.0,6400000.0
1.0,4.0,4.0,1.0,1.0,1.0,63.0,32.0,-0.0030632107251067353,-0.0017650185808415486,256.0,0.0078125,6400000.0
4.0,4.0,4.0,8.0,110.0,64.0,3229.0,9728.0,0.20115683748440683,0.20758341944425063,0.5,0.125,6400000.0
1.0,1.0,2.0,3.0,7.0,4.0,223.0,512.0,0.049777517915640224,0.05405121197129903,0.000976562,2.0,6400000.0
1.0,4.0,4.0,1.0,1.0,1.0,63.0,32.0,-0.0030632107251067353,-0.0017650185808415486,16384.0,0.03125,6400000.0
1.0,4.0,4.0,1.0,1.0,1.0,63.0,32.0,-0.0030632107251067353,-0.0017650185808415486,2048.0,0.5,6400000.0
1.0,4.0,4.0,1.0,1.0,1.0,63.0,32.0,-0.0030632107251067353,-0.0017650185808415486,0.125,2048.0,6400000.0
3.0,4.0,4.0,2.0,9.0,6.0,335.0,576.0,0.10115259004895938,0.10346957106453547,4.0,64.0,6400000.0
1.0,4.0,4.0,1.0,1.0,1.0,63.0,32.0,-0.0030632107251067353,-0.0017650185808415486,512.0,0.03125,6400000.0
1.0,4.0,4.0,1.0,1.0,1.0,63.0,32.0,-0.0030632107251067353,-0.0017650185808415486,8192.0,8.0,6400000.0
4.0,4.0,4.0,3.0,96.0,61.0,2937.0,9248.0,0.18874355522829345,0.19561220441677074,4.0,0.0625,6400000.0
1.0,4.0,4.0,1.0,1.0,1.0,63.0,32.0,-0.0030632107251067353,-0.0017650185808415486,256.0,8.0,6400000.0
1.0,4.0,4.0,1.0,1.0,1.0,63.0,32.0,-0.0030632107251067353,-0.0017650185808415486,2.0,8192.0,6400000.0
1.0,4.0,4.0,1.0,1.0,1.0,63.0,32.0,-0.0030632107251067353,-0.0017650185808415486,1.0,1024.0,6400000.0
4.0,4.0,4.0,6.0,109.0,64.0,3265.0,9728.0,0.19849280516381396,0.2095938167260778,2.0,0.0078125,6400000.0
4.0,4.0,4.0,3.0,24.0,15.0,741.0,1888.0,0.16336860696584554,0.16830274621810715,2.0,8.0,6400000.0
4.0,4.0,4.0,9.0,117.0,64.0,3315.0,9728.0,0.2038320764393292,0.20913870517646427,0.125,0.00390625,6400000.0
1.0,1.0,2.0,3.0,7.0,4.0,223.0,512.0,0.049777517915640224,0.05405121197129903,0.000976562,0.00390625,6400000.0
1.0,4.0,4.0,1.0,1.0,1.0,63.0,32.0,-0.0030632107251067353,-0.0017650185808415486,1024.0,128.0,6400000.0
1.0,4.0,4.0,1.0,1.0,1.0,63.0,32.0,-0.0030632107251067353,-0.0017650185808415486,16384.0,32.0,6400000.0
4.0,4.0,4.0,3.0,83.0,55.0,2525.0,8288.0,0.1876529758957054,0.19504708387635628,8.0,0.5,6400000.0
1.0,1.0,2.0,3.0,7.0,4.0,223.0,512.0,0.049777517915640224,0.05405121197129903,0.00195312,1.0,6400000.0
4.0,4.0,4.0,3.0,100.0,64.0,3076.0,9728.0,0.18909488023437204,0.19541703203625094,8.0,0.0,6400000.0
1.0,1.0,2.0,2.0,3.0,2.0,112.0,192.0,0.03911015413878083,0.040912063041146696,0.00195312,64.0,6400000.0
1.0,4.0,4.0,1.0,1.0,1.0,63.0,32.0,-0.0030632107251067353,-0.0017650185808415486,512.0,32.0,6400000.0
1.0,4.0,4.0,1.0,1.0,1.0,63.0,32.0,-0.0030632107251067353,-0.0017650185808415486,8192.0,8192.0,6400000.0
1.0,4.0,4.0,1.0,1.0,1.0,63.0,32.0,-0.0030632107251067353,-0.0017650185808415486,4096.0,2.0,6400000.0
4.0,4.0,4.0,2.0,90.0,64.0,2962.0,9728.0,0.14835154605362555,0.15366658452352133,16.0,0.00390625,6400000.0
4.0,4.0,4.0,2.0,59.0,44.0,1984.0,6528.0,0.14854581406133727,0.15394815139024354,64.0,0.25,6400000.0
1.0,4.0,4.0,1.0,1.0,1.0,63.0,32.0,-0.0030632107251067353,-0.0017650185808415486,32.0,32768.0,6400000.0
1.0,1.0,2.0,1.0,1.0,1.0,39.0,32.0,-0.0030632107251067353,-0.0017650185808415486,0.000976562,2048.0,6400000.0
4.0,4.0,4.0,2.0,12.0,8.0,434.0,768.0,0.12309422409684001,0.12713646261942835,32.0,32.0,6400000.0
1.0,4.0,4.0,1.0,1.0,1.0,63.0,32.0,-0.0030632107251067353,-0.0017650185808415486,8.0,512.0,6400000.0
1.0,4.0,4.0,1.0,1.0,1.0,63.0,32.0,-0.0030632107251067353,-0.0017650185808415486,2048.0,0.000976562,6400000.0
1.0,4.0,4.0,1.0,1.0,1.0,63.0,32.0,-0.0030632107251067353,-0.0017650185808415486,16.0,4096.0,6400000.0
1.0,4.0,4.0,1.0,1.0,1.0,63.0,32.0,-0.0030632107251067353,-0.0017650185808415486,64.0,256.0,6400000.0
4.0,4.0,4.0,2.0,90.0,64.0,2962.0,9728.0,0.14835154605362555,0.15366658452352133,32.0,0.03125,6400000.0
1.0,4.0,4.0,1.0,1.0,1.0,63.0,32.0,-0.0030632107251067353,-0.0017650185808415486,128.0,0.00195312,6400000.0
1.0,4.0,4.0,1.0,1.0,1.0,63.0,32.0,-0.0030632107251067353,-0.0017650185808415486,16384.0,32768.0,6400000.0
1.0,4.0,4.0,1.0,1.0,1.0,63.0,32.0,-0.0030632107251067353,-0.0017650185808415486,128.0,2.0,6400000.0
1.0,4.0,4.0,1.0,1.0,1.0,63.0,32.0,-0.0030632107251067353,-0.0017650185808415486,512.0,32768.0,6400000.0
4.0,4.0,4.0,3.0,27.0,17.0,906.0,2208.0,0.15367033704528055,0.15885870868263074,16.0,4.0,6400000.0
1.0,4.0,4.0,1.0,1.0,1.0,63.0,32.0,-0.0030632107251067353,-0.0017650185808415486,32768.0,0.125,6400000.0
1.0,4.0,4.0,1.0,1.0,1.0,63.0,32.0,-0.0030632107251067353,-0.0017650185808415486,1024.0,0.25,6400000.0
1.0,4.0,4.0,1.0,1.0,1.0,63.0,32.0,-0.0030632107251067353,-0.0017650185808415486,4096.0,2048.0,6400000.0
4.0,4.0,4.0,7.0,113.0,64.0,3215.0,9728.0,0.20078254560233944,0.20833735386382235,1.0,0.00195312,6400000.0
1.0,4.0,4.0,1.0,1.0,1.0,63.0,32.0,-0.0030632107251067353,-0.0017650185808415486,8192.0,0.015625,6400000.0
1.0,4.0,4.0,1.0,1.0,1.0,63.0,32.0,-0.0030632107251067353,-0.0017650185808415486,256.0,8192.0,6400000.0
4.0,4.0,4.0,6.0,40.0,26.0,1294.0,3648.0,0.17737222872154912,0.1856126339917734,0.125,4.0,6400000.0
4.0,4.0,4.0,2.0,12.0,8.0,434.0,768.0,0.12309422409684001,0.12713646261942835,0.25,32.0,6400000.0
1.0,4.0,4.0,1.0,1.0,1.0,63.0,32.0,-0.0030632107251067353,-0.0017650185808415486,2048.0,512.0,6400000.0
1.0,4.0,4.0,1.0,1.0,1.0,63.0,32.0,-0.0030632107251067353,-0.0017650185808415486,0.25,32768.0,6400000.0
1.0,4.0,4.0,1.0,1.0,1.0,63.0,32.0,-0.0030632107251067353,-0.0017650185808415486,0.5,256.0,6400000.0
4.0,4.0,4.0,9.0,116.0,64.0,3343.0,9728.0,0.20023575100665336,0.2079136905184772,0.25,0.03125,6400000.0
1.0,1.0,2.0,3.0,7.0,4.0,223.0,512.0,0.049777517915640224,0.05405121197129903,0.00195312,0.015625,6400000.0
4.0,4.0,4.0,8.0,110.0,64.0,3229.0,9728.0,0.2010327318436037,0.20749841261896307,0.5,0.25,6400000.0
4.0,4.0,4.0,6.0,57.0,37.0,1704.0,5408.0,0.18371896794105735,0.1950258610269031,1.0,2.0,6400000.0
1.0,4.0,4.0,1.0,1.0,1.0,63.0,32.0,-0.0030632107251067353,-0.0017650185808415486,256.0,0.015625,6400000.0
1.0,1.0,2.0,3.0,7.0,4.0,223.0,512.0,0.049777517915640224,0.05405121197129903,0.000976562,4.0,6400000.0
1.0,4.0,4.0,1.0,1.0,1.0,63.0,32.0,-0.0030632107251067353,-0.0017650185808415486,4096.0,0.00390625,6400000.0
1.0,4.0,4.0,1.0,1.0,1.0,63.0,32.0,-0.0030632107251067353,-0.0017650185808415486,128.0,2048.0,6400000.0
1.0,4.0,4.0,1.0,1.0,1.0,63.0,32.0,-0.0030632107251067353,-0.0017650185808415486,2048.0,1.0,6400000.0
1.0,1.0,1.0,2.0,3.0,2.0,108.0,192.0,0.03911015413878083,0.040912063041146696,0.00390625,0.0,6400000.0
1.0,4.0,4.0,1.0,1.0,1.0,63.0,32.0,-0.0030632107251067353,-0.0017650185808415486,0.125,4096.0,6400000.0
1.0,4.0,4.0,1.0,1.0,1.0,63.0,32.0,-0.0030632107251067353,-0.0017650185808415486,16384.0,0.0625,6400000.0
1.0,4.0,4.0,1.0,1.0,1.0,63.0,32.0,-0.0030632107251067353,-0.0017650185808415486,512.0,0.0625,6400000.0
1.0,4.0,4.0,1.0,1.0,1.0,63.0,32.0,-0.0030632107251067353,-0.0017650185808415486,32768.0,128.0,6400000.0
1.0,4.0,4.0,1.0,1.0,1.0,63.0,32.0,-0.0030632107251067353,-0.0017650185808415486,4.0,128.0,6400000.0
1.0,4.0,4.0,1.0,1.0,1.0,63.0,32.0,-0.0030632107251067353,-0.0017650185808415486,8192.0,16.0,6400000.0
1.0,4.0,4.0,1.0,1.0,1.0,63.0,32.0,-0.0030632107251067353,-0.0017650185808415486,256.0,16.0,6400000.0
1.0,4.0,4.0,1.0,1.0,1.0,63.0,32.0,-0.0030632107251067353,-0.0017650185808415486,1.0,2048.0,6400000.0
4.0,4.0,4.0,6.0,109.0,64.0,3265.0,9728.0,0.19849280516381396,0.2095938167260778,2.0,0.015625,6400000.0
4.0,4.0,4.0,3.0,95.0,61.0,2903.0,9248.0,0.1889890753996647,0.19552313109514252,4.0,0.125,6400000.0
1.0,4.0,4.0,1.0,1.0,1.0,63.0,32.0,-0.0030632107251067353,-0.0017650185808415486,2.0,16384.0,6400000.0
1.0,4.0,4.0,1.0,1.0,1.0,63.0,32.0,-0.0030632107251067353,-0.0017650185808415486,1024.0,256.0,6400000.0
1.0,1.0,2.0,1.0,1.0,1.0,39.0,32.0,-0.0030632107251067353,-0.0017650185808415486,0.00195312,128.0,6400000.0
1.0,4.0,4.0,1.0,1.0,1.0,63.0,32.0,-0.0030632107251067353,-0.0017650185808415486,16384.0,64.0,6400000.0
4.0,4.0,4.0,3.0,61.0,42.0,1896.0,6208.0,0.1831583173426955,0.19168512359988688,8.0,1.0,6400000.0
1.0,4.0,4.0,1.0,1.0,1.0,63.0,32.0,-0.0030632107251067353,-0.0017650185808415486,512.0,64.0,6400000.0
4.0,4.0,8.0,9.0,225.0,124.0,8657.0,19328.0,0.23799712576146903,0.24519297534408557,0.0,0.000976562,6400000.0
4.0,4.0,4.0,3.0,100.0,64.0,3076.0,9728.0,0.18909488023437204,0.19541703203625094,8.0,0.000976562,6400000.0
4.0,4.0,4.0,3.0,16.0,10.0,528.0,1088.0,0.14347181393305986,0.14672870433145024,2.0,16.0,6400000.0
4.0,4.0,8.0,9.0,191.0,124.0,8145.0,19328.0,0.23283416923023592,0.24366685212991646,0.0,1.0,6400000.0
1.0,4.0,4.0,1.0,1.0,1.0,63.0,32.0,-0.0030632107251067353,-0.0017650185808415486,4096.0,4.0,6400000.0
1.0,4.0,4.0,1.0,1.0,1.0,63.0,32.0,-0.0030632107251067353,-0.0017650185808415486,8192.0,16384.0,6400000.0
1.0,1.0,2.0,3.0,7.0,4.0,223.0,512.0,0.049777517915640224,0.05405121197129903,0.00195312,2.0,6400000.0
4.0,4.0,4.0,2.0,40.0,29.0,1362.0,4128.0,0.14846306784344399,0.15380461663905265,64.0,0.5,6400000.0
4.0,4.0,4.0,2.0,90.0,64.0,2962.0,9728.0,0.14835154605362555,0.15366658452352133,16.0,0.0078125,6400000.0
1.0,1.0,2.0,1.0,1.0,1.0,39.0,32.0,-0.0030632107251067353,-0.0017650185808415486,0.000976562,4096.0,6400000.0
1.0,4.0,4.0,1.0,1.0,1.0,63.0,32.0,-0.0030632107251067353,-0.0017650185808415486,8.0,1024.0,6400000.0
1.0,4.0,4.0,1.0,1.0,1.0,63.0,32.0,-0.0030632107251067353,-0.0017650185808415486,128.0,0.00390625,6400000.0
4.0,4.0,4.0,2.0,90.0,64.0,2962.0,9728.0,0.14835154605362555,0.15366658452352133,64.0,0.0,6400000.0
3.0,4.0,4.0,2.0,9.0,6.0,335.0,576.0,0.10115259004895938,0.10346957106453547,32.0,64.0,6400000.0
4.0,4.0,4.0,2.0,79.0,58.0,2673.0,8768.0,0.1488146316033725,0.15385913312228272,32.0,0.0625,6400000.0
1.0,4.0,4.0,1.0,1.0,1.0,63.0,32.0,-0.0030632107251067353,-0.0017650185808415486,16.0,8192.0,6400000.0
1.0,4.0,4.0,1.0,1.0,1.0,63.0,32.0,-0.0030632107251067353,-0.0017650185808415486,2048.0,0.00195312,6400000.0
1.0,4.0,4.0,1.0,1.0,1.0,63.0,32.0,-0.0030632107251067353,-0.0017650185808415486,64.0,512.0,6400000.0
1.0,4.0,4.0,1.0,1.0,1.0,63.0,32.0,-0.0030632107251067353,-0.0017650185808415486,128.0,4.0,6400000.0
1.0,4.0,4.0,1.0,1.0,1.0,63.0,32.0,-0.0030632107251067353,-0.0017650185808415486,1024.0,0.0,6400000.0
1.0,4.0,4.0,1.0,1.0,1.0,63.0,32.0,-0.0030632107251067353,-0.0017650185808415486,32768.0,0.25,6400000.0
1.0,4.0,4.0,1.0,1.0,1.0,63.0,32.0,-0.0030632107251067353,-0.0017650185808415486,32768.0,0.0,6400000.0
1.0,4.0,4.0,1.0,1.0,1.0,63.0,32.0,-0.0030632107251067353,-0.0017650185808415486,4096.0,4096.0,6400000.0
4.0,4.0,4.0,2.0,19.0,12.0,597.0,1408.0,0.14196947312511288,0.1453711613961719,16.0,8.0,6400000.0
1.0,4.0,4.0,1.0,1.0,1.0,63.0,32.0,-0.0030632107251067353,-0.0017650185808415486,1024.0,0.5,6400000.0
1.0,4.0,4.0,1.0,1.0,1.0,63.0,32.0,-0.0030632107251067353,-0.0017650185808415486,8192.0,0.03125,6400000.0
1.0,4.0,8.0,1.0,1.0,1.0,543.0,32.0,-0.0030632107251067353,-0.0017650185808415486,0.0,1024.0,6400000.0
1.0,4.0,4.0,1.0,1.0,1.0,63.0,32.0,-0.0030632107251067353,-0.0017650185808415486,256.0,16384.0,6400000.0
1.0,4.0,4.0,1.0,1.0,1.0,63.0,32.0,-0.0030632107251067353,-0.0017650185808415486,2048.0,1024.0,6400000.0
1.0,1.0,2.0,3.0,7.0,4.0,223.0,512.0,0.049777517915640224,0.05405121197129903,0.00195312,0.03125,6400000.0
1.0,4.0,4.0,1.0,1.0,1.0,63.0,32.0,-0.0030632107251067353,-0.0017650185808415486,256.0,0.03125,6400000.0
4.0,4.0,8.0,9.0,225.0,124.0,8657.0,19328.0,0.23799712576146903,0.24519297534408557,0.000976562,0.0078125,6400000.0
1.0,4.0,8.0,1.0,1.0,1.0,543.0,32.0,-0.0030632107251067353,-0.0017650185808415486,0.000976562,8192.0,6400000.0
1.0,4.0,4.0,1.0,1.0,1.0,63.0,32.0,-0.0030632107251067353,-0.0017650185808415486,4096.0,0.0078125,6400000.0
1.0,4.0,4.0,1.0,1.0,1.0,63.0,32.0,-0.0030632107251067353,-0.0017650185808415486,2048.0,2.0,6400000.0
1.0,1.0,1.0,2.0,3.0,2.0,108.0,192.0,0.03911015413878083,0.040912063041146696,0.00390625,0.000976562,6400000.0
1.0,4.0,4.0,1.0,1.0,1.0,63.0,32.0,-0.0030632107251067353,-0.0017650185808415486,128.0,4096.0,6400000.0
4.0,4.0,8.0,3.0,24.0,15.0,1941.0,1888.0,0.16336860696584554,0.16830274621810715,0.000976562,8.0,6400000.0
4.0,4.0,8.0,9.0,220.0,124.0,8620.0,19328.0,0.238230361187728,0.24590604173005792,0.00195312,0.0625,6400000.0
3.0,4.0,8.0,2.0,9.0,6.0,1295.0,576.0,0.10115259004895938,0.10346957106453547,0.00195312,64.0,6400000.0
4.0,4.0,8.0,9.0,225.0,124.0,8657.0,19328.0,0.23799712576146903,0.24519297534408557,0.00390625,0.0,6400000.0
4.0,4.0,8.0,9.0,204.0,124.0,8325.0,19328.0,0.24212538816047968,0.24456514295021048,0.00390625,0.5,6400000.0
1.0,4.0,4.0,1.0,1.0,1.0,63.0,32.0,-0.0030632107251067353,-0.0017650185808415486,16384.0,0.125,6400000.0
1.0,4.0,4.0,1.0,1.0,1.0,63.0,32.0,-0.0030632107251067353,-0.0017650185808415486,32768.0,256.0,6400000.0
1.0,1.0,2.0,3.0,7.0,4.0,223.0,512.0,0.049777517915640224,0.05405121197129903,0.00390625,0.0,6400000.0
1.0,4.0,8.0,1.0,1.0,1.0,543.0,32.0,-0.0030632107251067353,-0.0017650185808415486,0.00390625,512.0,6400000.0
1.0,4.0,4.0,1.0,1.0,1.0,63.0,32.0,-0.0030632107251067353,-0.0017650185808415486,512.0,0.125,6400000.0
1.0,4.0,4.0,1.0,1.0,1.0,63.0,32.0,-0.0030632107251067353,-0.0017650185808415486,8192.0,32.0,6400000.0
4.0,4.0,8.0,9.0,225.0,124.0,8657.0,19328.0,0.23799712576146903,0.24519297534408557,0.0078125,0.00390625,6400000.0
1.0,4.0,4.0,1.0,1.0,1.0,63.0,32.0,-0.0030632107251067353,-0.0017650185808415486,256.0,32.0,6400000.0
1.0,4.0,8.0,1.0,1.0,1.0,543.0,32.0,-0.0030632107251067353,-0.0017650185808415486,0.0078125,4096.0,6400000.0
1.0,4.0,4.0,1.0,1.0,1.0,63.0,32.0,-0.0030632107251067353,-0.0017650185808415486,512.0,128.0,6400000.0
1.0,4.0,4.0,1.0,1.0,1.0,63.0,32.0,-0.0030632107251067353,-0.0017650185808415486,16384.0,128.0,6400000.0
4.0,4.0,8.0,9.0,225.0,124.0,8657.0,19328.0,0.23799712576146903,0.24519297534408557,0.0,0.00195312,6400000.0
4.0,4.0,8.0,2.0,12.0,8.0,1394.0,768.0,0.12309422409684001,0.12713646261942835,0.015625,32.0,6400000.0
4.0,4.0,8.0,6.0,40.0,26.0,3219.0,3648.0,0.17737222872154912,0.1856126339917734,0.0078125,4.0,6400000.0
4.0,4.0,8.0,8.0,110.0,72.0,5676.0,11008.0,0.21105978276613258,0.22089535878446653,0.0,2.0,6400000.0
1.0,4.0,4.0,1.0,1.0,1.0,63.0,32.0,-0.0030632107251067353,-0.0017650185808415486,1024.0,512.0,6400000.0
1.0,1.0,2.0,3.0,7.0,4.0,223.0,512.0,0.049777517915640224,0.05405121197129903,0.00195312,4.0,6400000.0
1.0,1.0,2.0,1.0,1.0,1.0,39.0,32.0,-0.0030632107251067353,-0.0017650185808415486,0.00195312,256.0,6400000.0
4.0,4.0,8.0,9.0,223.0,124.0,8684.0,19328.0,0.2381593132538281,0.24679652495510707,0.015625,0.03125,6400000.0
4.0,4.0,8.0,9.0,217.0,124.0,8561.0,19328.0,0.24021846163375893,0.247510611792348,0.03125,0.25,6400000.0
1.0,4.0,4.0,1.0,1.0,1.0,63.0,32.0,-0.0030632107251067353,-0.0017650185808415486,8192.0,32768.0,6400000.0
1.0,4.0,8.0,1.0,1.0,1.0,543.0,32.0,-0.0030632107251067353,-0.0017650185808415486,0.015625,32768.0,6400000.0
1.0,4.0,4.0,1.0,1.0,1.0,63.0,32.0,-0.0030632107251067353,-0.0017650185808415486,4096.0,8.0,6400000.0
1.0,1.0,2.0,3.0,7.0,4.0,223.0,512.0,0.049777517915640224,0.05405121197129903,0.00390625,0.5,6400000.0
1.0,4.0,8.0,1.0,1.0,1.0,543.0,32.0,-0.0030632107251067353,-0.0017650185808415486,0.03125,256.0,6400000.0
4.0,4.0,8.0,9.0,225.0,124.0,8657.0,19328.0,0.23799712576146903,0.24519297534408557,0.0625,0.00195312,6400000.0
1.0,4.0,4.0,1.0,1.0,1.0,63.0,32.0,-0.0030632107251067353,-0.0017650185808415486,2048.0,0.00390625,6400000.0
4.0,4.0,8.0,3.0,16.0,10.0,1728.0,1088.0,0.14347181393305986,0.14672870433145024,0.125,16.0,6400000.0
1.0,4.0,8.0,1.0,1.0,1.0,543.0,32.0,-0.0030632107251067353,-0.0017650185808415486,0.0625,2048.0,6400000.0
4.0,4.0,8.0,9.0,105.0,66.0,5502.0,10048.0,0.20660258866671066,0.2208980072630956,0.0625,2.0,6400000.0
4.0,4.0,8.0,9.0,223.0,124.0,8627.0,19328.0,0.239043468225831,0.24968578653842155,0.125,0.015625,6400000.0
1.0,4.0,4.0,1.0,1.0,1.0,63.0,32.0,-0.0030632107251067353,-0.0017650185808415486,32768.0,0.5,6400000.0
1.0,4.0,4.0,1.0,1.0,1.0,63.0,32.0,-0.0030632107251067353,-0.0017650185808415486,32768.0,0.000976562,6400000.0
1.0,4.0,8.0,1.0,1.0,1.0,543.0,32.0,-0.0030632107251067353,-0.0017650185808415486,0.125,16384.0,6400000.0
1.0,4.0,8.0,1.0,1.0,1.0,543.0,32.0,-0.0030632107251067353,-0.0017650185808415486,0.25,128.0,6400000.0
4.0,4.0,8.0,9.0,218.0,124.0,8438.0,19328.0,0.2361775973069976,0.24768300932943377,0.25,0.125,6400000.0
1.0,4.0,4.0,1.0,1.0,1.0,63.0,32.0,-0.0030632107251067353,-0.0017650185808415486,1024.0,0.000976562,6400000.0
1.0,1.0,2.0,1.0,1.0,1.0,39.0,32.0,-0.0030632107251067353,-0.0017650185808415486,0.00390625,512.0,6400000.0
4.0,4.0,8.0,9.0,228.0,124.0,8735.0,19328.0,0.2397252161613186,0.25134966563093253,0.5,0.000976562,6400000.0
1.0,4.0,4.0,1.0,1.0,1.0,63.0,32.0,-0.0030632107251067353,-0.0017650185808415486,1024.0,1.0,6400000.0
4.0,4.0,8.0,9.0,192.0,124.0,8194.0,19328.0,0.234428498606709,0.24301309496698498,0.5,1.0,6400000.0
1.0,4.0,4.0,1.0,1.0,1.0,63.0,32.0,-0.0030632107251067353,-0.0017650185808415486,4096.0,8192.0,6400000.0
1.0,4.0,4.0,1.0,1.0,1.0,63.0,32.0,-0.0030632107251067353,-0.0017650185808415486,8192.0,0.0625,6400000.0
1.0,4.0,4.0,1.0,1.0,1.0,63.0,32.0,-0.0030632107251067353,-0.0017650185808415486,256.0,32768.0,6400000.0
1.0,4.0,4.0,1.0,1.0,1.0,63.0,32.0,-0.0030632107251067353,-0.0017650185808415486,2048.0,2048.0,6400000.0
4.0,4.0,8.0,9.0,223.0,124.0,8684.0,19328.0,0.2381593132538281,0.24679652495510707,0.000976562,0.015625,6400000.0
1.0,4.0,8.0,1.0,1.0,1.0,543.0,32.0,-0.0030632107251067353,-0.0017650185808415486,0.0,2048.0,6400000.0
1.0,4.0,8.0,1.0,1.0,1.0,543.0,32.0,-0.0030632107251067353,-0.0017650185808415486,0.000976562,16384.0,6400000.0
1.0,4.0,4.0,1.0,1.0,1.0,63.0,32.0,-0.0030632107251067353,-0.0017650185808415486,2048.0,4.0,6400000.0
1.0,4.0,4.0,1.0,1.0,1.0,63.0,32.0,-0.0030632107251067353,-0.0017650185808415486,4096.0,0.015625,6400000.0
1.0,1.0,1.0,2.0,3.0,2.0,108.0,192.0,0.03911015413878083,0.040912063041146696,0.00390625,0.00195312,6400000.0
4.0,4.0,8.0,8.0,222.0,124.0,8622.0,19328.0,0.24084428815521797,0.2523139272360694,1.0,0.0078125,6400000.0
1.0,4.0,8.0,1.0,1.0,1.0,543.0,32.0,-0.0030632107251067353,-0.0017650185808415486,0.5,1024.0,6400000.0
4.0,4.0,8.0,3.0,16.0,10.0,1728.0,1088.0,0.14347181393305986,0.14672870433145024,0.000976562,16.0,6400000.0
1.0,4.0,8.0,1.0,1.0,1.0,543.0,32.0,-0.0030632107251067353,-0.0017650185808415486,0.00195312,128.0,6400000.0
4.0,4.0,8.0,9.0,219.0,124.0,8528.0,19328.0,0.2377450153469053,0.24465538920505947,0.00195312,0.125,6400000.0
1.0,4.0,4.0,1.0,1.0,1.0,63.0,32.0,-0.0030632107251067353,-0.0017650185808415486,16384.0,0.25,6400000.0
4.0,4.0,8.0,9.0,191.0,124.0,8145.0,19328.0,0.23283416923023592,0.24366685212991646,0.00390625,1.0,6400000.0
1.0,1.0,2.0,3.0,7.0,4.0,223.0,512.0,0.049777517915640224,0.05405121197129903,0.00390625,0.000976562,6400000.0
1.0,4.0,8.0,1.0,1.0,1.0,543.0,32.0,-0.0030632107251067353,-0.0017650185808415486,0.00390625,1024.0,6400000.0
4.0,4.0,8.0,3.0,24.0,15.0,1941.0,1888.0,0.16336860696584554,0.16830274621810715,1.0,8.0,6400000.0
1.0,4.0,4.0,1.0,1.0,1.0,63.0,32.0,-0.0030632107251067353,-0.0017650185808415486,512.0,0.25,6400000.0
1.0,4.0,4.0,1.0,1.0,1.0,63.0,32.0,-0.0030632107251067353,-0.0017650185808415486,32768.0,512.0,6400000.0
1.0,4.0,4.0,1.0,1.0,1.0,63.0,32.0,-0.0030632107251067353,-0.0017650185808415486,8192.0,64.0,6400000.0
4.0,4.0,8.0,9.0,225.0,124.0,8657.0,19328.0,0.23799712576146903,0.24519297534408557,0.0078125,0.0078125,6400000.0
4.0,4.0,8.0,9.0,225.0,124.0,8657.0,19328.0,0.23799712576146903,0.24519297534408557,0.00390625,0.000976562,6400000.0
1.0,4.0,8.0,1.0,1.0,1.0,543.0,32.0,-0.0030632107251067353,-0.0017650185808415486,1.0,8192.0,6400000.0
1.0,4.0,8.0,1.0,1.0,1.0,543.0,32.0,-0.0030632107251067353,-0.0017650185808415486,0.0078125,8192.0,6400000.0
1.0,4.0,4.0,1.0,1.0,1.0,63.0,32.0,-0.0030632107251067353,-0.0017650185808415486,512.0,256.0,6400000.0
4.0,4.0,8.0,9.0,225.0,124.0,8657.0,19328.0,0.23799712576146903,0.24519297534408557,0.0,0.00390625,6400000.0
1.0,1.0,2.0,3.0,5.0,3.0,158.0,352.0,0.048146068319603885,0.051476191507202285,0.00195312,8.0,6400000.0
4.0,4.0,8.0,3.0,24.0,15.0,1941.0,1888.0,0.16336860696584554,0.16830274621810715,0.0078125,8.0,6400000.0
1.0,4.0,4.0,1.0,1.0,1.0,63.0,32.0,-0.0030632107251067353,-0.0017650185808415486,16384.0,256.0,6400000.0
1.0,4.0,4.0,1.0,1.0,1.0,63.0,32.0,-0.0030632107251067353,-0.0017650185808415486,1024.0,1024.0,6400000.0
1.0,1.0,2.0,1.0,1.0,1.0,39.0,32.0,-0.0030632107251067353,-0.0017650185808415486,0.00195312,512.0,6400000.0
1.0,4.0,4.0,1.0,1.0,1.0,63.0,32.0,-0.0030632107251067353,-0.0017650185808415486,4096.0,16.0,6400000.0
4.0,4.0,8.0,6.0,40.0,26.0,3219.0,3648.0,0.17737222872154912,0.1856126339917734,0.0,4.0,6400000.0
1.0,1.0,2.0,3.0,7.0,4.0,223.0,512.0,0.049777517915640224,0.05405121197129903,0.00390625,1.0,6400000.0
4.0,4.0,8.0,9.0,225.0,124.0,8657.0,19328.0,0.23799712576146903,0.24519297534408557,0.03125,0.0,6400000.0
4.0,4.0,8.0,9.0,225.0,124.0,8657.0,19328.0,0.23799712576146903,0.24519297534408557,0.0625,0.00390625,6400000.0
4.0,4.0,8.0,9.0,204.0,124.0,8325.0,19328.0,0.24212538816047968,0.24456514295021048,0.03125,0.5,6400000.0
1.0,4.0,4.0,1.0,1.0,1.0,63.0,32.0,-0.0030632107251067353,-0.0017650185808415486,16384.0,0.0,6400000.0
1.0,4.0,8.0,1.0,1.0,1.0,543.0,32.0,-0.0030632107251067353,-0.0017650185808415486,0.03125,512.0,6400000.0
4.0,4.0,8.0,9.0,220.0,124.0,8620.0,19328.0,0.238230361187728,0.24590604173005792,0.015625,0.0625,6400000.0
3.0,4.0,8.0,2.0,9.0,6.0,1295.0,576.0,0.10115259004895938,0.10346957106453547,0.015625,64.0,6400000.0
1.0,4.0,8.0,1.0,1.0,1.0,543.0,32.0,-0.0030632107251067353,-0.0017650185808415486,0.0625,4096.0,6400000.0
1.0,4.0,4.0,1.0,1.0,1.0,63.0,32.0,-0.0030632107251067353,-0.0017650185808415486,2048.0,0.0078125,6400000.0
4.0,4.0,8.0,9.0,223.0,124.0,8627.0,19328.0,0.239043468225831,0.24968578653842155,0.125,0.03125,6400000.0
4.0,4.0,8.0,6.0,40.0,26.0,3219.0,3648.0,0.17737222872154912,0.1856126339917734,0.0625,4.0,6400000.0
4.0,4.0,8.0,2.0,12.0,8.0,1394.0,768.0,0.12309422409684001,0.12713646261942835,0.125,32.0,6400000.0
1.0,4.0,4.0,1.0,1.0,1.0,63.0,32.0,-0.0030632107251067353,-0.0017650185808415486,32768.0,1.0,6400000.0
1.0,4.0,8.0,1.0,1.0,1.0,543.0,32.0,-0.0030632107251067353,-0.0017650185808415486,0.25,256.0,6400000.0
4.0,4.0,8.0,9.0,211.0,124.0,8459.0,19328.0,0.2386791782749622,0.24732298571114175,0.25,0.25,6400000.0
1.0,4.0,8.0,1.0,1.0,1.0,543.0,32.0,-0.0030632107251067353,-0.0017650185808415486,0.125,32768.0,6400000.0
1.0,4.0,4.0,1.0,1.0,1.0,63.0,32.0,-0.0030632107251067353,-0.0017650185808415486,1024.0,0.00195312,6400000.0
1.0,1.0,2.0,1.0,1.0,1.0,39.0,32.0,-0.0030632107251067353,-0.0017650185808415486,0.00390625,1024.0,6400000.0
1.0,4.0,4.0,1.0,1.0,1.0,63.0,32.0,-0.0030632107251067353,-0.0017650185808415486,1024.0,2.0,6400000.0
4.0,4.0,8.0,9.0,228.0,124.0,8735.0,19328.0,0.2397252161613186,0.25134966563093253,0.5,0.00195312,6400000.0
1.0,4.0,4.0,1.0,1.0,1.0,63.0,32.0,-0.0030632107251067353,-0.0017650185808415486,32768.0,0.00195312,6400000.0
4.0,4.0,8.0,7.0,86.0,54.0,4656.0,8128.0,0.20186775972408166,0.21136474928783677,0.5,2.0,6400000.0
1.0,4.0,4.0,1.0,1.0,1.0,63.0,32.0,-0.0030632107251067353,-0.0017650185808415486,4096.0,16384.0,6400000.0
1.0,4.0,4.0,1.0,1.0,1.0,63.0,32.0,-0.0030632107251067353,-0.0017650185808415486,8192.0,0.125,6400000.0
1.0,4.0,4.0,1.0,1.0,1.0,63.0,32.0,-0.0030632107251067353,-0.0017650185808415486,2048.0,4096.0,6400000.0
4.0,4.0,8.0,9.0,223.0,124.0,8684.0,19328.0,0.2381593132538281,0.24679652495510707,0.000976562,0.03125,6400000.0
1.0,4.0,8.0,1.0,1.0,1.0,543.0,32.0,-0.0030632107251067353,-0.0017650185808415486,0.000976562,32768.0,6400000.0
4.0,4.0,8.0,7.0,223.0,124.0,8624.0,19328.0,0.23840585360527977,0.25017046436678203,2.0,0.0625,6400000.0
1.0,4.0,4.0,1.0,1.0,1.0,63.0,32.0,-0.0030632107251067353,-0.0017650185808415486,2048.0,8.0,6400000.0
1.0,4.0,4.0,1.0,1.0,1.0,63.0,32.0,-0.0030632107251067353,-0.0017650185808415486,4096.0,0.03125,6400000.0
1.0,4.0,8.0,1.0,1.0,1.0,543.0,32.0,-0.0030632107251067353,-0.0017650185808415486,0.0,4096.0,6400000.0
1.0,1.0,1.0,2.0,3.0,2.0,108.0,192.0,0.03911015413878083,0.040912063041146696,0.00390625,0.00390625,6400000.0
1.0,4.0,8.0,1.0,1.0,1.0,543.0,32.0,-0.0030632107251067353,-0.0017650185808415486,0.00195312,256.0,6400000.0
1.0,4.0,4.0,1.0,1.0,1.0,63.0,32.0,-0.0030632107251067353,-0.0017650185808415486,16384.0,0.5,6400000.0
4.0,4.0,8.0,8.0,222.0,124.0,8622.0,19328.0,0.24084428815521797,0.2523139272360694,1.0,0.015625,6400000.0
1.0,4.0,8.0,1.0,1.0,1.0,543.0,32.0,-0.0030632107251067353,-0.0017650185808415486,0.5,2048.0,6400000.0
4.0,4.0,8.0,3.0,16.0,10.0,1728.0,1088.0,0.14347181393305986,0.14672870433145024,1.0,16.0,6400000.0
1.0,4.0,4.0,1.0,1.0,1.0,63.0,32.0,-0.0030632107251067353,-0.0017650185808415486,8192.0,128.0,6400000.0
1.0,4.0,4.0,1.0,1.0,1.0,63.0,32.0,-0.0030632107251067353,-0.0017650185808415486,32768.0,1024.0,6400000.0
1.0,4.0,8.0,1.0,1.0,1.0,543.0,32.0,-0.0030632107251067353,-0.0017650185808415486,0.00390625,2048.0,6400000.0
4.0,4.0,8.0,9.0,217.0,124.0,8561.0,19328.0,0.24021846163375893,0.247510611792348,0.00195312,0.25,6400000.0
1.0,1.0,2.0,3.0,7.0,4.0,223.0,512.0,0.049777517915640224,0.05405121197129903,0.00390625,0.00195312,6400000.0
4.0,4.0,8.0,2.0,12.0,8.0,1394.0,768.0,0.12309422409684001,0.12713646261942835,0.000976562,32.0,6400000.0
4.0,4.0,8.0,8.0,110.0,72.0,5676.0,11008.0,0.21105978276613258,0.22089535878446653,0.00390625,2.0,6400000.0
4.0,4.0,8.0,9.0,223.0,124.0,8684.0,19328.0,0.2381593132538281,0.24679652495510707,0.0078125,0.015625,6400000.0
3.0,4.0,8.0,2.0,9.0,6.0,1295.0,576.0,0.10115259004895938,0.10346957106453547,2.0,64.0,6400000.0
4.0,4.0,8.0,9.0,225.0,124.0,8657.0,19328.0,0.23799712576146903,0.24519297534408557,0.00390625,0.00195312,6400000.0
1.0,4.0,8.0,1.0,1.0,1.0,543.0,32.0,-0.0030632107251067353,-0.0017650185808415486,1.0,16384.0,6400000.0
1.0,4.0,8.0,1.0,1.0,1.0,543.0,32.0,-0.0030632107251067353,-0.0017650185808415486,0.0078125,16384.0,6400000.0
4.0,4.0,8.0,3.0,16.0,10.0,1728.0,1088.0,0.14347181393305986,0.14672870433145024,0.0078125,16.0,6400000.0
4.0,4.0,8.0,9.0,225.0,124.0,8657.0,19328.0,0.23799712576146903,0.24519297534408557,0.0,0.0078125,6400000.0
4.0,4.0,8.0,3.0,196.0,124.0,7825.0,19328.0,0.19617119005195283,0.19916646299927998,4.0,0.0,6400000.0
1.0,1.0,2.0,3.0,5.0,3.0,158.0,352.0,0.048146068319603885,0.051476191507202285,0.00195312,16.0,6400000.0
1.0,4.0,4.0,1.0,1.0,1.0,63.0,32.0,-0.0030632107251067353,-0.0017650185808415486,1024.0,2048.0,6400000.0
1.0,1.0,2.0,1.0,1.0,1.0,39.0,32.0,-0.0030632107251067353,-0.0017650185808415486,0.00195312,1024.0,6400000.0
4.0,4.0,8.0,3.0,24.0,15.0,1941.0,1888.0,0.16336860696584554,0.16830274621810715,0.0,8.0,6400000.0
1.0,4.0,4.0,1.0,1.0,1.0,63.0,32.0,-0.0030632107251067353,-0.0017650185808415486,16384.0,512.0,6400000.0
1.0,4.0,4.0,1.0,1.0,1.0,63.0,32.0,-0.0030632107251067353,-0.0017650185808415486,16384.0,0.000976562,6400000.0
1.0,4.0,4.0,1.0,1.0,1.0,63.0,32.0,-0.0030632107251067353,-0.0017650185808415486,4096.0,32.0,6400000.0
4.0,4.0,8.0,9.0,225.0,124.0,8657.0,19328.0,0.23799712576146903,0.24519297534408557,0.0625,0.0078125,6400000.0
1.0,1.0,2.0,3.0,7.0,4.0,223.0,512.0,0.049777517915640224,0.05405121197129903,0.00390625,2.0,6400000.0
4.0,4.0,8.0,9.0,189.0,123.0,8069.0,19168.0,0.23220781063893114,0.24308417397799653,0.03125,1.0,6400000.0
4.0,4.0,8.0,9.0,219.0,124.0,8528.0,19328.0,0.2377450153469053,0.24465538920505947,0.015625,0.125,6400000.0
1.0,4.0,8.0,1.0,1.0,1.0,543.0,32.0,-0.0030632107251067353,-0.0017650185808415486,0.03125,1024.0,6400000.0
1.0,4.0,8.0,1.0,1.0,1.0,543.0,32.0,-0.0030632107251067353,-0.0017650185808415486,0.015625,128.0,6400000.0
4.0,4.0,8.0,9.0,225.0,124.0,8657.0,19328.0,0.23799712576146903,0.24519297534408557,0.03125,0.000976562,6400000.0
4.0,4.0,8.0,3.0,24.0,15.0,1941.0,1888.0,0.16336860696584554,0.16830274621810715,0.0625,8.0,6400000.0
1.0,4.0,4.0,1.0,1.0,1.0,63.0,32.0,-0.0030632107251067353,-0.0017650185808415486,32768.0,2.0,6400000.0
3.0,4.0,8.0,2.0,9.0,6.0,1295.0,576.0,0.10115259004895938,0.10346957106453547,0.125,64.0,6400000.0
1.0,4.0,8.0,1.0,1.0,1.0,543.0,32.0,-0.0030632107251067353,-0.0017650185808415486,0.0625,8192.0,6400000.0
4.0,4.0,8.0,9.0,222.0,124.0,8625.0,19328.0,0.2387083972083025,0.2501664317606255,0.125,0.0625,6400000.0
4.0,4.0,8.0,9.0,204.0,124.0,8411.0,19328.0,0.23957576038249484,0.24559633760095734,0.25,0.5,6400000.0
1.0,4.0,4.0,1.0,1.0,1.0,63.0,32.0,-0.0030632107251067353,-0.0017650185808415486,2048.0,0.015625,6400000.0
4.0,4.0,8.0,9.0,221.0,124.0,8595.0,19328.0,0.24069079761390877,0.24753069545589057,0.25,0.0,6400000.0
1.0,4.0,8.0,1.0,1.0,1.0,543.0,32.0,-0.0030632107251067353,-0.0017650185808415486,0.25,512.0,6400000.0
1.0,4.0,4.0,1.0,1.0,1.0,63.0,32.0,-0.0030632107251067353,-0.0017650185808415486,32768.0,0.00390625,6400000.0
4.0,4.0,8.0,9.0,228.0,124.0,8735.0,19328.0,0.2397252161613186,0.25134966563093253,0.5,0.00390625,6400000.0
1.0,1.0,2.0,1.0,1.0,1.0,39.0,32.0,-0.0030632107251067353,-0.0017650185808415486,0.00390625,2048.0,6400000.0
4.0,4.0,8.0,3.0,37.0,25.0,2600.0,3488.0,0.17340590542924417,0.18066593129000108,0.5,4.0,6400000.0
1.0,4.0,4.0,1.0,1.0,1.0,63.0,32.0,-0.0030632107251067353,-0.0017650185808415486,4096.0,32768.0,6400000.0
1.0,4.0,8.0,1.0,1.0,1.0,543.0,32.0,-0.0030632107251067353,-0.0017650185808415486,4.0,512.0,6400000.0
4.0,4.0,8.0,3.0,98.0,67.0,4902.0,10208.0,0.1900603139128939,0.19673450629343525,4.0,0.5,6400000.0
1.0,4.0,4.0,1.0,1.0,1.0,63.0,32.0,-0.0030632107251067353,-0.0017650185808415486,8192.0,0.25,6400000.0
1.0,4.0,4.0,1.0,1.0,1.0,63.0,32.0,-0.0030632107251067353,-0.0017650185808415486,2048.0,8192.0,6400000.0
1.0,4.0,4.0,1.0,1.0,1.0,63.0,32.0,-0.0030632107251067353,-0.0017650185808415486,2048.0,16.0,6400000.0
4.0,4.0,8.0,9.0,220.0,124.0,8620.0,19328.0,0.238230361187728,0.24590604173005792,0.000976562,0.0625,6400000.0
4.0,4.0,8.0,9.0,225.0,124.0,8657.0,19328.0,0.23799712576146903,0.24519297534408557,0.00195312,0.0,6400000.0
4.0,4.0,8.0,7.0,213.0,124.0,8531.0,19328.0,0.2381846540608087,0.25008670339159955,2.0,0.125,6400000.0
1.0,4.0,4.0,1.0,1.0,1.0,63.0,32.0,-0.0030632107251067353,-0.0017650185808415486,4096.0,0.0625,6400000.0
1.0,4.0,4.0,1.0,1.0,1.0,63.0,32.0,-0.0030632107251067353,-0.0017650185808415486,16384.0,1.0,6400000.0
1.0,4.0,8.0,1.0,1.0,1.0,543.0,32.0,-0.0030632107251067353,-0.0017650185808415486,0.0,8192.0,6400000.0
1.0,4.0,8.0,1.0,1.0,1.0,543.0,32.0,-0.0030632107251067353,-0.0017650185808415486,0.00195312,512.0,6400000.0
4.0,4.0,8.0,8.0,222.0,124.0,8622.0,19328.0,0.24084428815521797,0.2523139272360694,1.0,0.03125,6400000.0
1.0,4.0,8.0,1.0,1.0,1.0,543.0,32.0,-0.0030632107251067353,-0.0017650185808415486,0.5,4096.0,6400000.0
1.0,1.0,1.0,2.0,3.0,2.0,108.0,192.0,0.03911015413878083,0.040912063041146696,0.00390625,0.0078125,6400000.0
1.0,4.0,8.0,1.0,1.0,1.0,543.0,32.0,-0.0030632107251067353,-0.0017650185808415486,0.00390625,4096.0,6400000.0
4.0,4.0,8.0,9.0,204.0,124.0,8325.0,19328.0,0.24212538816047968,0.24456514295021048,0.00195312,0.5,6400000.0
1.0,4.0,4.0,1.0,1.0,1.0,63.0,32.0,-0.0030632107251067353,-0.0017650185808415486,32768.0,2048.0,6400000.0
4.0,4.0,8.0,2.0,12.0,8.0,1394.0,768.0,0.12309422409684001,0.12713646261942835,1.0,32.0,6400000.0
1.0,1.0,2.0,3.0,7.0,4.0,223.0,512.0,0.049777517915640224,0.05405121197129903,0.00390625,0.00390625,6400000.0
1.0,4.0,4.0,1.0,1.0,1.0,63.0,32.0,-0.0030632107251067353,-0.0017650185808415486,8192.0,256.0,6400000.0
3.0,4.0,8.0,2.0,9.0,6.0,1295.0,576.0,0.10115259004895938,0.10346957106453547,0.000976562,64.0,6400000.0
4.0,4.0,8.0,9.0,223.0,124.0,8684.0,19328.0,0.2381593132538281,0.24679652495510707,0.0078125,0.03125,6400000.0
4.0,4.0,8.0,6.0,40.0,26.0,3219.0,3648.0,0.17737222872154912,0.1856126339917734,0.00390625,4.0,6400000.0
1.0,4.0,8.0,1.0,1.0,1.0,543.0,32.0,-0.0030632107251067353,-0.0017650185808415486,2.0,128.0,6400000.0
1.0,4.0,8.0,1.0,1.0,1.0,543.0,32.0,-0.0030632107251067353,-0.0017650185808415486,1.0,32768.0,6400000.0
4.0,4.0,8.0,9.0,225.0,124.0,8657.0,19328.0,0.23799712576146903,0.24519297534408557,0.00390625,0.00390625,6400000.0
1.0,4.0,8.0,1.0,1.0,1.0,543.0,32.0,-0.0030632107251067353,-0.0017650185808415486,0.0078125,32768.0,6400000.0
4.0,4.0,8.0,2.0,12.0,8.0,1394.0,768.0,0.12309422409684001,0.12713646261942835,0.0078125,32.0,6400000.0
4.0,4.0,8.0,3.0,196.0,124.0,7825.0,19328.0,0.19617119005195283,0.19916646299927998,4.0,0.000976562,6400000.0
4.0,4.0,8.0,9.0,223.0,124.0,8684.0,19328.0,0.2381593132538281,0.24679652495510707,0.0,0.015625,6400000.0
1.0,4.0,4.0,1.0,1.0,1.0,63.0,32.0,-0.0030632107251067353,-0.0017650185808415486,16384.0,1024.0,6400000.0
1.0,4.0,4.0,1.0,1.0,1.0,63.0,32.0,-0.0030632107251067353,-0.0017650185808415486,16384.0,0.00195312,6400000.0
4.0,4.0,8.0,3.0,16.0,10.0,1728.0,1088.0,0.14347181393305986,0.14672870433145024,0.0,16.0,6400000.0
1.0,4.0,4.0,1.0,1.0,1.0,63.0,32.0,-0.0030632107251067353,-0.0017650185808415486,4096.0,64.0,6400000.0
4.0,4.0,8.0,9.0,223.0,124.0,8684.0,19328.0,0.2381593132538281,0.24679652495510707,0.0625,0.015625,6400000.0
1.0,1.0,2.0,2.0,3.0,2.0,112.0,192.0,0.03911015413878083,0.040912063041146696,0.00195312,32.0,6400000.0
1.0,1.0,2.0,1.0,1.0,1.0,39.0,32.0,-0.0030632107251067353,-0.0017650185808415486,0.00195312,2048.0,6400000.0
1.0,1.0,2.0,3.0,7.0,4.0,223.0,512.0,0.049777517915640224,0.05405121197129903,0.00390625,4.0,6400000.0
1.0,4.0,8.0,1.0,1.0,1.0,543.0,32.0,-0.0030632107251067353,-0.0017650185808415486,0.015625,256.0,6400000.0
4.0,4.0,8.0,9.0,217.0,124.0,8561.0,19328.0,0.24021846163375893,0.247510611792348,0.015625,0.25,6400000.0
4.0,4.0,8.0,9.0,105.0,66.0,5502.0,10048.0,0.20660258866671066,0.2208980072630956,0.03125,2.0,6400000.0
1.0,4.0,8.0,1.0,1.0,1.0,543.0,32.0,-0.0030632107251067353,-0.0017650185808415486,0.03125,2048.0,6400000.0
4.0,4.0,8.0,9.0,225.0,124.0,8657.0,19328.0,0.23799712576146903,0.24519297534408557,0.03125,0.00195312,6400000.0
1.0,1.0,2.0,3.0,7.0,4.0,223.0,512.0,0.049777517915640224,0.05405121197129903,0.0078125,0.00390625,6400000.0
1.0,4.0,4.0,1.0,1.0,1.0,63.0,32.0,-0.0030632107251067353,-0.0017650185808415486,32768.0,4.0,6400000.0
4.0,4.0,8.0,9.0,218.0,124.0,8438.0,19328.0,0.2361775973069976,0.24768300932943377,0.125,0.125,6400000.0
4.0,4.0,8.0,3.0,16.0,10.0,1728.0,1088.0,0.14347181393305986,0.14672870433145024,0.0625,16.0,6400000.0
4.0,4.0,8.0,9.0,189.0,123.0,8069.0,19168.0,0.23220781063893114,0.24308417397799653,0.25,1.0,6400000.0
4.0,4.0,8.0,9.0,221.0,124.0,8595.0,19328.0,0.24069079761390877,0.24753069545589057,0.25,0.000976562,6400000.0
1.0,4.0,8.0,1.0,1.0,1.0,543.0,32.0,-0.0030632107251067353,-0.0017650185808415486,0.0625,16384.0,6400000.0
1.0,4.0,8.0,1.0,1.0,1.0,543.0,32.0,-0.0030632107251067353,-0.0017650185808415486,0.125,128.0,6400000.0
1.0,4.0,8.0,1.0,1.0,1.0,543.0,32.0,-0.0030632107251067353,-0.0017650185808415486,0.25,1024.0,6400000.0
1.0,4.0,4.0,1.0,1.0,1.0,63.0,32.0,-0.0030632107251067353,-0.0017650185808415486,32768.0,0.0078125,6400000.0
4.0,4.0,8.0,9.0,228.0,124.0,8735.0,19328.0,0.2397252161613186,0.25134966563093253,0.5,0.0078125,6400000.0
1.0,1.0,2.0,1.0,1.0,1.0,39.0,32.0,-0.0030632107251067353,-0.0017650185808415486,0.00390625,4096.0,6400000.0
1.0,4.0,4.0,1.0,1.0,1.0,63.0,32.0,-0.0030632107251067353,-0.0017650185808415486,8192.0,0.0,6400000.0
4.0,4.0,8.0,3.0,24.0,15.0,1941.0,1888.0,0.16336860696584554,0.16830274621810715,0.5,8.0,6400000.0
4.0,4.0,8.0,3.0,192.0,124.0,7672.0,19328.0,0.19565550444548097,0.19937169293962376,8.0,0.00390625,6400000.0
4.0,4.0,8.0,3.0,64.0,45.0,3684.0,6688.0,0.185225897617453,0.19255710086342004,4.0,1.0,6400000.0
1.0,4.0,8.0,1.0,1.0,1.0,543.0,32.0,-0.0030632107251067353,-0.0017650185808415486,4.0,1024.0,6400000.0
1.0,4.0,4.0,1.0,1.0,1.0,63.0,32.0,-0.0030632107251067353,-0.0017650185808415486,8192.0,0.5,6400000.0
1.0,4.0,4.0,1.0,1.0,1.0,63.0,32.0,-0.0030632107251067353,-0.0017650185808415486,2048.0,16384.0,6400000.0
4.0,4.0,8.0,9.0,219.0,124.0,8528.0,19328.0,0.2377450153469053,0.24465538920505947,0.000976562,0.125,6400000.0
4.0,4.0,8.0,3.0,37.0,25.0,2600.0,3488.0,0.17340590542924417,0.18066593129000108,8.0,4.0,6400000.0
4.0,4.0,8.0,9.0,225.0,124.0,8657.0,19328.0,0.23799712576146903,0.24519297534408557,0.00195312,0.000976562,6400000.0
4.0,4.0,8.0,7.0,210.0,124.0,8466.0,19328.0,0.2359715635665841,0.25009819960190893,2.0,0.25,6400000.0
1.0,4.0,4.0,1.0,1.0,1.0,63.0,32.0,-0.0030632107251067353,-0.0017650185808415486,4096.0,0.125,6400000.0
1.0,4.0,4.0,1.0,1.0,1.0,63.0,32.0,-0.0030632107251067353,-0.0017650185808415486,16384.0,2.0,6400000.0
1.0,4.0,8.0,1.0,1.0,1.0,543.0,32.0,-0.0030632107251067353,-0.0017650185808415486,0.00195312,1024.0,6400000.0
1.0,4.0,8.0,1.0,1.0,1.0,543.0,32.0,-0.0030632107251067353,-0.0017650185808415486,0.0,16384.0,6400000.0
4.0,4.0,8.0,8.0,222.0,124.0,8622.0,19328.0,0.24084428815521797,0.2523139272360694,1.0,0.0625,6400000.0
4.0,4.0,8.0,9.0,191.0,124.0,8145.0,19328.0,0.23283416923023592,0.24366685212991646,0.00195312,1.0,6400000.0
1.0,4.0,8.0,1.0,1.0,1.0,543.0,32.0,-0.0030632107251067353,-0.0017650185808415486,0.00390625,8192.0,6400000.0
4.0,4.0,8.0,3.0,24.0,15.0,1941.0,1888.0,0.16336860696584554,0.16830274621810715,0.00390625,8.0,6400000.0
3.0,4.0,8.0,2.0,9.0,6.0,1295.0,576.0,0.10115259004895938,0.10346957106453547,1.0,64.0,6400000.0
1.0,4.0,4.0,1.0,1.0,1.0,63.0,32.0,-0.0030632107251067353,-0.0017650185808415486,8192.0,512.0,6400000.0
4.0,4.0,8.0,9.0,225.0,124.0,8657.0,19328.0,0.23799712576146903,0.24519297534408557,0.00390625,0.0078125,6400000.0
1.0,4.0,8.0,1.0,1.0,1.0,543.0,32.0,-0.0030632107251067353,-0.0017650185808415486,0.000976562,128.0,6400000.0
1.0,1.0,2.0,3.0,7.0,4.0,223.0,512.0,0.049777517915640224,0.05405121197129903,0.00390625,0.0078125,6400000.0
4.0,4.0,8.0,9.0,220.0,124.0,8620.0,19328.0,0.238230361187728,0.24590604173005792,0.0078125,0.0625,6400000.0
1.0,4.0,8.0,1.0,1.0,1.0,543.0,32.0,-0.0030632107251067353,-0.0017650185808415486,0.5,8192.0,6400000.0
1.0,4.0,8.0,1.0,1.0,1.0,543.0,32.0,-0.0030632107251067353,-0.0017650185808415486,2.0,256.0,6400000.0
1.0,1.0,1.0,2.0,3.0,2.0,108.0,192.0,0.03911015413878083,0.040912063041146696,0.00390625,0.015625,6400000.0
1.0,4.0,4.0,1.0,1.0,1.0,63.0,32.0,-0.0030632107251067353,-0.0017650185808415486,32768.0,4096.0,6400000.0
4.0,4.0,8.0,7.0,225.0,124.0,8741.0,19328.0,0.23833354130455797,0.2504837164557804,2.0,0.0,6400000.0
4.0,4.0,8.0,9.0,225.0,124.0,8657.0,19328.0,0.23799712576146903,0.24519297534408557,0.015625,0.0,6400000.0
4.0,4.0,8.0,9.0,223.0,124.0,8684.0,19328.0,0.2381593132538281,0.24679652495510707,0.0,0.03125,6400000.0
3.0,4.0,8.0,2.0,9.0,6.0,1295.0,576.0,0.10115259004895938,0.10346957106453547,0.0078125,64.0,6400000.0
1.0,4.0,4.0,1.0,1.0,1.0,63.0,32.0,-0.0030632107251067353,-0.0017650185808415486,16384.0,0.00390625,6400000.0
1.0,4.0,4.0,1.0,1.0,1.0,63.0,32.0,-0.0030632107251067353,-0.0017650185808415486,16384.0,2048.0,6400000.0
4.0,4.0,8.0,2.0,12.0,8.0,1394.0,768.0,0.12309422409684001,0.12713646261942835,0.0,32.0,6400000.0
4.0,4.0,8.0,3.0,196.0,124.0,7825.0,19328.0,0.19617119005195283,0.19916646299927998,4.0,0.00195312,6400000.0
4.0,4.0,8.0,9.0,223.0,124.0,8684.0,19328.0,0.2381593132538281,0.24679652495510707,0.0625,0.03125,6400000.0
1.0,4.0,4.0,1.0,1.0,1.0,63.0,32.0,-0.0030632107251067353,-0.0017650185808415486,4096.0,128.0,6400000.0
1.0,1.0,2.0,1.0,1.0,1.0,39.0,32.0,-0.0030632107251067353,-0.0017650185808415486,0.00195312,4096.0,6400000.0
1.0,1.0,2.0,3.0,5.0,3.0,158.0,352.0,0.048146068319603885,0.051476191507202285,0.00390625,8.0,6400000.0
1.0,4.0,8.0,1.0,1.0,1.0,543.0,32.0,-0.0030632107251067353,-0.0017650185808415486,0.03125,4096.0,6400000.0
4.0,4.0,8.0,9.0,204.0,124.0,8325.0,19328.0,0.24212538816047968,0.24456514295021048,0.015625,0.5,6400000.0
4.0,4.0,8.0,6.0,40.0,26.0,3219.0,3648.0,0.17737222872154912,0.1856126339917734,0.03125,4.0,6400000.0
1.0,4.0,8.0,1.0,1.0,1.0,543.0,32.0,-0.0030632107251067353,-0.0017650185808415486,8.0,4096.0,6400000.0
1.0,4.0,8.0,1.0,1.0,1.0,543.0,32.0,-0.0030632107251067353,-0.0017650185808415486,0.015625,512.0,6400000.0
1.0,4.0,4.0,1.0,1.0,1.0,63.0,32.0,-0.0030632107251067353,-0.0017650185808415486,32768.0,8.0,6400000.0
4.0,4.0,8.0,9.0,221.0,124.0,8595.0,19328.0,0.24069079761390877,0.24753069545589057,0.25,0.00195312,6400000.0
4.0,4.0,8.0,9.0,225.0,124.0,8657.0,19328.0,0.23799712576146903,0.24519297534408557,0.03125,0.00390625,6400000.0
1.0,1.0,2.0,3.0,7.0,4.0,223.0,512.0,0.049777517915640224,0.05405121197129903,0.0078125,0.0078125,6400000.0
4.0,4.0,8.0,2.0,12.0,8.0,1394.0,768.0,0.12309422409684001,0.12713646261942835,0.0625,32.0,6400000.0
4.0,4.0,8.0,7.0,100.0,63.0,5092.0,9568.0,0.20544930546524298,0.21873338322233293,0.25,2.0,6400000.0
1.0,4.0,8.0,1.0,1.0,1.0,543.0,32.0,-0.0030632107251067353,-0.0017650185808415486,0.0625,32768.0,6400000.0
4.0,4.0,8.0,9.0,211.0,124.0,8459.0,19328.0,0.2386791782749622,0.24732298571114175,0.125,0.25,6400000.0
1.0,4.0,8.0,1.0,1.0,1.0,543.0,32.0,-0.0030632107251067353,-0.0017650185808415486,0.25,2048.0,6400000.0
1.0,4.0,4.0,1.0,1.0,1.0,63.0,32.0,-0.0030632107251067353,-0.0017650185808415486,32768.0,0.015625,6400000.0
1.0,4.0,8.0,1.0,1.0,1.0,543.0,32.0,-0.0030632107251067353,-0.0017650185808415486,0.125,256.0,6400000.0
1.0,1.0,2.0,1.0,1.0,1.0,39.0,32.0,-0.0030632107251067353,-0.0017650185808415486,0.00390625,8192.0,6400000.0
4.0,4.0,8.0,9.0,228.0,124.0,8735.0,19328.0,0.2397252161613186,0.25134966563093253,0.5,0.015625,6400000.0
4.0,4.0,8.0,3.0,192.0,124.0,7671.0,19328.0,0.19582668796927472,0.1997251423569948,8.0,0.0078125,6400000.0
1.0,4.0,4.0,1.0,1.0,1.0,63.0,32.0,-0.0030632107251067353,-0.0017650185808415486,8192.0,0.000976562,6400000.0
4.0,4.0,8.0,3.0,16.0,10.0,1728.0,1088.0,0.14347181393305986,0.14672870433145024,0.5,16.0,6400000.0
4.0,4.0,8.0,3.0,44.0,30.0,2813.0,4288.0,0.17788879792339474,0.18842020046479802,4.0,2.0,6400000.0
1.0,4.0,4.0,1.0,1.0,1.0,63.0,32.0,-0.0030632107251067353,-0.0017650185808415486,8192.0,1.0,6400000.0
1.0,4.0,8.0,1.0,1.0,1.0,543.0,32.0,-0.0030632107251067353,-0.0017650185808415486,4.0,2048.0,6400000.0
4.0,4.0,8.0,9.0,217.0,124.0,8561.0,19328.0,0.24021846163375893,0.247510611792348,0.000976562,0.25,6400000.0
4.0,4.0,8.0,2.0,170.0,124.0,7445.0,19328.0,0.14965014912972352,0.15266626837357256,16.0,0.03125,6400000.0
4.0,4.0,8.0,3.0,24.0,15.0,1941.0,1888.0,0.16336860696584554,0.16830274621810715,8.0,8.0,6400000.0
4.0,4.0,8.0,9.0,225.0,124.0,8657.0,19328.0,0.23799712576146903,0.24519297534408557,0.00195312,0.00195312,6400000.0
4.0,4.0,8.0,7.0,199.0,124.0,8343.0,19328.0,0.23618947780967015,0.24432080438236525,2.0,0.5,6400000.0
1.0,4.0,8.0,1.0,1.0,1.0,543.0,32.0,-0.0030632107251067353,-0.0017650185808415486,0.00195312,2048.0,6400000.0
1.0,4.0,4.0,1.0,1.0,1.0,63.0,32.0,-0.0030632107251067353,-0.0017650185808415486,16384.0,4.0,6400000.0
1.0,4.0,8.0,1.0,1.0,1.0,543.0,32.0,-0.0030632107251067353,-0.0017650185808415486,0.0,32768.0,6400000.0
4.0,4.0,8.0,2.0,12.0,8.0,1394.0,768.0,0.12309422409684001,0.12713646261942835,16.0,32.0,6400000.0
4.0,4.0,8.0,8.0,110.0,72.0,5676.0,11008.0,0.21105978276613258,0.22089535878446653,0.00195312,2.0,6400000.0
4.0,4.0,8.0,8.0,218.0,124.0,8590.0,19328.0,0.24144149679376126,0.251307022732872,1.0,0.125,6400000.0
4.0,4.0,8.0,3.0,16.0,10.0,1728.0,1088.0,0.14347181393305986,0.14672870433145024,0.00390625,16.0,6400000.0
1.0,4.0,8.0,1.0,1.0,1.0,543.0,32.0,-0.0030632107251067353,-0.0017650185808415486,1.0,128.0,6400000.0
1.0,4.0,8.0,1.0,1.0,1.0,543.0,32.0,-0.0030632107251067353,-0.0017650185808415486,0.00390625,16384.0,6400000.0
1.0,4.0,4.0,1.0,1.0,1.0,63.0,32.0,-0.0030632107251067353,-0.0017650185808415486,8192.0,1024.0,6400000.0
1.0,4.0,8.0,1.0,1.0,1.0,543.0,32.0,-0.0030632107251067353,-0.0017650185808415486,0.5,16384.0,6400000.0
1.0,4.0,8.0,1.0,1.0,1.0,543.0,32.0,-0.0030632107251067353,-0.0017650185808415486,0.000976562,256.0,6400000.0
1.0,1.0,1.0,2.0,3.0,2.0,108.0,192.0,0.03911015413878083,0.040912063041146696,0.00390625,0.03125,6400000.0
4.0,4.0,8.0,9.0,219.0,124.0,8528.0,19328.0,0.2377450153469053,0.24465538920505947,0.0078125,0.125,6400000.0
4.0,4.0,8.0,9.0,223.0,124.0,8684.0,19328.0,0.2381593132538281,0.24679652495510707,0.00390625,0.015625,6400000.0
1.0,4.0,4.0,1.0,1.0,1.0,63.0,32.0,-0.0030632107251067353,-0.0017650185808415486,32768.0,8192.0,6400000.0
1.0,4.0,8.0,1.0,1.0,1.0,543.0,32.0,-0.0030632107251067353,-0.0017650185808415486,2.0,512.0,6400000.0
1.0,1.0,2.0,3.0,7.0,4.0,223.0,512.0,0.049777517915640224,0.05405121197129903,0.00390625,0.015625,6400000.0
4.0,4.0,8.0,7.0,225.0,124.0,8741.0,19328.0,0.23833354130455797,0.2504837164557804,2.0,0.000976562,6400000.0
4.0,4.0,8.0,9.0,225.0,124.0,8657.0,19328.0,0.23799712576146903,0.24519297534408557,0.015625,0.000976562,6400000.0
1.0,4.0,4.0,1.0,1.0,1.0,63.0,32.0,-0.0030632107251067353,-0.0017650185808415486,16384.0,0.0078125,6400000.0
4.0,4.0,8.0,9.0,220.0,124.0,8620.0,19328.0,0.238230361187728,0.24590604173005792,0.0,0.0625,6400000.0
1.0,4.0,8.0,1.0,1.0,1.0,543.0,32.0,-0.0030632107251067353,-0.0017650185808415486,0.0078125,128.0,6400000.0
4.0,4.0,8.0,3.0,192.0,124.0,7672.0,19328.0,0.19565550444548097,0.19937169293962376,4.0,0.00390625,6400000.0
1.0,4.0,4.0,1.0,1.0,1.0,63.0,32.0,-0.0030632107251067353,-0.0017650185808415486,16384.0,4096.0,6400000.0
3.0,4.0,8.0,2.0,9.0,6.0,1295.0,576.0,0.10115259004895938,0.10346957106453547,0.0,64.0,6400000.0
1.0,1.0,2.0,3.0,5.0,3.0,158.0,352.0,0.048146068319603885,0.051476191507202285,0.00390625,16.0,6400000.0
1.0,1.0,2.0,1.0,1.0,1.0,39.0,32.0,-0.0030632107251067353,-0.0017650185808415486,0.00195312,8192.0,6400000.0
1.0,4.0,8.0,1.0,1.0,1.0,543.0,32.0,-0.0030632107251067353,-0.0017650185808415486,8.0,8192.0,6400000.0
1.0,4.0,8.0,1.0,1.0,1.0,543.0,32.0,-0.0030632107251067353,-0.0017650185808415486,16.0,32768.0,6400000.0
4.0,4.0,8.0,9.0,220.0,124.0,8620.0,19328.0,0.238230361187728,0.24590604173005792,0.0625,0.0625,6400000.0
1.0,4.0,8.0,1.0,1.0,1.0,543.0,32.0,-0.0030632107251067353,-0.0017650185808415486,0.03125,8192.0,6400000.0
4.0,4.0,8.0,3.0,24.0,15.0,1941.0,1888.0,0.16336860696584554,0.16830274621810715,0.03125,8.0,6400000.0
4.0,4.0,8.0,9.0,221.0,124.0,8595.0,19328.0,0.24069079761390877,0.24753069545589057,0.25,0.00390625,6400000.0
4.0,4.0,8.0,9.0,191.0,124.0,8145.0,19328.0,0.23283416923023592,0.24366685212991646,0.015625,1.0,6400000.0
1.0,4.0,8.0,1.0,1.0,1.0,543.0,32.0,-0.0030632107251067353,-0.0017650185808415486,0.015625,1024.0,6400000.0
1.0,4.0,4.0,1.0,1.0,1.0,63.0,32.0,-0.0030632107251067353,-0.0017650185808415486,32768.0,16.0,6400000.0
4.0,4.0,8.0,9.0,225.0,124.0,8657.0,19328.0,0.23799712576146903,0.24519297534408557,0.03125,0.0078125,6400000.0
4.0,4.0,8.0,4.0,37.0,25.0,2847.0,3488.0,0.17437300473716433,0.1811316646821176,0.25,4.0,6400000.0
1.0,1.0,2.0,3.0,7.0,4.0,223.0,512.0,0.049777517915640224,0.05405121197129903,0.0078125,0.015625,6400000.0
4.0,4.0,8.0,9.0,204.0,124.0,8411.0,19328.0,0.23957576038249484,0.24559633760095734,0.125,0.5,6400000.0
3.0,4.0,8.0,2.0,9.0,6.0,1295.0,576.0,0.10115259004895938,0.10346957106453547,0.0625,64.0,6400000.0
1.0,4.0,8.0,1.0,1.0,1.0,543.0,32.0,-0.0030632107251067353,-0.0017650185808415486,0.25,4096.0,6400000.0
1.0,4.0,8.0,1.0,1.0,1.0,543.0,32.0,-0.0030632107251067353,-0.0017650185808415486,0.125,512.0,6400000.0
4.0,4.0,8.0,9.0,221.0,124.0,8595.0,19328.0,0.24069079761390877,0.24753069545589057,0.125,0.0,6400000.0
1.0,4.0,4.0,1.0,1.0,1.0,63.0,32.0,-0.0030632107251067353,-0.0017650185808415486,32768.0,0.03125,6400000.0
4.0,4.0,8.0,9.0,228.0,124.0,8735.0,19328.0,0.2397252161613186,0.25134966563093253,0.5,0.03125,6400000.0
4.0,4.0,8.0,3.0,189.0,124.0,7610.0,19328.0,0.1959901531685917,0.1997319851937629,8.0,0.015625,6400000.0
1.0,1.0,2.0,1.0,1.0,1.0,39.0,32.0,-0.0030632107251067353,-0.0017650185808415486,0.00390625,16384.0,6400000.0
4.0,4.0,8.0,3.0,37.0,25.0,2600.0,3488.0,0.17340590542924417,0.18066593129000108,4.0,4.0,6400000.0
4.0,4.0,8.0,2.0,12.0,8.0,1394.0,768.0,0.12309422409684001,0.12713646261942835,0.5,32.0,6400000.0
4.0,4.0,8.0,2.0,71.0,53.0,4041.0,7968.0,0.1483335136539844,0.1526904030239754,32.0,0.25,6400000.0
1.0,4.0,8.0,1.0,1.0,1.0,543.0,32.0,-0.0030632107251067353,-0.0017650185808415486,4.0,4096.0,6400000.0
1.0,4.0,8.0,1.0,1.0,1.0,543.0,32.0,-0.0030632107251067353,-0.0017650185808415486,32.0,256.0,6400000.0
4.0,4.0,8.0,9.0,204.0,124.0,8325.0,19328.0,0.24212538816047968,0.24456514295021048,0.000976562,0.5,6400000.0
4.0,4.0,8.0,2.0,172.0,124.0,7478.0,19328.0,0.1499666760002153,0.15243573449517145,16.0,0.0625,6400000.0
4.0,4.0,8.0,2.0,12.0,8.0,1394.0,768.0,0.12309422409684001,0.12713646261942835,8.0,16.0,6400000.0
4.0,4.0,8.0,9.0,225.0,124.0,8657.0,19328.0,0.23799712576146903,0.24519297534408557,0.00195312,0.00390625,6400000.0
4.0,4.0,8.0,9.0,225.0,124.0,8657.0,19328.0,0.23799712576146903,0.24519297534408557,0.000976562,0.0,6400000.0
4.0,4.0,8.0,4.0,78.0,54.0,4271.0,8128.0,0.18626220694885043,0.196665613194421,2.0,1.0,6400000.0
1.0,4.0,8.0,1.0,1.0,1.0,543.0,32.0,-0.0030632107251067353,-0.0017650185808415486,0.00195312,4096.0,6400000.0
1.0,4.0,4.0,1.0,1.0,1.0,63.0,32.0,-0.0030632107251067353,-0.0017650185808415486,16384.0,8.0,6400000.0
3.0,4.0,8.0,2.0,9.0,6.0,1295.0,576.0,0.10115259004895938,0.10346957106453547,16.0,64.0,6400000.0
4.0,4.0,8.0,6.0,40.0,26.0,3219.0,3648.0,0.17737222872154912,0.1856126339917734,0.00195312,4.0,6400000.0
1.0,4.0,8.0,1.0,1.0,1.0,543.0,32.0,-0.0030632107251067353,-0.0017650185808415486,1.0,256.0,6400000.0
4.0,4.0,8.0,8.0,216.0,124.0,8493.0,19328.0,0.23934702106029493,0.2506766927568763,1.0,0.25,6400000.0
4.0,4.0,8.0,9.0,223.0,124.0,8684.0,19328.0,0.2381593132538281,0.24679652495510707,0.00390625,0.03125,6400000.0
4.0,4.0,8.0,2.0,12.0,8.0,1394.0,768.0,0.12309422409684001,0.12713646261942835,0.00390625,32.0,6400000.0
1.0,4.0,8.0,1.0,1.0,1.0,543.0,32.0,-0.0030632107251067353,-0.0017650185808415486,0.00390625,32768.0,6400000.0
4.0,4.0,8.0,7.0,225.0,124.0,8741.0,19328.0,0.23833354130455797,0.2504837164557804,2.0,0.00195312,6400000.0
1.0,4.0,4.0,1.0,1.0,1.0,63.0,32.0,-0.0030632107251067353,-0.0017650185808415486,32768.0,16384.0,6400000.0
4.0,4.0,8.0,9.0,217.0,124.0,8561.0,19328.0,0.24021846163375893,0.247510611792348,0.0078125,0.25,6400000.0
1.0,4.0,8.0,1.0,1.0,1.0,543.0,32.0,-0.0030632107251067353,-0.0017650185808415486,0.5,32768.0,6400000.0
1.0,4.0,8.0,1.0,1.0,1.0,543.0,32.0,-0.0030632107251067353,-0.0017650185808415486,0.000976562,512.0,6400000.0
1.0,4.0,8.0,1.0,1.0,1.0,543.0,32.0,-0.0030632107251067353,-0.0017650185808415486,2.0,1024.0,6400000.0
4.0,4.0,8.0,2.0,175.0,124.0,7543.0,19328.0,0.1487478674363737,0.15211878045433502,64.0,0.00195312,6400000.0
1.0,1.0,1.0,2.0,3.0,2.0,108.0,192.0,0.03911015413878083,0.040912063041146696,0.00390625,0.0625,6400000.0
1.0,1.0,2.0,3.0,7.0,4.0,223.0,512.0,0.049777517915640224,0.05405121197129903,0.00390625,0.03125,6400000.0
4.0,4.0,8.0,9.0,225.0,124.0,8657.0,19328.0,0.23799712576146903,0.24519297534408557,0.015625,0.00195312,6400000.0
4.0,4.0,8.0,9.0,219.0,124.0,8528.0,19328.0,0.2377450153469053,0.24465538920505947,0.0,0.125,6400000.0
4.0,4.0,8.0,2.0,26.0,16.0,2046.0,2048.0,0.14616338393281836,0.1501171985359251,64.0,2.0,6400000.0
4.0,4.0,8.0,3.0,192.0,124.0,7671.0,19328.0,0.19582668796927472,0.1997251423569948,4.0,0.0078125,6400000.0
1.0,4.0,8.0,1.0,1.0,1.0,543.0,32.0,-0.0030632107251067353,-0.0017650185808415486,0.0078125,256.0,6400000.0
1.0,1.0,2.0,1.0,1.0,1.0,39.0,32.0,-0.0030632107251067353,-0.0017650185808415486,0.00195312,16384.0,6400000.0
1.0,4.0,8.0,1.0,1.0,1.0,543.0,32.0,-0.0030632107251067353,-0.0017650185808415486,0.0,128.0,6400000.0
1.0,4.0,4.0,1.0,1.0,1.0,63.0,32.0,-0.0030632107251067353,-0.0017650185808415486,16384.0,8192.0,6400000.0
1.0,1.0,2.0,2.0,3.0,2.0,112.0,192.0,0.03911015413878083,0.040912063041146696,0.00390625,32.0,6400000.0
1.0,4.0,8.0,1.0,1.0,1.0,543.0,32.0,-0.0030632107251067353,-0.0017650185808415486,8.0,16384.0,6400000.0
1.0,4.0,8.0,1.0,1.0,1.0,543.0,32.0,-0.0030632107251067353,-0.0017650185808415486,0.03125,16384.0,6400000.0
4.0,4.0,8.0,2.0,179.0,124.0,7547.0,19328.0,0.14839210407998427,0.15188372251411641,32.0,0.0,6400000.0
4.0,4.0,8.0,9.0,221.0,124.0,8595.0,19328.0,0.24069079761390877,0.24753069545589057,0.25,0.0078125,6400000.0
4.0,4.0,8.0,3.0,16.0,10.0,1728.0,1088.0,0.14347181393305986,0.14672870433145024,0.03125,16.0,6400000.0
1.0,4.0,8.0,1.0,1.0,1.0,543.0,32.0,-0.0030632107251067353,-0.0017650185808415486,0.015625,2048.0,6400000.0
4.0,4.0,8.0,9.0,219.0,124.0,8528.0,19328.0,0.2377450153469053,0.24465538920505947,0.0625,0.125,6400000.0
1.0,4.0,4.0,1.0,1.0,1.0,63.0,32.0,-0.0030632107251067353,-0.0017650185808415486,32768.0,32.0,6400000.0
4.0,4.0,8.0,9.0,105.0,66.0,5502.0,10048.0,0.20660258866671066,0.2208980072630956,0.015625,2.0,6400000.0
4.0,4.0,8.0,9.0,223.0,124.0,8684.0,19328.0,0.2381593132538281,0.24679652495510707,0.03125,0.015625,6400000.0
1.0,1.0,2.0,3.0,7.0,4.0,223.0,512.0,0.049777517915640224,0.05405121197129903,0.0078125,0.03125,6400000.0
1.0,4.0,8.0,1.0,1.0,1.0,543.0,32.0,-0.0030632107251067353,-0.0017650185808415486,0.0625,128.0,6400000.0
4.0,4.0,8.0,3.0,24.0,15.0,1941.0,1888.0,0.16336860696584554,0.16830274621810715,0.25,8.0,6400000.0
1.0,4.0,8.0,1.0,1.0,1.0,543.0,32.0,-0.0030632107251067353,-0.0017650185808415486,0.25,8192.0,6400000.0
4.0,4.0,8.0,9.0,228.0,124.0,8735.0,19328.0,0.2397252161613186,0.25134966563093253,0.5,0.0625,6400000.0
4.0,4.0,8.0,3.0,24.0,15.0,1941.0,1888.0,0.16336860696584554,0.16830274621810715,4.0,8.0,6400000.0
1.0,4.0,8.0,1.0,1.0,1.0,543.0,32.0,-0.0030632107251067353,-0.0017650185808415486,0.125,1024.0,6400000.0
4.0,4.0,8.0,3.0,188.0,124.0,7576.0,19328.0,0.19568136833435423,0.19956408292363725,8.0,0.03125,6400000.0
1.0,4.0,4.0,1.0,1.0,1.0,63.0,32.0,-0.0030632107251067353,-0.0017650185808415486,32768.0,0.0625,6400000.0
3.0,4.0,8.0,2.0,9.0,6.0,1295.0,576.0,0.10115259004895938,0.10346957106453547,0.5,64.0,6400000.0
1.0,1.0,2.0,1.0,1.0,1.0,39.0,32.0,-0.0030632107251067353,-0.0017650185808415486,0.00390625,32768.0,6400000.0
4.0,4.0,8.0,9.0,189.0,123.0,8069.0,19168.0,0.23220781063893114,0.24308417397799653,0.125,1.0,6400000.0
4.0,4.0,8.0,9.0,221.0,124.0,8595.0,19328.0,0.24069079761390877,0.24753069545589057,0.125,0.000976562,6400000.0
4.0,4.0,8.0,2.0,40.0,29.0,2802.0,4128.0,0.14846306784344399,0.15380461663905265,32.0,0.5,6400000.0
1.0,4.0,8.0,1.0,1.0,1.0,543.0,32.0,-0.0030632107251067353,-0.0017650185808415486,32.0,512.0,6400000.0
4.0,4.0,8.0,2.0,105.0,76.0,5345.0,11648.0,0.14740588952096212,0.15317741303821275,16.0,0.125,6400000.0
1.0,4.0,8.0,1.0,1.0,1.0,543.0,32.0,-0.0030632107251067353,-0.0017650185808415486,4.0,8192.0,6400000.0
4.0,4.0,8.0,9.0,191.0,124.0,8145.0,19328.0,0.23283416923023592,0.24366685212991646,0.000976562,1.0,6400000.0
4.0,4.0,8.0,2.0,12.0,8.0,1394.0,768.0,0.12309422409684001,0.12713646261942835,8.0,32.0,6400000.0
4.0,4.0,8.0,9.0,225.0,124.0,8657.0,19328.0,0.23799712576146903,0.24519297534408557,0.000976562,0.000976562,6400000.0
1.0,4.0,8.0,1.0,1.0,1.0,543.0,32.0,-0.0030632107251067353,-0.0017650185808415486,0.00195312,8192.0,6400000.0
4.0,4.0,8.0,4.0,52.0,35.0,3509.0,5088.0,0.18073014403205367,0.19128117996359673,2.0,2.0,6400000.0
4.0,4.0,8.0,3.0,24.0,15.0,1941.0,1888.0,0.16336860696584554,0.16830274621810715,0.00195312,8.0,6400000.0
4.0,4.0,8.0,9.0,225.0,124.0,8657.0,19328.0,0.23799712576146903,0.24519297534408557,0.00195312,0.0078125,6400000.0
1.0,4.0,8.0,1.0,1.0,1.0,543.0,32.0,-0.0030632107251067353,-0.0017650185808415486,16.0,128.0,6400000.0
1.0,4.0,8.0,1.0,1.0,1.0,543.0,32.0,-0.0030632107251067353,-0.0017650185808415486,1.0,512.0,6400000.0
1.0,1.0,2.0,3.0,7.0,4.0,223.0,512.0,0.049777517915640224,0.05405121197129903,0.0078125,4.0,6400000.0
4.0,4.0,8.0,8.0,206.0,124.0,8368.0,19328.0,0.23583959510954255,0.24873454080715984,1.0,0.5,6400000.0
1.0,4.0,8.0,1.0,1.0,1.0,543.0,32.0,-0.0030632107251067353,-0.0017650185808415486,0.000976562,1024.0,6400000.0
4.0,4.0,8.0,8.0,225.0,124.0,8657.0,19328.0,0.24130327056788303,0.2515399983169583,1.0,0.0,6400000.0
4.0,4.0,8.0,9.0,204.0,124.0,8325.0,19328.0,0.24212538816047968,0.24456514295021048,0.0078125,0.5,6400000.0
1.0,4.0,4.0,1.0,1.0,1.0,63.0,32.0,-0.0030632107251067353,-0.0017650185808415486,32768.0,32768.0,6400000.0
3.0,4.0,8.0,2.0,9.0,6.0,1295.0,576.0,0.10115259004895938,0.10346957106453547,0.00390625,64.0,6400000.0
4.0,4.0,8.0,9.0,220.0,124.0,8620.0,19328.0,0.238230361187728,0.24590604173005792,0.00390625,0.0625,6400000.0
4.0,4.0,8.0,7.0,225.0,124.0,8741.0,19328.0,0.23833354130455797,0.2504837164557804,2.0,0.00390625,6400000.0
1.0,1.0,2.0,3.0,7.0,4.0,223.0,512.0,0.049777517915640224,0.05405121197129903,0.00390625,0.0625,6400000.0
1.0,4.0,8.0,1.0,1.0,1.0,543.0,32.0,-0.0030632107251067353,-0.0017650185808415486,2.0,2048.0,6400000.0
4.0,4.0,8.0,9.0,225.0,124.0,8657.0,19328.0,0.23799712576146903,0.24519297534408557,0.0078125,0.0,6400000.0
4.0,4.0,8.0,2.0,175.0,124.0,7512.0,19328.0,0.14864731118439067,0.15215052266794116,64.0,0.00390625,6400000.0
1.0,1.0,1.0,2.0,3.0,2.0,108.0,192.0,0.03911015413878083,0.040912063041146696,0.00390625,0.125,6400000.0
4.0,4.0,8.0,9.0,225.0,124.0,8657.0,19328.0,0.23799712576146903,0.24519297534408557,0.015625,0.00390625,6400000.0
4.0,4.0,8.0,9.0,217.0,124.0,8561.0,19328.0,0.24021846163375893,0.247510611792348,0.0,0.25,6400000.0
1.0,4.0,8.0,1.0,1.0,1.0,543.0,32.0,-0.0030632107251067353,-0.0017650185808415486,0.0078125,512.0,6400000.0
4.0,4.0,8.0,2.0,26.0,16.0,2046.0,2048.0,0.14616338393281836,0.1501171985359251,64.0,4.0,6400000.0
4.0,4.0,8.0,3.0,189.0,124.0,7610.0,19328.0,0.1959901531685917,0.1997319851937629,4.0,0.015625,6400000.0
1.0,4.0,8.0,1.0,1.0,1.0,543.0,32.0,-0.0030632107251067353,-0.0017650185808415486,8.0,32768.0,6400000.0
1.0,4.0,8.0,1.0,1.0,1.0,543.0,32.0,-0.0030632107251067353,-0.0017650185808415486,0.0,256.0,6400000.0
1.0,4.0,8.0,1.0,1.0,1.0,543.0,32.0,-0.0030632107251067353,-0.0017650185808415486,0.03125,32768.0,6400000.0
1.0,1.0,2.0,1.0,1.0,1.0,39.0,32.0,-0.0030632107251067353,-0.0017650185808415486,0.00195312,32768.0,6400000.0
4.0,4.0,8.0,9.0,223.0,124.0,8627.0,19328.0,0.239043468225831,0.24968578653842155,0.25,0.015625,6400000.0
4.0,4.0,8.0,2.0,178.0,124.0,7546.0,19328.0,0.14800669294800173,0.15193285780805832,32.0,0.000976562,6400000.0
1.0,1.0,2.0,2.0,3.0,2.0,112.0,192.0,0.03911015413878083,0.040912063041146696,0.00390625,64.0,6400000.0
4.0,4.0,8.0,9.0,217.0,124.0,8561.0,19328.0,0.24021846163375893,0.247510611792348,0.0625,0.25,6400000.0
1.0,4.0,8.0,1.0,1.0,1.0,543.0,32.0,-0.0030632107251067353,-0.0017650185808415486,64.0,2048.0,6400000.0
1.0,4.0,4.0,1.0,1.0,1.0,63.0,32.0,-0.0030632107251067353,-0.0017650185808415486,32768.0,64.0,6400000.0
4.0,4.0,8.0,2.0,12.0,8.0,1394.0,768.0,0.12309422409684001,0.12713646261942835,0.03125,32.0,6400000.0
1.0,4.0,8.0,1.0,1.0,1.0,543.0,32.0,-0.0030632107251067353,-0.0017650185808415486,0.015625,4096.0,6400000.0
4.0,4.0,8.0,6.0,40.0,26.0,3219.0,3648.0,0.17737222872154912,0.1856126339917734,0.015625,4.0,6400000.0
4.0,4.0,8.0,3.0,16.0,10.0,1728.0,1088.0,0.14347181393305986,0.14672870433145024,0.25,16.0,6400000.0
4.0,4.0,8.0,9.0,223.0,124.0,8684.0,19328.0,0.2381593132538281,0.24679652495510707,0.03125,0.03125,6400000.0
1.0,1.0,2.0,3.0,7.0,4.0,223.0,512.0,0.049777517915640224,0.05405121197129903,0.0078125,0.0625,6400000.0
4.0,4.0,8.0,3.0,16.0,10.0,1728.0,1088.0,0.14347181393305986,0.14672870433145024,4.0,16.0,6400000.0
4.0,4.0,8.0,9.0,223.0,124.0,8532.0,19328.0,0.24060593362766713,0.24908029661613984,0.5,0.125,6400000.0
4.0,4.0,8.0,2.0,34.0,24.0,2590.0,3328.0,0.1479085099634987,0.15350554704155794,32.0,1.0,6400000.0
1.0,4.0,8.0,1.0,1.0,1.0,543.0,32.0,-0.0030632107251067353,-0.0017650185808415486,0.125,2048.0,6400000.0
1.0,1.0,2.0,3.0,7.0,4.0,223.0,512.0,0.049777517915640224,0.05405121197129903,0.0078125,0.0,6400000.0
1.0,4.0,8.0,1.0,1.0,1.0,543.0,32.0,-0.0030632107251067353,-0.0017650185808415486,0.0625,256.0,6400000.0
1.0,4.0,8.0,1.0,1.0,1.0,543.0,32.0,-0.0030632107251067353,-0.0017650185808415486,0.25,16384.0,6400000.0
4.0,4.0,8.0,9.0,221.0,124.0,8595.0,19328.0,0.24069079761390877,0.24753069545589057,0.125,0.00195312,6400000.0
4.0,4.0,8.0,3.0,188.0,124.0,7571.0,19328.0,0.1964013774740373,0.19989673161729815,8.0,0.0625,6400000.0
1.0,4.0,8.0,1.0,1.0,1.0,543.0,32.0,-0.0030632107251067353,-0.0017650185808415486,0.5,128.0,6400000.0
1.0,4.0,8.0,1.0,1.0,1.0,543.0,32.0,-0.0030632107251067353,-0.0017650185808415486,128.0,0.015625,6400000.0
4.0,4.0,8.0,8.0,101.0,63.0,5101.0,9568.0,0.20527992026009156,0.2174867759562239,0.125,2.0,6400000.0
1.0,4.0,8.0,1.0,1.0,1.0,543.0,32.0,-0.0030632107251067353,-0.0017650185808415486,32.0,1024.0,6400000.0
1.0,4.0,8.0,1.0,1.0,1.0,543.0,32.0,-0.0030632107251067353,-0.0017650185808415486,4.0,16384.0,6400000.0
4.0,4.0,8.0,2.0,71.0,53.0,4041.0,7968.0,0.1483335136539844,0.1526904030239754,16.0,0.25,6400000.0
4.0,4.0,8.0,8.0,110.0,72.0,5676.0,11008.0,0.21105978276613258,0.22089535878446653,0.000976562,2.0,6400000.0
3.0,4.0,8.0,2.0,9.0,6.0,1295.0,576.0,0.10115259004895938,0.10346957106453547,8.0,64.0,6400000.0
4.0,4.0,8.0,9.0,225.0,124.0,8657.0,19328.0,0.23799712576146903,0.24519297534408557,0.000976562,0.00195312,6400000.0
4.0,4.0,8.0,3.0,16.0,10.0,1728.0,1088.0,0.14347181393305986,0.14672870433145024,0.00195312,16.0,6400000.0
4.0,4.0,8.0,3.0,37.0,25.0,2600.0,3488.0,0.17340590542924417,0.18066593129000108,2.0,4.0,6400000.0
4.0,4.0,8.0,9.0,223.0,124.0,8684.0,19328.0,0.2381593132538281,0.24679652495510707,0.00195312,0.015625,6400000.0
1.0,4.0,8.0,1.0,1.0,1.0,543.0,32.0,-0.0030632107251067353,-0.0017650185808415486,0.00195312,16384.0,6400000.0
4.0,4.0,8.0,8.0,194.0,124.0,8185.0,19328.0,0.23146115574287895,0.24598039301777952,1.0,1.0,6400000.0
1.0,4.0,8.0,1.0,1.0,1.0,543.0,32.0,-0.0030632107251067353,-0.0017650185808415486,16.0,256.0,6400000.0
1.0,4.0,8.0,1.0,1.0,1.0,543.0,32.0,-0.0030632107251067353,-0.0017650185808415486,1.0,1024.0,6400000.0
1.0,4.0,8.0,1.0,1.0,1.0,543.0,32.0,-0.0030632107251067353,-0.0017650185808415486,0.000976562,2048.0,6400000.0
1.0,1.0,2.0,3.0,5.0,3.0,158.0,352.0,0.048146068319603885,0.051476191507202285,0.0078125,8.0,6400000.0
1.0,4.0,8.0,1.0,1.0,1.0,543.0,32.0,-0.0030632107251067353,-0.0017650185808415486,2.0,4096.0,6400000.0
1.0,1.0,2.0,3.0,7.0,4.0,223.0,512.0,0.049777517915640224,0.05405121197129903,0.00390625,0.125,6400000.0
4.0,4.0,8.0,9.0,191.0,124.0,8145.0,19328.0,0.23283416923023592,0.24366685212991646,0.0078125,1.0,6400000.0
4.0,4.0,8.0,8.0,225.0,124.0,8657.0,19328.0,0.24130327056788303,0.2515399983169583,1.0,0.000976562,6400000.0
1.0,4.0,8.0,1.0,1.0,1.0,543.0,32.0,-0.0030632107251067353,-0.0017650185808415486,0.00390625,128.0,6400000.0
4.0,4.0,8.0,7.0,224.0,124.0,8709.0,19328.0,0.23855341221205206,0.2505216301789277,2.0,0.0078125,6400000.0
4.0,4.0,8.0,9.0,219.0,124.0,8528.0,19328.0,0.2377450153469053,0.24465538920505947,0.00390625,0.125,6400000.0
4.0,4.0,8.0,9.0,225.0,124.0,8657.0,19328.0,0.23799712576146903,0.24519297534408557,0.0,0.0,6400000.0
4.0,4.0,8.0,9.0,225.0,124.0,8657.0,19328.0,0.23799712576146903,0.24519297534408557,0.0078125,0.000976562,6400000.0
4.0,4.0,8.0,2.0,175.0,124.0,7481.0,19328.0,0.14870257881319038,0.15212561712867734,64.0,0.0078125,6400000.0
4.0,4.0,8.0,9.0,225.0,124.0,8657.0,19328.0,0.23799712576146903,0.24519297534408557,0.015625,0.0078125,6400000.0
1.0,4.0,8.0,1.0,1.0,1.0,543.0,32.0,-0.0030632107251067353,-0.0017650185808415486,128.0,16.0,6400000.0
4.0,4.0,8.0,9.0,204.0,124.0,8325.0,19328.0,0.24212538816047968,0.24456514295021048,0.0,0.5,6400000.0
1.0,4.0,8.0,1.0,1.0,1.0,543.0,32.0,-0.0030632107251067353,-0.0017650185808415486,0.0078125,1024.0,6400000.0
4.0,4.0,8.0,2.0,19.0,12.0,1797.0,1408.0,0.14196947312511288,0.1453711613961719,64.0,8.0,6400000.0
4.0,4.0,8.0,3.0,188.0,124.0,7576.0,19328.0,0.19568136833435423,0.19956408292363725,4.0,0.03125,6400000.0
4.0,4.0,8.0,2.0,179.0,124.0,7547.0,19328.0,0.14839210407998427,0.15188372251411641,16.0,0.0,6400000.0
1.0,4.0,8.0,1.0,1.0,1.0,543.0,32.0,-0.0030632107251067353,-0.0017650185808415486,0.0,512.0,6400000.0
4.0,4.0,8.0,9.0,225.0,124.0,8657.0,19328.0,0.23799712576146903,0.24519297534408557,0.0625,0.0,6400000.0
1.0,4.0,8.0,1.0,1.0,1.0,543.0,32.0,-0.0030632107251067353,-0.0017650185808415486,0.015625,8192.0,6400000.0
4.0,4.0,8.0,2.0,175.0,124.0,7543.0,19328.0,0.1487478674363737,0.15211878045433502,32.0,0.00195312,6400000.0
1.0,1.0,2.0,1.0,1.0,1.0,39.0,32.0,-0.0030632107251067353,-0.0017650185808415486,0.00390625,128.0,6400000.0
4.0,4.0,8.0,9.0,223.0,124.0,8627.0,19328.0,0.239043468225831,0.24968578653842155,0.25,0.03125,6400000.0
1.0,4.0,8.0,1.0,1.0,1.0,543.0,32.0,-0.0030632107251067353,-0.0017650185808415486,64.0,4096.0,6400000.0
4.0,4.0,8.0,9.0,204.0,124.0,8325.0,19328.0,0.24212538816047968,0.24456514295021048,0.0625,0.5,6400000.0
1.0,4.0,8.0,1.0,1.0,1.0,543.0,32.0,-0.0030632107251067353,-0.0017650185808415486,128.0,16384.0,6400000.0
4.0,4.0,8.0,3.0,24.0,15.0,1941.0,1888.0,0.16336860696584554,0.16830274621810715,0.015625,8.0,6400000.0
1.0,4.0,8.0,1.0,1.0,1.0,543.0,32.0,-0.0030632107251067353,-0.0017650185808415486,256.0,0.125,6400000.0
3.0,4.0,8.0,2.0,9.0,6.0,1295.0,576.0,0.10115259004895938,0.10346957106453547,0.03125,64.0,6400000.0
1.0,1.0,2.0,3.0,7.0,4.0,223.0,512.0,0.049777517915640224,0.05405121197129903,0.0078125,0.125,6400000.0
4.0,4.0,8.0,2.0,12.0,8.0,1394.0,768.0,0.12309422409684001,0.12713646261942835,0.25,32.0,6400000.0
1.0,1.0,2.0,3.0,7.0,4.0,223.0,512.0,0.049777517915640224,0.05405121197129903,0.0078125,0.000976562,6400000.0
4.0,4.0,8.0,9.0,214.0,124.0,8429.0,19328.0,0.23947069184440162,0.2462376718317485,0.5,0.25,6400000.0
1.0,4.0,8.0,1.0,1.0,1.0,543.0,32.0,-0.0030632107251067353,-0.0017650185808415486,0.0625,512.0,6400000.0
4.0,4.0,8.0,9.0,221.0,124.0,8595.0,19328.0,0.24069079761390877,0.24753069545589057,0.125,0.00390625,6400000.0
1.0,4.0,8.0,1.0,1.0,1.0,543.0,32.0,-0.0030632107251067353,-0.0017650185808415486,0.125,4096.0,6400000.0
4.0,4.0,8.0,9.0,220.0,124.0,8620.0,19328.0,0.238230361187728,0.24590604173005792,0.03125,0.0625,6400000.0
4.0,4.0,8.0,2.0,26.0,16.0,2046.0,2048.0,0.14616338393281836,0.1501171985359251,32.0,2.0,6400000.0
4.0,4.0,8.0,2.0,12.0,8.0,1394.0,768.0,0.12309422409684001,0.12713646261942835,4.0,32.0,6400000.0
4.0,4.0,8.0,3.0,185.0,124.0,7508.0,19328.0,0.1944355716355145,0.1991844295893943,8.0,0.125,6400000.0
1.0,4.0,8.0,1.0,1.0,1.0,543.0,32.0,-0.0030632107251067353,-0.0017650185808415486,0.5,256.0,6400000.0
1.0,4.0,8.0,1.0,1.0,1.0,543.0,32.0,-0.0030632107251067353,-0.0017650185808415486,128.0,0.03125,6400000.0
4.0,4.0,8.0,6.0,40.0,26.0,3219.0,3648.0,0.17737222872154912,0.1856126339917734,0.125,4.0,6400000.0
1.0,4.0,8.0,1.0,1.0,1.0,543.0,32.0,-0.0030632107251067353,-0.0017650185808415486,0.25,32768.0,6400000.0
1.0,4.0,8.0,1.0,1.0,1.0,543.0,32.0,-0.0030632107251067353,-0.0017650185808415486,32.0,2048.0,6400000.0
4.0,4.0,8.0,6.0,40.0,26.0,3219.0,3648.0,0.17737222872154912,0.1856126339917734,0.000976562,4.0,6400000.0
4.0,4.0,8.0,2.0,40.0,29.0,2802.0,4128.0,0.14846306784344399,0.15380461663905265,16.0,0.5,6400000.0
1.0,4.0,8.0,1.0,1.0,1.0,543.0,32.0,-0.0030632107251067353,-0.0017650185808415486,4.0,32768.0,6400000.0
1.0,4.0,8.0,1.0,1.0,1.0,543.0,32.0,-0.0030632107251067353,-0.0017650185808415486,8.0,128.0,6400000.0
4.0,4.0,8.0,2.0,12.0,8.0,1394.0,768.0,0.12309422409684001,0.12713646261942835,0.00195312,32.0,6400000.0
4.0,4.0,8.0,9.0,225.0,124.0,8657.0,19328.0,0.23799712576146903,0.24519297534408557,0.000976562,0.00390625,6400000.0
4.0,4.0,8.0,3.0,24.0,15.0,1941.0,1888.0,0.16336860696584554,0.16830274621810715,2.0,8.0,6400000.0
1.0,4.0,8.0,1.0,1.0,1.0,543.0,32.0,-0.0030632107251067353,-0.0017650185808415486,0.00195312,32768.0,6400000.0
4.0,4.0,8.0,9.0,223.0,124.0,8684.0,19328.0,0.2381593132538281,0.24679652495510707,0.00195312,0.03125,6400000.0
4.0,4.0,8.0,7.0,68.0,44.0,4180.0,6528.0,0.18984307543136447,0.20004820608929463,1.0,2.0,6400000.0
1.0,4.0,8.0,1.0,1.0,1.0,543.0,32.0,-0.0030632107251067353,-0.0017650185808415486,16.0,512.0,6400000.0
1.0,4.0,8.0,1.0,1.0,1.0,543.0,32.0,-0.0030632107251067353,-0.0017650185808415486,1.0,2048.0,6400000.0
1.0,4.0,8.0,1.0,1.0,1.0,543.0,32.0,-0.0030632107251067353,-0.0017650185808415486,0.000976562,4096.0,6400000.0
1.0,1.0,2.0,3.0,7.0,4.0,223.0,512.0,0.049777517915640224,0.05405121197129903,0.00390625,0.25,6400000.0
4.0,4.0,8.0,9.0,105.0,66.0,5502.0,10048.0,0.20660258866671066,0.2208980072630956,0.0078125,2.0,6400000.0
1.0,4.0,8.0,1.0,1.0,1.0,543.0,32.0,-0.0030632107251067353,-0.0017650185808415486,2.0,8192.0,6400000.0
4.0,4.0,8.0,8.0,225.0,124.0,8657.0,19328.0,0.24130327056788303,0.2515399983169583,1.0,0.00195312,6400000.0
4.0,4.0,8.0,9.0,217.0,124.0,8561.0,19328.0,0.24021846163375893,0.247510611792348,0.00390625,0.25,6400000.0
1.0,4.0,8.0,1.0,1.0,1.0,543.0,32.0,-0.0030632107251067353,-0.0017650185808415486,0.00390625,256.0,6400000.0
4.0,4.0,8.0,2.0,174.0,124.0,7480.0,19328.0,0.14854715050151102,0.152314290572223,64.0,0.015625,6400000.0
1.0,4.0,8.0,1.0,1.0,1.0,543.0,32.0,-0.0030632107251067353,-0.0017650185808415486,128.0,32.0,6400000.0
4.0,4.0,8.0,9.0,223.0,124.0,8684.0,19328.0,0.2381593132538281,0.24679652495510707,0.015625,0.015625,6400000.0
1.0,1.0,2.0,3.0,5.0,3.0,158.0,352.0,0.048146068319603885,0.051476191507202285,0.0078125,16.0,6400000.0
4.0,4.0,8.0,9.0,225.0,124.0,8657.0,19328.0,0.23799712576146903,0.24519297534408557,0.0078125,0.00195312,6400000.0
4.0,4.0,8.0,7.0,223.0,124.0,8624.0,19328.0,0.23840585360527977,0.25017046436678203,2.0,0.015625,6400000.0
1.0,4.0,8.0,1.0,1.0,1.0,543.0,32.0,-0.0030632107251067353,-0.0017650185808415486,256.0,128.0,6400000.0
1.0,4.0,8.0,1.0,1.0,1.0,543.0,32.0,-0.0030632107251067353,-0.0017650185808415486,0.0078125,2048.0,6400000.0
1.0,4.0,8.0,1.0,1.0,1.0,543.0,32.0,-0.0030632107251067353,-0.0017650185808415486,512.0,0.000976562,6400000.0
4.0,4.0,8.0,3.0,188.0,124.0,7571.0,19328.0,0.1964013774740373,0.19989673161729815,4.0,0.0625,6400000.0
4.0,4.0,8.0,2.0,178.0,124.0,7546.0,19328.0,0.14800669294800173,0.15193285780805832,16.0,0.000976562,6400000.0
4.0,4.0,8.0,2.0,12.0,8.0,1394.0,768.0,0.12309422409684001,0.12713646261942835,64.0,16.0,6400000.0
1.0,4.0,8.0,1.0,1.0,1.0,543.0,32.0,-0.0030632107251067353,-0.0017650185808415486,0.015625,16384.0,6400000.0
4.0,4.0,8.0,2.0,175.0,124.0,7512.0,19328.0,0.14864731118439067,0.15215052266794116,32.0,0.00390625,6400000.0
1.0,1.0,2.0,1.0,1.0,1.0,39.0,32.0,-0.0030632107251067353,-0.0017650185808415486,0.00390625,256.0,6400000.0
4.0,4.0,8.0,9.0,225.0,124.0,8657.0,19328.0,0.23799712576146903,0.24519297534408557,0.0625,0.000976562,6400000.0
4.0,4.0,8.0,9.0,189.0,123.0,8069.0,19168.0,0.23220781063893114,0.24308417397799653,0.0625,1.0,6400000.0
1.0,4.0,8.0,1.0,1.0,1.0,543.0,32.0,-0.0030632107251067353,-0.0017650185808415486,512.0,1.0,6400000.0
1.0,4.0,8.0,1.0,1.0,1.0,543.0,32.0,-0.0030632107251067353,-0.0017650185808415486,64.0,8192.0,6400000.0
4.0,4.0,8.0,3.0,16.0,10.0,1728.0,1088.0,0.14347181393305986,0.14672870433145024,0.015625,16.0,6400000.0
1.0,4.0,8.0,1.0,1.0,1.0,543.0,32.0,-0.0030632107251067353,-0.0017650185808415486,128.0,32768.0,6400000.0
4.0,4.0,8.0,9.0,222.0,124.0,8625.0,19328.0,0.2387083972083025,0.2501664317606255,0.25,0.0625,6400000.0
1.0,1.0,2.0,3.0,7.0,4.0,223.0,512.0,0.049777517915640224,0.05405121197129903,0.0078125,0.25,6400000.0
1.0,1.0,2.0,3.0,7.0,4.0,223.0,512.0,0.049777517915640224,0.05405121197129903,0.0078125,0.00195312,6400000.0
1.0,4.0,8.0,1.0,1.0,1.0,543.0,32.0,-0.0030632107251067353,-0.0017650185808415486,0.03125,128.0,6400000.0
1.0,4.0,8.0,1.0,1.0,1.0,543.0,32.0,-0.0030632107251067353,-0.0017650185808415486,256.0,0.25,6400000.0
3.0,4.0,8.0,2.0,9.0,6.0,1295.0,576.0,0.10115259004895938,0.10346957106453547,0.25,64.0,6400000.0
4.0,4.0,8.0,9.0,213.0,124.0,8594.0,19328.0,0.23457377444249672,0.24669730968604253,0.5,0.5,6400000.0
4.0,4.0,8.0,9.0,221.0,124.0,8595.0,19328.0,0.24069079761390877,0.24753069545589057,0.125,0.0078125,6400000.0
4.0,4.0,8.0,2.0,26.0,16.0,2046.0,2048.0,0.14616338393281836,0.1501171985359251,32.0,4.0,6400000.0
3.0,4.0,8.0,2.0,9.0,6.0,1295.0,576.0,0.10115259004895938,0.10346957106453547,4.0,64.0,6400000.0
1.0,4.0,8.0,1.0,1.0,1.0,543.0,32.0,-0.0030632107251067353,-0.0017650185808415486,0.5,512.0,6400000.0
4.0,4.0,8.0,9.0,219.0,124.0,8528.0,19328.0,0.2377450153469053,0.24465538920505947,0.03125,0.125,6400000.0
1.0,4.0,8.0,1.0,1.0,1.0,543.0,32.0,-0.0030632107251067353,-0.0017650185808415486,0.0625,1024.0,6400000.0
4.0,4.0,8.0,3.0,173.0,121.0,7169.0,18848.0,0.19470411699569545,0.19941234695802523,8.0,0.25,6400000.0
1.0,4.0,8.0,1.0,1.0,1.0,543.0,32.0,-0.0030632107251067353,-0.0017650185808415486,0.125,8192.0,6400000.0
4.0,4.0,8.0,3.0,24.0,15.0,1941.0,1888.0,0.16336860696584554,0.16830274621810715,0.125,8.0,6400000.0
1.0,4.0,8.0,1.0,1.0,1.0,543.0,32.0,-0.0030632107251067353,-0.0017650185808415486,512.0,1024.0,6400000.0
4.0,4.0,8.0,9.0,229.0,124.0,8735.0,19328.0,0.2398338821252184,0.2510833057313653,0.5,0.0,6400000.0
4.0,4.0,8.0,2.0,34.0,24.0,2590.0,3328.0,0.1479085099634987,0.15350554704155794,16.0,1.0,6400000.0
1.0,4.0,8.0,1.0,1.0,1.0,543.0,32.0,-0.0030632107251067353,-0.0017650185808415486,128.0,0.0625,6400000.0
1.0,4.0,8.0,1.0,1.0,1.0,543.0,32.0,-0.0030632107251067353,-0.0017650185808415486,32.0,4096.0,6400000.0
4.0,4.0,8.0,3.0,196.0,124.0,7825.0,19328.0,0.19617119005195283,0.19916646299927998,8.0,0.0,6400000.0
1.0,4.0,8.0,1.0,1.0,1.0,543.0,32.0,-0.0030632107251067353,-0.0017650185808415486,8.0,256.0,6400000.0
4.0,4.0,8.0,3.0,16.0,10.0,1728.0,1088.0,0.14347181393305986,0.14672870433145024,2.0,16.0,6400000.0
4.0,4.0,8.0,3.0,37.0,25.0,2600.0,3488.0,0.17340590542924417,0.18066593129000108,1.0,4.0,6400000.0
1.0,1.0,2.0,1.0,1.0,1.0,39.0,32.0,-0.0030632107251067353,-0.0017650185808415486,0.0078125,4096.0,6400000.0
1.0,4.0,8.0,1.0,1.0,1.0,543.0,32.0,-0.0030632107251067353,-0.0017650185808415486,1024.0,0.0078125,6400000.0
1.0,4.0,8.0,1.0,1.0,1.0,543.0,32.0,-0.0030632107251067353,-0.0017650185808415486,1024.0,8.0,6400000.0
1.0,4.0,8.0,1.0,1.0,1.0,543.0,32.0,-0.0030632107251067353,-0.0017650185808415486,1.0,4096.0,6400000.0
1.0,4.0,8.0,1.0,1.0,1.0,543.0,32.0,-0.0030632107251067353,-0.0017650185808415486,16.0,1024.0,6400000.0
1.0,4.0,8.0,1.0,1.0,1.0,543.0,32.0,-0.0030632107251067353,-0.0017650185808415486,1024.0,8192.0,6400000.0
1.0,4.0,8.0,1.0,1.0,1.0,543.0,32.0,-0.0030632107251067353,-0.0017650185808415486,2.0,16384.0,6400000.0
4.0,4.0,8.0,2.0,170.0,124.0,7445.0,19328.0,0.14965014912972352,0.15266626837357256,64.0,0.03125,6400000.0
1.0,4.0,8.0,1.0,1.0,1.0,543.0,32.0,-0.0030632107251067353,-0.0017650185808415486,2048.0,0.0625,6400000.0
4.0,4.0,8.0,8.0,225.0,124.0,8657.0,19328.0,0.24130327056788303,0.2515399983169583,1.0,0.00390625,6400000.0
1.0,4.0,8.0,1.0,1.0,1.0,543.0,32.0,-0.0030632107251067353,-0.0017650185808415486,4096.0,0.0,6400000.0
1.0,4.0,8.0,1.0,1.0,1.0,543.0,32.0,-0.0030632107251067353,-0.0017650185808415486,128.0,64.0,6400000.0
1.0,4.0,8.0,1.0,1.0,1.0,543.0,32.0,-0.0030632107251067353,-0.0017650185808415486,256.0,256.0,6400000.0
1.0,1.0,2.0,2.0,3.0,2.0,112.0,192.0,0.03911015413878083,0.040912063041146696,0.0078125,32.0,6400000.0
1.0,4.0,8.0,1.0,1.0,1.0,543.0,32.0,-0.0030632107251067353,-0.0017650185808415486,2048.0,64.0,6400000.0
4.0,4.0,8.0,7.0,223.0,124.0,8624.0,19328.0,0.23840585360527977,0.25017046436678203,2.0,0.03125,6400000.0
1.0,4.0,8.0,1.0,1.0,1.0,543.0,32.0,-0.0030632107251067353,-0.0017650185808415486,4096.0,512.0,6400000.0
1.0,4.0,8.0,1.0,1.0,1.0,543.0,32.0,-0.0030632107251067353,-0.0017650185808415486,8192.0,4.0,6400000.0
1.0,4.0,8.0,1.0,1.0,1.0,543.0,32.0,-0.0030632107251067353,-0.0017650185808415486,8192.0,0.00390625,6400000.0
1.0,4.0,8.0,1.0,1.0,1.0,543.0,32.0,-0.0030632107251067353,-0.0017650185808415486,4096.0,0.5,6400000.0
1.0,4.0,8.0,1.0,1.0,1.0,543.0,32.0,-0.0030632107251067353,-0.0017650185808415486,512.0,0.00195312,6400000.0
4.0,4.0,8.0,2.0,175.0,124.0,7543.0,19328.0,0.1487478674363737,0.15211878045433502,16.0,0.00195312,6400000.0
4.0,4.0,8.0,3.0,185.0,124.0,7508.0,19328.0,0.1944355716355145,0.1991844295893943,4.0,0.125,6400000.0
1.0,4.0,8.0,1.0,1.0,1.0,543.0,32.0,-0.0030632107251067353,-0.0017650185808415486,8192.0,4096.0,6400000.0
4.0,4.0,8.0,2.0,12.0,8.0,1394.0,768.0,0.12309422409684001,0.12713646261942835,64.0,32.0,6400000.0
4.0,4.0,8.0,2.0,175.0,124.0,7481.0,19328.0,0.14870257881319038,0.15212561712867734,32.0,0.0078125,6400000.0
1.0,4.0,8.0,1.0,1.0,1.0,543.0,32.0,-0.0030632107251067353,-0.0017650185808415486,512.0,2.0,6400000.0
1.0,1.0,2.0,3.0,7.0,4.0,223.0,512.0,0.049777517915640224,0.05405121197129903,0.015625,0.03125,6400000.0
1.0,4.0,8.0,1.0,1.0,1.0,543.0,32.0,-0.0030632107251067353,-0.0017650185808415486,16384.0,32.0,6400000.0
1.0,4.0,8.0,1.0,1.0,1.0,543.0,32.0,-0.0030632107251067353,-0.0017650185808415486,64.0,16384.0,6400000.0
1.0,4.0,8.0,1.0,1.0,1.0,543.0,32.0,-0.0030632107251067353,-0.0017650185808415486,16384.0,32768.0,6400000.0
1.0,4.0,8.0,1.0,1.0,1.0,543.0,32.0,-0.0030632107251067353,-0.0017650185808415486,256.0,0.0,6400000.0
1.0,4.0,8.0,1.0,1.0,1.0,543.0,32.0,-0.0030632107251067353,-0.0017650185808415486,32768.0,0.25,6400000.0
1.0,1.0,2.0,3.0,7.0,4.0,223.0,512.0,0.049777517915640224,0.05405121197129903,0.0078125,0.5,6400000.0
1.0,4.0,8.0,1.0,1.0,1.0,543.0,32.0,-0.0030632107251067353,-0.0017650185808415486,16384.0,0.03125,6400000.0
1.0,4.0,8.0,1.0,1.0,1.0,543.0,32.0,-0.0030632107251067353,-0.0017650185808415486,256.0,0.5,6400000.0
8.0,8.0,1.0,2.0,22.0,16.0,654.0,1536.0,0.184803559555608,0.19082719424152972,0.0,2.0,6400000.0
8.0,8.0,1.0,2.0,22.0,16.0,654.0,1536.0,0.184803559555608,0.19082719424152972,0.0,0.00195312,6400000.0
1.0,4.0,8.0,1.0,1.0,1.0,543.0,32.0,-0.0030632107251067353,-0.0017650185808415486,32768.0,256.0,6400000.0
1.0,8.0,1.0,1.0,1.0,1.0,35.0,32.0,-0.0030632107251067353,-0.0017650185808415486,0.0,2048.0,6400000.0
1.0,4.0,8.0,1.0,1.0,1.0,543.0,32.0,-0.0030632107251067353,-0.0017650185808415486,4.0,128.0,6400000.0
4.0,4.0,8.0,2.0,19.0,12.0,1797.0,1408.0,0.14196947312511288,0.1453711613961719,32.0,8.0,6400000.0
4.0,4.0,8.0,3.0,98.0,67.0,4902.0,10208.0,0.1900603139128939,0.19673450629343525,8.0,0.5,6400000.0
4.0,4.0,8.0,3.0,31.0,19.0,2448.0,2528.0,0.15711579509675444,0.16131026941180215,16.0,2.0,6400000.0
8.0,8.0,1.0,2.0,22.0,16.0,654.0,1536.0,0.184803559555608,0.19082719424152972,0.000976562,16.0,6400000.0
8.0,8.0,1.0,2.0,22.0,16.0,654.0,1536.0,0.184803559555608,0.19082719424152972,0.000976562,0.015625,6400000.0
1.0,4.0,8.0,1.0,1.0,1.0,543.0,32.0,-0.0030632107251067353,-0.0017650185808415486,512.0,2048.0,6400000.0
1.0,4.0,8.0,1.0,1.0,1.0,543.0,32.0,-0.0030632107251067353,-0.0017650185808415486,128.0,0.125,6400000.0
1.0,4.0,8.0,1.0,1.0,1.0,543.0,32.0,-0.0030632107251067353,-0.0017650185808415486,32.0,8192.0,6400000.0
1.0,1.0,2.0,2.0,3.0,2.0,112.0,192.0,0.03911015413878083,0.040912063041146696,0.015625,32.0,6400000.0
4.0,4.0,8.0,3.0,196.0,124.0,7825.0,19328.0,0.19617119005195283,0.19916646299927998,8.0,0.000976562,6400000.0
1.0,8.0,1.0,1.0,1.0,1.0,35.0,32.0,-0.0030632107251067353,-0.0017650185808415486,0.00195312,128.0,6400000.0
8.0,8.0,1.0,2.0,22.0,16.0,654.0,1536.0,0.184803559555608,0.19082719424152972,0.00390625,0.000976562,6400000.0
8.0,8.0,1.0,2.0,22.0,16.0,654.0,1536.0,0.184803559555608,0.19082719424152972,0.00390625,1.0,6400000.0
1.0,4.0,8.0,1.0,1.0,1.0,543.0,32.0,-0.0030632107251067353,-0.0017650185808415486,8.0,512.0,6400000.0
8.0,8.0,1.0,2.0,22.0,16.0,654.0,1536.0,0.184803559555608,0.19082719424152972,0.00195312,0.125,6400000.0
1.0,8.0,1.0,1.0,1.0,1.0,35.0,32.0,-0.0030632107251067353,-0.0017650185808415486,0.000976562,16384.0,6400000.0
4.0,4.0,8.0,2.0,12.0,8.0,1394.0,768.0,0.12309422409684001,0.12713646261942835,2.0,32.0,6400000.0
1.0,4.0,8.0,1.0,1.0,1.0,543.0,32.0,-0.0030632107251067353,-0.0017650185808415486,1024.0,0.015625,6400000.0
1.0,1.0,2.0,1.0,1.0,1.0,39.0,32.0,-0.0030632107251067353,-0.0017650185808415486,0.0078125,8192.0,6400000.0
1.0,4.0,8.0,1.0,1.0,1.0,543.0,32.0,-0.0030632107251067353,-0.0017650185808415486,16.0,2048.0,6400000.0
1.0,8.0,1.0,1.0,1.0,1.0,35.0,32.0,-0.0030632107251067353,-0.0017650185808415486,0.00390625,1024.0,6400000.0
1.0,4.0,8.0,1.0,1.0,1.0,543.0,32.0,-0.0030632107251067353,-0.0017650185808415486,1024.0,16.0,6400000.0
1.0,4.0,8.0,1.0,1.0,1.0,543.0,32.0,-0.0030632107251067353,-0.0017650185808415486,2.0,32768.0,6400000.0
1.0,4.0,8.0,1.0,1.0,1.0,543.0,32.0,-0.0030632107251067353,-0.0017650185808415486,1024.0,16384.0,6400000.0
1.0,4.0,8.0,1.0,1.0,1.0,543.0,32.0,-0.0030632107251067353,-0.0017650185808415486,2048.0,0.125,6400000.0
4.0,4.0,8.0,2.0,172.0,124.0,7478.0,19328.0,0.1499666760002153,0.15243573449517145,64.0,0.0625,6400000.0
1.0,4.0,8.0,1.0,1.0,1.0,543.0,32.0,-0.0030632107251067353,-0.0017650185808415486,4096.0,0.000976562,6400000.0
1.0,4.0,8.0,1.0,1.0,1.0,543.0,32.0,-0.0030632107251067353,-0.0017650185808415486,256.0,512.0,6400000.0
8.0,8.0,1.0,2.0,22.0,16.0,654.0,1536.0,0.184803559555608,0.19082719424152972,0.0078125,0.0078125,6400000.0
1.0,1.0,2.0,2.0,3.0,2.0,112.0,192.0,0.03911015413878083,0.040912063041146696,0.0078125,64.0,6400000.0
1.0,4.0,8.0,1.0,1.0,1.0,543.0,32.0,-0.0030632107251067353,-0.0017650185808415486,128.0,128.0,6400000.0
1.0,4.0,8.0,1.0,1.0,1.0,543.0,32.0,-0.0030632107251067353,-0.0017650185808415486,8192.0,8.0,6400000.0
1.0,4.0,8.0,1.0,1.0,1.0,543.0,32.0,-0.0030632107251067353,-0.0017650185808415486,4096.0,1024.0,6400000.0
1.0,4.0,8.0,1.0,1.0,1.0,543.0,32.0,-0.0030632107251067353,-0.0017650185808415486,2048.0,128.0,6400000.0
1.0,8.0,1.0,1.0,1.0,1.0,35.0,32.0,-0.0030632107251067353,-0.0017650185808415486,0.0078125,8192.0,6400000.0
8.0,8.0,1.0,2.0,22.0,16.0,654.0,1536.0,0.184803559555608,0.19082719424152972,0.0078125,8.0,6400000.0
1.0,4.0,8.0,1.0,1.0,1.0,543.0,32.0,-0.0030632107251067353,-0.0017650185808415486,8192.0,0.0078125,6400000.0
1.0,4.0,8.0,1.0,1.0,1.0,543.0,32.0,-0.0030632107251067353,-0.0017650185808415486,4096.0,1.0,6400000.0
4.0,4.0,8.0,2.0,175.0,124.0,7512.0,19328.0,0.14864731118439067,0.15215052266794116,16.0,0.00390625,6400000.0
1.0,4.0,8.0,1.0,1.0,1.0,543.0,32.0,-0.0030632107251067353,-0.0017650185808415486,8192.0,8192.0,6400000.0
4.0,4.0,8.0,3.0,173.0,121.0,7169.0,18848.0,0.19470411699569545,0.19941234695802523,4.0,0.25,6400000.0
1.0,4.0,8.0,1.0,1.0,1.0,543.0,32.0,-0.0030632107251067353,-0.0017650185808415486,512.0,0.00390625,6400000.0
1.0,4.0,8.0,1.0,1.0,1.0,543.0,32.0,-0.0030632107251067353,-0.0017650185808415486,64.0,64.0,6400000.0
4.0,4.0,8.0,2.0,174.0,124.0,7480.0,19328.0,0.14854715050151102,0.152314290572223,32.0,0.015625,6400000.0
1.0,4.0,8.0,1.0,1.0,1.0,543.0,32.0,-0.0030632107251067353,-0.0017650185808415486,512.0,4.0,6400000.0
1.0,1.0,2.0,3.0,7.0,4.0,223.0,512.0,0.049777517915640224,0.05405121197129903,0.015625,0.0625,6400000.0
1.0,4.0,8.0,1.0,1.0,1.0,543.0,32.0,-0.0030632107251067353,-0.0017650185808415486,64.0,32768.0,6400000.0
1.0,4.0,8.0,1.0,1.0,1.0,543.0,32.0,-0.0030632107251067353,-0.0017650185808415486,32768.0,0.0,6400000.0
1.0,4.0,8.0,1.0,1.0,1.0,543.0,32.0,-0.0030632107251067353,-0.0017650185808415486,16384.0,0.0625,6400000.0
1.0,4.0,8.0,1.0,1.0,1.0,543.0,32.0,-0.0030632107251067353,-0.0017650185808415486,32768.0,0.5,6400000.0
1.0,4.0,8.0,1.0,1.0,1.0,543.0,32.0,-0.0030632107251067353,-0.0017650185808415486,32768.0,512.0,6400000.0
1.0,4.0,8.0,1.0,1.0,1.0,543.0,32.0,-0.0030632107251067353,-0.0017650185808415486,256.0,0.000976562,6400000.0
1.0,4.0,8.0,1.0,1.0,1.0,543.0,32.0,-0.0030632107251067353,-0.0017650185808415486,16384.0,64.0,6400000.0
1.0,4.0,8.0,1.0,1.0,1.0,543.0,32.0,-0.0030632107251067353,-0.0017650185808415486,256.0,1.0,6400000.0
8.0,8.0,1.0,2.0,22.0,16.0,654.0,1536.0,0.184803559555608,0.19082719424152972,0.0,0.00390625,6400000.0
1.0,1.0,2.0,3.0,7.0,4.0,223.0,512.0,0.049777517915640224,0.05405121197129903,0.0078125,1.0,6400000.0
8.0,8.0,1.0,2.0,22.0,16.0,654.0,1536.0,0.184803559555608,0.19082719424152972,0.0,4.0,6400000.0
1.0,4.0,8.0,1.0,1.0,1.0,543.0,32.0,-0.0030632107251067353,-0.0017650185808415486,4.0,256.0,6400000.0
1.0,4.0,8.0,1.0,1.0,1.0,543.0,32.0,-0.0030632107251067353,-0.0017650185808415486,512.0,4096.0,6400000.0
8.0,8.0,1.0,2.0,22.0,16.0,654.0,1536.0,0.184803559555608,0.19082719424152972,0.000976562,32.0,6400000.0
1.0,1.0,2.0,2.0,3.0,2.0,112.0,192.0,0.03911015413878083,0.040912063041146696,0.015625,64.0,6400000.0
4.0,4.0,8.0,3.0,27.0,17.0,2346.0,2208.0,0.15367033704528055,0.15885870868263074,16.0,4.0,6400000.0
8.0,8.0,1.0,2.0,22.0,16.0,654.0,1536.0,0.184803559555608,0.19082719424152972,0.00390625,0.00195312,6400000.0
1.0,8.0,1.0,1.0,1.0,1.0,35.0,32.0,-0.0030632107251067353,-0.0017650185808415486,0.00195312,256.0,6400000.0
4.0,4.0,8.0,3.0,196.0,124.0,7825.0,19328.0,0.19617119005195283,0.19916646299927998,8.0,0.00195312,6400000.0
4.0,4.0,8.0,3.0,64.0,45.0,3684.0,6688.0,0.185225897617453,0.19255710086342004,8.0,1.0,6400000.0
4.0,4.0,8.0,2.0,12.0,8.0,1394.0,768.0,0.12309422409684001,0.12713646261942835,32.0,16.0,6400000.0
1.0,4.0,8.0,1.0,1.0,1.0,543.0,32.0,-0.0030632107251067353,-0.0017650185808415486,32.0,16384.0,6400000.0
1.0,4.0,8.0,1.0,1.0,1.0,543.0,32.0,-0.0030632107251067353,-0.0017650185808415486,128.0,0.25,6400000.0
8.0,8.0,1.0,2.0,22.0,16.0,654.0,1536.0,0.184803559555608,0.19082719424152972,0.000976562,0.03125,6400000.0
1.0,8.0,1.0,1.0,1.0,1.0,35.0,32.0,-0.0030632107251067353,-0.0017650185808415486,0.0,4096.0,6400000.0
1.0,8.0,1.0,1.0,1.0,1.0,35.0,32.0,-0.0030632107251067353,-0.0017650185808415486,0.000976562,32768.0,6400000.0
1.0,4.0,8.0,1.0,1.0,1.0,543.0,32.0,-0.0030632107251067353,-0.0017650185808415486,8.0,1024.0,6400000.0
8.0,8.0,1.0,2.0,22.0,16.0,654.0,1536.0,0.184803559555608,0.19082719424152972,0.00195312,0.25,6400000.0
8.0,8.0,1.0,2.0,22.0,16.0,654.0,1536.0,0.184803559555608,0.19082719424152972,0.00390625,2.0,6400000.0
8.0,8.0,1.0,2.0,22.0,16.0,654.0,1536.0,0.184803559555608,0.19082719424152972,0.015625,0.0625,6400000.0
1.0,4.0,8.0,1.0,1.0,1.0,543.0,32.0,-0.0030632107251067353,-0.0017650185808415486,1024.0,0.03125,6400000.0
1.0,4.0,8.0,1.0,1.0,1.0,543.0,32.0,-0.0030632107251067353,-0.0017650185808415486,16.0,4096.0,6400000.0
1.0,1.0,2.0,1.0,1.0,1.0,39.0,32.0,-0.0030632107251067353,-0.0017650185808415486,0.0078125,16384.0,6400000.0
1.0,4.0,8.0,1.0,1.0,1.0,543.0,32.0,-0.0030632107251067353,-0.0017650185808415486,1024.0,32.0,6400000.0
4.0,4.0,8.0,2.0,105.0,76.0,5345.0,11648.0,0.14740588952096212,0.15317741303821275,64.0,0.125,6400000.0
1.0,8.0,1.0,1.0,1.0,1.0,35.0,32.0,-0.0030632107251067353,-0.0017650185808415486,0.00390625,2048.0,6400000.0
1.0,4.0,8.0,1.0,1.0,1.0,543.0,32.0,-0.0030632107251067353,-0.0017650185808415486,1024.0,32768.0,6400000.0
1.0,4.0,8.0,1.0,1.0,1.0,543.0,32.0,-0.0030632107251067353,-0.0017650185808415486,4096.0,0.00195312,6400000.0
1.0,4.0,8.0,1.0,1.0,1.0,543.0,32.0,-0.0030632107251067353,-0.0017650185808415486,256.0,1024.0,6400000.0
1.0,4.0,8.0,1.0,1.0,1.0,543.0,32.0,-0.0030632107251067353,-0.0017650185808415486,2048.0,0.25,6400000.0
1.0,1.0,2.0,1.0,1.0,1.0,39.0,32.0,-0.0030632107251067353,-0.0017650185808415486,0.015625,32768.0,6400000.0
8.0,8.0,1.0,2.0,22.0,16.0,654.0,1536.0,0.184803559555608,0.19082719424152972,0.0078125,0.015625,6400000.0
1.0,4.0,8.0,1.0,1.0,1.0,543.0,32.0,-0.0030632107251067353,-0.0017650185808415486,128.0,256.0,6400000.0
1.0,1.0,2.0,1.0,1.0,1.0,39.0,32.0,-0.0030632107251067353,-0.0017650185808415486,0.0078125,128.0,6400000.0
4.0,4.0,8.0,2.0,175.0,124.0,7481.0,19328.0,0.14870257881319038,0.15212561712867734,16.0,0.0078125,6400000.0
1.0,4.0,8.0,1.0,1.0,1.0,543.0,32.0,-0.0030632107251067353,-0.0017650185808415486,4096.0,2.0,6400000.0
1.0,4.0,8.0,1.0,1.0,1.0,543.0,32.0,-0.0030632107251067353,-0.0017650185808415486,4096.0,2048.0,6400000.0
1.0,4.0,8.0,1.0,1.0,1.0,543.0,32.0,-0.0030632107251067353,-0.0017650185808415486,2048.0,256.0,6400000.0
1.0,8.0,1.0,1.0,1.0,1.0,35.0,32.0,-0.0030632107251067353,-0.0017650185808415486,0.0078125,16384.0,6400000.0
1.0,4.0,8.0,1.0,1.0,1.0,543.0,32.0,-0.0030632107251067353,-0.0017650185808415486,8192.0,0.015625,6400000.0
1.0,4.0,8.0,1.0,1.0,1.0,543.0,32.0,-0.0030632107251067353,-0.0017650185808415486,8192.0,16.0,6400000.0
8.0,8.0,1.0,2.0,22.0,16.0,654.0,1536.0,0.184803559555608,0.19082719424152972,0.0078125,16.0,6400000.0
1.0,4.0,8.0,1.0,1.0,1.0,543.0,32.0,-0.0030632107251067353,-0.0017650185808415486,512.0,0.0078125,6400000.0
1.0,4.0,8.0,1.0,1.0,1.0,543.0,32.0,-0.0030632107251067353,-0.0017650185808415486,8192.0,16384.0,6400000.0
3.0,8.0,1.0,2.0,9.0,6.0,279.0,576.0,0.10115259004895938,0.10346957106453547,0.015625,64.0,6400000.0
1.0,4.0,8.0,1.0,1.0,1.0,543.0,32.0,-0.0030632107251067353,-0.0017650185808415486,64.0,128.0,6400000.0
4.0,4.0,8.0,2.0,170.0,124.0,7445.0,19328.0,0.14965014912972352,0.15266626837357256,32.0,0.03125,6400000.0
1.0,4.0,8.0,1.0,1.0,1.0,543.0,32.0,-0.0030632107251067353,-0.0017650185808415486,512.0,8.0,6400000.0
1.0,4.0,8.0,1.0,1.0,1.0,543.0,32.0,-0.0030632107251067353,-0.0017650185808415486,128.0,0.0,6400000.0
1.0,1.0,2.0,3.0,7.0,4.0,223.0,512.0,0.049777517915640224,0.05405121197129903,0.015625,0.125,6400000.0
1.0,4.0,8.0,1.0,1.0,1.0,543.0,32.0,-0.0030632107251067353,-0.0017650185808415486,32768.0,0.000976562,6400000.0
1.0,4.0,8.0,1.0,1.0,1.0,543.0,32.0,-0.0030632107251067353,-0.0017650185808415486,16384.0,128.0,6400000.0
1.0,4.0,8.0,1.0,1.0,1.0,543.0,32.0,-0.0030632107251067353,-0.0017650185808415486,32768.0,1.0,6400000.0
1.0,4.0,8.0,1.0,1.0,1.0,543.0,32.0,-0.0030632107251067353,-0.0017650185808415486,32768.0,1024.0,6400000.0
1.0,4.0,8.0,1.0,1.0,1.0,543.0,32.0,-0.0030632107251067353,-0.0017650185808415486,16384.0,0.125,6400000.0
1.0,4.0,8.0,1.0,1.0,1.0,543.0,32.0,-0.0030632107251067353,-0.0017650185808415486,256.0,0.00195312,6400000.0
8.0,8.0,1.0,2.0,22.0,16.0,654.0,1536.0,0.184803559555608,0.19082719424152972,0.0,0.0078125,6400000.0
1.0,4.0,8.0,1.0,1.0,1.0,543.0,32.0,-0.0030632107251067353,-0.0017650185808415486,256.0,2.0,6400000.0
8.0,8.0,1.0,2.0,22.0,16.0,654.0,1536.0,0.184803559555608,0.19082719424152972,0.0,8.0,6400000.0
1.0,4.0,8.0,1.0,1.0,1.0,543.0,32.0,-0.0030632107251067353,-0.0017650185808415486,512.0,8192.0,6400000.0
1.0,1.0,2.0,3.0,7.0,4.0,223.0,512.0,0.049777517915640224,0.05405121197129903,0.0078125,2.0,6400000.0
1.0,1.0,2.0,1.0,1.0,1.0,39.0,32.0,-0.0030632107251067353,-0.0017650185808415486,0.015625,128.0,6400000.0
4.0,4.0,8.0,2.0,12.0,8.0,1394.0,768.0,0.12309422409684001,0.12713646261942835,32.0,32.0,6400000.0
1.0,8.0,1.0,1.0,1.0,1.0,35.0,32.0,-0.0030632107251067353,-0.0017650185808415486,0.00195312,512.0,6400000.0
8.0,8.0,1.0,2.0,22.0,16.0,654.0,1536.0,0.184803559555608,0.19082719424152972,0.00390625,0.00390625,6400000.0
8.0,8.0,1.0,2.0,22.0,16.0,654.0,1536.0,0.184803559555608,0.19082719424152972,0.03125,0.0,6400000.0
4.0,4.0,8.0,2.0,19.0,12.0,1797.0,1408.0,0.14196947312511288,0.1453711613961719,16.0,8.0,6400000.0
3.0,8.0,1.0,2.0,9.0,6.0,279.0,576.0,0.10115259004895938,0.10346957106453547,0.000976562,64.0,6400000.0
1.0,8.0,1.0,1.0,1.0,1.0,35.0,32.0,-0.0030632107251067353,-0.0017650185808415486,0.0,8192.0,6400000.0
4.0,4.0,8.0,3.0,44.0,30.0,2813.0,4288.0,0.17788879792339474,0.18842020046479802,8.0,2.0,6400000.0
8.0,8.0,1.0,2.0,22.0,16.0,654.0,1536.0,0.184803559555608,0.19082719424152972,0.03125,0.5,6400000.0
1.0,4.0,8.0,1.0,1.0,1.0,543.0,32.0,-0.0030632107251067353,-0.0017650185808415486,32.0,32768.0,6400000.0
8.0,8.0,1.0,2.0,22.0,16.0,654.0,1536.0,0.184803559555608,0.19082719424152972,0.00195312,0.0,6400000.0
1.0,4.0,8.0,1.0,1.0,1.0,543.0,32.0,-0.0030632107251067353,-0.0017650185808415486,128.0,0.5,6400000.0
1.0,4.0,8.0,1.0,1.0,1.0,543.0,32.0,-0.0030632107251067353,-0.0017650185808415486,8.0,2048.0,6400000.0
8.0,8.0,1.0,2.0,22.0,16.0,654.0,1536.0,0.184803559555608,0.19082719424152972,0.000976562,0.0625,6400000.0
8.0,8.0,1.0,2.0,22.0,16.0,654.0,1536.0,0.184803559555608,0.19082719424152972,0.00195312,0.5,6400000.0
8.0,8.0,1.0,2.0,22.0,16.0,654.0,1536.0,0.184803559555608,0.19082719424152972,0.00390625,4.0,6400000.0
8.0,8.0,1.0,2.0,22.0,16.0,654.0,1536.0,0.184803559555608,0.19082719424152972,0.015625,0.125,6400000.0
1.0,4.0,8.0,1.0,1.0,1.0,543.0,32.0,-0.0030632107251067353,-0.0017650185808415486,16.0,8192.0,6400000.0
1.0,1.0,2.0,1.0,1.0,1.0,39.0,32.0,-0.0030632107251067353,-0.0017650185808415486,0.0078125,32768.0,6400000.0
1.0,4.0,8.0,1.0,1.0,1.0,543.0,32.0,-0.0030632107251067353,-0.0017650185808415486,1024.0,0.0625,6400000.0
1.0,4.0,8.0,1.0,1.0,1.0,543.0,32.0,-0.0030632107251067353,-0.0017650185808415486,4096.0,0.00390625,6400000.0
1.0,4.0,8.0,1.0,1.0,1.0,543.0,32.0,-0.0030632107251067353,-0.0017650185808415486,1024.0,64.0,6400000.0
1.0,4.0,8.0,1.0,1.0,1.0,543.0,32.0,-0.0030632107251067353,-0.0017650185808415486,2048.0,0.0,6400000.0
1.0,8.0,1.0,1.0,1.0,1.0,35.0,32.0,-0.0030632107251067353,-0.0017650185808415486,0.00390625,4096.0,6400000.0
1.0,1.0,2.0,3.0,7.0,4.0,223.0,512.0,0.049777517915640224,0.05405121197129903,0.03125,0.0,6400000.0
4.0,4.0,8.0,2.0,71.0,53.0,4041.0,7968.0,0.1483335136539844,0.1526904030239754,64.0,0.25,6400000.0
1.0,4.0,8.0,1.0,1.0,1.0,543.0,32.0,-0.0030632107251067353,-0.0017650185808415486,256.0,2048.0,6400000.0
1.0,4.0,8.0,1.0,1.0,1.0,543.0,32.0,-0.0030632107251067353,-0.0017650185808415486,2048.0,0.5,6400000.0
8.0,8.0,1.0,2.0,22.0,16.0,654.0,1536.0,0.184803559555608,0.19082719424152972,0.0078125,0.03125,6400000.0
1.0,1.0,2.0,1.0,1.0,1.0,39.0,32.0,-0.0030632107251067353,-0.0017650185808415486,0.0078125,256.0,6400000.0
1.0,4.0,8.0,1.0,1.0,1.0,543.0,32.0,-0.0030632107251067353,-0.0017650185808415486,128.0,512.0,6400000.0
1.0,4.0,8.0,1.0,1.0,1.0,543.0,32.0,-0.0030632107251067353,-0.0017650185808415486,4096.0,4.0,6400000.0
1.0,8.0,1.0,1.0,1.0,1.0,35.0,32.0,-0.0030632107251067353,-0.0017650185808415486,0.0078125,32768.0,6400000.0
1.0,4.0,8.0,1.0,1.0,1.0,543.0,32.0,-0.0030632107251067353,-0.0017650185808415486,4096.0,4096.0,6400000.0
4.0,4.0,8.0,2.0,174.0,124.0,7480.0,19328.0,0.14854715050151102,0.152314290572223,16.0,0.015625,6400000.0
1.0,4.0,8.0,1.0,1.0,1.0,543.0,32.0,-0.0030632107251067353,-0.0017650185808415486,8192.0,0.03125,6400000.0
1.0,4.0,8.0,1.0,1.0,1.0,543.0,32.0,-0.0030632107251067353,-0.0017650185808415486,2048.0,512.0,6400000.0
8.0,8.0,1.0,2.0,22.0,16.0,654.0,1536.0,0.184803559555608,0.19082719424152972,0.0078125,32.0,6400000.0
1.0,8.0,1.0,1.0,1.0,1.0,35.0,32.0,-0.0030632107251067353,-0.0017650185808415486,0.015625,128.0,6400000.0
1.0,4.0,8.0,1.0,1.0,1.0,543.0,32.0,-0.0030632107251067353,-0.0017650185808415486,512.0,0.015625,6400000.0
1.0,4.0,8.0,1.0,1.0,1.0,543.0,32.0,-0.0030632107251067353,-0.0017650185808415486,8192.0,32.0,6400000.0
1.0,4.0,8.0,1.0,1.0,1.0,543.0,32.0,-0.0030632107251067353,-0.0017650185808415486,64.0,256.0,6400000.0
1.0,4.0,8.0,1.0,1.0,1.0,543.0,32.0,-0.0030632107251067353,-0.0017650185808415486,8192.0,32768.0,6400000.0
1.0,4.0,8.0,1.0,1.0,1.0,543.0,32.0,-0.0030632107251067353,-0.0017650185808415486,512.0,16.0,6400000.0
4.0,4.0,8.0,2.0,172.0,124.0,7478.0,19328.0,0.1499666760002153,0.15243573449517145,32.0,0.0625,6400000.0
1.0,4.0,8.0,1.0,1.0,1.0,543.0,32.0,-0.0030632107251067353,-0.0017650185808415486,128.0,0.000976562,6400000.0
1.0,1.0,2.0,3.0,7.0,4.0,223.0,512.0,0.049777517915640224,0.05405121197129903,0.015625,0.25,6400000.0
1.0,4.0,8.0,1.0,1.0,1.0,543.0,32.0,-0.0030632107251067353,-0.0017650185808415486,32768.0,0.00195312,6400000.0
1.0,4.0,8.0,1.0,1.0,1.0,543.0,32.0,-0.0030632107251067353,-0.0017650185808415486,16384.0,256.0,6400000.0
1.0,4.0,8.0,1.0,1.0,1.0,543.0,32.0,-0.0030632107251067353,-0.0017650185808415486,32768.0,2.0,6400000.0
1.0,4.0,8.0,1.0,1.0,1.0,543.0,32.0,-0.0030632107251067353,-0.0017650185808415486,32768.0,2048.0,6400000.0
1.0,4.0,8.0,1.0,1.0,1.0,543.0,32.0,-0.0030632107251067353,-0.0017650185808415486,16384.0,0.25,6400000.0
8.0,8.0,1.0,2.0,22.0,16.0,654.0,1536.0,0.184803559555608,0.19082719424152972,0.0,0.015625,6400000.0
1.0,4.0,8.0,1.0,1.0,1.0,543.0,32.0,-0.0030632107251067353,-0.0017650185808415486,256.0,4.0,6400000.0
1.0,4.0,8.0,1.0,1.0,1.0,543.0,32.0,-0.0030632107251067353,-0.0017650185808415486,256.0,0.00390625,6400000.0
8.0,8.0,1.0,2.0,22.0,16.0,654.0,1536.0,0.184803559555608,0.19082719424152972,0.0,16.0,6400000.0
1.0,4.0,8.0,1.0,1.0,1.0,543.0,32.0,-0.0030632107251067353,-0.0017650185808415486,512.0,16384.0,6400000.0
1.0,1.0,2.0,1.0,1.0,1.0,39.0,32.0,-0.0030632107251067353,-0.0017650185808415486,0.015625,256.0,6400000.0
1.0,8.0,1.0,1.0,1.0,1.0,35.0,32.0,-0.0030632107251067353,-0.0017650185808415486,0.03125,512.0,6400000.0
8.0,8.0,1.0,2.0,22.0,16.0,654.0,1536.0,0.184803559555608,0.19082719424152972,0.03125,1.0,6400000.0
8.0,8.0,1.0,2.0,22.0,16.0,654.0,1536.0,0.184803559555608,0.19082719424152972,0.03125,0.000976562,6400000.0
1.0,8.0,1.0,1.0,1.0,1.0,35.0,32.0,-0.0030632107251067353,-0.0017650185808415486,0.00195312,1024.0,6400000.0
3.0,4.0,8.0,2.0,9.0,6.0,1295.0,576.0,0.10115259004895938,0.10346957106453547,32.0,64.0,6400000.0
4.0,4.0,8.0,2.0,12.0,8.0,1394.0,768.0,0.12309422409684001,0.12713646261942835,16.0,16.0,6400000.0
1.0,8.0,1.0,1.0,1.0,1.0,35.0,32.0,-0.0030632107251067353,-0.0017650185808415486,0.000976562,128.0,6400000.0
4.0,4.0,8.0,2.0,179.0,124.0,7547.0,19328.0,0.14839210407998427,0.15188372251411641,64.0,0.0,6400000.0
1.0,8.0,1.0,1.0,1.0,1.0,35.0,32.0,-0.0030632107251067353,-0.0017650185808415486,0.0,16384.0,6400000.0
8.0,8.0,1.0,2.0,22.0,16.0,654.0,1536.0,0.184803559555608,0.19082719424152972,0.00390625,0.0078125,6400000.0
1.0,4.0,8.0,1.0,1.0,1.0,543.0,32.0,-0.0030632107251067353,-0.0017650185808415486,128.0,1.0,6400000.0
8.0,8.0,1.0,2.0,22.0,16.0,654.0,1536.0,0.184803559555608,0.19082719424152972,0.0625,0.00390625,6400000.0
8.0,8.0,1.0,2.0,22.0,16.0,654.0,1536.0,0.184803559555608,0.19082719424152972,0.00195312,0.000976562,6400000.0
8.0,8.0,1.0,2.0,22.0,16.0,654.0,1536.0,0.184803559555608,0.19082719424152972,0.00390625,8.0,6400000.0
8.0,8.0,1.0,2.0,22.0,16.0,654.0,1536.0,0.184803559555608,0.19082719424152972,0.00195312,1.0,6400000.0
8.0,8.0,1.0,2.0,22.0,16.0,654.0,1536.0,0.184803559555608,0.19082719424152972,0.000976562,0.125,6400000.0
1.0,4.0,8.0,1.0,1.0,1.0,543.0,32.0,-0.0030632107251067353,-0.0017650185808415486,1024.0,0.125,6400000.0
8.0,8.0,1.0,2.0,22.0,16.0,654.0,1536.0,0.184803559555608,0.19082719424152972,0.0625,4.0,6400000.0
1.0,4.0,8.0,1.0,1.0,1.0,543.0,32.0,-0.0030632107251067353,-0.0017650185808415486,16.0,16384.0,6400000.0
1.0,1.0,2.0,3.0,7.0,4.0,223.0,512.0,0.049777517915640224,0.05405121197129903,0.015625,0.0,6400000.0
8.0,8.0,1.0,2.0,22.0,16.0,654.0,1536.0,0.184803559555608,0.19082719424152972,0.015625,0.25,6400000.0
1.0,1.0,2.0,3.0,7.0,4.0,223.0,512.0,0.049777517915640224,0.05405121197129903,0.03125,0.000976562,6400000.0
1.0,4.0,8.0,1.0,1.0,1.0,543.0,32.0,-0.0030632107251067353,-0.0017650185808415486,256.0,4096.0,6400000.0
1.0,4.0,8.0,1.0,1.0,1.0,543.0,32.0,-0.0030632107251067353,-0.0017650185808415486,1024.0,128.0,6400000.0
1.0,4.0,8.0,1.0,1.0,1.0,543.0,32.0,-0.0030632107251067353,-0.0017650185808415486,4096.0,0.0078125,6400000.0
1.0,4.0,8.0,1.0,1.0,1.0,543.0,32.0,-0.0030632107251067353,-0.0017650185808415486,2048.0,0.000976562,6400000.0
1.0,8.0,1.0,1.0,1.0,1.0,35.0,32.0,-0.0030632107251067353,-0.0017650185808415486,0.00390625,8192.0,6400000.0
4.0,4.0,8.0,2.0,40.0,29.0,2802.0,4128.0,0.14846306784344399,0.15380461663905265,64.0,0.5,6400000.0
1.0,4.0,8.0,1.0,1.0,1.0,543.0,32.0,-0.0030632107251067353,-0.0017650185808415486,2048.0,1.0,6400000.0
8.0,8.0,1.0,2.0,22.0,16.0,654.0,1536.0,0.184803559555608,0.19082719424152972,0.0078125,0.0625,6400000.0
1.0,4.0,8.0,1.0,1.0,1.0,543.0,32.0,-0.0030632107251067353,-0.0017650185808415486,4096.0,8192.0,6400000.0
1.0,4.0,8.0,1.0,1.0,1.0,543.0,32.0,-0.0030632107251067353,-0.0017650185808415486,128.0,1024.0,6400000.0
1.0,1.0,2.0,1.0,1.0,1.0,39.0,32.0,-0.0030632107251067353,-0.0017650185808415486,0.0078125,512.0,6400000.0
8.0,8.0,1.0,2.0,22.0,16.0,654.0,1536.0,0.184803559555608,0.19082719424152972,0.015625,0.0,6400000.0
1.0,4.0,8.0,1.0,1.0,1.0,543.0,32.0,-0.0030632107251067353,-0.0017650185808415486,4096.0,8.0,6400000.0
1.0,4.0,8.0,1.0,1.0,1.0,543.0,32.0,-0.0030632107251067353,-0.0017650185808415486,2048.0,1024.0,6400000.0
3.0,8.0,1.0,2.0,9.0,6.0,279.0,576.0,0.10115259004895938,0.10346957106453547,0.0078125,64.0,6400000.0
1.0,4.0,8.0,1.0,1.0,1.0,543.0,32.0,-0.0030632107251067353,-0.0017650185808415486,8192.0,0.0625,6400000.0
1.0,4.0,8.0,1.0,1.0,1.0,543.0,32.0,-0.0030632107251067353,-0.0017650185808415486,512.0,0.03125,6400000.0
1.0,4.0,8.0,1.0,1.0,1.0,543.0,32.0,-0.0030632107251067353,-0.0017650185808415486,16384.0,0.0,6400000.0
1.0,8.0,1.0,1.0,1.0,1.0,35.0,32.0,-0.0030632107251067353,-0.0017650185808415486,0.015625,256.0,6400000.0
1.0,8.0,1.0,1.0,1.0,1.0,35.0,32.0,-0.0030632107251067353,-0.0017650185808415486,0.0625,4096.0,6400000.0
1.0,4.0,8.0,1.0,1.0,1.0,543.0,32.0,-0.0030632107251067353,-0.0017650185808415486,8192.0,64.0,6400000.0
1.0,4.0,8.0,1.0,1.0,1.0,543.0,32.0,-0.0030632107251067353,-0.0017650185808415486,512.0,32.0,6400000.0
1.0,4.0,8.0,1.0,1.0,1.0,543.0,32.0,-0.0030632107251067353,-0.0017650185808415486,64.0,512.0,6400000.0
1.0,4.0,8.0,1.0,1.0,1.0,543.0,32.0,-0.0030632107251067353,-0.0017650185808415486,32768.0,4.0,6400000.0
4.0,4.0,8.0,2.0,105.0,76.0,5345.0,11648.0,0.14740588952096212,0.15317741303821275,32.0,0.125,6400000.0
1.0,1.0,2.0,3.0,7.0,4.0,223.0,512.0,0.049777517915640224,0.05405121197129903,0.015625,0.5,6400000.0
1.0,4.0,8.0,1.0,1.0,1.0,543.0,32.0,-0.0030632107251067353,-0.0017650185808415486,128.0,0.00195312,6400000.0
1.0,4.0,8.0,1.0,1.0,1.0,543.0,32.0,-0.0030632107251067353,-0.0017650185808415486,16384.0,512.0,6400000.0
1.0,4.0,8.0,1.0,1.0,1.0,543.0,32.0,-0.0030632107251067353,-0.0017650185808415486,32768.0,0.00390625,6400000.0
1.0,4.0,8.0,1.0,1.0,1.0,543.0,32.0,-0.0030632107251067353,-0.0017650185808415486,32768.0,4096.0,6400000.0
1.0,4.0,8.0,1.0,1.0,1.0,543.0,32.0,-0.0030632107251067353,-0.0017650185808415486,256.0,8.0,6400000.0
1.0,4.0,8.0,1.0,1.0,1.0,543.0,32.0,-0.0030632107251067353,-0.0017650185808415486,16384.0,0.5,6400000.0
1.0,4.0,8.0,1.0,1.0,1.0,543.0,32.0,-0.0030632107251067353,-0.0017650185808415486,256.0,0.0078125,6400000.0
8.0,8.0,1.0,2.0,22.0,16.0,654.0,1536.0,0.184803559555608,0.19082719424152972,0.0,0.03125,6400000.0
8.0,8.0,1.0,2.0,22.0,16.0,654.0,1536.0,0.184803559555608,0.19082719424152972,0.0,32.0,6400000.0
1.0,1.0,2.0,1.0,1.0,1.0,39.0,32.0,-0.0030632107251067353,-0.0017650185808415486,0.015625,512.0,6400000.0
1.0,4.0,8.0,1.0,1.0,1.0,543.0,32.0,-0.0030632107251067353,-0.0017650185808415486,512.0,32768.0,6400000.0
8.0,8.0,1.0,2.0,22.0,16.0,654.0,1536.0,0.184803559555608,0.19082719424152972,0.03125,0.00195312,6400000.0
1.0,8.0,1.0,1.0,1.0,1.0,35.0,32.0,-0.0030632107251067353,-0.0017650185808415486,0.00195312,2048.0,6400000.0
1.0,8.0,1.0,1.0,1.0,1.0,35.0,32.0,-0.0030632107251067353,-0.0017650185808415486,0.03125,1024.0,6400000.0
4.0,4.0,8.0,2.0,178.0,124.0,7546.0,19328.0,0.14800669294800173,0.15193285780805832,64.0,0.000976562,6400000.0
1.0,8.0,1.0,1.0,1.0,1.0,35.0,32.0,-0.0030632107251067353,-0.0017650185808415486,0.0,32768.0,6400000.0
1.0,4.0,8.0,1.0,1.0,1.0,543.0,32.0,-0.0030632107251067353,-0.0017650185808415486,32.0,128.0,6400000.0
8.0,8.0,1.0,2.0,22.0,16.0,654.0,1536.0,0.184803559555608,0.19082719424152972,0.00390625,0.015625,6400000.0
8.0,8.0,1.0,2.0,22.0,16.0,654.0,1536.0,0.184803559555608,0.19082719424152972,0.0625,0.0078125,6400000.0
8.0,8.0,1.0,2.0,22.0,16.0,654.0,1536.0,0.184803559555608,0.19082719424152972,0.00195312,0.00195312,6400000.0
1.0,8.0,1.0,1.0,1.0,1.0,35.0,32.0,-0.0030632107251067353,-0.0017650185808415486,0.000976562,256.0,6400000.0
8.0,8.0,1.0,2.0,22.0,16.0,654.0,1536.0,0.184803559555608,0.19082719424152972,0.00195312,2.0,6400000.0
8.0,8.0,1.0,2.0,22.0,16.0,654.0,1536.0,0.184803559555608,0.19082719424152972,0.000976562,0.25,6400000.0
8.0,8.0,1.0,2.0,22.0,16.0,654.0,1536.0,0.184803559555608,0.19082719424152972,0.03125,2.0,6400000.0
1.0,4.0,8.0,1.0,1.0,1.0,543.0,32.0,-0.0030632107251067353,-0.0017650185808415486,128.0,2.0,6400000.0
8.0,8.0,1.0,2.0,22.0,16.0,654.0,1536.0,0.184803559555608,0.19082719424152972,0.00390625,16.0,6400000.0
1.0,4.0,8.0,1.0,1.0,1.0,543.0,32.0,-0.0030632107251067353,-0.0017650185808415486,1024.0,0.25,6400000.0
8.0,8.0,1.0,2.0,22.0,16.0,654.0,1536.0,0.184803559555608,0.19082719424152972,0.125,0.03125,6400000.0
8.0,8.0,1.0,2.0,22.0,16.0,654.0,1536.0,0.184803559555608,0.19082719424152972,0.0625,8.0,6400000.0
8.0,8.0,1.0,2.0,22.0,16.0,654.0,1536.0,0.184803559555608,0.19082719424152972,0.125,32.0,6400000.0
1.0,1.0,2.0,3.0,7.0,4.0,223.0,512.0,0.049777517915640224,0.05405121197129903,0.015625,0.000976562,6400000.0
8.0,8.0,1.0,2.0,22.0,16.0,654.0,1536.0,0.184803559555608,0.19082719424152972,0.015625,0.5,6400000.0
1.0,1.0,2.0,3.0,7.0,4.0,223.0,512.0,0.049777517915640224,0.05405121197129903,0.03125,0.00195312,6400000.0
1.0,4.0,8.0,1.0,1.0,1.0,543.0,32.0,-0.0030632107251067353,-0.0017650185808415486,2048.0,0.00195312,6400000.0
4.0,4.0,8.0,2.0,34.0,24.0,2590.0,3328.0,0.1479085099634987,0.15350554704155794,64.0,1.0,6400000.0
8.0,8.0,1.0,2.0,22.0,16.0,654.0,1536.0,0.184803559555608,0.19082719424152972,0.0078125,0.125,6400000.0
1.0,4.0,8.0,1.0,1.0,1.0,543.0,32.0,-0.0030632107251067353,-0.0017650185808415486,4096.0,0.015625,6400000.0
1.0,4.0,8.0,1.0,1.0,1.0,543.0,32.0,-0.0030632107251067353,-0.0017650185808415486,2048.0,2.0,6400000.0
1.0,4.0,8.0,1.0,1.0,1.0,543.0,32.0,-0.0030632107251067353,-0.0017650185808415486,128.0,2048.0,6400000.0
1.0,4.0,8.0,1.0,1.0,1.0,543.0,32.0,-0.0030632107251067353,-0.0017650185808415486,256.0,8192.0,6400000.0
1.0,8.0,1.0,1.0,1.0,1.0,35.0,32.0,-0.0030632107251067353,-0.0017650185808415486,0.00390625,16384.0,6400000.0
8.0,8.0,1.0,2.0,22.0,16.0,654.0,1536.0,0.184803559555608,0.19082719424152972,0.015625,0.000976562,6400000.0
1.0,1.0,2.0,1.0,1.0,1.0,39.0,32.0,-0.0030632107251067353,-0.0017650185808415486,0.0078125,1024.0,6400000.0
1.0,4.0,8.0,1.0,1.0,1.0,543.0,32.0,-0.0030632107251067353,-0.0017650185808415486,4096.0,16384.0,6400000.0
1.0,4.0,8.0,1.0,1.0,1.0,543.0,32.0,-0.0030632107251067353,-0.0017650185808415486,1024.0,256.0,6400000.0
1.0,4.0,8.0,1.0,1.0,1.0,543.0,32.0,-0.0030632107251067353,-0.0017650185808415486,2048.0,2048.0,6400000.0
1.0,4.0,8.0,1.0,1.0,1.0,543.0,32.0,-0.0030632107251067353,-0.0017650185808415486,4096.0,16.0,6400000.0
1.0,4.0,8.0,1.0,1.0,1.0,543.0,32.0,-0.0030632107251067353,-0.0017650185808415486,512.0,0.0625,6400000.0
1.0,8.0,1.0,1.0,1.0,1.0,35.0,32.0,-0.0030632107251067353,-0.0017650185808415486,0.0078125,128.0,6400000.0
1.0,4.0,8.0,1.0,1.0,1.0,543.0,32.0,-0.0030632107251067353,-0.0017650185808415486,8192.0,0.125,6400000.0
1.0,4.0,8.0,1.0,1.0,1.0,543.0,32.0,-0.0030632107251067353,-0.0017650185808415486,16384.0,0.000976562,6400000.0
1.0,8.0,1.0,1.0,1.0,1.0,35.0,32.0,-0.0030632107251067353,-0.0017650185808415486,0.0625,8192.0,6400000.0
1.0,4.0,8.0,1.0,1.0,1.0,543.0,32.0,-0.0030632107251067353,-0.0017650185808415486,8192.0,128.0,6400000.0
1.0,8.0,1.0,1.0,1.0,1.0,35.0,32.0,-0.0030632107251067353,-0.0017650185808415486,0.015625,512.0,6400000.0
1.0,4.0,8.0,1.0,1.0,1.0,543.0,32.0,-0.0030632107251067353,-0.0017650185808415486,512.0,64.0,6400000.0
1.0,4.0,8.0,1.0,1.0,1.0,543.0,32.0,-0.0030632107251067353,-0.0017650185808415486,64.0,1024.0,6400000.0
1.0,4.0,8.0,1.0,1.0,1.0,543.0,32.0,-0.0030632107251067353,-0.0017650185808415486,128.0,0.00390625,6400000.0
1.0,4.0,8.0,1.0,1.0,1.0,543.0,32.0,-0.0030632107251067353,-0.0017650185808415486,32768.0,8.0,6400000.0
1.0,1.0,2.0,3.0,7.0,4.0,223.0,512.0,0.049777517915640224,0.05405121197129903,0.015625,1.0,6400000.0
1.0,4.0,8.0,1.0,1.0,1.0,543.0,32.0,-0.0030632107251067353,-0.0017650185808415486,16384.0,1024.0,6400000.0
1.0,4.0,8.0,1.0,1.0,1.0,543.0,32.0,-0.0030632107251067353,-0.0017650185808415486,32768.0,0.0078125,6400000.0
1.0,8.0,1.0,1.0,1.0,1.0,35.0,32.0,-0.0030632107251067353,-0.0017650185808415486,0.125,32768.0,6400000.0
1.0,4.0,8.0,1.0,1.0,1.0,543.0,32.0,-0.0030632107251067353,-0.0017650185808415486,32768.0,8192.0,6400000.0
3.0,8.0,1.0,2.0,9.0,6.0,279.0,576.0,0.10115259004895938,0.10346957106453547,0.0,64.0,6400000.0
1.0,4.0,8.0,1.0,1.0,1.0,543.0,32.0,-0.0030632107251067353,-0.0017650185808415486,256.0,16.0,6400000.0
1.0,4.0,8.0,1.0,1.0,1.0,543.0,32.0,-0.0030632107251067353,-0.0017650185808415486,256.0,0.015625,6400000.0
1.0,4.0,8.0,1.0,1.0,1.0,543.0,32.0,-0.0030632107251067353,-0.0017650185808415486,16384.0,1.0,6400000.0
8.0,8.0,1.0,2.0,22.0,16.0,654.0,1536.0,0.184803559555608,0.19082719424152972,0.0,0.0625,6400000.0
1.0,1.0,2.0,1.0,1.0,1.0,39.0,32.0,-0.0030632107251067353,-0.0017650185808415486,0.015625,1024.0,6400000.0
1.0,4.0,8.0,1.0,1.0,1.0,543.0,32.0,-0.0030632107251067353,-0.0017650185808415486,1024.0,0.0,6400000.0
1.0,8.0,1.0,1.0,1.0,1.0,35.0,32.0,-0.0030632107251067353,-0.0017650185808415486,0.00195312,4096.0,6400000.0
8.0,8.0,1.0,2.0,22.0,16.0,654.0,1536.0,0.184803559555608,0.19082719424152972,0.03125,0.00390625,6400000.0
8.0,8.0,1.0,2.0,22.0,16.0,654.0,1536.0,0.184803559555608,0.19082719424152972,0.000976562,0.0,6400000.0
1.0,8.0,1.0,1.0,1.0,1.0,35.0,32.0,-0.0030632107251067353,-0.0017650185808415486,0.03125,2048.0,6400000.0
8.0,8.0,1.0,2.0,22.0,16.0,654.0,1536.0,0.184803559555608,0.19082719424152972,0.03125,4.0,6400000.0
8.0,8.0,1.0,2.0,22.0,16.0,654.0,1536.0,0.184803559555608,0.19082719424152972,0.0625,0.015625,6400000.0
8.0,8.0,1.0,2.0,22.0,16.0,654.0,1536.0,0.184803559555608,0.19082719424152972,0.00390625,0.03125,6400000.0
1.0,1.0,1.0,2.0,3.0,2.0,108.0,192.0,0.03911015413878083,0.040912063041146696,0.00390625,0.25,6400000.0
1.0,4.0,8.0,1.0,1.0,1.0,543.0,32.0,-0.0030632107251067353,-0.0017650185808415486,128.0,4.0,6400000.0
8.0,8.0,1.0,2.0,22.0,16.0,654.0,1536.0,0.184803559555608,0.19082719424152972,0.00195312,4.0,6400000.0
8.0,8.0,1.0,2.0,22.0,16.0,654.0,1536.0,0.184803559555608,0.19082719424152972,0.125,0.0625,6400000.0
8.0,8.0,1.0,2.0,22.0,16.0,654.0,1536.0,0.184803559555608,0.19082719424152972,0.00195312,0.00390625,6400000.0
8.0,8.0,1.0,2.0,22.0,16.0,654.0,1536.0,0.184803559555608,0.19082719424152972,0.000976562,0.5,6400000.0
8.0,8.0,1.0,2.0,22.0,16.0,654.0,1536.0,0.184803559555608,0.19082719424152972,0.00390625,32.0,6400000.0
3.0,8.0,1.0,2.0,9.0,6.0,279.0,576.0,0.10115259004895938,0.10346957106453547,0.125,64.0,6400000.0
1.0,1.0,2.0,3.0,7.0,4.0,223.0,512.0,0.049777517915640224,0.05405121197129903,0.03125,0.25,6400000.0
1.0,1.0,2.0,3.0,7.0,4.0,223.0,512.0,0.049777517915640224,0.05405121197129903,0.015625,0.00195312,6400000.0
1.0,4.0,8.0,1.0,1.0,1.0,543.0,32.0,-0.0030632107251067353,-0.0017650185808415486,1024.0,0.5,6400000.0
1.0,8.0,1.0,1.0,1.0,1.0,35.0,32.0,-0.0030632107251067353,-0.0017650185808415486,0.000976562,512.0,6400000.0
8.0,8.0,1.0,2.0,22.0,16.0,654.0,1536.0,0.184803559555608,0.19082719424152972,0.015625,1.0,6400000.0
8.0,8.0,1.0,2.0,22.0,16.0,654.0,1536.0,0.184803559555608,0.19082719424152972,0.0625,16.0,6400000.0
1.0,1.0,2.0,3.0,7.0,4.0,223.0,512.0,0.049777517915640224,0.05405121197129903,0.03125,0.00390625,6400000.0
1.0,4.0,8.0,1.0,1.0,1.0,543.0,32.0,-0.0030632107251067353,-0.0017650185808415486,2048.0,0.00390625,6400000.0
1.0,4.0,8.0,1.0,1.0,1.0,543.0,32.0,-0.0030632107251067353,-0.0017650185808415486,128.0,4096.0,6400000.0
1.0,4.0,8.0,1.0,1.0,1.0,543.0,32.0,-0.0030632107251067353,-0.0017650185808415486,2048.0,4.0,6400000.0
8.0,8.0,1.0,2.0,22.0,16.0,654.0,1536.0,0.184803559555608,0.19082719424152972,0.015625,0.00195312,6400000.0
8.0,8.0,1.0,2.0,22.0,16.0,654.0,1536.0,0.184803559555608,0.19082719424152972,0.0078125,0.25,6400000.0
1.0,4.0,8.0,1.0,1.0,1.0,543.0,32.0,-0.0030632107251067353,-0.0017650185808415486,4096.0,32768.0,6400000.0
1.0,4.0,8.0,1.0,1.0,1.0,543.0,32.0,-0.0030632107251067353,-0.0017650185808415486,4096.0,0.03125,6400000.0
1.0,4.0,8.0,1.0,1.0,1.0,543.0,32.0,-0.0030632107251067353,-0.0017650185808415486,256.0,16384.0,6400000.0
1.0,4.0,8.0,1.0,1.0,1.0,543.0,32.0,-0.0030632107251067353,-0.0017650185808415486,4096.0,32.0,6400000.0
1.0,8.0,1.0,1.0,1.0,1.0,35.0,32.0,-0.0030632107251067353,-0.0017650185808415486,0.00390625,32768.0,6400000.0
1.0,4.0,8.0,1.0,1.0,1.0,543.0,32.0,-0.0030632107251067353,-0.0017650185808415486,2048.0,4096.0,6400000.0
1.0,4.0,8.0,1.0,1.0,1.0,543.0,32.0,-0.0030632107251067353,-0.0017650185808415486,512.0,0.125,6400000.0
1.0,8.0,1.0,1.0,1.0,1.0,35.0,32.0,-0.0030632107251067353,-0.0017650185808415486,0.0078125,256.0,6400000.0
8.0,8.0,1.0,2.0,22.0,16.0,654.0,1536.0,0.184803559555608,0.19082719424152972,0.25,0.25,6400000.0
1.0,4.0,8.0,1.0,1.0,1.0,543.0,32.0,-0.0030632107251067353,-0.0017650185808415486,16384.0,0.00195312,6400000.0
1.0,4.0,8.0,1.0,1.0,1.0,543.0,32.0,-0.0030632107251067353,-0.0017650185808415486,8192.0,0.25,6400000.0
1.0,1.0,2.0,1.0,1.0,1.0,39.0,32.0,-0.0030632107251067353,-0.0017650185808415486,0.0078125,2048.0,6400000.0
1.0,4.0,8.0,1.0,1.0,1.0,543.0,32.0,-0.0030632107251067353,-0.0017650185808415486,1024.0,512.0,6400000.0
1.0,8.0,1.0,1.0,1.0,1.0,35.0,32.0,-0.0030632107251067353,-0.0017650185808415486,0.0625,16384.0,6400000.0
1.0,4.0,8.0,1.0,1.0,1.0,543.0,32.0,-0.0030632107251067353,-0.0017650185808415486,8192.0,256.0,6400000.0
1.0,4.0,8.0,1.0,1.0,1.0,543.0,32.0,-0.0030632107251067353,-0.0017650185808415486,512.0,128.0,6400000.0
1.0,8.0,1.0,1.0,1.0,1.0,35.0,32.0,-0.0030632107251067353,-0.0017650185808415486,0.015625,1024.0,6400000.0
1.0,4.0,8.0,1.0,1.0,1.0,543.0,32.0,-0.0030632107251067353,-0.0017650185808415486,128.0,0.0078125,6400000.0
1.0,4.0,8.0,1.0,1.0,1.0,543.0,32.0,-0.0030632107251067353,-0.0017650185808415486,16384.0,2048.0,6400000.0
1.0,4.0,8.0,1.0,1.0,1.0,543.0,32.0,-0.0030632107251067353,-0.0017650185808415486,32768.0,16.0,6400000.0
1.0,8.0,1.0,1.0,1.0,1.0,35.0,32.0,-0.0030632107251067353,-0.0017650185808415486,0.25,256.0,6400000.0
1.0,4.0,8.0,1.0,1.0,1.0,543.0,32.0,-0.0030632107251067353,-0.0017650185808415486,32768.0,0.015625,6400000.0
1.0,1.0,2.0,3.0,7.0,4.0,223.0,512.0,0.049777517915640224,0.05405121197129903,0.015625,2.0,6400000.0
1.0,4.0,8.0,1.0,1.0,1.0,543.0,32.0,-0.0030632107251067353,-0.0017650185808415486,32768.0,16384.0,6400000.0
8.0,8.0,1.0,2.0,22.0,16.0,654.0,1536.0,0.184803559555608,0.19082719424152972,0.25,0.0,6400000.0
1.0,4.0,8.0,1.0,1.0,1.0,543.0,32.0,-0.0030632107251067353,-0.0017650185808415486,256.0,32.0,6400000.0
1.0,8.0,1.0,1.0,1.0,1.0,35.0,32.0,-0.0030632107251067353,-0.0017650185808415486,0.0,128.0,6400000.0
1.0,4.0,8.0,1.0,1.0,1.0,543.0,32.0,-0.0030632107251067353,-0.0017650185808415486,256.0,0.03125,6400000.0
1.0,4.0,8.0,1.0,1.0,1.0,543.0,32.0,-0.0030632107251067353,-0.0017650185808415486,16384.0,2.0,6400000.0
8.0,8.0,1.0,2.0,22.0,16.0,654.0,1536.0,0.184803559555608,0.19082719424152972,0.0,0.125,6400000.0
1.0,4.0,8.0,1.0,1.0,1.0,543.0,32.0,-0.0030632107251067353,-0.0017650185808415486,1024.0,0.000976562,6400000.0
1.0,1.0,2.0,1.0,1.0,1.0,39.0,32.0,-0.0030632107251067353,-0.0017650185808415486,0.015625,2048.0,6400000.0
8.0,8.0,1.0,2.0,22.0,16.0,654.0,1536.0,0.184803559555608,0.19082719424152972,0.03125,0.0078125,6400000.0
1.0,8.0,1.0,1.0,1.0,1.0,35.0,32.0,-0.0030632107251067353,-0.0017650185808415486,0.00195312,8192.0,6400000.0
1.0,8.0,1.0,1.0,1.0,1.0,35.0,32.0,-0.0030632107251067353,-0.0017650185808415486,0.03125,4096.0,6400000.0
8.0,8.0,1.0,2.0,22.0,16.0,654.0,1536.0,0.184803559555608,0.19082719424152972,0.000976562,0.000976562,6400000.0
1.0,4.0,8.0,1.0,1.0,1.0,543.0,32.0,-0.0030632107251067353,-0.0017650185808415486,128.0,8.0,6400000.0
8.0,8.0,1.0,2.0,22.0,16.0,654.0,1536.0,0.184803559555608,0.19082719424152972,0.00390625,0.0625,6400000.0
8.0,8.0,1.0,2.0,22.0,16.0,654.0,1536.0,0.184803559555608,0.19082719424152972,0.00195312,0.0078125,6400000.0
1.0,1.0,1.0,2.0,3.0,2.0,108.0,192.0,0.03911015413878083,0.040912063041146696,0.00390625,0.5,6400000.0
8.0,8.0,1.0,2.0,22.0,16.0,654.0,1536.0,0.184803559555608,0.19082719424152972,0.125,0.125,6400000.0
8.0,8.0,1.0,2.0,22.0,16.0,654.0,1536.0,0.184803559555608,0.19082719424152972,0.000976562,1.0,6400000.0
8.0,8.0,1.0,2.0,22.0,16.0,654.0,1536.0,0.184803559555608,0.19082719424152972,0.00195312,8.0,6400000.0
8.0,8.0,1.0,2.0,22.0,16.0,654.0,1536.0,0.184803559555608,0.19082719424152972,0.03125,8.0,6400000.0
3.0,8.0,1.0,2.0,9.0,6.0,279.0,576.0,0.10115259004895938,0.10346957106453547,0.00390625,64.0,6400000.0
1.0,8.0,1.0,1.0,1.0,1.0,35.0,32.0,-0.0030632107251067353,-0.0017650185808415486,0.125,128.0,6400000.0
8.0,8.0,1.0,2.0,22.0,16.0,654.0,1536.0,0.184803559555608,0.19082719424152972,0.0625,0.03125,6400000.0
1.0,4.0,8.0,1.0,1.0,1.0,543.0,32.0,-0.0030632107251067353,-0.0017650185808415486,1024.0,1.0,6400000.0
1.0,1.0,2.0,3.0,7.0,4.0,223.0,512.0,0.049777517915640224,0.05405121197129903,0.03125,0.5,6400000.0
1.0,1.0,2.0,3.0,7.0,4.0,223.0,512.0,0.049777517915640224,0.05405121197129903,0.015625,0.00390625,6400000.0
8.0,8.0,1.0,2.0,22.0,16.0,654.0,1536.0,0.184803559555608,0.19082719424152972,0.015625,2.0,6400000.0
1.0,8.0,1.0,1.0,1.0,1.0,35.0,32.0,-0.0030632107251067353,-0.0017650185808415486,0.000976562,1024.0,6400000.0
8.0,8.0,1.0,2.0,22.0,16.0,654.0,1536.0,0.184803559555608,0.19082719424152972,0.0625,32.0,6400000.0
1.0,1.0,2.0,3.0,7.0,4.0,223.0,512.0,0.049777517915640224,0.05405121197129903,0.03125,0.0078125,6400000.0
1.0,4.0,8.0,1.0,1.0,1.0,543.0,32.0,-0.0030632107251067353,-0.0017650185808415486,2048.0,0.0078125,6400000.0
8.0,8.0,1.0,2.0,22.0,16.0,654.0,1536.0,0.184803559555608,0.19082719424152972,0.015625,0.00390625,6400000.0
1.0,4.0,8.0,1.0,1.0,1.0,543.0,32.0,-0.0030632107251067353,-0.0017650185808415486,128.0,8192.0,6400000.0
1.0,4.0,8.0,1.0,1.0,1.0,543.0,32.0,-0.0030632107251067353,-0.0017650185808415486,2048.0,8.0,6400000.0
8.0,8.0,1.0,2.0,22.0,16.0,654.0,1536.0,0.184803559555608,0.19082719424152972,0.0078125,0.5,6400000.0
1.0,4.0,8.0,1.0,1.0,1.0,543.0,32.0,-0.0030632107251067353,-0.0017650185808415486,512.0,0.25,6400000.0
1.0,4.0,8.0,1.0,1.0,1.0,543.0,32.0,-0.0030632107251067353,-0.0017650185808415486,4096.0,0.0625,6400000.0
8.0,8.0,1.0,2.0,22.0,16.0,654.0,1536.0,0.184803559555608,0.19082719424152972,0.25,0.5,6400000.0
1.0,4.0,8.0,1.0,1.0,1.0,543.0,32.0,-0.0030632107251067353,-0.0017650185808415486,2048.0,8192.0,6400000.0
1.0,4.0,8.0,1.0,1.0,1.0,543.0,32.0,-0.0030632107251067353,-0.0017650185808415486,8192.0,0.0,6400000.0
8.0,8.0,1.0,2.0,22.0,16.0,654.0,1536.0,0.184803559555608,0.19082719424152972,0.0078125,0.0,6400000.0
1.0,4.0,8.0,1.0,1.0,1.0,543.0,32.0,-0.0030632107251067353,-0.0017650185808415486,4096.0,64.0,6400000.0
1.0,4.0,8.0,1.0,1.0,1.0,543.0,32.0,-0.0030632107251067353,-0.0017650185808415486,1024.0,1024.0,6400000.0
1.0,4.0,8.0,1.0,1.0,1.0,543.0,32.0,-0.0030632107251067353,-0.0017650185808415486,16384.0,0.00390625,6400000.0
1.0,4.0,8.0,1.0,1.0,1.0,543.0,32.0,-0.0030632107251067353,-0.0017650185808415486,256.0,32768.0,6400000.0
1.0,8.0,1.0,1.0,1.0,1.0,35.0,32.0,-0.0030632107251067353,-0.0017650185808415486,0.0078125,512.0,6400000.0
1.0,4.0,8.0,1.0,1.0,1.0,543.0,32.0,-0.0030632107251067353,-0.0017650185808415486,8192.0,512.0,6400000.0
1.0,4.0,8.0,1.0,1.0,1.0,543.0,32.0,-0.0030632107251067353,-0.0017650185808415486,8192.0,0.5,6400000.0
1.0,8.0,1.0,1.0,1.0,1.0,35.0,32.0,-0.0030632107251067353,-0.0017650185808415486,0.0625,32768.0,6400000.0
1.0,4.0,8.0,1.0,1.0,1.0,543.0,32.0,-0.0030632107251067353,-0.0017650185808415486,512.0,256.0,6400000.0
1.0,8.0,1.0,1.0,1.0,1.0,35.0,32.0,-0.0030632107251067353,-0.0017650185808415486,0.015625,2048.0,6400000.0
1.0,4.0,8.0,1.0,1.0,1.0,543.0,32.0,-0.0030632107251067353,-0.0017650185808415486,16384.0,4096.0,6400000.0
8.0,8.0,1.0,2.0,22.0,16.0,654.0,1536.0,0.184803559555608,0.19082719424152972,0.5,0.00195312,6400000.0
1.0,4.0,8.0,1.0,1.0,1.0,543.0,32.0,-0.0030632107251067353,-0.0017650185808415486,32768.0,0.03125,6400000.0
1.0,8.0,1.0,1.0,1.0,1.0,35.0,32.0,-0.0030632107251067353,-0.0017650185808415486,0.25,512.0,6400000.0
8.0,8.0,1.0,2.0,22.0,16.0,654.0,1536.0,0.184803559555608,0.19082719424152972,0.5,2.0,6400000.0
1.0,4.0,8.0,1.0,1.0,1.0,543.0,32.0,-0.0030632107251067353,-0.0017650185808415486,32768.0,32.0,6400000.0
1.0,4.0,8.0,1.0,1.0,1.0,543.0,32.0,-0.0030632107251067353,-0.0017650185808415486,32768.0,32768.0,6400000.0
1.0,1.0,2.0,3.0,7.0,4.0,223.0,512.0,0.049777517915640224,0.05405121197129903,0.015625,4.0,6400000.0
8.0,8.0,1.0,2.0,22.0,16.0,654.0,1536.0,0.184803559555608,0.19082719424152972,0.0,0.25,6400000.0
1.0,4.0,8.0,1.0,1.0,1.0,543.0,32.0,-0.0030632107251067353,-0.0017650185808415486,256.0,64.0,6400000.0
8.0,8.0,1.0,2.0,22.0,16.0,654.0,1536.0,0.184803559555608,0.19082719424152972,0.25,0.000976562,6400000.0
1.0,8.0,1.0,1.0,1.0,1.0,35.0,32.0,-0.0030632107251067353,-0.0017650185808415486,0.0,256.0,6400000.0
1.0,4.0,8.0,1.0,1.0,1.0,543.0,32.0,-0.0030632107251067353,-0.0017650185808415486,1024.0,0.00195312,6400000.0
1.0,4.0,8.0,1.0,1.0,1.0,543.0,32.0,-0.0030632107251067353,-0.0017650185808415486,256.0,0.0625,6400000.0
1.0,4.0,8.0,1.0,1.0,1.0,543.0,32.0,-0.0030632107251067353,-0.0017650185808415486,16384.0,4.0,6400000.0
1.0,1.0,2.0,1.0,1.0,1.0,39.0,32.0,-0.0030632107251067353,-0.0017650185808415486,0.015625,4096.0,6400000.0
8.0,8.0,1.0,2.0,22.0,16.0,654.0,1536.0,0.184803559555608,0.19082719424152972,0.03125,0.015625,6400000.0
1.0,8.0,1.0,1.0,1.0,1.0,35.0,32.0,-0.0030632107251067353,-0.0017650185808415486,0.00195312,16384.0,6400000.0
1.0,8.0,1.0,1.0,1.0,1.0,35.0,32.0,-0.0030632107251067353,-0.0017650185808415486,0.03125,8192.0,6400000.0
8.0,8.0,1.0,2.0,22.0,16.0,654.0,1536.0,0.184803559555608,0.19082719424152972,0.000976562,0.00195312,6400000.0
8.0,8.0,1.0,2.0,22.0,16.0,654.0,1536.0,0.184803559555608,0.19082719424152972,0.00195312,16.0,6400000.0
8.0,8.0,1.0,2.0,22.0,16.0,654.0,1536.0,0.184803559555608,0.19082719424152972,0.03125,16.0,6400000.0
1.0,1.0,1.0,2.0,3.0,2.0,108.0,192.0,0.03911015413878083,0.040912063041146696,0.00390625,1.0,6400000.0
8.0,8.0,1.0,2.0,22.0,16.0,654.0,1536.0,0.184803559555608,0.19082719424152972,0.00390625,0.125,6400000.0
1.0,4.0,8.0,1.0,1.0,1.0,543.0,32.0,-0.0030632107251067353,-0.0017650185808415486,1024.0,2.0,6400000.0
8.0,8.0,1.0,2.0,22.0,16.0,654.0,1536.0,0.184803559555608,0.19082719424152972,0.125,0.25,6400000.0
1.0,8.0,1.0,1.0,1.0,1.0,35.0,32.0,-0.0030632107251067353,-0.0017650185808415486,0.5,2048.0,6400000.0
1.0,8.0,1.0,1.0,1.0,1.0,35.0,32.0,-0.0030632107251067353,-0.0017650185808415486,0.125,256.0,6400000.0
8.0,8.0,1.0,2.0,22.0,16.0,654.0,1536.0,0.184803559555608,0.19082719424152972,0.00195312,0.015625,6400000.0
8.0,8.0,1.0,2.0,22.0,16.0,654.0,1536.0,0.184803559555608,0.19082719424152972,0.000976562,2.0,6400000.0
1.0,1.0,2.0,3.0,7.0,4.0,223.0,512.0,0.049777517915640224,0.05405121197129903,0.015625,0.0078125,6400000.0
1.0,8.0,1.0,1.0,1.0,1.0,35.0,32.0,-0.0030632107251067353,-0.0017650185808415486,0.00390625,128.0,6400000.0
1.0,1.0,2.0,3.0,7.0,4.0,223.0,512.0,0.049777517915640224,0.05405121197129903,0.03125,1.0,6400000.0
8.0,8.0,1.0,2.0,22.0,16.0,654.0,1536.0,0.184803559555608,0.19082719424152972,0.015625,4.0,6400000.0
8.0,8.0,1.0,2.0,22.0,16.0,654.0,1536.0,0.184803559555608,0.19082719424152972,0.0625,0.0625,6400000.0
1.0,8.0,1.0,1.0,1.0,1.0,35.0,32.0,-0.0030632107251067353,-0.0017650185808415486,0.000976562,2048.0,6400000.0
3.0,8.0,1.0,2.0,9.0,6.0,279.0,576.0,0.10115259004895938,0.10346957106453547,0.0625,64.0,6400000.0
1.0,1.0,2.0,3.0,7.0,4.0,223.0,512.0,0.049777517915640224,0.05405121197129903,0.03125,0.015625,6400000.0
1.0,4.0,8.0,1.0,1.0,1.0,543.0,32.0,-0.0030632107251067353,-0.0017650185808415486,2048.0,0.015625,6400000.0
1.0,4.0,8.0,1.0,1.0,1.0,543.0,32.0,-0.0030632107251067353,-0.0017650185808415486,2048.0,16.0,6400000.0
8.0,8.0,1.0,2.0,22.0,16.0,654.0,1536.0,0.184803559555608,0.19082719424152972,0.015625,0.0078125,6400000.0
1.0,4.0,8.0,1.0,1.0,1.0,543.0,32.0,-0.0030632107251067353,-0.0017650185808415486,512.0,0.5,6400000.0
1.0,4.0,8.0,1.0,1.0,1.0,543.0,32.0,-0.0030632107251067353,-0.0017650185808415486,4096.0,0.125,6400000.0
8.0,8.0,1.0,2.0,22.0,16.0,654.0,1536.0,0.184803559555608,0.19082719424152972,1.0,0.015625,6400000.0
1.0,4.0,8.0,1.0,1.0,1.0,543.0,32.0,-0.0030632107251067353,-0.0017650185808415486,8192.0,0.000976562,6400000.0
8.0,8.0,1.0,2.0,22.0,16.0,654.0,1536.0,0.184803559555608,0.19082719424152972,0.25,1.0,6400000.0
8.0,8.0,1.0,2.0,22.0,16.0,654.0,1536.0,0.184803559555608,0.19082719424152972,0.0078125,0.000976562,6400000.0
1.0,8.0,1.0,1.0,1.0,1.0,35.0,32.0,-0.0030632107251067353,-0.0017650185808415486,0.0078125,1024.0,6400000.0
1.0,4.0,8.0,1.0,1.0,1.0,543.0,32.0,-0.0030632107251067353,-0.0017650185808415486,16384.0,0.0078125,6400000.0
1.0,4.0,8.0,1.0,1.0,1.0,543.0,32.0,-0.0030632107251067353,-0.0017650185808415486,2048.0,16384.0,6400000.0
8.0,8.0,1.0,2.0,22.0,16.0,654.0,1536.0,0.184803559555608,0.19082719424152972,0.0078125,1.0,6400000.0
1.0,4.0,8.0,1.0,1.0,1.0,543.0,32.0,-0.0030632107251067353,-0.0017650185808415486,4096.0,128.0,6400000.0
1.0,4.0,8.0,1.0,1.0,1.0,543.0,32.0,-0.0030632107251067353,-0.0017650185808415486,8192.0,1024.0,6400000.0
1.0,4.0,8.0,1.0,1.0,1.0,543.0,32.0,-0.0030632107251067353,-0.0017650185808415486,512.0,0.0,6400000.0
1.0,4.0,8.0,1.0,1.0,1.0,543.0,32.0,-0.0030632107251067353,-0.0017650185808415486,1024.0,2048.0,6400000.0
8.0,8.0,1.0,2.0,22.0,16.0,654.0,1536.0,0.184803559555608,0.19082719424152972,0.125,0.0,6400000.0
1.0,4.0,8.0,1.0,1.0,1.0,543.0,32.0,-0.0030632107251067353,-0.0017650185808415486,8192.0,1.0,6400000.0
1.0,4.0,8.0,1.0,1.0,1.0,543.0,32.0,-0.0030632107251067353,-0.0017650185808415486,512.0,512.0,6400000.0
1.0,8.0,1.0,1.0,1.0,1.0,35.0,32.0,-0.0030632107251067353,-0.0017650185808415486,0.015625,4096.0,6400000.0
1.0,4.0,8.0,1.0,1.0,1.0,543.0,32.0,-0.0030632107251067353,-0.0017650185808415486,16384.0,8192.0,6400000.0
8.0,8.0,1.0,2.0,22.0,16.0,654.0,1536.0,0.184803559555608,0.19082719424152972,0.5,0.00390625,6400000.0
8.0,8.0,1.0,2.0,22.0,16.0,654.0,1536.0,0.184803559555608,0.19082719424152972,0.5,4.0,6400000.0
1.0,4.0,8.0,1.0,1.0,1.0,543.0,32.0,-0.0030632107251067353,-0.0017650185808415486,32768.0,0.0625,6400000.0
1.0,8.0,1.0,1.0,1.0,1.0,35.0,32.0,-0.0030632107251067353,-0.0017650185808415486,0.25,1024.0,6400000.0
1.0,4.0,8.0,1.0,1.0,1.0,543.0,32.0,-0.0030632107251067353,-0.0017650185808415486,32768.0,64.0,6400000.0
1.0,1.0,2.0,3.0,5.0,3.0,158.0,352.0,0.048146068319603885,0.051476191507202285,0.015625,8.0,6400000.0
8.0,8.0,1.0,2.0,22.0,16.0,654.0,1536.0,0.184803559555608,0.19082719424152972,0.0,0.0,6400000.0
8.0,8.0,1.0,2.0,22.0,16.0,654.0,1536.0,0.184803559555608,0.19082719424152972,0.0,0.5,6400000.0
8.0,8.0,1.0,2.0,22.0,16.0,654.0,1536.0,0.184803559555608,0.19082719424152972,0.25,0.00195312,6400000.0
1.0,8.0,1.0,1.0,1.0,1.0,35.0,32.0,-0.0030632107251067353,-0.0017650185808415486,0.0,512.0,6400000.0
1.0,4.0,8.0,1.0,1.0,1.0,543.0,32.0,-0.0030632107251067353,-0.0017650185808415486,16384.0,8.0,6400000.0
8.0,8.0,1.0,2.0,22.0,16.0,654.0,1536.0,0.184803559555608,0.19082719424152972,1.0,16.0,6400000.0
1.0,1.0,2.0,1.0,1.0,1.0,39.0,32.0,-0.0030632107251067353,-0.0017650185808415486,0.015625,8192.0,6400000.0
1.0,4.0,8.0,1.0,1.0,1.0,543.0,32.0,-0.0030632107251067353,-0.0017650185808415486,1024.0,0.00390625,6400000.0
1.0,8.0,1.0,1.0,1.0,1.0,35.0,32.0,-0.0030632107251067353,-0.0017650185808415486,1.0,16384.0,6400000.0
1.0,8.0,1.0,1.0,1.0,1.0,35.0,32.0,-0.0030632107251067353,-0.0017650185808415486,0.00195312,32768.0,6400000.0
8.0,8.0,1.0,2.0,22.0,16.0,654.0,1536.0,0.184803559555608,0.19082719424152972,0.03125,0.03125,6400000.0
1.0,8.0,1.0,1.0,1.0,1.0,35.0,32.0,-0.0030632107251067353,-0.0017650185808415486,0.03125,16384.0,6400000.0
8.0,8.0,1.0,2.0,22.0,16.0,654.0,1536.0,0.184803559555608,0.19082719424152972,0.000976562,0.00390625,6400000.0
8.0,8.0,1.0,2.0,22.0,16.0,654.0,1536.0,0.184803559555608,0.19082719424152972,0.00195312,32.0,6400000.0
8.0,8.0,1.0,2.0,22.0,16.0,654.0,1536.0,0.184803559555608,0.19082719424152972,0.00390625,0.25,6400000.0
8.0,8.0,1.0,2.0,22.0,16.0,654.0,1536.0,0.184803559555608,0.19082719424152972,0.125,0.5,6400000.0
1.0,8.0,1.0,1.0,1.0,1.0,35.0,32.0,-0.0030632107251067353,-0.0017650185808415486,0.00390625,256.0,6400000.0
1.0,1.0,1.0,2.0,3.0,2.0,108.0,192.0,0.03911015413878083,0.040912063041146696,0.00390625,2.0,6400000.0
8.0,8.0,1.0,2.0,22.0,16.0,654.0,1536.0,0.184803559555608,0.19082719424152972,0.000976562,4.0,6400000.0
1.0,1.0,2.0,3.0,7.0,4.0,223.0,512.0,0.049777517915640224,0.05405121197129903,0.015625,0.015625,6400000.0
8.0,8.0,1.0,2.0,22.0,16.0,654.0,1536.0,0.184803559555608,0.19082719424152972,0.00195312,0.03125,6400000.0
8.0,8.0,1.0,2.0,22.0,16.0,654.0,1536.0,0.184803559555608,0.19082719424152972,0.015625,8.0,6400000.0
1.0,8.0,1.0,1.0,1.0,1.0,35.0,32.0,-0.0030632107251067353,-0.0017650185808415486,0.125,512.0,6400000.0
8.0,8.0,1.0,2.0,22.0,16.0,654.0,1536.0,0.184803559555608,0.19082719424152972,0.0625,0.125,6400000.0
1.0,8.0,1.0,1.0,1.0,1.0,35.0,32.0,-0.0030632107251067353,-0.0017650185808415486,0.5,4096.0,6400000.0
8.0,8.0,1.0,2.0,22.0,16.0,654.0,1536.0,0.184803559555608,0.19082719424152972,0.03125,32.0,6400000.0
1.0,1.0,2.0,3.0,7.0,4.0,223.0,512.0,0.049777517915640224,0.05405121197129903,0.03125,0.03125,6400000.0
1.0,4.0,8.0,1.0,1.0,1.0,543.0,32.0,-0.0030632107251067353,-0.0017650185808415486,1024.0,4.0,6400000.0
1.0,8.0,1.0,1.0,1.0,1.0,35.0,32.0,-0.0030632107251067353,-0.0017650185808415486,0.0625,128.0,6400000.0
1.0,1.0,2.0,3.0,7.0,4.0,223.0,512.0,0.049777517915640224,0.05405121197129903,0.03125,2.0,6400000.0
1.0,4.0,8.0,1.0,1.0,1.0,543.0,32.0,-0.0030632107251067353,-0.0017650185808415486,2048.0,0.03125,6400000.0
1.0,8.0,1.0,1.0,1.0,1.0,35.0,32.0,-0.0030632107251067353,-0.0017650185808415486,0.000976562,4096.0,6400000.0
8.0,8.0,1.0,2.0,22.0,16.0,654.0,1536.0,0.184803559555608,0.19082719424152972,0.015625,0.015625,6400000.0
1.0,4.0,8.0,1.0,1.0,1.0,543.0,32.0,-0.0030632107251067353,-0.0017650185808415486,2048.0,32.0,6400000.0
8.0,8.0,1.0,2.0,22.0,16.0,654.0,1536.0,0.184803559555608,0.19082719424152972,0.25,2.0,6400000.0
8.0,8.0,1.0,2.0,22.0,16.0,654.0,1536.0,0.184803559555608,0.19082719424152972,1.0,0.03125,6400000.0
8.0,8.0,1.0,2.0,22.0,16.0,654.0,1536.0,0.184803559555608,0.19082719424152972,0.0078125,0.00195312,6400000.0
1.0,4.0,8.0,1.0,1.0,1.0,543.0,32.0,-0.0030632107251067353,-0.0017650185808415486,4096.0,0.25,6400000.0
1.0,4.0,8.0,1.0,1.0,1.0,543.0,32.0,-0.0030632107251067353,-0.0017650185808415486,8192.0,0.00195312,6400000.0
8.0,8.0,1.0,2.0,22.0,16.0,654.0,1536.0,0.184803559555608,0.19082719424152972,0.125,0.000976562,6400000.0
8.0,8.0,1.0,2.0,22.0,16.0,654.0,1536.0,0.184803559555608,0.19082719424152972,2.0,0.125,6400000.0
8.0,8.0,1.0,2.0,22.0,16.0,654.0,1536.0,0.184803559555608,0.19082719424152972,0.0078125,2.0,6400000.0
1.0,4.0,8.0,1.0,1.0,1.0,543.0,32.0,-0.0030632107251067353,-0.0017650185808415486,2048.0,32768.0,6400000.0
1.0,4.0,8.0,1.0,1.0,1.0,543.0,32.0,-0.0030632107251067353,-0.0017650185808415486,8192.0,2048.0,6400000.0
1.0,4.0,8.0,1.0,1.0,1.0,543.0,32.0,-0.0030632107251067353,-0.0017650185808415486,16384.0,0.015625,6400000.0
1.0,8.0,1.0,1.0,1.0,1.0,35.0,32.0,-0.0030632107251067353,-0.0017650185808415486,0.0078125,2048.0,6400000.0
1.0,8.0,1.0,1.0,1.0,1.0,35.0,32.0,-0.0030632107251067353,-0.0017650185808415486,2.0,128.0,6400000.0
1.0,4.0,8.0,1.0,1.0,1.0,543.0,32.0,-0.0030632107251067353,-0.0017650185808415486,8192.0,2.0,6400000.0
1.0,4.0,8.0,1.0,1.0,1.0,543.0,32.0,-0.0030632107251067353,-0.0017650185808415486,4096.0,256.0,6400000.0
1.0,8.0,1.0,1.0,1.0,1.0,35.0,32.0,-0.0030632107251067353,-0.0017650185808415486,0.015625,8192.0,6400000.0
1.0,4.0,8.0,1.0,1.0,1.0,543.0,32.0,-0.0030632107251067353,-0.0017650185808415486,16384.0,16384.0,6400000.0
1.0,4.0,8.0,1.0,1.0,1.0,543.0,32.0,-0.0030632107251067353,-0.0017650185808415486,1024.0,4096.0,6400000.0
1.0,8.0,1.0,1.0,1.0,1.0,35.0,32.0,-0.0030632107251067353,-0.0017650185808415486,0.25,2048.0,6400000.0
1.0,1.0,2.0,3.0,5.0,3.0,158.0,352.0,0.048146068319603885,0.051476191507202285,0.015625,16.0,6400000.0
8.0,8.0,1.0,2.0,22.0,16.0,654.0,1536.0,0.184803559555608,0.19082719424152972,0.5,8.0,6400000.0
8.0,8.0,1.0,2.0,22.0,16.0,654.0,1536.0,0.184803559555608,0.19082719424152972,0.5,0.0078125,6400000.0
1.0,4.0,8.0,1.0,1.0,1.0,543.0,32.0,-0.0030632107251067353,-0.0017650185808415486,32768.0,0.125,6400000.0
1.0,1.0,2.0,1.0,1.0,1.0,39.0,32.0,-0.0030632107251067353,-0.0017650185808415486,0.03125,256.0,6400000.0
1.0,4.0,8.0,1.0,1.0,1.0,543.0,32.0,-0.0030632107251067353,-0.0017650185808415486,32768.0,128.0,6400000.0
8.0,8.0,1.0,2.0,22.0,16.0,654.0,1536.0,0.184803559555608,0.19082719424152972,0.25,0.00390625,6400000.0
8.0,8.0,1.0,2.0,22.0,16.0,654.0,1536.0,0.184803559555608,0.19082719424152972,0.0,0.000976562,6400000.0
1.0,8.0,1.0,1.0,1.0,1.0,35.0,32.0,-0.0030632107251067353,-0.0017650185808415486,0.0,1024.0,6400000.0
8.0,8.0,1.0,2.0,22.0,16.0,654.0,1536.0,0.184803559555608,0.19082719424152972,0.0,1.0,6400000.0
1.0,4.0,8.0,1.0,1.0,1.0,543.0,32.0,-0.0030632107251067353,-0.0017650185808415486,16384.0,16.0,6400000.0
1.0,1.0,2.0,1.0,1.0,1.0,39.0,32.0,-0.0030632107251067353,-0.0017650185808415486,0.015625,16384.0,6400000.0
8.0,8.0,1.0,2.0,22.0,16.0,654.0,1536.0,0.184803559555608,0.19082719424152972,1.0,32.0,6400000.0
8.0,8.0,1.0,2.0,22.0,16.0,654.0,1536.0,0.184803559555608,0.19082719424152972,0.03125,0.0625,6400000.0
8.0,8.0,1.0,2.0,22.0,16.0,654.0,1536.0,0.184803559555608,0.19082719424152972,4.0,0.000976562,6400000.0
8.0,8.0,1.0,2.0,22.0,16.0,654.0,1536.0,0.184803559555608,0.19082719424152972,0.00390625,0.0,6400000.0
1.0,8.0,1.0,1.0,1.0,1.0,35.0,32.0,-0.0030632107251067353,-0.0017650185808415486,1.0,32768.0,6400000.0
1.0,8.0,1.0,1.0,1.0,1.0,35.0,32.0,-0.0030632107251067353,-0.0017650185808415486,0.03125,32768.0,6400000.0
8.0,8.0,1.0,2.0,22.0,16.0,654.0,1536.0,0.184803559555608,0.19082719424152972,0.000976562,0.0078125,6400000.0
3.0,8.0,1.0,2.0,9.0,6.0,279.0,576.0,0.10115259004895938,0.10346957106453547,0.00195312,64.0,6400000.0
8.0,8.0,1.0,2.0,22.0,16.0,654.0,1536.0,0.184803559555608,0.19082719424152972,0.125,1.0,6400000.0
8.0,8.0,1.0,2.0,22.0,16.0,654.0,1536.0,0.184803559555608,0.19082719424152972,0.000976562,8.0,6400000.0
1.0,8.0,1.0,1.0,1.0,1.0,35.0,32.0,-0.0030632107251067353,-0.0017650185808415486,0.00390625,512.0,6400000.0
1.0,1.0,1.0,2.0,3.0,2.0,108.0,192.0,0.03911015413878083,0.040912063041146696,0.00390625,4.0,6400000.0
8.0,8.0,1.0,2.0,22.0,16.0,654.0,1536.0,0.184803559555608,0.19082719424152972,0.00390625,0.5,6400000.0
1.0,1.0,2.0,3.0,7.0,4.0,223.0,512.0,0.049777517915640224,0.05405121197129903,0.03125,0.0625,6400000.0
1.0,8.0,1.0,1.0,1.0,1.0,35.0,32.0,-0.0030632107251067353,-0.0017650185808415486,0.5,8192.0,6400000.0
8.0,8.0,1.0,2.0,22.0,16.0,654.0,1536.0,0.184803559555608,0.19082719424152972,0.015625,16.0,6400000.0
1.0,8.0,1.0,1.0,1.0,1.0,35.0,32.0,-0.0030632107251067353,-0.0017650185808415486,0.0625,256.0,6400000.0
1.0,8.0,1.0,1.0,1.0,1.0,35.0,32.0,-0.0030632107251067353,-0.0017650185808415486,0.125,1024.0,6400000.0
1.0,1.0,2.0,3.0,7.0,4.0,223.0,512.0,0.049777517915640224,0.05405121197129903,0.03125,4.0,6400000.0
3.0,8.0,1.0,2.0,9.0,6.0,279.0,576.0,0.10115259004895938,0.10346957106453547,0.03125,64.0,6400000.0
8.0,8.0,1.0,2.0,22.0,16.0,654.0,1536.0,0.184803559555608,0.19082719424152972,0.0625,0.25,6400000.0
8.0,8.0,1.0,2.0,22.0,16.0,654.0,1536.0,0.184803559555608,0.19082719424152972,0.00195312,0.0625,6400000.0
1.0,8.0,1.0,1.0,1.0,1.0,35.0,32.0,-0.0030632107251067353,-0.0017650185808415486,4.0,1024.0,6400000.0
1.0,8.0,1.0,1.0,1.0,1.0,35.0,32.0,-0.0030632107251067353,-0.0017650185808415486,0.000976562,8192.0,6400000.0
8.0,8.0,1.0,2.0,22.0,16.0,654.0,1536.0,0.184803559555608,0.19082719424152972,8.0,0.0078125,6400000.0
8.0,8.0,1.0,2.0,22.0,16.0,654.0,1536.0,0.184803559555608,0.19082719424152972,4.0,1.0,6400000.0
8.0,8.0,1.0,2.0,22.0,16.0,654.0,1536.0,0.184803559555608,0.19082719424152972,1.0,0.0625,6400000.0
8.0,8.0,1.0,2.0,22.0,16.0,654.0,1536.0,0.184803559555608,0.19082719424152972,0.25,4.0,6400000.0
8.0,8.0,1.0,2.0,22.0,16.0,654.0,1536.0,0.184803559555608,0.19082719424152972,0.015625,0.03125,6400000.0
8.0,8.0,1.0,2.0,22.0,16.0,654.0,1536.0,0.184803559555608,0.19082719424152972,2.0,0.25,6400000.0
1.0,8.0,1.0,1.0,1.0,1.0,35.0,32.0,-0.0030632107251067353,-0.0017650185808415486,0.0078125,4096.0,6400000.0
8.0,8.0,1.0,2.0,22.0,16.0,654.0,1536.0,0.184803559555608,0.19082719424152972,0.125,0.00195312,6400000.0
1.0,8.0,1.0,1.0,1.0,1.0,35.0,32.0,-0.0030632107251067353,-0.0017650185808415486,2.0,256.0,6400000.0
8.0,8.0,1.0,2.0,22.0,16.0,654.0,1536.0,0.184803559555608,0.19082719424152972,0.0078125,4.0,6400000.0
8.0,8.0,1.0,2.0,22.0,16.0,654.0,1536.0,0.184803559555608,0.19082719424152972,0.0078125,0.00390625,6400000.0
8.0,8.0,1.0,2.0,22.0,16.0,654.0,1536.0,0.184803559555608,0.19082719424152972,32.0,0.0,6400000.0
8.0,8.0,1.0,2.0,22.0,16.0,654.0,1536.0,0.184803559555608,0.19082719424152972,8.0,8.0,6400000.0
1.0,8.0,1.0,1.0,1.0,1.0,35.0,32.0,-0.0030632107251067353,-0.0017650185808415486,8.0,8192.0,6400000.0
3.0,8.0,1.0,2.0,9.0,6.0,279.0,576.0,0.10115259004895938,0.10346957106453547,16.0,64.0,6400000.0
1.0,8.0,1.0,1.0,1.0,1.0,35.0,32.0,-0.0030632107251067353,-0.0017650185808415486,0.015625,16384.0,6400000.0
1.0,8.0,1.0,1.0,1.0,1.0,35.0,32.0,-0.0030632107251067353,-0.0017650185808415486,32.0,512.0,6400000.0
8.0,8.0,1.0,2.0,22.0,16.0,654.0,1536.0,0.184803559555608,0.19082719424152972,16.0,0.0625,6400000.0
8.0,8.0,1.0,2.0,22.0,16.0,654.0,1536.0,0.184803559555608,0.19082719424152972,32.0,0.5,6400000.0
1.0,8.0,1.0,1.0,1.0,1.0,35.0,32.0,-0.0030632107251067353,-0.0017650185808415486,0.25,4096.0,6400000.0
1.0,1.0,2.0,1.0,1.0,1.0,39.0,32.0,-0.0030632107251067353,-0.0017650185808415486,0.03125,512.0,6400000.0
1.0,1.0,2.0,3.0,7.0,4.0,223.0,512.0,0.049777517915640224,0.05405121197129903,0.0625,0.00195312,6400000.0
8.0,8.0,1.0,2.0,22.0,16.0,654.0,1536.0,0.184803559555608,0.19082719424152972,64.0,4.0,6400000.0
8.0,8.0,1.0,2.0,22.0,16.0,654.0,1536.0,0.184803559555608,0.19082719424152972,0.5,16.0,6400000.0
8.0,8.0,1.0,2.0,22.0,16.0,654.0,1536.0,0.184803559555608,0.19082719424152972,64.0,0.00390625,6400000.0
1.0,8.0,1.0,1.0,1.0,1.0,35.0,32.0,-0.0030632107251067353,-0.0017650185808415486,64.0,4096.0,6400000.0
1.0,8.0,1.0,1.0,1.0,1.0,35.0,32.0,-0.0030632107251067353,-0.0017650185808415486,128.0,0.03125,6400000.0
8.0,8.0,1.0,2.0,22.0,16.0,654.0,1536.0,0.184803559555608,0.19082719424152972,0.25,0.0078125,6400000.0
1.0,8.0,1.0,1.0,1.0,1.0,35.0,32.0,-0.0030632107251067353,-0.0017650185808415486,128.0,32.0,6400000.0
8.0,8.0,1.0,2.0,22.0,16.0,654.0,1536.0,0.184803559555608,0.19082719424152972,0.5,0.015625,6400000.0
1.0,8.0,1.0,1.0,1.0,1.0,35.0,32.0,-0.0030632107251067353,-0.0017650185808415486,128.0,32768.0,6400000.0
1.0,8.0,1.0,1.0,1.0,1.0,35.0,32.0,-0.0030632107251067353,-0.0017650185808415486,256.0,0.25,6400000.0
1.0,8.0,1.0,1.0,1.0,1.0,35.0,32.0,-0.0030632107251067353,-0.0017650185808415486,512.0,0.00195312,6400000.0
1.0,8.0,1.0,1.0,1.0,1.0,35.0,32.0,-0.0030632107251067353,-0.0017650185808415486,256.0,256.0,6400000.0
3.0,8.0,1.0,2.0,9.0,6.0,279.0,576.0,0.10115259004895938,0.10346957106453547,1.0,64.0,6400000.0
8.0,8.0,1.0,2.0,22.0,16.0,654.0,1536.0,0.184803559555608,0.19082719424152972,0.03125,0.125,6400000.0
8.0,8.0,1.0,2.0,22.0,16.0,654.0,1536.0,0.184803559555608,0.19082719424152972,4.0,0.00195312,6400000.0
8.0,8.0,1.0,2.0,22.0,16.0,654.0,1536.0,0.184803559555608,0.19082719424152972,0.0625,0.0,6400000.0
8.0,8.0,1.0,2.0,22.0,16.0,654.0,1536.0,0.184803559555608,0.19082719424152972,2.0,0.0,6400000.0
1.0,1.0,2.0,3.0,7.0,4.0,223.0,512.0,0.049777517915640224,0.05405121197129903,0.0625,2.0,6400000.0
1.0,8.0,1.0,1.0,1.0,1.0,35.0,32.0,-0.0030632107251067353,-0.0017650185808415486,1024.0,0.015625,6400000.0
1.0,8.0,1.0,1.0,1.0,1.0,35.0,32.0,-0.0030632107251067353,-0.0017650185808415486,512.0,2048.0,6400000.0
1.0,8.0,1.0,1.0,1.0,1.0,35.0,32.0,-0.0030632107251067353,-0.0017650185808415486,512.0,2.0,6400000.0
8.0,8.0,1.0,2.0,22.0,16.0,654.0,1536.0,0.184803559555608,0.19082719424152972,0.015625,32.0,6400000.0
8.0,8.0,1.0,2.0,22.0,16.0,654.0,1536.0,0.184803559555608,0.19082719424152972,0.125,2.0,6400000.0
1.0,1.0,1.0,2.0,3.0,2.0,108.0,192.0,0.03911015413878083,0.040912063041146696,0.00390625,8.0,6400000.0
1.0,8.0,1.0,1.0,1.0,1.0,35.0,32.0,-0.0030632107251067353,-0.0017650185808415486,0.0625,512.0,6400000.0
1.0,8.0,1.0,1.0,1.0,1.0,35.0,32.0,-0.0030632107251067353,-0.0017650185808415486,0.125,2048.0,6400000.0
1.0,8.0,1.0,1.0,1.0,1.0,35.0,32.0,-0.0030632107251067353,-0.0017650185808415486,0.5,16384.0,6400000.0
1.0,8.0,1.0,1.0,1.0,1.0,35.0,32.0,-0.0030632107251067353,-0.0017650185808415486,1024.0,16.0,6400000.0
8.0,8.0,1.0,2.0,22.0,16.0,654.0,1536.0,0.184803559555608,0.19082719424152972,0.0625,0.5,6400000.0
1.0,8.0,1.0,1.0,1.0,1.0,35.0,32.0,-0.0030632107251067353,-0.0017650185808415486,2048.0,0.125,6400000.0
1.0,1.0,2.0,3.0,7.0,4.0,223.0,512.0,0.049777517915640224,0.05405121197129903,0.03125,0.125,6400000.0
1.0,8.0,1.0,1.0,1.0,1.0,35.0,32.0,-0.0030632107251067353,-0.0017650185808415486,0.03125,128.0,6400000.0
1.0,1.0,2.0,3.0,5.0,3.0,158.0,352.0,0.048146068319603885,0.051476191507202285,0.03125,8.0,6400000.0
1.0,8.0,1.0,1.0,1.0,1.0,35.0,32.0,-0.0030632107251067353,-0.0017650185808415486,4096.0,0.000976562,6400000.0
1.0,8.0,1.0,1.0,1.0,1.0,35.0,32.0,-0.0030632107251067353,-0.0017650185808415486,4.0,2048.0,6400000.0
1.0,8.0,1.0,1.0,1.0,1.0,35.0,32.0,-0.0030632107251067353,-0.0017650185808415486,2048.0,128.0,6400000.0
1.0,8.0,1.0,1.0,1.0,1.0,35.0,32.0,-0.0030632107251067353,-0.0017650185808415486,1024.0,16384.0,6400000.0
8.0,8.0,1.0,2.0,22.0,16.0,654.0,1536.0,0.184803559555608,0.19082719424152972,8.0,0.015625,6400000.0
8.0,8.0,1.0,2.0,22.0,16.0,654.0,1536.0,0.184803559555608,0.19082719424152972,4.0,2.0,6400000.0
8.0,8.0,1.0,2.0,22.0,16.0,654.0,1536.0,0.184803559555608,0.19082719424152972,0.25,8.0,6400000.0
1.0,8.0,1.0,1.0,1.0,1.0,35.0,32.0,-0.0030632107251067353,-0.0017650185808415486,32.0,1024.0,6400000.0
1.0,8.0,1.0,1.0,1.0,1.0,35.0,32.0,-0.0030632107251067353,-0.0017650185808415486,2.0,512.0,6400000.0
1.0,8.0,1.0,1.0,1.0,1.0,35.0,32.0,-0.0030632107251067353,-0.0017650185808415486,8.0,16384.0,6400000.0
1.0,8.0,1.0,1.0,1.0,1.0,35.0,32.0,-0.0030632107251067353,-0.0017650185808415486,0.015625,32768.0,6400000.0
8.0,8.0,1.0,2.0,22.0,16.0,654.0,1536.0,0.184803559555608,0.19082719424152972,2.0,0.5,6400000.0
8.0,8.0,1.0,2.0,22.0,16.0,654.0,1536.0,0.184803559555608,0.19082719424152972,8.0,16.0,6400000.0
1.0,8.0,1.0,1.0,1.0,1.0,35.0,32.0,-0.0030632107251067353,-0.0017650185808415486,4096.0,1024.0,6400000.0
8.0,8.0,1.0,2.0,22.0,16.0,654.0,1536.0,0.184803559555608,0.19082719424152972,1.0,0.125,6400000.0
8.0,8.0,1.0,2.0,22.0,16.0,654.0,1536.0,0.184803559555608,0.19082719424152972,0.125,0.00390625,6400000.0
1.0,8.0,1.0,1.0,1.0,1.0,35.0,32.0,-0.0030632107251067353,-0.0017650185808415486,4096.0,1.0,6400000.0
1.0,8.0,1.0,1.0,1.0,1.0,35.0,32.0,-0.0030632107251067353,-0.0017650185808415486,16.0,128.0,6400000.0
8.0,8.0,1.0,2.0,22.0,16.0,654.0,1536.0,0.184803559555608,0.19082719424152972,32.0,1.0,6400000.0
1.0,1.0,2.0,3.0,7.0,4.0,223.0,512.0,0.049777517915640224,0.05405121197129903,0.0625,0.00390625,6400000.0
8.0,8.0,1.0,2.0,22.0,16.0,654.0,1536.0,0.184803559555608,0.19082719424152972,0.5,32.0,6400000.0
8.0,8.0,1.0,2.0,22.0,16.0,654.0,1536.0,0.184803559555608,0.19082719424152972,32.0,0.000976562,6400000.0
8.0,8.0,1.0,2.0,22.0,16.0,654.0,1536.0,0.184803559555608,0.19082719424152972,16.0,0.125,6400000.0
1.0,1.0,2.0,1.0,1.0,1.0,39.0,32.0,-0.0030632107251067353,-0.0017650185808415486,0.03125,1024.0,6400000.0
1.0,8.0,1.0,1.0,1.0,1.0,35.0,32.0,-0.0030632107251067353,-0.0017650185808415486,128.0,0.0625,6400000.0
8.0,8.0,1.0,2.0,22.0,16.0,654.0,1536.0,0.184803559555608,0.19082719424152972,64.0,8.0,6400000.0
1.0,8.0,1.0,1.0,1.0,1.0,35.0,32.0,-0.0030632107251067353,-0.0017650185808415486,8192.0,0.0078125,6400000.0
1.0,1.0,2.0,1.0,1.0,1.0,39.0,32.0,-0.0030632107251067353,-0.0017650185808415486,0.0625,2048.0,6400000.0
1.0,8.0,1.0,1.0,1.0,1.0,35.0,32.0,-0.0030632107251067353,-0.0017650185808415486,0.25,8192.0,6400000.0
8.0,8.0,1.0,2.0,22.0,16.0,654.0,1536.0,0.184803559555608,0.19082719424152972,0.5,0.03125,6400000.0
1.0,8.0,1.0,1.0,1.0,1.0,35.0,32.0,-0.0030632107251067353,-0.0017650185808415486,64.0,8192.0,6400000.0
8.0,8.0,1.0,2.0,22.0,16.0,654.0,1536.0,0.184803559555608,0.19082719424152972,0.25,0.015625,6400000.0
1.0,8.0,1.0,1.0,1.0,1.0,35.0,32.0,-0.0030632107251067353,-0.0017650185808415486,128.0,64.0,6400000.0
8.0,8.0,1.0,2.0,22.0,16.0,654.0,1536.0,0.184803559555608,0.19082719424152972,64.0,0.0078125,6400000.0
1.0,8.0,1.0,1.0,1.0,1.0,35.0,32.0,-0.0030632107251067353,-0.0017650185808415486,256.0,0.0,6400000.0
1.0,8.0,1.0,1.0,1.0,1.0,35.0,32.0,-0.0030632107251067353,-0.0017650185808415486,512.0,0.00390625,6400000.0
1.0,8.0,1.0,1.0,1.0,1.0,35.0,32.0,-0.0030632107251067353,-0.0017650185808415486,1.0,128.0,6400000.0
8.0,8.0,1.0,2.0,22.0,16.0,654.0,1536.0,0.184803559555608,0.19082719424152972,0.03125,0.25,6400000.0
1.0,8.0,1.0,1.0,1.0,1.0,35.0,32.0,-0.0030632107251067353,-0.0017650185808415486,256.0,512.0,6400000.0
1.0,8.0,1.0,1.0,1.0,1.0,35.0,32.0,-0.0030632107251067353,-0.0017650185808415486,256.0,0.5,6400000.0
8.0,8.0,1.0,2.0,22.0,16.0,654.0,1536.0,0.184803559555608,0.19082719424152972,4.0,0.00390625,6400000.0
1.0,1.0,2.0,3.0,7.0,4.0,223.0,512.0,0.049777517915640224,0.05405121197129903,0.0625,4.0,6400000.0
8.0,8.0,1.0,2.0,22.0,16.0,654.0,1536.0,0.184803559555608,0.19082719424152972,2.0,0.000976562,6400000.0
8.0,8.0,1.0,2.0,22.0,16.0,654.0,1536.0,0.184803559555608,0.19082719424152972,0.0625,0.000976562,6400000.0
1.0,8.0,1.0,1.0,1.0,1.0,35.0,32.0,-0.0030632107251067353,-0.0017650185808415486,512.0,4096.0,6400000.0
1.0,8.0,1.0,1.0,1.0,1.0,35.0,32.0,-0.0030632107251067353,-0.0017650185808415486,512.0,4.0,6400000.0
1.0,8.0,1.0,1.0,1.0,1.0,35.0,32.0,-0.0030632107251067353,-0.0017650185808415486,1024.0,0.03125,6400000.0
1.0,8.0,1.0,1.0,1.0,1.0,35.0,32.0,-0.0030632107251067353,-0.0017650185808415486,1024.0,32.0,6400000.0
1.0,1.0,1.0,2.0,3.0,2.0,108.0,192.0,0.03911015413878083,0.040912063041146696,0.00390625,16.0,6400000.0
1.0,8.0,1.0,1.0,1.0,1.0,35.0,32.0,-0.0030632107251067353,-0.0017650185808415486,0.125,4096.0,6400000.0
8.0,8.0,1.0,2.0,22.0,16.0,654.0,1536.0,0.184803559555608,0.19082719424152972,0.125,4.0,6400000.0
1.0,8.0,1.0,1.0,1.0,1.0,35.0,32.0,-0.0030632107251067353,-0.0017650185808415486,0.0625,1024.0,6400000.0
1.0,8.0,1.0,1.0,1.0,1.0,35.0,32.0,-0.0030632107251067353,-0.0017650185808415486,2048.0,0.25,6400000.0
1.0,8.0,1.0,1.0,1.0,1.0,35.0,32.0,-0.0030632107251067353,-0.0017650185808415486,0.5,32768.0,6400000.0
1.0,1.0,2.0,3.0,5.0,3.0,158.0,352.0,0.048146068319603885,0.051476191507202285,0.03125,16.0,6400000.0
8.0,8.0,1.0,2.0,22.0,16.0,654.0,1536.0,0.184803559555608,0.19082719424152972,0.0625,1.0,6400000.0
1.0,8.0,1.0,1.0,1.0,1.0,35.0,32.0,-0.0030632107251067353,-0.0017650185808415486,0.03125,256.0,6400000.0
1.0,8.0,1.0,1.0,1.0,1.0,35.0,32.0,-0.0030632107251067353,-0.0017650185808415486,8192.0,8.0,6400000.0
1.0,8.0,1.0,1.0,1.0,1.0,35.0,32.0,-0.0030632107251067353,-0.0017650185808415486,1024.0,32768.0,6400000.0
1.0,8.0,1.0,1.0,1.0,1.0,35.0,32.0,-0.0030632107251067353,-0.0017650185808415486,2048.0,256.0,6400000.0
1.0,8.0,1.0,1.0,1.0,1.0,35.0,32.0,-0.0030632107251067353,-0.0017650185808415486,4.0,4096.0,6400000.0
8.0,8.0,1.0,2.0,22.0,16.0,654.0,1536.0,0.184803559555608,0.19082719424152972,8.0,0.03125,6400000.0
1.0,8.0,1.0,1.0,1.0,1.0,35.0,32.0,-0.0030632107251067353,-0.0017650185808415486,4096.0,0.00195312,6400000.0
1.0,8.0,1.0,1.0,1.0,1.0,35.0,32.0,-0.0030632107251067353,-0.0017650185808415486,8192.0,8192.0,6400000.0
8.0,8.0,1.0,2.0,22.0,16.0,654.0,1536.0,0.184803559555608,0.19082719424152972,4.0,4.0,6400000.0
1.0,8.0,1.0,1.0,1.0,1.0,35.0,32.0,-0.0030632107251067353,-0.0017650185808415486,8.0,32768.0,6400000.0
8.0,8.0,1.0,2.0,22.0,16.0,654.0,1536.0,0.184803559555608,0.19082719424152972,0.25,16.0,6400000.0
1.0,8.0,1.0,1.0,1.0,1.0,35.0,32.0,-0.0030632107251067353,-0.0017650185808415486,2.0,1024.0,6400000.0
1.0,8.0,1.0,1.0,1.0,1.0,35.0,32.0,-0.0030632107251067353,-0.0017650185808415486,4096.0,2048.0,6400000.0
1.0,8.0,1.0,1.0,1.0,1.0,35.0,32.0,-0.0030632107251067353,-0.0017650185808415486,16384.0,0.0625,6400000.0
1.0,8.0,1.0,1.0,1.0,1.0,35.0,32.0,-0.0030632107251067353,-0.0017650185808415486,32.0,2048.0,6400000.0
1.0,1.0,2.0,3.0,7.0,4.0,223.0,512.0,0.049777517915640224,0.05405121197129903,0.0625,0.0078125,6400000.0
8.0,8.0,1.0,2.0,22.0,16.0,654.0,1536.0,0.184803559555608,0.19082719424152972,8.0,32.0,6400000.0
8.0,8.0,1.0,2.0,22.0,16.0,654.0,1536.0,0.184803559555608,0.19082719424152972,2.0,1.0,6400000.0
8.0,8.0,1.0,2.0,22.0,16.0,654.0,1536.0,0.184803559555608,0.19082719424152972,0.125,0.0078125,6400000.0
8.0,8.0,1.0,2.0,22.0,16.0,654.0,1536.0,0.184803559555608,0.19082719424152972,1.0,0.25,6400000.0
1.0,1.0,2.0,1.0,1.0,1.0,39.0,32.0,-0.0030632107251067353,-0.0017650185808415486,0.0625,4096.0,6400000.0
1.0,8.0,1.0,1.0,1.0,1.0,35.0,32.0,-0.0030632107251067353,-0.0017650185808415486,4096.0,2.0,6400000.0
3.0,8.0,1.0,2.0,9.0,6.0,279.0,576.0,0.10115259004895938,0.10346957106453547,0.5,64.0,6400000.0
1.0,8.0,1.0,1.0,1.0,1.0,35.0,32.0,-0.0030632107251067353,-0.0017650185808415486,8192.0,0.015625,6400000.0
1.0,8.0,1.0,1.0,1.0,1.0,35.0,32.0,-0.0030632107251067353,-0.0017650185808415486,16.0,256.0,6400000.0
8.0,8.0,1.0,2.0,22.0,16.0,654.0,1536.0,0.184803559555608,0.19082719424152972,64.0,16.0,6400000.0
8.0,8.0,1.0,2.0,22.0,16.0,654.0,1536.0,0.184803559555608,0.19082719424152972,32.0,0.00195312,6400000.0
1.0,8.0,1.0,1.0,1.0,1.0,35.0,32.0,-0.0030632107251067353,-0.0017650185808415486,64.0,16384.0,6400000.0
1.0,1.0,2.0,1.0,1.0,1.0,39.0,32.0,-0.0030632107251067353,-0.0017650185808415486,0.03125,2048.0,6400000.0
8.0,8.0,1.0,2.0,22.0,16.0,654.0,1536.0,0.184803559555608,0.19082719424152972,16.0,0.25,6400000.0
8.0,8.0,1.0,2.0,22.0,16.0,654.0,1536.0,0.184803559555608,0.19082719424152972,0.25,0.03125,6400000.0
1.0,8.0,1.0,1.0,1.0,1.0,35.0,32.0,-0.0030632107251067353,-0.0017650185808415486,0.25,16384.0,6400000.0
1.0,8.0,1.0,1.0,1.0,1.0,35.0,32.0,-0.0030632107251067353,-0.0017650185808415486,128.0,0.125,6400000.0
8.0,8.0,1.0,2.0,22.0,16.0,654.0,1536.0,0.184803559555608,0.19082719424152972,0.5,0.0625,6400000.0
1.0,8.0,1.0,1.0,1.0,1.0,35.0,32.0,-0.0030632107251067353,-0.0017650185808415486,512.0,0.0078125,6400000.0
1.0,8.0,1.0,1.0,1.0,1.0,35.0,32.0,-0.0030632107251067353,-0.0017650185808415486,1.0,256.0,6400000.0
1.0,8.0,1.0,1.0,1.0,1.0,35.0,32.0,-0.0030632107251067353,-0.0017650185808415486,128.0,128.0,6400000.0
1.0,8.0,1.0,1.0,1.0,1.0,35.0,32.0,-0.0030632107251067353,-0.0017650185808415486,256.0,0.000976562,6400000.0
8.0,8.0,1.0,2.0,22.0,16.0,654.0,1536.0,0.184803559555608,0.19082719424152972,32.0,2.0,6400000.0
8.0,8.0,1.0,2.0,22.0,16.0,654.0,1536.0,0.184803559555608,0.19082719424152972,64.0,0.015625,6400000.0
1.0,8.0,1.0,1.0,1.0,1.0,35.0,32.0,-0.0030632107251067353,-0.0017650185808415486,256.0,1.0,6400000.0
1.0,8.0,1.0,1.0,1.0,1.0,35.0,32.0,-0.0030632107251067353,-0.0017650185808415486,16384.0,64.0,6400000.0
1.0,8.0,1.0,1.0,1.0,1.0,35.0,32.0,-0.0030632107251067353,-0.0017650185808415486,256.0,1024.0,6400000.0
8.0,8.0,1.0,2.0,22.0,16.0,654.0,1536.0,0.184803559555608,0.19082719424152972,4.0,0.0078125,6400000.0
1.0,8.0,1.0,1.0,1.0,1.0,35.0,32.0,-0.0030632107251067353,-0.0017650185808415486,512.0,8.0,6400000.0
8.0,8.0,1.0,2.0,22.0,16.0,654.0,1536.0,0.184803559555608,0.19082719424152972,0.0625,0.00195312,6400000.0
1.0,8.0,1.0,1.0,1.0,1.0,35.0,32.0,-0.0030632107251067353,-0.0017650185808415486,512.0,8192.0,6400000.0
1.0,1.0,2.0,3.0,5.0,3.0,158.0,352.0,0.048146068319603885,0.051476191507202285,0.0625,8.0,6400000.0
8.0,8.0,1.0,2.0,22.0,16.0,654.0,1536.0,0.184803559555608,0.19082719424152972,2.0,0.00195312,6400000.0
1.0,8.0,1.0,1.0,1.0,1.0,35.0,32.0,-0.0030632107251067353,-0.0017650185808415486,1024.0,0.0625,6400000.0
1.0,1.0,1.0,2.0,3.0,2.0,108.0,192.0,0.03911015413878083,0.040912063041146696,0.00390625,32.0,6400000.0
8.0,8.0,1.0,2.0,22.0,16.0,654.0,1536.0,0.184803559555608,0.19082719424152972,0.125,8.0,6400000.0
1.0,8.0,1.0,1.0,1.0,1.0,35.0,32.0,-0.0030632107251067353,-0.0017650185808415486,1024.0,64.0,6400000.0
1.0,8.0,1.0,1.0,1.0,1.0,35.0,32.0,-0.0030632107251067353,-0.0017650185808415486,0.125,8192.0,6400000.0
1.0,8.0,1.0,1.0,1.0,1.0,35.0,32.0,-0.0030632107251067353,-0.0017650185808415486,2048.0,0.5,6400000.0
8.0,8.0,1.0,2.0,22.0,16.0,654.0,1536.0,0.184803559555608,0.19082719424152972,1.0,0.0,6400000.0
1.0,8.0,1.0,1.0,1.0,1.0,35.0,32.0,-0.0030632107251067353,-0.0017650185808415486,0.0625,2048.0,6400000.0
1.0,1.0,2.0,2.0,3.0,2.0,112.0,192.0,0.03911015413878083,0.040912063041146696,0.03125,32.0,6400000.0
8.0,8.0,1.0,2.0,22.0,16.0,654.0,1536.0,0.184803559555608,0.19082719424152972,0.0625,2.0,6400000.0
1.0,8.0,1.0,1.0,1.0,1.0,35.0,32.0,-0.0030632107251067353,-0.0017650185808415486,2048.0,0.0,6400000.0
1.0,8.0,1.0,1.0,1.0,1.0,35.0,32.0,-0.0030632107251067353,-0.0017650185808415486,2048.0,512.0,6400000.0
1.0,8.0,1.0,1.0,1.0,1.0,35.0,32.0,-0.0030632107251067353,-0.0017650185808415486,4096.0,0.00390625,6400000.0
1.0,8.0,1.0,1.0,1.0,1.0,35.0,32.0,-0.0030632107251067353,-0.0017650185808415486,4.0,8192.0,6400000.0
8.0,8.0,1.0,2.0,22.0,16.0,654.0,1536.0,0.184803559555608,0.19082719424152972,4.0,8.0,6400000.0
1.0,8.0,1.0,1.0,1.0,1.0,35.0,32.0,-0.0030632107251067353,-0.0017650185808415486,8192.0,16.0,6400000.0
1.0,8.0,1.0,1.0,1.0,1.0,35.0,32.0,-0.0030632107251067353,-0.0017650185808415486,32768.0,0.0,6400000.0
1.0,8.0,1.0,1.0,1.0,1.0,35.0,32.0,-0.0030632107251067353,-0.0017650185808415486,8192.0,16384.0,6400000.0
8.0,8.0,1.0,2.0,22.0,16.0,654.0,1536.0,0.184803559555608,0.19082719424152972,8.0,0.0625,6400000.0
8.0,8.0,1.0,2.0,22.0,16.0,654.0,1536.0,0.184803559555608,0.19082719424152972,16.0,0.0,6400000.0
8.0,8.0,1.0,2.0,22.0,16.0,654.0,1536.0,0.184803559555608,0.19082719424152972,0.25,32.0,6400000.0
1.0,8.0,1.0,1.0,1.0,1.0,35.0,32.0,-0.0030632107251067353,-0.0017650185808415486,4096.0,4096.0,6400000.0
1.0,8.0,1.0,1.0,1.0,1.0,35.0,32.0,-0.0030632107251067353,-0.0017650185808415486,2.0,2048.0,6400000.0
1.0,8.0,1.0,1.0,1.0,1.0,35.0,32.0,-0.0030632107251067353,-0.0017650185808415486,16384.0,0.125,6400000.0
1.0,1.0,2.0,3.0,7.0,4.0,223.0,512.0,0.049777517915640224,0.05405121197129903,0.0625,0.015625,6400000.0
8.0,8.0,1.0,2.0,22.0,16.0,654.0,1536.0,0.184803559555608,0.19082719424152972,0.125,0.015625,6400000.0
8.0,8.0,1.0,2.0,22.0,16.0,654.0,1536.0,0.184803559555608,0.19082719424152972,1.0,0.5,6400000.0
1.0,8.0,1.0,1.0,1.0,1.0,35.0,32.0,-0.0030632107251067353,-0.0017650185808415486,32.0,4096.0,6400000.0
1.0,1.0,2.0,1.0,1.0,1.0,39.0,32.0,-0.0030632107251067353,-0.0017650185808415486,0.0625,8192.0,6400000.0
1.0,8.0,1.0,1.0,1.0,1.0,35.0,32.0,-0.0030632107251067353,-0.0017650185808415486,0.5,128.0,6400000.0
1.0,8.0,1.0,1.0,1.0,1.0,35.0,32.0,-0.0030632107251067353,-0.0017650185808415486,16.0,512.0,6400000.0
8.0,8.0,1.0,2.0,22.0,16.0,654.0,1536.0,0.184803559555608,0.19082719424152972,2.0,2.0,6400000.0
3.0,8.0,1.0,2.0,9.0,6.0,279.0,576.0,0.10115259004895938,0.10346957106453547,8.0,64.0,6400000.0
8.0,8.0,1.0,2.0,22.0,16.0,654.0,1536.0,0.184803559555608,0.19082719424152972,0.25,0.0625,6400000.0
1.0,8.0,1.0,1.0,1.0,1.0,35.0,32.0,-0.0030632107251067353,-0.0017650185808415486,8192.0,0.03125,6400000.0
1.0,8.0,1.0,1.0,1.0,1.0,35.0,32.0,-0.0030632107251067353,-0.0017650185808415486,4096.0,4.0,6400000.0
8.0,8.0,1.0,2.0,22.0,16.0,654.0,1536.0,0.184803559555608,0.19082719424152972,32.0,0.00390625,6400000.0
1.0,1.0,2.0,1.0,1.0,1.0,39.0,32.0,-0.0030632107251067353,-0.0017650185808415486,0.03125,4096.0,6400000.0
8.0,8.0,1.0,2.0,22.0,16.0,654.0,1536.0,0.184803559555608,0.19082719424152972,32.0,4.0,6400000.0
8.0,8.0,1.0,2.0,22.0,16.0,654.0,1536.0,0.184803559555608,0.19082719424152972,16.0,0.5,6400000.0
1.0,8.0,1.0,1.0,1.0,1.0,35.0,32.0,-0.0030632107251067353,-0.0017650185808415486,64.0,32768.0,6400000.0
1.0,8.0,1.0,1.0,1.0,1.0,35.0,32.0,-0.0030632107251067353,-0.0017650185808415486,128.0,0.25,6400000.0
1.0,8.0,1.0,1.0,1.0,1.0,35.0,32.0,-0.0030632107251067353,-0.0017650185808415486,256.0,0.00195312,6400000.0
1.0,8.0,1.0,1.0,1.0,1.0,35.0,32.0,-0.0030632107251067353,-0.0017650185808415486,128.0,256.0,6400000.0
1.0,8.0,1.0,1.0,1.0,1.0,35.0,32.0,-0.0030632107251067353,-0.0017650185808415486,0.25,32768.0,6400000.0
1.0,8.0,1.0,1.0,1.0,1.0,35.0,32.0,-0.0030632107251067353,-0.0017650185808415486,1.0,512.0,6400000.0
1.0,8.0,1.0,1.0,1.0,1.0,35.0,32.0,-0.0030632107251067353,-0.0017650185808415486,512.0,0.015625,6400000.0
1.0,8.0,1.0,1.0,1.0,1.0,35.0,32.0,-0.0030632107251067353,-0.0017650185808415486,256.0,2.0,6400000.0
8.0,8.0,1.0,2.0,22.0,16.0,654.0,1536.0,0.184803559555608,0.19082719424152972,64.0,32.0,6400000.0
8.0,8.0,1.0,2.0,22.0,16.0,654.0,1536.0,0.184803559555608,0.19082719424152972,4.0,0.015625,6400000.0
8.0,8.0,1.0,2.0,22.0,16.0,654.0,1536.0,0.184803559555608,0.19082719424152972,0.5,0.125,6400000.0
1.0,8.0,1.0,1.0,1.0,1.0,35.0,32.0,-0.0030632107251067353,-0.0017650185808415486,256.0,2048.0,6400000.0
1.0,8.0,1.0,1.0,1.0,1.0,35.0,32.0,-0.0030632107251067353,-0.0017650185808415486,1024.0,0.125,6400000.0
1.0,8.0,1.0,1.0,1.0,1.0,35.0,32.0,-0.0030632107251067353,-0.0017650185808415486,16384.0,128.0,6400000.0
1.0,1.0,2.0,3.0,5.0,3.0,158.0,352.0,0.048146068319603885,0.051476191507202285,0.0625,16.0,6400000.0
8.0,8.0,1.0,2.0,22.0,16.0,654.0,1536.0,0.184803559555608,0.19082719424152972,64.0,0.03125,6400000.0
1.0,8.0,1.0,1.0,1.0,1.0,35.0,32.0,-0.0030632107251067353,-0.0017650185808415486,512.0,16.0,6400000.0
1.0,8.0,1.0,1.0,1.0,1.0,35.0,32.0,-0.0030632107251067353,-0.0017650185808415486,512.0,16384.0,6400000.0
8.0,8.0,1.0,2.0,22.0,16.0,654.0,1536.0,0.184803559555608,0.19082719424152972,2.0,0.00390625,6400000.0
1.0,8.0,1.0,1.0,1.0,1.0,35.0,32.0,-0.0030632107251067353,-0.0017650185808415486,32768.0,0.5,6400000.0
1.0,1.0,1.0,2.0,3.0,2.0,108.0,192.0,0.03911015413878083,0.040912063041146696,0.00390625,64.0,6400000.0
8.0,8.0,1.0,2.0,22.0,16.0,654.0,1536.0,0.184803559555608,0.19082719424152972,0.125,16.0,6400000.0
1.0,8.0,1.0,1.0,1.0,1.0,35.0,32.0,-0.0030632107251067353,-0.0017650185808415486,1024.0,128.0,6400000.0
8.0,8.0,1.0,2.0,22.0,16.0,654.0,1536.0,0.184803559555608,0.19082719424152972,1.0,0.000976562,6400000.0
1.0,8.0,1.0,1.0,1.0,1.0,35.0,32.0,-0.0030632107251067353,-0.0017650185808415486,0.125,16384.0,6400000.0
1.0,1.0,2.0,2.0,3.0,2.0,112.0,192.0,0.03911015413878083,0.040912063041146696,0.03125,64.0,6400000.0
1.0,8.0,1.0,1.0,1.0,1.0,35.0,32.0,-0.0030632107251067353,-0.0017650185808415486,4096.0,0.0078125,6400000.0
1.0,8.0,1.0,1.0,1.0,1.0,35.0,32.0,-0.0030632107251067353,-0.0017650185808415486,32768.0,512.0,6400000.0
1.0,8.0,1.0,1.0,1.0,1.0,35.0,32.0,-0.0030632107251067353,-0.0017650185808415486,2048.0,1.0,6400000.0
1.0,8.0,1.0,1.0,1.0,1.0,35.0,32.0,-0.0030632107251067353,-0.0017650185808415486,2048.0,0.000976562,6400000.0
1.0,8.0,1.0,1.0,1.0,1.0,35.0,32.0,-0.0030632107251067353,-0.0017650185808415486,2048.0,1024.0,6400000.0
1.0,8.0,1.0,1.0,1.0,1.0,35.0,32.0,-0.0030632107251067353,-0.0017650185808415486,4.0,16384.0,6400000.0
1.0,8.0,1.0,1.0,1.0,1.0,35.0,32.0,-0.0030632107251067353,-0.0017650185808415486,32768.0,0.000976562,6400000.0
1.0,8.0,1.0,1.0,1.0,1.0,35.0,32.0,-0.0030632107251067353,-0.0017650185808415486,8192.0,32.0,6400000.0
1.0,8.0,1.0,1.0,1.0,1.0,35.0,32.0,-0.0030632107251067353,-0.0017650185808415486,8192.0,32768.0,6400000.0
8.0,8.0,2.0,6.0,50.0,32.0,1485.0,4096.0,0.2438660556498633,0.2506395189882554,0.0,0.00390625,6400000.0
8.0,8.0,1.0,2.0,22.0,16.0,654.0,1536.0,0.184803559555608,0.19082719424152972,4.0,16.0,6400000.0
8.0,8.0,1.0,2.0,22.0,16.0,654.0,1536.0,0.184803559555608,0.19082719424152972,8.0,0.125,6400000.0
3.0,8.0,1.0,2.0,9.0,6.0,279.0,576.0,0.10115259004895938,0.10346957106453547,0.25,64.0,6400000.0
8.0,8.0,1.0,2.0,22.0,16.0,654.0,1536.0,0.184803559555608,0.19082719424152972,16.0,0.000976562,6400000.0
1.0,8.0,1.0,1.0,1.0,1.0,35.0,32.0,-0.0030632107251067353,-0.0017650185808415486,4096.0,8192.0,6400000.0
1.0,8.0,1.0,1.0,1.0,1.0,35.0,32.0,-0.0030632107251067353,-0.0017650185808415486,2.0,4096.0,6400000.0
1.0,8.0,1.0,1.0,1.0,1.0,35.0,32.0,-0.0030632107251067353,-0.0017650185808415486,16384.0,0.25,6400000.0
1.0,8.0,1.0,1.0,1.0,1.0,35.0,32.0,-0.0030632107251067353,-0.0017650185808415486,32.0,8192.0,6400000.0
1.0,1.0,2.0,1.0,1.0,1.0,39.0,32.0,-0.0030632107251067353,-0.0017650185808415486,0.0625,16384.0,6400000.0
1.0,1.0,2.0,3.0,7.0,4.0,223.0,512.0,0.049777517915640224,0.05405121197129903,0.0625,0.03125,6400000.0
1.0,8.0,1.0,1.0,1.0,1.0,35.0,32.0,-0.0030632107251067353,-0.0017650185808415486,16.0,1024.0,6400000.0
1.0,8.0,1.0,1.0,1.0,1.0,35.0,32.0,-0.0030632107251067353,-0.0017650185808415486,8192.0,0.0625,6400000.0
1.0,8.0,1.0,1.0,1.0,1.0,35.0,32.0,-0.0030632107251067353,-0.0017650185808415486,8.0,128.0,6400000.0
1.0,8.0,1.0,1.0,1.0,1.0,35.0,32.0,-0.0030632107251067353,-0.0017650185808415486,0.5,256.0,6400000.0
8.0,8.0,1.0,2.0,22.0,16.0,654.0,1536.0,0.184803559555608,0.19082719424152972,0.25,0.125,6400000.0
1.0,8.0,1.0,1.0,1.0,1.0,35.0,32.0,-0.0030632107251067353,-0.0017650185808415486,1.0,1024.0,6400000.0
1.0,8.0,1.0,1.0,1.0,1.0,35.0,32.0,-0.0030632107251067353,-0.0017650185808415486,256.0,0.00390625,6400000.0
1.0,8.0,1.0,1.0,1.0,1.0,35.0,32.0,-0.0030632107251067353,-0.0017650185808415486,4096.0,8.0,6400000.0
8.0,8.0,1.0,2.0,22.0,16.0,654.0,1536.0,0.184803559555608,0.19082719424152972,1.0,1.0,6400000.0
1.0,8.0,1.0,1.0,1.0,1.0,35.0,32.0,-0.0030632107251067353,-0.0017650185808415486,128.0,0.0,6400000.0
1.0,1.0,2.0,1.0,1.0,1.0,39.0,32.0,-0.0030632107251067353,-0.0017650185808415486,0.03125,8192.0,6400000.0
8.0,8.0,2.0,4.0,47.0,31.0,1366.0,3936.0,0.24013541328420163,0.24770958980304536,0.0,4.0,6400000.0
8.0,8.0,1.0,2.0,22.0,16.0,654.0,1536.0,0.184803559555608,0.19082719424152972,32.0,8.0,6400000.0
8.0,8.0,1.0,2.0,22.0,16.0,654.0,1536.0,0.184803559555608,0.19082719424152972,32.0,0.0078125,6400000.0
1.0,8.0,1.0,1.0,1.0,1.0,35.0,32.0,-0.0030632107251067353,-0.0017650185808415486,128.0,0.5,6400000.0
8.0,8.0,1.0,2.0,22.0,16.0,654.0,1536.0,0.184803559555608,0.19082719424152972,2.0,4.0,6400000.0
1.0,8.0,1.0,1.0,1.0,1.0,35.0,32.0,-0.0030632107251067353,-0.0017650185808415486,256.0,4.0,6400000.0
1.0,8.0,1.0,1.0,1.0,1.0,35.0,32.0,-0.0030632107251067353,-0.0017650185808415486,128.0,512.0,6400000.0
8.0,8.0,1.0,2.0,22.0,16.0,654.0,1536.0,0.184803559555608,0.19082719424152972,0.5,0.0,6400000.0
1.0,8.0,1.0,1.0,1.0,1.0,35.0,32.0,-0.0030632107251067353,-0.0017650185808415486,64.0,64.0,6400000.0
1.0,8.0,1.0,1.0,1.0,1.0,35.0,32.0,-0.0030632107251067353,-0.0017650185808415486,512.0,0.03125,6400000.0
8.0,8.0,1.0,2.0,22.0,16.0,654.0,1536.0,0.184803559555608,0.19082719424152972,16.0,1.0,6400000.0
8.0,8.0,1.0,2.0,22.0,16.0,654.0,1536.0,0.184803559555608,0.19082719424152972,4.0,0.03125,6400000.0
8.0,8.0,1.0,2.0,22.0,16.0,654.0,1536.0,0.184803559555608,0.19082719424152972,0.5,0.25,6400000.0
1.0,8.0,1.0,1.0,1.0,1.0,35.0,32.0,-0.0030632107251067353,-0.0017650185808415486,256.0,4096.0,6400000.0
1.0,8.0,1.0,1.0,1.0,1.0,35.0,32.0,-0.0030632107251067353,-0.0017650185808415486,1024.0,0.25,6400000.0
8.0,8.0,1.0,2.0,22.0,16.0,654.0,1536.0,0.184803559555608,0.19082719424152972,64.0,0.0625,6400000.0
1.0,8.0,1.0,1.0,1.0,1.0,35.0,32.0,-0.0030632107251067353,-0.0017650185808415486,16384.0,256.0,6400000.0
1.0,8.0,1.0,1.0,1.0,1.0,35.0,32.0,-0.0030632107251067353,-0.0017650185808415486,512.0,32.0,6400000.0
8.0,8.0,1.0,2.0,22.0,16.0,654.0,1536.0,0.184803559555608,0.19082719424152972,2.0,0.0078125,6400000.0
1.0,8.0,1.0,1.0,1.0,1.0,35.0,32.0,-0.0030632107251067353,-0.0017650185808415486,32768.0,1.0,6400000.0
1.0,1.0,2.0,2.0,3.0,2.0,112.0,192.0,0.03911015413878083,0.040912063041146696,0.0625,32.0,6400000.0
1.0,1.0,1.0,1.0,1.0,1.0,35.0,32.0,-0.0030632107251067353,-0.0017650185808415486,0.00390625,128.0,6400000.0
1.0,8.0,1.0,1.0,1.0,1.0,35.0,32.0,-0.0030632107251067353,-0.0017650185808415486,512.0,32768.0,6400000.0
8.0,8.0,1.0,2.0,22.0,16.0,654.0,1536.0,0.184803559555608,0.19082719424152972,1.0,0.00195312,6400000.0
1.0,8.0,1.0,1.0,1.0,1.0,35.0,32.0,-0.0030632107251067353,-0.0017650185808415486,1024.0,256.0,6400000.0
1.0,1.0,2.0,3.0,7.0,4.0,223.0,512.0,0.049777517915640224,0.05405121197129903,0.125,0.015625,6400000.0
1.0,1.0,2.0,1.0,1.0,1.0,39.0,32.0,-0.0030632107251067353,-0.0017650185808415486,0.03125,128.0,6400000.0
1.0,8.0,1.0,1.0,1.0,1.0,35.0,32.0,-0.0030632107251067353,-0.0017650185808415486,32768.0,1024.0,6400000.0
1.0,8.0,1.0,1.0,1.0,1.0,35.0,32.0,-0.0030632107251067353,-0.0017650185808415486,2048.0,2.0,6400000.0
1.0,8.0,1.0,1.0,1.0,1.0,35.0,32.0,-0.0030632107251067353,-0.0017650185808415486,4096.0,0.015625,6400000.0
1.0,8.0,1.0,1.0,1.0,1.0,35.0,32.0,-0.0030632107251067353,-0.0017650185808415486,2048.0,2048.0,6400000.0
1.0,8.0,2.0,1.0,1.0,1.0,39.0,32.0,-0.0030632107251067353,-0.0017650185808415486,0.0,4096.0,6400000.0
1.0,8.0,1.0,1.0,1.0,1.0,35.0,32.0,-0.0030632107251067353,-0.0017650185808415486,32768.0,0.00195312,6400000.0
8.0,8.0,1.0,2.0,22.0,16.0,654.0,1536.0,0.184803559555608,0.19082719424152972,4.0,32.0,6400000.0
1.0,8.0,1.0,1.0,1.0,1.0,35.0,32.0,-0.0030632107251067353,-0.0017650185808415486,2048.0,0.00195312,6400000.0
1.0,8.0,1.0,1.0,1.0,1.0,35.0,32.0,-0.0030632107251067353,-0.0017650185808415486,16384.0,0.0,6400000.0
1.0,8.0,1.0,1.0,1.0,1.0,35.0,32.0,-0.0030632107251067353,-0.0017650185808415486,4.0,32768.0,6400000.0
8.0,8.0,1.0,2.0,22.0,16.0,654.0,1536.0,0.184803559555608,0.19082719424152972,8.0,0.25,6400000.0
8.0,8.0,2.0,6.0,50.0,32.0,1485.0,4096.0,0.2438660556498633,0.2506395189882554,0.0,0.0078125,6400000.0
1.0,8.0,1.0,1.0,1.0,1.0,35.0,32.0,-0.0030632107251067353,-0.0017650185808415486,8192.0,64.0,6400000.0
1.0,8.0,1.0,1.0,1.0,1.0,35.0,32.0,-0.0030632107251067353,-0.0017650185808415486,0.25,128.0,6400000.0
8.0,8.0,1.0,2.0,22.0,16.0,654.0,1536.0,0.184803559555608,0.19082719424152972,16.0,0.00195312,6400000.0
1.0,8.0,1.0,1.0,1.0,1.0,35.0,32.0,-0.0030632107251067353,-0.0017650185808415486,4096.0,16384.0,6400000.0
1.0,8.0,1.0,1.0,1.0,1.0,35.0,32.0,-0.0030632107251067353,-0.0017650185808415486,2.0,8192.0,6400000.0
1.0,8.0,1.0,1.0,1.0,1.0,35.0,32.0,-0.0030632107251067353,-0.0017650185808415486,16384.0,0.5,6400000.0
1.0,8.0,1.0,1.0,1.0,1.0,35.0,32.0,-0.0030632107251067353,-0.0017650185808415486,16.0,2048.0,6400000.0
1.0,8.0,1.0,1.0,1.0,1.0,35.0,32.0,-0.0030632107251067353,-0.0017650185808415486,1.0,2048.0,6400000.0
1.0,1.0,2.0,1.0,1.0,1.0,39.0,32.0,-0.0030632107251067353,-0.0017650185808415486,0.0625,32768.0,6400000.0
1.0,8.0,1.0,1.0,1.0,1.0,35.0,32.0,-0.0030632107251067353,-0.0017650185808415486,32.0,16384.0,6400000.0
1.0,8.0,1.0,1.0,1.0,1.0,35.0,32.0,-0.0030632107251067353,-0.0017650185808415486,8192.0,0.125,6400000.0
1.0,1.0,2.0,3.0,7.0,4.0,223.0,512.0,0.049777517915640224,0.05405121197129903,0.0625,0.0625,6400000.0
8.0,8.0,1.0,2.0,22.0,16.0,654.0,1536.0,0.184803559555608,0.19082719424152972,1.0,2.0,6400000.0
1.0,8.0,1.0,1.0,1.0,1.0,35.0,32.0,-0.0030632107251067353,-0.0017650185808415486,256.0,0.0078125,6400000.0
8.0,8.0,1.0,2.0,22.0,16.0,654.0,1536.0,0.184803559555608,0.19082719424152972,32.0,16.0,6400000.0
1.0,8.0,1.0,1.0,1.0,1.0,35.0,32.0,-0.0030632107251067353,-0.0017650185808415486,8.0,256.0,6400000.0
1.0,8.0,1.0,1.0,1.0,1.0,35.0,32.0,-0.0030632107251067353,-0.0017650185808415486,0.5,512.0,6400000.0
1.0,8.0,1.0,1.0,1.0,1.0,35.0,32.0,-0.0030632107251067353,-0.0017650185808415486,4096.0,16.0,6400000.0
1.0,8.0,1.0,1.0,1.0,1.0,35.0,32.0,-0.0030632107251067353,-0.0017650185808415486,128.0,1.0,6400000.0
1.0,8.0,1.0,1.0,1.0,1.0,35.0,32.0,-0.0030632107251067353,-0.0017650185808415486,128.0,0.000976562,6400000.0
8.0,8.0,1.0,2.0,22.0,16.0,654.0,1536.0,0.184803559555608,0.19082719424152972,0.5,0.000976562,6400000.0
8.0,8.0,2.0,6.0,50.0,32.0,1485.0,4096.0,0.2438660556498633,0.2506395189882554,0.000976562,0.03125,6400000.0
8.0,8.0,1.0,2.0,22.0,16.0,654.0,1536.0,0.184803559555608,0.19082719424152972,32.0,0.015625,6400000.0
1.0,1.0,2.0,1.0,1.0,1.0,39.0,32.0,-0.0030632107251067353,-0.0017650185808415486,0.03125,16384.0,6400000.0
8.0,8.0,1.0,2.0,22.0,16.0,654.0,1536.0,0.184803559555608,0.19082719424152972,2.0,8.0,6400000.0
1.0,8.0,1.0,1.0,1.0,1.0,35.0,32.0,-0.0030632107251067353,-0.0017650185808415486,128.0,1024.0,6400000.0
1.0,8.0,1.0,1.0,1.0,1.0,35.0,32.0,-0.0030632107251067353,-0.0017650185808415486,256.0,8.0,6400000.0
1.0,8.0,1.0,1.0,1.0,1.0,35.0,32.0,-0.0030632107251067353,-0.0017650185808415486,512.0,0.0625,6400000.0
8.0,8.0,2.0,3.0,41.0,27.0,1179.0,3296.0,0.23437483408904247,0.24050636192565555,0.0,8.0,6400000.0
1.0,8.0,1.0,1.0,1.0,1.0,35.0,32.0,-0.0030632107251067353,-0.0017650185808415486,64.0,128.0,6400000.0
1.0,8.0,1.0,1.0,1.0,1.0,35.0,32.0,-0.0030632107251067353,-0.0017650185808415486,256.0,8192.0,6400000.0
1.0,8.0,1.0,1.0,1.0,1.0,35.0,32.0,-0.0030632107251067353,-0.0017650185808415486,1024.0,0.5,6400000.0
8.0,8.0,1.0,2.0,22.0,16.0,654.0,1536.0,0.184803559555608,0.19082719424152972,16.0,2.0,6400000.0
8.0,8.0,1.0,2.0,22.0,16.0,654.0,1536.0,0.184803559555608,0.19082719424152972,64.0,0.125,6400000.0
8.0,8.0,1.0,2.0,22.0,16.0,654.0,1536.0,0.184803559555608,0.19082719424152972,4.0,0.0625,6400000.0
1.0,8.0,1.0,1.0,1.0,1.0,35.0,32.0,-0.0030632107251067353,-0.0017650185808415486,16384.0,512.0,6400000.0
1.0,8.0,1.0,1.0,1.0,1.0,35.0,32.0,-0.0030632107251067353,-0.0017650185808415486,32768.0,2.0,6400000.0
1.0,1.0,2.0,2.0,3.0,2.0,112.0,192.0,0.03911015413878083,0.040912063041146696,0.0625,64.0,6400000.0
8.0,8.0,1.0,2.0,22.0,16.0,654.0,1536.0,0.184803559555608,0.19082719424152972,0.5,0.5,6400000.0
8.0,8.0,1.0,2.0,22.0,16.0,654.0,1536.0,0.184803559555608,0.19082719424152972,2.0,0.015625,6400000.0
1.0,8.0,1.0,1.0,1.0,1.0,35.0,32.0,-0.0030632107251067353,-0.0017650185808415486,512.0,64.0,6400000.0
1.0,8.0,1.0,1.0,1.0,1.0,35.0,32.0,-0.0030632107251067353,-0.0017650185808415486,1024.0,0.0,6400000.0
8.0,8.0,1.0,2.0,22.0,16.0,654.0,1536.0,0.184803559555608,0.19082719424152972,1.0,0.00390625,6400000.0
8.0,8.0,2.0,2.0,22.0,16.0,664.0,1536.0,0.184803559555608,0.19082719424152972,0.000976562,32.0,6400000.0
1.0,1.0,2.0,3.0,7.0,4.0,223.0,512.0,0.049777517915640224,0.05405121197129903,0.125,0.03125,6400000.0
1.0,8.0,1.0,1.0,1.0,1.0,35.0,32.0,-0.0030632107251067353,-0.0017650185808415486,1024.0,512.0,6400000.0
1.0,8.0,1.0,1.0,1.0,1.0,35.0,32.0,-0.0030632107251067353,-0.0017650185808415486,4096.0,0.03125,6400000.0
1.0,8.0,1.0,1.0,1.0,1.0,35.0,32.0,-0.0030632107251067353,-0.0017650185808415486,2048.0,4.0,6400000.0
1.0,8.0,1.0,1.0,1.0,1.0,35.0,32.0,-0.0030632107251067353,-0.0017650185808415486,32768.0,2048.0,6400000.0
1.0,8.0,2.0,1.0,1.0,1.0,39.0,32.0,-0.0030632107251067353,-0.0017650185808415486,0.000976562,32768.0,6400000.0
1.0,8.0,1.0,1.0,1.0,1.0,35.0,32.0,-0.0030632107251067353,-0.0017650185808415486,2048.0,4096.0,6400000.0
1.0,8.0,2.0,1.0,1.0,1.0,39.0,32.0,-0.0030632107251067353,-0.0017650185808415486,0.0,8192.0,6400000.0
3.0,8.0,1.0,2.0,9.0,6.0,279.0,576.0,0.10115259004895938,0.10346957106453547,4.0,64.0,6400000.0
1.0,8.0,1.0,1.0,1.0,1.0,35.0,32.0,-0.0030632107251067353,-0.0017650185808415486,32768.0,0.00390625,6400000.0
1.0,8.0,1.0,1.0,1.0,1.0,35.0,32.0,-0.0030632107251067353,-0.0017650185808415486,16384.0,0.000976562,6400000.0
1.0,8.0,1.0,1.0,1.0,1.0,35.0,32.0,-0.0030632107251067353,-0.0017650185808415486,2048.0,0.00390625,6400000.0
1.0,8.0,1.0,1.0,1.0,1.0,35.0,32.0,-0.0030632107251067353,-0.0017650185808415486,8192.0,128.0,6400000.0
8.0,8.0,2.0,6.0,50.0,32.0,1485.0,4096.0,0.2438660556498633,0.2506395189882554,0.0,0.015625,6400000.0
8.0,8.0,1.0,2.0,22.0,16.0,654.0,1536.0,0.184803559555608,0.19082719424152972,8.0,0.5,6400000.0
8.0,8.0,1.0,2.0,22.0,16.0,654.0,1536.0,0.184803559555608,0.19082719424152972,8.0,0.0,6400000.0
8.0,8.0,1.0,2.0,22.0,16.0,654.0,1536.0,0.184803559555608,0.19082719424152972,16.0,0.00390625,6400000.0
8.0,8.0,2.0,6.0,50.0,32.0,1485.0,4096.0,0.2438660556498633,0.2506395189882554,0.00195312,0.25,6400000.0
1.0,8.0,1.0,1.0,1.0,1.0,35.0,32.0,-0.0030632107251067353,-0.0017650185808415486,4096.0,32768.0,6400000.0
1.0,8.0,1.0,1.0,1.0,1.0,35.0,32.0,-0.0030632107251067353,-0.0017650185808415486,2.0,16384.0,6400000.0
1.0,8.0,1.0,1.0,1.0,1.0,35.0,32.0,-0.0030632107251067353,-0.0017650185808415486,16384.0,1.0,6400000.0
1.0,8.0,1.0,1.0,1.0,1.0,35.0,32.0,-0.0030632107251067353,-0.0017650185808415486,16.0,4096.0,6400000.0
1.0,8.0,1.0,1.0,1.0,1.0,35.0,32.0,-0.0030632107251067353,-0.0017650185808415486,8192.0,0.25,6400000.0
1.0,8.0,1.0,1.0,1.0,1.0,35.0,32.0,-0.0030632107251067353,-0.0017650185808415486,32.0,32768.0,6400000.0
1.0,8.0,1.0,1.0,1.0,1.0,35.0,32.0,-0.0030632107251067353,-0.0017650185808415486,1.0,4096.0,6400000.0
1.0,1.0,2.0,3.0,7.0,4.0,223.0,512.0,0.049777517915640224,0.05405121197129903,0.0625,0.125,6400000.0
1.0,1.0,2.0,3.0,7.0,4.0,223.0,512.0,0.049777517915640224,0.05405121197129903,0.125,0.0,6400000.0
8.0,8.0,1.0,2.0,22.0,16.0,654.0,1536.0,0.184803559555608,0.19082719424152972,1.0,4.0,6400000.0
1.0,8.0,1.0,1.0,1.0,1.0,35.0,32.0,-0.0030632107251067353,-0.0017650185808415486,8.0,512.0,6400000.0
1.0,8.0,1.0,1.0,1.0,1.0,35.0,32.0,-0.0030632107251067353,-0.0017650185808415486,0.5,1024.0,6400000.0
8.0,8.0,1.0,2.0,22.0,16.0,654.0,1536.0,0.184803559555608,0.19082719424152972,32.0,32.0,6400000.0
1.0,8.0,1.0,1.0,1.0,1.0,35.0,32.0,-0.0030632107251067353,-0.0017650185808415486,256.0,0.015625,6400000.0
1.0,8.0,1.0,1.0,1.0,1.0,35.0,32.0,-0.0030632107251067353,-0.0017650185808415486,128.0,2.0,6400000.0
1.0,8.0,1.0,1.0,1.0,1.0,35.0,32.0,-0.0030632107251067353,-0.0017650185808415486,1024.0,1.0,6400000.0
1.0,8.0,1.0,1.0,1.0,1.0,35.0,32.0,-0.0030632107251067353,-0.0017650185808415486,512.0,0.125,6400000.0
1.0,8.0,1.0,1.0,1.0,1.0,35.0,32.0,-0.0030632107251067353,-0.0017650185808415486,128.0,0.00195312,6400000.0
8.0,8.0,1.0,2.0,22.0,16.0,654.0,1536.0,0.184803559555608,0.19082719424152972,16.0,4.0,6400000.0
8.0,8.0,2.0,6.0,50.0,32.0,1485.0,4096.0,0.2438660556498633,0.2506395189882554,0.000976562,0.0625,6400000.0
8.0,8.0,1.0,2.0,22.0,16.0,654.0,1536.0,0.184803559555608,0.19082719424152972,32.0,0.03125,6400000.0
1.0,8.0,1.0,1.0,1.0,1.0,35.0,32.0,-0.0030632107251067353,-0.0017650185808415486,4096.0,32.0,6400000.0
8.0,8.0,1.0,2.0,22.0,16.0,654.0,1536.0,0.184803559555608,0.19082719424152972,2.0,16.0,6400000.0
1.0,8.0,1.0,1.0,1.0,1.0,35.0,32.0,-0.0030632107251067353,-0.0017650185808415486,256.0,16.0,6400000.0
1.0,8.0,1.0,1.0,1.0,1.0,35.0,32.0,-0.0030632107251067353,-0.0017650185808415486,64.0,256.0,6400000.0
1.0,8.0,1.0,1.0,1.0,1.0,35.0,32.0,-0.0030632107251067353,-0.0017650185808415486,256.0,16384.0,6400000.0
1.0,1.0,2.0,1.0,1.0,1.0,39.0,32.0,-0.0030632107251067353,-0.0017650185808415486,0.03125,32768.0,6400000.0
1.0,8.0,1.0,1.0,1.0,1.0,35.0,32.0,-0.0030632107251067353,-0.0017650185808415486,128.0,2048.0,6400000.0
1.0,8.0,2.0,1.0,1.0,1.0,39.0,32.0,-0.0030632107251067353,-0.0017650185808415486,0.00195312,256.0,6400000.0
8.0,8.0,1.0,2.0,22.0,16.0,654.0,1536.0,0.184803559555608,0.19082719424152972,64.0,0.25,6400000.0
8.0,8.0,2.0,3.0,28.0,19.0,811.0,2016.0,0.21283928564259325,0.2171199351563362,0.0,16.0,6400000.0
8.0,8.0,1.0,2.0,22.0,16.0,654.0,1536.0,0.184803559555608,0.19082719424152972,4.0,0.125,6400000.0
8.0,8.0,1.0,2.0,22.0,16.0,654.0,1536.0,0.184803559555608,0.19082719424152972,0.5,1.0,6400000.0
1.0,8.0,1.0,1.0,1.0,1.0,35.0,32.0,-0.0030632107251067353,-0.0017650185808415486,512.0,128.0,6400000.0
1.0,8.0,1.0,1.0,1.0,1.0,35.0,32.0,-0.0030632107251067353,-0.0017650185808415486,32768.0,4.0,6400000.0
8.0,8.0,1.0,2.0,22.0,16.0,654.0,1536.0,0.184803559555608,0.19082719424152972,2.0,0.03125,6400000.0
1.0,8.0,1.0,1.0,1.0,1.0,35.0,32.0,-0.0030632107251067353,-0.0017650185808415486,1024.0,0.000976562,6400000.0
1.0,1.0,2.0,1.0,1.0,1.0,39.0,32.0,-0.0030632107251067353,-0.0017650185808415486,0.0625,128.0,6400000.0
1.0,8.0,1.0,1.0,1.0,1.0,35.0,32.0,-0.0030632107251067353,-0.0017650185808415486,16384.0,1024.0,6400000.0
3.0,8.0,2.0,2.0,9.0,6.0,287.0,576.0,0.10115259004895938,0.10346957106453547,0.000976562,64.0,6400000.0
8.0,8.0,1.0,2.0,22.0,16.0,654.0,1536.0,0.184803559555608,0.19082719424152972,1.0,0.0078125,6400000.0
1.0,1.0,2.0,3.0,7.0,4.0,223.0,512.0,0.049777517915640224,0.05405121197129903,0.125,0.0625,6400000.0
1.0,8.0,1.0,1.0,1.0,1.0,35.0,32.0,-0.0030632107251067353,-0.0017650185808415486,1024.0,1024.0,6400000.0
1.0,8.0,1.0,1.0,1.0,1.0,35.0,32.0,-0.0030632107251067353,-0.0017650185808415486,32768.0,4096.0,6400000.0
1.0,8.0,1.0,1.0,1.0,1.0,35.0,32.0,-0.0030632107251067353,-0.0017650185808415486,4096.0,0.0625,6400000.0
8.0,8.0,2.0,6.0,50.0,32.0,1485.0,4096.0,0.2438660556498633,0.2506395189882554,0.00195312,0.0,6400000.0
1.0,8.0,1.0,1.0,1.0,1.0,35.0,32.0,-0.0030632107251067353,-0.0017650185808415486,2048.0,8192.0,6400000.0
1.0,8.0,1.0,1.0,1.0,1.0,35.0,32.0,-0.0030632107251067353,-0.0017650185808415486,2048.0,8.0,6400000.0
1.0,8.0,2.0,1.0,1.0,1.0,39.0,32.0,-0.0030632107251067353,-0.0017650185808415486,0.0,16384.0,6400000.0
1.0,8.0,1.0,1.0,1.0,1.0,35.0,32.0,-0.0030632107251067353,-0.0017650185808415486,8192.0,256.0,6400000.0
1.0,8.0,1.0,1.0,1.0,1.0,35.0,32.0,-0.0030632107251067353,-0.0017650185808415486,4.0,128.0,6400000.0
8.0,8.0,1.0,2.0,22.0,16.0,654.0,1536.0,0.184803559555608,0.19082719424152972,8.0,1.0,6400000.0
1.0,8.0,1.0,1.0,1.0,1.0,35.0,32.0,-0.0030632107251067353,-0.0017650185808415486,2048.0,0.0078125,6400000.0
8.0,8.0,2.0,6.0,50.0,32.0,1485.0,4096.0,0.2438660556498633,0.2506395189882554,0.0,0.03125,6400000.0
1.0,8.0,1.0,1.0,1.0,1.0,35.0,32.0,-0.0030632107251067353,-0.0017650185808415486,32768.0,0.0078125,6400000.0
1.0,8.0,1.0,1.0,1.0,1.0,35.0,32.0,-0.0030632107251067353,-0.0017650185808415486,16384.0,0.00195312,6400000.0
8.0,8.0,1.0,2.0,22.0,16.0,654.0,1536.0,0.184803559555608,0.19082719424152972,8.0,0.000976562,6400000.0
1.0,8.0,1.0,1.0,1.0,1.0,35.0,32.0,-0.0030632107251067353,-0.0017650185808415486,8192.0,0.0,6400000.0
8.0,8.0,1.0,2.0,22.0,16.0,654.0,1536.0,0.184803559555608,0.19082719424152972,16.0,0.0078125,6400000.0
8.0,8.0,2.0,6.0,50.0,32.0,1485.0,4096.0,0.2438660556498633,0.2506395189882554,0.00195312,0.5,6400000.0
1.0,8.0,1.0,1.0,1.0,1.0,35.0,32.0,-0.0030632107251067353,-0.0017650185808415486,16.0,8192.0,6400000.0
1.0,8.0,1.0,1.0,1.0,1.0,35.0,32.0,-0.0030632107251067353,-0.0017650185808415486,2.0,32768.0,6400000.0
8.0,8.0,1.0,2.0,22.0,16.0,654.0,1536.0,0.184803559555608,0.19082719424152972,64.0,0.0,6400000.0
1.0,8.0,1.0,1.0,1.0,1.0,35.0,32.0,-0.0030632107251067353,-0.0017650185808415486,8192.0,0.5,6400000.0
1.0,8.0,1.0,1.0,1.0,1.0,35.0,32.0,-0.0030632107251067353,-0.0017650185808415486,16384.0,2.0,6400000.0
1.0,1.0,2.0,3.0,7.0,4.0,223.0,512.0,0.049777517915640224,0.05405121197129903,0.0625,0.25,6400000.0
1.0,8.0,1.0,1.0,1.0,1.0,35.0,32.0,-0.0030632107251067353,-0.0017650185808415486,1.0,8192.0,6400000.0
1.0,8.0,1.0,1.0,1.0,1.0,35.0,32.0,-0.0030632107251067353,-0.0017650185808415486,8.0,1024.0,6400000.0
1.0,1.0,2.0,3.0,7.0,4.0,223.0,512.0,0.049777517915640224,0.05405121197129903,0.125,0.000976562,6400000.0
3.0,8.0,1.0,2.0,9.0,6.0,279.0,576.0,0.10115259004895938,0.10346957106453547,32.0,64.0,6400000.0
8.0,8.0,1.0,2.0,22.0,16.0,654.0,1536.0,0.184803559555608,0.19082719424152972,1.0,8.0,6400000.0
1.0,8.0,1.0,1.0,1.0,1.0,35.0,32.0,-0.0030632107251067353,-0.0017650185808415486,256.0,0.03125,6400000.0
1.0,8.0,1.0,1.0,1.0,1.0,35.0,32.0,-0.0030632107251067353,-0.0017650185808415486,128.0,4.0,6400000.0
8.0,8.0,2.0,6.0,50.0,32.0,1485.0,4096.0,0.2438660556498633,0.2506395189882554,0.00390625,0.00195312,6400000.0
1.0,8.0,1.0,1.0,1.0,1.0,35.0,32.0,-0.0030632107251067353,-0.0017650185808415486,64.0,512.0,6400000.0
1.0,8.0,1.0,1.0,1.0,1.0,35.0,32.0,-0.0030632107251067353,-0.0017650185808415486,256.0,32768.0,6400000.0
8.0,8.0,1.0,2.0,22.0,16.0,654.0,1536.0,0.184803559555608,0.19082719424152972,16.0,8.0,6400000.0
1.0,1.0,2.0,3.0,7.0,4.0,223.0,512.0,0.049777517915640224,0.05405121197129903,0.0625,0.0,6400000.0
1.0,8.0,1.0,1.0,1.0,1.0,35.0,32.0,-0.0030632107251067353,-0.0017650185808415486,512.0,0.25,6400000.0
1.0,8.0,1.0,1.0,1.0,1.0,35.0,32.0,-0.0030632107251067353,-0.0017650185808415486,1024.0,2.0,6400000.0
1.0,8.0,1.0,1.0,1.0,1.0,35.0,32.0,-0.0030632107251067353,-0.0017650185808415486,4096.0,64.0,6400000.0
8.0,8.0,2.0,6.0,50.0,32.0,1485.0,4096.0,0.2438660556498633,0.2506395189882554,0.000976562,0.125,6400000.0
8.0,8.0,1.0,2.0,22.0,16.0,654.0,1536.0,0.184803559555608,0.19082719424152972,32.0,0.0625,6400000.0
1.0,8.0,1.0,1.0,1.0,1.0,35.0,32.0,-0.0030632107251067353,-0.0017650185808415486,1024.0,0.00195312,6400000.0
1.0,8.0,1.0,1.0,1.0,1.0,35.0,32.0,-0.0030632107251067353,-0.0017650185808415486,128.0,4096.0,6400000.0
8.0,8.0,1.0,2.0,22.0,16.0,654.0,1536.0,0.184803559555608,0.19082719424152972,2.0,32.0,6400000.0
1.0,1.0,2.0,1.0,1.0,1.0,39.0,32.0,-0.0030632107251067353,-0.0017650185808415486,0.0625,256.0,6400000.0
8.0,8.0,2.0,2.0,22.0,16.0,664.0,1536.0,0.184803559555608,0.19082719424152972,0.0,32.0,6400000.0
1.0,8.0,1.0,1.0,1.0,1.0,35.0,32.0,-0.0030632107251067353,-0.0017650185808415486,256.0,32.0,6400000.0
1.0,8.0,1.0,1.0,1.0,1.0,35.0,32.0,-0.0030632107251067353,-0.0017650185808415486,512.0,256.0,6400000.0
1.0,8.0,1.0,1.0,1.0,1.0,35.0,32.0,-0.0030632107251067353,-0.0017650185808415486,16384.0,2048.0,6400000.0
1.0,8.0,2.0,1.0,1.0,1.0,39.0,32.0,-0.0030632107251067353,-0.0017650185808415486,0.00195312,512.0,6400000.0
8.0,8.0,1.0,2.0,22.0,16.0,654.0,1536.0,0.184803559555608,0.19082719424152972,64.0,0.5,6400000.0
8.0,8.0,1.0,2.0,22.0,16.0,654.0,1536.0,0.184803559555608,0.19082719424152972,2.0,0.0625,6400000.0
1.0,8.0,1.0,1.0,1.0,1.0,35.0,32.0,-0.0030632107251067353,-0.0017650185808415486,128.0,0.00390625,6400000.0
8.0,8.0,1.0,2.0,22.0,16.0,654.0,1536.0,0.184803559555608,0.19082719424152972,4.0,0.25,6400000.0
1.0,8.0,1.0,1.0,1.0,1.0,35.0,32.0,-0.0030632107251067353,-0.0017650185808415486,32768.0,8.0,6400000.0
1.0,8.0,2.0,1.0,1.0,1.0,39.0,32.0,-0.0030632107251067353,-0.0017650185808415486,0.00390625,2048.0,6400000.0
8.0,8.0,2.0,6.0,49.0,32.0,1481.0,4096.0,0.24452244600949424,0.2511091359977853,0.00390625,2.0,6400000.0
1.0,1.0,2.0,3.0,7.0,4.0,223.0,512.0,0.049777517915640224,0.05405121197129903,0.125,0.125,6400000.0
1.0,8.0,1.0,1.0,1.0,1.0,35.0,32.0,-0.0030632107251067353,-0.0017650185808415486,1024.0,2048.0,6400000.0
1.0,8.0,2.0,1.0,1.0,1.0,39.0,32.0,-0.0030632107251067353,-0.0017650185808415486,0.000976562,128.0,6400000.0
1.0,8.0,1.0,1.0,1.0,1.0,35.0,32.0,-0.0030632107251067353,-0.0017650185808415486,32768.0,8192.0,6400000.0
1.0,8.0,2.0,1.0,1.0,1.0,39.0,32.0,-0.0030632107251067353,-0.0017650185808415486,0.0,32768.0,6400000.0
1.0,8.0,1.0,1.0,1.0,1.0,35.0,32.0,-0.0030632107251067353,-0.0017650185808415486,4096.0,0.125,6400000.0
1.0,8.0,1.0,1.0,1.0,1.0,35.0,32.0,-0.0030632107251067353,-0.0017650185808415486,2048.0,16384.0,6400000.0
1.0,8.0,1.0,1.0,1.0,1.0,35.0,32.0,-0.0030632107251067353,-0.0017650185808415486,2048.0,16.0,6400000.0
1.0,8.0,1.0,1.0,1.0,1.0,35.0,32.0,-0.0030632107251067353,-0.0017650185808415486,8192.0,512.0,6400000.0
8.0,8.0,2.0,6.0,50.0,32.0,1485.0,4096.0,0.2438660556498633,0.2506395189882554,0.00195312,0.000976562,6400000.0
1.0,8.0,1.0,1.0,1.0,1.0,35.0,32.0,-0.0030632107251067353,-0.0017650185808415486,2048.0,0.015625,6400000.0
1.0,8.0,1.0,1.0,1.0,1.0,35.0,32.0,-0.0030632107251067353,-0.0017650185808415486,4.0,256.0,6400000.0
8.0,8.0,1.0,2.0,22.0,16.0,654.0,1536.0,0.184803559555608,0.19082719424152972,8.0,2.0,6400000.0
1.0,8.0,1.0,1.0,1.0,1.0,35.0,32.0,-0.0030632107251067353,-0.0017650185808415486,32768.0,0.015625,6400000.0
8.0,8.0,2.0,6.0,50.0,32.0,1485.0,4096.0,0.2438660556498633,0.2506395189882554,0.0,0.0625,6400000.0
8.0,8.0,1.0,2.0,22.0,16.0,654.0,1536.0,0.184803559555608,0.19082719424152972,8.0,0.00195312,6400000.0
8.0,8.0,1.0,2.0,22.0,16.0,654.0,1536.0,0.184803559555608,0.19082719424152972,16.0,0.015625,6400000.0
1.0,8.0,1.0,1.0,1.0,1.0,35.0,32.0,-0.0030632107251067353,-0.0017650185808415486,8192.0,0.000976562,6400000.0
1.0,8.0,1.0,1.0,1.0,1.0,35.0,32.0,-0.0030632107251067353,-0.0017650185808415486,16384.0,0.00390625,6400000.0
8.0,8.0,2.0,5.0,49.0,32.0,1442.0,4096.0,0.2427950290762324,0.2498898123923684,0.00195312,1.0,6400000.0
1.0,8.0,1.0,1.0,1.0,1.0,35.0,32.0,-0.0030632107251067353,-0.0017650185808415486,16.0,16384.0,6400000.0
8.0,8.0,1.0,2.0,22.0,16.0,654.0,1536.0,0.184803559555608,0.19082719424152972,64.0,0.000976562,6400000.0
1.0,8.0,1.0,1.0,1.0,1.0,35.0,32.0,-0.0030632107251067353,-0.0017650185808415486,8192.0,1.0,6400000.0
1.0,8.0,1.0,1.0,1.0,1.0,35.0,32.0,-0.0030632107251067353,-0.0017650185808415486,8.0,2048.0,6400000.0
1.0,1.0,2.0,3.0,7.0,4.0,223.0,512.0,0.049777517915640224,0.05405121197129903,0.0625,0.5,6400000.0
8.0,8.0,1.0,2.0,22.0,16.0,654.0,1536.0,0.184803559555608,0.19082719424152972,4.0,0.0,6400000.0
1.0,1.0,2.0,3.0,7.0,4.0,223.0,512.0,0.049777517915640224,0.05405121197129903,0.125,0.00195312,6400000.0
1.0,8.0,1.0,1.0,1.0,1.0,35.0,32.0,-0.0030632107251067353,-0.0017650185808415486,16384.0,4.0,6400000.0
1.0,8.0,1.0,1.0,1.0,1.0,35.0,32.0,-0.0030632107251067353,-0.0017650185808415486,32.0,128.0,6400000.0
8.0,8.0,2.0,6.0,50.0,32.0,1485.0,4096.0,0.2438660556498633,0.2506395189882554,0.0078125,0.015625,6400000.0
1.0,8.0,1.0,1.0,1.0,1.0,35.0,32.0,-0.0030632107251067353,-0.0017650185808415486,256.0,0.0625,6400000.0
1.0,8.0,1.0,1.0,1.0,1.0,35.0,32.0,-0.0030632107251067353,-0.0017650185808415486,128.0,8.0,6400000.0
1.0,8.0,1.0,1.0,1.0,1.0,35.0,32.0,-0.0030632107251067353,-0.0017650185808415486,512.0,0.0,6400000.0
1.0,1.0,2.0,3.0,5.0,3.0,158.0,352.0,0.048146068319603885,0.051476191507202285,0.125,16.0,6400000.0
8.0,8.0,2.0,6.0,50.0,32.0,1485.0,4096.0,0.2438660556498633,0.2506395189882554,0.00390625,0.00390625,6400000.0
1.0,8.0,1.0,1.0,1.0,1.0,35.0,32.0,-0.0030632107251067353,-0.0017650185808415486,1024.0,4.0,6400000.0
1.0,8.0,1.0,1.0,1.0,1.0,35.0,32.0,-0.0030632107251067353,-0.0017650185808415486,64.0,1024.0,6400000.0
1.0,1.0,2.0,3.0,7.0,4.0,223.0,512.0,0.049777517915640224,0.05405121197129903,0.0625,0.000976562,6400000.0
8.0,8.0,1.0,2.0,22.0,16.0,654.0,1536.0,0.184803559555608,0.19082719424152972,16.0,16.0,6400000.0
1.0,8.0,1.0,1.0,1.0,1.0,35.0,32.0,-0.0030632107251067353,-0.0017650185808415486,4096.0,128.0,6400000.0
1.0,8.0,1.0,1.0,1.0,1.0,35.0,32.0,-0.0030632107251067353,-0.0017650185808415486,512.0,0.5,6400000.0
1.0,8.0,1.0,1.0,1.0,1.0,35.0,32.0,-0.0030632107251067353,-0.0017650185808415486,128.0,8192.0,6400000.0
8.0,8.0,2.0,6.0,50.0,32.0,1485.0,4096.0,0.2438660556498633,0.2506395189882554,0.000976562,0.25,6400000.0
1.0,8.0,1.0,1.0,1.0,1.0,35.0,32.0,-0.0030632107251067353,-0.0017650185808415486,1024.0,0.00390625,6400000.0
3.0,8.0,1.0,2.0,9.0,6.0,279.0,576.0,0.10115259004895938,0.10346957106453547,2.0,64.0,6400000.0
1.0,1.0,2.0,1.0,1.0,1.0,39.0,32.0,-0.0030632107251067353,-0.0017650185808415486,0.0625,512.0,6400000.0
8.0,8.0,1.0,2.0,22.0,16.0,654.0,1536.0,0.184803559555608,0.19082719424152972,32.0,0.125,6400000.0
1.0,8.0,1.0,1.0,1.0,1.0,35.0,32.0,-0.0030632107251067353,-0.0017650185808415486,128.0,0.0078125,6400000.0
3.0,8.0,2.0,2.0,9.0,6.0,287.0,576.0,0.10115259004895938,0.10346957106453547,0.0,64.0,6400000.0
8.0,8.0,1.0,2.0,22.0,16.0,654.0,1536.0,0.184803559555608,0.19082719424152972,64.0,1.0,6400000.0
1.0,8.0,1.0,1.0,1.0,1.0,35.0,32.0,-0.0030632107251067353,-0.0017650185808415486,16384.0,4096.0,6400000.0
1.0,8.0,2.0,1.0,1.0,1.0,39.0,32.0,-0.0030632107251067353,-0.0017650185808415486,0.00390625,4096.0,6400000.0
1.0,8.0,1.0,1.0,1.0,1.0,35.0,32.0,-0.0030632107251067353,-0.0017650185808415486,32768.0,16.0,6400000.0
1.0,8.0,2.0,1.0,1.0,1.0,39.0,32.0,-0.0030632107251067353,-0.0017650185808415486,0.00195312,1024.0,6400000.0
8.0,8.0,1.0,2.0,22.0,16.0,654.0,1536.0,0.184803559555608,0.19082719424152972,4.0,0.5,6400000.0
1.0,8.0,1.0,1.0,1.0,1.0,35.0,32.0,-0.0030632107251067353,-0.0017650185808415486,512.0,512.0,6400000.0
1.0,8.0,1.0,1.0,1.0,1.0,35.0,32.0,-0.0030632107251067353,-0.0017650185808415486,256.0,64.0,6400000.0
1.0,8.0,1.0,1.0,1.0,1.0,35.0,32.0,-0.0030632107251067353,-0.0017650185808415486,32768.0,16384.0,6400000.0
1.0,8.0,1.0,1.0,1.0,1.0,35.0,32.0,-0.0030632107251067353,-0.0017650185808415486,1024.0,4096.0,6400000.0
8.0,8.0,2.0,4.0,47.0,31.0,1366.0,3936.0,0.24013541328420163,0.24770958980304536,0.00390625,4.0,6400000.0
1.0,8.0,1.0,1.0,1.0,1.0,35.0,32.0,-0.0030632107251067353,-0.0017650185808415486,4096.0,0.25,6400000.0
1.0,8.0,2.0,1.0,1.0,1.0,39.0,32.0,-0.0030632107251067353,-0.0017650185808415486,0.000976562,256.0,6400000.0
1.0,1.0,2.0,3.0,7.0,4.0,223.0,512.0,0.049777517915640224,0.05405121197129903,0.125,0.25,6400000.0
8.0,8.0,2.0,3.0,28.0,19.0,811.0,2016.0,0.21283928564259325,0.2171199351563362,0.0078125,16.0,6400000.0
1.0,8.0,1.0,1.0,1.0,1.0,35.0,32.0,-0.0030632107251067353,-0.0017650185808415486,8192.0,1024.0,6400000.0
8.0,8.0,2.0,6.0,50.0,32.0,1485.0,4096.0,0.2438660556498633,0.2506395189882554,0.00195312,0.00195312,6400000.0
1.0,8.0,1.0,1.0,1.0,1.0,35.0,32.0,-0.0030632107251067353,-0.0017650185808415486,2048.0,32768.0,6400000.0
8.0,8.0,2.0,6.0,50.0,32.0,1485.0,4096.0,0.2438660556498633,0.2506395189882554,0.000976562,0.0,6400000.0
1.0,8.0,1.0,1.0,1.0,1.0,35.0,32.0,-0.0030632107251067353,-0.0017650185808415486,2048.0,32.0,6400000.0
1.0,8.0,1.0,1.0,1.0,1.0,35.0,32.0,-0.0030632107251067353,-0.0017650185808415486,2048.0,0.03125,6400000.0
1.0,8.0,1.0,1.0,1.0,1.0,35.0,32.0,-0.0030632107251067353,-0.0017650185808415486,4.0,512.0,6400000.0
8.0,8.0,2.0,6.0,50.0,32.0,1485.0,4096.0,0.2438660556498633,0.2506395189882554,0.0,0.125,6400000.0
8.0,8.0,1.0,2.0,22.0,16.0,654.0,1536.0,0.184803559555608,0.19082719424152972,8.0,4.0,6400000.0
1.0,8.0,1.0,1.0,1.0,1.0,35.0,32.0,-0.0030632107251067353,-0.0017650185808415486,32768.0,0.03125,6400000.0
8.0,8.0,1.0,2.0,22.0,16.0,654.0,1536.0,0.184803559555608,0.19082719424152972,8.0,0.00390625,6400000.0
8.0,8.0,1.0,2.0,22.0,16.0,654.0,1536.0,0.184803559555608,0.19082719424152972,16.0,0.03125,6400000.0
1.0,8.0,1.0,1.0,1.0,1.0,35.0,32.0,-0.0030632107251067353,-0.0017650185808415486,8192.0,0.00195312,6400000.0
1.0,8.0,1.0,1.0,1.0,1.0,35.0,32.0,-0.0030632107251067353,-0.0017650185808415486,16384.0,0.0078125,6400000.0
8.0,8.0,2.0,6.0,49.0,32.0,1481.0,4096.0,0.24452244600949424,0.2511091359977853,0.00195312,2.0,6400000.0
1.0,8.0,1.0,1.0,1.0,1.0,35.0,32.0,-0.0030632107251067353,-0.0017650185808415486,16.0,32768.0,6400000.0
8.0,8.0,1.0,2.0,22.0,16.0,654.0,1536.0,0.184803559555608,0.19082719424152972,64.0,0.00195312,6400000.0
1.0,1.0,2.0,3.0,7.0,4.0,223.0,512.0,0.049777517915640224,0.05405121197129903,0.0625,1.0,6400000.0
1.0,8.0,1.0,1.0,1.0,1.0,35.0,32.0,-0.0030632107251067353,-0.0017650185808415486,8192.0,2.0,6400000.0
1.0,8.0,1.0,1.0,1.0,1.0,35.0,32.0,-0.0030632107251067353,-0.0017650185808415486,8.0,4096.0,6400000.0
1.0,1.0,2.0,3.0,7.0,4.0,223.0,512.0,0.049777517915640224,0.05405121197129903,0.125,0.00390625,6400000.0
1.0,8.0,1.0,1.0,1.0,1.0,35.0,32.0,-0.0030632107251067353,-0.0017650185808415486,16384.0,8.0,6400000.0
1.0,8.0,1.0,1.0,1.0,1.0,35.0,32.0,-0.0030632107251067353,-0.0017650185808415486,32.0,256.0,6400000.0
1.0,8.0,2.0,1.0,1.0,1.0,39.0,32.0,-0.0030632107251067353,-0.0017650185808415486,0.0078125,16384.0,6400000.0
1.0,8.0,1.0,1.0,1.0,1.0,35.0,32.0,-0.0030632107251067353,-0.0017650185808415486,256.0,0.125,6400000.0
1.0,8.0,1.0,1.0,1.0,1.0,35.0,32.0,-0.0030632107251067353,-0.0017650185808415486,128.0,16.0,6400000.0
8.0,8.0,2.0,6.0,50.0,32.0,1485.0,4096.0,0.2438660556498633,0.2506395189882554,0.0078125,0.03125,6400000.0
8.0,8.0,2.0,6.0,50.0,32.0,1485.0,4096.0,0.2438660556498633,0.2506395189882554,0.00390625,0.0078125,6400000.0
1.0,8.0,1.0,1.0,1.0,1.0,35.0,32.0,-0.0030632107251067353,-0.0017650185808415486,512.0,0.000976562,6400000.0
1.0,1.0,2.0,2.0,3.0,2.0,112.0,192.0,0.03911015413878083,0.040912063041146696,0.125,32.0,6400000.0
1.0,8.0,1.0,1.0,1.0,1.0,35.0,32.0,-0.0030632107251067353,-0.0017650185808415486,1024.0,8.0,6400000.0
1.0,8.0,1.0,1.0,1.0,1.0,35.0,32.0,-0.0030632107251067353,-0.0017650185808415486,64.0,2048.0,6400000.0
1.0,8.0,1.0,1.0,1.0,1.0,35.0,32.0,-0.0030632107251067353,-0.0017650185808415486,4096.0,256.0,6400000.0
1.0,1.0,2.0,1.0,1.0,1.0,39.0,32.0,-0.0030632107251067353,-0.0017650185808415486,0.0625,1024.0,6400000.0
8.0,8.0,1.0,2.0,22.0,16.0,654.0,1536.0,0.184803559555608,0.19082719424152972,16.0,32.0,6400000.0
1.0,8.0,1.0,1.0,1.0,1.0,35.0,32.0,-0.0030632107251067353,-0.0017650185808415486,128.0,16384.0,6400000.0
1.0,8.0,1.0,1.0,1.0,1.0,35.0,32.0,-0.0030632107251067353,-0.0017650185808415486,128.0,0.015625,6400000.0
1.0,8.0,1.0,1.0,1.0,1.0,35.0,32.0,-0.0030632107251067353,-0.0017650185808415486,512.0,1.0,6400000.0
8.0,8.0,1.0,2.0,22.0,16.0,654.0,1536.0,0.184803559555608,0.19082719424152972,32.0,0.25,6400000.0
1.0,8.0,1.0,1.0,1.0,1.0,35.0,32.0,-0.0030632107251067353,-0.0017650185808415486,1024.0,0.0078125,6400000.0
8.0,8.0,2.0,6.0,50.0,32.0,1485.0,4096.0,0.2438660556498633,0.2506395189882554,0.015625,0.125,6400000.0
1.0,8.0,2.0,1.0,1.0,1.0,39.0,32.0,-0.0030632107251067353,-0.0017650185808415486,0.00390625,8192.0,6400000.0
1.0,8.0,1.0,1.0,1.0,1.0,35.0,32.0,-0.0030632107251067353,-0.0017650185808415486,16384.0,8192.0,6400000.0
8.0,8.0,1.0,2.0,22.0,16.0,654.0,1536.0,0.184803559555608,0.19082719424152972,64.0,2.0,6400000.0
1.0,8.0,2.0,1.0,1.0,1.0,39.0,32.0,-0.0030632107251067353,-0.0017650185808415486,0.0,128.0,6400000.0
1.0,8.0,1.0,1.0,1.0,1.0,35.0,32.0,-0.0030632107251067353,-0.0017650185808415486,32768.0,32768.0,6400000.0
8.0,8.0,2.0,6.0,50.0,32.0,1485.0,4096.0,0.2438660556498633,0.2506395189882554,0.000976562,0.5,6400000.0
1.0,8.0,1.0,1.0,1.0,1.0,35.0,32.0,-0.0030632107251067353,-0.0017650185808415486,512.0,1024.0,6400000.0
1.0,8.0,1.0,1.0,1.0,1.0,35.0,32.0,-0.0030632107251067353,-0.0017650185808415486,4096.0,0.5,6400000.0
1.0,8.0,2.0,1.0,1.0,1.0,39.0,32.0,-0.0030632107251067353,-0.0017650185808415486,0.00195312,2048.0,6400000.0
1.0,8.0,2.0,1.0,1.0,1.0,39.0,32.0,-0.0030632107251067353,-0.0017650185808415486,0.015625,128.0,6400000.0
1.0,8.0,1.0,1.0,1.0,1.0,35.0,32.0,-0.0030632107251067353,-0.0017650185808415486,256.0,128.0,6400000.0
1.0,8.0,1.0,1.0,1.0,1.0,35.0,32.0,-0.0030632107251067353,-0.0017650185808415486,1024.0,8192.0,6400000.0
1.0,8.0,1.0,1.0,1.0,1.0,35.0,32.0,-0.0030632107251067353,-0.0017650185808415486,8192.0,2048.0,6400000.0
8.0,8.0,2.0,2.0,22.0,16.0,664.0,1536.0,0.184803559555608,0.19082719424152972,0.0078125,32.0,6400000.0
8.0,8.0,2.0,3.0,41.0,27.0,1179.0,3296.0,0.23437483408904247,0.24050636192565555,0.00390625,8.0,6400000.0
8.0,8.0,2.0,6.0,50.0,32.0,1485.0,4096.0,0.2438660556498633,0.2506395189882554,0.00195312,0.00390625,6400000.0
8.0,8.0,2.0,6.0,50.0,32.0,1485.0,4096.0,0.2438660556498633,0.2506395189882554,0.03125,0.000976562,6400000.0
1.0,8.0,1.0,1.0,1.0,1.0,35.0,32.0,-0.0030632107251067353,-0.0017650185808415486,32768.0,32.0,6400000.0
1.0,8.0,2.0,1.0,1.0,1.0,39.0,32.0,-0.0030632107251067353,-0.0017650185808415486,0.000976562,512.0,6400000.0
8.0,8.0,2.0,6.0,50.0,32.0,1485.0,4096.0,0.2438660556498633,0.2506395189882554,0.0,0.25,6400000.0
1.0,1.0,2.0,3.0,7.0,4.0,223.0,512.0,0.049777517915640224,0.05405121197129903,0.125,0.5,6400000.0
8.0,8.0,2.0,6.0,50.0,32.0,1485.0,4096.0,0.2438660556498633,0.2506395189882554,0.000976562,0.000976562,6400000.0
1.0,8.0,1.0,1.0,1.0,1.0,35.0,32.0,-0.0030632107251067353,-0.0017650185808415486,2048.0,0.0625,6400000.0
1.0,8.0,1.0,1.0,1.0,1.0,35.0,32.0,-0.0030632107251067353,-0.0017650185808415486,2048.0,64.0,6400000.0
1.0,8.0,1.0,1.0,1.0,1.0,35.0,32.0,-0.0030632107251067353,-0.0017650185808415486,4096.0,0.0,6400000.0
1.0,8.0,1.0,1.0,1.0,1.0,35.0,32.0,-0.0030632107251067353,-0.0017650185808415486,32768.0,0.0625,6400000.0
8.0,8.0,2.0,5.0,49.0,32.0,1442.0,4096.0,0.2427950290762324,0.2498898123923684,0.03125,1.0,6400000.0
1.0,8.0,2.0,1.0,1.0,1.0,39.0,32.0,-0.0030632107251067353,-0.0017650185808415486,0.03125,1024.0,6400000.0
1.0,8.0,1.0,1.0,1.0,1.0,35.0,32.0,-0.0030632107251067353,-0.0017650185808415486,8192.0,0.00390625,6400000.0
8.0,8.0,2.0,4.0,47.0,31.0,1366.0,3936.0,0.24013541328420163,0.24770958980304536,0.00195312,4.0,6400000.0
8.0,8.0,2.0,6.0,50.0,32.0,1485.0,4096.0,0.2438660556498633,0.2506395189882554,0.0625,0.0078125,6400000.0
1.0,8.0,1.0,1.0,1.0,1.0,35.0,32.0,-0.0030632107251067353,-0.0017650185808415486,16384.0,0.015625,6400000.0
8.0,8.0,2.0,3.0,41.0,27.0,1179.0,3296.0,0.23437483408904247,0.24050636192565555,0.0625,8.0,6400000.0
1.0,8.0,2.0,1.0,1.0,1.0,39.0,32.0,-0.0030632107251067353,-0.0017650185808415486,0.0625,8192.0,6400000.0
3.0,8.0,2.0,2.0,9.0,6.0,287.0,576.0,0.10115259004895938,0.10346957106453547,0.125,64.0,6400000.0
1.0,1.0,2.0,3.0,7.0,4.0,223.0,512.0,0.049777517915640224,0.05405121197129903,0.125,0.0078125,6400000.0
1.0,1.0,2.0,1.0,1.0,1.0,39.0,32.0,-0.0030632107251067353,-0.0017650185808415486,0.125,16384.0,6400000.0
1.0,8.0,1.0,1.0,1.0,1.0,35.0,32.0,-0.0030632107251067353,-0.0017650185808415486,16384.0,16.0,6400000.0
1.0,8.0,2.0,1.0,1.0,1.0,39.0,32.0,-0.0030632107251067353,-0.0017650185808415486,0.0078125,32768.0,6400000.0
8.0,8.0,2.0,6.0,50.0,32.0,1485.0,4096.0,0.2438660556498633,0.2506395189882554,0.125,0.0625,6400000.0
1.0,8.0,1.0,1.0,1.0,1.0,35.0,32.0,-0.0030632107251067353,-0.0017650185808415486,8192.0,4.0,6400000.0
8.0,8.0,2.0,5.0,49.0,32.0,1442.0,4096.0,0.2427950290762324,0.2498898123923684,0.25,0.5,6400000.0
8.0,8.0,2.0,6.0,50.0,32.0,1485.0,4096.0,0.2438660556498633,0.2506395189882554,0.25,0.0,6400000.0
1.0,8.0,2.0,1.0,1.0,1.0,39.0,32.0,-0.0030632107251067353,-0.0017650185808415486,0.25,512.0,6400000.0
8.0,8.0,2.0,6.0,50.0,32.0,1485.0,4096.0,0.2438660556498633,0.2506395189882554,0.0078125,0.0625,6400000.0
8.0,8.0,2.0,6.0,50.0,32.0,1485.0,4096.0,0.2438660556498633,0.2506395189882554,0.00390625,0.015625,6400000.0
1.0,1.0,2.0,2.0,3.0,2.0,112.0,192.0,0.03911015413878083,0.040912063041146696,0.125,64.0,6400000.0
8.0,8.0,2.0,6.0,50.0,32.0,1485.0,4096.0,0.2438660556498633,0.2506395189882554,0.5,0.00390625,6400000.0
8.0,8.0,2.0,4.0,47.0,31.0,1366.0,3936.0,0.24013541328420163,0.24770958980304536,0.5,4.0,6400000.0
1.0,8.0,1.0,1.0,1.0,1.0,35.0,32.0,-0.0030632107251067353,-0.0017650185808415486,4096.0,512.0,6400000.0
8.0,8.0,2.0,2.0,22.0,16.0,664.0,1536.0,0.184803559555608,0.19082719424152972,1.0,32.0,6400000.0
1.0,1.0,2.0,3.0,7.0,4.0,223.0,512.0,0.049777517915640224,0.05405121197129903,0.25,0.125,6400000.0
1.0,8.0,2.0,1.0,1.0,1.0,39.0,32.0,-0.0030632107251067353,-0.0017650185808415486,0.5,4096.0,6400000.0
8.0,8.0,2.0,6.0,50.0,32.0,1485.0,4096.0,0.2438660556498633,0.2506395189882554,0.015625,0.25,6400000.0
1.0,8.0,2.0,1.0,1.0,1.0,39.0,32.0,-0.0030632107251067353,-0.0017650185808415486,0.00390625,16384.0,6400000.0
8.0,8.0,2.0,6.0,50.0,32.0,1485.0,4096.0,0.2438660556498633,0.2506395189882554,0.0,0.0,6400000.0
8.0,8.0,2.0,5.0,49.0,32.0,1442.0,4096.0,0.2427950290762324,0.2498898123923684,0.000976562,1.0,6400000.0
1.0,8.0,2.0,1.0,1.0,1.0,39.0,32.0,-0.0030632107251067353,-0.0017650185808415486,1.0,32768.0,6400000.0
8.0,8.0,2.0,4.0,50.0,32.0,1496.0,4096.0,0.24400372711863172,0.25014937912224633,1.0,0.03125,6400000.0
1.0,8.0,1.0,1.0,1.0,1.0,35.0,32.0,-0.0030632107251067353,-0.0017650185808415486,16384.0,16384.0,6400000.0
8.0,8.0,2.0,3.0,50.0,32.0,1485.0,4096.0,0.24124583792178256,0.24894539640594748,2.0,0.25,6400000.0
1.0,8.0,2.0,1.0,1.0,1.0,39.0,32.0,-0.0030632107251067353,-0.0017650185808415486,0.0,256.0,6400000.0
8.0,8.0,2.0,3.0,50.0,32.0,1485.0,4096.0,0.24124583792178256,0.24894539640594748,4.0,0.00195312,6400000.0
1.0,8.0,2.0,1.0,1.0,1.0,39.0,32.0,-0.0030632107251067353,-0.0017650185808415486,0.015625,256.0,6400000.0
1.0,8.0,2.0,1.0,1.0,1.0,39.0,32.0,-0.0030632107251067353,-0.0017650185808415486,0.00195312,4096.0,6400000.0
8.0,8.0,2.0,3.0,50.0,32.0,1485.0,4096.0,0.24124583792178256,0.24894539640594748,8.0,0.015625,6400000.0
3.0,8.0,2.0,2.0,9.0,6.0,287.0,576.0,0.10115259004895938,0.10346957106453547,0.0078125,64.0,6400000.0
8.0,8.0,2.0,6.0,50.0,32.0,1485.0,4096.0,0.2438660556498633,0.2506395189882554,0.00195312,0.0078125,6400000.0
1.0,8.0,2.0,1.0,1.0,1.0,39.0,32.0,-0.0030632107251067353,-0.0017650185808415486,2.0,256.0,6400000.0
1.0,8.0,1.0,1.0,1.0,1.0,35.0,32.0,-0.0030632107251067353,-0.0017650185808415486,8192.0,4096.0,6400000.0
8.0,8.0,2.0,3.0,28.0,19.0,811.0,2016.0,0.21283928564259325,0.2171199351563362,0.00390625,16.0,6400000.0
8.0,8.0,2.0,3.0,50.0,32.0,1485.0,4096.0,0.24124583792178256,0.24894539640594748,4.0,2.0,6400000.0
1.0,8.0,1.0,1.0,1.0,1.0,35.0,32.0,-0.0030632107251067353,-0.0017650185808415486,32768.0,64.0,6400000.0
1.0,1.0,2.0,3.0,7.0,4.0,223.0,512.0,0.049777517915640224,0.05405121197129903,0.125,1.0,6400000.0
1.0,8.0,2.0,1.0,1.0,1.0,39.0,32.0,-0.0030632107251067353,-0.0017650185808415486,4.0,2048.0,6400000.0
8.0,8.0,2.0,2.0,22.0,16.0,664.0,1536.0,0.184803559555608,0.19082719424152972,8.0,16.0,6400000.0
8.0,8.0,2.0,6.0,50.0,32.0,1485.0,4096.0,0.2438660556498633,0.2506395189882554,0.03125,0.00195312,6400000.0
1.0,8.0,2.0,1.0,1.0,1.0,39.0,32.0,-0.0030632107251067353,-0.0017650185808415486,0.000976562,1024.0,6400000.0
1.0,8.0,2.0,1.0,1.0,1.0,39.0,32.0,-0.0030632107251067353,-0.0017650185808415486,8.0,16384.0,6400000.0
8.0,8.0,2.0,6.0,50.0,32.0,1485.0,4096.0,0.2438660556498633,0.2506395189882554,0.0,0.5,6400000.0
8.0,8.0,2.0,3.0,49.0,32.0,1451.0,4096.0,0.23507095516870358,0.24341923814851896,16.0,0.125,6400000.0
1.0,8.0,2.0,1.0,1.0,1.0,39.0,32.0,-0.0030632107251067353,-0.0017650185808415486,16.0,128.0,6400000.0
8.0,8.0,2.0,6.0,50.0,32.0,1485.0,4096.0,0.2438660556498633,0.2506395189882554,0.000976562,0.00195312,6400000.0
1.0,8.0,2.0,1.0,1.0,1.0,39.0,32.0,-0.0030632107251067353,-0.0017650185808415486,0.03125,2048.0,6400000.0
1.0,1.0,2.0,1.0,1.0,1.0,39.0,32.0,-0.0030632107251067353,-0.0017650185808415486,0.25,128.0,6400000.0
8.0,8.0,2.0,6.0,49.0,32.0,1481.0,4096.0,0.24452244600949424,0.2511091359977853,0.03125,2.0,6400000.0
1.0,8.0,1.0,1.0,1.0,1.0,35.0,32.0,-0.0030632107251067353,-0.0017650185808415486,32768.0,0.125,6400000.0
8.0,8.0,2.0,2.0,46.0,32.0,1416.0,4096.0,0.2099834874188996,0.2168675291971165,32.0,0.000976562,6400000.0
1.0,8.0,1.0,1.0,1.0,1.0,35.0,32.0,-0.0030632107251067353,-0.0017650185808415486,16384.0,0.03125,6400000.0
8.0,8.0,2.0,3.0,41.0,27.0,1179.0,3296.0,0.23437483408904247,0.24050636192565555,0.00195312,8.0,6400000.0
8.0,8.0,2.0,3.0,28.0,19.0,811.0,2016.0,0.21283928564259325,0.2171199351563362,0.0625,16.0,6400000.0
8.0,8.0,2.0,6.0,50.0,32.0,1485.0,4096.0,0.2438660556498633,0.2506395189882554,0.0625,0.015625,6400000.0
1.0,8.0,2.0,1.0,1.0,1.0,39.0,32.0,-0.0030632107251067353,-0.0017650185808415486,0.0625,16384.0,6400000.0
1.0,8.0,2.0,1.0,1.0,1.0,39.0,32.0,-0.0030632107251067353,-0.0017650185808415486,0.125,128.0,6400000.0
1.0,1.0,2.0,1.0,1.0,1.0,39.0,32.0,-0.0030632107251067353,-0.0017650185808415486,0.125,32768.0,6400000.0
8.0,8.0,2.0,2.0,46.0,32.0,1416.0,4096.0,0.2099834874188996,0.2168675291971165,32.0,1.0,6400000.0
8.0,8.0,2.0,6.0,50.0,32.0,1485.0,4096.0,0.2438660556498633,0.2506395189882554,0.125,0.125,6400000.0
8.0,8.0,2.0,6.0,50.0,32.0,1485.0,4096.0,0.2438660556498633,0.2506395189882554,0.015625,0.0,6400000.0
8.0,8.0,2.0,5.0,49.0,32.0,1442.0,4096.0,0.2427950290762324,0.2498898123923684,0.25,1.0,6400000.0
1.0,8.0,2.0,1.0,1.0,1.0,39.0,32.0,-0.0030632107251067353,-0.0017650185808415486,32.0,1024.0,6400000.0
8.0,8.0,2.0,6.0,50.0,32.0,1485.0,4096.0,0.2438660556498633,0.2506395189882554,0.25,0.000976562,6400000.0
1.0,8.0,1.0,1.0,1.0,1.0,35.0,32.0,-0.0030632107251067353,-0.0017650185808415486,16384.0,32.0,6400000.0
1.0,8.0,2.0,1.0,1.0,1.0,39.0,32.0,-0.0030632107251067353,-0.0017650185808415486,0.25,1024.0,6400000.0
8.0,8.0,2.0,6.0,50.0,32.0,1485.0,4096.0,0.2438660556498633,0.2506395189882554,0.0078125,0.125,6400000.0
8.0,8.0,2.0,6.0,50.0,32.0,1485.0,4096.0,0.2438660556498633,0.2506395189882554,0.00390625,0.03125,6400000.0
1.0,1.0,2.0,1.0,1.0,1.0,39.0,32.0,-0.0030632107251067353,-0.0017650185808415486,0.125,128.0,6400000.0
8.0,8.0,2.0,6.0,50.0,32.0,1485.0,4096.0,0.2438660556498633,0.2506395189882554,0.5,0.0078125,6400000.0
8.0,8.0,2.0,3.0,41.0,27.0,1179.0,3296.0,0.23437483408904247,0.24050636192565555,0.5,8.0,6400000.0
3.0,8.0,2.0,2.0,9.0,6.0,287.0,576.0,0.10115259004895938,0.10346957106453547,1.0,64.0,6400000.0
8.0,8.0,2.0,2.0,46.0,32.0,1416.0,4096.0,0.2099834874188996,0.2168675291971165,64.0,0.0078125,6400000.0
1.0,1.0,2.0,3.0,7.0,4.0,223.0,512.0,0.049777517915640224,0.05405121197129903,0.25,0.25,6400000.0
8.0,8.0,2.0,6.0,50.0,32.0,1485.0,4096.0,0.2438660556498633,0.2506395189882554,0.015625,0.5,6400000.0
1.0,8.0,2.0,1.0,1.0,1.0,39.0,32.0,-0.0030632107251067353,-0.0017650185808415486,0.5,8192.0,6400000.0
8.0,8.0,2.0,4.0,50.0,32.0,1496.0,4096.0,0.24400372711863172,0.25014937912224633,1.0,0.0625,6400000.0
8.0,8.0,2.0,3.0,50.0,32.0,1485.0,4096.0,0.24124583792178256,0.24894539640594748,2.0,0.0,6400000.0
8.0,8.0,2.0,6.0,49.0,32.0,1481.0,4096.0,0.24452244600949424,0.2511091359977853,0.000976562,2.0,6400000.0
8.0,8.0,2.0,6.0,50.0,32.0,1485.0,4096.0,0.2438660556498633,0.2506395189882554,0.0,0.000976562,6400000.0
1.0,8.0,2.0,1.0,1.0,1.0,39.0,32.0,-0.0030632107251067353,-0.0017650185808415486,0.0,512.0,6400000.0
1.0,8.0,1.0,1.0,1.0,1.0,35.0,32.0,-0.0030632107251067353,-0.0017650185808415486,16384.0,32768.0,6400000.0
1.0,8.0,2.0,1.0,1.0,1.0,39.0,32.0,-0.0030632107251067353,-0.0017650185808415486,0.00390625,32768.0,6400000.0
1.0,8.0,2.0,1.0,1.0,1.0,39.0,32.0,-0.0030632107251067353,-0.0017650185808415486,0.015625,512.0,6400000.0
1.0,8.0,2.0,1.0,1.0,1.0,39.0,32.0,-0.0030632107251067353,-0.0017650185808415486,0.0078125,128.0,6400000.0
8.0,8.0,2.0,3.0,50.0,32.0,1485.0,4096.0,0.24124583792178256,0.24894539640594748,8.0,0.03125,6400000.0
8.0,8.0,2.0,3.0,50.0,32.0,1485.0,4096.0,0.24124583792178256,0.24894539640594748,2.0,0.5,6400000.0
8.0,8.0,2.0,6.0,50.0,32.0,1485.0,4096.0,0.2438660556498633,0.2506395189882554,0.00195312,0.015625,6400000.0
1.0,8.0,2.0,1.0,1.0,1.0,39.0,32.0,-0.0030632107251067353,-0.0017650185808415486,0.00195312,8192.0,6400000.0
8.0,8.0,2.0,3.0,50.0,32.0,1485.0,4096.0,0.24124583792178256,0.24894539640594748,4.0,0.00390625,6400000.0
1.0,8.0,1.0,1.0,1.0,1.0,35.0,32.0,-0.0030632107251067353,-0.0017650185808415486,32768.0,128.0,6400000.0
8.0,8.0,2.0,2.0,22.0,16.0,664.0,1536.0,0.184803559555608,0.19082719424152972,0.00390625,32.0,6400000.0
8.0,8.0,2.0,3.0,48.0,31.0,1417.0,3936.0,0.24134411288924695,0.24796915647900986,4.0,4.0,6400000.0
1.0,8.0,2.0,1.0,1.0,1.0,39.0,32.0,-0.0030632107251067353,-0.0017650185808415486,2.0,512.0,6400000.0
8.0,8.0,2.0,2.0,22.0,16.0,664.0,1536.0,0.184803559555608,0.19082719424152972,8.0,32.0,6400000.0
1.0,8.0,2.0,1.0,1.0,1.0,39.0,32.0,-0.0030632107251067353,-0.0017650185808415486,4.0,4096.0,6400000.0
1.0,8.0,2.0,1.0,1.0,1.0,39.0,32.0,-0.0030632107251067353,-0.0017650185808415486,8.0,32768.0,6400000.0
8.0,8.0,2.0,6.0,50.0,32.0,1485.0,4096.0,0.2438660556498633,0.2506395189882554,0.000976562,0.00390625,6400000.0
8.0,8.0,2.0,6.0,50.0,32.0,1485.0,4096.0,0.2438660556498633,0.2506395189882554,0.03125,0.00390625,6400000.0
1.0,1.0,2.0,3.0,7.0,4.0,223.0,512.0,0.049777517915640224,0.05405121197129903,0.125,2.0,6400000.0
1.0,8.0,2.0,1.0,1.0,1.0,39.0,32.0,-0.0030632107251067353,-0.0017650185808415486,0.000976562,2048.0,6400000.0
8.0,8.0,2.0,2.0,29.0,20.0,855.0,2176.0,0.19779588450891128,0.2016374874754887,64.0,8.0,6400000.0
8.0,8.0,2.0,2.0,46.0,32.0,1416.0,4096.0,0.2099834874188996,0.2168675291971165,32.0,0.00195312,6400000.0
1.0,8.0,2.0,1.0,1.0,1.0,39.0,32.0,-0.0030632107251067353,-0.0017650185808415486,0.03125,4096.0,6400000.0
8.0,8.0,2.0,4.0,47.0,31.0,1366.0,3936.0,0.24013541328420163,0.24770958980304536,0.03125,4.0,6400000.0
8.0,8.0,2.0,3.0,49.0,32.0,1451.0,4096.0,0.23507095516870358,0.24341923814851896,16.0,0.25,6400000.0
1.0,8.0,2.0,1.0,1.0,1.0,39.0,32.0,-0.0030632107251067353,-0.0017650185808415486,16.0,256.0,6400000.0
8.0,8.0,2.0,5.0,49.0,32.0,1442.0,4096.0,0.2427950290762324,0.2498898123923684,0.0,1.0,6400000.0
1.0,8.0,1.0,1.0,1.0,1.0,35.0,32.0,-0.0030632107251067353,-0.0017650185808415486,32768.0,0.25,6400000.0
1.0,1.0,2.0,1.0,1.0,1.0,39.0,32.0,-0.0030632107251067353,-0.0017650185808415486,0.25,256.0,6400000.0
8.0,8.0,2.0,3.0,28.0,19.0,811.0,2016.0,0.21283928564259325,0.2171199351563362,0.00195312,16.0,6400000.0
8.0,8.0,2.0,2.0,22.0,16.0,664.0,1536.0,0.184803559555608,0.19082719424152972,0.0625,32.0,6400000.0
1.0,8.0,2.0,1.0,1.0,1.0,39.0,32.0,-0.0030632107251067353,-0.0017650185808415486,64.0,8192.0,6400000.0
8.0,8.0,2.0,6.0,50.0,32.0,1485.0,4096.0,0.2438660556498633,0.2506395189882554,0.0625,0.03125,6400000.0
1.0,8.0,2.0,1.0,1.0,1.0,39.0,32.0,-0.0030632107251067353,-0.0017650185808415486,0.0625,32768.0,6400000.0
1.0,1.0,2.0,3.0,7.0,4.0,223.0,512.0,0.049777517915640224,0.05405121197129903,0.25,0.0,6400000.0
1.0,8.0,2.0,1.0,1.0,1.0,39.0,32.0,-0.0030632107251067353,-0.0017650185808415486,0.125,256.0,6400000.0
8.0,8.0,2.0,6.0,50.0,32.0,1485.0,4096.0,0.2438660556498633,0.2506395189882554,0.015625,0.000976562,6400000.0
8.0,8.0,2.0,6.0,50.0,32.0,1485.0,4096.0,0.2438660556498633,0.2506395189882554,0.25,0.00195312,6400000.0
8.0,8.0,2.0,6.0,50.0,32.0,1485.0,4096.0,0.2438660556498633,0.2506395189882554,0.125,0.25,6400000.0
8.0,8.0,2.0,6.0,49.0,32.0,1481.0,4096.0,0.24452244600949424,0.2511091359977853,0.25,2.0,6400000.0
1.0,8.0,2.0,1.0,1.0,1.0,39.0,32.0,-0.0030632107251067353,-0.0017650185808415486,32.0,2048.0,6400000.0
8.0,8.0,2.0,2.0,46.0,32.0,1416.0,4096.0,0.2099834874188996,0.2168675291971165,32.0,2.0,6400000.0
8.0,8.0,2.0,6.0,50.0,32.0,1485.0,4096.0,0.2438660556498633,0.2506395189882554,0.0078125,0.25,6400000.0
8.0,8.0,2.0,6.0,50.0,32.0,1485.0,4096.0,0.2438660556498633,0.2506395189882554,0.00390625,0.0625,6400000.0
1.0,8.0,2.0,1.0,1.0,1.0,39.0,32.0,-0.0030632107251067353,-0.0017650185808415486,0.25,2048.0,6400000.0
1.0,1.0,2.0,1.0,1.0,1.0,39.0,32.0,-0.0030632107251067353,-0.0017650185808415486,0.125,256.0,6400000.0
8.0,8.0,2.0,6.0,50.0,32.0,1485.0,4096.0,0.2438660556498633,0.2506395189882554,0.5,0.015625,6400000.0
1.0,8.0,2.0,1.0,1.0,1.0,39.0,32.0,-0.0030632107251067353,-0.0017650185808415486,128.0,0.0625,6400000.0
1.0,8.0,2.0,1.0,1.0,1.0,39.0,32.0,-0.0030632107251067353,-0.0017650185808415486,1.0,128.0,6400000.0
8.0,8.0,2.0,3.0,28.0,19.0,811.0,2016.0,0.21283928564259325,0.2171199351563362,0.5,16.0,6400000.0
1.0,1.0,2.0,3.0,7.0,4.0,223.0,512.0,0.049777517915640224,0.05405121197129903,0.25,0.5,6400000.0
8.0,8.0,2.0,2.0,46.0,32.0,1416.0,4096.0,0.2099834874188996,0.2168675291971165,64.0,0.015625,6400000.0
8.0,8.0,2.0,5.0,49.0,32.0,1442.0,4096.0,0.2427950290762324,0.2498898123923684,0.015625,1.0,6400000.0
1.0,8.0,2.0,1.0,1.0,1.0,39.0,32.0,-0.0030632107251067353,-0.0017650185808415486,0.5,16384.0,6400000.0
8.0,8.0,2.0,4.0,50.0,32.0,1496.0,4096.0,0.24400372711863172,0.25014937912224633,1.0,0.125,6400000.0
8.0,8.0,2.0,4.0,47.0,31.0,1366.0,3936.0,0.24013541328420163,0.24770958980304536,0.000976562,4.0,6400000.0
1.0,8.0,2.0,1.0,1.0,1.0,39.0,32.0,-0.0030632107251067353,-0.0017650185808415486,0.0,1024.0,6400000.0
8.0,8.0,2.0,3.0,50.0,32.0,1485.0,4096.0,0.24124583792178256,0.24894539640594748,2.0,0.000976562,6400000.0
8.0,8.0,2.0,6.0,50.0,32.0,1485.0,4096.0,0.2438660556498633,0.2506395189882554,0.0078125,0.0,6400000.0
8.0,8.0,2.0,6.0,50.0,32.0,1485.0,4096.0,0.2438660556498633,0.2506395189882554,0.0,0.00195312,6400000.0
8.0,8.0,2.0,6.0,50.0,32.0,1485.0,4096.0,0.2438660556498633,0.2506395189882554,0.00195312,0.03125,6400000.0
1.0,8.0,2.0,1.0,1.0,1.0,39.0,32.0,-0.0030632107251067353,-0.0017650185808415486,128.0,64.0,6400000.0
1.0,8.0,2.0,1.0,1.0,1.0,39.0,32.0,-0.0030632107251067353,-0.0017650185808415486,0.0078125,256.0,6400000.0
1.0,8.0,2.0,1.0,1.0,1.0,39.0,32.0,-0.0030632107251067353,-0.0017650185808415486,0.015625,1024.0,6400000.0
8.0,8.0,2.0,3.0,50.0,32.0,1485.0,4096.0,0.24124583792178256,0.24894539640594748,2.0,1.0,6400000.0
8.0,8.0,2.0,3.0,50.0,32.0,1485.0,4096.0,0.24124583792178256,0.24894539640594748,4.0,0.0078125,6400000.0
3.0,8.0,2.0,2.0,9.0,6.0,287.0,576.0,0.10115259004895938,0.10346957106453547,0.00390625,64.0,6400000.0
1.0,8.0,2.0,1.0,1.0,1.0,39.0,32.0,-0.0030632107251067353,-0.0017650185808415486,2.0,1024.0,6400000.0
8.0,8.0,2.0,3.0,41.0,27.0,1179.0,3296.0,0.23437483408904247,0.24050636192565555,4.0,8.0,6400000.0
8.0,8.0,2.0,3.0,49.0,32.0,1451.0,4096.0,0.23507095516870358,0.24341923814851896,16.0,0.0,6400000.0
8.0,8.0,2.0,3.0,50.0,32.0,1485.0,4096.0,0.24124583792178256,0.24894539640594748,8.0,0.0625,6400000.0
1.0,8.0,1.0,1.0,1.0,1.0,35.0,32.0,-0.0030632107251067353,-0.0017650185808415486,32768.0,256.0,6400000.0
1.0,8.0,2.0,1.0,1.0,1.0,39.0,32.0,-0.0030632107251067353,-0.0017650185808415486,4.0,8192.0,6400000.0
3.0,8.0,2.0,2.0,9.0,6.0,287.0,576.0,0.10115259004895938,0.10346957106453547,8.0,64.0,6400000.0
1.0,8.0,2.0,1.0,1.0,1.0,39.0,32.0,-0.0030632107251067353,-0.0017650185808415486,0.00195312,16384.0,6400000.0
8.0,8.0,2.0,3.0,49.0,32.0,1451.0,4096.0,0.23507095516870358,0.24341923814851896,16.0,0.5,6400000.0
8.0,8.0,2.0,6.0,50.0,32.0,1485.0,4096.0,0.2438660556498633,0.2506395189882554,0.000976562,0.0078125,6400000.0
1.0,1.0,2.0,3.0,7.0,4.0,223.0,512.0,0.049777517915640224,0.05405121197129903,0.125,4.0,6400000.0
8.0,8.0,2.0,3.0,41.0,27.0,1179.0,3296.0,0.23437483408904247,0.24050636192565555,0.03125,8.0,6400000.0
1.0,8.0,2.0,1.0,1.0,1.0,39.0,32.0,-0.0030632107251067353,-0.0017650185808415486,0.000976562,4096.0,6400000.0
8.0,8.0,2.0,2.0,46.0,32.0,1416.0,4096.0,0.2099834874188996,0.2168675291971165,32.0,0.00390625,6400000.0
1.0,8.0,2.0,1.0,1.0,1.0,39.0,32.0,-0.0030632107251067353,-0.0017650185808415486,0.03125,8192.0,6400000.0
8.0,8.0,2.0,2.0,22.0,16.0,664.0,1536.0,0.184803559555608,0.19082719424152972,64.0,16.0,6400000.0
8.0,8.0,2.0,6.0,49.0,32.0,1481.0,4096.0,0.24452244600949424,0.2511091359977853,0.0,2.0,6400000.0
8.0,8.0,2.0,6.0,50.0,32.0,1485.0,4096.0,0.2438660556498633,0.2506395189882554,0.03125,0.0078125,6400000.0
3.0,8.0,2.0,2.0,9.0,6.0,287.0,576.0,0.10115259004895938,0.10346957106453547,0.0625,64.0,6400000.0
1.0,8.0,2.0,1.0,1.0,1.0,39.0,32.0,-0.0030632107251067353,-0.0017650185808415486,16.0,512.0,6400000.0
8.0,8.0,2.0,2.0,22.0,16.0,664.0,1536.0,0.184803559555608,0.19082719424152972,0.00195312,32.0,6400000.0
1.0,8.0,2.0,1.0,1.0,1.0,39.0,32.0,-0.0030632107251067353,-0.0017650185808415486,256.0,0.0,6400000.0
8.0,8.0,2.0,6.0,50.0,32.0,1485.0,4096.0,0.2438660556498633,0.2506395189882554,0.0625,0.0625,6400000.0
1.0,8.0,2.0,1.0,1.0,1.0,39.0,32.0,-0.0030632107251067353,-0.0017650185808415486,64.0,16384.0,6400000.0
1.0,1.0,2.0,1.0,1.0,1.0,39.0,32.0,-0.0030632107251067353,-0.0017650185808415486,0.25,512.0,6400000.0
8.0,8.0,2.0,6.0,50.0,32.0,1485.0,4096.0,0.2438660556498633,0.2506395189882554,0.125,0.0,6400000.0
1.0,8.0,2.0,1.0,1.0,1.0,39.0,32.0,-0.0030632107251067353,-0.0017650185808415486,0.125,512.0,6400000.0
8.0,8.0,2.0,6.0,50.0,32.0,1485.0,4096.0,0.2438660556498633,0.2506395189882554,0.015625,0.00195312,6400000.0
1.0,1.0,2.0,3.0,7.0,4.0,223.0,512.0,0.049777517915640224,0.05405121197129903,0.25,0.000976562,6400000.0
8.0,8.0,2.0,6.0,50.0,32.0,1485.0,4096.0,0.2438660556498633,0.2506395189882554,0.25,0.00390625,6400000.0
8.0,8.0,2.0,6.0,50.0,32.0,1485.0,4096.0,0.2438660556498633,0.2506395189882554,0.00390625,0.125,6400000.0
8.0,8.0,2.0,2.0,40.0,28.0,1208.0,3456.0,0.2094549964820679,0.2135982878382756,32.0,4.0,6400000.0
8.0,8.0,2.0,5.0,49.0,32.0,1442.0,4096.0,0.2427950290762324,0.2498898123923684,0.125,0.5,6400000.0
8.0,8.0,2.0,4.0,47.0,31.0,1366.0,3936.0,0.24013541328420163,0.24770958980304536,0.25,4.0,6400000.0
1.0,8.0,2.0,1.0,1.0,1.0,39.0,32.0,-0.0030632107251067353,-0.0017650185808415486,32.0,4096.0,6400000.0
8.0,8.0,2.0,6.0,50.0,32.0,1485.0,4096.0,0.2438660556498633,0.2506395189882554,0.0078125,0.5,6400000.0
1.0,8.0,2.0,1.0,1.0,1.0,39.0,32.0,-0.0030632107251067353,-0.0017650185808415486,0.25,4096.0,6400000.0
1.0,8.0,2.0,1.0,1.0,1.0,39.0,32.0,-0.0030632107251067353,-0.0017650185808415486,128.0,0.125,6400000.0
8.0,8.0,2.0,6.0,50.0,32.0,1485.0,4096.0,0.2438660556498633,0.2506395189882554,0.5,0.03125,6400000.0
1.0,1.0,2.0,1.0,1.0,1.0,39.0,32.0,-0.0030632107251067353,-0.0017650185808415486,0.125,512.0,6400000.0
1.0,8.0,2.0,1.0,1.0,1.0,39.0,32.0,-0.0030632107251067353,-0.0017650185808415486,1.0,256.0,6400000.0
8.0,8.0,2.0,2.0,22.0,16.0,664.0,1536.0,0.184803559555608,0.19082719424152972,0.5,32.0,6400000.0
1.0,1.0,2.0,3.0,7.0,4.0,223.0,512.0,0.049777517915640224,0.05405121197129903,0.25,1.0,6400000.0
1.0,8.0,2.0,1.0,1.0,1.0,39.0,32.0,-0.0030632107251067353,-0.0017650185808415486,0.5,32768.0,6400000.0
8.0,8.0,2.0,2.0,46.0,32.0,1416.0,4096.0,0.2099834874188996,0.2168675291971165,64.0,0.03125,6400000.0
8.0,8.0,2.0,6.0,49.0,32.0,1481.0,4096.0,0.24452244600949424,0.2511091359977853,0.015625,2.0,6400000.0
8.0,8.0,2.0,4.0,50.0,32.0,1496.0,4096.0,0.24400372711863172,0.25014937912224633,1.0,0.25,6400000.0
1.0,8.0,2.0,1.0,1.0,1.0,39.0,32.0,-0.0030632107251067353,-0.0017650185808415486,0.0,2048.0,6400000.0
8.0,8.0,2.0,3.0,50.0,32.0,1485.0,4096.0,0.24124583792178256,0.24894539640594748,2.0,0.00195312,6400000.0
8.0,8.0,2.0,3.0,41.0,27.0,1179.0,3296.0,0.23437483408904247,0.24050636192565555,0.000976562,8.0,6400000.0
8.0,8.0,2.0,6.0,50.0,32.0,1485.0,4096.0,0.2438660556498633,0.2506395189882554,0.00195312,0.0625,6400000.0
8.0,8.0,2.0,6.0,50.0,32.0,1485.0,4096.0,0.2438660556498633,0.2506395189882554,0.0078125,0.000976562,6400000.0
1.0,8.0,2.0,1.0,1.0,1.0,39.0,32.0,-0.0030632107251067353,-0.0017650185808415486,128.0,128.0,6400000.0
1.0,8.0,2.0,1.0,1.0,1.0,39.0,32.0,-0.0030632107251067353,-0.0017650185808415486,0.015625,2048.0,6400000.0
1.0,8.0,2.0,1.0,1.0,1.0,39.0,32.0,-0.0030632107251067353,-0.0017650185808415486,0.0078125,512.0,6400000.0
1.0,8.0,2.0,1.0,1.0,1.0,39.0,32.0,-0.0030632107251067353,-0.0017650185808415486,2.0,2048.0,6400000.0
8.0,8.0,2.0,3.0,50.0,32.0,1485.0,4096.0,0.24124583792178256,0.24894539640594748,4.0,0.015625,6400000.0
1.0,8.0,2.0,1.0,1.0,1.0,39.0,32.0,-0.0030632107251067353,-0.0017650185808415486,0.00390625,128.0,6400000.0
1.0,8.0,2.0,1.0,1.0,1.0,39.0,32.0,-0.0030632107251067353,-0.0017650185808415486,0.00195312,32768.0,6400000.0
8.0,8.0,2.0,3.0,49.0,32.0,1451.0,4096.0,0.23507095516870358,0.24341923814851896,16.0,0.000976562,6400000.0
8.0,8.0,2.0,3.0,50.0,32.0,1485.0,4096.0,0.24124583792178256,0.24894539640594748,2.0,2.0,6400000.0
8.0,8.0,2.0,3.0,28.0,19.0,811.0,2016.0,0.21283928564259325,0.2171199351563362,4.0,16.0,6400000.0
1.0,8.0,2.0,1.0,1.0,1.0,39.0,32.0,-0.0030632107251067353,-0.0017650185808415486,4.0,16384.0,6400000.0
1.0,8.0,2.0,1.0,1.0,1.0,39.0,32.0,-0.0030632107251067353,-0.0017650185808415486,8.0,128.0,6400000.0
8.0,8.0,2.0,3.0,50.0,32.0,1485.0,4096.0,0.24124583792178256,0.24894539640594748,8.0,0.125,6400000.0
1.0,1.0,2.0,3.0,5.0,3.0,158.0,352.0,0.048146068319603885,0.051476191507202285,0.125,8.0,6400000.0
8.0,8.0,2.0,3.0,28.0,19.0,811.0,2016.0,0.21283928564259325,0.2171199351563362,0.03125,16.0,6400000.0
8.0,8.0,2.0,2.0,46.0,32.0,1416.0,4096.0,0.2099834874188996,0.2168675291971165,32.0,0.0078125,6400000.0
8.0,8.0,2.0,3.0,49.0,32.0,1451.0,4096.0,0.23507095516870358,0.24341923814851896,16.0,1.0,6400000.0
1.0,8.0,2.0,1.0,1.0,1.0,39.0,32.0,-0.0030632107251067353,-0.0017650185808415486,0.000976562,8192.0,6400000.0
1.0,8.0,2.0,1.0,1.0,1.0,39.0,32.0,-0.0030632107251067353,-0.0017650185808415486,0.03125,16384.0,6400000.0
8.0,8.0,2.0,2.0,22.0,16.0,664.0,1536.0,0.184803559555608,0.19082719424152972,64.0,32.0,6400000.0
1.0,8.0,2.0,1.0,1.0,1.0,39.0,32.0,-0.0030632107251067353,-0.0017650185808415486,0.0625,128.0,6400000.0
1.0,1.0,2.0,1.0,1.0,1.0,39.0,32.0,-0.0030632107251067353,-0.0017650185808415486,0.25,1024.0,6400000.0
8.0,8.0,2.0,6.0,50.0,32.0,1485.0,4096.0,0.2438660556498633,0.2506395189882554,0.0625,0.125,6400000.0
1.0,8.0,2.0,1.0,1.0,1.0,39.0,32.0,-0.0030632107251067353,-0.0017650185808415486,64.0,32768.0,6400000.0
1.0,8.0,2.0,1.0,1.0,1.0,39.0,32.0,-0.0030632107251067353,-0.0017650185808415486,256.0,0.000976562,6400000.0
1.0,8.0,2.0,1.0,1.0,1.0,39.0,32.0,-0.0030632107251067353,-0.0017650185808415486,16.0,1024.0,6400000.0
3.0,8.0,2.0,2.0,9.0,6.0,287.0,576.0,0.10115259004895938,0.10346957106453547,0.00195312,64.0,6400000.0
8.0,8.0,2.0,6.0,50.0,32.0,1485.0,4096.0,0.2438660556498633,0.2506395189882554,0.000976562,0.015625,6400000.0
8.0,8.0,2.0,6.0,50.0,32.0,1485.0,4096.0,0.2438660556498633,0.2506395189882554,0.03125,0.015625,6400000.0
8.0,8.0,2.0,6.0,50.0,32.0,1485.0,4096.0,0.2438660556498633,0.2506395189882554,0.125,0.000976562,6400000.0
1.0,8.0,2.0,1.0,1.0,1.0,39.0,32.0,-0.0030632107251067353,-0.0017650185808415486,0.125,1024.0,6400000.0
8.0,8.0,2.0,6.0,50.0,32.0,1485.0,4096.0,0.2438660556498633,0.2506395189882554,0.015625,0.00390625,6400000.0
1.0,1.0,2.0,3.0,7.0,4.0,223.0,512.0,0.049777517915640224,0.05405121197129903,0.25,0.00195312,6400000.0
1.0,8.0,2.0,1.0,1.0,1.0,39.0,32.0,-0.0030632107251067353,-0.0017650185808415486,0.25,8192.0,6400000.0
8.0,8.0,2.0,3.0,41.0,27.0,1179.0,3296.0,0.23437483408904247,0.24050636192565555,0.25,8.0,6400000.0
8.0,8.0,2.0,5.0,49.0,32.0,1442.0,4096.0,0.2427950290762324,0.2498898123923684,0.0078125,1.0,6400000.0
8.0,8.0,2.0,6.0,50.0,32.0,1485.0,4096.0,0.2438660556498633,0.2506395189882554,0.25,0.0078125,6400000.0
1.0,8.0,2.0,1.0,1.0,1.0,39.0,32.0,-0.0030632107251067353,-0.0017650185808415486,32.0,8192.0,6400000.0
8.0,8.0,2.0,5.0,49.0,32.0,1442.0,4096.0,0.2427950290762324,0.2498898123923684,0.125,1.0,6400000.0
8.0,8.0,2.0,6.0,50.0,32.0,1485.0,4096.0,0.2438660556498633,0.2506395189882554,0.00390625,0.25,6400000.0
1.0,1.0,2.0,1.0,1.0,1.0,39.0,32.0,-0.0030632107251067353,-0.0017650185808415486,0.125,1024.0,6400000.0
8.0,8.0,2.0,2.0,29.0,20.0,855.0,2176.0,0.19779588450891128,0.2016374874754887,32.0,8.0,6400000.0
1.0,8.0,2.0,1.0,1.0,1.0,39.0,32.0,-0.0030632107251067353,-0.0017650185808415486,128.0,0.25,6400000.0
8.0,8.0,2.0,6.0,50.0,32.0,1485.0,4096.0,0.2438660556498633,0.2506395189882554,0.5,0.0625,6400000.0
1.0,8.0,2.0,1.0,1.0,1.0,39.0,32.0,-0.0030632107251067353,-0.0017650185808415486,1.0,512.0,6400000.0
3.0,8.0,2.0,2.0,9.0,6.0,287.0,576.0,0.10115259004895938,0.10346957106453547,0.5,64.0,6400000.0
1.0,1.0,2.0,3.0,7.0,4.0,223.0,512.0,0.049777517915640224,0.05405121197129903,0.25,2.0,6400000.0
8.0,8.0,2.0,4.0,50.0,32.0,1496.0,4096.0,0.24400372711863172,0.25014937912224633,1.0,0.0,6400000.0
8.0,8.0,2.0,2.0,46.0,32.0,1416.0,4096.0,0.2099834874188996,0.2168675291971165,64.0,0.0625,6400000.0
8.0,8.0,2.0,4.0,47.0,31.0,1366.0,3936.0,0.24013541328420163,0.24770958980304536,0.015625,4.0,6400000.0
8.0,8.0,2.0,4.0,50.0,32.0,1496.0,4096.0,0.24400372711863172,0.25014937912224633,1.0,0.5,6400000.0
8.0,8.0,2.0,3.0,50.0,32.0,1485.0,4096.0,0.24124583792178256,0.24894539640594748,2.0,0.00390625,6400000.0
8.0,8.0,2.0,3.0,28.0,19.0,811.0,2016.0,0.21283928564259325,0.2171199351563362,0.000976562,16.0,6400000.0
1.0,8.0,2.0,1.0,1.0,1.0,39.0,32.0,-0.0030632107251067353,-0.0017650185808415486,128.0,256.0,6400000.0
1.0,8.0,2.0,1.0,1.0,1.0,39.0,32.0,-0.0030632107251067353,-0.0017650185808415486,0.015625,4096.0,6400000.0
8.0,8.0,2.0,6.0,50.0,32.0,1485.0,4096.0,0.2438660556498633,0.2506395189882554,0.0078125,0.00195312,6400000.0
1.0,8.0,2.0,1.0,1.0,1.0,39.0,32.0,-0.0030632107251067353,-0.0017650185808415486,0.0078125,1024.0,6400000.0
8.0,8.0,2.0,6.0,50.0,32.0,1485.0,4096.0,0.2438660556498633,0.2506395189882554,0.00195312,0.125,6400000.0
1.0,8.0,2.0,1.0,1.0,1.0,39.0,32.0,-0.0030632107251067353,-0.0017650185808415486,0.00390625,256.0,6400000.0
1.0,8.0,2.0,1.0,1.0,1.0,39.0,32.0,-0.0030632107251067353,-0.0017650185808415486,2.0,4096.0,6400000.0
8.0,8.0,2.0,3.0,50.0,32.0,1485.0,4096.0,0.24124583792178256,0.24894539640594748,4.0,0.03125,6400000.0
8.0,8.0,2.0,3.0,48.0,31.0,1417.0,3936.0,0.24134411288924695,0.24796915647900986,2.0,4.0,6400000.0
8.0,8.0,2.0,3.0,49.0,32.0,1451.0,4096.0,0.23507095516870358,0.24341923814851896,16.0,0.00195312,6400000.0
8.0,8.0,2.0,6.0,50.0,32.0,1485.0,4096.0,0.2438660556498633,0.2506395189882554,0.00390625,0.0,6400000.0
8.0,8.0,2.0,2.0,22.0,16.0,664.0,1536.0,0.184803559555608,0.19082719424152972,4.0,32.0,6400000.0
1.0,8.0,2.0,1.0,1.0,1.0,39.0,32.0,-0.0030632107251067353,-0.0017650185808415486,4.0,32768.0,6400000.0
8.0,8.0,2.0,2.0,22.0,16.0,664.0,1536.0,0.184803559555608,0.19082719424152972,0.03125,32.0,6400000.0
1.0,8.0,2.0,1.0,1.0,1.0,39.0,32.0,-0.0030632107251067353,-0.0017650185808415486,8.0,256.0,6400000.0
8.0,8.0,2.0,3.0,49.0,32.0,1451.0,4096.0,0.23507095516870358,0.24341923814851896,16.0,2.0,6400000.0
8.0,8.0,2.0,3.0,50.0,32.0,1485.0,4096.0,0.24124583792178256,0.24894539640594748,8.0,0.25,6400000.0
8.0,8.0,2.0,2.0,46.0,32.0,1416.0,4096.0,0.2099834874188996,0.2168675291971165,32.0,0.015625,6400000.0
1.0,8.0,2.0,1.0,1.0,1.0,39.0,32.0,-0.0030632107251067353,-0.0017650185808415486,0.0625,256.0,6400000.0
1.0,8.0,2.0,1.0,1.0,1.0,39.0,32.0,-0.0030632107251067353,-0.0017650185808415486,0.000976562,16384.0,6400000.0
1.0,8.0,2.0,1.0,1.0,1.0,39.0,32.0,-0.0030632107251067353,-0.0017650185808415486,0.03125,32768.0,6400000.0
1.0,8.0,2.0,1.0,1.0,1.0,39.0,32.0,-0.0030632107251067353,-0.0017650185808415486,0.00195312,128.0,6400000.0
1.0,8.0,2.0,1.0,1.0,1.0,39.0,32.0,-0.0030632107251067353,-0.0017650185808415486,128.0,0.0,6400000.0
1.0,8.0,2.0,1.0,1.0,1.0,39.0,32.0,-0.0030632107251067353,-0.0017650185808415486,16.0,2048.0,6400000.0
8.0,8.0,2.0,6.0,50.0,32.0,1485.0,4096.0,0.2438660556498633,0.2506395189882554,0.0625,0.25,6400000.0
1.0,1.0,2.0,1.0,1.0,1.0,39.0,32.0,-0.0030632107251067353,-0.0017650185808415486,0.25,2048.0,6400000.0
8.0,8.0,2.0,6.0,50.0,32.0,1485.0,4096.0,0.2438660556498633,0.2506395189882554,0.03125,0.03125,6400000.0
1.0,8.0,2.0,1.0,1.0,1.0,39.0,32.0,-0.0030632107251067353,-0.0017650185808415486,64.0,64.0,6400000.0
1.0,8.0,2.0,1.0,1.0,1.0,39.0,32.0,-0.0030632107251067353,-0.0017650185808415486,256.0,0.00195312,6400000.0
1.0,8.0,2.0,1.0,1.0,1.0,39.0,32.0,-0.0030632107251067353,-0.0017650185808415486,0.125,2048.0,6400000.0
8.0,8.0,2.0,6.0,50.0,32.0,1485.0,4096.0,0.2438660556498633,0.2506395189882554,0.125,0.00195312,6400000.0
8.0,8.0,2.0,6.0,50.0,32.0,1485.0,4096.0,0.2438660556498633,0.2506395189882554,0.015625,0.0078125,6400000.0
1.0,1.0,2.0,3.0,7.0,4.0,223.0,512.0,0.049777517915640224,0.05405121197129903,0.25,0.00390625,6400000.0
1.0,8.0,2.0,1.0,1.0,1.0,39.0,32.0,-0.0030632107251067353,-0.0017650185808415486,0.25,16384.0,6400000.0
8.0,8.0,2.0,3.0,28.0,19.0,811.0,2016.0,0.21283928564259325,0.2171199351563362,0.25,16.0,6400000.0
1.0,8.0,2.0,1.0,1.0,1.0,39.0,32.0,-0.0030632107251067353,-0.0017650185808415486,32.0,16384.0,6400000.0
8.0,8.0,2.0,6.0,49.0,32.0,1481.0,4096.0,0.24452244600949424,0.2511091359977853,0.0078125,2.0,6400000.0
8.0,8.0,2.0,2.0,22.0,16.0,664.0,1536.0,0.184803559555608,0.19082719424152972,32.0,16.0,6400000.0
8.0,8.0,2.0,6.0,50.0,32.0,1485.0,4096.0,0.2438660556498633,0.2506395189882554,0.25,0.015625,6400000.0
8.0,8.0,2.0,6.0,49.0,32.0,1481.0,4096.0,0.24452244600949424,0.2511091359977853,0.125,2.0,6400000.0
1.0,8.0,2.0,1.0,1.0,1.0,39.0,32.0,-0.0030632107251067353,-0.0017650185808415486,128.0,0.5,6400000.0
1.0,1.0,2.0,1.0,1.0,1.0,39.0,32.0,-0.0030632107251067353,-0.0017650185808415486,0.125,2048.0,6400000.0
8.0,8.0,2.0,6.0,50.0,32.0,1485.0,4096.0,0.2438660556498633,0.2506395189882554,0.00390625,0.5,6400000.0
8.0,8.0,2.0,5.0,49.0,32.0,1442.0,4096.0,0.2427950290762324,0.2498898123923684,0.5,0.125,6400000.0
1.0,8.0,2.0,1.0,1.0,1.0,39.0,32.0,-0.0030632107251067353,-0.0017650185808415486,1.0,1024.0,6400000.0
1.0,8.0,2.0,1.0,1.0,1.0,39.0,32.0,-0.0030632107251067353,-0.0017650185808415486,0.5,128.0,6400000.0
8.0,8.0,2.0,4.0,50.0,32.0,1496.0,4096.0,0.24400372711863172,0.25014937912224633,1.0,0.000976562,6400000.0
1.0,1.0,2.0,3.0,7.0,4.0,223.0,512.0,0.049777517915640224,0.05405121197129903,0.25,4.0,6400000.0
8.0,8.0,2.0,2.0,46.0,32.0,1416.0,4096.0,0.2099834874188996,0.2168675291971165,64.0,0.125,6400000.0
8.0,8.0,2.0,3.0,41.0,27.0,1179.0,3296.0,0.23437483408904247,0.24050636192565555,0.015625,8.0,6400000.0
8.0,8.0,2.0,4.0,50.0,32.0,1496.0,4096.0,0.24400372711863172,0.25014937912224633,1.0,1.0,6400000.0
8.0,8.0,2.0,3.0,50.0,32.0,1485.0,4096.0,0.24124583792178256,0.24894539640594748,2.0,0.0078125,6400000.0
1.0,8.0,2.0,1.0,1.0,1.0,39.0,32.0,-0.0030632107251067353,-0.0017650185808415486,128.0,512.0,6400000.0
1.0,8.0,2.0,1.0,1.0,1.0,39.0,32.0,-0.0030632107251067353,-0.0017650185808415486,0.0078125,2048.0,6400000.0
1.0,8.0,2.0,1.0,1.0,1.0,39.0,32.0,-0.0030632107251067353,-0.0017650185808415486,0.015625,8192.0,6400000.0
8.0,8.0,2.0,6.0,50.0,32.0,1485.0,4096.0,0.2438660556498633,0.2506395189882554,0.0078125,0.00390625,6400000.0
8.0,8.0,2.0,3.0,41.0,27.0,1179.0,3296.0,0.23437483408904247,0.24050636192565555,2.0,8.0,6400000.0
1.0,8.0,2.0,1.0,1.0,1.0,39.0,32.0,-0.0030632107251067353,-0.0017650185808415486,0.00390625,512.0,6400000.0
1.0,8.0,2.0,1.0,1.0,1.0,39.0,32.0,-0.0030632107251067353,-0.0017650185808415486,2.0,8192.0,6400000.0
3.0,8.0,2.0,2.0,9.0,6.0,287.0,576.0,0.10115259004895938,0.10346957106453547,4.0,64.0,6400000.0
8.0,8.0,2.0,6.0,50.0,32.0,1485.0,4096.0,0.2438660556498633,0.2506395189882554,0.00390625,0.000976562,6400000.0
8.0,8.0,2.0,3.0,49.0,32.0,1451.0,4096.0,0.23507095516870358,0.24341923814851896,16.0,0.00390625,6400000.0
8.0,8.0,2.0,3.0,50.0,32.0,1485.0,4096.0,0.24124583792178256,0.24894539640594748,4.0,0.0625,6400000.0
8.0,8.0,2.0,3.0,50.0,32.0,1485.0,4096.0,0.24124583792178256,0.24894539640594748,8.0,0.5,6400000.0
1.0,8.0,2.0,1.0,1.0,1.0,39.0,32.0,-0.0030632107251067353,-0.0017650185808415486,8.0,512.0,6400000.0
8.0,8.0,2.0,3.0,50.0,32.0,1485.0,4096.0,0.24124583792178256,0.24894539640594748,8.0,0.0,6400000.0
3.0,8.0,2.0,2.0,9.0,6.0,287.0,576.0,0.10115259004895938,0.10346957106453547,0.03125,64.0,6400000.0
8.0,8.0,2.0,2.0,46.0,32.0,1416.0,4096.0,0.2099834874188996,0.2168675291971165,32.0,0.03125,6400000.0
1.0,8.0,2.0,1.0,1.0,1.0,39.0,32.0,-0.0030632107251067353,-0.0017650185808415486,0.0625,512.0,6400000.0
8.0,8.0,2.0,3.0,46.0,31.0,1351.0,3936.0,0.23499982341548387,0.24235179330840095,16.0,4.0,6400000.0
1.0,8.0,2.0,1.0,1.0,1.0,39.0,32.0,-0.0030632107251067353,-0.0017650185808415486,128.0,0.000976562,6400000.0
8.0,8.0,2.0,6.0,50.0,32.0,1485.0,4096.0,0.2438660556498633,0.2506395189882554,0.0625,0.0,6400000.0
8.0,8.0,2.0,6.0,50.0,32.0,1485.0,4096.0,0.2438660556498633,0.2506395189882554,0.03125,0.0625,6400000.0
1.0,1.0,2.0,1.0,1.0,1.0,39.0,32.0,-0.0030632107251067353,-0.0017650185808415486,0.25,4096.0,6400000.0
1.0,8.0,2.0,1.0,1.0,1.0,39.0,32.0,-0.0030632107251067353,-0.0017650185808415486,16.0,4096.0,6400000.0
8.0,8.0,2.0,6.0,50.0,32.0,1485.0,4096.0,0.2438660556498633,0.2506395189882554,0.0625,0.5,6400000.0
1.0,8.0,2.0,1.0,1.0,1.0,39.0,32.0,-0.0030632107251067353,-0.0017650185808415486,64.0,128.0,6400000.0
1.0,8.0,2.0,1.0,1.0,1.0,39.0,32.0,-0.0030632107251067353,-0.0017650185808415486,256.0,0.00390625,6400000.0
1.0,8.0,2.0,1.0,1.0,1.0,39.0,32.0,-0.0030632107251067353,-0.0017650185808415486,0.125,4096.0,6400000.0
8.0,8.0,2.0,6.0,50.0,32.0,1485.0,4096.0,0.2438660556498633,0.2506395189882554,0.125,0.00390625,6400000.0
8.0,8.0,2.0,6.0,50.0,32.0,1485.0,4096.0,0.2438660556498633,0.2506395189882554,0.015625,0.015625,6400000.0
1.0,1.0,2.0,3.0,7.0,4.0,223.0,512.0,0.049777517915640224,0.05405121197129903,0.25,0.0078125,6400000.0
1.0,8.0,2.0,1.0,1.0,1.0,39.0,32.0,-0.0030632107251067353,-0.0017650185808415486,0.25,32768.0,6400000.0
1.0,8.0,2.0,1.0,1.0,1.0,39.0,32.0,-0.0030632107251067353,-0.0017650185808415486,32.0,32768.0,6400000.0
8.0,8.0,2.0,2.0,22.0,16.0,664.0,1536.0,0.184803559555608,0.19082719424152972,0.25,32.0,6400000.0
8.0,8.0,2.0,4.0,47.0,31.0,1366.0,3936.0,0.24013541328420163,0.24770958980304536,0.0078125,4.0,6400000.0
8.0,8.0,2.0,2.0,22.0,16.0,664.0,1536.0,0.184803559555608,0.19082719424152972,32.0,32.0,6400000.0
8.0,8.0,2.0,6.0,50.0,32.0,1485.0,4096.0,0.2438660556498633,0.2506395189882554,0.25,0.03125,6400000.0
1.0,1.0,2.0,1.0,1.0,1.0,39.0,32.0,-0.0030632107251067353,-0.0017650185808415486,0.125,4096.0,6400000.0
8.0,8.0,2.0,4.0,47.0,31.0,1366.0,3936.0,0.24013541328420163,0.24770958980304536,0.125,4.0,6400000.0
1.0,8.0,2.0,1.0,1.0,1.0,39.0,32.0,-0.0030632107251067353,-0.0017650185808415486,128.0,1.0,6400000.0
8.0,8.0,2.0,5.0,49.0,32.0,1442.0,4096.0,0.2427950290762324,0.2498898123923684,0.00390625,1.0,6400000.0
1.0,8.0,2.0,1.0,1.0,1.0,39.0,32.0,-0.0030632107251067353,-0.0017650185808415486,1.0,2048.0,6400000.0
8.0,8.0,2.0,5.0,49.0,32.0,1442.0,4096.0,0.2427950290762324,0.2498898123923684,0.5,0.25,6400000.0
1.0,8.0,2.0,1.0,1.0,1.0,39.0,32.0,-0.0030632107251067353,-0.0017650185808415486,0.5,256.0,6400000.0
1.0,1.0,2.0,3.0,5.0,3.0,158.0,352.0,0.048146068319603885,0.051476191507202285,0.25,8.0,6400000.0
8.0,8.0,2.0,4.0,50.0,32.0,1496.0,4096.0,0.24400372711863172,0.25014937912224633,1.0,0.00195312,6400000.0
8.0,8.0,2.0,2.0,46.0,32.0,1416.0,4096.0,0.2099834874188996,0.2168675291971165,64.0,0.25,6400000.0
8.0,8.0,2.0,3.0,28.0,19.0,811.0,2016.0,0.21283928564259325,0.2171199351563362,0.015625,16.0,6400000.0
8.0,8.0,2.0,5.0,49.0,32.0,1500.0,4096.0,0.2452742733090213,0.25185312016595895,1.0,2.0,6400000.0
8.0,8.0,2.0,3.0,50.0,32.0,1485.0,4096.0,0.24124583792178256,0.24894539640594748,2.0,0.015625,6400000.0
1.0,8.0,2.0,1.0,1.0,1.0,39.0,32.0,-0.0030632107251067353,-0.0017650185808415486,128.0,1024.0,6400000.0
1.0,8.0,2.0,1.0,1.0,1.0,39.0,32.0,-0.0030632107251067353,-0.0017650185808415486,0.0078125,4096.0,6400000.0
8.0,8.0,2.0,3.0,28.0,19.0,811.0,2016.0,0.21283928564259325,0.2171199351563362,2.0,16.0,6400000.0
1.0,8.0,2.0,1.0,1.0,1.0,39.0,32.0,-0.0030632107251067353,-0.0017650185808415486,0.015625,16384.0,6400000.0
8.0,8.0,2.0,6.0,50.0,32.0,1485.0,4096.0,0.2438660556498633,0.2506395189882554,0.0078125,0.0078125,6400000.0
1.0,8.0,2.0,1.0,1.0,1.0,39.0,32.0,-0.0030632107251067353,-0.0017650185808415486,2.0,16384.0,6400000.0
1.0,8.0,2.0,1.0,1.0,1.0,39.0,32.0,-0.0030632107251067353,-0.0017650185808415486,0.00390625,1024.0,6400000.0
1.0,8.0,2.0,1.0,1.0,1.0,39.0,32.0,-0.0030632107251067353,-0.0017650185808415486,4.0,128.0,6400000.0
8.0,8.0,2.0,3.0,49.0,32.0,1451.0,4096.0,0.23507095516870358,0.24341923814851896,16.0,0.0078125,6400000.0
8.0,8.0,2.0,3.0,50.0,32.0,1485.0,4096.0,0.24124583792178256,0.24894539640594748,8.0,0.000976562,6400000.0
8.0,8.0,2.0,3.0,50.0,32.0,1485.0,4096.0,0.24124583792178256,0.24894539640594748,4.0,0.125,6400000.0
8.0,8.0,2.0,3.0,50.0,32.0,1485.0,4096.0,0.24124583792178256,0.24894539640594748,8.0,1.0,6400000.0
1.0,8.0,2.0,1.0,1.0,1.0,39.0,32.0,-0.0030632107251067353,-0.0017650185808415486,8.0,1024.0,6400000.0
8.0,8.0,2.0,2.0,46.0,32.0,1416.0,4096.0,0.2099834874188996,0.2168675291971165,32.0,0.0625,6400000.0
1.0,8.0,2.0,1.0,1.0,1.0,39.0,32.0,-0.0030632107251067353,-0.0017650185808415486,0.0625,1024.0,6400000.0
1.0,8.0,2.0,1.0,1.0,1.0,39.0,32.0,-0.0030632107251067353,-0.0017650185808415486,0.03125,128.0,6400000.0
8.0,8.0,2.0,2.0,29.0,20.0,855.0,2176.0,0.19779588450891128,0.2016374874754887,16.0,8.0,6400000.0
1.0,8.0,2.0,1.0,1.0,1.0,39.0,32.0,-0.0030632107251067353,-0.0017650185808415486,128.0,0.00195312,6400000.0
1.0,8.0,2.0,1.0,1.0,1.0,39.0,32.0,-0.0030632107251067353,-0.0017650185808415486,16.0,8192.0,6400000.0
1.0,1.0,2.0,1.0,1.0,1.0,39.0,32.0,-0.0030632107251067353,-0.0017650185808415486,0.25,8192.0,6400000.0
8.0,8.0,2.0,5.0,49.0,32.0,1442.0,4096.0,0.2427950290762324,0.2498898123923684,0.0625,1.0,6400000.0
8.0,8.0,2.0,6.0,50.0,32.0,1485.0,4096.0,0.2438660556498633,0.2506395189882554,0.0625,0.000976562,6400000.0
8.0,8.0,2.0,6.0,50.0,32.0,1485.0,4096.0,0.2438660556498633,0.2506395189882554,0.03125,0.125,6400000.0
1.0,8.0,2.0,1.0,1.0,1.0,39.0,32.0,-0.0030632107251067353,-0.0017650185808415486,256.0,0.0078125,6400000.0
1.0,8.0,2.0,1.0,1.0,1.0,39.0,32.0,-0.0030632107251067353,-0.0017650185808415486,64.0,256.0,6400000.0
8.0,8.0,2.0,6.0,50.0,32.0,1485.0,4096.0,0.2438660556498633,0.2506395189882554,0.125,0.0078125,6400000.0
8.0,8.0,2.0,6.0,50.0,32.0,1485.0,4096.0,0.2438660556498633,0.2506395189882554,0.015625,0.03125,6400000.0
1.0,8.0,2.0,1.0,1.0,1.0,39.0,32.0,-0.0030632107251067353,-0.0017650185808415486,0.125,8192.0,6400000.0
8.0,8.0,2.0,6.0,50.0,32.0,1485.0,4096.0,0.2438660556498633,0.2506395189882554,0.5,0.0,6400000.0
1.0,1.0,2.0,3.0,7.0,4.0,223.0,512.0,0.049777517915640224,0.05405121197129903,0.25,0.015625,6400000.0
3.0,8.0,2.0,2.0,9.0,6.0,287.0,576.0,0.10115259004895938,0.10346957106453547,0.25,64.0,6400000.0
8.0,8.0,2.0,2.0,46.0,32.0,1416.0,4096.0,0.2099834874188996,0.2168675291971165,64.0,0.0,6400000.0
8.0,8.0,2.0,3.0,41.0,27.0,1179.0,3296.0,0.23437483408904247,0.24050636192565555,0.0078125,8.0,6400000.0
3.0,8.0,2.0,2.0,9.0,6.0,287.0,576.0,0.10115259004895938,0.10346957106453547,32.0,64.0,6400000.0
8.0,8.0,2.0,6.0,50.0,32.0,1485.0,4096.0,0.2438660556498633,0.2506395189882554,0.25,0.0625,6400000.0
1.0,8.0,2.0,1.0,1.0,1.0,39.0,32.0,-0.0030632107251067353,-0.0017650185808415486,0.5,512.0,6400000.0
1.0,8.0,2.0,1.0,1.0,1.0,39.0,32.0,-0.0030632107251067353,-0.0017650185808415486,1.0,4096.0,6400000.0
8.0,8.0,2.0,3.0,41.0,27.0,1179.0,3296.0,0.23437483408904247,0.24050636192565555,0.125,8.0,6400000.0
8.0,8.0,2.0,5.0,49.0,32.0,1442.0,4096.0,0.2427950290762324,0.2498898123923684,0.5,0.5,6400000.0
1.0,8.0,2.0,1.0,1.0,1.0,39.0,32.0,-0.0030632107251067353,-0.0017650185808415486,128.0,2.0,6400000.0
1.0,1.0,2.0,1.0,1.0,1.0,39.0,32.0,-0.0030632107251067353,-0.0017650185808415486,0.125,8192.0,6400000.0
8.0,8.0,2.0,2.0,46.0,32.0,1416.0,4096.0,0.2099834874188996,0.2168675291971165,64.0,0.5,6400000.0
1.0,1.0,2.0,3.0,5.0,3.0,158.0,352.0,0.048146068319603885,0.051476191507202285,0.25,16.0,6400000.0
8.0,8.0,2.0,4.0,50.0,32.0,1496.0,4096.0,0.24400372711863172,0.25014937912224633,1.0,0.00390625,6400000.0
8.0,8.0,2.0,3.0,48.0,31.0,1417.0,3936.0,0.24134411288924695,0.24796915647900986,1.0,4.0,6400000.0
8.0,8.0,2.0,2.0,22.0,16.0,664.0,1536.0,0.184803559555608,0.19082719424152972,0.015625,32.0,6400000.0
8.0,8.0,2.0,3.0,50.0,32.0,1485.0,4096.0,0.24124583792178256,0.24894539640594748,2.0,0.03125,6400000.0
1.0,8.0,2.0,1.0,1.0,1.0,39.0,32.0,-0.0030632107251067353,-0.0017650185808415486,128.0,2048.0,6400000.0
1.0,8.0,2.0,1.0,1.0,1.0,39.0,32.0,-0.0030632107251067353,-0.0017650185808415486,0.0078125,8192.0,6400000.0
8.0,8.0,2.0,2.0,22.0,16.0,664.0,1536.0,0.184803559555608,0.19082719424152972,2.0,32.0,6400000.0
1.0,8.0,2.0,1.0,1.0,1.0,39.0,32.0,-0.0030632107251067353,-0.0017650185808415486,0.015625,32768.0,6400000.0
1.0,8.0,2.0,1.0,1.0,1.0,39.0,32.0,-0.0030632107251067353,-0.0017650185808415486,2.0,32768.0,6400000.0
8.0,8.0,2.0,3.0,49.0,32.0,1451.0,4096.0,0.23507095516870358,0.24341923814851896,16.0,0.015625,6400000.0
8.0,8.0,2.0,3.0,50.0,32.0,1485.0,4096.0,0.24124583792178256,0.24894539640594748,8.0,0.00195312,6400000.0
1.0,8.0,2.0,1.0,1.0,1.0,39.0,32.0,-0.0030632107251067353,-0.0017650185808415486,4.0,256.0,6400000.0
8.0,8.0,2.0,3.0,50.0,32.0,1485.0,4096.0,0.24124583792178256,0.24894539640594748,4.0,0.25,6400000.0
8.0,8.0,2.0,2.0,46.0,32.0,1416.0,4096.0,0.2099834874188996,0.2168675291971165,32.0,0.125,6400000.0
1.0,8.0,2.0,1.0,1.0,1.0,39.0,32.0,-0.0030632107251067353,-0.0017650185808415486,8.0,2048.0,6400000.0
1.0,8.0,2.0,1.0,1.0,1.0,39.0,32.0,-0.0030632107251067353,-0.0017650185808415486,0.03125,256.0,6400000.0
8.0,8.0,2.0,3.0,50.0,32.0,1485.0,4096.0,0.24124583792178256,0.24894539640594748,8.0,2.0,6400000.0
1.0,8.0,2.0,1.0,1.0,1.0,39.0,32.0,-0.0030632107251067353,-0.0017650185808415486,0.0625,2048.0,6400000.0
8.0,8.0,2.0,2.0,22.0,16.0,664.0,1536.0,0.184803559555608,0.19082719424152972,16.0,16.0,6400000.0
1.0,8.0,2.0,1.0,1.0,1.0,39.0,32.0,-0.0030632107251067353,-0.0017650185808415486,128.0,0.00390625,6400000.0
8.0,8.0,2.0,6.0,50.0,32.0,1485.0,4096.0,0.2438660556498633,0.2506395189882554,0.0625,0.00195312,6400000.0
1.0,8.0,2.0,1.0,1.0,1.0,39.0,32.0,-0.0030632107251067353,-0.0017650185808415486,16.0,16384.0,6400000.0
1.0,1.0,2.0,1.0,1.0,1.0,39.0,32.0,-0.0030632107251067353,-0.0017650185808415486,0.25,16384.0,6400000.0
8.0,8.0,2.0,6.0,49.0,32.0,1481.0,4096.0,0.24452244600949424,0.2511091359977853,0.0625,2.0,6400000.0
8.0,8.0,2.0,6.0,50.0,32.0,1485.0,4096.0,0.2438660556498633,0.2506395189882554,0.03125,0.25,6400000.0
8.0,8.0,2.0,6.0,50.0,32.0,1485.0,4096.0,0.2438660556498633,0.2506395189882554,0.125,0.015625,6400000.0
1.0,8.0,2.0,1.0,1.0,1.0,39.0,32.0,-0.0030632107251067353,-0.0017650185808415486,256.0,0.015625,6400000.0
1.0,8.0,2.0,1.0,1.0,1.0,39.0,32.0,-0.0030632107251067353,-0.0017650185808415486,64.0,512.0,6400000.0
1.0,8.0,2.0,1.0,1.0,1.0,39.0,32.0,-0.0030632107251067353,-0.0017650185808415486,0.125,16384.0,6400000.0
8.0,8.0,2.0,6.0,50.0,32.0,1485.0,4096.0,0.2438660556498633,0.2506395189882554,0.015625,0.0625,6400000.0
1.0,8.0,2.0,1.0,1.0,1.0,39.0,32.0,-0.0030632107251067353,-0.0017650185808415486,0.25,128.0,6400000.0
1.0,1.0,2.0,3.0,7.0,4.0,223.0,512.0,0.049777517915640224,0.05405121197129903,0.25,0.03125,6400000.0
8.0,8.0,2.0,6.0,50.0,32.0,1485.0,4096.0,0.2438660556498633,0.2506395189882554,0.5,0.000976562,6400000.0
8.0,8.0,2.0,2.0,46.0,32.0,1416.0,4096.0,0.2099834874188996,0.2168675291971165,64.0,0.000976562,6400000.0
1.0,8.0,2.0,1.0,1.0,1.0,39.0,32.0,-0.0030632107251067353,-0.0017650185808415486,32.0,128.0,6400000.0
8.0,8.0,2.0,6.0,50.0,32.0,1485.0,4096.0,0.2438660556498633,0.2506395189882554,0.25,0.125,6400000.0
1.0,8.0,2.0,1.0,1.0,1.0,39.0,32.0,-0.0030632107251067353,-0.0017650185808415486,0.5,1024.0,6400000.0
1.0,8.0,2.0,1.0,1.0,1.0,39.0,32.0,-0.0030632107251067353,-0.0017650185808415486,128.0,4.0,6400000.0
8.0,8.0,2.0,5.0,49.0,32.0,1442.0,4096.0,0.2427950290762324,0.2498898123923684,0.5,1.0,6400000.0
1.0,8.0,2.0,1.0,1.0,1.0,39.0,32.0,-0.0030632107251067353,-0.0017650185808415486,1.0,8192.0,6400000.0
8.0,8.0,2.0,3.0,28.0,19.0,811.0,2016.0,0.21283928564259325,0.2171199351563362,0.125,16.0,6400000.0
8.0,8.0,2.0,2.0,46.0,32.0,1416.0,4096.0,0.2099834874188996,0.2168675291971165,64.0,1.0,6400000.0
8.0,8.0,2.0,4.0,50.0,32.0,1496.0,4096.0,0.24400372711863172,0.25014937912224633,1.0,0.0078125,6400000.0
1.0,1.0,2.0,2.0,3.0,2.0,112.0,192.0,0.03911015413878083,0.040912063041146696,0.25,32.0,6400000.0
8.0,8.0,2.0,3.0,41.0,27.0,1179.0,3296.0,0.23437483408904247,0.24050636192565555,1.0,8.0,6400000.0
8.0,8.0,2.0,3.0,50.0,32.0,1485.0,4096.0,0.24124583792178256,0.24894539640594748,2.0,0.0625,6400000.0
3.0,8.0,2.0,2.0,9.0,6.0,287.0,576.0,0.10115259004895938,0.10346957106453547,0.015625,64.0,6400000.0
1.0,8.0,2.0,1.0,1.0,1.0,39.0,32.0,-0.0030632107251067353,-0.0017650185808415486,128.0,4096.0,6400000.0
3.0,8.0,2.0,2.0,9.0,6.0,287.0,576.0,0.10115259004895938,0.10346957106453547,2.0,64.0,6400000.0
8.0,8.0,2.0,6.0,50.0,32.0,1485.0,4096.0,0.2438660556498633,0.2506395189882554,0.03125,0.0,6400000.0
8.0,8.0,2.0,3.0,50.0,32.0,1485.0,4096.0,0.24124583792178256,0.24894539640594748,4.0,0.0,6400000.0
8.0,8.0,2.0,3.0,50.0,32.0,1485.0,4096.0,0.24124583792178256,0.24894539640594748,8.0,0.00390625,6400000.0
8.0,8.0,2.0,3.0,49.0,32.0,1451.0,4096.0,0.23507095516870358,0.24341923814851896,16.0,0.03125,6400000.0
1.0,8.0,2.0,1.0,1.0,1.0,39.0,32.0,-0.0030632107251067353,-0.0017650185808415486,4.0,512.0,6400000.0
8.0,8.0,2.0,3.0,50.0,32.0,1485.0,4096.0,0.24124583792178256,0.24894539640594748,4.0,0.5,6400000.0
1.0,8.0,2.0,1.0,1.0,1.0,39.0,32.0,-0.0030632107251067353,-0.0017650185808415486,8.0,4096.0,6400000.0
8.0,8.0,2.0,2.0,46.0,32.0,1416.0,4096.0,0.2099834874188996,0.2168675291971165,32.0,0.25,6400000.0
1.0,8.0,2.0,1.0,1.0,1.0,39.0,32.0,-0.0030632107251067353,-0.0017650185808415486,0.03125,512.0,6400000.0
8.0,8.0,2.0,3.0,48.0,31.0,1417.0,3936.0,0.24134411288924695,0.24796915647900986,8.0,4.0,6400000.0
1.0,8.0,2.0,1.0,1.0,1.0,39.0,32.0,-0.0030632107251067353,-0.0017650185808415486,128.0,0.0078125,6400000.0
1.0,8.0,2.0,1.0,1.0,1.0,39.0,32.0,-0.0030632107251067353,-0.0017650185808415486,0.0625,4096.0,6400000.0
8.0,8.0,2.0,6.0,50.0,32.0,1485.0,4096.0,0.2438660556498633,0.2506395189882554,0.0625,0.00390625,6400000.0
8.0,8.0,2.0,2.0,22.0,16.0,664.0,1536.0,0.184803559555608,0.19082719424152972,16.0,32.0,6400000.0
1.0,8.0,2.0,1.0,1.0,1.0,39.0,32.0,-0.0030632107251067353,-0.0017650185808415486,16.0,32768.0,6400000.0
1.0,8.0,2.0,1.0,1.0,1.0,39.0,32.0,-0.0030632107251067353,-0.0017650185808415486,64.0,1024.0,6400000.0
1.0,1.0,2.0,1.0,1.0,1.0,39.0,32.0,-0.0030632107251067353,-0.0017650185808415486,0.25,32768.0,6400000.0
1.0,8.0,2.0,1.0,1.0,1.0,39.0,32.0,-0.0030632107251067353,-0.0017650185808415486,256.0,0.03125,6400000.0
8.0,8.0,2.0,4.0,47.0,31.0,1366.0,3936.0,0.24013541328420163,0.24770958980304536,0.0625,4.0,6400000.0
8.0,8.0,2.0,6.0,50.0,32.0,1485.0,4096.0,0.2438660556498633,0.2506395189882554,0.125,0.03125,6400000.0
1.0,8.0,2.0,1.0,1.0,1.0,39.0,32.0,-0.0030632107251067353,-0.0017650185808415486,0.125,32768.0,6400000.0
8.0,8.0,2.0,6.0,50.0,32.0,1485.0,4096.0,0.2438660556498633,0.2506395189882554,0.03125,0.5,6400000.0
8.0,8.0,2.0,6.0,50.0,32.0,1485.0,4096.0,0.2438660556498633,0.2506395189882554,0.5,0.00195312,6400000.0
1.0,8.0,2.0,1.0,1.0,1.0,39.0,32.0,-0.0030632107251067353,-0.0017650185808415486,0.25,256.0,6400000.0
1.0,1.0,2.0,3.0,7.0,4.0,223.0,512.0,0.049777517915640224,0.05405121197129903,0.25,0.0625,6400000.0
8.0,8.0,2.0,2.0,46.0,32.0,1416.0,4096.0,0.2099834874188996,0.2168675291971165,64.0,0.00195312,6400000.0
1.0,8.0,2.0,1.0,1.0,1.0,39.0,32.0,-0.0030632107251067353,-0.0017650185808415486,32.0,256.0,6400000.0
8.0,8.0,2.0,6.0,50.0,32.0,1485.0,4096.0,0.2438660556498633,0.2506395189882554,0.25,0.25,6400000.0
1.0,8.0,2.0,1.0,1.0,1.0,39.0,32.0,-0.0030632107251067353,-0.0017650185808415486,0.5,2048.0,6400000.0
1.0,8.0,2.0,1.0,1.0,1.0,39.0,32.0,-0.0030632107251067353,-0.0017650185808415486,128.0,8.0,6400000.0
1.0,8.0,2.0,1.0,1.0,1.0,39.0,32.0,-0.0030632107251067353,-0.0017650185808415486,1.0,16384.0,6400000.0
8.0,8.0,2.0,6.0,49.0,32.0,1481.0,4096.0,0.24452244600949424,0.2511091359977853,0.5,2.0,6400000.0
8.0,8.0,2.0,2.0,22.0,16.0,664.0,1536.0,0.184803559555608,0.19082719424152972,0.125,32.0,6400000.0
8.0,8.0,2.0,2.0,46.0,32.0,1416.0,4096.0,0.2099834874188996,0.2168675291971165,64.0,2.0,6400000.0
1.0,1.0,2.0,2.0,3.0,2.0,112.0,192.0,0.03911015413878083,0.040912063041146696,0.25,64.0,6400000.0
8.0,8.0,2.0,3.0,28.0,19.0,811.0,2016.0,0.21283928564259325,0.2171199351563362,1.0,16.0,6400000.0
8.0,8.0,2.0,4.0,50.0,32.0,1496.0,4096.0,0.24400372711863172,0.25014937912224633,1.0,0.015625,6400000.0
8.0,8.0,2.0,3.0,50.0,32.0,1485.0,4096.0,0.24124583792178256,0.24894539640594748,2.0,0.125,6400000.0
1.0,8.0,2.0,1.0,1.0,1.0,39.0,32.0,-0.0030632107251067353,-0.0017650185808415486,128.0,8192.0,6400000.0
1.0,8.0,2.0,1.0,1.0,1.0,39.0,32.0,-0.0030632107251067353,-0.0017650185808415486,2.0,128.0,6400000.0
8.0,8.0,2.0,3.0,50.0,32.0,1485.0,4096.0,0.24124583792178256,0.24894539640594748,4.0,0.000976562,6400000.0
8.0,8.0,2.0,3.0,50.0,32.0,1485.0,4096.0,0.24124583792178256,0.24894539640594748,8.0,0.0078125,6400000.0
1.0,8.0,2.0,1.0,1.0,1.0,39.0,32.0,-0.0030632107251067353,-0.0017650185808415486,4.0,1024.0,6400000.0
8.0,8.0,2.0,3.0,49.0,32.0,1451.0,4096.0,0.23507095516870358,0.24341923814851896,16.0,0.0625,6400000.0
8.0,8.0,2.0,3.0,50.0,32.0,1485.0,4096.0,0.24124583792178256,0.24894539640594748,4.0,1.0,6400000.0
1.0,8.0,2.0,1.0,1.0,1.0,39.0,32.0,-0.0030632107251067353,-0.0017650185808415486,8.0,8192.0,6400000.0
8.0,8.0,2.0,2.0,46.0,32.0,1416.0,4096.0,0.2099834874188996,0.2168675291971165,32.0,0.5,6400000.0
1.0,8.0,2.0,1.0,1.0,1.0,39.0,32.0,-0.0030632107251067353,-0.0017650185808415486,128.0,0.015625,6400000.0
8.0,8.0,2.0,3.0,41.0,27.0,1179.0,3296.0,0.23437483408904247,0.24050636192565555,8.0,8.0,6400000.0
3.0,8.0,2.0,2.0,9.0,6.0,287.0,576.0,0.10115259004895938,0.10346957106453547,16.0,64.0,6400000.0
8.0,8.0,2.0,2.0,46.0,32.0,1416.0,4096.0,0.2099834874188996,0.2168675291971165,32.0,0.0,6400000.0
1.0,1.0,2.0,3.0,7.0,4.0,223.0,512.0,0.049777517915640224,0.05405121197129903,0.5,0.0,6400000.0
1.0,8.0,2.0,1.0,1.0,1.0,39.0,32.0,-0.0030632107251067353,-0.0017650185808415486,256.0,0.0625,6400000.0
1.0,8.0,2.0,1.0,1.0,1.0,39.0,32.0,-0.0030632107251067353,-0.0017650185808415486,64.0,2048.0,6400000.0
8.0,8.0,2.0,2.0,46.0,32.0,1416.0,4096.0,0.2099834874188996,0.2168675291971165,64.0,0.00390625,6400000.0
1.0,8.0,2.0,1.0,1.0,1.0,39.0,32.0,-0.0030632107251067353,-0.0017650185808415486,32.0,512.0,6400000.0
1.0,8.0,2.0,1.0,1.0,1.0,39.0,32.0,-0.0030632107251067353,-0.0017650185808415486,128.0,16.0,6400000.0
8.0,8.0,2.0,2.0,40.0,28.0,1208.0,3456.0,0.2094549964820679,0.2135982878382756,64.0,4.0,6400000.0
1.0,8.0,2.0,1.0,1.0,1.0,39.0,32.0,-0.0030632107251067353,-0.0017650185808415486,128.0,16384.0,6400000.0
1.0,8.0,2.0,1.0,1.0,1.0,39.0,32.0,-0.0030632107251067353,-0.0017650185808415486,128.0,0.03125,6400000.0
1.0,8.0,2.0,1.0,1.0,1.0,39.0,32.0,-0.0030632107251067353,-0.0017650185808415486,256.0,0.125,6400000.0
1.0,8.0,2.0,1.0,1.0,1.0,39.0,32.0,-0.0030632107251067353,-0.0017650185808415486,64.0,4096.0,6400000.0
1.0,8.0,2.0,1.0,1.0,1.0,39.0,32.0,-0.0030632107251067353,-0.0017650185808415486,128.0,32.0,6400000.0
1.0,8.0,2.0,1.0,1.0,1.0,39.0,32.0,-0.0030632107251067353,-0.0017650185808415486,128.0,32768.0,6400000.0
1.0,8.0,2.0,1.0,1.0,1.0,39.0,32.0,-0.0030632107251067353,-0.0017650185808415486,256.0,0.25,6400000.0
